in,per_rank,accesses,reads,writes
0,1,16395,8169,8226
8,1,8816,4426,4390
16,1,5940,2982,2958
24,1,4633,2315,2318
32,1,3843,1919,1924
40,1,3148,1598,1550
48,1,2886,1434,1452
56,1,2626,1287,1339
64,1,2271,1171,1100
72,1,1991,985,1006
80,1,1903,962,941
88,1,1785,891,894
96,1,1657,828,829
104,1,1451,704,747
112,1,1390,686,704
120,1,1289,634,655
128,1,1257,631,626
136,1,1214,619,595
144,1,1123,554,569
152,1,1094,547,547
160,1,1045,519,526
184,1,1010,491,519
168,1,997,523,474
176,1,957,478,479
192,1,898,486,412
200,1,878,433,445
208,1,843,433,410
216,1,822,429,393
248,1,784,391,393
232,1,763,394,369
224,1,747,404,343
240,1,733,347,386
264,1,667,333,334
256,1,665,320,345
272,1,652,320,332
288,1,642,336,306
304,1,614,314,300
280,1,608,301,307
296,1,608,294,314
312,1,579,276,303
320,1,564,270,294
328,1,538,264,274
336,1,535,278,257
360,1,525,260,265
352,1,508,280,228
384,1,506,262,244
344,1,501,264,237
368,1,495,246,249
408,1,482,235,247
392,1,482,241,241
376,1,478,225,253
416,1,474,241,233
400,1,460,230,230
424,1,453,236,217
432,1,452,229,223
456,1,434,209,225
448,1,431,230,201
472,1,428,233,195
440,1,425,217,208
480,1,405,208,197
464,1,393,193,200
496,1,393,185,208
512,1,388,172,216
488,1,386,196,190
568,1,377,197,180
552,1,376,185,191
560,1,374,194,180
520,1,370,183,187
504,1,370,194,176
536,1,365,184,181
528,1,362,183,179
544,1,349,161,188
584,1,341,162,179
608,1,339,176,163
640,1,338,157,181
576,1,335,164,171
592,1,333,173,160
656,1,331,181,150
736,1,317,138,179
600,1,313,149,164
632,1,312,144,168
680,1,311,151,160
616,1,309,155,154
624,1,299,148,151
720,1,294,148,146
688,1,292,140,152
672,1,290,152,138
704,1,289,157,132
752,1,287,146,141
712,1,283,138,145
768,1,280,152,128
664,1,280,143,137
728,1,275,140,135
648,1,275,147,128
808,1,274,138,136
840,1,274,142,132
744,1,273,147,126
760,1,268,130,138
696,1,268,126,142
776,1,265,138,127
816,1,265,131,134
824,1,264,146,118
784,1,258,122,136
944,1,257,120,137
848,1,253,125,128
920,1,251,117,134
792,1,250,114,136
904,1,243,132,111
856,1,243,117,126
864,1,240,118,122
896,1,240,124,116
800,1,238,122,116
888,1,226,118,108
880,1,226,124,102
912,1,226,121,105
928,1,222,123,99
832,1,222,112,110
1144,1,221,113,108
1064,1,221,97,124
1032,1,221,119,102
976,1,219,120,99
984,1,218,102,116
936,1,218,105,113
1104,1,218,102,116
1040,1,214,112,102
872,1,214,110,104
960,1,213,117,96
1160,1,212,106,106
992,1,212,106,106
1072,1,212,99,113
1080,1,211,101,110
1184,1,210,107,103
952,1,209,104,105
1024,1,209,98,111
1016,1,209,95,114
968,1,208,119,89
1192,1,207,97,110
1136,1,207,115,92
1000,1,205,109,96
1008,1,203,93,110
1152,1,201,99,102
1088,1,200,107,93
1128,1,200,100,100
1208,1,199,94,105
1048,1,199,107,92
1168,1,197,96,101
1120,1,191,95,96
1200,1,189,92,97
1264,1,186,92,94
1232,1,186,90,96
1328,1,183,100,83
1112,1,182,93,89
1224,1,182,92,90
1096,1,182,92,90
1056,1,177,92,85
1440,1,175,97,78
1288,1,173,78,95
1272,1,170,95,75
1368,1,170,93,77
1360,1,169,77,92
1472,1,165,96,69
1456,1,165,82,83
1384,1,165,87,78
1176,1,164,75,89
1352,1,164,78,86
1280,1,162,80,82
1344,1,162,89,73
1320,1,161,77,84
1416,1,161,78,83
1304,1,161,91,70
1312,1,159,77,82
1256,1,159,81,78
1400,1,158,75,83
1296,1,158,87,71
1216,1,155,71,84
1528,1,153,77,76
1392,1,153,79,74
1424,1,153,78,75
1248,1,153,71,82
1512,1,152,79,73
1240,1,152,80,72
1768,1,152,83,69
1568,1,151,78,73
1336,1,151,67,84
1520,1,150,88,62
1432,1,149,80,69
1536,1,148,67,81
1600,1,148,81,67
1552,1,148,72,76
1792,1,148,66,82
1376,1,146,73,73
1480,1,146,69,77
1464,1,145,81,64
1448,1,144,72,72
1408,1,144,79,65
1504,1,143,67,76
1608,1,142,71,71
1680,1,142,73,69
1784,1,142,79,63
1704,1,142,63,79
1720,1,140,66,74
1760,1,140,73,67
1632,1,140,78,62
1736,1,140,73,67
1776,1,139,67,72
1856,1,139,75,64
1880,1,139,69,70
1488,1,139,69,70
1496,1,139,66,73
1712,1,137,66,71
1648,1,136,79,57
1672,1,136,63,73
1752,1,136,76,60
1696,1,135,75,60
1944,1,134,65,69
1544,1,134,74,60
2064,1,133,71,62
1832,1,133,71,62
1616,1,132,62,70
1584,1,131,64,67
1592,1,130,71,59
1640,1,130,69,61
1744,1,129,67,62
1664,1,129,63,66
1976,1,127,63,64
1904,1,126,59,67
1848,1,125,64,61
1560,1,124,52,72
1888,1,124,62,62
1864,1,124,67,57
2088,1,124,65,59
1688,1,123,53,70
1816,1,123,67,56
2136,1,123,65,58
1896,1,123,71,52
2280,1,122,65,57
2120,1,122,56,66
1576,1,121,70,51
1912,1,121,57,64
1800,1,119,61,58
1728,1,119,63,56
2072,1,119,69,50
2192,1,119,63,56
1872,1,119,70,49
1920,1,118,60,58
2112,1,118,57,61
2488,1,117,63,54
1928,1,117,57,60
2096,1,116,56,60
1952,1,116,65,51
1656,1,116,67,49
2160,1,115,51,64
1624,1,115,61,54
2408,1,115,56,59
2032,1,115,48,67
2272,1,115,56,59
2256,1,115,61,54
2448,1,114,46,68
2040,1,114,66,48
1824,1,114,58,56
2080,1,114,50,64
1840,1,113,63,50
1984,1,113,54,59
2152,1,113,53,60
1992,1,111,49,62
2232,1,111,60,51
2368,1,110,56,54
2024,1,109,54,55
2216,1,109,61,48
1968,1,109,64,45
2176,1,108,54,54
2288,1,108,49,59
2000,1,108,59,49
2224,1,108,49,59
2016,1,107,55,52
2312,1,107,51,56
2008,1,106,49,57
2048,1,106,49,57
1936,1,106,47,59
2104,1,106,58,48
2896,1,106,42,64
2208,1,106,64,42
2384,1,106,59,47
1960,1,105,49,56
2560,1,105,47,58
2168,1,105,52,53
2240,1,105,51,54
2784,1,104,54,50
1808,1,104,55,49
2512,1,103,59,44
2144,1,103,60,43
2632,1,102,54,48
2336,1,102,55,47
2432,1,101,47,54
2056,1,100,54,46
2392,1,100,44,56
2296,1,99,46,53
2752,1,99,43,56
2976,1,99,47,52
2400,1,99,52,47
2744,1,99,54,45
2376,1,98,66,32
2856,1,98,60,38
2704,1,98,48,50
2128,1,98,48,50
2416,1,98,49,49
2480,1,97,53,44
3224,1,97,44,53
3384,1,97,37,60
2248,1,97,47,50
2200,1,97,46,51
2536,1,96,56,40
2304,1,96,50,46
2664,1,96,48,48
2184,1,96,44,52
2616,1,95,49,46
2672,1,94,48,46
2912,1,94,37,57
2736,1,94,51,43
2800,1,94,51,43
3072,1,93,43,50
2920,1,92,43,49
2936,1,92,46,46
3040,1,92,41,51
2568,1,92,46,46
2424,1,92,43,49
2456,1,92,47,45
2576,1,92,50,42
2504,1,91,45,46
2584,1,91,43,48
2328,1,91,46,45
2544,1,90,48,42
2760,1,90,43,47
2640,1,90,43,47
2352,1,89,45,44
2688,1,89,49,40
2904,1,89,46,43
2768,1,89,51,38
2808,1,89,52,37
2960,1,88,49,39
2320,1,88,47,41
2600,1,88,44,44
2888,1,88,46,42
3000,1,88,42,46
2344,1,87,53,34
3080,1,87,53,34
2816,1,87,46,41
2360,1,86,36,50
2656,1,86,49,37
2720,1,85,38,47
2520,1,85,39,46
3120,1,85,43,42
3704,1,85,41,44
2696,1,85,43,42
2264,1,84,41,43
2840,1,84,35,49
3208,1,84,44,40
2832,1,84,43,41
2648,1,83,36,47
3088,1,83,39,44
2992,1,82,41,41
3264,1,82,36,46
2552,1,82,37,45
3320,1,82,37,45
2496,1,81,42,39
2728,1,81,39,42
2968,1,81,38,43
2712,1,81,42,39
2440,1,81,39,42
2528,1,81,41,40
2824,1,81,43,38
3024,1,81,39,42
3160,1,80,46,34
2848,1,80,33,47
2944,1,80,41,39
3288,1,80,43,37
2624,1,80,39,41
3112,1,80,38,42
3152,1,80,47,33
3248,1,80,38,42
3600,1,79,41,38
3512,1,79,36,43
2952,1,79,39,40
3368,1,79,35,44
3568,1,79,42,37
3168,1,78,37,41
2592,1,78,46,32
3128,1,78,39,39
2864,1,78,42,36
3376,1,78,41,37
3560,1,78,43,35
3688,1,77,43,34
3192,1,77,43,34
4064,1,77,37,40
3280,1,77,43,34
3496,1,76,36,40
3184,1,76,40,36
3424,1,76,40,36
3104,1,76,42,34
3272,1,75,41,34
3096,1,74,33,41
3640,1,74,36,38
3048,1,74,33,41
2472,1,74,35,39
2776,1,74,38,36
3312,1,74,33,41
2464,1,74,42,32
3016,1,74,30,44
3584,1,74,44,30
3176,1,73,40,33
2680,1,73,35,38
3992,1,73,39,34
3408,1,73,38,35
3536,1,73,29,44
3664,1,73,30,43
2792,1,72,44,28
3552,1,72,36,36
3672,1,72,37,35
2608,1,72,31,41
3856,1,72,37,35
3056,1,71,36,35
3840,1,71,33,38
2928,1,71,36,35
3032,1,71,47,24
4992,1,71,40,31
3464,1,71,33,38
4536,1,70,39,31
2984,1,70,28,42
3712,1,70,41,29
3592,1,70,36,34
3680,1,69,31,38
3696,1,69,38,31
3144,1,69,35,34
3008,1,69,35,34
3448,1,69,31,38
3616,1,69,41,28
2880,1,68,42,26
4824,1,68,33,35
3656,1,68,40,28
4248,1,68,32,36
3848,1,68,29,39
3352,1,68,38,30
4680,1,68,38,30
3760,1,68,34,34
4192,1,67,32,35
3480,1,67,35,32
3528,1,67,43,24
3792,1,67,42,25
4504,1,67,31,36
5632,1,67,38,29
3256,1,67,30,37
4032,1,67,28,39
3328,1,66,33,33
4376,1,66,29,37
3216,1,66,33,33
3944,1,66,33,33
3232,1,66,47,19
5704,1,66,43,23
3064,1,66,37,29
3360,1,66,31,35
4256,1,66,31,35
4808,1,66,36,30
3744,1,65,32,33
3400,1,65,36,29
3976,1,65,34,31
3304,1,65,36,29
3544,1,65,31,34
4320,1,65,26,39
5072,1,65,34,31
4400,1,65,33,32
4624,1,65,31,34
3576,1,65,31,34
3888,1,64,37,27
3240,1,64,36,28
3344,1,64,34,30
4304,1,64,38,26
4144,1,64,31,33
4424,1,63,27,36
4616,1,63,31,32
5216,1,63,32,31
4640,1,63,28,35
3952,1,63,33,30
3472,1,63,42,21
4008,1,63,43,20
5384,1,63,24,39
3296,1,63,32,31
3416,1,63,36,27
3912,1,63,35,28
3440,1,62,29,33
4408,1,62,26,36
4360,1,62,31,31
3736,1,62,38,24
3768,1,62,32,30
5696,1,62,32,30
3928,1,62,27,35
4488,1,62,27,35
4328,1,62,31,31
4024,1,62,38,24
4584,1,62,28,34
3872,1,61,24,37
4096,1,61,40,21
4088,1,61,31,30
4336,1,61,39,22
3728,1,61,31,30
3984,1,61,33,28
4784,1,61,33,28
2872,1,61,26,35
4272,1,61,25,36
3784,1,61,31,30
4056,1,61,35,26
4656,1,60,31,29
3800,1,60,25,35
3624,1,60,27,33
4856,1,60,32,28
4000,1,60,34,26
3200,1,60,29,31
3960,1,60,24,36
3648,1,60,35,25
4768,1,59,26,33
3432,1,59,31,28
3936,1,59,29,30
4472,1,59,36,23
4840,1,59,27,32
3392,1,59,27,32
3832,1,59,28,31
4544,1,59,28,31
4280,1,59,32,27
4880,1,59,28,31
3776,1,59,35,24
4312,1,59,30,29
3720,1,59,25,34
4944,1,59,31,28
4552,1,59,31,28
4352,1,59,27,32
3336,1,59,26,33
3608,1,59,33,26
3136,1,59,35,24
4288,1,58,31,27
4464,1,58,23,35
5048,1,58,25,33
4112,1,58,27,31
4128,1,58,30,28
3896,1,58,25,33
5104,1,58,26,32
5944,1,58,27,31
5168,1,58,22,36
4664,1,58,33,25
4216,1,58,29,29
5488,1,58,35,23
5440,1,57,33,24
4080,1,57,21,36
4048,1,57,24,33
3520,1,57,37,20
4240,1,57,21,36
3824,1,57,31,26
5768,1,57,25,32
3488,1,57,28,29
3632,1,57,33,24
4120,1,57,30,27
4392,1,57,29,28
5144,1,56,24,32
3504,1,56,27,29
3880,1,56,25,31
5448,1,56,24,32
5688,1,56,32,24
4168,1,56,24,32
4896,1,56,29,27
4928,1,56,26,30
4016,1,56,32,24
4344,1,56,31,25
5392,1,56,37,19
4296,1,55,25,30
4416,1,55,26,29
3864,1,55,27,28
4456,1,55,26,29
4208,1,55,28,27
4648,1,55,28,27
4448,1,55,25,30
5640,1,55,26,29
3456,1,55,30,25
4160,1,55,28,27
5848,1,54,27,27
5376,1,54,24,30
4512,1,54,33,21
4384,1,54,29,25
4368,1,54,24,30
4184,1,54,36,18
3808,1,54,23,31
5264,1,54,31,23
3920,1,54,32,22
5024,1,54,30,24
4432,1,54,22,32
4904,1,54,30,24
5280,1,54,27,27
5344,1,54,29,25
4224,1,54,31,23
5792,1,54,27,27
4040,1,53,29,24
5248,1,53,18,35
4592,1,53,30,23
5512,1,53,24,29
4792,1,53,23,30
4200,1,53,31,22
5456,1,53,25,28
5128,1,53,21,32
5464,1,53,23,30
3904,1,53,29,24
5584,1,52,24,28
5504,1,52,34,18
4176,1,52,24,28
4696,1,52,23,29
6408,1,52,34,18
4864,1,52,21,31
5176,1,52,31,21
5680,1,52,24,28
4104,1,52,29,23
5160,1,52,29,23
4816,1,52,31,21
5240,1,52,31,21
4520,1,51,22,29
5192,1,51,32,19
4136,1,51,29,22
4480,1,51,26,25
5728,1,51,25,26
4776,1,51,24,27
4888,1,51,21,30
5920,1,51,24,27
5080,1,51,23,28
5056,1,51,29,22
4912,1,50,17,33
4968,1,50,23,27
5840,1,50,25,25
3968,1,50,28,22
6304,1,50,24,26
6960,1,50,20,30
5008,1,50,27,23
4560,1,50,29,21
4232,1,50,24,26
6416,1,50,27,23
5368,1,50,25,25
4848,1,50,26,24
5224,1,50,24,26
5672,1,50,21,29
6256,1,49,26,23
5296,1,49,30,19
5000,1,49,24,25
7064,1,49,24,25
4872,1,49,24,25
6472,1,49,25,24
6072,1,49,24,25
4440,1,49,23,26
6272,1,49,26,23
4576,1,49,28,21
6144,1,49,28,21
4952,1,48,25,23
6392,1,48,24,24
4760,1,48,29,19
6032,1,48,24,24
4728,1,48,21,27
6184,1,48,26,22
5064,1,48,31,17
3752,1,48,17,31
5200,1,48,21,27
6064,1,48,24,24
4704,1,47,24,23
5400,1,47,26,21
6136,1,47,27,20
4800,1,47,16,31
5328,1,47,29,18
5016,1,47,21,26
4832,1,47,25,22
4688,1,47,19,28
7104,1,47,25,22
7256,1,47,20,27
4672,1,47,21,26
3816,1,47,23,24
4568,1,47,24,23
5360,1,47,25,22
6112,1,47,22,25
4720,1,47,26,21
4496,1,47,27,20
5736,1,47,21,26
5968,1,46,23,23
5536,1,46,23,23
4920,1,46,22,24
5816,1,46,18,28
4632,1,46,24,22
5808,1,46,20,26
7408,1,46,26,20
5928,1,46,23,23
7208,1,46,24,22
7640,1,46,23,23
5600,1,46,21,25
8408,1,46,23,23
5992,1,46,28,18
7224,1,46,25,21
5664,1,46,26,20
5288,1,46,22,24
5608,1,45,25,20
5256,1,45,18,27
6328,1,45,21,24
4752,1,45,21,24
5208,1,45,23,22
7656,1,45,24,21
6848,1,45,22,23
7608,1,45,22,23
6688,1,45,19,26
5936,1,45,23,22
6384,1,45,19,26
6576,1,45,26,19
7024,1,45,23,22
6608,1,45,23,22
5312,1,45,21,24
6208,1,45,25,20
6048,1,45,21,24
5656,1,45,20,25
5088,1,45,28,17
5432,1,45,26,19
6096,1,45,20,25
5824,1,44,23,21
7128,1,44,23,21
6800,1,44,24,20
6152,1,44,16,28
5152,1,44,18,26
5552,1,44,25,19
5976,1,44,23,21
6288,1,44,23,21
7960,1,44,21,23
5720,1,44,22,22
5408,1,44,23,21
6352,1,44,18,26
6344,1,44,21,23
6672,1,44,25,19
5272,1,44,19,25
5624,1,44,19,25
4608,1,44,23,21
5744,1,44,17,27
5880,1,44,19,25
4960,1,44,20,24
6128,1,43,19,24
5864,1,43,21,22
7520,1,43,25,18
6816,1,43,25,18
7824,1,43,23,20
5424,1,43,21,22
8592,1,43,23,20
7016,1,43,27,16
4744,1,43,24,19
7360,1,43,26,17
6240,1,43,16,27
5904,1,43,21,22
5528,1,43,20,23
6904,1,43,15,28
5040,1,43,23,20
6040,1,43,22,21
6008,1,43,20,23
4984,1,43,16,27
6584,1,43,24,19
6880,1,43,14,29
7272,1,42,18,24
6336,1,42,19,23
7184,1,42,29,13
5648,1,42,20,22
7352,1,42,16,26
5416,1,42,22,20
6168,1,42,21,21
7584,1,42,24,18
5592,1,42,15,27
5304,1,42,18,24
5320,1,42,18,24
6464,1,42,24,18
5560,1,42,24,18
5112,1,42,21,21
5784,1,42,20,22
5544,1,42,21,21
6680,1,42,31,11
5352,1,42,20,22
6232,1,42,16,26
6448,1,41,18,23
4936,1,41,18,23
4152,1,41,22,19
5232,1,41,22,19
5184,1,41,20,21
7928,1,41,27,14
8896,1,41,18,23
7552,1,41,25,16
7736,1,41,21,20
6640,1,41,18,23
5480,1,41,20,21
7400,1,41,19,22
7328,1,41,18,23
5032,1,41,23,18
5472,1,41,23,18
9208,1,41,23,18
5712,1,41,22,19
6368,1,41,18,23
4976,1,41,14,27
7176,1,41,16,25
5136,1,41,17,24
4072,1,41,15,26
7704,1,41,24,17
6104,1,41,25,16
7464,1,41,24,17
5336,1,41,24,17
5568,1,41,19,22
4528,1,41,24,17
4600,1,40,15,25
6160,1,40,19,21
6736,1,40,18,22
10864,1,40,20,20
6264,1,40,21,19
7712,1,40,18,22
9744,1,40,16,24
7632,1,40,27,13
7096,1,40,21,19
6296,1,40,23,17
6400,1,40,19,21
6120,1,40,17,23
7600,1,40,23,17
6024,1,40,12,28
5896,1,40,23,17
5120,1,40,22,18
6664,1,40,24,16
4264,1,40,23,17
8224,1,40,20,20
8960,1,39,22,17
8320,1,39,22,17
5496,1,39,20,19
7040,1,39,16,23
4736,1,39,22,17
7088,1,39,17,22
8736,1,39,25,14
5872,1,39,20,19
7664,1,39,23,16
6592,1,39,13,26
8864,1,39,19,20
7312,1,39,25,14
8576,1,39,19,20
5984,1,39,16,23
5576,1,39,18,21
6056,1,39,20,19
7264,1,39,17,22
6912,1,39,16,23
5800,1,39,22,17
8872,1,39,15,24
6632,1,39,21,18
8688,1,39,26,13
6896,1,38,23,15
8368,1,38,18,20
6080,1,38,14,24
6280,1,38,20,18
10424,1,38,18,20
6728,1,38,20,18
5960,1,38,19,19
6216,1,38,16,22
8016,1,38,18,20
7304,1,38,23,15
6480,1,38,20,18
7232,1,38,13,25
6320,1,38,12,26
5616,1,38,26,12
7320,1,38,24,14
9192,1,38,16,22
6984,1,38,23,15
7472,1,38,19,19
6192,1,38,15,23
6944,1,38,15,23
8856,1,38,19,19
5760,1,37,23,14
9448,1,37,16,21
7424,1,37,17,20
7248,1,37,15,22
7032,1,37,22,15
8304,1,37,24,13
7160,1,37,17,20
9944,1,37,25,12
7984,1,37,15,22
6792,1,37,21,16
7416,1,37,17,20
7768,1,37,22,15
7288,1,37,23,14
7456,1,37,22,15
5888,1,37,18,19
7192,1,37,16,21
8400,1,37,19,18
8112,1,37,20,17
9328,1,37,19,18
5832,1,37,15,22
7896,1,36,16,20
10472,1,36,20,16
6968,1,36,18,18
10360,1,36,16,20
7536,1,36,19,17
8936,1,36,17,19
8336,1,36,21,15
8472,1,36,21,15
9152,1,36,18,18
6312,1,36,20,16
7792,1,36,18,18
5856,1,36,13,23
9200,1,36,15,21
6560,1,36,14,22
7800,1,36,18,18
6200,1,36,17,19
6952,1,36,16,20
6808,1,36,18,18
7528,1,36,13,23
6488,1,36,10,26
10520,1,36,19,17
7968,1,36,15,21
8296,1,36,15,21
8824,1,36,16,20
9256,1,36,16,20
9736,1,36,12,24
5952,1,36,21,15
6176,1,35,24,11
5096,1,35,14,21
8232,1,35,20,15
6496,1,35,21,14
9160,1,35,15,20
6456,1,35,21,14
7672,1,35,16,19
6720,1,35,17,18
8216,1,35,19,16
8272,1,35,21,14
7056,1,35,17,18
11040,1,35,22,13
8600,1,35,18,17
8456,1,35,19,16
6016,1,35,17,18
7376,1,35,19,16
10312,1,35,18,17
9048,1,35,18,17
6360,1,35,22,13
6752,1,35,19,16
7888,1,35,19,16
8656,1,35,20,15
9528,1,35,10,25
9768,1,35,17,18
9032,1,35,19,16
7504,1,35,19,16
9432,1,35,15,20
7832,1,35,20,15
6088,1,35,19,16
7544,1,35,21,14
7072,1,35,16,19
6888,1,35,19,16
8136,1,35,19,16
11056,1,35,16,19
6000,1,35,22,13
5776,1,35,16,19
7624,1,35,14,21
7848,1,35,18,17
8944,1,34,15,19
7912,1,34,22,12
6504,1,34,15,19
8280,1,34,21,13
8056,1,34,19,15
7784,1,34,19,15
9008,1,34,22,12
9376,1,34,15,19
6440,1,34,20,14
8096,1,34,13,21
9672,1,34,13,21
6872,1,34,20,14
8976,1,34,14,20
5520,1,34,15,19
8496,1,34,20,14
6784,1,34,13,21
8800,1,34,23,11
7432,1,34,14,20
7280,1,34,11,23
7480,1,34,23,11
6424,1,34,15,19
7336,1,34,18,16
7952,1,34,13,21
6992,1,34,17,17
9968,1,34,14,20
7296,1,34,19,15
8672,1,34,17,17
6568,1,34,17,17
6552,1,34,20,14
7560,1,33,15,18
8264,1,33,20,13
16232,1,33,17,16
11608,1,33,19,14
6600,1,33,15,18
6512,1,33,22,11
6856,1,33,18,15
6656,1,33,13,20
7216,1,33,13,20
6760,1,33,16,17
8680,1,33,13,20
7344,1,33,15,18
8448,1,33,16,17
9400,1,33,17,16
8240,1,33,11,22
12128,1,33,21,12
8544,1,33,18,15
8376,1,33,19,14
8888,1,33,20,13
8120,1,33,18,15
7872,1,33,18,15
8176,1,33,25,8
7728,1,33,20,13
6864,1,33,14,19
8760,1,33,15,18
11616,1,33,21,12
9392,1,33,15,18
8712,1,33,17,16
8152,1,33,15,18
9552,1,33,13,20
10608,1,33,15,18
8568,1,33,18,15
6544,1,33,17,16
9408,1,33,22,11
7440,1,33,18,15
9496,1,32,17,15
12696,1,32,13,19
10888,1,32,17,15
7112,1,32,16,16
9440,1,32,18,14
10496,1,32,12,20
10296,1,32,18,14
11544,1,32,14,18
8520,1,32,16,16
7744,1,32,19,13
6432,1,32,14,18
6520,1,32,13,19
7688,1,32,12,20
6776,1,32,13,19
6840,1,32,12,20
9592,1,32,15,17
10952,1,32,14,18
8080,1,32,22,10
8784,1,32,14,18
9184,1,32,16,16
13600,1,32,18,14
8440,1,32,15,17
8480,1,32,17,15
8160,1,32,11,21
9624,1,32,16,16
6624,1,32,20,12
9296,1,32,18,14
7080,1,32,23,9
7496,1,32,16,16
7920,1,32,16,16
8720,1,32,14,18
6376,1,32,14,18
12080,1,32,14,18
11264,1,32,19,13
11592,1,32,17,15
9952,1,31,18,13
9144,1,31,17,14
8696,1,31,14,17
6248,1,31,17,14
9696,1,31,15,16
7576,1,31,20,11
11064,1,31,11,20
4712,1,31,17,14
8952,1,31,18,13
9344,1,31,18,13
8288,1,31,15,16
8168,1,31,17,14
11960,1,31,14,17
11512,1,31,16,15
6712,1,31,16,15
7592,1,31,14,17
6920,1,31,16,15
9480,1,31,17,14
13216,1,31,16,15
9680,1,31,14,17
8328,1,31,12,19
6976,1,31,13,18
10728,1,31,17,14
7392,1,31,17,14
6536,1,31,16,15
7616,1,31,13,18
10752,1,31,17,14
8848,1,31,18,13
6648,1,31,19,12
10712,1,31,14,17
7152,1,31,21,10
8128,1,31,19,12
8144,1,31,17,14
8200,1,31,14,17
7368,1,31,16,15
8464,1,31,20,11
11568,1,31,15,16
7136,1,31,17,14
11848,1,31,15,16
9688,1,30,12,18
11584,1,30,19,11
6616,1,30,16,14
7720,1,30,18,12
10288,1,30,19,11
7120,1,30,14,16
9880,1,30,15,15
8560,1,30,13,17
9224,1,30,11,19
10272,1,30,18,12
8616,1,30,16,14
8744,1,30,8,22
6768,1,30,16,14
10744,1,30,18,12
9104,1,30,13,17
9504,1,30,15,15
9312,1,30,14,16
6936,1,30,16,14
8608,1,30,19,11
9416,1,30,16,14
10808,1,30,13,17
10000,1,30,18,12
9384,1,30,13,17
8192,1,30,14,16
6928,1,30,20,10
8040,1,30,14,16
11976,1,30,18,12
6744,1,30,14,16
7144,1,30,11,19
7384,1,30,13,17
10784,1,30,18,12
7752,1,30,14,16
7904,1,30,17,13
11184,1,30,11,19
8424,1,30,10,20
7776,1,30,15,15
7448,1,30,17,13
9368,1,30,17,13
10984,1,30,14,16
9272,1,30,12,18
9336,1,30,13,17
8392,1,29,9,20
8640,1,29,14,15
10616,1,29,14,15
10104,1,29,11,18
7512,1,29,15,14
8552,1,29,17,12
10040,1,29,14,15
9080,1,29,13,16
8768,1,29,10,19
8528,1,29,16,13
8344,1,29,16,13
10032,1,29,15,14
7816,1,29,21,8
7000,1,29,16,13
9232,1,29,10,19
10648,1,29,10,19
11160,1,29,9,20
7648,1,29,15,14
11872,1,29,13,16
11536,1,29,12,17
10240,1,29,17,12
9784,1,29,18,11
10968,1,29,16,13
10528,1,29,14,15
8928,1,29,18,11
10544,1,29,12,17
11224,1,29,14,15
8776,1,29,15,14
8032,1,29,15,14
11704,1,29,14,15
6704,1,29,15,14
11792,1,29,18,11
10328,1,29,11,18
8648,1,29,16,13
7944,1,29,15,14
8920,1,29,14,15
14280,1,29,17,12
11048,1,29,13,16
8512,1,29,14,15
11384,1,29,13,16
9928,1,29,10,19
9992,1,29,15,14
10056,1,29,13,16
8840,1,29,12,17
9600,1,29,10,19
9016,1,29,11,18
7864,1,29,12,17
9128,1,29,16,13
7936,1,29,16,13
10768,1,29,12,17
8088,1,29,12,17
11712,1,29,15,14
8792,1,29,12,17
9088,1,29,15,14
11088,1,28,11,17
9056,1,28,15,13
9888,1,28,12,16
11120,1,28,14,14
8208,1,28,18,10
10960,1,28,12,16
9360,1,28,16,12
9800,1,28,13,15
9920,1,28,16,12
8352,1,28,12,16
15352,1,28,14,14
9176,1,28,8,20
7048,1,28,15,13
9776,1,28,14,14
8416,1,28,17,11
10376,1,28,17,11
5752,1,28,14,14
6224,1,28,14,14
9616,1,28,18,10
10264,1,28,9,19
15312,1,28,8,20
16400,1,28,12,16
9304,1,28,14,14
13136,1,28,20,8
9848,1,28,11,17
14464,1,28,16,12
12256,1,28,9,19
5912,1,28,10,18
11696,1,28,14,14
11496,1,28,11,17
12488,1,28,9,19
9576,1,28,17,11
13872,1,28,18,10
7760,1,28,17,11
13072,1,28,11,17
10384,1,28,12,16
10560,1,28,14,14
13480,1,28,15,13
8808,1,28,16,12
8624,1,28,14,14
11272,1,28,9,19
13784,1,28,17,11
13152,1,28,17,11
13960,1,28,12,16
11504,1,28,14,14
10800,1,28,15,13
13256,1,28,9,19
10168,1,28,13,15
8488,1,28,16,12
9976,1,28,14,14
10440,1,28,13,15
10656,1,28,11,17
12856,1,27,13,14
13496,1,27,13,14
11640,1,27,11,16
9288,1,27,15,12
8048,1,27,15,12
8432,1,27,15,12
13848,1,27,14,13
10160,1,27,10,17
10464,1,27,12,15
17112,1,27,8,19
11904,1,27,14,13
9840,1,27,15,12
10408,1,27,16,11
13040,1,27,12,15
16272,1,27,14,13
11888,1,27,13,14
12280,1,27,18,9
9640,1,27,15,12
9064,1,27,17,10
10936,1,27,17,10
11736,1,27,12,15
10184,1,27,14,13
13864,1,27,13,14
8984,1,27,12,15
9536,1,27,12,15
9544,1,27,18,9
9856,1,27,16,11
7240,1,27,14,13
11784,1,27,16,11
9648,1,27,14,13
11328,1,27,14,13
15744,1,27,16,11
15200,1,27,13,14
7200,1,27,12,15
8256,1,27,17,10
7976,1,27,15,12
7880,1,27,14,13
9512,1,27,21,6
12048,1,26,14,12
12384,1,26,11,15
15816,1,26,11,15
9960,1,26,14,12
14472,1,26,14,12
9632,1,26,11,15
9240,1,26,14,12
12032,1,26,8,18
10208,1,26,9,17
12768,1,26,19,7
7008,1,26,14,12
11776,1,26,16,10
10416,1,26,12,14
11304,1,26,14,12
7168,1,26,13,13
8968,1,26,11,15
6832,1,26,11,15
9896,1,26,11,15
11200,1,26,12,14
7992,1,26,12,14
11656,1,26,16,10
12680,1,26,11,15
12888,1,26,15,11
11488,1,26,14,12
10832,1,26,13,13
15464,1,26,17,9
12320,1,26,17,9
10824,1,26,16,10
6528,1,26,12,14
12624,1,26,12,14
11456,1,26,14,12
9608,1,26,12,14
12752,1,26,12,14
13968,1,26,12,14
11256,1,26,14,12
11448,1,26,7,19
9808,1,26,15,11
11008,1,26,12,14
8024,1,26,17,9
9728,1,26,15,11
14744,1,26,10,16
11808,1,26,19,7
13520,1,26,13,13
13536,1,26,10,16
12552,1,26,16,10
12608,1,26,17,9
12456,1,26,7,19
11520,1,26,12,14
9560,1,26,13,13
8704,1,26,14,12
15736,1,26,10,16
11680,1,26,13,13
15976,1,26,10,16
9456,1,26,11,15
15160,1,26,13,13
10024,1,26,11,15
11464,1,26,14,12
16360,1,26,13,13
12632,1,26,15,11
16784,1,26,12,14
10128,1,26,9,17
10720,1,25,15,10
15112,1,25,13,12
10232,1,25,11,14
11032,1,25,11,14
12648,1,25,14,11
13392,1,25,10,15
8584,1,25,16,9
10624,1,25,12,13
13352,1,25,10,15
10840,1,25,12,13
15992,1,25,17,8
9936,1,25,8,17
15952,1,25,11,14
10672,1,25,12,13
9712,1,25,13,12
12592,1,25,12,13
9352,1,25,12,13
9824,1,25,14,11
9112,1,25,9,16
13224,1,25,13,12
12352,1,25,10,15
11104,1,25,14,11
14304,1,25,16,9
11208,1,25,10,15
23816,1,25,10,15
12096,1,25,11,14
15192,1,25,12,13
17264,1,25,9,16
15968,1,25,10,15
15272,1,25,14,11
8912,1,25,13,12
9424,1,25,16,9
7808,1,25,13,12
12688,1,25,8,17
10224,1,25,9,16
10248,1,25,14,11
16488,1,25,13,12
15304,1,25,14,11
10352,1,25,10,15
17752,1,25,15,10
10136,1,25,10,15
11016,1,25,11,14
10488,1,25,12,13
21064,1,25,10,15
9520,1,25,13,12
11880,1,25,14,11
9136,1,25,17,8
13240,1,25,14,11
17792,1,25,10,15
12928,1,25,12,13
11768,1,25,13,12
9984,1,25,11,14
16160,1,25,17,8
17376,1,25,14,11
17960,1,25,9,16
16568,1,25,15,10
6824,1,25,9,16
10088,1,25,17,8
9216,1,25,10,15
11176,1,25,13,12
16648,1,25,12,13
14704,1,25,12,13
11096,1,25,13,12
17472,1,25,12,13
10008,1,25,8,17
16112,1,25,15,10
8312,1,25,10,15
10304,1,25,11,14
8992,1,25,13,12
14144,1,25,12,13
19136,1,25,12,13
13344,1,25,15,10
12392,1,24,13,11
10688,1,24,11,13
9488,1,24,10,14
9720,1,24,12,12
12728,1,24,14,10
7840,1,24,8,16
10392,1,24,17,7
12504,1,24,11,13
15808,1,24,12,12
13400,1,24,10,14
17088,1,24,11,13
9664,1,24,12,12
11392,1,24,11,13
14376,1,24,13,11
7696,1,24,14,10
13560,1,24,13,11
10320,1,24,10,14
10096,1,24,12,12
15632,1,24,6,18
11528,1,24,15,9
13336,1,24,15,9
10256,1,24,9,15
15216,1,24,10,14
13608,1,24,13,11
14152,1,24,6,18
10072,1,24,10,14
13632,1,24,12,12
17856,1,24,12,12
13760,1,24,13,11
14032,1,24,11,13
10456,1,24,10,14
9656,1,24,7,17
11864,1,24,14,10
13584,1,24,12,12
12336,1,24,10,14
13288,1,24,11,13
20768,1,24,9,15
8248,1,24,10,14
7856,1,24,11,13
13008,1,24,8,16
17640,1,24,12,12
10928,1,24,11,13
20984,1,24,9,15
12760,1,24,14,10
10200,1,24,17,7
17456,1,24,12,12
14064,1,24,13,11
12168,1,24,10,14
12440,1,24,8,16
18408,1,24,15,9
10112,1,24,12,12
15456,1,24,8,16
9280,1,24,14,10
13744,1,24,11,13
6696,1,24,14,10
14040,1,24,10,14
18432,1,24,15,9
12008,1,24,15,9
14320,1,24,12,12
16976,1,24,6,18
12016,1,24,13,11
9000,1,24,10,14
12880,1,23,11,12
11312,1,23,8,15
13208,1,23,8,15
10976,1,23,14,9
13976,1,23,12,11
12960,1,23,16,7
16240,1,23,15,8
9464,1,23,12,11
14248,1,23,11,12
12216,1,23,14,9
12224,1,23,13,10
12864,1,23,10,13
12496,1,23,14,9
10192,1,23,14,9
12744,1,23,17,6
9904,1,23,10,13
14352,1,23,14,9
8008,1,23,7,16
10856,1,23,16,7
8504,1,23,13,10
11368,1,23,12,11
7488,1,23,11,12
15208,1,23,16,7
12304,1,23,13,10
8072,1,23,13,10
13888,1,23,15,8
12296,1,23,11,12
10480,1,23,9,14
16840,1,23,9,14
22096,1,23,12,11
10080,1,23,15,8
15088,1,23,14,9
23584,1,23,12,11
13032,1,23,13,10
12448,1,23,11,12
9760,1,23,13,10
12808,1,23,12,11
15080,1,23,11,12
10736,1,23,14,9
15776,1,23,11,12
9264,1,23,8,15
12824,1,23,13,10
8880,1,23,11,12
13064,1,23,11,12
11720,1,23,7,16
8728,1,23,17,6
16656,1,23,8,15
14336,1,23,11,12
12184,1,23,8,15
11144,1,23,12,11
11920,1,23,11,12
11896,1,23,7,16
8184,1,23,16,7
9168,1,23,14,9
12144,1,23,8,15
17648,1,23,13,10
12576,1,23,13,10
11192,1,23,15,8
11152,1,23,13,10
12408,1,23,11,12
17672,1,23,10,13
9872,1,23,8,15
10632,1,23,11,12
18336,1,23,8,15
11576,1,23,7,16
12936,1,23,9,14
13472,1,23,11,12
11672,1,23,14,9
15472,1,23,12,11
13168,1,23,12,11
12968,1,23,11,12
11624,1,23,15,8
16432,1,23,9,14
12136,1,23,11,12
15032,1,22,10,12
9040,1,22,7,15
14888,1,22,12,10
12344,1,22,14,8
16440,1,22,12,10
13776,1,22,12,10
12992,1,22,10,12
11968,1,22,12,10
21384,1,22,8,14
15360,1,22,11,11
11112,1,22,14,8
14104,1,22,13,9
12720,1,22,12,10
12656,1,22,9,13
11360,1,22,13,9
14784,1,22,17,5
13368,1,22,8,14
17024,1,22,14,8
11128,1,22,12,10
11632,1,22,13,9
16312,1,22,12,10
9024,1,22,12,10
10568,1,22,10,12
19368,1,22,11,11
15256,1,22,11,11
9568,1,22,11,11
13800,1,22,13,9
10176,1,22,12,10
11424,1,22,10,12
12800,1,22,11,11
10152,1,22,14,8
15368,1,22,13,9
19624,1,22,9,13
12104,1,22,11,11
15056,1,22,10,12
22344,1,22,12,10
8664,1,22,12,10
14776,1,22,11,11
21200,1,22,11,11
16328,1,22,10,12
15384,1,22,13,9
13176,1,22,12,10
28056,1,22,12,10
12368,1,22,12,10
14648,1,22,11,11
16744,1,22,14,8
8632,1,22,12,10
10600,1,22,12,10
14048,1,22,10,12
15232,1,22,12,10
7568,1,22,16,6
12424,1,22,10,12
12272,1,22,10,12
10848,1,22,12,10
10904,1,22,6,16
10576,1,22,10,12
8816,1,22,11,11
17512,1,22,8,14
9864,1,22,10,12
11816,1,22,13,9
17880,1,22,11,11
23200,1,22,10,12
10400,1,22,9,13
9584,1,22,11,11
18848,1,22,14,8
17256,1,22,11,11
17608,1,22,10,12
9792,1,22,12,10
9096,1,22,10,12
11080,1,22,12,10
10776,1,22,11,11
10880,1,22,12,10
13304,1,22,11,11
10992,1,22,9,13
10048,1,22,14,8
19256,1,22,11,11
10592,1,22,10,12
13728,1,22,11,11
12232,1,22,14,8
13568,1,22,9,13
12952,1,22,11,11
13104,1,22,11,11
13296,1,22,11,11
13616,1,22,13,9
8000,1,22,9,13
10344,1,22,10,12
12664,1,22,15,7
17488,1,22,10,12
20168,1,22,12,10
11320,1,22,12,10
17360,1,22,12,10
10432,1,22,16,6
9072,1,22,15,7
13080,1,22,8,14
13896,1,21,10,11
19384,1,21,14,7
14184,1,21,9,12
18328,1,21,12,9
10512,1,21,11,10
8360,1,21,12,9
19664,1,21,8,13
10664,1,21,13,8
20816,1,21,5,16
17888,1,21,9,12
14504,1,21,11,10
10064,1,21,11,10
14088,1,21,7,14
14240,1,21,8,13
15696,1,21,10,11
12536,1,21,6,15
19584,1,21,8,13
7680,1,21,11,10
15896,1,21,12,9
16296,1,21,7,14
15400,1,21,7,14
13128,1,21,11,10
14864,1,21,10,11
20264,1,21,9,12
24768,1,21,9,12
18808,1,21,11,10
14264,1,21,11,10
10792,1,21,12,9
16216,1,21,8,13
8904,1,21,13,8
15248,1,21,11,10
14056,1,21,12,9
11856,1,21,12,9
27368,1,21,12,9
12464,1,21,7,14
13592,1,21,10,11
10872,1,21,11,10
22008,1,21,10,11
12120,1,21,11,10
10280,1,21,7,14
17864,1,21,10,11
17592,1,21,8,13
13720,1,21,11,10
18888,1,21,12,9
17568,1,21,14,7
12840,1,21,9,12
19904,1,21,13,8
13984,1,21,12,9
9912,1,21,11,10
13096,1,21,12,9
14576,1,21,8,13
18008,1,21,13,8
10584,1,21,11,10
13656,1,21,10,11
16304,1,21,10,11
13544,1,21,11,10
9704,1,21,13,8
11552,1,21,9,12
23952,1,21,10,11
18144,1,21,13,8
20848,1,21,13,8
18608,1,21,8,13
12376,1,21,11,10
13232,1,21,11,10
12792,1,21,11,10
12192,1,21,12,9
9832,1,21,12,9
17680,1,21,10,11
14792,1,21,10,11
10816,1,21,12,9
13408,1,21,6,15
16704,1,21,14,7
20080,1,21,11,10
14968,1,21,11,10
12312,1,21,11,10
13160,1,21,11,10
15240,1,21,10,11
14168,1,21,8,13
10912,1,21,8,13
12264,1,21,11,10
13840,1,21,9,12
8536,1,21,8,13
10704,1,21,14,7
8384,1,21,11,10
15592,1,21,10,11
15320,1,21,9,12
14696,1,21,13,8
13792,1,21,13,8
22312,1,20,5,15
13312,1,20,6,14
18128,1,20,10,10
13264,1,20,7,13
11984,1,20,14,6
16816,1,20,14,6
20512,1,20,12,8
15520,1,20,11,9
26744,1,20,12,8
13752,1,20,9,11
11416,1,20,9,11
15752,1,20,10,10
11408,1,20,10,10
21560,1,20,10,10
14760,1,20,10,10
14224,1,20,10,10
12984,1,20,8,12
15936,1,20,5,15
10944,1,20,14,6
14984,1,20,14,6
11728,1,20,11,9
10144,1,20,12,8
15264,1,20,5,15
17296,1,20,8,12
16416,1,20,8,12
11336,1,20,10,10
11752,1,20,10,10
10536,1,20,10,10
11800,1,20,9,11
13712,1,20,12,8
16808,1,20,9,11
12176,1,20,8,12
17616,1,20,12,8
10120,1,20,8,12
17544,1,20,10,10
13920,1,20,12,8
16616,1,20,6,14
11248,1,20,14,6
17200,1,20,12,8
18936,1,20,8,12
17824,1,20,8,12
14896,1,20,10,10
16960,1,20,13,7
9472,1,20,12,8
11344,1,20,9,11
17208,1,20,8,12
13736,1,20,11,9
11832,1,20,12,8
9120,1,20,10,10
15984,1,20,9,11
15096,1,20,6,14
13664,1,20,10,10
19456,1,20,10,10
13640,1,20,12,8
11992,1,20,8,12
18032,1,20,12,8
17768,1,20,10,10
20760,1,20,13,7
15024,1,20,3,17
13688,1,20,9,11
12912,1,20,10,10
19312,1,20,10,10
16832,1,20,10,10
12848,1,20,12,8
12480,1,20,13,7
16848,1,20,8,12
14432,1,20,14,6
12288,1,20,5,15
16336,1,20,6,14
17904,1,20,10,10
15480,1,20,9,11
14544,1,20,11,9
12112,1,20,13,7
18224,1,20,11,9
15616,1,20,8,12
26024,1,20,8,12
22256,1,20,9,11
16208,1,20,12,8
22368,1,20,11,9
12512,1,20,13,7
21104,1,20,10,10
12872,1,20,11,9
21928,1,20,11,9
11560,1,20,10,10
13120,1,20,9,11
10016,1,20,14,6
11072,1,20,10,10
15600,1,20,8,12
16184,1,20,10,10
19752,1,20,10,10
11352,1,19,6,13
11840,1,19,12,7
18584,1,19,7,12
15872,1,19,8,11
10760,1,19,9,10
14024,1,19,12,7
17120,1,19,8,11
17008,1,19,7,12
14560,1,19,9,10
16384,1,19,9,10
18080,1,19,10,9
17424,1,19,10,9
24488,1,19,6,13
16864,1,19,14,5
17776,1,19,13,6
14992,1,19,8,11
19640,1,19,10,9
15536,1,19,7,12
13248,1,19,8,11
20240,1,19,11,8
11296,1,19,10,9
10448,1,19,8,11
23704,1,19,9,10
12040,1,19,9,10
16576,1,19,15,4
15792,1,19,10,9
21744,1,19,8,11
24832,1,19,9,10
11952,1,19,12,7
12160,1,19,10,9
12528,1,19,9,10
27776,1,19,8,11
9248,1,19,7,12
23432,1,19,9,10
21312,1,19,10,9
16224,1,19,6,13
14296,1,19,7,12
23040,1,19,9,10
11240,1,19,12,7
17832,1,19,6,13
14656,1,19,13,6
17696,1,19,8,11
15728,1,19,11,8
13024,1,19,12,7
20712,1,19,10,9
28544,1,19,11,8
12784,1,19,11,8
14496,1,19,11,8
13624,1,19,8,11
16072,1,19,8,11
8832,1,19,7,12
18504,1,19,10,9
13880,1,19,10,9
19064,1,19,10,9
18264,1,19,14,5
38152,1,19,13,6
14408,1,19,10,9
16752,1,19,10,9
10368,1,19,8,11
20528,1,19,13,6
19960,1,19,11,8
19880,1,19,12,7
15168,1,19,7,12
30880,1,19,9,10
13768,1,19,7,12
14736,1,19,11,8
17600,1,19,13,6
19024,1,19,8,11
17440,1,19,8,11
19528,1,19,8,11
11280,1,19,10,9
21144,1,19,12,7
16288,1,19,8,11
17872,1,19,10,9
20880,1,19,7,12
14216,1,19,13,6
23352,1,19,10,9
13672,1,19,9,10
19416,1,19,6,13
12200,1,19,12,7
18968,1,19,12,7
16352,1,19,8,11
17448,1,19,8,11
13432,1,19,14,5
12832,2,19,11,8
19392,2,19,13,6
16680,2,19,10,9
13424,2,19,8,11
18096,2,19,9,10
15848,2,19,10,9
15008,2,19,11,8
14312,2,19,7,12
10504,2,19,9,10
20680,2,19,10,9
19112,2,19,11,8
11600,2,19,8,11
13816,2,19,11,8
15904,2,19,8,11
21704,2,19,6,13
11664,2,19,11,8
16672,2,19,8,11
20784,2,19,7,12
22184,2,19,14,5
17536,2,19,8,11
17576,2,19,13,6
9320,2,19,9,10
16504,2,19,6,13
19096,2,19,8,11
16456,2,19,8,11
17408,2,19,4,15
13552,2,19,9,10
10896,2,19,8,11
23328,2,19,11,8
11168,2,19,8,11
18832,2,19,10,9
16128,2,19,5,14
14712,2,19,9,10
11440,2,19,9,10
15552,2,19,12,7
14016,2,19,6,13
17712,2,19,13,6
19552,2,19,6,13
10920,2,19,7,12
16152,2,19,12,7
16424,2,19,8,11
15440,2,19,7,12
14000,2,19,9,10
15296,2,19,7,12
16496,2,19,12,7
14456,2,19,10,9
14912,2,19,7,12
16904,2,19,13,6
24072,2,19,3,16
18344,2,19,11,8
21968,2,19,12,7
20664,2,18,9,9
23976,2,18,9,9
14584,2,18,9,9
15488,2,18,10,8
13200,2,18,7,11
13000,2,18,8,10
22728,2,18,10,8
27016,2,18,9,9
15496,2,18,9,9
12240,2,18,14,4
12776,2,18,9,9
12400,2,18,8,10
13192,2,18,11,7
26104,2,18,10,8
20008,2,18,8,10
20312,2,18,10,8
20448,2,18,9,9
13376,2,18,12,6
19688,2,18,9,9
14368,2,18,6,12
18472,2,18,7,11
11912,2,18,11,7
16968,2,18,11,7
15928,2,18,3,15
19568,2,18,9,9
19248,2,18,10,8
19616,2,18,8,10
28000,2,18,6,12
12072,2,18,8,10
16408,2,18,8,10
18536,2,18,9,9
17704,2,18,10,8
20536,2,18,7,11
21336,2,18,8,10
23248,2,18,9,9
21904,2,18,6,12
22880,2,18,7,11
19432,2,18,10,8
15136,2,18,9,9
16048,2,18,10,8
14624,2,18,6,12
17520,2,18,9,9
26440,2,18,15,3
16000,2,18,10,8
15416,2,18,10,8
26208,2,18,12,6
13184,2,18,11,7
18416,2,18,5,13
19192,2,18,6,12
11400,2,18,12,6
15648,2,18,7,11
21112,2,18,6,12
14120,2,18,9,9
14632,2,18,11,7
18424,2,18,7,11
24872,2,18,7,11
18064,2,18,14,4
11688,2,18,8,10
14608,2,18,8,10
17184,2,18,8,10
12088,2,18,9,9
14536,2,18,12,6
14176,2,18,8,10
14880,2,18,9,9
21440,2,18,10,8
17720,2,18,9,9
18576,2,18,9,9
18192,2,18,10,8
14360,2,18,12,6
12920,2,18,12,6
18168,2,18,9,9
13528,2,18,9,9
13488,2,18,9,9
11944,2,18,10,8
8752,2,18,7,11
8064,2,18,6,12
29240,2,18,10,8
20248,2,18,10,8
21888,2,18,8,10
18872,2,18,12,6
16024,2,18,11,7
10680,2,18,8,10
20856,2,18,6,12
16256,2,18,8,10
18976,2,18,9,9
24752,2,18,9,9
19200,2,18,12,6
16872,2,18,9,9
20800,2,18,7,11
12024,2,18,4,14
24520,2,18,6,12
27744,2,18,8,10
16624,2,18,8,10
15128,2,18,8,10
11232,2,18,8,10
27960,2,18,10,8
24184,2,18,10,8
21480,2,18,7,11
21832,2,18,8,10
12976,2,18,9,9
31040,2,18,9,9
11760,2,18,7,11
16912,2,18,7,11
19512,2,18,6,12
13856,2,18,9,9
13272,2,18,12,6
21576,2,18,10,8
20904,2,18,10,8
22752,2,18,9,9
17136,2,18,11,7
17944,2,18,10,8
16448,2,18,8,10
17464,2,18,5,13
14008,2,18,7,11
11288,2,18,8,10
17808,2,18,10,8
26520,2,18,8,10
21672,2,18,11,7
22384,2,18,9,9
25696,2,18,6,12
12672,2,18,7,11
17656,2,18,10,8
28440,2,18,10,8
18568,2,18,9,9
10216,2,18,7,11
13504,2,18,8,10
13416,2,18,9,9
15784,2,18,9,9
14904,2,18,13,5
12568,2,18,7,11
14096,2,18,10,8
14080,2,18,12,6
19144,2,17,9,8
44400,2,17,8,9
14208,2,17,8,9
12520,2,17,9,8
15328,2,17,8,9
24984,2,17,10,7
10640,2,17,7,10
19208,2,17,10,7
18744,2,17,11,6
12640,2,17,7,10
36288,2,17,10,7
16192,2,17,6,11
13704,2,17,12,5
16008,2,17,7,10
22104,2,17,10,7
23096,2,17,9,8
19104,2,17,9,8
19304,2,17,10,7
9752,2,17,9,8
13112,2,17,10,7
16032,2,17,11,6
25200,2,17,8,9
21136,2,17,8,9
14520,2,17,11,6
15704,2,17,8,9
18320,2,17,7,10
19280,2,17,10,7
15448,2,17,7,10
12056,2,17,7,10
12064,2,17,10,7
19264,2,17,7,10
15184,2,17,9,8
15640,2,17,8,9
30024,2,17,10,7
29168,2,17,6,11
16720,2,17,6,11
18232,2,17,7,10
19224,2,17,8,9
15144,2,17,7,10
17992,2,17,7,10
9816,2,17,9,8
14640,2,17,8,9
18152,2,17,8,9
20320,2,17,10,7
13952,2,17,10,7
20416,2,17,11,6
11000,2,17,8,9
20392,2,17,6,11
14752,2,17,12,5
8104,2,17,10,7
15944,2,17,9,8
19088,2,17,6,11
20728,2,17,5,12
14720,2,17,9,8
22552,2,17,8,9
17984,2,17,8,9
18384,2,17,7,10
13056,2,17,8,9
13904,2,17,7,10
11648,2,17,9,8
24328,2,17,9,8
18024,2,17,12,5
10336,2,17,8,9
13456,2,17,12,5
21320,2,17,12,5
15864,2,17,8,9
12816,2,17,9,8
10552,2,17,9,8
19376,2,17,8,9
38360,2,17,5,12
22968,2,17,6,11
12616,2,17,11,6
21952,2,17,6,11
26048,2,17,9,8
22640,2,17,7,10
15544,2,17,10,7
20576,2,17,9,8
25392,2,17,11,6
15000,2,17,8,9
25408,2,17,8,9
11936,2,17,6,11
15224,2,17,12,5
16984,2,17,9,8
17760,2,17,8,9
29160,2,17,7,10
29264,2,17,5,12
11136,2,17,10,7
36552,2,17,10,7
16736,2,17,8,9
14952,2,17,8,9
18072,2,17,8,9
12472,2,17,10,7
17232,2,17,7,10
16760,2,17,8,9
23680,2,17,8,9
10696,2,17,7,10
18928,2,17,4,13
14200,2,17,10,7
28888,2,17,11,6
20688,2,17,7,10
21632,2,17,7,10
19152,2,17,7,10
16536,2,17,8,9
23080,2,17,6,11
19288,2,17,9,8
18208,2,17,8,9
14440,2,17,10,7
12944,2,17,8,9
17816,2,17,9,8
13944,2,17,8,9
22544,2,17,8,9
16712,2,17,9,8
15880,2,17,10,7
20216,2,17,10,7
16792,2,17,9,8
18840,2,17,10,7
19536,2,17,8,9
15424,2,17,11,6
16344,2,17,9,8
16264,2,17,7,10
15680,2,17,8,9
24552,2,17,8,9
14328,2,17,13,4
15392,2,17,8,9
19328,2,17,7,10
18616,2,17,8,9
11376,2,17,12,5
11472,2,17,5,12
14728,2,17,10,7
14552,2,17,8,9
12328,2,17,11,6
24968,2,17,10,7
18296,2,17,9,8
23776,2,17,13,4
17040,2,17,8,9
12600,2,17,10,7
22472,2,17,11,6
22816,2,17,8,9
17080,2,17,7,10
16824,2,16,7,9
16520,2,16,9,7
14512,2,16,6,10
27816,2,16,9,7
22856,2,16,9,7
21296,2,16,7,9
14672,2,16,10,6
18552,2,16,7,9
21152,2,16,7,9
11824,2,16,6,10
23960,2,16,7,9
18592,2,16,9,7
18864,2,16,8,8
19344,2,16,6,10
13512,2,16,6,10
15720,2,16,8,8
20920,2,16,10,6
15760,2,16,9,7
21432,2,16,5,11
25488,2,16,9,7
23384,2,16,7,9
26216,2,16,5,11
16952,2,16,11,5
19816,2,16,8,8
20304,2,16,9,7
17096,2,16,8,8
20672,2,16,6,10
18240,2,16,6,10
17784,2,16,11,5
30400,2,16,10,6
14160,2,16,6,10
17744,2,16,6,10
21792,2,16,6,10
14568,2,16,6,10
17400,2,16,9,7
12560,2,16,7,9
19824,2,16,10,6
33560,2,16,7,9
16320,2,16,11,5
14192,2,16,10,6
19560,2,16,9,7
24560,2,16,10,6
13464,2,16,9,7
13144,2,16,7,9
16064,2,16,10,6
20432,2,16,7,9
21176,2,16,13,3
13440,2,16,4,12
25544,2,16,8,8
16080,2,16,4,12
28136,2,16,7,9
21656,2,16,6,10
23896,2,16,8,8
18896,2,16,7,9
23672,2,16,8,8
20696,2,16,9,7
26008,2,16,14,2
19768,2,16,12,4
17336,2,16,10,6
16936,2,16,5,11
18256,2,16,6,10
42328,2,16,10,6
26576,2,16,7,9
21512,2,16,9,7
24720,2,16,7,9
26944,2,16,9,7
36928,2,16,9,7
16640,2,16,8,8
19016,2,16,8,8
18600,2,16,9,7
14664,2,16,8,8
27504,2,16,9,7
19600,2,16,6,10
15888,2,16,9,7
26496,2,16,9,7
19776,2,16,9,7
22480,2,16,7,9
22520,2,16,7,9
15016,2,16,5,11
15288,2,16,6,10
19784,2,16,7,9
27984,2,16,5,11
17304,2,16,9,7
17312,2,16,9,7
22912,2,16,6,10
26584,2,16,5,11
40760,2,16,8,8
13576,2,16,7,9
18904,2,16,6,10
13696,2,16,6,10
13680,2,16,8,8
32576,2,16,9,7
16376,2,16,6,10
15576,2,16,10,6
33744,2,16,8,8
16056,2,16,7,9
12416,2,16,8,8
17152,2,16,11,5
25872,2,16,8,8
18040,2,16,4,12
41520,2,16,7,9
20496,2,16,7,9
40904,2,16,8,8
24880,2,16,8,8
17416,2,16,9,7
24800,2,16,8,8
24664,2,16,6,10
59336,2,16,9,7
19800,2,16,8,8
21752,2,16,10,6
23824,2,16,6,10
22000,2,16,8,8
15624,2,16,11,5
23472,2,16,12,4
29360,2,16,10,6
17936,2,16,10,6
27696,2,16,10,6
17624,2,16,9,7
24736,2,16,10,6
20704,2,16,5,11
18624,2,16,6,10
23032,2,16,6,10
11480,2,16,6,10
12712,2,16,9,7
25616,2,16,3,13
26304,2,16,7,9
15408,2,16,9,7
17368,2,16,7,9
21232,2,16,5,11
32704,2,16,9,7
24296,2,16,6,10
26336,2,16,8,8
18792,2,16,10,6
17496,2,16,9,7
23520,2,16,11,5
14800,2,16,7,9
15432,2,16,8,8
19992,2,16,9,7
17480,2,16,5,11
22672,2,16,7,9
34296,2,16,9,7
24920,2,16,4,12
14592,2,16,7,9
18440,2,16,9,7
17168,2,16,6,10
20296,2,16,5,11
20464,2,16,10,6
18528,2,16,7,9
14600,2,16,12,4
13824,2,16,9,7
18360,2,16,10,6
14936,2,16,8,8
22936,2,16,9,7
14344,2,16,7,9
11928,2,16,7,9
18464,2,16,8,8
14808,2,16,9,7
25016,2,16,7,9
23840,2,16,9,7
13448,2,16,11,5
20568,2,16,4,12
29736,2,16,3,13
18000,2,16,10,6
16248,2,16,6,10
24648,2,16,7,9
18352,2,16,8,8
23760,2,16,5,11
18272,2,16,8,8
18664,2,16,10,6
25240,2,16,8,8
14680,2,16,8,8
34520,2,16,7,9
16728,2,16,8,8
16040,2,15,8,7
19576,2,15,7,8
28792,2,15,8,7
15568,2,15,7,8
25184,2,15,9,6
30184,2,15,6,9
16584,2,15,7,8
67608,2,15,7,8
18768,2,15,7,8
13928,2,15,6,9
25856,2,15,5,10
14528,2,15,7,8
26784,2,15,7,8
17144,2,15,7,8
20408,2,15,7,8
18520,2,15,7,8
12152,2,15,9,6
25984,2,15,7,8
26000,2,15,3,12
25024,2,15,7,8
23640,2,15,7,8
12432,2,15,7,8
18992,2,15,9,6
28416,2,15,7,8
15040,2,15,7,8
21896,2,15,7,8
28456,2,15,10,5
20744,2,15,12,3
19168,2,15,6,9
16144,2,15,6,9
19160,2,15,8,7
31584,2,15,6,9
19520,2,15,5,10
18984,2,15,7,8
19920,2,15,7,8
26056,2,15,8,7
13912,2,15,8,7
24808,2,15,7,8
28016,2,15,8,7
16168,2,15,6,9
21464,2,15,6,9
27104,2,15,8,7
31152,2,15,6,9
21856,2,15,7,8
23192,2,15,7,8
22200,2,15,10,5
13048,2,15,5,10
22080,2,15,8,7
15672,2,15,7,8
19464,2,15,5,10
28512,2,15,6,9
21584,2,15,9,6
20488,2,15,9,6
31088,2,15,9,6
19056,2,15,8,7
37448,2,15,4,11
21072,2,15,12,3
28568,2,15,7,8
19944,2,15,8,7
13016,2,15,7,8
15120,2,15,7,8
29344,2,15,6,9
26176,2,15,6,9
24744,2,15,9,6
28128,2,15,6,9
14960,2,15,5,10
19496,2,15,10,5
19696,2,15,9,6
18776,2,15,12,3
21504,2,15,4,11
23224,2,15,8,7
25280,2,15,9,6
26040,2,15,7,8
16480,2,15,10,5
29696,2,15,7,8
27360,2,15,8,7
21488,2,15,8,7
33032,2,15,6,9
19680,2,15,9,6
20088,2,15,7,8
30976,2,15,9,6
13936,2,15,6,9
21960,2,15,8,7
14256,2,15,6,9
14872,2,15,7,8
11216,2,15,5,10
12584,2,15,5,10
26840,2,15,3,12
18696,2,15,7,8
15840,2,15,7,8
11024,2,15,9,6
25384,2,15,9,6
17344,2,15,6,9
26872,2,15,5,10
17952,2,15,8,7
34992,2,15,6,9
20272,2,15,7,8
19808,2,15,7,8
22424,2,15,8,7
28040,2,15,7,8
28352,2,15,11,4
19048,2,15,6,9
15504,2,15,4,11
21760,2,15,6,9
17280,2,15,5,10
21920,2,15,8,7
22768,2,15,7,8
42976,2,15,7,8
23624,2,15,10,5
23024,2,15,11,4
36992,2,15,11,4
27664,2,15,5,10
46152,2,15,4,11
33896,2,15,4,11
28504,2,15,8,7
14768,2,15,7,8
22216,2,15,9,6
39792,2,15,10,5
30368,2,15,11,4
26408,2,15,5,10
20640,2,15,8,7
25624,2,15,6,9
17928,2,15,9,6
16608,2,15,9,6
29504,2,15,10,5
21080,2,15,6,9
12208,2,15,8,7
23544,2,15,8,7
25752,2,15,9,6
16368,2,15,8,7
13320,2,15,10,5
20072,2,15,6,9
23280,2,15,6,9
20056,2,15,8,7
11744,2,15,9,6
11432,2,15,5,10
24000,2,15,7,8
17384,2,15,7,8
24336,2,15,10,5
22432,2,15,6,9
30928,2,15,11,4
23712,2,15,3,12
32016,2,15,13,2
24416,2,15,7,8
26424,2,15,7,8
24168,2,15,6,9
16464,2,15,6,9
12896,2,15,7,8
16592,2,15,6,9
14976,2,15,5,10
36000,2,15,8,7
26800,2,15,8,7
23720,2,15,5,10
16664,2,15,8,7
22160,2,15,7,8
41024,2,15,11,4
23928,2,15,8,7
17896,2,15,8,7
36576,2,15,10,5
49736,2,15,7,8
20128,2,15,7,8
21864,2,15,8,7
15712,2,15,7,8
20104,2,15,4,11
23144,2,15,7,8
20440,2,15,8,7
24240,2,15,7,8
12000,2,15,9,6
15832,2,15,9,6
24448,2,15,7,8
18288,2,15,8,7
19632,2,15,8,7
20136,2,15,9,6
18720,2,15,8,7
21648,2,15,7,8
19936,2,15,10,5
32000,2,15,6,9
21424,2,15,9,6
50264,2,15,11,4
13384,2,15,9,6
18920,2,15,7,8
23088,2,15,6,9
14832,2,15,3,12
21208,2,15,5,10
20064,2,15,6,9
27864,2,15,7,8
16088,2,15,9,6
18784,2,15,10,5
12544,2,15,5,10
15824,2,15,9,6
21184,2,14,6,8
28744,2,14,8,6
15584,2,14,8,6
18184,2,14,4,10
17920,2,14,8,6
32416,2,14,8,6
21032,2,14,10,4
49560,2,14,6,8
14944,2,14,8,6
30664,2,14,7,7
23600,2,14,6,8
27456,2,14,6,8
25120,2,14,10,4
17840,2,14,9,5
26352,2,14,6,8
26960,2,14,10,4
29680,2,14,8,6
15064,2,14,7,7
15176,2,14,6,8
18760,2,14,7,7
49232,2,14,9,5
27272,2,14,5,9
30752,2,14,7,7
22048,2,14,6,8
20000,2,14,11,3
20592,2,14,10,4
18560,2,14,9,5
31984,2,14,8,6
22328,2,14,6,8
24048,2,14,8,6
24344,2,14,6,8
18368,2,14,7,7
23176,2,14,9,5
19928,2,14,7,7
14416,2,14,7,7
30704,2,14,7,7
20040,2,14,9,5
23488,2,14,7,7
20208,2,14,7,7
29888,2,14,6,8
19736,2,14,7,7
31240,2,14,6,8
18088,2,14,8,6
23240,2,14,8,6
22496,2,14,4,10
17064,2,14,7,7
17976,2,14,9,5
21008,2,14,7,7
27352,2,14,7,7
28496,2,14,7,7
14232,2,14,6,8
24944,2,14,9,5
26696,2,14,11,3
19872,2,14,4,10
22824,2,14,9,5
51392,2,14,5,9
33632,2,14,4,10
18856,2,14,9,5
17048,2,14,8,6
20944,2,14,10,4
20624,2,14,4,10
31432,2,14,9,5
23232,2,14,10,4
32432,2,14,8,6
14424,2,14,5,9
19424,2,14,8,6
23800,2,14,4,10
32304,2,14,3,11
33936,2,14,6,8
29656,2,14,5,9
17800,2,14,5,9
16768,2,14,9,5
30584,2,14,7,7
16120,2,14,5,9
30640,2,14,7,7
27464,2,14,3,11
20376,2,14,9,5
20016,2,14,6,8
26992,2,14,6,8
20400,2,14,5,9
16136,2,14,4,10
42248,2,14,7,7
31624,2,14,8,6
17352,2,14,4,10
26920,2,14,10,4
25376,2,14,8,6
20288,2,14,7,7
26792,2,14,6,8
33048,2,14,8,6
46360,2,14,4,10
20840,2,14,6,8
21944,2,14,8,6
31080,2,14,4,10
27024,2,14,6,8
37120,2,14,7,7
24120,2,14,6,8
22336,2,14,5,9
41344,2,14,5,9
21552,2,14,8,6
27160,2,14,7,7
31968,2,14,6,8
42168,2,14,10,4
22688,2,14,6,8
13992,2,14,4,10
17552,2,14,6,8
35328,2,14,10,4
24608,2,14,7,7
30432,2,14,9,5
18544,2,14,8,6
27448,2,14,7,7
18248,2,14,7,7
43400,2,14,7,7
34568,2,14,10,4
62928,2,14,9,5
31280,2,14,9,5
28048,2,14,7,7
34720,2,14,6,8
22944,2,14,9,5
19176,2,14,4,10
24104,2,14,7,7
20888,2,14,8,6
27752,2,14,8,6
43832,2,14,6,8
23320,2,14,6,8
28392,2,14,6,8
33240,2,14,4,10
19272,2,14,6,8
22288,2,14,9,5
23016,2,14,9,5
19608,2,14,8,6
31896,2,14,8,6
16016,2,14,7,7
17288,2,14,8,6
24680,2,14,6,8
24008,2,14,9,5
27976,2,14,6,8
21688,2,14,9,5
18304,2,14,8,6
21168,2,14,6,8
12736,2,14,6,8
14136,2,14,7,7
27176,2,14,6,8
23648,2,14,8,6
16512,2,14,8,6
14928,2,14,7,7
20024,2,14,7,7
47536,2,14,7,7
19080,2,14,4,10
25424,2,14,7,7
22976,2,14,8,6
27288,2,14,7,7
35712,2,14,7,7
31952,2,14,5,9
29568,2,14,2,12
14288,2,14,6,8
19360,2,14,7,7
14848,2,14,7,7
26904,2,14,6,8
18880,2,14,8,6
25776,2,14,6,8
19672,2,14,8,6
21800,2,14,6,8
17072,2,14,7,7
47592,2,14,4,10
45080,2,14,7,7
13280,2,14,6,8
18448,2,14,8,6
31776,2,14,8,6
29040,2,14,10,4
25360,2,14,2,12
21216,2,14,5,9
42360,2,14,9,5
25344,2,14,7,7
25088,2,14,9,5
34464,2,14,7,7
35304,2,14,8,6
15376,2,14,8,6
24208,2,14,6,8
16696,2,14,4,10
20872,2,14,11,3
30952,2,14,12,2
20424,2,14,7,7
21496,2,14,7,7
35424,2,14,7,7
14920,2,14,5,9
14840,2,14,6,8
14480,2,14,8,6
22064,2,14,9,5
20976,2,14,10,4
28984,2,14,8,6
15048,2,14,11,3
24696,2,14,10,4
31552,2,14,7,7
28632,2,14,5,9
28144,2,14,6,8
31488,2,14,5,9
37200,2,14,8,6
16176,2,14,8,6
35544,2,14,7,7
23496,2,14,2,12
24904,2,14,6,8
22280,2,14,4,10
24152,2,14,9,5
20232,2,14,4,10
29368,2,14,7,7
36432,2,14,6,8
15656,2,14,9,5
16544,2,14,9,5
21192,2,14,9,5
21936,2,14,7,7
21056,2,14,7,7
24024,2,14,7,7
21528,2,14,6,8
22600,2,14,5,9
37488,2,14,7,7
38264,2,14,10,4
17584,2,14,5,9
18120,2,14,10,4
23568,2,14,5,9
19760,2,14,6,8
25960,2,14,7,7
27248,2,14,6,8
21400,2,14,11,3
17192,2,14,4,10
19984,2,14,7,7
20352,2,14,6,8
35088,2,14,9,5
15528,2,14,10,4
39664,2,14,9,5
22408,2,14,5,9
56064,2,14,9,5
20144,2,14,7,7
25216,2,14,10,4
54720,2,14,5,9
19704,2,14,8,6
20456,2,13,6,7
36696,2,13,7,6
22088,2,13,5,8
17000,2,13,3,10
42408,2,13,7,6
23688,2,13,6,7
31456,2,13,5,8
31512,2,13,9,4
29816,2,13,4,9
38040,2,13,8,5
17128,2,13,4,9
18160,2,13,9,4
28832,2,13,11,2
19120,2,13,7,6
24320,2,13,10,3
21304,2,13,8,5
27560,2,13,6,7
17632,2,13,8,5
28232,2,13,7,6
23216,2,13,5,8
23560,2,13,7,6
35464,2,13,6,7
28640,2,13,6,7
23288,2,13,4,9
19856,2,13,7,6
20520,2,13,7,6
21416,2,13,7,6
21024,2,13,8,5
29968,2,13,9,4
16096,2,13,7,6
14272,2,13,5,8
34704,2,13,5,8
53248,2,13,7,6
22632,2,13,7,6
40440,2,13,6,7
33024,2,13,7,6
25880,2,13,6,7
15768,2,13,7,6
27592,2,13,6,7
19488,2,13,7,6
16856,2,13,3,10
31376,2,13,11,2
30656,2,13,7,6
26096,2,13,3,10
22128,2,13,5,8
24536,2,13,7,6
25192,2,13,9,4
29312,2,13,8,5
38832,2,13,5,8
57072,2,13,6,7
34024,2,13,7,6
31168,2,13,9,4
18056,2,13,6,7
22376,2,13,5,8
33976,2,13,5,8
16888,2,13,4,9
14384,2,13,7,6
18016,2,13,8,5
18376,2,13,4,9
29048,2,13,6,7
24688,2,13,5,8
26464,2,13,8,5
29912,2,13,9,4
16200,2,13,7,6
30696,2,13,4,9
16776,2,13,6,7
26264,2,13,6,7
23904,2,13,5,8
32512,2,13,5,8
22664,2,13,8,5
21288,2,13,10,3
20824,2,13,6,7
19864,2,13,8,5
22848,2,13,6,7
19888,2,13,9,4
25040,2,13,7,6
28528,2,13,6,7
24360,2,13,5,8
14392,2,13,8,5
30824,2,13,8,5
14616,2,13,6,7
40800,2,13,6,7
38352,2,13,5,8
20616,2,13,4,9
29536,2,13,9,4
28552,2,13,7,6
24032,2,13,6,7
16472,2,13,8,5
22488,2,13,7,6
22416,2,13,6,7
21160,2,13,6,7
49728,2,13,8,5
29304,2,13,3,10
24352,2,13,5,8
29200,2,13,9,4
17320,2,13,8,5
24912,2,13,5,8
39504,2,13,8,5
24304,2,13,6,7
34456,2,13,7,6
27216,2,13,5,8
19480,2,13,7,6
33536,2,13,10,3
18456,2,13,5,8
17392,2,13,6,7
20896,2,13,5,8
15856,2,13,5,8
20160,2,13,7,6
27344,2,13,7,6
22984,2,13,6,7
27672,2,13,6,7
26864,2,13,10,3
22616,2,13,7,6
37080,2,13,6,7
19400,2,13,5,8
40688,2,13,4,9
25864,2,13,9,4
17728,2,13,7,6
15152,2,13,7,6
27944,2,13,5,8
52080,2,13,7,6
22400,2,13,7,6
22016,2,13,5,8
57368,2,13,9,4
22024,2,13,3,10
22840,2,13,6,7
21352,2,13,8,5
34552,2,13,5,8
48336,2,13,5,8
12704,2,13,5,8
33784,2,13,5,8
26080,2,13,6,7
19952,2,13,8,5
17224,2,13,7,6
42064,2,13,5,8
24312,2,13,5,8
16552,2,13,6,7
22352,2,13,7,6
28160,2,13,2,11
22872,2,13,8,5
22608,2,13,6,7
20776,2,13,6,7
16880,2,13,10,3
23160,2,13,7,6
15912,2,13,5,8
21768,2,13,7,6
27800,2,13,6,7
27168,2,13,6,7
45656,2,13,5,8
20608,2,13,9,4
22576,2,13,6,7
26608,2,13,7,6
25008,2,13,9,4
23536,2,13,6,7
28248,2,13,5,8
24816,2,13,5,8
26480,2,13,7,6
23336,2,13,7,6
18480,2,13,2,11
22832,2,13,4,9
21568,2,13,7,6
20832,2,13,10,3
22680,2,13,7,6
31568,2,13,8,5
26472,2,13,7,6
19832,2,13,9,4
56648,2,13,6,7
38712,2,13,8,5
36208,2,13,7,6
30264,2,13,7,6
19912,2,13,5,8
25464,2,13,6,7
21720,2,13,7,6
28800,2,13,8,5
28264,2,13,2,11
22304,2,13,5,8
26128,2,13,5,8
13648,2,13,9,4
35728,2,13,5,8
21272,2,13,9,4
31840,2,13,3,10
34848,2,13,4,9
32176,2,13,9,4
21040,2,13,9,4
51920,2,13,6,7
19728,2,13,8,5
17560,2,13,6,7
32264,2,13,4,9
22296,2,13,8,5
16280,2,13,5,8
20472,2,13,2,11
17176,2,13,8,5
34312,2,13,6,7
19000,2,13,7,6
15688,2,13,5,8
23456,2,13,9,4
35576,2,13,9,4
20096,2,13,6,7
28384,2,13,8,5
28808,2,13,7,6
37160,2,13,7,6
31160,2,13,4,9
18496,2,13,7,6
25048,2,13,6,7
39968,2,13,6,7
33192,2,13,7,6
29104,2,13,4,9
16920,2,13,8,5
17160,2,13,5,8
24080,2,13,6,7
20720,2,13,7,6
21776,2,13,8,5
21984,2,13,7,6
13088,2,13,7,6
19712,2,13,7,6
15072,2,13,4,9
23008,2,13,8,5
20328,2,13,6,7
45256,2,13,7,6
19504,2,13,8,5
42760,2,13,7,6
18280,2,13,8,5
24976,2,13,6,7
29592,2,13,6,7
31792,2,13,7,6
26720,2,13,8,5
24400,2,13,8,5
38112,2,13,8,5
18704,2,13,4,9
14824,2,13,8,5
31048,2,13,6,7
19128,2,13,4,9
26832,2,13,7,6
27384,2,13,7,6
21456,2,13,5,8
22784,2,13,5,8
18952,2,13,8,5
14128,2,13,7,6
37976,2,13,9,4
34216,2,13,10,3
37136,2,13,8,5
29152,2,13,6,7
14400,2,13,7,6
30528,2,13,6,7
21344,2,13,8,5
33792,2,13,6,7
34424,2,13,8,5
28712,2,12,5,7
37216,2,12,7,5
29688,2,12,3,9
17432,2,12,5,7
29296,2,12,5,7
18392,2,12,6,6
30616,2,12,8,4
18752,2,12,6,6
44936,2,12,6,6
30008,2,12,4,8
24784,2,12,9,3
21120,2,12,7,5
41664,2,12,7,5
43304,2,12,7,5
25640,2,12,5,7
17688,2,12,4,8
26112,2,12,10,2
22896,2,12,3,9
32032,2,12,7,5
39312,2,12,4,8
59328,2,12,9,3
28032,2,12,3,9
37440,2,12,6,6
28064,2,12,9,3
58912,2,12,5,7
20280,2,12,8,4
17016,2,12,6,6
33456,2,12,7,5
20656,2,12,7,5
34688,2,12,7,5
27408,2,12,8,4
16896,2,12,3,9
24464,2,12,6,6
50672,2,12,7,5
19720,2,12,6,6
27880,2,12,6,6
14688,2,12,8,4
35672,2,12,8,4
38312,2,12,6,6
18176,2,12,6,6
41680,2,12,4,8
43624,2,12,6,6
33072,2,12,6,6
25936,2,12,7,5
19296,2,12,7,5
34928,2,12,5,7
22808,2,12,8,4
22744,2,12,7,5
30392,2,12,2,10
26808,2,12,4,8
20648,2,12,6,6
29088,2,12,5,7
40152,2,12,9,3
25096,2,12,3,9
38008,2,12,9,3
16104,2,12,7,5
20384,2,12,7,5
32816,2,12,5,7
29400,2,12,4,8
20928,2,12,4,8
70312,2,12,6,6
33008,2,12,6,6
24544,2,12,5,7
20120,2,12,7,5
34904,2,12,8,4
19240,2,12,5,7
31848,2,12,3,9
21976,2,12,4,8
40128,2,12,4,8
18960,2,12,8,4
24856,2,12,4,8
21712,2,12,8,4
24632,2,12,6,6
22648,2,12,7,5
37432,2,12,7,5
46840,2,12,3,9
21096,2,12,3,9
38424,2,12,3,9
16600,2,12,5,7
31144,2,12,8,4
29408,2,12,3,9
25632,2,12,9,3
31264,2,12,7,5
45728,2,12,3,9
24160,2,12,8,4
25520,2,12,6,6
41288,2,12,3,9
43688,2,12,7,5
41776,2,12,6,6
44144,2,12,6,6
27912,2,12,11,1
20504,2,12,4,8
22232,2,12,7,5
20736,2,12,7,5
32504,2,12,3,9
21328,2,12,7,5
33816,2,12,7,5
36624,2,12,5,7
23312,2,12,5,7
28096,2,12,6,6
62024,2,12,8,4
26528,2,12,3,9
25944,2,12,4,8
20952,2,12,6,6
22792,2,12,7,5
21280,2,12,6,6
19792,2,12,6,6
37808,2,12,4,8
34880,2,12,3,9
44464,2,12,3,9
16632,2,12,7,5
22176,2,12,4,8
32896,2,12,3,9
38464,2,12,5,7
28672,2,12,6,6
38664,2,12,7,5
48480,2,12,9,3
19656,2,12,6,6
22776,2,12,7,5
29120,2,12,8,4
25328,2,12,7,5
27424,2,12,8,4
27056,2,12,8,4
34984,2,12,5,7
41720,2,12,1,11
38576,2,12,8,4
34056,2,12,5,7
17848,2,12,7,5
31496,2,12,5,7
32168,2,12,8,4
28344,2,12,5,7
16928,2,12,6,6
43928,2,12,9,3
29520,2,12,5,7
27608,2,12,7,5
21224,2,12,8,4
30968,2,12,8,4
46880,2,12,6,6
19440,2,12,8,4
47576,2,12,5,7
22320,2,12,3,9
45152,2,12,3,9
22264,2,12,5,7
42640,2,12,2,10
23464,2,12,7,5
29440,2,12,3,9
26192,2,12,3,9
39960,2,12,3,9
63208,2,12,6,6
37016,2,12,6,6
25296,2,12,6,6
28816,2,12,7,5
43936,2,12,8,4
35624,2,12,7,5
30568,2,12,7,5
23416,2,12,7,5
39944,2,12,5,7
64952,2,12,8,4
55944,2,12,7,5
15336,2,12,5,7
25080,2,12,7,5
25552,2,12,7,5
23880,2,12,4,8
37280,2,12,5,7
23272,2,12,6,6
29872,2,12,7,5
24824,2,12,7,5
29464,2,12,4,8
22712,2,12,4,8
21360,2,12,3,9
24512,2,12,4,8
32256,2,12,7,5
25736,2,12,6,6
47120,2,12,8,4
50784,2,12,6,6
24952,2,12,8,4
16528,2,12,7,5
14448,2,12,5,7
44944,2,12,7,5
19336,2,12,5,7
28168,2,12,6,6
22392,2,12,6,6
21248,2,12,9,3
17328,2,12,4,8
14112,2,12,6,6
26856,2,12,7,5
30336,2,12,4,8
22624,2,12,6,6
25792,2,12,7,5
30064,2,12,4,8
54704,2,12,3,9
36016,2,12,7,5
20336,2,12,4,8
22920,2,12,6,6
28840,2,12,5,7
28936,2,12,9,3
27336,2,12,4,8
25072,2,12,9,3
23592,2,12,5,7
108784,2,12,4,8
28592,2,12,8,4
43064,2,12,7,5
28696,2,12,6,6
22120,2,12,6,6
18104,2,12,8,4
26984,2,12,7,5
24280,2,12,6,6
24672,2,12,5,7
32152,2,12,6,6
22456,2,12,6,6
42424,2,12,9,3
15104,2,12,8,4
28272,2,12,4,8
42472,2,12,8,4
17968,2,12,9,3
22584,2,12,5,7
31032,2,12,5,7
14488,2,12,8,4
44576,2,12,7,5
24232,2,12,8,4
18648,2,12,3,9
30816,2,12,8,4
22696,2,12,5,7
30712,2,12,5,7
40216,2,12,9,3
23136,2,12,8,4
26648,2,12,4,8
31360,2,12,11,1
30576,2,12,6,6
35688,2,12,5,7
17216,2,12,6,6
26448,2,12,5,7
25680,2,12,5,7
22568,2,12,5,7
37704,2,12,7,5
21912,2,12,4,8
30168,2,12,9,3
36616,2,12,9,3
16560,2,12,5,7
31912,2,12,4,8
35856,2,12,7,5
20048,2,12,5,7
40480,2,12,2,10
29144,2,12,5,7
35112,2,12,8,4
30672,2,12,2,10
32616,2,12,7,5
22448,2,12,6,6
15800,2,12,3,9
47168,2,12,4,8
26560,2,12,7,5
18672,2,12,6,6
25720,2,12,10,2
33448,2,12,5,7
36472,2,12,7,5
42296,2,12,7,5
26624,2,12,9,3
32248,2,12,6,6
31592,2,12,7,5
22056,2,12,4,8
25056,2,12,9,3
18632,2,12,7,5
31664,2,12,8,4
12248,2,12,7,5
56040,2,12,5,7
23552,2,12,5,7
17528,2,12,4,8
33552,2,12,7,5
31928,2,12,7,5
25168,2,12,7,5
22032,2,12,2,10
28648,2,12,8,4
23968,2,12,7,5
37904,2,12,6,6
26664,2,12,8,4
35128,2,12,7,5
13832,2,12,5,7
21608,2,12,5,7
64768,2,12,7,5
32112,2,12,6,6
21048,2,12,5,7
29744,2,12,5,7
19840,2,12,2,10
18728,2,12,4,8
33080,2,12,6,6
45424,2,12,5,7
18112,2,12,4,8
47104,2,12,5,7
25704,2,12,4,8
35976,2,12,9,3
53848,2,12,5,7
37496,2,12,8,4
18656,2,12,5,7
29096,2,12,4,8
23064,2,12,8,4
22952,2,12,6,6
41472,2,12,5,7
31216,2,12,4,8
27992,2,12,6,6
34616,2,12,4,8
24440,2,12,9,3
17104,2,12,10,2
20256,2,12,6,6
27512,2,12,6,6
20752,2,12,7,5
35320,2,12,6,6
26456,2,12,8,4
21728,2,12,9,3
84400,2,12,5,7
25976,2,12,5,7
23920,2,12,3,9
21592,2,12,5,7
56656,2,12,5,7
21368,2,12,6,6
24216,2,12,5,7
20360,2,12,5,7
49192,2,12,6,6
29016,2,12,5,7
23792,2,12,4,8
30648,2,12,5,7
21808,2,12,6,6
41968,2,12,7,5
25272,2,12,9,3
23528,2,12,5,7
24288,2,12,4,8
15280,2,12,3,9
54256,2,11,5,6
32568,2,11,3,8
27232,2,11,9,2
41384,2,11,8,3
36368,2,11,6,5
41240,2,11,5,6
40640,2,11,6,5
40200,2,11,9,2
31176,2,11,6,5
63656,2,11,3,8
39696,2,11,5,6
31824,2,11,8,3
44784,2,11,7,4
25456,2,11,6,5
25656,2,11,5,6
37064,2,11,9,2
26320,2,11,6,5
49848,2,11,6,5
31392,2,11,6,5
18944,2,11,5,6
41936,2,11,4,7
27096,2,11,6,5
63384,2,11,6,5
34008,2,11,3,8
39800,2,11,3,8
27328,2,11,5,6
18048,2,11,4,7
40240,2,11,2,9
55672,2,11,7,4
37920,2,11,4,7
29512,2,11,8,3
28776,2,11,4,7
27240,2,11,5,6
30944,2,11,6,5
26032,2,11,7,4
41160,2,11,4,7
49568,2,11,5,6
38608,2,11,4,7
48496,2,11,3,8
24584,2,11,8,3
28992,2,11,10,1
43592,2,11,5,6
46280,2,11,5,6
12904,2,11,6,5
35928,2,11,7,4
30480,2,11,3,8
25368,2,11,4,7
28024,2,11,5,6
53888,2,11,8,3
38520,2,11,9,2
27280,2,11,7,4
40112,2,11,3,8
46624,2,11,0,11
35904,2,11,7,4
57248,2,11,5,6
25840,2,11,6,5
24064,2,11,7,4
68936,2,11,4,7
18640,2,11,6,5
35968,2,11,7,4
35512,2,11,6,5
28448,2,11,3,8
63920,2,11,7,4
42856,2,11,6,5
54496,2,11,4,7
25608,2,11,6,5
19648,2,11,5,6
30496,2,11,6,5
39536,2,11,5,6
27904,2,11,8,3
26752,2,11,3,8
28856,2,11,5,6
34376,2,11,6,5
26688,2,11,7,4
38408,2,11,7,4
41456,2,11,5,6
36248,2,11,5,6
45416,2,11,5,6
41696,2,11,5,6
33384,2,11,5,6
28296,2,11,6,5
35056,2,11,5,6
36912,2,11,6,5
19896,2,11,9,2
40248,2,11,6,5
59768,2,11,7,4
42312,2,11,2,9
17248,2,11,6,5
26152,2,11,5,6
41552,2,11,9,2
32760,2,11,7,4
45520,2,11,6,5
15664,2,11,3,8
20560,2,11,6,5
27520,2,11,5,6
34672,2,11,8,3
17272,2,11,7,4
43904,2,11,3,8
23864,2,11,7,4
25648,2,11,8,3
38104,2,11,6,5
26936,2,11,8,3
54776,2,11,6,5
31368,2,11,5,6
30848,2,11,5,6
38272,2,11,6,5
43192,2,11,5,6
31408,2,11,3,8
32456,2,11,7,4
18688,2,11,7,4
28120,2,11,4,7
28112,2,11,6,5
30768,2,11,5,6
17240,2,11,6,5
19408,2,11,6,5
22528,2,11,6,5
66056,2,11,6,5
42984,2,11,8,3
27416,2,11,7,4
22704,2,11,4,7
28472,2,11,5,6
30216,2,11,7,4
51416,2,11,4,7
45440,2,11,3,8
26144,2,11,6,5
24960,2,11,3,8
31816,2,11,4,7
49792,2,11,3,8
34496,2,11,8,3
50152,2,11,6,5
43672,2,11,6,5
38344,2,11,5,6
26968,2,11,7,4
42400,2,11,7,4
25968,2,11,5,6
27072,2,11,6,5
29864,2,11,8,3
53880,2,11,7,4
36904,2,11,8,3
18488,2,11,5,6
29072,2,11,4,7
28104,2,11,3,8
26168,2,11,3,8
23808,2,11,5,6
29992,2,11,4,7
23168,2,11,5,6
35824,2,11,5,6
18312,2,11,5,6
47440,2,11,3,8
24496,2,11,6,5
43248,2,11,6,5
29920,2,11,5,6
47456,2,11,3,8
41616,2,11,3,8
44032,2,11,7,4
36024,2,11,4,7
23440,2,11,8,3
30784,2,11,5,6
26760,2,11,6,5
38800,2,11,3,8
35368,2,11,7,4
58976,2,11,5,6
28656,2,11,5,6
31944,2,11,4,7
51776,2,11,4,7
38552,2,11,4,7
25952,2,11,4,7
56144,2,11,8,3
24776,2,11,5,6
30096,2,11,5,6
40488,2,11,9,2
15560,2,11,4,7
41992,2,11,5,6
32960,2,11,8,3
37056,2,11,4,7
44008,2,11,5,6
38280,2,11,3,8
23768,2,11,5,6
42792,2,11,5,6
37184,2,11,2,9
55976,2,11,6,5
27688,2,11,5,6
15512,2,11,5,6
19352,2,11,5,6
23632,2,11,4,7
37104,2,11,6,5
21992,2,11,5,6
39256,2,11,7,4
15608,2,11,6,5
38632,2,11,6,5
27128,2,11,5,6
27848,2,11,6,5
31576,2,11,2,9
33880,2,11,7,4
32088,2,11,5,6
30472,2,11,6,5
16944,2,11,2,9
18912,2,11,7,4
19216,2,11,2,9
25448,2,11,7,4
33920,2,11,9,2
79336,2,11,6,5
23264,2,11,7,4
34976,2,11,5,6
48512,2,11,3,8
47344,2,11,5,6
24888,2,11,4,7
38896,2,11,5,6
42304,2,11,6,5
22360,2,11,8,3
36160,2,11,6,5
51408,2,11,5,6
40032,2,11,9,2
28304,2,11,4,7
76896,2,11,8,3
29112,2,11,5,6
17032,2,11,7,4
39104,2,11,5,6
28584,2,11,7,4
39336,2,11,5,6
40472,2,11,4,7
25472,2,11,4,7
41008,2,11,9,2
42344,2,11,6,5
37512,2,11,5,6
22152,2,11,3,8
27000,2,11,6,5
44792,2,11,5,6
26248,2,11,4,7
26552,2,11,3,8
20864,2,11,9,2
33984,2,11,8,3
18512,2,11,6,5
38224,2,11,4,7
38200,2,11,8,3
22536,2,11,5,6
24096,2,11,5,6
35752,2,11,7,4
38672,2,11,5,6
33296,2,11,5,6
39568,2,11,8,3
14856,2,11,4,7
62696,2,11,7,4
30904,2,11,5,6
33136,2,11,7,4
56336,2,11,6,5
20344,2,11,7,4
27728,2,11,5,6
38096,2,11,8,3
21616,2,11,2,9
72240,2,11,5,6
37816,2,11,3,8
23736,2,11,4,7
34832,2,11,7,4
55744,2,11,5,6
29336,2,11,5,6
76864,2,11,4,7
15960,2,11,6,5
19968,2,11,6,5
92192,2,11,6,5
32424,2,11,5,6
35008,2,11,5,6
29824,2,11,6,5
48032,2,11,7,4
62592,2,11,6,5
25432,2,11,9,2
41816,2,11,4,7
23376,2,11,3,8
14816,2,11,5,6
37112,2,11,9,2
20632,2,11,5,6
28360,2,11,5,6
20152,2,11,4,7
35800,2,11,2,9
72432,2,11,8,3
22240,2,11,2,9
46704,2,11,4,7
51624,2,11,4,7
22800,2,11,3,8
36040,2,11,8,3
66840,2,11,4,7
16392,2,11,5,6
38120,2,11,8,3
38144,2,11,7,4
33480,2,11,5,6
26312,2,11,8,3
57784,2,11,5,6
30200,2,11,7,4
20968,2,11,5,6
34864,2,11,6,5
43776,2,11,5,6
25600,2,11,6,5
55608,2,11,7,4
25832,2,11,7,4
30136,2,11,3,8
30128,2,11,5,6
35496,2,11,3,8
36712,2,11,6,5
30320,2,11,5,6
25528,2,11,6,5
39528,2,11,2,9
24176,2,11,6,5
67248,2,11,6,5
23304,2,11,6,5
71024,2,11,6,5
46208,2,11,7,4
40840,2,11,2,9
48776,2,11,4,7
33584,2,11,5,6
35224,2,11,7,4
26712,2,11,6,5
20792,2,11,4,7
42336,2,11,4,7
33544,2,11,5,6
29608,2,11,6,5
21600,2,11,6,5
23512,2,11,6,5
23944,2,11,5,6
24408,2,11,8,3
33872,2,11,8,3
20960,2,11,3,8
21088,2,11,9,2
21536,2,11,7,4
20992,2,11,7,4
32160,2,11,4,7
16992,2,11,7,4
31232,2,11,3,8
41880,2,11,5,6
29032,2,11,1,10
39384,2,11,5,6
26384,2,11,7,4
23608,2,11,7,4
33368,2,11,4,7
25248,2,11,7,4
26952,2,11,7,4
20600,2,11,6,5
31608,2,11,6,5
25760,2,11,4,7
35272,2,11,5,6
32720,2,11,5,6
31560,2,11,7,4
17504,2,11,5,6
36888,2,11,4,7
42528,2,11,6,5
25768,2,11,3,8
38032,2,11,3,8
28200,2,11,6,5
21848,2,11,5,6
36136,2,11,3,8
25920,2,11,7,4
41176,2,11,6,5
31648,2,11,6,5
41312,2,11,4,7
34896,2,11,4,7
49424,2,11,4,7
29136,2,11,3,8
42008,2,11,4,7
22888,2,11,6,5
37344,2,11,7,4
32624,2,11,5,6
23360,2,11,5,6
30984,2,11,9,2
41792,2,11,6,5
35448,2,11,5,6
42664,2,11,6,5
39224,2,11,5,6
24936,2,11,4,7
29128,2,11,3,8
21128,2,11,9,2
28328,2,11,8,3
27112,2,11,5,6
20480,2,11,3,8
23400,2,11,6,5
41656,2,11,7,4
21256,2,11,4,7
18400,2,11,7,4
40880,2,11,6,5
26656,2,11,4,7
43568,2,11,6,5
24376,2,11,4,7
24760,2,11,5,6
57552,2,10,6,4
36488,2,10,8,2
66176,2,10,8,2
18712,2,10,6,4
34168,2,10,5,5
81928,2,10,5,5
21824,2,10,4,6
27400,2,10,6,4
23848,2,10,7,3
24576,2,10,2,8
42656,2,10,4,6
50688,2,10,1,9
35280,2,10,3,7
28080,2,10,7,3
37480,2,10,6,4
39488,2,10,6,4
40744,2,10,5,5
38784,2,10,4,6
29640,2,10,9,1
19040,2,10,4,6
43728,2,10,4,6
25256,2,10,3,7
22224,2,10,6,4
47992,2,10,6,4
24624,2,10,3,7
44720,2,10,2,8
39680,2,10,7,3
70544,3,10,5,5
32976,3,10,3,7
44376,3,10,6,4
29704,3,10,4,6
35992,3,10,6,4
20368,3,10,6,4
22960,3,10,6,4
33432,3,10,7,3
36232,3,10,7,3
27952,3,10,6,4
78056,3,10,7,3
30040,3,10,5,5
44432,3,10,4,6
67872,3,10,5,5
31976,3,10,2,8
22072,3,10,4,6
33216,3,10,3,7
86328,3,10,7,3
55016,3,10,4,6
17912,3,10,6,4
94440,3,10,3,7
23152,3,10,4,6
36984,3,10,1,9
43608,3,10,6,4
69328,3,10,8,2
45992,3,10,6,4
58616,3,10,5,5
34000,3,10,8,2
83816,3,10,7,3
37000,3,10,8,2
28664,3,10,5,5
18200,3,10,4,6
41296,3,10,7,3
33656,3,10,4,6
52568,3,10,3,7
82624,3,10,6,4
47944,3,10,5,5
29456,3,10,7,3
16688,3,10,8,2
36648,3,10,7,3
43800,3,10,3,7
40168,3,10,4,6
54336,3,10,5,5
21664,3,10,5,5
41736,3,10,3,7
30120,3,10,7,3
32800,3,10,5,5
30160,3,10,4,6
77168,3,10,4,6
27256,3,10,7,3
32872,3,10,2,8
25264,3,10,7,3
54208,3,10,3,7
28784,3,10,7,3
27616,3,10,3,7
15920,3,10,5,5
35848,3,10,5,5
14072,3,10,7,3
46664,3,10,3,7
112136,3,10,7,3
35152,3,10,6,4
46520,3,10,5,5
29232,3,10,3,7
24368,3,10,5,5
23984,3,10,5,5
44672,3,10,6,4
37712,3,10,6,4
87984,3,10,7,3
39360,3,10,4,6
32888,3,10,6,4
30240,3,10,6,4
26392,3,10,6,4
50512,3,10,5,5
35200,3,10,6,4
58272,3,10,4,6
34664,3,10,7,3
26376,3,10,6,4
41744,3,10,7,3
26088,3,10,4,6
24848,3,10,4,6
49744,3,10,6,4
39120,3,10,5,5
19544,3,10,3,7
75504,3,10,5,5
37936,3,10,5,5
30088,3,10,3,7
29856,3,10,6,4
32608,3,10,8,2
35552,3,10,5,5
22656,3,10,5,5
30072,3,10,8,2
26072,3,10,6,4
33648,3,10,5,5
38584,3,10,5,5
28208,3,10,6,4
33344,3,10,5,5
27528,3,10,7,3
19592,3,10,4,6
35360,3,10,6,4
22512,3,10,2,8
32688,3,10,3,7
41080,3,10,8,2
31112,3,10,3,7
19472,3,10,5,5
48376,3,10,6,4
25992,3,10,4,6
33464,3,10,4,6
56880,3,10,6,4
22208,3,10,4,6
25592,3,10,6,4
37336,3,10,5,5
22112,3,10,6,4
71480,3,10,6,4
36008,3,10,7,3
34792,3,10,7,3
24248,3,10,1,9
39184,3,10,5,5
28624,3,10,1,9
32384,3,10,6,4
34776,3,10,6,4
26488,3,10,6,4
30728,3,10,6,4
51752,3,10,9,1
38448,3,10,4,6
36744,3,10,6,4
28896,3,10,6,4
26592,3,10,7,3
24264,3,10,4,6
54384,3,10,4,6
55992,3,10,7,3
21544,3,10,8,2
33928,3,10,4,6
46488,3,10,6,4
36032,3,10,6,4
49824,3,10,5,5
76992,3,10,6,4
39152,3,10,4,6
43056,3,10,3,7
40064,3,10,7,3
34744,3,10,3,7
21816,3,10,8,2
18136,3,10,5,5
42392,3,10,6,4
79328,3,10,6,4
25560,3,10,4,6
21016,3,10,4,6
36224,3,10,4,6
27632,3,10,6,4
31760,3,10,4,6
37720,3,10,5,5
34784,3,10,5,5
40536,3,10,7,3
36936,3,10,7,3
34032,3,10,7,3
45000,3,10,7,3
52544,3,10,7,3
41568,3,10,5,5
41608,3,10,7,3
80968,3,10,5,5
82536,3,10,4,6
35000,3,10,6,4
47000,3,10,6,4
64200,3,10,5,5
69856,3,10,6,4
40376,3,10,4,6
21448,3,10,4,6
39408,3,10,5,5
42144,3,10,3,7
37352,3,10,6,4
40048,3,10,6,4
23936,3,10,6,4
43664,3,10,8,2
39616,3,10,7,3
23000,3,10,2,8
20224,3,10,7,3
41208,3,10,8,2
50792,3,10,5,5
39416,3,10,3,7
43536,3,10,4,6
35016,3,10,3,7
25312,3,10,3,7
20544,3,10,4,6
38808,3,10,6,4
40544,3,10,8,2
56120,3,10,6,4
32784,3,10,6,4
50960,3,10,4,6
34648,3,10,3,7
37656,3,10,7,3
35760,3,10,5,5
35632,3,10,6,4
33256,3,10,3,7
53536,3,10,2,8
37400,3,10,3,7
29960,3,10,4,6
27600,3,10,3,7
32048,3,10,6,4
39304,3,10,3,7
31000,3,10,5,5
23104,3,10,6,4
20584,3,10,6,4
43824,3,10,6,4
27568,3,10,3,7
37040,3,10,4,6
35064,3,10,4,6
45400,3,10,4,6
56928,3,10,8,2
28400,3,10,6,4
29528,3,10,4,6
73016,3,10,5,5
26368,3,10,3,7
38680,3,10,5,5
25144,3,10,3,7
38752,3,10,3,7
36144,3,10,5,5
50704,3,10,4,6
31712,3,10,6,4
30960,3,10,4,6
56480,3,10,6,4
49448,3,10,4,6
24040,3,10,3,7
38016,3,10,5,5
39752,3,10,3,7
23368,3,10,3,7
28616,3,10,2,8
57928,3,10,2,8
45056,3,10,5,5
48168,3,10,4,6
37616,3,10,5,5
26328,3,10,6,4
34304,3,10,3,7
23048,3,10,4,6
20192,3,10,4,6
68752,3,10,8,2
26272,3,10,6,4
44256,3,10,8,2
39376,3,10,3,7
37560,3,10,8,2
19448,3,10,6,4
41408,3,10,5,5
39808,3,10,5,5
46200,3,10,5,5
23296,3,10,3,7
57136,3,10,6,4
23664,3,10,5,5
32392,3,10,4,6
39776,3,10,7,3
48560,3,10,8,2
27032,3,10,4,6
98192,3,10,4,6
48728,3,10,4,6
26704,3,10,7,3
36544,3,10,5,5
30296,3,10,5,5
36704,3,10,4,6
61840,3,10,3,7
24992,3,10,8,2
37408,3,10,6,4
62752,3,10,7,3
93504,3,10,5,5
31696,3,10,4,6
38656,3,10,7,3
46008,3,10,3,7
38168,3,10,6,4
29728,3,10,6,4
27136,3,10,6,4
66792,3,10,4,6
45328,3,10,4,6
35168,3,10,4,6
25504,3,10,6,4
63784,3,10,3,7
21680,3,10,4,6
34584,3,10,6,4
30104,3,10,8,2
29024,3,10,7,3
43096,3,10,2,8
68464,3,10,5,5
18824,3,10,6,4
39064,3,10,4,6
38536,3,10,6,4
31536,3,10,8,2
63680,3,10,5,5
46336,3,10,5,5
22192,3,10,7,3
45432,3,10,5,5
43392,3,10,7,3
32560,3,10,6,4
50216,3,10,4,6
17664,3,10,2,8
65472,3,10,5,5
33776,3,10,5,5
60232,3,10,6,4
30936,3,10,5,5
29008,3,10,5,5
59912,3,10,5,5
39192,3,10,2,8
24088,3,10,5,5
39688,3,10,5,5
38392,3,10,9,1
35024,3,10,6,4
44048,3,10,10,0
60992,3,10,4,6
22248,3,10,7,3
76544,3,10,5,5
26776,3,10,3,7
26568,3,10,5,5
38024,3,10,6,4
32920,3,10,3,7
47032,3,10,9,1
31856,3,10,7,3
30688,3,10,5,5
59536,3,10,3,7
39264,3,10,3,7
78232,3,10,4,6
27224,3,10,4,6
28088,3,10,3,7
29480,3,10,9,1
41264,3,10,3,7
28288,3,10,4,6
34104,3,10,4,6
28976,3,10,9,1
35072,3,10,2,8
47296,3,10,5,5
44920,3,10,4,6
26416,3,10,7,3
25816,3,10,5,5
23408,3,10,6,4
34560,3,10,5,5
38944,3,10,6,4
33096,3,10,7,3
20184,3,10,4,6
26880,3,10,9,1
81632,3,10,4,6
19976,3,10,6,4
25104,3,10,2,8
23128,3,10,6,4
46384,3,10,2,8
24144,3,10,6,4
28824,3,10,4,6
48384,3,10,5,5
25824,3,10,5,5
101528,3,10,3,7
42968,3,10,4,6
29448,3,10,6,4
37032,3,10,8,2
36088,3,10,4,6
59032,3,10,4,6
48272,3,10,6,4
73280,3,10,4,6
47184,3,10,7,3
29712,3,10,5,5
27048,3,10,5,5
56280,3,10,6,4
18680,3,10,1,9
36072,3,10,6,4
32848,3,10,5,5
48416,3,10,3,7
29576,3,10,3,7
27488,3,10,3,7
50536,3,10,5,5
35768,3,10,5,5
37312,3,10,4,6
20936,3,10,2,8
39040,3,10,7,3
46736,3,10,7,3
35096,3,10,7,3
45632,3,10,6,4
35344,3,10,6,4
26976,3,10,4,6
24056,3,10,6,4
35888,3,10,6,4
37224,3,10,6,4
31192,3,10,3,7
24272,3,10,7,3
52832,3,10,5,5
36880,3,10,3,7
31312,3,10,6,4
39552,3,10,7,3
50632,3,10,4,6
35264,3,10,5,5
46456,3,10,5,5
29392,3,10,3,7
48232,3,10,4,6
35736,3,10,4,6
45528,3,10,5,5
60120,3,10,4,6
27840,3,10,7,3
22720,3,10,4,6
32408,3,10,7,3
40464,3,10,6,4
25808,3,10,6,4
40928,3,10,6,4
51232,3,10,6,4
47640,3,10,5,5
49872,3,10,7,3
29280,3,10,3,7
25912,3,10,6,4
19320,3,10,5,5
62664,3,10,5,5
35592,3,10,6,4
44344,3,10,3,7
30208,3,10,4,6
46952,3,10,8,2
46168,3,10,6,4
63712,3,10,2,8
57816,3,10,5,5
42624,3,10,2,8
39840,3,10,3,7
30224,3,10,5,5
27208,3,10,3,7
40280,3,10,8,2
35192,3,10,5,5
23072,3,10,6,4
37584,3,10,2,8
45248,3,10,7,3
57352,3,10,5,5
39464,3,10,5,5
39912,3,10,4,6
58792,3,10,5,5
25152,3,10,6,4
58168,3,10,4,6
27824,3,10,5,5
38768,3,10,2,8
24504,3,10,7,3
40992,3,10,6,4
21392,3,10,6,4
29432,3,10,6,4
53680,3,10,6,4
13328,3,10,5,5
39896,3,10,5,5
60448,3,10,7,3
54016,3,10,3,7
45016,3,10,6,4
55768,3,10,4,6
35616,3,10,4,6
37792,3,10,5,5
52664,3,10,6,4
52256,3,10,7,3
67584,3,10,5,5
37128,3,10,4,6
23056,3,10,6,4
30912,3,10,6,4
54944,3,10,3,7
25784,3,10,6,4
31208,3,10,5,5
110024,3,9,3,6
23208,3,9,5,4
57208,3,9,5,4
52464,3,9,6,3
24704,3,9,6,3
62960,3,9,7,2
40976,3,9,4,5
45200,3,9,3,6
34120,3,9,6,3
47048,3,9,6,3
43792,3,9,5,4
31328,3,9,3,6
47072,3,9,5,4
45624,3,9,2,7
141448,3,9,3,6
36256,3,9,3,6
25352,3,9,4,5
42888,3,9,5,4
80952,3,9,3,6
28864,3,9,6,3
35040,3,9,7,2
49504,3,9,3,6
41152,3,9,5,4
33224,3,9,4,5
60256,3,9,4,5
62360,3,9,6,3
32672,3,9,2,7
35176,3,9,4,5
34536,3,9,7,2
56352,3,9,5,4
105456,3,9,8,1
33272,3,9,4,5
29376,3,9,3,6
51248,3,9,5,4
33128,3,9,2,7
50032,3,9,5,4
12360,3,9,7,2
48432,3,9,6,3
63008,3,9,5,4
57016,3,9,6,3
38216,3,9,6,3
132520,3,9,4,5
27792,3,9,3,6
59752,3,9,4,5
30888,3,9,4,5
33992,3,9,5,4
45408,3,9,5,4
26296,3,9,7,2
37248,3,9,5,4
53296,3,9,6,3
59904,3,9,7,2
32104,3,9,5,4
43128,3,9,6,3
54160,3,9,5,4
56200,3,9,3,6
43080,3,9,4,5
38864,3,9,6,3
56360,3,9,3,6
46712,3,9,2,7
39856,3,9,3,6
31728,3,9,3,6
60032,3,9,5,4
46176,3,9,4,5
38248,3,9,6,3
23576,3,9,4,5
82832,3,9,4,5
25400,3,9,6,3
25208,3,9,3,6
73496,3,9,4,5
34440,3,9,7,2
33288,3,9,3,6
42256,3,9,5,4
77408,3,9,6,3
22864,3,9,3,6
78272,3,9,5,4
74680,3,9,5,4
84760,3,9,3,6
26288,3,9,6,3
32992,3,9,4,5
31920,3,9,5,4
62320,3,9,4,5
57024,3,9,3,6
75368,3,9,8,1
32664,3,9,3,6
48824,3,9,8,1
45024,3,9,4,5
73624,3,9,2,7
59168,3,9,5,4
78184,3,9,4,5
48688,3,9,5,4
37456,3,9,4,5
24656,3,9,5,4
68008,3,9,5,4
36608,3,9,3,6
36816,3,9,4,5
58600,3,9,4,5
37624,3,9,7,2
60400,3,9,4,5
35808,3,9,1,8
28920,3,9,6,3
13360,3,9,4,5
24016,3,9,5,4
36464,3,9,4,5
107600,3,9,6,3
39928,3,9,4,5
45576,3,9,6,3
41352,3,9,4,5
31872,3,9,4,5
81704,3,9,5,4
38744,3,9,5,4
65160,3,9,6,3
31752,3,9,4,5
40232,3,9,3,6
21640,3,9,1,8
60632,3,9,5,4
41704,3,9,3,6
50480,3,9,4,5
36952,3,9,6,3
235360,3,9,4,5
35664,3,9,5,4
24256,3,9,4,5
24616,3,9,5,4
29624,3,9,5,4
27200,3,9,5,4
76792,3,9,5,4
68680,3,9,6,3
42536,3,9,7,2
33208,3,9,4,5
48440,3,9,2,7
59360,3,9,5,4
48840,3,9,5,4
39432,3,9,6,3
36592,3,9,4,5
21472,3,9,5,4
40088,3,9,5,4
44384,3,9,5,4
36152,3,9,3,6
28752,3,9,4,5
40912,3,9,3,6
30304,3,9,2,7
34920,3,9,1,8
34336,3,9,8,1
94544,3,9,2,7
33752,3,9,5,4
38816,3,9,7,2
38384,3,9,6,3
58200,3,9,6,3
31384,3,9,7,2
56832,3,9,4,5
41048,3,9,4,5
25288,3,9,8,1
73936,3,9,5,4
28184,3,9,6,3
34136,3,9,5,4
107928,3,9,5,4
31416,3,9,5,4
77040,3,9,6,3
67072,3,9,3,6
27184,3,9,5,4
45360,3,9,4,5
42320,3,9,4,5
100904,3,9,3,6
58712,3,9,6,3
28912,3,9,6,3
27496,3,9,4,5
52152,3,9,7,2
66872,3,9,4,5
24568,3,9,3,6
53088,3,9,6,3
125296,3,9,4,5
33304,3,9,3,6
56432,3,9,4,5
57144,3,9,3,6
100768,3,9,5,4
35912,3,9,4,5
73744,3,9,6,3
46024,3,9,6,3
30800,3,9,2,7
23888,3,9,6,3
29384,3,9,4,5
56160,3,9,5,4
58896,3,9,5,4
25744,3,9,5,4
47088,3,9,4,5
94336,3,9,4,5
65256,3,9,5,4
48488,3,9,2,7
39128,3,9,4,5
86208,3,9,3,6
50400,3,9,5,4
39784,3,9,6,3
31128,3,9,4,5
22760,3,9,5,4
35312,3,9,4,5
57416,3,9,4,5
46496,3,9,8,1
47392,3,9,3,6
37592,3,9,3,6
36768,3,9,6,3
40776,3,9,3,6
42416,3,9,4,5
45448,3,9,3,6
86376,3,9,2,7
55040,3,9,5,4
45472,3,9,5,4
28280,3,9,6,3
83504,3,9,3,6
26256,3,9,2,7
47208,3,9,5,4
38376,3,9,4,5
43584,3,9,6,3
24472,3,9,6,3
33512,3,9,4,5
31528,3,9,5,4
52744,3,9,5,4
71640,3,9,2,7
76528,3,9,5,4
27576,3,9,8,1
43136,3,9,7,2
19744,3,9,5,4
35816,3,9,6,3
53560,3,9,3,6
30280,3,9,3,6
133528,3,9,2,7
23728,3,9,5,4
37096,3,9,5,4
34264,3,9,4,5
33184,3,9,2,7
31632,3,9,5,4
42704,3,9,4,5
77344,3,9,2,7
88944,3,9,6,3
40592,3,9,5,4
40072,3,9,4,5
23616,3,9,7,2
32928,3,9,6,3
89160,3,9,4,5
61704,3,9,2,7
38456,3,9,2,7
46856,3,9,5,4
72760,3,9,3,6
89472,3,9,5,4
21840,3,9,2,7
71240,3,9,5,4
48800,3,9,2,7
42904,3,9,5,4
49328,3,9,5,4
28952,3,9,5,4
23112,3,9,5,4
27152,3,9,5,4
29472,3,9,4,5
37416,3,9,2,7
45600,3,9,5,4
33280,3,9,5,4
102840,3,9,7,2
47792,3,9,6,3
31008,3,9,2,7
27896,3,9,3,6
38560,3,9,5,4
37368,3,9,2,7
60024,3,9,5,4
28576,3,9,4,5
21624,3,9,6,3
65088,3,9,4,5
83880,3,9,6,3
34840,3,9,4,5
35352,3,9,3,6
58640,3,9,3,6
90360,3,9,6,3
71008,3,9,4,5
54784,3,9,5,4
22904,3,9,3,6
41392,3,9,4,5
59832,3,9,4,5
60800,3,9,6,3
26536,3,9,4,5
25032,3,9,4,5
66416,3,9,5,4
46728,3,9,4,5
45376,3,9,7,2
26360,3,9,5,4
46408,3,9,3,6
24192,3,9,5,4
58608,3,9,5,4
24528,3,9,4,5
36584,3,9,3,6
28720,3,9,3,6
24384,3,9,5,4
33864,3,9,5,4
56528,3,9,5,4
45712,3,9,6,3
18800,3,9,6,3
35568,3,9,5,4
49928,3,9,6,3
40448,3,9,4,5
63304,3,9,3,6
25416,3,9,5,4
40312,3,9,6,3
25160,3,9,4,5
36304,3,9,2,7
47064,3,9,4,5
70560,3,9,3,6
59280,3,9,5,4
43864,3,9,5,4
43912,3,9,4,5
23120,3,9,5,4
28928,3,9,7,2
102048,3,9,2,7
47688,3,9,5,4
26672,3,9,4,5
35560,3,9,6,3
42504,3,9,5,4
102184,3,9,6,3
65680,3,9,6,3
126432,3,9,5,4
48672,3,9,7,2
33520,3,9,7,2
26504,3,9,3,6
73152,3,9,4,5
33328,3,9,3,6
45936,3,9,6,3
71448,3,9,3,6
48648,3,9,5,4
44368,3,9,7,2
62976,3,9,3,6
92672,3,9,3,6
33392,3,9,5,4
29648,3,9,4,5
29976,3,9,8,1
30600,3,9,3,6
43440,3,9,4,5
24592,3,9,4,5
42288,3,9,5,4
64776,3,9,3,6
38904,3,9,7,2
30416,3,9,4,5
23656,3,9,4,5
27928,3,9,6,3
39584,3,9,3,6
37520,3,9,4,5
42080,3,9,3,6
22560,3,9,7,2
58312,3,9,1,8
31136,3,9,2,7
48944,3,9,5,4
54456,3,9,4,5
45368,3,9,5,4
58032,3,9,6,3
40344,3,9,5,4
38984,3,9,4,5
80584,3,9,7,2
35984,3,9,6,3
82456,3,9,5,4
87128,3,9,3,6
34040,3,9,5,4
42000,3,9,7,2
29056,3,9,5,4
54608,3,9,5,4
44192,3,9,5,4
69032,3,9,0,9
31200,3,9,0,9
49064,3,9,5,4
34064,3,9,3,6
36296,3,9,5,4
30016,3,9,3,6
36848,3,9,3,6
48368,3,9,4,5
73944,3,9,5,4
26280,3,9,5,4
50560,3,9,4,5
43880,3,9,4,5
50376,3,9,4,5
40120,3,9,5,4
20200,3,9,5,4
40632,3,9,4,5
29760,3,9,5,4
38080,3,9,2,7
102328,3,9,5,4
31120,3,9,5,4
50944,3,9,3,6
30992,3,9,4,5
43040,3,9,3,6
39496,3,9,4,5
53992,3,9,5,4
28176,3,9,7,2
63840,3,9,4,5
22504,3,9,3,6
42584,3,9,4,5
80496,3,9,4,5
22736,3,9,7,2
31736,3,9,4,5
56520,3,9,4,5
37944,3,9,5,4
41512,3,9,3,6
78680,3,9,4,5
55592,3,9,4,5
77376,3,9,4,5
30720,3,9,4,5
28680,3,9,5,4
43416,3,9,6,3
28520,3,9,4,5
42800,3,9,5,4
82032,3,9,4,5
48160,3,9,4,5
40320,3,9,5,4
144776,3,9,5,4
60096,3,9,5,4
33824,3,9,4,5
43216,3,9,3,6
27312,3,9,6,3
25064,3,9,7,2
20112,3,9,5,4
70960,3,9,4,5
21264,3,9,4,5
39000,3,9,4,5
13808,3,9,4,5
28848,3,9,5,4
24864,3,9,6,3
32480,3,9,3,6
61104,3,9,6,3
40528,3,9,3,6
49512,3,9,7,2
43784,3,9,8,1
65912,3,9,6,3
33680,3,9,5,4
28560,3,9,5,4
53584,3,9,6,3
51608,3,9,4,5
72464,3,9,7,2
29944,3,9,5,4
40496,3,9,5,4
38000,3,9,8,1
52872,3,9,5,4
32768,3,9,4,5
20808,3,9,7,2
35160,3,9,6,3
31064,3,9,3,6
52920,3,9,5,4
37152,3,9,3,6
23424,3,9,6,3
32880,3,9,4,5
27936,3,9,3,6
66608,3,9,7,2
36824,3,9,4,5
23912,3,9,7,2
52024,3,9,3,6
53008,3,9,4,5
19032,3,9,7,2
25848,3,9,6,3
27920,3,9,2,7
41496,3,9,5,4
19072,3,9,3,6
26136,3,9,6,3
37776,3,9,6,3
26680,3,9,3,6
38856,3,9,6,3
34488,3,9,6,3
75472,3,9,5,4
34432,3,9,4,5
64320,3,9,7,2
48928,3,9,5,4
40576,3,9,6,3
29352,3,9,3,6
40856,3,9,3,6
52960,3,9,5,4
25576,3,9,7,2
37536,3,9,5,4
57400,3,9,4,5
27888,3,9,6,3
132528,3,9,3,6
33888,3,9,3,6
29288,3,9,6,3
30736,3,9,7,2
45536,3,9,3,6
75400,3,9,6,3
48576,3,9,6,3
33904,3,9,6,3
35944,3,9,6,3
28376,3,9,4,5
55960,3,9,4,5
45464,3,9,3,6
21784,3,9,4,5
69432,3,9,4,5
52656,3,9,6,3
34888,3,9,4,5
44640,3,9,6,3
26224,3,9,3,6
63056,3,9,5,4
36760,3,9,5,4
56328,3,9,4,5
40824,3,9,3,6
50984,3,9,4,5
32656,3,9,6,3
36376,3,9,4,5
41088,3,9,2,7
68368,3,9,4,5
21376,3,9,6,3
35704,3,9,6,3
89328,3,9,3,6
46040,3,9,8,1
92624,3,9,6,3
34544,3,9,6,3
45128,3,9,6,3
91424,3,9,6,3
54904,3,9,8,1
34192,3,9,4,5
85176,3,9,6,3
40848,3,9,5,4
41328,3,9,5,4
49272,3,9,6,3
43176,3,9,1,8
94432,3,9,1,8
76648,3,9,6,3
28704,3,9,3,6
34152,3,9,4,5
38072,3,9,5,4
38064,3,9,5,4
34016,3,9,5,4
31888,3,9,4,5
37840,3,9,3,6
28192,3,9,4,5
55584,3,9,6,3
79360,3,9,8,1
60520,3,9,6,3
39208,3,9,5,4
46976,3,9,6,3
38720,3,9,6,3
43264,3,9,7,2
30080,3,9,3,6
42568,3,9,5,4
37360,3,9,3,6
26728,3,9,5,4
81208,3,9,5,4
34160,3,9,6,3
46688,3,9,5,4
51432,3,9,5,4
35376,3,9,7,2
39088,3,9,4,5
43408,3,9,3,6
51672,3,9,7,2
44040,3,9,4,5
64432,3,9,5,4
31016,3,9,4,5
35472,3,9,4,5
40256,3,9,3,6
42616,3,9,5,4
54312,3,9,6,3
37888,3,9,5,4
33408,3,9,6,3
56888,3,9,4,5
72648,3,9,5,4
47280,3,9,6,3
27648,3,9,6,3
31616,3,9,7,2
25224,3,9,5,4
79768,3,9,5,4
32136,3,9,4,5
19184,3,9,4,5
61296,3,9,6,3
53168,3,9,4,5
41424,3,9,5,4
44328,3,9,3,6
31864,3,9,4,5
95888,3,9,5,4
54352,3,9,4,5
53600,3,9,4,5
69312,3,9,7,2
31304,3,9,4,5
38960,3,9,5,4
42688,3,9,4,5
26600,3,9,5,4
27856,3,9,5,4
39736,3,9,4,5
66128,3,9,4,5
22928,3,9,5,4
31744,3,9,8,1
44680,3,9,5,4
100168,3,9,5,4
39480,3,9,5,4
29776,3,9,5,4
61992,3,9,5,4
84592,3,9,3,6
34752,3,9,9,0
39144,3,9,5,4
23480,3,9,2,7
67104,3,9,6,3
63944,3,9,5,4
94536,3,9,7,2
66480,3,9,3,6
58944,3,9,6,3
34640,3,9,5,4
43856,3,9,4,5
64632,3,9,2,7
92376,3,9,7,2
39448,3,9,5,4
63896,3,9,7,2
34936,3,9,6,3
34288,3,9,4,5
33856,3,9,6,3
68384,3,9,2,7
28600,3,9,3,6
21000,3,9,6,3
44632,3,9,3,6
18816,3,9,7,2
49880,3,9,4,5
91728,3,8,1,7
93488,3,8,6,2
33376,3,8,2,6
44000,3,8,4,4
44736,3,8,4,4
53120,3,8,5,3
55880,3,8,3,5
73992,3,8,4,4
68824,3,8,5,3
97064,3,8,3,5
47488,3,8,3,5
36856,3,8,3,5
50720,3,8,2,6
67456,3,8,3,5
45648,3,8,3,5
90432,3,8,2,6
56680,3,8,4,4
36480,3,8,4,4
37784,3,8,5,3
42648,3,8,7,1
72624,3,8,5,3
34344,3,8,6,2
87336,3,8,5,3
43152,3,8,4,4
30872,3,8,2,6
52800,3,8,3,5
27320,3,8,4,4
63440,3,8,4,4
35680,3,8,5,3
25496,3,8,4,4
41976,3,8,5,3
37832,3,8,3,5
36864,3,8,3,5
58816,3,8,5,3
50824,3,8,2,6
37968,3,8,4,4
43312,3,8,5,3
54896,3,8,1,7
50896,3,8,3,5
38968,3,8,3,5
21880,3,8,4,4
45824,3,8,3,5
82160,3,8,5,3
21736,3,8,4,4
51848,3,8,7,1
35960,3,8,4,4
30112,3,8,6,2
46888,3,8,0,8
100928,3,8,5,3
47256,3,8,6,2
44488,3,8,4,4
34200,3,8,3,5
33704,3,8,5,3
40104,3,8,5,3
72416,3,8,6,2
41128,3,8,4,4
27304,3,8,3,5
30456,3,8,5,3
69984,3,8,6,2
69760,3,8,5,3
53520,3,8,4,4
48896,3,8,2,6
43464,3,8,5,3
59720,3,8,4,4
25512,3,8,6,2
45240,3,8,2,6
94080,3,8,4,4
26512,3,8,3,5
61800,3,8,6,2
42592,3,8,3,5
41232,3,8,5,3
25536,3,8,4,4
36200,3,8,2,6
46216,3,8,3,5
45944,3,8,2,6
38320,3,8,4,4
33232,3,8,6,2
72872,3,8,4,4
38232,3,8,3,5
30560,3,8,2,6
37600,3,8,3,5
32272,3,8,4,4
101048,3,8,3,5
138200,3,8,6,2
69280,3,8,4,4
38736,3,8,6,2
47888,3,8,1,7
50696,3,8,6,2
30840,3,8,4,4
30232,3,8,2,6
34224,3,8,3,5
70976,3,8,6,2
28408,3,8,2,6
66392,3,8,4,4
108968,3,8,3,5
33424,3,8,6,2
121344,3,8,6,2
55080,3,8,3,5
44960,3,8,5,3
65952,3,8,2,6
49640,3,8,4,4
41120,3,8,2,6
75152,3,8,4,4
66624,3,8,3,5
41536,3,8,4,4
52368,3,8,6,2
25896,3,8,3,5
44064,3,8,1,7
64120,3,8,5,3
27768,3,8,5,3
17736,3,8,4,4
179704,3,8,4,4
42744,3,8,4,4
44504,3,8,3,5
42608,3,8,5,3
45136,3,8,1,7
65424,3,8,2,6
55376,3,8,3,5
51712,3,8,2,6
41360,3,8,1,7
47976,3,8,5,3
32912,3,8,4,4
54696,3,8,5,3
64856,3,8,4,4
33736,3,8,5,3
71520,3,8,4,4
42720,3,8,5,3
29984,3,8,4,4
97752,3,8,4,4
41840,3,8,5,3
160704,3,8,4,4
57856,3,8,6,2
33152,3,8,5,3
68440,3,8,5,3
37608,3,8,4,4
55112,3,8,2,6
159600,3,8,3,5
68096,3,8,4,4
37912,3,8,5,3
85112,3,8,3,5
58888,3,8,3,5
82000,3,8,6,2
83904,3,8,3,5
27584,3,8,5,3
62568,3,8,3,5
55456,3,8,4,4
60648,3,8,5,3
54984,3,8,7,1
43992,3,8,4,4
27192,3,8,6,2
37872,3,8,2,6
46936,3,8,5,3
34608,3,8,6,2
47432,3,8,5,3
31600,3,8,2,6
32336,3,8,5,3
28256,3,8,3,5
41944,3,8,1,7
77136,3,8,6,2
52496,3,8,3,5
60712,3,8,4,4
72080,3,8,3,5
44584,3,8,1,7
50616,3,8,1,7
74088,3,8,4,4
109984,3,8,6,2
50360,3,8,4,4
72728,3,8,5,3
50816,3,8,4,4
62208,3,8,3,5
47360,3,8,6,2
36944,3,8,3,5
52848,3,8,3,5
27760,3,8,2,6
58296,3,8,6,2
58008,3,8,4,4
39456,3,8,4,4
85080,3,8,7,1
25320,3,8,5,3
107824,3,8,4,4
51480,3,8,7,1
66464,3,8,4,4
36800,3,8,3,5
46096,3,8,5,3
50368,3,8,5,3
24480,3,8,6,2
44840,3,8,6,2
69568,3,8,4,4
41672,3,8,5,3
45392,3,8,4,4
53672,3,8,3,5
56872,3,8,5,3
33728,3,8,4,4
21408,3,8,3,5
44456,3,8,6,2
84584,3,8,1,7
27040,3,8,3,5
30272,3,8,3,5
38480,3,8,5,3
47448,3,8,3,5
51904,3,8,5,3
64704,3,8,1,7
53184,3,8,2,6
70536,3,8,3,5
50048,3,8,4,4
34600,3,8,2,6
34088,3,8,6,2
57224,3,8,5,3
46744,3,8,4,4
44392,3,8,5,3
34256,3,8,5,3
56496,3,8,4,4
46416,3,8,4,4
50312,3,8,5,3
48976,3,8,6,2
44088,3,8,3,5
44232,3,8,4,4
50304,3,8,4,4
50384,3,8,4,4
56696,3,8,4,4
65992,3,8,3,5
57120,3,8,4,4
59152,3,8,7,1
78096,3,8,5,3
58480,3,8,2,6
48760,3,8,5,3
63608,3,8,4,4
44864,3,8,1,7
60536,3,8,4,4
55472,3,8,4,4
30464,3,8,5,3
89520,3,8,2,6
57968,3,8,1,7
41376,3,8,5,3
50056,3,8,4,4
81056,3,8,4,4
64896,3,8,5,3
41144,3,8,5,3
44200,3,8,2,6
70288,3,8,6,2
71080,3,8,5,3
104624,3,8,1,7
37952,3,8,3,5
32632,3,8,4,4
77528,3,8,2,6
44152,3,8,2,6
80408,3,8,7,1
29928,3,8,1,7
40680,3,8,3,5
26824,3,8,4,4
77384,3,8,5,3
36400,3,8,3,5
52616,3,8,2,6
67000,3,8,6,2
47880,3,8,6,2
46144,3,8,5,3
120824,3,8,4,4
73792,3,8,1,7
39248,3,8,6,2
37464,3,8,6,2
123560,3,8,5,3
68224,3,8,5,3
36344,3,8,3,5
48712,3,8,2,6
29848,3,8,3,5
23752,3,8,3,5
42880,3,8,5,3
49816,3,8,6,2
68520,3,8,5,3
27296,3,8,2,6
96952,3,8,2,6
26632,3,8,6,2
48536,3,8,3,5
38912,3,8,6,2
114488,3,8,3,5
42600,3,8,5,3
76184,3,8,2,6
48528,3,8,3,5
37688,3,8,5,3
34816,3,8,5,3
44992,3,8,3,5
47040,3,8,2,6
27080,3,8,4,4
21520,3,8,7,1
37800,3,8,4,4
34272,3,8,1,7
25584,3,8,3,5
31056,3,8,2,6
37232,3,8,3,5
72712,3,8,4,4
54864,3,8,7,1
28536,3,8,1,7
37640,3,8,3,5
35840,3,8,3,5
51568,3,8,4,4
119416,3,8,4,4
62304,3,8,4,4
80400,3,8,2,6
30360,3,8,6,2
34448,3,8,5,3
99880,3,8,6,2
35208,3,8,5,3
49864,3,8,4,4
27832,3,8,5,3
95904,3,8,3,5
40288,3,8,1,7
79688,3,8,3,5
94800,3,8,4,4
59416,3,8,6,2
42368,3,8,4,4
31184,3,8,3,5
71968,3,8,3,5
47760,3,8,3,5
49312,3,8,3,5
57944,3,8,7,1
59856,3,8,4,4
36680,3,8,4,4
88976,3,8,5,3
80568,3,8,7,1
57080,3,8,3,5
184128,3,8,5,3
63792,3,8,5,3
27640,3,8,4,4
38440,3,8,4,4
36560,3,8,1,7
33496,3,8,5,3
38568,3,8,4,4
20176,3,8,7,1
47616,3,8,6,2
67776,3,8,3,5
59128,3,8,6,2
84720,3,8,3,5
59824,3,8,4,4
50296,3,8,3,5
75536,3,8,3,5
34096,3,8,4,4
66072,3,8,4,4
61536,3,8,5,3
34208,3,8,6,2
59512,3,8,6,2
46232,3,8,7,1
33248,3,8,6,2
55352,3,8,4,4
25000,3,8,4,4
60000,3,8,4,4
54520,3,8,4,4
30776,3,8,5,3
216472,3,8,5,3
50080,3,8,5,3
50624,3,8,3,5
42632,3,8,2,6
45704,3,8,4,4
39320,3,8,3,5
26120,3,8,2,6
31256,3,8,3,5
36408,3,8,3,5
38048,3,8,3,5
71648,3,8,4,4
39600,3,8,1,7
26232,3,8,3,5
32144,3,8,3,5
50160,3,8,4,4
34048,3,8,4,4
61712,3,8,2,6
32600,3,8,4,4
68672,3,8,5,3
72296,3,8,3,5
41624,3,8,4,4
36440,3,8,5,3
42432,3,8,2,6
40568,3,8,5,3
78992,3,8,4,4
40624,3,8,3,5
58920,3,8,4,4
31480,3,8,3,5
74008,3,8,6,2
32192,3,8,3,5
23448,3,8,6,2
42120,3,8,2,6
46240,3,8,3,5
47112,3,8,4,4
74400,3,8,3,5
33664,3,8,1,7
88336,3,8,2,6
67552,3,8,4,4
49384,3,8,3,5
25728,3,8,4,4
20912,3,8,3,5
31688,3,8,3,5
45296,3,8,4,4
105080,3,8,4,4
50024,3,8,5,3
49752,3,8,4,4
61872,3,8,4,4
54472,3,8,5,3
59544,3,8,4,4
61896,3,8,8,0
39400,3,8,3,5
30152,3,8,4,4
50224,3,8,5,3
27008,3,8,5,3
184080,3,8,6,2
92464,3,8,5,3
43016,3,8,4,4
32200,3,8,4,4
65064,3,8,5,3
30608,3,8,4,4
29216,3,8,3,5
36896,3,8,4,4
44264,3,8,4,4
43424,3,8,5,3
46224,3,8,3,5
55832,3,8,3,5
49016,3,8,6,2
66952,3,8,1,7
32952,3,8,5,3
38472,3,8,4,4
31296,3,8,4,4
92760,3,8,4,4
60496,3,8,4,4
25440,3,8,2,6
26816,3,8,6,2
43168,3,8,2,6
66488,3,8,3,5
95936,3,8,2,6
59384,3,8,3,5
39168,3,8,6,2
96632,3,8,3,5
29424,3,8,5,3
48784,3,8,4,4
36784,3,8,1,7
25712,3,8,3,5
26200,3,8,5,3
22464,3,8,5,3
66200,3,8,6,2
54440,3,8,7,1
52000,3,8,4,4
66640,3,8,5,3
75016,3,8,6,2
42824,3,8,2,6
31808,3,8,5,3
30744,3,8,5,3
57608,3,8,3,5
40608,3,8,3,5
29416,3,8,4,4
48624,3,8,3,5
46088,3,8,5,3
62264,3,8,4,4
32448,3,8,5,3
15344,3,8,7,1
82352,3,8,4,4
65208,3,8,3,5
93080,3,8,5,3
51928,3,8,3,5
23872,3,8,3,5
60576,3,8,4,4
72552,3,8,2,6
70368,3,8,5,3
64920,3,8,5,3
52008,3,8,6,2
69584,3,8,1,7
36920,3,8,5,3
70768,3,8,1,7
51264,3,8,5,3
31248,3,8,5,3
46944,3,8,4,4
46792,3,8,3,5
82432,3,8,4,4
54768,3,8,3,5
25568,3,8,4,4
51104,3,8,6,2
56544,3,8,4,4
23392,3,8,4,4
50240,3,8,4,4
44408,3,8,2,6
66152,3,8,2,6
49248,3,8,6,2
34184,3,8,3,5
118992,3,8,5,3
29616,3,8,3,5
104016,3,8,6,2
58440,3,8,5,3
87880,3,8,5,3
57168,3,8,2,6
73648,3,8,5,3
42136,3,8,4,4
48632,3,8,4,4
24128,3,8,4,4
45736,3,8,8,0
83248,3,8,4,4
35936,3,8,4,4
82856,3,8,3,5
81712,3,8,3,5
78352,3,8,3,5
119728,3,8,3,5
34728,3,8,6,2
39976,3,8,1,7
44968,3,8,3,5
29720,3,8,2,6
90544,3,8,0,8
43432,3,8,5,3
28008,3,8,4,4
125608,3,8,3,5
31288,3,8,3,5
44768,3,8,4,4
84536,3,8,5,3
41728,3,8,3,5
104776,3,8,5,3
36504,3,8,4,4
113840,3,8,4,4
31992,3,8,7,1
51152,3,8,5,3
49344,3,8,6,2
27712,3,8,8,0
35440,3,8,4,4
37320,3,8,5,3
65832,3,8,5,3
89216,3,8,4,4
57864,3,8,4,4
33848,3,8,2,6
42176,3,8,6,2
67304,3,8,4,4
55360,3,8,5,3
49656,3,8,6,2
47704,3,8,3,5
43712,3,8,6,2
56976,3,8,3,5
26848,3,8,4,4
46504,3,8,4,4
108368,3,8,1,7
37544,3,8,3,5
84312,3,8,4,4
53696,3,8,5,3
51736,3,8,5,3
40520,3,8,3,5
69472,3,8,1,7
67016,3,8,3,5
127032,3,8,3,5
36096,3,8,4,4
40816,3,8,5,3
31024,3,8,3,5
165624,3,8,3,5
101568,3,8,3,5
37824,3,8,6,2
27144,3,8,3,5
37880,3,8,2,6
53944,3,8,6,2
32128,3,8,5,3
119696,3,8,5,3
47312,3,8,6,2
49976,3,8,6,2
27968,3,8,5,3
33416,3,8,2,6
52728,3,8,5,3
33768,3,8,3,5
29560,3,8,5,3
89144,3,8,7,1
79080,3,8,3,5
38696,3,8,4,4
32280,3,8,2,6
67168,3,8,6,2
99672,3,8,3,5
60776,3,8,3,5
35784,3,8,4,4
52776,3,8,4,4
53608,3,8,4,4
42096,3,8,2,6
54168,3,8,2,6
35336,3,8,5,3
104824,3,8,4,4
33056,3,8,4,4
43160,3,8,5,3
34680,3,8,5,3
91400,3,8,6,2
125168,3,8,2,6
56856,3,8,3,5
32376,3,8,4,4
33528,3,8,3,5
25672,3,8,5,3
52864,3,8,2,6
115456,3,8,5,3
50344,3,8,4,4
63080,3,8,6,2
52904,3,8,6,2
55512,3,8,8,0
43968,3,8,4,4
71800,3,8,4,4
59064,3,8,3,5
40616,3,8,3,5
146568,3,8,2,6
47752,3,8,2,6
48752,3,8,3,5
93288,3,8,4,4
49200,3,8,2,6
42352,3,8,3,5
46128,3,8,3,5
62104,3,8,4,4
109784,3,8,5,3
28072,3,8,5,3
33640,3,8,3,5
32936,3,8,2,6
47352,3,8,4,4
77152,3,8,1,7
57064,3,8,6,2
61160,3,8,3,5
73392,3,8,5,3
51000,3,8,1,7
63520,3,8,5,3
63168,3,8,4,4
93008,3,8,4,4
73248,3,8,5,3
88520,3,8,4,4
99096,3,8,3,5
51336,3,8,5,3
74432,3,8,6,2
33576,3,8,6,2
66192,3,8,4,4
52472,3,8,4,4
78072,3,8,4,4
40096,3,8,5,3
52480,3,8,5,3
74248,3,8,5,3
55128,3,8,4,4
33624,3,8,4,4
69288,3,8,4,4
50592,3,8,7,1
60784,3,8,4,4
95584,3,8,3,5
86288,3,8,5,3
41016,3,8,3,5
73512,3,8,6,2
38616,3,8,5,3
44184,3,8,3,5
33176,3,8,4,4
79024,3,8,4,4
77768,3,8,2,6
148912,3,8,4,4
46328,3,8,3,5
72960,3,8,4,4
34512,3,8,5,3
30552,3,8,3,5
39984,3,8,6,2
25688,3,8,5,3
62224,3,8,8,0
52992,3,8,4,4
69496,3,8,5,3
31784,3,8,4,4
37928,3,8,3,5
53976,3,8,4,4
48088,3,8,5,3
31472,3,8,3,5
112112,3,8,3,5
39328,3,8,5,3
74424,3,8,5,3
135488,3,8,7,1
91952,3,8,6,2
31520,3,8,7,1
96856,3,8,3,5
67672,3,8,5,3
52896,3,8,5,3
50136,3,8,3,5
41768,3,8,3,5
56800,3,8,4,4
60888,3,8,3,5
36496,3,8,6,2
42480,3,8,8,0
54512,3,8,5,3
131512,3,8,5,3
80632,3,8,5,3
35248,3,8,6,2
34912,3,8,4,4
35504,3,8,6,2
41912,3,8,4,4
43120,3,8,2,6
44448,3,8,5,3
80576,3,8,3,5
29272,3,8,3,5
27656,3,8,4,4
53648,3,8,6,2
63928,3,8,2,6
41800,3,8,3,5
45896,3,8,5,3
43472,3,8,6,2
48720,3,8,4,4
40264,3,8,7,1
49360,3,8,6,2
30424,3,8,2,6
40176,3,8,4,4
33000,3,8,5,3
73952,3,8,5,3
120680,3,8,1,7
37208,3,8,1,7
53328,3,8,3,5
40016,3,8,2,6
39768,3,8,5,3
89976,3,8,3,5
57720,3,8,4,4
100896,3,8,1,7
55648,3,8,5,3
72776,3,8,6,2
89400,3,8,3,5
33760,3,8,4,4
79072,3,8,6,2
77624,3,8,2,6
21240,3,8,1,7
80448,3,8,5,3
67560,3,8,4,4
43352,3,8,2,6
29248,3,8,3,5
44496,3,8,1,7
84544,3,8,4,4
45968,3,8,3,5
39176,3,8,2,6
22168,3,8,6,2
54192,3,8,2,6
71904,3,8,3,5
67744,3,8,4,4
45960,3,8,3,5
47784,3,8,3,5
51176,3,8,4,4
65248,3,8,6,2
89912,3,8,7,1
28464,3,8,4,4
35120,3,8,3,5
43104,3,8,4,4
30544,3,8,4,4
30680,3,8,3,5
41320,3,8,3,5
62864,3,8,6,2
48816,3,8,5,3
71192,3,8,3,5
27624,3,8,4,4
110632,3,8,6,2
45064,3,8,5,3
29896,3,8,7,1
62176,3,8,5,3
43008,3,8,4,4
105744,3,8,3,5
51616,3,8,3,5
28224,3,8,2,6
46464,3,8,2,6
89584,3,8,3,5
80344,3,7,3,4
179912,3,7,4,3
49112,3,7,1,6
40512,3,7,5,2
68912,3,7,3,4
70600,3,7,1,6
31096,3,7,5,2
28608,3,7,2,5
143584,3,7,4,3
110904,3,7,4,3
111928,3,7,3,4
41560,3,7,3,4
56304,3,7,6,1
63184,3,7,5,2
72528,3,7,5,2
57200,3,7,4,3
42736,3,7,0,7
114856,3,7,1,6
89600,3,7,4,3
29632,3,7,6,1
59400,3,7,5,2
127824,3,7,2,5
59048,3,7,5,2
55328,3,7,3,4
40352,3,7,6,1
54976,3,7,4,3
34384,3,7,3,4
27064,3,7,6,1
56616,3,7,6,1
39624,3,7,4,3
70472,3,7,3,4
28760,3,7,5,2
79504,3,7,6,1
54200,3,7,1,6
53784,3,7,2,5
91264,3,7,3,4
50864,3,7,6,1
47696,3,7,2,5
48112,3,7,4,3
66776,3,7,3,4
39904,3,7,5,2
46896,3,7,3,4
50168,3,7,5,2
37528,3,7,2,5
43560,3,7,3,4
40696,3,7,4,3
63624,3,7,7,0
33168,3,7,1,6
48808,3,7,3,4
149656,3,7,4,3
46432,3,7,3,4
51184,3,7,6,1
27480,3,7,4,3
37864,3,7,5,2
103344,3,7,2,5
71168,3,7,5,2
50392,3,7,3,4
16800,3,7,3,4
51720,3,7,2,5
34624,3,7,1,6
61416,3,7,3,4
55424,3,7,4,3
86704,3,7,3,4
140840,3,7,3,4
55408,3,7,3,4
76912,3,7,2,5
30176,3,7,5,2
29192,3,7,2,5
132408,3,7,3,4
66352,3,7,3,4
29832,3,7,2,5
55464,3,7,2,5
49856,3,7,3,4
48304,3,7,4,3
42040,3,7,2,5
58656,3,7,4,3
67688,3,7,3,4
93640,3,7,2,5
58144,3,7,2,5
99792,3,7,3,4
72656,3,7,0,7
50320,3,7,2,5
30376,3,7,1,6
43336,3,7,5,2
162552,3,7,2,5
134528,3,7,3,4
71568,3,7,2,5
57664,3,7,3,4
50120,3,7,4,3
57848,3,7,3,4
119104,3,7,4,3
58768,3,7,5,2
42056,3,7,2,5
39240,3,7,4,3
31440,3,7,3,4
70712,3,7,3,4
53216,3,7,3,4
123872,3,7,2,5
26016,3,7,3,4
59960,3,7,6,1
23744,3,7,4,3
56552,3,7,2,5
69904,3,7,5,2
56576,3,7,4,3
101968,3,7,6,1
112480,3,7,2,5
55064,3,7,3,4
120272,3,7,5,2
36528,3,7,4,3
27544,4,7,3,4
76376,4,7,3,4
77024,4,7,5,2
46872,4,7,6,1
154264,4,7,3,4
121136,4,7,2,5
112944,4,7,3,4
75496,4,7,0,7
57904,4,7,2,5
184760,4,7,4,3
32008,4,7,5,2
86128,4,7,4,3
129424,4,7,4,3
56488,4,7,2,5
62136,4,7,0,7
36392,4,7,3,4
62520,4,7,2,5
70280,4,7,5,2
147288,4,7,3,4
89200,4,7,2,5
45216,4,7,4,3
32520,4,7,2,5
95264,4,7,5,2
62216,4,7,2,5
51192,4,7,5,2
75312,4,7,4,3
37424,4,7,5,2
135240,4,7,5,2
64344,4,7,4,3
68496,4,7,2,5
27704,4,7,2,5
31224,4,7,1,6
72336,4,7,2,5
153488,4,7,2,5
46920,4,7,3,4
39592,4,7,4,3
60672,4,7,3,4
56232,4,7,2,5
98360,4,7,3,4
119344,4,7,4,3
69440,4,7,3,4
58336,4,7,1,6
139600,4,7,3,4
37296,4,7,5,2
46528,4,7,3,4
47856,4,7,7,0
72136,4,7,5,2
47968,4,7,2,5
158728,4,7,7,0
50800,4,7,3,4
120848,4,7,2,5
39864,4,7,4,3
60656,4,7,4,3
36336,4,7,6,1
52952,4,7,4,3
35296,4,7,2,5
49040,4,7,2,5
57512,4,7,4,3
74296,4,7,5,2
23696,4,7,4,3
38416,4,7,2,5
282512,4,7,2,5
85648,4,7,5,2
35608,4,7,5,2
94064,4,7,6,1
46904,4,7,1,6
44528,4,7,3,4
47568,4,7,7,0
30408,4,7,4,3
45312,4,7,4,3
119888,4,7,5,2
45336,4,7,4,3
59104,4,7,4,3
56416,4,7,5,2
109208,4,7,2,5
83016,4,7,5,2
28768,4,7,3,4
44160,4,7,7,0
32528,4,7,4,3
85000,4,7,5,2
58088,4,7,4,3
84216,4,7,3,4
35048,4,7,5,2
78696,4,7,2,5
55840,4,7,4,3
44696,4,7,2,5
66360,4,7,5,2
59504,4,7,3,4
58496,4,7,5,2
67792,4,7,4,3
47952,4,7,6,1
60008,4,7,2,5
72216,4,7,3,4
123936,4,7,5,2
55416,4,7,5,2
33960,4,7,5,2
68360,4,7,5,2
42208,4,7,4,3
39576,4,7,5,2
38432,4,7,2,5
60288,4,7,6,1
53800,4,7,3,4
86296,4,7,5,2
78856,4,7,5,2
53488,4,7,6,1
120552,4,7,4,3
81408,4,7,6,1
43840,4,7,5,2
60528,4,7,4,3
40400,4,7,3,4
51504,4,7,3,4
48864,4,7,1,6
74360,4,7,3,4
214192,4,7,6,1
64152,4,7,4,3
40560,4,7,3,4
28904,4,7,4,3
32024,4,7,3,4
41648,4,7,4,3
46752,4,7,3,4
66560,4,7,3,4
67320,4,7,2,5
62368,4,7,1,6
47264,4,7,5,2
37024,4,7,4,3
123072,4,7,3,4
67968,4,7,4,3
44240,4,7,4,3
114976,4,7,3,4
78224,4,7,2,5
89008,4,7,3,4
30000,4,7,4,3
67136,4,7,4,3
78864,4,7,3,4
83936,4,7,4,3
60952,4,7,4,3
149984,4,7,5,2
28968,4,7,4,3
33616,4,7,5,2
45112,4,7,3,4
68408,4,7,3,4
47408,4,7,5,2
75928,4,7,4,3
46616,4,7,2,5
28240,4,7,5,2
77312,4,7,6,1
89552,4,7,5,2
165848,4,7,1,6
24896,4,7,3,4
30920,4,7,6,1
57056,4,7,5,2
31400,4,7,3,4
64800,4,7,4,3
147816,4,7,5,2
35488,4,7,5,2
43616,4,7,5,2
46320,4,7,2,5
42936,4,7,5,2
65264,4,7,2,5
43648,4,7,3,4
73856,4,7,6,1
48584,4,7,0,7
29808,4,7,2,5
102952,4,7,5,2
68784,4,7,6,1
36656,4,7,2,5
63360,4,7,4,3
52560,4,7,3,4
85328,4,7,4,3
37744,4,7,4,3
33672,4,7,5,2
127880,4,7,3,4
39424,4,7,2,5
58000,4,7,6,1
30056,4,7,4,3
24136,4,7,1,6
52248,4,7,6,1
32216,4,7,5,2
43528,4,7,4,3
46544,4,7,4,3
65120,4,7,3,4
85880,4,7,5,2
37240,4,7,2,5
53752,4,7,7,0
61584,4,7,4,3
141040,4,7,3,4
53376,4,7,1,6
131496,4,7,4,3
63352,4,7,6,1
71264,4,7,3,4
39872,4,7,5,2
68024,4,7,5,2
39832,4,7,4,3
59680,4,7,2,5
79168,4,7,4,3
57304,4,7,4,3
26736,4,7,5,2
50680,4,7,3,4
56792,4,7,4,3
54144,4,7,5,2
82200,4,7,2,5
46864,4,7,5,2
111072,4,7,4,3
47672,4,7,1,6
56864,4,7,1,6
37992,4,7,6,1
88696,4,7,6,1
22992,4,7,3,4
56112,4,7,2,5
54792,4,7,7,0
35480,4,7,3,4
60320,4,7,2,5
76032,4,7,3,4
93024,4,7,3,4
63960,4,7,3,4
46032,4,7,5,2
49440,4,7,4,3
110992,4,7,3,4
64816,4,7,4,3
76632,4,7,3,4
60616,4,7,5,2
106928,4,7,2,5
47376,4,7,5,2
223912,4,7,3,4
40392,4,7,3,4
33688,4,7,2,5
49984,4,7,3,4
60408,4,7,3,4
91536,4,7,4,3
45768,4,7,3,4
70240,4,7,0,7
105416,4,7,2,5
71832,4,7,2,5
41216,4,7,4,3
41072,4,7,4,3
24928,4,7,5,2
53896,4,7,2,5
25136,4,7,6,1
54320,4,7,2,5
49136,4,7,2,5
25232,4,7,2,5
49904,4,7,1,6
49784,4,7,6,1
47504,4,7,6,1
58872,4,7,4,3
65368,4,7,2,5
200984,4,7,3,4
32440,4,7,3,4
49552,4,7,0,7
37272,4,7,5,2
66816,4,7,4,3
49760,4,7,3,4
62856,4,7,5,2
54072,4,7,3,4
160720,4,7,4,3
52344,4,7,4,3
53472,4,7,5,2
91192,4,7,2,5
49648,4,7,3,4
59256,4,7,5,2
44872,4,7,3,4
73840,4,7,4,3
37168,4,7,3,4
26912,4,7,4,3
73032,4,7,4,3
21696,4,7,3,4
36216,4,7,2,5
29000,4,7,2,5
32592,4,7,4,3
45688,4,7,1,6
63112,4,7,4,3
28688,4,7,6,1
71552,4,7,4,3
70304,4,7,4,3
45800,4,7,4,3
81960,4,7,4,3
54552,4,7,4,3
101504,4,7,4,3
68744,4,7,4,3
33160,4,7,6,1
40704,4,7,6,1
57656,4,7,3,4
29840,4,7,3,4
75784,4,7,3,4
47056,4,7,4,3
50992,4,7,3,4
41504,4,7,4,3
119200,4,7,2,5
46136,4,7,4,3
68120,4,7,4,3
102800,4,7,5,2
79624,4,7,4,3
81416,4,7,3,4
48608,4,7,2,5
44512,4,7,2,5
271064,4,7,2,5
145248,4,7,3,4
57040,4,7,1,6
82464,4,7,4,3
45976,4,7,2,5
130104,4,7,5,2
37088,4,7,2,5
92704,4,7,5,2
164032,4,7,5,2
62192,4,7,3,4
63728,4,7,2,5
38704,4,7,4,3
112688,4,7,4,3
44056,4,7,3,4
41224,4,7,4,3
59208,4,7,5,2
64056,4,7,3,4
31800,4,7,3,4
61072,4,7,3,4
58024,4,7,3,4
68792,4,7,5,2
32744,4,7,2,5
44712,4,7,5,2
27784,4,7,4,3
33608,4,7,4,3
35528,4,7,4,3
98280,4,7,6,1
68080,4,7,5,2
24112,4,7,4,3
34112,4,7,3,4
34632,4,7,4,3
33800,4,7,4,3
27120,4,7,1,6
97568,4,7,4,3
68768,4,7,4,3
74056,4,7,0,7
25800,4,7,4,3
160336,4,7,3,4
112504,4,7,2,5
17056,4,7,5,2
67576,4,7,3,4
39520,4,7,4,3
103848,4,7,2,5
32184,4,7,3,4
158048,4,7,1,6
44984,4,7,5,2
81504,4,7,3,4
66048,4,7,1,6
39544,4,7,2,5
37960,4,7,5,2
46672,4,7,4,3
109456,4,7,3,4
79400,4,7,6,1
177480,4,7,2,5
80056,4,7,4,3
44536,4,7,1,6
48880,4,7,3,4
64216,4,7,3,4
79648,4,7,6,1
70248,4,7,2,5
62992,4,7,4,3
87672,4,7,5,2
40040,4,7,1,6
76344,4,7,2,5
33944,4,7,4,3
73552,4,7,3,4
77880,4,7,2,5
22592,4,7,4,3
112240,4,7,5,2
82416,4,7,1,6
63328,4,7,3,4
70520,4,7,3,4
46600,4,7,4,3
59376,4,7,3,4
78112,4,7,3,4
48400,4,7,4,3
41888,4,7,6,1
116240,4,7,4,3
50736,4,7,2,5
104944,4,7,2,5
59600,4,7,7,0
77720,4,7,4,3
78424,4,7,3,4
59712,4,7,3,4
51640,4,7,3,4
58664,4,7,4,3
54024,4,7,6,1
47840,4,7,3,4
65480,4,7,5,2
71672,4,7,4,3
53368,4,7,3,4
41928,4,7,6,1
87600,4,7,2,5
54808,4,7,5,2
70512,4,7,2,5
112424,4,7,5,2
36736,4,7,5,2
62968,4,7,4,3
89480,4,7,3,4
32864,4,7,4,3
116720,4,7,4,3
37376,4,7,3,4
71216,4,7,2,5
97000,4,7,4,3
45232,4,7,5,2
38496,4,7,6,1
148880,4,7,5,2
40160,4,7,3,4
35520,4,7,2,5
92264,4,7,3,4
51040,4,7,2,5
72120,4,7,6,1
58744,4,7,4,3
48352,4,7,2,5
74256,4,7,4,3
62152,4,7,5,2
28728,4,7,4,3
64312,4,7,6,1
57424,4,7,6,1
60592,4,7,3,4
55704,4,7,4,3
40960,4,7,5,2
279696,4,7,4,3
32320,4,7,2,5
78824,4,7,5,2
75080,4,7,3,4
61224,4,7,3,4
74032,4,7,4,3
30192,4,7,3,4
41632,4,7,5,2
130512,4,7,3,4
30504,4,7,5,2
32840,4,7,3,4
65648,4,7,3,4
33104,4,7,2,5
49664,4,7,2,5
51784,4,7,3,4
106104,4,7,6,1
75888,4,7,4,3
73312,4,7,2,5
59736,4,7,4,3
49096,4,7,4,3
82632,4,7,3,4
41952,4,7,3,4
45792,4,7,2,5
74016,4,7,4,3
51600,4,7,3,4
45120,4,7,6,1
28488,4,7,4,3
75216,4,7,4,3
21872,4,7,5,2
79856,4,7,2,5
31680,4,7,2,5
99688,4,7,5,2
37472,4,7,4,3
81912,4,7,3,4
72576,4,7,5,2
67808,4,7,3,4
24392,4,7,5,2
47528,4,7,4,3
52264,4,7,4,3
54056,4,7,5,2
62944,4,7,3,4
45496,4,7,4,3
72208,4,7,3,4
53240,4,7,3,4
27376,4,7,4,3
160216,4,7,3,4
29176,4,7,3,4
61128,4,7,4,3
76800,4,7,3,4
120136,4,7,1,6
37072,4,7,4,3
24792,4,7,4,3
67048,4,7,3,4
106136,4,7,5,2
50936,4,7,3,4
38648,4,7,4,3
85624,4,7,4,3
64584,4,7,4,3
116416,4,7,4,3
75032,4,7,2,5
53840,4,7,3,4
152400,4,7,6,1
56824,4,7,4,3
24712,4,7,3,4
20552,4,7,3,4
97320,4,7,5,2
67280,4,7,2,5
40136,4,7,5,2
50200,4,7,5,2
53720,4,7,4,3
79488,4,7,2,5
34416,4,7,4,3
39672,4,7,2,5
18216,4,7,6,1
76944,4,7,4,3
88160,4,7,3,4
103752,4,7,3,4
25888,4,7,3,4
44216,4,7,4,3
45040,4,7,0,7
113464,4,7,3,4
41960,4,7,2,5
164200,4,7,1,6
68648,4,7,3,4
54360,4,7,5,2
45880,4,7,3,4
54616,4,7,4,3
58304,4,7,5,2
37256,4,7,4,3
48360,4,7,6,1
69632,4,7,2,5
68528,4,7,4,3
52576,4,7,4,3
83664,4,7,2,5
72640,4,7,4,3
38728,4,7,3,4
39816,4,7,4,3
95400,4,7,4,3
96720,4,7,5,2
25336,4,7,3,4
72104,4,7,2,5
111864,4,7,3,4
54096,4,7,4,3
54448,4,7,2,5
38992,4,7,2,5
49432,4,7,3,4
31336,4,7,5,2
57528,4,7,6,1
46312,4,7,2,5
40752,4,7,2,5
38504,4,7,7,0
228016,4,7,1,6
67648,4,7,2,5
44224,4,7,4,3
50280,4,7,4,3
33600,4,7,5,2
33360,4,7,1,6
72608,4,7,3,4
34392,4,7,2,5
223424,4,7,5,2
70864,4,7,4,3
73216,4,7,5,2
82968,4,7,4,3
84504,4,7,4,3
110344,4,7,6,1
45192,4,7,5,2
161376,4,7,3,4
34328,4,7,3,4
113352,4,7,4,3
35600,4,7,2,5
53760,4,7,4,3
29752,4,7,2,5
51360,4,7,1,6
35640,4,7,3,4
64640,4,7,2,5
89952,4,7,3,4
147616,4,7,1,6
121000,4,7,4,3
242160,4,7,5,2
51368,4,7,5,2
53960,4,7,4,3
61064,4,7,5,2
42184,4,7,3,4
112520,4,7,3,4
72064,4,7,3,4
123576,4,7,5,2
54848,4,7,2,5
62072,4,7,3,4
48792,4,7,4,3
80920,4,7,4,3
39712,4,7,3,4
36600,4,7,1,6
102392,4,7,3,4
28736,4,7,2,5
40944,4,7,6,1
83168,4,7,2,5
40984,4,7,4,3
68944,4,7,5,2
32040,4,7,6,1
29544,4,7,3,4
50840,4,7,4,3
30352,4,7,2,5
32536,4,7,5,2
42032,4,7,4,3
36080,4,7,3,4
43360,4,7,3,4
53736,4,7,5,2
54624,4,7,5,2
63144,4,7,3,4
44176,4,7,4,3
44744,4,7,3,4
37680,4,7,3,4
36416,4,7,3,4
86576,4,7,3,4
68920,4,7,2,5
79672,4,7,2,5
66976,4,7,3,4
39472,4,7,3,4
92248,4,7,5,2
39232,4,7,3,4
82088,4,7,4,3
84360,4,7,3,4
57008,4,7,4,3
30632,4,7,4,3
36960,4,7,3,4
113328,4,7,4,3
51944,4,7,4,3
50408,4,7,3,4
67800,4,7,4,3
29792,4,7,4,3
40056,4,7,5,2
80072,4,7,3,4
61008,4,7,5,2
69544,4,7,6,1
95968,4,7,1,6
61256,4,7,4,3
66312,4,7,4,3
36120,4,7,4,3
55800,4,7,5,2
44608,4,7,2,5
39560,4,7,3,4
106472,4,7,6,1
55792,4,7,3,4
56008,4,7,3,4
26344,4,7,4,3
93616,4,7,5,2
20032,4,7,4,3
41336,4,7,4,3
213640,4,7,2,5
41920,4,7,4,3
57792,4,7,5,2
74760,4,7,3,4
27736,4,7,5,2
48456,4,7,1,6
136008,4,7,4,3
41040,4,7,4,3
48280,4,7,2,5
24432,4,7,2,5
69232,4,7,5,2
82320,4,7,4,3
50096,4,7,2,5
64864,4,7,2,5
42992,4,7,3,4
47496,4,7,1,6
39728,4,7,3,4
98048,4,7,3,4
67056,4,7,2,5
62528,4,7,4,3
25128,4,7,4,3
39368,4,7,4,3
44096,4,7,2,5
25928,4,7,6,1
44120,4,7,0,7
83480,4,7,2,5
47416,4,7,5,2
123432,4,7,3,4
47552,4,7,4,3
51544,4,7,3,4
19232,4,7,5,2
65032,4,7,4,3
30808,4,7,3,4
38128,4,7,4,3
49472,4,7,1,6
51976,4,7,2,5
57408,4,7,3,4
49240,4,7,3,4
44016,4,7,4,3
114120,4,7,4,3
38888,4,7,4,3
76592,4,7,4,3
44656,4,7,5,2
225304,4,7,4,3
37176,4,7,3,4
115640,4,7,4,3
241096,4,7,4,3
50808,4,7,4,3
24424,4,7,4,3
49208,4,7,4,3
57472,4,7,5,2
68376,4,7,4,3
156576,4,7,4,3
195912,4,7,5,2
58752,4,7,4,3
80192,4,7,2,5
55096,4,7,4,3
45304,4,7,1,6
63664,4,7,4,3
44352,4,7,1,6
83912,4,7,0,7
54088,4,7,2,5
30032,4,7,4,3
52640,4,7,3,4
32696,4,7,3,4
35792,4,7,4,3
91648,4,7,3,4
95720,4,7,3,4
39608,4,7,6,1
103784,4,7,1,6
61560,4,7,4,3
219536,4,7,3,4
29256,4,7,4,3
49776,4,7,2,5
75200,4,7,3,4
63640,4,7,2,5
77128,4,7,3,4
38056,4,7,2,5
26888,4,7,3,4
79656,4,7,4,3
65416,4,7,3,4
58520,4,7,4,3
64928,4,7,3,4
43328,4,7,3,4
106400,4,7,4,3
110216,4,7,3,4
42960,4,7,5,2
80560,4,7,5,2
30488,4,7,2,5
52376,4,7,5,2
57808,4,7,5,2
46584,4,7,4,3
88312,4,7,4,3
74576,4,7,5,2
94648,4,7,2,5
43048,4,7,1,6
32824,4,7,4,3
108392,4,7,4,3
37304,4,7,3,4
52088,4,7,3,4
74952,4,7,4,3
79352,4,7,5,2
113224,4,7,4,3
36840,4,7,2,5
46064,4,7,4,3
138712,4,7,6,1
72232,4,7,5,2
63040,4,7,3,4
65896,4,7,1,6
107480,4,7,3,4
44072,4,7,6,1
55896,4,7,6,1
111024,4,7,2,5
82904,4,7,3,4
37048,4,7,4,3
43320,4,7,4,3
50520,4,7,6,1
104832,4,7,6,1
67952,4,7,3,4
41600,4,7,2,5
107560,4,7,5,2
83232,4,7,2,5
83192,4,7,4,3
96096,4,7,4,3
36976,4,7,2,5
88624,4,7,3,4
67912,4,7,3,4
91144,4,7,5,2
42240,4,7,3,4
71456,4,7,5,2
93808,4,7,6,1
45760,4,7,1,6
26768,4,7,4,3
103968,4,7,4,3
23344,4,7,4,3
62240,4,7,3,4
80488,4,7,5,2
45560,4,7,4,3
115000,4,7,4,3
33912,4,7,2,5
30288,4,7,4,3
62744,4,7,1,6
25480,4,7,3,4
32096,4,7,3,4
71352,4,7,4,3
71408,4,7,3,4
40656,4,7,5,2
65808,4,7,2,5
65216,4,7,4,3
60936,4,7,4,3
32312,4,7,5,2
40368,4,7,5,2
84048,4,7,2,5
86016,4,7,2,5
47632,4,7,5,2
52216,4,7,4,3
99320,4,7,2,5
46440,4,7,4,3
48872,4,7,5,2
50768,4,7,4,3
57112,4,7,5,2
77856,4,7,6,1
35432,4,7,3,4
43480,4,7,5,2
39936,4,7,2,5
134696,4,7,5,2
62648,4,7,3,4
18736,4,7,3,4
53576,4,7,4,3
47960,4,7,3,4
66888,4,7,4,3
110112,4,7,1,6
33840,4,7,3,4
75936,4,7,2,5
63288,4,7,3,4
165224,4,7,1,6
33720,4,7,4,3
86808,4,7,5,2
46968,4,7,3,4
47008,4,7,6,1
44616,4,7,5,2
32968,4,7,4,3
40408,4,7,4,3
81584,4,7,3,4
35104,4,7,4,3
101744,4,7,5,2
46480,4,7,4,3
28368,4,7,1,6
76768,4,7,3,4
51096,4,7,4,3
93656,4,7,5,2
123064,4,7,6,1
53872,4,7,5,2
44288,4,7,2,5
51808,4,7,4,3
110944,4,7,5,2
45272,4,7,3,4
83928,4,7,6,1
47080,4,7,4,3
26432,4,7,1,6
80480,4,7,3,4
40328,4,7,2,5
109400,4,7,3,4
91712,4,7,3,4
46112,4,7,4,3
68168,4,7,5,2
55936,4,7,3,4
50928,4,7,5,2
92664,4,7,2,5
39656,4,7,6,1
42160,4,7,2,5
68480,4,7,4,3
34320,4,7,6,1
47904,4,7,5,2
32904,4,7,3,4
40664,4,7,5,2
52160,4,7,2,5
42200,4,7,4,3
81392,4,7,3,4
56624,4,7,5,2
45512,4,7,2,5
36688,4,7,5,2
44520,4,7,2,5
76152,4,7,3,4
89832,4,7,2,5
85032,4,7,3,4
61264,4,7,3,4
66208,4,7,4,3
72784,4,7,2,5
176328,4,6,3,3
67624,4,6,3,3
64280,4,6,6,0
317168,4,6,2,4
98680,4,6,4,2
48552,4,6,4,2
56448,4,6,3,3
45984,4,6,2,4
147120,4,6,4,2
179384,4,6,3,3
33696,4,6,4,2
50016,4,6,3,3
34872,4,6,4,2
123376,4,6,3,3
68136,4,6,3,3
62584,4,6,2,4
281120,4,6,4,2
31464,4,6,5,1
72752,4,6,3,3
85472,4,6,4,2
58048,4,6,3,3
64904,4,6,4,2
25664,4,6,3,3
61624,4,6,5,1
64032,4,6,2,4
36456,4,6,3,3
58280,4,6,0,6
41096,4,6,4,2
180904,4,6,1,5
42464,4,6,3,3
23832,4,6,2,4
81512,4,6,5,1
42264,4,6,3,3
72200,4,6,2,4
61960,4,6,3,3
57824,4,6,2,4
55856,4,6,4,2
98696,4,6,3,3
33968,4,6,0,6
82992,4,6,4,2
96624,4,6,2,4
101928,4,6,5,1
120048,4,6,4,2
103072,4,6,1,5
87360,4,6,3,3
38776,4,6,0,6
82752,4,6,3,3
42016,4,6,1,5
181864,4,6,3,3
49600,4,6,1,5
267064,4,6,2,4
96408,4,6,1,5
48240,4,6,3,3
394504,4,6,2,4
142088,4,6,3,3
135200,4,6,1,5
199072,4,6,5,1
71888,4,6,3,3
319584,4,6,2,4
56072,4,6,5,1
46472,4,6,3,3
33064,4,6,2,4
74264,4,6,4,2
61744,4,6,4,2
139808,4,6,2,4
97240,4,6,5,1
43768,4,6,5,1
71872,4,6,2,4
92392,4,6,2,4
177896,4,6,2,4
173336,4,6,1,5
148584,4,6,3,3
119376,4,6,3,3
67664,4,6,3,3
58464,4,6,3,3
113768,4,6,4,2
50640,4,6,2,4
82360,4,6,4,2
40432,4,6,5,1
35648,4,6,3,3
78080,4,6,4,2
106264,4,6,5,1
182240,4,6,1,5
79384,4,6,4,2
68560,4,6,5,1
68392,4,6,5,1
169568,4,6,3,3
52096,4,6,5,1
92568,4,6,6,0
96088,4,6,1,5
69464,4,6,2,4
115392,4,6,5,1
95512,4,6,4,2
47720,4,6,3,3
82792,4,6,2,4
79960,4,6,1,5
54912,4,6,3,3
51592,4,6,4,2
137440,4,6,4,2
54032,4,6,3,3
76088,4,6,4,2
186984,4,6,2,4
447208,4,6,3,3
60832,4,6,5,1
57344,4,6,2,4
100840,4,6,3,3
205664,4,6,1,5
164784,4,6,4,2
95656,4,6,1,5
64936,4,6,2,4
75416,4,6,2,4
130728,4,6,4,2
41304,4,6,4,2
32208,4,6,1,5
38920,4,6,3,3
85848,4,6,3,3
73912,4,6,1,5
49104,4,6,5,1
95368,4,6,2,4
33352,4,6,2,4
128336,4,6,2,4
116904,4,6,2,4
36536,4,6,4,2
29184,4,6,3,3
56968,4,6,3,3
110664,4,6,4,2
148568,4,6,3,3
46080,4,6,3,3
49832,4,6,3,3
40304,4,6,5,1
55528,4,6,1,5
81608,4,6,4,2
90528,4,6,3,3
27536,4,6,0,6
55152,4,6,3,3
236976,4,6,4,2
91328,4,6,4,2
127016,4,6,2,4
76752,4,6,2,4
62200,4,6,3,3
32712,4,6,3,3
48056,4,6,2,4
299072,4,6,2,4
105920,4,6,4,2
66512,4,6,5,1
42832,4,6,1,5
72408,4,6,3,3
81000,4,6,4,2
110896,4,6,5,1
132536,4,6,5,1
136120,4,6,2,4
55632,4,6,2,4
183552,4,6,1,5
72112,4,6,1,5
67592,4,6,3,3
45640,4,6,4,2
77648,4,6,4,2
55600,4,6,3,3
22440,4,6,1,5
98440,4,6,4,2
197408,4,6,5,1
74208,4,6,3,3
133432,4,6,2,4
241592,4,6,2,4
99288,4,6,2,4
79272,4,6,2,4
123128,4,6,3,3
66104,4,6,3,3
140648,4,6,3,3
53480,4,6,4,2
140272,4,6,2,4
66448,4,6,3,3
116816,4,6,2,4
49416,4,6,4,2
51008,4,6,5,1
85960,4,6,2,4
83608,4,6,4,2
81400,4,6,3,3
53464,4,6,3,3
82376,4,6,3,3
93232,4,6,3,3
83440,4,6,4,2
33440,4,6,3,3
173440,4,6,2,4
108904,4,6,4,2
42448,4,6,2,4
68928,4,6,2,4
77464,4,6,3,3
81024,4,6,2,4
77504,4,6,2,4
60248,4,6,2,4
123440,4,6,3,3
135656,4,6,2,4
59616,4,6,1,5
164568,4,6,2,4
53832,4,6,4,2
121640,4,6,2,4
93624,4,6,3,3
108016,4,6,1,5
71736,4,6,1,5
57696,4,6,3,3
70448,4,6,3,3
66232,4,6,4,2
40224,4,6,4,2
93328,4,6,4,2
31272,4,6,3,3
72560,4,6,5,1
67680,4,6,2,4
49168,4,6,4,2
46288,4,6,2,4
107968,4,6,3,3
79888,4,6,1,5
98512,4,6,3,3
153544,4,6,2,4
39920,4,6,2,4
34080,4,6,4,2
224656,4,6,3,3
30832,4,6,5,1
73984,4,6,2,4
69416,4,6,5,1
66616,4,6,3,3
52504,4,6,2,4
71576,4,6,3,3
51688,4,6,4,2
46640,4,6,2,4
118144,4,6,3,3
104608,4,6,4,2
46072,4,6,3,3
65240,4,6,2,4
45224,4,6,3,3
30624,4,6,2,4
52816,4,6,3,3
65824,4,6,5,1
55576,4,6,3,3
111640,4,6,4,2
32080,4,6,3,3
125032,4,6,1,5
91864,4,6,4,2
256296,4,6,4,2
36352,4,6,3,3
115520,4,6,2,4
80672,4,6,1,5
52184,4,6,5,1
32056,4,6,4,2
55560,4,6,3,3
90568,4,6,3,3
34280,4,6,3,3
46448,4,6,3,3
97744,4,6,0,6
103920,4,6,5,1
53440,4,6,2,4
83152,4,6,3,3
29208,4,6,6,0
113496,4,6,4,2
86888,4,6,3,3
131848,4,6,3,3
37896,4,6,1,5
56384,4,6,4,2
98064,4,6,2,4
96440,4,6,4,2
180792,4,6,4,2
170792,4,6,4,2
68400,4,6,3,3
57312,4,6,2,4
45144,4,6,3,3
91928,4,6,5,1
44760,4,6,2,4
85872,4,6,4,2
183872,4,6,4,2
33808,4,6,3,3
168976,4,6,5,1
51960,4,6,3,3
94520,4,6,5,1
110864,4,6,2,4
239344,4,6,1,5
112144,4,6,4,2
157800,4,6,3,3
184408,4,6,3,3
43256,4,6,4,2
77304,4,6,5,1
31904,4,6,2,4
54368,4,6,3,3
70888,4,6,3,3
76296,4,6,4,2
58704,4,6,3,3
77832,4,6,4,2
62408,4,6,1,5
93784,4,6,4,2
44688,4,6,2,4
176728,4,6,2,4
156064,4,6,5,1
82328,4,6,3,3
144712,4,6,3,3
70720,4,6,4,2
107864,4,6,4,2
149912,4,6,4,2
46568,4,6,2,4
75344,4,6,4,2
63136,4,6,3,3
56264,4,6,4,2
87840,4,6,3,3
57576,4,6,4,2
46928,4,6,4,2
94232,4,6,3,3
85600,4,6,0,6
54392,4,6,5,1
75456,4,6,3,3
82944,4,6,3,3
53136,4,6,4,2
161144,4,6,3,3
71256,4,6,3,3
240576,4,6,4,2
62000,4,6,4,2
70904,4,6,5,1
66080,4,6,3,3
87728,4,6,3,3
54928,4,6,2,4
145632,4,6,3,3
156496,4,6,3,3
47160,4,6,0,6
113288,4,6,4,2
117624,4,6,4,2
53528,4,6,4,2
66752,4,6,2,4
39632,4,6,1,5
72912,4,6,0,6
74312,4,6,4,2
93664,4,6,2,4
42104,4,6,3,3
50584,4,6,3,3
65520,4,6,5,1
49800,4,6,2,4
184096,4,6,3,3
19848,4,6,3,3
110120,4,6,5,1
64352,4,6,4,2
53280,4,6,4,2
108152,4,6,3,3
52016,4,6,4,2
72584,4,6,4,2
52632,4,6,2,4
87584,4,6,3,3
158552,4,6,2,4
57616,4,6,4,2
49128,4,6,3,3
36112,4,6,2,4
51768,4,6,1,5
65600,4,6,5,1
57480,4,6,2,4
86504,4,6,4,2
52176,4,6,4,2
91480,4,6,2,4
188480,4,6,3,3
147216,4,6,4,2
86440,4,6,3,3
104064,4,6,3,3
66528,4,6,3,3
42712,4,6,1,5
45616,4,6,4,2
67520,4,6,3,3
52928,4,6,3,3
32792,4,6,4,2
45952,4,6,3,3
146584,4,6,4,2
245288,4,6,3,3
79480,4,6,2,4
34576,4,6,2,4
71176,4,6,2,4
29664,4,6,0,6
99912,4,6,4,2
148608,4,6,2,4
31960,4,6,3,3
91248,4,6,2,4
100920,4,6,3,3
39760,4,6,4,2
40768,4,6,5,1
96976,4,6,3,3
58776,4,6,3,3
56240,4,6,1,5
54184,4,6,3,3
70416,4,6,3,3
65704,4,6,1,5
71984,4,6,2,4
53208,4,6,5,1
207240,4,6,4,2
126304,4,6,1,5
115576,4,6,1,5
39648,4,6,2,4
261944,4,6,4,2
92232,4,6,2,4
61312,4,6,3,3
50112,4,6,4,2
58432,4,6,2,4
84264,4,6,4,2
58936,4,6,2,4
36568,4,6,4,2
141144,4,6,3,3
55072,4,6,1,5
214344,4,6,2,4
242776,4,6,3,3
76416,4,6,5,1
51112,4,6,4,2
77456,4,6,2,4
130552,4,6,3,3
93336,4,6,5,1
76432,4,6,4,2
105504,4,6,4,2
74792,4,6,3,3
49120,4,6,4,2
53616,4,6,2,4
73256,4,6,2,4
42560,4,6,4,2
82184,4,6,1,5
86048,4,6,2,4
46800,4,6,2,4
87248,4,6,3,3
148208,4,6,6,0
48320,4,6,2,4
82808,4,6,2,4
92560,4,6,3,3
130216,4,6,3,3
67936,4,6,3,3
80960,4,6,2,4
45504,4,6,3,3
38240,4,6,5,1
32552,4,6,2,4
106464,4,6,4,2
109816,4,6,3,3
320840,4,6,3,3
48048,4,6,2,4
90688,4,6,3,3
89032,4,6,2,4
57232,4,6,2,4
56960,4,6,2,4
61432,4,6,1,5
98560,4,6,5,1
116752,4,6,4,2
166528,4,6,3,3
191984,4,6,3,3
85736,4,6,4,2
27392,4,6,1,5
88376,4,6,4,2
173200,4,6,5,1
67512,4,6,1,5
132856,4,6,2,4
78840,4,6,3,3
40456,4,6,3,3
62608,4,6,2,4
142648,4,6,1,5
239448,4,6,2,4
100240,4,6,3,3
87752,4,6,2,4
143080,4,6,3,3
63672,4,6,1,5
267432,4,6,4,2
116448,4,6,3,3
43888,4,6,3,3
144856,4,6,2,4
63824,4,6,3,3
51832,4,6,2,4
61376,4,6,4,2
110200,4,6,0,6
57800,4,6,4,2
74520,4,6,2,4
53768,4,6,3,3
39216,4,6,3,3
130536,4,6,4,2
73896,4,6,3,3
105512,4,6,4,2
163960,4,6,3,3
86344,4,6,4,2
77888,4,6,3,3
68152,4,6,2,4
179456,4,6,2,4
65672,4,6,3,3
116128,4,6,3,3
100104,4,6,3,3
75608,4,6,3,3
48616,4,6,3,3
173912,4,6,3,3
142032,4,6,2,4
115416,4,6,6,0
44280,4,6,2,4
204504,4,6,2,4
84848,4,6,3,3
39008,4,6,3,3
64064,4,6,2,4
92784,4,6,2,4
118736,4,6,2,4
61808,4,6,3,3
68048,4,6,2,4
76440,4,6,4,2
35144,4,6,2,4
73872,4,6,4,2
46776,4,6,2,4
70200,4,6,2,4
64688,4,6,2,4
110960,4,6,1,5
61984,4,6,4,2
29224,4,6,3,3
85944,4,6,3,3
114848,4,6,4,2
169080,4,6,1,5
36728,4,6,2,4
104856,4,6,4,2
69016,4,6,4,2
96128,4,6,4,2
61184,4,6,4,2
77712,4,6,3,3
50760,4,6,3,3
108480,4,6,4,2
153552,4,6,2,4
33952,4,6,5,1
49672,4,6,3,3
74800,4,6,4,2
29768,4,6,3,3
75040,4,6,3,3
74392,4,6,4,2
42048,4,6,2,4
74768,4,6,4,2
90880,4,6,2,4
91304,4,6,3,3
126792,4,6,3,3
85688,4,6,4,2
55912,4,6,2,4
63480,4,6,0,6
84656,4,6,2,4
121424,4,6,1,5
237776,4,6,4,2
219832,4,6,3,3
90288,4,6,4,2
61656,4,6,1,5
134304,4,6,3,3
30344,4,6,1,5
43976,4,6,4,2
307560,4,6,0,6
61456,4,6,3,3
64424,4,6,2,4
75144,4,6,3,3
94456,4,6,4,2
39888,4,6,4,2
68112,4,6,4,2
139816,4,6,2,4
150256,4,6,5,1
60456,4,6,3,3
77656,4,6,3,3
156912,4,6,3,3
63744,4,6,3,3
100312,4,6,3,3
79248,4,6,1,5
23992,4,6,4,2
120976,4,6,4,2
95432,4,6,2,4
64416,4,6,2,4
103400,4,6,2,4
107624,4,6,4,2
99392,4,6,2,4
56512,4,6,2,4
123360,4,6,3,3
62312,4,6,3,3
66456,4,6,3,3
34408,4,6,1,5
24224,4,6,4,2
59408,4,6,3,3
31656,4,6,3,3
64464,4,6,3,3
82496,4,6,3,3
39288,4,6,0,6
38880,4,6,4,2
70176,4,6,1,5
92848,4,6,4,2
104080,4,6,3,3
37632,4,6,4,2
43288,4,6,2,4
133848,4,6,2,4
65288,4,6,4,2
62144,4,6,2,4
358664,4,6,6,0
71400,4,6,4,2
70352,4,6,2,4
43760,4,6,5,1
64888,4,6,3,3
55688,4,6,3,3
71632,4,6,3,3
56984,4,6,4,2
135576,4,6,3,3
108584,4,6,3,3
107112,4,6,2,4
84392,4,6,2,4
82600,4,6,2,4
65184,4,6,4,2
101776,4,6,3,3
61520,4,6,2,4
62472,4,6,2,4
82504,4,6,4,2
128776,4,6,3,3
57632,4,6,5,1
38840,4,6,3,3
115896,4,6,3,3
110616,4,6,3,3
44416,4,6,2,4
101368,4,6,3,3
38288,4,6,5,1
33568,4,6,4,2
83240,4,6,2,4
50184,4,6,3,3
36832,4,6,3,3
46056,4,6,2,4
66864,4,6,2,4
44896,4,6,2,4
46648,4,6,3,3
62328,4,6,3,3
122648,4,6,4,2
34360,4,6,4,2
64808,4,6,2,4
126472,4,6,2,4
97200,4,6,2,4
91936,4,6,2,4
79984,4,6,2,4
181272,4,6,4,2
51728,4,6,5,1
79192,4,6,2,4
54232,4,6,4,2
65768,4,6,2,4
65816,4,6,3,3
117024,4,6,1,5
75744,4,6,4,2
394112,4,6,3,3
98320,4,6,2,4
39160,4,6,3,3
150928,4,6,5,1
70424,4,6,2,4
125672,4,6,2,4
43816,4,6,4,2
58424,4,6,4,2
34960,4,6,3,3
61512,4,6,3,3
58544,4,6,5,1
98232,4,6,2,4
105808,4,6,3,3
145760,4,6,2,4
63496,4,6,1,5
159696,4,6,4,2
37984,4,6,5,1
78152,4,6,4,2
106856,4,6,2,4
61608,4,6,2,4
74144,4,6,3,3
47520,4,6,4,2
70736,4,6,4,2
49576,4,6,3,3
30792,4,6,4,2
49176,4,6,3,3
66272,4,6,1,5
64648,4,6,3,3
37752,4,6,4,2
48464,4,6,5,1
29320,4,6,2,4
58672,4,6,3,3
44856,4,6,2,4
51880,4,6,4,2
51792,4,6,1,5
97600,4,6,4,2
31424,4,6,2,4
79368,4,6,4,2
61408,4,6,1,5
66496,4,6,3,3
115032,4,6,4,2
50088,4,6,3,3
50648,4,6,4,2
67904,4,6,1,5
183288,4,6,2,4
331336,4,6,5,1
160352,4,6,5,1
65728,4,6,4,2
116776,4,6,3,3
68072,4,6,3,3
69256,4,6,3,3
41824,4,6,3,3
34528,4,6,4,2
201304,4,6,3,3
103384,4,6,3,3
171424,4,6,2,4
41400,4,6,5,1
65312,4,6,2,4
93264,4,6,2,4
29952,4,6,4,2
92776,4,6,4,2
78944,4,6,5,1
102416,4,6,4,2
43952,4,6,1,5
24456,4,6,2,4
62456,4,6,5,1
178888,4,6,3,3
79000,4,6,5,1
187104,4,6,3,3
98496,4,6,2,4
103208,4,6,4,2
61888,4,6,2,4
62440,4,6,4,2
166304,4,6,4,2
142232,4,6,3,3
48592,4,6,3,3
95320,4,6,2,4
94088,4,6,3,3
33312,4,6,1,5
79424,4,6,3,3
43448,4,6,2,4
107728,4,6,2,4
123264,4,6,3,3
116264,4,6,3,3
95808,4,6,3,3
31104,4,6,2,4
106720,4,6,5,1
79560,4,6,4,2
60432,4,6,3,3
94272,4,6,1,5
71104,4,6,1,5
29496,4,6,2,4
45096,4,6,4,2
107440,4,6,5,1
67840,4,6,3,3
53592,4,6,2,4
62128,4,6,2,4
76240,4,6,4,2
40736,4,6,1,5
53568,4,6,3,3
67288,4,6,3,3
53016,4,6,3,3
30328,4,6,2,4
34368,4,6,4,2
33264,4,6,1,5
93176,4,6,4,2
69008,4,6,4,2
157856,4,6,3,3
56080,4,6,4,2
76280,4,6,2,4
129840,4,6,2,4
59264,4,6,3,3
674200,4,6,3,3
46400,4,6,3,3
129520,4,6,1,5
50600,4,6,6,0
42224,4,6,2,4
372528,4,6,3,3
188408,4,6,2,4
58472,4,6,3,3
30448,4,6,1,5
138864,4,6,2,4
96528,4,6,4,2
88904,4,6,1,5
70048,4,6,4,2
382176,4,6,1,5
69216,4,6,5,1
134000,4,6,2,4
197480,4,6,2,4
65512,4,6,2,4
107400,4,6,2,4
104208,4,6,3,3
241488,4,6,5,1
55568,4,6,5,1
40896,4,6,3,3
71712,4,6,3,3
82696,4,6,6,0
53712,4,6,2,4
80240,4,6,1,5
64696,4,6,3,3
98304,4,6,2,4
34768,4,6,4,2
69448,4,6,2,4
93168,4,6,1,5
86672,4,6,2,4
116256,4,6,2,4
70528,4,6,2,4
200456,4,6,1,5
125152,4,6,2,4
78432,4,6,4,2
46304,4,6,2,4
83448,4,6,4,2
335240,4,6,3,3
76920,4,6,3,3
59976,4,6,1,5
48544,4,6,3,3
61152,4,6,3,3
394256,4,6,3,3
99504,4,6,1,5
63272,4,6,3,3
76496,4,6,3,3
82224,4,6,3,3
32344,4,6,3,3
178304,4,6,2,4
52384,4,6,5,1
88928,4,6,3,3
57688,4,6,2,4
129440,4,6,3,3
142288,4,6,2,4
37648,4,6,5,1
275984,4,6,2,4
190464,4,6,4,2
67920,4,6,4,2
34240,4,6,5,1
137808,4,6,4,2
29064,4,6,2,4
62896,4,6,5,1
46656,4,6,3,3
68200,4,6,5,1
234888,4,6,5,1
119392,4,6,4,2
93032,4,6,2,4
44424,4,6,5,1
95464,4,6,2,4
96896,4,6,3,3
105872,4,6,2,4
28960,4,6,4,2
52392,4,6,3,3
78256,4,6,2,4
31936,4,6,4,2
28480,4,6,3,3
105032,4,6,2,4
64736,4,6,3,3
83400,4,6,5,1
122376,4,6,4,2
33832,4,6,2,4
43544,4,6,2,4
49888,4,6,3,3
90456,4,6,2,4
42728,4,6,4,2
53336,4,6,3,3
90936,4,6,1,5
64328,4,6,3,3
51696,4,6,3,3
104816,4,6,0,6
102472,4,6,4,2
138064,4,6,3,3
80528,4,6,3,3
62688,4,6,4,2
87768,4,6,4,2
52336,4,6,3,3
122200,4,6,3,3
105696,4,6,3,3
244184,4,6,2,4
85384,4,6,2,4
94016,4,6,4,2
56848,4,6,2,4
35776,4,6,3,3
91600,4,6,4,2
76408,4,6,2,4
54216,4,6,4,2
61280,4,6,2,4
49160,4,6,4,2
45776,4,6,0,6
86872,4,6,2,4
45752,4,6,2,4
60984,4,6,2,4
49400,4,6,4,2
41272,4,6,3,3
42776,4,6,5,1
116568,4,6,5,1
49488,4,6,3,3
122504,4,6,3,3
55288,4,6,3,3
77496,4,6,6,0
81136,4,6,0,6
252560,4,6,3,3
75424,4,6,4,2
156088,4,6,5,1
46808,4,6,3,3
150736,4,6,1,5
51456,4,6,3,3
50208,4,6,3,3
99712,4,6,4,2
135768,4,6,1,5
75944,4,6,5,1
32544,4,6,4,2
28424,4,6,3,3
135592,4,6,4,2
89336,4,6,2,4
30384,4,6,4,2
43656,4,6,0,6
86776,4,6,1,5
99344,4,6,3,3
170424,4,6,2,4
37192,4,6,4,2
79752,4,6,1,5
156240,4,6,1,5
74528,4,6,6,0
29080,4,6,2,4
53544,4,6,4,2
118008,4,6,1,5
79528,4,6,2,4
74184,4,6,4,2
52808,4,6,4,2
50008,4,6,5,1
46248,4,6,3,3
42896,4,6,2,4
46120,4,6,3,3
44848,4,6,3,3
82064,4,6,2,4
89648,4,6,4,2
115600,4,6,1,5
110552,4,6,2,4
95480,4,6,3,3
49768,4,6,3,3
131040,4,6,4,2
139072,4,6,2,4
158896,4,6,3,3
30144,4,6,3,3
33120,4,6,2,4
298928,4,6,3,3
74632,4,6,2,4
76504,4,6,2,4
84320,4,6,2,4
66224,4,6,2,4
149792,4,6,2,4
87616,4,6,4,2
42216,4,6,3,3
39848,4,6,2,4
133144,4,6,3,3
49912,4,6,4,2
60088,4,6,4,2
52856,4,6,3,3
78416,4,6,3,3
88568,4,6,4,2
44952,4,6,3,3
47152,4,6,3,3
93392,4,6,3,3
72072,4,6,1,5
74472,4,6,2,4
38688,4,6,2,4
36512,4,6,3,3
64088,4,6,3,3
101600,4,6,1,5
128944,4,6,4,2
33112,4,6,5,1
164640,4,6,2,4
93752,4,6,2,4
48744,4,6,3,3
118864,4,6,4,2
73760,4,6,3,3
44912,4,6,2,4
99624,4,6,4,2
107232,4,6,5,1
170264,4,6,3,3
101472,4,6,1,5
102832,4,6,3,3
67976,4,6,4,2
29600,4,6,3,3
59176,4,6,2,4
66256,4,6,4,2
175448,4,6,2,4
114736,4,6,3,3
86056,4,6,3,3
52168,4,6,3,3
55864,4,6,5,1
130360,4,6,3,3
76048,4,6,3,3
39440,4,6,5,1
102096,4,6,1,5
37504,4,6,4,2
65008,4,6,2,4
39352,4,6,3,3
49032,4,6,3,3
42456,4,6,5,1
77544,4,6,5,1
51376,4,6,2,4
26544,4,6,3,3
30256,4,6,4,2
73784,4,6,4,2
77568,4,6,2,4
293528,4,6,2,4
28432,4,6,2,4
137840,4,6,4,2
53264,4,6,2,4
64024,4,6,2,4
58864,4,6,3,3
108648,4,6,3,3
84424,4,6,2,4
62784,4,6,1,5
88096,4,6,5,1
139968,4,6,3,3
87384,4,6,3,3
33472,4,6,4,2
88352,4,6,4,2
36776,4,6,4,2
90168,4,6,5,1
54544,4,6,3,3
45104,4,6,3,3
44128,4,6,3,3
56808,4,6,3,3
52032,4,6,5,1
96064,4,6,5,1
64400,4,6,2,4
102240,4,6,3,3
146096,4,6,1,5
81744,4,6,4,2
109672,4,6,3,3
118024,4,6,3,3
75712,4,6,3,3
151112,4,6,6,0
256656,4,6,4,2
54296,4,6,3,3
44904,4,6,3,3
36448,4,6,3,3
68960,4,6,2,4
79320,4,6,2,4
198680,4,6,2,4
132864,4,6,3,3
67008,4,6,1,5
92280,4,6,2,4
48736,4,6,2,4
64960,4,6,6,0
41000,4,6,2,4
96200,4,6,4,2
47128,4,6,3,3
172488,4,6,2,4
58192,4,6,3,3
136800,4,6,4,2
134080,4,6,3,3
114728,4,6,4,2
41576,4,6,3,3
32776,4,6,3,3
159760,4,6,2,4
43504,4,6,3,3
54576,4,6,1,5
53408,4,6,5,1
86688,4,6,3,3
69104,4,6,3,3
37736,4,6,2,4
54640,4,6,5,1
105200,4,6,2,4
162304,4,6,3,3
73064,4,6,4,2
92104,4,6,3,3
85064,4,6,2,4
55344,4,6,2,4
61368,4,6,3,3
92160,4,6,0,6
51800,4,6,4,2
26400,4,6,3,3
54992,4,6,3,3
73272,4,6,2,4
206856,4,6,3,3
69664,4,6,3,3
51536,4,6,3,3
80384,4,6,3,3
126656,4,6,5,1
87776,4,6,3,3
84192,5,6,3,3
60280,5,6,2,4
103488,5,6,3,3
119000,5,6,2,4
91616,5,6,2,4
72088,5,6,2,4
61144,5,6,3,3
45888,5,6,2,4
60720,5,6,3,3
54304,5,6,3,3
68432,5,6,1,5
93968,5,6,3,3
108120,5,6,1,5
25904,5,6,1,5
51968,5,6,4,2
132152,5,6,3,3
64848,5,6,4,2
78344,5,6,2,4
394272,5,6,4,2
32984,5,6,4,2
136584,5,6,3,3
120608,5,6,4,2
27264,5,6,3,3
41168,5,6,3,3
70016,5,6,4,2
70936,5,6,3,3
52768,5,6,2,4
313080,5,6,3,3
171472,5,6,3,3
68952,5,6,2,4
36672,5,6,2,4
121312,5,6,4,2
55656,5,6,3,3
70752,5,6,3,3
83808,5,6,4,2
81760,5,6,2,4
112808,5,6,3,3
104168,5,6,1,5
52272,5,6,4,2
42768,5,6,1,5
289528,5,6,1,5
99872,5,6,2,4
73880,5,6,2,4
105944,5,6,4,2
38296,5,6,3,3
41832,5,6,3,3
192096,5,6,2,4
103456,5,6,2,4
57432,5,6,3,3
37856,5,6,4,2
67992,5,6,3,3
58536,5,6,3,3
55808,5,6,3,3
88800,5,6,3,3
61664,5,6,3,3
39096,5,6,3,3
26616,5,6,2,4
62392,5,6,4,2
95064,5,6,3,3
64600,5,6,4,2
103216,5,6,2,4
67888,5,6,1,5
51168,5,6,4,2
79096,5,6,3,3
77608,5,6,1,5
50576,5,6,1,5
56312,5,6,3,3
63176,5,6,5,1
40272,5,6,3,3
143720,5,6,4,2
43368,5,6,5,1
40648,5,6,4,2
108728,5,6,3,3
141496,5,6,6,0
42376,5,6,5,1
79880,5,6,1,5
33504,5,6,4,2
149040,5,6,2,4
50040,5,6,3,3
150200,5,6,3,3
77232,5,6,4,2
153368,5,6,2,4
41808,5,6,4,2
163456,5,6,3,3
69880,5,6,4,2
86608,5,6,3,3
53272,5,6,5,1
31880,5,6,3,3
82240,5,6,4,2
37728,5,6,1,5
57240,5,6,1,5
41112,5,6,3,3
44752,5,6,2,4
66320,5,6,4,2
104704,5,6,3,3
115472,5,6,6,0
101752,5,6,2,4
97104,5,6,3,3
148432,5,6,4,2
59272,5,6,2,4
78280,5,6,6,0
267368,5,6,2,4
206568,5,6,3,3
175896,5,6,2,4
37672,5,6,2,4
81552,5,6,2,4
36168,5,6,5,1
70168,5,6,2,4
124368,5,6,3,3
43280,5,6,5,1
95520,5,6,1,5
38304,5,6,2,4
136808,5,6,3,3
72368,5,6,3,3
54568,5,6,3,3
63544,5,6,3,3
52288,5,6,1,5
69624,5,6,4,2
60704,5,6,1,5
113808,5,6,2,4
106208,5,6,2,4
168336,5,6,2,4
37576,5,6,3,3
54536,5,6,3,3
65656,5,6,3,3
65136,5,6,5,1
63968,5,6,4,2
70224,5,6,3,3
31344,5,6,4,2
37384,5,6,4,2
60600,5,6,2,4
36048,5,6,4,2
228416,5,6,3,3
36264,5,6,2,4
57216,5,6,2,4
101856,5,6,3,3
44272,5,6,3,3
53792,5,6,5,1
57976,5,6,2,4
50456,5,6,3,3
74048,5,6,1,5
102936,5,6,3,3
66408,5,6,1,5
115256,5,6,4,2
67480,5,6,4,2
43576,5,6,1,5
73608,5,6,2,4
31704,5,6,5,1
142624,5,6,4,2
71096,5,6,3,3
43208,5,6,4,2
36808,5,6,2,4
58824,5,6,3,3
40024,5,6,1,5
294600,5,6,4,2
94720,5,6,4,2
118496,5,6,2,4
28152,5,6,1,5
61240,5,6,2,4
49968,5,6,4,2
48256,5,6,4,2
34712,5,6,1,5
99168,5,6,2,4
173360,5,6,2,4
118456,5,6,3,3
61424,5,6,4,2
53952,5,6,3,3
43520,5,6,3,3
91472,5,6,4,2
107856,5,6,5,1
120144,5,6,4,2
39080,5,6,3,3
65528,5,6,4,2
76360,5,6,2,4
61936,5,6,1,5
157232,5,6,4,2
58848,5,6,1,5
63648,5,6,4,2
64472,5,6,3,3
131104,5,6,1,5
40384,5,6,1,5
58264,5,6,1,5
51744,5,6,3,3
143824,5,6,3,3
114136,5,6,3,3
105312,5,6,3,3
44600,5,6,1,5
96888,5,6,3,3
56216,5,6,2,4
41248,5,6,3,3
42944,5,6,2,4
95376,5,6,2,4
55280,5,6,2,4
88704,5,6,3,3
34696,5,6,3,3
289224,5,6,5,1
82008,5,6,2,4
63584,5,6,1,5
60440,5,6,3,3
34736,5,6,2,4
69336,5,6,2,4
60928,5,6,2,4
139192,5,6,5,1
248632,5,6,1,5
60864,5,6,2,4
109616,5,6,1,5
68856,5,6,3,3
126264,5,6,3,3
57752,5,6,3,3
31072,5,6,3,3
52624,5,6,5,1
111512,5,6,4,2
151136,5,6,2,4
94728,5,6,3,3
124856,5,6,3,3
33488,5,6,2,4
105584,5,6,4,2
125976,5,6,3,3
63472,5,6,3,3
94664,5,6,4,2
116184,5,6,5,1
28216,5,6,3,3
42752,5,6,2,4
54224,5,6,4,2
55208,5,6,4,2
41032,5,6,4,2
82776,5,6,0,6
55368,5,6,6,0
31832,5,6,4,2
54736,5,6,3,3
87952,5,6,2,4
42544,5,6,4,2
90056,5,6,1,5
57000,5,6,4,2
121584,5,6,3,3
93648,5,6,3,3
59320,5,6,3,3
70944,5,6,3,3
137520,5,6,1,5
78032,5,6,4,2
90856,5,6,3,3
80280,5,6,3,3
62848,5,6,1,5
83792,5,6,2,4
149424,5,6,0,6
44168,5,6,3,3
46048,5,6,1,5
85040,5,6,4,2
59312,5,6,0,6
110920,5,6,4,2
88856,5,6,4,2
131208,5,6,6,0
42520,5,6,3,3
75352,5,6,4,2
76704,5,6,2,4
290152,5,6,6,0
86632,5,6,3,3
29904,5,6,2,4
39992,5,6,4,2
90928,5,6,5,1
52912,5,6,4,2
126736,5,6,1,5
58488,5,6,2,4
90864,5,6,3,3
102400,5,6,2,4
83408,5,6,4,2
55904,5,6,2,4
122344,5,6,3,3
26240,5,6,3,3
122016,5,6,5,1
265480,5,6,4,2
90920,5,6,3,3
69064,5,6,4,2
150504,5,6,3,3
34592,5,6,2,4
58176,5,6,4,2
56152,5,6,2,4
60552,5,6,4,2
72000,5,6,3,3
55400,5,6,3,3
119448,5,6,2,4
69592,5,6,4,2
127816,5,6,5,1
70784,5,6,3,3
24840,5,6,2,4
66536,5,6,1,5
45456,5,6,2,4
92272,5,6,2,4
51512,5,6,1,5
57272,5,6,2,4
111664,5,6,2,4
68712,5,6,4,2
56904,5,6,5,1
51888,5,6,3,3
68696,5,6,4,2
100744,5,6,1,5
67384,5,6,3,3
43960,5,6,3,3
164168,5,6,4,2
56344,5,6,2,4
75768,5,6,3,3
88504,5,6,3,3
50352,5,6,1,5
198192,5,6,5,1
134384,5,6,4,2
86320,5,6,3,3
23504,5,6,4,2
38528,5,6,4,2
61928,5,6,4,2
75952,5,6,4,2
86720,5,6,4,2
35584,5,6,0,6
70808,5,6,2,4
80800,5,6,3,3
68984,5,6,3,3
32856,5,6,2,4
142296,5,6,4,2
39880,5,6,2,4
118704,5,6,5,1
83560,5,6,4,2
73224,5,6,3,3
71128,5,6,2,4
55392,5,6,5,1
45176,5,6,0,6
64192,5,6,5,1
184968,5,6,4,2
100728,5,6,4,2
73696,5,6,3,3
76968,5,6,2,4
66632,5,6,2,4
69200,5,6,4,2
68864,5,6,3,3
30760,5,6,1,5
69080,5,6,4,2
32224,5,6,5,1
80824,5,6,4,2
83512,5,6,4,2
86232,5,6,5,1
71120,5,6,2,4
78712,5,6,2,4
35136,5,6,4,2
89368,5,6,4,2
36664,5,6,2,4
61328,5,6,5,1
95104,5,6,2,4
102336,5,6,4,2
44560,5,6,2,4
107416,5,6,4,2
65664,5,6,3,3
306888,5,6,3,3
56224,5,6,3,3
61392,5,6,0,6
111208,5,6,1,5
183888,5,6,5,1
83848,5,6,1,5
98424,5,6,4,2
83640,5,6,3,3
101376,5,6,2,4
33040,5,6,5,1
43024,5,6,2,4
31504,5,6,5,1
39024,5,6,2,4
102352,5,6,3,3
70008,5,6,2,4
69264,5,6,2,4
80712,5,6,2,4
97216,5,6,3,3
36792,5,6,4,2
49632,5,6,4,2
48288,5,6,2,4
38928,5,6,3,3
130312,5,6,4,2
55216,5,6,1,5
53344,5,6,4,2
45808,5,6,3,3
45672,5,6,3,3
116120,5,6,2,4
34144,5,6,4,2
100976,5,6,5,1
85240,5,6,1,5
51984,5,6,2,4
48136,5,6,3,3
95552,5,6,5,1
82864,5,6,2,4
67112,5,6,2,4
75824,5,6,4,2
42576,5,6,1,5
302688,5,6,3,3
33320,5,6,4,2
269592,5,6,3,3
52984,5,6,4,2
43112,5,6,4,2
74824,5,6,3,3
27720,5,6,3,3
99104,5,6,3,3
296968,5,6,0,6
179000,5,6,2,4
28944,5,6,4,2
46768,5,6,3,3
31672,5,6,2,4
64512,5,6,4,2
71600,5,6,3,3
56400,5,6,3,3
86072,5,6,5,1
104008,5,6,3,3
53824,5,6,2,4
89312,5,6,2,4
65096,5,6,4,2
86464,5,6,2,4
43552,5,6,3,3
66064,5,6,3,3
71360,5,6,3,3
328176,5,6,4,2
80472,5,6,3,3
105488,5,6,4,2
157080,5,6,4,2
76464,5,6,3,3
63880,5,6,2,4
179368,5,6,3,3
233176,5,6,2,4
108040,5,6,2,4
301088,5,6,2,4
72400,5,6,4,2
122680,5,6,2,4
112376,5,6,0,6
43344,5,6,2,4
119336,5,6,4,2
85464,5,6,3,3
48856,5,6,0,6
43184,5,6,5,1
86760,5,6,5,1
51560,5,6,4,2
58240,5,6,5,1
116560,5,6,2,4
126680,5,6,2,4
70464,5,6,3,3
52704,5,6,4,2
73120,5,6,2,4
51056,5,6,2,4
130680,5,6,5,1
79816,5,6,3,3
74864,5,6,4,2
72016,5,6,2,4
93840,5,6,3,3
221632,5,6,2,4
117144,5,6,3,3
53128,5,6,4,2
214656,5,6,3,3
118616,5,6,2,4
75912,5,6,3,3
74512,5,6,3,3
93312,5,6,2,4
37144,5,6,3,3
127368,5,6,4,2
31720,5,6,4,2
88048,5,6,4,2
65752,5,6,0,6
32832,5,6,3,3
103336,5,6,4,2
116856,5,6,2,4
22144,5,6,3,3
102432,5,6,4,2
91200,5,6,4,2
111832,5,6,4,2
139864,5,6,2,4
38624,5,6,4,2
24640,5,6,3,3
59456,5,6,5,1
28312,5,6,5,1
239936,5,6,3,3
99784,5,6,2,4
138176,5,6,2,4
84936,5,6,4,2
58288,5,6,1,5
41256,5,6,4,2
38208,5,6,3,3
142696,5,6,2,4
60312,5,6,2,4
208168,5,6,3,3
32496,5,6,5,1
69240,5,6,4,2
71880,5,6,2,4
91880,5,6,3,3
58360,5,6,4,2
33592,5,6,4,2
22272,5,6,3,3
34824,5,6,3,3
72384,5,6,3,3
52824,5,6,4,2
97400,5,6,3,3
135984,5,6,2,4
51384,5,6,2,4
112952,5,6,3,3
55200,5,6,3,3
76304,5,6,2,4
136400,5,5,4,1
107616,5,5,4,1
26064,5,5,4,1
84648,5,5,3,2
139128,5,5,4,1
764800,5,5,2,3
135872,5,5,2,3
157184,5,5,3,2
236920,5,5,0,5
30864,5,5,5,0
34232,5,5,2,3
78104,5,5,3,2
75056,5,5,3,2
72848,5,5,3,2
76808,5,5,3,2
170760,5,5,3,2
80944,5,5,2,3
166184,5,5,1,4
51648,5,5,1,4
48656,5,5,3,2
183392,5,5,1,4
74640,5,5,2,3
72440,5,5,2,3
128472,5,5,3,2
32680,5,5,3,2
122768,5,5,3,2
81792,5,5,3,2
181480,5,5,2,3
58680,5,5,1,4
76480,5,5,4,1
125224,5,5,2,3
38400,5,5,2,3
83376,5,5,1,4
611880,5,5,1,4
69560,5,5,1,4
182440,5,5,2,3
42952,5,5,2,3
91760,5,5,4,1
42128,5,5,2,3
121208,5,5,5,0
102208,5,5,3,2
78776,5,5,3,2
179720,5,5,3,2
65104,5,5,2,3
30312,5,5,5,0
62432,5,5,2,3
65024,5,5,1,4
142560,5,5,3,2
107224,5,5,1,4
43232,5,5,3,2
304056,5,5,3,2
460216,5,5,3,2
253976,5,5,1,4
209016,5,5,0,5
303792,5,5,2,3
142488,5,5,4,1
49624,5,5,4,1
139136,5,5,2,3
55664,5,5,2,3
202576,5,5,4,1
110320,5,5,1,4
45088,5,5,2,3
96872,5,5,1,4
65864,5,5,4,1
211808,5,5,3,2
131664,5,5,3,2
86624,5,5,2,3
96760,5,5,2,3
47248,5,5,3,2
74992,5,5,2,3
33712,5,5,1,4
88120,5,5,1,4
109568,5,5,2,3
84296,5,5,3,2
211768,5,5,3,2
124376,5,5,2,3
61784,5,5,3,2
94104,5,5,3,2
102944,5,5,2,3
251784,5,5,2,3
59744,5,5,3,2
30048,5,5,2,3
38848,5,5,4,1
312784,5,5,2,3
51328,5,5,2,3
44544,5,5,2,3
85296,5,5,4,1
50424,5,5,2,3
60072,5,5,4,1
51296,5,5,2,3
53432,5,5,2,3
176048,5,5,2,3
99632,5,5,3,2
188448,5,5,1,4
46192,5,5,1,4
72720,5,5,3,2
42928,5,5,4,1
269120,5,5,4,1
335280,5,5,3,2
73056,5,5,4,1
90784,5,5,2,3
87848,5,5,1,4
43296,5,5,2,3
157200,5,5,2,3
36064,5,5,2,3
93416,5,5,2,3
107488,5,5,3,2
94408,5,5,3,2
88656,5,5,3,2
179920,5,5,5,0
146920,5,5,4,1
55480,5,5,3,2
36128,5,5,3,2
82744,5,5,4,1
210488,5,5,1,4
175144,5,5,4,1
163192,5,5,5,0
64976,5,5,3,2
90976,5,5,3,2
42920,5,5,3,2
96864,5,5,2,3
72696,5,5,3,2
119816,5,5,3,2
76688,5,5,3,2
116344,5,5,3,2
189144,5,5,3,2
84640,5,5,3,2
58216,5,5,2,3
82072,5,5,4,1
123016,5,5,3,2
67080,5,5,3,2
59016,5,5,2,3
65384,5,5,1,4
72048,5,5,2,3
246064,5,5,4,1
184200,5,5,3,2
102072,5,5,1,4
55336,5,5,3,2
159488,5,5,3,2
272992,5,5,2,3
67896,5,5,4,1
49264,5,5,2,3
93464,5,5,4,1
32640,5,5,2,3
72128,5,5,5,0
103168,5,5,4,1
52192,5,5,2,3
169760,5,5,3,2
157312,5,5,3,2
191848,5,5,4,1
36240,5,5,3,2
178616,5,5,1,4
132696,5,5,3,2
53856,5,5,1,4
94584,5,5,2,3
34968,5,5,3,2
286008,5,5,4,1
97648,5,5,3,2
85504,5,5,2,3
93560,5,5,4,1
79144,5,5,4,1
219328,5,5,2,3
102856,5,5,5,0
47832,5,5,3,2
43680,5,5,1,4
51496,5,5,2,3
203440,5,5,2,3
55136,5,5,3,2
43944,5,5,4,1
106952,5,5,2,3
77592,5,5,2,3
70640,5,5,4,1
134552,5,5,4,1
68800,5,5,3,2
218168,5,5,2,3
60760,5,5,2,3
48664,5,5,3,2
80352,5,5,1,4
50952,5,5,2,3
120336,5,5,3,2
144232,5,5,4,1
461176,5,5,3,2
122592,5,5,1,4
45208,5,5,2,3
62672,5,5,2,3
82136,5,5,4,1
124440,5,5,2,3
77440,5,5,4,1
39296,5,5,2,3
90624,5,5,2,3
74456,5,5,1,4
109960,5,5,3,2
148480,5,5,5,0
69000,5,5,3,2
57712,5,5,4,1
37008,5,5,2,3
90280,5,5,4,1
43632,5,5,3,2
78088,5,5,4,1
75336,5,5,2,3
33200,5,5,2,3
64128,5,5,4,1
57648,5,5,0,5
205688,5,5,4,1
107392,5,5,2,3
108512,5,5,1,4
81952,5,5,1,4
84056,5,5,3,2
347816,5,5,5,0
106416,5,5,3,2
231256,5,5,3,2
70184,5,5,3,2
138088,5,5,3,2
167392,5,5,3,2
66680,5,5,3,2
177312,5,5,4,1
127648,5,5,1,4
56016,5,5,2,3
160680,5,5,1,4
179640,5,5,2,3
109280,5,5,3,2
56472,5,5,2,3
100056,5,5,3,2
87928,5,5,1,4
179184,5,5,3,2
108536,5,5,3,2
245728,5,5,2,3
86424,5,5,5,0
207968,5,5,4,1
74272,5,5,2,3
34072,5,5,2,3
105136,5,5,3,2
45184,5,5,2,3
77104,5,5,3,2
58624,5,5,3,2
383464,5,5,1,4
72032,5,5,3,2
151824,5,5,2,3
35184,5,5,3,2
71416,5,5,3,2
134912,5,5,1,4
71792,5,5,3,2
373640,5,5,3,2
130768,5,5,2,3
94768,5,5,2,3
116304,5,5,3,2
114968,5,5,3,2
69248,5,5,0,5
100952,5,5,2,3
203776,5,5,3,2
153160,5,5,3,2
65552,5,5,2,3
112096,5,5,3,2
100384,5,5,3,2
80200,5,5,2,3
120280,5,5,3,2
135680,5,5,4,1
145128,5,5,2,3
48912,5,5,3,2
109600,5,5,2,3
39640,5,5,2,3
60384,5,5,3,2
103960,5,5,1,4
128512,5,5,1,4
94032,5,5,3,2
189320,5,5,2,3
113584,5,5,2,3
86976,5,5,1,4
95072,5,5,4,1
127992,5,5,2,3
62160,5,5,1,4
112696,5,5,3,2
50440,5,5,4,1
61880,5,5,2,3
103496,5,5,3,2
322832,5,5,2,3
104248,5,5,3,2
38176,5,5,2,3
202880,5,5,2,3
150152,5,5,2,3
350224,5,5,4,1
165656,5,5,4,1
222144,5,5,3,2
66576,5,5,3,2
65640,5,5,2,3
47776,5,5,2,3
150120,5,5,0,5
56640,5,5,3,2
287504,5,5,2,3
23184,5,5,4,1
114000,5,5,3,2
191816,5,5,1,4
80272,5,5,3,2
61696,5,5,1,4
109856,5,5,2,3
62544,5,5,3,2
80432,5,5,2,3
141792,5,5,3,2
40584,5,5,3,2
122720,5,5,1,4
60896,5,5,3,2
67184,5,5,3,2
118656,5,5,3,2
225016,5,5,3,2
116912,5,5,3,2
94008,5,5,3,2
134864,5,5,4,1
73424,5,5,3,2
155616,5,5,3,2
129848,5,5,3,2
63808,5,5,2,3
55616,5,5,2,3
75184,5,5,4,1
40864,5,5,2,3
42024,5,5,3,2
207800,5,5,2,3
40552,5,5,1,4
163088,5,5,5,0
72592,5,5,2,3
323488,5,5,3,2
106488,5,5,2,3
178216,5,5,4,1
280776,5,5,2,3
131584,5,5,2,3
70480,5,5,2,3
76000,5,5,3,2
56688,5,5,5,0
72544,5,5,1,4
140288,5,5,4,1
114040,5,5,4,1
49680,5,5,0,5
153040,5,5,2,3
58112,5,5,2,3
67816,5,5,1,4
74488,5,5,3,2
88296,5,5,5,0
82488,5,5,5,0
75448,5,5,3,2
167200,5,5,3,2
76928,5,5,5,0
1123680,5,5,1,4
52720,5,5,2,3
84896,5,5,1,4
154368,5,5,3,2
374304,5,5,1,4
63224,5,5,1,4
120656,5,5,3,2
156176,5,5,2,3
68840,5,5,1,4
112456,5,5,2,3
59072,5,5,3,2
185024,5,5,3,2
176472,5,5,3,2
165400,5,5,3,2
34248,5,5,3,2
86256,5,5,2,3
157584,5,5,2,3
197424,5,5,3,2
190520,5,5,3,2
87744,5,5,2,3
67240,5,5,3,2
128112,5,5,4,1
47864,5,5,2,3
54648,5,5,3,2
79376,5,5,4,1
145872,5,5,3,2
176200,5,5,4,1
135552,5,5,2,3
123160,5,5,4,1
25112,5,5,4,1
84872,5,5,4,1
132680,5,5,4,1
104696,5,5,4,1
266512,5,5,0,5
238776,5,5,2,3
138168,5,5,5,0
126984,5,5,2,3
111784,5,5,2,3
66552,5,5,2,3
191456,5,5,3,2
209528,5,5,3,2
66920,5,5,1,4
94136,5,5,2,3
38936,5,5,0,5
53232,5,5,2,3
221760,5,5,2,3
112312,5,5,3,2
67376,5,5,2,3
391584,5,5,1,4
41064,5,5,4,1
103816,5,5,3,2
27808,5,5,2,3
48600,5,5,4,1
59448,5,5,1,4
65712,5,5,3,2
218592,5,5,4,1
35744,5,5,1,4
105592,5,5,1,4
90144,5,5,3,2
54400,5,5,4,1
102120,5,5,1,4
90712,5,5,2,3
81816,5,5,2,3
53176,5,5,3,2
124936,5,5,3,2
59480,5,5,4,1
106152,5,5,2,3
90008,5,5,3,2
161920,5,5,1,4
175984,5,5,4,1
188336,5,5,3,2
173704,5,5,3,2
116216,5,5,2,3
61336,5,5,0,5
81888,5,5,3,2
24200,5,5,3,2
130528,5,5,0,5
103776,5,5,5,0
89776,5,5,2,3
177192,5,5,2,3
63984,5,5,2,3
76128,5,5,3,2
52688,5,5,3,2
45280,5,5,3,2
144104,5,5,3,2
39136,5,5,3,2
78008,5,5,2,3
94504,5,5,2,3
164464,5,5,3,2
126296,5,5,3,2
99088,5,5,3,2
136392,5,5,3,2
104736,5,5,3,2
124312,5,5,3,2
110680,5,5,3,2
75264,5,5,1,4
341440,5,5,2,3
91128,5,5,2,3
86168,5,5,2,3
66808,5,5,1,4
216328,5,5,1,4
149056,5,5,3,2
49584,5,5,2,3
154512,5,5,3,2
86920,5,5,2,3
69936,5,5,4,1
84712,5,5,4,1
118752,5,5,2,3
37552,5,5,3,2
121056,5,5,4,1
133544,5,5,1,4
85712,5,5,4,1
100184,5,5,4,1
134232,5,5,2,3
129024,5,5,5,0
212112,5,5,2,3
60608,5,5,3,2
40872,5,5,3,2
48176,5,5,2,3
90672,5,5,1,4
77032,5,5,2,3
66960,5,5,1,4
46984,5,5,2,3
112104,5,5,2,3
185888,5,5,4,1
87912,5,5,3,2
56944,5,5,3,2
116208,5,5,3,2
107248,5,5,3,2
152592,5,5,3,2
182560,5,5,3,2
103200,5,5,0,5
220568,5,5,1,4
97824,5,5,3,2
70920,5,5,1,4
154008,5,5,3,2
118288,5,5,4,1
81640,5,5,1,4
172632,5,5,2,3
67768,5,5,3,2
90184,5,5,2,3
74744,5,5,3,2
147312,5,5,3,2
44776,5,5,2,3
87304,5,5,2,3
107688,5,5,4,1
51400,5,5,3,2
119008,5,5,3,2
48024,5,5,4,1
375456,5,5,4,1
107256,5,5,1,4
208800,5,5,4,1
77800,5,5,4,1
78584,5,5,4,1
107952,5,5,2,3
84688,5,5,4,1
189784,5,5,2,3
56248,5,5,3,2
109240,5,5,0,5
111600,5,5,3,2
64520,5,5,2,3
68584,5,5,3,2
56288,5,5,3,2
75240,5,5,4,1
279856,5,5,2,3
110192,5,5,4,1
164880,5,5,1,4
89488,5,5,3,2
131392,5,5,2,3
59888,5,5,3,2
49056,5,5,2,3
63232,5,5,1,4
36280,5,5,2,3
74736,5,5,3,2
249576,5,5,5,0
72392,5,5,3,2
38600,5,5,3,2
80176,5,5,3,2
341696,5,5,4,1
110728,5,5,3,2
129248,5,5,4,1
39392,5,5,3,2
67360,5,5,5,0
85752,5,5,4,1
24728,5,5,3,2
58528,5,5,0,5
99960,5,5,3,2
27088,5,5,3,2
45288,5,5,2,3
81520,5,5,2,3
215648,5,5,2,3
52416,5,5,3,2
69648,5,5,2,3
367888,5,5,3,2
79600,5,5,3,2
90536,5,5,3,2
100736,5,5,1,4
42112,5,5,0,5
314432,5,5,3,2
47920,5,5,2,3
73504,5,5,3,2
96848,5,5,1,4
83416,5,5,4,1
177248,5,5,2,3
107984,5,5,3,2
100328,5,5,2,3
144296,5,5,4,1
76904,5,5,3,2
104768,5,5,4,1
80928,5,5,3,2
279472,5,5,4,1
93352,5,5,3,2
183744,5,5,3,2
61136,5,5,4,1
122040,5,5,4,1
85184,5,5,2,3
59584,5,5,3,2
52696,5,5,2,3
115400,5,5,2,3
57104,5,5,1,4
910312,5,5,3,2
78504,5,5,3,2
147320,5,5,1,4
114560,5,5,4,1
110736,5,5,0,5
59664,5,5,4,1
53688,5,5,1,4
91072,5,5,3,2
55952,5,5,3,2
28320,5,5,3,2
51144,5,5,2,3
87280,5,5,2,3
79552,5,5,2,3
103744,5,5,1,4
69912,5,5,0,5
70728,5,5,3,2
105176,5,5,1,4
54760,5,5,3,2
44208,5,5,3,2
69224,5,5,2,3
152000,5,5,2,3
92992,5,5,3,2
34800,5,5,4,1
118432,5,5,2,3
64880,5,5,3,2
380272,5,5,4,1
95352,5,5,3,2
76976,5,5,0,5
150904,5,5,3,2
32648,5,5,4,1
386672,5,5,3,2
125072,5,5,5,0
68128,5,5,3,2
133808,5,5,3,2
93976,5,5,2,3
73824,5,5,3,2
102824,5,5,4,1
51464,5,5,2,3
87392,5,5,2,3
108416,5,5,1,4
155232,5,5,3,2
144088,5,5,4,1
70912,5,5,3,2
64208,5,5,3,2
43808,5,5,3,2
95384,5,5,3,2
47464,5,5,2,3
91176,5,5,0,5
132344,5,5,2,3
283264,5,5,3,2
104584,5,5,3,2
68992,5,5,3,2
131632,5,5,4,1
54600,5,5,2,3
109840,5,5,1,4
71208,5,5,1,4
161008,5,5,2,3
113016,5,5,1,4
103112,5,5,5,0
71688,5,5,3,2
137976,5,5,3,2
99248,5,5,4,1
99920,5,5,3,2
95768,5,5,4,1
61096,5,5,2,3
59624,5,5,4,1
38368,5,5,1,4
103896,5,5,2,3
300016,5,5,4,1
169464,5,5,4,1
165176,5,5,2,3
133176,5,5,3,2
102584,5,5,2,3
94936,5,5,2,3
131504,5,5,2,3
274768,5,5,3,2
49896,5,5,3,2
178408,5,5,3,2
58416,5,5,2,3
152648,5,5,2,3
144600,5,5,1,4
77296,5,5,2,3
69304,5,5,3,2
125528,5,5,3,2
151376,5,5,3,2
420664,5,5,3,2
60344,5,5,3,2
266168,5,5,4,1
137944,5,5,3,2
48216,5,5,4,1
95136,5,5,1,4
36104,5,5,1,4
135176,5,5,2,3
50752,5,5,3,2
51448,5,5,2,3
71952,5,5,2,3
44296,5,5,2,3
97480,5,5,4,1
189920,5,5,3,2
182080,5,5,4,1
99200,5,5,1,4
75000,5,5,3,2
144392,5,5,4,1
108816,5,5,2,3
537816,5,5,2,3
147608,5,5,1,4
59576,5,5,1,4
97392,5,5,3,2
146520,5,5,4,1
104504,5,5,1,4
85672,5,5,3,2
152776,5,5,2,3
126896,5,5,3,2
281544,5,5,2,3
245952,5,5,2,3
50544,5,5,2,3
107536,5,5,4,1
110600,5,5,1,4
86696,5,5,3,2
56608,5,5,3,2
166216,5,5,2,3
64608,5,5,2,3
190784,5,5,1,4
80880,5,5,2,3
38184,5,5,3,2
40192,5,5,2,3
276776,5,5,2,3
86848,5,5,4,1
76472,5,5,3,2
154176,5,5,1,4
175736,5,5,2,3
129344,5,5,3,2
129144,5,5,3,2
80896,5,5,2,3
102000,5,5,2,3
111232,5,5,3,2
108080,5,5,2,3
73920,5,5,3,2
197272,5,5,1,4
51936,5,5,3,2
71432,5,5,1,4
78408,5,5,2,3
204424,5,5,3,2
278312,5,5,4,1
199568,5,5,3,2
104560,5,5,3,2
188048,5,5,1,4
96320,5,5,2,3
51424,5,5,1,4
97560,5,5,2,3
256112,5,5,1,4
79704,5,5,3,2
98776,5,5,2,3
84232,5,5,2,3
64288,5,5,3,2
54504,5,5,3,2
70080,5,5,3,2
41056,5,5,1,4
101544,5,5,1,4
255368,5,5,4,1
86064,5,5,3,2
45872,5,5,3,2
58800,5,5,4,1
142944,5,5,3,2
38488,5,5,2,3
56896,5,5,3,2
108840,5,5,3,2
92344,5,5,3,2
61048,5,5,1,4
295544,5,5,2,3
135928,5,5,0,5
111120,5,5,2,3
286352,5,5,1,4
220208,5,5,5,0
54136,5,5,3,2
59672,5,5,1,4
40808,5,5,1,4
90000,5,5,1,4
207032,5,5,2,3
110768,5,5,2,3
379824,5,5,3,2
215136,5,5,4,1
86112,5,5,2,3
109880,5,5,2,3
63704,5,5,2,3
307888,5,5,2,3
111128,5,5,2,3
162928,5,5,4,1
46536,5,5,2,3
58136,5,5,4,1
67144,5,5,2,3
55168,5,5,2,3
175104,5,5,3,2
54128,5,5,1,4
86392,5,5,4,1
182120,5,5,1,4
148456,5,5,2,3
83832,5,5,2,3
139392,5,5,3,2
59440,5,5,4,1
46680,5,5,3,2
420472,5,5,2,3
106984,5,5,2,3
95776,5,5,4,1
45848,5,5,4,1
95536,5,5,4,1
338160,5,5,2,3
40296,5,5,3,2
159736,5,5,3,2
78384,5,5,2,3
52672,5,5,3,2
155216,5,5,4,1
137352,5,5,3,2
64984,5,5,2,3
41280,5,5,1,4
141560,5,5,2,3
139184,5,5,4,1
62048,5,5,3,2
122216,5,5,4,1
45920,5,5,2,3
134848,5,5,2,3
142384,5,5,1,4
84704,5,5,2,3
75488,5,5,2,3
129856,5,5,4,1
311688,5,5,1,4
321264,5,5,4,1
84744,5,5,1,4
92400,5,5,3,2
104792,5,5,3,2
67392,5,5,4,1
328904,5,5,4,1
58952,5,5,3,2
72160,5,5,1,4
115080,5,5,1,4
31544,5,5,3,2
128288,5,5,1,4
117992,5,5,2,3
123728,5,5,2,3
39016,5,5,2,3
104808,5,5,3,2
118784,5,5,3,2
273600,5,5,2,3
43384,5,5,1,4
145456,5,5,2,3
177768,5,5,2,3
80784,5,5,2,3
115136,5,5,2,3
80936,5,5,2,3
187712,5,5,3,2
97408,5,5,4,1
70832,5,5,2,3
156784,5,5,4,1
111440,5,5,1,4
52360,5,5,3,2
69896,5,5,2,3
56184,5,5,1,4
29552,5,5,2,3
106832,5,5,1,4
72272,5,5,2,3
70296,5,5,3,2
37664,5,5,1,4
196312,5,5,3,2
93912,5,5,2,3
80112,5,5,1,4
151832,5,5,1,4
113656,5,5,1,4
88768,5,5,4,1
61016,5,5,3,2
76224,5,5,2,3
54832,5,5,1,4
42496,5,5,4,1
95680,5,5,3,2
149256,5,5,4,1
57296,5,5,1,4
54480,5,5,2,3
58376,5,5,3,2
87160,5,5,3,2
159496,5,5,4,1
348384,5,5,3,2
174712,5,5,1,4
229344,5,5,5,0
137104,5,5,1,4
151584,5,5,2,3
93240,5,5,4,1
280568,5,5,3,2
107744,5,5,1,4
125088,5,5,2,3
52112,5,5,1,4
382184,5,5,3,2
48200,5,5,3,2
46256,5,5,2,3
73240,5,5,3,2
126584,5,5,2,3
96704,5,5,1,4
141840,5,5,1,4
136336,5,5,2,3
58080,5,5,1,4
211424,5,5,2,3
97936,5,5,3,2
74408,5,5,3,2
49592,5,5,4,1
98896,5,5,0,5
103880,5,5,3,2
47656,5,5,2,3
453200,5,5,4,1
60416,5,5,1,4
75576,5,5,2,3
113176,5,5,3,2
54464,5,5,4,1
140336,5,5,4,1
185944,5,5,1,4
197112,5,5,3,2
136080,5,5,3,2
561592,5,5,3,2
58648,5,5,3,2
127256,5,5,2,3
38328,5,5,1,4
64712,5,5,4,1
156104,5,5,3,2
58224,5,5,2,3
269024,5,5,0,5
284280,5,5,3,2
74328,5,5,3,2
158536,5,5,2,3
74704,5,5,2,3
60464,5,5,3,2
105960,5,5,2,3
96600,5,5,1,4
105640,5,5,1,4
44624,5,5,0,5
47728,5,5,1,4
63128,5,5,2,3
80992,5,5,4,1
50848,5,5,4,1
180560,5,5,3,2
57096,5,5,2,3
49960,5,5,4,1
292344,5,5,2,3
59008,5,5,3,2
105064,5,5,2,3
269888,5,5,3,2
160888,5,5,3,2
106648,5,5,1,4
111392,5,5,2,3
87168,5,5,2,3
78608,5,5,2,3
38512,5,5,3,2
85392,5,5,2,3
531432,5,5,2,3
83008,5,5,3,2
90392,5,5,1,4
119968,5,5,2,3
146032,5,5,3,2
80552,5,5,2,3
72616,5,5,2,3
60112,5,5,2,3
86800,5,5,5,0
60144,5,5,1,4
188856,5,5,1,4
192368,5,5,3,2
170328,5,5,3,2
79760,5,5,2,3
139648,5,5,4,1
59528,5,5,3,2
71160,5,5,3,2
96256,5,5,1,4
52128,5,5,2,3
113264,5,5,4,1
62400,5,5,4,1
107304,5,5,2,3
111696,5,5,3,2
44248,5,5,4,1
55496,5,5,3,2
257192,5,5,3,2
68144,5,5,1,4
155592,5,5,2,3
49184,5,5,1,4
50528,5,5,1,4
153856,5,5,1,4
122008,5,5,1,4
88144,5,5,0,5
140936,5,5,4,1
75256,5,5,2,3
59696,5,5,3,2
1134360,5,5,2,3
142632,5,5,1,4
91024,5,5,3,2
94736,5,5,2,3
162296,5,5,4,1
42488,5,5,3,2
79536,5,5,4,1
104712,5,5,3,2
71704,5,5,1,4
148424,5,5,2,3
138544,5,5,4,1
87200,5,5,3,2
92768,5,5,2,3
117136,5,5,2,3
95200,5,5,1,4
96280,5,5,3,2
115328,5,5,2,3
43072,5,5,2,3
47136,5,5,4,1
295824,5,5,2,3
126000,5,5,3,2
69816,5,5,3,2
38592,5,5,3,2
140992,5,5,2,3
70232,5,5,3,2
88616,5,5,2,3
34472,5,5,4,1
46560,5,5,4,1
107056,5,5,2,3
35456,5,5,3,2
122416,5,5,3,2
67864,5,5,3,2
53048,5,5,2,3
61848,5,5,1,4
77752,5,5,1,4
188152,5,5,5,0
79848,5,5,1,4
116792,5,5,4,1
47816,5,5,4,1
92984,5,5,4,1
122880,5,5,4,1
66120,5,5,1,4
83488,5,5,2,3
93608,5,5,3,2
66744,5,5,2,3
67640,5,5,1,4
39952,5,5,2,3
175968,5,5,0,5
75816,5,5,4,1
42816,5,5,2,3
115824,5,5,4,1
143552,5,5,2,3
103680,5,5,3,2
120944,5,5,2,3
66216,5,5,5,0
109056,5,5,3,2
223344,5,5,2,3
73816,5,5,2,3
135648,5,5,2,3
80832,5,5,1,4
54432,5,5,4,1
47768,5,5,3,2
265280,5,5,1,4
144552,5,5,2,3
218536,5,5,2,3
112800,5,5,2,3
26184,5,5,2,3
50488,5,5,3,2
124416,5,5,3,2
199936,5,5,2,3
83328,5,5,3,2
735880,5,5,3,2
58256,5,5,4,1
41200,5,5,2,3
52448,5,5,4,1
49048,5,5,3,2
55784,5,5,3,2
71992,5,5,1,4
39272,5,5,1,4
162408,5,5,2,3
111560,5,5,1,4
51664,5,5,2,3
167520,5,5,3,2
214776,5,5,2,3
55440,5,5,2,3
98288,5,5,3,2
88448,5,5,2,3
56776,5,5,2,3
45784,5,5,0,5
211368,5,5,1,4
177384,5,5,2,3
66424,5,5,1,4
51584,5,5,3,2
45696,5,5,3,2
55272,5,5,4,1
146544,5,5,3,2
75984,5,5,3,2
48960,5,5,1,4
89288,5,5,1,4
56736,5,5,2,3
168704,5,5,3,2
115952,5,5,1,4
72896,5,5,4,1
855272,5,5,2,3
179064,5,5,3,2
71616,5,5,3,2
34952,5,5,3,2
137384,5,5,4,1
107328,5,5,3,2
43000,5,5,1,4
55024,5,5,2,3
30512,5,5,1,4
60208,5,5,4,1
61728,5,5,4,1
154440,5,5,3,2
128368,5,5,2,3
141344,5,5,2,3
118872,5,5,4,1
97624,5,5,3,2
112184,5,5,3,2
91440,5,5,4,1
68640,5,5,1,4
153912,5,5,2,3
66912,5,5,2,3
122096,5,5,4,1
61528,5,5,2,3
172304,5,5,3,2
53320,5,5,4,1
50328,5,5,3,2
46264,5,5,1,4
944504,5,5,3,2
63992,5,5,2,3
125200,5,5,2,3
72360,5,5,4,1
291656,5,5,4,1
32288,5,5,2,3
57600,5,5,4,1
157840,5,5,2,3
149536,5,5,2,3
56600,5,5,1,4
111872,5,5,3,2
371208,5,5,3,2
105552,5,5,1,4
82208,5,5,3,2
73136,5,5,1,4
73288,5,5,3,2
217992,5,5,0,5
94424,5,5,3,2
103584,5,5,2,3
45816,5,5,2,3
191560,5,5,3,2
56712,5,5,3,2
58808,5,5,4,1
66904,5,5,1,4
82712,5,5,3,2
52056,5,5,3,2
26160,5,5,2,3
78624,5,5,2,3
68328,5,5,4,1
103088,5,5,2,3
74560,5,5,4,1
135344,5,5,4,1
78136,5,5,3,2
50504,5,5,3,2
75072,5,5,3,2
66040,5,5,2,3
64496,5,5,3,2
64912,5,5,3,2
225256,5,5,1,4
120960,5,5,3,2
70592,5,5,3,2
129456,5,5,4,1
135896,5,5,4,1
106600,5,5,1,4
105144,5,5,3,2
80592,5,5,3,2
64760,5,5,2,3
116408,5,5,2,3
237424,5,5,0,5
54664,5,5,3,2
75672,5,5,3,2
42840,5,5,3,2
140624,5,5,3,2
250472,5,5,5,0
166440,5,5,3,2
98856,5,5,1,4
63864,5,5,2,3
44824,5,5,3,2
32808,5,5,1,4
130656,5,5,4,1
259216,5,5,0,5
58696,5,5,1,4
92496,5,5,3,2
130480,5,5,3,2
241248,5,5,4,1
259648,5,5,2,3
28336,5,5,1,4
84208,5,5,3,2
239952,5,5,1,4
151896,5,5,3,2
146104,5,5,4,1
140184,5,5,1,4
46296,5,5,0,5
59120,5,5,3,2
175608,5,5,2,3
116872,5,5,4,1
369736,5,5,1,4
56728,5,5,2,3
52304,5,5,4,1
134144,5,5,3,2
69296,5,5,2,3
426760,5,5,3,2
215000,5,5,3,2
104192,5,5,1,4
136880,5,5,3,2
44360,5,5,2,3
67704,5,5,3,2
120016,5,5,4,1
60744,5,5,2,3
84200,5,5,2,3
372256,5,5,1,4
67272,5,5,3,2
106360,5,5,3,2
54816,5,5,3,2
107720,5,5,2,3
53496,5,5,4,1
224504,5,5,2,3
57288,5,5,3,2
119872,5,5,3,2
44104,5,5,4,1
192816,5,5,3,2
105904,5,5,3,2
112752,5,5,2,3
126720,5,5,2,3
373248,5,5,5,0
233984,5,5,1,4
178360,5,5,2,3
110560,5,5,3,2
40728,5,5,5,0
211984,5,5,2,3
311880,5,5,3,2
123296,5,5,1,4
517104,5,5,3,2
114312,5,5,2,3
161072,5,5,1,4
170072,5,5,2,3
105320,5,5,3,2
162800,5,5,2,3
63000,5,5,3,2
296792,5,5,2,3
171248,5,5,3,2
1262320,5,5,2,3
211792,5,5,3,2
76824,5,5,3,2
129592,5,5,4,1
198104,5,5,2,3
219712,5,5,2,3
122336,5,5,2,3
47216,5,5,4,1
86552,5,5,1,4
117592,5,5,1,4
93056,5,5,4,1
186616,5,5,3,2
104384,5,5,4,1
150864,5,5,3,2
119736,5,5,3,2
170392,5,5,2,3
83208,5,5,3,2
114320,5,5,3,2
50448,5,5,2,3
257184,5,5,3,2
70256,5,5,3,2
73528,5,5,1,4
170552,5,5,2,3
160456,5,5,2,3
71376,5,5,4,1
79968,5,5,4,1
263280,5,5,1,4
173632,5,5,4,1
222064,5,5,3,2
64368,5,5,3,2
55176,5,5,2,3
140216,5,5,3,2
52424,5,5,1,4
70432,5,5,2,3
217656,5,5,2,3
109272,5,5,2,3
34656,5,5,2,3
65128,5,5,1,4
65784,5,5,4,1
150760,5,5,4,1
140488,5,5,3,2
131368,5,5,3,2
71776,5,5,1,4
123816,5,5,2,3
183768,5,5,3,2
62088,5,5,2,3
92048,5,5,1,4
102760,5,5,3,2
161096,5,5,1,4
185968,5,5,2,3
159200,5,5,4,1
58384,5,5,3,2
89672,5,5,3,2
235136,5,5,3,2
84840,5,5,2,3
104760,5,5,1,4
41640,5,5,2,3
202032,5,5,1,4
100024,5,5,0,5
163352,5,5,3,2
53704,5,5,1,4
55304,5,5,4,1
138760,5,5,4,1
156728,5,5,3,2
76456,5,5,4,1
34944,5,5,1,4
63200,5,5,3,2
36192,5,5,1,4
119896,5,5,4,1
172216,5,5,3,2
85360,5,5,3,2
241536,5,5,0,5
120920,5,5,2,3
109448,5,5,3,2
81944,5,5,2,3
59808,5,5,2,3
148552,5,5,3,2
46272,5,5,4,1
175824,5,5,3,2
97256,5,5,3,2
116608,5,5,3,2
91824,5,5,3,2
63032,5,5,1,4
49944,5,5,1,4
111368,5,5,2,3
125160,5,5,2,3
383848,5,5,2,3
46824,5,5,3,2
30896,5,5,3,2
122456,5,5,2,3
144904,5,5,2,3
144264,5,5,2,3
34856,5,5,2,3
245008,5,5,2,3
78304,5,5,2,3
89136,5,5,4,1
81920,5,5,2,3
117088,5,5,3,2
157368,5,5,4,1
78144,5,5,2,3
379328,5,5,3,2
41416,5,5,2,3
169032,5,5,2,3
54264,5,5,3,2
29328,5,5,2,3
68536,5,5,5,0
69720,5,5,4,1
93720,5,5,3,2
65168,5,5,2,3
251584,5,5,1,4
183160,5,5,4,1
96944,5,5,2,3
67088,5,5,4,1
141720,5,5,2,3
102264,5,5,2,3
50192,5,5,4,1
119264,5,5,2,3
99272,5,5,5,0
79056,5,5,4,1
114600,5,5,3,2
43920,5,5,4,1
190912,5,5,4,1
73160,5,5,2,3
90304,5,5,2,3
63904,5,5,3,2
100944,5,5,4,1
130400,5,5,4,1
85304,5,5,3,2
526328,5,5,2,3
143936,5,5,2,3
66600,5,5,3,2
51312,5,5,3,2
244856,5,5,3,2
116320,5,5,3,2
48768,5,5,0,5
85976,5,5,3,2
389616,5,5,3,2
110128,5,5,2,3
129680,5,5,2,3
58688,5,5,3,2
109256,5,5,4,1
27440,5,5,3,2
237328,5,5,3,2
144608,5,5,2,3
185992,5,5,2,3
124264,5,5,1,4
178552,5,5,2,3
47368,5,5,2,3
128800,5,5,2,3
54936,5,5,4,1
61040,5,5,2,3
77336,5,5,4,1
231880,5,5,3,2
89560,5,5,1,4
112960,5,5,2,3
129712,5,5,2,3
64256,5,5,2,3
41864,5,5,2,3
39512,5,5,4,1
158272,5,5,4,1
68776,5,5,0,5
133064,5,5,5,0
140368,5,5,1,4
101648,5,5,3,2
64264,5,5,4,1
41584,5,5,3,2
107368,5,5,3,2
101136,5,5,3,2
87208,5,5,3,2
73296,5,5,2,3
415376,5,5,2,3
70880,5,5,4,1
194280,5,5,3,2
48008,5,5,2,3
313344,5,5,2,3
45048,5,5,2,3
83096,5,5,3,2
285944,5,5,4,1
216336,5,5,4,1
181064,5,5,3,2
119528,5,5,2,3
48936,5,5,1,4
63856,5,5,4,1
185520,5,5,3,2
41480,5,5,0,5
111568,5,5,2,3
109136,5,5,2,3
42384,5,5,2,3
176448,5,5,3,2
91744,5,5,4,1
39048,5,5,2,3
111288,5,5,1,4
99496,5,5,4,1
66328,5,5,2,3
63296,5,5,3,2
74344,5,5,3,2
95752,5,5,1,4
164904,5,5,1,4
128920,5,5,0,5
74176,5,5,4,1
110488,5,5,1,4
104680,5,5,0,5
39344,5,5,3,2
339520,5,5,3,2
199576,5,5,3,2
220440,5,5,2,3
466352,5,5,0,5
59848,5,5,3,2
77472,5,5,4,1
38760,5,5,1,4
43720,6,5,3,2
77928,6,5,4,1
113552,6,5,3,2
61232,6,5,2,3
296584,6,5,5,0
201776,6,5,2,3
63104,6,5,3,2
166080,6,5,1,4
71912,6,5,2,3
331856,6,5,2,3
41440,6,5,4,1
80264,6,5,3,2
109088,6,5,1,4
204096,6,5,1,4
42808,6,5,2,3
136824,6,5,3,2
147712,6,5,3,2
153688,6,5,2,3
184992,6,5,3,2
92680,6,5,1,4
67600,6,5,2,3
98760,6,5,3,2
94880,6,5,4,1
108832,6,5,3,2
119224,6,5,2,3
60176,6,5,3,2
74120,6,5,2,3
44888,6,5,3,2
77672,6,5,3,2
332480,6,5,2,3
103120,6,5,3,2
70440,6,5,2,3
52320,6,5,3,2
94832,6,5,4,1
116160,6,5,0,5
76672,6,5,2,3
138872,6,5,4,1
180664,6,5,1,4
56176,6,5,0,5
37328,6,5,0,5
158120,6,5,4,1
316216,6,5,3,2
109232,6,5,2,3
67728,6,5,1,4
108344,6,5,3,2
30520,6,5,3,2
105392,6,5,3,2
173056,6,5,4,1
48504,6,5,1,4
56744,6,5,1,4
60512,6,5,3,2
95952,6,5,1,4
81360,6,5,1,4
187296,6,5,2,3
58016,6,5,3,2
339960,6,5,5,0
672008,6,5,2,3
90992,6,5,3,2
63720,6,5,4,1
108504,6,5,3,2
124112,6,5,2,3
114504,6,5,1,4
99488,6,5,0,5
91584,6,5,2,3
114936,6,5,1,4
68032,6,5,1,4
68600,6,5,3,2
118392,6,5,1,4
75320,6,5,1,4
220544,6,5,1,4
166760,6,5,2,3
102568,6,5,4,1
206816,6,5,3,2
70856,6,5,2,3
241688,6,5,2,3
135616,6,5,1,4
90896,6,5,1,4
158176,6,5,2,3
77064,6,5,1,4
78000,6,5,2,3
278976,6,5,2,3
158384,6,5,3,2
97800,6,5,2,3
152608,6,5,2,3
70072,6,5,3,2
87496,6,5,4,1
29672,6,5,3,2
58968,6,5,2,3
105336,6,5,1,4
77144,6,5,4,1
94112,6,5,1,4
200496,6,5,2,3
54376,6,5,1,4
115776,6,5,4,1
57760,6,5,2,3
61904,6,5,3,2
95664,6,5,3,2
125400,6,5,3,2
75224,6,5,4,1
152728,6,5,2,3
114880,6,5,0,5
74976,6,5,1,4
64568,6,5,3,2
95856,6,5,2,3
89296,6,5,4,1
56464,6,5,3,2
35288,6,5,3,2
19008,6,5,1,4
265776,6,5,3,2
62624,6,5,2,3
137320,6,5,3,2
117464,6,5,1,4
45344,6,5,2,3
68264,6,5,2,3
189312,6,5,3,2
89304,6,5,2,3
78920,6,5,0,5
193272,6,5,2,3
76832,6,5,3,2
95992,6,5,3,2
120776,6,5,2,3
116472,6,5,2,3
228224,6,5,2,3
284656,6,5,1,4
59920,6,5,3,2
164560,6,5,0,5
82384,6,5,3,2
121736,6,5,1,4
80168,6,5,3,2
52240,6,5,2,3
59352,6,5,2,3
197088,6,5,4,1
53352,6,5,1,4
108752,6,5,3,2
89432,6,5,4,1
149976,6,5,3,2
82680,6,5,3,2
84080,6,5,4,1
168296,6,5,2,3
60040,6,5,4,1
107000,6,5,4,1
69160,6,5,3,2
95248,6,5,2,3
161192,6,5,2,3
77824,6,5,2,3
151184,6,5,2,3
65976,6,5,3,2
81464,6,5,1,4
53360,6,5,0,5
88608,6,5,4,1
127680,6,5,1,4
194072,6,5,2,3
63408,6,5,5,0
157224,6,5,2,3
98160,6,5,4,1
52592,6,5,2,3
88024,6,5,4,1
167184,6,5,2,3
119880,6,5,3,2
79288,6,5,2,3
100776,6,5,2,3
73192,6,5,5,0
50728,6,5,4,1
104232,6,5,1,4
57256,6,5,4,1
148712,6,5,2,3
47424,6,5,3,2
172576,6,5,2,3
66584,6,5,2,3
248592,6,5,3,2
27680,6,5,0,5
49952,6,5,2,3
138272,6,5,4,1
187216,6,5,4,1
435192,6,5,4,1
66592,6,5,2,3
69696,6,5,4,1
242968,6,5,0,5
364800,6,5,3,2
31768,6,5,3,2
180352,6,5,2,3
229840,6,5,1,4
142728,6,5,1,4
71440,6,5,4,1
63688,6,5,4,1
74464,6,5,3,2
76080,6,5,2,3
51656,6,5,4,1
51440,6,5,3,2
144920,6,5,4,1
36184,6,5,3,2
84288,6,5,3,2
78952,6,5,2,3
161648,6,5,3,2
70680,6,5,4,1
250352,6,5,2,3
22136,6,5,1,4
159448,6,5,3,2
249040,6,5,2,3
109576,6,5,3,2
75792,6,5,2,3
37264,6,5,4,1
139912,6,5,1,4
400240,6,5,3,2
102496,6,5,3,2
62336,6,5,3,2
98600,6,5,1,4
66704,6,5,0,5
156544,6,5,1,4
90400,6,5,4,1
124944,6,5,3,2
64112,6,5,4,1
144832,6,5,4,1
117736,6,5,5,0
94864,6,5,4,1
208416,6,5,1,4
137992,6,5,3,2
43744,6,5,2,3
80744,6,5,4,1
432688,6,5,3,2
38160,6,5,2,3
72856,6,5,2,3
154640,6,5,4,1
86616,6,5,1,4
30536,6,5,3,2
115712,6,5,1,4
68872,6,5,1,4
72976,6,5,4,1
98688,6,5,3,2
99568,6,5,4,1
69192,6,5,5,0
48448,6,5,4,1
78880,6,5,2,3
63832,6,5,3,2
85656,6,5,1,4
57896,6,5,2,3
499000,6,5,3,2
138848,6,5,3,2
69504,6,5,4,1
233584,6,5,1,4
68832,6,5,2,3
220072,6,5,3,2
45912,6,5,3,2
96904,6,5,3,2
83768,6,5,4,1
71976,6,5,2,3
55032,6,5,1,4
69704,6,5,3,2
81664,6,5,3,2
235104,6,5,2,3
101736,6,5,4,1
25304,6,5,1,4
135864,6,5,0,5
173944,6,5,2,3
101192,6,5,3,2
85928,6,5,4,1
145488,6,5,2,3
60960,6,5,3,2
63280,6,5,2,3
150880,6,5,4,1
90472,6,5,3,2
60872,6,5,3,2
150696,6,5,2,3
87976,6,5,2,3
92576,6,5,3,2
82104,6,5,2,3
75128,6,5,3,2
161320,6,5,4,1
147984,6,5,3,2
218552,6,5,4,1
175312,6,5,4,1
112992,6,5,3,2
125080,6,5,3,2
93256,6,5,4,1
247536,6,5,2,3
106728,6,5,2,3
181912,6,5,3,2
118832,6,5,2,3
174600,6,5,3,2
177008,6,5,3,2
255232,6,5,2,3
92096,6,5,4,1
192440,6,5,3,2
57544,6,5,3,2
48904,6,5,1,4
78016,6,5,3,2
49808,6,5,3,2
54952,6,5,2,3
170168,6,5,0,5
56256,6,5,3,2
40832,6,5,1,4
67216,6,5,2,3
62680,6,5,3,2
137296,6,5,1,4
69136,6,5,2,3
61320,6,5,1,4
78064,6,5,1,4
179112,6,5,2,3
40936,6,5,3,2
222160,6,5,2,3
48696,6,5,2,3
163816,6,5,0,5
97040,6,5,0,5
241800,6,5,2,3
89968,6,5,1,4
96688,6,5,3,2
92456,6,5,4,1
634128,6,5,3,2
40888,6,5,3,2
133968,6,5,1,4
242184,6,5,3,2
847344,6,5,3,2
91784,6,5,2,3
453512,6,5,4,1
138728,6,5,2,3
68976,6,5,4,1
55264,6,5,4,1
445272,6,5,5,0
152296,6,5,2,3
64728,6,5,2,3
44304,6,5,2,3
48848,6,5,3,2
140376,6,5,3,2
215048,6,5,4,1
94328,6,5,2,3
62096,6,5,3,2
28872,6,5,4,1
91528,6,5,2,3
59592,6,5,2,3
48224,6,5,3,2
110008,6,5,0,5
78536,6,5,3,2
144448,6,5,3,2
635624,6,5,3,2
103536,6,5,3,2
162264,6,5,2,3
477264,6,5,3,2
85048,6,5,3,2
155912,6,5,2,3
222680,6,5,3,2
445432,6,5,2,3
137360,6,5,2,3
77360,6,5,3,2
62384,6,5,3,2
96056,6,5,2,3
84376,6,5,0,5
54560,6,5,4,1
163176,6,5,4,1
49008,6,5,4,1
74040,6,5,2,3
249752,6,5,1,4
38544,6,5,1,4
245752,6,5,3,2
122304,6,5,2,3
229688,6,5,2,3
225904,6,5,2,3
138288,6,5,4,1
101072,6,5,1,4
71624,6,5,2,3
79040,6,5,5,0
90376,6,5,2,3
224928,6,5,3,2
204848,6,5,2,3
95696,6,5,2,3
43240,6,5,1,4
90792,6,5,3,2
772448,6,5,3,2
169904,6,5,2,3
152232,6,5,4,1
45840,6,5,2,3
91696,6,5,2,3
54248,6,5,2,3
82704,6,5,2,3
117072,6,5,4,1
154040,6,5,2,3
64872,6,5,3,2
92792,6,5,4,1
55720,6,5,3,2
92872,6,5,3,2
57488,6,5,2,3
138768,6,5,1,4
346512,6,5,2,3
76680,6,5,3,2
79608,6,5,0,5
287328,6,5,4,1
109168,6,5,3,2
57832,6,5,3,2
620592,6,5,3,2
142752,6,5,4,1
43848,6,5,4,1
63736,6,5,4,1
191248,6,5,3,2
118952,6,5,3,2
58736,6,5,2,3
63552,6,5,2,3
168840,6,5,1,4
40360,6,5,3,2
148000,6,5,5,0
73928,6,5,2,3
93848,6,5,2,3
53728,6,5,3,2
216144,6,5,3,2
32728,6,5,1,4
95144,6,5,3,2
32328,6,5,2,3
45488,6,5,1,4
145424,6,5,2,3
57160,6,5,2,3
109864,6,5,3,2
65048,6,5,4,1
27472,6,5,4,1
243952,6,5,1,4
53936,6,5,4,1
207952,6,5,4,1
96512,6,5,3,2
74232,6,5,3,2
79872,6,5,3,2
124144,6,5,2,3
144616,6,5,1,4
132640,6,5,2,3
323312,6,5,1,4
61832,6,5,2,3
124696,6,5,2,3
59296,6,5,0,5
114272,6,5,2,3
160176,6,5,1,4
311752,6,5,2,3
114656,6,5,3,2
175544,6,5,1,4
134192,6,5,2,3
62464,6,5,4,1
67960,6,5,1,4
103736,6,5,3,2
72224,6,5,1,4
52144,6,5,4,1
190544,6,5,1,4
59472,6,5,3,2
38136,6,5,4,1
158832,6,5,2,3
83800,6,5,1,4
50288,6,5,4,1
173240,6,5,1,4
77160,6,5,3,2
110080,6,5,1,4
160816,6,5,2,3
156504,6,5,4,1
41104,6,5,0,5
100496,6,5,4,1
335168,6,5,3,2
194944,6,5,4,1
117224,6,5,4,1
48680,6,5,2,3
249216,6,5,2,3
64136,6,5,1,4
50496,6,5,3,2
247296,6,5,3,2
138992,6,5,1,4
268672,6,5,3,2
235456,6,5,3,2
36384,6,5,3,2
52072,6,5,2,3
211432,6,5,1,4
108176,6,5,4,1
41856,6,5,2,3
47608,6,5,3,2
72480,6,5,4,1
120888,6,5,1,4
73304,6,5,4,1
214544,6,5,4,1
196912,6,5,2,3
134448,6,5,2,3
83144,6,5,4,1
100784,6,5,1,4
75176,6,5,4,1
27872,6,5,3,2
34808,6,5,3,2
60376,6,5,2,3
158456,6,5,3,2
198920,6,5,1,4
359480,6,5,2,3
224144,6,5,2,3
291288,6,5,2,3
47328,6,5,3,2
266216,6,5,1,4
167376,6,5,3,2
175304,6,5,3,2
78520,6,5,3,2
48992,6,5,2,3
67416,6,5,3,2
183080,6,5,3,2
161624,6,5,3,2
61304,6,5,1,4
178800,6,5,4,1
131640,6,5,5,0
69952,6,5,0,5
102216,6,5,2,3
72888,6,5,5,0
174360,6,5,3,2
170624,6,5,2,3
96968,6,5,1,4
94480,6,5,0,5
74336,6,5,3,2
100504,6,5,3,2
185264,6,5,3,2
23256,6,5,2,3
48096,6,5,4,1
62232,6,5,1,4
93896,6,5,2,3
74384,6,5,4,1
94840,6,5,2,3
124424,6,5,1,4
71224,6,5,2,3
65744,6,5,2,3
159656,6,5,1,4
315256,6,5,2,3
146128,6,5,2,3
185912,6,5,3,2
98640,6,5,2,3
67528,6,5,2,3
62296,6,5,2,3
41904,6,5,3,2
99176,6,5,4,1
58592,6,5,2,3
115024,6,5,4,1
220032,6,5,2,3
259448,6,5,1,4
72568,6,5,2,3
196568,6,5,4,1
182296,6,5,2,3
100392,6,5,4,1
212600,6,5,2,3
138904,6,5,0,5
124072,6,5,3,2
70624,6,5,2,3
57464,6,5,1,4
127504,6,5,4,1
147464,6,5,0,5
245120,6,5,2,3
59024,6,5,3,2
142104,6,5,4,1
402504,6,5,1,4
276280,6,5,3,2
41784,6,5,2,3
95872,6,5,2,3
72376,6,5,4,1
72672,6,5,2,3
41448,6,5,4,1
58728,6,5,0,5
149776,6,5,4,1
116392,6,5,3,2
234768,6,5,3,2
101392,6,5,3,2
50920,6,5,4,1
63024,6,5,3,2
42784,6,5,3,2
100696,6,5,2,3
128064,6,5,4,1
553304,6,5,2,3
410296,6,5,2,3
212744,6,5,1,4
267512,6,5,1,4
186416,6,5,3,2
354320,6,5,2,3
178112,6,5,3,2
91168,6,5,4,1
45904,6,5,2,3
83176,6,5,1,4
103544,6,5,2,3
33016,6,5,2,3
87488,6,5,2,3
86104,6,5,3,2
82952,6,5,1,4
78752,6,5,4,1
171120,6,5,2,3
262312,6,5,2,3
170504,6,5,3,2
205464,6,5,1,4
1818520,6,5,3,2
57936,6,5,4,1
181144,6,5,4,1
329208,6,5,2,3
155496,6,5,5,0
91296,6,5,2,3
80856,6,5,2,3
485248,6,5,0,5
50336,6,5,2,3
172880,6,5,4,1
27432,6,5,2,3
81160,6,5,3,2
56088,6,5,2,3
56672,6,5,3,2
40144,6,5,3,2
48208,6,5,3,2
107472,6,5,2,3
120728,6,5,1,4
57744,6,5,2,3
124544,6,5,2,3
51024,6,5,4,1
222256,6,5,1,4
191832,6,5,2,3
102968,6,5,0,5
66184,6,5,0,5
109696,6,5,2,3
77704,6,5,2,3
344320,6,5,4,1
675256,6,5,4,1
76936,6,5,3,2
58456,6,5,2,3
105752,6,5,1,4
178416,6,5,2,3
63536,6,5,3,2
85128,6,5,3,2
162904,6,5,1,4
94472,6,5,2,3
133112,6,5,2,3
222192,6,5,5,0
75600,6,5,2,3
62816,6,5,2,3
95592,6,5,3,2
58344,6,5,1,4
69800,6,5,2,3
46816,6,5,1,4
81480,6,5,4,1
213024,6,5,1,4
102296,6,5,4,1
194400,6,5,0,5
256288,6,5,0,5
430608,6,5,1,4
60224,6,5,2,3
113688,6,5,3,2
95056,6,5,2,3
138464,6,5,2,3
153280,6,5,1,4
85488,6,5,3,2
43984,6,5,1,4
203056,6,5,2,3
106672,6,5,3,2
36520,6,5,1,4
293072,6,5,2,3
154536,6,5,5,0
79176,6,5,2,3
83656,6,5,4,1
138000,6,5,2,3
108544,6,5,4,1
325240,6,5,2,3
89208,6,5,3,2
55736,6,5,4,1
71064,6,5,1,4
44112,6,5,3,2
101872,6,5,3,2
288216,6,5,2,3
48248,6,5,3,2
117928,6,5,2,3
35896,6,5,3,2
115208,6,5,2,3
71368,6,5,3,2
181008,6,5,3,2
78560,6,5,4,1
67928,6,5,4,1
82472,6,5,4,1
292120,6,5,2,3
352464,6,5,2,3
395768,6,5,2,3
84448,6,5,1,4
229032,6,5,3,2
205640,6,5,4,1
102152,6,5,3,2
41464,6,5,2,3
46376,6,5,2,3
227192,6,5,4,1
91872,6,5,2,3
80008,6,5,2,3
110592,6,5,3,2
109712,6,5,3,2
100432,6,5,1,4
77088,6,5,3,2
41984,6,5,2,3
44336,6,5,4,1
135512,6,5,2,3
66656,6,5,3,2
54120,6,5,3,2
149072,6,5,3,2
118592,6,5,2,3
72312,6,5,3,2
64160,6,5,4,1
33144,6,5,2,3
169600,6,5,3,2
103656,6,5,1,4
82960,6,5,3,2
91416,6,5,2,3
217464,6,5,2,3
98376,6,5,2,3
100080,6,5,3,2
174136,6,5,2,3
267968,6,5,2,3
62824,6,5,3,2
241080,6,5,1,4
190688,6,5,2,3
36320,6,5,3,2
60728,6,5,1,4
147448,6,5,1,4
112472,6,5,2,3
68104,6,5,2,3
206624,6,5,3,2
57952,6,5,2,3
74544,6,5,3,2
144936,6,5,1,4
46632,6,5,3,2
140928,6,5,3,2
137280,6,5,2,3
56536,6,5,2,3
90912,6,5,4,1
322056,6,5,4,1
49688,6,5,2,3
164768,6,5,2,3
49368,6,5,1,4
87416,6,5,3,2
92064,6,5,5,0
103696,6,5,3,2
95600,6,5,0,5
82528,6,5,2,3
185304,6,5,2,3
99736,6,5,1,4
122072,6,5,2,3
42280,6,5,2,3
146464,6,5,3,2
244088,6,5,3,2
145640,6,5,3,2
73616,6,5,2,3
133056,6,5,2,3
51048,6,5,2,3
178496,6,5,2,3
42696,6,5,2,3
345192,6,5,5,0
31352,6,5,2,3
158496,6,5,1,4
64392,6,5,3,2
48264,6,5,4,1
235240,6,5,2,3
69424,6,5,4,1
97896,6,5,3,2
127144,6,5,3,2
29800,6,5,2,3
44024,6,5,3,2
244048,6,5,3,2
175936,6,5,3,2
123304,6,5,2,3
93472,6,5,3,2
80184,6,5,2,3
207120,6,5,3,2
105208,6,5,3,2
144352,6,5,3,2
59240,6,5,2,3
57680,6,5,3,2
98136,6,5,3,2
47400,6,5,4,1
113136,6,5,2,3
72320,6,5,1,4
208400,6,5,3,2
126176,6,5,1,4
511984,6,5,3,2
115376,6,5,5,0
268792,6,5,4,1
139688,6,5,3,2
81624,6,5,2,3
187760,6,5,1,4
35216,6,5,0,5
116616,6,5,5,0
252376,6,5,2,3
119160,6,5,3,2
82616,6,5,2,3
167016,6,5,1,4
160648,6,5,2,3
137040,6,5,2,3
197160,6,5,2,3
121616,6,5,2,3
151704,6,5,2,3
59144,6,5,2,3
200976,6,5,2,3
85856,6,5,3,2
107912,6,5,2,3
204600,6,5,2,3
130264,6,5,2,3
121320,6,5,1,4
105272,6,5,0,5
108360,6,5,0,5
58832,6,5,4,1
73328,6,5,5,0
40080,6,5,0,5
206376,6,5,3,2
179936,6,5,1,4
128928,6,5,1,4
81368,6,5,3,2
286856,6,5,1,4
91344,6,5,3,2
336280,6,5,2,3
76368,6,5,5,0
129760,6,5,3,2
153976,6,5,2,3
57360,6,5,2,3
32352,6,5,3,2
92800,6,5,2,3
44136,6,5,1,4
90488,6,5,4,1
484216,6,5,3,2
27552,6,5,4,1
74968,6,5,3,2
71960,6,5,1,4
69096,6,5,2,3
65760,6,5,3,2
166224,6,5,2,3
207408,6,5,3,2
55160,6,5,2,3
375880,6,5,3,2
53304,6,5,3,2
126824,6,5,4,1
100120,6,5,3,2
155568,6,5,4,1
71744,6,5,2,3
43088,6,5,3,2
127336,6,5,3,2
108952,6,5,2,3
67856,6,5,1,4
64232,6,5,1,4
287952,6,5,2,3
160928,6,5,2,3
87568,6,5,2,3
78984,6,5,3,2
152424,6,5,3,2
50176,6,5,3,2
93960,6,5,2,3
120080,6,5,0,5
192560,6,5,3,2
75968,6,5,1,4
26928,6,5,4,1
90336,6,5,4,1
118032,6,5,3,2
62728,6,5,2,3
148232,6,5,3,2
102600,6,5,2,3
60880,6,5,4,1
111728,6,5,1,4
22040,6,5,2,3
135224,6,5,1,4
68304,6,5,1,4
100352,6,5,2,3
89080,6,5,3,2
230648,6,5,2,3
83104,6,5,3,2
65360,6,5,3,2
121304,6,5,2,3
99464,6,5,3,2
191624,6,5,4,1
69352,6,5,2,3
91464,6,5,3,2
77952,6,5,0,5
500344,6,5,1,4
49256,6,5,1,4
62480,6,5,5,0
193448,6,5,3,2
80152,6,5,2,3
80040,6,5,2,3
163544,6,5,2,3
45864,6,5,2,3
99976,6,5,3,2
127080,6,5,4,1
85008,6,5,2,3
75752,6,5,2,3
49480,6,5,2,3
82304,6,5,0,5
32368,6,5,1,4
152392,6,5,2,3
154376,6,5,3,2
79184,6,5,3,2
323176,6,5,4,1
147352,6,5,2,3
345720,6,5,2,3
90448,6,5,1,4
234336,6,5,2,3
201888,6,5,3,2
35400,6,5,4,1
103912,6,5,3,2
156600,6,5,3,2
170944,6,5,2,3
314504,6,5,2,3
67296,6,5,3,2
103552,6,5,2,3
77288,6,5,2,3
57704,6,5,3,2
60080,6,5,4,1
103280,6,5,1,4
44320,6,5,4,1
143912,6,5,1,4
152504,6,5,4,1
83392,6,5,2,3
124472,6,5,2,3
77992,6,5,2,3
74848,6,5,3,2
89056,6,5,1,4
50104,6,5,1,4
75520,6,5,3,2
55256,6,5,2,3
218288,6,5,2,3
26896,6,5,5,0
162896,6,5,2,3
121256,6,5,1,4
88424,6,5,3,2
282176,6,5,2,3
73088,6,5,2,3
928544,6,5,2,3
101320,6,5,3,2
114624,6,4,1,3
171592,6,4,3,1
100200,6,4,1,3
132040,6,4,3,1
363408,6,4,2,2
297968,6,4,0,4
167624,6,4,1,3
52104,6,4,1,3
643264,6,4,2,2
150208,6,4,1,3
182880,6,4,3,1
118424,6,4,2,2
74448,6,4,2,2
62984,6,4,0,4
295168,6,4,3,1
102608,6,4,2,2
108928,6,4,0,4
361784,6,4,3,1
360536,6,4,3,1
131296,6,4,3,1
195648,6,4,1,3
61592,6,4,1,3
80456,6,4,2,2
165208,6,4,4,0
85584,6,4,2,2
118128,6,4,3,1
125720,6,4,1,3
228096,6,4,1,3
85992,6,4,3,1
538400,6,4,2,2
235872,6,4,1,3
811432,6,4,1,3
81936,6,4,1,3
163168,6,4,2,2
48296,6,4,3,1
87296,6,4,2,2
94888,6,4,3,1
120224,6,4,2,2
36056,6,4,2,2
141176,6,4,2,2
91592,6,4,1,3
213864,6,4,2,2
100680,6,4,2,2
36968,6,4,2,2
47096,6,4,3,1
230760,6,4,2,2
94960,6,4,3,1
574864,6,4,3,1
163968,6,4,2,2
183264,6,4,3,1
212856,6,4,2,2
63312,6,4,4,0
104152,6,4,2,2
94808,6,4,0,4
88984,6,4,3,1
373896,6,4,3,1
61480,6,4,0,4
96224,6,4,3,1
287520,6,4,2,2
108552,6,4,2,2
63264,6,4,2,2
109432,6,4,3,1
170544,6,4,3,1
87112,6,4,4,0
172776,6,4,1,3
117400,6,4,2,2
1435192,6,4,3,1
72936,6,4,2,2
314176,6,4,1,3
102112,6,4,1,3
338928,6,4,2,2
167768,6,4,3,1
784976,6,4,2,2
2306984,6,4,3,1
300368,6,4,2,2
349488,6,4,1,3
236696,6,4,2,2
142208,6,4,4,0
54680,6,4,2,2
254576,6,4,2,2
456648,6,4,3,1
385800,6,4,3,1
45680,6,4,2,2
41544,6,4,1,3
103264,6,4,2,2
123328,6,4,1,3
128232,6,4,1,3
151568,6,4,2,2
63320,6,4,3,1
173192,6,4,1,3
481240,6,4,1,3
62032,6,4,2,2
103568,6,4,2,2
117616,6,4,1,3
91184,6,4,2,2
135920,6,4,3,1
135968,6,4,1,3
74672,6,4,2,2
29784,6,4,2,2
285312,6,4,3,1
195880,6,4,2,2
35080,6,4,0,4
162288,6,4,3,1
42672,6,4,1,3
200240,6,4,3,1
206280,6,4,2,2
196024,6,4,2,2
283072,6,4,2,2
54840,6,4,1,3
84184,6,4,4,0
151368,6,4,0,4
192760,6,4,3,1
57960,6,4,2,2
168240,6,4,1,3
241624,6,4,2,2
163120,6,4,0,4
101256,6,4,2,2
90408,6,4,1,3
89904,6,4,2,2
252968,6,4,2,2
65792,6,4,3,1
489144,6,4,2,2
128840,6,4,3,1
108256,6,4,2,2
86040,6,4,1,3
119952,6,4,0,4
119808,6,4,3,1
247872,6,4,2,2
92656,6,4,3,1
604176,6,4,0,4
106864,6,4,1,3
106408,6,4,3,1
64784,6,4,0,4
144800,6,4,2,2
443856,6,4,3,1
444464,6,4,1,3
100176,6,4,1,3
198312,6,4,1,3
149616,6,4,3,1
115760,6,4,1,3
139000,6,4,2,2
377872,6,4,2,2
111424,6,4,2,2
87784,6,4,1,3
168600,6,4,3,1
106240,6,4,1,3
555848,6,4,3,1
105056,6,4,3,1
90800,6,4,0,4
77272,6,4,2,2
234568,6,4,3,1
79088,6,4,3,1
47224,6,4,2,2
96352,6,4,2,2
147000,6,4,0,4
261176,6,4,2,2
52064,6,4,2,2
89752,6,4,3,1
114064,6,4,2,2
129904,6,4,1,3
155776,6,4,3,1
149024,6,4,1,3
81856,6,4,2,2
202200,6,4,1,3
126320,6,4,2,2
327104,6,4,1,3
72512,6,4,3,1
197056,6,4,4,0
61856,6,4,1,3
88288,6,4,2,2
160560,6,4,2,2
187904,6,4,2,2
240656,6,4,2,2
148784,6,4,1,3
46576,6,4,1,3
99328,6,4,1,3
145840,6,4,1,3
109976,6,4,1,3
84904,6,4,1,3
316408,6,4,2,2
47848,6,4,1,3
297776,6,4,1,3
117424,6,4,2,2
115544,6,4,1,3
36752,6,4,2,2
541248,6,4,2,2
160624,6,4,1,3
300224,6,4,4,0
256176,6,4,1,3
97960,6,4,1,3
185624,6,4,2,2
84616,6,4,1,3
115120,6,4,1,3
588224,6,4,1,3
153256,6,4,2,2
174072,6,4,2,2
194984,6,4,1,3
214216,6,4,2,2
125480,6,4,2,2
146664,6,4,2,2
83456,6,4,3,1
60680,6,4,0,4
99904,6,4,3,1
489640,6,4,2,2
94072,6,4,2,2
52352,6,4,0,4
52888,6,4,3,1
111280,6,4,0,4
186832,6,4,1,3
374344,6,4,2,2
57536,6,4,2,2
164512,6,4,2,2
120928,6,4,1,3
190680,6,4,2,2
86352,6,4,1,3
128656,6,4,3,1
226112,6,4,3,1
131832,6,4,2,2
135856,6,4,3,1
233688,6,4,0,4
290312,6,4,1,3
130976,6,4,2,2
107808,6,4,3,1
41528,6,4,2,2
328880,6,4,3,1
180176,6,4,0,4
214880,6,4,3,1
77792,6,4,2,2
35832,6,4,1,3
92616,6,4,2,2
157624,6,4,2,2
614584,6,4,0,4
216288,6,4,2,2
187336,6,4,3,1
178368,6,4,3,1
87504,6,4,2,2
71056,6,4,2,2
71680,6,4,3,1
382504,6,4,1,3
288416,6,4,1,3
82520,6,4,4,0
84072,6,4,1,3
128856,6,4,2,2
64840,6,4,0,4
164808,6,4,3,1
142800,6,4,3,1
252056,6,4,2,2
423504,6,4,2,2
60168,6,4,3,1
47928,6,4,2,2
171656,6,4,2,2
152024,6,4,1,3
205408,6,4,2,2
131824,6,4,3,1
93568,6,4,2,2
51280,6,4,0,4
89872,6,4,1,3
50880,6,4,2,2
96696,6,4,1,3
439984,6,4,3,1
834288,6,4,2,2
1448856,6,4,2,2
136040,6,4,1,3
97080,6,4,2,2
597576,6,4,1,3
107192,6,4,2,2
135056,6,4,3,1
155792,6,4,1,3
334840,6,4,3,1
71720,6,4,2,2
103016,6,4,2,2
254080,6,4,2,2
106064,6,4,3,1
157992,6,4,2,2
266312,6,4,2,2
39200,6,4,1,3
105976,6,4,2,2
81016,6,4,4,0
190592,6,4,2,2
189696,6,4,0,4
76784,6,4,2,2
174656,6,4,1,3
187744,6,4,4,0
189528,6,4,2,2
403048,6,4,3,1
91552,6,4,0,4
65632,6,4,1,3
53080,6,4,3,1
238096,6,4,2,2
58128,6,4,3,1
187672,6,4,2,2
119048,6,4,3,1
70848,6,4,3,1
156376,6,4,4,0
201688,6,4,1,3
132816,6,4,1,3
211024,6,4,2,2
268512,6,4,1,3
334048,6,4,3,1
124928,6,4,3,1
407840,6,4,2,2
139400,6,4,2,2
55928,6,4,2,2
776800,6,4,1,3
116056,6,4,2,2
146944,6,4,1,3
374960,6,4,1,3
63512,6,4,3,1
127416,6,4,2,2
129168,6,4,2,2
63368,6,4,3,1
113200,6,4,2,2
121888,6,4,1,3
194848,6,4,2,2
116176,6,4,3,1
219376,6,4,3,1
235128,6,4,1,3
221096,6,4,1,3
3583072,6,4,3,1
202056,6,4,2,2
67440,6,4,2,2
303800,6,4,4,0
149352,6,4,1,3
70776,6,4,3,1
215768,6,4,3,1
247552,6,4,1,3
64456,6,4,2,2
122432,6,4,2,2
123280,6,4,3,1
63504,6,4,2,2
95000,6,4,1,3
318992,6,4,3,1
545296,6,4,2,2
230800,6,4,4,0
195320,6,4,3,1
116808,6,4,3,1
334712,6,4,2,2
106976,6,4,2,2
151288,6,4,2,2
119784,6,4,1,3
618688,6,4,1,3
130352,6,4,1,3
76192,6,4,2,2
262256,6,4,3,1
69392,6,4,2,2
132168,6,4,4,0
79912,6,4,2,2
127104,6,4,1,3
109264,6,4,2,2
55488,6,4,1,3
222264,6,4,3,1
124872,6,4,2,2
48328,6,4,1,3
117832,6,4,3,1
73432,6,4,3,1
58880,6,4,1,3
64576,6,4,2,2
152840,6,4,2,2
36360,6,4,1,3
152984,6,4,2,2
50608,6,4,1,3
84416,6,4,2,2
158712,6,4,1,3
56752,6,4,2,2
83944,6,4,3,1
154792,6,4,3,1
44440,6,4,0,4
253208,6,4,1,3
127928,6,4,2,2
265056,6,4,2,2
47384,6,4,0,4
75664,6,4,4,0
67152,6,4,2,2
289664,6,4,3,1
294288,6,4,1,3
46848,6,4,1,3
190224,6,4,2,2
305768,6,4,2,2
74320,6,4,3,1
123848,6,4,3,1
91280,6,4,3,1
83544,6,4,3,1
113104,6,4,1,3
47808,6,4,2,2
77328,6,4,2,2
488984,6,4,2,2
112984,6,4,3,1
95456,6,4,2,2
108888,6,4,2,2
96680,6,4,3,1
214424,6,4,2,2
194872,6,4,3,1
142520,6,4,3,1
130448,6,4,2,2
145648,6,4,3,1
208552,6,4,3,1
346608,6,4,1,3
55552,6,4,2,2
47288,6,4,2,2
103104,6,4,3,1
133400,6,4,1,3
97144,6,4,3,1
2127328,6,4,3,1
124504,6,4,2,2
107752,6,4,2,2
194680,6,4,2,2
238680,6,4,1,3
175992,6,4,3,1
256456,6,4,2,2
43896,6,4,1,3
76560,6,4,2,2
178352,6,4,0,4
121800,6,4,2,2
185432,6,4,0,4
180584,6,4,3,1
132288,6,4,2,2
44976,6,4,2,2
57840,6,4,2,2
110424,6,4,4,0
276968,6,4,2,2
72456,6,4,2,2
85576,6,4,1,3
356312,6,4,2,2
76120,6,4,3,1
85800,6,4,2,2
134680,6,4,2,2
157096,6,4,2,2
115304,6,4,3,1
270008,6,4,2,2
71608,6,4,3,1
829480,6,4,2,2
69208,6,4,1,3
185240,6,4,3,1
59816,6,4,1,3
86544,6,4,3,1
109552,6,4,1,3
104496,6,4,1,3
262736,6,4,4,0
157056,6,4,1,3
174496,6,4,1,3
247880,6,4,3,1
460640,6,4,0,4
174408,6,4,3,1
110136,6,4,3,1
68184,6,4,2,2
106584,6,4,3,1
238224,6,4,1,3
49336,6,4,2,2
294576,6,4,1,3
62552,6,4,3,1
369520,6,4,2,2
49072,6,4,2,2
207944,6,4,3,1
149376,6,4,2,2
118200,6,4,3,1
203256,6,4,2,2
144208,6,4,2,2
94560,6,4,4,0
1023032,6,4,2,2
92208,6,4,2,2
91432,6,4,1,3
66144,6,4,3,1
377904,6,4,3,1
91944,6,4,1,3
108096,6,4,0,4
306896,6,4,3,1
1530480,6,4,1,3
222336,6,4,2,2
179976,6,4,1,3
109016,6,4,3,1
120320,6,4,3,1
113056,6,4,1,3
131096,6,4,1,3
153048,6,4,2,2
116960,6,4,0,4
106880,6,4,2,2
287800,6,4,3,1
166928,6,4,2,2
146360,6,4,2,2
66896,6,4,1,3
218688,6,4,1,3
148792,6,4,2,2
126368,6,4,1,3
145856,6,4,3,1
298680,6,4,1,3
53664,6,4,3,1
96328,6,4,1,3
140256,6,4,2,2
216200,6,4,1,3
256432,6,4,2,2
63776,6,4,2,2
99144,6,4,1,3
118840,6,4,1,3
92856,6,4,2,2
88432,6,4,3,1
125448,6,4,3,1
102920,6,4,1,3
376336,6,4,2,2
94304,6,4,2,2
116232,6,4,2,2
256608,6,4,4,0
45664,6,4,2,2
244816,6,4,4,0
309504,6,4,2,2
181896,6,4,3,1
206696,6,4,4,0
153392,6,4,3,1
109544,6,4,1,3
58720,6,4,3,1
194064,6,4,2,2
64304,6,4,2,2
218528,6,4,4,0
468024,6,4,3,1
73384,6,4,2,2
124520,6,4,2,2
81336,6,4,1,3
82424,6,4,2,2
302960,6,4,1,3
159368,6,4,2,2
100512,6,4,0,4
179576,6,4,3,1
107272,6,4,2,2
30592,6,4,4,0
196000,6,4,3,1
407808,6,4,2,2
179552,6,4,2,2
153456,6,4,2,2
136152,6,4,2,2
86472,6,4,1,3
101808,6,4,2,2
271088,6,4,2,2
556368,6,4,3,1
106624,6,4,3,1
196872,6,4,1,3
297280,6,4,2,2
104352,6,4,2,2
115704,6,4,2,2
209640,6,4,2,2
227168,6,4,3,1
510456,6,4,3,1
286184,6,4,2,2
180976,6,4,3,1
173880,6,4,2,2
62704,6,4,2,2
175880,6,4,0,4
205184,6,4,1,3
282632,6,4,2,2
276376,6,4,2,2
65056,6,4,2,2
977248,6,4,3,1
158232,6,4,3,1
213456,6,4,0,4
66016,6,4,4,0
57376,6,4,1,3
106768,6,4,2,2
104440,6,4,1,3
95224,6,4,2,2
117608,6,4,4,0
52968,6,4,1,3
79048,6,4,3,1
107944,6,4,1,3
158512,6,4,2,2
72288,6,4,2,2
76064,6,4,1,3
379768,6,4,2,2
287112,6,4,3,1
99232,6,4,2,2
61640,6,4,3,1
237800,6,4,1,3
97888,6,4,1,3
164208,6,4,2,2
194104,6,4,2,2
53064,6,4,3,1
59040,6,4,2,2
71072,6,4,2,2
72832,6,4,3,1
54752,6,4,2,2
161976,6,4,3,1
167328,6,4,2,2
121576,6,4,4,0
159680,6,4,2,2
123424,6,4,2,2
392424,6,4,2,2
924744,6,4,3,1
79496,6,4,2,2
192536,6,4,3,1
51816,6,4,2,2
146744,6,4,4,0
57128,6,4,3,1
56912,6,4,3,1
89792,6,4,1,3
60472,6,4,1,3
92808,6,4,3,1
380544,6,4,3,1
123504,6,4,0,4
367360,6,4,2,2
3099200,6,4,2,2
52280,6,4,2,2
76840,6,4,2,2
94752,6,4,2,2
154192,6,4,3,1
285736,6,4,4,0
342696,6,4,1,3
82280,6,4,1,3
154432,6,4,2,2
80976,6,4,3,1
141736,6,4,3,1
142472,6,4,3,1
111352,6,4,1,3
301136,6,4,1,3
74808,6,4,3,1
57912,6,4,4,0
81848,6,4,1,3
770688,6,4,2,2
85784,6,4,4,0
90464,6,4,1,3
155208,6,4,1,3
240800,6,4,4,0
142984,6,4,3,1
335840,6,4,1,3
114104,6,4,1,3
285048,6,4,2,2
314408,6,4,3,1
182104,6,4,4,0
500736,6,4,3,1
122952,6,4,2,2
66648,6,4,3,1
56560,6,4,2,2
81488,6,4,4,0
44592,6,4,4,0
149248,6,4,1,3
143784,6,4,1,3
59520,6,4,2,2
56424,6,4,0,4
179096,6,4,3,1
258624,6,4,3,1
263416,6,4,2,2
139024,6,4,1,3
209664,6,4,1,3
64048,6,4,3,1
70896,6,4,2,2
183816,6,4,2,2
128592,6,4,2,2
68256,6,4,2,2
255320,6,4,3,1
287032,6,4,3,1
201880,6,4,3,1
149568,6,4,2,2
174320,6,4,3,1
120176,6,4,1,3
110784,6,4,1,3
706888,6,4,1,3
329432,6,4,2,2
86032,6,4,2,2
141416,6,4,2,2
255608,6,4,4,0
109296,6,4,2,2
168424,6,4,2,2
609456,6,4,1,3
197360,6,4,1,3
98112,6,4,2,2
570928,6,4,1,3
182512,6,4,1,3
141392,6,4,1,3
53864,6,4,2,2
162488,6,4,4,0
217872,6,4,1,3
73128,6,4,1,3
362016,6,4,1,3
641584,6,4,1,3
742304,6,4,2,2
155528,6,4,3,1
69552,6,4,3,1
159152,6,4,1,3
128888,6,4,3,1
151680,6,4,3,1
362504,6,4,3,1
71336,6,4,3,1
133448,6,4,1,3
178512,6,4,2,2
177888,6,4,1,3
147104,6,4,2,2
170528,6,4,2,2
68608,6,4,1,3
390160,6,4,3,1
58040,6,4,1,3
39704,6,4,2,2
78568,6,4,2,2
93768,6,4,3,1
201720,6,4,3,1
174736,6,4,0,4
68656,6,4,3,1
182152,6,4,1,3
738936,6,4,2,2
67616,6,4,4,0
272720,6,4,2,2
86584,6,4,3,1
181304,6,4,0,4
88128,6,4,1,3
600808,6,4,2,2
160584,6,4,2,2
131800,6,4,2,2
293024,6,4,3,1
91088,6,4,3,1
45352,6,4,3,1
169672,6,4,4,0
71144,6,4,1,3
76872,6,4,2,2
76736,6,4,2,2
140072,6,4,2,2
186536,6,4,1,3
46696,6,4,0,4
136936,6,4,3,1
116728,6,4,1,3
84864,6,4,3,1
186408,6,4,2,2
101408,6,4,1,3
88368,6,4,2,2
266808,6,4,2,2
267568,6,4,2,2
213408,6,4,2,2
136448,6,4,2,2
92536,6,4,4,0
234200,6,4,2,2
60136,6,4,1,3
670320,6,4,2,2
121688,6,4,2,2
74096,6,4,1,3
120024,6,4,1,3
60424,6,4,1,3
277848,6,4,3,1
68576,6,4,3,1
133040,6,4,2,2
157968,6,4,2,2
32944,6,4,3,1
78488,6,4,2,2
517304,6,4,0,4
219056,6,4,2,2
152736,6,4,1,3
87448,6,4,3,1
179688,6,4,3,1
120072,6,4,4,0
97128,6,4,1,3
383904,6,4,2,2
47648,6,4,3,1
305448,6,4,3,1
147328,6,4,3,1
183720,6,4,3,1
336392,6,4,1,3
275752,6,4,1,3
84808,6,4,1,3
1820456,6,4,2,2
65176,6,4,1,3
331248,6,4,3,1
77392,6,4,3,1
157008,6,4,2,2
148120,6,4,3,1
81528,6,4,3,1
50744,6,4,2,2
248448,6,4,3,1
205864,6,4,4,0
502808,6,4,1,3
924472,6,4,2,2
313128,6,4,2,2
57504,6,4,4,0
29880,6,4,2,2
119384,6,4,2,2
1125256,6,4,1,3
100824,6,4,1,3
103520,6,4,2,2
121024,6,4,2,2
65328,6,4,3,1
83784,6,4,1,3
54656,6,4,1,3
133824,6,4,4,0
212552,6,4,3,1
99424,6,4,0,4
195712,6,4,2,2
90136,6,4,1,3
104544,6,4,1,3
133656,6,4,2,2
136792,6,4,2,2
130696,6,4,1,3
49296,6,4,2,2
243040,6,4,2,2
221384,6,4,2,2
226272,6,4,1,3
177712,6,4,2,2
152672,6,4,2,2
70120,6,4,3,1
153208,6,4,4,0
263440,6,4,3,1
220448,6,4,3,1
135712,6,4,1,3
282680,6,4,3,1
57496,6,4,1,3
463656,6,4,3,1
79216,6,4,2,2
422800,6,4,2,2
169488,6,4,3,1
69832,6,4,2,2
141056,6,4,2,2
119920,6,4,2,2
68000,6,4,2,2
122544,6,4,3,1
147376,6,4,3,1
81992,6,4,2,2
207072,6,4,0,4
171440,6,4,2,2
258368,6,4,3,1
274528,6,4,1,3
242640,6,4,2,2
105088,6,4,2,2
488776,6,4,3,1
56784,6,4,2,2
65904,6,4,2,2
196520,6,4,1,3
205248,6,4,2,2
199456,6,4,1,3
80752,6,4,0,4
212776,6,4,1,3
71016,6,4,1,3
160728,6,4,3,1
67264,6,4,1,3
88528,6,4,4,0
101608,6,4,1,3
72184,6,4,4,0
90312,6,4,2,2
301176,6,4,4,0
190800,6,4,3,1
111008,6,4,1,3
256128,6,4,2,2
69784,6,4,1,3
157944,6,4,1,3
132064,6,4,2,2
561032,6,4,0,4
167256,6,4,0,4
528496,6,4,4,0
101440,6,4,3,1
222184,6,4,2,2
86000,6,4,3,1
252672,6,4,2,2
212312,6,4,1,3
145880,6,4,2,2
153648,6,4,1,3
80608,6,4,1,3
127728,6,4,2,2
157208,6,4,3,1
170320,6,4,1,3
73488,6,4,1,3
100520,6,4,2,2
228608,6,4,1,3
137224,6,4,1,3
138456,6,4,2,2
98824,6,4,1,3
104880,6,4,2,2
41368,6,4,3,1
88232,6,4,0,4
318440,6,4,4,0
240616,6,4,1,3
226688,6,4,2,2
147024,6,4,1,3
456808,6,4,0,4
102816,6,4,4,0
53816,6,4,3,1
59800,6,4,2,2
238416,6,4,1,3
473392,6,4,3,1
141504,6,4,2,2
177360,6,4,3,1
116536,6,4,2,2
161440,6,4,3,1
85016,6,4,2,2
59136,6,4,2,2
141552,6,4,2,2
53000,6,4,1,3
140664,6,4,0,4
95744,6,4,3,1
49152,6,4,1,3
889080,6,4,2,2
85256,6,4,3,1
129304,6,4,1,3
148264,6,4,0,4
279296,6,4,2,2
75552,6,4,3,1
69536,6,4,2,2
96712,6,4,2,2
57728,6,4,3,1
130256,6,4,3,1
108352,6,4,2,2
105600,6,4,1,3
63152,6,4,2,2
159776,6,4,2,2
175024,6,4,1,3
167640,6,4,1,3
322784,6,4,4,0
204120,6,4,2,2
101760,6,4,1,3
143680,6,4,3,1
173560,6,4,2,2
348408,6,4,2,2
53416,6,4,2,2
80912,6,4,1,3
165256,6,4,3,1
42072,6,4,2,2
168416,6,4,1,3
248136,6,4,3,1
181136,6,4,4,0
302032,6,4,2,2
105648,6,4,2,2
169360,6,4,1,3
213608,6,4,1,3
70608,6,4,1,3
297144,6,4,3,1
85216,6,4,3,1
139408,6,4,1,3
486096,6,4,3,1
62424,6,4,2,2
159080,6,4,2,2
86824,6,4,3,1
104136,6,4,2,2
208496,6,4,3,1
88536,6,4,2,2
332056,6,4,2,2
101296,6,4,3,1
206752,6,4,3,1
684616,6,4,3,1
119608,6,4,1,3
99136,6,4,2,2
460808,6,4,2,2
104216,6,4,2,2
95360,6,4,2,2
107800,6,4,2,2
40000,6,4,3,1
196208,6,4,1,3
104096,6,4,2,2
110144,6,4,1,3
82768,6,4,2,2
86304,6,4,3,1
202112,6,4,2,2
137688,6,4,0,4
168440,6,4,2,2
166280,6,4,3,1
174048,6,4,0,4
127192,6,4,2,2
81344,6,4,2,2
99640,6,4,3,1
35920,6,4,2,2
211920,6,4,2,2
178824,6,4,4,0
211840,6,4,3,1
256144,6,4,3,1
172760,6,4,2,2
99560,6,4,3,1
108240,6,4,3,1
57176,6,4,3,1
169176,6,4,2,2
60328,6,4,1,3
113816,6,4,3,1
124216,6,4,1,3
82368,6,4,3,1
67720,6,4,1,3
767440,6,4,1,3
42680,6,4,2,2
33336,6,4,1,3
213912,6,4,2,2
205600,6,4,2,2
137424,6,4,2,2
254328,6,4,2,2
123000,6,4,3,1
96008,6,4,4,0
294240,6,4,2,2
165496,6,4,2,2
240904,6,4,1,3
55184,6,4,2,2
35032,6,4,2,2
541960,6,4,3,1
174840,6,4,2,2
164328,6,4,4,0
60504,6,4,1,3
113416,6,4,0,4
1037912,6,4,2,2
96608,6,4,4,0
138136,6,4,2,2
125592,6,4,1,3
103176,6,4,2,2
68688,6,4,2,2
177368,6,4,2,2
204800,6,4,2,2
78736,6,4,2,2
54048,7,4,2,2
58504,7,4,3,1
136272,7,4,1,3
1574736,7,4,1,3
109584,7,4,3,1
177336,7,4,3,1
130776,7,4,2,2
69792,7,4,0,4
128008,7,4,2,2
96272,7,4,2,2
181344,7,4,1,3
32232,7,4,3,1
126400,7,4,0,4
101272,7,4,3,1
405272,7,4,2,2
210144,7,4,1,3
150288,7,4,3,1
381312,7,4,2,2
227008,7,4,1,3
94144,7,4,4,0
132312,7,4,2,2
31448,7,4,1,3
149928,7,4,1,3
61776,7,4,3,1
134128,7,4,2,2
79800,7,4,2,2
92552,7,4,3,1
133424,7,4,2,2
104416,7,4,1,3
255760,7,4,2,2
174936,7,4,2,2
620000,7,4,2,2
32120,7,4,2,2
291416,7,4,3,1
166824,7,4,0,4
121504,7,4,0,4
111624,7,4,3,1
124792,7,4,4,0
132144,7,4,1,3
47144,7,4,2,2
85312,7,4,2,2
120160,7,4,2,2
343416,7,4,4,0
151856,7,4,3,1
58408,7,4,3,1
176096,7,4,3,1
363016,7,4,1,3
151344,7,4,2,2
240136,7,4,2,2
90584,7,4,3,1
260896,7,4,3,1
80288,7,4,3,1
190584,7,4,3,1
214256,7,4,2,2
296920,7,4,2,2
343992,7,4,2,2
89424,7,4,2,2
254224,7,4,3,1
336776,7,4,1,3
124648,7,4,3,1
112344,7,4,1,3
57448,7,4,0,4
243744,7,4,2,2
143016,7,4,3,1
103888,7,4,1,3
100456,7,4,2,2
57392,7,4,1,3
331776,7,4,1,3
303024,7,4,2,2
187768,7,4,3,1
112624,7,4,2,2
285536,7,4,3,1
200704,7,4,1,3
266760,7,4,2,2
41488,7,4,2,2
127552,7,4,1,3
52120,7,4,3,1
209944,7,4,3,1
238640,7,4,1,3
216296,7,4,4,0
54888,7,4,1,3
108248,7,4,2,2
373736,7,4,2,2
79392,7,4,1,3
48192,7,4,1,3
73960,7,4,1,3
52200,7,4,0,4
121864,7,4,2,2
108808,7,4,3,1
111848,7,4,3,1
55224,7,4,2,2
465616,7,4,2,2
101120,7,4,3,1
557304,7,4,3,1
339952,7,4,2,2
239096,7,4,1,3
85664,7,4,2,2
73112,7,4,1,3
29936,7,4,3,1
110624,7,4,0,4
119960,7,4,3,1
74216,7,4,2,2
82288,7,4,3,1
121288,7,4,3,1
134160,7,4,3,1
52880,7,4,1,3
105152,7,4,2,2
221816,7,4,3,1
146448,7,4,3,1
111824,7,4,2,2
358720,7,4,2,2
106848,7,4,4,0
129088,7,4,2,2
143648,7,4,2,2
109992,7,4,1,3
108280,7,4,1,3
264488,7,4,1,3
72488,7,4,1,3
144968,7,4,0,4
254936,7,4,2,2
61384,7,4,0,4
51632,7,4,3,1
56056,7,4,1,3
285224,7,4,3,1
131920,7,4,0,4
120808,7,4,2,2
447096,7,4,3,1
148888,7,4,3,1
98128,7,4,1,3
273104,7,4,4,0
57320,7,4,3,1
130184,7,4,2,2
396392,7,4,2,2
410608,7,4,2,2
92112,7,4,3,1
139624,7,4,1,3
191352,7,4,4,0
156192,7,4,4,0
112616,7,4,1,3
349360,7,4,0,4
837408,7,4,1,3
118760,7,4,2,2
179544,7,4,3,1
252704,7,4,1,3
211232,7,4,3,1
362600,7,4,0,4
101088,7,4,2,2
260032,7,4,4,0
221416,7,4,3,1
124784,7,4,3,1
261368,7,4,2,2
126616,7,4,2,2
100280,7,4,1,3
902056,7,4,3,1
62256,7,4,0,4
142312,7,4,3,1
186280,7,4,2,2
103928,7,4,2,2
105840,7,4,3,1
130440,7,4,0,4
117632,7,4,2,2
118960,7,4,1,3
168832,7,4,3,1
378056,7,4,3,1
41848,7,4,2,2
199960,7,4,2,2
169744,7,4,1,3
244288,7,4,1,3
411808,7,4,2,2
345304,7,4,2,2
381128,7,4,1,3
726824,7,4,3,1
171336,7,4,3,1
204744,7,4,1,3
108744,7,4,1,3
84856,7,4,2,2
151664,7,4,3,1
231624,7,4,1,3
557264,7,4,2,2
115168,7,4,1,3
258832,7,4,2,2
78672,7,4,2,2
284456,7,4,2,2
65400,7,4,3,1
69888,7,4,4,0
63448,7,4,2,2
133288,7,4,1,3
75896,7,4,2,2
164608,7,4,3,1
87592,7,4,1,3
566280,7,4,1,3
180376,7,4,2,2
47336,7,4,2,2
240384,7,4,4,0
79712,7,4,2,2
294584,7,4,4,0
75160,7,4,2,2
187192,7,4,2,2
162760,7,4,1,3
55760,7,4,2,2
141928,7,4,4,0
170656,7,4,2,2
97792,7,4,1,3
70160,7,4,1,3
59608,7,4,1,3
194536,7,4,2,2
118368,7,4,2,2
310912,7,4,1,3
150448,7,4,3,1
78888,7,4,2,2
47584,7,4,2,2
327512,7,4,2,2
336984,7,4,0,4
109440,7,4,2,2
74192,7,4,1,3
187248,7,4,2,2
69576,7,4,2,2
132920,7,4,2,2
102736,7,4,2,2
133184,7,4,1,3
975384,7,4,1,3
48640,7,4,2,2
696784,7,4,2,2
126072,7,4,1,3
172248,7,4,2,2
113192,7,4,3,1
151080,7,4,3,1
65928,7,4,0,4
260152,7,4,1,3
72904,7,4,1,3
147032,7,4,3,1
177000,7,4,2,2
231592,7,4,2,2
990496,7,4,3,1
93928,7,4,3,1
205240,7,4,3,1
158616,7,4,4,0
113344,7,4,3,1
77584,7,4,2,2
41760,7,4,2,2
201656,7,4,3,1
1939440,7,4,1,3
387920,7,4,0,4
54712,7,4,2,2
364264,7,4,2,2
61576,7,4,1,3
38256,7,4,2,2
102320,7,4,3,1
972328,7,4,0,4
141424,7,4,2,2
32400,7,4,1,3
80160,7,4,0,4
1191568,7,4,3,1
298320,7,4,2,2
83000,7,4,1,3
85632,7,4,4,0
52048,7,4,2,2
159800,7,4,2,2
141160,7,4,1,3
134984,7,4,2,2
174592,7,4,2,2
202760,7,4,4,0
290528,7,4,3,1
181240,7,4,1,3
293872,7,4,1,3
221592,7,4,3,1
171872,7,4,2,2
515544,7,4,1,3
126328,7,4,1,3
136208,7,4,1,3
99680,7,4,3,1
74376,7,4,2,2
270112,7,4,2,2
125384,7,4,1,3
247400,7,4,1,3
201416,7,4,2,2
289744,7,4,3,1
107680,7,4,2,2
311888,7,4,2,2
73024,7,4,2,2
99384,7,4,3,1
86728,7,4,3,1
407768,7,4,2,2
167424,7,4,2,2
77424,7,4,3,1
75640,7,4,3,1
134064,7,4,3,1
193408,7,4,1,3
95168,7,4,2,2
169232,7,4,3,1
117360,7,4,2,2
142808,7,4,2,2
240784,7,4,2,2
71656,7,4,2,2
304232,7,4,2,2
106144,7,4,2,2
191880,7,4,3,1
37288,7,4,2,2
347720,7,4,1,3
81272,7,4,2,2
110432,7,4,2,2
51304,7,4,2,2
241904,7,4,1,3
204808,7,4,2,2
128976,7,4,2,2
169512,7,4,2,2
861144,7,4,3,1
125552,7,4,2,2
245512,7,4,0,4
65392,7,4,2,2
94152,7,4,1,3
87704,7,4,1,3
75680,7,4,0,4
170952,7,4,2,2
54064,7,4,1,3
81456,7,4,2,2
57984,7,4,2,2
191328,7,4,2,2
69744,7,4,3,1
73656,7,4,2,2
121480,7,4,3,1
145544,7,4,3,1
158152,7,4,3,1
86736,7,4,3,1
688304,7,4,2,2
270888,7,4,3,1
129112,7,4,3,1
351048,7,4,3,1
91376,7,4,2,2
354504,7,4,1,3
286736,7,4,3,1
180336,7,4,2,2
134024,7,4,1,3
69120,7,4,2,2
49920,7,4,3,1
551864,7,4,2,2
239384,7,4,2,2
437512,7,4,2,2
44808,7,4,2,2
251088,7,4,3,1
569768,7,4,1,3
58584,7,4,2,2
507200,7,4,1,3
122152,7,4,1,3
90848,7,4,4,0
90728,7,4,2,2
95232,7,4,2,2
98296,7,4,3,1
251392,7,4,4,0
130600,7,4,1,3
52712,7,4,3,1
143968,7,4,0,4
167824,7,4,1,3
140552,7,4,1,3
185352,7,4,1,3
194712,7,4,2,2
139952,7,4,3,1
56760,7,4,3,1
186336,7,4,2,2
383448,7,4,2,2
174336,7,4,1,3
84408,7,4,2,2
47896,7,4,1,3
102624,7,4,3,1
257832,7,4,0,4
124960,7,4,3,1
43696,7,4,2,2
70376,7,4,1,3
370552,7,4,3,1
125216,7,4,1,3
82096,7,4,3,1
45384,7,4,3,1
129632,7,4,2,2
335440,7,4,2,2
74920,7,4,3,1
92632,7,4,1,3
53512,7,4,1,3
445344,7,4,2,2
114248,7,4,1,3
159168,7,4,3,1
144632,7,4,2,2
82664,7,4,3,1
121544,7,4,2,2
59728,7,4,1,3
79280,7,4,4,0
181160,7,4,2,2
124800,7,4,2,2
52680,7,4,1,3
546384,7,4,2,2
624896,7,4,2,2
498872,7,4,3,1
229224,7,4,1,3
111464,7,4,1,3
90208,7,4,0,4
106432,7,4,2,2
156840,7,4,2,2
75592,7,4,2,2
160952,7,4,1,3
158408,7,4,2,2
100624,7,4,2,2
188088,7,4,2,2
51072,7,4,3,1
43200,7,4,3,1
93936,7,4,2,2
973048,7,4,2,2
128992,7,4,1,3
62888,7,4,2,2
61952,7,4,2,2
43640,7,4,3,1
88968,7,4,2,2
260504,7,4,1,3
98104,7,4,3,1
121408,7,4,2,2
75136,7,4,2,2
127744,7,4,1,3
229368,7,4,2,2
236992,7,4,2,2
180264,7,4,4,0
204728,7,4,1,3
159120,7,4,0,4
379552,7,4,2,2
164472,7,4,2,2
182312,7,4,1,3
47200,7,4,1,3
73040,7,4,2,2
77416,7,4,3,1
71752,7,4,1,3
138344,7,4,3,1
260192,7,4,2,2
287136,7,4,1,3
191048,7,4,2,2
74352,7,4,1,3
84520,7,4,1,3
201400,7,4,1,3
88960,7,4,2,2
93600,7,4,2,2
201944,7,4,3,1
181416,7,4,3,1
92976,7,4,2,2
97248,7,4,2,2
154664,7,4,3,1
129376,7,4,1,3
318328,7,4,2,2
84968,7,4,2,2
55000,7,4,0,4
95424,7,4,3,1
687344,7,4,2,2
64944,7,4,2,2
57280,7,4,1,3
78600,7,4,4,0
354048,7,4,1,3
228672,7,4,1,3
616888,7,4,2,2
274904,7,4,3,1
201296,7,4,0,4
100336,7,4,2,2
74776,7,4,1,3
139960,7,4,3,1
358728,7,4,2,2
70336,7,4,2,2
98792,7,4,2,2
560992,7,4,2,2
257848,7,4,2,2
83520,7,4,4,0
60184,7,4,3,1
624280,7,4,3,1
62720,7,4,2,2
160552,7,4,1,3
151072,7,4,1,3
239064,7,4,1,3
290336,7,4,3,1
144872,7,4,1,3
271696,7,4,3,1
81824,7,4,2,2
148760,7,4,3,1
81200,7,4,2,2
103856,7,4,3,1
158360,7,4,2,2
233656,7,4,2,2
199336,7,4,1,3
125664,7,4,1,3
102520,7,4,2,2
120440,7,4,2,2
56032,7,4,2,2
625056,7,4,2,2
108064,7,4,1,3
265568,7,4,1,3
232072,7,4,1,3
236744,7,4,3,1
254784,7,4,3,1
106336,7,4,3,1
116576,7,4,1,3
173840,7,4,2,2
842288,7,4,3,1
353568,7,4,2,2
75568,7,4,2,2
113904,7,4,2,2
67736,7,4,3,1
156944,7,4,2,2
69672,7,4,2,2
40920,7,4,3,1
124584,7,4,3,1
234680,7,4,2,2
939848,7,4,2,2
89168,7,4,0,4
156112,7,4,2,2
54856,7,4,0,4
168320,7,4,3,1
87624,7,4,1,3
257056,7,4,3,1
166856,7,4,1,3
67424,7,4,1,3
190128,7,4,0,4
204360,7,4,3,1
74720,7,4,4,0
208088,7,4,3,1
149720,7,4,4,0
170696,7,4,3,1
78400,7,4,0,4
157664,7,4,2,2
206744,7,4,1,3
275496,7,4,2,2
96368,7,4,2,2
54280,7,4,1,3
82040,7,4,2,2
218520,7,4,3,1
159744,7,4,0,4
205224,7,4,3,1
125392,7,4,2,2
150792,7,4,2,2
148336,7,4,2,2
311952,7,4,4,0
139112,7,4,2,2
156296,7,4,1,3
80096,7,4,1,3
53160,7,4,4,0
225400,7,4,1,3
78208,7,4,2,2
94360,7,4,3,1
56632,7,4,1,3
86536,7,4,2,2
84120,7,4,3,1
171720,7,4,4,0
101920,7,4,4,0
230560,7,4,1,3
92712,7,4,2,2
259760,7,4,2,2
196344,7,4,1,3
148200,7,4,4,0
346792,7,4,2,2
334120,7,4,1,3
148352,7,4,2,2
90160,7,4,1,3
62184,7,4,3,1
317544,7,4,0,4
132784,7,4,0,4
73368,7,4,4,0
117296,7,4,2,2
79224,7,4,3,1
126048,7,4,2,2
120592,7,4,0,4
94688,7,4,2,2
340288,7,4,3,1
125560,7,4,2,2
155424,7,4,3,1
160320,7,4,1,3
176032,7,4,0,4
143192,7,4,4,0
239040,7,4,2,2
40720,7,4,3,1
59248,7,4,1,3
466480,7,4,2,2
128744,7,4,1,3
459360,7,4,2,2
3560200,7,4,0,4
114688,7,4,3,1
231120,7,4,3,1
179600,7,4,2,2
117824,7,4,1,3
303104,7,4,2,2
145664,7,4,1,3
108960,7,4,3,1
445904,7,4,1,3
246704,7,4,3,1
149736,7,4,2,2
233952,7,4,2,2
147488,7,4,2,2
56168,7,4,3,1
143672,7,4,3,1
47680,7,4,3,1
250896,7,4,2,2
80768,7,4,2,2
49408,7,4,0,4
134568,7,4,3,1
277456,7,4,2,2
265536,7,4,1,3
169656,7,4,1,3
71592,7,4,3,1
157896,7,4,3,1
40712,7,4,1,3
114112,7,4,3,1
51488,7,4,1,3
791384,7,4,2,2
52752,7,4,3,1
300968,7,4,2,2
79032,7,4,2,2
469472,7,4,3,1
171152,7,4,2,2
75704,7,4,3,1
167480,7,4,0,4
73408,7,4,2,2
710624,7,4,2,2
182736,7,4,0,4
165344,7,4,0,4
111736,7,4,1,3
377488,7,4,1,3
93064,7,4,3,1
312688,7,4,4,0
240072,7,4,3,1
284216,7,4,3,1
228320,7,4,2,2
93248,7,4,2,2
77728,7,4,4,0
376240,7,4,2,2
220624,7,4,2,2
145624,7,4,3,1
87096,7,4,4,0
156200,7,4,0,4
104752,7,4,3,1
84728,7,4,3,1
83320,7,4,1,3
107640,7,4,2,2
157792,7,4,2,2
112904,7,4,2,2
170736,7,4,3,1
88720,7,4,0,4
111648,7,4,0,4
133992,7,4,3,1
80840,7,4,2,2
152568,7,4,1,3
28880,7,4,3,1
259176,7,4,1,3
177808,7,4,2,2
103864,7,4,4,0
78800,7,4,4,0
69776,7,4,2,2
1165232,7,4,1,3
225576,7,4,2,2
90368,7,4,2,2
90752,7,4,2,2
107936,7,4,1,3
62504,7,4,1,3
182424,7,4,2,2
83976,7,4,1,3
154912,7,4,3,1
201760,7,4,3,1
130144,7,4,4,0
51912,7,4,1,3
543984,7,4,3,1
126624,7,4,3,1
237464,7,4,1,3
110480,7,4,1,3
89352,7,4,2,2
335608,7,4,2,2
143320,7,4,1,3
105432,7,4,3,1
39744,7,4,3,1
226008,7,4,3,1
163512,7,4,3,1
188440,7,4,2,2
76096,7,4,1,3
152176,7,4,3,1
208152,7,4,2,2
196456,7,4,2,2
154208,7,4,2,2
58232,7,4,2,2
289712,7,4,2,2
134808,7,4,2,2
341104,7,4,2,2
47512,7,4,3,1
430200,7,4,1,3
649616,7,4,3,1
180136,7,4,2,2
395024,7,4,2,2
62080,7,4,2,2
360360,7,4,1,3
246840,7,4,3,1
387752,7,4,1,3
75512,7,4,3,1
259200,7,4,2,2
150160,7,4,2,2
282792,7,4,4,0
115848,7,4,2,2
118000,7,4,1,3
299888,7,4,2,2
114392,7,4,3,1
80464,7,4,2,2
131056,7,4,3,1
96936,7,4,2,2
177856,7,4,2,2
76312,7,4,3,1
540256,7,4,2,2
220840,7,4,0,4
112128,7,4,3,1
44552,7,4,2,2
47480,7,4,2,2
1465944,7,4,2,2
223672,7,4,4,0
255888,7,4,2,2
56584,7,4,1,3
239424,7,4,0,4
133480,7,4,0,4
284080,7,4,2,2
187728,7,4,3,1
112648,7,4,3,1
88168,7,4,2,2
61912,7,4,3,1
180384,7,4,2,2
100136,7,4,1,3
290376,7,4,2,2
662240,7,4,2,2
279048,7,4,3,1
202360,7,4,2,2
34176,7,4,3,1
294688,7,4,1,3
354480,7,4,2,2
181176,7,4,2,2
607624,7,4,3,1
108592,7,4,3,1
381792,7,4,2,2
111968,7,4,0,4
55056,7,4,2,2
488496,7,4,1,3
112528,7,4,1,3
236384,7,4,1,3
261920,7,4,0,4
88224,7,4,2,2
240632,7,4,1,3
505424,7,4,0,4
108160,7,4,3,1
333640,7,4,2,2
439528,7,4,1,3
82272,7,4,3,1
210440,7,4,1,3
153568,7,4,0,4
148728,7,4,1,3
54488,7,4,2,2
2627288,7,4,1,3
151296,7,4,3,1
158800,7,4,2,2
381120,7,4,3,1
1605640,7,4,0,4
163664,7,4,2,2
287312,7,4,1,3
86904,7,4,4,0
134016,7,4,1,3
324712,7,4,2,2
105248,7,4,2,2
143848,7,4,2,2
139656,7,4,2,2
160920,7,4,1,3
87216,7,4,2,2
158760,7,4,3,1
287560,7,4,3,1
134520,7,4,1,3
228376,7,4,0,4
63336,7,4,1,3
136360,7,4,2,2
122384,7,4,3,1
424112,7,4,3,1
190744,7,4,1,3
77192,7,4,2,2
105184,7,4,1,3
71512,7,4,1,3
177464,7,4,1,3
101104,7,4,1,3
269864,7,4,2,2
244016,7,4,3,1
112152,7,4,0,4
156848,7,4,2,2
65464,7,4,3,1
144440,7,4,2,2
366960,7,4,3,1
93632,7,4,2,2
69512,7,4,1,3
113928,7,4,2,2
231712,7,4,3,1
85728,7,4,2,2
36640,7,4,4,0
93688,7,4,2,2
241232,7,4,2,2
454200,7,4,2,2
65984,7,4,1,3
83128,7,4,3,1
173776,7,4,1,3
67656,7,4,3,1
307312,7,4,2,2
84240,7,4,2,2
116696,7,4,3,1
111768,7,4,3,1
109928,7,4,3,1
359616,7,4,2,2
128248,7,4,2,2
248888,7,4,3,1
412128,7,4,1,3
303240,7,4,2,2
108136,7,4,4,0
75104,7,4,3,1
681896,7,4,2,2
129544,7,4,3,1
110104,7,4,1,3
198752,7,4,1,3
377168,7,4,3,1
40784,7,4,2,2
423872,7,4,4,0
91064,7,4,2,2
879064,7,4,1,3
80120,7,4,3,1
104896,7,4,0,4
207224,7,4,2,2
1522256,7,4,1,3
167048,7,4,1,3
90888,7,4,3,1
47240,7,4,2,2
446728,7,4,3,1
342536,7,4,2,2
103392,7,4,0,4
342816,7,4,2,2
513448,7,4,0,4
63240,7,4,1,3
223960,7,4,2,2
84960,7,4,2,2
53256,7,4,3,1
80000,7,4,3,1
100264,7,4,2,2
242240,7,4,0,4
136856,7,4,2,2
50568,7,4,1,3
186936,7,4,2,2
113040,7,4,2,2
59880,7,4,1,3
419920,7,4,0,4
67224,7,4,2,2
96336,7,4,3,1
443712,7,4,3,1
72152,7,4,2,2
65152,7,4,2,2
110856,7,4,3,1
175976,7,4,3,1
66376,7,4,1,3
137120,7,4,1,3
96960,7,4,1,3
291752,7,4,2,2
124760,7,4,0,4
101008,7,4,1,3
79520,7,4,2,2
254464,7,4,3,1
58576,7,4,2,2
179008,7,4,0,4
134408,7,4,3,1
128376,7,4,2,2
62808,7,4,2,2
233464,7,4,0,4
339728,7,4,1,3
136376,7,4,1,3
146256,7,4,3,1
438952,7,4,2,2
200992,7,4,1,3
191504,7,4,1,3
96104,7,4,1,3
71664,7,4,2,2
89816,7,4,2,2
126576,7,4,2,2
479976,7,4,3,1
708368,7,4,0,4
109800,7,4,3,1
124808,7,4,3,1
85816,7,4,2,2
201080,7,4,2,2
106120,7,4,3,1
235520,7,4,0,4
161200,7,4,4,0
194184,7,4,2,2
94464,7,4,2,2
174728,7,4,3,1
55816,7,4,0,4
257496,7,4,2,2
57152,7,4,3,1
242200,7,4,0,4
112760,7,4,2,2
97264,7,4,3,1
92592,7,4,1,3
36872,7,4,2,2
200112,7,4,3,1
183856,7,4,4,0
101992,7,4,1,3
109120,7,4,1,3
225600,7,4,3,1
106512,7,4,3,1
336992,7,4,2,2
118880,7,4,2,2
73416,7,4,1,3
87016,7,4,2,2
112544,7,4,2,2
55008,7,4,2,2
103248,7,4,2,2
42912,7,4,1,3
51680,7,4,1,3
75280,7,4,3,1
90320,7,4,3,1
102344,7,4,2,2
269752,7,4,1,3
231528,7,4,2,2
242360,7,4,2,2
182360,7,4,1,3
116688,7,4,3,1
39280,7,4,1,3
537664,7,4,2,2
170016,7,4,1,3
1198744,7,4,4,0
175392,7,4,0,4
52408,7,4,3,1
681112,7,4,2,2
142592,7,4,2,2
163680,7,4,3,1
67096,7,4,4,0
137328,7,4,2,2
337760,7,4,3,1
412312,7,4,3,1
60920,7,4,2,2
77664,7,4,1,3
89184,7,4,3,1
138432,7,4,2,2
213936,7,4,1,3
378088,7,4,1,3
131872,7,4,3,1
115448,7,4,3,1
244632,7,4,0,4
145312,7,4,4,0
133120,7,4,1,3
330360,7,4,1,3
40416,7,4,1,3
686376,7,4,2,2
125752,7,4,3,1
287760,7,4,2,2
152384,7,4,3,1
132200,7,4,3,1
229872,7,4,3,1
140104,7,4,2,2
162968,7,4,1,3
51272,7,4,0,4
120184,7,4,2,2
190552,7,4,4,0
142152,7,4,2,2
144760,7,4,3,1
193912,7,4,2,2
216888,7,4,1,3
341864,7,4,1,3
207056,7,4,2,2
165720,7,4,1,3
51552,7,4,4,0
69736,7,4,3,1
49144,7,4,2,2
92648,7,4,0,4
94496,7,4,2,2
259696,7,4,2,2
213944,7,4,3,1
168200,7,4,3,1
145360,7,4,3,1
131560,7,4,1,3
283032,7,4,3,1
101912,7,4,3,1
132704,7,4,2,2
115992,7,4,2,2
340136,7,4,1,3
76624,7,4,2,2
66344,7,4,3,1
88864,7,4,1,3
154760,7,4,2,2
60160,7,4,2,2
98080,7,4,2,2
89896,7,4,2,2
100464,7,4,3,1
207784,7,4,2,2
110792,7,4,2,2
73664,7,4,1,3
108520,7,4,3,1
188144,7,4,2,2
172240,7,4,4,0
150320,7,4,2,2
355488,7,4,3,1
132512,7,4,2,2
228440,7,4,3,1
93072,7,4,3,1
195344,7,4,1,3
239464,7,4,2,2
174416,7,4,4,0
157320,7,4,1,3
47304,7,4,2,2
167952,7,4,1,3
291440,7,4,1,3
920520,7,4,1,3
102504,7,4,3,1
197752,7,4,1,3
197128,7,4,2,2
101448,7,4,4,0
151536,7,4,3,1
2223136,7,4,4,0
123720,7,4,4,0
145232,7,4,2,2
120104,7,4,3,1
205488,7,4,1,3
130456,7,4,3,1
69712,7,4,2,2
291184,7,4,2,2
217136,7,4,4,0
97856,7,4,3,1
51240,7,4,2,2
124920,7,4,2,2
256072,7,4,3,1
278816,7,4,3,1
98544,7,4,3,1
125760,7,4,2,2
111608,7,4,1,3
81248,7,4,0,4
263216,7,4,3,1
116640,7,4,3,1
109360,7,4,2,2
259328,7,4,0,4
101312,7,4,2,2
87264,7,4,2,2
151256,7,4,3,1
110496,7,4,3,1
744704,7,4,0,4
80736,7,4,2,2
136680,7,4,2,2
63344,7,4,2,2
75656,7,4,1,3
42552,7,4,3,1
147880,7,4,2,2
232776,7,4,0,4
25176,7,4,1,3
214072,7,4,4,0
98968,7,4,2,2
101832,7,4,2,2
222528,7,4,2,2
35256,7,4,2,2
389728,7,4,1,3
947672,7,4,3,1
115688,7,4,2,2
180720,7,4,1,3
80792,7,4,2,2
47560,7,4,2,2
109920,7,4,1,3
80680,7,4,2,2
99256,7,4,1,3
442424,7,4,2,2
288608,7,4,1,3
717528,7,4,2,2
102424,7,4,2,2
418896,7,4,1,3
220680,7,4,1,3
66688,7,4,1,3
124720,7,4,2,2
106304,7,4,2,2
67568,7,4,1,3
144840,7,4,1,3
165912,7,4,2,2
83672,7,4,3,1
407232,7,4,2,2
89048,7,4,1,3
54920,7,4,2,2
105096,7,4,2,2
173464,7,4,1,3
339016,7,4,1,3
84472,7,4,1,3
125264,7,4,1,3
351984,7,4,2,2
424288,7,4,3,1
243784,7,4,2,2
43376,7,4,3,1
153432,7,4,1,3
107656,7,4,2,2
57048,7,4,1,3
395312,7,4,1,3
466096,7,4,3,1
223248,7,4,3,1
105936,7,4,0,4
362720,7,4,3,1
99048,7,4,3,1
244672,7,4,3,1
87232,7,4,3,1
88184,7,4,2,2
319592,7,4,2,2
155432,7,4,3,1
257672,7,4,3,1
89496,7,4,2,2
129416,7,4,1,3
128576,7,4,3,1
99752,7,4,1,3
87640,7,4,3,1
159592,7,4,3,1
53912,7,4,3,1
83896,7,4,2,2
66248,7,4,1,3
103648,7,4,1,3
139320,7,4,2,2
73168,7,4,1,3
187968,7,4,1,3
101720,7,4,2,2
116648,7,4,3,1
364864,7,4,1,3
132712,7,4,0,4
163592,7,4,2,2
192792,7,4,2,2
121072,7,4,2,2
30440,7,4,1,3
177496,7,4,3,1
137496,7,4,2,2
87312,7,4,1,3
115968,7,4,2,2
227560,7,4,2,2
130624,7,4,2,2
243696,7,4,1,3
100640,7,4,1,3
69176,7,4,2,2
104408,7,4,1,3
164352,7,4,3,1
176992,7,4,1,3
104360,7,4,3,1
91808,7,4,1,3
205872,7,4,3,1
94160,7,4,1,3
97152,7,4,3,1
263920,7,4,2,2
1130784,7,4,2,2
642368,7,4,1,3
86936,7,4,0,4
64504,7,4,3,1
181512,7,4,3,1
319840,7,4,3,1
134856,7,4,2,2
218488,7,4,2,2
70928,7,4,2,2
61080,7,4,4,0
89768,7,4,2,2
390344,7,4,2,2
110712,7,4,2,2
500544,7,4,0,4
273504,7,4,3,1
232616,7,4,1,3
74200,7,4,0,4
79976,7,4,0,4
172160,7,4,3,1
154648,7,4,2,2
95608,7,4,2,2
146440,7,4,2,2
95152,7,4,3,1
236096,7,4,0,4
115048,7,4,3,1
208424,7,4,2,2
121496,7,4,1,3
154928,7,4,1,3
221368,7,4,2,2
93760,7,4,3,1
48064,7,4,3,1
98928,7,4,1,3
120216,7,4,3,1
109728,7,4,1,3
128432,7,4,2,2
161960,7,4,1,3
199640,7,4,3,1
80520,7,4,3,1
54528,7,4,2,2
97528,7,4,4,0
85408,7,4,3,1
158288,7,4,2,2
208176,7,4,3,1
175256,7,4,3,1
243480,7,4,2,2
108192,7,4,2,2
71424,7,4,3,1
77536,7,4,2,2
73472,7,4,1,3
66848,7,4,3,1
104536,7,4,2,2
220320,7,4,4,0
114496,7,4,2,2
105120,7,4,4,0
232408,7,4,1,3
156616,7,4,2,2
110360,7,4,2,2
104960,7,4,2,2
61344,7,4,3,1
119600,7,4,2,2
220232,7,4,3,1
163040,7,4,3,1
179048,7,4,2,2
93144,7,4,2,2
121816,7,4,3,1
156608,7,4,1,3
133080,7,4,4,0
114512,7,4,2,2
108976,7,4,3,1
52296,7,4,2,2
74064,7,4,2,2
218152,7,4,2,2
159336,7,4,2,2
60368,7,4,1,3
77512,7,4,3,1
97032,7,4,3,1
66544,7,4,3,1
106800,7,4,2,2
220944,7,4,2,2
106576,7,4,3,1
35240,7,4,2,2
414248,7,4,1,3
534056,7,4,2,2
495824,7,4,2,2
99592,7,4,3,1
144072,7,4,1,3
207688,7,4,1,3
200080,7,4,3,1
98328,7,4,2,2
81832,7,4,2,2
73600,7,4,2,2
56936,7,4,2,2
166632,7,4,2,2
171648,7,4,2,2
82736,7,4,2,2
29488,7,4,1,3
102080,7,4,3,1
103352,7,4,1,3
373744,7,4,2,2
219176,7,4,4,0
155072,7,4,2,2
69968,7,4,0,4
154136,7,4,1,3
133672,7,4,1,3
181920,7,4,2,2
256784,7,4,2,2
360648,7,4,2,2
198704,7,4,3,1
206112,7,4,1,3
482048,7,4,2,2
344728,7,4,2,2
84128,7,4,1,3
122872,7,4,3,1
35408,7,4,3,1
72536,7,4,2,2
114760,7,4,2,2
48040,7,4,4,0
113088,7,4,2,2
68816,7,4,4,0
90680,7,4,2,2
57776,7,4,4,0
99128,7,4,1,3
153520,7,4,2,2
88840,7,4,3,1
76856,7,4,0,4
407432,7,4,1,3
129664,7,4,2,2
145016,7,4,2,2
164792,7,4,3,1
628416,7,4,2,2
105408,7,4,2,2
34760,7,4,2,2
154728,7,4,1,3
113440,7,4,2,2
257440,7,4,0,4
106992,7,4,3,1
149712,7,4,3,1
139248,7,4,2,2
74624,7,4,2,2
224712,7,4,0,4
58368,7,4,1,3
182672,7,4,2,2
358512,7,4,4,0
85096,7,4,2,2
173512,7,4,3,1
211896,7,4,1,3
217176,7,4,3,1
148904,7,4,2,2
103056,7,4,2,2
351992,7,4,2,2
73768,7,4,2,2
546120,7,4,3,1
114368,7,4,1,3
96560,7,4,0,4
61544,7,4,3,1
432216,7,4,0,4
88480,7,4,3,1
55640,7,4,2,2
91768,7,4,2,2
91984,7,4,3,1
75808,7,4,2,2
210424,7,4,2,2
65504,7,4,4,0
201736,7,4,2,2
390816,7,4,2,2
129320,7,4,4,0
117816,7,4,2,2
54584,7,4,1,3
187896,7,4,1,3
132760,7,4,0,4
53096,7,4,0,4
154024,7,4,3,1
177472,7,4,1,3
92184,7,4,2,2
120448,7,4,1,3
824536,7,4,2,2
58064,7,4,2,2
93400,7,4,1,3
84792,7,4,3,1
136096,7,4,4,0
456248,7,4,1,3
141192,7,4,2,2
35232,7,4,0,4
59192,7,4,2,2
89840,7,4,4,0
199632,7,4,2,2
308848,7,4,3,1
83432,7,4,3,1
106688,7,4,2,2
139680,7,4,1,3
113992,7,4,2,2
115608,7,4,3,1
220200,7,4,1,3
248640,7,4,1,3
92864,7,4,2,2
210128,7,4,2,2
333848,7,4,4,0
64080,7,4,1,3
418072,7,4,3,1
198624,7,4,2,2
98256,7,4,3,1
72280,7,4,1,3
52512,7,4,2,2
55296,7,4,1,3
104784,7,4,1,3
70208,7,4,1,3
114184,7,4,1,3
253936,7,4,3,1
231208,7,4,1,3
127608,7,4,3,1
183456,7,4,2,2
149288,7,4,2,2
43736,7,4,1,3
102440,7,4,2,2
684080,7,4,1,3
55680,7,4,3,1
68344,7,4,3,1
151272,7,4,2,2
131744,7,4,2,2
44664,7,4,2,2
78472,7,4,2,2
52944,7,4,3,1
194576,7,4,4,0
275720,7,4,3,1
112776,7,4,2,2
123752,7,4,2,2
122920,7,4,2,2
56096,7,4,1,3
164008,7,4,1,3
70952,7,4,3,1
725496,7,4,1,3
130272,7,4,1,3
218792,7,4,2,2
160856,7,4,3,1
73336,7,4,3,1
91576,7,4,2,2
114960,7,4,2,2
53384,7,4,2,2
69152,7,4,2,2
539712,7,4,2,2
79232,7,4,2,2
147776,7,4,2,2
62120,7,4,1,3
70648,7,4,2,2
348728,7,4,2,2
59496,7,4,2,2
260088,7,4,1,3
48072,7,4,1,3
166448,7,4,3,1
136144,7,4,2,2
190240,7,4,2,2
356192,7,4,2,2
69144,7,4,1,3
116672,7,4,2,2
336576,7,4,3,1
69640,7,4,2,2
120992,7,4,2,2
253184,7,4,3,1
75904,7,4,1,3
270840,7,4,3,1
100440,7,4,2,2
60272,7,4,1,3
180776,7,4,1,3
32240,7,4,2,2
54688,7,4,3,1
407280,7,4,2,2
86520,7,4,2,2
65960,7,4,1,3
360304,7,4,3,1
116504,7,4,2,2
68568,7,4,0,4
170440,7,4,1,3
121392,7,4,3,1
123352,7,4,1,3
67880,7,4,2,2
55624,7,4,4,0
205824,7,4,2,2
271240,7,4,3,1
73704,7,4,3,1
121472,7,4,1,3
320336,7,4,3,1
111712,7,4,1,3
127672,7,4,0,4
244752,7,4,0,4
188904,7,4,3,1
23784,7,4,2,2
71384,7,4,2,2
46552,7,4,0,4
51288,7,4,1,3
66240,7,4,3,1
71544,7,4,3,1
126384,7,4,1,3
86680,7,4,1,3
170288,7,4,1,3
59288,7,4,3,1
177488,7,4,3,1
72328,7,4,1,3
81872,7,4,0,4
75232,7,4,2,2
236008,7,4,1,3
83576,7,4,2,2
87328,7,4,3,1
65232,7,4,3,1
68728,7,4,2,2
419600,7,4,2,2
86960,7,4,1,3
188576,7,4,2,2
151240,7,4,2,2
120536,7,4,3,1
102864,7,4,3,1
60752,7,4,3,1
137664,7,4,3,1
77248,7,4,3,1
71856,7,4,2,2
71288,7,4,2,2
106032,7,4,4,0
328120,7,4,1,3
233112,7,4,4,0
128072,7,4,3,1
67784,7,4,2,2
562664,7,4,3,1
94392,7,4,0,4
121712,7,4,1,3
404320,7,4,2,2
270424,7,4,1,3
283848,7,4,3,1
239944,7,4,0,4
82152,7,4,3,1
66928,7,4,3,1
226328,7,4,3,1
133944,7,4,3,1
104160,7,4,1,3
181768,7,4,2,2
53632,7,4,1,3
89152,7,4,4,0
180416,7,4,0,4
109808,7,4,3,1
60768,7,4,1,3
40792,7,4,3,1
177920,7,4,2,2
105224,7,4,1,3
154984,7,4,1,3
97944,7,4,3,1
159280,7,4,1,3
250840,7,4,2,2
117800,7,4,2,2
99008,7,4,4,0
282640,7,4,2,2
61680,7,4,2,2
234520,7,4,3,1
400872,7,4,3,1
365816,7,4,2,2
128600,7,4,3,1
193560,7,4,2,2
150248,7,4,2,2
63072,7,4,1,3
191776,7,4,1,3
103464,7,4,1,3
589216,7,4,3,1
504944,7,4,2,2
719520,7,4,2,2
80808,7,4,1,3
199952,7,4,1,3
819456,7,4,3,1
257608,7,4,3,1
365480,7,4,2,2
107632,7,4,4,0
244128,7,4,1,3
78376,7,4,2,2
130056,7,4,1,3
105128,7,4,2,2
115528,7,4,3,1
184384,7,4,1,3
172584,7,4,2,2
201496,7,4,3,1
218864,7,4,2,2
62616,7,4,3,1
125704,7,4,3,1
148488,7,4,2,2
291816,7,4,3,1
333600,7,4,4,0
692328,7,4,3,1
385040,7,4,1,3
229088,7,4,3,1
387504,7,4,2,2
97536,7,4,2,2
144672,7,4,1,3
71496,7,4,3,1
1011600,7,4,3,1
191104,7,4,3,1
378920,7,4,2,2
306648,7,4,0,4
169792,7,4,3,1
149832,7,4,2,2
67064,7,4,2,2
70056,7,4,3,1
58320,7,4,2,2
155560,7,4,1,3
210728,7,4,2,2
79992,7,4,2,2
52736,7,4,2,2
1963288,7,4,2,2
151760,7,4,2,2
68848,7,4,2,2
75304,7,4,2,2
182760,7,4,3,1
187808,7,4,1,3
162056,7,4,1,3
145816,7,4,1,3
50064,7,4,2,2
399512,7,4,2,2
154992,7,4,2,2
228512,7,4,2,2
225752,7,4,2,2
132440,7,4,1,3
290616,7,4,1,3
156872,7,4,2,2
223376,7,4,0,4
111536,7,4,1,3
512760,7,4,0,4
141256,7,4,2,2
90200,7,4,1,3
269784,7,4,2,2
145912,7,4,1,3
110976,7,4,2,2
229144,7,4,3,1
100576,7,4,0,4
56128,7,4,3,1
96144,7,4,1,3
83688,7,4,2,2
196624,7,4,3,1
71048,7,4,2,2
148144,7,4,4,0
104288,7,4,1,3
137400,7,4,2,2
121536,7,4,2,2
164392,7,4,3,1
395904,7,4,2,2
63096,7,4,2,2
97176,7,4,1,3
131440,7,4,2,2
264408,7,4,1,3
51824,7,4,2,2
77904,7,4,2,2
58760,7,4,1,3
464648,7,4,0,4
37392,7,4,2,2
563144,7,4,2,2
83616,7,4,2,2
65688,7,4,2,2
413528,7,4,1,3
272200,7,4,2,2
374976,7,4,3,1
213176,7,4,1,3
102312,7,4,1,3
52840,7,4,2,2
103064,7,4,3,1
129000,7,4,3,1
1937576,7,4,2,2
96048,7,4,3,1
248232,7,4,4,0
139240,7,4,3,1
130496,7,4,2,2
82896,7,4,4,0
231008,7,4,1,3
66280,7,4,3,1
56568,7,4,2,2
64016,7,4,1,3
95016,7,4,1,3
166200,7,4,2,2
65968,7,4,2,2
65272,7,4,2,2
182496,7,4,1,3
142960,7,4,2,2
156080,7,4,3,1
72680,7,4,0,4
147232,7,4,0,4
145904,7,4,3,1
70144,7,4,2,2
100560,7,4,1,3
110248,7,4,2,2
95024,7,4,3,1
119592,7,4,1,3
215560,7,4,2,2
113256,7,4,3,1
65568,7,4,2,2
57184,7,4,1,3
45584,7,4,3,1
75760,7,4,1,3
92936,7,4,3,1
740896,7,4,2,2
745056,7,4,1,3
189368,7,4,2,2
70032,7,4,3,1
283208,7,4,2,2
347064,7,4,1,3
205752,7,4,3,1
73536,7,4,2,2
112824,7,4,2,2
31640,7,4,3,1
93880,7,4,4,0
99264,7,4,1,3
112232,7,4,3,1
119992,7,4,3,1
34352,7,4,1,3
193344,7,4,1,3
735552,7,4,3,1
974440,7,4,2,2
133784,7,4,3,1
496752,7,4,1,3
79016,7,4,3,1
123168,7,4,3,1
63392,7,4,2,2
118648,7,4,3,1
88104,7,4,2,2
91840,7,4,3,1
83256,7,4,3,1
75976,7,4,2,2
126040,7,4,2,2
393368,7,4,2,2
137952,7,4,1,3
173272,7,4,2,2
263152,7,4,2,2
180032,7,4,2,2
109472,7,4,1,3
177512,7,4,4,0
668960,7,4,2,2
906776,7,4,3,1
139984,7,4,4,0
69920,7,4,3,1
74496,7,4,1,3
320608,7,4,1,3
93992,7,4,1,3
91368,7,4,2,2
98744,7,4,2,2
187560,7,4,2,2
123256,7,4,3,1
89360,7,4,1,3
209400,7,4,2,2
94216,7,4,1,3
343304,7,4,2,2
78448,7,4,2,2
74872,7,4,1,3
85320,7,4,1,3
46992,7,4,2,2
76072,7,4,3,1
482464,7,4,1,3
69024,7,4,3,1
164984,7,4,3,1
107816,7,4,2,2
101936,7,4,2,2
168864,7,4,3,1
297208,7,4,2,2
106560,7,4,0,4
171368,7,4,1,3
196976,7,4,2,2
87968,7,4,2,2
115728,7,4,1,3
177048,7,4,2,2
58248,7,4,3,1
50712,7,4,1,3
54008,7,4,2,2
53040,7,4,2,2
50256,7,4,0,4
81432,7,4,3,1
276848,7,4,4,0
241184,7,4,1,3
73968,7,4,3,1
155632,7,4,2,2
51352,7,4,1,3
430560,7,4,4,0
513720,7,4,3,1
782424,7,4,3,1
350640,7,4,2,2
103600,7,4,2,2
179568,7,4,1,3
111016,7,4,3,1
324944,7,4,2,2
102056,7,4,1,3
146328,7,4,2,2
69656,7,4,3,1
52136,7,4,3,1
103528,7,4,1,3
158352,7,4,2,2
115128,7,4,2,2
183736,7,4,2,2
114480,7,4,2,2
114176,7,4,2,2
226144,7,4,2,2
568272,7,4,0,4
244376,7,4,2,2
104888,7,4,4,0
80320,7,4,3,1
91096,7,4,3,1
286672,7,4,2,2
112296,7,4,3,1
84008,7,4,1,3
100792,7,4,2,2
276856,7,4,3,1
221184,7,4,1,3
173536,7,4,1,3
79344,7,4,1,3
139352,7,4,0,4
51704,7,4,1,3
110056,7,4,1,3
100760,7,4,3,1
132648,7,4,4,0
555416,7,4,3,1
96488,7,4,2,2
178176,7,4,1,3
359136,7,4,1,3
221504,7,4,0,4
207520,7,4,3,1
68272,7,4,1,3
95784,7,4,0,4
228960,7,4,1,3
51896,7,4,3,1
150992,7,4,1,3
41872,7,4,2,2
306136,7,4,2,2
55320,7,4,0,4
184856,7,4,2,2
131360,7,4,2,2
73352,7,4,0,4
1399208,7,4,2,2
155656,7,4,4,0
159880,7,4,2,2
312848,7,4,3,1
83424,7,4,2,2
77840,7,4,3,1
52224,7,4,3,1
150224,7,4,2,2
92896,7,4,3,1
205368,7,4,2,2
111952,7,4,1,3
374000,7,4,4,0
132072,7,4,2,2
175664,7,4,1,3
330472,7,4,1,3
117104,7,4,2,2
100472,7,4,1,3
297728,7,4,1,3
147872,7,4,1,3
62112,7,4,2,2
114984,7,4,3,1
368984,7,4,2,2
86968,7,4,2,2
225224,7,4,3,1
168272,7,4,3,1
287184,7,4,0,4
162560,7,4,1,3
469848,7,4,2,2
133136,7,4,0,4
192600,7,4,2,2
616504,7,4,4,0
175240,7,4,1,3
244848,7,4,1,3
726320,7,4,0,4
179672,7,4,0,4
104392,7,4,2,2
52440,7,4,2,2
49520,7,4,4,0
84824,7,4,1,3
97096,7,4,2,2
119656,7,4,1,3
152576,7,4,2,2
72808,7,4,2,2
178184,7,4,3,1
86400,7,4,0,4
386576,7,4,3,1
107048,7,4,3,1
239864,7,4,2,2
464640,7,4,3,1
34128,7,4,2,2
84272,7,4,2,2
105192,7,4,1,3
59704,7,4,2,2
569840,7,4,1,3
145496,7,4,2,2
240008,7,4,2,2
80080,7,4,4,0
1886560,7,4,2,2
114648,7,4,2,2
107240,7,4,3,1
51952,7,4,2,2
211936,7,4,1,3
215032,7,4,2,2
132624,7,4,0,4
299368,7,4,1,3
57264,7,4,4,0
41752,7,4,4,0
216928,7,4,2,2
90032,7,4,1,3
245176,7,4,1,3
284336,7,4,4,0
105680,7,4,2,2
312640,7,4,3,1
43600,7,4,2,2
69824,7,4,3,1
166864,7,4,3,1
171376,7,4,2,2
271168,7,4,3,1
227824,7,4,4,0
35696,7,4,2,2
106280,7,4,0,4
112704,7,4,3,1
134952,7,4,2,2
164400,7,4,1,3
151480,7,4,2,2
86664,7,4,3,1
616456,7,4,1,3
101000,7,4,2,2
88304,7,4,1,3
330632,7,4,0,4
32584,7,4,3,1
155944,7,4,2,2
309320,7,4,3,1
287464,7,4,0,4
175296,7,4,2,2
210544,7,4,3,1
195656,7,4,2,2
49536,7,4,1,3
86360,7,4,1,3
58104,7,4,1,3
42192,7,4,2,2
264264,7,4,3,1
67200,7,4,2,2
64376,7,4,1,3
88544,7,4,3,1
64656,7,4,3,1
162136,7,4,3,1
92040,7,4,3,1
244720,7,4,2,2
282712,7,4,3,1
147056,7,4,3,1
279728,7,4,1,3
487920,7,4,3,1
70744,7,4,1,3
253176,7,4,3,1
43488,7,4,4,0
252016,7,4,1,3
123712,7,4,1,3
97840,7,4,2,2
840112,7,4,2,2
108624,7,4,3,1
128344,7,4,2,2
141304,7,4,2,2
134816,7,4,2,2
197880,7,4,3,1
75560,7,4,3,1
83696,7,4,2,2
1074920,7,4,2,2
194288,7,4,3,1
105168,7,4,3,1
51032,7,4,2,2
291608,7,4,2,2
194720,7,4,1,3
70064,7,4,1,3
89176,7,4,0,4
119480,7,4,2,2
76320,7,4,2,2
81984,7,4,4,0
192576,7,4,1,3
1338512,7,4,1,3
246936,7,4,2,2
47600,7,4,2,2
245464,8,4,3,1
94208,8,4,1,3
85496,8,4,3,1
678080,8,4,2,2
200824,8,4,3,1
65192,8,4,3,1
170928,8,4,3,1
94120,8,4,2,2
396408,8,4,2,2
63592,8,4,2,2
94968,8,4,1,3
280816,8,4,3,1
541104,8,4,1,3
405704,8,4,1,3
128184,8,4,2,2
152016,8,4,1,3
70800,8,4,2,2
205496,8,4,3,1
80064,8,4,1,3
98168,8,4,2,2
101944,8,4,2,2
72864,8,4,1,3
89800,8,4,2,2
137416,8,4,1,3
171808,8,4,2,2
155280,8,4,1,3
139672,8,4,2,2
442176,8,4,3,1
104272,8,4,2,2
96152,8,4,1,3
195216,8,4,2,2
108448,8,4,1,3
450968,8,4,3,1
91112,8,4,1,3
77112,8,4,2,2
494376,8,4,2,2
281000,8,4,3,1
188376,8,4,3,1
253696,8,4,1,3
300792,8,4,2,2
57336,8,4,3,1
192312,8,4,2,2
176664,8,4,1,3
331344,8,4,0,4
1623776,8,4,2,2
243928,8,4,2,2
812328,8,4,3,1
614464,8,4,2,2
129552,8,4,2,2
125744,8,4,4,0
184680,8,4,1,3
65544,8,4,2,2
279656,8,4,1,3
88328,8,4,1,3
104280,8,4,1,3
480312,8,4,2,2
65320,8,4,4,0
73680,8,4,0,4
172168,8,4,1,3
496192,8,4,2,2
580320,8,4,0,4
69480,8,4,4,0
214360,8,4,1,3
72632,8,4,2,2
101384,8,4,3,1
361160,8,4,3,1
45608,8,4,2,2
131064,8,4,2,2
96232,8,4,3,1
352752,8,4,1,3
129696,8,4,3,1
118104,8,4,1,3
368920,8,4,2,2
170688,8,4,3,1
92504,8,4,3,1
529200,8,4,2,2
112560,8,4,1,3
361360,8,4,1,3
402536,8,4,2,2
146704,8,4,2,2
50968,8,4,1,3
506728,8,4,2,2
63120,8,4,2,2
49528,8,4,1,3
574880,8,4,3,1
856080,8,4,2,2
143056,8,4,2,2
66288,8,4,2,2
66024,8,4,2,2
82232,8,4,2,2
92088,8,4,2,2
99512,8,4,2,2
137216,8,4,1,3
88664,8,4,4,0
232440,8,4,2,2
162544,8,4,3,1
235808,8,4,1,3
485864,8,4,3,1
212960,8,4,2,2
120568,8,4,1,3
528712,8,4,3,1
398616,8,4,1,3
88584,8,4,2,2
79256,8,4,1,3
86216,8,4,3,1
119192,8,4,1,3
35952,8,4,1,3
70096,8,4,2,2
123704,8,4,2,2
129768,8,4,3,1
177128,8,4,2,2
202920,8,4,1,3
105384,8,4,1,3
53152,8,4,2,2
340576,8,4,1,3
114016,8,4,1,3
341904,8,4,3,1
277640,8,4,2,2
171088,8,4,2,2
216720,8,4,2,2
140248,8,4,2,2
191368,8,4,2,2
95120,8,4,3,1
216344,8,4,2,2
251568,8,4,4,0
54344,8,4,0,4
220152,8,4,3,1
129368,8,4,1,3
368552,8,4,2,2
166952,8,4,2,2
140016,8,4,2,2
68888,8,4,0,4
129576,8,4,1,3
66008,8,4,1,3
59552,8,4,2,2
240224,8,4,1,3
101800,8,4,2,2
188328,8,4,4,0
83968,8,4,1,3
218320,8,4,2,2
112896,8,4,3,1
117232,8,4,1,3
164704,8,4,1,3
97968,8,4,3,1
170840,8,4,4,0
250936,8,4,1,3
354008,8,4,3,1
97584,8,4,2,2
168096,8,4,2,2
134720,8,4,2,2
137712,8,4,1,3
70576,8,4,3,1
97720,8,4,2,2
103312,8,4,1,3
59896,8,4,1,3
394720,8,4,4,0
107464,8,4,2,2
844776,8,4,1,3
294216,8,4,3,1
706408,8,4,2,2
126816,8,4,0,4
121624,8,4,2,2
112336,8,4,1,3
1167320,8,4,3,1
87064,8,4,3,1
53456,8,4,1,3
294808,8,4,2,2
110536,8,4,2,2
621992,8,4,1,3
94920,8,4,4,0
79744,8,4,3,1
150816,8,4,3,1
289200,8,4,3,1
109736,8,4,3,1
268704,8,4,2,2
457048,8,4,1,3
189248,8,4,3,1
139104,8,4,1,3
32360,8,4,2,2
276064,8,4,1,3
246576,8,4,2,2
74696,8,4,2,2
325768,8,4,2,2
1074816,8,4,1,3
122104,8,4,2,2
98392,8,4,4,0
90016,8,4,2,2
88408,8,4,0,4
254304,8,4,1,3
144360,8,4,1,3
521280,8,4,1,3
160800,8,4,3,1
1555544,8,4,1,3
149144,8,4,4,0
228736,8,4,1,3
281616,8,4,1,3
90296,8,4,2,2
60360,8,4,2,2
125952,8,4,3,1
537640,8,4,4,0
684728,8,4,1,3
154976,8,4,2,2
47824,8,4,2,2
181016,8,4,1,3
131960,8,4,1,3
215728,8,4,3,1
109824,8,4,3,1
81112,8,4,3,1
547576,8,4,4,0
104840,8,4,2,2
172792,8,4,4,0
94608,8,4,1,3
151496,8,4,3,1
153560,8,4,3,1
95632,8,4,1,3
1116256,8,4,3,1
68456,8,4,4,0
108560,8,4,1,3
83296,8,4,2,2
693792,8,4,2,2
158000,8,4,1,3
167960,8,4,1,3
58208,8,4,1,3
163320,8,4,1,3
187704,8,4,4,0
135848,8,4,1,3
90264,8,4,2,2
85616,8,4,2,2
100720,8,4,2,2
220768,8,4,3,1
76640,8,4,2,2
51216,8,4,4,0
95440,8,4,2,2
181824,8,4,3,1
61752,8,4,3,1
186288,8,4,3,1
96672,8,4,2,2
142256,8,4,1,3
179016,8,4,1,3
171536,8,4,2,2
103760,8,4,2,2
184816,8,4,2,2
258888,8,4,3,1
133864,8,4,2,2
82584,8,4,1,3
166472,8,4,3,1
304704,8,4,3,1
81680,8,4,1,3
161216,8,4,2,2
196368,8,4,0,4
187112,8,4,0,4
103160,8,4,0,4
208240,8,4,1,3
98848,8,4,2,2
374648,8,4,3,1
110744,8,4,1,3
70272,8,4,2,2
392568,8,4,2,2
86480,8,4,1,3
148024,8,4,3,1
153272,8,4,1,3
231304,8,4,3,1
120240,8,4,1,3
134944,8,4,0,4
206336,8,4,4,0
200656,8,4,1,3
1522976,8,4,3,1
113400,8,4,2,2
145408,8,4,3,1
903864,8,4,1,3
136352,8,4,0,4
122312,8,4,0,4
376176,8,4,1,3
61088,8,4,2,2
197504,8,4,1,3
220336,8,4,2,2
106784,8,4,1,3
144408,8,4,1,3
102664,8,4,1,3
65456,8,4,3,1
151528,8,4,2,2
239120,8,4,2,2
459376,8,4,3,1
207808,8,4,2,2
135912,8,4,2,2
50464,8,4,1,3
218568,8,4,1,3
76568,8,4,2,2
127472,8,4,1,3
89392,8,4,2,2
191632,8,4,0,4
118136,8,4,1,3
134496,8,4,1,3
126360,8,4,1,3
128208,8,4,2,2
145848,8,4,0,4
153216,8,4,0,4
345544,8,4,2,2
91992,8,4,3,1
381848,8,4,3,1
482224,8,4,3,1
159272,8,4,2,2
151864,8,4,2,2
96384,8,4,2,2
144808,8,4,2,2
636240,8,4,2,2
136728,8,4,1,3
144688,8,4,2,2
74368,8,4,0,4
162976,8,4,2,2
640968,8,4,2,2
1182888,8,4,1,3
148296,8,4,1,3
187536,8,4,2,2
354968,8,4,2,2
92608,8,4,2,2
68448,8,4,2,2
346104,8,4,2,2
285488,8,4,1,3
362520,8,4,1,3
78192,8,4,3,1
43512,8,4,2,2
195536,8,4,1,3
272752,8,4,2,2
70584,8,4,2,2
242304,8,4,2,2
170408,8,4,2,2
87464,8,4,1,3
239432,8,4,2,2
86008,8,4,0,4
742728,8,4,3,1
101624,8,4,2,2
386184,8,4,2,2
66384,8,4,3,1
109352,8,4,3,1
95272,8,4,1,3
102224,8,4,1,3
101328,8,4,1,3
148392,8,4,2,2
188816,8,4,3,1
146384,8,4,3,1
311072,8,4,1,3
65800,8,4,3,1
87904,8,4,1,3
93904,8,4,2,2
65848,8,4,1,3
197704,8,4,2,2
173488,8,4,2,2
122928,8,4,0,4
173928,8,4,2,2
85608,8,4,1,3
131984,8,4,1,3
147592,8,4,1,3
199040,8,4,2,2
80616,8,4,4,0
306376,8,4,2,2
380816,8,4,2,2
390048,8,4,3,1
110408,8,4,3,1
2213184,8,4,1,3
258208,8,4,2,2
74904,8,4,2,2
339576,8,4,2,2
124128,8,4,3,1
120720,8,4,2,2
90240,8,4,1,3
235184,8,4,1,3
42232,8,4,2,2
129008,8,4,3,1
83136,8,4,2,2
150592,8,4,2,2
102448,8,4,3,1
101816,8,4,2,2
164824,8,4,1,3
111656,8,4,2,2
66400,8,4,3,1
201016,8,4,2,2
35536,8,4,2,2
369536,8,4,1,3
409320,8,4,2,2
93384,8,4,1,3
421480,8,4,4,0
86160,8,4,2,2
481264,8,4,2,2
336320,8,4,2,2
148656,8,4,4,0
136488,8,4,3,1
82848,8,4,3,1
317184,8,4,2,2
80872,8,4,3,1
248992,8,4,1,3
178872,8,4,3,1
111704,8,4,2,2
407024,8,4,2,2
109064,8,4,3,1
115352,8,4,2,2
92600,8,4,2,2
255432,8,4,3,1
243992,8,4,1,3
207448,8,4,0,4
277584,8,4,3,1
50272,8,4,2,2
168928,8,4,3,1
190216,8,4,1,3
96120,8,4,3,1
182248,8,4,0,4
131704,8,4,2,2
111496,8,4,4,0
133224,8,4,2,2
127272,8,4,2,2
70792,8,4,3,1
81224,8,4,2,2
52760,8,4,2,2
103768,8,4,3,1
179240,8,4,1,3
70496,8,4,4,0
69976,8,4,2,2
311720,8,4,1,3
117376,8,4,2,2
551576,8,4,2,2
102168,8,4,1,3
372264,8,4,3,1
122328,8,4,4,0
97208,8,4,2,2
74856,8,4,1,3
269776,8,4,0,4
193592,8,4,1,3
306592,8,4,1,3
198080,8,4,2,2
189808,8,4,2,2
79416,8,4,1,3
75696,8,4,3,1
208656,8,4,1,3
106016,8,4,2,2
247376,8,4,3,1
124480,8,4,2,2
55120,8,4,0,4
242472,8,4,3,1
182208,8,4,2,2
61288,8,4,2,2
294872,8,4,3,1
79896,8,4,3,1
520848,8,4,3,1
115944,8,4,3,1
84752,8,4,1,3
49088,8,4,3,1
69840,8,4,1,3
171840,8,4,1,3
372296,8,4,1,3
221240,8,4,3,1
174168,8,4,2,2
96448,8,4,3,1
273296,8,4,1,3
111216,8,4,2,2
211344,8,4,2,2
153968,8,4,1,3
82080,8,4,3,1
56272,8,4,4,0
236856,8,4,3,1
99840,8,4,0,4
159552,8,4,2,2
328104,8,4,2,2
241032,8,4,3,1
64040,8,4,2,2
138528,8,4,2,2
171848,8,4,1,3
53192,8,4,3,1
225712,8,4,2,2
71728,8,4,1,3
259288,8,4,2,2
119128,8,4,4,0
163496,8,4,2,2
233152,8,4,2,2
312864,8,4,1,3
540464,8,4,1,3
81736,8,4,2,2
32072,8,4,2,2
517736,8,4,3,1
159224,8,4,3,1
121808,8,4,2,2
89128,8,4,1,3
407328,8,4,0,4
149048,8,4,3,1
138280,8,4,3,1
131336,8,4,1,3
274272,8,4,4,0
67760,8,4,2,2
60048,8,4,3,1
60296,8,4,2,2
113320,8,4,1,3
59992,8,4,2,2
363680,8,4,1,3
59944,8,4,4,0
121104,8,4,3,1
110416,8,4,2,2
133464,8,4,2,2
172696,8,4,2,2
53904,8,4,2,2
140656,8,4,2,2
63456,8,4,3,1
58632,8,4,3,1
59056,8,4,2,2
88880,8,4,2,2
293192,8,4,3,1
252136,8,4,3,1
137232,8,4,2,2
97576,8,4,2,2
130176,8,4,2,2
76328,8,4,2,2
81968,8,4,2,2
454896,8,4,1,3
128904,8,4,2,2
123048,8,4,3,1
98352,8,4,0,4
802760,8,4,2,2
103704,8,4,3,1
67032,8,4,3,1
140088,8,4,1,3
166384,8,4,3,1
57920,8,4,1,3
117528,8,4,4,0
114576,8,4,1,3
467768,8,4,2,2
92904,8,4,0,4
42088,8,4,1,3
290144,8,4,1,3
134032,8,4,2,2
68512,8,4,2,2
76520,8,4,1,3
208880,8,4,2,2
165440,8,4,3,1
141488,8,4,1,3
98096,8,4,2,2
86512,8,4,4,0
294720,8,4,2,2
162768,8,4,4,0
100984,8,4,2,2
60664,8,4,4,0
171936,8,4,1,3
147848,8,4,3,1
254400,8,4,2,2
162576,8,4,2,2
125864,8,4,3,1
270808,8,4,2,2
152432,8,4,1,3
175064,8,4,1,3
112088,8,4,3,1
150600,8,4,1,3
174616,8,4,2,2
172680,8,4,4,0
55824,8,4,0,4
112400,8,4,1,3
88592,8,4,4,0
63952,8,4,0,4
151720,8,4,4,0
596240,8,4,3,1
65376,8,4,3,1
246408,8,4,3,1
153408,8,4,1,3
280208,8,4,2,2
1089112,8,4,1,3
157880,8,4,0,4
463648,8,4,4,0
93856,8,4,0,4
86240,8,4,3,1
112848,8,4,1,3
112408,8,4,2,2
376968,8,4,1,3
53112,8,4,3,1
91160,8,4,2,2
380184,8,4,3,1
231056,8,4,3,1
66432,8,4,2,2
710064,8,4,1,3
801632,8,4,3,1
123776,8,4,3,1
133600,8,4,2,2
183360,8,4,1,3
331456,8,4,2,2
251984,8,4,1,3
108608,8,4,1,3
105496,8,4,3,1
246648,8,4,2,2
120480,8,4,2,2
104424,8,4,2,2
276640,8,4,2,2
120912,8,4,4,0
83200,8,4,1,3
449544,8,4,3,1
786024,8,4,4,0
483616,8,4,3,1
113152,8,4,0,4
201648,8,4,2,2
219048,8,4,1,3
122408,8,4,3,1
303128,8,4,2,2
68904,8,4,2,2
61176,8,4,2,2
90744,8,4,4,0
51128,8,4,1,3
163552,8,4,1,3
326848,8,4,2,2
318056,8,4,2,2
88256,8,4,3,1
178336,8,4,1,3
43456,8,4,2,2
592128,8,4,2,2
183480,8,4,2,2
123080,8,4,2,2
85024,8,4,0,4
108680,8,4,2,2
223072,8,4,1,3
173848,8,4,3,1
503296,8,4,2,2
213216,8,4,0,4
65352,8,4,2,2
330792,8,4,2,2
164432,8,4,1,3
130736,8,4,1,3
92120,8,4,2,2
208368,8,4,1,3
219792,8,4,1,3
53552,8,4,2,2
74936,8,4,3,1
342576,8,4,2,2
115152,8,4,1,3
49616,8,4,1,3
396976,8,4,3,1
417488,8,4,2,2
135416,8,4,0,4
585120,8,4,1,3
84576,8,4,1,3
782728,8,4,2,2
113064,8,4,1,3
62248,8,4,0,4
569856,8,4,1,3
175368,8,4,1,3
169240,8,4,2,2
94784,8,4,2,2
347136,8,4,1,3
100656,8,4,0,4
126208,8,4,2,2
105000,8,4,3,1
69992,8,4,2,2
114832,8,4,3,1
109632,8,4,3,1
80208,8,4,2,2
691912,8,4,2,2
335448,8,4,1,3
84456,8,4,1,3
247928,8,4,4,0
121192,8,4,1,3
105264,8,4,1,3
162680,8,4,2,2
53392,8,4,3,1
75360,8,4,2,2
50232,8,4,1,3
130128,8,4,3,1
177256,8,4,2,2
78552,8,4,3,1
619848,8,4,2,2
1082536,8,4,3,1
173224,8,4,2,2
70552,8,4,2,2
81320,8,4,2,2
145608,8,4,2,2
105720,8,4,1,3
77632,8,4,3,1
113792,8,4,2,2
83776,8,4,2,2
335024,8,4,3,1
108640,8,4,2,2
209192,8,4,1,3
91568,8,4,0,4
181832,8,4,1,3
76776,8,4,3,1
101248,8,4,1,3
92000,8,4,2,2
65920,8,4,3,1
166616,8,4,1,3
107568,8,4,2,2
168824,8,4,2,2
488080,8,4,4,0
171352,8,4,1,3
140744,8,4,3,1
89688,8,4,1,3
417080,8,4,3,1
360528,8,4,1,3
633256,8,4,1,3
166144,8,4,3,1
317472,8,4,2,2
185376,8,4,3,1
123800,8,4,2,2
101824,8,4,1,3
92696,8,4,1,3
232552,8,4,3,1
74960,8,4,2,2
141512,8,4,1,3
239688,8,4,2,2
131952,8,4,2,2
37848,8,4,3,1
44480,8,4,2,2
651336,8,4,2,2
681488,8,4,2,2
335400,8,4,1,3
64664,8,4,2,2
112304,8,4,0,4
72768,8,4,2,2
411896,8,4,1,3
300768,8,4,3,1
643632,8,4,3,1
109744,8,4,2,2
87760,8,4,0,4
64536,8,4,2,2
200344,8,4,1,3
48000,8,4,2,2
73376,8,4,2,2
225176,8,4,3,1
399032,8,4,1,3
292328,8,4,1,3
259544,8,4,1,3
145448,8,4,1,3
497392,8,4,2,2
502152,8,4,2,2
81072,8,4,2,2
151016,8,4,3,1
70392,8,4,2,2
78576,8,4,3,1
105480,8,4,0,4
58552,8,4,0,4
95616,8,4,3,1
273840,8,4,2,2
44312,8,4,1,3
179512,8,4,0,4
69752,8,4,2,2
162128,8,4,2,2
99336,8,4,2,2
173176,8,4,1,3
58928,8,4,2,2
413696,8,4,1,3
282736,8,4,2,2
109128,8,4,0,4
277616,8,4,2,2
489192,8,4,3,1
44472,8,4,3,1
118560,8,4,4,0
190200,8,4,3,1
81776,8,4,2,2
136248,8,4,4,0
55232,8,4,1,3
199800,8,4,1,3
201544,8,4,1,3
81376,8,4,1,3
93104,8,4,1,3
237280,8,4,1,3
160480,8,4,4,0
449864,8,4,3,1
369968,8,4,3,1
150352,8,4,1,3
61000,8,4,4,0
121568,8,4,3,1
47736,8,4,0,4
168528,8,4,3,1
94776,8,4,0,4
59968,8,4,2,2
111552,8,4,3,1
262296,8,4,3,1
139416,8,4,2,2
76848,8,4,1,3
114336,8,4,1,3
470256,8,4,4,0
163880,8,4,3,1
87872,8,4,1,3
338816,8,4,3,1
61944,8,4,1,3
79832,8,4,3,1
1374880,8,4,2,2
201440,8,4,2,2
202816,8,4,1,3
239272,8,4,2,2
103832,8,4,2,2
172392,8,4,1,3
65408,8,4,2,2
188456,8,4,2,2
555824,8,4,1,3
67496,8,4,2,2
459624,8,4,2,2
265400,8,4,1,3
128000,8,4,1,3
149744,8,4,2,2
98672,8,4,3,1
147440,8,4,1,3
351200,8,4,2,2
49280,8,4,2,2
136952,8,4,4,0
30248,8,4,3,1
127232,8,4,2,2
206832,8,4,1,3
156688,8,4,3,1
194568,8,4,3,1
545688,8,4,2,2
192608,8,4,3,1
117208,8,4,2,2
183896,8,4,3,1
86264,8,4,3,1
121752,8,4,2,2
127640,8,4,0,4
125456,8,4,4,0
256864,8,4,3,1
88040,8,4,3,1
48832,8,4,2,2
325912,8,4,2,2
51576,8,4,1,3
60304,8,4,2,2
166192,8,4,2,2
173432,8,4,2,2
216552,8,4,3,1
63488,8,4,2,2
329856,8,4,3,1
196936,8,4,1,3
54592,8,4,3,1
79952,8,4,2,2
64528,8,4,1,3
320032,8,4,3,1
416248,8,4,3,1
515672,8,4,2,2
152208,8,4,2,2
113864,8,4,1,3
151576,8,4,4,0
59000,8,4,3,1
245592,8,4,3,1
127792,8,4,2,2
186632,8,4,2,2
207840,8,4,2,2
105824,8,4,3,1
188120,8,4,2,2
152896,8,4,3,1
84432,8,4,2,2
358560,8,4,1,3
81040,8,4,3,1
82256,8,4,0,4
52520,8,4,2,2
177528,8,4,3,1
350392,8,4,2,2
238512,8,4,1,3
84512,8,4,1,3
77776,8,4,2,2
142512,8,4,3,1
328232,8,4,1,3
157712,8,4,1,3
888272,8,4,3,1
167504,8,4,2,2
210432,8,4,1,3
235264,8,4,2,2
55728,8,4,0,4
193984,8,4,0,4
47664,8,4,2,2
78808,8,4,1,3
648672,8,4,2,2
72824,8,4,1,3
171792,8,4,1,3
729144,8,4,1,3
121384,8,4,2,2
103608,8,4,1,3
104128,8,4,0,4
133048,8,4,2,2
285384,8,4,1,3
75920,8,4,0,4
243976,8,4,3,1
175376,8,4,1,3
131344,8,4,2,2
43032,8,4,2,2
66440,8,4,1,3
307232,8,4,2,2
177504,8,4,2,2
166072,8,4,2,2
96080,8,4,2,2
76216,8,4,2,2
543432,8,4,0,4
35880,8,4,2,2
100296,8,4,3,1
92136,8,4,2,2
279760,8,4,1,3
484272,8,4,2,2
645136,8,4,2,2
199520,8,4,2,2
122512,8,4,3,1
176288,8,4,1,3
225520,8,4,2,2
160064,8,4,2,2
87680,8,4,1,3
705480,8,4,1,3
76288,8,4,3,1
97520,8,4,2,2
210240,8,4,1,3
207440,8,4,3,1
120192,8,4,2,2
76016,8,4,1,3
278896,8,4,2,2
182344,8,4,2,2
123464,8,4,2,2
75112,8,4,2,2
127536,8,4,0,4
185840,8,4,3,1
135568,8,4,2,2
111152,8,4,2,2
146120,8,4,2,2
164736,8,4,2,2
241608,8,4,3,1
580056,8,4,3,1
189216,8,4,4,0
81280,8,4,3,1
77560,8,4,3,1
85224,8,4,2,2
54424,8,4,2,2
96576,8,4,4,0
136568,8,4,4,0
100488,8,4,2,2
119064,8,4,2,2
163344,8,4,0,4
111344,8,4,2,2
116384,8,4,3,1
83088,8,4,3,1
118848,8,4,2,2
220088,8,4,1,3
145936,8,4,1,3
620776,8,4,3,1
183104,8,4,2,2
47984,8,4,1,3
117936,8,4,3,1
45744,8,4,2,2
168672,8,4,3,1
62632,8,4,3,1
89784,8,4,1,3
110088,8,4,2,2
65040,8,4,2,2
72600,8,4,4,0
77784,8,4,3,1
224976,8,4,1,3
199664,8,4,3,1
116456,8,4,1,3
211376,8,4,2,2
63400,8,4,3,1
221840,8,4,3,1
104864,8,4,3,1
627384,8,4,0,4
220008,8,4,0,4
256960,8,4,2,2
224264,8,4,3,1
152584,8,4,2,2
126808,8,4,3,1
351680,8,4,2,2
136576,8,4,4,0
92256,8,4,2,2
68552,8,4,1,3
160904,8,4,1,3
142272,8,4,0,4
59112,8,4,3,1
51200,8,4,1,3
211240,8,4,3,1
65872,8,4,2,2
108320,8,4,1,3
284016,8,4,3,1
349032,8,4,3,1
113160,8,4,4,0
213480,8,4,2,2
140424,8,4,3,1
124200,8,4,1,3
55048,8,4,2,2
189608,8,4,2,2
133456,8,4,1,3
339400,8,4,3,1
157504,8,4,1,3
250056,8,4,0,4
347024,8,4,2,2
72176,8,4,3,1
151128,8,4,4,0
105072,8,4,2,2
72352,8,4,1,3
336032,8,4,3,1
54800,8,4,4,0
210512,8,4,0,4
138808,8,4,2,2
85104,8,4,1,3
88848,8,4,1,3
94264,8,4,4,0
181528,8,4,3,1
251320,8,4,4,0
177440,8,4,4,0
83704,8,4,1,3
120032,8,4,1,3
95640,8,4,1,3
290720,8,4,2,2
176192,8,4,1,3
86928,8,4,2,2
156312,8,4,3,1
96616,8,4,1,3
380512,8,4,2,2
75688,8,4,1,3
142640,8,4,1,3
273968,8,4,3,1
140760,8,4,1,3
82296,8,4,3,1
71488,8,4,3,1
473072,8,4,2,2
40208,8,4,4,0
141280,8,4,2,2
177824,8,4,1,3
130664,8,4,3,1
69528,8,4,3,1
78704,8,4,3,1
221664,8,4,2,2
110656,8,4,3,1
606576,8,4,2,2
126288,8,4,2,2
248960,8,4,3,1
125016,8,4,2,2
134200,8,4,2,2
147528,8,4,4,0
440728,8,4,1,3
109496,8,4,1,3
84552,8,4,2,2
140128,8,4,2,2
116600,8,4,3,1
189640,8,4,3,1
81592,8,4,2,2
99832,8,4,2,2
73184,8,4,4,0
126448,8,4,2,2
112064,8,4,3,1
99152,8,4,0,4
307848,8,4,0,4
107096,8,4,2,2
165976,8,4,3,1
65496,8,4,1,3
287824,8,4,1,3
119672,8,4,1,3
88632,8,4,2,2
177960,8,4,2,2
62872,8,4,4,0
141696,8,4,1,3
46016,8,4,1,3
60128,8,4,3,1
139200,8,4,2,2
103360,8,4,2,2
23856,8,4,2,2
171984,8,4,1,3
173040,8,4,2,2
90840,8,4,2,2
78296,8,4,1,3
288336,8,4,4,0
52976,8,4,1,3
255968,8,4,1,3
95984,8,4,3,1
42440,8,4,3,1
104912,8,4,1,3
46368,8,4,3,1
213224,8,4,3,1
83624,8,4,1,3
324664,8,4,3,1
214440,8,4,4,0
85208,8,4,2,2
120504,8,4,2,2
206680,8,4,3,1
100536,8,4,1,3
118160,8,4,2,2
71864,8,4,2,2
155176,8,4,2,2
95408,8,4,4,0
40184,8,4,3,1
120128,8,4,3,1
148752,8,4,1,3
206032,8,4,2,2
185072,8,4,2,2
217040,8,4,1,3
61216,8,4,2,2
198952,8,4,2,2
109416,8,4,3,1
300800,8,4,2,2
97616,8,4,1,3
120744,8,4,3,1
86880,8,4,2,2
152552,8,4,3,1
60976,8,4,1,3
88136,8,4,3,1
102552,8,4,1,3
58784,8,4,3,1
135000,8,4,1,3
117152,8,4,3,1
131616,8,4,1,3
39032,8,4,0,4
423712,8,4,2,2
70216,8,4,2,2
99368,8,4,3,1
193584,8,4,2,2
111912,8,4,3,1
229064,8,4,2,2
118976,8,4,1,3
337336,8,4,2,2
44080,8,4,2,2
163096,8,4,1,3
876144,8,4,3,1
77176,8,4,3,1
96776,8,4,4,0
75736,8,4,1,3
73520,8,4,3,1
133208,8,4,1,3
88952,8,4,2,2
141848,8,4,1,3
128360,8,4,3,1
32752,8,4,2,2
471488,8,4,3,1
58448,8,4,3,1
253960,8,4,2,2
198392,8,4,2,2
168640,8,4,0,4
86408,8,4,2,2
373592,8,4,1,3
105160,8,4,3,1
76744,8,4,1,3
103048,8,4,3,1
66784,8,4,3,1
40336,8,4,2,2
54104,8,4,1,3
225832,8,4,2,2
248928,8,4,3,1
510440,8,4,3,1
100408,8,4,2,2
196928,8,4,1,3
810624,8,4,2,2
195864,8,4,2,2
106216,8,4,2,2
84496,8,4,2,2
45856,8,4,1,3
232648,8,4,2,2
102176,8,4,3,1
103080,8,4,2,2
46352,8,4,2,2
128984,8,4,1,3
159984,8,4,3,1
82672,8,4,0,4
398808,8,4,3,1
84568,8,4,0,4
415176,8,4,1,3
822944,8,4,3,1
352672,8,4,0,4
115568,8,4,3,1
241792,8,4,2,2
193520,8,3,1,2
165112,8,3,3,0
115536,8,3,2,1
76232,8,3,1,2
176112,8,3,2,1
461080,8,3,1,2
1858152,8,3,1,2
684112,8,3,1,2
240448,8,3,1,2
81064,8,3,1,2
582976,8,3,0,3
75632,8,3,1,2
135264,8,3,0,3
80904,8,3,3,0
197496,8,3,1,2
139944,8,3,0,3
136024,8,3,1,2
204992,8,3,3,0
717360,8,3,1,2
198688,8,3,1,2
566136,8,3,3,0
79200,8,3,1,2
67160,8,3,2,1
193136,8,3,1,2
192304,8,3,2,1
147824,8,3,1,2
203672,8,3,2,1
101016,8,3,1,2
512824,8,3,2,1
413064,8,3,1,2
128048,8,3,1,2
230296,8,3,2,1
207960,8,3,3,0
367488,8,3,1,2
365040,8,3,3,0
208672,8,3,3,0
103256,8,3,1,2
248264,8,3,3,0
84144,8,3,2,1
173680,8,3,2,1
367064,8,3,3,0
375824,8,3,1,2
52792,8,3,1,2
489840,8,3,3,0
370944,8,3,2,1
200744,8,3,2,1
350320,8,3,3,0
111856,8,3,0,3
248368,8,3,0,3
240688,8,3,2,1
84248,8,3,1,2
315040,8,3,1,2
201632,8,3,1,2
755928,8,3,2,1
58568,8,3,2,1
315392,8,3,3,0
100856,8,3,2,1
291576,8,3,3,0
107320,8,3,1,2
152872,8,3,2,1
317424,8,3,2,1
135432,8,3,1,2
709176,8,3,2,1
171392,8,3,2,1
1231432,8,3,1,2
399016,8,3,1,2
237952,8,3,1,2
184888,8,3,0,3
120576,8,3,2,1
301128,8,3,1,2
683304,8,3,1,2
122984,8,3,2,1
161640,8,3,2,1
94184,8,3,3,0
610544,8,3,3,0
334616,8,3,1,2
133088,8,3,3,0
258528,8,3,1,2
71280,8,3,1,2
522488,8,3,2,1
5138024,8,3,0,3
143520,8,3,1,2
655096,8,3,2,1
145056,8,3,3,0
182024,8,3,1,2
211880,8,3,1,2
212904,8,3,1,2
132728,8,3,1,2
67232,8,3,2,1
585656,8,3,1,2
215224,8,3,0,3
890488,8,3,1,2
196768,8,3,1,2
215752,8,3,2,1
407144,8,3,2,1
199464,8,3,3,0
642160,8,3,0,3
161784,8,3,1,2
177272,8,3,2,1
849648,8,3,2,1
170464,8,3,2,1
316176,8,3,1,2
231896,8,3,2,1
474720,8,3,2,1
210464,8,3,3,0
222504,8,3,3,0
230864,8,3,1,2
398112,8,3,1,2
93776,8,3,1,2
186736,8,3,0,3
251928,8,3,0,3
132544,8,3,3,0
770024,8,3,2,1
131968,8,3,2,1
649280,8,3,2,1
925184,8,3,2,1
1915656,8,3,1,2
165352,8,3,2,1
766992,8,3,1,2
723024,8,3,1,2
46760,8,3,1,2
254152,8,3,1,2
271648,8,3,2,1
222488,8,3,2,1
400896,8,3,1,2
907976,8,3,2,1
287696,8,3,0,3
753944,8,3,1,2
882856,8,3,1,2
709944,8,3,2,1
302800,8,3,0,3
110576,8,3,2,1
246192,8,3,2,1
113640,8,3,1,2
581520,8,3,1,2
267120,8,3,0,3
346072,8,3,3,0
107168,8,3,3,0
609376,8,3,3,0
291512,8,3,2,1
164976,8,3,1,2
934768,8,3,1,2
284640,8,3,1,2
407912,8,3,2,1
1255248,8,3,1,2
513328,8,3,3,0
163696,8,3,1,2
939392,8,3,1,2
433832,8,3,2,1
213920,8,3,1,2
63600,8,3,1,2
143528,8,3,1,2
162432,8,3,2,1
96000,8,3,0,3
59432,8,3,1,2
132616,8,3,0,3
53312,8,3,1,2
71936,8,3,2,1
121904,8,3,1,2
353880,8,3,0,3
259928,8,3,2,1
435056,8,3,1,2
295008,8,3,2,1
582656,8,3,1,2
209992,8,3,1,2
171896,8,3,2,1
182304,8,3,0,3
271176,8,3,1,2
160328,8,3,2,1
96400,8,3,1,2
8381320,8,3,2,1
315552,8,3,0,3
101056,8,3,1,2
445488,8,3,2,1
87320,8,3,3,0
139528,8,3,1,2
1142016,8,3,2,1
280640,8,3,0,3
78648,8,3,2,1
1661160,8,3,0,3
307240,8,3,2,1
110280,8,3,2,1
251720,8,3,2,1
309192,8,3,1,2
45480,8,3,1,2
780064,8,3,1,2
305976,8,3,1,2
161696,8,3,1,2
183440,8,3,2,1
373632,8,3,2,1
373560,8,3,2,1
654088,8,3,1,2
103024,8,3,2,1
176864,8,3,2,1
92880,8,3,2,1
222432,8,3,2,1
361376,8,3,1,2
120264,8,3,1,2
309088,8,3,1,2
142600,8,3,1,2
119472,8,3,1,2
263760,8,3,1,2
178136,8,3,3,0
89928,8,3,2,1
505200,8,3,1,2
175536,8,3,1,2
406184,8,3,2,1
2777888,8,3,2,1
533112,8,3,3,0
354672,8,3,0,3
528592,8,3,1,2
169880,8,3,1,2
278848,8,3,2,1
299824,8,3,2,1
184944,8,3,2,1
187072,8,3,3,0
115976,8,3,2,1
102896,8,3,2,1
833080,8,3,1,2
79120,8,3,1,2
139096,8,3,2,1
143496,8,3,0,3
746816,8,3,2,1
161760,8,3,3,0
110888,8,3,1,2
81544,8,3,1,2
112416,8,3,1,2
115792,8,3,3,0
62576,8,3,0,3
2792528,8,3,2,1
138080,8,3,1,2
476976,8,3,2,1
49376,8,3,1,2
425048,8,3,2,1
400040,8,3,1,2
84600,8,3,1,2
293136,8,3,2,1
103296,8,3,0,3
246552,8,3,3,0
203648,8,3,3,0
78248,8,3,0,3
7451336,8,3,2,1
136000,8,3,0,3
404336,8,3,1,2
2727632,8,3,1,2
149904,8,3,2,1
98736,8,3,2,1
342112,8,3,1,2
495536,8,3,2,1
169352,8,3,1,2
80504,8,3,1,2
457656,8,3,2,1
227264,8,3,2,1
123632,8,3,0,3
379440,8,3,0,3
204160,8,3,2,1
91960,8,3,3,0
456744,8,3,1,2
5685584,8,3,1,2
151728,8,3,1,2
91032,8,3,2,1
646112,8,3,1,2
157776,8,3,3,0
123320,8,3,3,0
1031896,8,3,2,1
258408,8,3,2,1
239872,8,3,2,1
64248,8,3,1,2
351520,8,3,2,1
191432,8,3,1,2
79736,8,3,1,2
1211360,8,3,2,1
150424,8,3,2,1
554024,8,3,0,3
192360,8,3,2,1
150440,8,3,1,2
214688,8,3,2,1
39072,8,3,0,3
191080,8,3,1,2
153952,8,3,2,1
121696,8,3,3,0
133912,8,3,1,2
93496,8,3,1,2
199296,8,3,2,1
117688,8,3,2,1
2526592,8,3,1,2
352712,8,3,1,2
172896,8,3,0,3
356608,8,3,1,2
94168,8,3,0,3
736984,8,3,1,2
1941560,8,3,1,2
123472,8,3,2,1
73344,8,3,2,1
243536,8,3,0,3
134048,8,3,1,2
279896,8,3,1,2
129736,8,3,2,1
287304,8,3,0,3
253904,8,3,2,1
121960,8,3,0,3
114544,8,3,0,3
232088,8,3,1,2
394840,8,3,2,1
117888,8,3,2,1
108656,8,3,0,3
201872,8,3,1,2
83120,8,3,2,1
64832,8,3,0,3
196424,8,3,2,1
1154608,8,3,2,1
1084480,8,3,2,1
67400,8,3,1,2
157808,8,3,0,3
250720,8,3,2,1
163128,8,3,1,2
711728,8,3,3,0
271336,8,3,3,0
102104,8,3,2,1
169416,8,3,1,2
1532152,8,3,2,1
813928,8,3,1,2
985008,8,3,3,0
35384,8,3,2,1
1205048,8,3,2,1
172312,8,3,1,2
201904,8,3,2,1
203112,8,3,2,1
766032,8,3,1,2
689576,8,3,2,1
285240,8,3,1,2
329496,8,3,2,1
124304,8,3,0,3
660128,8,3,0,3
82888,8,3,2,1
101712,8,3,1,2
163400,8,3,2,1
156344,8,3,2,1
159512,8,3,2,1
239744,8,3,3,0
199144,8,3,1,2
73672,8,3,1,2
1096784,8,3,3,0
681976,8,3,1,2
840720,8,3,2,1
210624,8,3,1,2
306776,8,3,1,2
400664,8,3,2,1
100704,8,3,2,1
226288,8,3,1,2
1179160,8,3,3,0
73688,8,3,2,1
191176,8,3,1,2
208104,8,3,2,1
1280720,8,3,2,1
157048,8,3,1,2
89088,8,3,2,1
249240,8,3,2,1
114056,8,3,1,2
236816,8,3,1,2
698224,8,3,1,2
281584,8,3,1,2
148832,8,3,1,2
197536,8,3,1,2
140560,8,3,0,3
742312,8,3,1,2
186768,8,3,2,1
175960,8,3,2,1
1916920,8,3,2,1
55968,8,3,3,0
102888,8,3,1,2
89880,8,3,2,1
519216,8,3,1,2
202888,8,3,1,2
394232,8,3,1,2
234808,8,3,2,1
143928,8,3,1,2
265600,8,3,2,1
304208,8,3,3,0
55848,8,3,1,2
569144,8,3,1,2
180704,8,3,3,0
83528,8,3,2,1
130136,8,3,3,0
1027808,8,3,2,1
583560,8,3,1,2
121792,8,3,1,2
157016,8,3,2,1
144376,8,3,2,1
564376,8,3,2,1
157112,8,3,2,1
224992,8,3,1,2
71296,8,3,0,3
60544,8,3,1,2
651496,8,3,0,3
502992,8,3,2,1
78720,8,3,0,3
364392,8,3,3,0
161360,8,3,3,0
189288,8,3,2,1
120064,8,3,3,0
439600,8,3,1,2
136432,8,3,0,3
133856,8,3,2,1
115512,8,3,1,2
64360,8,3,1,2
202744,8,3,3,0
373992,8,3,2,1
116040,8,3,1,2
240344,8,3,2,1
898960,8,3,2,1
2330752,8,3,2,1
425208,8,3,1,2
397184,8,3,2,1
165480,8,3,1,2
84888,8,3,1,2
180464,8,3,2,1
181088,8,3,2,1
482920,8,3,2,1
927464,8,3,3,0
252120,8,3,1,2
63800,8,3,3,0
188032,8,3,2,1
236048,8,3,1,2
289608,8,3,1,2
199624,8,3,2,1
450760,8,3,1,2
77480,8,3,1,2
917256,8,3,1,2
335296,8,3,1,2
517384,8,3,2,1
103672,8,3,1,2
182800,8,3,1,2
172024,8,3,3,0
259720,8,3,1,2
92240,8,3,2,1
485352,8,3,0,3
80688,8,3,1,2
186672,8,3,1,2
225208,8,3,0,3
391120,8,3,1,2
407152,8,3,2,1
239960,8,3,0,3
630440,8,3,2,1
7310936,8,3,1,2
35720,8,3,0,3
393664,8,3,1,2
194200,8,3,1,2
387184,8,3,1,2
750824,8,3,1,2
260712,8,3,0,3
530624,8,3,1,2
350976,8,3,1,2
544536,8,3,2,1
300640,8,3,2,1
628840,8,3,1,2
152880,8,3,2,1
339024,8,3,1,2
105952,8,3,2,1
167848,8,3,2,1
5623040,8,3,2,1
567712,8,3,2,1
117000,8,3,2,1
298240,8,3,3,0
125280,8,3,2,1
176168,8,3,3,0
1000896,8,3,1,2
86144,8,3,0,3
990384,8,3,1,2
175152,8,3,1,2
174352,8,3,0,3
335216,8,3,2,1
2694224,8,3,1,2
432704,8,3,3,0
147296,8,3,3,0
451496,8,3,2,1
208872,8,3,3,0
183680,8,3,3,0
162360,8,3,1,2
199384,8,3,0,3
116888,8,3,1,2
211912,8,3,0,3
144184,8,3,2,1
148800,8,3,2,1
555640,8,3,2,1
499520,8,3,2,1
63576,8,3,1,2
126648,8,3,2,1
243640,8,3,2,1
320712,8,3,1,2
114024,8,3,2,1
126568,8,3,2,1
142392,8,3,1,2
125568,8,3,1,2
568088,8,3,1,2
191720,8,3,2,1
625064,8,3,1,2
135160,8,3,1,2
415384,8,3,1,2
224848,8,3,1,2
94448,8,3,1,2
134760,8,3,2,1
2522728,8,3,2,1
275520,8,3,1,2
325128,8,3,2,1
1060896,8,3,2,1
549320,8,3,2,1
135752,8,3,2,1
538088,8,3,3,0
134936,8,3,1,2
225656,8,3,1,2
731120,8,3,1,2
311824,8,3,2,1
172688,8,3,2,1
518344,8,3,0,3
88792,8,3,3,0
239736,8,3,1,2
1394456,8,3,1,2
201624,8,3,1,2
58392,8,3,0,3
120936,8,3,2,1
306560,8,3,2,1
754280,8,3,2,1
220512,8,3,2,1
151552,8,3,0,3
70872,8,3,2,1
1214352,8,3,1,2
164256,8,3,0,3
247768,8,3,3,0
140320,8,3,0,3
388992,8,3,1,2
204328,8,3,1,2
224704,8,3,2,1
141376,8,3,2,1
217168,8,3,2,1
2260944,8,3,1,2
162080,8,3,2,1
392560,8,3,1,2
301568,8,3,2,1
219104,8,3,3,0
328792,8,3,2,1
52040,8,3,0,3
205816,8,3,1,2
509816,8,3,0,3
353504,8,3,2,1
632256,8,3,0,3
2010192,8,3,1,2
75584,8,3,0,3
119584,8,3,2,1
116848,8,3,1,2
292824,8,3,2,1
522816,8,3,3,0
188136,8,3,2,1
151800,8,3,1,2
186576,8,3,3,0
90608,8,3,0,3
161024,8,3,1,2
270328,8,3,3,0
112792,8,3,1,2
1566136,8,3,2,1
203480,8,3,1,2
186240,8,3,2,1
206304,8,3,3,0
279864,8,3,1,2
65936,8,3,2,1
294680,8,3,3,0
641648,8,3,2,1
1202584,8,3,2,1
140720,8,3,3,0
264336,8,3,3,0
106680,8,3,0,3
235576,8,3,3,0
94872,8,3,2,1
59864,8,3,0,3
245768,8,3,0,3
551888,8,3,1,2
395448,8,3,2,1
410616,8,3,1,2
256248,8,3,3,0
69960,8,3,2,1
283560,8,3,2,1
122240,8,3,3,0
810984,8,3,1,2
184552,8,3,1,2
593976,8,3,2,1
134888,8,3,2,1
389288,8,3,0,3
336064,8,3,2,1
259832,8,3,2,1
182704,8,3,2,1
281912,8,3,3,0
360520,8,3,1,2
206520,8,3,2,1
786208,8,3,0,3
69928,8,3,1,2
232456,8,3,2,1
245608,8,3,1,2
3341032,8,3,3,0
411272,8,3,2,1
310960,8,3,1,2
598152,8,3,0,3
864160,8,3,2,1
422160,8,3,3,0
849400,8,3,1,2
403376,8,3,2,1
136176,8,3,0,3
336456,8,3,2,1
217536,8,3,2,1
114680,8,3,2,1
301032,8,3,2,1
272528,8,3,3,0
294496,8,3,1,2
165608,8,3,2,1
183216,8,3,2,1
404888,8,3,2,1
155200,8,3,2,1
60480,8,3,1,2
170008,8,3,2,1
1158120,8,3,2,1
126056,8,3,2,1
412432,8,3,1,2
236864,8,3,1,2
223664,8,3,3,0
236344,8,3,2,1
757328,8,3,2,1
199720,8,3,1,2
83312,8,3,1,2
49320,8,3,3,0
215336,8,3,2,1
124320,8,3,2,1
815888,8,3,1,2
106760,8,3,2,1
100616,8,3,2,1
647320,8,3,0,3
143976,8,3,2,1
194032,8,3,1,2
285304,8,3,1,2
234496,8,3,1,2
151504,8,3,1,2
96248,8,3,2,1
76384,8,3,1,2
48408,8,3,1,2
149440,8,3,2,1
197168,8,3,1,2
484968,8,3,0,3
1421304,8,3,3,0
794608,8,3,0,3
191552,8,3,1,2
94680,8,3,2,1
195752,8,3,3,0
91544,8,3,1,2
106696,8,3,1,2
277696,8,3,1,2
2357456,8,3,3,0
160496,8,3,3,0
50976,8,3,1,2
98464,8,3,2,1
171280,8,3,0,3
729664,8,3,2,1
76728,8,3,2,1
314128,8,3,3,0
322432,8,3,2,1
62512,8,3,2,1
433552,8,3,0,3
333376,8,3,2,1
806944,8,3,2,1
84024,8,3,1,2
97984,8,3,2,1
238040,8,3,3,0
554472,8,3,2,1
291704,8,3,2,1
184112,8,3,2,1
161304,8,3,2,1
481536,8,3,2,1
259440,8,3,2,1
1173608,8,3,2,1
564368,8,3,1,2
413648,8,3,1,2
469808,8,3,3,0
144256,8,3,1,2
448112,8,3,2,1
106776,8,3,3,0
184656,8,3,2,1
230736,8,3,2,1
428864,8,3,2,1
69944,8,3,3,0
70504,8,3,1,2
787880,8,3,1,2
1354216,8,3,1,2
169664,8,3,3,0
66696,8,3,0,3
969720,8,3,2,1
62640,8,3,3,0
564304,8,3,2,1
241888,8,3,1,2
657088,8,3,1,2
324032,8,3,3,0
61824,8,3,2,1
88464,8,3,0,3
131216,8,3,0,3
152600,8,3,1,2
273848,8,3,1,2
171456,8,3,0,3
547112,8,3,1,2
390256,8,3,2,1
145728,8,3,1,2
281840,8,3,1,2
163672,8,3,1,2
48120,8,3,2,1
481608,8,3,2,1
304576,8,3,2,1
311584,8,3,0,3
667160,8,3,0,3
100072,8,3,1,2
160832,8,3,2,1
66968,8,3,3,0
1894008,8,3,0,3
138328,8,3,1,2
141016,8,3,3,0
614736,8,3,0,3
299392,8,3,1,2
508880,8,3,2,1
634776,8,3,1,2
460224,8,3,1,2
149320,8,3,1,2
447640,8,3,1,2
124896,8,3,1,2
92528,8,3,0,3
129880,8,3,2,1
157984,8,3,2,1
64176,8,3,0,3
307512,8,3,2,1
123392,8,3,2,1
149232,8,3,1,2
258104,8,3,1,2
508144,8,3,1,2
275576,8,3,2,1
83072,8,3,2,1
469040,8,3,1,2
658328,8,3,2,1
543136,8,3,0,3
88088,8,3,2,1
132248,8,3,2,1
2252968,8,3,3,0
65440,8,3,2,1
105984,8,3,2,1
151912,8,3,2,1
931096,8,3,2,1
218240,8,3,1,2
252312,8,3,1,2
166784,8,3,1,2
2942376,8,3,2,1
975416,8,3,1,2
161968,9,3,1,2
330920,9,3,2,1
167432,9,3,2,1
223560,9,3,3,0
174560,9,3,1,2
229824,9,3,0,3
258472,9,3,0,3
681808,9,3,1,2
46104,9,3,1,2
3796416,9,3,1,2
192104,9,3,2,1
345856,9,3,0,3
383736,9,3,1,2
203368,9,3,1,2
232288,9,3,0,3
245264,9,3,1,2
185152,9,3,1,2
87632,9,3,2,1
402912,9,3,0,3
1186280,9,3,2,1
67848,9,3,0,3
114048,9,3,2,1
356744,9,3,2,1
291128,9,3,0,3
552128,9,3,2,1
621944,9,3,1,2
326128,9,3,1,2
6374168,9,3,3,0
128216,9,3,2,1
157064,9,3,1,2
80216,9,3,2,1
257248,9,3,2,1
202464,9,3,2,1
137824,9,3,0,3
229152,9,3,2,1
158576,9,3,1,2
186496,9,3,2,1
197736,9,3,1,2
471496,9,3,0,3
920232,9,3,1,2
162888,9,3,1,2
121488,9,3,2,1
142704,9,3,2,1
448904,9,3,1,2
107496,9,3,2,1
120640,9,3,2,1
77552,9,3,2,1
297768,9,3,2,1
1099760,9,3,1,2
469632,9,3,2,1
204568,9,3,3,0
471192,9,3,0,3
158784,9,3,1,2
856104,9,3,1,2
312448,9,3,2,1
198832,9,3,0,3
72880,9,3,3,0
175120,9,3,2,1
53400,9,3,1,2
3791288,9,3,1,2
173568,9,3,0,3
675312,9,3,1,2
417840,9,3,3,0
175840,9,3,0,3
113448,9,3,1,2
129016,9,3,1,2
191840,9,3,2,1
224720,9,3,0,3
188168,9,3,2,1
462728,9,3,1,2
81288,9,3,0,3
211552,9,3,2,1
299168,9,3,1,2
196720,9,3,0,3
205504,9,3,2,1
1136040,9,3,2,1
623288,9,3,0,3
763920,9,3,1,2
298400,9,3,0,3
114008,9,3,2,1
189448,9,3,3,0
2129312,9,3,3,0
81752,9,3,3,0
385240,9,3,2,1
60624,9,3,2,1
702760,9,3,0,3
193944,9,3,1,2
187040,9,3,3,0
348952,9,3,1,2
4358112,9,3,3,0
126832,9,3,2,1
584280,9,3,1,2
529320,9,3,0,3
356912,9,3,1,2
83600,9,3,1,2
120328,9,3,1,2
139296,9,3,3,0
234776,9,3,1,2
2407760,9,3,1,2
145616,9,3,3,0
57560,9,3,2,1
133816,9,3,1,2
1145896,9,3,2,1
363784,9,3,1,2
218224,9,3,2,1
211976,9,3,1,2
2022032,9,3,0,3
183368,9,3,1,2
294560,9,3,2,1
204112,9,3,2,1
240440,9,3,1,2
215128,9,3,2,1
700784,9,3,1,2
559232,9,3,2,1
110400,9,3,0,3
1015424,9,3,3,0
79920,9,3,1,2
521520,9,3,1,2
137048,9,3,2,1
493928,9,3,2,1
58856,9,3,2,1
361664,9,3,1,2
77072,9,3,2,1
672088,9,3,1,2
201472,9,3,2,1
125632,9,3,2,1
348160,9,3,2,1
377336,9,3,1,2
128584,9,3,0,3
402560,9,3,2,1
161848,9,3,2,1
137064,9,3,1,2
122136,9,3,0,3
176784,9,3,1,2
311624,9,3,2,1
115480,9,3,2,1
129256,9,3,2,1
45832,9,3,1,2
173744,9,3,2,1
48704,9,3,1,2
203096,9,3,2,1
233376,9,3,1,2
193600,9,3,1,2
77208,9,3,1,2
252512,9,3,1,2
260752,9,3,1,2
371224,9,3,3,0
371048,9,3,0,3
396136,9,3,1,2
132056,9,3,1,2
219856,9,3,1,2
164112,9,3,1,2
613832,9,3,2,1
90640,9,3,3,0
223864,9,3,3,0
94952,9,3,2,1
776048,9,3,2,1
162704,9,3,0,3
170960,9,3,3,0
972248,9,3,2,1
281496,9,3,2,1
181624,9,3,2,1
175872,9,3,2,1
416544,9,3,1,2
127168,9,3,1,2
627304,9,3,1,2
246392,9,3,3,0
121216,9,3,2,1
206976,9,3,0,3
241192,9,3,1,2
326480,9,3,2,1
56048,9,3,1,2
173096,9,3,1,2
1005376,9,3,1,2
315736,9,3,2,1
168680,9,3,1,2
572448,9,3,2,1
158520,9,3,0,3
311480,9,3,2,1
331824,9,3,0,3
1710328,9,3,0,3
414680,9,3,1,2
98712,9,3,2,1
256936,9,3,1,2
988696,9,3,2,1
117856,9,3,0,3
315936,9,3,0,3
1328584,9,3,1,2
1119776,9,3,2,1
70688,9,3,2,1
176744,9,3,0,3
493456,9,3,2,1
626344,9,3,2,1
302720,9,3,1,2
299016,9,3,3,0
209960,9,3,1,2
92072,9,3,2,1
544216,9,3,1,2
320176,9,3,1,2
174872,9,3,3,0
2632744,9,3,2,1
290880,9,3,3,0
216360,9,3,1,2
1000448,9,3,2,1
402856,9,3,1,2
116280,9,3,0,3
625000,9,3,1,2
77488,9,3,2,1
63064,9,3,1,2
297360,9,3,2,1
246912,9,3,2,1
173168,9,3,3,0
194472,9,3,2,1
341720,9,3,3,0
343576,9,3,1,2
418368,9,3,2,1
207632,9,3,1,2
303928,9,3,3,0
206464,9,3,1,2
47024,9,3,2,1
169584,9,3,2,1
655824,9,3,3,0
440824,9,3,2,1
202408,9,3,1,2
190768,9,3,1,2
587392,9,3,1,2
102872,9,3,0,3
194688,9,3,1,2
942776,9,3,1,2
63248,9,3,1,2
260064,9,3,2,1
209024,9,3,3,0
996528,9,3,1,2
296840,9,3,2,1
341744,9,3,2,1
125944,9,3,1,2
569912,9,3,1,2
242136,9,3,1,2
137896,9,3,1,2
115832,9,3,1,2
856704,9,3,2,1
294608,9,3,1,2
119744,9,3,2,1
2395792,9,3,0,3
710336,9,3,2,1
113368,9,3,3,0
805976,9,3,1,2
280752,9,3,1,2
775784,9,3,3,0
277664,9,3,2,1
115072,9,3,2,1
312816,9,3,2,1
582376,9,3,2,1
131264,9,3,1,2
426600,9,3,3,0
106960,9,3,2,1
1038768,9,3,1,2
847256,9,3,1,2
235912,9,3,0,3
239112,9,3,2,1
317824,9,3,0,3
540152,9,3,1,2
169064,9,3,3,0
768808,9,3,2,1
167248,9,3,2,1
299408,9,3,2,1
173784,9,3,2,1
153928,9,3,2,1
100376,9,3,2,1
376648,9,3,1,2
277328,9,3,1,2
188672,9,3,3,0
441824,9,3,1,2
89448,9,3,0,3
1567680,9,3,1,2
120880,9,3,0,3
495728,9,3,2,1
126008,9,3,2,1
337816,9,3,3,0
258824,9,3,2,1
206576,9,3,2,1
96744,9,3,0,3
104480,9,3,1,2
189992,9,3,1,2
567344,9,3,1,2
1932600,9,3,0,3
338048,9,3,1,2
242208,9,3,2,1
404384,9,3,2,1
334096,9,3,1,2
469432,9,3,1,2
61552,9,3,3,0
144032,9,3,3,0
392760,9,3,2,1
166136,9,3,1,2
92448,9,3,1,2
225720,9,3,2,1
224808,9,3,1,2
348280,9,3,1,2
1553056,9,3,2,1
127808,9,3,1,2
2542384,9,3,1,2
140984,9,3,1,2
224280,9,3,1,2
691712,9,3,2,1
135216,9,3,3,0
108128,9,3,2,1
119832,9,3,2,1
640424,9,3,2,1
294832,9,3,1,2
483136,9,3,2,1
161392,9,3,1,2
264288,9,3,3,0
839016,9,3,1,2
117264,9,3,1,2
656488,9,3,1,2
218880,9,3,2,1
1282888,9,3,2,1
283520,9,3,1,2
780888,9,3,1,2
222024,9,3,2,1
63464,9,3,2,1
131760,9,3,1,2
288696,9,3,2,1
127776,9,3,1,2
266176,9,3,2,1
156816,9,3,3,0
248256,9,3,1,2
457672,9,3,3,0
247776,9,3,0,3
848544,9,3,3,0
240848,9,3,2,1
306272,9,3,2,1
162504,9,3,0,3
189392,9,3,1,2
120672,9,3,2,1
136624,9,3,1,2
65016,9,3,1,2
854832,9,3,2,1
90736,9,3,2,1
89712,9,3,1,2
905432,9,3,2,1
988296,9,3,2,1
256368,9,3,1,2
303336,9,3,2,1
111040,9,3,1,2
77808,9,3,1,2
189200,9,3,1,2
51136,9,3,2,1
32736,9,3,2,1
120784,9,3,2,1
391440,9,3,1,2
92584,9,3,2,1
583592,9,3,3,0
51520,9,3,1,2
130040,9,3,1,2
175384,9,3,2,1
613384,9,3,2,1
91920,9,3,1,2
2004184,9,3,2,1
489920,9,3,2,1
328136,9,3,1,2
211448,9,3,1,2
353440,9,3,0,3
81904,9,3,2,1
60696,9,3,1,2
2650280,9,3,1,2
1871376,9,3,1,2
98784,9,3,2,1
125992,9,3,1,2
130168,9,3,1,2
145200,9,3,1,2
153768,9,3,0,3
275232,9,3,1,2
507776,9,3,3,0
146792,9,3,3,0
250480,9,3,2,1
117728,9,3,2,1
300928,9,3,2,1
1678808,9,3,1,2
305624,9,3,2,1
243096,9,3,2,1
4461016,9,3,2,1
99888,9,3,2,1
1311648,9,3,1,2
125192,9,3,2,1
262328,9,3,2,1
143128,9,3,1,2
54272,9,3,1,2
296152,9,3,2,1
154104,9,3,3,0
2950200,9,3,1,2
125464,9,3,2,1
107024,9,3,0,3
149936,9,3,2,1
61504,9,3,1,2
70112,9,3,3,0
221088,9,3,2,1
575960,9,3,2,1
75088,9,3,2,1
339992,9,3,0,3
117808,9,3,1,2
161560,9,3,0,3
113096,9,3,3,0
193952,9,3,1,2
278256,9,3,1,2
752784,9,3,2,1
1536944,9,3,1,2
162120,9,3,1,2
308312,9,3,1,2
197432,9,3,1,2
216032,9,3,2,1
186992,9,3,1,2
1231520,9,3,1,2
289704,9,3,2,1
103424,9,3,2,1
99936,9,3,2,1
158344,9,3,2,1
85568,9,3,1,2
194080,9,3,1,2
190328,9,3,2,1
550368,9,3,2,1
594936,9,3,2,1
75800,9,3,2,1
205792,9,3,2,1
1002760,9,3,1,2
714544,9,3,1,2
126928,9,3,1,2
78456,9,3,1,2
350800,9,3,2,1
36632,9,3,1,2
113376,9,3,1,2
2141120,9,3,0,3
412968,9,3,1,2
218992,9,3,1,2
212376,9,3,3,0
270848,9,3,3,0
166944,9,3,1,2
134736,9,3,2,1
1388528,9,3,1,2
919488,9,3,1,2
193048,9,3,1,2
210792,9,3,1,2
91832,9,3,1,2
38952,9,3,1,2
432360,9,3,1,2
185480,9,3,1,2
162856,9,3,1,2
608808,9,3,1,2
52488,9,3,2,1
107128,9,3,2,1
77200,9,3,2,1
339656,9,3,2,1
59488,9,3,1,2
361152,9,3,0,3
55192,9,3,1,2
678792,9,3,2,1
221336,9,3,2,1
189848,9,3,2,1
145064,9,3,0,3
404152,9,3,2,1
1463448,9,3,3,0
154944,9,3,3,0
1432264,9,3,1,2
351664,9,3,2,1
52584,9,3,2,1
135336,9,3,2,1
84992,9,3,1,2
779616,9,3,2,1
57592,9,3,1,2
237488,9,3,1,2
109392,9,3,1,2
216040,9,3,0,3
232296,9,3,1,2
1341016,9,3,1,2
61488,9,3,1,2
130904,9,3,2,1
83960,9,3,2,1
523288,9,3,2,1
3438760,9,3,0,3
62736,9,3,1,2
275472,9,3,1,2
161832,9,3,1,2
85864,9,3,0,3
295368,9,3,1,2
134768,9,3,0,3
134096,9,3,2,1
604168,9,3,1,2
280400,9,3,3,0
118808,9,3,2,1
188872,9,3,1,2
43144,9,3,0,3
143312,9,3,1,2
120872,9,3,0,3
156864,9,3,1,2
52208,9,3,1,2
195304,9,3,2,1
169136,9,3,2,1
291840,9,3,1,2
559016,9,3,0,3
233640,9,3,1,2
350336,9,3,0,3
91904,9,3,1,2
148992,9,3,1,2
131976,9,3,3,0
342320,9,3,1,2
951960,9,3,2,1
157688,9,3,2,1
196280,9,3,0,3
657904,9,3,0,3
454480,9,3,3,0
120800,9,3,1,2
1430056,9,3,1,2
109608,9,3,1,2
846776,9,3,3,0
152864,9,3,2,1
192504,9,3,2,1
877808,9,3,1,2
5638088,9,3,2,1
339256,9,3,3,0
893688,9,3,2,1
442000,9,3,2,1
261216,9,3,2,1
68704,9,3,1,2
98400,9,3,2,1
79136,9,3,1,2
114800,9,3,2,1
158568,9,3,2,1
89040,9,3,2,1
273224,9,3,1,2
549704,9,3,1,2
148464,9,3,0,3
1503872,9,3,1,2
3838944,9,3,2,1
7270152,9,3,1,2
146616,9,3,1,2
444552,9,3,1,2
118272,9,3,2,1
681696,9,3,0,3
97672,9,3,2,1
1009712,9,3,1,2
330112,9,3,1,2
119096,9,3,2,1
56952,9,3,3,0
313480,9,3,1,2
3160928,9,3,1,2
1239536,9,3,2,1
434792,9,3,1,2
61816,9,3,1,2
636400,9,3,0,3
219560,9,3,2,1
190696,9,3,1,2
82248,9,3,1,2
786968,9,3,0,3
166376,9,3,2,1
750048,9,3,1,2
219224,9,3,0,3
111184,9,3,1,2
223400,9,3,1,2
1118464,9,3,1,2
48984,9,3,1,2
252032,9,3,1,2
251696,9,3,1,2
366664,9,3,1,2
865248,9,3,1,2
59216,9,3,0,3
85160,9,3,0,3
1624416,9,3,0,3
208584,9,3,2,1
130432,9,3,2,1
351544,9,3,2,1
118480,9,3,0,3
227056,9,3,0,3
290176,9,3,2,1
636696,9,3,0,3
109024,9,3,0,3
96552,9,3,1,2
688936,9,3,2,1
117952,9,3,2,1
154864,9,3,1,2
50888,9,3,1,2
1390896,9,3,2,1
322384,9,3,1,2
1368920,9,3,1,2
287960,9,3,2,1
364832,9,3,2,1
89656,9,3,0,3
84344,9,3,2,1
971224,9,3,2,1
142008,9,3,1,2
158600,9,3,2,1
2170112,9,3,2,1
509792,9,3,1,2
196440,9,3,1,2
85056,9,3,2,1
508392,9,3,2,1
303480,9,3,1,2
98936,9,3,0,3
253752,9,3,1,2
115888,9,3,2,1
782456,9,3,0,3
487040,9,3,0,3
298872,9,3,1,2
1034680,9,3,1,2
336688,9,3,1,2
1097560,9,3,1,2
221000,9,3,2,1
243240,9,3,3,0
289544,9,3,3,0
588944,9,3,2,1
283192,9,3,3,0
99656,9,3,1,2
92488,9,3,2,1
303416,9,3,2,1
192968,9,3,3,0
481184,9,3,1,2
275416,9,3,2,1
120952,9,3,2,1
184064,9,3,0,3
48888,9,3,3,0
240720,9,3,1,2
106968,9,3,1,2
105288,9,3,0,3
146160,9,3,0,3
1194648,9,3,2,1
402464,9,3,1,2
441152,9,3,2,1
189624,9,3,2,1
778432,9,3,0,3
79152,9,3,0,3
325640,9,3,1,2
446560,9,3,2,1
196600,9,3,3,0
99024,9,3,2,1
753672,9,3,2,1
189336,9,3,2,1
153024,9,3,3,0
344856,9,3,0,3
153136,9,3,2,1
183760,9,3,2,1
999840,9,3,1,2
119560,9,3,3,0
218392,9,3,0,3
154704,9,3,1,2
619464,9,3,1,2
86088,9,3,3,0
190824,9,3,2,1
226384,9,3,0,3
155672,9,3,1,2
253712,9,3,3,0
707632,9,3,1,2
78832,9,3,1,2
297256,9,3,1,2
2287808,9,3,1,2
119432,9,3,1,2
315496,9,3,1,2
360288,9,3,1,2
223360,9,3,1,2
257880,9,3,2,1
676136,9,3,2,1
1385696,9,3,2,1
754928,9,3,1,2
345600,9,3,2,1
393360,9,3,2,1
71304,9,3,2,1
185112,9,3,0,3
211648,9,3,2,1
135464,9,3,3,0
160712,9,3,2,1
210712,9,3,1,2
546056,9,3,2,1
1065392,9,3,0,3
223432,9,3,2,1
225368,9,3,2,1
113664,9,3,1,2
211656,9,3,1,2
280872,9,3,2,1
319736,9,3,1,2
380448,9,3,1,2
293600,9,3,1,2
529608,9,3,0,3
165384,9,3,2,1
199752,9,3,1,2
310376,9,3,1,2
78440,9,3,1,2
94600,9,3,3,0
885368,9,3,1,2
175888,9,3,2,1
1174528,9,3,3,0
50072,9,3,0,3
91888,9,3,2,1
667280,9,3,2,1
2184424,9,3,2,1
264160,9,3,0,3
301672,9,3,2,1
516896,9,3,3,0
154520,9,3,2,1
126728,9,3,2,1
205656,9,3,3,0
169800,9,3,2,1
179992,9,3,2,1
177040,9,3,1,2
140112,9,3,2,1
77016,9,3,1,2
302672,9,3,1,2
312304,9,3,1,2
188688,9,3,2,1
182608,9,3,1,2
95288,9,3,1,2
197448,9,3,2,1
203464,9,3,1,2
800760,9,3,3,0
82048,9,3,3,0
130288,9,3,1,2
88872,9,3,1,2
734096,9,3,2,1
383432,9,3,0,3
163048,9,3,1,2
433544,9,3,2,1
294552,9,3,2,1
164864,9,3,3,0
280968,9,3,1,2
370352,9,3,1,2
93128,9,3,3,0
66472,9,3,1,2
233528,9,3,2,1
733688,9,3,2,1
297616,9,3,3,0
2465448,9,3,1,2
136672,9,3,2,1
132592,9,3,3,0
1074600,9,3,2,1
102512,9,3,3,0
135640,9,3,1,2
460256,9,3,2,1
497368,9,3,2,1
358600,9,3,1,2
397792,9,3,1,2
378952,9,3,2,1
245520,9,3,3,0
655928,9,3,1,2
143736,9,3,2,1
119752,9,3,3,0
430392,9,3,3,0
62352,9,3,0,3
222480,9,3,2,1
309064,9,3,2,1
167736,9,3,1,2
391688,9,3,3,0
669600,9,3,1,2
671640,9,3,1,2
64592,9,3,1,2
320560,9,3,0,3
93360,9,3,0,3
323776,9,3,3,0
507960,9,3,1,2
973376,9,3,0,3
3534008,9,3,1,2
142496,9,3,2,1
101984,9,3,2,1
345360,9,3,2,1
198464,9,3,2,1
413136,9,3,0,3
276592,9,3,2,1
616728,9,3,1,2
141248,9,3,2,1
481872,9,3,2,1
149216,9,3,2,1
463016,9,3,1,2
308592,9,3,0,3
256096,9,3,2,1
36176,9,3,3,0
464984,9,3,1,2
181928,9,3,1,2
164056,9,3,2,1
126032,9,3,1,2
162952,9,3,2,1
186224,9,3,1,2
75064,9,3,2,1
155624,9,3,3,0
262912,9,3,3,0
603864,9,3,1,2
100888,9,3,1,2
208048,9,3,2,1
389056,9,3,2,1
196904,9,3,1,2
71560,9,3,2,1
713552,9,3,1,2
150136,9,3,2,1
161872,9,3,1,2
1526448,9,3,2,1
754776,9,3,1,2
231144,9,3,1,2
133512,9,3,3,0
144984,9,3,3,0
111048,9,3,2,1
221376,9,3,1,2
300776,9,3,2,1
186952,9,3,3,0
377472,9,3,1,2
189584,9,3,3,0
102704,9,3,2,1
94824,9,3,1,2
84368,9,3,1,2
1204448,9,3,2,1
645456,9,3,1,2
140408,9,3,1,2
2664696,9,3,3,0
302312,9,3,1,2
538912,9,3,0,3
502264,9,3,2,1
93832,9,3,1,2
181936,9,3,1,2
345472,9,3,3,0
66728,9,3,3,0
111400,9,3,2,1
834720,9,3,3,0
79448,9,3,2,1
554976,9,3,1,2
369400,9,3,1,2
510280,9,3,2,1
173856,9,3,0,3
182952,9,3,0,3
940016,9,3,2,1
167472,9,3,2,1
161248,9,3,1,2
442288,9,3,0,3
78640,9,3,2,1
133360,9,3,2,1
87240,9,3,3,0
635280,9,3,2,1
502280,9,3,2,1
57624,9,3,1,2
89936,9,3,2,1
191416,9,3,1,2
211096,9,3,2,1
785448,9,3,1,2
287056,9,3,1,2
404344,9,3,3,0
2969512,9,3,2,1
96880,9,3,2,1
80048,9,3,0,3
343928,9,3,1,2
348304,9,3,1,2
153296,9,3,2,1
219600,9,3,1,2
117056,9,3,2,1
230592,9,3,1,2
84136,9,3,2,1
99472,9,3,1,2
176520,9,3,2,1
98224,9,3,1,2
236664,9,3,2,1
7145912,9,3,1,2
73104,9,3,2,1
130064,9,3,3,0
81264,9,3,2,1
165328,9,3,1,2
127296,9,3,3,0
198792,9,3,1,2
545088,9,3,3,0
137648,9,3,3,0
558464,9,3,3,0
4320936,9,3,2,1
1678568,9,3,1,2
252720,9,3,0,3
141024,9,3,0,3
238784,9,3,2,1
147472,9,3,2,1
407032,9,3,2,1
155824,9,3,2,1
102784,9,3,1,2
211608,9,3,1,2
242592,9,3,1,2
391168,9,3,2,1
684824,9,3,2,1
174256,9,3,1,2
146984,9,3,1,2
662448,9,3,1,2
121600,9,3,1,2
112864,9,3,2,1
75248,9,3,2,1
106736,9,3,1,2
150968,9,3,3,0
292264,9,3,2,1
317224,9,3,2,1
323592,9,3,2,1
1700384,9,3,2,1
212504,9,3,3,0
1299912,9,3,2,1
103304,9,3,2,1
801120,9,3,2,1
443640,9,3,1,2
746928,9,3,1,2
431040,9,3,3,0
280864,9,3,0,3
410320,9,3,2,1
269768,9,3,2,1
130808,9,3,1,2
796656,9,3,1,2
934736,9,3,1,2
119288,9,3,3,0
1130512,9,3,1,2
95840,9,3,2,1
238288,9,3,2,1
875088,9,3,1,2
78784,9,3,2,1
443360,9,3,2,1
400288,9,3,2,1
106528,9,3,2,1
53808,9,3,2,1
172832,9,3,2,1
292848,9,3,2,1
48344,9,3,0,3
207144,9,3,1,2
210184,9,3,1,2
181496,9,3,1,2
199080,9,3,1,2
436864,9,3,2,1
209432,9,3,1,2
459168,9,3,2,1
54880,9,3,3,0
266832,9,3,2,1
145352,9,3,2,1
139592,9,3,1,2
260000,9,3,2,1
735360,9,3,2,1
252904,9,3,1,2
315352,9,3,1,2
397240,9,3,2,1
316784,9,3,3,0
420104,9,3,0,3
195920,9,3,1,2
163000,9,3,1,2
837144,9,3,2,1
108032,9,3,0,3
1666240,9,3,1,2
98992,9,3,1,2
2064768,9,3,1,2
204832,9,3,1,2
330584,9,3,3,0
120648,9,3,2,1
204872,9,3,3,0
672856,9,3,0,3
42512,9,3,3,0
118208,9,3,1,2
158160,9,3,3,0
1135760,9,3,1,2
315328,9,3,2,1
143160,9,3,0,3
306504,9,3,1,2
218032,9,3,3,0
214704,9,3,1,2
246168,9,3,1,2
110800,9,3,0,3
249960,9,3,1,2
81880,9,3,1,2
2249928,9,3,2,1
162616,9,3,1,2
277600,9,3,0,3
1193328,9,3,1,2
55448,9,3,1,2
405720,9,3,0,3
49496,9,3,1,2
386504,9,3,0,3
125848,9,3,1,2
484936,9,3,3,0
313520,9,3,1,2
351816,9,3,1,2
1364608,9,3,1,2
266456,9,3,1,2
163416,9,3,1,2
169096,9,3,1,2
144200,9,3,0,3
95256,9,3,2,1
173160,9,3,0,3
364664,9,3,1,2
73080,9,3,2,1
239840,9,3,3,0
255456,9,3,2,1
70264,9,3,1,2
258016,9,3,1,2
106808,9,3,2,1
652408,9,3,2,1
190232,9,3,1,2
101456,9,3,0,3
115784,9,3,2,1
72800,9,3,1,2
212840,9,3,2,1
98144,9,3,0,3
65072,9,3,1,2
1137944,9,3,1,2
78976,9,3,2,1
193128,9,3,0,3
1329240,9,3,1,2
153000,9,3,1,2
78216,9,3,1,2
397328,9,3,2,1
2339136,9,3,1,2
109504,9,3,2,1
137112,9,3,2,1
168048,9,3,1,2
671536,9,3,1,2
289392,9,3,2,1
171952,9,3,1,2
958008,9,3,1,2
112664,9,3,1,2
145320,9,3,2,1
130376,9,3,1,2
62800,9,3,1,2
126888,9,3,2,1
215312,9,3,2,1
177400,9,3,1,2
580536,9,3,3,0
260824,9,3,2,1
372368,9,3,2,1
163032,9,3,2,1
1098512,9,3,3,0
543920,9,3,2,1
172072,9,3,3,0
95296,9,3,0,3
109328,9,3,1,2
702984,9,3,2,1
683984,9,3,1,2
401672,9,3,0,3
213528,9,3,1,2
67504,9,3,1,2
3297216,9,3,1,2
212472,9,3,2,1
63616,9,3,3,0
153376,9,3,3,0
433632,9,3,2,1
241344,9,3,1,2
496808,9,3,2,1
133280,9,3,2,1
80424,9,3,3,0
192832,9,3,1,2
461384,9,3,2,1
219064,9,3,2,1
358224,9,3,2,1
1116608,9,3,2,1
308392,9,3,1,2
893800,9,3,2,1
146672,9,3,3,0
125112,9,3,1,2
312760,9,3,0,3
152960,9,3,1,2
1246480,9,3,0,3
239784,9,3,2,1
224592,9,3,3,0
333320,9,3,2,1
108848,9,3,2,1
259104,9,3,2,1
242528,9,3,3,0
183576,9,3,2,1
1725728,9,3,2,1
813576,9,3,3,0
270592,9,3,1,2
78328,9,3,0,3
935920,9,3,3,0
1228480,9,3,1,2
136656,9,3,2,1
304392,9,3,1,2
353680,9,3,2,1
162600,9,3,0,3
168576,9,3,1,2
300584,9,3,3,0
594704,9,3,2,1
107736,9,3,1,2
192192,9,3,1,2
583184,9,3,1,2
77224,9,3,1,2
122824,9,3,0,3
219344,9,3,2,1
229008,9,3,3,0
252848,9,3,0,3
209624,9,3,2,1
304528,9,3,1,2
239808,9,3,3,0
110704,9,3,2,1
99968,9,3,3,0
467792,9,3,2,1
521472,9,3,2,1
654632,9,3,3,0
98120,9,3,2,1
237856,9,3,3,0
146056,9,3,3,0
195480,9,3,0,3
258912,9,3,2,1
92728,9,3,2,1
114528,9,3,2,1
8292856,9,3,3,0
144320,9,3,2,1
1332336,9,3,1,2
413272,9,3,2,1
101688,9,3,2,1
64968,9,3,2,1
87152,9,3,0,3
241896,9,3,2,1
180096,9,3,1,2
169720,9,3,1,2
387448,9,3,0,3
685560,9,3,2,1
137024,9,3,2,1
337144,9,3,0,3
303176,9,3,2,1
334912,9,3,2,1
132952,9,3,1,2
139744,9,3,0,3
182824,9,3,3,0
226280,9,3,1,2
215168,9,3,1,2
597160,9,3,1,2
754976,9,3,1,2
181760,9,3,0,3
140968,9,3,2,1
220264,9,3,1,2
137792,9,3,0,3
1059760,9,3,1,2
188720,9,3,3,0
332344,9,3,2,1
101432,9,3,2,1
158640,9,3,3,0
266064,9,3,2,1
149456,9,3,2,1
86656,9,3,2,1
311128,9,3,3,0
129608,9,3,2,1
110752,9,3,2,1
268112,9,3,2,1
61056,9,3,1,2
230808,9,3,1,2
201984,9,3,2,1
314224,9,3,2,1
171912,9,3,2,1
290264,9,3,2,1
80360,9,3,0,3
319832,9,3,1,2
122232,9,3,2,1
445464,9,3,1,2
226240,9,3,2,1
990464,9,3,1,2
138968,9,3,3,0
365752,9,3,1,2
104032,9,3,2,1
41184,9,3,1,2
565224,9,3,3,0
96216,9,3,2,1
324080,9,3,3,0
142992,9,3,2,1
138640,9,3,2,1
182432,9,3,3,0
521736,9,3,2,1
164536,9,3,1,2
877496,9,3,1,2
190048,9,3,3,0
87120,9,3,2,1
217128,9,3,3,0
129656,9,3,1,2
334776,9,3,3,0
315112,9,3,2,1
112056,9,3,2,1
351376,9,3,2,1
4576456,9,3,2,1
148744,9,3,1,2
276168,9,3,1,2
209128,9,3,0,3
149088,9,3,2,1
261872,9,3,2,1
74984,9,3,1,2
1478136,9,3,0,3
222096,9,3,2,1
204104,9,3,2,1
211568,9,3,1,2
117352,9,3,2,1
131088,9,3,2,1
46512,9,3,2,1
154968,9,3,2,1
192688,9,3,3,0
130408,9,3,1,2
253760,9,3,2,1
279872,9,3,2,1
56208,9,3,1,2
103504,9,3,0,3
219008,9,3,1,2
162256,9,3,1,2
293216,9,3,0,3
223696,9,3,1,2
654176,9,3,2,1
553632,9,3,1,2
492720,9,3,2,1
77352,9,3,2,1
168968,9,3,2,1
139232,9,3,1,2
386552,9,3,1,2
1084688,9,3,1,2
684512,9,3,2,1
188952,9,3,2,1
199512,9,3,1,2
266112,9,3,1,2
240760,9,3,2,1
101488,9,3,1,2
633048,9,3,2,1
68808,9,3,3,0
909920,9,3,1,2
101416,9,3,1,2
126776,9,3,0,3
70968,9,3,2,1
270608,9,3,2,1
60840,9,3,2,1
81864,9,3,1,2
268296,9,3,3,0
46960,9,3,2,1
319880,9,3,3,0
104336,9,3,3,0
130856,9,3,1,2
921344,9,3,2,1
53032,9,3,1,2
539584,9,3,3,0
99768,9,3,2,1
247040,9,3,1,2
326232,9,3,2,1
151984,9,3,1,2
142504,9,3,2,1
338936,9,3,0,3
117184,9,3,2,1
120248,9,3,1,2
118712,9,3,0,3
270384,9,3,1,2
462952,9,3,0,3
823056,9,3,1,2
156624,9,3,1,2
1849560,9,3,2,1
322584,9,3,3,0
351920,9,3,1,2
125144,9,3,1,2
124400,9,3,1,2
402720,9,3,1,2
595952,9,3,0,3
124824,9,3,1,2
140864,9,3,0,3
169712,9,3,2,1
1058000,9,3,0,3
833896,9,3,1,2
418024,9,3,3,0
127856,9,3,2,1
199536,9,3,2,1
122832,9,3,3,0
2794888,9,3,0,3
407792,9,3,0,3
183064,9,3,1,2
329480,9,3,0,3
819104,9,3,2,1
411152,9,3,0,3
309120,9,3,3,0
234280,9,3,0,3
298792,9,3,1,2
270512,9,3,1,2
161352,9,3,2,1
127632,9,3,1,2
381064,9,3,2,1
187848,9,3,2,1
277760,9,3,1,2
239208,9,3,2,1
752800,9,3,0,3
108112,9,3,2,1
618336,9,3,2,1
365936,9,3,2,1
79680,9,3,2,1
478360,9,3,2,1
1231872,9,3,1,2
624464,9,3,2,1
253592,9,3,1,2
2210016,9,3,1,2
266912,9,3,0,3
105736,9,3,1,2
581424,9,3,0,3
526960,9,3,1,2
116088,9,3,1,2
62768,9,3,2,1
285832,9,3,3,0
224648,9,3,1,2
95672,9,3,0,3
61024,9,3,1,2
193032,9,3,2,1
307048,9,3,1,2
306800,9,3,1,2
138192,9,3,2,1
148872,9,3,2,1
179560,9,3,1,2
337480,9,3,2,1
471728,9,3,3,0
140528,9,3,2,1
192376,9,3,3,0
937512,9,3,2,1
385712,9,3,2,1
152048,9,3,2,1
306824,9,3,2,1
202096,9,3,1,2
747960,9,3,0,3
260240,9,3,0,3
247888,9,3,2,1
102544,9,3,2,1
150824,9,3,0,3
136768,9,3,2,1
1158352,9,3,1,2
1160600,9,3,1,2
324000,9,3,3,0
115664,9,3,1,2
349016,9,3,2,1
199592,9,3,2,1
276600,9,3,2,1
1900104,9,3,1,2
126640,9,3,0,3
439760,9,3,2,1
216872,9,3,2,1
89320,9,3,3,0
134752,9,3,1,2
292912,9,3,1,2
83112,9,3,3,0
370952,9,3,1,2
118168,9,3,1,2
150088,9,3,2,1
123840,9,3,2,1
166896,9,3,1,2
123104,9,3,2,1
104000,9,3,1,2
199976,9,3,0,3
285920,9,3,1,2
214992,9,3,0,3
184920,9,3,0,3
153096,9,3,1,2
262000,9,3,2,1
147648,9,3,3,0
3175376,9,3,3,0
121112,9,3,1,2
178232,9,3,2,1
198304,9,3,2,1
222912,9,3,1,2
396736,9,3,0,3
47232,9,3,1,2
234960,9,3,1,2
755936,9,3,1,2
451152,9,3,1,2
824896,9,3,2,1
93096,9,3,0,3
457648,9,3,1,2
843848,9,3,2,1
79568,9,3,3,0
266608,9,3,2,1
2212136,9,3,1,2
165648,9,3,2,1
103712,9,3,1,2
83872,9,3,2,1
6765248,9,3,1,2
126752,9,3,0,3
157424,9,3,3,0
110232,9,3,2,1
336040,9,3,0,3
414440,9,3,2,1
183272,9,3,1,2
602336,9,3,2,1
295840,9,3,2,1
1322640,9,3,2,1
346864,9,3,2,1
302656,9,3,2,1
142216,9,3,2,1
2366888,9,3,1,2
74240,9,3,2,1
342456,9,3,2,1
64072,9,3,1,2
197376,9,3,1,2
95176,9,3,1,2
582384,9,3,0,3
224584,9,3,3,0
799224,9,3,2,1
1534544,9,3,1,2
359408,9,3,1,2
265432,9,3,3,0
629008,9,3,1,2
626176,9,3,3,0
120352,9,3,3,0
122248,9,3,1,2
65000,9,3,2,1
412984,9,3,1,2
570744,9,3,3,0
178608,9,3,2,1
410712,9,3,2,1
227400,9,3,1,2
101168,9,3,2,1
618416,9,3,3,0
68624,9,3,2,1
628768,9,3,1,2
201248,9,3,2,1
419272,9,3,1,2
118264,9,3,2,1
357864,9,3,2,1
150128,9,3,0,3
179800,9,3,2,1
97488,9,3,1,2
528752,9,3,2,1
1024608,9,3,1,2
49608,9,3,2,1
422080,9,3,1,2
391024,9,3,2,1
130224,9,3,2,1
188424,9,3,2,1
105048,9,3,2,1
124208,9,3,2,1
354224,9,3,2,1
3462736,9,3,1,2
88776,9,3,1,2
1031184,9,3,1,2
567160,9,3,1,2
164696,9,3,1,2
1980304,9,3,3,0
92912,9,3,2,1
2300808,9,3,3,0
233384,9,3,1,2
288808,9,3,3,0
110096,9,3,1,2
516912,9,3,1,2
507496,9,3,1,2
216112,9,3,1,2
128608,9,3,1,2
226360,9,3,3,0
2585192,9,3,2,1
224192,9,3,2,1
49024,9,3,2,1
237768,9,3,2,1
132752,9,3,2,1
109968,9,3,1,2
273752,9,3,1,2
4337336,9,3,2,1
777856,9,3,2,1
138392,9,3,1,2
104920,9,3,1,2
428144,9,3,2,1
211760,9,3,0,3
162424,9,3,1,2
111880,9,3,0,3
259472,9,3,2,1
176896,9,3,0,3
101656,9,3,1,2
244120,9,3,1,2
60640,9,3,1,2
82192,9,3,2,1
451120,9,3,0,3
321384,9,3,1,2
413968,9,3,1,2
219480,9,3,1,2
169024,9,3,2,1
262144,9,3,2,1
1775176,9,3,0,3
98832,9,3,2,1
90328,9,3,0,3
88728,9,3,3,0
4744864,9,3,2,1
204200,9,3,2,1
250816,9,3,0,3
195816,9,3,1,2
264704,9,3,1,2
161992,9,3,2,1
133936,9,3,2,1
146208,9,3,2,1
196960,9,3,0,3
587424,9,3,2,1
103240,9,3,1,2
77912,9,3,0,3
677192,9,3,0,3
331608,9,3,2,1
319056,9,3,2,1
390120,9,3,2,1
751688,9,3,2,1
371680,9,3,0,3
98264,9,3,3,0
253424,9,3,1,2
211680,9,3,2,1
2701032,9,3,2,1
254544,9,3,1,2
89280,9,3,1,2
39824,9,3,1,2
129208,9,3,1,2
199088,9,3,3,0
172368,9,3,2,1
3331720,9,3,1,2
443088,9,3,1,2
68336,9,3,2,1
498744,9,3,1,2
291952,9,3,2,1
843496,9,3,1,2
163688,9,3,1,2
976504,9,3,2,1
111944,9,3,0,3
233904,9,3,2,1
209000,9,3,2,1
542168,9,3,2,1
153736,9,3,0,3
556120,9,3,1,2
258416,9,3,3,0
271984,9,3,1,2
127048,9,3,2,1
374544,9,3,0,3
181448,9,3,3,0
255640,9,3,1,2
263288,9,3,2,1
869032,9,3,1,2
295960,9,3,0,3
228288,9,3,1,2
168432,9,3,1,2
170816,9,3,3,0
308464,9,3,2,1
168880,9,3,1,2
403384,9,3,3,0
1258888,9,3,0,3
103480,9,3,1,2
418640,9,3,1,2
91816,9,3,0,3
432720,9,3,2,1
1428624,9,3,1,2
291080,9,3,2,1
91384,9,3,1,2
226624,9,3,2,1
1316576,9,3,0,3
278856,9,3,1,2
74616,9,3,3,0
92480,9,3,2,1
99480,9,3,1,2
160104,9,3,1,2
327256,9,3,2,1
503696,9,3,1,2
60264,9,3,2,1
92416,9,3,3,0
856408,9,3,1,2
93696,9,3,2,1
4890368,9,3,3,0
124336,9,3,2,1
199160,9,3,2,1
242768,9,3,0,3
24600,9,3,1,2
1022048,9,3,2,1
119704,9,3,1,2
180024,9,3,2,1
194392,9,3,3,0
67712,9,3,2,1
1869848,9,3,1,2
181584,9,3,1,2
299104,9,3,1,2
59928,9,3,2,1
86120,9,3,0,3
97712,9,3,1,2
247656,9,3,2,1
750008,9,3,1,2
1517496,9,3,1,2
383912,9,3,1,2
388592,9,3,3,0
442952,9,3,3,0
71088,9,3,2,1
46160,9,3,2,1
623088,9,3,1,2
292928,9,3,0,3
98840,9,3,2,1
258920,9,3,1,2
489096,9,3,1,2
34400,9,3,3,0
505376,9,3,2,1
126016,9,3,3,0
275504,9,3,1,2
228216,9,3,3,0
208056,9,3,1,2
1040872,9,3,0,3
326688,9,3,0,3
400776,9,3,2,1
170560,9,3,0,3
278408,9,3,2,1
200848,9,3,2,1
245216,9,3,0,3
294752,9,3,1,2
176016,9,3,2,1
225568,9,3,1,2
380552,9,3,1,2
278712,9,3,2,1
53224,9,3,2,1
187664,9,3,1,2
1385272,9,3,2,1
112576,9,3,2,1
324384,9,3,2,1
1242832,9,3,1,2
118536,9,3,3,0
441640,9,3,2,1
324952,9,3,1,2
1774888,9,3,2,1
237064,9,3,2,1
111064,9,3,2,1
156072,9,3,2,1
200840,9,3,2,1
217672,9,3,3,0
212928,9,3,2,1
341888,9,3,2,1
411008,9,3,0,3
358936,9,3,1,2
373440,9,3,1,2
61632,9,3,0,3
287632,9,3,2,1
253192,9,3,3,0
484520,9,3,1,2
328048,9,3,0,3
147008,9,3,0,3
2027160,9,3,1,2
609352,9,3,2,1
68880,9,3,2,1
144728,9,3,1,2
430344,9,3,2,1
242032,9,3,2,1
261456,9,3,2,1
131792,9,3,1,2
2997568,9,3,2,1
960944,9,3,1,2
218408,9,3,0,3
536120,9,3,2,1
461280,9,3,2,1
101232,9,3,2,1
181840,9,3,1,2
192384,9,3,2,1
71000,9,3,0,3
69184,9,3,1,2
1766552,9,3,1,2
2769920,9,3,1,2
90600,9,3,2,1
510192,9,3,1,2
227976,9,3,1,2
956984,9,3,2,1
140736,9,3,2,1
110288,9,3,2,1
80888,9,3,0,3
1790824,9,3,2,1
114192,9,3,1,2
404160,9,3,1,2
366296,9,3,2,1
164480,9,3,1,2
118792,9,3,2,1
715152,9,3,0,3
249488,9,3,1,2
128520,9,3,1,2
110504,9,3,1,2
590520,9,3,2,1
141232,9,3,1,2
218016,9,3,2,1
331800,9,3,2,1
113032,9,3,2,1
762568,9,3,2,1
801728,9,3,2,1
106608,9,3,2,1
163624,9,3,3,0
142904,9,3,2,1
117272,9,3,3,0
289504,9,3,3,0
102368,9,3,1,2
440016,9,3,2,1
644944,9,3,1,2
297912,9,3,1,2
98072,9,3,2,1
3032672,9,3,3,0
129968,9,3,2,1
5604736,9,3,0,3
288312,9,3,2,1
395528,9,3,1,2
1504048,9,3,0,3
497112,9,3,1,2
41192,9,3,0,3
397920,9,3,0,3
284928,9,3,0,3
760672,9,3,2,1
71472,9,3,0,3
135064,9,3,1,2
204464,9,3,1,2
245200,9,3,0,3
115840,9,3,1,2
325296,9,3,2,1
93672,9,3,2,1
143400,9,3,2,1
243664,9,3,2,1
234176,9,3,1,2
297312,9,3,2,1
512768,9,3,2,1
216384,9,3,1,2
170048,9,3,0,3
60200,9,3,1,2
200536,9,3,3,0
158448,9,3,1,2
70088,9,3,2,1
75272,9,3,1,2
271856,9,3,2,1
211208,9,3,2,1
128752,9,3,2,1
482304,9,3,3,0
727440,9,3,0,3
748776,9,3,2,1
4008448,9,3,3,0
152456,9,3,2,1
265168,9,3,2,1
310872,9,3,3,0
163240,9,3,3,0
72520,9,3,1,2
319608,9,3,3,0
60816,9,3,0,3
188488,9,3,1,2
70192,9,3,2,1
94288,9,3,1,2
276264,9,3,2,1
232624,9,3,2,1
64720,9,3,2,1
454760,9,3,2,1
209296,9,3,1,2
71320,9,3,1,2
61472,9,3,2,1
216904,9,3,2,1
192552,9,3,3,0
539040,9,3,2,1
142792,9,3,2,1
413160,9,3,3,0
503024,9,3,2,1
188288,9,3,3,0
257312,9,3,1,2
270088,9,3,2,1
97608,9,3,0,3
164240,9,3,2,1
182960,9,3,2,1
2864448,9,3,3,0
149344,9,3,2,1
405856,9,3,2,1
107696,9,3,2,1
530120,9,3,2,1
86080,9,3,3,0
84488,9,3,3,0
971744,9,3,3,0
170456,9,3,3,0
93544,9,3,0,3
679496,9,3,3,0
88440,9,3,1,2
143048,9,3,1,2
320696,9,3,2,1
282376,9,3,3,0
878488,9,3,1,2
317200,9,3,1,2
145384,9,3,1,2
850416,9,3,1,2
223544,9,3,2,1
63912,9,3,1,2
617648,9,3,1,2
1244544,9,3,2,1
149064,9,3,3,0
228080,9,3,1,2
245432,9,3,1,2
252184,9,3,3,0
592880,9,3,2,1
500080,9,3,1,2
946272,9,3,2,1
123640,9,3,1,2
737544,9,3,2,1
343488,9,3,2,1
1000672,9,3,2,1
108824,9,3,1,2
392784,9,3,1,2
117872,9,3,1,2
469416,9,3,2,1
53656,9,3,0,3
68056,9,3,1,2
43224,9,3,1,2
213128,9,3,2,1
754472,9,3,2,1
94712,9,3,2,1
77080,9,3,1,2
2171264,9,3,2,1
364696,9,3,0,3
102880,9,3,1,2
571744,9,3,2,1
419120,9,3,2,1
195384,9,3,1,2
190792,9,3,2,1
129360,9,3,2,1
912384,9,3,2,1
584792,9,3,2,1
101616,9,3,1,2
2607552,9,3,3,0
165952,9,3,1,2
78968,9,3,2,1
164184,9,3,1,2
98368,9,3,3,0
224728,9,3,1,2
1158848,9,3,2,1
284208,9,3,0,3
476056,9,3,1,2
275872,9,3,2,1
339160,9,3,2,1
888912,9,3,0,3
318584,9,3,1,2
237888,9,3,1,2
96584,9,3,3,0
97384,9,3,2,1
419704,9,3,1,2
3615864,9,3,3,0
824472,9,3,2,1
233448,9,3,2,1
376888,9,3,2,1
225552,9,3,1,2
80296,9,3,1,2
5194800,9,3,3,0
376312,9,3,3,0
236608,9,3,2,1
148576,9,3,1,2
406344,9,3,0,3
395488,9,3,2,1
523984,9,3,0,3
313640,9,3,2,1
157568,9,3,2,1
35392,9,3,2,1
457344,9,3,2,1
80624,9,3,2,1
604136,9,3,0,3
245248,9,3,2,1
601408,9,3,2,1
132656,9,3,3,0
237944,9,3,2,1
99160,9,3,0,3
401448,9,3,1,2
81352,9,3,1,2
365992,9,3,2,1
607352,9,3,2,1
255360,9,3,1,2
533464,9,3,1,2
98416,9,3,0,3
92312,9,3,1,2
167664,9,3,1,2
183248,9,3,1,2
207216,9,3,2,1
303688,9,3,2,1
147768,9,3,2,1
308560,9,3,3,0
135128,9,3,2,1
405088,9,3,3,0
331480,9,3,2,1
56192,9,3,2,1
391928,9,3,1,2
604832,9,3,2,1
116824,9,3,2,1
330464,9,3,1,2
257944,9,3,2,1
87192,9,3,1,2
5764360,9,3,1,2
224968,9,3,3,0
444832,9,3,2,1
294528,9,3,2,1
357664,9,3,1,2
136496,9,3,2,1
122856,9,3,2,1
69168,9,3,2,1
55920,9,3,3,0
997488,9,3,3,0
262152,9,3,1,2
556968,9,3,2,1
68296,9,3,1,2
215536,9,3,2,1
230408,9,3,2,1
67944,9,3,2,1
300248,9,3,0,3
284920,9,3,1,2
290680,9,3,0,3
439344,9,3,2,1
207480,9,3,3,0
417104,9,3,1,2
128848,9,3,2,1
70704,9,3,2,1
106792,9,3,1,2
1439904,9,3,1,2
139784,9,3,0,3
79240,9,3,1,2
1674456,9,3,2,1
249656,9,3,2,1
105376,9,3,3,0
77872,9,3,1,2
462248,9,3,1,2
900336,9,3,0,3
200512,9,3,2,1
163280,9,3,1,2
118968,9,3,2,1
90080,9,3,2,1
61600,9,3,1,2
148520,9,3,2,1
504488,9,3,3,0
210936,9,3,1,2
179424,9,3,2,1
41688,9,3,1,2
7116072,9,3,0,3
174552,9,3,0,3
389696,9,3,1,2
781304,9,3,3,0
971848,9,3,1,2
810048,9,3,2,1
285432,9,3,1,2
686000,9,3,1,2
194296,10,3,1,2
228808,10,3,1,2
244312,10,3,2,1
173720,10,3,2,1
265384,10,3,0,3
425056,10,3,0,3
173952,10,3,1,2
76960,10,3,2,1
96992,10,3,2,1
498104,10,3,1,2
342288,10,3,3,0
734576,10,3,3,0
153760,10,3,0,3
275136,10,3,0,3
141816,10,3,2,1
487016,10,3,1,2
74304,10,3,1,2
371240,10,3,2,1
1064128,10,3,3,0
298496,10,3,0,3
679816,10,3,3,0
139432,10,3,2,1
232272,10,3,1,2
407120,10,3,1,2
98944,10,3,1,2
58512,10,3,1,2
120360,10,3,1,2
167024,10,3,1,2
615400,10,3,0,3
363240,10,3,2,1
347912,10,3,2,1
50432,10,3,2,1
258504,10,3,1,2
210824,10,3,2,1
171448,10,3,1,2
152056,10,3,0,3
163248,10,3,1,2
294136,10,3,0,3
40600,10,3,1,2
160200,10,3,1,2
121336,10,3,0,3
408808,10,3,1,2
392336,10,3,2,1
228752,10,3,3,0
165504,10,3,2,1
105440,10,3,0,3
91080,10,3,1,2
482064,10,3,2,1
281944,10,3,1,2
204592,10,3,2,1
420184,10,3,1,2
1554536,10,3,2,1
176224,10,3,1,2
294040,10,3,2,1
159056,10,3,1,2
54728,10,3,1,2
161496,10,3,1,2
1038408,10,3,0,3
286848,10,3,1,2
291464,10,3,0,3
515200,10,3,2,1
2400600,10,3,2,1
222880,10,3,2,1
145832,10,3,2,1
749104,10,3,3,0
103432,10,3,1,2
439488,10,3,2,1
49464,10,3,2,1
130504,10,3,1,2
251560,10,3,1,2
379976,10,3,2,1
885512,10,3,2,1
53744,10,3,3,0
210040,10,3,2,1
201768,10,3,2,1
89680,10,3,1,2
45544,10,3,0,3
1465496,10,3,1,2
117008,10,3,3,0
630984,10,3,3,0
66944,10,3,1,2
966952,10,3,3,0
100584,10,3,1,2
570608,10,3,2,1
118520,10,3,2,1
124184,10,3,1,2
180224,10,3,2,1
1237064,10,3,1,2
195552,10,3,0,3
224328,10,3,0,3
498616,10,3,3,0
97640,10,3,2,1
161728,10,3,2,1
218272,10,3,1,2
883536,10,3,2,1
50856,10,3,1,2
796872,10,3,2,1
1842152,10,3,2,1
637040,10,3,3,0
185816,10,3,3,0
424456,10,3,1,2
186048,10,3,2,1
283144,10,3,2,1
113488,10,3,1,2
130952,10,3,0,3
106744,10,3,0,3
240712,10,3,1,2
151304,10,3,0,3
122176,10,3,3,0
124408,10,3,2,1
239728,10,3,0,3
541800,10,3,1,2
220504,10,3,0,3
535936,10,3,2,1
325672,10,3,2,1
286568,10,3,2,1
732768,10,3,0,3
196272,10,3,1,2
1667736,10,3,2,1
127720,10,3,3,0
137920,10,3,2,1
1381360,10,3,2,1
532224,10,3,2,1
311504,10,3,2,1
733416,10,3,2,1
149328,10,3,1,2
394496,10,3,1,2
751560,10,3,2,1
83344,10,3,0,3
958656,10,3,1,2
127584,10,3,0,3
95728,10,3,1,2
129336,10,3,0,3
151928,10,3,2,1
124056,10,3,2,1
212440,10,3,1,2
303952,10,3,1,2
455312,10,3,3,0
496944,10,3,1,2
74152,10,3,1,2
568768,10,3,2,1
421192,10,3,0,3
248912,10,3,0,3
1527616,10,3,2,1
6223392,10,3,1,2
201608,10,3,1,2
345528,10,3,0,3
102408,10,3,2,1
77096,10,3,2,1
1176832,10,3,1,2
284952,10,3,3,0
376952,10,3,1,2
122496,10,3,1,2
453944,10,3,1,2
369648,10,3,1,2
48392,10,3,1,2
145576,10,3,3,0
122560,10,3,0,3
131352,10,3,2,1
370328,10,3,2,1
3095232,10,3,2,1
234928,10,3,3,0
567632,10,3,3,0
68592,10,3,1,2
840808,10,3,2,1
1871160,10,3,1,2
210408,10,3,1,2
197328,10,3,1,2
81696,10,3,1,2
1348400,10,3,2,1
266376,10,3,2,1
126992,10,3,1,2
3613552,10,3,2,1
155680,10,3,2,1
133608,10,3,2,1
336016,10,3,2,1
1904624,10,3,3,0
76488,10,3,3,0
195040,10,3,2,1
593728,10,3,2,1
710088,10,3,0,3
393168,10,3,2,1
193488,10,3,2,1
336840,10,3,3,0
1582152,10,3,0,3
114776,10,3,2,1
1832648,10,3,3,0
375440,10,3,1,2
133776,10,3,3,0
431688,10,3,1,2
251552,10,3,2,1
615776,10,3,3,0
54632,10,3,2,1
588584,10,3,1,2
718872,10,3,3,0
121984,10,3,1,2
272792,10,3,2,1
92432,10,3,0,3
198136,10,3,2,1
1142640,10,3,3,0
296944,10,3,2,1
128648,10,3,2,1
623264,10,3,1,2
231400,10,3,2,1
169040,10,3,1,2
2046952,10,3,1,2
784728,10,3,0,3
3229704,10,3,2,1
235472,10,3,1,2
86896,10,3,0,3
50416,10,3,1,2
194792,10,3,0,3
181888,10,3,3,0
82880,10,3,2,1
1835184,10,3,1,2
266440,10,3,2,1
948960,10,3,2,1
158864,10,3,1,2
568072,10,3,1,2
3383568,10,3,1,2
298632,10,3,3,0
309984,10,3,1,2
107872,10,3,1,2
1785104,10,3,0,3
164160,10,3,0,3
151840,10,3,3,0
100872,10,3,2,1
613408,10,3,1,2
1121376,10,3,1,2
137968,10,3,3,0
446848,10,3,3,0
292096,10,3,1,2
204272,10,3,3,0
92200,10,3,2,1
836456,10,3,3,0
121176,10,3,0,3
72192,10,3,2,1
176704,10,3,1,2
167088,10,3,2,1
193928,10,3,2,1
459432,10,3,2,1
173416,10,3,1,2
698328,10,3,0,3
345120,10,3,1,2
358544,10,3,2,1
62656,10,3,1,2
73448,10,3,1,2
266704,10,3,1,2
217016,10,3,0,3
1014096,10,3,2,1
291320,10,3,1,2
583864,10,3,0,3
1806456,10,3,1,2
148736,10,3,2,1
706080,10,3,2,1
777288,10,3,2,1
1082792,10,3,2,1
92152,10,3,0,3
141384,10,3,3,0
325192,10,3,2,1
363128,10,3,1,2
299424,10,3,3,0
1566888,10,3,2,1
2283720,10,3,1,2
112216,10,3,1,2
43752,10,3,0,3
3106168,10,3,2,1
768952,10,3,1,2
1074848,10,3,1,2
293712,10,3,0,3
158608,10,3,2,1
84560,10,3,3,0
93712,10,3,2,1
32472,10,3,1,2
214936,10,3,2,1
202832,10,3,2,1
540048,10,3,1,2
92640,10,3,1,2
136648,10,3,2,1
325480,10,3,1,2
137056,10,3,1,2
64560,10,3,1,2
870312,10,3,2,1
231736,10,3,1,2
517688,10,3,3,0
1584456,10,3,1,2
122752,10,3,3,0
208432,10,3,3,0
307360,10,3,1,2
3785976,10,3,3,0
264624,10,3,0,3
188608,10,3,3,0
729824,10,3,1,2
173760,10,3,0,3
598832,10,3,2,1
529432,10,3,2,1
140208,10,3,1,2
412744,10,3,2,1
206288,10,3,1,2
1150304,10,3,1,2
553672,10,3,0,3
188352,10,3,1,2
179776,10,3,0,3
119464,10,3,1,2
395152,10,3,2,1
287608,10,3,1,2
150240,10,3,1,2
125600,10,3,2,1
244800,10,3,2,1
1153688,10,3,1,2
463416,10,3,1,2
111456,10,3,0,3
141400,10,3,0,3
52432,10,3,1,2
380968,10,3,1,2
266680,10,3,1,2
1307976,10,3,2,1
374080,10,3,1,2
308824,10,3,3,0
84624,10,3,2,1
118624,10,3,1,2
467544,10,3,1,2
256744,10,3,2,1
1674176,10,3,1,2
933016,10,3,2,1
191920,10,3,1,2
1062888,10,3,1,2
118216,10,3,1,2
276200,10,3,2,1
122208,10,3,1,2
115440,10,3,2,1
490400,10,3,2,1
204056,10,3,0,3
137032,10,3,1,2
66712,10,3,2,1
519992,10,3,1,2
95760,10,3,2,1
195680,10,3,2,1
153352,10,3,1,2
82936,10,3,0,3
1233944,10,3,2,1
76984,10,3,2,1
662720,10,3,2,1
261536,10,3,2,1
267312,10,3,1,2
76720,10,3,1,2
620784,10,3,2,1
604728,10,3,1,2
650344,10,3,1,2
127352,10,3,2,1
80024,10,3,0,3
321936,10,3,2,1
608304,10,3,0,3
46344,10,3,1,2
107160,10,3,3,0
101480,10,3,1,2
259488,10,3,2,1
2271600,10,3,1,2
454872,10,3,2,1
223904,10,3,1,2
1449304,10,3,1,2
326336,10,3,1,2
198640,10,3,3,0
133256,10,3,1,2
646760,10,3,2,1
391296,10,3,1,2
104632,10,3,1,2
372680,10,3,3,0
109760,10,3,2,1
209872,10,3,2,1
190400,10,3,2,1
743624,10,3,1,2
99056,10,3,2,1
45592,10,3,3,0
269928,10,3,1,2
342680,10,3,2,1
63768,10,3,1,2
390552,10,3,2,1
758784,10,3,2,1
545160,10,3,2,1
95920,10,3,1,2
107080,10,3,1,2
119232,10,3,2,1
138832,10,3,0,3
104264,10,3,3,0
100000,10,3,1,2
109648,10,3,2,1
990904,10,3,2,1
287640,10,3,1,2
168160,10,3,1,2
494016,10,3,1,2
149176,10,3,3,0
63888,10,3,2,1
221720,10,3,1,2
143568,10,3,3,0
174768,10,3,1,2
251008,10,3,1,2
117536,10,3,0,3
56296,10,3,1,2
847208,10,3,2,1
376624,10,3,1,2
232232,10,3,2,1
185656,10,3,2,1
156480,10,3,1,2
574744,10,3,2,1
189168,10,3,3,0
91040,10,3,1,2
114752,10,3,2,1
1877168,10,3,2,1
116016,10,3,0,3
678536,10,3,0,3
56024,10,3,0,3
239480,10,3,1,2
351128,10,3,1,2
407760,10,3,2,1
188528,10,3,1,2
111312,10,3,1,2
169520,10,3,2,1
661408,10,3,2,1
162032,10,3,1,2
60016,10,3,2,1
74280,10,3,2,1
199448,10,3,1,2
622336,10,3,3,0
130072,10,3,2,1
62712,10,3,2,1
46832,10,3,2,1
91856,10,3,2,1
245392,10,3,2,1
249000,10,3,0,3
1826200,10,3,2,1
365024,10,3,2,1
128536,10,3,1,2
708560,10,3,3,0
198456,10,3,2,1
85168,10,3,1,2
333704,10,3,0,3
1020976,10,3,1,2
140344,10,3,1,2
159624,10,3,2,1
422264,10,3,2,1
446664,10,3,2,1
118056,10,3,1,2
95504,10,3,0,3
136032,10,3,2,1
430376,10,3,3,0
205592,10,3,0,3
198144,10,3,0,3
82920,10,3,2,1
314976,10,3,1,2
458856,10,3,1,2
93376,10,3,2,1
603976,10,3,1,2
165240,10,3,2,1
462472,10,3,2,1
321208,10,3,3,0
223304,10,3,1,2
172984,10,3,0,3
210024,10,3,2,1
343704,10,3,3,0
81240,10,3,1,2
1548232,10,3,0,3
63752,10,3,1,2
520280,10,3,0,3
467816,10,3,1,2
924480,10,3,0,3
135472,10,3,2,1
115616,10,3,2,1
492816,10,3,0,3
139144,10,3,2,1
293776,10,3,1,2
322680,10,3,0,3
222424,10,3,3,0
100032,10,3,2,1
126192,10,3,1,2
1021208,10,3,1,2
398840,10,3,0,3
95944,10,3,1,2
714832,10,3,2,1
114672,10,3,0,3
116976,10,3,1,2
249208,10,3,1,2
160880,10,3,1,2
135208,10,3,2,1
373104,10,3,0,3
286696,10,3,1,2
485784,10,3,2,1
104848,10,3,1,2
133504,10,3,0,3
588048,10,3,2,1
209744,10,3,3,0
89072,10,3,3,0
79840,10,3,1,2
113976,10,3,1,2
222944,10,3,0,3
301152,10,3,1,2
175352,10,3,2,1
372752,10,3,2,1
768304,10,3,3,0
139936,10,3,3,0
77520,10,3,2,1
128624,10,3,0,3
160992,10,3,2,1
128392,10,3,0,3
154456,10,3,1,2
220416,10,3,1,2
155376,10,3,1,2
809808,10,3,3,0
155128,10,3,2,1
458808,10,3,1,2
351960,10,3,2,1
381696,10,3,1,2
241200,10,3,0,3
371808,10,3,1,2
143288,10,3,0,3
186504,10,3,1,2
876568,10,3,1,2
457216,10,3,2,1
193704,10,3,2,1
75856,10,3,3,0
75464,10,3,1,2
211296,10,3,2,1
246448,10,3,3,0
380792,10,3,2,1
777232,10,3,2,1
109896,10,3,1,2
481864,10,3,1,2
371024,10,3,2,1
284680,10,3,2,1
974536,10,3,1,2
115680,10,3,2,1
198128,10,3,1,2
63432,10,3,2,1
188504,10,3,2,1
375568,10,3,1,2
684904,10,3,1,2
148328,10,3,2,1
1329576,10,3,2,1
64448,10,3,0,3
319856,10,3,0,3
151848,10,3,2,1
247952,10,3,1,2
93984,10,3,2,1
220496,10,3,3,0
199832,10,3,0,3
248608,10,3,2,1
196352,10,3,0,3
149760,10,3,0,3
342760,10,3,1,2
257784,10,3,1,2
73752,10,3,1,2
353536,10,3,2,1
542808,10,3,2,1
156336,10,3,2,1
1508624,10,3,1,2
317416,10,3,2,1
300512,10,3,1,2
84912,10,3,2,1
924600,10,3,1,2
236072,10,3,2,1
116968,10,3,1,2
181384,10,3,2,1
309776,10,3,1,2
53968,10,3,1,2
243552,10,3,0,3
486728,10,3,0,3
153720,10,3,3,0
176216,10,3,2,1
163576,10,3,1,2
229416,10,3,2,1
70488,10,3,2,1
311320,10,3,3,0
2393720,10,3,1,2
275192,10,3,2,1
189912,10,3,0,3
1353256,10,3,1,2
208272,10,3,0,3
123408,10,3,2,1
414304,10,3,1,2
392744,10,3,1,2
2938328,10,3,0,3
1288208,10,3,2,1
130824,10,3,0,3
405864,10,3,2,1
69616,10,3,1,2
73464,10,3,2,1
75408,10,3,2,1
78264,10,3,1,2
205648,10,3,3,0
122576,10,3,1,2
478368,10,3,0,3
1084704,10,3,2,1
680576,10,3,1,2
1296112,10,3,1,2
190112,10,3,0,3
295216,10,3,1,2
1137856,10,3,1,2
650968,10,3,0,3
208352,10,3,1,2
174608,10,3,2,1
496368,10,3,1,2
597296,10,3,2,1
206120,10,3,1,2
106312,10,3,1,2
245192,10,3,2,1
1357552,10,3,3,0
409872,10,3,0,3
310992,10,3,1,2
237920,10,3,3,0
123944,10,3,2,1
166656,10,3,2,1
130792,10,3,1,2
120600,10,3,0,3
131552,10,3,1,2
485464,10,3,0,3
136472,10,3,2,1
314144,10,3,0,3
60808,10,3,1,2
928776,10,3,2,1
810296,10,3,1,2
258248,10,3,1,2
191568,10,3,1,2
186728,10,3,2,1
144576,10,3,2,1
129992,10,3,2,1
109528,10,3,0,3
393952,10,3,3,0
208344,10,3,2,1
124352,10,3,2,1
359232,10,3,2,1
148256,10,3,1,2
2980864,10,3,2,1
123904,10,3,3,0
120464,10,3,0,3
84816,10,3,3,0
815336,10,3,1,2
929144,10,3,1,2
950024,10,3,2,1
1097856,10,3,3,0
82216,10,3,2,1
339872,10,3,2,1
100368,10,3,2,1
633176,10,3,1,2
167864,10,3,2,1
133352,10,3,2,1
922736,10,3,1,2
81048,10,3,1,2
147808,10,3,2,1
124024,10,3,2,1
184024,10,3,0,3
65616,10,3,3,0
782688,10,3,2,1
166088,10,3,1,2
289000,10,3,1,2
140416,10,3,1,2
1200264,10,3,1,2
1102432,10,3,1,2
819368,10,3,0,3
38824,10,3,2,1
156056,10,3,1,2
183384,10,3,0,3
195840,10,3,2,1
612328,10,3,2,1
275904,10,3,1,2
87824,10,3,1,2
442160,10,3,1,2
292520,10,3,1,2
341344,10,3,0,3
921360,10,3,3,0
264480,10,3,0,3
227344,10,3,1,2
148816,10,3,1,2
872760,10,3,2,1
205376,10,3,0,3
146264,10,3,1,2
66856,10,3,0,3
3259808,10,3,2,1
103592,10,3,0,3
517664,10,3,0,3
291232,10,3,3,0
281024,10,3,1,2
115736,10,3,2,1
123312,10,3,3,0
237448,10,3,1,2
106424,10,3,1,2
611904,10,3,1,2
180992,10,3,1,2
512560,10,3,3,0
107344,10,3,3,0
144976,10,3,3,0
4417400,10,3,2,1
508640,10,3,0,3
243512,10,3,2,1
163792,10,3,1,2
3654536,10,3,3,0
536024,10,3,0,3
155600,10,3,3,0
83024,10,3,0,3
164016,10,3,1,2
81080,10,3,1,2
344808,10,3,0,3
309712,10,3,2,1
208216,10,3,1,2
227040,10,3,2,1
86832,10,3,2,1
313320,10,3,2,1
238912,10,3,2,1
582824,10,3,1,2
1680408,10,3,1,2
137480,10,3,2,1
300672,10,3,1,2
265360,10,3,0,3
101784,10,3,2,1
47320,10,3,0,3
412096,10,3,2,1
67352,10,3,1,2
2766232,10,3,2,1
873192,10,3,1,2
230776,10,3,1,2
80416,10,3,2,1
1518608,10,3,2,1
2417560,10,3,2,1
1148600,10,3,0,3
1522352,10,3,2,1
786992,10,3,2,1
178200,10,3,2,1
361712,10,3,2,1
122896,10,3,1,2
131328,10,3,1,2
210032,10,3,3,0
189032,10,3,0,3
197624,10,3,2,1
586200,10,3,0,3
1975744,10,3,3,0
202440,10,3,1,2
135248,10,3,2,1
334008,10,3,1,2
343816,10,3,0,3
217472,10,3,2,1
148936,10,3,1,2
51064,10,3,2,1
281184,10,3,1,2
321224,10,3,3,0
94640,10,3,3,0
396320,10,3,0,3
318392,10,3,2,1
106376,10,3,1,2
75296,10,3,1,2
172552,10,3,1,2
139040,10,3,1,2
1047480,10,3,1,2
322520,10,3,2,1
130816,10,3,2,1
1027392,10,3,2,1
302520,10,3,1,2
100304,10,3,2,1
280008,10,3,1,2
227480,10,3,2,1
574928,10,3,2,1
184640,10,3,3,0
231992,10,3,2,1
197232,10,3,3,0
72056,10,3,2,1
99208,10,3,1,2
152928,10,3,1,2
78392,10,3,0,3
340032,10,3,1,2
203848,10,3,2,1
124456,10,3,2,1
1669920,10,3,1,2
302304,10,3,1,2
527768,10,3,2,1
147784,10,3,1,2
123664,10,3,2,1
175424,10,3,3,0
408552,10,3,2,1
46720,10,3,3,0
140880,10,3,2,1
1727872,10,3,1,2
45008,10,3,1,2
482840,10,3,1,2
159032,10,3,2,1
72144,10,3,1,2
310936,10,3,1,2
129176,10,3,1,2
190992,10,3,2,1
323232,10,3,0,3
570176,10,3,1,2
535656,10,3,2,1
754320,10,3,1,2
121144,10,3,2,1
668936,10,3,2,1
1753960,10,3,1,2
693952,10,3,2,1
657344,10,3,1,2
2804584,10,3,1,2
508960,10,3,1,2
247064,10,3,2,1
273808,10,3,1,2
213096,10,3,0,3
154712,10,3,1,2
211624,10,3,2,1
176440,10,3,1,2
206480,10,3,1,2
152512,10,3,2,1
588232,10,3,2,1
70408,10,3,3,0
245912,10,3,3,0
398040,10,3,2,1
118488,10,3,2,1
248544,10,3,0,3
118312,10,3,2,1
471288,10,3,3,0
237008,10,3,1,2
67256,10,3,2,1
83552,10,3,1,2
205152,10,3,1,2
76448,10,3,2,1
81648,10,3,0,3
133096,10,3,2,1
258024,10,3,1,2
363576,10,3,2,1
448696,10,3,0,3
91408,10,3,3,0
1436736,10,3,2,1
1351352,10,3,1,2
170728,10,3,2,1
618288,10,3,2,1
151352,10,3,2,1
2926504,10,3,1,2
598280,10,3,0,3
201920,10,3,2,1
345008,10,3,3,0
188792,10,3,2,1
384248,10,3,2,1
313096,10,3,1,2
204760,10,3,2,1
226096,10,3,2,1
196552,10,3,1,2
134072,10,3,1,2
61272,10,3,2,1
750664,10,3,2,1
288872,10,3,2,1
423848,10,3,2,1
107144,10,3,2,1
419736,10,3,1,2
1220512,10,3,0,3
3113064,10,3,1,2
529912,10,3,3,0
728896,10,3,0,3
224512,10,3,0,3
93424,10,3,2,1
45072,10,3,1,2
289008,10,3,2,1
387320,10,3,2,1
105464,10,3,0,3
696152,10,3,3,0
136296,10,3,1,2
185920,10,3,1,2
161344,10,3,2,1
97880,10,3,3,0
134184,10,3,3,0
65584,10,3,1,2
685016,10,3,3,0
371136,10,3,1,2
60336,10,3,2,1
489784,10,3,1,2
190728,10,3,3,0
662784,10,3,2,1
173808,10,3,2,1
102688,10,3,1,2
92384,10,3,0,3
108000,10,3,2,1
221936,10,3,2,1
464328,10,3,1,2
599776,10,3,1,2
111000,10,3,1,2
890120,10,3,2,1
112264,10,3,1,2
239024,10,3,1,2
521328,10,3,1,2
695496,10,3,2,1
399704,10,3,2,1
110384,10,3,0,3
196888,10,3,1,2
233016,10,3,3,0
531600,10,3,1,2
89512,10,3,1,2
1335840,10,3,1,2
460608,10,3,1,2
195576,10,3,1,2
1500648,10,3,1,2
1376880,10,3,2,1
865792,10,3,2,1
65840,10,3,1,2
112256,10,3,2,1
1266944,10,3,3,0
93576,10,3,2,1
248080,10,3,3,0
110672,10,3,1,2
505720,10,3,0,3
515272,10,3,2,1
306664,10,3,3,0
283664,10,3,2,1
513560,10,3,1,2
356952,10,3,2,1
77184,10,3,2,1
181368,10,3,3,0
414936,10,3,3,0
57880,10,3,3,0
269824,10,3,0,3
221168,10,3,2,1
182648,10,3,2,1
366104,10,3,3,0
1939752,10,3,3,0
85352,10,3,2,1
1051824,10,3,1,2
110816,10,3,1,2
193608,10,3,2,1
260144,10,3,2,1
62920,10,3,1,2
197920,10,3,1,2
711832,10,3,2,1
89232,10,3,3,0
258856,10,3,2,1
257104,10,3,2,1
125184,10,3,2,1
298840,10,3,2,1
160312,10,3,1,2
83264,10,3,2,1
201328,10,3,3,0
146200,10,3,3,0
221864,10,3,2,1
762096,10,3,2,1
177744,10,3,0,3
268232,10,3,1,2
223936,10,3,0,3
322120,10,3,2,1
86856,10,3,2,1
1989088,10,3,1,2
172992,10,3,2,1
357736,10,3,2,1
64224,10,3,1,2
151176,10,3,1,2
181848,10,3,3,0
313264,10,3,2,1
82728,10,3,1,2
697456,10,3,2,1
61688,10,3,1,2
254824,10,3,0,3
169728,10,3,1,2
1256808,10,3,2,1
106096,10,3,2,1
314560,10,3,3,0
184216,10,3,2,1
109680,10,3,2,1
210064,10,3,2,1
160208,10,3,3,0
168536,10,3,1,2
389536,10,3,0,3
79640,10,3,2,1
77688,10,3,1,2
478128,10,3,2,1
59792,10,3,3,0
154048,10,3,0,3
189240,10,3,1,2
211728,10,3,2,1
388024,10,3,0,3
654728,10,3,1,2
140224,10,3,3,0
88240,10,3,3,0
342984,10,3,2,1
77000,10,3,2,1
96784,10,3,3,0
229928,10,3,1,2
1755288,10,3,2,1
393968,10,3,0,3
84040,10,3,2,1
165984,10,3,0,3
179024,10,3,2,1
90944,10,3,1,2
221056,10,3,3,0
155880,10,3,3,0
398976,10,3,2,1
118232,10,3,1,2
874264,10,3,1,2
560544,10,3,2,1
95824,10,3,3,0
171664,10,3,1,2
302336,10,3,2,1
250744,10,3,2,1
77640,10,3,1,2
305040,10,3,1,2
118016,10,3,0,3
599440,10,3,1,2
92928,10,3,1,2
546824,10,3,2,1
267248,10,3,2,1
144472,10,3,2,1
939616,10,3,2,1
217640,10,3,3,0
850840,10,3,3,0
114568,10,3,2,1
187976,10,3,1,2
108944,10,3,1,2
83736,10,3,1,2
231792,10,3,2,1
1390880,10,3,2,1
331920,10,3,2,1
357016,10,3,1,2
129960,10,3,2,1
578984,10,3,1,2
304304,10,3,1,2
178296,10,3,1,2
285840,10,3,3,0
317360,10,3,3,0
2159616,10,3,3,0
110872,10,3,0,3
457584,10,3,1,2
293064,10,3,2,1
175112,10,3,1,2
343944,10,3,3,0
591040,10,3,3,0
260360,10,3,2,1
534712,10,3,2,1
332464,10,3,3,0
194368,10,3,1,2
124224,10,3,2,1
380992,10,3,1,2
241360,10,3,3,0
491496,10,3,3,0
263360,10,3,2,1
409216,10,3,1,2
231864,10,3,1,2
301096,10,3,0,3
309560,10,3,1,2
133880,10,3,2,1
131112,10,3,2,1
629408,10,3,1,2
264304,10,3,1,2
939104,10,3,3,0
175472,10,3,1,2
145400,10,3,3,0
94200,10,3,1,2
378000,10,3,2,1
184848,10,3,2,1
375600,10,3,1,2
244032,10,3,2,1
256080,10,3,2,1
3617544,10,3,3,0
90616,10,3,2,1
290688,10,3,2,1
137264,10,3,0,3
105424,10,3,3,0
208232,10,3,2,1
132296,10,3,2,1
109792,10,3,2,1
248760,10,3,2,1
136920,10,3,1,2
497720,10,3,1,2
151336,10,3,3,0
950592,10,3,0,3
338224,10,3,3,0
236240,10,3,0,3
309232,10,3,1,2
239216,10,3,1,2
899992,10,3,2,1
116440,10,3,1,2
96072,10,3,1,2
77264,10,3,1,2
195976,10,3,2,1
176808,10,3,1,2
865328,10,3,2,1
172352,10,3,3,0
984824,10,3,2,1
824376,10,3,2,1
112360,10,3,0,3
477352,10,3,0,3
131048,10,3,2,1
175904,10,3,2,1
629976,10,3,0,3
258960,10,3,2,1
118400,10,3,0,3
161664,10,3,0,3
125024,10,3,0,3
104472,10,3,1,2
240056,10,3,3,0
244008,10,3,2,1
1598208,10,3,1,2
195968,10,3,1,2
125800,10,3,1,2
245808,10,3,1,2
184896,10,3,1,2
1026872,10,3,3,0
186016,10,3,1,2
72984,10,3,2,1
269792,10,3,3,0
245736,10,3,0,3
205232,10,3,2,1
669144,10,3,2,1
1164648,10,3,2,1
1255576,10,3,1,2
496720,10,3,2,1
497176,10,3,1,2
200024,10,3,1,2
181328,10,3,1,2
2086120,10,3,2,1
671216,10,3,3,0
83720,10,3,1,2
104256,10,3,2,1
1134808,10,3,2,1
386656,10,3,1,2
232008,10,3,0,3
111192,10,3,2,1
158184,10,3,3,0
372712,10,3,1,2
422416,10,3,1,2
170680,10,3,0,3
157192,10,3,1,2
271768,10,3,2,1
582616,10,3,2,1
118544,10,3,2,1
1126736,10,3,2,1
2366048,10,3,2,1
639504,10,3,1,2
320000,10,3,3,0
814600,10,3,2,1
203880,10,3,2,1
94176,10,3,3,0
946776,10,3,2,1
93952,10,3,1,2
83984,10,3,0,3
1982600,10,3,2,1
776880,10,3,2,1
152496,10,3,1,2
231376,10,3,3,0
965960,10,3,2,1
769168,10,3,1,2
152968,10,3,1,2
1315736,10,3,1,2
149336,10,3,2,1
699800,10,3,1,2
269640,10,3,1,2
194784,10,3,2,1
220328,10,3,1,2
346984,10,3,2,1
66664,10,3,1,2
189488,10,3,0,3
348472,10,3,1,2
51160,10,3,1,2
600152,10,3,0,3
1340248,10,3,2,1
220592,10,3,1,2
169528,10,3,0,3
1133224,10,3,1,2
610872,10,3,1,2
139520,10,3,2,1
966432,10,3,3,0
158224,10,3,3,0
135904,10,3,1,2
141464,10,3,1,2
376080,10,3,0,3
142464,10,3,1,2
231832,10,3,1,2
1309136,10,3,0,3
74224,10,3,1,2
308192,10,3,2,1
344272,10,3,2,1
437880,10,3,2,1
184696,10,3,1,2
265624,10,3,1,2
253984,10,3,2,1
1354960,10,3,3,0
798320,10,3,2,1
325960,10,3,2,1
116480,10,3,0,3
120392,10,3,1,2
146472,10,3,2,1
109768,10,3,3,0
606000,10,3,1,2
1054816,10,3,2,1
217304,10,3,0,3
232968,10,3,0,3
151000,10,3,1,2
112384,10,3,0,3
1229944,10,3,0,3
388400,10,3,2,1
305224,10,3,1,2
268320,10,3,0,3
95240,10,3,2,1
557016,10,3,1,2
163520,10,3,1,2
378392,10,3,2,1
202336,10,3,2,1
162984,10,3,0,3
182400,10,3,1,2
244352,10,3,3,0
71184,10,3,1,2
174968,10,3,1,2
1529080,10,3,1,2
184488,10,3,1,2
127208,10,3,2,1
133688,10,3,2,1
3534208,10,3,1,2
198448,10,3,2,1
142184,10,3,2,1
1949736,10,3,0,3
570064,10,3,3,0
276144,10,3,0,3
76608,10,3,2,1
131408,10,3,2,1
310288,10,3,2,1
700216,10,3,3,0
312976,10,3,1,2
130320,10,3,1,2
101280,10,3,1,2
221824,10,3,1,2
1118392,10,3,1,2
1000832,10,3,2,1
372184,10,3,1,2
530392,10,3,1,2
329224,10,3,1,2
144248,10,3,1,2
578936,10,3,1,2
150768,10,3,1,2
6586040,10,3,0,3
368416,10,3,1,2
3678152,10,3,2,1
388616,10,3,1,2
170280,10,3,2,1
494680,10,3,1,2
133568,10,3,1,2
198528,10,3,1,2
158392,10,3,2,1
108440,10,3,1,2
191144,10,3,0,3
346456,10,3,1,2
281216,10,3,1,2
206248,10,3,2,1
252352,10,3,3,0
594568,10,3,3,0
166000,10,3,1,2
477584,10,3,3,0
198112,10,3,2,1
150360,10,3,3,0
138784,10,3,1,2
113952,10,3,3,0
2651096,10,3,1,2
5252760,10,3,2,1
520112,10,3,0,3
119456,10,3,2,1
120456,10,3,0,3
193816,10,3,1,2
89856,10,3,2,1
589120,10,3,1,2
301584,10,3,2,1
571888,10,3,1,2
297568,10,3,3,0
317712,10,3,1,2
2549744,10,3,2,1
1020408,10,3,1,2
160824,10,3,1,2
339432,10,3,2,1
144624,10,3,1,2
107208,10,3,2,1
60688,10,3,1,2
281696,10,3,2,1
67312,10,3,1,2
240232,10,3,1,2
176424,10,3,1,2
834584,10,3,2,1
108856,10,3,0,3
509104,10,3,1,2
94192,10,3,2,1
134784,10,3,2,1
1457760,10,3,1,2
4217088,10,3,1,2
325456,10,3,1,2
480752,10,3,3,0
6833312,10,3,2,1
370080,10,3,2,1
233312,10,3,0,3
292968,10,3,2,1
94320,10,3,3,0
1685504,10,3,1,2
1292536,10,3,2,1
175208,10,3,2,1
422496,10,3,1,2
160136,10,3,2,1
494024,10,3,1,2
157400,10,3,0,3
121080,10,3,0,3
1344968,10,3,2,1
327096,10,3,1,2
123232,10,3,1,2
506960,10,3,2,1
215024,10,3,2,1
256168,10,3,2,1
523328,10,3,1,2
376744,10,3,2,1
331128,10,3,0,3
91504,10,3,1,2
216224,10,3,2,1
145024,10,3,3,0
150048,10,3,1,2
200632,10,3,2,1
3460312,10,3,2,1
432072,10,3,3,0
528232,10,3,1,2
103560,10,3,1,2
89120,10,3,1,2
1088096,10,3,1,2
209976,10,3,2,1
569000,10,3,2,1
1983912,10,3,2,1
377272,10,3,3,0
265976,10,3,2,1
105008,10,3,1,2
522400,10,3,3,0
205032,10,3,1,2
338944,10,3,2,1
98344,10,3,2,1
479160,10,3,0,3
40968,10,3,2,1
277280,10,3,3,0
3108648,10,3,3,0
143176,10,3,0,3
1568704,10,3,2,1
282392,10,3,3,0
193112,10,3,1,2
730920,10,3,1,2
173248,10,3,0,3
58840,10,3,0,3
454448,10,3,2,1
111488,10,3,3,0
227800,10,3,3,0
180480,10,3,2,1
427960,10,3,3,0
1669784,10,3,1,2
93048,10,3,1,2
65776,10,3,3,0
272280,10,3,1,2
196760,10,3,1,2
358320,10,3,1,2
417208,10,3,3,0
285784,10,3,3,0
92288,10,3,3,0
131728,10,3,2,1
746728,10,3,2,1
350872,10,3,2,1
176528,10,3,2,1
129568,10,3,2,1
113504,10,3,2,1
147744,10,3,2,1
110016,10,3,1,2
703632,10,3,2,1
392064,10,3,2,1
168168,10,3,2,1
49224,10,3,2,1
311528,10,3,2,1
469512,10,3,2,1
242368,10,3,1,2
174088,10,3,0,3
526880,10,3,1,2
79936,10,3,1,2
108736,10,3,3,0
188776,10,3,3,0
153344,10,3,0,3
249816,10,3,3,0
422304,10,3,1,2
493192,10,3,1,2
398512,10,3,2,1
263112,10,3,1,2
237112,10,3,3,0
371056,10,3,2,1
328240,10,3,2,1
60584,10,3,3,0
262160,10,3,2,1
107784,10,3,2,1
159456,10,3,0,3
347528,10,3,1,2
141744,10,3,2,1
215376,10,3,0,3
188432,10,3,3,0
196408,10,3,1,2
367384,10,3,1,2
255864,10,3,2,1
55872,10,3,0,3
180552,10,3,2,1
154808,10,3,1,2
167712,10,3,1,2
335688,10,3,1,2
105016,10,3,2,1
93296,10,3,1,2
544312,10,3,0,3
219584,10,3,0,3
688648,10,3,2,1
1182136,10,3,3,0
467192,10,3,1,2
176408,10,3,1,2
214264,10,3,1,2
419912,10,3,3,0
57384,10,3,1,2
90696,10,3,1,2
503624,10,3,1,2
226656,10,3,2,1
865808,10,3,1,2
285664,10,3,1,2
155352,10,3,1,2
409696,10,3,1,2
1332752,10,3,1,2
665760,10,3,1,2
443592,10,3,2,1
236712,10,3,1,2
58984,10,3,1,2
128560,10,3,2,1
233392,10,3,1,2
162232,10,3,2,1
353872,10,3,1,2
174704,10,3,1,2
251160,10,3,2,1
143256,10,3,2,1
66096,10,3,1,2
97120,10,3,1,2
414096,10,3,0,3
117288,10,3,1,2
88816,10,3,1,2
459072,10,3,2,1
468216,10,3,2,1
541024,10,3,1,2
577096,10,3,2,1
183408,10,3,3,0
324640,10,3,2,1
77240,10,3,2,1
259144,10,3,2,1
222272,10,3,2,1
787016,10,3,3,0
323424,10,3,2,1
132736,10,3,0,3
758984,10,3,2,1
649352,10,3,1,2
418136,10,3,3,0
132976,10,3,1,2
181736,10,3,1,2
140464,10,3,1,2
599920,10,3,1,2
208912,10,3,2,1
468104,10,3,1,2
277120,10,3,3,0
244328,10,3,1,2
281344,10,3,1,2
184752,10,3,2,1
203048,10,3,0,3
170968,10,3,1,2
246232,10,3,0,3
239264,10,3,2,1
117440,10,3,2,1
56920,10,3,2,1
465432,10,3,2,1
1049032,10,3,2,1
459992,10,3,2,1
1094416,10,3,2,1
155440,10,3,2,1
127664,10,3,2,1
315632,10,3,3,0
190752,10,3,1,2
91640,10,3,1,2
183432,10,3,1,2
267416,10,3,3,0
199840,10,3,1,2
169224,10,3,2,1
97416,10,3,2,1
213328,10,3,1,2
7138592,10,3,2,1
123624,10,3,1,2
278456,10,3,1,2
92016,10,3,1,2
151944,10,3,1,2
126080,10,3,1,2
98920,10,3,2,1
87520,10,3,0,3
856008,10,3,2,1
102272,10,3,2,1
2476248,10,3,1,2
438568,10,3,1,2
483760,10,3,3,0
337704,10,3,1,2
135936,10,3,0,3
209152,10,3,1,2
342040,10,3,1,2
950072,10,3,1,2
370736,10,3,2,1
89504,10,3,3,0
2097440,10,3,2,1
396520,10,3,3,0
408424,10,3,2,1
404248,10,3,3,0
60824,10,3,2,1
826008,10,3,2,1
107432,10,3,1,2
473408,10,3,2,1
291744,10,3,2,1
197584,10,3,1,2
183240,10,3,3,0
632768,10,3,1,2
101032,10,3,2,1
106200,10,3,1,2
250680,10,3,3,0
631264,10,3,2,1
431496,10,3,2,1
214056,10,3,1,2
1179032,10,3,1,2
214784,10,3,2,1
273728,10,3,1,2
424416,10,3,2,1
84224,10,3,2,1
178344,10,3,1,2
478312,10,3,3,0
95048,10,3,1,2
49544,10,3,3,0
393304,10,3,1,2
166736,10,3,3,0
315584,10,3,1,2
231872,10,3,3,0
203600,10,3,2,1
329760,10,3,0,3
48184,10,3,1,2
237824,10,3,2,1
83360,10,3,1,2
198696,10,3,1,2
206264,10,3,1,2
935184,10,3,2,1
3759272,10,3,1,2
501920,10,3,1,2
97736,10,3,2,1
346352,10,3,1,2
283648,10,3,1,2
210096,10,3,2,1
38336,10,3,2,1
200720,10,3,2,1
170064,10,3,2,1
85544,10,3,2,1
61864,10,3,2,1
100256,10,3,1,2
256552,10,3,2,1
240696,10,3,1,2
548216,10,3,1,2
91800,10,3,2,1
95096,10,3,1,2
954440,10,3,2,1
414168,10,3,2,1
208360,10,3,1,2
151784,10,3,1,2
86152,10,3,1,2
1025560,10,3,0,3
171216,10,3,2,1
396720,10,3,1,2
264928,10,3,1,2
740136,10,3,1,2
182864,10,3,3,0
979616,10,3,2,1
717968,10,3,1,2
471376,10,3,2,1
121672,10,3,1,2
141000,10,3,2,1
510256,10,3,3,0
599848,10,3,1,2
269312,10,3,2,1
175552,10,3,3,0
406048,10,3,2,1
398272,10,3,2,1
612736,10,3,2,1
275264,10,3,0,3
206208,10,3,3,0
298216,10,3,2,1
108720,10,3,1,2
139088,10,3,0,3
351808,10,3,2,1
104312,10,3,1,2
373152,10,3,0,3
122776,10,3,0,3
260328,10,3,2,1
140280,10,3,2,1
168088,10,3,1,2
460800,10,3,2,1
45160,10,3,1,2
400824,10,3,0,3
4353696,10,3,0,3
479712,10,3,3,0
219752,10,3,0,3
148152,10,3,2,1
1397816,10,3,1,2
154552,10,3,2,1
957968,10,3,1,2
759536,10,3,1,2
87944,10,3,1,2
103472,10,3,1,2
175080,10,3,3,0
387032,10,3,3,0
357176,10,3,2,1
112552,10,3,1,2
74128,10,3,1,2
252384,10,3,1,2
161400,10,3,0,3
1993384,10,3,2,1
81256,10,3,2,1
569352,10,3,0,3
326496,10,3,2,1
632832,10,3,2,1
258640,10,3,3,0
168024,10,3,0,3
138384,10,3,1,2
461520,10,3,2,1
396960,10,3,2,1
338216,10,3,1,2
235464,10,3,3,0
212256,10,3,0,3
375648,10,3,0,3
228368,10,3,0,3
150712,10,3,0,3
114872,10,3,1,2
1264224,10,3,1,2
501392,10,3,2,1
821224,10,3,2,1
266696,10,3,2,1
293848,10,3,0,3
96016,10,3,1,2
183544,10,3,1,2
334032,10,3,3,0
137720,10,3,1,2
513024,10,3,1,2
867336,10,3,1,2
126768,10,3,0,3
171488,10,3,2,1
268904,10,3,1,2
256512,10,3,1,2
297880,10,3,1,2
165752,10,3,1,2
211352,10,3,2,1
104568,10,3,1,2
1482304,10,3,2,1
218512,10,3,2,1
1918456,10,3,1,2
177616,10,3,0,3
570872,10,3,0,3
88648,10,3,2,1
175408,10,3,2,1
538280,10,3,2,1
45552,10,3,1,2
1037728,10,3,0,3
228040,10,3,1,2
285928,10,3,2,1
510304,10,3,2,1
193776,10,3,2,1
104456,10,3,2,1
107576,10,3,1,2
148048,10,3,2,1
174104,10,3,0,3
89272,10,3,2,1
246504,10,3,1,2
148824,10,3,2,1
191096,10,3,1,2
2072568,10,3,3,0
446312,10,3,1,2
506264,10,3,2,1
150056,10,3,1,2
56664,10,3,1,2
721952,10,3,2,1
403624,10,3,1,2
123488,10,3,2,1
256440,10,3,2,1
2190264,10,3,2,1
1543160,10,3,2,1
337384,10,3,0,3
169456,10,3,2,1
307896,10,3,2,1
441552,10,3,0,3
128176,10,3,0,3
136744,10,3,2,1
136304,10,3,0,3
618128,10,3,2,1
66336,10,3,1,2
176272,10,3,2,1
866328,10,3,2,1
474856,10,3,2,1
149240,10,3,0,3
345176,10,3,1,2
181392,10,3,1,2
133928,10,3,1,2
114616,10,3,2,1
271096,10,3,2,1
54080,10,3,2,1
196952,10,3,1,2
171824,10,3,1,2
508440,10,3,1,2
85440,10,3,1,2
587576,10,3,0,3
248840,10,3,1,2
116064,10,3,2,1
165424,10,3,1,2
2385544,10,3,2,1
148720,10,3,3,0
391528,10,3,2,1
295016,10,3,0,3
356480,10,3,2,1
231752,10,3,2,1
173184,10,3,0,3
115632,10,3,2,1
546608,10,3,2,1
108528,10,3,0,3
285408,10,3,0,3
245472,10,3,1,2
120288,10,3,3,0
96360,10,3,2,1
239704,10,3,1,2
155936,10,3,1,2
77816,10,3,3,0
304496,10,3,0,3
277520,10,3,2,1
326704,10,3,1,2
83592,10,3,2,1
444056,10,3,3,0
1067760,10,3,1,2
537904,10,3,1,2
137272,10,3,1,2
76600,10,3,3,0
244336,10,3,3,0
282368,10,3,1,2
332040,10,3,1,2
307944,10,3,2,1
245880,10,3,3,0
176880,10,3,2,1
127304,10,3,1,2
83464,10,3,1,2
107904,10,3,2,1
210216,10,3,1,2
923176,10,3,1,2
219240,10,3,1,2
87144,10,3,0,3
853544,10,3,2,1
1111440,10,3,0,3
145152,10,3,0,3
332656,10,3,1,2
213648,10,3,2,1
339824,10,3,1,2
127376,10,3,1,2
126152,10,3,2,1
215568,10,3,1,2
325552,10,3,1,2
1121336,10,3,1,2
422152,10,3,1,2
250376,10,3,2,1
508608,10,3,2,1
336440,10,3,2,1
292384,10,3,2,1
252304,10,3,2,1
78368,10,3,1,2
94816,10,3,3,0
707432,10,3,3,0
206608,10,3,2,1
172840,10,3,3,0
66504,10,3,3,0
783528,10,3,2,1
130032,10,3,0,3
85896,10,3,1,2
50248,10,3,2,1
202088,10,3,3,0
171552,10,3,2,1
1229424,10,3,2,1
116424,10,3,1,2
892208,10,3,1,2
297800,10,3,0,3
172672,10,3,2,1
120696,10,3,0,3
210560,10,3,2,1
83568,10,3,1,2
162672,10,3,1,2
403560,10,3,2,1
196576,10,3,2,1
116288,10,3,1,2
372824,10,3,0,3
172656,10,3,2,1
224360,10,3,3,0
223320,10,3,2,1
370912,10,3,2,1
65296,10,3,2,1
49992,10,3,0,3
532704,10,3,2,1
319728,10,3,1,2
734544,10,3,2,1
178328,10,3,2,1
206488,10,3,1,2
158080,10,3,3,0
102480,10,3,1,2
1222920,10,3,2,1
200416,10,3,2,1
268344,10,3,3,0
449520,10,3,1,2
619128,10,3,2,1
140776,10,3,2,1
248152,10,3,1,2
187456,10,3,1,2
272216,10,3,1,2
196144,10,3,1,2
90088,10,3,2,1
414520,10,3,2,1
141856,10,3,1,2
267792,10,3,3,0
456256,10,3,2,1
285232,10,3,1,2
49216,10,3,1,2
613392,10,3,2,1
173888,10,3,1,2
180944,10,3,2,1
1062832,10,3,2,1
742488,10,3,1,2
127520,10,3,2,1
1918896,10,3,0,3
300688,10,3,0,3
186848,10,3,1,2
97232,10,3,2,1
7107936,10,3,1,2
599568,10,3,2,1
176336,10,3,0,3
274712,10,3,1,2
1185912,10,3,1,2
141808,10,3,3,0
433336,10,3,0,3
180368,10,3,1,2
550016,10,3,1,2
345648,10,3,0,3
76424,10,3,2,1
240416,10,3,1,2
75384,10,3,2,1
188400,10,3,2,1
278880,10,3,2,1
3453896,10,3,2,1
664888,10,3,1,2
86560,10,3,0,3
2162112,10,3,2,1
99224,10,3,0,3
695688,10,3,1,2
5125336,10,3,3,0
91208,10,3,1,2
252824,10,3,2,1
355088,10,3,2,1
297216,10,3,1,2
104376,10,3,3,0
212544,10,3,1,2
475288,10,3,2,1
78656,10,3,3,0
1575432,10,3,1,2
197072,10,3,2,1
267704,10,3,1,2
230056,10,3,2,1
2075584,10,3,0,3
480456,10,3,3,0
263256,10,3,0,3
347800,10,3,1,2
661200,10,3,1,2
594880,10,3,2,1
162320,10,3,3,0
1691760,10,3,2,1
220064,10,3,2,1
242312,10,3,1,2
80696,10,3,2,1
3539704,10,3,2,1
115800,10,3,1,2
136312,10,3,1,2
77216,10,3,2,1
317704,10,3,2,1
360032,10,3,2,1
119400,10,3,1,2
232040,10,3,1,2
85288,10,3,2,1
1248664,10,3,3,0
209488,10,3,3,0
159416,10,3,2,1
228760,10,3,0,3
435672,10,3,3,0
72008,10,3,2,1
78200,10,3,1,2
198664,10,3,2,1
200440,10,3,2,1
714976,10,3,1,2
160416,10,3,1,2
202680,10,3,1,2
463176,10,3,2,1
855440,10,3,2,1
73568,10,3,1,2
217200,10,3,2,1
726592,10,3,2,1
623632,10,3,2,1
240144,10,3,2,1
1292864,10,3,2,1
502024,10,3,2,1
2778984,10,3,2,1
72472,10,3,1,2
378312,10,3,1,2
320520,10,3,2,1
317608,10,3,2,1
298200,11,3,1,2
820272,11,3,2,1
82544,11,3,1,2
112192,11,3,2,1
81616,11,3,1,2
88016,11,3,3,0
102728,11,3,1,2
331712,11,3,2,1
797872,11,3,0,3
135504,11,3,2,1
480440,11,3,2,1
124272,11,3,3,0
79512,11,3,2,1
561568,11,3,2,1
171400,11,3,2,1
5233008,11,3,1,2
129224,11,3,0,3
543656,11,3,1,2
211336,11,3,3,0
236840,11,3,2,1
123864,11,3,2,1
74504,11,3,0,3
30856,11,3,2,1
758848,11,3,3,0
75208,11,3,1,2
833360,11,3,0,3
259456,11,3,3,0
116952,11,3,1,2
870736,11,3,2,1
516832,11,3,1,2
258000,11,3,1,2
281352,11,3,2,1
99304,11,3,2,1
127736,11,3,2,1
66296,11,3,2,1
1585104,11,3,1,2
204616,11,3,1,2
81840,11,3,1,2
137832,11,3,1,2
142784,11,3,3,0
399296,11,3,1,2
218728,11,3,0,3
67696,11,3,1,2
1289920,11,3,1,2
293448,11,3,0,3
107072,11,3,2,1
186152,11,3,1,2
326968,11,3,2,1
336152,11,3,2,1
220128,11,3,1,2
1437016,11,3,1,2
478880,11,3,1,2
623480,11,3,1,2
272040,11,3,3,0
108048,11,3,2,1
111168,11,3,1,2
175744,11,3,2,1
196256,11,3,2,1
178096,11,3,3,0
31320,11,3,2,1
343168,11,3,1,2
399840,11,3,2,1
106128,11,3,2,1
319424,11,3,1,2
240888,11,3,2,1
85640,11,3,2,1
1024024,11,3,1,2
191320,11,3,2,1
148408,11,3,3,0
151400,11,3,2,1
56704,11,3,1,2
62416,11,3,1,2
116312,11,3,1,2
140176,11,3,3,0
186400,11,3,0,3
351160,11,3,1,2
68240,11,3,3,0
608544,11,3,2,1
161936,11,3,2,1
321776,11,3,2,1
471832,11,3,3,0
488408,11,3,1,2
461304,11,3,2,1
390800,11,3,2,1
88824,11,3,2,1
211968,11,3,0,3
374192,11,3,0,3
236232,11,3,3,0
249160,11,3,1,2
601256,11,3,1,2
773208,11,3,1,2
143992,11,3,1,2
78120,11,3,2,1
125776,11,3,1,2
209688,11,3,1,2
309976,11,3,2,1
239456,11,3,2,1
1541728,11,3,1,2
180880,11,3,2,1
236376,11,3,0,3
295312,11,3,1,2
189944,11,3,2,1
256472,11,3,1,2
77896,11,3,0,3
532344,11,3,1,2
656416,11,3,2,1
347016,11,3,2,1
501496,11,3,2,1
135024,11,3,0,3
228664,11,3,3,0
157272,11,3,2,1
601472,11,3,2,1
268528,11,3,3,0
1293064,11,3,2,1
1076776,11,3,2,1
305120,11,3,2,1
251760,11,3,0,3
3147952,11,3,1,2
520184,11,3,2,1
818568,11,3,1,2
52552,11,3,2,1
389848,11,3,1,2
683240,11,3,1,2
95624,11,3,2,1
341312,11,3,1,2
198632,11,3,2,1
299832,11,3,2,1
93920,11,3,2,1
638544,11,3,1,2
482760,11,3,2,1
600296,11,3,2,1
105728,11,3,0,3
366320,11,3,2,1
868144,11,3,3,0
112016,11,3,1,2
115584,11,3,2,1
223264,11,3,0,3
304088,11,3,1,2
371536,11,3,1,2
651552,11,3,1,2
60560,11,3,1,2
250544,11,3,3,0
108920,11,3,3,0
256192,11,3,2,1
295448,11,3,2,1
195272,11,3,0,3
86640,11,3,0,3
277176,11,3,1,2
50128,11,3,1,2
286072,11,3,2,1
562432,11,3,0,3
144040,11,3,1,2
142816,11,3,0,3
111112,11,3,1,2
512024,11,3,1,2
168512,11,3,1,2
167560,11,3,1,2
356440,11,3,3,0
1518992,11,3,3,0
382096,11,3,2,1
98808,11,3,0,3
102032,11,3,1,2
167992,11,3,0,3
211928,11,3,2,1
260864,11,3,0,3
96752,11,3,1,2
395552,11,3,1,2
293744,11,3,1,2
976608,11,3,0,3
194224,11,3,0,3
52784,11,3,0,3
215528,11,3,2,1
156216,11,3,3,0
103840,11,3,3,0
125128,11,3,1,2
402848,11,3,1,2
211168,11,3,1,2
680040,11,3,1,2
298304,11,3,2,1
522568,11,3,1,2
1075256,11,3,2,1
361472,11,3,2,1
37696,11,3,2,1
104056,11,3,2,1
122448,11,3,1,2
703976,11,3,0,3
278104,11,3,1,2
62904,11,3,1,2
348272,11,3,1,2
517112,11,3,2,1
116736,11,3,0,3
232320,11,3,3,0
273560,11,3,1,2
252096,11,3,2,1
669336,11,3,1,2
607360,11,3,2,1
1159744,11,3,2,1
156288,11,3,2,1
179464,11,3,3,0
265216,11,3,2,1
470512,11,3,1,2
225168,11,3,2,1
200168,11,3,1,2
1463816,11,3,1,2
137344,11,3,2,1
185496,11,3,3,0
252328,11,3,3,0
118768,11,3,2,1
62272,11,3,0,3
343864,11,3,1,2
250704,11,3,1,2
133072,11,3,2,1
179128,11,3,1,2
313760,11,3,2,1
640376,11,3,3,0
99928,11,3,2,1
4337552,11,3,1,2
196464,11,3,0,3
1099200,11,3,0,3
157976,11,3,2,1
314880,11,3,2,1
44880,11,3,0,3
149016,11,3,1,2
1559368,11,3,0,3
308936,11,3,1,2
1503696,11,3,3,0
399632,11,3,3,0
185392,11,3,0,3
185512,11,3,1,2
147600,11,3,2,1
117504,11,3,1,2
122744,11,3,2,1
264896,11,3,0,3
143944,11,3,1,2
2447712,11,3,2,1
579432,11,3,2,1
1575624,11,3,2,1
91136,11,3,1,2
111136,11,3,2,1
125872,11,3,2,1
110640,11,3,2,1
258136,11,3,2,1
132176,11,3,1,2
827392,11,3,2,1
79312,11,3,2,1
295472,11,3,0,3
608880,11,3,1,2
132304,11,3,3,0
95112,11,3,2,1
2317056,11,3,2,1
172080,11,3,2,1
162736,11,3,2,1
134872,11,3,0,3
212696,11,3,3,0
52936,11,3,2,1
108456,11,3,2,1
151040,11,3,2,1
1320048,11,3,2,1
262904,11,3,2,1
98720,11,3,1,2
212808,11,3,2,1
87856,11,3,3,0
594792,11,3,2,1
394480,11,3,1,2
633192,11,3,1,2
78744,11,3,1,2
263272,11,3,1,2
209808,11,3,1,2
69520,11,3,2,1
638168,11,3,0,3
551024,11,3,1,2
153232,11,3,3,0
225432,11,3,3,0
161712,11,3,3,0
143832,11,3,2,1
104576,11,3,2,1
116368,11,3,2,1
893880,11,3,2,1
621704,11,3,2,1
511376,11,3,1,2
175704,11,3,1,2
274048,11,3,2,1
1382504,11,3,1,2
221608,11,3,1,2
263824,11,3,1,2
210608,11,3,1,2
98656,11,3,2,1
141952,11,3,2,1
774576,11,3,1,2
603160,11,3,2,1
1973272,11,3,0,3
920624,11,3,1,2
82312,11,3,1,2
113384,11,3,1,2
526080,11,3,1,2
318952,11,3,1,2
320688,11,3,2,1
307840,11,3,2,1
438656,11,3,3,0
71536,11,3,3,0
128480,11,3,1,2
803352,11,3,3,0
875680,11,3,1,2
715296,11,3,0,3
147920,11,3,0,3
165832,11,3,1,2
401888,11,3,1,2
629160,11,3,2,1
511048,11,3,1,2
167704,11,3,0,3
129944,11,3,3,0
65888,11,3,0,3
47624,11,3,0,3
139760,11,3,2,1
657960,11,3,2,1
260728,11,3,1,2
163992,11,3,1,2
221288,11,3,2,1
575816,11,3,0,3
374592,11,3,2,1
221032,11,3,2,1
1075984,11,3,2,1
90424,11,3,2,1
406728,11,3,3,0
61760,11,3,1,2
193368,11,3,2,1
67192,11,3,2,1
444592,11,3,0,3
78360,11,3,1,2
286296,11,3,3,0
137872,11,3,1,2
474056,11,3,1,2
151160,11,3,0,3
256696,11,3,3,0
62168,11,3,2,1
358680,11,3,0,3
303856,11,3,2,1
359864,11,3,2,1
144272,11,3,1,2
124816,11,3,1,2
159360,11,3,2,1
58056,11,3,2,1
745896,11,3,2,1
160008,11,3,0,3
146112,11,3,2,1
207488,11,3,2,1
109512,11,3,2,1
267408,11,3,1,2
73072,11,3,3,0
1456176,11,3,0,3
128264,11,3,0,3
294744,11,3,2,1
87224,11,3,1,2
52536,11,3,3,0
170024,11,3,2,1
231856,11,3,2,1
468240,11,3,0,3
209216,11,3,1,2
125504,11,3,3,0
1080784,11,3,2,1
83744,11,3,2,1
126864,11,3,1,2
364728,11,3,1,2
85776,11,3,2,1
137512,11,3,2,1
214792,11,3,2,1
76040,11,3,0,3
720704,11,3,1,2
177600,11,3,0,3
663872,11,3,0,3
242352,11,3,1,2
721152,11,3,2,1
610672,11,3,1,2
147976,11,3,1,2
590984,11,3,1,2
223768,11,3,1,2
1782784,11,3,2,1
306216,11,3,2,1
186088,11,3,1,2
201752,11,3,1,2
190936,11,3,1,2
192224,11,3,1,2
260568,11,3,3,0
188768,11,3,2,1
152152,11,3,1,2
77056,11,3,3,0
525688,11,3,2,1
59568,11,3,1,2
192344,11,3,2,1
97168,11,3,1,2
220216,11,3,2,1
291728,11,3,2,1
157544,11,3,1,2
104320,11,3,1,2
65432,11,3,0,3
1916240,11,3,2,1
2371232,11,3,1,2
152096,11,3,2,1
365640,11,3,0,3
147680,11,3,3,0
197720,11,3,2,1
195080,11,3,3,0
2782688,11,3,3,0
211312,11,3,1,2
280728,11,3,2,1
160296,11,3,1,2
5813608,11,3,1,2
440288,11,3,3,0
211328,11,3,1,2
338448,11,3,1,2
574944,11,3,2,1
831768,11,3,3,0
204008,11,3,0,3
254504,11,3,1,2
147392,11,3,1,2
191600,11,3,1,2
1119992,11,3,1,2
70000,11,3,1,2
123456,11,3,2,1
186552,11,3,1,2
637240,11,3,2,1
44800,11,3,1,2
252632,11,3,2,1
261496,11,3,2,1
102720,11,3,0,3
186872,11,3,1,2
222976,11,3,2,1
177088,11,3,0,3
2759928,11,3,1,2
498216,11,3,2,1
97272,11,3,2,1
432352,11,3,2,1
166312,11,3,1,2
269544,11,3,1,2
515696,11,3,2,1
200616,11,3,1,2
221392,11,3,2,1
560376,11,3,1,2
53424,11,3,1,2
62288,11,3,1,2
528584,11,3,1,2
219416,11,3,2,1
178912,11,3,1,2
1113712,11,3,1,2
275480,11,3,2,1
219312,11,3,2,1
206152,11,3,3,0
1563864,11,3,1,2
644608,11,3,3,0
491888,11,3,2,1
258576,11,3,0,3
84112,11,3,2,1
1724872,11,3,1,2
86384,11,3,1,2
106184,11,3,1,2
174912,11,3,1,2
236416,11,3,2,1
112720,11,3,2,1
96288,11,3,1,2
253224,11,3,1,2
131080,11,3,1,2
341952,11,3,3,0
1024888,11,3,3,0
788720,11,3,1,2
551064,11,3,1,2
1224784,11,3,2,1
1137168,11,3,1,2
395344,11,3,1,2
93704,11,3,2,1
248288,11,3,2,1
229408,11,3,1,2
321584,11,3,0,3
280744,11,3,2,1
179784,11,3,2,1
119864,11,3,2,1
1292976,11,3,3,0
813504,11,3,1,2
81008,11,3,2,1
77864,11,3,1,2
132080,11,3,2,1
592760,11,3,2,1
56376,11,3,3,0
156456,11,3,1,2
102960,11,3,3,0
139288,11,3,1,2
1240928,11,3,2,1
291296,11,3,3,0
971208,11,3,3,0
236320,11,3,2,1
72504,11,3,2,1
171496,11,3,2,1
176616,11,3,0,3
132560,11,3,3,0
75168,11,3,0,3
99992,11,3,1,2
133976,11,3,1,2
142248,11,3,0,3
89728,11,3,2,1
480664,11,3,2,1
476752,11,3,1,2
312392,11,3,2,1
81656,11,3,0,3
215624,11,3,2,1
320320,11,3,2,1
112936,11,3,2,1
102752,11,3,2,1
816016,11,3,2,1
320704,11,3,0,3
280352,11,3,1,2
161768,11,3,1,2
1986208,11,3,1,2
257088,11,3,2,1
147672,11,3,1,2
205696,11,3,2,1
1440040,11,3,0,3
140296,11,3,1,2
588856,11,3,2,1
37768,11,3,1,2
548376,11,3,1,2
202120,11,3,2,1
376872,11,3,3,0
372632,11,3,2,1
95848,11,3,3,0
74480,11,3,0,3
357312,11,3,2,1
261008,11,3,2,1
125656,11,3,1,2
68352,11,3,1,2
309600,11,3,2,1
139360,11,3,2,1
118240,11,3,2,1
719776,11,3,1,2
186720,11,3,1,2
87808,11,3,3,0
75544,11,3,2,1
212384,11,3,2,1
257240,11,3,2,1
160968,11,3,3,0
475976,11,3,1,2
93440,11,3,1,2
172728,11,3,3,0
190952,11,3,1,2
323648,11,3,0,3
209176,11,3,2,1
100544,11,3,3,0
249288,11,3,2,1
416560,11,3,1,2
406784,11,3,1,2
809136,11,3,0,3
870584,11,3,1,2
988104,11,3,2,1
222168,11,3,1,2
67176,11,3,1,2
269096,11,3,1,2
258064,11,3,0,3
400736,11,3,1,2
61720,11,3,1,2
141368,11,3,2,1
220136,11,3,3,0
680080,11,3,1,2
103976,11,3,1,2
559936,11,3,3,0
701680,11,3,3,0
66984,11,3,3,0
119984,11,3,1,2
336352,11,3,3,0
553816,11,3,1,2
157336,11,3,0,3
486408,11,3,1,2
324232,11,3,2,1
1099904,11,3,2,1
169816,11,3,2,1
280496,11,3,1,2
276960,11,3,1,2
530576,11,3,0,3
95976,11,3,2,1
295728,11,3,3,0
405800,11,3,1,2
351168,11,3,0,3
152824,11,3,3,0
349104,11,3,2,1
54968,11,3,2,1
106840,11,3,1,2
114464,11,3,1,2
721136,11,3,1,2
426280,11,3,1,2
602744,11,3,1,2
86864,11,3,1,2
937904,11,3,2,1
135816,11,3,1,2
42848,11,3,1,2
58072,11,3,2,1
261296,11,3,1,2
565664,11,3,0,3
295320,11,3,1,2
355200,11,3,2,1
245136,11,3,3,0
84880,11,3,2,1
4514968,11,3,1,2
227936,11,3,0,3
129920,11,3,0,3
392520,11,3,1,2
166584,11,3,0,3
77600,11,3,2,1
150728,11,3,2,1
103824,11,3,1,2
75288,11,3,0,3
626312,11,3,3,0
199848,11,3,1,2
211712,11,3,3,0
384512,11,3,1,2
440936,11,3,0,3
414216,11,3,1,2
125816,11,3,2,1
116488,11,3,1,2
184168,11,3,1,2
294760,11,3,1,2
387192,11,3,2,1
2448280,11,3,2,1
1181328,11,3,1,2
137160,11,3,0,3
296888,11,3,0,3
162536,11,3,1,2
90192,11,3,2,1
207496,11,3,3,0
122864,11,3,2,1
790944,11,3,1,2
253160,11,3,3,0
670632,11,3,3,0
291600,11,3,2,1
155144,11,3,3,0
932792,11,3,2,1
47936,11,3,0,3
85448,11,3,2,1
107592,11,3,3,0
402712,11,3,1,2
65304,11,3,1,2
143408,11,3,0,3
376456,11,3,2,1
459960,11,3,1,2
102992,11,3,1,2
62008,11,3,2,1
176760,11,3,1,2
286064,11,3,1,2
1776816,11,3,1,2
301992,11,3,2,1
474648,11,3,2,1
430440,11,3,3,0
676680,11,3,1,2
310424,11,3,1,2
60488,11,3,0,3
237160,11,3,2,1
246856,11,3,2,1
271520,11,3,1,2
623008,11,3,2,1
618240,11,3,1,2
167512,11,3,3,0
87032,11,3,2,1
142168,11,3,2,1
175520,11,3,2,1
100040,11,3,2,1
430488,11,3,3,0
62840,11,3,1,2
134656,11,3,1,2
531672,11,3,2,1
265560,11,3,1,2
64096,11,3,0,3
146600,11,3,1,2
254376,11,3,2,1
475528,11,3,1,2
191752,11,3,0,3
286320,11,3,1,2
168288,11,3,3,0
166688,11,3,3,0
278960,11,3,3,0
613592,11,3,2,1
368480,11,3,1,2
263264,11,3,2,1
297432,11,3,2,1
176344,11,3,0,3
97440,11,3,3,0
698488,11,3,2,1
144960,11,3,3,0
383264,11,3,1,2
333296,11,3,1,2
130096,11,3,3,0
463392,11,3,2,1
45168,11,3,1,2
356768,11,3,2,1
503152,11,3,2,1
727016,11,3,1,2
919928,11,3,2,1
76552,11,3,2,1
406624,11,3,0,3
690384,11,3,1,2
1561328,11,3,2,1
1457800,11,3,2,1
58160,11,3,1,2
146680,11,3,2,1
196184,11,3,1,2
371280,11,3,1,2
245048,11,3,0,3
110208,11,3,2,1
233232,11,3,1,2
347832,11,3,2,1
119016,11,3,0,3
656992,11,3,3,0
195720,11,3,1,2
92832,11,3,3,0
112032,11,3,3,0
187776,11,3,1,2
501664,11,3,1,2
292656,11,3,1,2
561696,11,3,2,1
607752,11,3,1,2
1027128,11,3,1,2
174528,11,3,1,2
244864,11,3,2,1
95088,11,3,2,1
196008,11,3,3,0
603504,11,3,0,3
126784,11,3,2,1
1099360,11,3,2,1
2302848,11,3,1,2
824816,11,3,1,2
277016,11,3,1,2
146976,11,3,1,2
151320,11,3,2,1
81152,11,3,2,1
118920,11,3,3,0
525904,11,3,1,2
1195776,11,3,0,3
864296,11,3,0,3
253312,11,3,2,1
476448,11,3,2,1
175136,11,3,1,2
316984,11,3,2,1
177648,11,3,2,1
137176,11,3,2,1
1314096,11,3,0,3
657168,11,3,0,3
208248,11,3,2,1
92352,11,3,2,1
122656,11,3,1,2
201064,11,3,0,3
303424,11,3,1,2
166592,11,3,1,2
246952,11,3,3,0
231448,11,3,1,2
2439920,11,3,1,2
154120,11,3,1,2
235760,11,3,1,2
289032,11,3,0,3
161896,11,3,2,1
239104,11,3,1,2
73592,11,3,1,2
143024,11,3,2,1
1192368,11,3,3,0
116800,11,3,2,1
279752,11,3,2,1
349728,11,3,2,1
694680,11,3,1,2
180440,11,3,2,1
142360,11,3,2,1
195704,11,3,1,2
213592,11,3,1,2
60152,11,3,2,1
61200,11,3,0,3
128880,11,3,1,2
447528,11,3,1,2
717720,11,3,0,3
984808,11,3,1,2
305832,11,3,2,1
219384,11,3,2,1
236432,11,3,1,2
229184,11,3,0,3
602368,11,3,0,3
252272,11,3,1,2
1371400,11,3,0,3
2012040,11,3,1,2
61968,11,3,3,0
55712,11,3,1,2
53024,11,3,2,1
1522936,11,3,1,2
273984,11,3,2,1
1317520,11,3,2,1
464464,11,3,2,1
90520,11,3,3,0
323112,11,3,3,0
1089872,11,3,2,1
2311880,11,3,0,3
90104,11,3,1,2
153128,11,3,3,0
257256,11,3,3,0
90768,11,3,1,2
73440,11,3,2,1
282040,11,3,0,3
112632,11,3,2,1
153904,11,3,2,1
666576,11,3,2,1
111632,11,3,0,3
339216,11,3,1,2
186480,11,3,2,1
174648,11,3,0,3
91240,11,3,0,3
77320,11,3,0,3
283200,11,3,0,3
1223920,11,3,0,3
289352,11,3,1,2
539424,11,3,0,3
283504,11,3,1,2
267640,11,3,1,2
116520,11,3,2,1
174064,11,3,2,1
261848,11,3,2,1
1285080,11,3,2,1
113304,11,3,2,1
145040,11,3,1,2
103616,11,3,1,2
330592,11,3,1,2
135608,11,3,1,2
105304,11,3,2,1
252072,11,3,2,1
106224,11,3,0,3
871080,11,3,3,0
152888,11,3,1,2
182656,11,3,2,1
527984,11,3,2,1
70384,11,3,2,1
2123224,11,3,1,2
556224,11,3,1,2
65344,11,3,1,2
169152,11,3,1,2
299088,11,3,2,1
133872,11,3,1,2
248648,11,3,1,2
329568,11,3,1,2
277208,11,3,0,3
230240,11,3,1,2
59096,11,3,2,1
241088,11,3,1,2
163872,11,3,3,0
121448,11,3,1,2
80816,11,3,3,0
152264,11,3,2,1
145768,11,3,1,2
95712,11,3,1,2
237848,11,3,3,0
141784,11,3,1,2
155368,11,3,1,2
229528,11,3,1,2
465016,11,3,0,3
118064,11,3,3,0
88752,11,3,1,2
454984,11,3,0,3
386624,11,3,3,0
324200,11,3,2,1
450384,11,3,0,3
583136,11,3,1,2
104112,11,3,3,0
82560,11,3,3,0
189864,11,3,0,3
309424,11,3,0,3
143448,11,3,1,2
294384,11,3,3,0
582416,11,3,2,1
51864,11,3,2,1
398920,11,3,1,2
153672,11,3,2,1
257984,11,3,0,3
384496,11,3,0,3
313856,11,3,2,1
455208,11,3,0,3
299328,11,3,2,1
290136,11,3,1,2
224088,11,3,1,2
302136,11,3,3,0
196432,11,3,1,2
570880,11,3,1,2
730216,11,3,1,2
697336,11,3,3,0
459344,11,3,2,1
121896,11,3,3,0
162312,11,3,2,1
234856,11,3,2,1
199712,11,3,0,3
136112,11,3,2,1
247608,11,3,2,1
634928,11,3,3,0
59368,11,3,0,3
224248,11,3,1,2
119624,11,3,2,1
193056,11,3,2,1
1087552,11,3,1,2
82648,11,3,1,2
552504,11,3,1,2
379208,11,3,1,2
108024,11,3,0,3
216528,11,3,3,0
156992,11,3,0,3
38872,11,3,2,1
175584,11,3,2,1
518104,11,3,0,3
710352,11,3,2,1
219824,11,3,2,1
507880,11,3,3,0
581304,11,3,1,2
286792,11,3,3,0
559656,11,3,3,0
204560,11,3,1,2
1013992,11,3,2,1
217984,11,3,1,2
153872,11,3,2,1
142720,11,3,2,1
404960,11,3,2,1
148504,11,3,3,0
2383112,11,3,2,1
519176,11,3,2,1
518304,11,3,1,2
243592,11,3,1,2
247624,11,3,2,1
1614032,11,3,2,1
243912,11,3,2,1
832544,11,3,2,1
406528,11,3,1,2
115432,11,3,2,1
208728,11,3,2,1
99112,11,3,2,1
105656,11,3,2,1
116024,11,3,0,3
254648,11,3,0,3
265752,11,3,1,2
227016,11,3,1,2
35872,11,3,1,2
108616,11,3,1,2
563576,11,3,1,2
1206448,11,3,1,2
163392,11,3,1,2
194448,11,3,1,2
573176,11,3,3,0
100272,11,3,3,0
731024,11,3,1,2
296312,11,3,2,1
172872,11,3,2,1
491616,11,3,2,1
202288,11,3,2,1
89944,11,3,0,3
301688,11,3,2,1
203632,11,3,1,2
283472,11,3,1,2
285520,11,3,1,2
1819008,11,3,1,2
170088,11,3,1,2
339624,11,3,2,1
593352,11,3,0,3
813640,11,3,2,1
685448,11,3,1,2
340584,11,3,2,1
217624,11,3,3,0
1087440,11,3,3,0
626872,11,3,1,2
496176,11,3,2,1
182928,11,3,1,2
183520,11,3,2,1
169776,11,3,1,2
124192,11,3,1,2
317480,11,3,2,1
159136,11,3,2,1
89696,11,3,0,3
910128,11,3,2,1
325304,11,3,3,0
94552,11,3,2,1
86176,11,3,2,1
165584,11,3,1,2
514248,11,3,3,0
239176,11,3,0,3
509688,11,3,1,2
172272,11,3,3,0
382872,11,3,2,1
191384,11,3,1,2
300712,11,3,3,0
269480,11,3,1,2
499616,11,3,0,3
179488,11,3,2,1
99432,11,3,2,1
677440,11,3,2,1
1388032,11,3,1,2
285056,11,3,2,1
317264,11,3,0,3
90416,11,3,2,1
351000,11,3,3,0
700280,11,3,1,2
500824,11,3,1,2
346304,11,3,2,1
295936,11,3,1,2
106920,11,3,1,2
374528,11,3,3,0
186608,11,3,0,3
2044504,11,3,0,3
173672,11,3,3,0
64744,11,3,2,1
1657912,11,3,2,1
91216,11,3,1,2
883216,11,3,1,2
160040,11,3,1,2
323952,11,3,0,3
4697552,11,3,3,0
243256,11,3,2,1
114768,11,3,2,1
646736,11,3,1,2
969320,11,3,2,1
365408,11,3,2,1
822128,11,3,1,2
1785408,11,3,1,2
107360,11,3,1,2
298464,11,3,3,0
168776,11,3,2,1
379872,11,3,1,2
101128,11,3,1,2
326408,11,3,1,2
120416,11,3,2,1
68208,11,3,2,1
136616,11,3,3,0
72168,11,3,1,2
492160,11,3,1,2
153848,11,3,3,0
171144,11,3,2,1
330328,11,3,3,0
659432,11,3,3,0
708576,11,3,0,3
1927448,11,3,2,1
87376,11,3,2,1
54672,11,3,0,3
248944,11,3,1,2
226304,11,3,1,2
244496,11,3,2,1
69384,11,3,0,3
194088,11,3,2,1
112608,11,3,1,2
347456,11,3,2,1
142760,11,3,2,1
57088,11,3,2,1
78176,11,3,1,2
350688,11,3,2,1
165128,11,3,1,2
353464,11,3,3,0
3941096,11,3,1,2
106168,11,3,1,2
191872,11,3,1,2
214280,11,3,2,1
141520,11,3,1,2
57888,11,3,2,1
704352,11,3,1,2
850568,11,3,1,2
313608,11,3,0,3
382328,11,3,3,0
990368,11,3,1,2
143472,11,3,1,2
122736,11,3,1,2
178592,11,3,1,2
134360,11,3,2,1
1263568,11,3,2,1
236016,11,3,1,2
3402616,11,3,2,1
766832,11,3,3,0
91520,11,3,1,2
114536,11,3,3,0
137600,11,3,2,1
225544,11,3,3,0
88248,11,3,1,2
372856,11,3,1,2
126104,11,3,1,2
270968,11,3,3,0
915024,11,3,1,2
235392,11,3,1,2
563360,11,3,1,2
286080,11,3,2,1
162512,11,3,1,2
212992,11,3,1,2
248016,11,3,2,1
591920,11,3,2,1
186424,11,3,2,1
115200,11,3,1,2
124672,11,3,2,1
445840,11,3,2,1
133624,11,3,2,1
211696,11,3,3,0
522056,11,3,3,0
310088,11,3,2,1
565560,11,3,1,2
456632,11,3,1,2
193472,11,3,1,2
215704,11,3,2,1
416352,11,3,0,3
82112,11,3,1,2
602920,11,3,0,3
2556768,11,3,2,1
81384,11,3,3,0
177016,11,3,1,2
917952,11,3,1,2
98312,11,3,1,2
200088,11,3,1,2
188640,11,3,2,1
371840,11,3,0,3
158096,11,3,2,1
226040,11,3,3,0
493224,11,3,0,3
665912,11,3,1,2
126424,11,3,0,3
177840,11,3,1,2
180928,11,3,2,1
599480,11,3,1,2
681648,11,3,0,3
166168,11,3,1,2
393520,11,3,2,1
162664,11,3,3,0
4410176,11,3,1,2
553352,11,3,1,2
65736,11,3,2,1
249224,11,3,2,1
122784,11,3,2,1
109160,11,3,1,2
185768,11,3,1,2
216464,11,3,0,3
773152,11,3,0,3
205928,11,3,3,0
69088,11,3,2,1
498560,11,3,2,1
787864,11,3,0,3
222456,11,3,2,1
465920,11,3,2,1
73776,11,3,1,2
1009824,11,3,1,2
96208,11,3,3,0
114208,11,3,2,1
133304,11,3,1,2
246496,11,3,0,3
124136,11,3,3,0
126272,11,3,2,1
332032,11,3,1,2
388464,11,3,2,1
1059496,11,3,2,1
1031240,11,3,1,2
188616,11,3,1,2
233632,11,3,3,0
298888,11,3,2,1
61616,11,3,2,1
84672,11,3,3,0
155832,11,3,2,1
260552,11,3,1,2
188936,11,3,0,3
257968,11,3,0,3
792816,11,3,3,0
916592,11,3,1,2
283168,11,3,1,2
180840,11,3,2,1
974896,11,3,1,2
128088,11,3,2,1
469784,11,3,2,1
191240,11,3,2,1
237048,11,3,1,2
1646848,11,3,2,1
159704,11,3,2,1
187240,11,3,1,2
94928,11,3,0,3
251888,11,3,3,0
260600,11,3,0,3
1242776,11,3,1,2
367288,11,3,1,2
460712,11,3,1,2
354976,11,3,2,1
2238016,11,3,2,1
2907624,11,3,3,0
287704,11,3,2,1
200072,11,3,2,1
276312,11,3,2,1
138568,11,3,2,1
63376,11,3,0,3
165824,11,3,2,1
427096,11,3,1,2
336192,11,3,1,2
760680,11,3,2,1
178752,11,3,1,2
301592,11,3,3,0
179896,11,3,2,1
171560,11,3,0,3
272208,11,3,1,2
93136,11,3,1,2
349344,11,3,2,1
360264,11,3,1,2
107960,11,3,1,2
193080,11,3,1,2
1610264,11,3,1,2
304352,11,3,2,1
755648,11,3,1,2
117712,11,3,1,2
101592,11,3,1,2
71112,11,3,1,2
99824,11,3,2,1
142456,11,3,1,2
255808,11,3,2,1
108872,11,3,1,2
247272,11,3,2,1
536192,11,3,1,2
66088,11,3,2,1
187360,11,3,1,2
46784,11,3,1,2
99944,11,3,2,1
179248,11,3,2,1
260944,11,3,3,0
2747800,11,3,3,0
167600,11,3,0,3
223584,11,3,3,0
262112,11,3,3,0
170984,11,3,1,2
98768,11,3,1,2
238888,11,3,1,2
276480,11,3,3,0
210536,11,3,1,2
189480,11,3,1,2
292864,11,3,1,2
72024,11,3,2,1
289968,11,3,2,1
7120288,11,3,1,2
324984,11,3,0,3
1410112,11,3,0,3
95280,11,3,1,2
278232,11,3,2,1
234952,11,3,0,3
133640,11,3,2,1
192776,11,3,3,0
169976,11,3,2,1
259856,11,3,2,1
287240,11,3,1,2
131576,11,3,2,1
161064,11,3,1,2
80664,11,3,1,2
203496,11,3,1,2
315840,11,3,2,1
60104,11,3,0,3
402032,11,3,0,3
868992,11,3,3,0
121704,11,3,2,1
140304,11,3,0,3
222712,11,3,3,0
72448,11,3,1,2
601456,11,3,1,2
298032,11,3,2,1
300536,11,3,3,0
112784,11,3,2,1
218872,11,3,2,1
383664,11,3,2,1
270168,11,3,3,0
1668256,11,3,1,2
65944,11,3,0,3
501728,11,3,1,2
258264,11,3,2,1
134376,11,3,2,1
136320,11,3,2,1
116352,11,3,1,2
1312912,11,3,3,0
57568,11,3,2,1
69808,11,3,1,2
846528,11,3,3,0
49936,11,3,0,3
192680,11,3,3,0
217144,11,3,2,1
199672,11,3,0,3
88680,11,3,1,2
188240,11,3,1,2
842432,11,3,1,2
127872,11,3,2,1
285984,11,3,2,1
89376,11,3,1,2
106384,11,3,1,2
113128,11,3,2,1
212136,11,3,3,0
185904,11,3,1,2
56992,11,3,2,1
177576,11,3,2,1
103576,11,3,2,1
88920,11,3,1,2
688824,11,3,2,1
157960,11,3,0,3
72736,11,3,2,1
91120,11,3,1,2
309936,11,3,2,1
211408,11,3,2,1
758752,11,3,2,1
171920,11,3,1,2
623592,11,3,1,2
245408,11,3,0,3
244664,11,3,0,3
376880,11,3,2,1
271232,11,3,2,1
327216,11,3,1,2
264208,11,3,2,1
1650440,11,3,2,1
677152,11,3,2,1
109200,11,3,1,2
494912,11,3,0,3
85120,11,3,3,0
96184,11,3,1,2
321696,11,3,1,2
258592,11,3,1,2
511408,11,3,1,2
494760,11,3,1,2
490248,11,3,2,1
245152,11,3,1,2
101400,11,3,1,2
179152,11,3,1,2
563208,11,3,1,2
371408,11,3,1,2
395320,11,3,3,0
125648,11,3,2,1
106496,11,3,0,3
158024,11,3,2,1
197680,11,3,2,1
189776,11,3,0,3
345296,11,3,2,1
146432,11,3,2,1
154240,11,3,1,2
699560,11,3,2,1
219968,11,3,1,2
174248,11,3,0,3
81536,11,3,1,2
524472,11,3,2,1
229624,11,3,1,2
317816,11,3,1,2
1232760,11,3,3,0
203736,11,3,2,1
310616,11,3,1,2
198824,11,3,2,1
1577672,11,3,3,0
187960,11,3,3,0
277968,11,3,1,2
239632,11,3,2,1
283808,11,3,1,2
392608,11,3,2,1
321544,11,3,2,1
1392952,11,3,0,3
62936,11,3,1,2
1018200,11,3,2,1
226768,11,3,1,2
487616,11,3,2,1
344896,11,3,1,2
204144,11,3,2,1
245928,11,3,2,1
130968,11,3,1,2
483072,11,3,1,2
1649144,11,3,3,0
548184,11,3,1,2
173152,11,3,2,1
121664,11,3,3,0
90072,11,3,3,0
311136,11,3,2,1
2426816,11,3,0,3
53144,11,3,2,1
159040,11,3,0,3
146392,11,3,1,2
265352,11,3,2,1
939112,11,3,3,0
165064,11,3,0,3
205336,11,3,1,2
396096,11,3,2,1
71504,11,3,1,2
254456,11,3,1,2
81576,11,3,1,2
260120,11,3,3,0
101552,11,3,2,1
349968,11,3,1,2
1907080,11,3,2,1
186304,11,3,1,2
123792,11,3,3,0
141768,11,3,1,2
671128,11,3,0,3
396128,11,3,0,3
73888,11,3,1,2
362024,11,3,2,1
236264,11,3,2,1
467960,11,3,1,2
153512,11,3,0,3
624288,11,3,0,3
292248,11,3,1,2
1613296,11,3,2,1
822464,11,3,1,2
121272,11,3,2,1
75992,11,3,3,0
74136,11,3,2,1
113472,11,3,2,1
74552,11,3,1,2
204960,11,3,2,1
123216,11,3,3,0
356064,11,3,1,2
795856,11,3,1,2
168944,11,3,1,2
283824,11,3,1,2
922648,11,3,2,1
858184,11,3,1,2
66032,11,3,1,2
419568,11,3,0,3
406192,11,3,0,3
300664,11,3,1,2
250328,11,3,2,1
161296,11,3,1,2
319696,11,3,2,1
182904,11,3,1,2
321408,11,3,3,0
65112,11,3,2,1
540400,11,3,2,1
372360,11,3,1,2
122792,11,3,2,1
268400,11,3,1,2
1314816,11,3,2,1
308608,11,3,2,1
239712,11,3,1,2
86024,11,3,1,2
366536,11,3,1,2
1529112,11,3,1,2
347432,11,3,2,1
328760,11,3,0,3
84736,11,3,1,2
559960,11,3,1,2
76576,11,3,2,1
351688,11,3,2,1
389384,11,3,2,1
100160,11,3,3,0
600848,11,3,3,0
110296,11,3,0,3
39056,11,3,2,1
228568,11,3,1,2
75480,11,3,1,2
87960,11,3,0,3
137632,11,3,1,2
329640,11,3,1,2
1665944,11,3,1,2
251488,11,3,3,0
259920,11,3,1,2
172640,11,3,2,1
457704,11,3,1,2
208928,11,3,1,2
139048,11,3,2,1
251736,11,3,3,0
971704,11,3,2,1
409192,11,3,1,2
104992,11,3,2,1
2322904,11,3,1,2
97728,11,3,2,1
278056,11,3,1,2
331960,11,3,1,2
55144,11,3,2,1
91632,11,3,2,1
146624,11,3,2,1
708656,11,3,1,2
282448,11,3,1,2
160224,11,3,1,2
61032,11,3,1,2
315768,11,3,0,3
2718672,11,3,3,0
109184,11,3,2,1
239616,11,3,1,2
311920,11,3,1,2
355104,11,3,1,2
765912,11,3,1,2
618136,11,3,2,1
142768,11,3,0,3
275840,11,3,1,2
330800,11,3,0,3
2619968,11,3,3,0
286120,11,3,3,0
69408,11,3,2,1
106912,11,3,1,2
167552,11,3,1,2
1521008,11,3,1,2
839984,11,3,2,1
870528,11,3,3,0
405752,11,3,1,2
74072,11,3,2,1
334536,11,3,1,2
471912,11,3,1,2
163736,11,3,2,1
438688,11,3,1,2
356040,11,3,1,2
177704,11,3,2,1
161528,11,3,1,2
375200,11,3,0,3
106232,11,3,1,2
975408,11,3,1,2
195896,11,3,1,2
2583344,11,3,2,1
120096,11,3,2,1
978704,11,3,2,1
133408,11,3,2,1
108232,11,3,2,1
167416,11,3,0,3
357192,11,3,2,1
126952,11,3,2,1
511752,11,3,2,1
284912,11,3,2,1
168344,11,3,1,2
61192,11,3,1,2
148848,11,3,2,1
310096,11,3,1,2
71232,11,3,1,2
572648,11,3,2,1
364712,11,3,2,1
486384,11,3,2,1
1549048,11,3,1,2
344296,11,3,3,0
118552,11,3,2,1
235088,11,3,2,1
283048,11,3,1,2
122712,11,3,2,1
135112,11,3,1,2
161280,11,3,2,1
557368,11,3,1,2
285824,11,3,2,1
107832,11,3,1,2
892736,11,3,1,2
329736,11,3,1,2
415464,11,3,2,1
284352,11,3,2,1
6865608,11,3,1,2
136232,11,3,1,2
3196488,11,3,2,1
101112,11,3,1,2
277936,11,3,1,2
206904,11,3,0,3
160392,11,3,1,2
204256,11,3,1,2
115248,11,3,2,1
91312,11,3,2,1
108984,11,3,0,3
83472,11,3,1,2
111408,11,3,0,3
441440,11,3,1,2
331384,11,3,1,2
256536,11,3,1,2
1390904,11,3,2,1
1099352,11,3,0,3
753496,11,3,2,1
96568,11,3,0,3
140504,11,3,0,3
119856,11,3,3,0
328400,11,3,2,1
281456,11,3,0,3
3499624,11,3,2,1
510176,11,3,1,2
1614824,11,3,2,1
776112,11,3,2,1
97864,11,3,2,1
133984,11,3,1,2
219360,11,3,0,3
904008,11,3,2,1
651672,11,3,2,1
176712,11,3,2,1
125880,11,3,2,1
494936,11,3,1,2
190104,11,3,2,1
159944,11,3,3,0
420968,11,3,1,2
1683200,11,3,3,0
896048,11,3,1,2
304808,11,3,3,0
85744,11,3,2,1
438944,11,3,2,1
324008,11,3,1,2
459392,11,3,1,2
62280,11,3,2,1
110720,11,3,2,1
86744,11,3,2,1
176464,11,3,2,1
128488,11,3,2,1
320112,11,3,3,0
261704,11,3,2,1
253920,11,3,2,1
939864,11,3,1,2
99616,11,3,2,1
47176,11,3,1,2
273576,11,3,2,1
133744,11,3,1,2
80720,11,3,2,1
62016,11,3,2,1
93944,11,3,1,2
164712,11,3,1,2
75720,11,3,3,0
221968,11,3,1,2
2251448,11,3,2,1
477688,11,3,0,3
130472,11,3,1,2
216240,11,3,0,3
244232,11,3,2,1
90592,11,3,1,2
181232,11,3,1,2
108008,11,3,1,2
90576,11,3,3,0
195200,11,3,2,1
383808,11,3,3,0
201840,11,3,1,2
1019024,11,3,1,2
120296,11,3,2,1
419400,11,3,2,1
697288,11,3,1,2
687328,11,3,1,2
230360,11,3,2,1
102200,11,3,1,2
1338616,11,3,2,1
293832,11,3,2,1
57584,11,3,3,0
187320,11,3,1,2
268976,11,3,1,2
106320,11,3,2,1
122584,11,3,0,3
431064,11,3,1,2
581832,11,3,1,2
75624,11,3,1,2
715824,11,3,1,2
192120,11,3,2,1
1769520,11,3,0,3
155768,11,3,2,1
270744,11,3,0,3
48952,11,3,2,1
96176,11,3,1,2
169216,11,3,1,2
101496,11,3,2,1
86600,11,3,1,2
137168,11,3,1,2
237056,11,3,3,0
278032,11,3,2,1
327064,11,3,2,1
346320,11,3,1,2
144152,11,3,1,2
255352,11,3,0,3
298648,11,3,2,1
61248,11,3,1,2
320760,11,3,1,2
423832,11,3,1,2
68416,11,3,0,3
517424,11,3,1,2
38792,11,3,0,3
622664,11,3,1,2
411080,11,3,2,1
190360,11,3,2,1
144160,11,3,1,2
227600,11,3,0,3
219144,11,3,2,1
106752,11,3,2,1
127832,11,3,2,1
203888,11,3,1,2
413264,11,3,1,2
64624,11,3,2,1
274776,11,3,1,2
121096,11,3,1,2
59688,11,3,0,3
516496,11,3,1,2
3150360,11,3,3,0
261712,11,3,2,1
160192,11,3,1,2
278096,11,3,1,2
437536,11,3,2,1
113560,11,3,1,2
260024,11,3,3,0
105568,11,3,2,1
88216,11,3,1,2
62344,11,3,3,0
766504,11,3,0,3
146016,11,3,2,1
161464,11,3,0,3
143960,11,3,0,3
185360,11,3,2,1
153056,11,3,1,2
266088,11,3,1,2
187440,11,3,2,1
707344,11,3,2,1
743768,11,3,2,1
64440,11,3,0,3
250208,11,3,0,3
121416,11,3,1,2
139336,11,3,2,1
334576,11,3,2,1
127464,11,3,3,0
180896,11,3,1,2
846680,11,3,2,1
277704,11,3,1,2
50472,11,3,1,2
92512,11,3,2,1
620800,11,3,1,2
204400,11,3,0,3
554008,11,3,2,1
200432,11,3,0,3
294424,11,3,1,2
251520,11,3,1,2
303280,11,3,1,2
182528,11,3,2,1
286728,11,3,1,2
383312,11,3,2,1
83368,11,3,1,2
119488,11,3,1,2
3642320,11,3,2,1
356584,11,3,1,2
123272,11,3,3,0
225232,11,3,1,2
1166880,11,3,1,2
769696,11,3,1,2
2107408,11,3,1,2
1304368,11,3,2,1
146784,11,3,2,1
142264,11,3,1,2
374208,11,3,2,1
85936,11,3,0,3
659472,11,3,1,2
156680,11,3,2,1
333968,11,3,1,2
244224,11,3,2,1
198760,11,3,1,2
163112,11,3,1,2
198520,11,3,2,1
59840,11,3,0,3
135304,11,3,2,1
114640,11,3,0,3
214984,11,3,3,0
183016,11,3,1,2
271424,11,3,3,0
390560,11,3,2,1
178568,11,3,0,3
137912,11,3,1,2
113680,11,3,1,2
82144,11,3,2,1
92944,11,3,1,2
127288,11,3,2,1
80232,11,3,2,1
653808,11,3,0,3
818864,11,3,0,3
70664,11,3,0,3
324320,11,3,2,1
940816,11,3,1,2
217032,11,3,1,2
150888,11,3,3,0
121512,11,3,0,3
958896,11,3,0,3
250088,11,3,2,1
424680,11,3,1,2
641664,11,3,2,1
1251824,11,3,1,2
349864,11,3,1,2
116112,11,3,1,2
527440,11,3,2,1
74928,11,3,1,2
136280,11,3,3,0
70024,11,3,3,0
174016,11,3,1,2
370864,11,3,2,1
251976,11,3,0,3
138504,11,3,3,0
719792,11,3,2,1
203608,11,3,2,1
455088,11,3,2,1
116592,11,3,2,1
444784,11,3,2,1
206048,11,3,1,2
525536,11,3,2,1
377616,11,3,1,2
450736,11,3,0,3
683384,11,3,2,1
70760,11,3,0,3
171832,11,3,1,2
85528,11,3,1,2
303968,11,3,3,0
220384,11,3,1,2
320232,11,3,2,1
604016,11,3,1,2
124448,11,3,2,1
191376,11,3,1,2
225888,11,3,2,1
740448,11,3,2,1
84632,11,3,1,2
269160,11,3,1,2
1332968,11,3,1,2
70328,11,3,2,1
233920,11,3,1,2
201824,11,3,2,1
875576,11,3,2,1
118600,11,3,2,1
553624,11,3,3,0
161048,11,3,0,3
287600,11,3,1,2
1603640,11,3,3,0
168848,11,3,2,1
222520,11,3,1,2
67464,11,3,1,2
840416,11,3,2,1
33088,11,3,0,3
132128,11,3,0,3
507336,11,3,2,1
377304,11,3,2,1
76112,11,3,1,2
457224,11,3,3,0
236968,11,3,2,1
212664,11,3,1,2
77616,11,3,2,1
85792,11,3,1,2
132552,11,3,2,1
103808,11,3,1,2
195936,11,3,1,2
260936,11,3,2,1
492080,11,3,0,3
471168,11,3,2,1
136960,11,3,2,1
66000,11,3,2,1
716072,11,3,2,1
125376,11,3,2,1
356920,11,3,1,2
767352,11,3,2,1
291864,11,3,2,1
205520,11,3,2,1
1613792,11,3,3,0
615152,11,3,0,3
97552,11,3,2,1
122352,11,3,1,2
608160,11,3,2,1
92816,11,3,2,1
319168,11,3,1,2
565184,11,3,1,2
249408,11,3,1,2
318136,11,3,1,2
403136,11,3,2,1
236896,11,3,2,1
178480,11,3,1,2
401032,11,3,2,1
1178192,11,3,1,2
165008,11,3,1,2
92056,11,3,1,2
210904,11,3,1,2
364656,11,3,2,1
154592,11,3,2,1
1496416,11,3,1,2
215456,11,3,3,0
131888,11,3,1,2
108432,11,3,3,0
316432,11,3,2,1
109536,11,3,1,2
134792,11,3,0,3
1175048,11,3,0,3
102488,11,3,1,2
159160,11,3,3,0
137552,11,3,3,0
545712,11,3,0,3
790000,11,3,3,0
348056,11,3,1,2
231440,11,3,1,2
121120,11,3,2,1
172256,11,3,2,1
555784,11,3,2,1
309096,11,3,1,2
223800,11,3,0,3
555312,11,3,1,2
308384,11,3,2,1
234208,11,3,3,0
874680,11,3,1,2
960472,11,3,2,1
397008,11,3,2,1
571696,11,3,1,2
595016,11,3,0,3
106448,11,3,2,1
854416,11,3,2,1
225192,11,3,1,2
499368,11,3,2,1
1223216,11,3,1,2
218432,11,3,0,3
122992,11,3,2,1
66800,11,3,1,2
274152,11,3,1,2
245904,11,3,1,2
337288,11,3,1,2
257552,11,3,2,1
547512,11,3,0,3
126416,11,3,2,1
84664,11,3,2,1
225664,11,3,2,1
298744,11,3,2,1
87608,11,3,2,1
371576,11,3,2,1
217088,11,3,2,1
101696,11,3,0,3
144016,11,3,1,2
6265856,11,3,3,0
560896,11,3,1,2
234792,11,3,1,2
150264,11,3,3,0
296648,11,3,2,1
252320,11,3,2,1
1198056,11,3,2,1
490672,11,3,0,3
192784,11,3,2,1
191968,11,3,2,1
178224,11,3,1,2
48312,11,3,1,2
193848,11,3,3,0
105240,11,3,1,2
762024,11,3,3,0
51088,11,3,1,2
111896,12,3,2,1
58328,12,3,2,1
448880,12,3,2,1
431744,12,3,1,2
114440,12,3,2,1
493640,12,3,1,2
153640,12,3,3,0
386968,12,3,3,0
172512,12,3,2,1
292224,12,3,0,3
863312,12,3,2,1
800048,12,3,2,1
68968,12,3,2,1
756168,12,3,2,1
114904,12,3,1,2
177680,12,3,0,3
339096,12,3,3,0
441616,12,3,0,3
39720,12,3,1,2
186640,12,3,1,2
345608,12,3,1,2
181224,12,3,1,2
216104,12,3,2,1
111384,12,3,2,1
483120,12,3,1,2
297096,12,3,1,2
139848,12,3,1,2
203664,12,3,3,0
155480,12,3,3,0
90112,12,3,2,1
417416,12,3,0,3
160600,12,3,1,2
83648,12,3,3,0
1276272,12,3,1,2
1576320,12,3,2,1
337664,12,3,0,3
674616,12,3,3,0
183208,12,3,1,2
147064,12,3,1,2
211072,12,3,1,2
385680,12,3,3,0
1597552,12,3,3,0
533576,12,3,1,2
2430032,12,3,1,2
436472,12,3,3,0
81688,12,3,3,0
161448,12,3,1,2
435384,12,3,2,1
136864,12,3,0,3
6405640,12,3,1,2
237640,12,3,1,2
89616,12,3,2,1
70456,12,3,1,2
621248,12,3,2,1
146408,12,3,1,2
275856,12,3,2,1
180424,12,3,2,1
438632,12,3,0,3
163640,12,3,2,1
861136,12,3,1,2
355928,12,3,0,3
249920,12,3,1,2
65336,12,3,3,0
514960,12,3,1,2
288384,12,3,2,1
97224,12,3,3,0
424768,12,3,2,1
130848,12,3,2,1
184664,12,3,1,2
105776,12,3,0,3
470496,12,3,2,1
122976,12,3,3,0
813272,12,3,1,2
1129288,12,3,1,2
193496,12,3,1,2
152200,12,3,1,2
551752,12,3,0,3
245800,12,3,2,1
236360,12,3,1,2
82264,12,3,2,1
326064,12,3,1,2
174128,12,3,1,2
124432,12,3,2,1
120424,12,3,2,1
170120,12,3,2,1
136240,12,3,1,2
115960,12,3,1,2
61648,12,3,1,2
188912,12,3,1,2
129216,12,3,1,2
458056,12,3,1,2
2011944,12,3,1,2
187088,12,3,0,3
334024,12,3,0,3
988616,12,3,2,1
183904,12,3,2,1
778288,12,3,3,0
146552,12,3,1,2
124968,12,3,0,3
183040,12,3,3,0
82824,12,3,2,1
955608,12,3,1,2
107288,12,3,1,2
206232,12,3,1,2
193616,12,3,1,2
128456,12,3,1,2
359888,12,3,0,3
250296,12,3,1,2
1024088,12,3,1,2
333152,12,3,2,1
228208,12,3,1,2
695480,12,3,1,2
315968,12,3,3,0
264088,12,3,2,1
78240,12,3,3,0
1496232,12,3,2,1
448544,12,3,2,1
73640,12,3,1,2
165056,12,3,1,2
1160440,12,3,2,1
1759872,12,3,1,2
69360,12,3,2,1
187224,12,3,1,2
83680,12,3,2,1
239752,12,3,0,3
316856,12,3,2,1
352440,12,3,1,2
369200,12,3,1,2
151408,12,3,2,1
88264,12,3,0,3
382912,12,3,1,2
49696,12,3,1,2
44648,12,3,1,2
337136,12,3,1,2
165944,12,3,1,2
170672,12,3,1,2
123616,12,3,2,1
876896,12,3,1,2
359752,12,3,1,2
772968,12,3,2,1
121872,12,3,1,2
142672,12,3,2,1
581104,12,3,0,3
277648,12,3,1,2
48080,12,3,1,2
95448,12,3,0,3
69400,12,3,1,2
95896,12,3,1,2
97016,12,3,2,1
550656,12,3,0,3
76136,12,3,1,2
300280,12,3,0,3
247560,12,3,3,0
492264,12,3,3,0
149624,12,3,1,2
1733856,12,3,0,3
861328,12,3,2,1
265944,12,3,3,0
52312,12,3,1,2
306144,12,3,0,3
129496,12,3,2,1
52232,12,3,3,0
209048,12,3,2,1
341016,12,3,1,2
118280,12,3,1,2
156632,12,3,0,3
134544,12,3,1,2
662712,12,3,1,2
406056,12,3,2,1
34504,12,3,2,1
199360,12,3,2,1
485632,12,3,3,0
245760,12,3,1,2
178488,12,3,1,2
239360,12,3,2,1
49720,12,3,2,1
111360,12,3,0,3
93408,12,3,2,1
74024,12,3,3,0
62912,12,3,3,0
379952,12,3,2,1
537176,12,3,0,3
97136,12,3,1,2
68312,12,3,2,1
601504,12,3,0,3
241400,12,3,2,1
908624,12,3,2,1
519472,12,3,2,1
574408,12,3,1,2
648384,12,3,2,1
140472,12,3,2,1
53928,12,3,2,1
415136,12,3,1,2
329384,12,3,2,1
180688,12,3,3,0
287192,12,3,2,1
273672,12,3,2,1
1120424,12,3,2,1
1173736,12,3,1,2
1113424,12,3,1,2
1611328,12,3,2,1
374928,12,3,0,3
466952,12,3,2,1
388344,12,3,2,1
1634640,12,3,1,2
357952,12,3,2,1
50656,12,3,0,3
250784,12,3,1,2
135480,12,3,1,2
155896,12,3,0,3
142952,12,3,1,2
239552,12,3,1,2
217024,12,3,1,2
189000,12,3,3,0
451344,12,3,2,1
298880,12,3,0,3
343344,12,3,3,0
109408,12,3,2,1
188224,12,3,3,0
445192,12,3,0,3
86648,12,3,2,1
101704,12,3,2,1
86456,12,3,2,1
213288,12,3,2,1
804496,12,3,0,3
867296,12,3,2,1
773920,12,3,1,2
406312,12,3,0,3
200568,12,3,3,0
297176,12,3,0,3
128792,12,3,1,2
420288,12,3,2,1
624792,12,3,2,1
207560,12,3,0,3
304360,12,3,2,1
503856,12,3,2,1
595008,12,3,2,1
71840,12,3,2,1
215432,12,3,0,3
193464,12,3,1,2
297544,12,3,2,1
85768,12,3,2,1
1210608,12,3,1,2
2157832,12,3,0,3
497008,12,3,1,2
86944,12,3,3,0
325696,12,3,1,2
263008,12,3,2,1
458920,12,3,1,2
100192,12,3,2,1
509456,12,3,2,1
154344,12,3,2,1
94400,12,3,0,3
152304,12,3,3,0
281208,12,3,2,1
345704,12,3,2,1
996368,12,3,1,2
414208,12,3,0,3
113248,12,3,3,0
217000,12,3,3,0
304944,12,3,2,1
222536,12,3,2,1
468440,12,3,2,1
319296,12,3,1,2
181720,12,3,1,2
544088,12,3,1,2
149152,12,3,1,2
96808,12,3,0,3
424168,12,3,2,1
158016,12,3,0,3
582304,12,3,1,2
345104,12,3,1,2
226920,12,3,2,1
74648,12,3,2,1
279912,12,3,1,2
81032,12,3,1,2
454680,12,3,1,2
102648,12,3,2,1
164136,12,3,0,3
200048,12,3,2,1
72424,12,3,2,1
135016,12,3,1,2
57872,12,3,1,2
140136,12,3,0,3
262224,12,3,2,1
410072,12,3,2,1
151432,12,3,2,1
651352,12,3,3,0
91056,12,3,2,1
442080,12,3,1,2
194512,12,3,1,2
622584,12,3,0,3
378648,12,3,2,1
266872,12,3,2,1
84336,12,3,0,3
479232,12,3,2,1
409384,12,3,1,2
212088,12,3,1,2
131120,12,3,2,1
805048,12,3,2,1
243760,12,3,0,3
180360,12,3,0,3
1152248,12,3,2,1
305816,12,3,1,2
138048,12,3,2,1
152920,12,3,2,1
121352,12,3,2,1
417008,12,3,3,0
92544,12,3,2,1
173768,12,3,2,1
222016,12,3,2,1
96592,12,3,2,1
149640,12,3,2,1
60568,12,3,0,3
38976,12,3,2,1
187272,12,3,2,1
632848,12,3,1,2
741472,12,3,1,2
225424,12,3,1,2
186192,12,3,3,0
820608,12,3,2,1
148896,12,3,3,0
192408,12,3,2,1
410280,12,3,2,1
431368,12,3,2,1
615928,12,3,1,2
717280,12,3,2,1
397784,12,3,1,2
166296,12,3,1,2
154336,12,3,1,2
260280,12,3,2,1
291928,12,3,2,1
95688,12,3,2,1
189672,12,3,1,2
226608,12,3,2,1
899984,12,3,2,1
413632,12,3,1,2
69848,12,3,0,3
284784,12,3,2,1
462448,12,3,1,2
441000,12,3,1,2
137528,12,3,3,0
1069744,12,3,2,1
1101224,12,3,1,2
328664,12,3,2,1
235016,12,3,2,1
180112,12,3,2,1
398744,12,3,3,0
225464,12,3,2,1
64144,12,3,3,0
85248,12,3,1,2
166744,12,3,2,1
228520,12,3,1,2
1006256,12,3,1,2
275880,12,3,0,3
100216,12,3,3,0
175096,12,3,0,3
595848,12,3,1,2
2003368,12,3,0,3
119976,12,3,1,2
119848,12,3,3,0
1467536,12,3,0,3
431648,12,3,1,2
481448,12,3,2,1
117520,12,3,1,2
251608,12,3,2,1
160976,12,3,3,0
260464,12,3,1,2
178896,12,3,2,1
199792,12,3,2,1
1656136,12,3,0,3
1243528,12,3,0,3
67040,12,3,1,2
358264,12,3,1,2
120904,12,3,1,2
2058936,12,3,2,1
566312,12,3,0,3
379048,12,3,1,2
147272,12,3,1,2
264432,12,3,2,1
544568,12,3,3,0
153152,12,3,1,2
311816,12,3,1,2
191768,12,3,1,2
291680,12,3,1,2
424936,12,3,3,0
72096,12,3,2,1
236392,12,3,2,1
150544,12,3,2,1
505400,12,3,3,0
168472,12,3,1,2
947688,12,3,2,1
1212632,12,3,1,2
345072,12,3,1,2
123520,12,3,3,0
117968,12,3,1,2
862272,12,3,2,1
439696,12,3,1,2
194640,12,3,3,0
287832,12,3,0,3
300456,12,3,0,3
172496,12,3,3,0
247856,12,3,3,0
117064,12,3,3,0
47872,12,3,1,2
659256,12,3,1,2
148072,12,3,1,2
112224,12,3,2,1
110688,12,3,2,1
205120,12,3,2,1
68424,12,3,2,1
265984,12,3,0,3
125640,12,3,1,2
78496,12,3,1,2
213688,12,3,2,1
277504,12,3,2,1
244096,12,3,1,2
136688,12,3,1,2
2029920,12,3,2,1
204608,12,3,2,1
310024,12,3,1,2
227928,12,3,2,1
586408,12,3,0,3
2148960,12,3,2,1
248224,12,3,2,1
139992,12,3,2,1
361256,12,3,2,1
275080,12,3,1,2
412600,12,3,2,1
211744,12,3,1,2
249200,12,3,2,1
123008,12,3,3,0
247136,12,3,1,2
436792,12,3,2,1
277672,12,3,2,1
237072,12,3,1,2
331096,12,3,1,2
405632,12,3,2,1
309040,12,3,2,1
190616,12,3,2,1
265712,12,3,2,1
175440,12,3,2,1
108376,12,3,1,2
696984,12,3,2,1
5117192,12,3,1,2
41712,12,3,1,2
126960,12,3,1,2
309536,12,3,2,1
102024,12,3,0,3
121760,12,3,1,2
208024,12,3,2,1
367272,12,3,1,2
170144,12,3,1,2
63568,12,3,3,0
473656,12,3,2,1
49840,12,3,1,2
92840,12,3,1,2
808432,12,3,2,1
425712,12,3,1,2
557024,12,3,1,2
489456,12,3,1,2
149312,12,3,3,0
51120,12,3,1,2
246728,12,3,2,1
137624,12,3,1,2
138376,12,3,1,2
241168,12,3,3,0
288368,12,3,2,1
198480,12,3,2,1
271728,12,3,1,2
275928,12,3,3,0
172376,12,3,3,0
602192,12,3,3,0
437592,12,3,2,1
158040,12,3,3,0
53104,12,3,2,1
407288,12,3,2,1
171760,12,3,1,2
318104,12,3,1,2
145888,12,3,3,0
331464,12,3,1,2
609752,12,3,2,1
222368,12,3,2,1
1995104,12,3,2,1
119536,12,3,1,2
297720,12,3,2,1
344208,12,3,0,3
275712,12,3,1,2
278760,12,3,1,2
309616,12,3,2,1
198360,12,3,1,2
310528,12,3,1,2
106936,12,3,2,1
125064,12,3,0,3
106160,12,3,1,2
123888,12,3,2,1
148592,12,3,1,2
379592,12,3,1,2
132632,12,3,2,1
159328,12,3,2,1
682440,12,3,1,2
211504,12,3,3,0
821608,12,3,3,0
49288,12,3,1,2
146320,12,3,2,1
332560,12,3,1,2
165696,12,3,2,1
86368,12,3,1,2
231784,12,3,2,1
337680,12,3,2,1
264240,12,3,2,1
608512,12,3,1,2
2652048,12,3,2,1
439312,12,3,2,1
368144,12,3,1,2
306264,12,3,1,2
128448,12,3,0,3
565880,12,3,3,0
917280,12,3,2,1
401808,12,3,1,2
240536,12,3,1,2
409552,12,3,2,1
187200,12,3,0,3
185408,12,3,1,2
148976,12,3,2,1
101640,12,3,2,1
173968,12,3,1,2
798776,12,3,1,2
111088,12,3,1,2
425584,12,3,2,1
152680,12,3,1,2
136720,12,3,1,2
149448,12,3,2,1
804304,12,3,3,0
390392,12,3,0,3
171752,12,3,2,1
436496,12,3,1,2
133392,12,3,1,2
146312,12,3,0,3
139016,12,3,2,1
568184,12,3,1,2
107552,12,3,0,3
150496,12,3,0,3
76400,12,3,0,3
296120,12,3,0,3
1007656,12,3,1,2
200248,12,3,3,0
1783912,12,3,0,3
257512,12,3,3,0
182696,12,3,3,0
226128,12,3,2,1
119360,12,3,1,2
958096,12,3,1,2
172536,12,3,3,0
126672,12,3,2,1
318416,12,3,2,1
243864,12,3,1,2
121832,12,3,1,2
124000,12,3,3,0
134120,12,3,0,3
536056,12,3,2,1
81440,12,3,1,2
105104,12,3,1,2
375496,12,3,1,2
429856,12,3,0,3
445696,12,3,3,0
2082992,12,3,2,1
773304,12,3,1,2
359448,12,3,0,3
249952,12,3,2,1
1810480,12,3,1,2
187680,12,3,2,1
149472,12,3,1,2
113960,12,3,1,2
126112,12,3,2,1
351720,12,3,1,2
454544,12,3,0,3
203288,12,3,1,2
74888,12,3,2,1
153776,12,3,2,1
97592,12,3,0,3
1879168,12,3,3,0
128640,12,3,2,1
214496,12,3,1,2
171944,12,3,3,0
122120,12,3,2,1
58992,12,3,2,1
760000,12,3,3,0
130992,12,3,0,3
404352,12,3,1,2
252456,12,3,2,1
174440,12,3,0,3
158376,12,3,2,1
84784,12,3,2,1
671176,12,3,2,1
458800,12,3,2,1
397528,12,3,2,1
1026616,12,3,2,1
585968,12,3,0,3
129296,12,3,2,1
259224,12,3,1,2
299184,12,3,0,3
175784,12,3,2,1
358928,12,3,2,1
124488,12,3,1,2
171600,12,3,1,2
164800,12,3,1,2
54176,12,3,1,2
185192,12,3,1,2
213928,12,3,3,0
103288,12,3,1,2
331744,12,3,0,3
1379664,12,3,3,0
969072,12,3,1,2
630632,12,3,2,1
290576,12,3,2,1
252864,12,3,2,1
299256,12,3,0,3
144696,12,3,2,1
1227464,12,3,1,2
141168,12,3,2,1
336464,12,3,0,3
2447760,12,3,1,2
311656,12,3,2,1
79776,12,3,2,1
85144,12,3,1,2
4076056,12,3,3,0
1676048,12,3,2,1
1338920,12,3,1,2
131536,12,3,2,1
394048,12,3,2,1
107520,12,3,1,2
207296,12,3,2,1
680896,12,3,2,1
271616,12,3,2,1
2756056,12,3,2,1
48920,12,3,2,1
563400,12,3,1,2
126552,12,3,2,1
159352,12,3,2,1
579128,12,3,2,1
911840,12,3,0,3
175432,12,3,1,2
115912,12,3,2,1
91720,12,3,0,3
483272,12,3,0,3
385016,12,3,3,0
555608,12,3,1,2
221640,12,3,2,1
160576,12,3,1,2
481712,12,3,1,2
166768,12,3,1,2
94280,12,3,0,3
127960,12,3,2,1
97976,12,3,3,0
265760,12,3,3,0
129136,12,3,2,1
165048,12,3,1,2
700968,12,3,2,1
115336,12,3,1,2
158032,12,3,0,3
849968,12,3,2,1
230496,12,3,2,1
3766880,12,3,1,2
1529968,12,3,0,3
460920,12,3,2,1
246400,12,3,2,1
89000,12,3,0,3
242296,12,3,2,1
563216,12,3,2,1
341584,12,3,2,1
188176,12,3,0,3
74568,12,3,2,1
268496,12,3,1,2
597368,12,3,2,1
425232,12,3,1,2
162496,12,3,1,2
122032,12,3,3,0
239656,12,3,3,0
208776,12,3,2,1
203336,12,3,1,2
539320,12,3,1,2
407360,12,3,1,2
46608,12,3,0,3
1007856,12,3,1,2
241720,12,3,3,0
410056,12,3,2,1
473752,12,3,3,0
185320,12,3,2,1
350304,12,3,0,3
90352,12,3,2,1
42152,12,3,1,2
519904,12,3,1,2
90656,12,3,0,3
299728,12,3,2,1
143712,12,3,2,1
126376,12,3,1,2
44568,12,3,2,1
118856,12,3,1,2
68040,12,3,3,0
124952,12,3,3,0
256632,12,3,3,0
534264,12,3,1,2
68232,12,3,2,1
77944,12,3,1,2
428160,12,3,3,0
263728,12,3,0,3
2813416,12,3,2,1
180912,12,3,0,3
151328,12,3,1,2
323744,12,3,3,0
312328,12,3,3,0
159936,12,3,2,1
589208,12,3,2,1
233824,12,3,1,2
653880,12,3,2,1
75440,12,3,1,2
243056,12,3,0,3
202432,12,3,0,3
434352,12,3,1,2
313656,12,3,2,1
167064,12,3,0,3
133272,12,3,1,2
93792,12,3,3,0
111264,12,3,1,2
228728,12,3,2,1
272032,12,3,3,0
106088,12,3,2,1
188680,12,3,2,1
257360,12,3,3,0
917496,12,3,0,3
216824,12,3,2,1
248792,12,3,0,3
842320,12,3,1,2
58560,12,3,2,1
144528,12,3,3,0
107120,12,3,1,2
140632,12,3,1,2
264064,12,3,2,1
93040,12,3,3,0
97768,12,3,1,2
146528,12,3,2,1
115184,12,3,2,1
74440,12,3,2,1
210248,12,3,1,2
1260488,12,3,2,1
106344,12,3,1,2
338200,12,3,0,3
269696,12,3,1,2
476368,12,3,2,1
664024,12,3,2,1
1409280,12,3,1,2
78792,12,3,2,1
605912,12,3,1,2
261792,12,3,0,3
193168,12,3,2,1
98616,12,3,2,1
199048,12,3,2,1
321352,12,3,2,1
459840,12,3,0,3
165360,12,3,1,2
97496,12,3,1,2
293472,12,3,1,2
264992,12,3,2,1
157536,12,3,1,2
542216,12,3,2,1
225736,12,3,1,2
656504,12,3,2,1
142480,12,3,1,2
89808,12,3,2,1
216984,12,3,0,3
886520,12,3,2,1
624520,12,3,1,2
184784,12,3,2,1
66880,12,3,0,3
317520,12,3,2,1
127216,12,3,3,0
150584,12,3,1,2
401488,12,3,0,3
304728,12,3,1,2
1165480,12,3,1,2
258480,12,3,1,2
627952,12,3,2,1
63256,12,3,1,2
399656,12,3,1,2
436888,12,3,3,0
420504,12,3,2,1
235024,12,3,0,3
618400,12,3,1,2
3077560,12,3,0,3
137464,12,3,2,1
86448,12,3,1,2
367824,12,3,1,2
128096,12,3,1,2
360056,12,3,0,3
104552,12,3,0,3
55520,12,3,2,1
132232,12,3,2,1
179872,12,3,2,1
274176,12,3,3,0
191008,12,3,2,1
177184,12,3,0,3
193416,12,3,2,1
192848,12,3,2,1
89024,12,3,3,0
444400,12,3,0,3
190960,12,3,2,1
135704,12,3,2,1
781936,12,3,2,1
481848,12,3,1,2
80088,12,3,3,0
258688,12,3,1,2
418856,12,3,2,1
291248,12,3,1,2
338296,12,3,0,3
411128,12,3,3,0
277856,12,3,0,3
330248,12,3,2,1
192424,12,3,2,1
80776,12,3,2,1
157632,12,3,1,2
96768,12,3,0,3
192288,12,3,2,1
376424,12,3,0,3
95008,12,3,2,1
1542248,12,3,1,2
95912,12,3,0,3
220904,12,3,3,0
160872,12,3,2,1
320728,12,3,2,1
120168,12,3,2,1
3293240,12,3,1,2
106520,12,3,2,1
91000,12,3,2,1
128504,12,3,2,1
240208,12,3,2,1
674816,12,3,2,1
732200,12,3,2,1
474376,12,3,1,2
162472,12,3,3,0
174464,12,3,2,1
636344,12,3,2,1
209232,12,3,0,3
980696,12,3,1,2
364472,12,3,2,1
774136,12,3,0,3
247896,12,3,1,2
345312,12,3,1,2
177984,12,3,0,3
228720,12,3,2,1
1897192,12,3,2,1
146656,12,3,2,1
306672,12,3,3,0
5422744,12,3,1,2
209160,12,3,3,0
105368,12,3,3,0
112176,12,3,2,1
328504,12,3,2,1
422168,12,3,1,2
291064,12,3,3,0
613656,12,3,3,0
349224,12,3,2,1
333280,12,3,0,3
194176,12,3,1,2
95560,12,3,0,3
86912,12,3,1,2
117512,12,3,2,1
290640,12,3,1,2
64408,12,3,0,3
3450368,12,3,1,2
383184,12,3,1,2
267016,12,3,1,2
168568,12,3,1,2
276184,12,3,1,2
729112,12,3,3,0
83824,12,3,2,1
84152,12,3,1,2
174096,12,3,1,2
190040,12,3,2,1
393688,12,3,1,2
930840,12,3,2,1
533512,12,3,1,2
382240,12,3,1,2
518376,12,3,1,2
138736,12,3,1,2
157464,12,3,3,0
917336,12,3,2,1
1613760,12,3,3,0
553968,12,3,1,2
337952,12,3,2,1
391472,12,3,0,3
277072,12,3,1,2
278432,12,3,2,1
87424,12,3,3,0
161584,12,3,1,2
651512,12,3,2,1
302144,12,3,0,3
129624,12,3,2,1
1593280,12,3,1,2
140824,12,3,1,2
552704,12,3,3,0
104800,12,3,1,2
292904,12,3,1,2
220808,12,3,1,2
725288,12,3,2,1
479848,12,3,1,2
1307648,12,3,3,0
1301008,12,3,0,3
120896,12,3,0,3
125040,12,3,2,1
1216480,12,3,1,2
36328,12,3,1,2
82816,12,3,1,2
596152,12,3,0,3
179232,12,3,1,2
306016,12,3,2,1
1854768,12,3,2,1
92304,12,3,1,2
1313528,12,3,2,1
306968,12,3,1,2
615480,12,3,1,2
254272,12,3,2,1
198944,12,3,2,1
6416392,12,3,1,2
131448,12,3,3,0
945600,12,3,1,2
1620704,12,3,3,0
218600,12,3,1,2
681128,12,3,2,1
455656,12,3,1,2
397800,12,3,3,0
118576,12,3,1,2
227584,12,3,1,2
80848,12,3,3,0
261112,12,3,2,1
951312,12,3,1,2
161016,12,3,1,2
349376,12,3,2,1
219976,12,3,1,2
543256,12,3,2,1
189232,12,3,3,0
81720,12,3,0,3
648856,12,3,1,2
143008,12,3,1,2
499768,12,3,2,1
248784,12,3,3,0
207176,12,3,2,1
130304,12,3,0,3
169560,12,3,0,3
762408,12,3,3,0
1102424,12,3,1,2
49456,12,3,2,1
103184,12,3,0,3
89920,12,3,3,0
105296,12,3,0,3
109904,12,3,3,0
341384,12,3,0,3
301720,12,3,2,1
269376,12,3,3,0
872584,12,3,2,1
199888,12,3,3,0
47712,12,3,3,0
6366920,12,3,2,1
142896,12,3,0,3
248896,12,3,1,2
74536,12,3,2,1
451056,12,3,2,1
121240,12,3,3,0
76616,12,3,2,1
382648,12,3,1,2
169280,12,3,2,1
202720,12,3,1,2
561608,12,3,2,1
135232,12,3,2,1
218104,12,3,1,2
332512,12,3,1,2
387744,12,3,3,0
161480,12,3,1,2
4205432,12,3,0,3
260744,12,3,2,1
1299904,12,3,1,2
196784,12,3,3,0
230976,12,3,3,0
415160,12,3,1,2
378600,12,3,2,1
290992,12,3,2,1
217960,12,3,2,1
938320,12,3,1,2
1073920,12,3,1,2
65448,12,3,1,2
137304,12,3,1,2
1172768,12,3,3,0
84328,12,3,2,1
166056,12,3,1,2
230552,12,3,2,1
107176,12,3,2,1
189768,12,3,1,2
259304,12,3,1,2
389744,12,3,2,1
122536,12,3,2,1
263768,12,3,2,1
54040,12,3,0,3
684856,12,3,2,1
143560,12,3,2,1
534064,12,3,2,1
117480,12,3,2,1
192416,12,3,2,1
273920,12,3,0,3
308400,12,3,2,1
180600,12,3,1,2
902096,12,3,0,3
67752,12,3,0,3
1061536,12,3,2,1
71920,12,3,0,3
495880,12,3,3,0
153168,12,3,1,2
305104,12,3,2,1
110696,12,3,2,1
1141216,12,3,2,1
57440,12,3,1,2
586296,12,3,1,2
584896,12,3,0,3
1096112,12,3,1,2
73576,12,3,1,2
271208,12,3,1,2
233000,12,3,1,2
177936,12,3,0,3
32464,12,3,2,1
173408,12,3,1,2
224232,12,3,0,3
533128,12,3,0,3
137392,12,3,1,2
65080,12,3,3,0
111200,12,3,3,0
71944,12,3,1,2
419240,12,3,1,2
180240,12,3,1,2
521192,12,3,3,0
1351160,12,3,0,3
415504,12,3,2,1
364648,12,3,2,1
1750568,12,3,2,1
198976,12,3,1,2
542320,12,3,2,1
104400,12,3,3,0
1135288,12,3,2,1
86336,12,3,1,2
101200,12,3,3,0
67544,12,3,3,0
156896,12,3,2,1
166016,12,3,1,2
178120,12,3,1,2
100480,12,3,1,2
120152,12,3,3,0
47800,12,3,1,2
111680,12,3,1,2
216080,12,3,1,2
643552,12,3,1,2
398344,12,3,2,1
71896,12,3,1,2
197672,12,3,2,1
170416,12,3,2,1
136872,12,3,1,2
203000,12,3,1,2
385640,12,3,0,3
94096,12,3,0,3
131376,12,3,2,1
406008,12,3,2,1
150304,12,3,1,2
595376,12,3,2,1
177976,12,3,0,3
272840,12,3,2,1
306448,12,3,2,1
219128,12,3,0,3
38192,12,3,0,3
2924568,12,3,2,1
212984,12,3,2,1
123688,12,3,1,2
503920,12,3,2,1
476336,12,3,2,1
96376,12,3,2,1
167208,12,3,2,1
507480,12,3,3,0
1345856,12,3,2,1
893368,12,3,1,2
206320,12,3,1,2
793824,12,3,3,0
182576,12,3,2,1
151416,12,3,1,2
217600,12,3,1,2
554912,12,3,0,3
110160,12,3,3,0
258712,12,3,3,0
92408,12,3,1,2
196240,12,3,0,3
136600,12,3,2,1
170208,12,3,1,2
1011040,12,3,1,2
141072,12,3,2,1
94384,12,3,2,1
93456,12,3,1,2
325232,12,3,1,2
296632,12,3,1,2
263680,12,3,1,2
143248,12,3,0,3
475952,12,3,3,0
77432,12,3,2,1
211216,12,3,2,1
229288,12,3,2,1
724400,12,3,1,2
176912,12,3,0,3
239768,12,3,1,2
472008,12,3,1,2
941736,12,3,2,1
166520,12,3,1,2
359824,12,3,2,1
339608,12,3,1,2
119840,12,3,2,1
383472,12,3,2,1
373984,12,3,1,2
427984,12,3,2,1
575184,12,3,2,1
147336,12,3,0,3
91336,12,3,1,2
677992,12,3,2,1
628880,12,3,1,2
468864,12,3,1,2
158280,12,3,1,2
5688544,12,3,0,3
321680,12,3,2,1
137456,12,3,1,2
207312,12,3,3,0
475256,12,3,2,1
86136,12,3,0,3
307736,12,3,0,3
1136720,12,3,1,2
109248,12,3,3,0
221320,12,3,2,1
1699688,12,3,0,3
100752,12,3,1,2
367008,12,3,1,2
353208,12,3,2,1
154448,12,3,3,0
87792,12,3,2,1
148440,12,3,0,3
122320,12,3,1,2
123928,12,3,2,1
947720,12,3,2,1
584768,12,3,1,2
955144,12,3,2,1
49000,12,3,1,2
423224,12,3,2,1
240400,12,3,0,3
117640,12,3,0,3
297192,12,3,3,0
165576,12,3,2,1
1375328,12,3,2,1
204512,12,3,1,2
353248,12,3,1,2
36272,12,3,3,0
353192,12,3,1,2
168464,12,3,1,2
43272,12,3,0,3
238216,12,3,2,1
371608,12,3,2,1
264800,12,3,1,2
205480,12,3,2,1
528256,12,3,2,1
389824,12,3,2,1
800352,12,3,2,1
2282352,12,3,1,2
120200,12,3,1,2
828056,12,3,2,1
151384,12,3,0,3
136328,12,3,1,2
503872,12,3,0,3
49352,12,3,1,2
105256,12,3,3,0
105344,12,3,2,1
193064,12,3,3,0
72688,12,3,1,2
67328,12,3,1,2
131712,12,3,1,2
3087856,12,3,2,1
60968,12,3,1,2
602528,12,3,0,3
336824,12,3,2,1
114712,12,3,2,1
246416,12,3,1,2
313056,12,3,1,2
107976,12,3,2,1
279664,12,3,2,1
513912,12,3,2,1
3030304,12,3,0,3
158128,12,3,2,1
115880,12,3,2,1
219400,12,3,3,0
103376,12,3,3,0
121432,12,3,2,1
185448,12,3,1,2
1275088,12,3,2,1
221656,12,3,3,0
49704,12,3,0,3
851720,12,3,1,2
163712,12,3,3,0
610824,12,3,2,1
188840,12,3,1,2
830624,12,3,0,3
425896,12,3,2,1
129240,12,3,2,1
466808,12,3,0,3
76200,12,3,1,2
226792,12,3,3,0
412736,12,3,2,1
64184,12,3,2,1
157040,12,3,2,1
328440,12,3,2,1
261632,12,3,1,2
223232,12,3,2,1
499312,12,3,3,0
131240,12,3,1,2
208504,12,3,1,2
983472,12,3,2,1
491448,12,3,2,1
264856,12,3,1,2
358160,12,3,2,1
141320,12,3,2,1
111816,12,3,2,1
238952,12,3,1,2
326880,12,3,0,3
137536,12,3,1,2
62040,12,3,1,2
206136,12,3,2,1
290184,12,3,2,1
294440,12,3,1,2
818456,12,3,2,1
707648,12,3,0,3
67488,12,3,2,1
605448,12,3,1,2
207728,12,3,3,0
849152,12,3,2,1
139832,12,3,3,0
1691112,12,3,1,2
619904,12,3,1,2
152128,12,3,2,1
1809160,12,3,0,3
161856,12,3,1,2
836312,12,3,1,2
220192,12,3,0,3
168304,12,3,1,2
147176,12,3,2,1
214928,12,3,0,3
6059592,12,3,1,2
646080,12,3,2,1
183232,12,3,0,3
298552,12,3,2,1
106272,12,3,0,3
169912,12,3,0,3
113912,12,3,1,2
144744,12,3,2,1
268944,12,3,1,2
586272,12,3,2,1
127424,12,3,1,2
305808,12,3,1,2
212640,12,3,0,3
549656,12,3,1,2
576864,12,3,2,1
2426512,12,3,2,1
431512,12,3,1,2
693696,12,3,2,1
1220040,12,3,1,2
55104,12,3,1,2
433208,12,3,3,0
393496,12,3,2,1
132112,12,3,2,1
227072,12,3,3,0
171128,12,3,1,2
110512,12,3,1,2
175344,12,3,0,3
1165264,12,3,1,2
1195008,12,3,1,2
216544,12,3,0,3
319760,12,3,1,2
380200,12,3,0,3
84440,12,3,1,2
224768,12,3,3,0
630880,12,3,2,1
1326176,12,3,1,2
903944,12,3,1,2
624144,12,3,0,3
124256,12,3,0,3
360872,12,3,2,1
425392,12,3,2,1
488864,12,3,0,3
1999216,12,3,1,2
134712,12,3,2,1
267160,12,3,1,2
45032,12,3,0,3
187264,12,3,2,1
1652104,12,3,1,2
125248,12,3,0,3
325472,12,3,0,3
338512,12,3,2,1
507216,12,3,3,0
475712,12,3,3,0
733216,12,3,1,2
472488,12,3,0,3
348784,12,3,2,1
1053456,12,3,2,1
359432,12,3,2,1
114744,12,3,1,2
838296,12,3,2,1
67368,12,3,2,1
220992,12,3,1,2
146416,12,3,2,1
136440,12,3,0,3
823064,12,3,2,1
536536,12,3,1,2
949464,12,3,3,0
548312,12,3,2,1
876552,12,3,2,1
191520,12,3,1,2
729408,12,3,0,3
763928,12,3,1,2
655144,12,3,0,3
152752,12,3,1,2
452128,12,3,0,3
219680,12,3,1,2
212040,12,3,1,2
100936,12,3,2,1
255800,12,3,3,0
135832,12,3,1,2
586384,12,3,0,3
300872,12,3,1,2
631520,12,3,0,3
788248,12,3,2,1
127224,12,3,3,0
465336,12,3,1,2
324160,12,3,2,1
1132384,12,3,2,1
242704,12,3,0,3
290344,12,3,0,3
404104,12,3,1,2
686896,12,3,1,2
104520,12,3,0,3
1120784,12,3,2,1
4874288,12,3,2,1
316288,12,3,3,0
121552,12,3,3,0
207720,12,3,1,2
178192,12,3,1,2
925344,12,3,1,2
288096,12,3,2,1
212072,12,3,1,2
208464,12,3,0,3
152952,12,3,1,2
1621496,12,3,2,1
129384,12,3,2,1
1116064,12,3,0,3
576920,12,3,3,0
75048,12,3,1,2
984944,12,3,1,2
90808,12,3,3,0
1512688,12,3,0,3
158584,12,3,1,2
229496,12,3,2,1
681072,12,3,1,2
488072,12,3,0,3
148088,12,3,1,2
764608,12,3,2,1
263584,12,3,0,3
143152,12,3,3,0
768096,12,3,1,2
250176,12,3,2,1
505912,12,3,1,2
95328,12,3,1,2
73848,12,3,2,1
162112,12,3,2,1
111776,12,3,3,0
85200,12,3,1,2
111336,12,3,0,3
412184,12,3,3,0
122888,12,3,3,0
93816,12,3,1,2
833400,12,3,1,2
145512,12,3,2,1
883008,12,3,3,0
213984,12,3,2,1
95128,12,3,2,1
272136,12,3,1,2
593200,12,3,3,0
177120,12,3,2,1
382024,12,3,1,2
60064,12,3,1,2
71824,12,3,0,3
412416,12,3,1,2
345760,12,3,2,1
707232,12,3,2,1
128832,12,3,2,1
213104,12,3,1,2
312872,12,3,1,2
91016,12,3,2,1
353328,12,3,0,3
187136,12,3,1,2
230712,12,3,1,2
261104,12,3,3,0
278208,12,3,0,3
110336,12,3,3,0
736712,12,3,1,2
151280,12,3,3,0
643736,12,3,2,1
152712,12,3,3,0
1168648,12,3,0,3
130232,12,3,1,2
87720,12,3,0,3
861584,12,3,2,1
225456,12,3,3,0
876504,12,3,1,2
36424,12,3,1,2
103232,12,3,1,2
532120,12,3,1,2
401920,12,3,1,2
414504,12,3,1,2
249192,12,3,2,1
598824,12,3,2,1
601592,12,3,1,2
3141672,12,3,1,2
439480,12,3,2,1
198800,12,3,1,2
108184,12,3,1,2
832864,12,3,2,1
960120,12,3,1,2
145896,12,3,2,1
77736,12,3,2,1
829744,12,3,1,2
403184,12,3,0,3
55544,12,3,1,2
252160,12,3,3,0
847360,12,3,2,1
131784,12,3,2,1
220552,12,3,3,0
84920,12,3,2,1
59232,12,3,0,3
104144,12,3,1,2
1047352,12,3,3,0
712032,12,3,2,1
243104,12,3,1,2
218752,12,3,1,2
1003600,12,3,2,1
1065784,12,3,1,2
49712,12,3,1,2
1835424,12,3,2,1
285024,12,3,2,1
142424,12,3,3,0
772768,12,3,3,0
175280,12,3,1,2
81192,12,3,1,2
283120,12,3,1,2
706520,12,3,1,2
355416,12,3,2,1
141624,12,3,1,2
671656,12,3,1,2
576416,12,3,2,1
388984,12,3,1,2
306624,12,3,1,2
210664,12,3,1,2
325352,12,3,2,1
453488,12,3,1,2
146168,12,3,2,1
338424,12,3,1,2
184344,12,3,2,1
288944,12,3,2,1
125960,12,3,2,1
90216,12,3,2,1
75024,12,3,1,2
240304,12,3,1,2
169936,12,3,3,0
411704,12,3,2,1
87184,12,3,2,1
168632,12,3,2,1
944840,12,3,2,1
338384,12,3,1,2
118664,12,3,2,1
228000,12,3,1,2
145800,12,3,2,1
189496,12,3,1,2
101024,12,3,2,1
257288,12,3,0,3
204248,12,3,3,0
100224,12,3,2,1
156808,12,3,1,2
37760,12,3,2,1
734440,12,3,2,1
114928,12,3,2,1
100592,12,3,1,2
100800,12,3,1,2
167176,12,3,2,1
96432,12,3,0,3
155096,12,3,1,2
1071496,12,3,1,2
441120,12,3,1,2
301944,12,3,2,1
180312,12,3,1,2
1046808,12,3,1,2
133232,12,3,1,2
237144,12,3,2,1
75432,12,3,2,1
117488,12,3,3,0
175464,12,3,1,2
378224,12,3,2,1
232384,12,3,1,2
526864,12,3,0,3
438128,12,3,1,2
262600,12,3,1,2
185872,12,3,2,1
799360,12,3,3,0
593384,12,3,2,1
265672,12,3,1,2
1806656,12,3,2,1
201384,12,3,1,2
515400,12,3,1,2
97024,12,3,2,1
747584,12,3,1,2
286488,12,3,1,2
172976,12,3,2,1
763824,12,3,1,2
498328,12,3,0,3
103664,12,3,2,1
441472,12,3,1,2
107336,12,3,2,1
432864,12,3,3,0
468536,12,3,2,1
361672,12,3,2,1
2587696,12,3,2,1
66368,12,3,2,1
156416,12,3,2,1
215872,12,3,2,1
580376,12,3,0,3
241944,12,3,0,3
466616,12,3,1,2
76160,12,3,1,2
534624,12,3,2,1
181704,12,3,2,1
185200,12,3,1,2
281576,12,3,2,1
548736,12,3,1,2
124632,12,3,3,0
253328,12,3,1,2
839520,12,3,1,2
1542576,12,3,2,1
386960,12,3,2,1
180304,12,3,3,0
147952,12,3,2,1
155504,12,3,3,0
63560,12,3,1,2
368560,12,3,1,2
103000,12,3,1,2
272928,12,3,0,3
92080,12,3,2,1
728464,12,3,1,2
310456,12,3,1,2
2161344,12,3,1,2
38640,12,3,2,1
166720,12,3,2,1
229568,12,3,3,0
158216,12,3,1,2
212192,12,3,0,3
1413552,12,3,3,0
7541552,12,3,2,1
199000,12,3,2,1
345232,12,3,2,1
103272,12,3,2,1
2616880,12,3,1,2
350472,12,3,1,2
430424,12,3,2,1
263400,12,3,2,1
100600,12,3,1,2
410944,12,3,2,1
539120,12,3,3,0
185000,12,3,2,1
290256,12,3,2,1
59160,12,3,2,1
80640,12,3,2,1
100424,12,3,2,1
137800,12,3,3,0
398480,12,3,1,2
340200,12,3,0,3
788320,12,3,2,1
182728,12,3,2,1
216264,12,3,2,1
126216,12,3,0,3
622824,12,3,1,2
310952,12,3,2,1
132160,12,3,2,1
189664,12,3,1,2
195376,12,3,2,1
198584,12,3,0,3
349536,12,3,0,3
175072,12,3,3,0
98488,12,3,1,2
177904,12,3,2,1
541200,12,3,1,2
519744,12,3,1,2
205264,12,3,2,1
185584,12,3,1,2
270256,12,3,2,1
400496,12,3,0,3
175800,12,3,2,1
311808,12,3,1,2
486992,12,3,2,1
1306200,12,3,1,2
502936,12,3,1,2
218808,12,3,3,0
208640,12,3,2,1
144488,12,3,2,1
275272,12,3,2,1
128424,12,3,1,2
847424,12,3,2,1
323632,12,3,3,0
263752,12,3,1,2
97992,12,3,1,2
286584,12,3,0,3
257800,12,3,2,1
82592,12,3,2,1
191392,12,3,0,3
2391904,12,3,2,1
438144,12,3,0,3
217976,12,3,1,2
75648,12,3,2,1
250016,12,3,1,2
1002944,12,3,1,2
296224,12,3,2,1
530848,12,3,3,0
500320,12,3,2,1
124176,12,3,2,1
1011696,12,3,1,2
135624,12,3,2,1
129688,12,3,1,2
215008,12,3,2,1
370336,12,3,3,0
169768,12,3,1,2
168752,12,3,2,1
833264,12,3,0,3
186072,12,3,1,2
181568,12,3,2,1
145952,12,3,3,0
292832,12,3,0,3
116984,12,3,3,0
101064,12,3,2,1
184776,12,3,2,1
1668552,12,3,2,1
36312,12,3,1,2
670728,12,3,2,1
206952,12,3,1,2
157256,12,3,1,2
162936,12,3,2,1
167776,12,3,1,2
129928,12,3,2,1
647688,12,3,1,2
126512,12,3,1,2
986808,12,3,1,2
308856,12,3,2,1
100664,12,3,3,0
137608,12,3,2,1
232600,12,3,2,1
77984,12,3,1,2
120368,12,3,2,1
81088,12,3,1,2
184608,12,3,1,2
182128,12,3,1,2
114552,12,3,2,1
109912,12,3,0,3
359672,12,3,3,0
190248,12,3,1,2
38088,12,3,1,2
131200,12,3,1,2
123112,12,3,1,2
669696,12,3,2,1
258816,12,3,1,2
180248,12,3,2,1
47744,12,3,0,3
59632,12,3,1,2
282472,12,3,2,1
411776,12,3,0,3
139176,12,3,3,0
113296,12,3,2,1
723920,12,3,0,3
286192,12,3,2,1
206736,12,3,1,2
175576,12,3,1,2
170784,12,3,2,1
170912,12,3,2,1
162744,12,3,1,2
1167760,12,3,2,1
179968,12,3,2,1
385072,12,3,2,1
314688,12,3,3,0
727496,12,3,3,0
634448,12,3,1,2
319176,12,3,1,2
573584,12,3,1,2
300728,12,3,1,2
274104,12,3,2,1
635888,12,3,2,1
126968,12,3,1,2
195792,12,3,2,1
912520,12,3,2,1
1195168,12,3,1,2
968688,12,3,3,0
1343272,12,3,2,1
141032,12,3,1,2
275160,12,3,2,1
438064,12,3,2,1
560184,12,3,2,1
121952,12,3,1,2
1431968,12,3,2,1
301464,12,3,2,1
95928,12,3,2,1
592960,12,3,0,3
138144,12,3,1,2
1383856,12,3,1,2
355072,12,3,1,2
214848,12,3,1,2
906288,12,3,2,1
195072,12,3,2,1
118776,12,3,0,3
1411824,12,3,2,1
104720,12,3,3,0
554960,12,3,0,3
113704,12,3,0,3
309592,12,3,1,2
240920,12,3,2,1
963640,12,3,1,2
135840,12,3,2,1
163016,12,3,2,1
375400,12,3,2,1
262336,12,3,1,2
357728,12,3,3,0
60792,12,3,1,2
181120,12,3,2,1
167840,12,3,2,1
101664,12,3,2,1
320200,12,3,2,1
1225296,12,3,1,2
103624,12,3,1,2
117880,12,3,0,3
127088,12,3,2,1
144536,12,3,2,1
123856,12,3,1,2
156280,12,3,0,3
157176,12,3,2,1
535432,12,3,0,3
324608,12,3,3,0
285768,12,3,0,3
87040,12,3,0,3
732224,12,3,1,2
42864,12,3,0,3
73320,12,3,0,3
250592,12,3,1,2
142320,12,3,2,1
285808,12,3,3,0
334952,12,3,2,1
730136,12,3,1,2
426616,12,3,2,1
91152,12,3,0,3
441072,12,3,2,1
1471864,12,3,0,3
48968,12,3,2,1
64544,12,3,1,2
1200568,12,3,3,0
110176,12,3,0,3
459256,12,3,2,1
190968,12,3,1,2
383560,12,3,1,2
113240,12,3,2,1
109152,12,3,2,1
162632,12,3,0,3
96800,12,3,1,2
399360,12,3,2,1
144000,12,3,2,1
373296,12,3,1,2
106328,12,3,1,2
176688,12,3,1,2
530304,12,3,3,0
138112,12,3,1,2
137200,12,3,3,0
322712,12,3,1,2
693040,12,3,2,1
417800,12,3,2,1
151192,12,3,0,3
418464,12,3,1,2
110472,12,3,1,2
2356600,12,3,3,0
303696,12,3,2,1
90128,12,3,1,2
176536,12,3,2,1
294696,12,3,3,0
288624,12,3,3,0
154784,12,3,1,2
172328,12,3,3,0
318256,12,3,3,0
342592,12,3,2,1
856168,12,3,0,3
305048,12,3,1,2
51016,12,3,1,2
426560,12,3,3,0
1115912,12,3,1,2
135288,12,3,1,2
1316480,12,3,1,2
115672,12,3,2,1
351280,12,3,0,3
144304,12,3,3,0
331544,12,3,1,2
113216,12,3,2,1
522680,12,3,1,2
494744,12,3,1,2
611728,12,3,3,0
79696,12,3,2,1
635376,12,3,2,1
636072,12,3,1,2
132328,12,3,1,2
78872,12,3,2,1
748552,12,3,1,2
187480,12,3,2,1
217920,12,3,1,2
147192,12,3,1,2
40008,12,3,3,0
792624,12,3,2,1
142176,12,3,1,2
188896,12,3,2,1
140168,12,3,2,1
1132480,12,3,1,2
111744,12,3,3,0
218928,12,3,1,2
169736,12,3,2,1
184600,12,3,2,1
91288,12,3,1,2
299456,12,3,1,2
170800,12,3,3,0
212048,12,3,1,2
230112,12,3,2,1
723088,12,3,1,2
87456,12,3,3,0
496448,12,3,0,3
190632,12,3,3,0
1269024,12,3,1,2
89224,12,3,2,1
216168,12,3,1,2
470688,12,3,1,2
249416,12,3,2,1
607776,12,3,2,1
210048,12,3,3,0
982072,12,3,1,2
75328,12,3,2,1
112464,12,3,2,1
99528,12,3,1,2
151360,12,3,1,2
68216,12,3,0,3
152696,12,3,2,1
344952,12,3,2,1
119544,12,3,3,0
468512,12,3,2,1
120000,12,3,2,1
509752,12,3,2,1
214040,12,3,2,1
80016,12,3,1,2
63936,12,3,1,2
133168,12,3,1,2
215928,12,3,2,1
175216,12,3,2,1
453160,12,3,1,2
98432,12,3,2,1
1242408,12,3,3,0
290296,12,3,2,1
78168,12,3,3,0
968064,12,3,2,1
2451336,12,3,2,1
132024,12,3,2,1
120688,12,3,2,1
153120,12,3,1,2
155264,12,3,2,1
519448,12,3,1,2
228336,12,3,0,3
724552,12,3,1,2
603584,12,3,2,1
112600,12,3,2,1
1672944,12,3,0,3
143656,12,3,0,3
305944,12,3,2,1
496816,12,3,1,2
142736,12,3,3,0
198208,12,3,1,2
114288,12,3,2,1
233536,12,3,1,2
339472,12,3,1,2
126224,12,3,1,2
2555232,12,3,1,2
313136,12,3,1,2
337848,12,3,2,1
320472,12,3,2,1
75776,12,3,2,1
202248,13,3,1,2
278920,13,3,2,1
208304,13,3,2,1
118184,13,3,2,1
97784,13,3,2,1
126488,13,3,1,2
1622728,13,3,3,0
315776,13,3,2,1
269416,13,3,0,3
252176,13,3,2,1
674224,13,3,3,0
245784,13,3,3,0
528704,13,3,1,2
222344,13,3,2,1
392448,13,3,2,1
561216,13,3,0,3
88064,13,3,2,1
245336,13,3,1,2
203680,13,3,2,1
231800,13,3,2,1
1893840,13,3,2,1
155184,13,3,0,3
277040,13,3,2,1
1380752,13,3,2,1
1660192,13,3,1,2
131776,13,3,0,3
113208,13,3,3,0
117752,13,3,1,2
65608,13,3,1,2
146336,13,3,1,2
356824,13,3,3,0
373072,13,3,0,3
1876392,13,3,3,0
132416,13,3,1,2
250168,13,3,1,2
1086568,13,3,1,2
309840,13,3,1,2
176768,13,3,1,2
374408,13,3,2,1
129648,13,3,2,1
492880,13,3,1,2
90440,13,3,2,1
72304,13,3,3,0
1015928,13,3,2,1
205776,13,3,1,2
403544,13,3,1,2
226368,13,3,2,1
272800,13,3,1,2
217440,13,3,2,1
231464,13,3,2,1
146232,13,3,0,3
402128,13,3,2,1
1415144,13,3,2,1
165408,13,3,2,1
376752,13,3,1,2
142240,13,3,1,2
55696,13,3,2,1
182568,13,3,1,2
435768,13,3,1,2
119056,13,3,2,1
109488,13,3,2,1
77976,13,3,0,3
107704,13,3,0,3
151464,13,3,1,2
430528,13,3,3,0
197368,13,3,0,3
54240,13,3,3,0
673640,13,3,2,1
90832,13,3,3,0
786832,13,3,2,1
434480,13,3,1,2
145008,13,3,1,2
204784,13,3,2,1
110984,13,3,2,1
179160,13,3,1,2
663352,13,3,2,1
63872,13,3,1,2
246048,13,3,1,2
283160,13,3,0,3
988976,13,3,2,1
698024,13,3,2,1
345624,13,3,1,2
308704,13,3,0,3
302384,13,3,2,1
79728,13,3,2,1
182480,13,3,2,1
500488,13,3,2,1
509680,13,3,1,2
203208,13,3,2,1
1241128,13,3,2,1
1252032,13,3,2,1
623536,13,3,0,3
48568,13,3,1,2
224520,13,3,2,1
188712,13,3,3,0
320424,13,3,1,2
928576,13,3,3,0
383632,13,3,0,3
138032,13,3,3,0
298192,13,3,2,1
566672,13,3,1,2
119072,13,3,1,2
227920,13,3,1,2
176976,13,3,0,3
97376,13,3,1,2
292424,13,3,2,1
230664,13,3,1,2
886864,13,3,1,2
1608584,13,3,2,1
132888,13,3,2,1
137432,13,3,1,2
203384,13,3,2,1
170096,13,3,1,2
284816,13,3,2,1
281744,13,3,3,0
195424,13,3,3,0
307352,13,3,1,2
764504,13,3,2,1
109040,13,3,2,1
1411064,13,3,1,2
100448,13,3,2,1
504112,13,3,1,2
139792,13,3,0,3
1443872,13,3,2,1
964704,13,3,2,1
249088,13,3,1,2
732960,13,3,0,3
107896,13,3,1,2
375776,13,3,2,1
380896,13,3,2,1
231648,13,3,2,1
414488,13,3,2,1
200288,13,3,2,1
1307880,13,3,1,2
272816,13,3,1,2
524112,13,3,1,2
89440,13,3,2,1
318832,13,3,1,2
180712,13,3,3,0
117016,13,3,0,3
787712,13,3,2,1
294888,13,3,1,2
126504,13,3,2,1
1364592,13,3,2,1
223528,13,3,2,1
321104,13,3,1,2
765600,13,3,2,1
249080,13,3,1,2
183640,13,3,1,2
2979328,13,3,0,3
701248,13,3,2,1
678408,13,3,1,2
408784,13,3,2,1
345208,13,3,2,1
587888,13,3,1,2
59648,13,3,2,1
96136,13,3,2,1
110448,13,3,2,1
458864,13,3,0,3
311784,13,3,2,1
123120,13,3,2,1
154624,13,3,2,1
181544,13,3,2,1
266424,13,3,2,1
341056,13,3,2,1
41136,13,3,1,2
109944,13,3,2,1
249152,13,3,1,2
1515120,13,3,2,1
46392,13,3,2,1
458576,13,3,3,0
142056,13,3,2,1
605624,13,3,3,0
133720,13,3,3,0
205200,13,3,3,0
138360,13,3,1,2
122800,13,3,2,1
127656,13,3,3,0
349216,13,3,3,0
101216,13,3,0,3
833128,13,3,1,2
313704,13,3,2,1
239984,13,3,2,1
169376,13,3,1,2
92328,13,3,2,1
571368,13,3,2,1
728400,13,3,1,2
193232,13,3,2,1
358480,13,3,0,3
128104,13,3,2,1
96160,13,3,0,3
324832,13,3,2,1
140584,13,3,2,1
163328,13,3,1,2
1504672,13,3,2,1
1325824,13,3,1,2
714456,13,3,2,1
59776,13,3,2,1
467024,13,3,2,1
121280,13,3,2,1
177168,13,3,1,2
87256,13,3,1,2
202776,13,3,1,2
2138392,13,3,1,2
190352,13,3,1,2
539960,13,3,1,2
307424,13,3,0,3
324264,13,3,2,1
229784,13,3,0,3
234384,13,3,2,1
211128,13,3,2,1
245096,13,3,2,1
47272,13,3,0,3
440024,13,3,2,1
213248,13,3,1,2
110272,13,3,0,3
285560,13,3,1,2
99800,13,3,0,3
3187392,13,3,2,1
225952,13,3,1,2
160488,13,3,0,3
125424,13,3,1,2
143032,13,3,1,2
1150776,13,3,2,1
177104,13,3,2,1
911784,13,3,0,3
243488,13,3,1,2
295376,13,3,3,0
1584592,13,3,1,2
116632,13,3,2,1
104432,13,3,3,0
155840,13,3,1,2
259184,13,3,1,2
289016,13,3,2,1
183560,13,3,2,1
212120,13,3,1,2
159784,13,3,0,3
201240,13,3,0,3
254816,13,3,2,1
213312,13,3,2,1
360784,13,3,2,1
143728,13,3,0,3
241952,13,3,1,2
389880,13,3,1,2
99400,13,3,0,3
734088,13,3,1,2
273952,13,3,1,2
512888,13,3,1,2
126336,13,3,0,3
296824,13,3,2,1
458096,13,3,2,1
667128,13,3,1,2
562936,13,3,0,3
478184,13,3,2,1
103224,13,3,2,1
259392,13,3,2,1
202800,13,3,3,0
166040,13,3,2,1
252200,13,3,0,3
261416,13,3,0,3
352928,13,3,1,2
535152,13,3,2,1
325440,13,3,2,1
84096,13,3,2,1
392224,13,3,2,1
77576,13,3,1,2
158672,13,3,0,3
185696,13,3,3,0
397816,13,3,2,1
1807416,13,3,2,1
389400,13,3,3,0
264936,13,3,2,1
203952,13,3,1,2
1691472,13,3,2,1
3070776,13,3,1,2
268192,13,3,1,2
115496,13,3,3,0
187464,13,3,2,1
55888,13,3,3,0
306480,13,3,3,0
429304,13,3,1,2
1715096,13,3,2,1
148688,13,3,1,2
291792,13,3,1,2
354600,13,3,0,3
1390744,13,3,2,1
948400,13,3,1,2
551280,13,3,2,1
2489848,13,3,1,2
2195528,13,3,2,1
98272,13,3,1,2
220168,13,3,2,1
112888,13,3,2,1
1748072,13,3,2,1
412784,13,3,1,2
89536,13,3,1,2
130424,13,3,1,2
392440,13,3,2,1
363432,13,3,1,2
706912,13,3,0,3
1187872,13,3,2,1
612776,13,3,1,2
81448,13,3,1,2
102464,13,3,1,2
237520,13,3,2,1
672296,13,3,1,2
127328,13,3,2,1
1092320,13,3,1,2
211488,13,3,2,1
400768,13,2,1,1
578496,13,2,1,1
439008,13,2,1,1
329824,13,2,0,2
106072,13,2,2,0
242952,13,2,0,2
401048,13,2,1,1
356872,13,2,1,1
2895160,13,2,2,0
301200,13,2,2,0
458960,13,2,2,0
338232,13,2,1,1
3797112,13,2,0,2
1147552,13,2,1,1
153288,13,2,1,1
1040768,13,2,2,0
308896,13,2,1,1
53504,13,2,0,2
1295400,13,2,1,1
95528,13,2,0,2
435800,13,2,2,0
7601336,13,2,1,1
1895760,13,2,1,1
96736,13,2,2,0
607152,13,2,2,0
242512,13,2,1,1
224536,13,2,2,0
435656,13,2,1,1
149432,13,2,0,2
2282584,13,2,1,1
42872,13,2,1,1
751736,13,2,1,1
5859544,13,2,1,1
344384,13,2,0,2
153680,13,2,0,2
204896,13,2,1,1
1602704,13,2,1,1
5420776,13,2,2,0
1696888,13,2,1,1
1131832,13,2,0,2
2846672,13,2,1,1
611544,13,2,2,0
201008,13,2,1,1
229736,13,2,0,2
2085840,13,2,1,1
76104,13,2,0,2
238016,13,2,2,0
923480,13,2,0,2
571400,13,2,1,1
242224,13,2,0,2
1864928,13,2,0,2
3323928,13,2,1,1
381880,13,2,1,1
756512,13,2,2,0
941112,13,2,2,0
411920,13,2,1,1
2411896,13,2,1,1
342200,13,2,1,1
520600,13,2,1,1
716680,13,2,1,1
171904,13,2,0,2
2056744,13,2,0,2
8215624,13,2,1,1
297296,13,2,1,1
158488,13,2,0,2
718288,13,2,1,1
2482536,13,2,1,1
2412624,13,2,1,1
127544,13,2,0,2
885160,13,2,1,1
409896,13,2,2,0
172624,13,2,0,2
69600,13,2,0,2
2860840,13,2,1,1
418952,13,2,1,1
472144,13,2,1,1
658264,13,2,0,2
4648592,13,2,0,2
154064,13,2,1,1
1469824,13,2,2,0
668008,13,2,2,0
354448,13,2,1,1
494224,13,2,0,2
1681856,13,2,1,1
831056,13,2,1,1
883456,13,2,1,1
1028040,13,2,1,1
978976,13,2,0,2
276272,13,2,0,2
250216,13,2,2,0
61440,13,2,1,1
1116032,13,2,0,2
1748256,13,2,2,0
396616,13,2,1,1
141432,13,2,0,2
118224,13,2,1,1
706848,13,2,0,2
972400,13,2,1,1
4558200,13,2,0,2
598512,13,2,1,1
4195872,13,2,1,1
2027024,13,2,1,1
2448072,13,2,1,1
1279248,13,2,2,0
5263856,13,2,1,1
166176,13,2,1,1
494136,13,2,2,0
305864,13,2,2,0
6258800,13,2,2,0
190624,13,2,1,1
904360,13,2,0,2
1136632,13,2,1,1
721816,13,2,1,1
1623608,13,2,1,1
502008,13,2,0,2
1484704,13,2,2,0
456664,13,2,1,1
3716920,13,2,2,0
302464,13,2,1,1
1475120,13,2,1,1
964416,13,2,0,2
690424,13,2,1,1
663264,13,2,0,2
1016560,13,2,1,1
1511744,13,2,1,1
1439136,13,2,1,1
235664,13,2,1,1
1109752,13,2,2,0
422184,13,2,1,1
193256,13,2,1,1
175192,13,2,1,1
1461984,13,2,1,1
263240,13,2,1,1
217576,13,2,2,0
854064,13,2,1,1
182712,13,2,1,1
249720,13,2,1,1
179272,13,2,2,0
1739392,13,2,1,1
305888,13,2,1,1
2126296,13,2,1,1
497600,13,2,1,1
771032,13,2,1,1
493072,13,2,2,0
185664,13,2,1,1
2306600,13,2,1,1
463248,13,2,2,0
416944,13,2,2,0
116152,13,2,1,1
197392,13,2,2,0
1232680,13,2,1,1
491200,13,2,0,2
397024,13,2,1,1
579848,13,2,0,2
209504,13,2,2,0
1448264,13,2,0,2
166560,13,2,2,0
419368,13,2,1,1
1515680,13,2,1,1
115112,13,2,1,1
164848,13,2,0,2
1225472,13,2,2,0
720552,13,2,0,2
982968,13,2,1,1
1281160,13,2,1,1
360496,13,2,1,1
532336,13,2,1,1
1641960,13,2,2,0
426592,13,2,1,1
201528,13,2,1,1
604720,13,2,1,1
638056,13,2,2,0
227144,13,2,1,1
973528,13,2,0,2
214896,13,2,2,0
1047464,13,2,0,2
2329840,13,2,2,0
1546864,13,2,0,2
373888,13,2,1,1
366008,13,2,2,0
789712,13,2,1,1
154400,13,2,1,1
371528,13,2,1,1
337520,13,2,1,1
7375032,13,2,2,0
323696,13,2,2,0
1652784,13,2,1,1
2447488,13,2,2,0
777312,13,2,1,1
1207088,13,2,1,1
145192,13,2,0,2
806856,13,2,1,1
174984,13,2,0,2
472240,13,2,1,1
280896,13,2,0,2
2789984,13,2,1,1
917048,13,2,1,1
344680,13,2,2,0
1664480,13,2,0,2
157720,13,2,0,2
1919264,13,2,2,0
431632,13,2,1,1
3474296,13,2,1,1
6941184,13,2,1,1
122904,13,2,2,0
4846400,13,2,1,1
856672,13,2,0,2
434680,13,2,2,0
491272,13,2,2,0
284288,13,2,2,0
107384,13,2,1,1
3106216,13,2,1,1
724144,13,2,2,0
1026056,13,2,2,0
2958360,13,2,1,1
6509992,13,2,1,1
1255208,13,2,1,1
178056,13,2,1,1
309376,13,2,2,0
509024,13,2,0,2
266272,13,2,0,2
80544,13,2,1,1
5322808,13,2,0,2
175944,13,2,1,1
115984,13,2,1,1
2626208,13,2,2,0
166992,13,2,1,1
116496,13,2,1,1
1153168,13,2,0,2
2151328,13,2,2,0
1182848,13,2,2,0
1618192,13,2,1,1
251680,13,2,1,1
221672,13,2,0,2
1470016,13,2,1,1
319128,13,2,1,1
2901120,13,2,0,2
1600992,13,2,2,0
574776,13,2,1,1
648696,13,2,1,1
3840544,13,2,1,1
301696,13,2,1,1
6675808,13,2,0,2
554856,13,2,1,1
485480,13,2,1,1
268808,13,2,2,0
372320,13,2,1,1
372848,13,2,2,0
96656,13,2,1,1
439024,13,2,0,2
1524352,13,2,0,2
1019736,13,2,1,1
1867400,13,2,1,1
395848,13,2,1,1
3637424,13,2,0,2
978480,13,2,1,1
584024,13,2,0,2
850984,13,2,2,0
1782960,13,2,2,0
2181760,13,2,2,0
177448,13,2,1,1
227472,13,2,2,0
176512,13,2,2,0
288592,13,2,1,1
4287168,13,2,1,1
1689440,13,2,2,0
1613376,13,2,1,1
6544256,13,2,1,1
748680,13,2,1,1
173624,13,2,2,0
725408,13,2,1,1
621224,13,2,1,1
867800,13,2,2,0
5687152,13,2,0,2
270056,13,2,1,1
593568,13,2,0,2
736272,13,2,0,2
326392,13,2,2,0
7388496,13,2,1,1
238360,13,2,0,2
2598440,13,2,1,1
2762416,13,2,0,2
5423592,13,2,2,0
4224384,13,2,1,1
385384,13,2,1,1
811032,13,2,0,2
915664,13,2,1,1
1557344,13,2,2,0
3864944,13,2,1,1
218672,13,2,2,0
670600,13,2,1,1
719440,13,2,1,1
1209784,13,2,2,0
449808,13,2,1,1
389712,13,2,2,0
108072,13,2,1,1
2495456,13,2,0,2
392360,13,2,0,2
288000,13,2,1,1
284824,13,2,2,0
1620112,13,2,1,1
1188728,13,2,2,0
419536,13,2,2,0
2261656,13,2,0,2
168120,13,2,1,1
627928,13,2,2,0
1459768,13,2,1,1
125712,13,2,1,1
79408,13,2,1,1
97504,13,2,2,0
562720,13,2,2,0
295304,13,2,1,1
1473312,13,2,2,0
194912,13,2,1,1
3434824,13,2,1,1
1113888,13,2,2,0
424384,13,2,2,0
222464,13,2,0,2
1034016,13,2,1,1
4617144,13,2,1,1
230080,13,2,1,1
5211000,13,2,1,1
350504,13,2,2,0
392832,13,2,1,1
788968,13,2,1,1
534368,13,2,1,1
548936,13,2,1,1
388576,13,2,2,0
83584,13,2,1,1
382560,13,2,2,0
4155320,13,2,1,1
1148048,13,2,0,2
4055000,13,2,2,0
257280,13,2,1,1
207416,13,2,0,2
268984,13,2,2,0
54000,13,2,1,1
199392,13,2,0,2
75880,13,2,1,1
610920,13,2,2,0
124232,13,2,1,1
237840,13,2,2,0
1920008,13,2,2,0
1233464,13,2,1,1
448424,13,2,0,2
293280,13,2,0,2
58960,13,2,2,0
520040,13,2,1,1
345640,13,2,1,1
2767016,13,2,1,1
280120,13,2,1,1
234688,13,2,2,0
526920,13,2,1,1
1591960,13,2,1,1
693976,13,2,2,0
972472,13,2,1,1
491248,13,2,2,0
353264,13,2,2,0
6613896,13,2,2,0
148640,13,2,2,0
170848,13,2,2,0
1520544,13,2,2,0
150168,13,2,1,1
172848,13,2,2,0
780400,13,2,1,1
434832,13,2,1,1
1554576,13,2,2,0
665832,13,2,2,0
537992,13,2,1,1
87024,13,2,2,0
90256,13,2,1,1
515008,13,2,2,0
477784,13,2,2,0
82608,13,2,2,0
881512,13,2,2,0
574592,13,2,1,1
999336,13,2,0,2
221584,13,2,1,1
4212568,13,2,1,1
4201160,13,2,2,0
1687024,13,2,1,1
7803672,13,2,2,0
113576,13,2,0,2
37568,13,2,0,2
820240,13,2,2,0
1556320,13,2,1,1
150272,13,2,0,2
303144,13,2,1,1
1190080,13,2,1,1
381944,13,2,1,1
429560,13,2,1,1
645544,13,2,1,1
231760,13,2,1,1
564656,13,2,1,1
2166400,13,2,1,1
856352,13,2,0,2
524720,13,2,2,0
336744,13,2,1,1
234088,13,2,2,0
296168,13,2,2,0
1029656,13,2,2,0
720088,13,2,0,2
2144320,13,2,1,1
1648200,13,2,1,1
677664,13,2,1,1
1193448,13,2,1,1
35864,13,2,1,1
359296,13,2,0,2
6982952,13,2,1,1
534944,13,2,1,1
262248,13,2,1,1
118176,13,2,2,0
300680,13,2,1,1
406936,13,2,1,1
310272,13,2,1,1
1193960,13,2,1,1
857864,13,2,2,0
1774376,13,2,2,0
315568,13,2,0,2
62064,13,2,2,0
351224,13,2,1,1
112248,13,2,2,0
404360,13,2,1,1
121784,13,2,0,2
2815144,13,2,1,1
399792,13,2,0,2
506072,13,2,2,0
93304,13,2,1,1
367728,13,2,1,1
1440168,13,2,0,2
493944,13,2,1,1
1002088,13,2,1,1
349504,13,2,0,2
2186040,13,2,1,1
109192,13,2,1,1
506568,13,2,2,0
1408568,13,2,1,1
464632,13,2,0,2
895576,13,2,2,0
335376,13,2,1,1
423720,13,2,1,1
1200320,13,2,1,1
424488,13,2,0,2
81168,13,2,0,2
1474584,13,2,1,1
222312,13,2,1,1
122600,13,2,1,1
677880,13,2,1,1
668984,13,2,1,1
235656,13,2,1,1
4229520,13,2,2,0
331280,13,2,1,1
952184,13,2,1,1
379432,13,2,2,0
1417056,13,2,2,0
120528,13,2,0,2
1164176,13,2,0,2
1318064,13,2,1,1
372488,13,2,1,1
3345888,13,2,2,0
249320,13,2,1,1
1517800,13,2,1,1
850136,13,2,1,1
473144,13,2,2,0
3600888,13,2,1,1
217696,13,2,0,2
1124776,13,2,1,1
3593904,13,2,1,1
860664,13,2,1,1
3191528,13,2,1,1
181728,13,2,0,2
2126408,13,2,0,2
643240,13,2,1,1
691424,13,2,1,1
1896296,13,2,0,2
425144,13,2,1,1
4412296,13,2,1,1
348288,13,2,1,1
5035312,13,2,0,2
326048,13,2,1,1
625024,13,2,2,0
420728,13,2,2,0
2436624,13,2,1,1
219704,13,2,0,2
1089480,13,2,0,2
163608,13,2,0,2
300144,13,2,2,0
1550840,13,2,0,2
284088,13,2,1,1
654080,13,2,0,2
393448,13,2,2,0
6534648,13,2,1,1
356904,13,2,1,1
806216,13,2,2,0
151200,13,2,2,0
1330592,13,2,1,1
5913240,13,2,1,1
78288,13,2,1,1
2259064,13,2,2,0
424968,13,2,0,2
672528,13,2,1,1
112976,13,2,1,1
315464,13,2,0,2
613368,13,2,0,2
1104736,13,2,2,0
94416,13,2,1,1
448368,13,2,1,1
360248,13,2,2,0
369344,13,2,1,1
1758456,13,2,2,0
367336,13,2,0,2
336272,13,2,2,0
1240712,13,2,0,2
389856,13,2,0,2
191184,13,2,2,0
373920,13,2,1,1
352848,13,2,1,1
6653368,13,2,1,1
2412720,13,2,2,0
138984,13,2,2,0
584056,13,2,2,0
1051368,13,2,2,0
215968,13,2,0,2
2098080,13,2,1,1
231176,13,2,2,0
2727720,13,2,0,2
226576,13,2,1,1
6953688,13,2,2,0
220952,13,2,2,0
3395416,13,2,1,1
647200,13,2,1,1
389488,13,2,1,1
867520,13,2,2,0
229536,13,2,1,1
117496,13,2,2,0
468280,13,2,1,1
284448,13,2,2,0
98872,13,2,2,0
1093168,13,2,1,1
430056,13,2,2,0
7720888,13,2,2,0
6444664,13,2,1,1
536616,13,2,2,0
269968,13,2,0,2
589464,13,2,1,1
1437408,13,2,1,1
6759192,13,2,1,1
449728,13,2,0,2
348960,13,2,0,2
251152,13,2,1,1
163216,13,2,2,0
1246400,13,2,2,0
6735576,13,2,1,1
4506496,13,2,1,1
5942512,13,2,0,2
1580448,13,2,1,1
1618416,13,2,2,0
825448,13,2,1,1
7683368,13,2,1,1
293696,13,2,2,0
1158336,13,2,2,0
283320,13,2,1,1
2500368,13,2,1,1
521864,13,2,1,1
373040,13,2,1,1
518728,13,2,1,1
692696,13,2,1,1
1413472,13,2,2,0
124592,13,2,1,1
1376440,13,2,0,2
504416,13,2,1,1
833408,13,2,1,1
1980192,13,2,2,0
395616,13,2,2,0
255872,13,2,1,1
1513840,13,2,2,0
248376,13,2,1,1
5383352,13,2,1,1
6889008,13,2,2,0
490984,13,2,2,0
3547200,13,2,1,1
72744,13,2,1,1
680904,13,2,2,0
393752,13,2,1,1
3372720,13,2,0,2
792240,13,2,1,1
875872,13,2,1,1
3704872,13,2,2,0
4147352,13,2,2,0
216368,13,2,1,1
228112,13,2,1,1
3171520,13,2,1,1
795064,13,2,1,1
453264,13,2,2,0
932744,13,2,1,1
255592,13,2,1,1
522632,13,2,0,2
233424,13,2,0,2
2836048,13,2,1,1
1403400,13,2,2,0
2508584,13,2,1,1
440360,13,2,1,1
170864,13,2,2,0
414288,13,2,1,1
563760,13,2,0,2
562336,13,2,1,1
666480,13,2,1,1
279928,13,2,2,0
365600,13,2,2,0
1587352,13,2,1,1
244528,13,2,0,2
2117496,13,2,0,2
647192,13,2,1,1
973760,13,2,1,1
217888,13,2,0,2
477152,13,2,0,2
128464,13,2,0,2
660080,13,2,0,2
2094256,13,2,2,0
4728032,13,2,0,2
568512,13,2,1,1
246776,13,2,0,2
73456,13,2,0,2
221512,13,2,1,1
526536,13,2,0,2
783176,13,2,2,0
1284448,13,2,0,2
300568,13,2,2,0
152448,13,2,1,1
222848,13,2,0,2
3304656,13,2,2,0
174448,13,2,0,2
651736,13,2,2,0
578656,13,2,2,0
781848,13,2,1,1
452648,13,2,1,1
87272,13,2,2,0
423120,13,2,1,1
54960,13,2,1,1
199400,13,2,1,1
734704,13,2,0,2
780160,13,2,2,0
2096024,13,2,1,1
884056,13,2,2,0
2113360,13,2,1,1
7116376,13,2,1,1
808288,13,2,0,2
900792,13,2,1,1
235680,13,2,2,0
274624,13,2,0,2
2821392,13,2,0,2
772832,13,2,1,1
253280,13,2,1,1
677968,13,2,1,1
85760,13,2,1,1
518592,13,2,1,1
1025072,13,2,0,2
7006240,13,2,1,1
3448624,13,2,2,0
491632,13,2,0,2
220560,13,2,0,2
174752,13,2,1,1
865720,13,2,2,0
243720,13,2,2,0
253584,13,2,1,1
199256,13,2,1,1
1334944,13,2,0,2
1854632,13,2,2,0
3035944,13,2,0,2
510552,13,2,1,1
466112,13,2,2,0
1331224,13,2,1,1
2044000,13,2,0,2
488600,13,2,1,1
129672,13,2,1,1
918584,13,2,1,1
728392,13,2,2,0
2168264,13,2,1,1
254248,13,2,2,0
841968,13,2,2,0
255008,13,2,1,1
705992,13,2,0,2
196152,13,2,1,1
194488,13,2,2,0
2623184,13,2,1,1
4936064,13,2,1,1
1403136,13,2,0,2
2317464,13,2,0,2
1304320,13,2,1,1
404712,13,2,0,2
514672,13,2,1,1
302280,13,2,0,2
117544,13,2,1,1
385768,13,2,1,1
470616,13,2,2,0
404656,13,2,1,1
873464,13,2,0,2
1958952,13,2,1,1
753400,13,2,0,2
282584,13,2,1,1
1718496,13,2,0,2
4617960,13,2,0,2
464552,13,2,1,1
491208,13,2,2,0
899456,13,2,1,1
984616,13,2,2,0
161256,13,2,0,2
410472,13,2,0,2
1405360,13,2,2,0
990568,13,2,1,1
5746128,13,2,2,0
127160,13,2,1,1
1407944,13,2,1,1
1144672,13,2,0,2
2141432,13,2,1,1
362384,13,2,1,1
289728,13,2,2,0
1014176,13,2,2,0
203320,13,2,2,0
56408,13,2,0,2
213208,13,2,1,1
487704,13,2,1,1
567384,13,2,1,1
153792,13,2,2,0
1538136,13,2,0,2
877592,13,2,1,1
132104,13,2,1,1
172008,13,2,0,2
190832,13,2,1,1
567984,13,2,1,1
626536,13,2,0,2
232144,13,2,0,2
4083880,13,2,0,2
457096,13,2,0,2
1915944,13,2,2,0
253704,13,2,0,2
1189968,13,2,1,1
478216,13,2,1,1
338264,13,2,1,1
500376,13,2,2,0
522976,13,2,0,2
313864,13,2,0,2
614872,13,2,1,1
1062192,13,2,1,1
800128,13,2,2,0
788008,13,2,1,1
293232,13,2,1,1
3412304,13,2,1,1
411416,13,2,1,1
121296,13,2,1,1
720720,13,2,0,2
419800,13,2,2,0
3219952,13,2,1,1
416768,13,2,1,1
674272,13,2,1,1
1019224,13,2,2,0
1686920,13,2,2,0
960416,13,2,0,2
185632,13,2,2,0
1392256,13,2,1,1
1045752,13,2,1,1
320120,13,2,0,2
162624,13,2,2,0
530880,13,2,0,2
6814528,13,2,0,2
548144,13,2,1,1
1461184,13,2,1,1
6247896,13,2,1,1
1442632,13,2,0,2
382640,13,2,0,2
247160,13,2,2,0
1567008,13,2,2,0
4166296,13,2,1,1
930408,13,2,2,0
180648,13,2,0,2
556336,13,2,1,1
777184,13,2,0,2
2634960,13,2,2,0
282824,13,2,0,2
352496,13,2,0,2
2189408,13,2,1,1
405520,13,2,1,1
139512,13,2,2,0
476200,13,2,1,1
5122152,13,2,1,1
135440,13,2,0,2
453456,13,2,1,1
2306800,13,2,1,1
724240,13,2,1,1
7018328,13,2,1,1
1059624,13,2,2,0
941528,13,2,1,1
370232,13,2,2,0
1326728,13,2,0,2
716208,13,2,1,1
6415528,13,2,1,1
839560,13,2,1,1
396544,13,2,2,0
543552,13,2,1,1
689736,13,2,2,0
144680,13,2,2,0
155520,13,2,1,1
7243552,13,2,1,1
6271288,13,2,2,0
1876728,13,2,2,0
515176,13,2,1,1
6836280,13,2,1,1
683152,13,2,0,2
221752,13,2,1,1
115384,13,2,0,2
663600,13,2,0,2
3165408,13,2,1,1
350984,13,2,1,1
720896,13,2,0,2
199968,13,2,0,2
73560,13,2,1,1
538424,13,2,2,0
855712,13,2,1,1
210656,13,2,1,1
467864,13,2,1,1
2255496,13,2,0,2
1799592,13,2,1,1
603080,13,2,0,2
268584,13,2,2,0
383840,13,2,2,0
349632,13,2,0,2
1094952,13,2,1,1
1150352,13,2,1,1
310640,13,2,2,0
331256,13,2,0,2
286384,13,2,0,2
603568,13,2,0,2
886560,13,2,1,1
236480,13,2,2,0
965480,13,2,2,0
299272,13,2,1,1
352392,13,2,2,0
637984,13,2,2,0
1036608,13,2,0,2
1849160,13,2,2,0
255720,13,2,0,2
2706720,13,2,1,1
3438472,13,2,1,1
497608,13,2,1,1
2231824,13,2,1,1
385736,13,2,2,0
1125376,13,2,0,2
787224,13,2,1,1
137240,13,2,0,2
624568,13,2,0,2
146872,13,2,1,1
173120,13,2,2,0
739288,13,2,1,1
420800,13,2,1,1
95208,13,2,0,2
207016,13,2,2,0
121592,13,2,1,1
1697688,13,2,0,2
1416384,13,2,0,2
382824,13,2,1,1
293104,13,2,2,0
131192,13,2,0,2
92224,13,2,0,2
1040384,13,2,0,2
260344,13,2,1,1
626056,13,2,0,2
605192,13,2,0,2
334320,13,2,1,1
998496,13,2,2,0
1678480,13,2,1,1
7116064,13,2,2,0
6519744,13,2,1,1
916864,13,2,1,1
618192,13,2,1,1
4316032,13,2,1,1
1995880,13,2,0,2
509712,13,2,1,1
658896,13,2,0,2
2693648,13,2,0,2
461464,13,2,1,1
1145736,13,2,1,1
1220472,13,2,1,1
1514408,13,2,1,1
3743048,13,2,0,2
5305288,13,2,1,1
226416,13,2,0,2
335888,13,2,1,1
2061472,13,2,1,1
267912,13,2,1,1
3084320,13,2,1,1
141936,13,2,0,2
1167048,13,2,1,1
323784,13,2,0,2
2361888,13,2,1,1
305296,13,2,2,0
308672,13,2,0,2
5777016,13,2,1,1
288496,13,2,1,1
401112,13,2,2,0
1013336,13,2,2,0
1143376,13,2,1,1
1903504,13,2,1,1
396192,13,2,1,1
6687400,13,2,2,0
447472,13,2,1,1
1486832,13,2,2,0
104048,13,2,1,1
1401072,13,2,1,1
722424,13,2,1,1
1882768,13,2,0,2
99744,13,2,2,0
94312,13,2,1,1
369408,13,2,1,1
2885728,13,2,1,1
5939984,13,2,1,1
263512,13,2,1,1
534736,13,2,2,0
1892464,13,2,1,1
622296,13,2,1,1
502712,13,2,1,1
474040,13,2,1,1
131280,13,2,1,1
1163352,13,2,0,2
714576,13,2,2,0
3266360,13,2,0,2
128568,13,2,1,1
278832,13,2,0,2
1008224,13,2,0,2
545872,13,2,1,1
201696,13,2,1,1
499240,13,2,1,1
1265304,13,2,1,1
257000,13,2,1,1
71584,13,2,2,0
475096,13,2,1,1
6484744,13,2,1,1
540264,13,2,0,2
129976,13,2,0,2
535200,13,2,1,1
665672,13,2,2,0
134112,13,2,2,0
242816,13,2,1,1
2772304,13,2,1,1
314632,13,2,1,1
563488,13,2,0,2
2266232,13,2,1,1
328312,13,2,1,1
185568,13,2,2,0
87472,13,2,0,2
3690080,13,2,2,0
599624,13,2,0,2
138040,13,2,1,1
309792,13,2,1,1
1614528,13,2,0,2
298712,13,2,1,1
735112,13,2,2,0
2570200,13,2,1,1
1751048,13,2,1,1
665976,13,2,1,1
212632,13,2,2,0
144512,13,2,1,1
492800,13,2,1,1
1888704,13,2,1,1
2505608,13,2,0,2
472784,13,2,2,0
1120704,13,2,1,1
4987392,13,2,0,2
1523128,13,2,2,0
1214136,13,2,1,1
48144,13,2,1,1
448936,13,2,2,0
154840,13,2,1,1
229640,13,2,2,0
263904,13,2,0,2
7054312,13,2,2,0
1269824,13,2,1,1
1082304,13,2,1,1
2384608,13,2,0,2
1070456,13,2,1,1
265768,13,2,1,1
6660912,13,2,0,2
3220088,13,2,0,2
445056,13,2,0,2
604352,13,2,0,2
375320,13,2,2,0
581136,13,2,0,2
371928,13,2,1,1
892288,13,2,0,2
6624576,13,2,1,1
93824,13,2,0,2
660072,13,2,0,2
893680,13,2,1,1
524912,13,2,1,1
4089440,13,2,2,0
330640,13,2,1,1
660472,13,2,1,1
1022528,13,2,0,2
406408,13,2,1,1
282152,13,2,1,1
220304,13,2,1,1
5005728,13,2,2,0
162848,13,2,2,0
309392,13,2,0,2
473832,13,2,0,2
173576,13,2,0,2
3228896,13,2,2,0
422592,13,2,2,0
207096,13,2,1,1
283232,13,2,1,1
996976,13,2,1,1
629424,13,2,2,0
183224,13,2,1,1
491656,13,2,2,0
150512,13,2,0,2
1352144,13,2,1,1
189008,13,2,2,0
4793056,13,2,2,0
43872,13,2,1,1
879224,13,2,1,1
549400,13,2,0,2
75376,13,2,0,2
575848,13,2,1,1
2493032,13,2,0,2
2164480,13,2,1,1
497128,13,2,1,1
514192,13,2,2,0
694768,13,2,1,1
343616,13,2,1,1
755360,13,2,0,2
1611688,13,2,1,1
174976,13,2,1,1
1293728,13,2,0,2
1075872,13,2,1,1
214600,13,2,0,2
301848,13,2,0,2
627064,13,2,2,0
576336,13,2,0,2
180760,13,2,1,1
180632,13,2,1,1
611400,13,2,1,1
504344,13,2,0,2
174784,13,2,1,1
678016,13,2,1,1
180080,13,2,1,1
420872,13,2,1,1
607080,13,2,2,0
837400,13,2,0,2
544064,13,2,1,1
356816,13,2,1,1
615296,13,2,0,2
5738408,13,2,0,2
485816,13,2,1,1
649792,13,2,0,2
1001544,13,2,1,1
1173024,13,2,1,1
231520,13,2,1,1
510016,13,2,1,1
1373240,13,2,0,2
242648,13,2,1,1
84168,13,2,1,1
203928,13,2,2,0
953776,13,2,2,0
475560,13,2,1,1
147696,13,2,1,1
446952,13,2,0,2
173320,13,2,1,1
188160,13,2,1,1
355872,13,2,0,2
872640,13,2,2,0
630712,13,2,0,2
635152,13,2,1,1
148960,13,2,1,1
274944,13,2,0,2
155448,13,2,1,1
5112008,13,2,1,1
1137984,13,2,2,0
591024,13,2,1,1
728712,13,2,2,0
346768,13,2,1,1
632224,13,2,0,2
387992,13,2,2,0
944192,13,2,0,2
1349160,13,2,0,2
379056,13,2,0,2
7803896,13,2,0,2
189872,13,2,1,1
1134640,13,2,1,1
777592,13,2,0,2
285376,13,2,1,1
6014768,13,2,0,2
160264,13,2,2,0
303384,13,2,1,1
98008,13,2,1,1
877000,13,2,1,1
188296,13,2,1,1
229456,13,2,1,1
1969696,13,2,0,2
527480,13,2,1,1
1310416,13,2,1,1
1272032,13,2,1,1
169256,13,2,1,1
2938168,13,2,2,0
371000,13,2,1,1
271008,13,2,0,2
256064,13,2,2,0
196856,13,2,1,1
662624,13,2,1,1
774912,13,2,1,1
776648,13,2,2,0
117840,13,2,1,1
3651424,13,2,2,0
364872,13,2,1,1
1753008,13,2,1,1
956344,13,2,0,2
3977200,13,2,1,1
1371576,13,2,0,2
2622040,13,2,1,1
1850328,13,2,1,1
7202224,13,2,0,2
374496,13,2,0,2
1952008,13,2,2,0
167528,13,2,1,1
183256,13,2,1,1
452232,13,2,1,1
329216,13,2,1,1
1139128,13,2,0,2
543688,13,2,2,0
909728,13,2,1,1
351360,13,2,1,1
1470264,13,2,1,1
112120,13,2,1,1
1433456,13,2,1,1
6194480,13,2,2,0
6290592,13,2,0,2
623280,13,2,0,2
1764760,13,2,1,1
93512,13,2,1,1
163536,13,2,1,1
140832,13,2,2,0
474488,13,2,0,2
2666432,13,2,1,1
281424,13,2,0,2
649000,13,2,2,0
213496,13,2,1,1
1477768,13,2,0,2
1323232,13,2,1,1
574032,13,2,0,2
6187976,13,2,2,0
405416,13,2,0,2
5151968,13,2,2,0
611448,13,2,1,1
1040608,13,2,1,1
695176,13,2,0,2
4445024,13,2,1,1
1591304,13,2,0,2
413112,13,2,0,2
893032,13,2,1,1
226720,13,2,2,0
1262008,13,2,2,0
121656,13,2,1,1
340416,13,2,2,0
471072,13,2,1,1
1107712,13,2,2,0
950232,13,2,2,0
272232,13,2,1,1
526664,13,2,0,2
1375880,13,2,1,1
158544,13,2,2,0
1486328,13,2,0,2
582808,13,2,1,1
265272,13,2,1,1
527880,13,2,1,1
961880,13,2,0,2
589264,13,2,1,1
1054792,13,2,1,1
223792,13,2,1,1
2571032,13,2,1,1
246464,13,2,1,1
463536,13,2,2,0
645824,13,2,2,0
857152,13,2,2,0
194632,13,2,0,2
1848672,13,2,1,1
233712,13,2,1,1
608824,13,2,2,0
1453600,13,2,1,1
260208,13,2,2,0
467408,13,2,2,0
3993160,13,2,1,1
433488,13,2,1,1
238352,13,2,1,1
1446920,13,2,2,0
857032,13,2,1,1
1198928,13,2,0,2
104616,13,2,0,2
263632,13,2,2,0
328864,13,2,1,1
3788336,13,2,2,0
1074008,13,2,0,2
803360,13,2,1,1
1330408,13,2,1,1
82784,13,2,1,1
2394408,13,2,0,2
273720,13,2,0,2
657232,13,2,1,1
469776,13,2,1,1
110072,13,2,0,2
2513368,13,2,0,2
2044472,13,2,1,1
264072,13,2,1,1
1935568,13,2,2,0
3344440,13,2,2,0
277136,13,2,1,1
951208,13,2,1,1
149496,13,2,1,1
176552,13,2,1,1
248736,13,2,1,1
498232,13,2,0,2
567096,13,2,0,2
3470736,13,2,1,1
115056,13,2,1,1
3171016,13,2,2,0
101360,13,2,2,0
192920,13,2,0,2
2480440,13,2,2,0
3746640,13,2,1,1
832256,13,2,1,1
702576,13,2,1,1
573912,13,2,0,2
108208,13,2,0,2
226600,13,2,1,1
390744,13,2,1,1
1633040,13,2,1,1
1090456,13,2,0,2
96496,13,2,1,1
249184,13,2,2,0
608784,13,2,1,1
584400,13,2,1,1
611600,13,2,0,2
169984,13,2,1,1
539432,13,2,0,2
635400,13,2,2,0
547184,13,2,0,2
168744,13,2,0,2
690856,13,2,2,0
446440,13,2,1,1
169592,13,2,0,2
290384,13,2,0,2
872208,13,2,1,1
183608,13,2,1,1
579976,13,2,1,1
332632,13,2,1,1
2143792,13,2,0,2
3164320,13,2,1,1
740488,13,2,1,1
627472,13,2,1,1
2170976,13,2,2,0
6402328,13,2,1,1
2332448,13,2,1,1
794152,13,2,1,1
1667952,13,2,1,1
284176,13,2,1,1
844144,13,2,2,0
1372776,13,2,1,1
1847520,13,2,1,1
362712,13,2,2,0
2129936,13,2,2,0
337320,13,2,1,1
361088,13,2,1,1
416464,13,2,1,1
340680,13,2,0,2
136696,13,2,0,2
207248,13,2,1,1
342376,13,2,2,0
163368,13,2,0,2
890800,13,2,1,1
810832,13,2,1,1
3657288,13,2,2,0
133016,13,2,1,1
824088,13,2,0,2
799704,13,2,1,1
246216,13,2,1,1
330840,13,2,1,1
3210248,13,2,0,2
3482904,13,2,2,0
292080,13,2,0,2
406712,13,2,1,1
601240,13,2,0,2
537672,13,2,1,1
1630080,13,2,1,1
429024,13,2,1,1
780152,13,2,2,0
233816,13,2,0,2
514936,13,2,2,0
180144,13,2,2,0
512776,13,2,2,0
649984,13,2,1,1
573096,13,2,2,0
338912,13,2,2,0
556904,13,2,1,1
304288,13,2,1,1
169200,13,2,1,1
294344,13,2,1,1
976888,13,2,0,2
1070240,13,2,2,0
241120,13,2,1,1
2234960,13,2,1,1
1337448,13,2,2,0
1873888,13,2,1,1
6743896,13,2,1,1
99416,13,2,2,0
516728,13,2,1,1
510560,13,2,1,1
568384,13,2,0,2
786640,13,2,1,1
332720,13,2,0,2
158976,13,2,0,2
350928,13,2,0,2
1689776,13,2,1,1
6005536,13,2,0,2
204080,13,2,2,0
842760,13,2,1,1
385224,13,2,1,1
1222896,13,2,2,0
1297888,13,2,2,0
249368,13,2,2,0
545392,13,2,2,0
305208,13,2,2,0
704280,13,2,1,1
125688,13,2,1,1
653040,13,2,1,1
577920,13,2,0,2
160936,13,2,1,1
317880,13,2,1,1
141832,13,2,1,1
1223272,13,2,0,2
343144,13,2,1,1
357384,13,2,0,2
718640,13,2,0,2
521672,13,2,2,0
308456,13,2,1,1
3860024,13,2,2,0
464848,13,2,2,0
550688,13,2,1,1
649032,13,2,0,2
111240,13,2,2,0
779168,13,2,1,1
284344,13,2,2,0
4759856,13,2,1,1
1712928,13,2,1,1
1452360,13,2,1,1
212792,13,2,1,1
461584,13,2,2,0
329624,13,2,2,0
209368,13,2,1,1
590248,13,2,0,2
702552,13,2,0,2
4133448,13,2,2,0
1522992,13,2,1,1
344840,13,2,1,1
291648,13,2,2,0
175264,13,2,2,0
1779096,13,2,1,1
842840,13,2,0,2
429472,13,2,0,2
1583712,13,2,1,1
867720,13,2,2,0
189888,13,2,1,1
1560496,13,2,1,1
739680,13,2,0,2
2136480,13,2,1,1
3089336,13,2,1,1
1126560,13,2,1,1
472000,13,2,2,0
986464,13,2,1,1
1374272,13,2,1,1
563520,13,2,1,1
819424,13,2,1,1
1993872,13,2,1,1
1563664,13,2,1,1
254072,13,2,1,1
668376,13,2,1,1
196016,13,2,1,1
795648,13,2,1,1
452352,13,2,2,0
5367600,13,2,1,1
2946856,13,2,0,2
335144,13,2,1,1
44832,13,2,1,1
960872,13,2,1,1
462512,13,2,2,0
82576,13,2,1,1
174200,13,2,0,2
2993880,13,2,1,1
2258936,13,2,1,1
5540392,13,2,2,0
691240,13,2,0,2
976696,13,2,1,1
249024,13,2,1,1
205304,13,2,2,0
1778048,13,2,1,1
341776,13,2,1,1
583376,13,2,1,1
398928,13,2,2,0
141960,13,2,1,1
416880,13,2,1,1
220488,13,2,0,2
235696,13,2,1,1
346488,13,2,1,1
347160,13,2,1,1
6867240,13,2,1,1
1395856,13,2,1,1
5065800,13,2,1,1
409760,13,2,1,1
5918056,13,2,2,0
286112,13,2,0,2
1656664,13,2,2,0
5422008,13,2,1,1
96536,13,2,1,1
952624,13,2,2,0
1028456,13,2,0,2
6456176,13,2,1,1
2116104,13,2,1,1
3590232,13,2,1,1
541608,13,2,1,1
774568,13,2,0,2
824800,13,2,1,1
300840,13,2,2,0
318200,13,2,1,1
939056,13,2,1,1
438456,13,2,0,2
902720,13,2,0,2
431592,13,2,0,2
88000,13,2,1,1
692504,13,2,1,1
468208,13,2,1,1
789096,13,2,1,1
4868520,13,2,2,0
6083600,13,2,0,2
684424,13,2,1,1
989592,13,2,0,2
343464,13,2,1,1
683144,13,2,1,1
1709184,13,2,2,0
843896,13,2,2,0
115232,13,2,2,0
396536,13,2,1,1
618816,13,2,1,1
939784,13,2,1,1
785864,13,2,2,0
6447616,13,2,1,1
149600,13,2,0,2
183464,13,2,0,2
141752,13,2,0,2
319792,13,2,1,1
2553392,13,2,1,1
1300880,13,2,1,1
519584,13,2,0,2
1634528,13,2,0,2
1267016,13,2,2,0
1396968,13,2,0,2
492552,13,2,1,1
2412376,13,2,1,1
2803936,13,2,2,0
1088520,13,2,0,2
161368,13,2,1,1
204696,13,2,1,1
1738824,13,2,2,0
5967400,13,2,1,1
437320,13,2,0,2
289376,13,2,1,1
649600,13,2,1,1
1201832,13,2,1,1
4627288,13,2,0,2
451136,13,2,2,0
1609816,13,2,1,1
917704,13,2,1,1
678808,13,2,0,2
187168,13,2,1,1
397840,13,2,2,0
165768,13,2,1,1
575496,13,2,0,2
295872,13,2,2,0
7898904,13,2,1,1
756936,13,2,0,2
6401624,13,2,2,0
1246448,13,2,2,0
3400424,13,2,1,1
1649472,13,2,1,1
850920,13,2,1,1
301080,13,2,1,1
613944,13,2,1,1
433056,13,2,1,1
1231736,13,2,0,2
838960,13,2,1,1
416584,13,2,1,1
1708912,13,2,2,0
1741856,13,2,1,1
353072,13,2,2,0
1799880,13,2,2,0
1686680,13,2,1,1
157360,13,2,1,1
5959384,13,2,2,0
194856,13,2,2,0
527072,13,2,2,0
4054992,13,2,1,1
199128,13,2,0,2
1959520,13,2,1,1
6214008,13,2,1,1
694344,13,2,2,0
293312,13,2,2,0
330384,13,2,0,2
215976,13,2,1,1
372104,13,2,0,2
229704,13,2,2,0
122056,13,2,0,2
426336,13,2,0,2
170976,13,2,2,0
250672,13,2,2,0
401832,13,2,1,1
3567648,13,2,2,0
2986632,13,2,1,1
275384,13,2,1,1
1898760,13,2,2,0
301288,13,2,1,1
125232,13,2,2,0
4172872,13,2,2,0
3767216,13,2,0,2
213520,13,2,1,1
571280,13,2,1,1
230520,13,2,1,1
435520,13,2,0,2
465928,13,2,1,1
330080,13,2,2,0
2372784,13,2,1,1
490640,13,2,1,1
232864,13,2,0,2
101904,13,2,1,1
173712,13,2,0,2
1056832,13,2,2,0
536984,13,2,1,1
4725072,13,2,2,0
759272,13,2,1,1
526032,13,2,1,1
3553520,13,2,1,1
3713192,13,2,2,0
171784,13,2,2,0
146512,13,2,0,2
196896,13,2,0,2
397872,13,2,1,1
1620136,13,2,0,2
6526608,13,2,0,2
90552,13,2,2,0
1180032,13,2,0,2
930592,13,2,2,0
215512,13,2,0,2
635664,13,2,1,1
556776,13,2,1,1
2211632,13,2,1,1
206968,13,2,2,0
3138736,13,2,0,2
227384,13,2,1,1
310688,13,2,1,1
379072,13,2,0,2
2500024,13,2,1,1
5143328,13,2,2,0
935320,13,2,1,1
164120,13,2,1,1
1453048,13,2,2,0
667464,13,2,0,2
483608,13,2,0,2
54112,13,2,1,1
879528,13,2,1,1
282016,13,2,0,2
1174984,13,2,0,2
64992,13,2,0,2
1664424,13,2,0,2
452944,13,2,1,1
694152,13,2,1,1
140568,13,2,2,0
139216,13,2,2,0
317024,13,2,1,1
443584,13,2,1,1
966936,13,2,0,2
1238368,13,2,2,0
672192,13,2,1,1
169248,13,2,1,1
724320,13,2,2,0
413184,13,2,1,1
1427648,13,2,2,0
983952,13,2,1,1
79664,13,2,1,1
149200,14,2,2,0
163984,14,2,0,2
205848,14,2,0,2
1377360,14,2,0,2
1834280,14,2,1,1
789232,14,2,2,0
1925400,14,2,0,2
198720,14,2,2,0
1181080,14,2,0,2
1463160,14,2,1,1
420152,14,2,0,2
538640,14,2,1,1
1119752,14,2,0,2
1405520,14,2,1,1
231160,14,2,0,2
479008,14,2,2,0
434416,14,2,0,2
204952,14,2,2,0
586208,14,2,1,1
925640,14,2,1,1
360936,14,2,1,1
938400,14,2,2,0
4129008,14,2,1,1
216376,14,2,1,1
374872,14,2,0,2
795272,14,2,1,1
499200,14,2,0,2
959200,14,2,0,2
1207200,14,2,1,1
96032,14,2,1,1
232840,14,2,2,0
1584824,14,2,1,1
215608,14,2,1,1
2430784,14,2,2,0
1011016,14,2,2,0
284744,14,2,0,2
725608,14,2,1,1
126536,14,2,1,1
132720,14,2,1,1
755896,14,2,1,1
250576,14,2,1,1
474736,14,2,1,1
583568,14,2,1,1
155848,14,2,2,0
417528,14,2,1,1
631456,14,2,1,1
851472,14,2,1,1
1194192,14,2,1,1
2492304,14,2,1,1
278360,14,2,2,0
447176,14,2,2,0
1313616,14,2,1,1
1855672,14,2,2,0
2128280,14,2,1,1
3684216,14,2,0,2
244624,14,2,0,2
307136,14,2,2,0
1296584,14,2,0,2
2745712,14,2,0,2
1380680,14,2,2,0
79720,14,2,1,1
845760,14,2,2,0
73736,14,2,0,2
7928824,14,2,1,1
155032,14,2,1,1
549200,14,2,0,2
1122824,14,2,2,0
357768,14,2,1,1
525960,14,2,1,1
931800,14,2,1,1
511808,14,2,2,0
309112,14,2,1,1
166800,14,2,0,2
51320,14,2,1,1
1245416,14,2,1,1
2784368,14,2,1,1
580984,14,2,2,0
928280,14,2,2,0
4894632,14,2,0,2
304144,14,2,0,2
145104,14,2,1,1
266976,14,2,2,0
102680,14,2,0,2
4716216,14,2,2,0
294912,14,2,2,0
1403808,14,2,1,1
2459496,14,2,2,0
549176,14,2,1,1
1250688,14,2,1,1
417736,14,2,2,0
146480,14,2,0,2
373168,14,2,1,1
189120,14,2,2,0
1835400,14,2,0,2
359848,14,2,0,2
488976,14,2,0,2
3234808,14,2,0,2
321048,14,2,0,2
380160,14,2,1,1
455128,14,2,2,0
453128,14,2,2,0
818576,14,2,0,2
589512,14,2,1,1
112912,14,2,2,0
228640,14,2,0,2
278672,14,2,1,1
1224968,14,2,0,2
330824,14,2,0,2
502248,14,2,1,1
146800,14,2,1,1
185576,14,2,2,0
2643552,14,2,2,0
1476824,14,2,1,1
3321144,14,2,1,1
1082376,14,2,2,0
133648,14,2,1,1
310768,14,2,1,1
314320,14,2,0,2
257720,14,2,1,1
1249504,14,2,1,1
351912,14,2,0,2
1043552,14,2,1,1
69376,14,2,1,1
874256,14,2,2,0
2952288,14,2,0,2
3511064,14,2,1,1
1596976,14,2,0,2
1678184,14,2,1,1
1705040,14,2,1,1
4184080,14,2,1,1
3661688,14,2,2,0
829872,14,2,2,0
4393112,14,2,2,0
855376,14,2,0,2
3609576,14,2,0,2
560744,14,2,1,1
40672,14,2,1,1
345576,14,2,2,0
117392,14,2,1,1
480200,14,2,2,0
319784,14,2,2,0
166496,14,2,1,1
958928,14,2,1,1
386800,14,2,2,0
7201624,14,2,2,0
297032,14,2,2,0
776440,14,2,1,1
507032,14,2,2,0
901408,14,2,0,2
332304,14,2,0,2
148280,14,2,1,1
232680,14,2,1,1
104968,14,2,2,0
208624,14,2,2,0
271952,14,2,1,1
608952,14,2,1,1
545384,14,2,1,1
508344,14,2,0,2
90024,14,2,2,0
225864,14,2,1,1
442576,14,2,2,0
1693064,14,2,1,1
220408,14,2,2,0
520656,14,2,0,2
79824,14,2,2,0
458112,14,2,2,0
41592,14,2,2,0
1641240,14,2,2,0
2540736,14,2,1,1
245440,14,2,1,1
1345232,14,2,0,2
145336,14,2,0,2
89760,14,2,2,0
2654304,14,2,2,0
8163440,14,2,2,0
2256488,14,2,0,2
3191064,14,2,2,0
819376,14,2,0,2
2341792,14,2,0,2
4636952,14,2,1,1
462528,14,2,0,2
617400,14,2,2,0
149304,14,2,0,2
746960,14,2,0,2
1909008,14,2,2,0
459096,14,2,1,1
2156568,14,2,1,1
310600,14,2,1,1
2186680,14,2,2,0
1666592,14,2,2,0
1171504,14,2,1,1
423584,14,2,1,1
158064,14,2,1,1
8322888,14,2,1,1
5577952,14,2,1,1
1476488,14,2,0,2
4268336,14,2,1,1
936000,14,2,1,1
508184,14,2,0,2
271968,14,2,2,0
456720,14,2,0,2
368208,14,2,1,1
494560,14,2,2,0
4662912,14,2,2,0
1711144,14,2,1,1
1312336,14,2,1,1
5675432,14,2,2,0
1032160,14,2,1,1
300192,14,2,1,1
127984,14,2,1,1
1521960,14,2,0,2
474776,14,2,0,2
272304,14,2,1,1
1480136,14,2,1,1
65720,14,2,1,1
875248,14,2,0,2
310744,14,2,1,1
176320,14,2,1,1
5931040,14,2,0,2
2103824,14,2,1,1
542680,14,2,2,0
583960,14,2,1,1
124464,14,2,1,1
2880144,14,2,1,1
161944,14,2,2,0
550008,14,2,2,0
1316280,14,2,2,0
293040,14,2,2,0
81296,14,2,1,1
96520,14,2,1,1
599128,14,2,0,2
173984,14,2,1,1
1227616,14,2,0,2
687064,14,2,2,0
450176,14,2,1,1
650728,14,2,2,0
277920,14,2,2,0
589440,14,2,0,2
159096,14,2,2,0
6092696,14,2,0,2
790128,14,2,1,1
384032,14,2,0,2
1748448,14,2,2,0
84464,14,2,2,0
3454448,14,2,2,0
142664,14,2,1,1
235832,14,2,1,1
2690552,14,2,1,1
1478672,14,2,0,2
744024,14,2,1,1
3519848,14,2,1,1
882088,14,2,0,2
4222656,14,2,2,0
239232,14,2,1,1
214128,14,2,0,2
769544,14,2,2,0
333032,14,2,1,1
218184,14,2,2,0
121776,14,2,0,2
6123128,14,2,2,0
972176,14,2,1,1
1096912,14,2,1,1
311648,14,2,1,1
614416,14,2,2,0
543776,14,2,1,1
259016,14,2,2,0
856656,14,2,0,2
115096,14,2,1,1
1038992,14,2,2,0
479536,14,2,1,1
65696,14,2,0,2
2747144,14,2,1,1
242440,14,2,1,1
846896,14,2,2,0
383512,14,2,2,0
289584,14,2,1,1
191640,14,2,1,1
1493672,14,2,1,1
399392,14,2,0,2
615752,14,2,0,2
476416,14,2,1,1
398304,14,2,0,2
1410904,14,2,1,1
1657768,14,2,2,0
613856,14,2,1,1
371336,14,2,2,0
924272,14,2,1,1
50832,14,2,0,2
312744,14,2,1,1
6371944,14,2,2,0
928288,14,2,2,0
184512,14,2,0,2
826560,14,2,1,1
167672,14,2,2,0
663664,14,2,1,1
3045408,14,2,2,0
588952,14,2,0,2
209648,14,2,1,1
4527720,14,2,0,2
2382304,14,2,1,1
647288,14,2,0,2
202672,14,2,0,2
2200160,14,2,0,2
382752,14,2,0,2
124840,14,2,2,0
1745584,14,2,2,0
295296,14,2,0,2
1177480,14,2,1,1
1520632,14,2,0,2
462968,14,2,0,2
807880,14,2,2,0
394968,14,2,1,1
197000,14,2,1,1
1282024,14,2,1,1
501208,14,2,1,1
562248,14,2,1,1
281080,14,2,1,1
617584,14,2,1,1
822040,14,2,1,1
780472,14,2,2,0
6543192,14,2,1,1
1691704,14,2,1,1
725808,14,2,2,0
2229256,14,2,1,1
5371960,14,2,1,1
2873320,14,2,1,1
521960,14,2,0,2
930456,14,2,0,2
829352,14,2,1,1
1529032,14,2,2,0
834784,14,2,2,0
193768,14,2,1,1
291888,14,2,1,1
309488,14,2,1,1
93192,14,2,1,1
4455376,14,2,2,0
302344,14,2,0,2
557704,14,2,1,1
2460888,14,2,1,1
527248,14,2,0,2
148248,14,2,1,1
416256,14,2,0,2
769456,14,2,1,1
161888,14,2,1,1
459744,14,2,2,0
253576,14,2,0,2
487416,14,2,1,1
425168,14,2,0,2
589840,14,2,0,2
325360,14,2,1,1
320040,14,2,1,1
2596264,14,2,0,2
435640,14,2,1,1
187400,14,2,2,0
163472,14,2,1,1
3374528,14,2,1,1
172928,14,2,1,1
350032,14,2,0,2
414792,14,2,1,1
212168,14,2,1,1
370488,14,2,1,1
363728,14,2,0,2
544744,14,2,1,1
396232,14,2,0,2
770360,14,2,2,0
432576,14,2,2,0
471400,14,2,1,1
2345416,14,2,1,1
1267232,14,2,1,1
5909960,14,2,2,0
285336,14,2,2,0
182536,14,2,1,1
546848,14,2,1,1
3459848,14,2,1,1
2983784,14,2,1,1
2441216,14,2,1,1
429512,14,2,0,2
1429312,14,2,1,1
509096,14,2,0,2
893944,14,2,0,2
281256,14,2,0,2
49304,14,2,2,0
327376,14,2,1,1
180808,14,2,0,2
161984,14,2,1,1
3222312,14,2,1,1
1077152,14,2,1,1
1401040,14,2,1,1
797840,14,2,2,0
542192,14,2,2,0
7908648,14,2,2,0
2903040,14,2,0,2
243568,14,2,1,1
85280,14,2,0,2
1043832,14,2,2,0
373928,14,2,0,2
1219352,14,2,0,2
502200,14,2,1,1
525760,14,2,1,1
210416,14,2,2,0
251000,14,2,1,1
1239296,14,2,1,1
181856,14,2,2,0
156984,14,2,1,1
555200,14,2,1,1
360120,14,2,2,0
623912,14,2,0,2
1240792,14,2,0,2
276136,14,2,2,0
289552,14,2,1,1
299768,14,2,1,1
3218472,14,2,1,1
1860272,14,2,0,2
309752,14,2,1,1
302544,14,2,1,1
2374184,14,2,0,2
829160,14,2,1,1
374488,14,2,0,2
269832,14,2,2,0
388976,14,2,2,0
100112,14,2,1,1
206384,14,2,1,1
206528,14,2,0,2
1074264,14,2,2,0
156008,14,2,1,1
190120,14,2,2,0
87864,14,2,1,1
433096,14,2,1,1
592512,14,2,1,1
576744,14,2,1,1
1446576,14,2,2,0
216432,14,2,2,0
613520,14,2,1,1
1064168,14,2,1,1
80600,14,2,2,0
3814912,14,2,1,1
1808096,14,2,2,0
387896,14,2,1,1
2528536,14,2,1,1
703600,14,2,1,1
3320120,14,2,0,2
611752,14,2,1,1
847488,14,2,1,1
528264,14,2,2,0
1082632,14,2,2,0
2162320,14,2,1,1
4145448,14,2,1,1
1028416,14,2,2,0
324184,14,2,2,0
215056,14,2,0,2
240976,14,2,1,1
671568,14,2,2,0
213704,14,2,1,1
506304,14,2,0,2
7748080,14,2,2,0
79064,14,2,2,0
329664,14,2,0,2
227128,14,2,0,2
845144,14,2,1,1
4446624,14,2,1,1
3760496,14,2,1,1
296256,14,2,1,1
372800,14,2,1,1
381088,14,2,1,1
974056,14,2,1,1
801664,14,2,1,1
5310448,14,2,1,1
279056,14,2,2,0
907232,14,2,1,1
2294936,14,2,1,1
1211552,14,2,1,1
145560,14,2,1,1
149544,14,2,2,0
705960,14,2,0,2
272088,14,2,2,0
1696648,14,2,0,2
969144,14,2,2,0
1466168,14,2,1,1
1283144,14,2,1,1
3450032,14,2,2,0
1617584,14,2,1,1
2105112,14,2,0,2
1363688,14,2,1,1
1127984,14,2,1,1
969944,14,2,1,1
235544,14,2,0,2
159384,14,2,2,0
281800,14,2,1,1
686672,14,2,0,2
134592,14,2,2,0
752600,14,2,0,2
147560,14,2,0,2
1275464,14,2,1,1
2444272,14,2,0,2
671704,14,2,2,0
4077672,14,2,0,2
329088,14,2,2,0
799472,14,2,1,1
139312,14,2,1,1
297224,14,2,0,2
355400,14,2,2,0
1183952,14,2,0,2
127576,14,2,0,2
287320,14,2,0,2
76536,14,2,1,1
3538568,14,2,1,1
53984,14,2,1,1
673200,14,2,1,1
338728,14,2,1,1
1313768,14,2,0,2
4328672,14,2,2,0
509600,14,2,1,1
906560,14,2,2,0
462976,14,2,2,0
250528,14,2,1,1
707584,14,2,1,1
1083600,14,2,1,1
246520,14,2,2,0
417048,14,2,1,1
1206680,14,2,2,0
562280,14,2,1,1
905728,14,2,1,1
139464,14,2,0,2
277352,14,2,0,2
115368,14,2,0,2
1494320,14,2,2,0
407504,14,2,1,1
572176,14,2,0,2
569832,14,2,0,2
730952,14,2,0,2
1663832,14,2,2,0
1720200,14,2,1,1
193968,14,2,1,1
672144,14,2,0,2
5173440,14,2,1,1
1647408,14,2,2,0
952720,14,2,0,2
144880,14,2,1,1
585512,14,2,1,1
200968,14,2,1,1
2431368,14,2,1,1
2292328,14,2,0,2
3264992,14,2,2,0
3367192,14,2,0,2
202632,14,2,0,2
677848,14,2,1,1
155784,14,2,2,0
510496,14,2,0,2
391216,14,2,2,0
2104600,14,2,1,1
2433944,14,2,0,2
4306560,14,2,1,1
259080,14,2,1,1
3434400,14,2,2,0
1033888,14,2,1,1
1988328,14,2,2,0
150616,14,2,0,2
301456,14,2,0,2
420720,14,2,1,1
1592000,14,2,0,2
3404040,14,2,2,0
184592,14,2,1,1
516736,14,2,0,2
757232,14,2,1,1
298096,14,2,1,1
3937304,14,2,1,1
130200,14,2,1,1
2072640,14,2,1,1
359104,14,2,1,1
235352,14,2,1,1
1529152,14,2,1,1
209120,14,2,1,1
1669728,14,2,0,2
1572800,14,2,0,2
56320,14,2,1,1
1786344,14,2,2,0
2816688,14,2,1,1
362848,14,2,2,0
267184,14,2,1,1
5476608,14,2,1,1
941304,14,2,2,0
91272,14,2,0,2
746504,14,2,1,1
107424,14,2,2,0
2076504,14,2,1,1
4610768,14,2,0,2
453440,14,2,1,1
712640,14,2,2,0
196688,14,2,2,0
553776,14,2,1,1
2042280,14,2,1,1
631712,14,2,1,1
449672,14,2,1,1
4712512,14,2,0,2
358112,14,2,2,0
2328448,14,2,1,1
3607016,14,2,2,0
464672,14,2,1,1
208824,14,2,1,1
261720,14,2,1,1
5142688,14,2,1,1
8331864,14,2,2,0
476248,14,2,0,2
492600,14,2,1,1
6234248,14,2,0,2
1140352,14,2,1,1
96024,14,2,0,2
475032,14,2,1,1
346800,14,2,0,2
165800,14,2,0,2
3114304,14,2,1,1
1815528,14,2,1,1
1170616,14,2,1,1
484536,14,2,1,1
5445312,14,2,1,1
256032,14,2,1,1
169808,14,2,2,0
255216,14,2,1,1
208080,14,2,1,1
267904,14,2,2,0
476720,14,2,0,2
2047336,14,2,2,0
1708032,14,2,2,0
408736,14,2,2,0
1108592,14,2,1,1
1126184,14,2,2,0
289568,14,2,2,0
112672,14,2,0,2
385416,14,2,2,0
323128,14,2,1,1
2383040,14,2,1,1
338688,14,2,0,2
65144,14,2,2,0
667512,14,2,2,0
467800,14,2,1,1
168112,14,2,1,1
298488,14,2,1,1
126592,14,2,1,1
624808,14,2,0,2
2282208,14,2,2,0
2665392,14,2,0,2
1199928,14,2,0,2
402656,14,2,1,1
1389248,14,2,1,1
554064,14,2,1,1
7332920,14,2,2,0
415976,14,2,1,1
952136,14,2,1,1
260400,14,2,1,1
813608,14,2,1,1
1082904,14,2,1,1
1806104,14,2,0,2
141112,14,2,1,1
909072,14,2,1,1
2029984,14,2,0,2
297040,14,2,1,1
1200880,14,2,0,2
1884096,14,2,0,2
1079768,14,2,1,1
251208,14,2,2,0
5619448,14,2,1,1
390024,14,2,0,2
373320,14,2,1,1
240376,14,2,0,2
2407880,14,2,1,1
826136,14,2,1,1
184280,14,2,1,1
215912,14,2,1,1
829544,14,2,2,0
106544,14,2,0,2
2298112,14,2,2,0
255576,14,2,0,2
1289880,14,2,0,2
2043768,14,2,0,2
150464,14,2,1,1
230944,14,2,0,2
5639712,14,2,1,1
280280,14,2,0,2
1096048,14,2,1,1
1007816,14,2,1,1
787080,14,2,0,2
6788408,14,2,1,1
4553496,14,2,2,0
312536,14,2,1,1
229944,14,2,1,1
156472,14,2,0,2
235552,14,2,1,1
100552,14,2,0,2
249616,14,2,1,1
1857592,14,2,1,1
162816,14,2,1,1
468184,14,2,0,2
162776,14,2,0,2
537048,14,2,1,1
4436656,14,2,0,2
241560,14,2,2,0
271112,14,2,1,1
362856,14,2,1,1
149000,14,2,1,1
810112,14,2,1,1
375560,14,2,1,1
850240,14,2,2,0
1584920,14,2,2,0
662544,14,2,1,1
2667672,14,2,2,0
441480,14,2,1,1
4068368,14,2,2,0
1506232,14,2,0,2
489008,14,2,1,1
369912,14,2,1,1
1155976,14,2,2,0
231048,14,2,2,0
571824,14,2,0,2
7172016,14,2,0,2
353848,14,2,1,1
529128,14,2,2,0
152192,14,2,1,1
5674560,14,2,0,2
317352,14,2,1,1
1526288,14,2,1,1
202912,14,2,2,0
3410504,14,2,0,2
4994968,14,2,1,1
7755656,14,2,1,1
337248,14,2,0,2
570920,14,2,2,0
866360,14,2,1,1
411944,14,2,1,1
4741384,14,2,2,0
826376,14,2,1,1
813128,14,2,2,0
213712,14,2,1,1
287984,14,2,1,1
825664,14,2,1,1
462376,14,2,2,0
849312,14,2,1,1
265720,14,2,2,0
640144,14,2,2,0
8292376,14,2,1,1
1106320,14,2,1,1
4108768,14,2,1,1
541864,14,2,0,2
966560,14,2,1,1
1001800,14,2,1,1
2909184,14,2,1,1
728032,14,2,1,1
122256,14,2,1,1
91976,14,2,1,1
2541272,14,2,1,1
301616,14,2,0,2
2853512,14,2,0,2
929768,14,2,1,1
586224,14,2,1,1
259656,14,2,1,1
755024,14,2,1,1
291960,14,2,2,0
5777248,14,2,1,1
170512,14,2,0,2
455256,14,2,1,1
806936,14,2,1,1
142552,14,2,2,0
8099064,14,2,2,0
73632,14,2,1,1
231096,14,2,0,2
5394736,14,2,0,2
316472,14,2,1,1
5585944,14,2,1,1
660856,14,2,1,1
1087152,14,2,1,1
1414464,14,2,2,0
226344,14,2,0,2
321456,14,2,1,1
165272,14,2,0,2
262712,14,2,1,1
1123432,14,2,2,0
779192,14,2,1,1
288728,14,2,0,2
551720,14,2,1,1
625448,14,2,1,1
4182552,14,2,2,0
923808,14,2,2,0
140600,14,2,1,1
250040,14,2,1,1
837296,14,2,0,2
2925680,14,2,1,1
1324880,14,2,0,2
396872,14,2,0,2
1108352,14,2,1,1
932088,14,2,1,1
674952,14,2,1,1
284624,14,2,2,0
1448112,14,2,2,0
405888,14,2,0,2
330936,14,2,2,0
163936,14,2,2,0
661160,14,2,1,1
3932840,14,2,1,1
104200,14,2,2,0
283384,14,2,0,2
2390024,14,2,2,0
1823848,14,2,1,1
608336,14,2,2,0
1143856,14,2,0,2
225448,14,2,0,2
1099840,14,2,1,1
155992,14,2,2,0
1135208,14,2,1,1
326400,14,2,1,1
594760,14,2,2,0
2396464,14,2,2,0
7773856,14,2,0,2
1654880,14,2,0,2
295568,14,2,1,1
774232,14,2,1,1
107152,14,2,2,0
112024,14,2,1,1
970464,14,2,1,1
5286864,14,2,0,2
806288,14,2,1,1
97760,14,2,1,1
93368,14,2,2,0
950720,14,2,1,1
324280,14,2,0,2
364520,14,2,0,2
2988896,14,2,1,1
702192,14,2,1,1
353984,14,2,1,1
291616,14,2,2,0
229544,14,2,1,1
1326632,14,2,2,0
200064,14,2,0,2
1149016,14,2,1,1
259640,14,2,0,2
162864,14,2,1,1
1179192,14,2,0,2
2144000,14,2,1,1
1089952,14,2,1,1
128528,14,2,1,1
2370960,14,2,2,0
621904,14,2,1,1
1855320,14,2,0,2
186168,14,2,0,2
1259888,14,2,1,1
870592,14,2,1,1
1438912,14,2,2,0
1661144,14,2,1,1
132016,14,2,1,1
4482008,14,2,0,2
131656,14,2,1,1
424016,14,2,1,1
232448,14,2,2,0
878392,14,2,2,0
759832,14,2,0,2
456480,14,2,2,0
590680,14,2,2,0
591944,14,2,1,1
339528,14,2,0,2
494456,14,2,1,1
1002656,14,2,2,0
367128,14,2,0,2
2044944,14,2,1,1
3305840,14,2,1,1
155648,14,2,1,1
645720,14,2,1,1
805880,14,2,0,2
128032,14,2,1,1
357576,14,2,2,0
132120,14,2,1,1
826536,14,2,2,0
720176,14,2,1,1
1364072,14,2,1,1
103144,14,2,1,1
275400,14,2,1,1
2867688,14,2,2,0
3716904,14,2,0,2
1031816,14,2,0,2
1731200,14,2,0,2
198200,14,2,0,2
425448,14,2,1,1
6182544,14,2,1,1
248392,14,2,1,1
1494912,14,2,0,2
3302368,14,2,0,2
3933088,14,2,1,1
1347648,14,2,2,0
2267960,14,2,1,1
260104,14,2,2,0
1379376,14,2,1,1
401440,14,2,0,2
3606888,14,2,1,1
966024,14,2,0,2
393136,14,2,0,2
74688,14,2,1,1
167568,14,2,1,1
375840,14,2,1,1
386520,14,2,1,1
638408,14,2,1,1
618024,14,2,1,1
201280,14,2,1,1
382944,14,2,1,1
460008,14,2,0,2
3436856,14,2,1,1
1380144,14,2,1,1
5925600,14,2,0,2
100848,14,2,1,1
1486792,14,2,2,0
872024,14,2,1,1
648952,14,2,2,0
485096,14,2,0,2
321136,14,2,2,0
576016,14,2,1,1
181112,14,2,1,1
875944,14,2,0,2
263472,14,2,1,1
870448,14,2,0,2
3666088,14,2,0,2
2626376,14,2,2,0
295984,14,2,1,1
1698392,14,2,1,1
207192,14,2,1,1
433760,14,2,1,1
224208,14,2,2,0
800560,14,2,2,0
749768,14,2,1,1
297552,14,2,0,2
222104,14,2,1,1
575824,14,2,1,1
467904,14,2,2,0
307608,14,2,2,0
1056984,14,2,0,2
3821320,14,2,1,1
724200,14,2,0,2
2487592,14,2,1,1
1471048,14,2,0,2
5148768,14,2,2,0
427536,14,2,1,1
2470008,14,2,2,0
208296,14,2,0,2
328184,14,2,1,1
649656,14,2,1,1
457952,14,2,1,1
679472,14,2,1,1
6181664,14,2,0,2
449200,14,2,2,0
1180704,14,2,1,1
84984,14,2,1,1
2534920,14,2,0,2
6458592,14,2,1,1
94944,14,2,1,1
145280,14,2,1,1
217432,14,2,1,1
481384,14,2,0,2
91624,14,2,1,1
1064472,14,2,0,2
524416,14,2,0,2
2723024,14,2,0,2
949192,14,2,1,1
121848,14,2,1,1
7941472,14,2,0,2
4137856,14,2,1,1
973192,14,2,2,0
253144,14,2,2,0
389920,14,2,1,1
3002328,14,2,0,2
331888,14,2,0,2
189616,14,2,1,1
2001768,14,2,1,1
1223408,14,2,1,1
217296,14,2,1,1
743208,14,2,1,1
2647560,14,2,2,0
60912,14,2,0,2
424392,14,2,1,1
674168,14,2,2,0
1336232,14,2,2,0
186352,14,2,1,1
155304,14,2,1,1
557088,14,2,1,1
122088,14,2,0,2
670920,14,2,1,1
635504,14,2,0,2
6072008,14,2,0,2
2983208,14,2,1,1
359568,14,2,1,1
196728,14,2,0,2
1881912,14,2,2,0
185384,14,2,2,0
4287864,14,2,1,1
1166248,14,2,1,1
355192,14,2,0,2
961992,14,2,1,1
318176,14,2,0,2
139568,14,2,2,0
72992,14,2,0,2
662216,14,2,0,2
1450776,14,2,2,0
487224,14,2,0,2
394216,14,2,1,1
685552,14,2,0,2
207400,14,2,0,2
303448,14,2,1,1
1202608,14,2,0,2
3438072,14,2,1,1
307584,14,2,0,2
2563264,14,2,0,2
283640,14,2,1,1
645512,14,2,0,2
639112,14,2,2,0
394240,14,2,0,2
1639752,14,2,0,2
445392,14,2,1,1
411680,14,2,0,2
849856,14,2,1,1
1721288,14,2,1,1
7112632,14,2,0,2
247440,14,2,0,2
158792,14,2,0,2
1114096,14,2,0,2
88152,14,2,1,1
2790736,14,2,2,0
1912312,14,2,2,0
1182104,14,2,0,2
111976,14,2,0,2
2328592,14,2,1,1
459816,14,2,1,1
2323504,14,2,1,1
4333152,14,2,1,1
910904,14,2,0,2
172408,14,2,1,1
594832,14,2,0,2
97056,14,2,2,0
67336,14,2,1,1
862784,14,2,0,2
8316200,14,2,2,0
298848,14,2,1,1
254176,14,2,2,0
577992,14,2,1,1
311968,14,2,1,1
766904,14,2,1,1
1034640,14,2,0,2
1822008,14,2,1,1
252552,14,2,0,2
410184,14,2,1,1
1485824,14,2,1,1
267984,14,2,2,0
1608216,14,2,1,1
192264,14,2,2,0
400960,14,2,1,1
2529984,14,2,1,1
1600392,14,2,2,0
117448,14,2,2,0
330808,14,2,1,1
1857240,14,2,1,1
120256,14,2,0,2
492672,14,2,0,2
180432,14,2,2,0
610632,14,2,2,0
504656,14,2,0,2
1818504,14,2,2,0
2682512,14,2,1,1
1317248,14,2,2,0
838200,14,2,1,1
488392,14,2,1,1
1214072,14,2,2,0
848672,14,2,1,1
848776,14,2,0,2
3367720,14,2,0,2
338240,14,2,1,1
488888,14,2,0,2
1129648,14,2,2,0
3405728,14,2,2,0
248904,14,2,1,1
1315744,14,2,0,2
2286928,14,2,0,2
183320,14,2,2,0
972040,14,2,1,1
2663544,14,2,0,2
7080840,14,2,1,1
4016104,14,2,1,1
3713200,14,2,2,0
1012696,14,2,0,2
1512960,14,2,1,1
430736,14,2,1,1
125984,14,2,0,2
1928232,14,2,1,1
506192,14,2,1,1
258848,14,2,2,0
1099264,14,2,1,1
633568,14,2,1,1
232928,14,2,1,1
278016,14,2,1,1
1065504,14,2,1,1
640992,14,2,0,2
122968,14,2,1,1
240664,14,2,1,1
355376,14,2,0,2
4867888,14,2,2,0
1535656,14,2,1,1
804968,14,2,2,0
2222624,14,2,1,1
368752,14,2,1,1
163600,14,2,1,1
617496,14,2,2,0
4777664,14,2,2,0
159432,14,2,1,1
833600,14,2,0,2
388568,14,2,0,2
89704,14,2,0,2
3055000,14,2,0,2
390168,14,2,1,1
4625720,14,2,1,1
3467592,14,2,1,1
7161208,14,2,0,2
2506688,14,2,2,0
526984,14,2,0,2
279192,14,2,1,1
231232,14,2,0,2
4094136,14,2,2,0
116784,14,2,1,1
1838792,14,2,1,1
1797616,14,2,0,2
323080,14,2,2,0
427048,14,2,1,1
1474600,14,2,1,1
677800,14,2,1,1
3706296,14,2,1,1
1070272,14,2,1,1
307792,14,2,2,0
312008,14,2,0,2
118888,14,2,0,2
1244592,14,2,0,2
1403040,14,2,1,1
133216,14,2,2,0
662520,14,2,2,0
209776,14,2,0,2
791952,14,2,0,2
452432,14,2,1,1
633368,14,2,0,2
322472,14,2,1,1
342008,14,2,1,1
239160,14,2,1,1
2164656,14,2,1,1
5342224,14,2,1,1
113744,14,2,0,2
1274848,14,2,2,0
2011512,14,2,0,2
663952,14,2,1,1
1539696,14,2,1,1
2427632,14,2,0,2
215080,14,2,2,0
1821184,14,2,2,0
4442528,14,2,2,0
82408,14,2,0,2
1412128,14,2,0,2
588808,14,2,2,0
201192,14,2,2,0
1756624,14,2,0,2
434168,14,2,1,1
3541848,14,2,2,0
213424,14,2,1,1
3881720,14,2,0,2
746840,14,2,0,2
2002488,14,2,0,2
1290120,14,2,2,0
6086888,14,2,0,2
402976,14,2,2,0
1275496,14,2,1,1
1310728,14,2,1,1
134648,14,2,0,2
964440,14,2,2,0
1026176,14,2,0,2
911904,14,2,1,1
2067352,14,2,1,1
385080,14,2,0,2
3738368,14,2,2,0
6330376,14,2,1,1
286592,14,2,2,0
4215192,14,2,1,1
523424,14,2,1,1
382128,14,2,0,2
457888,14,2,2,0
500512,14,2,2,0
1045640,14,2,2,0
540472,14,2,0,2
951112,14,2,0,2
2803792,14,2,1,1
336512,14,2,2,0
211720,14,2,2,0
601176,14,2,1,1
558776,14,2,1,1
380304,14,2,1,1
1235016,14,2,0,2
707040,14,2,1,1
493784,14,2,1,1
94248,14,2,0,2
451368,14,2,2,0
184088,14,2,2,0
388088,14,2,2,0
758024,14,2,1,1
163896,14,2,1,1
435944,14,2,2,0
2795872,14,2,2,0
2132216,14,2,0,2
2797880,14,2,0,2
313872,14,2,2,0
1889728,14,2,0,2
279440,14,2,1,1
1365128,14,2,2,0
1322416,14,2,1,1
199608,14,2,0,2
1904440,14,2,1,1
641008,14,2,2,0
1894216,14,2,1,1
242264,14,2,0,2
333224,14,2,1,1
97704,14,2,1,1
2132456,14,2,1,1
746600,14,2,1,1
423496,14,2,1,1
2904952,14,2,1,1
2170880,14,2,1,1
226976,14,2,1,1
496544,14,2,0,2
870232,14,2,2,0
722992,14,2,0,2
590296,14,2,1,1
333144,14,2,1,1
244408,14,2,1,1
1024472,14,2,2,0
267536,14,2,1,1
421440,14,2,1,1
2325752,14,2,0,2
158248,14,2,1,1
148304,14,2,2,0
774416,14,2,1,1
2254104,14,2,0,2
1495312,14,2,1,1
218984,14,2,1,1
275968,14,2,2,0
457960,14,2,1,1
541880,14,2,2,0
549224,14,2,2,0
118640,14,2,1,1
1407320,14,2,2,0
312600,14,2,0,2
319912,14,2,0,2
410520,14,2,1,1
178104,14,2,1,1
140800,14,2,1,1
182016,14,2,1,1
5236672,14,2,0,2
652488,14,2,0,2
1966968,14,2,2,0
195176,14,2,1,1
2793312,14,2,1,1
328008,14,2,2,0
1559872,14,2,0,2
121328,14,2,1,1
3702264,14,2,1,1
920840,14,2,1,1
3409816,14,2,2,0
164368,14,2,2,0
279120,14,2,1,1
124832,14,2,1,1
414616,14,2,2,0
6433592,14,2,2,0
1554624,14,2,2,0
2434880,14,2,0,2
353496,14,2,1,1
840592,14,2,1,1
5815176,14,2,1,1
437352,14,2,1,1
384456,14,2,2,0
467912,14,2,1,1
159464,14,2,2,0
685584,14,2,1,1
322112,14,2,1,1
334112,14,2,0,2
1782800,14,2,0,2
119320,14,2,1,1
335360,14,2,0,2
1050648,14,2,0,2
1089808,14,2,1,1
1230072,14,2,2,0
68504,14,2,1,1
706120,14,2,1,1
244784,14,2,1,1
741080,14,2,1,1
2735744,14,2,1,1
5789480,14,2,2,0
974640,14,2,1,1
538760,14,2,0,2
1892984,14,2,1,1
791632,14,2,2,0
1009928,14,2,1,1
4554968,14,2,1,1
540992,14,2,1,1
161608,14,2,1,1
483752,14,2,1,1
240200,14,2,0,2
2326296,14,2,2,0
187368,14,2,2,0
77744,14,2,2,0
205976,14,2,1,1
517864,14,2,2,0
395912,14,2,1,1
236552,14,2,2,0
851432,14,2,1,1
1775376,14,2,0,2
178576,14,2,2,0
134800,14,2,2,0
4219272,14,2,2,0
438840,14,2,1,1
169192,14,2,1,1
87648,14,2,1,1
808048,14,2,1,1
2865304,14,2,1,1
362608,14,2,1,1
1177448,14,2,0,2
271328,14,2,2,0
3021448,14,2,1,1
2659520,14,2,0,2
477376,14,2,0,2
642960,14,2,2,0
645384,14,2,1,1
5717184,14,2,1,1
5736312,14,2,1,1
263552,14,2,2,0
6116360,14,2,1,1
659848,14,2,1,1
722704,14,2,1,1
705832,14,2,1,1
3145048,14,2,0,2
145784,14,2,1,1
422904,14,2,2,0
224776,14,2,0,2
381560,14,2,1,1
112712,14,2,1,1
278752,14,2,0,2
570936,14,2,0,2
123960,14,2,2,0
447456,14,2,1,1
446712,14,2,2,0
577104,14,2,2,0
399688,14,2,2,0
468448,14,2,2,0
186216,14,2,2,0
350008,14,2,2,0
725112,14,2,1,1
672664,14,2,1,1
7672216,14,2,1,1
447608,14,2,0,2
292112,14,2,1,1
131160,14,2,2,0
752016,14,2,0,2
2523984,14,2,1,1
591264,14,2,1,1
1727968,14,2,1,1
225328,14,2,2,0
254448,14,2,0,2
1045256,14,2,2,0
123744,14,2,1,1
1507040,14,2,2,0
504328,14,2,1,1
627640,14,2,1,1
144176,14,2,1,1
3272992,14,2,1,1
265288,14,2,0,2
493744,14,2,1,1
1055512,14,2,1,1
353904,14,2,1,1
105536,14,2,1,1
768440,14,2,1,1
167000,14,2,2,0
328656,14,2,1,1
262392,14,2,1,1
228064,14,2,2,0
3542672,14,2,1,1
1142224,14,2,2,0
927224,14,2,1,1
547912,14,2,0,2
1509896,14,2,1,1
193552,14,2,1,1
374696,14,2,1,1
190192,14,2,2,0
3154672,14,2,1,1
4695248,14,2,1,1
4927248,14,2,1,1
728576,14,2,2,0
318968,14,2,1,1
564624,14,2,2,0
574672,14,2,2,0
4830496,14,2,1,1
494344,14,2,2,0
532648,14,2,0,2
1292408,14,2,0,2
422624,14,2,1,1
1881552,14,2,0,2
605480,14,2,1,1
5349920,14,2,0,2
441832,14,2,2,0
219264,14,2,0,2
4971688,14,2,1,1
850736,14,2,1,1
295696,14,2,2,0
265728,14,2,1,1
226424,14,2,0,2
462432,14,2,1,1
124976,14,2,0,2
420312,14,2,1,1
392640,14,2,0,2
254680,14,2,2,0
405232,14,2,1,1
164840,14,2,1,1
511280,14,2,1,1
3397160,14,2,1,1
80536,14,2,1,1
1916568,14,2,1,1
1074584,14,2,1,1
2154240,14,2,1,1
637000,14,2,0,2
1780800,14,2,0,2
184152,14,2,1,1
340352,14,2,0,2
1126864,14,2,0,2
265816,14,2,0,2
1888536,14,2,1,1
333440,14,2,2,0
210008,14,2,2,0
1045304,14,2,1,1
109312,14,2,2,0
699328,14,2,1,1
1182576,14,2,0,2
258352,14,2,2,0
3517944,14,2,2,0
1601376,14,2,0,2
1698584,14,2,0,2
136592,14,2,1,1
508904,14,2,0,2
2015432,14,2,2,0
1739280,14,2,2,0
113048,14,2,1,1
93744,14,2,0,2
2662736,14,2,2,0
606312,14,2,2,0
394880,14,2,1,1
240312,14,2,0,2
505936,14,2,1,1
220224,14,2,1,1
873120,14,2,0,2
6047136,14,2,0,2
1868464,14,2,0,2
209840,14,2,1,1
392256,14,2,1,1
145416,14,2,0,2
754392,14,2,1,1
203376,14,2,2,0
2588088,14,2,1,1
527960,14,2,1,1
130584,14,2,0,2
107768,14,2,1,1
311760,14,2,1,1
169944,14,2,2,0
618952,14,2,2,0
594000,14,2,1,1
191224,14,2,0,2
334808,14,2,1,1
2706392,14,2,1,1
964232,14,2,2,0
5551464,14,2,0,2
115192,14,2,2,0
389048,14,2,1,1
180344,14,2,1,1
370408,14,2,1,1
421064,14,2,0,2
3160648,14,2,0,2
3123712,14,2,2,0
238600,14,2,2,0
849200,14,2,1,1
221736,14,2,0,2
252288,14,2,1,1
6477792,14,2,2,0
2616160,14,2,1,1
1304288,14,2,1,1
285656,14,2,1,1
736640,14,2,1,1
479128,14,2,1,1
655016,14,2,0,2
535400,14,2,1,1
781168,14,2,0,2
375472,14,2,1,1
557064,14,2,2,0
198912,14,2,1,1
298936,14,2,1,1
2218248,14,2,0,2
1219376,14,2,1,1
255256,14,2,0,2
2271256,14,2,1,1
5583464,14,2,0,2
2640304,14,2,2,0
416216,14,2,1,1
149224,14,2,0,2
1544592,14,2,2,0
345768,14,2,1,1
496392,14,2,1,1
1158024,14,2,2,0
93536,14,2,2,0
974904,14,2,2,0
981504,14,2,2,0
205392,14,2,0,2
408888,14,2,0,2
319184,14,2,2,0
1031264,14,2,0,2
1405688,14,2,1,1
1005920,14,2,1,1
216312,14,2,1,1
1463320,14,2,1,1
924616,14,2,1,1
198232,14,2,2,0
318384,14,2,0,2
247936,14,2,1,1
337856,14,2,0,2
1508584,14,2,2,0
2134800,14,2,1,1
467176,14,2,0,2
69872,14,2,1,1
5211288,14,2,2,0
4550144,14,2,1,1
89888,14,2,1,1
516016,14,2,0,2
484016,14,2,1,1
403304,14,2,0,2
1174840,14,2,2,0
107608,14,2,2,0
740296,14,2,1,1
320880,14,2,2,0
242112,14,2,0,2
1037232,14,2,0,2
1104176,14,2,1,1
284720,14,2,2,0
279616,14,2,1,1
88112,14,2,2,0
317944,14,2,2,0
499936,14,2,0,2
209968,14,2,2,0
808856,14,2,1,1
959672,14,2,1,1
372096,14,2,1,1
137560,14,2,1,1
1415416,14,2,2,0
249984,14,2,1,1
4148312,14,2,0,2
949776,14,2,2,0
637152,14,2,1,1
4893776,14,2,1,1
509264,14,2,1,1
134472,14,2,1,1
7355128,14,2,1,1
268088,14,2,2,0
2520336,14,2,1,1
398128,14,2,0,2
1241848,14,2,0,2
2134848,14,2,1,1
80304,14,2,0,2
425408,14,2,1,1
2262808,14,2,2,0
3431432,14,2,0,2
454472,14,2,0,2
512496,14,2,2,0
170520,14,2,1,1
163752,14,2,2,0
2864592,14,2,1,1
1138224,14,2,2,0
201584,14,2,1,1
191672,14,2,1,1
474504,14,2,0,2
1431744,14,2,2,0
995248,14,2,1,1
446984,14,2,1,1
1311072,14,2,1,1
826328,14,2,0,2
481488,14,2,2,0
918704,14,2,2,0
426608,14,2,1,1
5435696,14,2,1,1
132840,14,2,0,2
223656,14,2,1,1
270096,14,2,2,0
320448,14,2,2,0
374704,14,2,2,0
3754912,14,2,0,2
1024968,14,2,1,1
548472,14,2,1,1
745128,14,2,0,2
195832,14,2,1,1
950952,14,2,2,0
261248,14,2,0,2
1164688,14,2,0,2
100992,14,2,1,1
1669552,14,2,0,2
612840,14,2,1,1
653536,14,2,0,2
260960,14,2,1,1
318296,14,2,1,1
86192,14,2,0,2
4238040,14,2,1,1
568648,14,2,0,2
750704,14,2,1,1
2920712,14,2,2,0
370008,14,2,2,0
1424464,14,2,0,2
177136,14,2,1,1
506856,14,2,0,2
1389704,14,2,2,0
538192,14,2,0,2
51840,14,2,0,2
617168,14,2,1,1
154584,14,2,1,1
1866776,14,2,2,0
453728,14,2,0,2
8101448,14,2,1,1
761504,14,2,1,1
3364840,14,2,1,1
469288,14,2,2,0
2943984,14,2,0,2
253808,14,2,1,1
719752,14,2,1,1
239624,14,2,1,1
543800,14,2,1,1
357336,14,2,1,1
717848,14,2,1,1
1149496,14,2,1,1
906632,14,2,1,1
1952176,14,2,1,1
2465528,14,2,0,2
154920,14,2,1,1
327536,14,2,0,2
1361992,14,2,0,2
3805008,14,2,0,2
433000,14,2,1,1
826952,14,2,2,0
433432,14,2,1,1
354208,14,2,0,2
240624,14,2,1,1
6113128,14,2,0,2
2186912,14,2,2,0
643040,14,2,1,1
6206656,14,2,1,1
487280,14,2,2,0
2530552,14,2,1,1
487792,14,2,1,1
256800,14,2,1,1
1521160,14,2,0,2
818144,14,2,2,0
2008232,14,2,1,1
302768,14,2,2,0
3165304,14,2,1,1
1116496,14,2,1,1
242232,14,2,2,0
2560136,14,2,0,2
191040,14,2,0,2
3435296,14,2,0,2
346536,14,2,0,2
147752,14,2,1,1
1871072,14,2,1,1
193280,14,2,2,0
275336,14,2,1,1
4825296,14,2,1,1
89528,14,2,0,2
1887472,14,2,1,1
1142624,14,2,1,1
1270376,14,2,1,1
828624,14,2,2,0
5509008,14,2,0,2
747240,14,2,1,1
409064,14,2,0,2
3383152,14,2,1,1
5941504,14,2,1,1
292720,14,2,2,0
1606184,14,2,2,0
921800,14,2,1,1
48104,14,2,2,0
453936,14,2,2,0
233144,14,2,1,1
1912944,14,2,2,0
181352,14,2,0,2
280592,14,2,2,0
440920,14,2,1,1
116712,14,2,0,2
200136,14,2,0,2
809312,14,2,2,0
1314328,14,2,1,1
2627992,14,2,1,1
291560,14,2,1,1
3203280,14,2,0,2
1104168,14,2,1,1
214376,14,2,1,1
7103112,14,2,0,2
270400,14,2,1,1
299240,14,2,2,0
1357488,14,2,2,0
143352,14,2,2,0
2573248,14,2,1,1
1176848,14,2,2,0
5051664,14,2,1,1
297624,14,2,1,1
201792,14,2,1,1
120864,14,2,1,1
1437080,14,2,0,2
3996360,14,2,1,1
538744,14,2,1,1
226000,14,2,2,0
1518040,14,2,1,1
134136,14,2,0,2
978048,14,2,1,1
5401528,14,2,1,1
790016,14,2,2,0
3686704,14,2,1,1
403488,14,2,0,2
152616,14,2,1,1
2202448,14,2,2,0
104120,14,2,2,0
47912,14,2,1,1
627784,14,2,2,0
2604024,14,2,1,1
3966952,14,2,2,0
2958136,14,2,0,2
355392,14,2,1,1
239776,14,2,0,2
511320,14,2,2,0
156560,14,2,0,2
330392,14,2,1,1
4061704,14,2,1,1
421152,14,2,0,2
251376,14,2,1,1
1094904,14,2,1,1
355328,14,2,1,1
1789152,14,2,0,2
3155904,14,2,0,2
3258232,14,2,2,0
2862192,14,2,1,1
501744,14,2,1,1
654624,14,2,2,0
243600,14,2,2,0
74600,14,2,2,0
877640,14,2,0,2
113360,14,2,0,2
2091824,14,2,1,1
624848,14,2,1,1
3585544,14,2,1,1
1541184,14,2,1,1
1251336,14,2,0,2
1002320,14,2,0,2
2850752,14,2,1,1
206056,14,2,0,2
704976,14,2,1,1
3043336,14,2,2,0
153016,14,2,0,2
847120,14,2,1,1
750752,14,2,1,1
138216,14,2,2,0
351736,14,2,1,1
2674416,14,2,0,2
227616,14,2,1,1
2283136,14,2,0,2
5219600,14,2,1,1
6553816,14,2,0,2
2404216,14,2,2,0
460456,14,2,2,0
2671152,14,2,1,1
518320,14,2,2,0
174520,14,2,2,0
313464,14,2,2,0
378480,14,2,1,1
2014232,14,2,1,1
526824,14,2,1,1
283464,14,2,1,1
514512,14,2,2,0
306736,14,2,1,1
250504,14,2,2,0
6211880,14,2,2,0
1904104,14,2,1,1
305152,14,2,2,0
133520,14,2,1,1
857936,14,2,2,0
471864,14,2,0,2
2214496,14,2,1,1
431280,14,2,1,1
2339128,14,2,2,0
310224,14,2,1,1
110880,14,2,2,0
1225368,14,2,2,0
303208,14,2,0,2
1213856,14,2,1,1
589688,14,2,0,2
2620280,14,2,1,1
5030512,14,2,1,1
159640,14,2,2,0
659056,14,2,1,1
192936,14,2,2,0
180496,14,2,0,2
330488,14,2,0,2
1277072,14,2,2,0
279448,14,2,1,1
167288,14,2,2,0
344048,14,2,1,1
290088,14,2,1,1
648168,14,2,1,1
840304,14,2,1,1
325496,14,2,1,1
607656,14,2,0,2
1156960,14,2,1,1
3537600,14,2,1,1
180128,14,2,1,1
131232,14,2,1,1
799840,14,2,1,1
2085496,14,2,0,2
1403872,14,2,1,1
623848,14,2,1,1
94056,14,2,2,0
385792,14,2,1,1
3322440,14,2,1,1
870632,14,2,0,2
110912,14,2,1,1
610128,14,2,0,2
6431608,14,2,1,1
229096,14,2,0,2
943080,14,2,1,1
152416,14,2,1,1
445672,14,2,0,2
4571888,14,2,1,1
558712,14,2,1,1
657184,14,2,1,1
219112,14,2,1,1
2489760,14,2,1,1
594480,14,2,2,0
363768,14,2,1,1
323008,14,2,1,1
1975064,14,2,2,0
343480,14,2,0,2
2773592,14,2,1,1
2302624,14,2,2,0
455576,14,2,0,2
617224,14,2,0,2
544712,14,2,1,1
1495000,14,2,2,0
70992,14,2,1,1
637256,14,2,1,1
428184,14,2,0,2
3234744,14,2,2,0
1285912,14,2,1,1
556144,14,2,0,2
1143384,14,2,2,0
415744,14,2,1,1
1487248,14,2,0,2
1495336,14,2,1,1
1536168,14,2,2,0
1221072,14,2,1,1
945736,14,2,1,1
1943344,14,2,2,0
156320,14,2,1,1
419560,14,2,1,1
586376,14,2,0,2
97776,14,2,1,1
978648,14,2,1,1
4369688,14,2,0,2
697360,14,2,1,1
390648,14,2,1,1
5708144,14,2,1,1
387784,14,2,0,2
5012976,14,2,1,1
106248,14,2,1,1
748616,14,2,2,0
1557640,14,2,2,0
6070520,14,2,2,0
564080,14,2,1,1
236800,14,2,1,1
125240,14,2,1,1
783952,14,2,0,2
2742416,14,2,1,1
1190424,14,2,1,1
307008,14,2,2,0
499128,14,2,1,1
320328,14,2,2,0
1040664,14,2,2,0
2129640,14,2,2,0
123592,14,2,1,1
212496,14,2,1,1
1050656,14,2,1,1
240912,14,2,2,0
4171680,14,2,2,0
243704,14,2,1,1
1842720,14,2,1,1
672120,14,2,0,2
2145216,14,2,0,2
5959088,14,2,1,1
151472,14,2,1,1
164528,14,2,1,1
513312,14,2,2,0
524360,14,2,0,2
1000984,14,2,0,2
2011648,15,2,0,2
2015552,15,2,1,1
421872,15,2,0,2
358256,15,2,2,0
174192,15,2,0,2
1837560,15,2,1,1
211456,15,2,2,0
516656,15,2,2,0
278864,15,2,1,1
3450336,15,2,0,2
725416,15,2,1,1
268240,15,2,2,0
158880,15,2,2,0
601352,15,2,0,2
139896,15,2,2,0
115008,15,2,1,1
88552,15,2,2,0
255392,15,2,1,1
472768,15,2,0,2
568520,15,2,2,0
3263936,15,2,1,1
739840,15,2,1,1
100288,15,2,2,0
322840,15,2,1,1
185176,15,2,1,1
1431936,15,2,2,0
165312,15,2,1,1
2607392,15,2,1,1
1576920,15,2,1,1
519856,15,2,0,2
7444808,15,2,1,1
3863472,15,2,2,0
5598832,15,2,0,2
2695576,15,2,1,1
846984,15,2,1,1
1455848,15,2,1,1
56104,15,2,1,1
1278528,15,2,0,2
786880,15,2,1,1
534656,15,2,1,1
283744,15,2,0,2
352608,15,2,1,1
251808,15,2,1,1
1246104,15,2,0,2
2330032,15,2,1,1
617392,15,2,0,2
381256,15,2,1,1
4253032,15,2,2,0
201136,15,2,2,0
2278952,15,2,1,1
984304,15,2,1,1
814224,15,2,2,0
234000,15,2,0,2
300152,15,2,2,0
2092184,15,2,1,1
1927136,15,2,1,1
835472,15,2,0,2
375936,15,2,1,1
777656,15,2,1,1
549920,15,2,1,1
274120,15,2,1,1
1735824,15,2,0,2
246080,15,2,1,1
660056,15,2,0,2
166368,15,2,2,0
416760,15,2,2,0
818016,15,2,1,1
3263664,15,2,0,2
1611776,15,2,2,0
409096,15,2,2,0
208448,15,2,1,1
97928,15,2,1,1
919288,15,2,1,1
1378712,15,2,1,1
283704,15,2,2,0
203792,15,2,1,1
157440,15,2,2,0
2261536,15,2,0,2
1055104,15,2,2,0
1338104,15,2,0,2
243848,15,2,1,1
53920,15,2,1,1
94792,15,2,1,1
237240,15,2,1,1
1002576,15,2,2,0
5250792,15,2,0,2
904112,15,2,0,2
3197256,15,2,2,0
375576,15,2,1,1
946912,15,2,1,1
1513384,15,2,2,0
121560,15,2,2,0
189688,15,2,1,1
196136,15,2,1,1
328752,15,2,0,2
661992,15,2,0,2
62832,15,2,0,2
385296,15,2,0,2
736688,15,2,0,2
283984,15,2,2,0
1217944,15,2,2,0
418200,15,2,1,1
3257680,15,2,0,2
226336,15,2,1,1
176360,15,2,2,0
4632952,15,2,1,1
1005528,15,2,1,1
554320,15,2,1,1
685184,15,2,0,2
4713832,15,2,0,2
1714608,15,2,0,2
259368,15,2,2,0
233648,15,2,0,2
350184,15,2,1,1
5720712,15,2,1,1
406400,15,2,2,0
2950712,15,2,2,0
1043432,15,2,1,1
2365752,15,2,2,0
1208704,15,2,0,2
289936,15,2,0,2
1431928,15,2,1,1
219216,15,2,1,1
2867536,15,2,1,1
3572280,15,2,1,1
426848,15,2,1,1
390496,15,2,2,0
658872,15,2,1,1
2440328,15,2,1,1
566768,15,2,2,0
2339352,15,2,0,2
1515576,15,2,1,1
523824,15,2,0,2
122368,15,2,0,2
1130064,15,2,1,1
99704,15,2,2,0
146592,15,2,2,0
610520,15,2,1,1
785472,15,2,1,1
460984,15,2,0,2
454944,15,2,1,1
238896,15,2,1,1
662160,15,2,1,1
380472,15,2,1,1
1391296,15,2,1,1
423784,15,2,1,1
328616,15,2,1,1
1226360,15,2,1,1
5067944,15,2,0,2
1375808,15,2,2,0
813536,15,2,1,1
163864,15,2,1,1
2151552,15,2,2,0
6233760,15,2,1,1
388280,15,2,1,1
959680,15,2,1,1
280736,15,2,0,2
5073632,15,2,0,2
215216,15,2,2,0
384048,15,2,1,1
786824,15,2,1,1
174664,15,2,1,1
863256,15,2,2,0
608744,15,2,1,1
780504,15,2,1,1
188744,15,2,1,1
162376,15,2,2,0
344776,15,2,1,1
658712,15,2,1,1
749032,15,2,2,0
760144,15,2,2,0
147888,15,2,2,0
7843912,15,2,0,2
428368,15,2,1,1
376304,15,2,2,0
688912,15,2,0,2
751384,15,2,1,1
655184,15,2,0,2
226480,15,2,0,2
325416,15,2,1,1
7721040,15,2,2,0
1978176,15,2,2,0
5473608,15,2,1,1
622136,15,2,0,2
119520,15,2,1,1
123416,15,2,2,0
836320,15,2,1,1
2225880,15,2,1,1
302208,15,2,1,1
1333656,15,2,0,2
1326032,15,2,1,1
483952,15,2,0,2
664640,15,2,0,2
1256696,15,2,1,1
1105360,15,2,2,0
1344888,15,2,1,1
2271664,15,2,1,1
1118064,15,2,1,1
74752,15,2,1,1
2099880,15,2,1,1
541544,15,2,2,0
254208,15,2,1,1
269264,15,2,0,2
192592,15,2,0,2
812040,15,2,1,1
3921408,15,2,0,2
371360,15,2,1,1
1080616,15,2,1,1
248720,15,2,1,1
390576,15,2,1,1
1483832,15,2,0,2
425520,15,2,1,1
795288,15,2,1,1
285544,15,2,1,1
4128408,15,2,2,0
239256,15,2,1,1
1842328,15,2,1,1
3918520,15,2,1,1
93864,15,2,1,1
365200,15,2,0,2
567320,15,2,1,1
391872,15,2,0,2
2181984,15,2,2,0
260096,15,2,1,1
6974952,15,2,1,1
101680,15,2,1,1
375464,15,2,2,0
438584,15,2,1,1
871128,15,2,1,1
1871144,15,2,2,0
313288,15,2,1,1
6809384,15,2,1,1
225024,15,2,1,1
6693144,15,2,1,1
2035352,15,2,1,1
2282680,15,2,1,1
672560,15,2,2,0
4350320,15,2,1,1
781064,15,2,1,1
188552,15,2,1,1
2639616,15,2,1,1
1809200,15,2,1,1
683472,15,2,1,1
96728,15,2,1,1
2121048,15,2,2,0
418904,15,2,1,1
451696,15,2,0,2
353928,15,2,1,1
300608,15,2,1,1
487800,15,2,2,0
7694680,15,2,1,1
2485904,15,2,1,1
211528,15,2,0,2
212920,15,2,1,1
7313688,15,2,0,2
127152,15,2,0,2
1240072,15,2,1,1
222552,15,2,0,2
354728,15,2,1,1
2631504,15,2,0,2
270352,15,2,0,2
166608,15,2,1,1
374816,15,2,0,2
1156040,15,2,1,1
1157776,15,2,2,0
401152,15,2,0,2
6167136,15,2,1,1
675864,15,2,0,2
2957168,15,2,1,1
221544,15,2,2,0
282672,15,2,1,1
1188416,15,2,1,1
279560,15,2,0,2
689968,15,2,1,1
637512,15,2,1,1
323456,15,2,1,1
362936,15,2,1,1
387792,15,2,0,2
2607800,15,2,2,0
170536,15,2,1,1
464432,15,2,2,0
221576,15,2,2,0
711720,15,2,1,1
52528,15,2,1,1
678856,15,2,2,0
148920,15,2,1,1
6325944,15,2,1,1
2248400,15,2,0,2
245696,15,2,1,1
1686832,15,2,0,2
1722856,15,2,0,2
2130440,15,2,1,1
321504,15,2,1,1
223752,15,2,1,1
315808,15,2,2,0
248304,15,2,1,1
2316296,15,2,2,0
1193584,15,2,1,1
938128,15,2,0,2
2574400,15,2,0,2
3259568,15,2,1,1
499600,15,2,2,0
679848,15,2,1,1
5202264,15,2,2,0
464896,15,2,2,0
5056864,15,2,1,1
1150904,15,2,2,0
594456,15,2,2,0
301504,15,2,1,1
6209880,15,2,1,1
364464,15,2,0,2
1510136,15,2,1,1
1746240,15,2,2,0
59984,15,2,0,2
383672,15,2,0,2
252416,15,2,1,1
1177672,15,2,1,1
758128,15,2,0,2
117704,15,2,0,2
1793840,15,2,1,1
724024,15,2,1,1
366504,15,2,1,1
971120,15,2,1,1
279240,15,2,0,2
431952,15,2,0,2
773160,15,2,0,2
139304,15,2,0,2
1215792,15,2,1,1
97360,15,2,2,0
481696,15,2,2,0
1224584,15,2,1,1
341680,15,2,1,1
1162928,15,2,1,1
1683112,15,2,1,1
4794072,15,2,0,2
253008,15,2,1,1
5286368,15,2,1,1
3162024,15,2,1,1
1319880,15,2,1,1
2958384,15,2,2,0
63088,15,2,0,2
284056,15,2,0,2
1196672,15,2,2,0
4028904,15,2,1,1
342072,15,2,1,1
2747944,15,2,0,2
2053032,15,2,0,2
632480,15,2,0,2
2045000,15,2,1,1
560256,15,2,1,1
391136,15,2,1,1
414296,15,2,1,1
1649856,15,2,1,1
1368256,15,2,1,1
4179288,15,2,1,1
71344,15,2,1,1
218336,15,2,0,2
979720,15,2,1,1
300616,15,2,1,1
560392,15,2,2,0
6304096,15,2,1,1
71328,15,2,1,1
3736464,15,2,1,1
502600,15,2,2,0
1918808,15,2,1,1
206016,15,2,1,1
3448392,15,2,2,0
3628688,15,2,1,1
421720,15,2,0,2
3307792,15,2,0,2
184824,15,2,1,1
3109216,15,2,1,1
831888,15,2,0,2
145720,15,2,0,2
6572768,15,2,1,1
604384,15,2,1,1
426328,15,2,1,1
8036752,15,2,2,0
695704,15,2,1,1
1430272,15,2,1,1
97904,15,2,2,0
470160,15,2,2,0
254992,15,2,1,1
814024,15,2,1,1
292880,15,2,1,1
5813808,15,2,0,2
1012328,15,2,0,2
292840,15,2,1,1
610232,15,2,2,0
573120,15,2,0,2
213184,15,2,1,1
512544,15,2,0,2
609096,15,2,1,1
300040,15,2,1,1
6283504,15,2,1,1
2600864,15,2,1,1
102088,15,2,1,1
2059200,15,2,1,1
279688,15,2,2,0
254408,15,2,1,1
626688,15,2,2,0
1289944,15,2,0,2
2073752,15,2,1,1
885816,15,2,2,0
1011816,15,2,0,2
224432,15,2,2,0
2943640,15,2,1,1
179584,15,2,1,1
1657056,15,2,2,0
194024,15,2,0,2
1302584,15,2,1,1
6768872,15,2,1,1
1514888,15,2,0,2
137592,15,2,0,2
506208,15,2,1,1
4111208,15,2,1,1
154576,15,2,2,0
1172648,15,2,1,1
84776,15,2,1,1
639568,15,2,1,1
1475112,15,2,0,2
2238072,15,2,0,2
1471136,15,2,2,0
1440904,15,2,2,0
5193360,15,2,1,1
1241920,15,2,1,1
146000,15,2,1,1
1134320,15,2,0,2
1265520,15,2,2,0
308376,15,2,1,1
778112,15,2,2,0
563016,15,2,1,1
2558528,15,2,0,2
158296,15,2,0,2
926288,15,2,2,0
201312,15,2,2,0
1032504,15,2,1,1
248744,15,2,2,0
4857312,15,2,1,1
108408,15,2,2,0
217056,15,2,1,1
106872,15,2,1,1
247600,15,2,1,1
1074992,15,2,1,1
3086792,15,2,1,1
406560,15,2,1,1
987184,15,2,1,1
520168,15,2,2,0
754680,15,2,0,2
1273496,15,2,2,0
89736,15,2,1,1
412576,15,2,0,2
281768,15,2,2,0
161536,15,2,2,0
459592,15,2,2,0
754000,15,2,2,0
2602288,15,2,1,1
1202112,15,2,0,2
1663392,15,2,1,1
94616,15,2,2,0
194544,15,2,0,2
301368,15,2,1,1
491296,15,2,1,1
4400368,15,2,2,0
2904632,15,2,1,1
306080,15,2,2,0
530520,15,2,1,1
87056,15,2,0,2
452624,15,2,0,2
217152,15,2,1,1
1609928,15,2,1,1
310328,15,2,1,1
3335176,15,2,0,2
1329288,15,2,0,2
959432,15,2,1,1
1520160,15,2,0,2
621200,15,2,0,2
3411296,15,2,1,1
1276640,15,2,1,1
1244056,15,2,2,0
380048,15,2,2,0
671368,15,2,2,0
784088,15,2,0,2
518664,15,2,2,0
3910568,15,2,1,1
140200,15,2,1,1
1880896,15,2,1,1
272936,15,2,1,1
505560,15,2,1,1
234872,15,2,0,2
257320,15,2,1,1
114408,15,2,1,1
216576,15,2,2,0
1095968,15,2,0,2
1803576,15,2,0,2
603984,15,2,2,0
136896,15,2,1,1
752720,15,2,1,1
268832,15,2,0,2
241136,15,2,0,2
695080,15,2,0,2
516984,15,2,0,2
922560,15,2,1,1
418720,15,2,1,1
131424,15,2,0,2
425616,15,2,2,0
7994080,15,2,1,1
632688,15,2,2,0
1916680,15,2,2,0
3929080,15,2,1,1
7519456,15,2,1,1
1155432,15,2,2,0
257040,15,2,1,1
98592,15,2,1,1
285032,15,2,1,1
826968,15,2,2,0
283600,15,2,1,1
985544,15,2,2,0
642152,15,2,0,2
2303736,15,2,0,2
2504064,15,2,2,0
131456,15,2,1,1
2535224,15,2,1,1
114456,15,2,1,1
770992,15,2,1,1
2605232,15,2,2,0
284944,15,2,1,1
1957384,15,2,1,1
514488,15,2,1,1
995336,15,2,0,2
1543552,15,2,1,1
282336,15,2,1,1
128712,15,2,1,1
3582688,15,2,1,1
302096,15,2,2,0
1906912,15,2,2,0
827176,15,2,2,0
194768,15,2,2,0
2991520,15,2,0,2
1551736,15,2,0,2
5326888,15,2,0,2
884824,15,2,1,1
307024,15,2,2,0
2252048,15,2,2,0
1177408,15,2,0,2
3373664,15,2,2,0
294272,15,2,1,1
1074696,15,2,1,1
424920,15,2,0,2
265576,15,2,1,1
378424,15,2,2,0
89568,15,2,0,2
444736,15,2,1,1
597760,15,2,0,2
239800,15,2,1,1
252568,15,2,1,1
321128,15,2,0,2
603536,15,2,1,1
198472,15,2,1,1
481352,15,2,0,2
888144,15,2,1,1
361936,15,2,1,1
657408,15,2,1,1
804136,15,2,2,0
915448,15,2,1,1
4785688,15,2,1,1
785880,15,2,2,0
206160,15,2,1,1
92424,15,2,0,2
565600,15,2,1,1
1351296,15,2,1,1
376480,15,2,1,1
2743784,15,2,0,2
748368,15,2,1,1
185272,15,2,1,1
399136,15,2,0,2
540024,15,2,2,0
1528976,15,2,1,1
6027872,15,2,0,2
704672,15,2,0,2
1564760,15,2,1,1
904064,15,2,1,1
427920,15,2,0,2
5303224,15,2,0,2
340904,15,2,1,1
216456,15,2,0,2
94488,15,2,1,1
660312,15,2,1,1
228904,15,2,2,0
488624,15,2,1,1
104592,15,2,1,1
232944,15,2,1,1
85376,15,2,0,2
268144,15,2,0,2
2911096,15,2,0,2
362048,15,2,0,2
2562272,15,2,2,0
345344,15,2,1,1
331656,15,2,1,1
159072,15,2,2,0
2001752,15,2,2,0
1118312,15,2,1,1
259040,15,2,1,1
304440,15,2,2,0
200600,15,2,1,1
951592,15,2,1,1
3830424,15,2,0,2
178024,15,2,1,1
1940808,15,2,1,1
776712,15,2,1,1
4969824,15,2,0,2
139560,15,2,1,1
345824,15,2,0,2
4545680,15,2,1,1
620224,15,2,0,2
1897752,15,2,1,1
671744,15,2,1,1
541952,15,2,2,0
595272,15,2,1,1
738592,15,2,2,0
3471272,15,2,1,1
330528,15,2,1,1
50904,15,2,0,2
511344,15,2,0,2
720144,15,2,1,1
339296,15,2,2,0
183032,15,2,1,1
912016,15,2,2,0
889552,15,2,1,1
589456,15,2,0,2
692464,15,2,1,1
505632,15,2,2,0
478064,15,2,1,1
2080160,15,2,1,1
1531464,15,2,1,1
262240,15,2,2,0
512248,15,2,0,2
228232,15,2,1,1
1174600,15,2,1,1
261624,15,2,2,0
735576,15,2,1,1
1075296,15,2,2,0
520576,15,2,0,2
685048,15,2,2,0
7820288,15,2,0,2
553168,15,2,0,2
355712,15,2,2,0
1650216,15,2,1,1
239528,15,2,1,1
71248,15,2,0,2
161824,15,2,1,1
1308288,15,2,2,0
1560872,15,2,2,0
285504,15,2,1,1
5244456,15,2,1,1
1340200,15,2,1,1
710384,15,2,0,2
702424,15,2,1,1
501904,15,2,0,2
1801928,15,2,2,0
1535864,15,2,0,2
850584,15,2,2,0
59872,15,2,1,1
343896,15,2,1,1
234304,15,2,2,0
367960,15,2,0,2
955904,15,2,1,1
633272,15,2,1,1
2843752,15,2,1,1
934280,15,2,1,1
371512,15,2,0,2
690920,15,2,1,1
849960,15,2,1,1
828000,15,2,0,2
364104,15,2,1,1
1568536,15,2,0,2
1619968,15,2,0,2
1518568,15,2,2,0
231344,15,2,1,1
350232,15,2,1,1
1302624,15,2,1,1
133008,15,2,0,2
3253728,15,2,1,1
2200088,15,2,1,1
6071264,15,2,0,2
433504,15,2,1,1
1249392,15,2,0,2
527864,15,2,2,0
1355136,15,2,0,2
2236832,15,2,0,2
447984,15,2,0,2
88760,15,2,1,1
5761160,15,2,1,1
1029096,15,2,0,2
150680,15,2,1,1
244144,15,2,0,2
358736,15,2,2,0
171160,15,2,2,0
1675968,15,2,0,2
706384,15,2,0,2
617192,15,2,1,1
343128,15,2,0,2
1793040,15,2,2,0
763552,15,2,1,1
3062088,15,2,2,0
2767160,15,2,1,1
1112880,15,2,1,1
1300944,15,2,2,0
4293768,15,2,2,0
2334960,15,2,1,1
388560,15,2,1,1
274616,15,2,0,2
424160,15,2,0,2
180192,15,2,2,0
559320,15,2,1,1
636296,15,2,0,2
377920,15,2,0,2
423664,15,2,1,1
1321960,15,2,1,1
197464,15,2,1,1
374520,15,2,1,1
519752,15,2,2,0
225120,15,2,0,2
5405696,15,2,0,2
1474320,15,2,0,2
430064,15,2,1,1
893936,15,2,1,1
462208,15,2,2,0
963504,15,2,1,1
5426344,15,2,1,1
346000,15,2,1,1
539976,15,2,1,1
1245544,15,2,1,1
1309240,15,2,0,2
1716400,15,2,1,1
398360,15,2,0,2
2037360,15,2,0,2
165536,15,2,1,1
1431608,15,2,0,2
889240,15,2,1,1
1072160,15,2,2,0
3426032,15,2,1,1
118376,15,2,0,2
643784,15,2,1,1
424640,15,2,2,0
415072,15,2,0,2
1616752,15,2,1,1
3314040,15,2,1,1
299480,15,2,0,2
1087448,15,2,2,0
2325408,15,2,1,1
7825536,15,2,0,2
533544,15,2,1,1
690656,15,2,0,2
653256,15,2,0,2
1672056,15,2,2,0
2266216,15,2,2,0
221568,15,2,0,2
268264,15,2,1,1
1585488,15,2,0,2
659488,15,2,1,1
3388152,15,2,2,0
548912,15,2,2,0
323088,15,2,2,0
4323192,15,2,2,0
238368,15,2,2,0
273120,15,2,0,2
279432,15,2,2,0
1271408,15,2,1,1
262048,15,2,1,1
2584472,15,2,0,2
1450512,15,2,1,1
352168,15,2,0,2
3553560,15,2,1,1
515816,15,2,0,2
250264,15,2,2,0
677624,15,2,1,1
1660056,15,2,2,0
1641928,15,2,0,2
158528,15,2,0,2
321216,15,2,1,1
446704,15,2,1,1
120544,15,2,2,0
106616,15,2,1,1
293752,15,2,1,1
232472,15,2,0,2
366080,15,2,0,2
1498928,15,2,1,1
1300384,15,2,1,1
349712,15,2,0,2
134488,15,2,1,1
2668448,15,2,0,2
1309288,15,2,2,0
5927832,15,2,1,1
739712,15,2,2,0
508928,15,2,0,2
971048,15,2,1,1
369176,15,2,1,1
5611712,15,2,1,1
1624744,15,2,1,1
629416,15,2,1,1
4515672,15,2,1,1
859056,15,2,1,1
669616,15,2,1,1
102696,15,2,0,2
90344,15,2,0,2
6332216,15,2,2,0
464192,15,2,2,0
1300264,15,2,1,1
1223512,15,2,2,0
1373384,15,2,0,2
791672,15,2,0,2
298352,15,2,2,0
894936,15,2,2,0
1735320,15,2,2,0
3404712,15,2,0,2
775608,15,2,1,1
1898880,15,2,1,1
870848,15,2,2,0
362744,15,2,1,1
5126576,15,2,1,1
269224,15,2,1,1
6920496,15,2,0,2
601904,15,2,0,2
190568,15,2,1,1
2199976,15,2,1,1
6710312,15,2,1,1
1380688,15,2,2,0
4081496,15,2,1,1
357568,15,2,1,1
272512,15,2,2,0
1777360,15,2,0,2
4187960,15,2,1,1
682848,15,2,1,1
236184,15,2,0,2
116832,15,2,1,1
138800,15,2,2,0
597472,15,2,0,2
2514648,15,2,0,2
1106544,15,2,0,2
305672,15,2,1,1
603040,15,2,1,1
1006608,15,2,2,0
148928,15,2,0,2
829200,15,2,1,1
634696,15,2,2,0
742648,15,2,2,0
117984,15,2,2,0
2469328,15,2,1,1
85072,15,2,0,2
3836952,15,2,0,2
677496,15,2,1,1
347080,15,2,0,2
1385752,15,2,1,1
4020880,15,2,1,1
251968,15,2,2,0
5442024,15,2,1,1
345224,15,2,1,1
674208,15,2,0,2
1480200,15,2,2,0
3149056,15,2,2,0
432224,15,2,2,0
5248248,15,2,2,0
930248,15,2,2,0
484256,15,2,2,0
335496,15,2,0,2
1002448,15,2,0,2
899648,15,2,2,0
447312,15,2,1,1
392176,15,2,1,1
657824,15,2,2,0
1306096,15,2,1,1
3829504,15,2,1,1
363848,15,2,2,0
800064,15,2,2,0
108704,15,2,1,1
580192,15,2,1,1
151712,15,2,2,0
206352,15,2,1,1
1204480,15,2,2,0
371736,15,2,0,2
117912,15,2,2,0
200768,15,2,2,0
969088,15,2,0,2
445320,15,2,1,1
107448,15,2,0,2
998808,15,2,0,2
99552,15,2,1,1
393640,15,2,2,0
4337008,15,2,0,2
457712,15,2,1,1
742688,15,2,0,2
359128,15,2,1,1
654336,15,2,1,1
161040,15,2,2,0
109704,15,2,0,2
141288,15,2,2,0
195416,15,2,1,1
261968,15,2,2,0
676864,15,2,2,0
1196648,15,2,1,1
311144,15,2,1,1
333056,15,2,2,0
957288,15,2,2,0
1452024,15,2,1,1
445304,15,2,0,2
3775344,15,2,0,2
243272,15,2,0,2
192800,15,2,2,0
134288,15,2,1,1
698392,15,2,1,1
935984,15,2,2,0
3722168,15,2,1,1
1588864,15,2,1,1
847216,15,2,1,1
958072,15,2,0,2
509168,15,2,0,2
127112,15,2,1,1
181504,15,2,2,0
1084760,15,2,1,1
373336,15,2,1,1
100208,15,2,1,1
158144,15,2,0,2
1011512,15,2,1,1
2474392,15,2,0,2
202768,15,2,1,1
120344,15,2,1,1
927920,15,2,2,0
453048,15,2,0,2
2692360,15,2,1,1
1126616,15,2,0,2
520736,15,2,1,1
227608,15,2,2,0
4107616,15,2,0,2
3946344,15,2,1,1
2274672,15,2,0,2
1189712,15,2,1,1
7020672,15,2,1,1
1199160,15,2,0,2
139872,15,2,1,1
168656,15,2,1,1
520432,15,2,1,1
1488184,15,2,2,0
187432,15,2,1,1
909440,15,2,2,0
2254760,15,2,1,1
388192,15,2,1,1
433720,15,2,2,0
922400,15,2,0,2
70040,15,2,1,1
487768,15,2,2,0
474800,15,2,1,1
327720,15,2,2,0
308744,15,2,2,0
927608,15,2,1,1
397680,15,2,1,1
1628200,15,2,1,1
132872,15,2,1,1
486048,15,2,1,1
7241568,15,2,2,0
213848,15,2,0,2
486584,15,2,0,2
334856,15,2,0,2
693944,15,2,0,2
655088,15,2,0,2
185728,15,2,0,2
1329744,15,2,1,1
1187040,15,2,1,1
668904,15,2,1,1
144664,15,2,2,0
59760,15,2,0,2
808592,15,2,2,0
312344,15,2,1,1
2007784,15,2,0,2
791072,15,2,2,0
7041384,15,2,2,0
490760,15,2,1,1
420496,15,2,0,2
575224,15,2,1,1
3484080,15,2,2,0
1741880,15,2,2,0
260528,15,2,1,1
4096128,15,2,2,0
708136,15,2,1,1
449192,15,2,2,0
213344,15,2,0,2
231152,15,2,1,1
549072,15,2,0,2
294168,15,2,0,2
115064,15,2,1,1
316512,15,2,1,1
108216,15,2,1,1
5442824,15,2,2,0
125680,15,2,1,1
960240,15,2,1,1
281280,15,2,1,1
393560,15,2,2,0
6283232,15,2,1,1
312048,15,2,0,2
1245664,15,2,1,1
78512,15,2,2,0
292232,15,2,1,1
425072,15,2,0,2
711536,15,2,1,1
5608104,15,2,2,0
5072936,15,2,1,1
4289864,15,2,1,1
205896,15,2,2,0
607760,15,2,2,0
191264,15,2,1,1
65576,15,2,0,2
1508880,15,2,2,0
483400,15,2,1,1
608832,15,2,1,1
2266792,15,2,1,1
887672,15,2,0,2
415032,15,2,1,1
746936,15,2,2,0
365536,15,2,1,1
529336,15,2,0,2
569048,15,2,1,1
450392,15,2,2,0
4449536,15,2,1,1
365232,15,2,1,1
136784,15,2,2,0
295792,15,2,2,0
83064,15,2,1,1
1986040,15,2,1,1
650120,15,2,0,2
299144,15,2,1,1
236688,15,2,2,0
425256,15,2,2,0
606080,15,2,1,1
1948656,15,2,1,1
597064,15,2,0,2
7562776,15,2,1,1
145688,15,2,1,1
563040,15,2,2,0
170240,15,2,2,0
5774256,15,2,0,2
608128,15,2,2,0
204472,15,2,0,2
2659896,15,2,1,1
539936,15,2,1,1
340600,15,2,1,1
229192,15,2,2,0
1402128,15,2,2,0
361320,15,2,2,0
1438040,15,2,1,1
3370672,15,2,2,0
122144,15,2,0,2
257504,15,2,1,1
114952,15,2,1,1
1984000,15,2,1,1
293864,15,2,1,1
262848,15,2,1,1
201680,15,2,2,0
386848,15,2,1,1
1800264,15,2,1,1
561504,15,2,1,1
170344,15,2,2,0
732040,15,2,0,2
341472,15,2,1,1
109936,15,2,1,1
318760,15,2,1,1
319992,15,2,0,2
1119800,15,2,0,2
373016,15,2,2,0
317560,15,2,1,1
450344,15,2,2,0
255000,15,2,1,1
155664,15,2,2,0
319096,15,2,2,0
368192,15,2,1,1
135048,15,2,2,0
138256,15,2,1,1
305112,15,2,2,0
4758256,15,2,1,1
453720,15,2,1,1
738832,15,2,1,1
610832,15,2,2,0
1104448,15,2,1,1
684944,15,2,1,1
470088,15,2,2,0
93432,15,2,2,0
1776664,15,2,1,1
2415768,15,2,0,2
632328,15,2,0,2
866104,15,2,1,1
450984,15,2,1,1
4060424,15,2,1,1
7408504,15,2,2,0
406592,15,2,1,1
281376,15,2,1,1
394360,15,2,1,1
60216,15,2,0,2
431808,15,2,0,2
232544,15,2,0,2
617968,15,2,1,1
327208,15,2,0,2
222304,15,2,1,1
297608,15,2,1,1
8229848,15,2,1,1
240528,15,2,0,2
541688,15,2,1,1
756264,15,2,1,1
456992,15,2,1,1
801256,15,2,0,2
150648,15,2,1,1
489720,15,2,1,1
330952,15,2,0,2
896096,15,2,1,1
753992,15,2,1,1
1273272,15,2,1,1
1020856,15,2,2,0
261072,15,2,2,0
129080,15,2,2,0
2198656,15,2,1,1
1043496,15,2,0,2
4912328,15,2,1,1
5397840,15,2,2,0
194320,15,2,1,1
711944,15,2,1,1
302880,15,2,1,1
1754080,15,2,1,1
244872,15,2,1,1
121160,15,2,0,2
395056,15,2,1,1
105328,15,2,2,0
359808,15,2,1,1
413376,15,2,1,1
329296,15,2,1,1
142304,15,2,1,1
414592,15,2,0,2
105520,15,2,0,2
2355952,15,2,2,0
299432,15,2,1,1
970976,15,2,2,0
369080,15,2,1,1
448080,15,2,0,2
1112296,15,2,2,0
209880,15,2,2,0
7713104,15,2,0,2
1129680,15,2,2,0
135584,15,2,2,0
1129760,15,2,0,2
127480,15,2,1,1
459008,15,2,1,1
2198560,15,2,0,2
709072,15,2,1,1
631568,15,2,0,2
2094544,15,2,0,2
1134344,15,2,2,0
854872,15,2,0,2
723216,15,2,1,1
1790992,15,2,2,0
1074632,15,2,1,1
3771864,15,2,0,2
260288,15,2,0,2
1889288,15,2,2,0
314824,15,2,1,1
1648584,15,2,1,1
92952,15,2,1,1
107032,15,2,1,1
1285816,15,2,1,1
215696,15,2,0,2
160424,15,2,1,1
1417536,15,2,0,2
155416,15,2,0,2
484544,15,2,0,2
458072,15,2,1,1
6444872,15,2,1,1
201592,15,2,1,1
466704,15,2,2,0
563928,15,2,1,1
163760,15,2,2,0
252592,15,2,1,1
425272,15,2,1,1
1708312,15,2,0,2
124048,15,2,0,2
184960,15,2,2,0
1323984,15,2,0,2
647104,15,2,1,1
185800,15,2,0,2
1177984,15,2,1,1
139472,15,2,1,1
147016,15,2,1,1
2487392,15,2,2,0
148536,15,2,1,1
582896,15,2,1,1
362008,15,2,2,0
3904984,15,2,0,2
1214032,15,2,0,2
2936632,15,2,1,1
1341160,15,2,0,2
2238176,15,2,0,2
484312,15,2,2,0
425720,15,2,1,1
370296,15,2,1,1
179280,15,2,2,0
589544,15,2,1,1
902064,15,2,2,0
823760,15,2,0,2
244320,15,2,1,1
202136,15,2,1,1
2513800,15,2,0,2
634624,15,2,1,1
195312,15,2,0,2
1242320,15,2,0,2
2425912,15,2,2,0
213552,15,2,1,1
1022136,15,2,1,1
231688,15,2,1,1
597640,15,2,1,1
365632,15,2,1,1
420816,15,2,1,1
1036080,15,2,2,0
515864,15,2,0,2
1342616,15,2,0,2
1319448,15,2,1,1
2862504,15,2,1,1
165744,15,2,1,1
896488,15,2,0,2
2302016,15,2,2,0
998088,15,2,1,1
488792,15,2,1,1
510200,15,2,1,1
156520,15,2,2,0
496232,15,2,2,0
1360752,15,2,1,1
824944,15,2,1,1
780448,15,2,0,2
270640,15,2,0,2
707848,15,2,1,1
1385816,15,2,2,0
7346496,15,2,0,2
345384,15,2,2,0
526848,15,2,0,2
1195792,15,2,0,2
3780192,15,2,2,0
653144,15,2,1,1
215552,15,2,2,0
833768,15,2,1,1
2466728,15,2,1,1
287416,15,2,1,1
394952,15,2,1,1
411760,15,2,2,0
828512,15,2,0,2
195728,15,2,1,1
328912,15,2,0,2
464288,15,2,1,1
1213312,15,2,1,1
4078952,15,2,1,1
685592,15,2,2,0
904696,15,2,1,1
1277360,15,2,1,1
522760,15,2,1,1
1902184,15,2,1,1
108880,15,2,1,1
787304,15,2,1,1
182040,15,2,0,2
1077608,15,2,1,1
237896,15,2,1,1
378352,15,2,1,1
229056,15,2,1,1
4294736,15,2,1,1
151904,15,2,1,1
690960,15,2,0,2
343064,15,2,1,1
302872,15,2,0,2
122296,15,2,1,1
225816,15,2,0,2
1475096,15,2,0,2
475336,15,2,1,1
190864,15,2,1,1
517824,15,2,1,1
429056,15,2,1,1
436944,15,2,0,2
304544,15,2,0,2
891464,15,2,0,2
234608,15,2,1,1
5274648,15,2,2,0
211144,15,2,2,0
251648,15,2,0,2
616984,15,2,2,0
1145176,15,2,1,1
2973248,15,2,1,1
997632,15,2,0,2
150520,15,2,2,0
703592,15,2,1,1
439768,15,2,1,1
1590776,15,2,1,1
367776,15,2,1,1
436872,15,2,1,1
2523424,15,2,1,1
279360,15,2,1,1
2521272,15,2,1,1
892224,15,2,1,1
3483032,15,2,2,0
809688,15,2,0,2
246152,15,2,1,1
170448,15,2,1,1
66112,15,2,2,0
92688,15,2,2,0
444904,15,2,2,0
149384,15,2,0,2
154416,15,2,1,1
93088,15,2,0,2
118472,15,2,0,2
3506744,15,2,2,0
290208,15,2,1,1
283928,15,2,1,1
524544,15,2,0,2
163184,15,2,1,1
72664,15,2,0,2
216400,15,2,1,1
29584,15,2,0,2
994816,15,2,2,0
220712,15,2,2,0
396248,15,2,1,1
513920,15,2,2,0
589320,15,2,2,0
91776,15,2,1,1
2758224,15,2,1,1
633664,15,2,1,1
386544,15,2,1,1
1110248,15,2,0,2
5256464,15,2,2,0
399184,15,2,1,1
3746912,15,2,2,0
386920,15,2,1,1
494728,15,2,1,1
141984,15,2,1,1
180512,15,2,1,1
165792,15,2,0,2
2477720,15,2,0,2
2311888,15,2,1,1
761320,15,2,1,1
548824,15,2,1,1
202072,15,2,1,1
1377344,15,2,0,2
2600768,15,2,0,2
597656,15,2,2,0
455344,15,2,0,2
388216,15,2,1,1
141224,15,2,0,2
104176,15,2,1,1
3045416,15,2,1,1
645352,15,2,2,0
1165552,15,2,0,2
856160,15,2,1,1
1221400,15,2,1,1
1240872,15,2,1,1
626232,15,2,1,1
267544,15,2,0,2
2548448,15,2,2,0
1661904,15,2,2,0
346016,15,2,1,1
440144,15,2,1,1
169008,15,2,0,2
3238784,15,2,1,1
2275512,15,2,0,2
480688,15,2,0,2
254736,15,2,1,1
1249808,15,2,1,1
134168,15,2,2,0
1337416,15,2,1,1
444584,15,2,1,1
1371336,15,2,2,0
426864,15,2,0,2
132776,15,2,0,2
150608,15,2,1,1
316048,15,2,1,1
929512,15,2,1,1
1114248,15,2,2,0
3533280,15,2,1,1
438872,15,2,0,2
293456,15,2,0,2
1028112,15,2,2,0
276576,15,2,2,0
311864,15,2,1,1
288632,15,2,1,1
3394168,15,2,1,1
1535008,15,2,1,1
582232,15,2,1,1
154464,15,2,1,1
4567072,15,2,1,1
600528,15,2,1,1
283024,15,2,0,2
97344,15,2,2,0
2388264,15,2,1,1
665584,15,2,1,1
456264,15,2,1,1
2322240,15,2,1,1
1656984,15,2,0,2
661128,15,2,1,1
243944,15,2,0,2
359224,15,2,1,1
213576,15,2,0,2
142328,15,2,1,1
677856,15,2,1,1
502048,15,2,2,0
2255248,15,2,1,1
1102904,15,2,1,1
5134624,15,2,1,1
131768,15,2,1,1
204944,15,2,2,0
848320,15,2,1,1
176384,15,2,0,2
190880,15,2,1,1
857264,15,2,1,1
7750624,15,2,1,1
200664,15,2,2,0
1922912,15,2,1,1
486472,15,2,1,1
5070048,15,2,1,1
387400,15,2,0,2
629440,15,2,2,0
1576368,15,2,0,2
1389136,15,2,1,1
4365240,15,2,0,2
1449760,15,2,2,0
1256880,15,2,1,1
3162120,15,2,0,2
4411456,15,2,0,2
1032120,15,2,0,2
275888,15,2,1,1
81672,15,2,2,0
288192,15,2,1,1
576856,15,2,2,0
638680,15,2,2,0
438136,15,2,0,2
165296,15,2,1,1
1028624,15,2,1,1
1232368,15,2,0,2
187640,15,2,1,1
3859424,15,2,0,2
110392,15,2,0,2
270184,15,2,2,0
470288,15,2,1,1
5082856,15,2,0,2
212520,15,2,1,1
593288,15,2,1,1
5226568,15,2,1,1
262416,15,2,1,1
5088056,15,2,0,2
154128,15,2,0,2
490928,15,2,1,1
1292592,15,2,0,2
85264,15,2,0,2
553040,15,2,2,0
582912,15,2,0,2
7812744,15,2,1,1
1321112,15,2,0,2
1857136,15,2,1,1
295808,15,2,1,1
594088,15,2,1,1
2610456,15,2,1,1
410920,15,2,2,0
363400,15,2,1,1
309432,15,2,1,1
1826504,15,2,1,1
360256,15,2,1,1
128440,15,2,1,1
1270872,15,2,1,1
1259432,15,2,2,0
5860840,15,2,0,2
1339008,15,2,0,2
2891672,15,2,1,1
1932464,15,2,0,2
1433744,15,2,1,1
811712,15,2,1,1
466080,15,2,1,1
571496,15,2,2,0
1404160,15,2,1,1
279104,15,2,2,0
1282576,15,2,2,0
189304,15,2,2,0
186856,15,2,1,1
791152,15,2,0,2
406112,15,2,0,2
170152,15,2,0,2
3945088,15,2,2,0
253296,15,2,1,1
3023024,15,2,1,1
128240,15,2,1,1
166352,15,2,1,1
1325464,15,2,1,1
1617872,15,2,0,2
159864,15,2,0,2
1487672,15,2,1,1
85912,15,2,1,1
764992,15,2,0,2
232496,15,2,2,0
3813552,15,2,0,2
3439912,15,2,1,1
7136840,15,2,0,2
1547424,15,2,1,1
3450824,15,2,0,2
906000,15,2,1,1
1864816,15,2,2,0
279800,15,2,1,1
128968,15,2,1,1
190600,15,2,1,1
263312,15,2,1,1
458744,15,2,1,1
238696,15,2,0,2
1456856,15,2,0,2
8382872,15,2,2,0
873224,15,2,2,0
928072,15,2,1,1
1308872,15,2,1,1
6467264,15,2,0,2
727864,15,2,0,2
387776,15,2,0,2
792800,15,2,2,0
857712,15,2,1,1
231632,15,2,1,1
866944,15,2,0,2
220056,15,2,1,1
437296,15,2,1,1
6089176,15,2,1,1
143632,15,2,1,1
2542352,15,2,0,2
543992,15,2,1,1
485720,15,2,1,1
2089112,15,2,2,0
3204496,15,2,1,1
93872,15,2,1,1
587824,15,2,1,1
224752,15,2,1,1
351024,15,2,2,0
125696,15,2,1,1
938912,15,2,1,1
301656,15,2,2,0
277312,15,2,1,1
520776,15,2,0,2
604800,15,2,1,1
527640,15,2,0,2
1451912,15,2,2,0
116664,15,2,1,1
975984,15,2,0,2
388656,15,2,1,1
213664,15,2,0,2
1119936,15,2,1,1
897784,15,2,0,2
2955184,15,2,1,1
1479880,15,2,1,1
246736,15,2,0,2
1224552,15,2,1,1
107184,15,2,2,0
392184,15,2,0,2
411848,15,2,1,1
485576,15,2,1,1
1135368,15,2,2,0
1501688,15,2,1,1
133336,15,2,1,1
490336,15,2,0,2
326280,15,2,0,2
960096,15,2,0,2
736536,15,2,2,0
4375968,15,2,0,2
4023736,15,2,2,0
651544,15,2,0,2
399416,15,2,1,1
322416,15,2,1,1
184424,15,2,1,1
2896736,15,2,1,1
56592,15,2,2,0
174696,15,2,1,1
473272,15,2,1,1
2342400,15,2,2,0
1784320,15,2,1,1
759088,15,2,1,1
319072,15,2,0,2
227216,15,2,0,2
1696040,15,2,1,1
362264,15,2,1,1
397000,15,2,1,1
94632,15,2,2,0
577080,15,2,0,2
380240,15,2,2,0
612192,15,2,2,0
423976,15,2,1,1
2528824,15,2,1,1
273024,15,2,1,1
1629304,15,2,1,1
2258960,15,2,1,1
267520,15,2,1,1
658088,15,2,1,1
2335552,15,2,1,1
4967976,15,2,2,0
318536,15,2,1,1
193992,15,2,1,1
597016,15,2,0,2
315128,15,2,0,2
1631328,15,2,0,2
2484656,15,2,2,0
1408784,15,2,0,2
489312,15,2,0,2
1220352,15,2,0,2
367736,15,2,1,1
165632,15,2,1,1
1065024,15,2,2,0
1096760,15,2,0,2
427824,15,2,2,0
210400,15,2,1,1
380656,15,2,0,2
197944,15,2,2,0
456784,15,2,0,2
3659384,15,2,0,2
2977760,15,2,0,2
222816,15,2,0,2
233408,15,2,1,1
226712,15,2,2,0
6421768,15,2,1,1
352424,15,2,0,2
106632,15,2,2,0
322808,15,2,1,1
1993392,15,2,1,1
6529944,15,2,0,2
1552888,15,2,1,1
1225304,15,2,1,1
132456,15,2,2,0
540688,15,2,1,1
1689392,15,2,0,2
412400,15,2,1,1
131472,15,2,2,0
2048520,15,2,2,0
187880,15,2,1,1
7769552,15,2,0,2
470984,15,2,2,0
489624,15,2,0,2
343872,15,2,2,0
294488,15,2,1,1
590024,15,2,0,2
858336,15,2,0,2
231600,15,2,1,1
3856352,15,2,0,2
4028128,15,2,0,2
2899344,15,2,0,2
332760,15,2,0,2
595992,15,2,1,1
1662232,15,2,1,1
4709288,15,2,1,1
239224,15,2,1,1
2020640,15,2,1,1
5840384,15,2,1,1
995192,15,2,2,0
377672,15,2,1,1
1147344,15,2,0,2
3441232,15,2,0,2
189960,15,2,2,0
52648,15,2,2,0
1303328,15,2,1,1
4759880,15,2,0,2
150528,15,2,0,2
315424,15,2,0,2
938560,15,2,0,2
6267816,15,2,1,1
686904,15,2,2,0
112040,15,2,2,0
105112,15,2,1,1
527408,15,2,0,2
434544,15,2,0,2
188320,15,2,1,1
292792,15,2,1,1
230448,15,2,0,2
383784,15,2,2,0
693408,15,2,0,2
174880,15,2,1,1
523520,15,2,1,1
395880,15,2,2,0
639216,15,2,0,2
2589600,15,2,1,1
319544,15,2,1,1
496656,15,2,1,1
1647072,15,2,2,0
171384,15,2,1,1
1069192,15,2,2,0
1271304,15,2,0,2
346440,15,2,1,1
1586712,15,2,0,2
95472,15,2,0,2
203720,15,2,1,1
608680,15,2,2,0
935048,15,2,1,1
123656,15,2,0,2
1628608,15,2,1,1
144128,15,2,1,1
763864,15,2,2,0
188040,15,2,1,1
274648,15,2,1,1
1170864,15,2,2,0
1396496,15,2,1,1
1139136,15,2,0,2
237232,15,2,2,0
801464,15,2,1,1
66304,15,2,0,2
976176,15,2,2,0
397736,15,2,1,1
942936,15,2,2,0
360960,15,2,1,1
1587504,15,2,2,0
265440,15,2,2,0
768080,15,2,0,2
1307576,15,2,2,0
802208,15,2,1,1
2951520,15,2,1,1
441736,15,2,0,2
422096,15,2,1,1
541152,15,2,1,1
264952,15,2,2,0
1796272,15,2,1,1
6240168,15,2,1,1
3673960,15,2,1,1
828744,15,2,1,1
957840,15,2,1,1
266880,15,2,0,2
224760,15,2,2,0
127096,15,2,1,1
100648,15,2,2,0
1207016,15,2,1,1
207080,15,2,1,1
318320,15,2,1,1
311056,15,2,0,2
46184,15,2,1,1
337048,15,2,0,2
427016,15,2,0,2
3629120,15,2,0,2
171520,15,2,0,2
1071776,15,2,1,1
799256,15,2,1,1
801680,15,2,1,1
503168,15,2,1,1
260224,15,2,1,1
4653120,15,2,1,1
1579832,15,2,0,2
211616,15,2,2,0
2530184,15,2,1,1
334768,15,2,1,1
1982384,15,2,1,1
913040,15,2,1,1
69864,15,2,0,2
334288,15,2,0,2
302608,15,2,2,0
341664,15,2,0,2
7156888,15,2,0,2
732968,15,2,1,1
1178016,15,2,1,1
6825872,15,2,0,2
96424,15,2,0,2
2065656,15,2,2,0
121728,15,2,0,2
1332016,15,2,0,2
2745264,15,2,1,1
6375312,15,2,0,2
68160,15,2,2,0
860728,15,2,0,2
615648,15,2,2,0
392000,15,2,2,0
522808,15,2,0,2
556024,15,2,0,2
713568,15,2,1,1
365808,15,2,1,1
1539000,15,2,2,0
101960,15,2,0,2
115216,15,2,0,2
287856,15,2,2,0
111752,15,2,2,0
242408,15,2,1,1
168952,15,2,0,2
944728,15,2,1,1
882960,15,2,1,1
108200,15,2,2,0
724472,15,2,2,0
2386904,15,2,1,1
119304,15,2,2,0
286248,15,2,1,1
177264,15,2,1,1
193432,15,2,1,1
143328,15,2,1,1
578096,15,2,1,1
280688,15,2,1,1
2082656,15,2,2,0
3391232,15,2,2,0
229576,15,2,1,1
1177072,15,2,1,1
495840,15,2,2,0
497136,15,2,2,0
173256,15,2,1,1
297992,15,2,1,1
787424,15,2,2,0
3949760,15,2,0,2
1561024,15,2,0,2
922688,15,2,2,0
779104,15,2,1,1
317928,15,2,1,1
7883640,15,2,0,2
527584,15,2,0,2
1700672,15,2,1,1
613776,15,2,1,1
474048,15,2,0,2
4270272,15,2,1,1
1048312,15,2,1,1
3281512,15,2,1,1
317048,15,2,1,1
220912,15,2,2,0
417432,15,2,1,1
628312,15,2,1,1
2286304,15,2,1,1
836696,15,2,0,2
139384,15,2,0,2
376616,15,2,0,2
2777704,15,2,0,2
167632,15,2,1,1
1026312,15,2,0,2
119800,15,2,2,0
1421576,15,2,1,1
3076296,15,2,1,1
1896304,15,2,2,0
359968,15,2,2,0
741848,15,2,1,1
632672,15,2,2,0
350408,15,2,1,1
593232,15,2,0,2
340280,15,2,1,1
1254632,15,2,2,0
78960,15,2,2,0
522280,15,2,1,1
458704,15,2,1,1
147728,15,2,2,0
329520,15,2,2,0
375624,15,2,0,2
500984,15,2,2,0
215712,15,2,2,0
812368,15,2,2,0
224440,15,2,1,1
580000,15,2,0,2
505944,15,2,1,1
531568,15,2,1,1
256984,15,2,2,0
385024,15,2,0,2
3060216,15,2,1,1
1698792,15,2,1,1
6526088,15,2,1,1
1208040,15,2,1,1
3105328,15,2,0,2
476696,15,2,0,2
236208,15,2,2,0
2012368,15,2,0,2
416600,15,2,1,1
225624,15,2,1,1
296488,15,2,0,2
162784,15,2,1,1
557872,15,2,0,2
636624,15,2,2,0
900728,15,2,1,1
1798824,15,2,1,1
1125928,15,2,0,2
1710840,15,2,1,1
798192,15,2,2,0
1570320,15,2,1,1
175456,15,2,2,0
5477912,15,2,2,0
193960,15,2,1,1
431960,15,2,1,1
1335072,15,2,1,1
7697232,15,2,0,2
158104,15,2,1,1
709904,15,2,1,1
234936,15,2,2,0
939912,15,2,1,1
2128928,15,2,1,1
969240,15,2,0,2
7394856,15,2,0,2
98016,15,2,1,1
416960,15,2,1,1
349560,15,2,1,1
2345856,15,2,1,1
321744,15,2,1,1
283552,15,2,1,1
791064,15,2,0,2
554952,15,2,1,1
1030024,15,2,2,0
1047960,15,2,1,1
387456,15,2,0,2
1596864,15,2,2,0
1544616,15,2,1,1
6486192,15,2,1,1
3194488,15,2,2,0
155856,15,2,2,0
295888,15,2,0,2
241680,15,2,1,1
1541920,15,2,1,1
81328,15,2,1,1
511080,15,2,0,2
518392,15,2,2,0
164456,15,2,1,1
1814608,15,2,1,1
499088,15,2,0,2
1209744,16,2,1,1
241640,16,2,1,1
660904,16,2,2,0
332584,16,2,1,1
677744,16,2,2,0
126912,16,2,1,1
608248,16,2,2,0
2268080,16,2,2,0
579736,16,2,1,1
177200,16,2,2,0
565528,16,2,0,2
269720,16,2,1,1
407616,16,2,1,1
2258736,16,2,1,1
2215616,16,2,2,0
4343792,16,2,2,0
141096,16,2,2,0
1174728,16,2,0,2
540008,16,2,1,1
454904,16,2,0,2
561496,16,2,0,2
191544,16,2,0,2
214672,16,2,1,1
1901104,16,2,1,1
267264,16,2,1,1
396752,16,2,1,1
321952,16,2,2,0
2959296,16,2,2,0
257752,16,2,1,1
2577288,16,2,1,1
234048,16,2,1,1
533680,16,2,0,2
505368,16,2,2,0
619424,16,2,2,0
498032,16,2,1,1
2500560,16,2,1,1
172136,16,2,1,1
71696,16,2,1,1
467520,16,2,2,0
1348872,16,2,1,1
596496,16,2,1,1
221560,16,2,2,0
232248,16,2,0,2
4184328,16,2,1,1
545800,16,2,0,2
1880576,16,2,1,1
1290688,16,2,2,0
5655888,16,2,1,1
1010528,16,2,2,0
2921424,16,2,1,1
517704,16,2,1,1
3046696,16,2,1,1
98472,16,2,1,1
345040,16,2,0,2
242760,16,2,0,2
5033208,16,2,0,2
1760736,16,2,1,1
440408,16,2,1,1
204344,16,2,0,2
733488,16,2,1,1
116928,16,2,0,2
867352,16,2,2,0
1330704,16,2,1,1
2767832,16,2,2,0
149032,16,2,0,2
116464,16,2,0,2
3489256,16,2,2,0
5066384,16,2,0,2
2492608,16,2,1,1
193456,16,2,0,2
106024,16,2,1,1
1855728,16,2,1,1
6696392,16,2,1,1
882304,16,2,0,2
248312,16,2,1,1
1806744,16,2,1,1
68288,16,2,1,1
521952,16,2,1,1
383888,16,2,1,1
659136,16,2,0,2
2160904,16,2,2,0
434576,16,2,2,0
206080,16,2,1,1
143704,16,2,1,1
1084496,16,2,1,1
392888,16,2,1,1
1713920,16,2,2,0
209456,16,2,1,1
159872,16,2,1,1
5073560,16,2,1,1
3840240,16,2,1,1
365352,16,2,1,1
219208,16,2,1,1
194552,16,2,2,0
488712,16,2,1,1
499584,16,2,1,1
147072,16,2,0,2
111592,16,2,2,0
1081416,16,2,2,0
506040,16,2,0,2
665512,16,2,0,2
3328288,16,2,0,2
981944,16,2,0,2
229240,16,2,2,0
2056824,16,2,2,0
1154992,16,2,1,1
434632,16,2,2,0
3026136,16,2,2,0
6339952,16,2,1,1
6971976,16,2,0,2
898176,16,2,0,2
1198088,16,2,1,1
102288,16,2,1,1
152816,16,2,0,2
6156256,16,2,1,1
4911480,16,2,0,2
687072,16,2,0,2
588408,16,2,0,2
530856,16,2,1,1
574152,16,2,0,2
1672464,16,2,1,1
171672,16,2,1,1
945088,16,2,1,1
2427712,16,2,1,1
2112264,16,2,1,1
3169808,16,2,2,0
174992,16,2,2,0
392632,16,2,1,1
150784,16,2,2,0
142120,16,2,1,1
370992,16,2,2,0
151816,16,2,1,1
1049632,16,2,1,1
243248,16,2,2,0
857760,16,2,0,2
560224,16,2,0,2
566984,16,2,0,2
849632,16,2,1,1
601184,16,2,1,1
803120,16,2,2,0
6178600,16,2,2,0
256664,16,2,1,1
335128,16,2,1,1
817752,16,2,1,1
921768,16,2,1,1
1700680,16,2,2,0
393888,16,2,1,1
425760,16,2,2,0
417760,16,2,1,1
657712,16,2,0,2
1136936,16,2,1,1
371904,16,2,1,1
656816,16,2,1,1
154824,16,2,2,0
267816,16,2,1,1
505088,16,2,2,0
317856,16,2,1,1
192656,16,2,1,1
177624,16,2,0,2
1498816,16,2,2,0
2232176,16,2,1,1
249496,16,2,1,1
177320,16,2,1,1
112728,16,2,2,0
904248,16,2,1,1
549800,16,2,2,0
3805544,16,2,1,1
71136,16,2,2,0
536072,16,2,2,0
2012296,16,2,1,1
365896,16,2,1,1
631960,16,2,2,0
771352,16,2,2,0
1083616,16,2,1,1
2364400,16,2,2,0
719848,16,2,1,1
1741608,16,2,0,2
322824,16,2,1,1
1977112,16,2,2,0
153472,16,2,1,1
122192,16,2,1,1
255032,16,2,2,0
868032,16,2,1,1
1033376,16,2,0,2
139032,16,2,1,1
827760,16,2,2,0
598304,16,2,1,1
4859720,16,2,1,1
1902112,16,2,1,1
166264,16,2,0,2
1073528,16,2,1,1
3007544,16,2,1,1
1093520,16,2,1,1
195360,16,2,1,1
918712,16,2,0,2
945224,16,2,0,2
3151080,16,2,1,1
589384,16,2,1,1
263896,16,2,1,1
639832,16,2,1,1
525432,16,2,2,0
106824,16,2,0,2
980816,16,2,1,1
2569336,16,2,1,1
200464,16,2,1,1
1478624,16,2,2,0
162184,16,2,0,2
144496,16,2,0,2
355640,16,2,1,1
1758000,16,2,1,1
3634256,16,2,0,2
874520,16,2,1,1
7874848,16,2,1,1
382768,16,2,0,2
490320,16,2,2,0
368584,16,2,0,2
3746376,16,2,1,1
314832,16,2,0,2
3618120,16,2,0,2
414608,16,2,0,2
4648384,16,2,2,0
1578424,16,2,2,0
1813768,16,2,2,0
541656,16,2,1,1
2279832,16,2,2,0
500272,16,2,0,2
855432,16,2,0,2
307184,16,2,1,1
816368,16,2,1,1
3433624,16,2,0,2
361640,16,2,1,1
1670304,16,2,2,0
406120,16,2,1,1
404984,16,2,0,2
1605816,16,2,0,2
1656720,16,2,1,1
1859680,16,2,1,1
7872560,16,2,1,1
210648,16,2,1,1
997240,16,2,1,1
212824,16,2,1,1
340368,16,2,1,1
816384,16,2,1,1
530048,16,2,2,0
429048,16,2,1,1
731320,16,2,1,1
107040,16,2,1,1
4554200,16,2,1,1
286032,16,2,2,0
443368,16,2,0,2
857104,16,2,1,1
159048,16,2,0,2
58152,16,2,1,1
2329496,16,2,2,0
205904,16,2,1,1
84160,16,2,1,1
320512,16,2,1,1
3930760,16,2,0,2
272664,16,2,0,2
382200,16,2,0,2
5258952,16,2,0,2
986056,16,2,1,1
1377200,16,2,1,1
2285384,16,2,0,2
40952,16,2,2,0
1715008,16,2,1,1
388840,16,2,2,0
2430072,16,2,1,1
339808,16,2,1,1
1103224,16,2,0,2
2280048,16,2,0,2
6329856,16,2,0,2
236312,16,2,1,1
260440,16,2,2,0
1746184,16,2,1,1
196672,16,2,1,1
488384,16,2,1,1
2543248,16,2,1,1
228928,16,2,0,2
771912,16,2,1,1
318120,16,2,2,0
442840,16,2,0,2
704992,16,2,2,0
581816,16,2,1,1
933248,16,2,0,2
233760,16,2,1,1
109376,16,2,1,1
439040,16,2,1,1
174488,16,2,2,0
1065216,16,2,1,1
117768,16,2,1,1
1101600,16,2,0,2
489496,16,2,1,1
2737408,16,2,0,2
170200,16,2,1,1
223832,16,2,1,1
1703808,16,2,2,0
441680,16,2,0,2
1369048,16,2,2,0
1736240,16,2,0,2
514984,16,2,0,2
3090224,16,2,2,0
5224152,16,2,2,0
468464,16,2,1,1
3790008,16,2,0,2
1022256,16,2,1,1
225360,16,2,1,1
271072,16,2,0,2
247632,16,2,1,1
193888,16,2,1,1
265328,16,2,1,1
2394384,16,2,1,1
4081672,16,2,2,0
187832,16,2,2,0
523624,16,2,0,2
2080184,16,2,1,1
3228864,16,2,2,0
254384,16,2,1,1
88600,16,2,1,1
499424,16,2,1,1
226168,16,2,1,1
439168,16,2,1,1
411368,16,2,1,1
7298480,16,2,1,1
684360,16,2,1,1
2264104,16,2,1,1
2642808,16,2,2,0
3581856,16,2,2,0
2281048,16,2,2,0
278688,16,2,1,1
7263616,16,2,1,1
121200,16,2,1,1
328512,16,2,0,2
5088296,16,2,1,1
363184,16,2,1,1
620920,16,2,2,0
579680,16,2,2,0
886320,16,2,1,1
397688,16,2,1,1
1501248,16,2,2,0
112656,16,2,1,1
140120,16,2,1,1
558952,16,2,1,1
631944,16,2,0,2
380112,16,2,2,0
1940744,16,2,1,1
3183200,16,2,2,0
293896,16,2,2,0
760520,16,2,2,0
251992,16,2,1,1
354944,16,2,1,1
1060640,16,2,2,0
125000,16,2,1,1
646664,16,2,0,2
298456,16,2,0,2
876968,16,2,2,0
1750904,16,2,1,1
146240,16,2,1,1
238144,16,2,0,2
4775248,16,2,1,1
92368,16,2,1,1
6691664,16,2,0,2
2103080,16,2,2,0
334760,16,2,2,0
1166608,16,2,0,2
313072,16,2,2,0
385960,16,2,2,0
563648,16,2,1,1
361432,16,2,1,1
1502696,16,2,1,1
830312,16,2,2,0
147200,16,2,1,1
1931264,16,2,2,0
575120,16,2,2,0
267104,16,2,1,1
564872,16,2,1,1
307760,16,2,2,0
3956400,16,2,0,2
782584,16,2,2,0
3339432,16,2,2,0
576944,16,2,0,2
244832,16,2,1,1
699208,16,2,0,2
1023192,16,2,1,1
817448,16,2,2,0
560464,16,2,1,1
330448,16,2,1,1
274856,16,2,1,1
234424,16,2,1,1
3851528,16,2,2,0
410624,16,2,2,0
616576,16,2,1,1
1557968,16,2,1,1
94896,16,2,2,0
315296,16,2,1,1
417920,16,2,1,1
391328,16,2,2,0
923776,16,2,2,0
1120392,16,2,0,2
518264,16,2,0,2
217704,16,2,0,2
1603376,16,2,1,1
844512,16,2,0,2
462168,16,2,1,1
900544,16,2,2,0
133904,16,2,0,2
304264,16,2,1,1
275440,16,2,1,1
994576,16,2,2,0
170720,16,2,0,2
205568,16,2,1,1
1041864,16,2,0,2
1914632,16,2,1,1
216136,16,2,2,0
340816,16,2,0,2
1718024,16,2,0,2
290632,16,2,1,1
3001112,16,2,1,1
130568,16,2,1,1
392160,16,2,2,0
1817496,16,2,2,0
1827744,16,2,1,1
313104,16,2,1,1
628048,16,2,2,0
1009960,16,2,0,2
2104512,16,2,0,2
1613528,16,2,2,0
76656,16,2,2,0
818424,16,2,1,1
4577280,16,2,1,1
597600,16,2,0,2
595496,16,2,1,1
271144,16,2,0,2
229136,16,2,1,1
3916384,16,2,1,1
677080,16,2,1,1
2198048,16,2,1,1
890472,16,2,2,0
1815704,16,2,2,0
1179616,16,2,2,0
335800,16,2,1,1
433512,16,2,1,1
2052168,16,2,0,2
161904,16,2,1,1
573920,16,2,0,2
117744,16,2,1,1
499168,16,2,1,1
404680,16,2,2,0
247808,16,2,1,1
206672,16,2,0,2
1192328,16,2,1,1
567352,16,2,2,0
1925224,16,2,2,0
95576,16,2,0,2
217424,16,2,1,1
390456,16,2,1,1
319488,16,2,1,1
402544,16,2,1,1
7900312,16,2,1,1
3520312,16,2,2,0
761272,16,2,1,1
964840,16,2,1,1
708960,16,2,0,2
146904,16,2,1,1
374480,16,2,0,2
140096,16,2,0,2
3599448,16,2,1,1
245256,16,2,2,0
378640,16,2,1,1
507808,16,2,2,0
619640,16,2,1,1
175928,16,2,2,0
646544,16,2,1,1
366192,16,2,2,0
2768336,16,2,1,1
3741080,16,2,0,2
276840,16,2,1,1
260184,16,2,1,1
520544,16,2,2,0
6332312,16,2,1,1
323144,16,2,1,1
2277680,16,2,1,1
547088,16,2,1,1
2988712,16,2,0,2
236272,16,2,1,1
665568,16,2,0,2
211104,16,2,0,2
403424,16,2,2,0
3317304,16,2,1,1
1302376,16,2,0,2
502176,16,2,1,1
238344,16,2,1,1
1998800,16,2,0,2
147832,16,2,1,1
3228328,16,2,0,2
702528,16,2,1,1
526200,16,2,0,2
360672,16,2,0,2
571480,16,2,2,0
1203424,16,2,0,2
566744,16,2,1,1
792352,16,2,1,1
195632,16,2,1,1
989448,16,2,0,2
839896,16,2,0,2
340832,16,2,1,1
7049800,16,2,0,2
1048320,16,2,1,1
1723176,16,2,1,1
400504,16,2,1,1
289048,16,2,0,2
308360,16,2,0,2
834528,16,2,2,0
600776,16,2,1,1
123608,16,2,1,1
1053384,16,2,0,2
66520,16,2,0,2
275048,16,2,0,2
172824,16,2,1,1
2480936,16,2,0,2
175400,16,2,0,2
103800,16,2,1,1
83048,16,2,1,1
6559976,16,2,1,1
274312,16,2,2,0
2209328,16,2,0,2
1028264,16,2,1,1
531224,16,2,1,1
251480,16,2,2,0
6350496,16,2,0,2
1021496,16,2,2,0
125520,16,2,1,1
1363864,16,2,2,0
112368,16,2,2,0
4496952,16,2,0,2
45720,16,2,0,2
198608,16,2,1,1
328248,16,2,1,1
435968,16,2,2,0
507160,16,2,0,2
1937520,16,2,2,0
1182592,16,2,1,1
437552,16,2,0,2
565256,16,2,0,2
401368,16,2,1,1
1079752,16,2,2,0
764328,16,2,1,1
1520264,16,2,0,2
212432,16,2,1,1
4699080,16,2,1,1
2413136,16,2,0,2
1641672,16,2,2,0
1027568,16,2,2,0
967960,16,2,1,1
1056968,16,2,1,1
174952,16,2,1,1
1947776,16,2,1,1
833728,16,2,1,1
2504360,16,2,1,1
1145600,16,2,1,1
8232416,16,2,2,0
201616,16,2,2,0
1148056,16,2,1,1
1358008,16,2,0,2
1007696,16,2,2,0
1150592,16,2,0,2
316264,16,2,1,1
1323344,16,2,2,0
1469528,16,2,1,1
2935024,16,2,2,0
102744,16,2,2,0
336664,16,2,1,1
230208,16,2,1,1
1513544,16,2,1,1
1355560,16,2,1,1
173312,16,2,0,2
637440,16,2,1,1
308496,16,2,1,1
875856,16,2,1,1
190320,16,2,1,1
550816,16,2,1,1
450584,16,2,1,1
1026368,16,2,0,2
368904,16,2,2,0
179400,16,2,1,1
3735864,16,2,2,0
1375608,16,2,2,0
668632,16,2,2,0
395664,16,2,1,1
528936,16,2,1,1
304688,16,2,0,2
4199296,16,2,0,2
476496,16,2,1,1
1980584,16,2,0,2
332544,16,2,1,1
744312,16,2,1,1
171880,16,2,1,1
1051920,16,2,1,1
127528,16,2,0,2
362464,16,2,2,0
406600,16,2,0,2
148768,16,2,2,0
442656,16,2,1,1
207792,16,2,1,1
1305992,16,2,1,1
6398336,16,2,1,1
355888,16,2,0,2
195440,16,2,1,1
187208,16,2,1,1
139456,16,2,2,0
335544,16,2,1,1
620536,16,2,1,1
828464,16,2,2,0
841152,16,2,0,2
950400,16,2,2,0
493528,16,2,1,1
201664,16,2,2,0
282936,16,2,1,1
5616496,16,2,1,1
2193136,16,2,0,2
445544,16,2,0,2
285872,16,2,2,0
398032,16,2,1,1
4270472,16,2,1,1
1003432,16,2,1,1
553608,16,2,2,0
484840,16,2,0,2
944336,16,2,1,1
208288,16,2,1,1
1199952,16,2,1,1
232920,16,2,1,1
5218976,16,2,0,2
315856,16,2,2,0
1390856,16,2,1,1
214120,16,2,0,2
3280896,16,2,0,2
3851624,16,2,0,2
1434568,16,2,1,1
3261016,16,2,1,1
280880,16,2,1,1
227208,16,2,2,0
510368,16,2,1,1
211704,16,2,1,1
379864,16,2,2,0
536960,16,2,0,2
3469472,16,2,1,1
859600,16,2,1,1
525704,16,2,0,2
60848,16,2,2,0
374768,16,2,1,1
1325648,16,2,0,2
1272536,16,2,0,2
679632,16,2,0,2
362632,16,2,1,1
340264,16,2,1,1
1164096,16,2,2,0
1858824,16,2,1,1
1737408,16,2,1,1
569480,16,2,1,1
1476720,16,2,2,0
357640,16,2,1,1
277488,16,2,1,1
456768,16,2,1,1
662056,16,2,1,1
806176,16,2,2,0
8166480,16,2,2,0
1762976,16,2,1,1
2775600,16,2,1,1
335016,16,2,2,0
472648,16,2,2,0
232688,16,2,1,1
378448,16,2,2,0
201392,16,2,1,1
297560,16,2,2,0
124096,16,2,0,2
732712,16,2,0,2
210688,16,2,1,1
637808,16,2,0,2
495048,16,2,2,0
740408,16,2,1,1
2577328,16,2,1,1
2243976,16,2,0,2
433584,16,2,2,0
3541208,16,2,0,2
987832,16,2,1,1
255440,16,2,0,2
999384,16,2,2,0
2249032,16,2,2,0
148448,16,2,1,1
142744,16,2,0,2
7656992,16,2,1,1
836664,16,2,0,2
909008,16,2,2,0
331552,16,2,1,1
1231608,16,2,1,1
742208,16,2,2,0
1343560,16,2,2,0
341024,16,2,1,1
181248,16,2,1,1
1517856,16,2,1,1
2708040,16,2,1,1
584376,16,2,0,2
1538240,16,2,0,2
64272,16,2,1,1
253032,16,2,2,0
4184560,16,2,1,1
940840,16,2,1,1
2595928,16,2,1,1
842912,16,2,1,1
441728,16,2,0,2
1347984,16,2,2,0
335472,16,2,1,1
550536,16,2,1,1
701368,16,2,1,1
1485232,16,2,1,1
976336,16,2,0,2
269304,16,2,0,2
1425808,16,2,1,1
579136,16,2,2,0
848760,16,2,1,1
283512,16,2,0,2
479968,16,2,0,2
1181712,16,2,2,0
1121352,16,2,1,1
281704,16,2,1,1
2364296,16,2,1,1
195848,16,2,2,0
5040624,16,2,1,1
154776,16,2,1,1
7536872,16,2,2,0
3656976,16,2,2,0
69456,16,2,2,0
343032,16,2,1,1
1090248,16,2,2,0
1082808,16,2,2,0
5668656,16,2,0,2
252544,16,2,1,1
1095120,16,2,2,0
3398952,16,2,0,2
140912,16,2,1,1
206192,16,2,2,0
214032,16,2,1,1
354624,16,2,1,1
814528,16,2,2,0
3072312,16,2,0,2
1837728,16,2,1,1
138656,16,2,2,0
4457408,16,2,1,1
1912200,16,2,1,1
65224,16,2,0,2
261200,16,2,0,2
117552,16,2,1,1
861536,16,2,0,2
51344,16,2,0,2
635768,16,2,1,1
469752,16,2,0,2
137152,16,2,1,1
87000,16,2,2,0
700608,16,2,1,1
115160,16,2,1,1
632720,16,2,1,1
404088,16,2,0,2
475168,16,2,0,2
906856,16,2,0,2
1963808,16,2,1,1
1506560,16,2,0,2
4369376,16,2,1,1
130248,16,2,0,2
5198376,16,2,1,1
1906000,16,2,2,0
133160,16,2,1,1
317640,16,2,1,1
270024,16,2,2,0
242560,16,2,0,2
1352920,16,2,1,1
179088,16,2,0,2
5871208,16,2,1,1
2767736,16,2,0,2
394816,16,2,2,0
3504456,16,2,1,1
280336,16,2,1,1
5493960,16,2,1,1
4652312,16,2,1,1
416552,16,2,1,1
1167432,16,2,1,1
1756448,16,2,1,1
5340384,16,2,1,1
2538552,16,2,0,2
1234624,16,2,1,1
4117392,16,2,1,1
319712,16,2,0,2
395568,16,2,2,0
439192,16,2,1,1
1456104,16,2,1,1
268656,16,2,2,0
1115600,16,2,2,0
146376,16,2,2,0
421000,16,2,1,1
954592,16,2,1,1
2595024,16,2,0,2
810936,16,2,1,1
476272,16,2,1,1
697304,16,2,1,1
301888,16,2,1,1
347496,16,2,1,1
209616,16,2,1,1
7240216,16,2,1,1
738176,16,2,1,1
1816672,16,2,2,0
101040,16,2,1,1
5731024,16,2,1,1
413216,16,2,1,1
303720,16,2,2,0
498152,16,2,2,0
1263768,16,2,1,1
723640,16,2,0,2
805368,16,2,0,2
1001792,16,2,2,0
441448,16,2,1,1
213856,16,2,0,2
4965768,16,2,0,2
720360,16,2,0,2
849872,16,2,1,1
1308464,16,2,1,1
1202544,16,2,0,2
1351848,16,2,1,1
184432,16,2,1,1
1271544,16,2,1,1
3410024,16,2,2,0
1019984,16,2,1,1
418336,16,2,2,0
95496,16,2,0,2
374736,16,2,2,0
620040,16,2,1,1
371352,16,2,1,1
1617728,16,2,1,1
2075472,16,2,1,1
1137312,16,2,2,0
304640,16,2,1,1
252496,16,2,0,2
520720,16,2,0,2
898520,16,2,1,1
1759336,16,2,1,1
960296,16,2,2,0
568392,16,2,0,2
4654648,16,2,0,2
2367744,16,2,1,1
101080,16,2,2,0
2457256,16,2,1,1
146344,16,2,0,2
155120,16,2,1,1
7105080,16,2,0,2
331488,16,2,2,0
431528,16,2,1,1
432680,16,2,1,1
1580480,16,2,0,2
228896,16,2,1,1
1324000,16,2,1,1
68064,16,2,1,1
4090408,16,2,1,1
698192,16,2,1,1
280416,16,2,1,1
480920,16,2,1,1
1369352,16,2,1,1
1845536,16,2,2,0
1821296,16,2,1,1
1370888,16,2,0,2
709736,16,2,0,2
814704,16,2,2,0
982264,16,2,2,0
1748912,16,2,1,1
367464,16,2,1,1
911432,16,2,1,1
298920,16,2,1,1
237000,16,2,2,0
1740912,16,2,2,0
459856,16,2,2,0
341304,16,2,1,1
104344,16,2,0,2
600672,16,2,1,1
1073512,16,2,2,0
1025488,16,2,1,1
326008,16,2,2,0
1485880,16,2,2,0
499208,16,2,0,2
261264,16,2,0,2
473032,16,2,0,2
288352,16,2,1,1
264120,16,2,0,2
543448,16,2,2,0
3154520,16,2,1,1
3149544,16,2,2,0
866992,16,2,0,2
3990304,16,2,1,1
128304,16,2,0,2
765528,16,2,2,0
589472,16,2,0,2
286176,16,2,2,0
181592,16,2,0,2
6204072,16,2,1,1
119080,16,2,2,0
2053664,16,2,1,1
767984,16,2,2,0
969120,16,2,2,0
154032,16,2,0,2
2233920,16,2,0,2
742032,16,2,2,0
630240,16,2,0,2
234488,16,2,0,2
864392,16,2,1,1
279272,16,2,1,1
189744,16,2,0,2
357512,16,2,1,1
795832,16,2,1,1
1056992,16,2,1,1
897776,16,2,1,1
719560,16,2,1,1
2413968,16,2,0,2
315184,16,2,2,0
2536752,16,2,0,2
733096,16,2,1,1
801888,16,2,2,0
1043168,16,2,1,1
687256,16,2,2,0
632968,16,2,1,1
1227664,16,2,1,1
795976,16,2,2,0
1704824,16,2,0,2
996856,16,2,2,0
879448,16,2,0,2
265416,16,2,1,1
226048,16,2,0,2
41432,16,2,1,1
2221936,16,2,0,2
127432,16,2,2,0
342560,16,2,0,2
591376,16,2,0,2
323920,16,2,1,1
627248,16,2,1,1
1718288,16,2,2,0
1122328,16,2,1,1
339752,16,2,0,2
442008,16,2,2,0
817760,16,2,1,1
245304,16,2,0,2
439120,16,2,1,1
378368,16,2,2,0
4410936,16,2,1,1
1152536,16,2,2,0
1181560,16,2,2,0
6593144,16,2,1,1
984552,16,2,1,1
479960,16,2,1,1
1601688,16,2,1,1
727200,16,2,1,1
373056,16,2,0,2
218472,16,2,1,1
122048,16,2,0,2
638032,16,2,0,2
580144,16,2,1,1
305856,16,2,1,1
947080,16,2,2,0
575344,16,2,1,1
737776,16,2,1,1
392936,16,2,2,0
484560,16,2,2,0
393960,16,2,0,2
2525440,16,2,2,0
2089128,16,2,2,0
278512,16,2,1,1
4661432,16,2,2,0
200752,16,2,1,1
1408664,16,2,1,1
302712,16,2,1,1
210872,16,2,1,1
570048,16,2,1,1
649408,16,2,1,1
825888,16,2,1,1
352968,16,2,0,2
517224,16,2,1,1
6637704,16,2,1,1
1052728,16,2,1,1
269192,16,2,2,0
4503256,16,2,2,0
1579208,16,2,1,1
1382232,16,2,2,0
209136,16,2,1,1
1691864,16,2,1,1
82800,16,2,1,1
394144,16,2,2,0
113272,16,2,1,1
1421616,16,2,1,1
318480,16,2,1,1
514240,16,2,1,1
2830120,16,2,0,2
1985528,16,2,0,2
3037104,16,2,2,0
197600,16,2,0,2
491104,16,2,2,0
80336,16,2,1,1
517616,16,2,1,1
377328,16,2,1,1
308448,16,2,0,2
1184536,16,2,0,2
5243048,16,2,2,0
6175136,16,2,1,1
380648,16,2,1,1
152280,16,2,2,0
1089088,16,2,1,1
111056,16,2,0,2
1440880,16,2,1,1
144048,16,2,1,1
1705712,16,2,2,0
178272,16,2,1,1
780592,16,2,2,0
410824,16,2,2,0
807824,16,2,2,0
4564848,16,2,1,1
1914696,16,2,1,1
478888,16,2,1,1
685336,16,2,1,1
2848080,16,2,0,2
3767120,16,2,2,0
94040,16,2,2,0
6763616,16,2,0,2
4252552,16,2,1,1
590408,16,2,1,1
130912,16,2,0,2
4545480,16,2,2,0
74168,16,2,1,1
2308272,16,2,1,1
61400,16,2,1,1
374008,16,2,2,0
304584,16,2,1,1
317784,16,2,1,1
161752,16,2,0,2
541008,16,2,2,0
2223992,16,2,0,2
1675024,16,2,1,1
1333136,16,2,2,0
1830064,16,2,1,1
1008552,16,2,1,1
124616,16,2,2,0
90152,16,2,1,1
313880,16,2,0,2
97304,16,2,2,0
366608,16,2,2,0
3288240,16,2,2,0
3937048,16,2,1,1
2230408,16,2,1,1
3878168,16,2,1,1
3167888,16,2,2,0
4219296,16,2,2,0
3209304,16,2,1,1
1923872,16,2,1,1
1531744,16,2,1,1
220120,16,2,2,0
580904,16,2,2,0
333576,16,2,2,0
650232,16,2,1,1
1029456,16,2,1,1
1009184,16,2,1,1
433904,16,2,1,1
426160,16,2,1,1
227272,16,2,1,1
6948584,16,2,0,2
48128,16,2,1,1
1024432,16,2,2,0
117560,16,2,0,2
387384,16,2,0,2
853984,16,2,1,1
2172360,16,2,2,0
1833912,16,2,1,1
284064,16,2,1,1
1607096,16,2,1,1
340528,16,2,2,0
7736832,16,2,0,2
73048,16,2,2,0
1704560,16,2,0,2
180296,16,2,1,1
206848,16,2,1,1
176000,16,2,1,1
1132216,16,2,0,2
141200,16,2,1,1
123136,16,2,1,1
1540872,16,2,1,1
1044584,16,2,0,2
843192,16,2,2,0
586880,16,2,1,1
292464,16,2,1,1
987320,16,2,1,1
87288,16,2,2,0
2287232,16,2,1,1
60192,16,2,0,2
3682280,16,2,0,2
2341312,16,2,1,1
214808,16,2,1,1
3486400,16,2,2,0
986872,16,2,2,0
2946520,16,2,2,0
3403824,16,2,2,0
924256,16,2,2,0
308952,16,2,0,2
571584,16,2,1,1
53072,16,2,1,1
1579352,16,2,2,0
404096,16,2,2,0
114520,16,2,1,1
133264,16,2,2,0
350192,16,2,0,2
209208,16,2,0,2
1530584,16,2,0,2
258432,16,2,0,2
220256,16,2,1,1
393344,16,2,1,1
669984,16,2,1,1
286208,16,2,1,1
82568,16,2,1,1
956424,16,2,2,0
1114632,16,2,0,2
120520,16,2,0,2
3017656,16,2,2,0
1378160,16,2,1,1
529576,16,2,2,0
514000,16,2,1,1
195160,16,2,1,1
178904,16,2,0,2
370672,16,2,0,2
1656896,16,2,2,0
1545920,16,2,2,0
184232,16,2,1,1
344912,16,2,2,0
1225336,16,2,0,2
173000,16,2,0,2
235256,16,2,1,1
401792,16,2,2,0
2259272,16,2,1,1
2751144,16,2,0,2
327560,16,2,0,2
1212816,16,2,2,0
261648,16,2,1,1
1781920,16,2,2,0
6182096,16,2,1,1
475816,16,2,1,1
3979936,16,2,1,1
1445480,16,2,0,2
4055864,16,2,1,1
3437904,16,2,0,2
3352536,16,2,0,2
667760,16,2,1,1
73976,16,2,2,0
3592944,16,2,2,0
379304,16,2,1,1
788048,16,2,1,1
256264,16,2,1,1
259608,16,2,1,1
2305152,16,2,1,1
172192,16,2,2,0
550928,16,2,0,2
1354640,16,2,1,1
708216,16,2,1,1
734384,16,2,1,1
1396920,16,2,1,1
2096496,16,2,2,0
371304,16,2,1,1
591240,16,2,2,0
652200,16,2,2,0
973768,16,2,1,1
7643360,16,2,1,1
588448,16,2,1,1
286688,16,2,1,1
653472,16,2,1,1
126608,16,2,2,0
359560,16,2,2,0
96792,16,2,2,0
740216,16,2,1,1
558448,16,2,1,1
111104,16,2,1,1
332296,16,2,1,1
7355632,16,2,1,1
164616,16,2,1,1
293048,16,2,1,1
2679328,16,2,1,1
1517416,16,2,1,1
6546664,16,2,1,1
141472,16,2,1,1
667208,16,2,2,0
966264,16,2,2,0
5640000,16,2,1,1
143384,16,2,1,1
164912,16,2,0,2
86280,16,2,1,1
307728,16,2,1,1
238440,16,2,2,0
652072,16,2,1,1
208744,16,2,1,1
556352,16,2,2,0
1659112,16,2,1,1
601520,16,2,1,1
1530616,16,2,2,0
1707776,16,2,0,2
534608,16,2,1,1
143664,16,2,1,1
866000,16,2,2,0
303824,16,2,0,2
1007528,16,2,1,1
1894856,16,2,2,0
790672,16,2,1,1
138632,16,2,2,0
4835480,16,2,1,1
1562408,16,2,1,1
108056,16,2,2,0
174240,16,2,2,0
532160,16,2,1,1
444624,16,2,1,1
715064,16,2,2,0
553648,16,2,0,2
99520,16,2,1,1
203408,16,2,2,0
167096,16,2,1,1
3364872,16,2,1,1
800448,16,2,2,0
409568,16,2,1,1
3659872,16,2,0,2
167968,16,2,1,1
275488,16,2,1,1
494304,16,2,0,2
640448,16,2,1,1
1360928,16,2,2,0
2243640,16,2,0,2
1168936,16,2,2,0
151520,16,2,2,0
350496,16,2,1,1
3258040,16,2,0,2
1528760,16,2,2,0
317112,16,2,1,1
235488,16,2,1,1
298896,16,2,1,1
545000,16,2,0,2
766040,16,2,0,2
3296712,16,2,1,1
713016,16,2,1,1
1084440,16,2,1,1
389080,16,2,0,2
1007776,16,2,2,0
2712192,16,2,0,2
478608,16,2,1,1
1589680,16,2,1,1
906992,16,2,1,1
305544,16,2,1,1
161232,16,2,0,2
128696,16,2,1,1
152136,16,2,1,1
671616,16,2,1,1
179944,16,2,0,2
165232,16,2,1,1
816464,16,2,2,0
1570008,16,2,1,1
339664,16,2,2,0
1635280,16,2,1,1
2471448,16,2,1,1
742480,16,2,1,1
221728,16,2,0,2
3817600,16,2,1,1
3151800,16,2,2,0
477864,16,2,0,2
166336,16,2,0,2
494768,16,2,1,1
2090896,16,2,2,0
1393336,16,2,1,1
103440,16,2,1,1
1687584,16,2,1,1
1999880,16,2,0,2
345920,16,2,1,1
98728,16,2,1,1
242040,16,2,1,1
3698360,16,2,0,2
2674592,16,2,1,1
430096,16,2,2,0
1071552,16,2,0,2
555440,16,2,1,1
264672,16,2,1,1
1284648,16,2,0,2
7522432,16,2,1,1
1558048,16,2,1,1
808896,16,2,1,1
279968,16,2,0,2
240016,16,2,2,0
3845640,16,2,1,1
303056,16,2,0,2
1082192,16,2,1,1
945496,16,2,2,0
378736,16,2,2,0
3158616,16,2,1,1
2520872,16,2,2,0
3787432,16,2,1,1
2156904,16,2,0,2
1217648,16,2,1,1
854736,16,2,2,0
1436672,16,2,0,2
727960,16,2,1,1
1661560,16,2,1,1
812248,16,2,1,1
734832,16,2,0,2
520728,16,2,1,1
408696,16,2,1,1
1288896,16,2,2,0
597288,16,2,0,2
1078688,16,2,1,1
2844928,16,2,1,1
5944568,16,2,2,0
1263584,16,2,2,0
218328,16,2,2,0
197816,16,2,1,1
4046320,16,2,1,1
281952,16,2,0,2
472336,16,2,0,2
3195744,16,2,0,2
535776,16,2,1,1
634072,16,2,1,1
757584,16,2,0,2
2334208,16,2,1,1
815160,16,2,1,1
642752,16,2,2,0
449112,16,2,0,2
2796488,16,2,1,1
206920,16,2,2,0
645464,16,2,2,0
147664,16,2,0,2
2570304,16,2,1,1
350728,16,2,1,1
319216,16,2,2,0
961216,16,2,1,1
326488,16,2,1,1
211960,16,2,1,1
4396968,16,2,1,1
3717648,16,2,0,2
1035504,16,2,1,1
131384,16,2,0,2
213800,16,2,2,0
722528,16,2,0,2
469600,16,2,2,0
615912,16,2,0,2
1057456,16,2,1,1
2721448,16,2,1,1
4008496,16,2,2,0
611352,16,2,1,1
553896,16,2,1,1
5216936,16,2,1,1
3115040,16,2,2,0
369184,16,2,2,0
1992816,16,2,1,1
527944,16,2,0,2
535624,16,2,1,1
2472432,16,2,0,2
2332136,16,2,1,1
136552,16,2,0,2
505456,16,2,1,1
561816,16,2,1,1
730576,16,2,0,2
3590112,16,2,0,2
469968,16,2,2,0
173352,16,2,2,0
143480,16,2,0,2
1141560,16,2,1,1
395256,16,2,2,0
184248,16,2,2,0
587344,16,2,0,2
840024,16,2,0,2
6395392,16,2,1,1
1888440,16,2,0,2
5747888,16,2,2,0
1041688,16,2,2,0
337440,16,2,0,2
176088,16,2,0,2
1322928,16,2,1,1
191704,16,2,2,0
215152,16,2,0,2
1267656,16,2,0,2
728848,16,2,2,0
483904,16,2,1,1
35416,16,2,0,2
2847200,16,2,2,0
196192,16,2,2,0
146272,16,2,2,0
809272,16,2,1,1
1280736,16,2,1,1
670048,16,2,1,1
427104,16,2,1,1
415128,16,2,0,2
32064,16,2,2,0
313024,16,2,1,1
268696,16,2,1,1
468072,16,2,2,0
1335488,16,2,0,2
393680,16,2,0,2
359952,16,2,1,1
669976,16,2,1,1
758136,16,2,2,0
1574480,16,2,1,1
4778592,16,2,1,1
1181224,16,2,1,1
286104,16,2,1,1
84384,16,2,1,1
2648416,16,2,2,0
137680,16,2,1,1
1836760,16,2,2,0
421824,16,2,2,0
427880,16,2,2,0
343000,16,2,2,0
899624,16,2,2,0
508512,16,2,2,0
2614360,16,2,2,0
464208,16,2,1,1
1874568,16,2,1,1
122696,16,2,0,2
250880,16,2,1,1
317304,16,2,2,0
206840,16,2,2,0
201024,16,2,1,1
586504,16,2,1,1
433256,16,2,0,2
1545568,16,2,1,1
747368,16,2,0,2
682928,16,2,1,1
840968,16,2,2,0
65200,16,2,1,1
792448,16,2,0,2
2255208,16,2,1,1
255656,16,2,2,0
316864,16,2,1,1
665040,16,2,1,1
242720,16,2,0,2
795728,16,2,0,2
1100016,16,2,1,1
7353944,16,2,0,2
642192,16,2,2,0
2007360,16,2,1,1
1164968,16,2,1,1
6828048,16,2,1,1
1274448,16,2,0,2
240584,16,2,2,0
929416,16,2,1,1
387576,16,2,1,1
3236336,16,2,1,1
2833248,16,2,1,1
8031704,16,2,1,1
215800,16,2,1,1
1404472,16,2,1,1
962648,16,2,1,1
123952,16,2,2,0
934832,16,2,2,0
88736,16,2,1,1
147368,16,2,1,1
893856,16,2,1,1
352256,16,2,0,2
3847800,16,2,0,2
300880,16,2,0,2
366824,16,2,2,0
1361640,16,2,1,1
698368,16,2,0,2
698416,16,2,1,1
940952,16,2,1,1
425744,16,2,1,1
3155752,16,2,2,0
352056,16,2,0,2
557176,16,2,1,1
844320,16,2,2,0
826408,16,2,0,2
3630552,16,2,2,0
373864,16,2,0,2
204888,16,2,2,0
282120,16,2,1,1
427472,16,2,0,2
2707128,16,2,1,1
4247448,16,2,2,0
107792,16,2,0,2
202080,16,2,1,1
1818640,16,2,1,1
347880,16,2,0,2
613768,16,2,0,2
1152952,16,2,1,1
4096160,16,2,1,1
217520,16,2,1,1
201168,16,2,0,2
354800,16,2,0,2
553144,16,2,1,1
771752,16,2,0,2
2286288,16,2,1,1
1873696,16,2,2,0
881056,16,2,0,2
266640,16,2,1,1
618056,16,2,1,1
214304,16,2,1,1
556088,16,2,2,0
743112,16,2,1,1
127840,16,2,0,2
227464,16,2,0,2
564936,16,2,1,1
164312,16,2,1,1
341784,16,2,2,0
5836568,16,2,2,0
1200592,16,2,1,1
202728,16,2,2,0
159520,16,2,1,1
561176,16,2,1,1
1658592,16,2,1,1
144368,16,2,1,1
642704,16,2,1,1
1934384,16,2,1,1
848552,16,2,2,0
357160,16,2,1,1
1149352,16,2,2,0
401320,16,2,1,1
605288,16,2,0,2
191976,16,2,2,0
153752,16,2,0,2
215112,16,2,1,1
2893744,16,2,1,1
1765904,16,2,1,1
934496,16,2,0,2
325504,16,2,1,1
1241808,16,2,1,1
513824,16,2,0,2
273480,16,2,2,0
383688,16,2,0,2
369240,16,2,1,1
2116720,16,2,1,1
567496,16,2,1,1
711120,16,2,1,1
1168768,16,2,1,1
674232,16,2,2,0
853408,16,2,2,0
1534752,16,2,2,0
304912,16,2,2,0
545064,16,2,2,0
276392,16,2,1,1
1183744,16,2,1,1
3149344,16,2,2,0
395584,16,2,1,1
1301928,16,2,1,1
250856,16,2,1,1
1038512,16,2,1,1
624032,16,2,2,0
109640,16,2,0,2
400352,16,2,0,2
262400,16,2,0,2
176800,16,2,1,1
883480,16,2,1,1
348640,16,2,1,1
143240,16,2,2,0
182088,16,2,0,2
248328,16,2,1,1
639680,16,2,2,0
374912,16,2,1,1
1244440,16,2,1,1
5119688,16,2,0,2
2065672,16,2,1,1
228344,16,2,1,1
99280,16,2,0,2
2150520,16,2,1,1
717600,16,2,1,1
448704,16,2,1,1
205960,16,2,1,1
7511984,16,2,2,0
203184,16,2,0,2
571904,16,2,0,2
1686568,16,2,0,2
127568,16,2,0,2
2261960,16,2,0,2
378880,16,2,1,1
246792,16,2,0,2
703456,16,2,2,0
273000,16,2,1,1
626776,16,2,1,1
235768,16,2,0,2
485696,16,2,2,0
3403224,16,2,2,0
55240,16,2,2,0
506840,16,2,2,0
651448,16,2,2,0
5071736,16,2,2,0
6655216,16,2,0,2
878816,16,2,2,0
140312,16,2,1,1
60856,16,2,1,1
1436592,16,2,2,0
129824,16,2,0,2
749208,16,2,1,1
1289816,16,2,1,1
537792,16,2,0,2
198648,16,2,1,1
912056,16,2,1,1
2185648,16,2,1,1
313448,16,2,0,2
115144,16,2,1,1
231184,16,2,1,1
7438456,16,2,0,2
1434800,16,2,2,0
163616,16,2,1,1
434288,16,2,2,0
5105592,16,2,1,1
186944,16,2,0,2
221136,16,2,2,0
3064768,16,2,1,1
110032,16,2,2,0
453224,16,2,1,1
118120,16,2,1,1
143616,16,2,1,1
4167848,16,2,1,1
1580792,16,2,2,0
660704,16,2,1,1
416976,16,2,2,0
391320,16,2,2,0
629576,16,2,0,2
5661720,16,2,0,2
6366152,16,2,1,1
850864,16,2,1,1
1489560,16,2,2,0
1617696,16,2,1,1
2074504,16,2,1,1
570520,16,2,1,1
419024,16,2,1,1
228168,16,2,0,2
503256,16,2,1,1
147168,16,2,2,0
5394656,16,2,1,1
403704,16,2,1,1
64824,16,2,2,0
4692608,16,2,1,1
870800,16,2,0,2
183136,16,2,1,1
154312,16,2,1,1
491408,16,2,0,2
1221432,16,2,2,0
1290840,16,2,1,1
613072,16,2,1,1
468160,16,2,0,2
83352,16,2,1,1
284248,16,2,0,2
607192,16,2,1,1
486000,16,2,1,1
242880,16,2,2,0
113848,16,2,0,2
56392,16,2,1,1
441904,16,2,0,2
5231904,16,2,1,1
340592,16,2,0,2
368792,16,2,1,1
152976,16,2,1,1
1116432,16,2,1,1
3133888,16,2,1,1
1335960,16,2,1,1
147800,16,2,2,0
242896,16,2,2,0
2964808,16,2,1,1
207984,16,2,0,2
220760,16,2,2,0
319600,16,2,1,1
318912,16,2,1,1
136888,16,2,1,1
232368,16,2,2,0
128168,16,2,1,1
5294712,16,2,1,1
7667184,16,2,0,2
630032,16,2,0,2
2107128,16,2,0,2
437248,16,2,2,0
6273632,16,2,1,1
250032,16,2,1,1
288168,16,2,1,1
105544,16,2,1,1
291448,16,2,1,1
2076728,16,2,0,2
185976,16,2,1,1
127240,16,2,1,1
981120,16,2,0,2
234512,16,2,1,1
653760,16,2,0,2
217392,16,2,0,2
921224,16,2,1,1
3571000,16,2,1,1
2200896,16,2,0,2
1695456,16,2,1,1
2227768,16,2,1,1
1064408,16,2,2,0
2063504,16,2,2,0
355840,16,2,2,0
602208,16,2,1,1
867784,16,2,1,1
283432,16,2,1,1
577304,16,2,1,1
467016,16,2,1,1
153080,16,2,0,2
630352,16,2,0,2
299336,16,2,2,0
226504,16,2,1,1
459456,16,2,0,2
527752,16,2,1,1
76144,16,2,0,2
824856,16,2,0,2
929544,16,2,1,1
688728,16,2,0,2
726904,16,2,2,0
126760,16,2,2,0
184728,16,2,2,0
552232,16,2,2,0
174816,16,2,1,1
318752,16,2,2,0
446360,16,2,1,1
898792,16,2,0,2
120512,16,2,2,0
2061168,16,2,1,1
2161832,16,2,0,2
276152,16,2,0,2
3790912,16,2,1,1
707840,16,2,0,2
409624,16,2,0,2
1284136,16,2,1,1
789816,16,2,2,0
216832,16,2,2,0
557688,16,2,1,1
1676160,16,2,2,0
183848,16,2,2,0
336584,16,2,2,0
549280,16,2,1,1
445384,16,2,2,0
1820312,16,2,2,0
151064,16,2,1,1
648344,16,2,0,2
375208,16,2,1,1
171064,16,2,0,2
944240,16,2,1,1
207848,16,2,0,2
274000,16,2,0,2
193832,16,2,2,0
313248,16,2,1,1
115040,16,2,2,0
107664,16,2,1,1
269176,16,2,0,2
310752,16,2,1,1
222112,16,2,0,2
369776,16,2,2,0
181152,16,2,0,2
663784,16,2,1,1
6069936,16,2,0,2
918040,16,2,1,1
417600,16,2,1,1
838232,16,2,2,0
296960,16,2,1,1
2702592,16,2,1,1
828496,16,2,0,2
249520,16,2,0,2
112200,16,2,1,1
374720,16,2,2,0
73176,16,2,1,1
804272,16,2,1,1
1211824,16,2,2,0
831944,16,2,2,0
240568,16,2,1,1
4459360,16,2,2,0
3948592,16,2,2,0
272288,16,2,1,1
715208,16,2,0,2
3861680,16,2,1,1
592472,16,2,1,1
4355592,16,2,1,1
523656,16,2,0,2
340344,16,2,2,0
1407432,16,2,0,2
3533184,16,2,0,2
773928,16,2,1,1
2726888,16,2,2,0
739152,16,2,0,2
134992,16,2,1,1
89608,16,2,2,0
1304032,16,2,2,0
284000,16,2,2,0
4829640,16,2,2,0
676856,16,2,1,1
210448,16,2,1,1
70344,16,2,1,1
811152,16,2,2,0
746568,16,2,0,2
2628936,16,2,1,1
1084344,16,2,2,0
422688,16,2,2,0
2607672,16,2,2,0
1047160,16,2,1,1
87408,16,2,1,1
2523352,16,2,0,2
4350960,16,2,0,2
326936,16,2,0,2
282088,16,2,1,1
608320,16,2,2,0
614680,16,2,1,1
665336,16,2,2,0
515744,16,2,1,1
1340712,16,2,2,0
407176,16,2,1,1
371832,16,2,1,1
5621208,16,2,1,1
5755656,16,2,1,1
380920,16,2,1,1
568736,16,2,1,1
312880,16,2,1,1
1009816,16,2,2,0
1801512,16,2,0,2
442944,16,2,2,0
1304680,16,2,1,1
158904,16,2,2,0
525208,16,2,1,1
136200,16,2,0,2
381632,16,2,1,1
913664,16,2,0,2
312552,16,2,2,0
618792,16,2,1,1
530672,16,2,1,1
236424,16,2,0,2
417224,16,2,2,0
2051936,16,2,0,2
289776,16,2,1,1
583464,16,2,1,1
87992,16,2,1,1
2900488,16,2,1,1
63760,16,2,1,1
223720,16,2,0,2
177424,16,2,2,0
210088,16,2,1,1
2067472,16,2,1,1
351056,16,2,1,1
2312408,16,2,1,1
285792,16,2,2,0
166904,16,2,0,2
1872096,16,2,1,1
384552,16,2,0,2
866808,16,2,1,1
398504,16,2,1,1
7335296,16,2,2,0
677064,16,2,1,1
166320,16,2,2,0
377176,16,2,1,1
117248,16,2,1,1
175856,16,2,2,0
209472,16,2,1,1
916432,16,2,2,0
1908752,16,2,0,2
363120,16,2,0,2
1094280,16,2,1,1
250048,16,2,1,1
2111184,16,2,2,0
90048,16,2,2,0
1491408,16,2,1,1
92968,16,2,1,1
1091016,16,2,1,1
338560,16,2,1,1
228256,16,2,1,1
1687272,16,2,1,1
488016,16,2,2,0
333336,16,2,1,1
479856,16,2,1,1
758384,16,2,2,0
163888,16,2,1,1
69344,16,2,1,1
1446392,16,2,2,0
522424,16,2,1,1
179216,16,2,1,1
97872,16,2,0,2
649080,16,2,1,1
688080,16,2,1,1
360552,16,2,0,2
341624,16,2,1,1
489680,16,2,1,1
266960,16,2,2,0
144768,16,2,1,1
354160,16,2,1,1
1926608,16,2,2,0
378936,16,2,1,1
413328,16,2,2,0
210912,16,2,0,2
3553552,16,2,0,2
4867608,16,2,0,2
305984,16,2,1,1
188928,16,2,1,1
826632,16,2,0,2
756704,16,2,0,2
192496,16,2,1,1
332224,16,2,0,2
7041136,16,2,2,0
486280,16,2,1,1
4691872,16,2,0,2
295608,16,2,0,2
716488,16,2,1,1
245128,16,2,1,1
882344,16,2,1,1
317792,16,2,1,1
302008,16,2,2,0
245848,16,2,1,1
660568,16,2,0,2
558672,16,2,0,2
272808,16,2,2,0
1185264,17,2,1,1
70672,17,2,2,0
679096,17,2,1,1
201088,17,2,2,0
643584,17,2,1,1
1308160,17,2,2,0
337424,17,2,2,0
1029272,17,2,2,0
177408,17,2,0,2
102928,17,2,1,1
1973472,17,2,1,1
1272696,17,2,1,1
2838040,17,2,1,1
2967832,17,2,1,1
299640,17,2,1,1
67024,17,2,0,2
56000,17,2,1,1
2993616,17,2,0,2
433264,17,2,1,1
1873816,17,2,2,0
383344,17,2,2,0
958704,17,2,1,1
1614424,17,2,0,2
211280,17,2,1,1
51208,17,2,2,0
644584,17,2,1,1
915152,17,2,1,1
4487992,17,2,1,1
1864664,17,2,1,1
703376,17,2,1,1
382416,17,2,1,1
270872,17,2,1,1
5921440,17,2,1,1
267480,17,2,0,2
887352,17,2,1,1
6317032,17,2,1,1
627184,17,2,1,1
546936,17,2,2,0
304800,17,2,0,2
7298456,17,2,1,1
3362464,17,2,1,1
907480,17,2,2,0
275096,17,2,1,1
2097712,17,2,2,0
274832,17,2,2,0
3813424,17,2,1,1
261240,17,2,1,1
7059864,17,2,2,0
205016,17,2,1,1
316640,17,2,0,2
551376,17,2,0,2
3709336,17,2,1,1
2410072,17,2,1,1
689312,17,2,1,1
204632,17,2,0,2
276120,17,2,2,0
2941152,17,2,2,0
7757512,17,2,0,2
934944,17,2,1,1
171320,17,2,0,2
932912,17,2,0,2
487504,17,2,2,0
1140408,17,2,2,0
1936600,17,2,1,1
710024,17,2,1,1
451072,17,2,1,1
183448,17,2,2,0
1534920,17,2,1,1
455848,17,2,1,1
381496,17,2,0,2
1129888,17,2,1,1
347632,17,2,0,2
181280,17,2,1,1
397976,17,2,1,1
2903776,17,2,2,0
383296,17,2,1,1
938744,17,2,2,0
232720,17,2,1,1
619688,17,2,0,2
1207272,17,2,1,1
394552,17,2,0,2
6370664,17,2,2,0
1554288,17,2,1,1
807832,17,2,1,1
137408,17,2,1,1
1335536,17,2,1,1
827216,17,2,2,0
1585760,17,2,0,2
385904,17,2,0,2
654232,17,2,1,1
97296,17,2,1,1
462296,17,2,1,1
567104,17,2,2,0
1648040,17,2,1,1
706440,17,2,2,0
3094048,17,2,0,2
3883368,17,2,0,2
3878888,17,2,2,0
886664,17,2,1,1
1181816,17,2,1,1
289768,17,2,1,1
306720,17,2,0,2
536544,17,2,2,0
2835768,17,2,1,1
671096,17,2,2,0
2654728,17,2,2,0
353200,17,2,1,1
346504,17,2,0,2
429040,17,2,0,2
1719336,17,2,1,1
6684472,17,2,0,2
152072,17,2,1,1
7750504,17,2,1,1
539248,17,2,2,0
881304,17,2,2,0
745984,17,2,1,1
439216,17,2,1,1
637272,17,2,1,1
4335552,17,2,1,1
282568,17,2,1,1
1663344,17,2,1,1
590376,17,2,2,0
1235928,17,2,1,1
614240,17,2,0,2
508080,17,2,2,0
466496,17,2,1,1
412720,17,2,0,2
1984768,17,2,1,1
791432,17,2,1,1
910280,17,2,2,0
394192,17,2,0,2
1360744,17,2,1,1
170888,17,2,1,1
2246512,17,2,1,1
597832,17,2,1,1
1092696,17,2,2,0
186840,17,2,0,2
951064,17,2,2,0
74080,17,2,1,1
441400,17,2,2,0
709848,17,2,0,2
386168,17,2,1,1
474608,17,2,0,2
363312,17,2,0,2
200608,17,2,1,1
397664,17,2,1,1
131648,17,2,1,1
3122368,17,2,1,1
126024,17,2,1,1
276664,17,2,1,1
283544,17,2,0,2
2071304,17,2,0,2
1452688,17,2,1,1
416448,17,2,0,2
4843344,17,2,2,0
270576,17,2,2,0
1413024,17,2,1,1
3271232,17,2,0,2
374320,17,2,2,0
735016,17,2,2,0
3376408,17,2,1,1
178816,17,2,0,2
823696,17,2,1,1
160744,17,2,1,1
475736,17,2,1,1
323544,17,2,1,1
348992,17,2,2,0
360136,17,2,0,2
7419256,17,2,1,1
2536072,17,2,1,1
223712,17,2,1,1
285608,17,2,2,0
902640,17,2,1,1
1621728,17,2,1,1
387880,17,2,1,1
639776,17,2,2,0
131176,17,2,1,1
119680,17,2,1,1
112168,17,2,2,0
2877872,17,2,1,1
1014968,17,2,1,1
179320,17,2,2,0
1847304,17,2,1,1
275568,17,2,1,1
700656,17,2,1,1
2023280,17,2,1,1
241104,17,2,0,2
173640,17,2,2,0
96984,17,2,1,1
445400,17,2,1,1
150040,17,2,0,2
668480,17,2,1,1
941376,17,2,0,2
3048048,17,2,1,1
369232,17,2,1,1
232176,17,2,1,1
806840,17,2,1,1
417168,17,2,1,1
429704,17,2,2,0
1353568,17,2,1,1
600456,17,2,0,2
274040,17,2,1,1
2628872,17,2,0,2
267448,17,2,0,2
2482184,17,2,1,1
221280,17,2,1,1
2467744,17,2,1,1
430960,17,2,1,1
257520,17,2,0,2
233848,17,2,2,0
2868848,17,2,1,1
271400,17,2,0,2
242960,17,2,2,0
328080,17,2,1,1
3508528,17,2,2,0
499712,17,2,1,1
2014464,17,2,0,2
1601712,17,2,2,0
259776,17,2,1,1
1004568,17,2,1,1
493664,17,2,1,1
168384,17,2,2,0
1243400,17,2,1,1
318672,17,2,1,1
525104,17,2,0,2
149992,17,2,0,2
5863624,17,2,0,2
622520,17,2,2,0
4279856,17,2,1,1
2376144,17,2,0,2
4707952,17,2,1,1
432736,17,2,0,2
566568,17,2,0,2
154600,17,2,0,2
1677920,17,2,0,2
491512,17,2,1,1
3143384,17,2,2,0
692224,17,2,2,0
238904,17,2,1,1
141680,17,2,2,0
484392,17,2,0,2
438936,17,2,2,0
276296,17,2,0,2
853568,17,2,0,2
77760,17,2,0,2
2797216,17,2,1,1
193392,17,2,1,1
3729472,17,2,1,1
520760,17,2,1,1
615744,17,2,1,1
998896,17,2,2,0
185760,17,2,0,2
371176,17,2,2,0
279512,17,2,0,2
500032,17,2,0,2
477512,17,2,2,0
6134328,17,2,1,1
196680,17,2,1,1
483552,17,2,1,1
134352,17,2,0,2
396712,17,2,1,1
2282472,17,2,0,2
273896,17,2,0,2
93736,17,2,1,1
241376,17,2,0,2
323808,17,2,1,1
5007880,17,2,1,1
1402640,17,2,0,2
82016,17,2,1,1
3611232,17,2,1,1
162344,17,2,1,1
579952,17,2,1,1
5475440,17,2,0,2
3677144,17,2,2,0
820672,17,2,1,1
175568,17,2,1,1
253408,17,2,2,0
2300648,17,2,1,1
2360400,17,2,1,1
240088,17,2,0,2
348736,17,2,1,1
395928,17,2,0,2
1021736,17,2,2,0
231928,17,2,1,1
1139856,17,2,0,2
469160,17,2,1,1
300168,17,2,2,0
805152,17,2,1,1
428856,17,2,2,0
6889800,17,2,1,1
2967152,17,2,2,0
305376,17,2,2,0
52400,17,2,1,1
2552944,17,2,2,0
477360,17,2,0,2
3678336,17,2,1,1
476024,17,2,1,1
3606496,17,2,1,1
1418104,17,2,2,0
1276280,17,2,2,0
381816,17,2,2,0
1422864,17,2,0,2
3303752,17,2,1,1
822064,17,2,1,1
2031472,17,2,1,1
6548000,17,2,1,1
555456,17,2,0,2
634552,17,2,0,2
1329872,17,2,2,0
700160,17,2,0,2
1579384,17,2,1,1
448480,17,2,1,1
103984,17,2,1,1
709592,17,2,1,1
1384136,17,2,1,1
164488,17,2,1,1
2101576,17,2,1,1
569944,17,2,2,0
4157392,17,2,1,1
539968,17,2,1,1
1333424,17,2,0,2
168792,17,2,2,0
231032,17,2,0,2
48520,17,2,0,2
431000,17,2,1,1
6403496,17,2,1,1
201208,17,2,1,1
696752,17,2,0,2
867992,17,2,1,1
920008,17,2,2,0
2111856,17,2,0,2
943456,17,2,1,1
190024,17,2,0,2
588720,17,2,1,1
347512,17,2,1,1
3434536,17,2,2,0
514736,17,2,1,1
703152,17,2,1,1
2848064,17,2,1,1
970552,17,2,1,1
1714224,17,2,2,0
226736,17,2,2,0
721008,17,2,1,1
4064552,17,2,0,2
625744,17,2,1,1
115176,17,2,1,1
318800,17,2,2,0
165928,17,2,1,1
652536,17,2,1,1
638496,17,2,0,2
84608,17,2,0,2
516600,17,2,0,2
2515616,17,2,0,2
1090160,17,2,0,2
7247264,17,2,1,1
578376,17,2,0,2
189112,17,2,0,2
302128,17,2,2,0
217552,17,2,1,1
528536,17,2,1,1
996904,17,2,0,2
6905768,17,2,2,0
126408,17,2,0,2
4461112,17,2,1,1
339328,17,2,2,0
469312,17,2,1,1
886848,17,2,2,0
2220528,17,2,2,0
51856,17,2,2,0
164592,17,2,1,1
1488304,17,2,1,1
628040,17,2,2,0
1081312,17,2,2,0
481072,17,2,1,1
687000,17,2,1,1
362864,17,2,2,0
448576,17,2,2,0
286280,17,2,1,1
320720,17,2,2,0
954008,17,2,0,2
1095792,17,2,0,2
568152,17,2,1,1
1221528,17,2,2,0
348456,17,2,2,0
1811656,17,2,1,1
272672,17,2,1,1
346752,17,2,0,2
110240,17,2,2,0
533968,17,2,1,1
370712,17,2,0,2
435984,17,2,0,2
393248,17,2,1,1
1036792,17,2,1,1
2157448,17,2,2,0
4561080,17,2,1,1
316488,17,2,2,0
786464,17,2,2,0
1168784,17,2,0,2
1160464,17,2,2,0
2899080,17,2,0,2
1054240,17,2,1,1
277608,17,2,2,0
299112,17,2,1,1
729624,17,2,1,1
1497840,17,2,2,0
553296,17,2,1,1
434552,17,2,2,0
294536,17,2,2,0
539296,17,2,1,1
644208,17,2,2,0
549536,17,2,0,2
4952728,17,2,1,1
225512,17,2,2,0
1775216,17,2,0,2
1572824,17,2,2,0
901320,17,2,2,0
168544,17,2,1,1
199544,17,2,2,0
1193856,17,2,0,2
1767104,17,2,0,2
5018968,17,2,1,1
850272,17,2,1,1
495264,17,2,0,2
5838824,17,2,1,1
7589656,17,2,1,1
308088,17,2,2,0
64384,17,2,2,0
301360,17,2,0,2
3048368,17,2,1,1
3590208,17,2,1,1
2170480,17,2,0,2
274728,17,2,1,1
99984,17,2,2,0
1634088,17,2,0,2
127392,17,2,1,1
1633264,17,2,1,1
2083168,17,2,0,2
1056320,17,2,1,1
78040,17,2,0,2
85704,17,2,0,2
1743624,17,2,2,0
1162096,17,2,1,1
580760,17,2,1,1
544432,17,2,2,0
3184040,17,2,2,0
118584,17,2,1,1
2463040,17,2,0,2
948104,17,2,1,1
769072,17,2,2,0
623816,17,2,1,1
616856,17,2,1,1
1231528,17,2,1,1
377976,17,2,2,0
216856,17,2,0,2
1069480,17,2,0,2
186776,17,2,1,1
2747112,17,2,1,1
1062600,17,2,0,2
682016,17,2,0,2
1767664,17,2,0,2
496112,17,2,1,1
347032,17,2,1,1
715856,17,2,0,2
567272,17,2,2,0
1076896,17,2,0,2
617248,17,2,2,0
403904,17,2,1,1
2344288,17,2,0,2
1666576,17,2,1,1
468872,17,2,0,2
836208,17,2,0,2
85432,17,2,0,2
795248,17,2,1,1
2160520,17,2,0,2
70656,17,2,1,1
873896,17,2,1,1
2004688,17,2,2,0
3443248,17,2,1,1
491072,17,2,1,1
179288,17,2,2,0
584032,17,2,2,0
231240,17,2,0,2
292136,17,2,1,1
493936,17,2,1,1
430760,17,2,2,0
666776,17,2,2,0
1030440,17,2,2,0
1404224,17,2,1,1
5253224,17,2,0,2
686008,17,2,0,2
413416,17,2,2,0
817744,17,2,2,0
1656256,17,2,1,1
353584,17,2,2,0
506608,17,2,0,2
687896,17,2,0,2
243968,17,2,1,1
274824,17,2,1,1
59640,17,2,0,2
220464,17,2,1,1
5846272,17,2,0,2
2547008,17,2,1,1
184952,17,2,0,2
3483392,17,2,1,1
508200,17,2,1,1
355896,17,2,1,1
2037656,17,2,2,0
279744,17,2,1,1
6316728,17,2,1,1
150064,17,2,0,2
185928,17,2,0,2
609080,17,2,1,1
817560,17,2,2,0
1513096,17,2,0,2
383616,17,2,1,1
143000,17,2,0,2
237368,17,2,1,1
547448,17,2,2,0
149096,17,2,2,0
207048,17,2,1,1
2526560,17,2,2,0
1138936,17,2,2,0
245360,17,2,0,2
202392,17,2,0,2
606304,17,2,2,0
2956256,17,2,1,1
238832,17,2,1,1
571440,17,2,1,1
117176,17,2,0,2
3399128,17,2,1,1
3270936,17,2,2,0
402824,17,2,2,0
317104,17,2,1,1
395128,17,2,1,1
3705096,17,2,1,1
548552,17,2,0,2
228688,17,2,1,1
748416,17,2,0,2
592456,17,2,1,1
793272,17,2,0,2
255080,17,2,1,1
665528,17,2,0,2
634528,17,2,1,1
2388144,17,2,1,1
745776,17,2,1,1
440512,17,2,1,1
252168,17,2,1,1
327520,17,2,0,2
2354392,17,2,0,2
216056,17,2,1,1
2751216,17,2,0,2
85400,17,2,1,1
318080,17,2,0,2
516480,17,2,1,1
396784,17,2,1,1
262896,17,2,2,0
8051768,17,2,1,1
1612576,17,2,1,1
267024,17,2,2,0
5792264,17,2,1,1
108336,17,2,1,1
3507336,17,2,2,0
76760,17,2,2,0
218936,17,2,2,0
285112,17,2,1,1
195736,17,2,0,2
419584,17,2,2,0
557632,17,2,0,2
143544,17,2,0,2
6024448,17,2,2,0
533808,17,2,1,1
4565432,17,2,2,0
565040,17,2,1,1
2368448,17,2,1,1
356088,17,2,1,1
77920,17,2,0,2
410936,17,2,0,2
736160,17,2,0,2
150144,17,2,0,2
1267424,17,2,0,2
107920,17,2,2,0
356808,17,2,2,0
1631288,17,2,2,0
427440,17,2,0,2
436392,17,2,2,0
1359224,17,2,1,1
112320,17,2,2,0
350784,17,2,1,1
2480064,17,2,0,2
898800,17,2,1,1
360216,17,2,0,2
403888,17,2,1,1
2932232,17,2,1,1
141136,17,2,1,1
1525136,17,2,0,2
1310920,17,2,0,2
547952,17,2,1,1
3010944,17,2,2,0
5252496,17,2,1,1
840168,17,2,2,0
394096,17,2,1,1
1204104,17,2,0,2
1017152,17,2,1,1
742520,17,2,0,2
6599864,17,2,1,1
6747000,17,2,0,2
1081728,17,2,1,1
1306288,17,2,2,0
2385344,17,2,1,1
203752,17,2,0,2
904120,17,2,1,1
2844832,17,2,2,0
782352,17,2,1,1
2514400,17,2,1,1
271136,17,2,1,1
280720,17,2,1,1
503728,17,2,1,1
146712,17,2,2,0
6886616,17,2,2,0
4907448,17,2,2,0
741608,17,2,1,1
3321640,17,2,1,1
885208,17,2,2,0
610656,17,2,1,1
497528,17,2,1,1
1002768,17,2,0,2
320504,17,2,1,1
117648,17,2,1,1
142408,17,2,1,1
531048,17,2,0,2
1716280,17,2,0,2
172808,17,2,1,1
213880,17,2,1,1
761056,17,2,1,1
354240,17,2,1,1
599224,17,2,1,1
106944,17,2,0,2
179296,17,2,1,1
4971128,17,2,0,2
230952,17,2,0,2
3423504,17,2,2,0
217112,17,2,0,2
2233616,17,2,1,1
251880,17,2,1,1
565648,17,2,1,1
1128584,17,2,0,2
1140128,17,2,2,0
2285360,17,2,0,2
3372424,17,2,2,0
7729928,17,2,1,1
849320,17,2,1,1
759544,17,2,0,2
222560,17,2,1,1
1028672,17,2,1,1
1821568,17,2,2,0
2202784,17,2,1,1
615384,17,2,0,2
315336,17,2,2,0
204976,17,2,1,1
1267512,17,2,0,2
902896,17,2,2,0
455336,17,2,1,1
665608,17,2,2,0
130648,17,2,0,2
122816,17,2,1,1
4780120,17,2,1,1
291368,17,2,1,1
1192728,17,2,1,1
243792,17,2,1,1
230464,17,2,1,1
698520,17,2,2,0
238960,17,2,2,0
976576,17,2,1,1
273352,17,2,1,1
1018744,17,2,0,2
373528,17,2,0,2
797600,17,2,0,2
440768,17,2,1,1
226088,17,2,1,1
1970224,17,2,1,1
50552,17,2,2,0
325432,17,2,1,1
1143952,17,2,2,0
301408,17,2,0,2
349576,17,2,0,2
156432,17,2,1,1
238624,17,2,2,0
140496,17,2,1,1
317512,17,2,2,0
1527320,17,2,1,1
379008,17,2,2,0
2617776,17,2,0,2
2780488,17,2,0,2
1282192,17,2,0,2
1400104,17,2,1,1
386568,17,2,2,0
417240,17,2,0,2
4571472,17,2,2,0
7234488,17,2,1,1
1471616,17,2,1,1
435040,17,2,0,2
895216,17,2,0,2
1415000,17,2,1,1
5858240,17,2,0,2
812776,17,2,0,2
832520,17,2,2,0
223520,17,2,0,2
197416,17,2,0,2
2526792,17,2,2,0
2370680,17,2,1,1
1476528,17,2,0,2
88712,17,2,1,1
5757664,17,2,1,1
1969272,17,2,0,2
3639272,17,2,1,1
1186736,17,2,1,1
5654520,17,2,1,1
801568,17,2,2,0
1830912,17,2,1,1
155552,17,2,0,2
222864,17,2,2,0
185616,17,2,1,1
1922592,17,2,1,1
296512,17,2,2,0
1440072,17,2,1,1
1474952,17,2,1,1
362432,17,2,1,1
295160,17,2,0,2
1183720,17,2,2,0
448624,17,2,1,1
1021792,17,2,1,1
414120,17,2,0,2
387832,17,2,1,1
255152,17,2,0,2
726464,17,2,1,1
714032,17,2,0,2
105400,17,2,1,1
599728,17,2,1,1
66672,17,2,1,1
274424,17,2,1,1
854464,17,2,1,1
1148320,17,2,1,1
5197632,17,2,2,0
1919320,17,2,0,2
2313256,17,2,1,1
244912,17,2,1,1
1258560,17,2,1,1
729768,17,2,0,2
3054560,17,2,1,1
251120,17,2,1,1
455472,17,2,2,0
849424,17,2,1,1
2809144,17,2,1,1
2256160,17,2,1,1
56720,17,2,0,2
616376,17,2,1,1
927192,17,2,1,1
423792,17,2,1,1
98504,17,2,2,0
3331448,17,2,2,0
4755408,17,2,1,1
164664,17,2,1,1
442960,17,2,1,1
611128,17,2,1,1
365240,17,2,1,1
2755504,17,2,1,1
100008,17,2,2,0
182008,17,2,2,0
241056,17,2,2,0
167368,17,2,1,1
1908608,17,2,1,1
854256,17,2,1,1
1186976,17,2,1,1
395576,17,2,2,0
1279176,17,2,2,0
722904,17,2,2,0
1309704,17,2,2,0
2774344,17,2,2,0
303160,17,2,1,1
1433400,17,2,2,0
208384,17,2,0,2
1167056,17,2,1,1
1859664,17,2,1,1
255928,17,2,1,1
564776,17,2,1,1
449432,17,2,1,1
6477464,17,2,2,0
1495200,17,2,1,1
439824,17,2,1,1
572016,17,2,1,1
3019600,17,2,0,2
437432,17,2,1,1
97336,17,2,1,1
689680,17,2,2,0
2579096,17,2,2,0
396352,17,2,0,2
290864,17,2,2,0
620088,17,2,1,1
1383864,17,2,1,1
370536,17,2,1,1
88400,17,2,2,0
125920,17,2,1,1
86200,17,2,1,1
2532648,17,2,0,2
6131728,17,2,1,1
145112,17,2,0,2
5552040,17,2,1,1
178992,17,2,1,1
3089160,17,2,2,0
188696,17,2,0,2
1106488,17,2,1,1
448528,17,2,2,0
4744120,17,2,1,1
190168,17,2,1,1
738792,17,2,0,2
488176,17,2,2,0
325848,17,2,1,1
262640,17,2,0,2
406480,17,2,1,1
3800488,17,2,1,1
937792,17,2,2,0
664008,17,2,1,1
308152,17,2,0,2
301072,17,2,1,1
472112,17,2,1,1
230608,17,2,2,0
671680,17,2,2,0
1026480,17,2,1,1
598480,17,2,2,0
119240,17,2,2,0
1992488,17,2,1,1
258344,17,2,2,0
708664,17,2,2,0
430720,17,2,2,0
1396136,17,2,2,0
89416,17,2,1,1
5776240,17,2,2,0
183496,17,2,1,1
952160,17,2,0,2
162960,17,2,0,2
171112,17,2,1,1
581232,17,2,1,1
786952,17,2,1,1
234624,17,2,1,1
422720,17,2,1,1
2091944,17,2,0,2
385784,17,2,1,1
148952,17,2,0,2
384320,17,2,2,0
2354664,17,2,1,1
658728,17,2,2,0
2520264,17,2,2,0
936224,17,2,2,0
161504,17,2,1,1
255936,17,2,0,2
196832,17,2,0,2
184032,17,2,2,0
158816,17,2,0,2
573256,17,2,2,0
688736,17,2,2,0
2337312,17,2,1,1
520328,17,2,0,2
198784,17,2,2,0
361688,17,2,2,0
3004656,17,2,1,1
2649992,17,2,1,1
117920,17,2,2,0
3443784,17,2,1,1
4115240,17,2,2,0
1840232,17,2,0,2
456392,17,2,2,0
371744,17,2,0,2
685600,17,2,1,1
4650400,17,2,0,2
211160,17,2,1,1
387216,17,2,0,2
3670832,17,2,0,2
679416,17,2,2,0
175632,17,2,1,1
572840,17,2,1,1
1718128,17,2,0,2
1305144,17,2,1,1
90248,17,2,1,1
2085032,17,2,0,2
467200,17,2,1,1
6691416,17,2,2,0
765760,17,2,2,0
1580440,17,2,1,1
352720,17,2,1,1
178544,17,2,2,0
1756400,17,2,2,0
614712,17,2,2,0
477256,17,2,1,1
2509176,17,2,1,1
125352,17,2,1,1
3796008,17,2,2,0
5650424,17,2,2,0
1966472,17,2,1,1
1754448,17,2,2,0
855104,17,2,1,1
205400,17,2,1,1
967528,17,2,2,0
2283680,17,2,0,2
1194160,17,2,1,1
405968,17,2,2,0
208520,17,2,0,2
119280,17,2,2,0
352312,17,2,2,0
1964640,17,2,1,1
582768,17,2,0,2
498792,17,2,1,1
205800,17,2,1,1
782792,17,2,0,2
5605064,17,2,1,1
380528,17,2,1,1
4270608,17,2,0,2
1806760,17,2,2,0
234864,17,2,1,1
89592,17,2,0,2
4083232,17,2,0,2
753816,17,2,2,0
6455384,17,2,0,2
577552,17,2,0,2
168616,17,2,1,1
764600,17,2,1,1
1062024,17,2,1,1
762984,17,2,1,1
3949344,17,2,1,1
2270232,17,2,1,1
303560,17,2,0,2
414000,17,2,0,2
793776,17,2,2,0
692240,17,2,1,1
4706408,17,2,1,1
1038472,17,2,1,1
937568,17,2,2,0
466232,17,2,1,1
389688,17,2,0,2
2095664,17,2,2,0
579464,17,2,1,1
2990744,17,2,1,1
939360,17,2,1,1
646296,17,2,0,2
1048392,17,2,2,0
519248,17,2,1,1
99456,17,2,0,2
122440,17,2,2,0
1303416,17,2,1,1
125176,17,2,2,0
398768,17,2,1,1
180504,17,2,2,0
131624,17,2,1,1
1162344,17,2,1,1
500944,17,2,2,0
5658376,17,2,1,1
171200,17,2,2,0
608456,17,2,0,2
104464,17,2,0,2
7964376,17,2,2,0
276440,17,2,0,2
468704,17,2,0,2
238272,17,2,1,1
2079376,17,2,2,0
3934672,17,2,0,2
151544,17,2,2,0
137128,17,2,0,2
2190584,17,2,0,2
1640112,17,2,2,0
3636152,17,2,0,2
161808,17,2,2,0
180280,17,2,0,2
2845080,17,2,1,1
1093840,17,2,1,1
537584,17,2,0,2
351576,17,2,1,1
1716792,17,2,1,1
331040,17,2,2,0
452472,17,2,1,1
795040,17,2,1,1
2569976,17,2,1,1
1908624,17,2,2,0
605656,17,2,1,1
781872,17,2,2,0
716344,17,2,1,1
2012648,17,2,1,1
684088,17,2,1,1
495096,17,2,1,1
1863600,17,2,2,0
951944,17,2,2,0
420320,17,2,1,1
245456,17,2,1,1
166096,17,2,0,2
738688,17,2,1,1
300744,17,2,1,1
5929424,17,2,0,2
211384,17,2,1,1
2260352,17,2,1,1
873040,17,2,2,0
6666448,17,2,2,0
359440,17,2,2,0
82400,17,2,2,0
659208,17,2,1,1
1963480,17,2,2,0
516720,17,2,1,1
692256,17,2,0,2
887136,17,2,1,1
947272,17,2,1,1
158648,17,2,1,1
296024,17,2,1,1
255296,17,2,2,0
1642592,17,2,2,0
2126448,17,2,2,0
2892856,17,2,1,1
451984,17,2,0,2
981080,17,2,0,2
3309128,17,2,1,1
1250384,17,2,2,0
1700152,17,2,2,0
330552,17,2,0,2
124392,17,2,1,1
280824,17,2,0,2
87736,17,2,2,0
1410696,17,2,1,1
1452424,17,2,1,1
268560,17,2,2,0
4328944,17,2,0,2
867608,17,2,2,0
241144,17,2,0,2
372384,17,2,1,1
119144,17,2,1,1
139224,17,2,1,1
3228992,17,2,2,0
1171608,17,2,2,0
536648,17,2,1,1
510104,17,2,1,1
440176,17,2,1,1
1189768,17,2,1,1
643064,17,2,2,0
203744,17,2,1,1
3710056,17,2,1,1
913968,17,2,1,1
549488,17,2,2,0
830792,17,2,0,2
8257992,17,2,2,0
1048368,17,2,0,2
2936320,17,2,1,1
323752,17,2,2,0
490632,17,2,1,1
470368,17,2,2,0
172120,17,2,1,1
200856,17,2,1,1
3806216,17,2,1,1
1734944,17,2,1,1
249768,17,2,0,2
5614352,17,2,2,0
775104,17,2,2,0
393736,17,2,1,1
1141392,17,2,1,1
214680,17,2,1,1
3729784,17,2,1,1
1026912,17,2,1,1
2139720,17,2,1,1
112208,17,2,0,2
285320,17,2,1,1
1581584,17,2,0,2
7860840,17,2,1,1
2732856,17,2,1,1
1009840,17,2,1,1
1053752,17,2,0,2
1131016,17,2,2,0
359960,17,2,1,1
235064,17,2,1,1
329920,17,2,0,2
327264,17,2,1,1
571064,17,2,1,1
591424,17,2,2,0
206720,17,2,2,0
66136,17,2,1,1
456400,17,2,1,1
726440,17,2,0,2
1404640,17,2,2,0
225880,17,2,0,2
1111632,17,2,1,1
269856,17,2,1,1
1061592,17,2,0,2
176400,17,2,1,1
433472,17,2,0,2
4892808,17,2,1,1
602560,17,2,2,0
298184,17,2,1,1
249056,17,2,1,1
242120,17,2,1,1
5334288,17,2,1,1
149840,17,2,1,1
2472072,17,2,2,0
1056096,17,2,2,0
1240696,17,2,1,1
1394976,17,2,1,1
856832,17,2,1,1
350168,17,2,0,2
3428104,17,2,0,2
5625856,17,2,1,1
296376,17,2,0,2
248776,17,2,1,1
162584,17,2,0,2
3290904,17,2,0,2
2507384,17,2,2,0
1483656,17,2,0,2
1678016,17,2,1,1
947552,17,2,1,1
2894288,17,2,2,0
7762264,17,2,0,2
1295120,17,2,0,2
2480224,17,2,1,1
56368,17,2,2,0
421144,17,2,2,0
884216,17,2,0,2
708088,17,2,1,1
905992,17,2,1,1
281904,17,2,1,1
259272,17,2,2,0
753488,17,2,1,1
329456,17,2,1,1
263992,17,2,2,0
997096,17,2,0,2
429936,17,2,2,0
918408,17,2,1,1
139888,17,2,1,1
1194616,17,2,1,1
68472,17,2,1,1
367600,17,2,0,2
382600,17,2,2,0
973896,17,2,1,1
2698320,17,2,1,1
1742536,17,2,0,2
271264,17,2,1,1
481512,17,2,0,2
627520,17,2,2,0
291384,17,2,0,2
523184,17,2,1,1
311536,17,2,2,0
3138560,17,2,1,1
143144,17,2,1,1
6141448,17,2,1,1
1060976,17,2,0,2
1230616,17,2,1,1
472304,17,2,2,0
828560,17,2,1,1
121464,17,2,2,0
1903392,17,2,1,1
539792,17,2,1,1
2675984,17,2,1,1
1202016,17,2,1,1
172768,17,2,1,1
239592,17,2,0,2
3280368,17,2,2,0
2483128,17,2,1,1
311272,17,2,1,1
127344,17,2,0,2
2928016,17,2,1,1
1284944,17,2,0,2
1875048,17,2,2,0
464360,17,2,0,2
1511536,17,2,1,1
363064,17,2,0,2
1350048,17,2,1,1
243624,17,2,1,1
109224,17,2,1,1
870880,17,2,1,1
539208,17,2,0,2
1050056,17,2,1,1
328688,17,2,1,1
937544,17,2,2,0
233744,17,2,0,2
4547776,17,2,1,1
522800,17,2,0,2
393240,17,2,1,1
2072456,17,2,1,1
555296,17,2,1,1
208592,17,2,0,2
330400,17,2,0,2
624800,17,2,1,1
161424,17,2,1,1
2382696,17,2,1,1
2513576,17,2,2,0
2544768,17,2,0,2
125256,17,2,2,0
270832,17,2,2,0
931816,17,2,1,1
794440,17,2,2,0
500552,17,2,1,1
327160,17,2,1,1
91496,17,2,1,1
301472,17,2,1,1
287944,17,2,1,1
753416,17,2,2,0
261032,17,2,2,0
845432,17,2,1,1
2971040,17,2,2,0
122632,17,2,1,1
299208,17,2,1,1
183976,17,2,2,0
446432,17,2,2,0
1644968,17,2,0,2
311608,17,2,1,1
3065592,17,2,2,0
92144,17,2,0,2
3370360,17,2,1,1
241672,17,2,1,1
1762544,17,2,0,2
211864,17,2,0,2
7984904,17,2,1,1
140048,17,2,1,1
258896,17,2,2,0
679944,17,2,0,2
2607576,17,2,1,1
279544,17,2,0,2
464008,17,2,2,0
189952,17,2,2,0
1716568,17,2,2,0
1809848,17,2,1,1
849184,17,2,2,0
4672784,17,2,0,2
343720,17,2,0,2
1823808,17,2,1,1
271912,17,2,1,1
242464,17,2,1,1
157520,17,2,1,1
2109248,17,2,2,0
342856,17,2,2,0
549520,17,2,0,2
135496,17,2,1,1
328552,17,2,1,1
799024,17,2,2,0
2235552,17,2,2,0
723560,17,2,1,1
249376,17,2,2,0
532448,17,2,2,0
197120,17,2,2,0
3706384,17,2,1,1
1140064,17,2,1,1
334664,17,2,0,2
561720,17,2,2,0
197344,17,2,0,2
144224,17,2,1,1
864712,17,2,1,1
1911896,17,2,1,1
7513296,17,2,1,1
2713480,17,2,2,0
240160,17,2,0,2
799352,17,2,0,2
219000,17,2,2,0
371720,17,2,2,0
2015792,17,2,2,0
910008,17,2,0,2
451200,17,2,0,2
1004248,17,2,0,2
194952,17,2,1,1
798000,17,2,1,1
177344,17,2,2,0
1608960,17,2,2,0
115408,17,2,2,0
485808,17,2,1,1
556736,17,2,1,1
377408,17,2,1,1
584664,17,2,1,1
664048,17,2,1,1
310520,17,2,2,0
3129472,17,2,0,2
518864,17,2,2,0
576128,17,2,1,1
1242168,17,2,2,0
354488,17,2,0,2
1283656,17,2,1,1
236024,17,2,2,0
675368,17,2,0,2
413640,17,2,1,1
1314160,17,2,2,0
3668848,17,2,2,0
148112,17,2,2,0
127136,17,2,1,1
133896,17,2,2,0
2163000,17,2,0,2
974872,17,2,0,2
228952,17,2,1,1
228848,17,2,2,0
1115760,17,2,2,0
518672,17,2,1,1
214008,17,2,0,2
6550208,17,2,1,1
1527992,17,2,1,1
1070360,17,2,1,1
121184,17,2,2,0
487864,17,2,0,2
4328152,17,2,1,1
194624,17,2,0,2
344360,17,2,1,1
1143120,17,2,0,2
482800,17,2,2,0
371872,17,2,0,2
3361304,17,2,1,1
159688,17,2,0,2
2956200,17,2,2,0
3467960,17,2,1,1
268152,17,2,2,0
133736,17,2,1,1
366888,17,2,1,1
221648,17,2,1,1
1249952,17,2,2,0
466312,17,2,2,0
2684176,17,2,1,1
473200,17,2,2,0
3261240,17,2,2,0
237200,17,2,1,1
417496,17,2,1,1
2098448,17,2,0,2
660224,17,2,2,0
1102392,17,2,1,1
7660024,17,2,1,1
486800,17,2,1,1
183840,17,2,0,2
519736,17,2,1,1
186600,17,2,1,1
189536,17,2,2,0
1047280,17,2,2,0
526448,17,2,1,1
1995152,17,2,1,1
387104,17,2,2,0
689816,17,2,0,2
291504,17,2,2,0
561488,17,2,1,1
562680,17,2,2,0
266072,17,2,1,1
944952,17,2,1,1
257728,17,2,1,1
336168,17,2,1,1
957960,17,2,1,1
133752,17,2,1,1
3212184,17,2,1,1
273584,17,2,0,2
2628696,17,2,1,1
195296,17,2,2,0
1307280,17,2,1,1
123496,17,2,1,1
327688,17,2,0,2
3706680,17,2,1,1
176600,17,2,2,0
1126000,17,2,1,1
785904,17,2,1,1
362272,17,2,1,1
1624968,17,2,1,1
281992,17,2,1,1
1239632,17,2,2,0
630664,17,2,2,0
51224,17,2,2,0
1053320,17,2,1,1
2273928,17,2,1,1
1698920,17,2,1,1
4916128,17,2,0,2
506144,17,2,2,0
7319584,17,2,2,0
624184,17,2,2,0
144992,17,2,1,1
987232,17,2,1,1
5803632,17,2,1,1
199856,17,2,2,0
256896,17,2,1,1
4934472,17,2,1,1
155472,17,2,1,1
1420928,17,2,2,0
241240,17,2,1,1
202704,17,2,1,1
2781328,17,2,1,1
281792,17,2,0,2
884696,17,2,1,1
1054264,17,2,0,2
2543920,17,2,1,1
799608,17,2,1,1
97424,17,2,2,0
181776,17,2,1,1
2806552,17,2,0,2
158952,17,2,1,1
124600,17,2,2,0
428360,17,2,1,1
190888,17,2,2,0
413944,17,2,1,1
596968,17,2,2,0
192232,17,2,1,1
1724184,17,2,1,1
675504,17,2,1,1
210768,17,2,2,0
611136,17,2,0,2
138240,17,2,1,1
214816,17,2,1,1
2551144,17,2,2,0
719328,17,2,1,1
544240,17,2,1,1
278080,17,2,2,0
662944,17,2,0,2
345464,17,2,1,1
149552,17,2,2,0
3831432,17,2,0,2
579056,17,2,0,2
2320264,17,2,1,1
244200,17,2,2,0
667720,17,2,0,2
1485496,17,2,2,0
4071632,17,2,2,0
8379688,17,2,1,1
130488,17,2,2,0
452216,17,2,0,2
2191776,17,2,2,0
1756976,17,2,1,1
437904,17,2,0,2
250832,17,2,1,1
315512,17,2,1,1
157488,17,2,2,0
1391584,17,2,0,2
2495576,17,2,2,0
113608,17,2,1,1
224128,17,2,1,1
332280,17,2,1,1
2015304,17,2,1,1
917824,17,2,0,2
1869608,17,2,1,1
360824,17,2,2,0
1162176,17,2,0,2
2603984,17,2,1,1
4437032,17,2,0,2
5104032,17,2,2,0
1458200,17,2,2,0
932712,17,2,1,1
616200,17,2,1,1
506112,17,2,1,1
655624,17,2,0,2
1179120,17,2,1,1
579856,17,2,1,1
1012640,17,2,1,1
354832,17,2,2,0
1015880,17,2,2,0
1297016,17,2,1,1
1140672,17,2,2,0
1621112,17,2,1,1
2215736,17,2,2,0
1916216,17,2,1,1
1010608,17,2,0,2
297784,17,2,1,1
162240,17,2,0,2
143272,17,2,0,2
608264,17,2,2,0
7006768,17,2,0,2
160808,17,2,1,1
1027912,17,2,1,1
511736,17,2,1,1
431736,17,2,1,1
1626856,17,2,1,1
589632,17,2,1,1
732384,17,2,1,1
614000,17,2,0,2
970376,17,2,1,1
902520,17,2,0,2
163800,17,2,1,1
1188448,17,2,0,2
119024,17,2,1,1
383336,17,2,1,1
204000,17,2,1,1
1989000,17,2,0,2
2576400,17,2,1,1
1051056,17,2,1,1
368000,17,2,1,1
376512,17,2,1,1
4259600,17,2,2,0
136104,17,2,2,0
257048,17,2,1,1
1685848,17,2,1,1
567328,17,2,1,1
2107968,17,2,2,0
353480,17,2,1,1
1276704,17,2,1,1
146176,17,2,1,1
4403664,17,2,2,0
290416,17,2,2,0
55088,17,2,1,1
154320,17,2,2,0
786920,17,2,0,2
125416,17,2,1,1
2926112,17,2,1,1
210336,17,2,1,1
1350208,17,2,0,2
79112,17,2,1,1
226912,17,2,0,2
1651776,17,2,1,1
8116904,17,2,1,1
1062760,17,2,1,1
557496,17,2,0,2
314912,17,2,1,1
192072,17,2,1,1
621464,17,2,1,1
577512,17,2,1,1
76816,17,2,1,1
219096,17,2,2,0
342832,17,2,1,1
1033832,17,2,1,1
2753096,17,2,1,1
167544,17,2,0,2
695880,17,2,1,1
450416,17,2,1,1
663000,17,2,1,1
279408,17,2,1,1
166888,17,2,0,2
1201888,17,2,1,1
102384,17,2,1,1
745320,17,2,0,2
365064,17,2,2,0
167192,17,2,0,2
193976,17,2,1,1
2907032,17,2,2,0
546408,17,2,0,2
427544,17,2,1,1
500920,17,2,1,1
709688,17,2,1,1
4361744,17,2,0,2
2017248,17,2,2,0
2915432,17,2,1,1
221680,17,2,1,1
576624,17,2,1,1
2431608,17,2,1,1
366640,17,2,1,1
1961736,17,2,0,2
330072,17,2,0,2
194152,17,2,1,1
655504,17,2,2,0
420160,17,2,2,0
129400,17,2,2,0
386248,17,2,2,0
261824,17,2,1,1
706168,17,2,0,2
40424,17,2,2,0
82448,17,2,1,1
571520,17,2,1,1
550784,17,2,1,1
2261952,17,2,0,2
78760,17,2,1,1
291920,17,2,2,0
2582912,17,2,1,1
3220288,17,2,1,1
681520,17,2,1,1
4583352,17,2,0,2
150480,17,2,2,0
1390032,17,2,1,1
276952,17,2,1,1
520096,17,2,2,0
79808,17,2,1,1
534136,17,2,1,1
1263176,17,2,1,1
877360,17,2,2,0
352048,17,2,2,0
126200,17,2,1,1
313776,17,2,2,0
441064,17,2,1,1
3690616,17,2,0,2
82176,17,2,2,0
850264,17,2,2,0
590840,17,2,1,1
1628232,17,2,1,1
1066392,17,2,0,2
3693648,17,2,1,1
134040,17,2,1,1
1494368,17,2,0,2
77960,17,2,1,1
95736,17,2,0,2
394736,17,2,1,1
2800408,17,2,2,0
227672,17,2,0,2
528144,17,2,1,1
293824,17,2,2,0
611328,17,2,2,0
370976,17,2,1,1
198288,17,2,2,0
1034304,17,2,1,1
5015728,17,2,1,1
872408,17,2,0,2
202368,17,2,2,0
182992,17,2,2,0
275704,17,2,1,1
741712,17,2,1,1
1988592,17,2,1,1
919304,17,2,1,1
692032,17,2,1,1
593704,17,2,2,0
581760,17,2,2,0
156952,17,2,2,0
1409792,17,2,0,2
478960,17,2,2,0
547872,17,2,1,1
992176,17,2,0,2
447944,17,2,0,2
773960,17,2,2,0
289448,17,2,2,0
243000,17,2,1,1
432928,17,2,0,2
1926928,17,2,1,1
690896,17,2,2,0
402776,17,2,2,0
160688,17,2,0,2
399680,17,2,1,1
384272,17,2,1,1
162248,17,2,1,1
186808,17,2,1,1
105632,17,2,1,1
438240,17,2,1,1
593896,17,2,2,0
460544,17,2,2,0
964128,17,2,1,1
866168,17,2,1,1
2661256,17,2,1,1
367224,17,2,1,1
94024,17,2,2,0
150368,17,2,2,0
169688,17,2,0,2
1025576,17,2,1,1
636368,17,2,1,1
4274112,17,2,2,0
47544,17,2,2,0
2633472,17,2,1,1
1606288,17,2,1,1
564824,17,2,1,1
3421144,17,2,1,1
237600,17,2,1,1
1011768,17,2,0,2
1867176,17,2,2,0
268928,17,2,1,1
134512,17,2,1,1
1436080,17,2,1,1
725656,17,2,2,0
274696,17,2,0,2
3200272,17,2,1,1
304744,17,2,1,1
142064,17,2,1,1
721552,17,2,0,2
744960,17,2,2,0
721064,17,2,1,1
871584,17,2,1,1
455056,17,2,1,1
963280,17,2,0,2
973128,17,2,1,1
287096,17,2,0,2
1442504,17,2,1,1
227944,17,2,1,1
6092224,17,2,1,1
795464,17,2,1,1
615512,17,2,0,2
133152,17,2,1,1
359000,17,2,1,1
134632,17,2,2,0
5498744,17,2,0,2
313416,17,2,1,1
488560,17,2,0,2
311904,17,2,1,1
218840,17,2,1,1
2012168,17,2,2,0
308648,17,2,2,0
1643720,17,2,1,1
5311944,17,2,1,1
983296,17,2,0,2
520200,17,2,2,0
1006032,17,2,1,1
6294864,17,2,1,1
7324456,17,2,0,2
375680,17,2,1,1
724760,17,2,2,0
1934528,17,2,1,1
448776,17,2,2,0
876152,17,2,2,0
812760,17,2,1,1
201456,17,2,1,1
1603184,17,2,0,2
4213696,17,2,1,1
3289560,17,2,1,1
922888,17,2,1,1
289072,17,2,1,1
514104,17,2,0,2
230216,17,2,1,1
2810936,17,2,1,1
691368,17,2,1,1
281224,17,2,1,1
1360848,17,2,1,1
112536,17,2,1,1
1324568,17,2,1,1
2182616,17,2,2,0
390304,17,2,1,1
1464712,17,2,1,1
4664648,17,2,1,1
209896,17,2,2,0
1285600,17,2,0,2
132912,17,2,1,1
208192,17,2,2,0
425944,17,2,0,2
583664,17,2,0,2
222616,17,2,1,1
390864,17,2,1,1
2713296,17,2,2,0
277744,17,2,0,2
299472,17,2,2,0
757944,17,2,1,1
3020520,17,2,0,2
914296,17,2,2,0
3664408,17,2,1,1
827064,17,2,1,1
731328,17,2,2,0
387664,17,2,2,0
459736,17,2,1,1
939824,17,2,0,2
960128,17,2,1,1
465096,17,2,0,2
5513816,17,2,1,1
1388680,17,2,1,1
1968336,17,2,2,0
398912,17,2,1,1
504224,17,2,1,1
295736,17,2,0,2
762152,17,2,1,1
82392,17,2,1,1
1213816,17,2,2,0
1644560,17,2,1,1
1114368,17,2,0,2
1225616,17,2,1,1
1198792,17,2,0,2
1751896,17,2,1,1
1435168,17,2,1,1
2503072,17,2,2,0
505896,17,2,1,1
394320,17,2,1,1
216416,17,2,2,0
1324256,17,2,1,1
1779048,17,2,1,1
325256,17,2,2,0
291592,17,2,1,1
1161272,17,2,1,1
372280,17,2,1,1
385136,17,2,1,1
2525688,17,2,0,2
1123360,17,2,1,1
886432,17,2,1,1
563464,17,2,1,1
424368,17,2,1,1
539360,17,2,2,0
831264,17,2,1,1
1516936,17,2,2,0
348264,17,2,2,0
482864,17,2,1,1
212624,17,2,1,1
1171952,17,2,1,1
331640,17,2,1,1
708904,17,2,2,0
179760,17,2,2,0
927424,17,2,1,1
2124960,17,2,1,1
951776,17,2,1,1
1668960,17,2,0,2
1406448,17,2,1,1
567072,17,2,1,1
2240920,17,2,0,2
896064,17,2,2,0
471032,17,2,1,1
4734456,17,2,0,2
128816,17,2,1,1
1106696,17,2,0,2
1886736,17,2,1,1
185960,17,2,2,0
6820896,17,2,2,0
345248,17,2,2,0
80312,17,2,2,0
247144,17,2,1,1
2894696,17,2,0,2
893736,17,2,2,0
727160,17,2,1,1
1178872,17,2,0,2
104672,17,2,2,0
145368,17,2,1,1
1685776,17,2,1,1
287904,17,2,2,0
562856,17,2,2,0
195568,17,2,2,0
2119256,17,2,1,1
1664272,17,2,1,1
237376,17,2,1,1
1010120,17,2,1,1
7462112,17,2,0,2
866016,17,2,1,1
317848,17,2,1,1
344104,17,2,0,2
128024,17,2,0,2
992024,17,2,1,1
181608,17,2,2,0
283376,17,2,1,1
666864,17,2,1,1
2101864,17,2,1,1
7618664,17,2,1,1
706040,17,2,0,2
499784,17,2,1,1
108864,17,2,1,1
1243752,17,2,0,2
420040,17,2,0,2
1533824,17,2,1,1
1484544,17,2,1,1
232512,17,2,1,1
4596408,17,2,0,2
533376,17,2,1,1
241064,17,2,1,1
130368,17,2,1,1
915272,17,2,0,2
251224,17,2,0,2
3335968,17,2,2,0
1947144,17,2,1,1
395776,17,2,0,2
301312,17,2,1,1
900568,17,2,2,0
797824,17,2,0,2
992504,17,2,1,1
1143888,17,2,1,1
1412248,17,2,2,0
289656,17,2,0,2
341712,17,2,0,2
1577240,17,2,1,1
132800,17,2,0,2
278216,17,2,2,0
1578560,17,2,0,2
525928,17,2,1,1
4937968,17,2,2,0
1006848,17,2,1,1
1263152,17,2,1,1
58096,17,2,2,0
1511976,17,2,0,2
411856,17,2,0,2
127312,17,2,2,0
722552,17,2,2,0
618512,17,2,1,1
1803488,17,2,0,2
466936,17,2,2,0
135664,17,2,2,0
784808,17,2,1,1
217448,17,2,0,2
684128,17,2,2,0
659120,17,2,1,1
2673800,17,2,1,1
962344,17,2,1,1
270232,17,2,2,0
1563768,17,2,2,0
226824,17,2,1,1
355472,17,2,2,0
534592,17,2,1,1
312584,17,2,0,2
148080,17,2,2,0
476904,17,2,1,1
256576,17,2,1,1
818024,17,2,1,1
931808,17,2,0,2
559608,17,2,0,2
1939552,17,2,0,2
273552,17,2,0,2
908648,17,2,1,1
189136,17,2,0,2
1686464,17,2,0,2
392840,17,2,0,2
1448328,17,2,1,1
143920,17,2,0,2
4023216,17,2,0,2
1531544,17,2,1,1
298256,17,2,0,2
85808,17,2,1,1
7937968,17,2,2,0
711272,17,2,1,1
756768,17,2,1,1
3098616,17,2,1,1
428104,17,2,1,1
1255752,17,2,0,2
6108088,17,2,0,2
2937880,17,2,1,1
2512208,17,2,0,2
5477464,17,2,1,1
1491976,17,2,1,1
388224,17,2,1,1
3983800,17,2,1,1
915144,17,2,1,1
1276136,17,2,0,2
5752152,17,2,0,2
498928,17,2,1,1
523736,17,2,0,2
491768,17,2,1,1
4579160,17,2,2,0
960384,17,2,1,1
709416,17,2,2,0
5779248,17,2,0,2
2134464,17,2,0,2
1855576,17,2,2,0
2977072,17,2,2,0
734464,17,2,2,0
333712,17,2,0,2
6295808,17,2,0,2
102576,17,2,0,2
633896,18,2,0,2
4555408,18,2,1,1
332208,18,2,1,1
810104,18,2,2,0
2909440,18,2,0,2
501640,18,2,0,2
540240,18,2,2,0
493792,18,2,1,1
420632,18,2,1,1
786296,18,2,0,2
706008,18,2,1,1
472672,18,2,0,2
482480,18,2,2,0
494320,18,2,2,0
5527920,18,2,1,1
303376,18,2,2,0
865664,18,2,1,1
991672,18,2,1,1
305440,18,2,2,0
255664,18,2,0,2
339848,18,2,0,2
152104,18,2,2,0
1237496,18,2,1,1
484872,18,2,2,0
388968,18,2,2,0
454088,18,2,1,1
272768,18,2,1,1
1914808,18,2,0,2
84928,18,2,0,2
5012088,18,2,2,0
147256,18,2,1,1
7541608,18,2,2,0
1629968,18,2,0,2
253456,18,2,2,0
1405616,18,2,0,2
265584,18,2,1,1
84304,18,2,2,0
607256,18,2,2,0
339840,18,2,1,1
4745464,18,2,2,0
2232680,18,2,1,1
420408,18,2,1,1
2076744,18,2,2,0
221880,18,2,0,2
951744,18,2,1,1
481416,18,2,1,1
245528,18,2,1,1
187232,18,2,2,0
314472,18,2,2,0
242080,18,2,1,1
555984,18,2,1,1
221248,18,2,1,1
872928,18,2,0,2
97472,18,2,2,0
4363616,18,2,1,1
2007600,18,2,1,1
1312440,18,2,1,1
654200,18,2,0,2
1222240,18,2,2,0
382320,18,2,2,0
3134448,18,2,1,1
368544,18,2,0,2
5201792,18,2,0,2
5931216,18,2,2,0
200328,18,2,1,1
1959256,18,2,2,0
1641008,18,2,2,0
563712,18,2,0,2
531520,18,2,1,1
5192536,18,2,0,2
590800,18,2,1,1
588496,18,2,1,1
236584,18,2,0,2
744344,18,2,1,1
7594816,18,2,2,0
1107728,18,2,2,0
249840,18,2,1,1
255416,18,2,2,0
138208,18,2,0,2
68248,18,2,0,2
551448,18,2,2,0
2948440,18,2,0,2
1213440,18,2,1,1
459080,18,2,0,2
8277464,18,2,1,1
572976,18,2,1,1
1391672,18,2,1,1
229040,18,2,2,0
147640,18,2,0,2
1852032,18,2,0,2
129952,18,2,1,1
92920,18,2,2,0
281296,18,2,1,1
478496,18,2,1,1
2361800,18,2,2,0
285328,18,2,1,1
281600,18,2,2,0
4182624,18,2,1,1
209096,18,2,1,1
596200,18,2,1,1
2311784,18,2,1,1
457520,18,2,2,0
2273736,18,2,1,1
1755984,18,2,0,2
577864,18,2,1,1
440008,18,2,2,0
263376,18,2,1,1
701424,18,2,1,1
3934184,18,2,1,1
360856,18,2,0,2
2443488,18,2,0,2
954976,18,2,1,1
787832,18,2,0,2
1643688,18,2,1,1
1096656,18,2,1,1
980808,18,2,1,1
228424,18,2,1,1
191944,18,2,2,0
467776,18,2,2,0
5596920,18,2,1,1
765832,18,2,0,2
660040,18,2,1,1
209424,18,2,0,2
1060176,18,2,1,1
1869256,18,2,0,2
243408,18,2,2,0
793832,18,2,0,2
1464912,18,2,2,0
254976,18,2,1,1
458512,18,2,1,1
3248240,18,2,1,1
180984,18,2,1,1
3518032,18,2,0,2
6784352,18,2,2,0
517320,18,2,2,0
1251592,18,2,1,1
205528,18,2,0,2
228944,18,2,1,1
919544,18,2,1,1
652864,18,2,2,0
768584,18,2,1,1
185296,18,2,1,1
127760,18,2,1,1
323800,18,2,0,2
6365224,18,2,1,1
378816,18,2,1,1
832952,18,2,2,0
121264,18,2,1,1
649104,18,2,1,1
3869040,18,2,1,1
286336,18,2,1,1
175320,18,2,1,1
170376,18,2,2,0
100608,18,2,0,2
269200,18,2,0,2
1510968,18,2,1,1
1038520,18,2,0,2
287840,18,2,1,1
854136,18,2,2,0
1514880,18,2,1,1
4148808,18,2,1,1
48424,18,2,1,1
260168,18,2,2,0
210784,18,2,2,0
448384,18,2,2,0
285680,18,2,0,2
431120,18,2,1,1
397168,18,2,0,2
386160,18,2,1,1
653248,18,2,0,2
121824,18,2,2,0
285640,18,2,2,0
199784,18,2,1,1
5272808,18,2,2,0
320976,18,2,2,0
2426304,18,2,1,1
297456,18,2,1,1
966584,18,2,1,1
92320,18,2,1,1
678608,18,2,1,1
746616,18,2,1,1
103792,18,2,1,1
937536,18,2,2,0
337584,18,2,2,0
549912,18,2,2,0
714912,18,2,2,0
357760,18,2,1,1
1349584,18,2,1,1
2095888,18,2,0,2
3162312,18,2,0,2
787624,18,2,1,1
3589256,18,2,1,1
1363144,18,2,0,2
263856,18,2,1,1
363320,18,2,0,2
91848,18,2,2,0
1576672,18,2,2,0
798624,18,2,1,1
666120,18,2,2,0
4438520,18,2,0,2
3336584,18,2,0,2
312472,18,2,0,2
294072,18,2,0,2
1562728,18,2,1,1
247792,18,2,1,1
2756872,18,2,0,2
1006496,18,2,1,1
225344,18,2,1,1
361264,18,2,0,2
7271992,18,2,1,1
461000,18,2,0,2
171040,18,2,2,0
241864,18,2,1,1
2406496,18,2,1,1
2507200,18,2,2,0
983248,18,2,2,0
4961032,18,2,1,1
559856,18,2,2,0
527160,18,2,1,1
134208,18,2,1,1
3178872,18,2,2,0
299568,18,2,1,1
883784,18,2,1,1
628680,18,2,1,1
445968,18,2,1,1
403416,18,2,1,1
243680,18,2,1,1
997272,18,2,1,1
797808,18,2,1,1
3465056,18,2,1,1
395376,18,2,2,0
1790032,18,2,1,1
235288,18,2,1,1
725368,18,2,2,0
155160,18,2,1,1
331720,18,2,0,2
7389016,18,2,2,0
1773840,18,2,1,1
4469752,18,2,1,1
514448,18,2,1,1
240104,18,2,2,0
226136,18,2,2,0
457416,18,2,1,1
314528,18,2,1,1
71760,18,2,0,2
652448,18,2,0,2
977328,18,2,0,2
4595144,18,2,1,1
704360,18,2,1,1
143696,18,2,2,0
1041520,18,2,0,2
82720,18,2,0,2
712552,18,2,2,0
148600,18,2,0,2
500024,18,2,0,2
467240,18,2,0,2
431360,18,2,1,1
135952,18,2,0,2
1179104,18,2,2,0
951216,18,2,0,2
4998728,18,2,1,1
4370624,18,2,1,1
2873800,18,2,0,2
2637248,18,2,1,1
510696,18,2,1,1
318624,18,2,0,2
1250200,18,2,2,0
80760,18,2,0,2
300464,18,2,1,1
224464,18,2,1,1
615760,18,2,2,0
185032,18,2,1,1
764944,18,2,2,0
273440,18,2,2,0
3292784,18,2,2,0
98568,18,2,0,2
113408,18,2,1,1
332088,18,2,0,2
2251496,18,2,0,2
1221904,18,2,0,2
242616,18,2,1,1
180000,18,2,0,2
303712,18,2,0,2
536872,18,2,1,1
983480,18,2,2,0
545792,18,2,2,0
84680,18,2,2,0
182832,18,2,0,2
144504,18,2,2,0
122528,18,2,1,1
3414056,18,2,0,2
541312,18,2,2,0
7616928,18,2,1,1
150312,18,2,2,0
78816,18,2,1,1
980400,18,2,1,1
8122952,18,2,1,1
601928,18,2,2,0
362664,18,2,1,1
2254720,18,2,2,0
866216,18,2,1,1
328808,18,2,1,1
2809560,18,2,2,0
271192,18,2,1,1
97664,18,2,1,1
3293528,18,2,1,1
606512,18,2,1,1
1308200,18,2,0,2
662848,18,2,2,0
101344,18,2,1,1
1550464,18,2,1,1
213440,18,2,1,1
1460312,18,2,1,1
597776,18,2,1,1
523560,18,2,0,2
1272952,18,2,1,1
457016,18,2,0,2
648616,18,2,1,1
325408,18,2,1,1
1601904,18,2,1,1
476464,18,2,2,0
1229448,18,2,2,0
884784,18,2,0,2
332680,18,2,1,1
1121544,18,2,1,1
1064344,18,2,1,1
4589024,18,2,0,2
1426608,18,2,1,1
3921552,18,2,1,1
3120840,18,2,2,0
712440,18,2,2,0
118720,18,2,1,1
74104,18,2,1,1
708016,18,2,0,2
743264,18,2,2,0
296016,18,2,0,2
189824,18,2,2,0
521480,18,2,0,2
741192,18,2,1,1
479760,18,2,0,2
938800,18,2,2,0
441232,18,2,1,1
624744,18,2,0,2
167440,18,2,2,0
2523568,18,2,1,1
822328,18,2,2,0
511728,18,2,0,2
1770496,18,2,1,1
64336,18,2,0,2
515720,18,2,1,1
552112,18,2,0,2
586840,18,2,1,1
113872,18,2,2,0
496352,18,2,1,1
543112,18,2,2,0
2464608,18,2,1,1
1205608,18,2,1,1
95184,18,2,0,2
338584,18,2,1,1
192568,18,2,1,1
49080,18,2,0,2
3311200,18,2,1,1
607088,18,2,1,1
1351704,18,2,1,1
209760,18,2,0,2
2192768,18,2,2,0
942464,18,2,1,1
1766824,18,2,2,0
854208,18,2,2,0
599552,18,2,0,2
3082216,18,2,1,1
76696,18,2,0,2
824592,18,2,1,1
156400,18,2,1,1
155008,18,2,2,0
405568,18,2,1,1
524728,18,2,1,1
626328,18,2,0,2
942512,18,2,0,2
339184,18,2,2,0
460232,18,2,1,1
216584,18,2,1,1
6432600,18,2,0,2
415728,18,2,1,1
346784,18,2,1,1
251448,18,2,1,1
785264,18,2,1,1
870280,18,2,1,1
883760,18,2,1,1
241280,18,2,1,1
248104,18,2,0,2
759696,18,2,1,1
91680,18,2,1,1
2495600,18,2,2,0
1864856,18,2,0,2
622120,18,2,1,1
1400192,18,2,0,2
1089768,18,2,1,1
481992,18,2,0,2
2259600,18,2,1,1
285360,18,2,1,1
505096,18,2,1,1
1811600,18,2,1,1
254288,18,2,0,2
2868056,18,2,0,2
1311080,18,2,1,1
1196824,18,2,1,1
191784,18,2,0,2
1270136,18,2,0,2
203800,18,2,0,2
3951000,18,2,0,2
688424,18,2,1,1
115648,18,2,1,1
703448,18,2,2,0
931472,18,2,2,0
804168,18,2,2,0
202320,18,2,0,2
509176,18,2,1,1
789208,18,2,0,2
160760,18,2,2,0
3930048,18,2,1,1
317016,18,2,1,1
2372952,18,2,1,1
572664,18,2,1,1
343280,18,2,2,0
3425024,18,2,2,0
3385520,18,2,1,1
456088,18,2,2,0
3123440,18,2,1,1
4116208,18,2,0,2
305728,18,2,1,1
50776,18,2,2,0
7530664,18,2,0,2
412256,18,2,0,2
935872,18,2,0,2
1419368,18,2,1,1
354152,18,2,1,1
571800,18,2,1,1
1258784,18,2,0,2
1064112,18,2,1,1
1752240,18,2,1,1
916536,18,2,1,1
7236064,18,2,1,1
529480,18,2,0,2
322288,18,2,2,0
1115464,18,2,0,2
2050104,18,2,0,2
137784,18,2,0,2
334152,18,2,0,2
117576,18,2,1,1
617632,18,2,1,1
798936,18,2,1,1
565432,18,2,0,2
356984,18,2,0,2
313120,18,2,0,2
829472,18,2,1,1
7254136,18,2,1,1
1150072,18,2,1,1
288552,18,2,0,2
1070408,18,2,0,2
2307896,18,2,1,1
535288,18,2,2,0
710160,18,2,0,2
399464,18,2,0,2
579752,18,2,1,1
146928,18,2,1,1
4253488,18,2,1,1
436440,18,2,0,2
128192,18,2,0,2
540904,18,2,1,1
391184,18,2,2,0
1787528,18,2,1,1
1281952,18,2,1,1
1060784,18,2,2,0
588664,18,2,1,1
7437792,18,2,2,0
2716952,18,2,0,2
126600,18,2,1,1
496072,18,2,0,2
595888,18,2,0,2
468096,18,2,1,1
2226288,18,2,1,1
992720,18,2,1,1
1268744,18,2,1,1
3711880,18,2,2,0
190560,18,2,1,1
438336,18,2,1,1
225096,18,2,1,1
721184,18,2,1,1
498208,18,2,2,0
392016,18,2,1,1
100808,18,2,2,0
158824,18,2,0,2
300824,18,2,1,1
609144,18,2,2,0
126632,18,2,2,0
389008,18,2,1,1
113144,18,2,0,2
326216,18,2,0,2
877304,18,2,2,0
2571608,18,2,0,2
299936,18,2,2,0
398960,18,2,2,0
2504376,18,2,2,0
4034488,18,2,0,2
2058464,18,2,1,1
460184,18,2,0,2
185280,18,2,1,1
78320,18,2,1,1
851704,18,2,1,1
272296,18,2,1,1
1140296,18,2,0,2
2457440,18,2,1,1
3526464,18,2,1,1
550024,18,2,1,1
677736,18,2,1,1
330888,18,2,1,1
95040,18,2,1,1
455440,18,2,1,1
161208,18,2,1,1
2135184,18,2,1,1
332392,18,2,0,2
1830712,18,2,1,1
133368,18,2,1,1
4523096,18,2,1,1
1651136,18,2,2,0
1586744,18,2,1,1
186360,18,2,1,1
1102664,18,2,0,2
665432,18,2,2,0
402640,18,2,1,1
1149960,18,2,2,0
919176,18,2,0,2
3206568,18,2,1,1
475128,18,2,0,2
293160,18,2,2,0
716560,18,2,0,2
267376,18,2,1,1
164024,18,2,2,0
151056,18,2,0,2
6651648,18,2,0,2
344032,18,2,0,2
1890496,18,2,0,2
839320,18,2,1,1
400560,18,2,2,0
4321536,18,2,1,1
6752440,18,2,0,2
666336,18,2,1,1
552744,18,2,2,0
64000,18,2,2,0
5378880,18,2,0,2
200400,18,2,2,0
322224,18,2,0,2
359416,18,2,2,0
306296,18,2,1,1
3535056,18,2,1,1
956840,18,2,0,2
581712,18,2,2,0
213296,18,2,0,2
4861848,18,2,2,0
896280,18,2,0,2
791768,18,2,0,2
521888,18,2,1,1
85152,18,2,1,1
373712,18,2,0,2
379936,18,2,0,2
110152,18,2,2,0
423048,18,2,1,1
266544,18,2,1,1
2365680,18,2,0,2
74840,18,2,1,1
329912,18,2,1,1
7041408,18,2,1,1
330240,18,2,0,2
141408,18,2,1,1
2684384,18,2,1,1
667096,18,2,1,1
311560,18,2,0,2
3211856,18,2,0,2
118728,18,2,2,0
114864,18,2,2,0
121224,18,2,0,2
144112,18,2,1,1
261360,18,2,1,1
156824,18,2,0,2
304448,18,2,1,1
486888,18,2,1,1
258880,18,2,2,0
470904,18,2,2,0
2324376,18,2,0,2
3881824,18,2,1,1
693536,18,2,0,2
554680,18,2,1,1
115808,18,2,1,1
330688,18,2,1,1
118448,18,2,2,0
2228448,18,2,1,1
151888,18,2,1,1
2810016,18,2,1,1
5009576,18,2,1,1
129792,18,2,2,0
368744,18,2,2,0
584264,18,2,1,1
679936,18,2,2,0
1953912,18,2,0,2
312720,18,2,1,1
7875160,18,2,1,1
418760,18,2,1,1
160400,18,2,1,1
144144,18,2,1,1
191120,18,2,1,1
3970368,18,2,1,1
134832,18,2,0,2
238432,18,2,1,1
1679224,18,2,0,2
5700304,18,2,1,1
317344,18,2,0,2
137448,18,2,2,0
1866432,18,2,1,1
729016,18,2,2,0
298824,18,2,2,0
394280,18,2,1,1
165856,18,2,2,0
553272,18,2,2,0
3384184,18,2,2,0
528744,18,2,0,2
1619712,18,2,0,2
168248,18,2,2,0
477200,18,2,1,1
4757704,18,2,1,1
718760,18,2,2,0
753456,18,2,0,2
186320,18,2,1,1
141608,18,2,1,1
1316376,18,2,2,0
201072,18,2,1,1
148840,18,2,0,2
610216,18,2,1,1
448992,18,2,1,1
2658832,18,2,1,1
117784,18,2,2,0
4683192,18,2,1,1
229264,18,2,2,0
936136,18,2,1,1
4963192,18,2,1,1
133440,18,2,0,2
3436864,18,2,1,1
1312728,18,2,0,2
91320,18,2,1,1
714008,18,2,0,2
1989968,18,2,0,2
367912,18,2,1,1
2636784,18,2,0,2
1119792,18,2,1,1
82512,18,2,1,1
248872,18,2,0,2
1645400,18,2,2,0
585760,18,2,1,1
224472,18,2,1,1
2029632,18,2,1,1
479200,18,2,2,0
1028584,18,2,2,0
447552,18,2,1,1
369640,18,2,0,2
82640,18,2,1,1
416048,18,2,1,1
851456,18,2,1,1
737488,18,2,1,1
292472,18,2,2,0
154632,18,2,1,1
530800,18,2,0,2
6525136,18,2,1,1
431320,18,2,1,1
292512,18,2,0,2
2410512,18,2,1,1
1818712,18,2,0,2
3165296,18,2,1,1
318216,18,2,1,1
490496,18,2,0,2
117320,18,2,1,1
6626760,18,2,0,2
7291608,18,2,1,1
1380616,18,2,2,0
4605688,18,2,1,1
366552,18,2,2,0
892560,18,2,2,0
3004840,18,2,0,2
126904,18,2,0,2
452888,18,2,0,2
3015800,18,2,2,0
421728,18,2,2,0
461496,18,2,2,0
340784,18,2,1,1
3573448,18,2,2,0
792168,18,2,1,1
759152,18,2,0,2
376536,18,2,0,2
620408,18,2,0,2
1230184,18,2,1,1
1019608,18,2,2,0
1974136,18,2,2,0
134296,18,2,1,1
1238480,18,2,2,0
1626104,18,2,1,1
466928,18,2,2,0
282896,18,2,1,1
989624,18,2,1,1
426840,18,2,0,2
3897336,18,2,1,1
190760,18,2,1,1
383424,18,2,1,1
512448,18,2,1,1
297840,18,2,1,1
60352,18,2,1,1
440056,18,2,2,0
296728,18,2,0,2
96416,18,2,2,0
7063744,18,2,1,1
478096,18,2,1,1
727464,18,2,0,2
961752,18,2,1,1
596744,18,2,1,1
8247856,18,2,0,2
168872,18,2,1,1
2161504,18,2,1,1
546856,18,2,0,2
4461856,18,2,1,1
241416,18,2,2,0
107008,18,2,1,1
127784,18,2,0,2
803104,18,2,1,1
2555272,18,2,1,1
170224,18,2,1,1
538704,18,2,1,1
421904,18,2,2,0
394704,18,2,0,2
114168,18,2,0,2
1595480,18,2,1,1
6561592,18,2,1,1
3246816,18,2,1,1
592576,18,2,2,0
6387720,18,2,1,1
148968,18,2,2,0
501272,18,2,0,2
312248,18,2,1,1
270520,18,2,0,2
691376,18,2,1,1
6381152,18,2,1,1
397640,18,2,0,2
824480,18,2,1,1
1168504,18,2,1,1
145672,18,2,0,2
556280,18,2,1,1
274296,18,2,0,2
942864,18,2,1,1
364680,18,2,1,1
729048,18,2,2,0
651656,18,2,1,1
1163872,18,2,1,1
2479800,18,2,1,1
217632,18,2,0,2
293416,18,2,1,1
2417704,18,2,0,2
185824,18,2,1,1
1684968,18,2,1,1
898152,18,2,2,0
1009352,18,2,1,1
842152,18,2,1,1
334632,18,2,0,2
6784040,18,2,1,1
152080,18,2,1,1
915104,18,2,0,2
596752,18,2,1,1
985720,18,2,1,1
2216720,18,2,1,1
524896,18,2,2,0
1195160,18,2,1,1
2418208,18,2,0,2
555752,18,2,0,2
1271568,18,2,1,1
703112,18,2,0,2
194456,18,2,1,1
1015128,18,2,1,1
5912656,18,2,0,2
4592416,18,2,2,0
1090816,18,2,1,1
2358704,18,2,0,2
111672,18,2,0,2
768568,18,2,1,1
328576,18,2,1,1
351320,18,2,1,1
300296,18,2,0,2
155512,18,2,1,1
498680,18,2,1,1
314448,18,2,2,0
182448,18,2,0,2
323288,18,2,0,2
521632,18,2,0,2
1152160,18,2,1,1
802592,18,2,1,1
182288,18,2,1,1
2238840,18,2,0,2
614216,18,2,1,1
506048,18,2,2,0
642920,18,2,0,2
326176,18,2,0,2
70816,18,2,0,2
1844080,18,2,1,1
1407392,18,2,0,2
309680,18,2,0,2
3277272,18,2,0,2
641680,18,2,2,0
1032416,18,2,1,1
2261648,18,2,0,2
708352,18,2,1,1
396088,18,2,1,1
816928,18,2,1,1
311024,18,2,1,1
1316000,18,2,0,2
3140352,18,2,0,2
8196208,18,2,1,1
114920,18,2,1,1
310064,18,2,1,1
4567488,18,2,1,1
1424936,18,2,0,2
3272464,18,2,0,2
725128,18,2,0,2
241832,18,2,0,2
379344,18,2,1,1
2269816,18,2,1,1
342928,18,2,2,0
575064,18,2,1,1
259888,18,2,1,1
217736,18,2,0,2
346840,18,2,1,1
401128,18,2,1,1
6805048,18,2,2,0
3032200,18,2,0,2
2799864,18,2,1,1
209496,18,2,0,2
931648,18,2,0,2
1777024,18,2,2,0
4340504,18,2,1,1
129032,18,2,2,0
671264,18,2,2,0
646992,18,2,1,1
1646272,18,2,1,1
858016,18,2,1,1
733768,18,2,1,1
114280,18,2,1,1
1230976,18,2,2,0
835000,18,2,1,1
278744,18,2,2,0
494664,18,2,2,0
245448,18,2,1,1
355224,18,2,2,0
5249160,18,2,0,2
814216,18,2,2,0
1531264,18,2,2,0
284600,18,2,1,1
434256,18,2,0,2
373408,18,2,1,1
458784,18,2,0,2
630224,18,2,0,2
345160,18,2,2,0
3131224,18,2,0,2
1033720,18,2,0,2
883024,18,2,2,0
203136,18,2,1,1
250120,18,2,2,0
234760,18,2,1,1
102064,18,2,1,1
5993120,18,2,2,0
164360,18,2,1,1
741352,18,2,0,2
639880,18,2,2,0
600432,18,2,1,1
369824,18,2,0,2
1373152,18,2,1,1
1461200,18,2,1,1
175952,18,2,1,1
794544,18,2,2,0
1451440,18,2,0,2
667576,18,2,1,1
255568,18,2,0,2
688392,18,2,0,2
936944,18,2,0,2
434448,18,2,0,2
842312,18,2,2,0
225200,18,2,2,0
2536320,18,2,0,2
129936,18,2,0,2
658952,18,2,1,1
361544,18,2,0,2
760224,18,2,1,1
528928,18,2,2,0
147400,18,2,1,1
774984,18,2,0,2
924688,18,2,2,0
2088176,18,2,2,0
117192,18,2,1,1
161952,18,2,0,2
389576,18,2,1,1
452696,18,2,2,0
1667352,18,2,1,1
418112,18,2,2,0
254360,18,2,1,1
1364040,18,2,1,1
1525512,18,2,1,1
5005960,18,2,1,1
792416,18,2,2,0
857824,18,2,1,1
653704,18,2,2,0
5524040,18,2,1,1
957736,18,2,2,0
5073232,18,2,1,1
950656,18,2,1,1
364192,18,2,1,1
825224,18,2,1,1
2172088,18,2,0,2
1165368,18,2,2,0
652464,18,2,1,1
4801944,18,2,1,1
1054608,18,2,1,1
821720,18,2,1,1
2010080,18,2,2,0
872696,18,2,1,1
380824,18,2,1,1
378784,18,2,2,0
94000,18,2,2,0
165776,18,2,1,1
235920,18,2,2,0
747152,18,2,2,0
1028336,18,2,2,0
1268136,18,2,0,2
2206392,18,2,0,2
1047320,18,2,0,2
313632,18,2,2,0
324936,18,2,0,2
151512,18,2,1,1
6724552,18,2,1,1
384848,18,2,0,2
6422280,18,2,2,0
475856,18,2,1,1
478152,18,2,1,1
420912,18,2,1,1
521584,18,2,2,0
491752,18,2,1,1
169992,18,2,0,2
207376,18,2,0,2
284240,18,2,1,1
582440,18,2,1,1
378608,18,2,1,1
164064,18,2,1,1
4203328,18,2,1,1
307144,18,2,1,1
2035640,18,2,2,0
151264,18,2,2,0
137904,18,2,2,0
777672,18,2,1,1
296776,18,2,1,1
89264,18,2,0,2
3831720,18,2,1,1
608376,18,2,2,0
66736,18,2,0,2
540544,18,2,2,0
168808,18,2,2,0
171224,18,2,2,0
4954224,18,2,1,1
1539888,18,2,1,1
1412344,18,2,0,2
4579720,18,2,1,1
191856,18,2,2,0
1032936,18,2,1,1
1129264,18,2,1,1
711432,18,2,1,1
2184952,18,2,1,1
1472744,18,2,0,2
41896,18,2,1,1
3711360,18,2,1,1
1348648,18,2,1,1
3170880,18,2,0,2
557488,18,2,0,2
2620120,18,2,1,1
2308472,18,2,0,2
3037944,18,2,0,2
477176,18,2,2,0
2865320,18,2,2,0
166816,18,2,1,1
294264,18,2,1,1
1412560,18,2,0,2
1783744,18,2,2,0
1184712,18,2,2,0
87432,18,2,0,2
731720,18,2,0,2
130024,18,2,1,1
974352,18,2,1,1
432464,18,2,1,1
848992,18,2,1,1
273856,18,2,1,1
954040,18,2,1,1
843240,18,2,0,2
352960,18,2,0,2
565424,18,2,1,1
853040,18,2,1,1
150192,18,2,2,0
86984,18,2,1,1
2549120,18,2,1,1
5516872,18,2,2,0
528896,18,2,1,1
518280,18,2,1,1
797080,18,2,1,1
1256240,18,2,2,0
174744,18,2,1,1
1662328,18,2,1,1
400416,18,2,0,2
171584,18,2,0,2
1672592,18,2,1,1
342416,18,2,0,2
728696,18,2,1,1
432184,18,2,2,0
165304,18,2,0,2
3473936,18,2,1,1
1140136,18,2,1,1
627424,18,2,0,2
275008,18,2,2,0
1872872,18,2,0,2
2932504,18,2,1,1
2892664,18,2,1,1
146048,18,2,2,0
748424,18,2,1,1
556720,18,2,0,2
1805552,18,2,2,0
707704,18,2,0,2
226448,18,2,0,2
1578488,18,2,1,1
196592,18,2,2,0
151792,18,2,2,0
641296,18,2,1,1
124536,18,2,0,2
504240,18,2,1,1
99536,18,2,2,0
135528,18,2,1,1
135120,18,2,1,1
947504,18,2,1,1
144864,18,2,0,2
269992,18,2,0,2
1336800,18,2,1,1
926744,18,2,1,1
403096,18,2,2,0
1224920,18,2,2,0
1695072,18,2,1,1
171288,18,2,1,1
646424,18,2,1,1
1586064,18,2,1,1
2455424,18,2,2,0
806672,18,2,1,1
3467568,18,2,1,1
6681248,18,2,0,2
698112,18,2,2,0
6618072,18,2,1,1
229672,18,2,1,1
241480,18,2,2,0
298752,18,2,1,1
3325624,18,2,2,0
1043280,18,2,1,1
254568,18,2,1,1
2041336,18,2,2,0
210056,18,2,0,2
175224,18,2,1,1
406088,18,2,1,1
769608,18,2,0,2
2055104,18,2,1,1
2279672,18,2,0,2
3713328,18,2,1,1
834344,18,2,2,0
317720,18,2,1,1
257992,18,2,1,1
5061952,18,2,0,2
1298648,18,2,0,2
186584,18,2,1,1
305736,18,2,2,0
432944,18,2,1,1
858488,18,2,1,1
337872,18,2,0,2
277296,18,2,1,1
514816,18,2,0,2
1487288,18,2,2,0
378960,18,2,1,1
317688,18,2,1,1
259904,18,2,1,1
3385664,18,2,2,0
1749952,18,2,1,1
1233176,18,2,0,2
167240,18,2,1,1
1613096,18,2,0,2
462576,18,2,1,1
506168,18,2,1,1
317176,18,2,1,1
203008,18,2,2,0
196616,18,2,1,1
816120,18,2,0,2
207752,18,2,2,0
1272064,18,2,1,1
2147920,18,2,2,0
531024,18,2,1,1
288424,18,2,2,0
327224,18,2,1,1
1867832,18,2,1,1
1150216,18,2,1,1
6850808,18,2,0,2
433280,18,2,0,2
175760,18,2,0,2
95392,18,2,2,0
5679800,18,2,1,1
3649120,18,2,1,1
250064,18,2,2,0
121856,18,2,2,0
456488,18,2,1,1
321328,18,2,0,2
1049240,18,2,1,1
3911760,18,2,1,1
117848,18,2,1,1
147632,18,2,1,1
548040,18,2,2,0
1688920,18,2,0,2
2383864,18,2,0,2
3233696,18,2,2,0
832768,18,2,0,2
143688,18,2,1,1
1005952,18,2,2,0
509608,18,2,1,1
244112,18,2,0,2
386488,18,2,1,1
3781808,18,2,1,1
862464,18,2,1,1
205744,18,2,1,1
189936,18,2,1,1
155640,18,2,1,1
544616,18,2,2,0
564768,18,2,1,1
203296,18,2,1,1
352336,18,2,2,0
83712,18,2,0,2
1357624,18,2,1,1
141824,18,2,1,1
409432,18,2,1,1
1782328,18,2,0,2
6254176,18,2,1,1
2691384,18,2,2,0
813600,18,2,1,1
1438832,18,2,2,0
283688,18,2,1,1
228592,18,2,1,1
236832,18,2,1,1
811232,18,2,1,1
3568232,18,2,2,0
76256,18,2,2,0
930664,18,2,2,0
563536,18,2,1,1
836096,18,2,1,1
724776,18,2,1,1
438496,18,2,2,0
127752,18,2,1,1
447440,18,2,1,1
207880,18,2,0,2
2701952,18,2,1,1
3061528,18,2,1,1
155400,18,2,1,1
2770384,18,2,1,1
338784,18,2,1,1
1236360,18,2,0,2
523104,18,2,2,0
243128,18,2,2,0
161776,18,2,2,0
321488,18,2,1,1
1908152,18,2,1,1
3335984,18,2,1,1
209440,18,2,2,0
1198040,18,2,2,0
7025256,18,2,1,1
1149784,18,2,2,0
99720,18,2,1,1
1160976,18,2,1,1
561200,18,2,1,1
184672,18,2,2,0
5233264,18,2,2,0
568592,18,2,2,0
138880,18,2,1,1
94224,18,2,1,1
79544,18,2,1,1
545736,18,2,1,1
139552,18,2,2,0
381144,18,2,0,2
127456,18,2,1,1
2154720,18,2,1,1
3110848,18,2,1,1
1374216,18,2,0,2
199480,18,2,2,0
628000,18,2,1,1
925680,18,2,1,1
1030368,18,2,1,1
2072504,18,2,2,0
219928,18,2,2,0
2077648,18,2,1,1
5099024,18,2,1,1
3065504,18,2,0,2
269520,18,2,1,1
851896,18,2,2,0
7565288,18,2,2,0
273624,18,2,1,1
118944,18,2,0,2
738488,18,2,1,1
1160704,18,2,2,0
342120,18,2,1,1
1187048,18,2,2,0
2551768,18,2,0,2
164288,18,2,1,1
625248,18,2,1,1
2152960,18,2,1,1
568240,18,2,1,1
4297456,18,2,0,2
312648,18,2,1,1
1425776,18,2,1,1
1532104,18,2,1,1
1169520,18,2,1,1
2015656,18,2,0,2
169856,18,2,0,2
111720,18,2,2,0
529688,18,2,2,0
193896,18,2,1,1
238880,18,2,1,1
166400,18,2,0,2
133384,18,2,1,1
450624,18,2,1,1
135800,18,2,1,1
704304,18,2,1,1
570904,18,2,0,2
606800,18,2,2,0
854976,18,2,0,2
395760,18,2,0,2
160520,18,2,0,2
455960,18,2,2,0
333328,18,2,1,1
653936,18,2,1,1
213776,18,2,0,2
713480,18,2,2,0
155976,18,2,1,1
728544,18,2,1,1
496920,18,2,0,2
3285784,18,2,0,2
445704,18,2,0,2
3845568,18,2,1,1
225288,18,2,2,0
412728,18,2,0,2
636048,18,2,2,0
161744,18,2,0,2
348696,18,2,0,2
74712,18,2,1,1
674352,18,2,2,0
279648,18,2,1,1
231280,18,2,2,0
937984,18,2,0,2
497480,18,2,1,1
214584,18,2,0,2
3609680,18,2,1,1
1341576,18,2,1,1
80368,18,2,1,1
4910096,18,2,1,1
422368,18,2,2,0
933216,18,2,1,1
4787712,18,2,1,1
273032,18,2,2,0
718184,18,2,1,1
317248,18,2,2,0
465664,18,2,1,1
4527264,18,2,0,2
5966304,18,2,0,2
1274112,18,2,0,2
344072,18,2,0,2
612448,18,2,2,0
2028168,18,2,0,2
1512176,18,2,1,1
2552848,18,2,1,1
618320,18,2,1,1
1089376,18,2,0,2
303456,18,2,1,1
316072,18,2,0,2
113968,18,2,0,2
1735568,18,2,1,1
1097832,18,2,2,0
100144,18,2,1,1
1584976,18,2,1,1
82336,18,2,2,0
394608,18,2,1,1
468736,18,2,1,1
195256,18,2,0,2
194464,18,2,0,2
406544,18,2,1,1
211080,18,2,2,0
254896,18,2,2,0
1138512,18,2,1,1
322856,18,2,0,2
1958976,18,2,0,2
1148080,18,2,0,2
2345232,18,2,1,1
1660304,18,2,1,1
793984,18,2,1,1
458200,18,2,1,1
351872,18,2,2,0
270688,18,2,1,1
335816,18,2,2,0
750960,18,2,1,1
931752,18,2,1,1
3094624,18,2,1,1
1410392,18,2,2,0
766664,18,2,1,1
264104,18,2,1,1
4094896,18,2,2,0
219608,18,2,1,1
413888,18,2,1,1
1739056,18,2,1,1
272184,18,2,1,1
373936,18,2,1,1
168224,18,2,1,1
1790632,18,2,1,1
713352,18,2,1,1
527216,18,2,0,2
7263288,18,2,0,2
816800,18,2,0,2
1103624,18,2,2,0
3921520,18,2,1,1
1361000,18,2,1,1
8218320,18,2,0,2
2502952,18,2,1,1
135152,18,2,1,1
468016,18,2,2,0
303184,18,2,0,2
294960,18,2,1,1
241584,18,2,2,0
8363448,18,2,1,1
187504,18,2,1,1
1114432,18,2,0,2
975176,18,2,0,2
2034888,18,2,0,2
5102520,18,2,2,0
697696,18,2,1,1
1980440,18,2,2,0
542048,18,2,1,1
1639184,18,2,1,1
2632992,18,2,1,1
999376,18,2,1,1
1342600,18,2,0,2
358864,18,2,1,1
382976,18,2,0,2
2691984,18,2,0,2
620720,18,2,0,2
375760,18,2,1,1
549952,18,2,0,2
266032,18,2,2,0
1064160,18,2,1,1
1572544,18,2,2,0
1496504,18,2,1,1
767776,18,2,0,2
2214944,18,2,1,1
66768,18,2,1,1
443480,18,2,2,0
1462216,18,2,2,0
962424,18,2,0,2
2707168,18,2,1,1
190056,18,2,1,1
696424,18,2,1,1
3697144,18,2,2,0
375944,18,2,1,1
173280,18,2,2,0
659016,18,2,1,1
729400,18,2,0,2
252224,18,2,1,1
273216,18,2,0,2
604688,18,2,2,0
104928,18,2,1,1
466016,18,2,1,1
1044816,18,2,1,1
1294440,18,2,1,1
597720,18,2,0,2
157104,18,2,2,0
428464,18,2,0,2
756288,18,2,1,1
617704,18,2,1,1
1694504,18,2,0,2
133728,18,2,1,1
765368,18,2,1,1
419184,18,2,0,2
866280,18,2,1,1
517928,18,2,1,1
576120,18,2,1,1
223240,18,2,1,1
545128,18,2,1,1
207264,18,2,2,0
4216728,18,2,2,0
287896,18,2,0,2
3068864,18,2,1,1
5430000,18,2,0,2
948120,18,2,1,1
2015344,18,2,2,0
221448,18,2,0,2
4842920,18,2,1,1
359928,18,2,1,1
455872,18,2,0,2
692216,18,2,1,1
1527440,18,2,1,1
492808,18,2,0,2
483664,18,2,1,1
2374672,18,2,2,0
1723040,18,2,1,1
284752,18,2,0,2
3871688,18,2,0,2
284800,18,2,2,0
282720,18,2,1,1
95312,18,2,2,0
1353696,18,2,1,1
1450016,18,2,2,0
496272,18,2,2,0
7686168,18,2,0,2
784504,18,2,1,1
312464,18,2,2,0
532544,18,2,1,1
480816,18,2,0,2
1082296,18,2,0,2
450352,18,2,2,0
1222584,18,2,2,0
843008,18,2,1,1
922912,18,2,2,0
1177344,18,2,1,1
424440,18,2,2,0
1132888,18,2,2,0
512936,18,2,2,0
216808,18,2,1,1
433136,18,2,0,2
2556288,18,2,1,1
548776,18,2,1,1
559336,18,2,1,1
1128264,18,2,0,2
416488,18,2,2,0
119176,18,2,0,2
1073248,18,2,0,2
517568,18,2,1,1
936120,18,2,1,1
108568,18,2,1,1
769256,18,2,1,1
738200,18,2,0,2
271944,18,2,1,1
541416,18,2,1,1
210840,18,2,1,1
2467720,18,2,1,1
156384,18,2,1,1
1460344,18,2,2,0
2604784,18,2,1,1
433800,18,2,1,1
468712,18,2,1,1
592848,18,2,1,1
199616,18,2,2,0
86752,18,2,2,0
313904,18,2,1,1
329136,18,2,0,2
226696,18,2,1,1
617592,18,2,2,0
805584,18,2,1,1
5195856,18,2,1,1
1010104,18,2,1,1
156040,18,2,0,2
937384,18,2,1,1
2218840,18,2,1,1
682648,18,2,0,2
302352,18,2,1,1
219808,18,2,1,1
389792,18,2,1,1
2587120,18,2,1,1
476808,18,2,2,0
333368,18,2,2,0
785952,18,2,1,1
191712,18,2,1,1
409448,18,2,0,2
97288,18,2,2,0
5883632,18,2,0,2
3748792,18,2,1,1
183512,18,2,1,1
370064,18,2,0,2
853752,18,2,1,1
674048,18,2,1,1
185792,18,2,1,1
157216,18,2,2,0
4017136,18,2,0,2
68616,18,2,2,0
1687464,18,2,2,0
1724592,18,2,1,1
2376272,18,2,0,2
510336,18,2,1,1
8049208,18,2,1,1
5714368,18,2,1,1
1368840,18,2,0,2
908840,18,2,0,2
3142304,18,2,1,1
597952,18,2,1,1
1223048,18,2,1,1
563336,18,2,1,1
2387800,18,2,1,1
5722088,18,2,0,2
1023984,18,2,0,2
721808,18,2,0,2
180528,18,2,1,1
368104,18,2,1,1
2665672,18,2,0,2
1458744,18,2,2,0
269536,18,2,1,1
872704,18,2,2,0
177800,18,2,1,1
379992,18,2,0,2
250432,18,2,1,1
455136,18,2,1,1
1217512,18,2,1,1
788528,18,2,1,1
162104,18,2,0,2
90816,18,2,0,2
778840,18,2,1,1
909224,18,2,2,0
198296,18,2,1,1
551384,18,2,2,0
732312,18,2,0,2
6818816,18,2,1,1
369616,18,2,0,2
1046480,18,2,1,1
175360,18,2,0,2
233360,18,2,2,0
1677752,18,2,1,1
106296,18,2,2,0
86992,18,2,0,2
676336,18,2,2,0
175288,18,2,1,1
716432,18,2,2,0
158336,18,2,0,2
1229920,18,2,2,0
853600,18,2,2,0
1243096,18,2,1,1
908688,18,2,2,0
1985168,18,2,0,2
287224,18,2,2,0
425424,18,2,2,0
255736,18,2,1,1
171504,18,2,2,0
1892400,18,2,2,0
203560,18,2,1,1
158304,18,2,2,0
154328,18,2,1,1
475904,18,2,1,1
420264,18,2,1,1
205784,18,2,2,0
881472,18,2,0,2
557752,18,2,1,1
3664848,18,2,1,1
7892744,18,2,2,0
4594608,18,2,1,1
262752,18,2,2,0
237480,18,2,1,1
1259024,18,2,1,1
135168,18,2,2,0
207008,18,2,0,2
71392,18,2,1,1
4231696,18,2,0,2
875928,18,2,1,1
117384,18,2,2,0
345888,18,2,2,0
245112,18,2,2,0
4493800,18,2,1,1
1328448,18,2,0,2
560064,18,2,1,1
1046976,18,2,1,1
207024,18,2,2,0
1530416,18,2,1,1
807600,18,2,2,0
2766016,18,2,2,0
326464,18,2,0,2
6259432,18,2,1,1
678184,18,2,0,2
831992,18,2,2,0
299296,18,2,1,1
456896,18,2,1,1
741912,18,2,1,1
1517704,18,2,0,2
6995360,18,2,2,0
2535504,18,2,1,1
159920,18,2,2,0
4494584,18,2,0,2
312280,18,2,2,0
1433472,18,2,1,1
542240,18,2,2,0
1407480,18,2,1,1
257616,18,2,0,2
353240,18,2,1,1
179680,18,2,2,0
2525064,18,2,0,2
335504,18,2,0,2
220096,18,2,0,2
1868296,18,2,2,0
306008,18,2,2,0
180016,18,2,0,2
245496,18,2,0,2
822968,18,2,0,2
308768,18,2,2,0
309128,18,2,1,1
357048,18,2,0,2
132264,18,2,2,0
628192,18,2,2,0
598008,18,2,1,1
1843600,18,2,1,1
454168,18,2,1,1
1126176,18,2,2,0
368288,18,2,0,2
566976,18,2,1,1
5550152,18,2,1,1
230728,18,2,1,1
2148816,18,2,1,1
5986448,18,2,1,1
394288,18,2,1,1
1529736,18,2,1,1
405352,18,2,1,1
614888,18,2,1,1
1397704,18,2,2,0
136456,18,2,0,2
682344,18,2,1,1
801312,18,2,2,0
2980712,18,2,0,2
1097200,18,2,0,2
2361672,18,2,0,2
232104,18,2,1,1
702736,18,2,1,1
730312,18,2,1,1
305760,18,2,2,0
550304,18,2,1,1
1261504,18,2,0,2
439472,18,2,1,1
2256616,18,2,2,0
124080,18,2,1,1
159184,18,2,1,1
2453816,18,2,0,2
89408,18,2,1,1
5857216,18,2,2,0
353864,18,2,2,0
3608096,18,2,2,0
99728,18,2,1,1
756920,18,2,2,0
140904,18,2,1,1
270472,18,2,0,2
2946752,18,2,1,1
377112,18,2,1,1
271608,18,2,1,1
855680,18,2,1,1
945048,18,2,1,1
1834392,18,2,1,1
1738488,18,2,2,0
469240,18,2,1,1
217568,18,2,1,1
376584,18,2,1,1
379808,18,2,1,1
380280,18,2,0,2
828104,18,2,2,0
418312,18,2,1,1
601160,18,2,1,1
1211880,18,2,1,1
600872,18,2,0,2
233696,18,2,0,2
1970776,18,2,1,1
1261032,18,2,1,1
483144,18,2,2,0
213744,18,2,0,2
631752,18,2,1,1
244776,18,2,1,1
119424,18,2,1,1
617472,18,2,2,0
682664,18,2,1,1
6906480,18,2,1,1
2645504,18,2,1,1
235640,18,2,0,2
464304,18,2,0,2
3980352,18,2,1,1
189568,18,2,2,0
1622464,18,2,0,2
180872,18,2,1,1
1297896,18,2,2,0
399752,18,2,2,0
2083096,18,2,0,2
1579288,18,2,1,1
365400,18,2,0,2
1014792,18,2,1,1
324056,18,2,1,1
848944,18,2,1,1
1057848,18,2,2,0
422712,18,2,1,1
808232,18,2,1,1
4170216,18,2,2,0
369512,18,2,2,0
1936400,18,2,1,1
673336,18,2,1,1
758112,18,2,0,2
2054792,18,2,2,0
387472,18,2,0,2
155040,18,2,1,1
3701456,18,2,0,2
2177640,18,2,0,2
210632,18,2,0,2
98480,18,2,1,1
1102448,18,2,1,1
796368,18,2,0,2
1242184,18,2,1,1
131544,18,2,2,0
76712,18,2,2,0
505016,18,2,1,1
167720,18,2,2,0
336680,18,2,1,1
595472,18,2,0,2
2813320,18,2,0,2
2613880,18,2,2,0
1328648,18,2,0,2
439328,18,2,2,0
357368,18,2,0,2
279160,18,2,1,1
732280,18,2,1,1
1667576,18,2,2,0
1480592,18,2,1,1
179192,18,2,0,2
4768176,18,2,2,0
1479336,18,2,1,1
428984,18,2,1,1
72944,18,2,2,0
200152,18,2,1,1
562472,18,2,0,2
1016952,18,2,1,1
404128,18,2,0,2
565824,18,2,0,2
611032,18,2,0,2
3390528,18,2,0,2
1452616,18,2,0,2
2873696,18,2,2,0
165032,18,2,1,1
1982728,18,2,1,1
173392,18,2,0,2
1681216,18,2,1,1
151560,18,2,1,1
116760,18,2,0,2
1640768,18,2,1,1
325744,18,2,0,2
193784,18,2,1,1
286096,18,2,1,1
5229280,18,2,1,1
974952,18,2,0,2
661288,18,2,2,0
1462600,18,2,0,2
1615088,18,2,0,2
3041736,18,2,1,1
115104,18,2,0,2
156768,18,2,1,1
131136,18,2,1,1
3718352,18,2,0,2
476312,18,2,1,1
844504,18,2,2,0
472832,18,2,0,2
1628496,18,2,0,2
116376,18,2,0,2
1995784,18,2,2,0
3417792,18,2,1,1
942336,18,2,1,1
266744,18,2,0,2
619240,18,2,1,1
525392,18,2,1,1
137184,18,2,1,1
287120,18,2,1,1
1681928,18,2,0,2
675536,18,2,1,1
236336,18,2,1,1
229648,18,2,0,2
94376,18,2,1,1
73808,18,2,1,1
283784,18,2,2,0
205448,18,2,0,2
542640,18,2,2,0
547064,18,2,1,1
470752,18,2,0,2
282760,18,2,1,1
167648,18,2,0,2
191736,18,2,1,1
239280,18,2,2,0
823616,18,2,1,1
4462496,18,2,1,1
172952,18,2,1,1
696952,18,2,1,1
104448,18,2,1,1
307536,18,2,1,1
1494688,18,2,1,1
1415592,18,2,0,2
116144,18,2,2,0
1493248,18,2,1,1
2643968,18,2,2,0
3745824,18,2,1,1
1528816,18,2,2,0
8273856,18,2,1,1
3612688,18,2,1,1
403088,18,2,1,1
139752,18,2,1,1
2014592,18,2,1,1
3611904,18,2,0,2
980936,18,2,1,1
76352,18,2,0,2
618928,18,2,1,1
411800,18,2,2,0
1238584,18,2,0,2
1237616,18,2,1,1
348392,18,2,1,1
7215032,18,2,2,0
97688,18,2,2,0
111544,18,2,1,1
923840,18,2,1,1
452664,18,2,1,1
1466640,18,2,1,1
272176,18,2,1,1
464952,18,2,1,1
756880,18,2,1,1
591408,18,2,2,0
155464,18,2,0,2
1095240,18,2,2,0
269448,18,2,1,1
4249984,18,2,0,2
1306848,18,2,2,0
365872,18,2,2,0
798832,18,2,2,0
619888,18,2,0,2
780744,18,2,1,1
1956800,18,2,1,1
518480,18,2,0,2
399208,18,2,2,0
531320,18,2,2,0
54824,18,2,1,1
958696,18,2,1,1
281128,18,2,1,1
2082368,18,2,1,1
435512,18,2,2,0
240472,18,2,0,2
991272,18,2,1,1
6185776,18,2,1,1
687688,18,2,2,0
395856,18,2,0,2
158744,18,2,1,1
1619640,18,2,1,1
775688,18,2,2,0
1288488,18,2,2,0
827424,18,2,0,2
657968,18,2,1,1
639408,18,2,1,1
586560,18,2,1,1
180456,18,2,1,1
6636640,18,2,1,1
2901680,18,2,2,0
1286760,18,2,1,1
148648,18,2,0,2
539512,18,2,1,1
2140328,18,2,2,0
2913104,18,2,1,1
6502136,18,2,2,0
1974352,18,2,1,1
324168,18,2,1,1
1269696,18,2,1,1
1114408,18,2,1,1
1735424,18,2,1,1
155984,18,2,1,1
294472,18,2,1,1
675176,18,2,0,2
121032,18,2,0,2
891024,18,2,1,1
8356496,18,2,2,0
617712,18,2,2,0
3699568,18,2,0,2
5703480,18,2,0,2
1664616,18,2,2,0
604904,18,2,1,1
804608,18,2,0,2
192088,18,2,1,1
203128,18,2,0,2
463360,18,2,1,1
119296,18,2,1,1
329192,18,2,1,1
762032,18,2,1,1
6468632,18,2,1,1
267296,18,2,0,2
4233672,18,2,1,1
1708992,18,2,2,0
854912,18,2,1,1
215016,18,2,1,1
1252368,18,2,1,1
973520,18,2,2,0
729136,18,2,0,2
1184832,18,2,2,0
100672,18,2,1,1
7330232,19,2,1,1
2931624,19,2,2,0
2905152,19,2,1,1
71152,19,2,1,1
8240208,19,2,0,2
766296,19,2,1,1
396104,19,2,1,1
566560,19,2,2,0
808152,19,2,2,0
1978936,19,2,1,1
164552,19,2,1,1
1528584,19,2,1,1
811992,19,2,1,1
336872,19,2,0,2
752040,19,2,1,1
161416,19,2,1,1
5118976,19,2,2,0
63528,19,2,2,0
504904,19,2,1,1
355592,19,2,0,2
1021440,19,2,1,1
318272,19,2,2,0
201936,19,2,1,1
2618384,19,2,1,1
5800360,19,2,2,0
1596184,19,2,0,2
82984,19,2,1,1
736752,19,2,0,2
2278808,19,2,1,1
689216,19,2,1,1
267872,19,2,1,1
6509704,19,2,1,1
1972384,19,2,1,1
1351768,19,2,1,1
706632,19,2,1,1
967000,19,2,1,1
654456,19,2,2,0
170312,19,2,1,1
699744,19,2,0,2
1696904,19,2,2,0
1731776,19,2,2,0
3262568,19,2,1,1
191152,19,2,1,1
381008,19,2,2,0
246056,19,2,1,1
1642240,19,2,1,1
325272,19,2,0,2
240640,19,2,1,1
663104,19,2,2,0
1969264,19,2,1,1
1257496,19,2,2,0
7511160,19,2,1,1
6880120,19,2,2,0
2339984,19,2,0,2
5227504,19,2,2,0
662512,19,2,1,1
170104,19,2,1,1
4328664,19,2,0,2
1813240,19,2,2,0
1632240,19,2,2,0
138008,19,2,1,1
391880,19,2,2,0
706024,19,2,2,0
3752360,19,2,1,1
207680,19,2,1,1
448712,19,2,1,1
329040,19,2,1,1
678552,19,2,1,1
845768,19,2,2,0
629080,19,2,1,1
513096,19,2,0,2
1376592,19,2,1,1
1656064,19,2,0,2
4340448,19,2,2,0
4849472,19,2,1,1
1880752,19,2,2,0
123976,19,2,1,1
55384,19,2,1,1
781256,19,2,0,2
242864,19,2,2,0
3747296,19,2,0,2
720752,19,2,0,2
420168,19,2,1,1
4580096,19,2,1,1
409088,19,2,1,1
195640,19,2,0,2
520984,19,2,1,1
929672,19,2,2,0
1023696,19,2,0,2
1080720,19,2,1,1
233960,19,2,2,0
82056,19,2,2,0
1918120,19,2,1,1
247104,19,2,1,1
433792,19,2,2,0
138152,19,2,2,0
261808,19,2,1,1
3113272,19,2,1,1
829520,19,2,0,2
184936,19,2,2,0
297816,19,2,1,1
558784,19,2,1,1
149848,19,2,2,0
494496,19,2,0,2
373160,19,2,2,0
3529416,19,2,2,0
1296656,19,2,0,2
142936,19,2,1,1
930760,19,2,0,2
687432,19,2,1,1
437376,19,2,1,1
815184,19,2,2,0
1813776,19,2,0,2
196048,19,2,1,1
1761184,19,2,2,0
426472,19,2,1,1
3585224,19,2,2,0
562328,19,2,1,1
2836840,19,2,2,0
188880,19,2,0,2
444696,19,2,0,2
149080,19,2,1,1
436800,19,2,0,2
418568,19,2,0,2
589944,19,2,1,1
299544,19,2,1,1
678248,19,2,2,0
147248,19,2,0,2
583992,19,2,0,2
646744,19,2,1,1
298584,19,2,1,1
630360,19,2,2,0
621784,19,2,1,1
338336,19,2,2,0
3807008,19,2,1,1
258032,19,2,1,1
5513384,19,2,2,0
5492584,19,2,1,1
547384,19,2,1,1
540968,19,2,0,2
539992,19,2,1,1
653968,19,2,1,1
1075200,19,2,1,1
657264,19,2,1,1
684544,19,2,2,0
178040,19,2,0,2
1073136,19,2,0,2
4997432,19,2,1,1
135080,19,2,1,1
3323360,19,2,1,1
261352,19,2,1,1
168504,19,2,1,1
445880,19,2,1,1
51528,19,2,1,1
766592,19,2,2,0
194416,19,2,0,2
160696,19,2,0,2
439952,19,2,2,0
3713144,19,2,1,1
1053960,19,2,0,2
431576,19,2,1,1
448920,19,2,2,0
558616,19,2,1,1
121720,19,2,1,1
1164768,19,2,0,2
1375360,19,2,1,1
406416,19,2,2,0
1163824,19,2,2,0
200576,19,2,1,1
2652696,19,2,0,2
529288,19,2,0,2
78904,19,2,1,1
136608,19,2,1,1
723456,19,2,1,1
1085352,19,2,0,2
148704,19,2,1,1
247216,19,2,0,2
94592,19,2,2,0
360608,19,2,0,2
556072,19,2,2,0
392496,19,2,2,0
795384,19,2,0,2
618488,19,2,1,1
1068272,19,2,1,1
2283480,19,2,0,2
213632,19,2,1,1
760456,19,2,2,0
1025384,19,2,0,2
2614560,19,2,0,2
168584,19,2,2,0
2123520,19,2,2,0
377088,19,2,1,1
48152,19,2,1,1
305056,19,2,2,0
1392344,19,2,0,2
6184664,19,2,0,2
5655504,19,2,1,1
425776,19,2,1,1
1290152,19,2,1,1
1026336,19,2,1,1
2374224,19,2,1,1
560832,19,2,2,0
2033608,19,2,1,1
331944,19,2,2,0
4036336,19,2,0,2
325000,19,2,2,0
358312,19,2,1,1
157832,19,2,1,1
719112,19,2,0,2
389888,19,2,0,2
2806464,19,2,1,1
341944,19,2,1,1
893424,19,2,2,0
174832,19,2,1,1
500632,19,2,0,2
171008,19,2,1,1
408088,19,2,2,0
2612840,19,2,2,0
6935248,19,2,2,0
353136,19,2,2,0
210224,19,2,1,1
802952,19,2,1,1
2774632,19,2,1,1
6543248,19,2,1,1
1940648,19,2,1,1
6925264,19,2,1,1
463736,19,2,1,1
467040,19,2,0,2
825128,19,2,2,0
133000,19,2,1,1
1201800,19,2,1,1
268568,19,2,0,2
1576072,19,2,1,1
675680,19,2,1,1
1522856,19,2,2,0
1186784,19,2,2,0
333904,19,2,1,1
1537656,19,2,0,2
2635232,19,2,0,2
447080,19,2,1,1
187416,19,2,1,1
230144,19,2,0,2
1516688,19,2,0,2
235496,19,2,0,2
300936,19,2,0,2
3902808,19,2,2,0
205320,19,2,2,0
361832,19,2,1,1
1888384,19,2,1,1
549496,19,2,0,2
695216,19,2,0,2
1630704,19,2,2,0
285600,19,2,1,1
941088,19,2,1,1
950736,19,2,0,2
382512,19,2,1,1
158368,19,2,1,1
2792024,19,2,0,2
567672,19,2,0,2
3281720,19,2,2,0
183192,19,2,1,1
94672,19,2,2,0
921320,19,2,2,0
410432,19,2,1,1
134624,19,2,1,1
324592,19,2,1,1
5379640,19,2,2,0
673328,19,2,1,1
374560,19,2,0,2
319344,19,2,1,1
133488,19,2,1,1
1101608,19,2,0,2
4707960,19,2,1,1
1018232,19,2,2,0
218824,19,2,2,0
355080,19,2,1,1
4103680,19,2,0,2
460152,19,2,2,0
1483568,19,2,1,1
804736,19,2,2,0
601568,19,2,2,0
174584,19,2,1,1
776128,19,2,2,0
98448,19,2,0,2
2273952,19,2,0,2
1680024,19,2,1,1
125928,19,2,1,1
168904,19,2,1,1
3822312,19,2,2,0
867984,19,2,1,1
87008,19,2,1,1
1393360,19,2,0,2
116704,19,2,1,1
904792,19,2,0,2
1994520,19,2,1,1
316808,19,2,0,2
571208,19,2,1,1
534928,19,2,2,0
78480,19,2,2,0
2125104,19,2,1,1
1472168,19,2,0,2
2633776,19,2,1,1
3130120,19,2,2,0
673256,19,2,1,1
280472,19,2,0,2
559264,19,2,1,1
759616,19,2,2,0
300232,19,2,1,1
517808,19,2,1,1
648584,19,2,1,1
303584,19,2,1,1
291168,19,2,1,1
352616,19,2,0,2
184296,19,2,0,2
692800,19,2,2,0
218056,19,2,1,1
591600,19,2,1,1
212240,19,2,0,2
177056,19,2,2,0
789248,19,2,1,1
2343800,19,2,1,1
919920,19,2,1,1
1473872,19,2,2,0
921632,19,2,1,1
551312,19,2,2,0
4462080,19,2,1,1
1023880,19,2,1,1
273072,19,2,1,1
7424584,19,2,2,0
443632,19,2,1,1
679872,19,2,0,2
3412328,19,2,1,1
1171672,19,2,2,0
430880,19,2,0,2
3424736,19,2,2,0
6361800,19,2,1,1
474432,19,2,0,2
2933784,19,2,1,1
481088,19,2,1,1
458184,19,2,0,2
2203200,19,2,2,0
2854992,19,2,1,1
1005280,19,2,0,2
368296,19,2,1,1
830280,19,2,2,0
1120768,19,2,1,1
2337824,19,2,1,1
1296568,19,2,1,1
75120,19,2,0,2
391720,19,2,0,2
1556680,19,2,1,1
1145480,19,2,1,1
275168,19,2,0,2
784200,19,2,1,1
1370768,19,2,2,0
1147480,19,2,1,1
6311000,19,2,0,2
872296,19,2,2,0
1422448,19,2,1,1
921960,19,2,1,1
997160,19,2,0,2
814040,19,2,1,1
549296,19,2,1,1
124984,19,2,2,0
87816,19,2,1,1
391376,19,2,0,2
341216,19,2,1,1
1846096,19,2,0,2
133832,19,2,2,0
112640,19,2,2,0
235384,19,2,1,1
130336,19,2,0,2
976072,19,2,2,0
336960,19,2,1,1
700424,19,2,1,1
6201216,19,2,0,2
392600,19,2,1,1
329504,19,2,0,2
624384,19,2,1,1
865128,19,2,0,2
3380216,19,2,1,1
1901256,19,2,2,0
521128,19,2,0,2
8329152,19,2,1,1
4913208,19,2,2,0
101240,19,2,1,1
1739880,19,2,1,1
1809768,19,2,1,1
4204488,19,2,0,2
226616,19,2,1,1
479296,19,2,2,0
176496,19,2,1,1
536048,19,2,2,0
445120,19,2,1,1
195768,19,2,2,0
135136,19,2,1,1
319520,19,2,1,1
7755312,19,2,0,2
6822848,19,2,1,1
1707728,19,2,1,1
2922720,19,2,1,1
174808,19,2,1,1
2097264,19,2,2,0
96504,19,2,1,1
1057480,19,2,1,1
188848,19,2,2,0
238864,19,2,2,0
358296,19,2,2,0
189128,19,2,2,0
401240,19,2,1,1
683656,19,2,2,0
183280,19,2,1,1
406792,19,2,1,1
3422280,19,2,0,2
192064,19,2,2,0
307176,19,2,1,1
1165504,19,2,1,1
1525264,19,2,1,1
5561224,19,2,2,0
188304,19,2,1,1
1396952,19,2,1,1
1181872,19,2,2,0
382296,19,2,1,1
2597472,19,2,1,1
147968,19,2,1,1
192640,19,2,1,1
230832,19,2,1,1
1884920,19,2,0,2
273424,19,2,1,1
98912,19,2,1,1
194136,19,2,0,2
712000,19,2,2,0
345504,19,2,1,1
645520,19,2,1,1
934640,19,2,1,1
7165616,19,2,1,1
413584,19,2,1,1
565488,19,2,1,1
854184,19,2,1,1
317256,19,2,0,2
124864,19,2,1,1
771744,19,2,2,0
3694880,19,2,1,1
89864,19,2,1,1
58352,19,2,1,1
1034720,19,2,2,0
415232,19,2,1,1
188416,19,2,1,1
400648,19,2,2,0
503304,19,2,2,0
336216,19,2,0,2
179392,19,2,0,2
2645560,19,2,1,1
5581864,19,2,1,1
436504,19,2,1,1
154528,19,2,1,1
234672,19,2,1,1
313888,19,2,0,2
831864,19,2,2,0
1097376,19,2,1,1
617112,19,2,1,1
596384,19,2,0,2
2788288,19,2,2,0
1081256,19,2,0,2
1254160,19,2,1,1
164224,19,2,0,2
5766312,19,2,1,1
937136,19,2,1,1
157576,19,2,2,0
57456,19,2,1,1
227296,19,2,1,1
230784,19,2,1,1
422976,19,2,1,1
1665864,19,2,2,0
321112,19,2,1,1
224160,19,2,0,2
94976,19,2,2,0
7138208,19,2,1,1
1824712,19,2,1,1
1243272,19,2,1,1
5362288,19,2,1,1
1303576,19,2,2,0
998648,19,2,0,2
1556688,19,2,0,2
5887024,19,2,1,1
6328208,19,2,2,0
2529208,19,2,1,1
203192,19,2,2,0
599760,19,2,1,1
673864,19,2,0,2
4674424,19,2,2,0
286200,19,2,1,1
244216,19,2,0,2
1103904,19,2,2,0
1711016,19,2,1,1
188080,19,2,2,0
26640,19,2,1,1
3883608,19,2,1,1
7898280,19,2,0,2
202448,19,2,0,2
143744,19,2,1,1
1733480,19,2,1,1
797792,19,2,0,2
132944,19,2,1,1
108224,19,2,1,1
291072,19,2,0,2
80392,19,2,1,1
243384,19,2,0,2
2213520,19,2,2,0
900160,19,2,2,0
3168040,19,2,1,1
1640608,19,2,0,2
316696,19,2,2,0
740264,19,2,0,2
1470816,19,2,2,0
823360,19,2,1,1
803168,19,2,0,2
367992,19,2,1,1
519088,19,2,0,2
1040312,19,2,1,1
971640,19,2,0,2
489848,19,2,2,0
1905160,19,2,1,1
296504,19,2,1,1
182640,19,2,1,1
4106320,19,2,1,1
4642488,19,2,0,2
959720,19,2,1,1
194888,19,2,1,1
2121152,19,2,2,0
1097744,19,2,2,0
699160,19,2,0,2
238200,19,2,1,1
327488,19,2,2,0
242800,19,2,1,1
834016,19,2,1,1
503400,19,2,1,1
1185168,19,2,0,2
720112,19,2,2,0
203808,19,2,0,2
4091352,19,2,1,1
309200,19,2,1,1
358464,19,2,0,2
1794104,19,2,0,2
199184,19,2,0,2
237168,19,2,0,2
444296,19,2,2,0
168208,19,2,1,1
1753992,19,2,0,2
1698568,19,2,0,2
575624,19,2,2,0
818888,19,2,2,0
627552,19,2,1,1
293032,19,2,2,0
623968,19,2,2,0
447448,19,2,0,2
529240,19,2,1,1
6006400,19,2,1,1
113072,19,2,1,1
2637008,19,2,0,2
2241368,19,2,1,1
332952,19,2,1,1
347400,19,2,0,2
911744,19,2,1,1
140192,19,2,1,1
180328,19,2,2,0
5946104,19,2,2,0
985432,19,2,1,1
1275920,19,2,1,1
302600,19,2,2,0
2307120,19,2,0,2
658288,19,2,0,2
337904,19,2,2,0
210152,19,2,1,1
1292920,19,2,1,1
4197128,19,2,1,1
2123256,19,2,0,2
192960,19,2,2,0
557784,19,2,0,2
183168,19,2,1,1
1809776,19,2,1,1
334784,19,2,1,1
871592,19,2,0,2
817792,19,2,1,1
546648,19,2,1,1
144280,19,2,1,1
2124056,19,2,2,0
2058240,19,2,1,1
1304464,19,2,2,0
440896,19,2,1,1
796664,19,2,1,1
594576,19,2,0,2
973392,19,2,0,2
141216,19,2,1,1
1337616,19,2,1,1
152376,19,2,1,1
650016,19,2,1,1
3793560,19,2,1,1
1172680,19,2,1,1
783248,19,2,1,1
542432,19,2,1,1
1008480,19,2,0,2
194496,19,2,1,1
474880,19,2,0,2
79296,19,2,1,1
2943040,19,2,2,0
860456,19,2,1,1
3798680,19,2,1,1
1480536,19,2,1,1
575008,19,2,1,1
773528,19,2,0,2
3336904,19,2,2,0
1240752,19,2,1,1
1743424,19,2,1,1
608944,19,2,0,2
3020912,19,2,1,1
197688,19,2,2,0
837616,19,2,1,1
297496,19,2,1,1
1460392,19,2,1,1
1018648,19,2,0,2
175248,19,2,2,0
166120,19,2,1,1
386232,19,2,0,2
1949376,19,2,2,0
733864,19,2,2,0
836568,19,2,0,2
1215480,19,2,2,0
2872944,19,2,1,1
210528,19,2,1,1
156152,19,2,2,0
6263656,19,2,1,1
765336,19,2,0,2
550512,19,2,1,1
346776,19,2,0,2
698800,19,2,1,1
224896,19,2,1,1
5501360,19,2,1,1
1252616,19,2,2,0
2328680,19,2,0,2
977616,19,2,2,0
462240,19,2,2,0
1385344,19,2,1,1
474336,19,2,2,0
636424,19,2,2,0
921528,19,2,0,2
111376,19,2,2,0
373352,19,2,1,1
6702336,19,2,2,0
859032,19,2,1,1
4582360,19,2,1,1
1093800,19,2,2,0
100400,19,2,0,2
215776,19,2,0,2
211832,19,2,0,2
81120,19,2,1,1
115624,19,2,1,1
435704,19,2,2,0
4781168,19,2,1,1
397312,19,2,1,1
522344,19,2,0,2
2875952,19,2,1,1
722488,19,2,1,1
268408,19,2,0,2
2803656,19,2,1,1
1998016,19,2,0,2
320008,19,2,2,0
566376,19,2,2,0
752944,19,2,1,1
563816,19,2,2,0
1543432,19,2,1,1
1077368,19,2,2,0
558808,19,2,1,1
421640,19,2,0,2
875280,19,2,1,1
1364896,19,2,1,1
233344,19,2,2,0
3628744,19,2,1,1
558512,19,2,1,1
1102256,19,2,0,2
127896,19,2,1,1
130640,19,2,2,0
531728,19,2,2,0
189504,19,2,0,2
519208,19,2,1,1
6450880,19,2,2,0
369856,19,2,0,2
430088,19,2,1,1
186464,19,2,1,1
770368,19,2,1,1
157480,19,2,0,2
562528,19,2,2,0
920464,19,2,0,2
516312,19,2,1,1
113728,19,2,0,2
1384376,19,2,2,0
721880,19,2,1,1
3957192,19,2,2,0
1508944,19,2,1,1
1638496,19,2,2,0
123056,19,2,1,1
3973232,19,2,1,1
3721024,19,2,2,0
98864,19,2,0,2
178456,19,2,2,0
477024,19,2,0,2
113424,19,2,1,1
816944,19,2,1,1
370176,19,2,2,0
103728,19,2,0,2
2154656,19,2,2,0
88392,19,2,1,1
842448,19,2,2,0
1485224,19,2,2,0
218976,19,2,2,0
2277688,19,2,1,1
693048,19,2,0,2
2012144,19,2,1,1
1808792,19,2,0,2
1910760,19,2,2,0
422824,19,2,1,1
643496,19,2,1,1
383176,19,2,1,1
2190616,19,2,1,1
383640,19,2,0,2
200176,19,2,0,2
623096,19,2,0,2
1242632,19,2,1,1
3104064,19,2,2,0
1047888,19,2,2,0
1287496,19,2,0,2
386288,19,2,1,1
5670936,19,2,1,1
1217288,19,2,0,2
1089720,19,2,2,0
89464,19,2,1,1
206344,19,2,1,1
1491008,19,2,1,1
803648,19,2,1,1
201576,19,2,1,1
4965176,19,2,1,1
298328,19,2,2,0
3243944,19,2,0,2
3562024,19,2,1,1
388424,19,2,1,1
4060520,19,2,2,0
409024,19,2,1,1
602160,19,2,0,2
323280,19,2,1,1
781600,19,2,1,1
401696,19,2,0,2
1583152,19,2,1,1
1055320,19,2,1,1
2756816,19,2,1,1
2763000,19,2,0,2
688656,19,2,2,0
189880,19,2,1,1
206104,19,2,0,2
166624,19,2,0,2
3412552,19,2,2,0
1429072,19,2,0,2
560872,19,2,2,0
342024,19,2,2,0
3861184,19,2,2,0
313688,19,2,0,2
7609496,19,2,1,1
1502824,19,2,1,1
88936,19,2,2,0
1819264,19,2,2,0
108496,19,2,1,1
982952,19,2,1,1
1242568,19,2,1,1
256120,19,2,1,1
581392,19,2,2,0
344200,19,2,1,1
1053736,19,2,2,0
4374496,19,2,1,1
279904,19,2,2,0
1180536,19,2,0,2
938776,19,2,2,0
1392328,19,2,0,2
5676224,19,2,0,2
904488,19,2,1,1
2090880,19,2,1,1
1125400,19,2,2,0
689840,19,2,1,1
919640,19,2,1,1
6531072,19,2,0,2
490512,19,2,0,2
66824,19,2,1,1
697904,19,2,1,1
3338824,19,2,1,1
809408,19,2,2,0
203840,19,2,0,2
1743952,19,2,2,0
1398328,19,2,1,1
712392,19,2,1,1
817160,19,2,0,2
249136,19,2,1,1
370664,19,2,1,1
162872,19,2,2,0
810168,19,2,0,2
317280,19,2,1,1
69272,19,2,2,0
5619768,19,2,1,1
899720,19,2,0,2
149696,19,2,1,1
2241984,19,2,1,1
138624,19,2,1,1
274208,19,2,0,2
395920,19,2,2,0
6007160,19,2,1,1
261888,19,2,1,1
971920,19,2,1,1
285288,19,2,1,1
620336,19,2,1,1
1434496,19,2,1,1
294632,19,2,2,0
1007736,19,2,0,2
1410736,19,2,1,1
591864,19,2,1,1
354192,19,2,0,2
150024,19,2,1,1
6380432,19,2,1,1
927240,19,2,1,1
510320,19,2,0,2
254528,19,2,1,1
2221736,19,2,0,2
1570104,19,2,0,2
385304,19,2,0,2
484264,19,2,1,1
1943280,19,2,1,1
175816,19,2,1,1
580456,19,2,1,1
1947584,19,2,0,2
1144544,19,2,1,1
222080,19,2,1,1
376552,19,2,0,2
3680744,19,2,0,2
107352,19,2,1,1
68016,19,2,1,1
664072,19,2,1,1
182896,19,2,2,0
1079952,19,2,1,1
603528,19,2,2,0
411360,19,2,2,0
441560,19,2,0,2
295864,19,2,2,0
118912,19,2,2,0
253488,19,2,1,1
1776504,19,2,1,1
1804112,19,2,0,2
202904,19,2,1,1
455728,19,2,0,2
473288,19,2,1,1
234824,19,2,1,1
924144,19,2,2,0
429104,19,2,0,2
2619056,19,2,0,2
202048,19,2,0,2
8385448,19,2,1,1
462856,19,2,1,1
1158416,19,2,0,2
388240,19,2,1,1
811488,19,2,2,0
512264,19,2,1,1
282360,19,2,0,2
629200,19,2,1,1
203344,19,2,0,2
258336,19,2,0,2
950240,19,2,0,2
124280,19,2,0,2
1592392,19,2,1,1
1500552,19,2,2,0
1268904,19,2,2,0
635160,19,2,1,1
314384,19,2,1,1
1294432,19,2,1,1
510664,19,2,2,0
1298968,19,2,1,1
1925200,19,2,1,1
431048,19,2,2,0
741928,19,2,1,1
129864,19,2,1,1
236088,19,2,2,0
3849232,19,2,1,1
3571776,19,2,0,2
138792,19,2,1,1
2897200,19,2,1,1
4008736,19,2,0,2
4073608,19,2,0,2
1554704,19,2,2,0
3076024,19,2,2,0
1256104,19,2,1,1
322232,19,2,2,0
314992,19,2,1,1
829680,19,2,0,2
4834688,19,2,0,2
4546136,19,2,2,0
1283984,19,2,2,0
236296,19,2,2,0
325520,19,2,0,2
1998768,19,2,1,1
951984,19,2,1,1
1659224,19,2,1,1
1977752,19,2,1,1
541224,19,2,1,1
466552,19,2,1,1
3865960,19,2,0,2
244592,19,2,1,1
518512,19,2,1,1
959128,19,2,2,0
1550072,19,2,1,1
915904,19,2,1,1
183992,19,2,0,2
433744,19,2,0,2
428584,19,2,1,1
3769456,19,2,0,2
412704,19,2,0,2
2240928,19,2,2,0
429032,19,2,0,2
523136,19,2,1,1
1246552,19,2,2,0
512352,19,2,2,0
832944,19,2,1,1
240856,19,2,1,1
208992,19,2,1,1
261400,19,2,2,0
630080,19,2,1,1
117328,19,2,2,0
8090328,19,2,0,2
1318400,19,2,1,1
6822616,19,2,2,0
609008,19,2,2,0
227728,19,2,1,1
522584,19,2,1,1
344328,19,2,1,1
455608,19,2,2,0
87528,19,2,2,0
2623120,19,2,0,2
602240,19,2,0,2
935192,19,2,1,1
1467832,19,2,1,1
2049960,19,2,0,2
534288,19,2,2,0
87896,19,2,0,2
218768,19,2,0,2
185896,19,2,1,1
3796680,19,2,0,2
217928,19,2,0,2
912432,19,2,2,0
333680,19,2,0,2
1559152,19,2,2,0
269432,19,2,1,1
6234720,19,2,0,2
1287264,19,2,1,1
508528,19,2,1,1
720376,19,2,0,2
389152,19,2,1,1
436768,19,2,2,0
566048,19,2,1,1
758072,19,2,2,0
1320248,19,2,2,0
625688,19,2,1,1
733000,19,2,1,1
374184,19,2,1,1
3910128,19,2,0,2
414088,19,2,1,1
190424,19,2,2,0
6044224,19,2,1,1
5085656,19,2,2,0
2447544,19,2,1,1
860744,19,2,0,2
1993856,19,2,1,1
705720,19,2,1,1
1288976,19,2,1,1
179432,19,2,2,0
686408,19,2,0,2
2120936,19,2,1,1
4176384,19,2,1,1
302056,19,2,1,1
468992,19,2,1,1
969800,19,2,1,1
99120,19,2,2,0
2009184,19,2,1,1
543928,19,2,1,1
258424,19,2,0,2
6358752,19,2,1,1
501120,19,2,2,0
660504,19,2,2,0
180200,19,2,1,1
1994744,19,2,0,2
537016,19,2,0,2
160664,19,2,1,1
1030808,19,2,2,0
78312,19,2,2,0
494984,19,2,1,1
354904,19,2,1,1
2510840,19,2,1,1
1352200,19,2,1,1
2478024,19,2,1,1
3467656,19,2,2,0
408336,19,2,0,2
1570160,19,2,1,1
1023656,19,2,1,1
492440,19,2,0,2
2316904,19,2,0,2
268992,19,2,2,0
198536,19,2,1,1
213392,19,2,2,0
2732912,19,2,1,1
870888,19,2,0,2
533160,19,2,1,1
2154728,19,2,1,1
652880,19,2,2,0
1490128,19,2,0,2
112768,19,2,2,0
672792,19,2,2,0
1314464,19,2,1,1
554504,19,2,2,0
1124752,19,2,1,1
2666400,19,2,1,1
1371272,19,2,0,2
3848096,19,2,1,1
428688,19,2,1,1
1193104,19,2,0,2
960032,19,2,0,2
437128,19,2,1,1
126144,19,2,2,0
329176,19,2,2,0
5601344,19,2,1,1
1468376,19,2,0,2
2710504,19,2,1,1
210696,19,2,1,1
1155616,19,2,1,1
450632,19,2,2,0
1297352,19,2,2,0
586312,19,2,2,0
162840,19,2,0,2
2514736,19,2,0,2
302048,19,2,0,2
911464,19,2,1,1
522208,19,2,2,0
649736,19,2,1,1
320168,19,2,0,2
232032,19,2,1,1
5418872,19,2,0,2
1061968,19,2,1,1
3629088,19,2,0,2
2520640,19,2,0,2
273696,19,2,0,2
256568,19,2,0,2
601512,19,2,1,1
1467848,19,2,1,1
206600,19,2,0,2
215592,19,2,1,1
815704,19,2,2,0
6006032,19,2,2,0
241496,19,2,1,1
476568,19,2,0,2
1245832,19,2,2,0
7166176,19,2,2,0
184352,19,2,2,0
1864592,19,2,0,2
2097912,19,2,2,0
459864,19,2,0,2
87800,19,2,1,1
399520,19,2,1,1
3267640,19,2,1,1
2357832,19,2,1,1
611312,19,2,1,1
1529208,19,2,1,1
1148696,19,2,1,1
95648,19,2,1,1
1769040,19,2,2,0
265256,19,2,0,2
541472,19,2,1,1
391480,19,2,0,2
190984,19,2,0,2
191696,19,2,0,2
863344,19,2,0,2
554304,19,2,0,2
817040,19,2,1,1
7925768,19,2,1,1
603216,19,2,1,1
687568,19,2,2,0
173824,19,2,2,0
654904,19,2,1,1
784480,19,2,2,0
4368496,19,2,2,0
1467376,19,2,0,2
1595912,19,2,1,1
243360,19,2,0,2
930016,19,2,1,1
1124392,19,2,0,2
130464,19,2,1,1
399008,19,2,1,1
437984,19,2,1,1
1196888,19,2,1,1
127616,19,2,0,2
2557536,19,2,1,1
2235696,19,2,2,0
6971800,19,2,1,1
557600,19,2,1,1
3641224,19,2,0,2
5394936,19,2,0,2
2202224,19,2,1,1
4065144,19,2,1,1
1730360,19,2,1,1
511816,19,2,2,0
201504,19,2,1,1
525360,19,2,2,0
4893856,19,2,1,1
1722408,19,2,2,0
371616,19,2,0,2
183400,19,2,1,1
638928,19,2,1,1
1205360,19,2,1,1
305496,19,2,1,1
191824,19,2,1,1
3645736,19,2,1,1
1105072,19,2,1,1
2690568,19,2,2,0
3853096,19,2,1,1
536312,19,2,1,1
309280,19,2,2,0
1467416,19,2,2,0
4135392,19,2,0,2
74728,19,2,2,0
797648,19,2,0,2
1743056,19,2,1,1
743000,19,2,1,1
363376,19,2,0,2
7548216,19,2,2,0
486968,19,2,1,1
349160,19,2,2,0
750336,19,2,1,1
657912,19,2,1,1
500840,19,2,1,1
1620952,19,2,1,1
1059976,19,2,0,2
141120,19,2,1,1
1697800,19,2,2,0
195696,19,2,2,0
376808,19,2,2,0
311488,19,2,0,2
513672,19,2,1,1
650896,19,2,2,0
59656,19,2,1,1
289136,19,2,1,1
495520,19,2,2,0
75840,19,2,1,1
788736,19,2,1,1
2561088,19,2,1,1
167576,19,2,2,0
708648,19,2,1,1
1099776,19,2,0,2
194424,19,2,1,1
256768,19,2,2,0
4614288,19,2,1,1
1182208,19,2,1,1
640920,19,2,1,1
169624,19,2,1,1
244744,19,2,1,1
708152,19,2,1,1
877984,19,2,2,0
4066864,19,2,0,2
109344,19,2,2,0
329904,19,2,2,0
237304,19,2,1,1
858296,19,2,2,0
1398224,19,2,1,1
164272,19,2,1,1
179752,19,2,1,1
553088,19,2,0,2
2256496,19,2,1,1
1049408,19,2,1,1
415648,19,2,2,0
580672,19,2,1,1
1393688,19,2,1,1
599584,19,2,2,0
106112,19,2,1,1
252608,19,2,0,2
1599320,19,2,2,0
2006536,19,2,2,0
6214832,19,2,0,2
6201456,19,2,2,0
306048,19,2,1,1
1134008,19,2,2,0
1048208,19,2,2,0
1669720,19,2,1,1
719400,19,2,1,1
681768,19,2,1,1
84528,19,2,0,2
601264,19,2,2,0
264904,19,2,0,2
233872,19,2,1,1
240488,19,2,1,1
502208,19,2,0,2
979160,19,2,0,2
1144224,19,2,1,1
310568,19,2,2,0
214824,19,2,2,0
1964968,19,2,2,0
470864,19,2,2,0
1948984,19,2,2,0
473304,19,2,0,2
2414480,19,2,1,1
552576,19,2,2,0
309552,19,2,2,0
911336,19,2,1,1
1678472,19,2,2,0
701304,19,2,1,1
4952576,19,2,0,2
1081264,19,2,1,1
827696,19,2,1,1
268016,19,2,2,0
5567736,19,2,2,0
606152,19,2,2,0
618216,19,2,0,2
444608,19,2,0,2
174800,19,2,2,0
67632,19,2,0,2
866176,19,2,0,2
475880,19,2,2,0
491184,19,2,1,1
618744,19,2,2,0
169184,19,2,0,2
256304,19,2,1,1
250144,19,2,2,0
219016,19,2,1,1
152360,19,2,0,2
132984,19,2,0,2
364504,19,2,0,2
705368,19,2,2,0
661664,19,2,1,1
178440,19,2,1,1
1106640,19,2,1,1
491136,19,2,0,2
5373424,19,2,1,1
1555496,19,2,0,2
543016,19,2,1,1
489296,19,2,2,0
444208,19,2,0,2
2176872,19,2,2,0
253040,19,2,1,1
317968,19,2,0,2
2476760,19,2,0,2
1455216,19,2,1,1
4887024,19,2,1,1
950880,19,2,1,1
269800,19,2,2,0
5509328,19,2,0,2
1512200,19,2,1,1
127408,19,2,0,2
1205616,19,2,1,1
122360,19,2,1,1
141592,19,2,0,2
4641656,19,2,1,1
4381888,19,2,2,0
377680,19,2,1,1
215856,19,2,0,2
3094272,19,2,1,1
1390240,19,2,1,1
1051432,19,2,1,1
534664,19,2,1,1
233104,19,2,2,0
274032,19,2,2,0
3526848,19,2,0,2
137816,19,2,1,1
126248,19,2,2,0
703832,19,2,0,2
6886104,19,2,1,1
3623288,19,2,0,2
230280,19,2,1,1
1581136,19,2,1,1
300328,19,2,2,0
475472,19,2,2,0
1076904,19,2,1,1
384040,19,2,0,2
398192,19,2,0,2
455904,19,2,2,0
328296,19,2,0,2
189656,19,2,0,2
1475720,19,2,1,1
5678464,19,2,0,2
2021584,19,2,2,0
927056,19,2,2,0
4533888,19,2,2,0
238456,19,2,1,1
989784,19,2,1,1
470408,19,2,1,1
347392,19,2,2,0
131528,19,2,0,2
104304,19,2,1,1
220160,19,2,0,2
1031632,19,2,1,1
223488,19,2,1,1
449536,19,2,1,1
1232928,19,2,2,0
3242376,19,2,2,0
678392,19,2,2,0
1987592,19,2,1,1
4376344,19,2,1,1
789952,19,2,1,1
1148224,19,2,1,1
128408,19,2,0,2
1836096,19,2,0,2
276920,19,2,0,2
567704,19,2,2,0
147432,19,2,2,0
1500200,19,2,1,1
2300120,19,2,0,2
640240,19,2,1,1
274440,19,2,0,2
1839256,19,2,1,1
1601344,19,2,1,1
70128,19,2,1,1
7380152,19,2,2,0
375296,19,2,1,1
1273872,19,2,1,1
3152168,19,2,1,1
4346840,19,2,1,1
3323176,19,2,2,0
81232,19,2,2,0
2026464,19,2,0,2
631040,19,2,1,1
3996784,19,2,0,2
296392,19,2,0,2
451912,19,2,0,2
417872,19,2,0,2
1524280,19,2,0,2
250608,19,2,0,2
748000,19,2,0,2
1935016,19,2,1,1
198544,19,2,2,0
2267504,19,2,1,1
2024952,19,2,1,1
2584888,19,2,0,2
1135704,19,2,2,0
384208,19,2,0,2
1374200,19,2,0,2
2595288,19,2,1,1
91704,19,2,2,0
787336,19,2,1,1
704552,19,2,1,1
500464,19,2,2,0
81560,19,2,1,1
226760,19,2,0,2
578672,19,2,1,1
455064,19,2,1,1
1160144,19,2,1,1
1598304,19,2,1,1
2023448,19,2,2,0
3689872,19,2,2,0
97184,19,2,1,1
912280,19,2,2,0
470216,19,2,1,1
1062416,19,2,2,0
143368,19,2,1,1
747080,19,2,0,2
73264,19,2,1,1
1639792,19,2,1,1
602312,19,2,1,1
1528560,19,2,1,1
1064680,19,2,1,1
1927048,19,2,0,2
745824,19,2,2,0
246712,19,2,0,2
1997968,19,2,0,2
1370512,19,2,2,0
751888,19,2,2,0
87664,19,2,1,1
3863424,19,2,2,0
192432,19,2,0,2
100360,19,2,0,2
3156384,19,2,1,1
366088,19,2,1,1
285856,19,2,2,0
1000440,19,2,1,1
188000,19,2,0,2
1133072,19,2,0,2
96192,19,2,2,0
1285136,19,2,0,2
593080,19,2,2,0
307744,19,2,1,1
749952,19,2,2,0
1145968,19,2,0,2
97432,19,2,1,1
6591736,19,2,1,1
1433584,19,2,2,0
1444504,19,2,0,2
2020760,19,2,1,1
955168,19,2,0,2
169432,19,2,2,0
1495048,19,2,1,1
2492976,19,2,0,2
1708416,19,2,1,1
800832,19,2,1,1
895472,19,2,1,1
694888,19,2,2,0
406200,19,2,1,1
70824,19,2,0,2
301064,19,2,1,1
1321000,19,2,1,1
1530592,19,2,2,0
69112,19,2,1,1
248880,19,2,1,1
4232920,19,2,0,2
502344,19,2,0,2
120120,19,2,0,2
1111288,19,2,2,0
144024,19,2,1,1
237688,19,2,2,0
3432200,19,2,1,1
281304,19,2,1,1
2602240,19,2,0,2
381824,19,2,0,2
374624,19,2,1,1
1401896,19,2,2,0
203232,19,2,1,1
225984,19,2,2,0
292624,19,2,1,1
251256,19,2,1,1
481552,19,2,0,2
7924976,19,2,1,1
230744,19,2,2,0
1675000,19,2,1,1
1026704,19,2,0,2
466648,19,2,1,1
2770768,19,2,0,2
541456,19,2,1,1
106352,19,2,2,0
377816,19,2,2,0
184928,19,2,0,2
172344,19,2,1,1
868376,19,2,1,1
968408,19,2,0,2
254952,19,2,1,1
506288,19,2,0,2
498592,19,2,0,2
291408,19,2,2,0
204184,19,2,1,1
254064,19,2,0,2
225696,19,2,1,1
254256,19,2,1,1
443768,19,2,1,1
6832896,19,2,2,0
436672,19,2,2,0
3158824,19,2,1,1
1378184,19,2,0,2
465400,19,2,1,1
1036928,19,2,1,1
566200,19,2,2,0
795072,19,2,2,0
150960,19,2,0,2
91224,19,2,1,1
285880,19,2,0,2
2429064,19,2,0,2
4077688,19,2,1,1
96544,19,2,1,1
3490544,19,2,2,0
103032,19,2,1,1
953496,19,2,1,1
68280,19,2,0,2
3364568,19,2,1,1
189728,19,2,1,1
581528,19,2,1,1
1381096,19,2,1,1
399696,19,2,2,0
321784,19,2,0,2
146296,19,2,1,1
1080512,19,2,1,1
288584,19,2,1,1
331912,19,2,1,1
979432,19,2,2,0
1200848,19,2,0,2
561456,19,2,1,1
1056056,19,2,0,2
6929128,19,2,1,1
1172344,19,2,0,2
486544,19,2,1,1
250488,19,2,1,1
1043232,19,2,2,0
162592,19,2,0,2
651288,19,2,1,1
1612384,19,2,1,1
1214616,19,2,0,2
1896520,19,2,1,1
387736,19,2,1,1
920640,19,2,1,1
1138352,19,2,1,1
1110272,19,2,1,1
236808,19,2,0,2
5274928,19,2,1,1
5649184,19,2,2,0
683880,19,2,2,0
487064,19,2,2,0
114424,19,2,0,2
272408,19,2,1,1
239648,19,2,2,0
2602904,19,2,1,1
707560,19,2,1,1
1349568,19,2,2,0
193208,19,2,1,1
863496,19,2,2,0
285800,19,2,1,1
1188688,19,2,1,1
131736,19,2,2,0
516808,19,2,1,1
210752,19,2,2,0
6331792,19,2,2,0
491048,19,2,0,2
2601992,19,2,2,0
1858552,19,2,1,1
2793528,19,2,0,2
943832,19,2,1,1
186056,19,2,1,1
1015776,19,2,1,1
329152,19,2,2,0
951072,19,2,1,1
1798368,19,2,0,2
585408,19,2,1,1
650096,19,2,0,2
1535200,19,2,1,1
711752,19,2,0,2
178848,19,2,1,1
251040,19,2,0,2
401776,19,2,2,0
3113344,19,2,1,1
1866024,19,2,1,1
1587576,19,2,1,1
652160,19,2,2,0
956608,19,2,1,1
137960,19,2,2,0
245688,19,2,2,0
1190928,19,2,0,2
2853224,19,2,1,1
250360,19,2,1,1
1701488,19,2,2,0
393784,19,2,0,2
918968,19,2,1,1
5349000,19,2,1,1
910704,19,2,2,0
341000,19,2,2,0
187352,19,2,1,1
614392,19,2,1,1
355560,19,2,0,2
740248,19,2,1,1
504280,19,2,0,2
7688000,19,2,1,1
300416,19,2,2,0
4485000,19,2,1,1
346184,19,2,1,1
435352,19,2,0,2
5431872,19,2,2,0
149872,19,2,1,1
1238296,19,2,2,0
3885192,19,2,0,2
293704,19,2,0,2
1917080,19,2,1,1
501680,19,2,0,2
883184,19,2,1,1
340936,19,2,0,2
4573120,19,2,1,1
133712,19,2,1,1
387616,19,2,1,1
854768,19,2,1,1
173600,19,2,1,1
208040,19,2,1,1
226392,19,2,1,1
318504,19,2,1,1
214520,19,2,1,1
1999152,19,2,0,2
2483072,19,2,2,0
205912,19,2,1,1
346880,19,2,1,1
643664,19,2,1,1
2095712,19,2,1,1
397928,19,2,2,0
140544,19,2,1,1
178624,19,2,1,1
4467888,19,2,2,0
1089224,19,2,1,1
1074648,19,2,2,0
847264,19,2,1,1
557528,19,2,0,2
6934792,19,2,1,1
951816,19,2,0,2
241440,19,2,1,1
196528,19,2,1,1
89576,19,2,0,2
188832,19,2,1,1
353824,19,2,1,1
352536,19,2,1,1
1212608,19,2,2,0
129264,19,2,1,1
860472,19,2,1,1
1141344,19,2,1,1
574232,19,2,0,2
72952,19,2,1,1
5421872,19,2,1,1
641920,19,2,2,0
1593504,19,2,0,2
489480,19,2,0,2
641688,19,2,2,0
461072,19,2,1,1
215760,19,2,2,0
326320,19,2,0,2
6123848,19,2,2,0
1501392,19,2,0,2
3335232,19,2,1,1
2513440,19,2,1,1
975048,19,2,0,2
248520,19,2,1,1
1994480,19,2,1,1
1631000,19,2,2,0
93528,19,2,2,0
1513584,19,2,2,0
1292896,19,2,1,1
2133696,19,2,0,2
7914792,19,2,1,1
994112,19,2,1,1
269384,19,2,2,0
5300040,19,2,0,2
109112,19,2,2,0
343736,19,2,1,1
866504,19,2,2,0
205440,19,2,0,2
469136,19,2,1,1
2788368,19,2,1,1
230848,19,2,1,1
6061104,19,2,0,2
384312,19,2,0,2
312608,19,2,2,0
553544,19,2,2,0
2119072,19,2,1,1
2675472,19,2,1,1
868920,19,2,0,2
222824,19,2,0,2
49392,19,2,1,1
1071120,19,2,2,0
2047552,19,2,2,0
985984,19,2,2,0
171192,19,2,1,1
334328,19,2,2,0
419008,19,2,0,2
340912,19,2,2,0
1852712,19,2,1,1
2444432,19,2,1,1
159896,19,2,1,1
8285400,19,2,1,1
453096,19,2,1,1
260256,19,2,0,2
432424,19,2,1,1
385496,19,2,1,1
1311736,19,2,1,1
970744,19,2,0,2
2150696,19,2,0,2
56768,19,2,2,0
1772128,19,2,2,0
4582048,19,2,0,2
1473232,19,2,0,2
566392,19,2,1,1
2241640,19,2,0,2
3125992,19,2,1,1
209360,19,2,1,1
346112,19,2,1,1
411792,19,2,1,1
347104,19,2,1,1
1261888,19,2,2,0
1257488,19,2,2,0
200000,19,2,1,1
45568,19,2,0,2
882640,19,2,1,1
1031760,19,2,1,1
504216,19,2,0,2
757176,19,2,1,1
388688,19,2,1,1
342360,19,2,0,2
251072,19,2,1,1
365768,19,2,2,0
215824,19,2,1,1
1206552,19,2,1,1
66168,19,2,2,0
1847240,19,2,1,1
3519920,19,2,2,0
2770288,19,2,1,1
1602976,19,2,1,1
122112,19,2,0,2
284152,19,2,2,0
283448,19,2,1,1
101096,19,2,1,1
1412536,19,2,1,1
149672,19,2,1,1
173552,19,2,0,2
870120,19,2,2,0
674160,19,2,0,2
2868360,19,2,1,1
545784,19,2,1,1
4422200,19,2,0,2
548784,19,2,2,0
3136824,19,2,0,2
213304,19,2,2,0
1331856,19,2,1,1
2009864,19,2,1,1
500136,19,2,0,2
1432728,19,2,1,1
138744,19,2,1,1
571160,19,2,0,2
78336,19,2,0,2
310120,19,2,1,1
1703232,19,2,1,1
782800,19,2,0,2
102848,19,2,1,1
892168,19,2,1,1
3333752,19,2,1,1
756816,19,2,2,0
4312336,19,2,1,1
1980376,19,2,0,2
174216,19,2,1,1
156976,19,2,2,0
838336,19,2,1,1
198088,19,2,2,0
537912,19,2,1,1
372920,19,2,2,0
4646680,19,2,0,2
59080,19,2,0,2
201152,19,2,1,1
289736,19,2,1,1
349120,19,2,0,2
145432,19,2,1,1
5601712,19,2,1,1
1610008,19,2,1,1
327808,19,2,0,2
56440,19,2,2,0
3472080,19,2,1,1
4043904,19,2,1,1
34480,19,2,2,0
2059736,19,2,1,1
1992384,19,2,2,0
654056,19,2,1,1
116656,19,2,1,1
1824736,19,2,1,1
1573760,19,2,2,0
2277832,19,2,1,1
166024,19,2,1,1
214472,19,2,2,0
165712,19,2,1,1
266392,19,2,2,0
2025528,19,2,0,2
5963952,19,2,1,1
1356400,19,2,0,2
6433544,19,2,1,1
180544,19,2,2,0
1349904,19,2,1,1
772760,19,2,1,1
5792344,19,2,0,2
1557056,19,2,1,1
347120,19,2,1,1
183584,19,2,1,1
406688,19,2,0,2
4923496,19,2,1,1
4487144,19,2,2,0
98800,19,2,1,1
482184,19,2,2,0
140952,19,2,1,1
221352,19,2,2,0
541624,19,2,1,1
128312,19,2,1,1
351104,19,2,0,2
3163024,19,2,2,0
1585768,19,2,1,1
160528,19,2,2,0
83952,19,2,1,1
757656,19,2,1,1
302560,19,2,0,2
294120,19,2,0,2
246144,19,2,1,1
1016488,19,2,1,1
378896,19,2,1,1
945304,19,2,1,1
1181096,19,2,1,1
496016,19,2,2,0
1028496,19,2,1,1
172712,19,2,1,1
774744,19,2,1,1
8055192,19,2,0,2
165760,19,2,1,1
175480,19,2,0,2
1032472,19,2,2,0
1222064,19,2,2,0
505664,19,2,1,1
320928,19,2,1,1
1040248,19,2,0,2
860512,19,2,0,2
53288,19,2,2,0
1372248,19,2,2,0
595400,19,2,1,1
326752,19,2,2,0
225728,19,2,1,1
6356456,19,2,1,1
504384,19,2,2,0
612096,19,2,0,2
113536,19,2,0,2
1643096,19,2,0,2
492408,19,2,1,1
201264,19,2,2,0
1762864,19,2,1,1
799376,19,2,1,1
681264,19,2,0,2
1415544,19,2,0,2
1760704,19,2,2,0
1788656,19,2,1,1
6086840,19,2,0,2
498728,19,2,2,0
154744,19,2,1,1
4069800,19,2,1,1
7681976,19,2,1,1
553528,19,2,1,1
1093824,19,2,0,2
2261072,19,2,1,1
561384,19,2,0,2
6560152,19,2,0,2
3034752,19,2,1,1
1150128,19,2,2,0
1520688,19,2,1,1
822240,19,2,0,2
875816,19,2,2,0
511272,19,2,1,1
3423544,19,2,1,1
752664,19,2,1,1
464568,19,2,0,2
5918864,19,2,1,1
1174624,19,2,1,1
285584,19,2,0,2
121376,19,2,1,1
180472,19,2,2,0
718264,19,2,0,2
5720544,19,2,2,0
725528,19,2,1,1
398688,19,2,0,2
1610712,19,2,1,1
115656,19,2,1,1
363584,19,2,2,0
317072,19,2,0,2
809528,19,2,1,1
352216,19,2,1,1
3800624,19,2,0,2
706920,19,2,1,1
248496,19,2,2,0
2828368,19,2,1,1
2688152,19,2,1,1
2333160,19,2,0,2
371344,19,2,1,1
425464,19,2,1,1
790680,19,2,2,0
442696,19,2,1,1
381200,19,2,1,1
2302528,19,2,2,0
5892928,19,2,2,0
4022888,19,2,1,1
3896248,19,2,1,1
103992,19,2,2,0
3354136,19,2,2,0
541424,19,2,2,0
89248,19,2,2,0
399176,19,2,1,1
719784,19,2,0,2
454312,19,2,2,0
406552,19,2,1,1
2005648,19,2,2,0
102768,19,2,0,2
338824,19,2,1,1
270200,19,2,2,0
103192,19,2,1,1
1695024,19,2,1,1
340232,19,2,1,1
1617424,19,2,2,0
713432,19,2,0,2
1022056,19,2,1,1
4653928,19,2,0,2
223392,19,2,1,1
500872,19,2,0,2
1604280,19,2,0,2
76176,19,2,1,1
2329128,19,2,2,0
227512,19,2,1,1
6812488,19,2,1,1
1678648,19,2,1,1
431520,19,2,1,1
133680,19,2,2,0
304064,19,2,0,2
91752,19,2,0,2
5364920,19,2,1,1
2446928,19,2,1,1
358456,19,2,1,1
349440,19,2,0,2
1517112,19,2,0,2
958792,19,2,1,1
312360,19,2,2,0
298368,20,2,1,1
766480,20,2,1,1
341256,20,2,2,0
304344,20,2,2,0
333688,20,2,0,2
102376,20,2,1,1
299864,20,2,1,1
2516448,20,2,1,1
393232,20,2,0,2
281472,20,2,2,0
3494472,20,2,2,0
158688,20,2,0,2
269056,20,2,1,1
224000,20,2,1,1
5645456,20,2,1,1
206224,20,2,1,1
635600,20,2,2,0
119208,20,2,0,2
323000,20,2,0,2
924736,20,2,1,1
171032,20,2,0,2
315640,20,2,0,2
339264,20,2,0,2
2067544,20,2,1,1
3453416,20,2,0,2
1991040,20,2,1,1
400480,20,2,1,1
3537312,20,2,1,1
239184,20,2,2,0
1202560,20,2,2,0
1320008,20,2,1,1
1299240,20,2,1,1
642544,20,2,0,2
2431736,20,2,1,1
941888,20,2,2,0
188760,20,2,0,2
3982912,20,2,1,1
6246192,20,2,0,2
583936,20,2,2,0
204640,20,2,2,0
162352,20,2,1,1
2415840,20,2,1,1
198928,20,2,1,1
128680,20,2,1,1
86768,20,2,2,0
764864,20,2,1,1
278680,20,2,1,1
298416,20,2,1,1
684872,20,2,2,0
64552,20,2,1,1
290536,20,2,1,1
2443504,20,2,1,1
2455800,20,2,0,2
1851584,20,2,1,1
3752784,20,2,2,0
505672,20,2,1,1
772792,20,2,0,2
3049208,20,2,1,1
3197336,20,2,1,1
1520344,20,2,1,1
6047608,20,2,1,1
1680504,20,2,0,2
484864,20,2,2,0
165024,20,2,1,1
374256,20,2,1,1
593440,20,2,2,0
2174216,20,2,0,2
1362552,20,2,0,2
360064,20,2,2,0
1122576,20,2,2,0
169104,20,2,0,2
134216,20,2,1,1
2047848,20,2,1,1
1261224,20,2,1,1
6071464,20,2,2,0
1848280,20,2,1,1
1324576,20,2,2,0
158424,20,2,1,1
1992752,20,2,0,2
90064,20,2,0,2
985592,20,2,0,2
89960,20,2,0,2
2021960,20,2,0,2
7254184,20,2,1,1
747008,20,2,1,1
3753448,20,2,2,0
1701352,20,2,0,2
5713320,20,2,1,1
189224,20,2,1,1
452264,20,2,1,1
564496,20,2,2,0
487136,20,2,0,2
7757712,20,2,1,1
856752,20,2,0,2
112736,20,2,0,2
7195744,20,2,1,1
3199144,20,2,2,0
1274104,20,2,2,0
402256,20,2,0,2
753152,20,2,2,0
1453664,20,2,1,1
107776,20,2,1,1
375256,20,2,2,0
935584,20,2,2,0
72704,20,2,1,1
3931840,20,2,1,1
398448,20,2,1,1
111176,20,2,1,1
368384,20,2,1,1
232400,20,2,0,2
890192,20,2,1,1
426952,20,2,0,2
176072,20,2,2,0
137072,20,2,0,2
298616,20,2,1,1
141664,20,2,1,1
573872,20,2,1,1
563152,20,2,2,0
549680,20,2,0,2
1972432,20,2,1,1
502840,20,2,0,2
234360,20,2,1,1
2477592,20,2,2,0
954336,20,2,1,1
361856,20,2,1,1
151448,20,2,2,0
752608,20,2,1,1
408032,20,2,2,0
618888,20,2,1,1
630648,20,2,1,1
1962856,20,2,0,2
1001152,20,2,2,0
414824,20,2,1,1
383192,20,2,1,1
141264,20,2,2,0
1948592,20,2,0,2
1421016,20,2,1,1
405432,20,2,1,1
185720,20,2,2,0
314584,20,2,0,2
389992,20,2,2,0
1294920,20,2,1,1
3163392,20,2,0,2
551608,20,2,0,2
3247640,20,2,1,1
4213032,20,2,0,2
862608,20,2,1,1
320248,20,2,2,0
185016,20,2,1,1
3986704,20,2,2,0
367696,20,2,0,2
317664,20,2,2,0
121968,20,2,1,1
1548368,20,2,0,2
195328,20,2,0,2
273776,20,2,1,1
214624,20,2,2,0
173696,20,2,1,1
195600,20,2,2,0
185208,20,2,1,1
1531792,20,2,0,2
3763592,20,2,2,0
297464,20,2,1,1
255528,20,2,1,1
1571016,20,2,1,1
1662584,20,2,2,0
239008,20,2,1,1
5732568,20,2,1,1
1959320,20,2,0,2
2739336,20,2,1,1
984600,20,2,2,0
152832,20,2,1,1
136160,20,2,0,2
821240,20,2,2,0
295856,20,2,1,1
963864,20,2,1,1
394072,20,2,1,1
271688,20,2,1,1
285960,20,2,2,0
1893560,20,2,0,2
178744,20,2,2,0
930744,20,2,1,1
238136,20,2,2,0
2580992,20,2,1,1
196376,20,2,1,1
866936,20,2,0,2
1891168,20,2,0,2
345752,20,2,1,1
320680,20,2,1,1
238632,20,2,0,2
2491000,20,2,0,2
4477104,20,2,0,2
1330712,20,2,2,0
707952,20,2,2,0
889600,20,2,0,2
1495744,20,2,2,0
262360,20,2,1,1
2410096,20,2,2,0
199032,20,2,1,1
602520,20,2,0,2
446976,20,2,1,1
3005520,20,2,1,1
1609560,20,2,2,0
992704,20,2,1,1
162480,20,2,2,0
135360,20,2,1,1
385376,20,2,0,2
489752,20,2,2,0
3584488,20,2,2,0
359664,20,2,1,1
839160,20,2,2,0
2940624,20,2,0,2
1812352,20,2,1,1
748544,20,2,1,1
286832,20,2,1,1
363168,20,2,1,1
1073152,20,2,1,1
287336,20,2,2,0
1514808,20,2,0,2
237880,20,2,1,1
462840,20,2,1,1
2518368,20,2,1,1
831976,20,2,1,1
125784,20,2,2,0
1118912,20,2,1,1
191584,20,2,1,1
3094016,20,2,1,1
515704,20,2,0,2
5802024,20,2,1,1
2049192,20,2,0,2
4700040,20,2,0,2
362920,20,2,1,1
778656,20,2,1,1
219768,20,2,1,1
1236752,20,2,2,0
6122256,20,2,1,1
329800,20,2,0,2
291968,20,2,2,0
198512,20,2,1,1
93480,20,2,2,0
181200,20,2,0,2
774736,20,2,1,1
630536,20,2,1,1
671448,20,2,1,1
269184,20,2,2,0
261208,20,2,0,2
306568,20,2,2,0
175688,20,2,0,2
153072,20,2,1,1
200216,20,2,1,1
2442448,20,2,2,0
1158224,20,2,1,1
2457072,20,2,0,2
382712,20,2,1,1
375248,20,2,0,2
125096,20,2,1,1
63632,20,2,0,2
969248,20,2,0,2
154152,20,2,0,2
3032944,20,2,0,2
4495336,20,2,1,1
59184,20,2,2,0
263776,20,2,1,1
1725488,20,2,1,1
256624,20,2,1,1
2780216,20,2,2,0
1633064,20,2,1,1
1087888,20,2,0,2
881008,20,2,0,2
920056,20,2,1,1
846856,20,2,1,1
498448,20,2,1,1
902808,20,2,2,0
484400,20,2,1,1
2852256,20,2,2,0
82872,20,2,0,2
349232,20,2,1,1
1241192,20,2,2,0
336816,20,2,1,1
487992,20,2,1,1
4253168,20,2,1,1
393808,20,2,1,1
2212688,20,2,1,1
1380416,20,2,2,0
482496,20,2,1,1
135672,20,2,1,1
327824,20,2,1,1
680504,20,2,0,2
1677216,20,2,1,1
247312,20,2,2,0
852224,20,2,1,1
3334888,20,2,0,2
2826976,20,2,1,1
1935152,20,2,1,1
256968,20,2,2,0
475184,20,2,2,0
181072,20,2,0,2
759944,20,2,0,2
516624,20,2,0,2
154296,20,2,0,2
2473952,20,2,1,1
210344,20,2,0,2
216952,20,2,1,1
263936,20,2,1,1
1370976,20,2,0,2
198280,20,2,1,1
223608,20,2,2,0
1323176,20,2,0,2
2458240,20,2,1,1
112880,20,2,1,1
309864,20,2,0,2
629000,20,2,0,2
1478464,20,2,1,1
872256,20,2,2,0
630840,20,2,1,1
295848,20,2,1,1
459664,20,2,2,0
3307896,20,2,1,1
4950032,20,2,0,2
189440,20,2,2,0
212896,20,2,1,1
336488,20,2,0,2
5365312,20,2,2,0
154072,20,2,1,1
1110872,20,2,0,2
155872,20,2,0,2
964872,20,2,1,1
615640,20,2,2,0
4196544,20,2,1,1
184272,20,2,1,1
363416,20,2,2,0
197136,20,2,2,0
242168,20,2,1,1
363880,20,2,1,1
195872,20,2,0,2
6466976,20,2,1,1
673288,20,2,2,0
5623520,20,2,0,2
2739648,20,2,0,2
803552,20,2,1,1
709832,20,2,0,2
172544,20,2,1,1
100968,20,2,0,2
724848,20,2,2,0
266648,20,2,2,0
67128,20,2,2,0
200624,20,2,0,2
137312,20,2,1,1
107376,20,2,2,0
359584,20,2,1,1
1336040,20,2,2,0
655520,20,2,1,1
515936,20,2,0,2
88080,20,2,1,1
2113664,20,2,1,1
364600,20,2,1,1
3250120,20,2,1,1
979192,20,2,0,2
665488,20,2,2,0
1922256,20,2,0,2
4534392,20,2,0,2
158984,20,2,2,0
2341656,20,2,1,1
1003584,20,2,1,1
352872,20,2,1,1
1110176,20,2,1,1
174032,20,2,2,0
578832,20,2,1,1
168936,20,2,0,2
930296,20,2,2,0
155808,20,2,0,2
494216,20,2,2,0
274928,20,2,1,1
101512,20,2,1,1
264176,20,2,0,2
248616,20,2,0,2
207112,20,2,2,0
246024,20,2,1,1
212944,20,2,0,2
127440,20,2,2,0
149808,20,2,0,2
3261472,20,2,1,1
6500408,20,2,2,0
1245888,20,2,0,2
171864,20,2,0,2
839960,20,2,1,1
960160,20,2,1,1
1506416,20,2,1,1
1300184,20,2,2,0
436536,20,2,1,1
1026280,20,2,1,1
259896,20,2,1,1
198000,20,2,1,1
1102968,20,2,1,1
530512,20,2,1,1
647912,20,2,2,0
798696,20,2,1,1
1788168,20,2,1,1
210080,20,2,2,0
235992,20,2,1,1
163360,20,2,1,1
829592,20,2,1,1
4442976,20,2,1,1
398200,20,2,1,1
918488,20,2,1,1
641272,20,2,0,2
306912,20,2,1,1
852856,20,2,1,1
304472,20,2,1,1
876848,20,2,0,2
689648,20,2,1,1
979728,20,2,2,0
1075712,20,2,0,2
4710360,20,2,1,1
291104,20,2,1,1
1187080,20,2,2,0
2705464,20,2,0,2
1011368,20,2,0,2
3836640,20,2,1,1
3691880,20,2,1,1
2331248,20,2,0,2
1053168,20,2,1,1
905968,20,2,2,0
313600,20,2,1,1
3647728,20,2,2,0
230816,20,2,2,0
2523936,20,2,0,2
597192,20,2,2,0
535816,20,2,1,1
170360,20,2,1,1
376840,20,2,0,2
400568,20,2,2,0
297528,20,2,2,0
5276640,20,2,1,1
215944,20,2,1,1
1085976,20,2,0,2
3981992,20,2,2,0
4104416,20,2,1,1
1392712,20,2,2,0
8099656,20,2,1,1
332944,20,2,2,0
1611520,20,2,1,1
2471752,20,2,1,1
2104624,20,2,1,1
608568,20,2,1,1
642576,20,2,1,1
469112,20,2,1,1
57328,20,2,1,1
1208968,20,2,1,1
443336,20,2,1,1
1407032,20,2,1,1
3797104,20,2,0,2
2748192,20,2,1,1
337272,20,2,1,1
2442848,20,2,2,0
89064,20,2,0,2
955152,20,2,1,1
2346744,20,2,2,0
191000,20,2,0,2
89104,20,2,0,2
360904,20,2,0,2
122264,20,2,0,2
270864,20,2,2,0
1070744,20,2,2,0
6600808,20,2,2,0
7206512,20,2,2,0
153032,20,2,1,1
2996496,20,2,2,0
570344,20,2,1,1
59344,20,2,2,0
219280,20,2,1,1
212232,20,2,2,0
243872,20,2,1,1
508224,20,2,2,0
1850616,20,2,2,0
8152256,20,2,1,1
2387752,20,2,1,1
237616,20,2,1,1
137016,20,2,0,2
500128,20,2,1,1
234648,20,2,1,1
236616,20,2,0,2
215040,20,2,0,2
891048,20,2,1,1
240320,20,2,1,1
5106784,20,2,1,1
722032,20,2,0,2
158504,20,2,1,1
98704,20,2,0,2
267392,20,2,1,1
688848,20,2,1,1
544416,20,2,1,1
652336,20,2,2,0
418736,20,2,2,0
329720,20,2,1,1
245624,20,2,1,1
241928,20,2,2,0
1470840,20,2,1,1
1350976,20,2,0,2
407624,20,2,0,2
5507808,20,2,1,1
4634408,20,2,2,0
1874632,20,2,2,0
874240,20,2,0,2
5990024,20,2,1,1
1523368,20,2,0,2
420368,20,2,1,1
465984,20,2,0,2
349192,20,2,1,1
89456,20,2,0,2
390688,20,2,1,1
1389208,20,2,2,0
272440,20,2,1,1
392312,20,2,1,1
202928,20,2,1,1
414800,20,2,0,2
107064,20,2,1,1
272360,20,2,1,1
202656,20,2,1,1
291984,20,2,1,1
556984,20,2,1,1
319136,20,2,1,1
2332368,20,2,2,0
277424,20,2,1,1
1140600,20,2,1,1
298376,20,2,2,0
145656,20,2,1,1
265024,20,2,0,2
5903176,20,2,2,0
588744,20,2,0,2
807920,20,2,0,2
178072,20,2,2,0
684504,20,2,2,0
67824,20,2,1,1
217456,20,2,0,2
635432,20,2,0,2
577808,20,2,0,2
655776,20,2,2,0
251664,20,2,1,1
253840,20,2,1,1
919832,20,2,1,1
748472,20,2,0,2
570208,20,2,0,2
216424,20,2,1,1
2653904,20,2,1,1
1896424,20,2,0,2
834984,20,2,1,1
705184,20,2,2,0
870400,20,2,1,1
1484744,20,2,2,0
214208,20,2,0,2
340160,20,2,1,1
131600,20,2,1,1
327384,20,2,1,1
387000,20,2,0,2
100096,20,2,0,2
413720,20,2,1,1
1161360,20,2,0,2
188008,20,2,2,0
520816,20,2,2,0
420528,20,2,1,1
301328,20,2,1,1
395504,20,2,1,1
2090328,20,2,0,2
213000,20,2,1,1
1362416,20,2,1,1
464616,20,2,1,1
125896,20,2,1,1
586544,20,2,1,1
70840,20,2,1,1
2940304,20,2,0,2
836704,20,2,2,0
180408,20,2,2,0
743056,20,2,1,1
3989144,20,2,1,1
197528,20,2,1,1
171080,20,2,0,2
83384,20,2,0,2
984168,20,2,1,1
472752,20,2,2,0
1630560,20,2,2,0
760544,20,2,1,1
702048,20,2,1,1
2645680,20,2,0,2
693864,20,2,2,0
319504,20,2,2,0
1114160,20,2,2,0
1596040,20,2,1,1
542272,20,2,1,1
488376,20,2,0,2
386936,20,2,1,1
495848,20,2,2,0
99696,20,2,1,1
595720,20,2,1,1
469656,20,2,1,1
208712,20,2,1,1
318600,20,2,0,2
1276968,20,2,2,0
1164848,20,2,1,1
55504,20,2,1,1
1232400,20,2,1,1
845584,20,2,2,0
174848,20,2,1,1
87696,20,2,1,1
197656,20,2,1,1
3033192,20,2,1,1
255408,20,2,1,1
976976,20,2,0,2
1089032,20,2,1,1
330720,20,2,1,1
380368,20,2,0,2
653848,20,2,1,1
3458936,20,2,1,1
262088,20,2,0,2
482032,20,2,1,1
242624,20,2,0,2
1109600,20,2,1,1
2487608,20,2,1,1
768312,20,2,2,0
2468392,20,2,0,2
177664,20,2,0,2
480280,20,2,1,1
1657256,20,2,0,2
203448,20,2,1,1
971024,20,2,0,2
152656,20,2,0,2
2471504,20,2,0,2
3223680,20,2,1,1
2230824,20,2,1,1
73904,20,2,0,2
1804008,20,2,2,0
165416,20,2,2,0
540448,20,2,2,0
324360,20,2,0,2
1847008,20,2,2,0
132464,20,2,1,1
393104,20,2,1,1
3264400,20,2,0,2
2331640,20,2,1,1
807840,20,2,1,1
1520672,20,2,1,1
195280,20,2,1,1
275464,20,2,0,2
338104,20,2,0,2
351832,20,2,1,1
502968,20,2,2,0
6553296,20,2,1,1
455304,20,2,2,0
402800,20,2,1,1
650296,20,2,1,1
220776,20,2,1,1
552680,20,2,1,1
979296,20,2,1,1
751152,20,2,2,0
2414360,20,2,1,1
159808,20,2,2,0
650800,20,2,1,1
1929192,20,2,0,2
408448,20,2,1,1
231552,20,2,0,2
197144,20,2,0,2
267008,20,2,0,2
468784,20,2,1,1
232048,20,2,0,2
3278808,20,2,0,2
340520,20,2,0,2
1143512,20,2,1,1
2290968,20,2,0,2
7965824,20,2,0,2
426344,20,2,0,2
4917992,20,2,2,0
1361608,20,2,2,0
109320,20,2,1,1
3952616,20,2,2,0
936832,20,2,1,1
468376,20,2,1,1
4838832,20,2,1,1
4479056,20,2,1,1
1071648,20,2,2,0
3674184,20,2,2,0
279584,20,2,0,2
224384,20,2,1,1
240432,20,2,0,2
270952,20,2,0,2
651208,20,2,0,2
984544,20,2,1,1
2341552,20,2,2,0
1076176,20,2,2,0
756984,20,2,1,1
1089408,20,2,0,2
526744,20,2,1,1
206768,20,2,2,0
2358696,20,2,2,0
330152,20,2,1,1
2673032,20,2,1,1
7227296,20,2,2,0
139160,20,2,1,1
8067280,20,2,0,2
131008,20,2,0,2
705304,20,2,0,2
2647496,20,2,0,2
2501912,20,2,2,0
104728,20,2,2,0
1201056,20,2,1,1
3557448,20,2,1,1
340008,20,2,2,0
123680,20,2,1,1
192000,20,2,2,0
393760,20,2,1,1
2075296,20,2,0,2
141128,20,2,0,2
663336,20,2,1,1
395720,20,2,1,1
230368,20,2,1,1
7839632,20,2,1,1
4326664,20,2,1,1
181680,20,2,1,1
552200,20,2,1,1
222280,20,2,2,0
2245200,20,2,2,0
861704,20,2,1,1
2344936,20,2,1,1
805312,20,2,0,2
5672808,20,2,2,0
2453528,20,2,1,1
1241328,20,2,2,0
167448,20,2,2,0
307624,20,2,1,1
3245008,20,2,2,0
332928,20,2,1,1
141328,20,2,1,1
896528,20,2,2,0
2592752,20,2,1,1
3154104,20,2,0,2
6390120,20,2,2,0
1430120,20,2,2,0
885568,20,2,0,2
339280,20,2,1,1
371296,20,2,0,2
236560,20,2,2,0
428288,20,2,1,1
464184,20,2,2,0
4798848,20,2,2,0
2372984,20,2,0,2
672216,20,2,1,1
474144,20,2,1,1
178928,20,2,0,2
355480,20,2,1,1
528384,20,2,1,1
1497584,20,2,0,2
1132928,20,2,0,2
333696,20,2,0,2
538176,20,2,1,1
4226608,20,2,0,2
5370696,20,2,2,0
175032,20,2,2,0
2340456,20,2,0,2
469992,20,2,1,1
207912,20,2,1,1
6723816,20,2,1,1
88056,20,2,1,1
1532888,20,2,2,0
329632,20,2,0,2
296656,20,2,1,1
205328,20,2,2,0
412000,20,2,2,0
346552,20,2,1,1
669112,20,2,1,1
365168,20,2,1,1
853664,20,2,0,2
57672,20,2,0,2
315152,20,2,1,1
2545608,20,2,1,1
915928,20,2,2,0
353736,20,2,2,0
469664,20,2,0,2
1765488,20,2,0,2
2678336,20,2,1,1
437384,20,2,1,1
134920,20,2,1,1
1414784,20,2,2,0
1946848,20,2,1,1
324488,20,2,0,2
6484776,20,2,1,1
1168304,20,2,1,1
155816,20,2,1,1
4104352,20,2,2,0
1531640,20,2,1,1
631896,20,2,0,2
430624,20,2,1,1
636160,20,2,2,0
1511544,20,2,1,1
764248,20,2,1,1
420296,20,2,0,2
337928,20,2,1,1
79104,20,2,1,1
1057128,20,2,1,1
88488,20,2,1,1
105624,20,2,1,1
230384,20,2,1,1
335576,20,2,1,1
294104,20,2,1,1
106000,20,2,2,0
279336,20,2,1,1
1661976,20,2,2,0
1052048,20,2,2,0
1156872,20,2,2,0
717760,20,2,0,2
6978320,20,2,2,0
132496,20,2,1,1
2784224,20,2,1,1
104904,20,2,1,1
1195056,20,2,1,1
401272,20,2,1,1
756440,20,2,2,0
464928,20,2,2,0
114912,20,2,2,0
911760,20,2,2,0
204552,20,2,0,2
230176,20,2,2,0
137856,20,2,1,1
169544,20,2,2,0
3086912,20,2,1,1
2168808,20,2,1,1
3320560,20,2,1,1
437920,20,2,1,1
216848,20,2,0,2
4371040,20,2,1,1
1069672,20,2,0,2
228560,20,2,0,2
547784,20,2,2,0
238664,20,2,1,1
356832,20,2,1,1
2606944,20,2,1,1
1854152,20,2,1,1
366392,20,2,1,1
4314616,20,2,0,2
290944,20,2,1,1
203328,20,2,0,2
448336,20,2,2,0
844584,20,2,0,2
1509696,20,2,0,2
181464,20,2,1,1
1750496,20,2,2,0
346712,20,2,1,1
277752,20,2,2,0
527704,20,2,1,1
520560,20,2,2,0
919416,20,2,0,2
79592,20,2,1,1
235928,20,2,0,2
601840,20,2,1,1
561256,20,2,2,0
283416,20,2,1,1
1173096,20,2,1,1
542584,20,2,0,2
190000,20,2,1,1
776344,20,2,0,2
394120,20,2,1,1
865384,20,2,0,2
104104,20,2,1,1
320784,20,2,0,2
4639712,20,2,0,2
4762080,20,2,1,1
3258632,20,2,2,0
825056,20,2,0,2
787488,20,2,1,1
2271080,20,2,2,0
181632,20,2,2,0
297240,20,2,1,1
5210008,20,2,0,2
2067808,20,2,2,0
502456,20,2,1,1
101728,20,2,1,1
1005656,20,2,0,2
163744,20,2,1,1
275824,20,2,1,1
4543784,20,2,1,1
1956488,20,2,1,1
529448,20,2,2,0
308264,20,2,2,0
1118528,20,2,1,1
1190616,20,2,2,0
276240,20,2,2,0
663560,20,2,1,1
1979592,20,2,1,1
3025176,20,2,2,0
162000,20,2,1,1
427896,20,2,0,2
88672,20,2,0,2
5457072,20,2,2,0
629304,20,2,1,1
2419344,20,2,1,1
660552,20,2,2,0
887392,20,2,2,0
801760,20,2,2,0
1032680,20,2,1,1
286504,20,2,1,1
408672,20,2,1,1
171328,20,2,1,1
266904,20,2,2,0
1976296,20,2,1,1
499320,20,2,1,1
1468192,20,2,1,1
176504,20,2,2,0
4317512,20,2,2,0
3466976,20,2,1,1
511032,20,2,1,1
516792,20,2,2,0
4236632,20,2,1,1
615120,20,2,1,1
190848,20,2,2,0
1597472,20,2,2,0
436272,20,2,1,1
376688,20,2,2,0
644992,20,2,2,0
2227072,20,2,1,1
186800,20,2,2,0
7173464,20,2,1,1
1136272,20,2,2,0
321688,20,2,0,2
217816,20,2,1,1
493680,20,2,1,1
250640,20,2,2,0
97832,20,2,1,1
1236488,20,2,1,1
933656,20,2,0,2
132792,20,2,1,1
527536,20,2,0,2
81104,20,2,1,1
905360,20,2,0,2
666224,20,2,1,1
618344,20,2,1,1
4661528,20,2,2,0
235048,20,2,1,1
166512,20,2,1,1
638400,20,2,0,2
4363688,20,2,0,2
5413600,20,2,1,1
306512,20,2,1,1
251056,20,2,1,1
638248,20,2,0,2
218624,20,2,1,1
4557808,20,2,1,1
305568,20,2,1,1
78544,20,2,1,1
346480,20,2,1,1
2916896,20,2,1,1
642568,20,2,1,1
578704,20,2,0,2
2626592,20,2,2,0
257736,20,2,0,2
105792,20,2,1,1
400616,20,2,1,1
193336,20,2,1,1
474952,20,2,0,2
90480,20,2,0,2
155536,20,2,2,0
223952,20,2,0,2
720280,20,2,0,2
6753056,20,2,0,2
1764040,20,2,2,0
6600496,20,2,2,0
276048,20,2,1,1
725264,20,2,0,2
339736,20,2,2,0
314800,20,2,1,1
299880,20,2,0,2
109664,20,2,1,1
396112,20,2,0,2
2669320,20,2,0,2
1932960,20,2,1,1
642016,20,2,1,1
3503560,20,2,1,1
268136,20,2,1,1
493016,20,2,1,1
861152,20,2,1,1
290464,20,2,2,0
1613288,20,2,0,2
131904,20,2,0,2
1104768,20,2,1,1
523392,20,2,2,0
312296,20,2,2,0
180104,20,2,0,2
729800,20,2,2,0
1726248,20,2,2,0
131032,20,2,2,0
474408,20,2,1,1
513240,20,2,1,1
1551792,20,2,2,0
1502104,20,2,1,1
429160,20,2,1,1
166536,20,2,2,0
136560,20,2,1,1
276816,20,2,1,1
1625312,20,2,2,0
1776456,20,2,1,1
264464,20,2,1,1
485080,20,2,1,1
686152,20,2,2,0
389024,20,2,1,1
853720,20,2,2,0
137776,20,2,1,1
118936,20,2,1,1
173728,20,2,1,1
204456,20,2,1,1
104224,20,2,1,1
1044784,20,2,1,1
180736,20,2,2,0
938232,20,2,1,1
184440,20,2,1,1
130688,20,2,1,1
2396688,20,2,1,1
4467776,20,2,2,0
3700400,20,2,1,1
316416,20,2,2,0
604712,20,2,2,0
160120,20,2,0,2
691024,20,2,1,1
1337624,20,2,0,2
384904,20,2,2,0
1151360,20,2,1,1
427840,20,2,0,2
333048,20,2,0,2
375640,20,2,2,0
3182424,20,2,1,1
5987752,20,2,0,2
1354752,20,2,1,1
447904,20,2,1,1
247072,20,2,1,1
744648,20,2,0,2
1928080,20,2,2,0
387208,20,2,1,1
792544,20,2,0,2
541528,20,2,1,1
1802768,20,2,1,1
1047200,20,2,0,2
1684240,20,2,0,2
505536,20,2,1,1
357696,20,2,1,1
181336,20,2,1,1
227160,20,2,2,0
398416,20,2,0,2
1880728,20,2,2,0
2601696,20,2,0,2
1948912,20,2,1,1
505344,20,2,1,1
671832,20,2,2,0
465512,20,2,0,2
106816,20,2,2,0
504448,20,2,0,2
755912,20,2,1,1
205888,20,2,1,1
1221736,20,2,0,2
222288,20,2,2,0
265040,20,2,1,1
8074496,20,2,2,0
292896,20,2,1,1
8385352,20,2,0,2
273200,20,2,1,1
1669272,20,2,2,0
174280,20,2,0,2
472976,20,2,2,0
184832,20,2,1,1
2221184,20,2,1,1
338376,20,2,0,2
1140928,20,2,2,0
791744,20,2,2,0
506832,20,2,2,0
910664,20,2,1,1
243392,20,2,1,1
437632,20,2,0,2
1151752,20,2,2,0
609704,20,2,0,2
165864,20,2,0,2
6773832,20,2,0,2
1787992,20,2,1,1
2846000,20,2,1,1
292664,20,2,1,1
1557184,20,2,0,2
5133000,20,2,2,0
228464,20,2,1,1
232560,20,2,1,1
1399624,20,2,2,0
2505584,20,2,0,2
132584,20,2,1,1
3537872,20,2,1,1
183920,20,2,0,2
191160,20,2,1,1
1639664,20,2,2,0
362144,20,2,2,0
1120696,20,2,0,2
209792,20,2,2,0
416384,20,2,0,2
222768,20,2,0,2
2465760,20,2,1,1
72840,20,2,1,1
794200,20,2,1,1
3118768,20,2,2,0
467536,20,2,2,0
120856,20,2,1,1
3403944,20,2,1,1
1949032,20,2,1,1
382568,20,2,0,2
2951840,20,2,1,1
2641320,20,2,2,0
136816,20,2,1,1
208784,20,2,0,2
663912,20,2,1,1
3411752,20,2,2,0
4473496,20,2,1,1
3799056,20,2,2,0
348536,20,2,1,1
988968,20,2,0,2
223016,20,2,2,0
94344,20,2,1,1
123200,20,2,0,2
2166016,20,2,2,0
322152,20,2,2,0
50912,20,2,2,0
2055592,20,2,1,1
1189152,20,2,1,1
203120,20,2,1,1
288344,20,2,1,1
683392,20,2,1,1
107760,20,2,2,0
646680,20,2,1,1
235624,20,2,1,1
277344,20,2,1,1
830928,20,2,2,0
2662848,20,2,0,2
470008,20,2,2,0
3629808,20,2,2,0
288288,20,2,1,1
173920,20,2,1,1
171168,20,2,0,2
141656,20,2,1,1
519784,20,2,2,0
352344,20,2,1,1
419928,20,2,1,1
5207640,20,2,1,1
6852120,20,2,1,1
2371960,20,2,1,1
353608,20,2,1,1
3949184,20,2,1,1
399856,20,2,2,0
3891456,20,2,2,0
616008,20,2,2,0
2702304,20,2,0,2
540360,20,2,0,2
195288,20,2,0,2
868416,20,2,2,0
2022456,20,2,1,1
4004976,20,2,1,1
778096,20,2,1,1
212608,20,2,1,1
487344,20,2,0,2
176160,20,2,2,0
1103312,20,2,2,0
3384512,20,2,2,0
5890488,20,2,2,0
387312,20,2,0,2
1269128,20,2,1,1
702488,20,2,1,1
256200,20,2,0,2
382456,20,2,1,1
440320,20,2,0,2
662592,20,2,0,2
1381264,20,2,2,0
402944,20,2,2,0
593632,20,2,2,0
1278824,20,2,1,1
1877304,20,2,0,2
164520,20,2,1,1
833312,20,2,1,1
497560,20,2,0,2
381856,20,2,0,2
247728,20,2,2,0
2334080,20,2,2,0
174120,20,2,0,2
745488,20,2,1,1
830800,20,2,1,1
802056,20,2,0,2
1663184,20,2,1,1
808560,20,2,1,1
1007160,20,2,2,0
273008,20,2,1,1
264344,20,2,0,2
410120,20,2,1,1
203416,20,2,2,0
1433112,20,2,0,2
798408,20,2,1,1
405504,20,2,1,1
221800,20,2,1,1
491120,20,2,0,2
725320,20,2,1,1
4774400,20,2,1,1
5834832,20,2,2,0
323048,20,2,2,0
219184,20,2,2,0
98408,20,2,1,1
741976,20,2,1,1
197248,20,2,2,0
5349824,20,2,0,2
2389712,20,2,1,1
2513104,20,2,1,1
222416,20,2,1,1
505176,20,2,2,0
296672,20,2,0,2
559624,20,2,1,1
167224,20,2,1,1
568064,20,2,2,0
402216,20,2,1,1
456616,20,2,0,2
534384,20,2,1,1
1272760,20,2,1,1
208952,20,2,1,1
2191576,20,2,1,1
338184,20,2,0,2
653976,20,2,1,1
3999184,20,2,1,1
296992,20,2,0,2
942256,20,2,1,1
156144,20,2,1,1
4066680,20,2,2,0
1730536,20,2,1,1
325464,20,2,2,0
7936256,20,2,0,2
1086704,20,2,0,2
240504,20,2,1,1
473112,20,2,0,2
1431264,20,2,1,1
7177352,20,2,2,0
1473848,20,2,1,1
355344,20,2,0,2
1301136,20,2,0,2
1188736,20,2,1,1
428112,20,2,1,1
1372256,20,2,2,0
323512,20,2,2,0
152344,20,2,1,1
1005408,20,2,1,1
578856,20,2,1,1
759896,20,2,0,2
179208,20,2,2,0
3159632,20,2,1,1
3464264,20,2,1,1
945320,20,2,1,1
1697624,20,2,1,1
587008,20,2,1,1
1859224,20,2,2,0
470888,20,2,0,2
4706160,20,2,1,1
831776,20,2,1,1
1292560,20,2,1,1
173864,20,2,1,1
423760,20,2,1,1
255312,20,2,0,2
238480,20,2,1,1
258096,20,2,1,1
79864,20,2,0,2
1345080,20,2,1,1
860872,20,2,1,1
329472,20,2,2,0
1930760,20,2,1,1
225136,20,2,2,0
377800,20,2,0,2
387864,20,2,2,0
820712,20,2,2,0
1346696,20,2,0,2
708816,20,2,0,2
582264,20,2,0,2
267048,20,2,1,1
454208,20,2,2,0
599032,20,2,0,2
2782776,20,2,1,1
1013608,20,2,0,2
489400,20,2,2,0
147152,20,2,2,0
3216792,20,2,1,1
946200,20,2,2,0
442720,20,2,1,1
2058488,20,2,0,2
303000,20,2,1,1
780024,20,2,0,2
135560,20,2,1,1
472952,20,2,1,1
1637704,20,2,1,1
218208,20,2,1,1
1110792,20,2,0,2
7739752,20,2,0,2
435960,20,2,1,1
451304,20,2,2,0
789392,20,2,2,0
462848,20,2,0,2
1019792,20,2,2,0
1133288,20,2,0,2
942520,20,2,1,1
1724360,20,2,0,2
3647360,20,2,1,1
2517072,20,2,1,1
127704,20,2,0,2
611864,20,2,1,1
528472,20,2,1,1
829696,20,2,0,2
7882864,20,2,1,1
282784,20,2,0,2
225848,20,2,1,1
1383632,20,2,2,0
930072,20,2,1,1
615616,20,2,1,1
225296,20,2,2,0
349432,20,2,1,1
509984,20,2,1,1
81128,20,2,1,1
436360,20,2,2,0
467640,20,2,2,0
244472,20,2,2,0
224064,20,2,2,0
790440,20,2,0,2
1728600,20,2,1,1
410360,20,2,0,2
192328,20,2,2,0
1061504,20,2,1,1
549328,20,2,1,1
442792,20,2,2,0
210944,20,2,1,1
3300744,20,2,1,1
1317704,20,2,0,2
794952,20,2,2,0
145552,20,2,2,0
3278288,20,2,0,2
2334360,20,2,0,2
374576,20,2,0,2
1039792,20,2,2,0
1826936,20,2,1,1
564064,20,2,2,0
491648,20,2,0,2
2572824,20,2,1,1
243496,20,2,2,0
997872,20,2,1,1
241544,20,2,1,1
1723768,20,2,2,0
120208,20,2,2,0
4077600,20,2,2,0
7058688,20,2,1,1
303344,20,2,1,1
5037968,20,2,0,2
383568,20,2,1,1
304872,20,2,1,1
747784,20,2,0,2
237784,20,2,1,1
540872,20,2,0,2
1838848,20,2,1,1
160632,20,2,2,0
331352,20,2,2,0
7019632,20,2,1,1
798128,20,2,1,1
88912,20,2,1,1
769584,20,2,2,0
2275480,20,2,1,1
506360,20,2,1,1
505320,20,2,1,1
1345016,20,2,1,1
657608,20,2,1,1
414352,20,2,1,1
371648,20,2,1,1
704048,20,2,0,2
497880,20,2,2,0
1062544,20,2,0,2
374168,20,2,1,1
469792,20,2,1,1
875792,20,2,2,0
5741848,20,2,1,1
396400,20,2,1,1
2626800,20,2,1,1
3466288,20,2,0,2
1220880,20,2,1,1
942552,20,2,0,2
401216,20,2,1,1
359776,20,2,0,2
194992,20,2,2,0
192584,20,2,2,0
2602480,20,2,1,1
90824,20,2,1,1
1450096,20,2,1,1
603352,20,2,1,1
94744,20,2,0,2
2360888,20,2,1,1
578456,20,2,1,1
392696,20,2,2,0
1114656,20,2,1,1
267920,20,2,0,2
236056,20,2,1,1
453416,20,2,1,1
395000,20,2,1,1
231328,20,2,1,1
308224,20,2,2,0
461024,20,2,1,1
330600,20,2,1,1
348192,20,2,1,1
1265688,20,2,0,2
1800736,20,2,2,0
1861192,20,2,1,1
1353896,20,2,2,0
301808,20,2,1,1
986896,20,2,0,2
2309192,20,2,1,1
1176688,20,2,0,2
108296,20,2,1,1
453872,20,2,1,1
1171976,20,2,1,1
3256624,20,2,1,1
217944,20,2,0,2
532168,20,2,1,1
654480,20,2,0,2
5904560,20,2,1,1
215488,20,2,0,2
2656880,20,2,1,1
969328,20,2,2,0
555704,20,2,1,1
5898424,20,2,1,1
1466072,20,2,1,1
2955048,20,2,0,2
4611976,20,2,0,2
1483064,20,2,1,1
2178048,20,2,1,1
6515104,20,2,2,0
391096,20,2,0,2
357672,20,2,1,1
271352,20,2,1,1
171744,20,2,1,1
308816,20,2,0,2
1591368,20,2,2,0
1802192,20,2,1,1
1329752,20,2,0,2
4163104,20,2,1,1
174920,20,2,0,2
384808,20,2,0,2
587872,20,2,1,1
4251848,20,2,2,0
371480,20,2,0,2
728224,20,2,2,0
83280,20,2,2,0
943952,20,2,2,0
70984,20,2,1,1
304368,20,2,2,0
2998024,20,2,1,1
153088,20,2,2,0
218232,20,2,2,0
223776,20,2,2,0
203504,20,2,1,1
154080,20,2,1,1
322272,20,2,1,1
295656,20,2,1,1
500960,20,2,1,1
274912,20,2,1,1
5568832,20,2,0,2
135032,20,2,1,1
786256,20,2,0,2
168712,20,2,1,1
93272,20,2,2,0
481096,20,2,2,0
651080,20,2,0,2
217256,20,2,1,1
713632,20,2,2,0
1166336,20,2,2,0
603848,20,2,2,0
262208,20,2,1,1
288248,20,2,1,1
316584,20,2,1,1
243376,20,2,1,1
4401344,20,2,0,2
251528,20,2,0,2
4111344,20,2,1,1
230912,20,2,1,1
3775056,20,2,1,1
1134568,20,2,1,1
678664,20,2,0,2
359032,20,2,0,2
862960,20,2,1,1
295272,20,2,0,2
720912,20,2,1,1
2587464,20,2,0,2
148864,20,2,1,1
95304,20,2,2,0
1343048,20,2,1,1
1535016,20,2,1,1
368888,20,2,1,1
1089040,20,2,1,1
401656,20,2,2,0
586864,20,2,0,2
352408,20,2,1,1
440208,20,2,1,1
473616,20,2,2,0
68896,20,2,1,1
340208,20,2,0,2
651000,20,2,2,0
1078776,20,2,1,1
91968,20,2,2,0
141600,20,2,1,1
1224792,20,2,0,2
2612440,20,2,0,2
1742528,20,2,0,2
1124352,20,2,2,0
1142992,20,2,1,1
283296,20,2,0,2
204440,20,2,1,1
1476664,20,2,2,0
551600,20,2,1,1
1507208,20,2,1,1
735992,20,2,2,0
148944,20,2,1,1
909312,20,2,0,2
381488,20,2,1,1
685120,20,2,2,0
142680,20,2,0,2
140768,20,2,1,1
373488,20,2,0,2
6357656,20,2,0,2
1159336,20,2,1,1
786488,20,2,1,1
232352,20,2,1,1
154184,20,2,1,1
351704,20,2,1,1
1013528,20,2,1,1
1489896,20,2,1,1
1257368,20,2,2,0
77280,20,2,0,2
1048864,20,2,2,0
3689776,20,2,1,1
360024,20,2,1,1
2786264,20,2,0,2
231848,20,2,2,0
114360,20,2,1,1
267080,20,2,2,0
456952,20,2,0,2
343192,20,2,2,0
3610592,20,2,2,0
110048,20,2,0,2
1330464,20,2,1,1
213088,20,2,2,0
1453960,20,2,1,1
1062952,20,2,1,1
280888,20,2,1,1
2715096,20,2,2,0
552136,20,2,1,1
2485656,20,2,0,2
4967520,20,2,1,1
174152,20,2,1,1
377992,20,2,2,0
85456,20,2,2,0
1175256,20,2,1,1
5816208,20,2,1,1
3824768,20,2,1,1
366016,20,2,0,2
634352,20,2,2,0
3144832,20,2,1,1
2438992,20,2,1,1
82976,20,2,1,1
554520,20,2,1,1
164856,20,2,0,2
479272,20,2,0,2
546904,20,2,1,1
4077032,20,2,1,1
130160,20,2,2,0
1417120,20,2,2,0
137208,20,2,1,1
196648,20,2,1,1
161112,20,2,1,1
555480,20,2,1,1
192352,20,2,1,1
4508304,20,2,1,1
4069664,20,2,1,1
243768,20,2,1,1
1310016,20,2,1,1
707240,20,2,1,1
697544,20,2,1,1
352800,20,2,2,0
228184,20,2,1,1
217072,20,2,0,2
3032480,20,2,0,2
535848,20,2,1,1
718256,20,2,1,1
409600,20,2,2,0
914840,20,2,1,1
711168,20,2,2,0
3414776,20,2,1,1
1875440,20,2,0,2
4675128,20,2,2,0
197016,20,2,1,1
2636496,20,2,1,1
705744,20,2,2,0
1749480,20,2,1,1
841432,20,2,1,1
663368,20,2,1,1
264584,20,2,1,1
964112,20,2,1,1
493120,20,2,1,1
844392,20,2,1,1
3211032,20,2,0,2
84000,20,2,1,1
272016,20,2,2,0
411344,20,2,1,1
365520,20,2,1,1
1226808,20,2,1,1
4883696,20,2,1,1
161272,20,2,1,1
3606816,20,2,1,1
392824,20,2,1,1
340272,20,2,2,0
375736,20,2,1,1
79208,20,2,1,1
170296,20,2,1,1
195776,20,2,2,0
1290376,20,2,2,0
215640,20,2,1,1
290032,20,2,1,1
6310016,20,2,1,1
762672,20,2,1,1
457152,20,2,2,0
796688,20,2,1,1
593720,20,2,1,1
7301880,20,2,0,2
361880,20,2,1,1
1102768,20,2,0,2
353976,20,2,1,1
392272,20,2,1,1
564840,20,2,1,1
4971200,20,2,1,1
1101856,20,2,1,1
995888,20,2,2,0
3306128,20,2,1,1
7393048,20,2,1,1
2122760,20,2,2,0
126240,20,2,2,0
2457760,20,2,0,2
3443768,20,2,1,1
1464176,20,2,1,1
524608,20,2,0,2
1040168,20,2,2,0
413808,20,2,1,1
120040,20,2,1,1
5990616,20,2,1,1
395544,20,2,0,2
730432,20,2,2,0
577400,20,2,0,2
2113464,20,2,1,1
427168,20,2,1,1
143624,20,2,1,1
978696,20,2,0,2
368976,20,2,0,2
409000,20,2,1,1
661584,20,2,1,1
1047432,20,2,2,0
5997296,20,2,2,0
387712,20,2,0,2
647176,20,2,1,1
213168,20,2,1,1
3033056,20,2,1,1
2580952,20,2,1,1
359840,20,2,0,2
212576,20,2,0,2
159240,20,2,0,2
2089208,20,2,1,1
4191408,20,2,1,1
777080,20,2,0,2
208136,20,2,1,1
947960,20,2,1,1
1518392,20,2,2,0
766408,20,2,1,1
72920,20,2,2,0
409536,20,2,0,2
944760,20,2,1,1
813880,20,2,0,2
167688,20,2,0,2
1673960,20,2,1,1
1019952,20,2,2,0
1698200,20,2,1,1
419152,20,2,2,0
76392,20,2,1,1
1278480,20,2,2,0
2289560,20,2,1,1
2362760,20,2,2,0
918376,20,2,0,2
713376,20,2,2,0
3612472,20,2,2,0
269232,20,2,0,2
462688,20,2,2,0
50000,20,2,1,1
2903376,20,2,0,2
312928,20,2,1,1
484368,20,2,1,1
267528,20,2,0,2
1956088,20,2,0,2
255168,20,2,0,2
1333792,20,2,1,1
470272,20,2,1,1
127056,20,2,2,0
1009688,20,2,0,2
1380056,20,2,2,0
452032,20,2,2,0
328680,20,2,1,1
1739096,20,2,1,1
125968,20,2,2,0
1362568,20,2,0,2
3312808,20,2,2,0
355184,20,2,2,0
981528,20,2,1,1
3011120,20,2,1,1
638360,20,2,1,1
1646944,20,2,0,2
192520,20,2,0,2
513576,20,2,2,0
848864,20,2,1,1
3197104,20,2,1,1
6582968,20,2,0,2
4412448,20,2,0,2
273304,20,2,1,1
331016,20,2,2,0
744480,20,2,0,2
725064,20,2,2,0
390752,20,2,1,1
186040,20,2,1,1
1296768,20,2,1,1
760960,20,2,0,2
2809784,20,2,2,0
1101840,20,2,1,1
432240,20,2,2,0
679008,20,2,0,2
1057408,20,2,0,2
194240,20,2,0,2
588928,20,2,1,1
1855888,20,2,2,0
202528,20,2,1,1
7581072,20,2,1,1
79472,20,2,1,1
1258960,20,2,1,1
1156248,20,2,1,1
287048,20,2,0,2
424904,20,2,1,1
575472,20,2,1,1
2652280,20,2,1,1
1546272,20,2,1,1
412976,20,2,2,0
498472,20,2,1,1
368856,20,2,2,0
277032,20,2,2,0
4074144,20,2,1,1
203712,20,2,0,2
331408,20,2,1,1
1159840,20,2,1,1
2896528,20,2,1,1
794312,20,2,1,1
1465128,20,2,2,0
7088872,20,2,2,0
273344,20,2,2,0
234256,20,2,1,1
143208,20,2,1,1
254536,20,2,1,1
597328,20,2,1,1
1247864,20,2,0,2
115296,20,2,0,2
314280,20,2,2,0
987304,20,2,1,1
528192,20,2,1,1
1583528,20,2,2,0
2097320,20,2,1,1
1331912,20,2,1,1
857584,20,2,1,1
71312,20,2,1,1
419408,20,2,2,0
1235960,20,2,0,2
1016544,20,2,1,1
599736,20,2,0,2
251952,20,2,1,1
605072,20,2,0,2
105448,20,2,2,0
5243016,20,2,0,2
885544,20,2,1,1
754904,20,2,1,1
174184,20,2,1,1
263736,20,2,2,0
42272,20,2,2,0
188264,20,2,0,2
146824,20,2,1,1
655792,20,2,0,2
266200,20,2,1,1
236792,20,2,1,1
361024,20,2,1,1
2134432,20,2,1,1
808760,20,2,1,1
680328,20,2,2,0
138312,20,2,2,0
155800,20,2,0,2
1399528,20,2,2,0
187008,20,2,2,0
2137840,20,2,1,1
207280,20,2,0,2
163336,20,2,0,2
161456,20,2,1,1
495776,20,2,2,0
129720,20,2,2,0
1523352,20,2,1,1
59088,20,2,1,1
102128,20,2,1,1
370920,20,2,1,1
2740696,20,2,1,1
453168,20,2,1,1
590040,20,2,1,1
571840,20,2,1,1
581808,20,2,0,2
590720,20,2,0,2
128808,20,2,2,0
932600,20,2,2,0
135448,20,2,0,2
1112424,20,2,1,1
207368,20,2,0,2
184072,20,2,1,1
7511320,20,2,0,2
457808,20,2,1,1
1206312,20,2,2,0
219512,20,2,1,1
316000,20,2,2,0
436096,20,2,1,1
7531352,20,2,1,1
5711328,20,2,1,1
712064,20,2,2,0
413896,20,2,1,1
594016,20,2,1,1
275360,20,2,1,1
296048,20,2,2,0
2216472,20,2,1,1
283496,20,2,1,1
195024,20,2,1,1
225928,20,2,1,1
199984,20,2,0,2
1844288,20,2,1,1
98648,20,2,2,0
174760,20,2,1,1
531104,20,2,2,0
244608,20,2,1,1
229656,20,2,1,1
321368,20,2,1,1
97448,20,2,2,0
1973352,20,2,1,1
653152,20,2,1,1
1153880,20,2,1,1
141104,20,2,2,0
1040864,20,2,0,2
1537864,20,2,0,2
2816272,20,2,1,1
434440,20,2,0,2
1293320,20,2,1,1
392152,20,2,2,0
7406648,20,2,1,1
957776,20,2,1,1
1283976,20,2,0,2
4845712,20,2,2,0
340064,20,2,2,0
1646248,20,2,2,0
294312,20,2,1,1
91104,20,2,2,0
1198136,20,2,1,1
1690896,20,2,1,1
884496,20,2,1,1
416704,20,2,1,1
476008,20,2,1,1
1005536,20,2,2,0
412480,20,2,1,1
195984,20,2,1,1
321512,20,2,0,2
456224,20,2,1,1
2221448,20,2,1,1
720192,20,2,1,1
1243800,20,2,1,1
604648,20,2,1,1
150488,20,2,1,1
582728,20,2,2,0
745544,20,2,0,2
238552,20,2,0,2
190648,20,2,2,0
1153752,20,2,1,1
4513080,20,2,1,1
603416,20,2,1,1
430216,20,2,1,1
139608,20,2,1,1
1001872,20,2,1,1
293720,20,2,1,1
8074680,20,2,2,0
889040,20,2,2,0
7671552,20,2,1,1
938976,20,2,2,0
783760,20,2,1,1
533528,20,2,0,2
3252760,20,2,0,2
2896336,20,2,0,2
7333608,20,2,0,2
2595472,20,2,1,1
406264,20,2,1,1
862400,20,2,1,1
222592,21,2,0,2
193192,21,2,0,2
1154920,21,2,2,0
94696,21,2,1,1
1156000,21,2,0,2
212064,21,2,2,0
873960,21,2,2,0
639744,21,2,2,0
464768,21,2,2,0
2155064,21,2,1,1
632544,21,2,0,2
179136,21,2,1,1
275304,21,2,1,1
3076088,21,2,1,1
448768,21,2,0,2
3382016,21,2,2,0
4099760,21,2,1,1
379536,21,2,1,1
367368,21,2,1,1
469496,21,2,1,1
326984,21,2,1,1
1440656,21,2,2,0
1554992,21,2,2,0
924984,21,2,1,1
102304,21,2,2,0
340616,21,2,2,0
1240784,21,2,1,1
349272,21,2,1,1
323096,21,2,1,1
4346256,21,2,0,2
281672,21,2,2,0
5648808,21,2,1,1
220104,21,2,2,0
174264,21,2,1,1
278328,21,2,0,2
407128,21,2,2,0
952104,21,2,1,1
438592,21,2,1,1
2271672,21,2,2,0
511600,21,2,1,1
2706456,21,2,0,2
582720,21,2,1,1
327112,21,2,1,1
283792,21,2,2,0
2168488,21,2,0,2
4706768,21,2,0,2
7740960,21,2,1,1
1831312,21,2,1,1
111584,21,2,2,0
302680,21,2,0,2
81496,21,2,1,1
819288,21,2,1,1
892696,21,2,1,1
721856,21,2,1,1
1041640,21,2,0,2
461560,21,2,2,0
1643568,21,2,1,1
1297032,21,2,2,0
364744,21,2,0,2
898104,21,2,1,1
71848,21,2,0,2
225824,21,2,1,1
887424,21,2,1,1
452904,21,2,1,1
212480,21,2,2,0
2091504,21,2,2,0
1697928,21,2,1,1
356592,21,2,2,0
1944800,21,2,1,1
789640,21,2,2,0
568120,21,2,1,1
549736,21,2,1,1
2183040,21,2,1,1
1305760,21,2,1,1
681544,21,2,1,1
668488,21,2,1,1
3266944,21,2,1,1
576536,21,2,2,0
3003560,21,2,1,1
543720,21,2,2,0
1903360,21,2,1,1
1010512,21,2,2,0
118072,21,2,1,1
242520,21,2,1,1
224272,21,2,1,1
2329888,21,2,1,1
955192,21,2,1,1
110256,21,2,1,1
606232,21,2,2,0
543960,21,2,1,1
646352,21,2,0,2
475144,21,2,1,1
528864,21,2,1,1
3630560,21,2,1,1
122616,21,2,1,1
143280,21,2,1,1
647824,21,2,1,1
513928,21,2,1,1
1006312,21,2,0,2
3682912,21,2,1,1
138296,21,2,0,2
234184,21,2,2,0
133560,21,2,1,1
184336,21,2,0,2
372024,21,2,1,1
445976,21,2,0,2
7178512,21,2,1,1
167072,21,2,0,2
123568,21,2,1,1
332824,21,2,2,0
5299544,21,2,1,1
1459584,21,2,1,1
172720,21,2,1,1
1575176,21,2,2,0
1139944,21,2,1,1
797208,21,2,1,1
966224,21,2,2,0
503664,21,2,0,2
304336,21,2,1,1
7841272,21,2,1,1
232536,21,2,1,1
5636096,21,2,1,1
3065648,21,2,1,1
2032192,21,2,1,1
5666528,21,2,2,0
429192,21,2,1,1
537936,21,2,1,1
2121968,21,2,2,0
184520,21,2,1,1
98040,21,2,1,1
1042832,21,2,1,1
1734320,21,2,2,0
260112,21,2,2,0
127624,21,2,2,0
2717456,21,2,0,2
1162328,21,2,0,2
152472,21,2,0,2
362080,21,2,0,2
1806888,21,2,2,0
180288,21,2,1,1
532656,21,2,1,1
341448,21,2,1,1
151120,21,2,1,1
236280,21,2,1,1
221296,21,2,1,1
263464,21,2,0,2
1815872,21,2,1,1
1010888,21,2,1,1
1723544,21,2,0,2
1011784,21,2,2,0
2708112,21,2,0,2
564360,21,2,1,1
281824,21,2,2,0
1486392,21,2,2,0
797248,21,2,2,0
665248,21,2,0,2
612576,21,2,1,1
323552,21,2,1,1
368816,21,2,1,1
4035168,21,2,1,1
5626712,21,2,2,0
718864,21,2,0,2
377360,21,2,2,0
169680,21,2,2,0
152760,21,2,1,1
252816,21,2,1,1
119760,21,2,2,0
795792,21,2,1,1
534208,21,2,1,1
382952,21,2,2,0
483032,21,2,2,0
375024,21,2,0,2
5626592,21,2,1,1
2161952,21,2,0,2
353648,21,2,0,2
2251840,21,2,1,1
946112,21,2,1,1
687664,21,2,0,2
1195928,21,2,0,2
252448,21,2,1,1
510824,21,2,1,1
504312,21,2,1,1
3269408,21,2,1,1
335936,21,2,1,1
103040,21,2,2,0
1591272,21,2,2,0
2119352,21,2,1,1
1032496,21,2,2,0
184880,21,2,1,1
276992,21,2,1,1
81176,21,2,1,1
784560,21,2,1,1
4255544,21,2,2,0
303320,21,2,1,1
1070064,21,2,1,1
537856,21,2,1,1
648416,21,2,1,1
1136368,21,2,0,2
830208,21,2,2,0
1674000,21,2,2,0
114896,21,2,0,2
1029792,21,2,2,0
194112,21,2,2,0
357944,21,2,0,2
176296,21,2,0,2
722176,21,2,0,2
820616,21,2,2,0
834888,21,2,1,1
164192,21,2,0,2
574600,21,2,0,2
223008,21,2,1,1
223096,21,2,1,1
147704,21,2,0,2
2002808,21,2,2,0
388632,21,2,2,0
185952,21,2,0,2
243072,21,2,2,0
2690152,21,2,1,1
1381080,21,2,1,1
113528,21,2,1,1
604664,21,2,2,0
182112,21,2,1,1
2166592,21,2,0,2
1474696,21,2,2,0
780568,21,2,1,1
554200,21,2,1,1
165184,21,2,1,1
339968,21,2,1,1
176592,21,2,1,1
395952,21,2,1,1
278936,21,2,1,1
3743640,21,2,0,2
198768,21,2,1,1
806344,21,2,2,0
123552,21,2,0,2
1229472,21,2,2,0
2173072,21,2,0,2
1130376,21,2,1,1
82480,21,2,1,1
370224,21,2,1,1
163720,21,2,1,1
352504,21,2,1,1
325448,21,2,1,1
221224,21,2,0,2
1171064,21,2,0,2
675320,21,2,2,0
1181376,21,2,1,1
5076920,21,2,2,0
365464,21,2,1,1
1486264,21,2,2,0
262264,21,2,1,1
568472,21,2,2,0
1459000,21,2,2,0
3844424,21,2,1,1
215408,21,2,0,2
1876408,21,2,1,1
209584,21,2,1,1
141352,21,2,2,0
383224,21,2,1,1
773832,21,2,1,1
276160,21,2,1,1
492544,21,2,0,2
523264,21,2,1,1
4474008,21,2,2,0
1009656,21,2,1,1
653336,21,2,1,1
793808,21,2,1,1
1638656,21,2,2,0
1246264,21,2,1,1
792152,21,2,0,2
357520,21,2,0,2
168480,21,2,1,1
4197080,21,2,2,0
1565600,21,2,2,0
140752,21,2,1,1
355960,21,2,2,0
4092056,21,2,0,2
355160,21,2,1,1
3808496,21,2,0,2
701872,21,2,2,0
359248,21,2,0,2
283152,21,2,1,1
2423144,21,2,2,0
846840,21,2,0,2
924544,21,2,0,2
85904,21,2,1,1
179408,21,2,2,0
5995608,21,2,1,1
2453344,21,2,1,1
167304,21,2,1,1
988848,21,2,0,2
1042936,21,2,2,0
1716600,21,2,0,2
1372512,21,2,2,0
113896,21,2,2,0
1519752,21,2,2,0
1244240,21,2,1,1
361976,21,2,1,1
301960,21,2,0,2
3134528,21,2,1,1
8003440,21,2,1,1
1715328,21,2,0,2
2779768,21,2,2,0
996984,21,2,0,2
3743416,21,2,0,2
573824,21,2,1,1
1465216,21,2,1,1
2039760,21,2,1,1
419960,21,2,1,1
1577384,21,2,1,1
100048,21,2,0,2
70696,21,2,2,0
125824,21,2,1,1
172448,21,2,1,1
906520,21,2,0,2
638504,21,2,0,2
418064,21,2,0,2
186344,21,2,1,1
292536,21,2,1,1
329712,21,2,1,1
1558608,21,2,1,1
151008,21,2,1,1
554608,21,2,2,0
7543256,21,2,2,0
3252416,21,2,1,1
846672,21,2,2,0
1008440,21,2,2,0
256280,21,2,2,0
423560,21,2,1,1
593368,21,2,1,1
6662088,21,2,0,2
4462848,21,2,1,1
161152,21,2,0,2
1862488,21,2,1,1
2026672,21,2,0,2
2187640,21,2,1,1
1442744,21,2,2,0
546176,21,2,0,2
692600,21,2,2,0
600288,21,2,2,0
413176,21,2,0,2
787480,21,2,1,1
686968,21,2,1,1
71032,21,2,2,0
929632,21,2,1,1
223336,21,2,1,1
1325224,21,2,1,1
3700208,21,2,0,2
907280,21,2,2,0
2461040,21,2,2,0
947912,21,2,1,1
571648,21,2,1,1
464368,21,2,1,1
1764464,21,2,0,2
577336,21,2,0,2
754640,21,2,1,1
908608,21,2,1,1
139272,21,2,1,1
85560,21,2,2,0
1829904,21,2,0,2
88744,21,2,0,2
160544,21,2,2,0
922824,21,2,1,1
1544104,21,2,1,1
85824,21,2,2,0
53624,21,2,1,1
528352,21,2,1,1
8012080,21,2,1,1
4370776,21,2,2,0
475176,21,2,1,1
308208,21,2,1,1
6864816,21,2,2,0
3697384,21,2,2,0
528200,21,2,2,0
491720,21,2,0,2
387328,21,2,2,0
714584,21,2,2,0
350360,21,2,1,1
395792,21,2,0,2
1219432,21,2,2,0
7290296,21,2,2,0
772016,21,2,1,1
127488,21,2,2,0
32296,21,2,0,2
164576,21,2,1,1
63016,21,2,0,2
323928,21,2,0,2
186008,21,2,1,1
5441992,21,2,2,0
329320,21,2,1,1
387056,21,2,2,0
178648,21,2,2,0
1065128,21,2,1,1
450864,21,2,1,1
839120,21,2,1,1
1777264,21,2,2,0
1891544,21,2,1,1
252960,21,2,1,1
205432,21,2,1,1
2172400,21,2,0,2
897456,21,2,1,1
317760,21,2,0,2
5544336,21,2,1,1
377192,21,2,2,0
137288,21,2,1,1
252392,21,2,1,1
2046800,21,2,1,1
2008096,21,2,1,1
305880,21,2,1,1
1138792,21,2,2,0
276808,21,2,1,1
507088,21,2,1,1
3704448,21,2,0,2
2103392,21,2,2,0
108760,21,2,1,1
4047792,21,2,1,1
411096,21,2,0,2
316336,21,2,1,1
153064,21,2,1,1
268720,21,2,1,1
2519528,21,2,0,2
409344,21,2,1,1
1111128,21,2,1,1
5287928,21,2,1,1
1166896,21,2,1,1
311376,21,2,1,1
3987800,21,2,2,0
1108096,21,2,1,1
583152,21,2,1,1
1419192,21,2,0,2
847784,21,2,1,1
576136,21,2,2,0
237128,21,2,2,0
4943808,21,2,1,1
84976,21,2,0,2
1719784,21,2,0,2
2457312,21,2,2,0
335192,21,2,1,1
456672,21,2,1,1
1144928,21,2,1,1
311744,21,2,2,0
783008,21,2,2,0
1026208,21,2,2,0
155736,21,2,1,1
522496,21,2,1,1
3770824,21,2,0,2
1973128,21,2,1,1
3674760,21,2,0,2
4727544,21,2,1,1
1087696,21,2,0,2
1537368,21,2,1,1
500096,21,2,1,1
811192,21,2,1,1
1152464,21,2,1,1
735272,21,2,1,1
2108992,21,2,0,2
1079944,21,2,2,0
538688,21,2,2,0
2987576,21,2,2,0
1189248,21,2,2,0
1083072,21,2,2,0
861880,21,2,1,1
179104,21,2,0,2
4995952,21,2,0,2
108712,21,2,2,0
259280,21,2,0,2
933896,21,2,1,1
1979352,21,2,1,1
2915104,21,2,1,1
1698016,21,2,0,2
337280,21,2,1,1
335528,21,2,1,1
2287008,21,2,0,2
579936,21,2,0,2
2117648,21,2,1,1
351176,21,2,1,1
280264,21,2,2,0
1264536,21,2,1,1
121768,21,2,1,1
487832,21,2,0,2
1696248,21,2,1,1
363488,21,2,1,1
2192728,21,2,1,1
2977648,21,2,0,2
531736,21,2,0,2
1576176,21,2,1,1
872752,21,2,1,1
7319816,21,2,2,0
1455344,21,2,0,2
563104,21,2,0,2
583856,21,2,1,1
651160,21,2,0,2
114072,21,2,2,0
762176,21,2,0,2
1179584,21,2,0,2
2614912,21,2,1,1
922704,21,2,0,2
7776376,21,2,1,1
267112,21,2,2,0
526816,21,2,0,2
2210920,21,2,1,1
442768,21,2,0,2
326264,21,2,2,0
230344,21,2,0,2
945712,21,2,2,0
80256,21,2,1,1
338176,21,2,0,2
676448,21,2,1,1
678120,21,2,1,1
6940768,21,2,1,1
1071688,21,2,1,1
4819840,21,2,1,1
363808,21,2,0,2
504848,21,2,0,2
318920,21,2,0,2
400104,21,2,2,0
8133368,21,2,1,1
459896,21,2,2,0
188472,21,2,1,1
467056,21,2,0,2
429224,21,2,1,1
146424,21,2,0,2
3313352,21,2,1,1
498536,21,2,1,1
1911304,21,2,0,2
261192,21,2,1,1
2517184,21,2,0,2
426064,21,2,1,1
285904,21,2,2,0
637288,21,2,1,1
392928,21,2,1,1
662152,21,2,0,2
678064,21,2,1,1
4657384,21,2,1,1
532056,21,2,0,2
2070064,21,2,1,1
345744,21,2,2,0
131856,21,2,1,1
416336,21,2,2,0
132936,21,2,1,1
290224,21,2,2,0
610280,21,2,0,2
391344,21,2,1,1
812520,21,2,0,2
5246952,21,2,1,1
238192,21,2,1,1
327552,21,2,1,1
190976,21,2,2,0
740552,21,2,0,2
1109320,21,2,2,0
314064,21,2,1,1
237440,21,2,1,1
1442776,21,2,0,2
2084240,21,2,1,1
4348800,21,2,1,1
101672,21,2,2,0
875768,21,2,0,2
1614784,21,2,0,2
2143648,21,2,0,2
1285176,21,2,0,2
117096,21,2,0,2
656096,21,2,1,1
241008,21,2,2,0
889160,21,2,1,1
3126704,21,2,0,2
1201400,21,2,0,2
7538312,21,2,1,1
282536,21,2,0,2
1330184,21,2,1,1
335712,21,2,2,0
169160,21,2,2,0
392008,21,2,1,1
1598008,21,2,2,0
324824,21,2,1,1
829120,21,2,2,0
584136,21,2,2,0
1649480,21,2,0,2
214872,21,2,1,1
128056,21,2,1,1
1375184,21,2,1,1
682120,21,2,1,1
83032,21,2,1,1
2658968,21,2,1,1
828136,21,2,2,0
361704,21,2,0,2
2799144,21,2,2,0
153504,21,2,0,2
381760,21,2,2,0
179888,21,2,0,2
1630024,21,2,2,0
548160,21,2,0,2
293768,21,2,1,1
535128,21,2,1,1
1838376,21,2,0,2
614144,21,2,1,1
2456336,21,2,2,0
117048,21,2,0,2
648624,21,2,2,0
961272,21,2,1,1
155488,21,2,1,1
129040,21,2,1,1
5321088,21,2,2,0
591512,21,2,1,1
168760,21,2,1,1
750720,21,2,0,2
5464512,21,2,0,2
2426144,21,2,1,1
273960,21,2,1,1
146848,21,2,2,0
943368,21,2,2,0
768520,21,2,1,1
640416,21,2,0,2
1153808,21,2,1,1
843768,21,2,0,2
94352,21,2,2,0
314152,21,2,1,1
211816,21,2,1,1
136760,21,2,1,1
539416,21,2,1,1
247000,21,2,0,2
164296,21,2,1,1
497088,21,2,2,0
554968,21,2,1,1
2427040,21,2,1,1
248584,21,2,0,2
52328,21,2,1,1
621736,21,2,0,2
394544,21,2,1,1
176792,21,2,1,1
2293624,21,2,1,1
404792,21,2,0,2
1374976,21,2,1,1
6632416,21,2,1,1
199992,21,2,1,1
1727752,21,2,1,1
1398856,21,2,2,0
305352,21,2,0,2
1864624,21,2,0,2
109336,21,2,1,1
940432,21,2,2,0
349808,21,2,0,2
633344,21,2,0,2
338352,21,2,0,2
151632,21,2,2,0
4305544,21,2,1,1
330232,21,2,1,1
6136168,21,2,2,0
1831160,21,2,1,1
850936,21,2,1,1
160160,21,2,1,1
1487584,21,2,1,1
3109096,21,2,1,1
659520,21,2,2,0
1637088,21,2,1,1
529976,21,2,1,1
255072,21,2,1,1
344560,21,2,0,2
436112,21,2,1,1
245552,21,2,0,2
1976456,21,2,1,1
1183760,21,2,1,1
2562712,21,2,1,1
332880,21,2,0,2
276208,21,2,1,1
3553160,21,2,0,2
3500352,21,2,1,1
161704,21,2,1,1
771672,21,2,1,1
3614360,21,2,0,2
435216,21,2,2,0
2719976,21,2,1,1
111504,21,2,2,0
239376,21,2,2,0
805424,21,2,2,0
4130016,21,2,1,1
303064,21,2,1,1
1514952,21,2,1,1
270552,21,2,0,2
732496,21,2,1,1
1356928,21,2,1,1
204624,21,2,1,1
2226472,21,2,0,2
451640,21,2,1,1
1329800,21,2,1,1
790360,21,2,2,0
197296,21,2,0,2
394152,21,2,0,2
196640,21,2,2,0
683600,21,2,2,0
232136,21,2,2,0
1724384,21,2,1,1
91008,21,2,1,1
620136,21,2,1,1
1019912,21,2,2,0
621864,21,2,1,1
642024,21,2,2,0
783728,21,2,0,2
817328,21,2,0,2
268488,21,2,0,2
486568,21,2,0,2
804408,21,2,0,2
1173384,21,2,0,2
5945968,21,2,0,2
2612584,21,2,0,2
364304,21,2,0,2
997760,21,2,1,1
7087136,21,2,1,1
654064,21,2,1,1
528240,21,2,2,0
308864,21,2,1,1
1772920,21,2,1,1
2298768,21,2,1,1
121944,21,2,1,1
653816,21,2,1,1
132488,21,2,1,1
463448,21,2,2,0
868656,21,2,2,0
570888,21,2,1,1
724352,21,2,0,2
2276480,21,2,1,1
5289304,21,2,1,1
1433264,21,2,0,2
276360,21,2,0,2
75832,21,2,1,1
89096,21,2,0,2
270728,21,2,0,2
651032,21,2,1,1
626368,21,2,0,2
328160,21,2,2,0
294736,21,2,1,1
662024,21,2,1,1
1613512,21,2,0,2
308512,21,2,1,1
404824,21,2,2,0
619536,21,2,0,2
457432,21,2,1,1
5777376,21,2,1,1
2515152,21,2,2,0
166696,21,2,2,0
1291656,21,2,1,1
487152,21,2,1,1
5585000,21,2,2,0
4688440,21,2,2,0
2518912,21,2,1,1
398216,21,2,0,2
378208,21,2,2,0
353792,21,2,0,2
411136,21,2,0,2
299200,21,2,1,1
351424,21,2,0,2
268712,21,2,2,0
174624,21,2,1,1
135312,21,2,2,0
419792,21,2,0,2
408128,21,2,1,1
1807624,21,2,0,2
586696,21,2,2,0
280584,21,2,2,0
539024,21,2,1,1
696144,21,2,2,0
640064,21,2,0,2
453808,21,2,1,1
1600416,21,2,2,0
1191384,21,2,2,0
1168352,21,2,0,2
173072,21,2,1,1
573312,21,2,0,2
443192,21,2,0,2
114152,21,2,0,2
424208,21,2,1,1
670784,21,2,2,0
650872,21,2,0,2
182792,21,2,1,1
1570408,21,2,1,1
415472,21,2,1,1
800768,21,2,1,1
947368,21,2,1,1
210072,21,2,0,2
36720,21,2,2,0
5407376,21,2,1,1
3153496,21,2,2,0
7787280,21,2,0,2
3416488,21,2,2,0
391368,21,2,0,2
311216,21,2,1,1
1206368,21,2,1,1
540200,21,2,1,1
411576,21,2,2,0
296592,21,2,2,0
1017336,21,2,1,1
691624,21,2,2,0
852432,21,2,0,2
2133192,21,2,2,0
686144,21,2,1,1
1659088,21,2,0,2
128328,21,2,1,1
1479632,21,2,2,0
7864600,21,2,1,1
1006072,21,2,0,2
217264,21,2,2,0
176856,21,2,1,1
1364992,21,2,0,2
408120,21,2,2,0
164320,21,2,1,1
2302032,21,2,1,1
2166784,21,2,1,1
1053616,21,2,2,0
584120,21,2,2,0
1574384,21,2,1,1
971944,21,2,1,1
400232,21,2,2,0
71928,21,2,1,1
173976,21,2,0,2
169368,21,2,0,2
97696,21,2,1,1
2497904,21,2,1,1
4017864,21,2,0,2
409984,21,2,2,0
207104,21,2,1,1
321592,21,2,2,0
319824,21,2,0,2
247368,21,2,0,2
95704,21,2,0,2
6320016,21,2,1,1
371600,21,2,1,1
8309192,21,2,1,1
444336,21,2,2,0
380208,21,2,0,2
1041912,21,2,0,2
1167904,21,2,1,1
3127936,21,2,1,1
302832,21,2,1,1
154856,21,2,1,1
518736,21,2,1,1
2063048,21,2,1,1
228272,21,2,1,1
386744,21,2,0,2
4384672,21,2,1,1
1037624,21,2,1,1
169896,21,2,1,1
235408,21,2,1,1
1454424,21,2,0,2
1527280,21,2,0,2
261520,21,2,2,0
206552,21,2,1,1
611552,21,2,1,1
231808,21,2,0,2
2779200,21,2,1,1
3137424,21,2,1,1
170920,21,2,2,0
4581920,21,2,1,1
456976,21,2,0,2
250256,21,2,1,1
626184,21,2,1,1
651112,21,2,1,1
237176,21,2,1,1
223976,21,2,1,1
1137688,21,2,0,2
2031776,21,2,0,2
311160,21,2,2,0
2000752,21,2,2,0
549144,21,2,2,0
434640,21,2,2,0
781584,21,2,0,2
7895888,21,2,0,2
1062976,21,2,0,2
1940400,21,2,1,1
5515664,21,2,0,2
178160,21,2,0,2
277008,21,2,1,1
576792,21,2,1,1
4254824,21,2,0,2
4806760,21,2,1,1
5061296,21,2,2,0
6425752,21,2,0,2
153576,21,2,0,2
246312,21,2,1,1
206088,21,2,0,2
129728,21,2,0,2
229584,21,2,0,2
119328,21,2,2,0
88008,21,2,1,1
113632,21,2,1,1
174304,21,2,2,0
3012752,21,2,1,1
2840384,21,2,0,2
2467416,21,2,1,1
257176,21,2,0,2
359200,21,2,1,1
625992,21,2,2,0
447880,21,2,1,1
262384,21,2,0,2
238152,21,2,1,1
101864,21,2,0,2
406512,21,2,0,2
856096,21,2,0,2
523864,21,2,2,0
194256,21,2,2,0
105760,21,2,0,2
411496,21,2,2,0
718000,21,2,1,1
775704,21,2,0,2
166504,21,2,1,1
934744,21,2,1,1
970688,21,2,1,1
2685168,21,2,0,2
1041008,21,2,0,2
518056,21,2,0,2
229120,21,2,1,1
2075336,21,2,2,0
203104,21,2,2,0
411816,21,2,1,1
465496,21,2,2,0
1080000,21,2,1,1
5109096,21,2,1,1
831136,21,2,0,2
189024,21,2,0,2
163856,21,2,1,1
197912,21,2,1,1
918752,21,2,2,0
727840,21,2,1,1
141896,21,2,0,2
641520,21,2,0,2
815752,21,2,0,2
386528,21,2,1,1
147584,21,2,1,1
4263376,21,2,2,0
96480,21,2,1,1
237872,21,2,2,0
776304,21,2,2,0
1844936,21,2,0,2
2285688,21,2,0,2
103152,21,2,2,0
509072,21,2,1,1
1943944,21,2,0,2
604072,21,2,0,2
2955320,21,2,1,1
1219024,21,2,2,0
374680,21,2,1,1
5951728,21,2,1,1
309904,21,2,1,1
521008,21,2,0,2
2315480,21,2,2,0
471744,21,2,1,1
5515304,21,2,2,0
849728,21,2,2,0
1543096,21,2,1,1
2125984,21,2,1,1
4402000,21,2,2,0
318072,21,2,0,2
396472,21,2,2,0
1741920,21,2,1,1
249064,21,2,1,1
7719024,21,2,1,1
311984,21,2,1,1
612856,21,2,1,1
474888,21,2,0,2
86432,21,2,2,0
1616936,21,2,2,0
1873608,21,2,2,0
8271400,21,2,1,1
345952,21,2,1,1
505688,21,2,1,1
825096,21,2,2,0
3451280,21,2,2,0
1538024,21,2,1,1
621016,21,2,1,1
515632,21,2,2,0
178584,21,2,0,2
480112,21,2,1,1
121744,21,2,2,0
135520,21,2,0,2
1967520,21,2,2,0
288680,21,2,0,2
191912,21,2,1,1
1170112,21,2,2,0
706400,21,2,2,0
752904,21,2,1,1
271320,21,2,1,1
143512,21,2,1,1
1005048,21,2,0,2
348128,21,2,1,1
595824,21,2,0,2
217384,21,2,1,1
1510408,21,2,1,1
74288,21,2,2,0
463352,21,2,1,1
493288,21,2,1,1
1596568,21,2,1,1
183488,21,2,1,1
305064,21,2,2,0
1849752,21,2,1,1
768672,21,2,1,1
129640,21,2,2,0
1220048,21,2,1,1
212184,21,2,2,0
2786992,21,2,1,1
261512,21,2,2,0
141976,21,2,1,1
249104,21,2,2,0
330160,21,2,0,2
776176,21,2,1,1
3047096,21,2,2,0
3397376,21,2,0,2
303744,21,2,2,0
7572312,21,2,1,1
536096,21,2,2,0
108672,21,2,1,1
6027904,21,2,0,2
1085360,21,2,0,2
434224,21,2,0,2
7345848,21,2,2,0
4742936,21,2,2,0
305272,21,2,2,0
6176104,21,2,2,0
413304,21,2,1,1
1079576,21,2,1,1
6075728,21,2,1,1
572928,21,2,2,0
258200,21,2,1,1
659856,21,2,1,1
1024208,21,2,1,1
199440,21,2,1,1
606096,21,2,2,0
401984,21,2,1,1
509008,21,2,2,0
428472,21,2,2,0
893168,21,2,1,1
5239920,21,2,2,0
1319592,21,2,1,1
366528,21,2,1,1
253256,21,2,0,2
4889976,21,2,0,2
145968,21,2,1,1
193288,21,2,1,1
246088,21,2,1,1
2842952,21,2,0,2
299264,21,2,0,2
7771680,21,2,1,1
1252640,21,2,1,1
231664,21,2,0,2
618480,21,2,1,1
301184,21,2,2,0
1242216,21,2,1,1
1065256,21,2,1,1
461152,21,2,0,2
168960,21,2,0,2
1338864,21,2,0,2
551872,21,2,1,1
1731696,21,2,1,1
395512,21,2,1,1
1921712,21,2,1,1
397456,21,2,1,1
5172248,21,2,1,1
2614208,21,2,1,1
2844360,21,2,2,0
1821632,21,2,0,2
217248,21,2,2,0
392200,21,2,1,1
477056,21,2,1,1
660480,21,2,1,1
165320,21,2,2,0
303680,21,2,0,2
1518136,21,2,0,2
293904,21,2,1,1
2393824,21,2,0,2
4415320,21,2,0,2
1698624,21,2,2,0
3260368,21,2,1,1
1143408,21,2,1,1
141048,21,2,1,1
1484536,21,2,2,0
168648,21,2,1,1
1272432,21,2,2,0
6321536,21,2,1,1
1187400,21,2,2,0
867904,21,2,2,0
170608,21,2,2,0
867136,21,2,1,1
2763216,21,2,1,1
235504,21,2,0,2
706056,21,2,2,0
704888,21,2,0,2
457944,21,2,1,1
419944,21,2,0,2
253856,21,2,1,1
3388680,21,2,0,2
994352,21,2,2,0
83496,21,2,2,0
169264,21,2,0,2
524592,21,2,0,2
578960,21,2,1,1
185472,21,2,2,0
6668856,21,2,1,1
447344,21,2,0,2
612680,21,2,2,0
340656,21,2,1,1
775088,21,2,1,1
135696,21,2,1,1
2588648,21,2,1,1
2468296,21,2,1,1
314704,21,2,0,2
1452536,21,2,0,2
331672,21,2,0,2
1290296,21,2,0,2
4832032,21,2,0,2
837808,21,2,0,2
1194368,21,2,2,0
365984,21,2,1,1
1155696,21,2,1,1
648296,21,2,1,1
194592,21,2,1,1
68664,21,2,0,2
262176,21,2,1,1
884560,21,2,1,1
109888,21,2,0,2
193664,21,2,2,0
157552,21,2,1,1
1351424,21,2,0,2
713760,21,2,1,1
438608,21,2,0,2
738664,21,2,1,1
3546880,21,2,1,1
220880,21,2,1,1
3087144,21,2,1,1
749176,21,2,1,1
1262096,21,2,1,1
439616,21,2,1,1
1068440,21,2,1,1
7365672,21,2,1,1
2679160,21,2,1,1
1268688,21,2,0,2
1257856,21,2,0,2
495912,21,2,0,2
111416,21,2,1,1
983680,21,2,0,2
1290752,21,2,2,0
318232,21,2,1,1
987576,21,2,0,2
1568424,21,2,1,1
142136,21,2,0,2
462152,21,2,0,2
1107296,21,2,1,1
3916984,21,2,1,1
370880,21,2,2,0
1383456,21,2,1,1
4188712,21,2,2,0
981336,21,2,0,2
475552,21,2,0,2
472152,21,2,0,2
234096,21,2,1,1
4385368,21,2,1,1
1479672,21,2,1,1
976808,21,2,1,1
911304,21,2,1,1
300944,21,2,1,1
235584,21,2,1,1
752216,21,2,2,0
2675224,21,2,1,1
304512,21,2,1,1
1265624,21,2,1,1
131224,21,2,1,1
2473248,21,2,0,2
219336,21,2,1,1
1846224,21,2,2,0
269216,21,2,2,0
345928,21,2,0,2
2396960,21,2,1,1
2311928,21,2,2,0
1789752,21,2,1,1
786352,21,2,1,1
515776,21,2,2,0
194648,21,2,1,1
1779408,21,2,1,1
362120,21,2,2,0
61464,21,2,1,1
2696008,21,2,2,0
1397000,21,2,0,2
665928,21,2,2,0
508672,21,2,1,1
1089064,21,2,1,1
4025672,21,2,1,1
394688,21,2,1,1
2174192,21,2,1,1
4916408,21,2,1,1
1326616,21,2,0,2
344576,21,2,0,2
149784,21,2,2,0
7023224,21,2,1,1
169408,21,2,2,0
385968,21,2,2,0
885024,21,2,2,0
850720,21,2,1,1
761632,21,2,2,0
1190976,21,2,1,1
2751352,21,2,0,2
168216,21,2,1,1
1178224,21,2,1,1
5429704,21,2,2,0
612312,21,2,1,1
2140072,21,2,2,0
158992,21,2,2,0
2696864,21,2,0,2
133792,21,2,1,1
705840,21,2,1,1
2629440,21,2,1,1
3865224,21,2,1,1
415832,21,2,1,1
8339016,21,2,1,1
179816,21,2,1,1
320456,21,2,1,1
2326168,21,2,1,1
903520,21,2,1,1
2488304,21,2,2,0
249688,21,2,1,1
906192,21,2,0,2
1682368,21,2,1,1
4403616,21,2,0,2
124680,21,2,2,0
3445624,21,2,2,0
106656,21,2,1,1
774032,21,2,0,2
1171024,21,2,1,1
388168,21,2,1,1
471384,21,2,1,1
576392,21,2,1,1
2921008,21,2,1,1
265376,21,2,0,2
110528,21,2,1,1
223880,21,2,1,1
184472,21,2,0,2
392856,21,2,2,0
146640,21,2,1,1
215936,21,2,1,1
4463480,21,2,1,1
2175800,21,2,1,1
224528,21,2,2,0
1679800,21,2,0,2
431176,21,2,1,1
1598064,21,2,1,1
529864,21,2,0,2
181488,21,2,0,2
323024,21,2,2,0
1007096,21,2,0,2
691696,21,2,2,0
3320472,21,2,1,1
731528,21,2,1,1
3538736,21,2,1,1
182144,21,2,0,2
1784800,21,2,1,1
171136,21,2,2,0
353712,21,2,1,1
4934008,21,2,1,1
731072,21,2,1,1
276176,21,2,1,1
726776,21,2,0,2
161576,21,2,2,0
811584,21,2,1,1
2523496,21,2,1,1
470968,21,2,1,1
1819560,21,2,1,1
770336,21,2,2,0
1368888,21,2,2,0
1040520,21,2,2,0
615696,21,2,0,2
1793400,21,2,1,1
263912,21,2,1,1
272544,21,2,2,0
340408,21,2,0,2
1568272,21,2,0,2
163568,21,2,1,1
420128,21,2,1,1
626824,21,2,2,0
156256,21,2,0,2
372896,21,2,2,0
237312,21,2,0,2
4544760,21,2,0,2
320096,21,2,2,0
692408,21,2,1,1
147912,21,2,2,0
1250784,21,2,1,1
551648,21,2,1,1
472464,21,2,2,0
208664,21,2,1,1
778216,21,2,1,1
941048,21,2,0,2
200504,21,2,0,2
178048,21,2,0,2
1618784,21,2,2,0
469552,21,2,1,1
518400,21,2,1,1
713976,21,2,2,0
1165152,21,2,2,0
360896,21,2,2,0
740688,21,2,1,1
65624,21,2,0,2
542872,21,2,1,1
3740032,21,2,1,1
2819208,21,2,0,2
2993040,21,2,0,2
3676080,21,2,1,1
145304,21,2,1,1
693120,21,2,1,1
569544,21,2,0,2
194824,21,2,2,0
135008,21,2,2,0
120816,21,2,1,1
2132440,21,2,1,1
3792392,21,2,1,1
412624,21,2,2,0
4118576,21,2,1,1
483176,21,2,2,0
683936,21,2,2,0
195808,21,2,1,1
655320,21,2,1,1
85416,21,2,1,1
915008,21,2,1,1
188208,21,2,2,0
1098104,21,2,0,2
452984,21,2,2,0
3007936,21,2,1,1
563552,21,2,1,1
3203072,21,2,0,2
1292144,21,2,0,2
174344,21,2,2,0
2067800,21,2,1,1
1171984,21,2,2,0
1560984,21,2,1,1
632648,21,2,2,0
634808,21,2,1,1
892272,21,2,1,1
1189592,21,2,0,2
3108560,21,2,1,1
1202488,21,2,1,1
1362104,21,2,0,2
198896,21,2,0,2
1130336,21,2,1,1
228496,21,2,2,0
1218440,21,2,1,1
7049312,21,2,1,1
300896,21,2,1,1
422680,21,2,2,0
489528,21,2,1,1
274056,21,2,2,0
266568,21,2,1,1
1406704,21,2,2,0
2300144,21,2,2,0
359384,21,2,2,0
230984,21,2,1,1
287352,21,2,1,1
164248,21,2,1,1
1422592,21,2,2,0
7299272,21,2,2,0
1194640,21,2,1,1
398936,21,2,2,0
4387608,21,2,1,1
865032,21,2,1,1
3854240,21,2,1,1
5277872,21,2,1,1
2049680,21,2,1,1
81184,21,2,1,1
2281776,21,2,1,1
5152904,21,2,2,0
457208,21,2,2,0
306392,21,2,1,1
439240,21,2,1,1
2819528,21,2,1,1
1988424,21,2,1,1
1801000,21,2,2,0
426832,21,2,1,1
151616,21,2,2,0
1108928,21,2,0,2
2227744,21,2,1,1
671144,21,2,0,2
231640,21,2,1,1
152144,21,2,1,1
788600,21,2,2,0
135296,21,2,1,1
1105656,21,2,0,2
1409136,21,2,1,1
790528,21,2,0,2
1429944,21,2,1,1
723816,21,2,2,0
232080,21,2,2,0
188560,21,2,2,0
326112,21,2,0,2
295024,21,2,0,2
1819472,21,2,0,2
144544,21,2,1,1
2938912,21,2,2,0
2243864,21,2,1,1
133192,21,2,1,1
723008,21,2,1,1
191064,21,2,1,1
1428000,21,2,2,0
2856632,21,2,0,2
413912,21,2,1,1
282600,21,2,1,1
2445480,21,2,0,2
231720,21,2,0,2
3421952,21,2,1,1
53776,21,2,1,1
2140016,21,2,1,1
103008,21,2,1,1
167976,21,2,0,2
319744,21,2,1,1
458752,21,2,0,2
1421088,21,2,1,1
416064,21,2,1,1
5148024,21,2,2,0
1286376,21,2,2,0
1027984,21,2,2,0
461512,21,2,0,2
171048,21,2,1,1
602704,21,2,0,2
111256,21,2,1,1
126848,21,2,0,2
449160,21,2,1,1
904320,21,2,1,1
151232,21,2,0,2
509784,21,2,2,0
542936,21,2,1,1
3646776,21,2,1,1
528008,21,2,2,0
3340848,21,2,2,0
363608,21,2,2,0
148176,21,2,1,1
1096776,21,2,2,0
5394360,21,2,2,0
537056,21,2,0,2
2958648,21,2,1,1
278064,21,2,1,1
538464,21,2,1,1
1465488,21,2,2,0
339560,21,2,1,1
436280,21,2,1,1
230272,21,2,1,1
182352,21,2,1,1
1564208,21,2,1,1
226208,21,2,1,1
206648,21,2,1,1
887456,21,2,1,1
2630160,21,2,1,1
2793776,21,2,2,0
1637400,21,2,1,1
871368,21,2,1,1
269440,21,2,1,1
2377360,21,2,1,1
331632,21,2,0,2
961984,21,2,2,0
130192,21,2,0,2
944768,21,2,2,0
401952,21,2,2,0
248144,21,2,1,1
813408,21,2,1,1
1011288,21,2,0,2
1012888,21,2,1,1
1453536,21,2,2,0
101560,21,2,1,1
8076200,21,2,1,1
679040,21,2,2,0
863760,21,2,0,2
228472,21,2,1,1
164936,21,2,0,2
301824,21,2,1,1
3536312,21,2,1,1
77680,21,2,1,1
715304,21,2,2,0
639560,21,2,1,1
567336,21,2,0,2
274656,21,2,1,1
948512,21,2,2,0
7316944,21,2,1,1
1988160,21,2,2,0
1472184,21,2,2,0
319288,21,2,1,1
7757440,21,2,2,0
2320064,21,2,1,1
74944,21,2,2,0
3751280,21,2,2,0
125432,21,2,1,1
512320,21,2,1,1
633488,21,2,0,2
383304,21,2,1,1
303648,21,2,2,0
2388448,21,2,2,0
1473144,21,2,1,1
142928,21,2,0,2
2178832,21,2,2,0
1587824,21,2,0,2
326728,21,2,1,1
584128,21,2,0,2
1587320,21,2,1,1
3245384,21,2,0,2
192616,21,2,2,0
201464,21,2,2,0
524832,21,2,0,2
906960,21,2,0,2
1401584,21,2,2,0
1057504,21,2,0,2
6456016,21,2,1,1
3777848,21,2,2,0
1382736,21,2,1,1
564056,21,2,0,2
985224,21,2,1,1
146936,21,2,0,2
562744,21,2,1,1
7070240,21,2,1,1
256336,21,2,2,0
667024,21,2,1,1
452016,21,2,1,1
1120232,21,2,1,1
4163248,21,2,2,0
411752,21,2,2,0
2725040,21,2,1,1
6258192,21,2,2,0
65536,21,2,1,1
3282448,21,2,0,2
781008,21,2,0,2
851776,21,2,2,0
179040,21,2,1,1
212272,21,2,1,1
360160,21,2,0,2
262016,21,2,1,1
2806960,21,2,0,2
5565856,21,2,1,1
604480,21,2,0,2
320408,21,2,0,2
152904,21,2,2,0
1894104,21,2,1,1
789920,21,2,0,2
1512088,21,2,0,2
199816,21,2,1,1
426736,21,2,0,2
213056,21,2,2,0
931744,21,2,0,2
486616,21,2,2,0
272584,21,2,1,1
1042968,21,2,1,1
464560,21,2,1,1
109624,21,2,1,1
476824,21,2,1,1
107016,21,2,2,0
2829664,21,2,0,2
2530952,21,2,0,2
1015920,21,2,1,1
44816,21,2,1,1
375272,21,2,2,0
1577232,21,2,0,2
266024,21,2,1,1
537208,21,2,1,1
1403816,21,2,2,0
1029776,21,2,1,1
1463192,21,2,2,0
5020928,21,2,0,2
279608,21,2,0,2
807632,21,2,0,2
786512,21,2,1,1
490816,21,2,2,0
198968,21,2,1,1
2451464,21,2,2,0
302456,21,2,2,0
167344,21,2,0,2
424240,21,2,2,0
192528,21,2,1,1
136408,21,2,2,0
626664,21,2,1,1
359152,21,2,1,1
986864,21,2,0,2
410152,21,2,1,1
506632,21,2,0,2
4268648,21,2,2,0
582184,21,2,1,1
1275584,21,2,1,1
263848,21,2,1,1
1667336,21,2,0,2
4096648,21,2,2,0
404072,21,2,2,0
1658072,21,2,1,1
2936136,21,2,2,0
235672,21,2,2,0
696400,21,2,1,1
967920,21,2,1,1
232576,21,2,1,1
491000,21,2,1,1
365712,21,2,0,2
554080,21,2,2,0
4108008,21,2,1,1
66160,21,2,1,1
1821728,21,2,1,1
1598032,21,2,0,2
522248,21,2,0,2
911472,21,2,0,2
3946600,21,2,2,0
197616,21,2,1,1
162464,21,2,2,0
88320,21,2,1,1
1186584,21,2,1,1
314216,21,2,2,0
580312,21,2,1,1
199168,21,2,1,1
354096,21,2,1,1
119112,21,2,1,1
551616,21,2,1,1
619168,21,2,0,2
98552,21,2,1,1
1497896,21,2,2,0
604408,21,2,1,1
212968,21,2,0,2
307872,21,2,1,1
313720,21,2,2,0
235744,21,2,1,1
472912,21,2,2,0
2401112,21,2,1,1
562080,21,2,2,0
1115168,21,2,2,0
526632,21,2,2,0
255264,21,2,0,2
1846968,21,2,2,0
611680,21,2,2,0
2188840,21,2,1,1
1127560,21,2,2,0
1359384,21,2,2,0
891760,21,2,0,2
151960,21,2,1,1
232128,21,2,1,1
358400,21,2,1,1
5025920,21,2,2,0
195240,21,2,0,2
423904,21,2,1,1
679480,21,2,1,1
114160,21,2,1,1
2290744,21,2,2,0
375520,21,2,1,1
2052120,21,2,2,0
231744,21,2,1,1
7404432,21,2,0,2
5085808,21,2,0,2
721104,21,2,2,0
534680,21,2,2,0
728984,21,2,2,0
1113072,21,2,1,1
996592,21,2,1,1
2130688,21,2,1,1
168992,21,2,2,0
817896,21,2,2,0
185784,21,2,0,2
275072,21,2,2,0
489112,21,2,2,0
2351384,21,2,2,0
388048,21,2,0,2
241336,21,2,1,1
1794224,21,2,0,2
264736,21,2,0,2
1747424,21,2,1,1
441648,21,2,0,2
621432,21,2,1,1
1546624,21,2,1,1
1327752,21,2,0,2
1970512,21,2,1,1
1939224,21,2,2,0
6011008,21,2,1,1
1982200,21,2,0,2
2041024,21,2,1,1
1281584,21,2,0,2
431624,21,2,2,0
138944,21,2,2,0
120968,21,2,1,1
281432,21,2,2,0
159288,21,2,0,2
401864,21,2,2,0
887888,21,2,2,0
207000,21,2,2,0
231656,21,2,1,1
1704928,21,2,1,1
1819592,21,2,1,1
462672,21,2,2,0
96824,21,2,2,0
213368,21,2,1,1
268176,21,2,1,1
197872,21,2,2,0
90272,21,2,1,1
102656,21,2,1,1
3263912,21,2,1,1
254480,21,2,0,2
2199128,21,2,2,0
1068216,21,2,1,1
5039432,21,2,0,2
338576,21,2,2,0
3650408,21,2,1,1
609608,21,2,2,0
6143152,21,2,1,1
2299456,21,2,2,0
1685768,21,2,2,0
627488,21,2,2,0
7274440,21,2,2,0
1033048,21,2,0,2
3250104,21,2,1,1
509288,21,2,2,0
2917376,21,2,0,2
274608,21,2,2,0
787920,21,2,1,1
3368296,21,2,1,1
956088,21,2,0,2
503096,21,2,0,2
2040104,21,2,1,1
2074008,21,2,1,1
223568,21,2,2,0
321736,21,2,0,2
305328,21,2,0,2
194272,21,2,0,2
220736,21,2,1,1
2195136,21,2,1,1
566496,21,2,1,1
1994824,21,2,1,1
186528,21,2,1,1
529712,21,2,2,0
964680,21,2,1,1
231504,21,2,2,0
217544,21,2,2,0
524504,21,2,2,0
2472560,21,2,2,0
485000,21,2,1,1
1409664,21,2,1,1
267000,21,2,0,2
7903456,21,2,0,2
308024,21,2,1,1
337536,21,2,2,0
1761952,21,2,1,1
1135872,21,2,1,1
594408,21,2,1,1
301800,21,2,1,1
176304,21,2,1,1
389592,21,2,0,2
1393728,21,2,1,1
619960,21,2,1,1
185648,21,2,1,1
6950688,21,2,2,0
132824,21,2,1,1
381368,21,2,1,1
185048,21,2,2,0
1298944,21,2,0,2
93320,21,2,1,1
820040,21,2,0,2
236984,21,2,2,0
762856,21,2,1,1
253992,21,2,2,0
454504,21,2,1,1
301632,21,2,2,0
1031744,21,2,0,2
261896,21,2,1,1
532232,21,2,1,1
492584,21,2,2,0
1030192,21,2,1,1
106456,21,2,1,1
1490552,21,2,2,0
188184,21,2,2,0
654856,21,2,1,1
344352,21,2,0,2
287152,21,2,1,1
48472,21,2,2,0
6507184,21,2,1,1
110760,21,2,1,1
1706384,21,2,0,2
642112,21,2,0,2
532080,21,2,1,1
553024,21,2,1,1
371088,21,2,1,1
620504,21,2,0,2
444424,21,2,1,1
411488,21,2,0,2
909584,21,2,1,1
2004920,21,2,1,1
192280,21,2,1,1
284504,21,2,0,2
347840,21,2,1,1
661416,21,2,1,1
3439832,21,2,1,1
94984,21,2,0,2
1039472,21,2,0,2
809992,21,2,1,1
1905976,21,2,1,1
130864,21,2,0,2
282232,21,2,2,0
148128,21,2,1,1
409944,21,2,0,2
192144,21,2,2,0
538320,21,2,1,1
92336,21,2,1,1
119712,21,2,2,0
4646000,21,2,1,1
240768,21,2,0,2
1146152,21,2,1,1
489656,21,2,0,2
555400,21,2,1,1
202792,21,2,2,0
689248,21,2,0,2
6693200,21,2,1,1
2830528,21,2,1,1
206368,21,2,1,1
813240,21,2,0,2
713592,21,2,2,0
1591056,21,2,0,2
445728,21,2,0,2
1242360,21,2,1,1
322688,21,2,1,1
556232,21,2,1,1
218944,21,2,0,2
2485408,21,2,0,2
2577432,21,2,2,0
1504592,21,2,0,2
864688,21,2,2,0
108992,21,2,1,1
2387936,21,2,1,1
71808,21,2,2,0
284688,21,2,0,2
738136,21,2,1,1
496576,21,2,2,0
371040,21,2,0,2
584168,21,2,0,2
508120,21,2,2,0
3048616,21,2,1,1
326976,21,2,0,2
2336224,21,2,1,1
208544,21,2,0,2
39112,21,2,0,2
228384,21,2,1,1
612264,21,2,2,0
359784,21,2,1,1
763096,21,2,1,1
543744,21,2,2,0
298432,21,2,2,0
1741936,21,2,1,1
347472,21,2,0,2
511608,21,2,1,1
337392,21,2,2,0
1165000,21,2,1,1
1655936,21,2,0,2
315504,21,2,0,2
906208,21,2,1,1
1346208,21,2,1,1
204024,21,2,1,1
592696,21,2,1,1
5733944,21,2,2,0
562888,21,2,0,2
3523576,21,2,2,0
252152,21,2,1,1
7875968,21,2,0,2
2351528,21,2,2,0
332248,21,2,1,1
6489136,21,2,1,1
331304,21,2,0,2
1450888,21,2,1,1
4749328,21,2,0,2
2735616,21,2,1,1
180272,21,2,0,2
147688,21,2,1,1
1708368,21,2,1,1
190456,21,2,0,2
1299480,21,2,1,1
142280,21,2,1,1
537616,21,2,1,1
422912,21,2,1,1
249400,21,2,2,0
108328,21,2,1,1
1673424,21,2,1,1
447304,21,2,1,1
209952,21,2,2,0
229336,21,2,0,2
239848,21,2,1,1
905568,21,2,2,0
75192,21,2,2,0
324456,21,2,1,1
317336,21,2,1,1
1827088,21,2,1,1
329992,21,2,1,1
3938424,21,2,0,2
5587512,21,2,2,0
4385456,21,2,2,0
1987792,21,2,1,1
85520,21,2,1,1
559392,21,2,1,1
150936,21,2,1,1
1160016,21,2,0,2
270600,21,2,0,2
320944,21,2,1,1
356504,21,2,1,1
128768,21,2,2,0
620368,21,2,1,1
270376,21,2,1,1
99064,21,2,2,0
308616,21,2,0,2
345184,21,2,0,2
980840,21,2,2,0
989880,21,2,1,1
122080,21,2,2,0
74656,21,2,1,1
1748312,21,2,1,1
801944,21,2,2,0
1882856,21,2,2,0
1729792,21,2,2,0
776608,22,2,1,1
492072,22,2,2,0
233200,22,2,1,1
4708456,22,2,2,0
2561584,22,2,0,2
956328,22,2,0,2
190944,22,2,0,2
7925512,22,2,0,2
178400,22,2,1,1
152784,22,2,2,0
113336,22,2,2,0
2846080,22,2,0,2
1431424,22,2,1,1
1785976,22,2,1,1
246560,22,2,0,2
576512,22,2,1,1
659672,22,2,1,1
975192,22,2,1,1
2511496,22,2,1,1
412688,22,2,0,2
285696,22,2,1,1
3781160,22,2,0,2
205760,22,2,2,0
131864,22,2,2,0
175232,22,2,2,0
2824528,22,2,1,1
1199536,22,2,1,1
94576,22,2,2,0
315000,22,2,2,0
189048,22,2,0,2
144464,22,2,1,1
1919120,22,2,2,0
1275384,22,2,1,1
282424,22,2,0,2
745024,22,2,1,1
1347792,22,2,2,0
3362072,22,2,0,2
1038896,22,2,2,0
4230752,22,2,2,0
1138568,22,2,1,1
1949288,22,2,1,1
1211024,22,2,0,2
301008,22,2,1,1
6994816,22,2,0,2
125320,22,2,1,1
659992,22,2,2,0
298360,22,2,2,0
120312,22,2,0,2
118192,22,2,1,1
780056,22,2,1,1
2142888,22,2,1,1
1150680,22,2,1,1
1330488,22,2,1,1
137488,22,2,1,1
1409440,22,2,0,2
278616,22,2,2,0
4626432,22,2,2,0
600480,22,2,0,2
1335704,22,2,1,1
262424,22,2,1,1
214448,22,2,2,0
96456,22,2,0,2
536808,22,2,1,1
3521296,22,2,1,1
144952,22,2,2,0
172200,22,2,0,2
202400,22,2,1,1
360576,22,2,1,1
1156944,22,2,1,1
846416,22,2,0,2
364384,22,2,1,1
5026344,22,2,1,1
7142048,22,2,2,0
517672,22,2,0,2
505168,22,2,1,1
864208,22,2,1,1
785768,22,2,2,0
153600,22,2,0,2
509648,22,2,1,1
181032,22,2,1,1
1237816,22,2,1,1
898352,22,2,1,1
177024,22,2,2,0
414184,22,2,2,0
114840,22,2,0,2
283408,22,2,2,0
584904,22,2,0,2
701504,22,2,1,1
195960,22,2,0,2
633336,22,2,2,0
273648,22,2,1,1
533896,22,2,1,1
921024,22,2,1,1
646592,22,2,1,1
422840,22,2,0,2
1771440,22,2,0,2
467120,22,2,1,1
143608,22,2,2,0
4296416,22,2,2,0
192728,22,2,0,2
579520,22,2,0,2
1092008,22,2,2,0
157728,22,2,1,1
370720,22,2,0,2
723936,22,2,1,1
1395568,22,2,1,1
1358336,22,2,1,1
2443472,22,2,1,1
2150176,22,2,1,1
199056,22,2,2,0
397544,22,2,1,1
234160,22,2,0,2
8074720,22,2,0,2
407720,22,2,1,1
1936632,22,2,0,2
5141688,22,2,2,0
698648,22,2,1,1
551856,22,2,2,0
2672784,22,2,1,1
563912,22,2,1,1
2488920,22,2,2,0
963232,22,2,1,1
6843960,22,2,2,0
4574472,22,2,1,1
2049784,22,2,1,1
846184,22,2,1,1
1341480,22,2,0,2
62496,22,2,1,1
320888,22,2,0,2
556976,22,2,1,1
1030232,22,2,1,1
369136,22,2,1,1
5350352,22,2,1,1
147544,22,2,1,1
853792,22,2,0,2
857328,22,2,1,1
167408,22,2,1,1
565960,22,2,1,1
175680,22,2,1,1
256392,22,2,2,0
525504,22,2,1,1
87920,22,2,2,0
672408,22,2,2,0
176256,22,2,0,2
3061792,22,2,2,0
632872,22,2,1,1
398536,22,2,1,1
1656400,22,2,1,1
370600,22,2,2,0
1148488,22,2,1,1
6302640,22,2,0,2
651920,22,2,2,0
592008,22,2,2,0
5884416,22,2,2,0
2224048,22,2,1,1
95336,22,2,1,1
1739168,22,2,1,1
253480,22,2,1,1
714304,22,2,1,1
688024,22,2,0,2
2016848,22,2,1,1
207432,22,2,0,2
388056,22,2,0,2
1205440,22,2,1,1
144064,22,2,2,0
348144,22,2,1,1
157736,22,2,1,1
257016,22,2,0,2
910264,22,2,2,0
143136,22,2,1,1
159480,22,2,0,2
637176,22,2,1,1
241264,22,2,2,0
3647072,22,2,0,2
1909216,22,2,2,0
349024,22,2,0,2
621616,22,2,0,2
1117984,22,2,2,0
187656,22,2,1,1
6010896,22,2,0,2
68176,22,2,2,0
2712696,22,2,0,2
308504,22,2,1,1
764080,22,2,2,0
829600,22,2,0,2
266128,22,2,1,1
963968,22,2,1,1
3433360,22,2,1,1
4813520,22,2,1,1
196488,22,2,1,1
69608,22,2,2,0
1080416,22,2,2,0
1753832,22,2,0,2
202968,22,2,0,2
291880,22,2,2,0
120584,22,2,1,1
854360,22,2,1,1
173752,22,2,0,2
1804232,22,2,1,1
386720,22,2,1,1
928176,22,2,1,1
606112,22,2,1,1
285208,22,2,1,1
247840,22,2,1,1
2402440,22,2,2,0
577416,22,2,1,1
455032,22,2,0,2
177280,22,2,1,1
964176,22,2,2,0
305320,22,2,1,1
264600,22,2,1,1
452960,22,2,1,1
443120,22,2,1,1
4158760,22,2,1,1
801672,22,2,1,1
442344,22,2,0,2
5624784,22,2,1,1
143200,22,2,1,1
2284576,22,2,1,1
913720,22,2,1,1
650336,22,2,2,0
2348472,22,2,1,1
1032624,22,2,2,0
125120,22,2,1,1
907560,22,2,1,1
335072,22,2,2,0
957992,22,2,2,0
3890256,22,2,1,1
1733600,22,2,0,2
836104,22,2,1,1
1822672,22,2,1,1
53056,22,2,1,1
1426344,22,2,2,0
1356584,22,2,1,1
78912,22,2,0,2
301272,22,2,1,1
164264,22,2,1,1
1129592,22,2,2,0
644032,22,2,1,1
514496,22,2,0,2
1979968,22,2,2,0
3136528,22,2,2,0
155864,22,2,2,0
465552,22,2,0,2
363624,22,2,0,2
489792,22,2,2,0
666816,22,2,0,2
7350768,22,2,1,1
956208,22,2,2,0
754488,22,2,1,1
1432600,22,2,1,1
1821712,22,2,0,2
284320,22,2,0,2
3922992,22,2,2,0
1124432,22,2,1,1
3645648,22,2,1,1
6456368,22,2,1,1
1398424,22,2,2,0
387432,22,2,1,1
4351752,22,2,2,0
302776,22,2,0,2
130016,22,2,0,2
368728,22,2,1,1
4993480,22,2,1,1
6371464,22,2,1,1
157680,22,2,1,1
248800,22,2,2,0
363480,22,2,2,0
2095552,22,2,1,1
2505392,22,2,1,1
1475776,22,2,2,0
3706576,22,2,0,2
1004488,22,2,1,1
358016,22,2,2,0
268592,22,2,0,2
6814672,22,2,1,1
135424,22,2,1,1
1710408,22,2,1,1
204528,22,2,1,1
101632,22,2,1,1
1237536,22,2,0,2
405728,22,2,1,1
686440,22,2,2,0
2199992,22,2,0,2
2685992,22,2,1,1
183088,22,2,0,2
498320,22,2,1,1
5156296,22,2,2,0
3833800,22,2,1,1
486024,22,2,1,1
2536624,22,2,0,2
215632,22,2,2,0
5821376,22,2,1,1
487328,22,2,1,1
369144,22,2,1,1
158656,22,2,0,2
362192,22,2,1,1
127024,22,2,2,0
252504,22,2,2,0
1000184,22,2,2,0
162912,22,2,2,0
86184,22,2,0,2
1878696,22,2,0,2
139840,22,2,2,0
317992,22,2,1,1
442560,22,2,2,0
951912,22,2,2,0
216072,22,2,2,0
147160,22,2,1,1
307400,22,2,2,0
153176,22,2,0,2
361032,22,2,0,2
3339576,22,2,0,2
481672,22,2,1,1
171232,22,2,0,2
659696,22,2,1,1
1054072,22,2,2,0
1510752,22,2,1,1
5621648,22,2,0,2
642672,22,2,1,1
468136,22,2,0,2
3403976,22,2,2,0
153440,22,2,0,2
633864,22,2,2,0
196288,22,2,1,1
180056,22,2,1,1
109368,22,2,0,2
2864608,22,2,1,1
483312,22,2,0,2
3717040,22,2,1,1
1536664,22,2,0,2
176368,22,2,0,2
266920,22,2,1,1
466336,22,2,2,0
2910776,22,2,2,0
449512,22,2,2,0
5439232,22,2,1,1
630568,22,2,1,1
285088,22,2,1,1
302848,22,2,2,0
1086968,22,2,1,1
726352,22,2,2,0
1186240,22,2,0,2
1013752,22,2,1,1
711400,22,2,1,1
3401744,22,2,2,0
507096,22,2,1,1
811440,22,2,1,1
2274176,22,2,1,1
6087928,22,2,1,1
493336,22,2,0,2
2135848,22,2,1,1
910184,22,2,2,0
2925224,22,2,1,1
288040,22,2,1,1
173544,22,2,2,0
353128,22,2,2,0
806456,22,2,0,2
145712,22,2,1,1
6661680,22,2,2,0
169840,22,2,0,2
985176,22,2,0,2
5752168,22,2,1,1
509872,22,2,0,2
3251840,22,2,1,1
540296,22,2,2,0
744464,22,2,1,1
1068840,22,2,2,0
761744,22,2,2,0
2437184,22,2,1,1
164448,22,2,1,1
96816,22,2,0,2
76168,22,2,1,1
5179856,22,2,2,0
193352,22,2,2,0
3580584,22,2,1,1
741744,22,2,1,1
1200464,22,2,2,0
2313992,22,2,1,1
817832,22,2,0,2
3971320,22,2,2,0
1175168,22,2,0,2
2460344,22,2,2,0
656696,22,2,1,1
454232,22,2,1,1
850992,22,2,1,1
3863800,22,2,0,2
81144,22,2,1,1
267032,22,2,2,0
623552,22,2,0,2
109304,22,2,1,1
159376,22,2,1,1
1055224,22,2,1,1
386280,22,2,0,2
650824,22,2,2,0
196328,22,2,1,1
1243600,22,2,2,0
298536,22,2,1,1
1420432,22,2,1,1
107312,22,2,0,2
226784,22,2,2,0
786144,22,2,1,1
194160,22,2,1,1
539032,22,2,1,1
4201712,22,2,2,0
119512,22,2,0,2
661728,22,2,0,2
1611904,22,2,0,2
1017648,22,2,1,1
773768,22,2,0,2
1043488,22,2,0,2
888920,22,2,1,1
3421648,22,2,0,2
1499368,22,2,2,0
563656,22,2,0,2
269360,22,2,1,1
199648,22,2,0,2
6002720,22,2,1,1
176456,22,2,0,2
355368,22,2,2,0
339416,22,2,1,1
2351256,22,2,2,0
225840,22,2,2,0
429744,22,2,1,1
481128,22,2,1,1
726768,22,2,2,0
4655152,22,2,1,1
660456,22,2,1,1
129392,22,2,2,0
2774608,22,2,0,2
236288,22,2,2,0
1931768,22,2,0,2
931912,22,2,1,1
251312,22,2,0,2
1031504,22,2,0,2
317656,22,2,1,1
265528,22,2,2,0
2348552,22,2,1,1
426504,22,2,0,2
416480,22,2,2,0
129896,22,2,0,2
437936,22,2,1,1
1124856,22,2,1,1
244416,22,2,0,2
979984,22,2,1,1
2055304,22,2,1,1
263088,22,2,0,2
339552,22,2,1,1
1018520,22,2,1,1
272432,22,2,1,1
829368,22,2,1,1
1102384,22,2,2,0
1699512,22,2,1,1
5279712,22,2,1,1
1482824,22,2,1,1
791648,22,2,0,2
99360,22,2,1,1
233032,22,2,0,2
377080,22,2,2,0
1301712,22,2,1,1
167120,22,2,1,1
2581936,22,2,2,0
61736,22,2,2,0
1002192,22,2,2,0
702664,22,2,2,0
2953736,22,2,1,1
345808,22,2,2,0
279352,22,2,1,1
499816,22,2,1,1
830976,22,2,1,1
958232,22,2,2,0
208760,22,2,1,1
526000,22,2,1,1
5613032,22,2,1,1
885864,22,2,0,2
200056,22,2,1,1
1152792,22,2,1,1
788256,22,2,1,1
1109344,22,2,1,1
572152,22,2,0,2
488760,22,2,2,0
2038080,22,2,2,0
3466024,22,2,1,1
2266408,22,2,1,1
246360,22,2,2,0
237960,22,2,1,1
947872,22,2,1,1
6031632,22,2,2,0
1047368,22,2,1,1
311848,22,2,0,2
5052984,22,2,1,1
1350480,22,2,0,2
267232,22,2,2,0
771856,22,2,2,0
335208,22,2,1,1
367208,22,2,0,2
728336,22,2,1,1
1230520,22,2,0,2
306168,22,2,0,2
1726472,22,2,1,1
825200,22,2,0,2
1383520,22,2,1,1
220960,22,2,2,0
283000,22,2,2,0
688752,22,2,0,2
415312,22,2,1,1
2828000,22,2,2,0
138056,22,2,1,1
395784,22,2,1,1
983856,22,2,1,1
1553560,22,2,1,1
3437568,22,2,0,2
333232,22,2,1,1
228576,22,2,1,1
136976,22,2,1,1
785512,22,2,0,2
371864,22,2,1,1
506992,22,2,2,0
2533496,22,2,1,1
1671496,22,2,1,1
6199824,22,2,1,1
4593520,22,2,0,2
1864016,22,2,1,1
103128,22,2,1,1
233600,22,2,1,1
475912,22,2,2,0
946040,22,2,0,2
355784,22,2,1,1
881264,22,2,1,1
423928,22,2,1,1
466880,22,2,2,0
134432,22,2,2,0
1278104,22,2,2,0
228024,22,2,0,2
3582184,22,2,2,0
1056256,22,2,2,0
6251384,22,2,2,0
297416,22,2,0,2
147792,22,2,0,2
857976,22,2,2,0
481392,22,2,2,0
397656,22,2,1,1
473424,22,2,0,2
500640,22,2,2,0
2369480,22,2,1,1
4527784,22,2,2,0
178448,22,2,1,1
598760,22,2,0,2
207768,22,2,2,0
115320,22,2,1,1
311936,22,2,0,2
2003144,22,2,2,0
514648,22,2,1,1
286960,22,2,0,2
209920,22,2,0,2
1040960,22,2,1,1
163312,22,2,0,2
2925896,22,2,1,1
250200,22,2,2,0
52608,22,2,1,1
456640,22,2,1,1
2983088,22,2,1,1
232112,22,2,1,1
398624,22,2,0,2
128080,22,2,0,2
135408,22,2,2,0
568864,22,2,1,1
931864,22,2,1,1
203624,22,2,1,1
455616,22,2,0,2
157032,22,2,1,1
741560,22,2,1,1
5330048,22,2,2,0
484344,22,2,1,1
187792,22,2,1,1
210120,22,2,1,1
284704,22,2,0,2
297304,22,2,2,0
429992,22,2,1,1
182776,22,2,1,1
84280,22,2,1,1
340880,22,2,2,0
91256,22,2,1,1
736472,22,2,2,0
376072,22,2,0,2
1079920,22,2,0,2
1932472,22,2,0,2
213064,22,2,1,1
508296,22,2,1,1
3057232,22,2,0,2
320184,22,2,1,1
301552,22,2,2,0
242432,22,2,0,2
117472,22,2,2,0
3462824,22,2,0,2
681392,22,2,0,2
1506208,22,2,1,1
1016368,22,2,2,0
1140856,22,2,0,2
146080,22,2,1,1
834968,22,2,2,0
897976,22,2,0,2
592944,22,2,0,2
2274432,22,2,0,2
156640,22,2,1,1
878616,22,2,1,1
534640,22,2,0,2
186328,22,2,1,1
395048,22,2,0,2
3392272,22,2,0,2
293392,22,2,0,2
1791920,22,2,1,1
193512,22,2,1,1
1434320,22,2,0,2
516368,22,2,0,2
679952,22,2,2,0
687704,22,2,2,0
90968,22,2,1,1
168408,22,2,1,1
2433640,22,2,2,0
8290144,22,2,1,1
701272,22,2,1,1
263800,22,2,2,0
389952,22,2,1,1
664176,22,2,0,2
4097248,22,2,1,1
891184,22,2,2,0
423936,22,2,2,0
1846584,22,2,0,2
573976,22,2,1,1
584712,22,2,1,1
434872,22,2,0,2
1126072,22,2,1,1
1266392,22,2,0,2
1511304,22,2,2,0
96240,22,2,0,2
342264,22,2,1,1
360016,22,2,2,0
64008,22,2,1,1
258720,22,2,2,0
221272,22,2,2,0
468560,22,2,0,2
4726256,22,2,0,2
1501904,22,2,0,2
1164880,22,2,1,1
468176,22,2,1,1
320664,22,2,2,0
284112,22,2,1,1
171576,22,2,1,1
243432,22,2,1,1
2200688,22,2,1,1
543160,22,2,1,1
419056,22,2,1,1
255376,22,2,1,1
96392,22,2,1,1
253384,22,2,1,1
516920,22,2,0,2
3229200,22,2,1,1
167112,22,2,0,2
428824,22,2,2,0
1246488,22,2,1,1
2574608,22,2,2,0
4219312,22,2,1,1
293992,22,2,1,1
275280,22,2,1,1
375800,22,2,2,0
844080,22,2,2,0
2350360,22,2,2,0
271200,22,2,1,1
614088,22,2,2,0
631328,22,2,1,1
338136,22,2,2,0
536920,22,2,0,2
890824,22,2,0,2
384432,22,2,0,2
2087728,22,2,1,1
1464680,22,2,1,1
528432,22,2,2,0
1572144,22,2,2,0
376104,22,2,1,1
516560,22,2,0,2
3971744,22,2,2,0
8133640,22,2,1,1
3076432,22,2,0,2
3174992,22,2,0,2
596000,22,2,2,0
168352,22,2,2,0
229160,22,2,1,1
5213552,22,2,2,0
99440,22,2,1,1
291112,22,2,1,1
320272,22,2,0,2
342152,22,2,1,1
908064,22,2,1,1
112568,22,2,2,0
2292176,22,2,1,1
780832,22,2,2,0
224696,22,2,0,2
1149608,22,2,1,1
532664,22,2,1,1
127000,22,2,1,1
247304,22,2,0,2
85592,22,2,0,2
6427888,22,2,2,0
7141584,22,2,1,1
609168,22,2,1,1
1731120,22,2,1,1
1574256,22,2,1,1
2343128,22,2,1,1
131144,22,2,1,1
1110704,22,2,0,2
612472,22,2,1,1
1633024,22,2,2,0
3646064,22,2,0,2
714664,22,2,1,1
1077328,22,2,0,2
497064,22,2,1,1
498352,22,2,2,0
179312,22,2,1,1
5099624,22,2,0,2
1232552,22,2,2,0
656144,22,2,1,1
721632,22,2,0,2
115816,22,2,1,1
286216,22,2,1,1
326160,22,2,1,1
394632,22,2,1,1
161592,22,2,1,1
722312,22,2,0,2
944376,22,2,2,0
590256,22,2,2,0
5878992,22,2,1,1
3745136,22,2,0,2
437344,22,2,0,2
167816,22,2,2,0
708696,22,2,1,1
182584,22,2,2,0
381360,22,2,1,1
600624,22,2,1,1
2520728,22,2,2,0
143064,22,2,2,0
319408,22,2,0,2
577296,22,2,0,2
989712,22,2,1,1
447624,22,2,1,1
3101696,22,2,1,1
310432,22,2,0,2
2687096,22,2,2,0
427648,22,2,1,1
116680,22,2,1,1
133952,22,2,1,1
1919800,22,2,1,1
1480552,22,2,1,1
492024,22,2,2,0
593128,22,2,0,2
3054168,22,2,1,1
216488,22,2,0,2
903832,22,2,0,2
117432,22,2,1,1
1096096,22,2,2,0
535216,22,2,1,1
700000,22,2,2,0
587408,22,2,2,0
172128,22,2,1,1
1538000,22,2,1,1
59200,22,2,1,1
6850408,22,2,1,1
345584,22,2,0,2
109048,22,2,0,2
1543448,22,2,1,1
368640,22,2,0,2
129232,22,2,0,2
2310704,22,2,1,1
212656,22,2,2,0
645000,22,2,0,2
944600,22,2,1,1
1898344,22,2,1,1
468056,22,2,2,0
1991096,22,2,0,2
857544,22,2,1,1
1530848,22,2,1,1
2506560,22,2,0,2
726616,22,2,1,1
2950960,22,2,2,0
541936,22,2,1,1
1310216,22,2,2,0
2702264,22,2,2,0
487688,22,2,0,2
624216,22,2,1,1
2794248,22,2,1,1
1523672,22,2,2,0
1837000,22,2,0,2
768904,22,2,1,1
1888640,22,2,0,2
594200,22,2,1,1
828096,22,2,1,1
768488,22,2,0,2
412392,22,2,0,2
244968,22,2,2,0
3976080,22,2,1,1
483040,22,2,2,0
891064,22,2,1,1
295096,22,2,1,1
478656,22,2,2,0
76584,22,2,2,0
1623584,22,2,0,2
1398776,22,2,1,1
1634560,22,2,2,0
7702520,22,2,2,0
1155752,22,2,2,0
1981760,22,2,1,1
257600,22,2,2,0
801856,22,2,1,1
243008,22,2,1,1
866408,22,2,2,0
3199560,22,2,0,2
112072,22,2,2,0
248208,22,2,1,1
599056,22,2,1,1
1054720,22,2,0,2
3937744,22,2,2,0
283856,22,2,0,2
745152,22,2,2,0
1974616,22,2,1,1
200296,22,2,1,1
134480,22,2,1,1
165376,22,2,1,1
6621104,22,2,0,2
703768,22,2,2,0
958040,22,2,1,1
1155272,22,2,2,0
1088040,22,2,1,1
2107576,22,2,1,1
149008,22,2,0,2
703688,22,2,1,1
147080,22,2,2,0
2075600,22,2,1,1
1404216,22,2,2,0
657736,22,2,0,2
100088,22,2,0,2
154616,22,2,1,1
492112,22,2,1,1
549856,22,2,1,1
2185368,22,2,0,2
259600,22,2,2,0
1537320,22,2,0,2
113888,22,2,2,0
185424,22,2,2,0
309304,22,2,1,1
2791696,22,2,2,0
213824,22,2,2,0
510384,22,2,0,2
1193232,22,2,1,1
177208,22,2,1,1
338896,22,2,2,0
492368,22,2,1,1
1757912,22,2,1,1
492048,22,2,0,2
452976,22,2,2,0
3636336,22,2,1,1
834960,22,2,2,0
8096968,22,2,1,1
2559680,22,2,0,2
902792,22,2,1,1
368736,22,2,0,2
8333392,22,2,1,1
1301752,22,2,1,1
753064,22,2,0,2
5906840,22,2,1,1
132184,22,2,1,1
255240,22,2,1,1
305312,22,2,0,2
3643760,22,2,0,2
3211408,22,2,0,2
546240,22,2,2,0
57520,22,2,1,1
2162952,22,2,1,1
3454640,22,2,1,1
568504,22,2,0,2
114344,22,2,1,1
175920,22,2,1,1
207624,22,2,2,0
295720,22,2,1,1
2302896,22,2,1,1
901376,22,2,2,0
2031952,22,2,2,0
793320,22,2,2,0
313016,22,2,1,1
169696,22,2,2,0
459680,22,2,1,1
321712,22,2,2,0
1389408,22,2,0,2
858576,22,2,1,1
964728,22,2,1,1
3004664,22,2,1,1
781736,22,2,1,1
358672,22,2,2,0
267168,22,2,0,2
6531568,22,2,2,0
632936,22,2,2,0
319720,22,2,2,0
944312,22,2,0,2
4561144,22,2,1,1
560120,22,2,1,1
84064,22,2,0,2
260512,22,2,1,1
2097280,22,2,0,2
894584,22,2,1,1
8310088,22,2,0,2
459720,22,2,2,0
1296096,22,2,2,0
4236416,22,2,0,2
923256,22,2,1,1
7296568,22,2,2,0
2675400,22,2,0,2
1116224,22,2,1,1
916760,22,2,1,1
98520,22,2,2,0
1323744,22,2,1,1
397936,22,2,1,1
256216,22,2,2,0
629072,22,2,1,1
8283248,22,2,2,0
392648,22,2,2,0
261120,22,2,2,0
269240,22,2,1,1
2005136,22,2,1,1
801656,22,2,0,2
284232,22,2,0,2
6020456,22,2,2,0
259520,22,2,1,1
1829936,22,2,1,1
231568,22,2,2,0
344736,22,2,1,1
196216,22,2,2,0
209768,22,2,2,0
213120,22,2,1,1
1103912,22,2,0,2
779512,22,2,1,1
383952,22,2,1,1
3728704,22,2,0,2
265032,22,2,2,0
5217088,22,2,1,1
181048,22,2,2,0
207288,22,2,0,2
501592,22,2,2,0
883992,22,2,1,1
481920,22,2,0,2
334872,22,2,2,0
152800,22,2,2,0
210672,22,2,1,1
1741232,22,2,1,1
766960,22,2,1,1
427272,22,2,1,1
1642856,22,2,2,0
1920248,22,2,1,1
699912,22,2,2,0
779024,22,2,0,2
480016,22,2,0,2
560456,22,2,0,2
395192,22,2,1,1
2919528,22,2,1,1
1179984,22,2,1,1
421320,22,2,1,1
147656,22,2,1,1
264944,22,2,0,2
3870280,22,2,1,1
836040,22,2,2,0
1251056,22,2,0,2
3919512,22,2,0,2
756072,22,2,0,2
1975280,22,2,1,1
1776496,22,2,2,0
257336,22,2,1,1
5080560,22,2,0,2
1608048,22,2,2,0
434016,22,2,2,0
754344,22,2,1,1
440352,22,2,1,1
611296,22,2,0,2
669392,22,2,1,1
536680,22,2,1,1
595528,22,2,1,1
695488,22,2,2,0
1410976,22,2,0,2
359056,22,2,0,2
430288,22,2,1,1
1042184,22,2,1,1
263864,22,2,1,1
182392,22,2,2,0
1320448,22,2,1,1
803968,22,2,0,2
1618600,22,2,2,0
400064,22,2,2,0
187304,22,2,2,0
1661384,22,2,1,1
654664,22,2,2,0
226848,22,2,2,0
159440,22,2,2,0
436264,22,2,2,0
978552,22,2,0,2
2772640,22,2,0,2
2596440,22,2,1,1
300360,22,2,1,1
241824,22,2,1,1
1198264,22,2,1,1
210760,22,2,0,2
2472024,22,2,2,0
171992,22,2,1,1
81216,22,2,1,1
1952608,22,2,2,0
415248,22,2,1,1
1430288,22,2,0,2
1304376,22,2,1,1
756424,22,2,0,2
859416,22,2,0,2
77368,22,2,2,0
266448,22,2,0,2
966848,22,2,1,1
633440,22,2,1,1
188632,22,2,2,0
206864,22,2,1,1
1698960,22,2,1,1
249336,22,2,1,1
214384,22,2,0,2
198320,22,2,1,1
156920,22,2,2,0
6529936,22,2,0,2
2973984,22,2,0,2
355736,22,2,1,1
3122560,22,2,2,0
61920,22,2,1,1
106712,22,2,0,2
467296,22,2,1,1
994376,22,2,0,2
351072,22,2,1,1
155544,22,2,2,0
704496,22,2,1,1
376032,22,2,2,0
1804480,22,2,2,0
802776,22,2,1,1
3019424,22,2,1,1
220720,22,2,1,1
641384,22,2,1,1
298424,22,2,1,1
2655472,22,2,1,1
1469208,22,2,1,1
5626936,22,2,1,1
994632,22,2,2,0
2646288,22,2,2,0
489688,22,2,0,2
68736,22,2,0,2
5194816,22,2,1,1
612832,22,2,0,2
979304,22,2,0,2
7814768,22,2,1,1
447816,22,2,2,0
329744,22,2,0,2
440240,22,2,1,1
400520,22,2,1,1
2164672,22,2,1,1
4307416,22,2,2,0
2404944,22,2,0,2
886016,22,2,1,1
876576,22,2,1,1
1743200,22,2,1,1
477216,22,2,2,0
323768,22,2,2,0
1310888,22,2,1,1
1189800,22,2,1,1
1491736,22,2,1,1
7856416,22,2,1,1
271776,22,2,0,2
235040,22,2,2,0
101896,22,2,2,0
855192,22,2,1,1
1056528,22,2,2,0
199944,22,2,0,2
3539104,22,2,2,0
1693128,22,2,1,1
1729160,22,2,1,1
1489480,22,2,2,0
3425504,22,2,2,0
462808,22,2,2,0
582880,22,2,0,2
136344,22,2,1,1
82912,22,2,1,1
490016,22,2,2,0
2343048,22,2,2,0
847112,22,2,2,0
763024,22,2,2,0
1678552,22,2,1,1
3951032,22,2,0,2
2162008,22,2,2,0
1416848,22,2,1,1
595640,22,2,1,1
2206544,22,2,0,2
2462080,22,2,2,0
1477512,22,2,0,2
2214864,22,2,1,1
371488,22,2,2,0
189096,22,2,1,1
1031552,22,2,0,2
2749712,22,2,0,2
888640,22,2,1,1
419856,22,2,1,1
547368,22,2,2,0
1706480,22,2,2,0
224112,22,2,1,1
140848,22,2,1,1
1595512,22,2,1,1
3843744,22,2,1,1
815408,22,2,1,1
1406264,22,2,0,2
387128,22,2,0,2
98880,22,2,0,2
1968464,22,2,0,2
5171232,22,2,1,1
1610304,22,2,1,1
692760,22,2,0,2
3234568,22,2,1,1
245576,22,2,1,1
1561152,22,2,1,1
379752,22,2,1,1
2253240,22,2,2,0
113776,22,2,2,0
277952,22,2,0,2
253240,22,2,1,1
2757048,22,2,1,1
197216,22,2,1,1
111576,22,2,1,1
528728,22,2,1,1
269896,22,2,1,1
338304,22,2,2,0
809168,22,2,0,2
321896,22,2,0,2
1815984,22,2,1,1
2141976,22,2,0,2
99032,22,2,1,1
668912,22,2,1,1
157760,22,2,1,1
814568,22,2,1,1
2617672,22,2,2,0
668520,22,2,1,1
239664,22,2,2,0
865408,22,2,0,2
164720,22,2,1,1
568776,22,2,1,1
562040,22,2,0,2
790784,22,2,1,1
80984,22,2,0,2
64488,22,2,2,0
899144,22,2,0,2
169832,22,2,1,1
2705880,22,2,1,1
135744,22,2,2,0
6198808,22,2,2,0
1207456,22,2,0,2
301600,22,2,1,1
1376648,22,2,0,2
378320,22,2,0,2
529792,22,2,2,0
465488,22,2,1,1
307160,22,2,0,2
720160,22,2,1,1
557456,22,2,2,0
731728,22,2,1,1
326760,22,2,1,1
889752,22,2,1,1
1285576,22,2,2,0
2921232,22,2,1,1
295464,22,2,2,0
2444088,22,2,1,1
127688,22,2,2,0
646104,22,2,0,2
885696,22,2,1,1
688624,22,2,1,1
445592,22,2,0,2
190096,22,2,0,2
197288,22,2,1,1
188312,22,2,1,1
1046960,22,2,0,2
293288,22,2,1,1
84800,22,2,1,1
496488,22,2,1,1
535352,22,2,0,2
123336,22,2,1,1
551352,22,2,1,1
1421248,22,2,1,1
167464,22,2,0,2
344864,22,2,2,0
953168,22,2,0,2
66568,22,2,1,1
905144,22,2,1,1
623888,22,2,1,1
174112,22,2,0,2
2979368,22,2,1,1
1680592,22,2,1,1
248184,22,2,1,1
4427664,22,2,2,0
512896,22,2,1,1
1653592,22,2,1,1
430072,22,2,1,1
1007184,22,2,1,1
2377096,22,2,1,1
109384,22,2,0,2
1310656,22,2,0,2
617752,22,2,1,1
2759936,22,2,2,0
2958024,22,2,2,0
135256,22,2,0,2
1075000,22,2,0,2
404872,22,2,1,1
283616,22,2,1,1
222640,22,2,2,0
904552,22,2,1,1
264080,22,2,1,1
390664,22,2,2,0
806736,22,2,2,0
2264520,22,2,1,1
77048,22,2,0,2
2561424,22,2,1,1
841904,22,2,0,2
698624,22,2,0,2
885960,22,2,1,1
159176,22,2,2,0
105968,22,2,2,0
1267496,22,2,1,1
411384,22,2,1,1
278800,22,2,1,1
907072,22,2,1,1
1059720,22,2,1,1
410288,22,2,0,2
2291664,22,2,0,2
310400,22,2,2,0
7308616,22,2,1,1
1766360,22,2,0,2
159216,22,2,2,0
253336,22,2,0,2
231496,22,2,2,0
6023928,22,2,1,1
1379704,22,2,2,0
222856,22,2,2,0
1662456,22,2,2,0
4702248,22,2,1,1
272192,22,2,0,2
4927640,22,2,1,1
146248,22,2,0,2
2395776,22,2,0,2
1241312,22,2,1,1
839536,22,2,0,2
1014112,22,2,1,1
4820120,22,2,2,0
1035352,22,2,1,1
474616,22,2,1,1
202568,22,2,1,1
1204376,22,2,0,2
857024,22,2,2,0
871608,22,2,1,1
82928,22,2,2,0
2877560,22,2,1,1
1215552,22,2,1,1
7778904,22,2,1,1
2028944,22,2,1,1
1027408,22,2,2,0
308752,22,2,2,0
3738624,22,2,2,0
872736,22,2,0,2
935912,22,2,2,0
185560,22,2,0,2
1073880,22,2,1,1
171208,22,2,1,1
162192,22,2,1,1
1657176,22,2,2,0
394336,22,2,1,1
1988920,22,2,1,1
1494080,22,2,1,1
242752,22,2,1,1
6746992,22,2,2,0
151216,22,2,0,2
2807696,22,2,1,1
705008,22,2,1,1
1260624,22,2,2,0
5463264,22,2,2,0
1068696,22,2,1,1
70136,22,2,0,2
200592,22,2,2,0
140816,22,2,1,1
7996496,22,2,1,1
3528056,22,2,0,2
758296,22,2,0,2
2370008,22,2,1,1
1090336,22,2,1,1
282608,22,2,2,0
310208,22,2,0,2
517528,22,2,2,0
397712,22,2,2,0
548792,22,2,1,1
906840,22,2,1,1
135888,22,2,2,0
2228256,22,2,1,1
287256,22,2,1,1
3286008,22,2,1,1
245352,22,2,0,2
184136,22,2,1,1
1773944,22,2,1,1
234968,22,2,0,2
449688,22,2,1,1
404512,22,2,1,1
319304,22,2,2,0
2510976,22,2,1,1
744856,22,2,2,0
420936,22,2,1,1
2555752,22,2,2,0
124656,22,2,2,0
163976,22,2,2,0
107104,22,2,1,1
373464,22,2,2,0
382440,22,2,0,2
3036736,22,2,1,1
139800,22,2,2,0
499552,22,2,1,1
685704,22,2,2,0
2461304,22,2,1,1
472344,22,2,2,0
92440,22,2,0,2
497248,22,2,1,1
1937640,22,2,1,1
759720,22,2,0,2
363136,22,2,2,0
590128,22,2,1,1
1869112,22,2,2,0
408112,22,2,1,1
825440,22,2,0,2
1047256,22,2,1,1
93112,22,2,0,2
2176192,22,2,1,1
2196816,22,2,0,2
450216,22,2,0,2
1074120,22,2,1,1
133768,22,2,0,2
705352,22,2,2,0
737448,22,2,0,2
1626728,22,2,1,1
366256,22,2,1,1
785392,22,2,2,0
2080312,22,2,1,1
597112,22,2,0,2
528328,22,2,1,1
609392,22,2,0,2
1241232,22,2,0,2
800960,22,2,1,1
437336,22,2,1,1
853648,22,2,1,1
269392,22,2,0,2
1076616,22,2,1,1
2438944,22,2,0,2
423944,22,2,1,1
1714720,22,2,0,2
818264,22,2,2,0
189152,22,2,1,1
297368,22,2,0,2
6992128,22,2,1,1
446120,22,2,1,1
1239928,22,2,2,0
210320,22,2,0,2
2833552,22,2,1,1
493968,22,2,2,0
617368,22,2,0,2
1095768,22,2,0,2
145240,22,2,1,1
909208,22,2,0,2
2668120,22,2,1,1
1162168,22,2,2,0
324656,22,2,2,0
507856,22,2,2,0
158944,22,2,0,2
4063968,22,2,1,1
290056,22,2,1,1
313584,22,2,2,0
249744,22,2,1,1
90776,22,2,0,2
353224,22,2,1,1
173792,22,2,1,1
901696,22,2,2,0
572672,22,2,1,1
531384,22,2,0,2
1549104,22,2,0,2
1120528,22,2,0,2
1351640,22,2,1,1
348664,22,2,1,1
2058000,22,2,0,2
3343128,22,2,1,1
228680,22,2,2,0
474824,22,2,2,0
2021160,22,2,2,0
142712,22,2,1,1
457552,22,2,2,0
86224,22,2,1,1
443280,22,2,1,1
440416,22,2,1,1
1812232,22,2,2,0
1183904,22,2,1,1
71768,22,2,0,2
2253768,22,2,2,0
538696,22,2,1,1
2152224,22,2,2,0
2867584,22,2,0,2
819616,22,2,2,0
1392832,22,2,0,2
765976,22,2,2,0
1154864,22,2,2,0
3068472,22,2,0,2
6996352,22,2,1,1
4107992,22,2,1,1
873528,22,2,1,1
265136,22,2,2,0
1980104,22,2,2,0
261432,22,2,2,0
172568,22,2,0,2
3363088,22,2,0,2
163144,22,2,0,2
548952,22,2,1,1
1024768,22,2,2,0
293496,22,2,1,1
501480,22,2,1,1
271680,22,2,0,2
315104,22,2,0,2
3838520,22,2,1,1
334680,22,2,0,2
2559112,22,2,1,1
2269672,22,2,2,0
634760,22,2,0,2
1106168,22,2,2,0
893608,22,2,2,0
144816,22,2,2,0
105352,22,2,1,1
462616,22,2,1,1
676344,22,2,0,2
281328,22,2,1,1
112288,22,2,1,1
2547504,22,2,1,1
762616,22,2,2,0
168280,22,2,2,0
194120,22,2,1,1
636888,22,2,1,1
4665784,22,2,1,1
818128,22,2,0,2
934184,22,2,1,1
1230912,22,2,1,1
1710120,22,2,1,1
363856,22,2,2,0
722520,22,2,0,2
916728,22,2,2,0
1956616,22,2,2,0
743664,22,2,1,1
1622120,22,2,2,0
515096,22,2,2,0
1158280,22,2,1,1
658752,22,2,1,1
236752,22,2,1,1
383024,22,2,1,1
915880,22,2,1,1
311000,22,2,1,1
197664,22,2,2,0
76664,22,2,1,1
386104,22,2,2,0
631632,22,2,1,1
466456,22,2,1,1
358056,22,2,2,0
235232,22,2,1,1
239080,22,2,2,0
998408,22,2,1,1
1446208,22,2,1,1
271536,22,2,1,1
94760,22,2,1,1
144592,22,2,1,1
197512,22,2,1,1
286656,22,2,2,0
409128,22,2,1,1
555064,22,2,1,1
85136,22,2,0,2
2092936,22,2,1,1
1902224,22,2,1,1
286928,22,2,1,1
43704,22,2,0,2
259960,22,2,0,2
256480,22,2,0,2
105040,22,2,1,1
429656,22,2,1,1
90904,22,2,1,1
1179888,22,2,0,2
3659152,22,2,0,2
684632,22,2,1,1
341248,22,2,1,1
640880,22,2,1,1
132376,22,2,1,1
1203304,22,2,1,1
473552,22,2,1,1
4720712,22,2,0,2
1148608,22,2,1,1
499112,22,2,1,1
445368,22,2,0,2
1112928,22,2,2,0
1081920,22,2,0,2
1191032,22,2,0,2
1642528,22,2,1,1
341144,22,2,1,1
472792,22,2,1,1
720048,22,2,2,0
1492856,22,2,0,2
887024,22,2,0,2
203456,22,2,2,0
1755200,22,2,1,1
545528,22,2,0,2
141568,22,2,2,0
173592,22,2,2,0
283720,22,2,1,1
155248,22,2,2,0
363112,22,2,0,2
73832,22,2,2,0
2673464,22,2,0,2
589600,22,2,1,1
624208,22,2,0,2
289328,22,2,1,1
6146064,22,2,0,2
173992,22,2,0,2
443440,22,2,1,1
2034344,22,2,0,2
872368,22,2,1,1
1309416,22,2,0,2
512256,22,2,0,2
1315488,22,2,2,0
1173952,22,2,2,0
3574456,22,2,2,0
933520,22,2,1,1
2003216,22,2,1,1
298720,22,2,1,1
1655408,22,2,2,0
184328,22,2,2,0
1737512,22,2,1,1
5771312,22,2,0,2
538144,22,2,1,1
2769080,22,2,0,2
277200,22,2,2,0
318696,22,2,1,1
984720,22,2,1,1
2493072,22,2,1,1
303656,22,2,2,0
119368,22,2,2,0
543472,22,2,0,2
1010152,22,2,2,0
624840,22,2,1,1
191592,22,2,1,1
2888736,22,2,1,1
169016,22,2,1,1
451416,22,2,2,0
520528,22,2,0,2
1738352,22,2,1,1
1085640,22,2,1,1
337592,22,2,2,0
74880,22,2,1,1
1383968,22,2,1,1
199152,22,2,1,1
2697336,22,2,1,1
188248,22,2,0,2
230104,22,2,0,2
404032,22,2,0,2
1518680,22,2,0,2
516176,22,2,1,1
244296,22,2,0,2
370200,22,2,1,1
619680,22,2,1,1
4295832,22,2,2,0
468520,22,2,0,2
123384,22,2,0,2
645400,22,2,2,0
479312,22,2,1,1
296296,22,2,1,1
187856,22,2,0,2
906928,22,2,0,2
816520,22,2,1,1
439664,22,2,0,2
1527376,22,2,1,1
309368,22,2,0,2
1066824,22,2,1,1
811416,22,2,1,1
152288,22,2,2,0
134744,22,2,2,0
74832,22,2,1,1
2540800,22,2,1,1
965200,22,2,0,2
90120,22,2,2,0
333720,22,2,1,1
219992,22,2,2,0
257168,22,2,2,0
190392,22,2,0,2
2144472,22,2,0,2
318728,22,2,1,1
509256,22,2,1,1
241408,22,2,0,2
1821288,22,2,1,1
721160,22,2,2,0
282984,22,2,2,0
270480,22,2,2,0
1705472,22,2,1,1
2550160,22,2,0,2
597968,22,2,1,1
5623536,22,2,1,1
1800848,22,2,0,2
3475560,22,2,1,1
1193008,22,2,0,2
475568,22,2,0,2
149272,22,2,1,1
788096,22,2,0,2
2544784,22,2,1,1
151656,22,2,1,1
713984,22,2,1,1
440400,22,2,1,1
319088,22,2,0,2
825640,22,2,1,1
1819200,22,2,1,1
1301392,22,2,0,2
4072720,22,2,2,0
135536,22,2,1,1
277528,22,2,1,1
518112,22,2,1,1
371688,22,2,0,2
490216,22,2,1,1
285272,22,2,1,1
396448,22,2,1,1
224792,22,2,2,0
768920,22,2,1,1
649288,22,2,1,1
1862024,22,2,1,1
399312,22,2,0,2
3097488,22,2,2,0
480632,22,2,2,0
964272,22,2,1,1
658232,22,2,2,0
86592,22,2,0,2
1124744,22,2,1,1
109480,22,2,2,0
2444232,22,2,1,1
1037560,22,2,2,0
4699968,22,2,0,2
436432,22,2,1,1
199432,22,2,1,1
735728,22,2,0,2
440688,22,2,1,1
4958512,22,2,2,0
4190976,22,2,2,0
1335856,22,2,1,1
523280,22,2,2,0
366720,22,2,0,2
74816,22,2,2,0
251464,22,2,1,1
1273056,22,2,2,0
1048040,22,2,2,0
3606584,22,2,0,2
209288,22,2,2,0
132096,22,2,0,2
241504,22,2,2,0
831448,22,2,0,2
907096,22,2,2,0
3342768,22,2,2,0
1128640,22,2,2,0
297904,22,2,2,0
179200,22,2,1,1
906944,22,2,1,1
441184,22,2,1,1
1413928,22,2,1,1
122288,22,2,1,1
2665872,22,2,1,1
99184,22,2,1,1
721608,22,2,0,2
569808,22,2,1,1
785440,22,2,0,2
2501656,22,2,1,1
122624,22,2,0,2
453328,22,2,1,1
220144,22,2,0,2
432456,22,2,1,1
1903520,22,2,2,0
1372232,22,2,0,2
2995496,22,2,2,0
245560,22,2,1,1
158920,22,2,0,2
2919696,22,2,1,1
318488,22,2,0,2
405264,22,2,1,1
364056,22,2,1,1
2281232,22,2,1,1
1634040,22,2,0,2
209928,22,2,2,0
767112,22,2,0,2
592920,22,2,2,0
2574560,22,2,1,1
182720,22,2,0,2
143392,22,2,1,1
924880,22,2,1,1
1743064,22,2,1,1
257384,22,2,1,1
8237128,22,2,1,1
195192,22,2,1,1
285440,22,2,1,1
647072,22,2,1,1
1012384,22,2,0,2
7416840,22,2,0,2
171696,22,2,1,1
120736,22,2,1,1
730896,22,2,2,0
1841096,22,2,1,1
1643112,22,2,1,1
431208,22,2,1,1
417328,22,2,1,1
801144,22,2,1,1
3093176,22,2,1,1
4434224,22,2,2,0
325176,22,2,2,0
6304072,22,2,2,0
139120,22,2,2,0
393480,22,2,0,2
1703312,22,2,2,0
135808,22,2,1,1
247592,22,2,1,1
342472,22,2,1,1
481432,22,2,2,0
206760,22,2,1,1
678128,22,2,1,1
2170496,22,2,2,0
1001448,22,2,1,1
308424,22,2,2,0
158704,22,2,1,1
3441000,22,2,1,1
1977984,22,2,0,2
191192,22,2,1,1
516472,22,2,2,0
855616,22,2,2,0
1115432,22,2,1,1
439672,22,2,0,2
1259016,22,2,0,2
5075544,22,2,0,2
912808,22,2,2,0
1765040,22,2,1,1
371424,22,2,2,0
387352,22,2,1,1
5660872,22,2,2,0
188976,22,2,1,1
2318896,22,2,1,1
656920,22,2,1,1
205416,22,2,0,2
1312112,22,2,2,0
396600,22,2,1,1
316840,22,2,1,1
272112,22,2,1,1
96928,22,2,1,1
7041704,22,2,2,0
224624,22,2,1,1
170432,22,2,0,2
1403552,22,2,0,2
451672,22,2,1,1
2901088,22,2,2,0
199864,22,2,0,2
799944,22,2,1,1
3705136,22,2,1,1
328072,22,2,1,1
1866864,22,2,1,1
321144,22,2,2,0
2103728,22,2,1,1
615352,22,2,1,1
4056048,22,2,2,0
832064,22,2,2,0
2744136,22,2,0,2
8131400,22,2,2,0
119576,22,2,1,1
1226368,22,2,0,2
2911216,22,2,0,2
1199128,22,2,1,1
1631808,22,2,0,2
863464,22,2,1,1
4245464,22,2,1,1
198504,22,2,1,1
1906408,22,2,0,2
478448,22,2,0,2
965456,22,2,0,2
8268280,22,2,0,2
316136,22,2,1,1
383776,22,2,0,2
1741088,22,2,0,2
184392,22,2,2,0
62880,22,2,1,1
47016,22,2,2,0
290736,22,2,1,1
383080,22,2,1,1
4073192,22,2,1,1
537976,22,2,0,2
2366576,22,2,1,1
892640,22,2,0,2
1720128,22,2,2,0
435744,22,2,1,1
2390472,22,2,0,2
2734528,22,2,2,0
209256,22,2,0,2
357440,22,2,1,1
178960,22,2,2,0
976264,22,2,2,0
1555248,22,2,1,1
177568,22,2,1,1
779480,22,2,1,1
1631368,22,2,2,0
249032,22,2,1,1
177416,22,2,1,1
167744,22,2,2,0
343504,22,2,2,0
352552,22,2,0,2
320488,22,2,0,2
1885944,22,2,2,0
505024,22,2,1,1
346392,22,2,1,1
90096,22,2,1,1
5169592,22,2,2,0
554496,22,2,1,1
956856,22,2,1,1
209544,22,2,2,0
592592,22,2,2,0
689952,22,2,0,2
1113192,22,2,0,2
1309840,22,2,1,1
184456,22,2,1,1
778376,22,2,1,1
304120,22,2,2,0
120304,22,2,0,2
1579120,22,2,0,2
544944,22,2,1,1
639584,22,2,2,0
469720,22,2,2,0
1295568,22,2,0,2
379016,22,2,1,1
221344,22,2,1,1
5651432,22,2,0,2
761288,22,2,1,1
524368,22,2,2,0
696960,22,2,1,1
656776,22,2,0,2
1429672,22,2,0,2
349304,22,2,1,1
430192,22,2,2,0
2065384,22,2,2,0
352384,22,2,0,2
194312,22,2,1,1
520464,22,2,1,1
990504,22,2,1,1
194360,22,2,1,1
1287856,22,2,1,1
168552,22,2,1,1
174432,22,2,2,0
731192,22,2,1,1
418664,22,2,2,0
136424,22,2,0,2
319816,22,2,1,1
491152,22,2,0,2
5886480,22,2,1,1
1373216,22,2,1,1
224200,22,2,1,1
2037944,22,2,1,1
236112,22,2,2,0
874968,22,2,1,1
365072,22,2,0,2
1490488,22,2,1,1
6012136,22,2,2,0
243984,22,2,1,1
2416104,22,2,2,0
3061336,22,2,1,1
112160,22,2,2,0
3662832,22,2,0,2
4866608,22,2,0,2
211496,22,2,2,0
610704,22,2,0,2
1090680,22,2,1,1
212584,22,2,0,2
1018816,22,2,1,1
3648640,22,2,1,1
1098328,22,2,1,1
612744,22,2,2,0
177728,22,2,0,2
1944752,22,2,1,1
193072,22,2,1,1
511688,22,2,0,2
937944,22,2,1,1
1633568,22,2,1,1
239240,22,2,1,1
464120,22,2,1,1
208336,22,2,0,2
125488,22,2,2,0
6099192,22,2,0,2
256016,22,2,2,0
4052808,22,2,1,1
209184,22,2,1,1
4515792,22,2,1,1
215088,22,2,1,1
955096,23,2,0,2
291264,23,2,2,0
1484896,23,2,2,0
1060352,23,2,0,2
867208,23,2,2,0
317864,23,2,1,1
4635000,23,2,1,1
253544,23,2,1,1
61568,23,2,1,1
1093040,23,2,1,1
1943504,23,2,1,1
309576,23,2,2,0
1859872,23,2,1,1
2694152,23,2,2,0
2606440,23,2,2,0
2482448,23,2,1,1
893016,23,2,1,1
287392,23,2,1,1
144584,23,2,2,0
258968,23,2,0,2
3467696,23,2,1,1
386584,23,2,0,2
123672,23,2,1,1
2300560,23,2,1,1
130880,23,2,1,1
1067360,23,2,1,1
545256,23,2,2,0
4184808,23,2,1,1
344584,23,2,1,1
851640,23,2,1,1
1434816,23,2,0,2
449696,23,2,1,1
704256,23,2,1,1
149192,23,2,2,0
527592,23,2,1,1
428120,23,2,0,2
275312,23,2,0,2
447584,23,2,0,2
169296,23,2,0,2
659840,23,2,0,2
145520,23,2,2,0
98384,23,2,2,0
1737192,23,2,2,0
354040,23,2,2,0
3146392,23,2,2,0
1463128,23,2,0,2
3784872,23,2,2,0
239496,23,2,1,1
1006376,23,2,1,1
5716856,23,2,1,1
2532264,23,2,0,2
783192,23,2,1,1
274680,23,2,1,1
612632,23,2,1,1
714312,23,2,0,2
756640,23,2,1,1
356336,23,2,0,2
235192,23,2,1,1
1325568,23,2,0,2
803960,23,2,1,1
127952,23,2,0,2
672928,23,2,2,0
7588992,23,2,1,1
2285536,23,2,1,1
1534240,23,2,0,2
157872,23,2,0,2
848368,23,2,2,0
223352,23,2,0,2
182984,23,2,1,1
1086384,23,2,0,2
501192,23,2,1,1
109464,23,2,2,0
3499584,23,2,1,1
563328,23,2,1,1
218648,23,2,0,2
496872,23,2,1,1
1134336,23,2,1,1
436296,23,2,0,2
467480,23,2,1,1
1269544,23,2,0,2
558328,23,2,2,0
1217016,23,2,0,2
568712,23,2,1,1
7495608,23,2,1,1
1588728,23,2,0,2
97112,23,2,0,2
3922752,23,2,1,1
1668776,23,2,2,0
137576,23,2,1,1
1777288,23,2,1,1
875128,23,2,1,1
287992,23,2,1,1
133576,23,2,1,1
176264,23,2,1,1
267384,23,2,1,1
280288,23,2,1,1
675840,23,2,0,2
238168,23,2,0,2
209080,23,2,1,1
204584,23,2,1,1
275392,23,2,2,0
418096,23,2,2,0
428952,23,2,1,1
676008,23,2,2,0
8316584,23,2,1,1
3188344,23,2,1,1
358472,23,2,1,1
1748176,23,2,1,1
755048,23,2,0,2
360008,23,2,1,1
667968,23,2,1,1
292192,23,2,0,2
751872,23,2,0,2
1177688,23,2,1,1
202640,23,2,1,1
903280,23,2,1,1
2701960,23,2,1,1
318288,23,2,1,1
210392,23,2,0,2
278304,23,2,1,1
209168,23,2,2,0
560216,23,2,2,0
75008,23,2,0,2
2904136,23,2,2,0
522352,23,2,1,1
160736,23,2,1,1
1319312,23,2,2,0
626464,23,2,0,2
836776,23,2,2,0
4559536,23,2,1,1
536664,23,2,0,2
63048,23,2,2,0
1994440,23,2,0,2
907808,23,2,0,2
1628760,23,2,1,1
8162160,23,2,1,1
701920,23,2,2,0
78848,23,2,0,2
604368,23,2,0,2
2561192,23,2,0,2
264128,23,2,1,1
356144,23,2,1,1
1474976,23,2,1,1
166832,23,2,1,1
596848,23,2,1,1
386880,23,2,0,2
314048,23,2,0,2
784320,23,2,0,2
5830928,23,2,1,1
2373368,23,2,1,1
391144,23,2,2,0
413096,23,2,1,1
378096,23,2,1,1
365432,23,2,2,0
1242984,23,2,1,1
3269776,23,2,0,2
1865304,23,2,0,2
45928,23,2,1,1
2090712,23,2,0,2
1057248,23,2,2,0
2398168,23,2,2,0
2590464,23,2,1,1
3229576,23,2,2,0
802024,23,2,0,2
7241736,23,2,1,1
667264,23,2,1,1
136992,23,2,2,0
72256,23,2,0,2
465536,23,2,1,1
514432,23,2,1,1
4518312,23,2,1,1
149888,23,2,0,2
360712,23,2,1,1
404288,23,2,2,0
210384,23,2,0,2
5870984,23,2,1,1
448520,23,2,1,1
279208,23,2,1,1
412848,23,2,0,2
282384,23,2,0,2
359040,23,2,1,1
188864,23,2,2,0
1347736,23,2,0,2
7053288,23,2,1,1
3666400,23,2,0,2
745336,23,2,0,2
129504,23,2,1,1
388920,23,2,2,0
3284256,23,2,1,1
488656,23,2,0,2
280240,23,2,1,1
1055848,23,2,2,0
130280,23,2,1,1
532920,23,2,2,0
708528,23,2,0,2
2494152,23,2,2,0
290624,23,2,1,1
1084008,23,2,0,2
689320,23,2,0,2
5855896,23,2,1,1
201488,23,2,1,1
3019360,23,2,0,2
344464,23,2,1,1
806400,23,2,2,0
3385240,23,2,0,2
626168,23,2,2,0
545440,23,2,2,0
3005912,23,2,1,1
3330120,23,2,1,1
2196520,23,2,0,2
325224,23,2,1,1
709112,23,2,0,2
1801240,23,2,1,1
805472,23,2,1,1
497952,23,2,1,1
326272,23,2,0,2
187992,23,2,1,1
1034920,23,2,0,2
226744,23,2,2,0
253648,23,2,2,0
4912544,23,2,2,0
119272,23,2,0,2
304920,23,2,0,2
191952,23,2,0,2
3993784,23,2,0,2
533608,23,2,1,1
82344,23,2,1,1
6116144,23,2,1,1
246096,23,2,0,2
627192,23,2,2,0
1141624,23,2,0,2
498088,23,2,0,2
7628616,23,2,2,0
1002552,23,2,2,0
259664,23,2,1,1
508824,23,2,0,2
886472,23,2,1,1
298592,23,2,1,1
251504,23,2,2,0
1500992,23,2,1,1
6049208,23,2,1,1
230136,23,2,1,1
977592,23,2,0,2
729024,23,2,1,1
467104,23,2,1,1
360096,23,2,1,1
212288,23,2,2,0
2241808,23,2,1,1
323168,23,2,1,1
444224,23,2,0,2
297448,23,2,1,1
282520,23,2,1,1
448208,23,2,2,0
1164616,23,2,2,0
713768,23,2,1,1
1506168,23,2,2,0
342272,23,2,0,2
292560,23,2,1,1
378912,23,2,1,1
268448,23,2,1,1
246904,23,2,1,1
232416,23,2,1,1
861312,23,2,1,1
2948568,23,2,2,0
517352,23,2,2,0
338672,23,2,1,1
1110080,23,2,2,0
1397544,23,2,2,0
323432,23,2,1,1
1345144,23,2,1,1
84032,23,2,0,2
229848,23,2,1,1
830728,23,2,0,2
601816,23,2,1,1
1421416,23,2,2,0
198168,23,2,1,1
4859032,23,2,1,1
3624104,23,2,0,2
4313888,23,2,0,2
656328,23,2,1,1
1073056,23,2,0,2
375848,23,2,2,0
101304,23,2,1,1
931872,23,2,0,2
644512,23,2,0,2
1047664,23,2,2,0
5949216,23,2,0,2
102712,23,2,2,0
599616,23,2,1,1
1354776,23,2,1,1
227120,23,2,2,0
748048,23,2,0,2
350808,23,2,1,1
217192,23,2,1,1
159424,23,2,0,2
299968,23,2,0,2
3313208,23,2,2,0
744656,23,2,1,1
1241760,23,2,1,1
359744,23,2,2,0
5204968,23,2,1,1
294728,23,2,0,2
4255048,23,2,0,2
166672,23,2,0,2
386072,23,2,2,0
144288,23,2,1,1
385944,23,2,2,0
344920,23,2,1,1
292616,23,2,1,1
566648,23,2,2,0
974472,23,2,0,2
613992,23,2,1,1
396336,23,2,1,1
6091464,23,2,0,2
348528,23,2,1,1
1124528,23,2,1,1
156128,23,2,0,2
1312520,23,2,1,1
2022072,23,2,1,1
301624,23,2,1,1
1736368,23,2,1,1
1055008,23,2,1,1
755472,23,2,1,1
4095744,23,2,1,1
2595872,23,2,1,1
368944,23,2,2,0
380808,23,2,1,1
820888,23,2,1,1
935040,23,2,2,0
511008,23,2,2,0
292816,23,2,1,1
821304,23,2,0,2
4180856,23,2,1,1
403448,23,2,2,0
147280,23,2,2,0
3090496,23,2,1,1
138128,23,2,2,0
287016,23,2,0,2
227408,23,2,1,1
1350096,23,2,1,1
1243344,23,2,0,2
197048,23,2,1,1
423280,23,2,2,0
180960,23,2,1,1
169048,23,2,1,1
7477056,23,2,2,0
650272,23,2,2,0
3556112,23,2,1,1
500240,23,2,1,1
258240,23,2,0,2
136136,23,2,2,0
2424936,23,2,1,1
312776,23,2,1,1
2657896,23,2,1,1
5281392,23,2,1,1
273664,23,2,2,0
324176,23,2,0,2
2139816,23,2,2,0
288840,23,2,1,1
6978920,23,2,1,1
769992,23,2,1,1
1046600,23,2,1,1
353160,23,2,1,1
258744,23,2,2,0
390488,23,2,0,2
3963312,23,2,1,1
408456,23,2,1,1
1873328,23,2,1,1
724328,23,2,0,2
252048,23,2,0,2
165072,23,2,1,1
183072,23,2,0,2
957704,23,2,1,1
383504,23,2,1,1
518792,23,2,2,0
3062720,23,2,1,1
4249056,23,2,2,0
126120,23,2,1,1
4608368,23,2,1,1
237104,23,2,0,2
7408392,23,2,2,0
693224,23,2,1,1
1506096,23,2,1,1
126976,23,2,2,0
268576,23,2,1,1
435368,23,2,0,2
235960,23,2,0,2
139920,23,2,1,1
146968,23,2,2,0
421360,23,2,1,1
342104,23,2,1,1
1173280,23,2,2,0
1148648,23,2,2,0
150856,23,2,0,2
4793656,23,2,2,0
6641232,23,2,1,1
2522888,23,2,1,1
195056,23,2,0,2
579704,23,2,0,2
804800,23,2,0,2
3109752,23,2,0,2
1033104,23,2,1,1
577464,23,2,1,1
770304,23,2,2,0
3585256,23,2,0,2
985256,23,2,2,0
242456,23,2,0,2
350696,23,2,2,0
231128,23,2,1,1
3034480,23,2,0,2
957432,23,2,0,2
1611264,23,2,0,2
3861032,23,2,1,1
2624208,23,2,1,1
80128,23,2,2,0
844600,23,2,1,1
928192,23,2,0,2
1191280,23,2,2,0
318520,23,2,1,1
611856,23,2,2,0
359896,23,2,1,1
477872,23,2,1,1
1715216,23,2,0,2
2329160,23,2,0,2
1993976,23,2,0,2
4893880,23,2,2,0
311664,23,2,0,2
4697920,23,2,1,1
633648,23,2,1,1
320160,23,2,2,0
986312,23,2,1,1
272336,23,2,0,2
116000,23,2,0,2
5117456,23,2,2,0
1352296,23,2,1,1
199320,23,2,0,2
357200,23,2,1,1
463160,23,2,1,1
219352,23,2,1,1
228400,23,2,0,2
1069264,23,2,1,1
359648,23,2,0,2
1289728,23,2,1,1
175792,23,2,0,2
1656448,23,2,0,2
346376,23,2,1,1
2532216,23,2,1,1
441048,23,2,1,1
618352,23,2,0,2
1892312,23,2,2,0
5979232,23,2,1,1
2500864,23,2,1,1
132424,23,2,0,2
875512,23,2,2,0
299040,23,2,1,1
1361944,23,2,1,1
2311760,23,2,1,1
511800,23,2,0,2
115360,23,2,1,1
256760,23,2,0,2
476128,23,2,1,1
1491624,23,2,1,1
186560,23,2,0,2
742112,23,2,0,2
1228696,23,2,1,1
2968456,23,2,1,1
253360,23,2,1,1
244264,23,2,0,2
6183904,23,2,1,1
127264,23,2,0,2
567504,23,2,1,1
3049000,23,2,0,2
139904,23,2,2,0
1755472,23,2,2,0
140888,23,2,1,1
619384,23,2,0,2
1809032,23,2,0,2
8101984,23,2,1,1
3440208,23,2,2,0
124608,23,2,1,1
157496,23,2,0,2
142224,23,2,2,0
443792,23,2,1,1
1908544,23,2,1,1
280144,23,2,1,1
208848,23,2,2,0
2118080,23,2,1,1
166568,23,2,0,2
5765184,23,2,1,1
561040,23,2,1,1
1980512,23,2,1,1
3251312,23,2,2,0
214952,23,2,0,2
1884304,23,2,1,1
1844400,23,2,0,2
2486888,23,2,1,1
119720,23,2,0,2
278472,23,2,1,1
180320,23,2,2,0
517008,23,2,2,0
649440,23,2,1,1
1267520,23,2,2,0
2746024,23,2,1,1
324288,23,2,1,1
2394736,23,2,0,2
686976,23,2,1,1
71272,23,2,1,1
382088,23,2,1,1
121016,23,2,1,1
284592,23,2,2,0
486336,23,2,1,1
2446680,23,2,0,2
495816,23,2,2,0
435480,23,2,0,2
7523856,23,2,1,1
2925200,23,2,2,0
697784,23,2,2,0
5231056,23,2,1,1
247584,23,2,1,1
76008,23,2,1,1
2671672,23,2,1,1
1013928,23,2,1,1
1010672,23,2,1,1
2705600,23,2,1,1
316224,23,2,1,1
455240,23,2,0,2
769192,23,2,1,1
188096,23,2,1,1
4167384,23,2,1,1
118696,23,2,2,0
3818464,23,2,2,0
237032,23,2,0,2
860760,23,2,1,1
981104,23,2,2,0
106192,23,2,1,1
764040,23,2,1,1
267128,23,2,1,1
3250608,23,2,1,1
3541128,23,2,1,1
1112280,23,2,0,2
297688,23,2,2,0
158592,23,2,1,1
5428240,23,2,2,0
5665912,23,2,2,0
1084472,23,2,1,1
97456,23,2,2,0
2233328,23,2,1,1
253792,23,2,1,1
1422568,23,2,1,1
375984,23,2,2,0
764792,23,2,1,1
4254136,23,2,1,1
2608912,23,2,0,2
1290216,23,2,2,0
134640,23,2,2,0
759624,23,2,2,0
187048,23,2,2,0
391608,23,2,1,1
2443984,23,2,1,1
326072,23,2,1,1
298296,23,2,0,2
2179040,23,2,1,1
795480,23,2,1,1
706904,23,2,0,2
1358704,23,2,1,1
741872,23,2,1,1
1380576,23,2,2,0
152240,23,2,1,1
898432,23,2,0,2
226216,23,2,0,2
82440,23,2,0,2
6638816,23,2,0,2
499872,23,2,0,2
550280,23,2,2,0
2328648,23,2,1,1
406632,23,2,2,0
1381960,23,2,1,1
260488,23,2,1,1
830352,23,2,0,2
5581568,23,2,1,1
392024,23,2,0,2
7360648,23,2,1,1
248968,23,2,0,2
1102016,23,2,2,0
263624,23,2,1,1
513464,23,2,1,1
352648,23,2,1,1
366968,23,2,0,2
2232240,23,2,2,0
4380464,23,2,1,1
375264,23,2,1,1
254880,23,2,0,2
2904128,23,2,2,0
510160,23,2,0,2
484232,23,2,1,1
251024,23,2,1,1
3482168,23,2,2,0
1266728,23,2,2,0
1731832,23,2,0,2
1519384,23,2,1,1
668040,23,2,1,1
1865920,23,2,1,1
343112,23,2,2,0
3303960,23,2,1,1
5559928,23,2,2,0
200736,23,2,1,1
148776,23,2,0,2
516824,23,2,2,0
871600,23,2,1,1
805128,23,2,1,1
2000608,23,2,1,1
662480,23,2,2,0
848208,23,2,0,2
196968,23,2,1,1
1333800,23,2,2,0
256488,23,2,2,0
509320,23,2,2,0
8173616,23,2,2,0
904960,23,2,1,1
3449584,23,2,2,0
2055440,23,2,1,1
1431904,23,2,0,2
402072,23,2,2,0
272912,23,2,1,1
565504,23,2,0,2
2183072,23,2,0,2
1190528,23,2,1,1
877280,23,2,2,0
356936,23,2,0,2
916848,23,2,1,1
151608,23,2,2,0
849288,23,2,1,1
81312,23,2,1,1
356624,23,2,1,1
1862048,23,2,2,0
105784,23,2,0,2
603912,23,2,1,1
3193760,23,2,1,1
202624,23,2,2,0
180120,23,2,1,1
195472,23,2,1,1
3529912,23,2,1,1
8127744,23,2,1,1
1122368,23,2,1,1
312616,23,2,1,1
268968,23,2,1,1
5513832,23,2,0,2
605712,23,2,0,2
605264,23,2,1,1
296304,23,2,1,1
792568,23,2,1,1
2419976,23,2,1,1
2851440,23,2,1,1
406464,23,2,1,1
1020640,23,2,1,1
588536,23,2,2,0
578032,23,2,2,0
480072,23,2,0,2
4927872,23,2,1,1
540416,23,2,0,2
474312,23,2,0,2
321344,23,2,1,1
1399984,23,2,1,1
76272,23,2,2,0
162216,23,2,1,1
2540104,23,2,0,2
609136,23,2,2,0
469328,23,2,1,1
392904,23,2,2,0
110376,23,2,1,1
2603440,23,2,2,0
140392,23,2,1,1
131808,23,2,1,1
257808,23,2,2,0
528360,23,2,1,1
2782368,23,2,1,1
272536,23,2,2,0
325160,23,2,1,1
1524112,23,2,0,2
2190496,23,2,2,0
1048616,23,2,1,1
1819144,23,2,2,0
838952,23,2,1,1
689904,23,2,1,1
299720,23,2,2,0
975536,23,2,1,1
173800,23,2,0,2
2147408,23,2,1,1
568904,23,2,2,0
1375592,23,2,1,1
701792,23,2,1,1
361288,23,2,1,1
295504,23,2,1,1
4537840,23,2,0,2
1752200,23,2,0,2
809088,23,2,1,1
5145424,23,2,1,1
225320,23,2,2,0
587048,23,2,1,1
394384,23,2,1,1
431824,23,2,0,2
150080,23,2,2,0
1827704,23,2,0,2
1418264,23,2,1,1
293400,23,2,1,1
675096,23,2,1,1
686080,23,2,1,1
5141200,23,2,0,2
1053160,23,2,2,0
1779472,23,2,1,1
731744,23,2,1,1
2278824,23,2,0,2
148528,23,2,2,0
7259568,23,2,2,0
3220824,23,2,1,1
272008,23,2,2,0
677376,23,2,0,2
269848,23,2,1,1
613504,23,2,1,1
491520,23,2,2,0
425328,23,2,1,1
1367272,23,2,2,0
2794624,23,2,1,1
449736,23,2,1,1
2830208,23,2,2,0
2150320,23,2,1,1
409784,23,2,1,1
450264,23,2,1,1
529392,23,2,2,0
776664,23,2,2,0
543784,23,2,1,1
2276568,23,2,2,0
678520,23,2,0,2
2532536,23,2,0,2
276256,23,2,1,1
278648,23,2,1,1
668120,23,2,0,2
687472,23,2,0,2
876008,23,2,0,2
454856,23,2,2,0
135976,23,2,1,1
754032,23,2,1,1
1380432,23,2,0,2
882160,23,2,2,0
342976,23,2,1,1
469032,23,2,0,2
99072,23,2,0,2
122400,23,2,0,2
823440,23,2,2,0
152464,23,2,1,1
752712,23,2,1,1
372160,23,2,1,1
4112456,23,2,1,1
214488,23,2,1,1
467704,23,2,0,2
228816,23,2,0,2
380384,23,2,1,1
4866680,23,2,1,1
207816,23,2,0,2
566504,23,2,1,1
4096056,23,2,1,1
348352,23,2,2,0
238920,23,2,1,1
363616,23,2,1,1
132600,23,2,1,1
229112,23,2,2,0
437520,23,2,0,2
261528,23,2,0,2
990520,23,2,1,1
2004264,23,2,1,1
3615600,23,2,1,1
5376656,23,2,1,1
1456352,23,2,0,2
757816,23,2,0,2
5369312,23,2,0,2
1025696,23,2,1,1
117160,23,2,2,0
95192,23,2,0,2
123600,23,2,2,0
166328,23,2,1,1
268256,23,2,1,1
252872,23,2,1,1
324504,23,2,1,1
460272,23,2,0,2
798264,23,2,2,0
378256,23,2,2,0
1046704,23,2,0,2
234272,23,2,0,2
213432,23,2,1,1
351112,23,2,1,1
90496,23,2,1,1
187184,23,2,1,1
4867384,23,2,1,1
366744,23,2,2,0
1117728,23,2,0,2
2228400,23,2,0,2
611040,23,2,1,1
261616,23,2,1,1
774632,23,2,1,1
1686344,23,2,0,2
351464,23,2,1,1
178680,23,2,1,1
4848944,23,2,1,1
4957048,23,2,2,0
3039872,23,2,0,2
482240,23,2,2,0
986440,23,2,0,2
2851832,23,2,1,1
227720,23,2,1,1
80704,23,2,1,1
233184,23,2,1,1
1809064,23,2,2,0
1242416,23,2,2,0
959920,23,2,0,2
419592,23,2,1,1
591744,23,2,1,1
808064,23,2,0,2
1338608,23,2,1,1
478032,23,2,2,0
442040,23,2,1,1
148096,23,2,2,0
438120,23,2,1,1
774336,23,2,1,1
148560,23,2,0,2
258272,23,2,1,1
869160,23,2,1,1
736120,23,2,1,1
722760,23,2,1,1
2113672,23,2,1,1
101208,23,2,1,1
1303008,23,2,2,0
281032,23,2,1,1
100152,23,2,2,0
3705648,23,2,0,2
466464,23,2,2,0
1156344,23,2,1,1
85888,23,2,2,0
685728,23,2,1,1
57992,23,2,2,0
352368,23,2,1,1
675408,23,2,2,0
224944,23,2,0,2
70568,23,2,1,1
2629984,23,2,1,1
361424,23,2,2,0
544464,23,2,1,1
676112,23,2,0,2
2215872,23,2,2,0
1533880,23,2,2,0
691056,23,2,1,1
754992,23,2,2,0
3710096,23,2,1,1
647096,23,2,1,1
985696,23,2,2,0
57032,23,2,0,2
209576,23,2,1,1
3905328,23,2,0,2
185120,23,2,2,0
1504896,23,2,1,1
562352,23,2,1,1
180088,23,2,2,0
382352,23,2,1,1
922712,23,2,1,1
494272,23,2,1,1
1051280,23,2,1,1
423424,23,2,1,1
6081760,23,2,1,1
205936,23,2,1,1
290496,23,2,0,2
494096,23,2,1,1
384488,23,2,2,0
1247640,23,2,0,2
4878088,23,2,0,2
6065344,23,2,2,0
1151456,23,2,1,1
226880,23,2,1,1
101880,23,2,1,1
346520,23,2,2,0
2446272,23,2,2,0
206888,23,2,1,1
776232,23,2,2,0
1257216,23,2,1,1
143432,23,2,1,1
573072,23,2,1,1
885264,23,2,1,1
402408,23,2,0,2
415192,23,2,0,2
1005712,23,2,0,2
177376,23,2,1,1
3518344,23,2,0,2
5654768,23,2,1,1
627176,23,2,2,0
198424,23,2,2,0
2057680,23,2,2,0
950664,23,2,0,2
680000,23,2,0,2
743280,23,2,1,1
396272,23,2,0,2
356456,23,2,1,1
559824,23,2,1,1
8384472,23,2,1,1
143264,23,2,1,1
4835072,23,2,0,2
611608,23,2,0,2
3758176,23,2,2,0
4412208,23,2,0,2
147552,23,2,1,1
575768,23,2,0,2
1469896,23,2,2,0
143752,23,2,1,1
400384,23,2,1,1
319192,23,2,2,0
430688,23,2,1,1
251688,23,2,0,2
244536,23,2,1,1
5236336,23,2,2,0
794776,23,2,1,1
224480,23,2,2,0
599304,23,2,1,1
910536,23,2,0,2
5557272,23,2,1,1
399096,23,2,2,0
4962904,23,2,1,1
5157880,23,2,1,1
224448,23,2,0,2
1138808,23,2,0,2
363752,23,2,1,1
1682192,23,2,1,1
266896,23,2,1,1
1226712,23,2,0,2
214000,23,2,1,1
387648,23,2,0,2
6750784,23,2,0,2
666888,23,2,1,1
567000,23,2,2,0
1222216,23,2,0,2
196848,23,2,1,1
2043824,23,2,0,2
296432,23,2,1,1
395496,23,2,0,2
1030824,23,2,2,0
2578320,23,2,0,2
4885960,23,2,2,0
161056,23,2,0,2
513776,23,2,1,1
225704,23,2,1,1
6391480,23,2,1,1
362296,23,2,1,1
3791152,23,2,1,1
1887424,23,2,0,2
167456,23,2,1,1
917288,23,2,0,2
659392,23,2,1,1
364024,23,2,1,1
650920,23,2,1,1
500328,23,2,2,0
1613944,23,2,1,1
781328,23,2,0,2
231952,23,2,1,1
8196624,23,2,1,1
702680,23,2,2,0
5665032,23,2,1,1
127496,23,2,0,2
497960,23,2,1,1
133800,23,2,0,2
191896,23,2,1,1
588896,23,2,0,2
112352,23,2,1,1
437736,23,2,0,2
269744,23,2,0,2
377720,23,2,1,1
579768,23,2,1,1
286768,23,2,0,2
132904,23,2,1,1
368936,23,2,2,0
737672,23,2,1,1
5120144,23,2,0,2
134056,23,2,0,2
877912,23,2,2,0
3746936,23,2,0,2
519624,23,2,2,0
1418344,23,2,0,2
1272088,23,2,2,0
635568,23,2,1,1
193656,23,2,1,1
908456,23,2,0,2
5539064,23,2,1,1
537528,23,2,1,1
2262136,23,2,0,2
1661280,23,2,0,2
306464,23,2,1,1
2574016,23,2,1,1
483688,23,2,1,1
222216,23,2,2,0
827000,23,2,0,2
2213880,23,2,1,1
345680,23,2,1,1
143488,23,2,1,1
869544,23,2,1,1
65488,23,2,2,0
1058792,23,2,2,0
370632,23,2,1,1
238744,23,2,0,2
752200,23,2,1,1
1115280,23,2,1,1
1874200,23,2,2,0
1677192,23,2,1,1
1421568,23,2,1,1
209704,23,2,0,2
514272,23,2,0,2
930040,23,2,2,0
183000,23,2,0,2
490952,23,2,0,2
542248,23,2,2,0
1084560,23,2,2,0
434072,23,2,1,1
2447192,23,2,1,1
4190424,23,2,2,0
491392,23,2,1,1
1087680,23,2,0,2
286528,23,2,0,2
652128,23,2,1,1
2664440,23,2,0,2
270248,23,2,1,1
4573760,23,2,1,1
1763216,23,2,1,1
1882760,23,2,1,1
2580536,23,2,1,1
1372744,23,2,1,1
307496,23,2,0,2
4482568,23,2,2,0
1333968,23,2,2,0
153304,23,2,2,0
381168,23,2,1,1
304216,23,2,1,1
83272,23,2,1,1
1794304,23,2,1,1
263928,23,2,0,2
1491640,23,2,1,1
3683464,23,2,2,0
182520,23,2,1,1
1128400,23,2,1,1
254688,23,2,0,2
794232,23,2,1,1
190472,23,2,2,0
116552,23,2,0,2
605040,23,2,1,1
163656,23,2,1,1
762736,23,2,1,1
370560,23,2,1,1
193720,23,2,2,0
156032,23,2,2,0
138960,23,2,0,2
3798088,23,2,1,1
2585936,23,2,2,0
5061336,23,2,2,0
2073216,23,2,1,1
980776,23,2,2,0
183592,23,2,2,0
96304,23,2,2,0
259120,23,2,2,0
1444304,23,2,0,2
636688,23,2,2,0
279128,23,2,1,1
2898728,23,2,0,2
483392,23,2,2,0
3609824,23,2,2,0
1680880,23,2,0,2
281248,23,2,0,2
84176,23,2,0,2
105024,23,2,0,2
1485248,23,2,1,1
551512,23,2,0,2
158856,23,2,0,2
230472,23,2,1,1
800544,23,2,1,1
1577216,23,2,0,2
270344,23,2,1,1
814160,23,2,1,1
900784,23,2,1,1
1171536,23,2,0,2
560360,23,2,2,0
640536,23,2,0,2
479600,23,2,2,0
394264,23,2,2,0
718152,23,2,1,1
4123000,23,2,2,0
114592,23,2,0,2
176376,23,2,0,2
1127888,23,2,1,1
488152,23,2,0,2
2119304,23,2,0,2
709392,23,2,1,1
284048,23,2,1,1
503848,23,2,2,0
1904944,23,2,0,2
921272,23,2,1,1
1703888,23,2,1,1
935488,23,2,0,2
323440,23,2,1,1
185440,23,2,0,2
610072,23,2,1,1
6393008,23,2,2,0
539472,23,2,2,0
1024264,23,2,1,1
261984,23,2,0,2
440616,23,2,0,2
249544,23,2,2,0
214232,23,2,1,1
2825272,23,2,2,0
152184,23,2,1,1
865536,23,2,1,1
2112392,23,2,1,1
454336,23,2,1,1
124888,23,2,1,1
837200,23,2,1,1
787024,23,2,0,2
2627184,23,2,0,2
1139144,23,2,1,1
514976,23,2,2,0
396936,23,2,2,0
312208,23,2,1,1
823600,23,2,2,0
173208,23,2,1,1
409648,23,2,1,1
133240,23,2,2,0
1859120,23,2,2,0
5235320,23,2,1,1
2038504,23,2,0,2
113624,23,2,1,1
494840,23,2,0,2
420448,23,2,1,1
358944,23,2,0,2
1189480,23,2,1,1
161312,23,2,1,1
130120,23,2,2,0
1077544,23,2,1,1
281264,23,2,2,0
3291832,23,2,2,0
8225080,23,2,0,2
7469984,23,2,2,0
103136,23,2,1,1
537440,23,2,1,1
2662312,23,2,1,1
245344,23,2,1,1
778296,23,2,0,2
248712,23,2,1,1
1002824,23,2,1,1
1094680,23,2,0,2
131896,23,2,1,1
727448,23,2,2,0
4440944,23,2,1,1
418216,23,2,1,1
390680,23,2,2,0
2297208,23,2,2,0
591568,23,2,1,1
2894168,23,2,0,2
231112,23,2,0,2
2394888,23,2,1,1
104088,23,2,1,1
867168,23,2,2,0
167264,23,2,2,0
368520,23,2,0,2
567680,23,2,0,2
285016,23,2,0,2
846952,23,2,1,1
98752,23,2,2,0
217488,23,2,1,1
2239384,23,2,0,2
1166280,23,2,2,0
814880,23,2,2,0
655208,23,2,0,2
1536368,23,2,1,1
1404576,23,2,2,0
4746624,23,2,2,0
4447992,23,2,1,1
342336,23,2,1,1
551008,23,2,1,1
369376,23,2,1,1
2150360,23,2,1,1
1049024,23,2,2,0
928216,23,2,1,1
3701472,23,2,1,1
868344,23,2,1,1
300376,23,2,1,1
275800,23,2,2,0
1035736,23,2,1,1
161240,23,2,0,2
3123592,23,2,1,1
516872,23,2,1,1
456456,23,2,1,1
328520,23,2,2,0
765696,23,2,0,2
350488,23,2,1,1
308008,23,2,1,1
191360,23,2,2,0
493544,23,2,1,1
178920,23,2,1,1
1204024,23,2,0,2
337192,23,2,2,0
134400,23,2,1,1
239352,23,2,1,1
224888,23,2,1,1
1615096,23,2,1,1
243080,23,2,2,0
549936,23,2,1,1
4273200,23,2,2,0
180160,23,2,1,1
495224,23,2,0,2
1809840,23,2,0,2
1446600,23,2,1,1
1759208,23,2,1,1
934040,23,2,1,1
1193816,23,2,0,2
343840,23,2,1,1
1619432,23,2,2,0
5243480,23,2,1,1
5083656,23,2,1,1
226872,23,2,1,1
3470712,23,2,1,1
438816,23,2,0,2
236168,23,2,1,1
669712,23,2,1,1
303776,23,2,1,1
7456344,23,2,0,2
893544,23,2,1,1
161800,23,2,0,2
4198912,23,2,1,1
1547264,23,2,0,2
1451496,23,2,0,2
706368,23,2,1,1
443400,23,2,0,2
707880,23,2,1,1
72496,23,2,1,1
840520,23,2,1,1
1211168,23,2,0,2
264632,23,2,1,1
118040,23,2,0,2
240184,23,2,2,0
518544,23,2,1,1
1108192,23,2,2,0
1231104,23,2,0,2
1849624,23,2,1,1
1206576,23,2,1,1
462992,23,2,0,2
92824,23,2,0,2
848256,23,2,2,0
533928,23,2,0,2
353392,23,2,1,1
286872,23,2,1,1
310712,23,2,0,2
4802456,23,2,1,1
501608,23,2,1,1
231536,23,2,2,0
576832,23,2,0,2
380176,23,2,2,0
104664,23,2,2,0
1306688,23,2,2,0
810216,23,2,1,1
183952,23,2,1,1
783984,23,2,1,1
197200,23,2,1,1
3966944,23,2,1,1
1441640,23,2,1,1
3531400,23,2,1,1
2537776,23,2,0,2
1280888,23,2,1,1
986384,23,2,1,1
1306144,23,2,1,1
1686208,23,2,2,0
1760144,23,2,1,1
150800,23,2,1,1
297928,23,2,1,1
339464,23,2,0,2
2144024,23,2,1,1
402520,23,2,1,1
273496,23,2,1,1
165904,23,2,2,0
231728,23,2,1,1
2406672,23,2,0,2
2079600,23,2,2,0
227832,23,2,0,2
825312,23,2,0,2
751400,23,2,2,0
395368,23,2,2,0
107584,23,2,1,1
189400,23,2,1,1
365008,23,2,0,2
2298800,23,2,1,1
6002640,23,2,1,1
580600,23,2,1,1
988920,23,2,2,0
841520,23,2,2,0
2600432,23,2,2,0
738800,23,2,1,1
296032,23,2,1,1
383000,23,2,1,1
699776,23,2,0,2
525040,23,2,1,1
1030144,23,2,0,2
1380152,23,2,0,2
239328,23,2,0,2
1432064,23,2,0,2
193504,23,2,1,1
2031184,23,2,1,1
719640,23,2,2,0
400264,23,2,2,0
1523656,23,2,1,1
1732688,23,2,0,2
307808,23,2,1,1
620528,23,2,1,1
2708216,23,2,2,0
233256,23,2,2,0
1316424,23,2,0,2
214160,23,2,2,0
113080,23,2,1,1
310584,23,2,2,0
634480,23,2,1,1
205288,23,2,1,1
329784,23,2,1,1
758664,23,2,1,1
516328,23,2,2,0
1871040,23,2,2,0
2927736,23,2,0,2
3766080,23,2,0,2
973624,23,2,2,0
101536,23,2,1,1
414544,23,2,0,2
1590800,23,2,1,1
144568,23,2,2,0
2088792,23,2,1,1
898360,23,2,2,0
181744,23,2,2,0
4244936,23,2,2,0
99808,23,2,0,2
336208,23,2,1,1
779968,23,2,2,0
2429360,23,2,0,2
178936,23,2,1,1
635784,23,2,1,1
162144,23,2,1,1
463168,23,2,1,1
7170080,23,2,0,2
447824,23,2,1,1
1601424,23,2,2,0
932032,23,2,1,1
167040,23,2,0,2
3802904,23,2,2,0
640224,23,2,1,1
764400,23,2,1,1
529656,23,2,0,2
235304,23,2,2,0
219624,23,2,0,2
403032,23,2,1,1
113184,23,2,2,0
2827064,23,2,2,0
1345040,23,2,1,1
733328,23,2,1,1
465352,23,2,2,0
3384664,23,2,1,1
4930264,23,2,1,1
373600,23,2,1,1
166960,23,2,1,1
519072,23,2,0,2
300072,23,2,1,1
6101448,23,2,1,1
1518000,23,2,1,1
2781056,23,2,0,2
908744,23,2,1,1
1593800,23,2,0,2
3140520,23,2,1,1
599280,23,2,2,0
553064,23,2,0,2
1161112,23,2,1,1
6388088,23,2,1,1
212800,23,2,2,0
322952,23,2,2,0
811576,23,2,1,1
316680,23,2,1,1
560576,23,2,1,1
164680,23,2,1,1
887112,23,2,2,0
117416,23,2,2,0
506384,23,2,0,2
1201672,23,2,1,1
740536,23,2,0,2
1362864,23,2,0,2
319448,23,2,0,2
548592,23,2,0,2
84088,23,2,2,0
136944,23,2,1,1
117112,23,2,2,0
311360,23,2,1,1
4310256,23,2,1,1
472624,23,2,2,0
1047192,23,2,2,0
269568,23,2,0,2
176488,23,2,0,2
701536,23,2,1,1
6699344,23,2,2,0
822192,23,2,0,2
1668328,23,2,1,1
274080,23,2,2,0
1624320,23,2,2,0
73360,23,2,1,1
1547160,23,2,1,1
190640,23,2,1,1
413904,23,2,0,2
272488,23,2,1,1
1131376,23,2,0,2
1159280,23,2,1,1
188272,23,2,0,2
1542112,23,2,0,2
539400,23,2,1,1
221848,23,2,0,2
64240,23,2,1,1
59392,23,2,2,0
3606992,23,2,0,2
848240,23,2,1,1
410984,23,2,0,2
107848,23,2,1,1
261600,23,2,0,2
136904,23,2,1,1
453600,23,2,1,1
173008,23,2,1,1
255600,23,2,2,0
101840,23,2,0,2
2127832,23,2,1,1
678680,23,2,2,0
1792704,23,2,0,2
1198536,23,2,1,1
307320,23,2,1,1
293560,23,2,1,1
215248,23,2,2,0
342864,23,2,2,0
202648,23,2,1,1
88200,23,2,2,0
857376,23,2,1,1
496520,23,2,1,1
1579816,23,2,1,1
3382952,23,2,2,0
1107944,23,2,2,0
87072,23,2,0,2
1685408,23,2,2,0
384528,23,2,1,1
3282584,23,2,1,1
110312,23,2,1,1
207064,23,2,0,2
636584,23,2,2,0
344408,23,2,1,1
652440,23,2,1,1
2571416,23,2,2,0
2922544,23,2,1,1
439848,23,2,2,0
487808,23,2,2,0
1342296,23,2,1,1
269280,23,2,1,1
4126616,23,2,2,0
169288,23,2,2,0
734320,23,2,0,2
794088,23,2,0,2
296096,23,2,1,1
3503488,23,2,0,2
3568104,23,2,1,1
787400,23,2,1,1
3510600,23,2,1,1
774992,23,2,1,1
631800,23,2,1,1
2127528,23,2,1,1
511000,23,2,1,1
1781160,23,2,1,1
339632,23,2,1,1
370032,23,2,0,2
5589456,23,2,1,1
272080,23,2,2,0
5264200,23,2,0,2
244432,23,2,0,2
1670256,23,2,2,0
130960,23,2,1,1
6144896,23,2,1,1
260264,23,2,1,1
352296,23,2,1,1
192704,23,2,1,1
351344,23,2,1,1
886088,23,2,1,1
118352,23,2,1,1
691552,23,2,1,1
81304,23,2,1,1
265424,23,2,0,2
1125544,23,2,2,0
421520,23,2,1,1
145216,23,2,1,1
486904,23,2,1,1
1326648,23,2,1,1
807440,23,2,1,1
163528,23,2,1,1
600800,23,2,0,2
1048048,23,2,0,2
2427544,23,2,1,1
148240,23,2,1,1
506032,23,2,2,0
56816,23,2,0,2
463000,23,2,2,0
894952,23,2,2,0
525952,23,2,2,0
1263520,23,2,1,1
703696,23,2,0,2
254616,23,2,2,0
166848,23,2,1,1
190720,23,2,1,1
595968,23,2,0,2
1006688,23,2,1,1
1767016,23,2,1,1
315896,23,2,2,0
436896,23,2,0,2
442208,23,2,1,1
125408,23,2,1,1
554368,23,2,1,1
174456,23,2,1,1
94904,23,2,1,1
1209248,23,2,1,1
4809768,23,2,2,0
1051112,23,2,1,1
711160,23,2,0,2
516816,23,2,1,1
703608,23,2,2,0
109688,23,2,0,2
637848,23,2,1,1
340896,23,2,1,1
2869848,23,2,0,2
110648,23,2,2,0
1997976,23,2,1,1
509736,23,2,0,2
146912,23,2,1,1
708464,23,2,1,1
4387072,23,2,0,2
7693472,23,2,0,2
86488,23,2,1,1
2308640,23,2,1,1
2726520,23,2,0,2
388072,23,2,2,0
352912,23,2,1,1
190136,23,2,2,0
627560,23,2,2,0
243280,23,2,1,1
240032,23,2,0,2
80648,23,2,1,1
61208,23,2,1,1
401248,23,2,0,2
155608,23,2,2,0
459528,23,2,1,1
237040,23,2,1,1
1133552,23,2,2,0
253024,23,2,0,2
707336,23,2,2,0
2544504,23,2,1,1
357776,23,2,2,0
1380080,23,2,2,0
69320,23,2,0,2
1607696,23,2,1,1
244928,23,2,1,1
434152,23,2,2,0
1683176,23,2,2,0
983720,23,2,1,1
63416,23,2,2,0
418536,23,2,0,2
599432,23,2,1,1
2754544,23,2,2,0
1537528,23,2,0,2
723616,23,2,0,2
3261328,23,2,1,1
2364168,23,2,0,2
273800,23,2,1,1
296936,23,2,1,1
1331232,23,2,2,0
261760,23,2,1,1
87368,23,2,0,2
624320,23,2,2,0
159728,23,2,1,1
732904,23,2,2,0
93592,23,2,2,0
860192,23,2,0,2
212224,23,2,0,2
3377872,23,2,0,2
299152,23,2,1,1
411632,23,2,0,2
194376,23,2,2,0
810696,23,2,2,0
2536688,23,2,0,2
2239824,23,2,0,2
818248,23,2,1,1
423912,23,2,1,1
2852848,23,2,2,0
409400,23,2,1,1
5147400,23,2,2,0
260888,23,2,1,1
1194784,23,2,0,2
1308560,23,2,1,1
833464,23,2,1,1
5335680,23,2,1,1
2392904,23,2,2,0
496096,23,2,1,1
280232,23,2,2,0
370792,23,2,0,2
846232,23,2,0,2
4932672,23,2,1,1
119168,23,2,1,1
5111064,23,2,0,2
198984,23,2,0,2
950960,23,2,2,0
2714912,23,2,2,0
625184,23,2,2,0
689200,23,2,1,1
388408,23,2,2,0
7003256,23,2,1,1
1147184,23,2,2,0
237552,23,2,0,2
228984,23,2,1,1
219936,23,2,1,1
5053760,23,2,1,1
126456,23,2,0,2
3278320,23,2,2,0
1959368,23,2,1,1
200680,23,2,2,0
926688,23,2,1,1
745064,23,2,0,2
310048,23,2,1,1
398320,23,2,2,0
973000,23,2,1,1
606632,23,2,1,1
132384,23,2,1,1
3405576,23,2,1,1
688800,23,2,2,0
341400,23,2,0,2
166360,23,2,1,1
400080,23,2,2,0
355696,23,2,1,1
385696,23,2,0,2
2421768,23,2,0,2
5961624,23,2,2,0
331576,23,2,1,1
2322176,23,2,1,1
984432,23,2,0,2
73800,23,2,1,1
682040,23,2,2,0
404576,23,2,1,1
606672,23,2,1,1
702224,23,2,0,2
182224,23,2,1,1
132192,23,2,1,1
134584,23,2,1,1
262320,23,2,1,1
346568,23,2,0,2
782208,23,2,1,1
554832,23,2,0,2
256320,23,2,1,1
5321104,23,2,2,0
403272,23,2,0,2
90504,23,2,1,1
189840,23,2,2,0
1318904,23,2,2,0
953336,23,2,1,1
449824,23,2,1,1
6980880,23,2,1,1
297744,23,2,2,0
2539776,23,2,1,1
520440,23,2,0,2
708800,23,2,1,1
301952,23,2,1,1
388864,23,2,1,1
512480,23,2,1,1
1077120,23,2,0,2
400680,23,2,1,1
7557032,23,2,1,1
954112,23,2,2,0
107672,23,2,0,2
3116464,23,2,0,2
2709936,23,2,2,0
536000,23,2,2,0
1256608,23,2,1,1
1319552,23,2,0,2
78024,23,2,2,0
112328,23,2,1,1
264760,23,2,1,1
6652408,23,2,2,0
318592,23,2,0,2
172048,23,2,2,0
166680,23,2,1,1
243936,23,2,1,1
2328408,23,2,1,1
943296,23,2,1,1
3030952,23,2,1,1
2614608,23,2,1,1
464216,23,2,1,1
78592,23,2,0,2
1405624,23,2,1,1
480928,23,2,1,1
118096,23,2,0,2
519040,23,2,2,0
559448,23,2,1,1
792464,23,2,1,1
205992,23,2,0,2
848744,23,2,1,1
510736,23,2,1,1
3968384,23,2,1,1
1035280,23,2,1,1
1392728,23,2,0,2
178600,23,2,1,1
194608,23,2,0,2
3047224,23,2,1,1
548528,23,2,1,1
653984,23,2,1,1
2117984,23,2,1,1
1974920,23,2,0,2
497792,23,2,0,2
451976,23,2,2,0
296872,23,2,1,1
372640,23,2,0,2
1030200,23,2,0,2
177432,23,2,2,0
889568,23,2,1,1
290832,23,2,1,1
61120,23,2,1,1
4754152,23,2,1,1
716752,23,2,1,1
326608,23,2,2,0
429272,23,2,0,2
103416,23,2,1,1
295088,23,2,2,0
234008,23,2,0,2
2813944,23,2,1,1
969304,23,2,0,2
591448,23,2,0,2
323320,23,2,2,0
301488,23,2,1,1
159648,23,2,1,1
189456,23,2,2,0
1291648,23,2,2,0
261144,23,2,0,2
3797936,23,2,2,0
222056,23,2,1,1
2053168,23,2,1,1
1950784,23,2,1,1
315200,23,2,0,2
643208,23,2,1,1
202208,23,2,0,2
2764056,23,2,1,1
7217544,23,2,1,1
918112,23,2,0,2
137096,23,2,1,1
208224,23,2,2,0
765960,23,2,1,1
156776,23,2,0,2
739720,23,2,0,2
710360,23,2,1,1
6785240,23,2,0,2
136928,23,2,1,1
304904,23,2,2,0
217096,23,2,1,1
5633560,23,2,0,2
701496,23,2,0,2
201480,23,2,1,1
792504,23,2,2,0
225280,23,2,1,1
649432,23,2,2,0
476064,23,2,1,1
676696,23,2,2,0
698344,23,2,0,2
466504,23,2,2,0
6224216,23,2,1,1
251752,23,2,2,0
789896,23,2,1,1
692496,23,2,1,1
877448,23,2,1,1
398952,23,2,1,1
487120,23,2,1,1
5124624,23,2,0,2
1978560,23,2,1,1
113616,23,2,1,1
326288,23,2,0,2
2873512,23,2,1,1
852784,23,2,1,1
880944,23,2,1,1
2420032,23,2,1,1
640232,23,2,1,1
3328768,23,2,0,2
992576,23,2,1,1
438464,23,2,2,0
1755536,23,2,1,1
281232,23,2,0,2
187920,23,2,2,0
473808,23,2,1,1
363072,23,2,0,2
7692392,23,2,2,0
150720,23,2,0,2
144416,23,2,0,2
1827064,23,2,1,1
362640,23,2,1,1
2796960,23,2,2,0
700672,23,2,2,0
251192,23,2,2,0
195592,23,2,1,1
8139336,23,2,1,1
210208,23,2,1,1
3658584,23,2,1,1
2097448,23,2,2,0
379712,23,2,1,1
111688,23,2,1,1
255856,23,2,0,2
131016,23,2,2,0
5369480,23,2,0,2
283592,23,2,1,1
1289312,23,2,2,0
3046472,23,2,2,0
881384,23,2,2,0
352664,23,2,0,2
1025408,23,2,1,1
7765592,23,2,0,2
347464,23,2,2,0
6982576,23,2,2,0
861240,23,2,0,2
748400,23,2,0,2
289064,23,2,2,0
1238376,23,2,1,1
315576,23,2,0,2
1927616,23,2,1,1
455368,23,2,1,1
1730720,23,2,1,1
229896,23,2,1,1
148632,23,2,1,1
3283952,23,2,2,0
210888,23,2,0,2
313032,23,2,0,2
145960,23,2,2,0
608008,23,2,1,1
784152,23,2,1,1
106664,23,2,2,0
673752,23,2,2,0
217584,23,2,1,1
1096376,23,2,0,2
100832,23,2,2,0
286976,23,2,1,1
330104,23,2,1,1
729488,23,2,1,1
587000,23,2,2,0
404208,23,2,2,0
2229184,23,2,2,0
1632112,23,2,1,1
2785400,23,2,0,2
915968,23,2,1,1
188520,23,2,0,2
223512,23,2,1,1
327640,23,2,2,0
456736,23,2,0,2
56456,23,2,2,0
1054224,23,2,1,1
711952,23,2,1,1
725560,23,2,1,1
3122072,23,2,1,1
4101416,23,2,2,0
155456,23,2,1,1
250824,23,2,1,1
1395424,23,2,2,0
634912,23,2,0,2
479552,23,2,2,0
1457048,23,2,1,1
149160,23,2,0,2
848656,23,2,1,1
865776,23,2,2,0
396080,23,2,1,1
128552,23,2,2,0
185832,23,2,1,1
257856,23,2,0,2
1454152,23,2,2,0
1704112,23,2,1,1
2660008,23,2,1,1
329280,23,2,0,2
212888,23,2,2,0
4903176,23,2,1,1
1045840,23,2,0,2
381608,23,2,2,0
3386584,23,2,2,0
2160296,23,2,0,2
142072,23,2,1,1
1199352,23,2,1,1
439928,23,2,1,1
307616,23,2,1,1
3419616,23,2,2,0
5263000,23,2,0,2
532592,23,2,1,1
389480,23,2,2,0
2479296,23,2,0,2
710416,23,2,1,1
212024,23,2,2,0
312104,23,2,0,2
1684576,23,2,0,2
860736,23,2,1,1
149952,23,2,2,0
255784,23,2,2,0
1100336,23,2,0,2
939984,23,2,1,1
399760,24,2,1,1
338080,24,2,2,0
139488,24,2,1,1
372952,24,2,1,1
846560,24,2,2,0
851392,24,2,2,0
579544,24,2,1,1
264664,24,2,1,1
594488,24,2,2,0
3704008,24,2,1,1
203280,24,2,0,2
1850192,24,2,1,1
145392,24,2,2,0
316536,24,2,1,1
576584,24,2,1,1
490152,24,2,1,1
152624,24,2,1,1
88272,24,2,2,0
937120,24,2,0,2
287928,24,2,1,1
921952,24,2,1,1
247248,24,2,2,0
354168,24,2,0,2
1232192,24,2,0,2
4949312,24,2,1,1
254656,24,2,0,2
170584,24,2,2,0
2776632,24,2,1,1
115768,24,2,0,2
784952,24,2,1,1
781528,24,2,0,2
1799480,24,2,1,1
96344,24,2,2,0
186440,24,2,1,1
390656,24,2,1,1
996072,24,2,0,2
5183576,24,2,2,0
1243288,24,2,2,0
625704,24,2,1,1
2316656,24,2,0,2
5983832,24,2,0,2
45264,24,2,1,1
136048,24,2,2,0
105232,24,2,0,2
3765456,24,2,1,1
1408424,24,2,0,2
3163672,24,2,2,0
455560,24,2,1,1
7124384,24,2,2,0
130208,24,2,1,1
781352,24,2,2,0
3753368,24,2,1,1
561144,24,2,0,2
760136,24,2,2,0
3786240,24,2,0,2
314872,24,2,0,2
5991368,24,2,2,0
176120,24,2,2,0
113752,24,2,2,0
6409232,24,2,2,0
113024,24,2,1,1
127248,24,2,2,0
1084920,24,2,2,0
497056,24,2,2,0
2624168,24,2,2,0
619192,24,2,1,1
312856,24,2,1,1
2538216,24,2,0,2
616880,24,2,0,2
1478840,24,2,1,1
2030576,24,2,0,2
868152,24,2,1,1
489672,24,2,0,2
2716104,24,2,1,1
304480,24,2,1,1
2208488,24,2,1,1
208064,24,2,1,1
202504,24,2,2,0
1020880,24,2,0,2
216008,24,2,0,2
797528,24,2,2,0
1247632,24,2,1,1
414632,24,2,2,0
1279288,24,2,1,1
2345336,24,2,1,1
821920,24,2,2,0
258464,24,2,1,1
1258568,24,2,2,0
493040,24,2,1,1
232728,24,2,1,1
1380832,24,2,0,2
1373136,24,2,0,2
2270888,24,2,1,1
1039440,24,2,2,0
315712,24,2,1,1
454520,24,2,0,2
439520,24,2,1,1
596936,24,2,0,2
1818880,24,2,0,2
834624,24,2,2,0
2033056,24,2,2,0
345816,24,2,2,0
580648,24,2,2,0
5356536,24,2,1,1
6922424,24,2,2,0
917080,24,2,1,1
161792,24,2,2,0
1793584,24,2,1,1
1031392,24,2,0,2
247616,24,2,0,2
106704,24,2,1,1
143760,24,2,2,0
1604616,24,2,1,1
547056,24,2,0,2
365344,24,2,0,2
785504,24,2,2,0
1450400,24,2,1,1
181800,24,2,1,1
793056,24,2,2,0
8059552,24,2,1,1
3704056,24,2,1,1
365920,24,2,0,2
911560,24,2,1,1
311832,24,2,0,2
48016,24,2,1,1
316872,24,2,1,1
537776,24,2,2,0
588976,24,2,1,1
697264,24,2,2,0
1067544,24,2,1,1
590904,24,2,2,0
527696,24,2,0,2
851296,24,2,2,0
220584,24,2,1,1
4985688,24,2,1,1
318184,24,2,1,1
1291264,24,2,1,1
861400,24,2,2,0
503288,24,2,0,2
2181632,24,2,2,0
1288104,24,2,1,1
5399912,24,2,1,1
1203256,24,2,2,0
804120,24,2,2,0
263056,24,2,0,2
297808,24,2,1,1
2726048,24,2,0,2
61352,24,2,1,1
1348256,24,2,1,1
654792,24,2,1,1
1882920,24,2,2,0
451824,24,2,2,0
408656,24,2,1,1
128128,24,2,1,1
595896,24,2,0,2
1266864,24,2,1,1
140160,24,2,0,2
146728,24,2,2,0
914304,24,2,1,1
277480,24,2,2,0
758696,24,2,2,0
796024,24,2,1,1
244272,24,2,0,2
163072,24,2,1,1
417000,24,2,1,1
274184,24,2,0,2
231088,24,2,0,2
50872,24,2,1,1
198936,24,2,1,1
1102416,24,2,1,1
1817712,24,2,0,2
354760,24,2,1,1
327728,24,2,1,1
5178352,24,2,1,1
527920,24,2,2,0
1468640,24,2,1,1
1173200,24,2,1,1
214096,24,2,2,0
1879416,24,2,1,1
393320,24,2,0,2
626624,24,2,2,0
579144,24,2,1,1
744568,24,2,1,1
2476280,24,2,2,0
1447096,24,2,2,0
494080,24,2,1,1
319480,24,2,0,2
904816,24,2,2,0
491848,24,2,0,2
524464,24,2,2,0
2002800,24,2,2,0
220824,24,2,1,1
691536,24,2,1,1
206256,24,2,1,1
331680,24,2,0,2
1520992,24,2,0,2
369192,24,2,2,0
6510504,24,2,1,1
1325584,24,2,1,1
2148472,24,2,0,2
877760,24,2,0,2
289672,24,2,2,0
1056704,24,2,2,0
275536,24,2,0,2
1857760,24,2,1,1
1683392,24,2,2,0
133496,24,2,1,1
1213376,24,2,2,0
807128,24,2,0,2
964024,24,2,2,0
632152,24,2,1,1
300056,24,2,0,2
757336,24,2,2,0
800216,24,2,0,2
1706024,24,2,1,1
2883504,24,2,1,1
318768,24,2,1,1
588288,24,2,2,0
3131552,24,2,1,1
372200,24,2,1,1
666840,24,2,1,1
687712,24,2,0,2
504640,24,2,1,1
308624,24,2,0,2
117240,24,2,0,2
293968,24,2,1,1
1608536,24,2,0,2
519800,24,2,0,2
337064,24,2,1,1
50144,24,2,2,0
2819360,24,2,1,1
1359336,24,2,1,1
154056,24,2,2,0
293056,24,2,1,1
213904,24,2,1,1
376112,24,2,1,1
3992928,24,2,2,0
1537224,24,2,0,2
229912,24,2,2,0
128280,24,2,1,1
433936,24,2,1,1
3204056,24,2,1,1
399816,24,2,2,0
345016,24,2,1,1
1462464,24,2,1,1
141776,24,2,1,1
5162184,24,2,0,2
1506536,24,2,1,1
848448,24,2,1,1
2258544,24,2,1,1
322800,24,2,2,0
666432,24,2,1,1
196128,24,2,1,1
346064,24,2,0,2
136752,24,2,1,1
195264,24,2,1,1
213752,24,2,1,1
1277296,24,2,1,1
357128,24,2,2,0
551624,24,2,0,2
3720176,24,2,1,1
293000,24,2,2,0
264008,24,2,0,2
152936,24,2,1,1
427008,24,2,1,1
1607928,24,2,2,0
1864368,24,2,2,0
1871064,24,2,1,1
1892376,24,2,1,1
2106432,24,2,1,1
361144,24,2,1,1
158200,24,2,0,2
296784,24,2,2,0
752976,24,2,0,2
193920,24,2,2,0
3017872,24,2,0,2
1676896,24,2,1,1
438360,24,2,0,2
329936,24,2,1,1
1081624,24,2,1,1
1295816,24,2,1,1
918608,24,2,2,0
1425784,24,2,0,2
1267768,24,2,0,2
3896416,24,2,1,1
4289336,24,2,1,1
3636128,24,2,1,1
1105928,24,2,2,0
473584,24,2,1,1
287384,24,2,1,1
1137056,24,2,1,1
946288,24,2,0,2
2143400,24,2,0,2
385808,24,2,1,1
1658336,24,2,2,0
2490480,24,2,0,2
203544,24,2,1,1
214048,24,2,0,2
6649776,24,2,0,2
1082720,24,2,1,1
530024,24,2,2,0
3583560,24,2,1,1
335048,24,2,1,1
115592,24,2,1,1
250440,24,2,1,1
537784,24,2,0,2
219912,24,2,0,2
165448,24,2,1,1
1337312,24,2,0,2
905456,24,2,0,2
1363608,24,2,1,1
135600,24,2,0,2
414280,24,2,2,0
110928,24,2,2,0
848536,24,2,1,1
1018088,24,2,2,0
1719408,24,2,2,0
139064,24,2,2,0
567800,24,2,2,0
7763040,24,2,2,0
2007280,24,2,1,1
125576,24,2,1,1
547672,24,2,0,2
769016,24,2,0,2
2880624,24,2,1,1
782720,24,2,2,0
1255528,24,2,1,1
670336,24,2,0,2
3013280,24,2,2,0
1580704,24,2,1,1
245536,24,2,0,2
1144336,24,2,1,1
960864,24,2,1,1
171960,24,2,1,1
444920,24,2,1,1
525600,24,2,1,1
4146176,24,2,2,0
491008,24,2,2,0
250560,24,2,2,0
438208,24,2,1,1
1332720,24,2,2,0
3638496,24,2,1,1
214184,24,2,1,1
1597760,24,2,0,2
99000,24,2,2,0
291736,24,2,1,1
281104,24,2,1,1
2025168,24,2,1,1
418040,24,2,1,1
4110144,24,2,0,2
932784,24,2,1,1
570432,24,2,1,1
4331016,24,2,1,1
638000,24,2,1,1
353800,24,2,0,2
691656,24,2,1,1
1685192,24,2,1,1
409848,24,2,0,2
667456,24,2,1,1
6583648,24,2,2,0
1463112,24,2,1,1
2503504,24,2,0,2
810152,24,2,1,1
2619832,24,2,1,1
388136,24,2,2,0
787008,24,2,1,1
326832,24,2,2,0
272224,24,2,1,1
149392,24,2,1,1
511264,24,2,1,1
252744,24,2,0,2
1725800,24,2,1,1
431104,24,2,2,0
530680,24,2,1,1
81568,24,2,2,0
437232,24,2,1,1
2497944,24,2,2,0
94704,24,2,0,2
641240,24,2,2,0
555832,24,2,2,0
696920,24,2,1,1
7629328,24,2,1,1
105664,24,2,1,1
1249568,24,2,1,1
61792,24,2,1,1
189720,24,2,1,1
5033424,24,2,0,2
256088,24,2,1,1
157920,24,2,2,0
402392,24,2,1,1
267744,24,2,2,0
5850080,24,2,2,0
89984,24,2,0,2
294392,24,2,0,2
877192,24,2,2,0
77400,24,2,1,1
1924120,24,2,2,0
3900960,24,2,1,1
2634808,24,2,0,2
7471816,24,2,1,1
150576,24,2,2,0
895872,24,2,2,0
774488,24,2,0,2
2634656,24,2,1,1
308080,24,2,2,0
741496,24,2,1,1
1215304,24,2,0,2
552624,24,2,2,0
613200,24,2,2,0
4425304,24,2,2,0
418712,24,2,1,1
649464,24,2,1,1
5286720,24,2,2,0
2037664,24,2,1,1
3058704,24,2,1,1
608368,24,2,1,1
542912,24,2,2,0
553448,24,2,1,1
236400,24,2,0,2
1091440,24,2,0,2
205136,24,2,1,1
3973216,24,2,0,2
459808,24,2,1,1
1145112,24,2,1,1
416928,24,2,1,1
192296,24,2,0,2
2324472,24,2,1,1
193544,24,2,2,0
116096,24,2,0,2
271480,24,2,1,1
242984,24,2,0,2
1540200,24,2,0,2
5093976,24,2,2,0
2395880,24,2,1,1
1082264,24,2,1,1
1103704,24,2,2,0
565280,24,2,1,1
520144,24,2,1,1
3431536,24,2,2,0
1030352,24,2,2,0
4799416,24,2,1,1
2499704,24,2,0,2
460760,24,2,0,2
127120,24,2,0,2
2054984,24,2,1,1
3255088,24,2,1,1
487304,24,2,0,2
229832,24,2,2,0
493104,24,2,2,0
1567320,24,2,0,2
2153064,24,2,0,2
1182568,24,2,1,1
206664,24,2,0,2
726544,24,2,1,1
1239640,24,2,2,0
129528,24,2,2,0
1450672,24,2,1,1
2451000,24,2,2,0
3417960,24,2,1,1
310160,24,2,1,1
1078432,24,2,0,2
8146392,24,2,0,2
149168,24,2,0,2
828504,24,2,1,1
340720,24,2,1,1
3873968,24,2,2,0
1849168,24,2,1,1
204296,24,2,0,2
2711440,24,2,0,2
3102056,24,2,0,2
411256,24,2,1,1
87544,24,2,2,0
52456,24,2,1,1
2266992,24,2,2,0
571656,24,2,0,2
2117352,24,2,1,1
290784,24,2,1,1
187424,24,2,0,2
209144,24,2,1,1
3569824,24,2,1,1
172464,24,2,2,0
677936,24,2,0,2
1165280,24,2,1,1
362888,24,2,0,2
93160,24,2,1,1
7385672,24,2,2,0
111432,24,2,2,0
480096,24,2,2,0
246160,24,2,1,1
3939592,24,2,0,2
1923776,24,2,1,1
360720,24,2,2,0
973632,24,2,1,1
214832,24,2,2,0
197008,24,2,1,1
2441304,24,2,0,2
974256,24,2,2,0
635848,24,2,0,2
417752,24,2,2,0
1527904,24,2,0,2
630752,24,2,0,2
750944,24,2,2,0
283680,24,2,1,1
433712,24,2,1,1
166872,24,2,0,2
121440,24,2,1,1
1865976,24,2,1,1
6377832,24,2,1,1
1570488,24,2,1,1
303072,24,2,2,0
148416,24,2,2,0
718360,24,2,1,1
656768,24,2,0,2
249472,24,2,0,2
133104,24,2,2,0
212560,24,2,2,0
170480,24,2,1,1
358592,24,2,1,1
354984,24,2,1,1
110520,24,2,0,2
227696,24,2,1,1
6047944,24,2,2,0
3058160,24,2,1,1
200104,24,2,1,1
304296,24,2,2,0
985024,24,2,2,0
2660200,24,2,2,0
252336,24,2,0,2
158968,24,2,0,2
162016,24,2,1,1
467384,24,2,1,1
209824,24,2,2,0
688760,24,2,2,0
1731048,24,2,0,2
615144,24,2,2,0
1234640,24,2,1,1
3288008,24,2,1,1
1548808,24,2,2,0
543936,24,2,2,0
933208,24,2,0,2
475320,24,2,0,2
3156928,24,2,0,2
4706520,24,2,0,2
632096,24,2,1,1
121168,24,2,1,1
219424,24,2,0,2
196224,24,2,1,1
279384,24,2,1,1
176928,24,2,1,1
204376,24,2,1,1
1305296,24,2,2,0
139008,24,2,1,1
173616,24,2,1,1
840200,24,2,1,1
2370192,24,2,2,0
162696,24,2,1,1
1030560,24,2,0,2
630424,24,2,2,0
1502304,24,2,1,1
2631576,24,2,0,2
412200,24,2,1,1
210704,24,2,1,1
1982536,24,2,1,1
339544,24,2,2,0
1089704,24,2,1,1
403080,24,2,2,0
157912,24,2,1,1
1209592,24,2,1,1
254832,24,2,1,1
470152,24,2,0,2
156528,24,2,1,1
457968,24,2,1,1
655568,24,2,1,1
620096,24,2,2,0
115016,24,2,2,0
209592,24,2,2,0
115904,24,2,0,2
720024,24,2,0,2
792880,24,2,1,1
988008,24,2,1,1
1803608,24,2,1,1
860328,24,2,1,1
1533296,24,2,0,2
229664,24,2,1,1
1645088,24,2,2,0
558624,24,2,1,1
1172440,24,2,2,0
422968,24,2,0,2
3844280,24,2,1,1
168000,24,2,1,1
124912,24,2,0,2
490408,24,2,2,0
986160,24,2,1,1
170056,24,2,1,1
3423560,24,2,0,2
436688,24,2,1,1
517600,24,2,1,1
3957984,24,2,0,2
328016,24,2,1,1
1176200,24,2,2,0
363568,24,2,0,2
1954688,24,2,0,2
2869504,24,2,2,0
349392,24,2,1,1
1396552,24,2,1,1
618936,24,2,0,2
1092992,24,2,0,2
1161712,24,2,0,2
7965248,24,2,1,1
1853160,24,2,1,1
1032056,24,2,1,1
364272,24,2,1,1
238056,24,2,2,0
1417528,24,2,0,2
361440,24,2,0,2
257816,24,2,2,0
778016,24,2,1,1
118464,24,2,0,2
454144,24,2,0,2
6628456,24,2,2,0
1324608,24,2,2,0
669544,24,2,1,1
4091784,24,2,2,0
658792,24,2,2,0
384768,24,2,1,1
435912,24,2,1,1
167928,24,2,2,0
249176,24,2,0,2
184648,24,2,1,1
54328,24,2,1,1
184120,24,2,2,0
4759896,24,2,2,0
1594088,24,2,1,1
341136,24,2,1,1
1046064,24,2,2,0
1392864,24,2,1,1
551288,24,2,2,0
544960,24,2,2,0
1123072,24,2,1,1
1075568,24,2,1,1
415568,24,2,1,1
4859280,24,2,0,2
323584,24,2,0,2
1167312,24,2,2,0
362312,24,2,1,1
601824,24,2,1,1
118512,24,2,1,1
69768,24,2,1,1
629224,24,2,1,1
3340656,24,2,1,1
6076000,24,2,0,2
741904,24,2,2,0
1075960,24,2,1,1
406280,24,2,0,2
1246192,24,2,1,1
854752,24,2,2,0
805080,24,2,2,0
1000480,24,2,1,1
301232,24,2,0,2
192824,24,2,1,1
185776,24,2,2,0
2018456,24,2,1,1
1941208,24,2,0,2
1305152,24,2,2,0
274144,24,2,1,1
171408,24,2,1,1
3749656,24,2,0,2
3004064,24,2,0,2
1342536,24,2,1,1
453504,24,2,1,1
1914472,24,2,0,2
319952,24,2,2,0
118152,24,2,2,0
188984,24,2,1,1
1540344,24,2,0,2
2279008,24,2,1,1
501848,24,2,0,2
920480,24,2,0,2
129784,24,2,0,2
55536,24,2,1,1
1779088,24,2,1,1
915232,24,2,2,0
295712,24,2,0,2
193152,24,2,2,0
264792,24,2,1,1
349136,24,2,0,2
393312,24,2,0,2
703472,24,2,1,1
339976,24,2,0,2
1028752,24,2,1,1
273184,24,2,1,1
295256,24,2,1,1
3694464,24,2,0,2
2272536,24,2,2,0
5653824,24,2,1,1
610120,24,2,1,1
121632,24,2,1,1
354184,24,2,1,1
153704,24,2,2,0
2652952,24,2,1,1
586072,24,2,2,0
268352,24,2,1,1
1919664,24,2,1,1
4377192,24,2,0,2
1076992,24,2,1,1
4209336,24,2,2,0
943544,24,2,1,1
178632,24,2,2,0
410424,24,2,1,1
442136,24,2,0,2
1937560,24,2,2,0
511144,24,2,1,1
252976,24,2,1,1
328128,24,2,1,1
60736,24,2,1,1
500992,24,2,1,1
317096,24,2,2,0
219640,24,2,1,1
837736,24,2,1,1
378456,24,2,2,0
204216,24,2,1,1
1541568,24,2,2,0
246656,24,2,2,0
327024,24,2,2,0
741344,24,2,0,2
1296280,24,2,0,2
195904,24,2,1,1
260776,24,2,0,2
894880,24,2,0,2
193536,24,2,0,2
5317560,24,2,2,0
103320,24,2,2,0
1634984,24,2,1,1
135392,24,2,1,1
1015368,24,2,2,0
448064,24,2,1,1
237208,24,2,0,2
1110696,24,2,2,0
113000,24,2,1,1
2761840,24,2,1,1
230000,24,2,1,1
280256,24,2,0,2
1077280,24,2,2,0
2572064,24,2,1,1
563592,24,2,1,1
168984,24,2,1,1
829272,24,2,1,1
361608,24,2,2,0
1815616,24,2,0,2
203872,24,2,1,1
1400216,24,2,1,1
1113672,24,2,2,0
685112,24,2,0,2
336800,24,2,1,1
298800,24,2,1,1
829424,24,2,2,0
881544,24,2,1,1
263656,24,2,2,0
6611472,24,2,2,0
3492488,24,2,0,2
200648,24,2,1,1
3022120,24,2,0,2
1494696,24,2,0,2
98456,24,2,2,0
2955928,24,2,1,1
1597600,24,2,1,1
818368,24,2,2,0
442320,24,2,2,0
1073784,24,2,0,2
2804160,24,2,1,1
372904,24,2,1,1
250240,24,2,1,1
448552,24,2,1,1
332792,24,2,1,1
216656,24,2,1,1
662696,24,2,1,1
902600,24,2,2,0
422552,24,2,1,1
176416,24,2,0,2
438528,24,2,2,0
254136,24,2,1,1
2192712,24,2,1,1
3995408,24,2,2,0
3768600,24,2,2,0
306808,24,2,1,1
66264,24,2,2,0
355728,24,2,0,2
265448,24,2,2,0
1853824,24,2,1,1
604760,24,2,1,1
200144,24,2,2,0
248408,24,2,1,1
213256,24,2,0,2
1235480,24,2,2,0
491560,24,2,0,2
393872,24,2,0,2
6097080,24,2,1,1
598624,24,2,0,2
764640,24,2,2,0
2987472,24,2,1,1
1102032,24,2,1,1
801544,24,2,1,1
722024,24,2,1,1
693760,24,2,1,1
8276272,24,2,1,1
5373760,24,2,2,0
351312,24,2,0,2
1454760,24,2,0,2
617552,24,2,1,1
1006184,24,2,0,2
2393360,24,2,2,0
186264,24,2,2,0
2416152,24,2,1,1
2811960,24,2,0,2
268008,24,2,2,0
531184,24,2,2,0
1402504,24,2,1,1
2966904,24,2,0,2
1483360,24,2,1,1
4600440,24,2,1,1
194960,24,2,1,1
6837360,24,2,2,0
789480,24,2,2,0
322208,24,2,0,2
6617736,24,2,1,1
1987264,24,2,0,2
78128,24,2,0,2
255704,24,2,2,0
211904,24,2,1,1
617088,24,2,0,2
433032,24,2,0,2
1064976,24,2,1,1
1382448,24,2,0,2
1823992,24,2,1,1
125336,24,2,0,2
251368,24,2,1,1
137736,24,2,1,1
4397456,24,2,1,1
434808,24,2,1,1
1397528,24,2,0,2
806432,24,2,2,0
261152,24,2,2,0
491856,24,2,0,2
320808,24,2,1,1
318680,24,2,1,1
95080,24,2,2,0
1086048,24,2,1,1
270272,24,2,1,1
1234096,24,2,1,1
1159392,24,2,0,2
2212424,24,2,1,1
487048,24,2,1,1
156960,24,2,1,1
2689088,24,2,1,1
296280,24,2,0,2
446272,24,2,1,1
101584,24,2,0,2
1650832,24,2,2,0
4960536,24,2,1,1
168768,24,2,2,0
1303760,24,2,0,2
535424,24,2,2,0
787384,24,2,1,1
783288,24,2,1,1
2493360,24,2,0,2
457528,24,2,1,1
308784,24,2,1,1
268912,24,2,1,1
682728,24,2,0,2
778104,24,2,1,1
2165296,24,2,1,1
4556264,24,2,2,0
385896,24,2,2,0
1423928,24,2,0,2
765688,24,2,1,1
397432,24,2,2,0
1011440,24,2,2,0
356176,24,2,1,1
78664,24,2,1,1
976720,24,2,0,2
242256,24,2,1,1
409480,24,2,0,2
317648,24,2,2,0
539632,24,2,0,2
56136,24,2,1,1
819152,24,2,1,1
989704,24,2,2,0
83760,24,2,1,1
925536,24,2,1,1
232208,24,2,1,1
1703336,24,2,1,1
222384,24,2,1,1
260536,24,2,2,0
577672,24,2,0,2
331832,24,2,2,0
195856,24,2,1,1
377232,24,2,1,1
1060120,24,2,1,1
772408,24,2,0,2
979224,24,2,0,2
181128,24,2,1,1
1398912,24,2,1,1
1311168,24,2,2,0
6797272,24,2,1,1
134328,24,2,2,0
4092424,24,2,1,1
729336,24,2,1,1
678432,24,2,1,1
312376,24,2,1,1
448128,24,2,2,0
814776,24,2,0,2
7921904,24,2,2,0
494672,24,2,0,2
335672,24,2,1,1
360192,24,2,2,0
134336,24,2,1,1
32488,24,2,1,1
156000,24,2,2,0
1633864,24,2,1,1
889824,24,2,1,1
159128,24,2,2,0
1131056,24,2,0,2
646456,24,2,1,1
1484328,24,2,1,1
2865160,24,2,1,1
1021768,24,2,0,2
357600,24,2,0,2
393224,24,2,1,1
781088,24,2,1,1
139376,24,2,2,0
826168,24,2,1,1
330704,24,2,0,2
365512,24,2,1,1
645944,24,2,1,1
348792,24,2,0,2
750712,24,2,0,2
83224,24,2,2,0
2380696,24,2,1,1
306184,24,2,2,0
262976,24,2,1,1
607952,24,2,0,2
950480,24,2,2,0
138776,24,2,0,2
2207320,24,2,1,1
157432,24,2,1,1
4242544,24,2,2,0
71784,24,2,0,2
2128296,24,2,1,1
293440,24,2,1,1
685808,24,2,1,1
311080,24,2,1,1
4802752,24,2,1,1
83992,24,2,0,2
1621848,24,2,1,1
2303168,24,2,1,1
233784,24,2,2,0
468392,24,2,1,1
512960,24,2,1,1
341048,24,2,0,2
2219280,24,2,1,1
170336,24,2,1,1
1447760,24,2,0,2
1346008,24,2,1,1
2615944,24,2,1,1
120496,24,2,1,1
7945544,24,2,1,1
3069664,24,2,2,0
361216,24,2,1,1
387760,24,2,0,2
343768,24,2,1,1
717296,24,2,1,1
442664,24,2,1,1
135088,24,2,1,1
365448,24,2,2,0
479464,24,2,2,0
2243152,24,2,1,1
2382264,24,2,0,2
748592,24,2,1,1
154848,24,2,1,1
3936288,24,2,2,0
1513136,24,2,1,1
282320,24,2,1,1
208328,24,2,2,0
1817368,24,2,0,2
3454064,24,2,1,1
742376,24,2,1,1
44928,24,2,1,1
441240,24,2,1,1
123784,24,2,0,2
546752,24,2,0,2
2535096,24,2,1,1
3973752,24,2,2,0
1325312,24,2,0,2
797672,24,2,1,1
645080,24,2,0,2
4057104,24,2,1,1
573848,24,2,1,1
1051856,24,2,1,1
4891288,24,2,0,2
5659088,24,2,2,0
1022616,24,2,1,1
208944,24,2,1,1
817432,24,2,2,0
126344,24,2,1,1
189384,24,2,1,1
1501120,24,2,2,0
996520,24,2,2,0
142000,24,2,1,1
116248,24,2,1,1
393392,24,2,1,1
195888,24,2,1,1
115920,24,2,1,1
73728,24,2,2,0
830912,24,2,1,1
482656,24,2,1,1
170616,24,2,2,0
3030592,24,2,2,0
886112,24,2,2,0
1167632,24,2,2,0
92472,24,2,0,2
838664,24,2,2,0
364128,24,2,1,1
7580456,24,2,1,1
987264,24,2,2,0
354344,24,2,1,1
846144,24,2,1,1
554072,24,2,1,1
1137064,24,2,1,1
1718320,24,2,1,1
493768,24,2,1,1
1266088,24,2,1,1
316080,24,2,2,0
3230296,24,2,1,1
811768,24,2,0,2
582328,24,2,0,2
403344,24,2,2,0
2942616,24,2,2,0
352816,24,2,1,1
2578776,24,2,2,0
1632688,24,2,1,1
1750408,24,2,1,1
1003752,24,2,1,1
1715264,24,2,2,0
1812048,24,2,0,2
2085896,24,2,2,0
167800,24,2,0,2
405128,24,2,2,0
435936,24,2,1,1
270768,24,2,1,1
805712,24,2,1,1
2125016,24,2,2,0
763408,24,2,1,1
197608,24,2,2,0
2276040,24,2,2,0
126936,24,2,1,1
1312472,24,2,0,2
375016,24,2,1,1
1036664,24,2,2,0
748888,24,2,0,2
729568,24,2,2,0
3673200,24,2,1,1
1005456,24,2,2,0
3577432,24,2,1,1
584272,24,2,0,2
485648,24,2,0,2
857984,24,2,1,1
128384,24,2,1,1
3708016,24,2,1,1
876792,24,2,0,2
1834848,24,2,1,1
2183912,24,2,1,1
752488,24,2,1,1
806032,24,2,0,2
280128,24,2,1,1
2535768,24,2,1,1
321864,24,2,2,0
128784,24,2,0,2
515648,24,2,1,1
599688,24,2,1,1
624952,24,2,1,1
198880,24,2,2,0
3269528,24,2,1,1
7595720,24,2,1,1
673248,24,2,2,0
241304,24,2,0,2
226672,24,2,1,1
1586912,24,2,1,1
449280,24,2,1,1
1073280,24,2,1,1
704480,24,2,1,1
246328,24,2,0,2
576320,24,2,0,2
154248,24,2,1,1
394752,24,2,2,0
2106536,24,2,0,2
733520,24,2,2,0
3024216,24,2,1,1
846096,24,2,0,2
592792,24,2,2,0
423768,24,2,1,1
234600,24,2,2,0
2908856,24,2,0,2
230792,24,2,1,1
376288,24,2,1,1
497440,24,2,0,2
648632,24,2,1,1
675800,24,2,1,1
208280,24,2,1,1
1033760,24,2,0,2
279312,24,2,1,1
293984,24,2,0,2
1328936,24,2,0,2
306112,24,2,2,0
857664,24,2,1,1
633056,24,2,1,1
189040,24,2,1,1
2403992,24,2,0,2
105216,24,2,2,0
1056376,24,2,2,0
1169128,24,2,1,1
361464,24,2,2,0
1539248,24,2,2,0
1146224,24,2,0,2
88472,24,2,0,2
270488,24,2,0,2
6825800,24,2,2,0
141440,24,2,2,0
296136,24,2,1,1
799552,24,2,1,1
313544,24,2,2,0
2063648,24,2,2,0
3037760,24,2,0,2
209464,24,2,2,0
391152,24,2,1,1
526944,24,2,0,2
157456,24,2,1,1
419648,24,2,2,0
402056,24,2,1,1
623488,24,2,2,0
719944,24,2,1,1
656104,24,2,1,1
5896832,24,2,1,1
981008,24,2,1,1
2113280,24,2,1,1
361344,24,2,1,1
2190320,24,2,1,1
1160640,24,2,1,1
8318384,24,2,1,1
2089840,24,2,1,1
5495224,24,2,1,1
733960,24,2,1,1
2152864,24,2,1,1
7777832,24,2,1,1
1640800,24,2,1,1
44728,24,2,1,1
95544,24,2,2,0
350416,24,2,1,1
186488,24,2,1,1
232528,24,2,1,1
2023840,24,2,1,1
163288,24,2,0,2
1185648,24,2,2,0
603192,24,2,1,1
595808,24,2,2,0
5527064,24,2,1,1
151992,24,2,1,1
359472,24,2,1,1
530984,24,2,0,2
1796896,24,2,2,0
386304,24,2,1,1
923232,24,2,2,0
2238064,24,2,0,2
7677504,24,2,1,1
143096,24,2,2,0
86792,24,2,2,0
729168,24,2,1,1
913248,24,2,0,2
5187928,24,2,0,2
1235192,24,2,1,1
62488,24,2,0,2
781464,24,2,1,1
223480,24,2,1,1
411672,24,2,1,1
154216,24,2,2,0
1845120,24,2,2,0
365304,24,2,0,2
291768,24,2,1,1
973072,24,2,1,1
5121840,24,2,1,1
230440,24,2,1,1
477816,24,2,0,2
253368,24,2,1,1
556176,24,2,0,2
1263264,24,2,1,1
514232,24,2,0,2
2469104,24,2,1,1
1268080,24,2,0,2
321448,24,2,0,2
477544,24,2,0,2
132272,24,2,1,1
1037440,24,2,2,0
1255768,24,2,0,2
1153784,24,2,1,1
228936,24,2,1,1
1407808,24,2,2,0
4448856,24,2,1,1
275328,24,2,1,1
916336,24,2,1,1
1216296,24,2,0,2
1894504,24,2,1,1
2943384,24,2,1,1
2120192,24,2,2,0
662648,24,2,1,1
474816,24,2,1,1
145328,24,2,0,2
764304,24,2,1,1
309760,24,2,1,1
4382728,24,2,1,1
5368128,24,2,1,1
430928,24,2,2,0
377792,24,2,0,2
1890272,24,2,2,0
2119528,24,2,0,2
156696,24,2,0,2
668280,24,2,2,0
374136,24,2,1,1
2121624,24,2,1,1
479656,24,2,1,1
823344,24,2,2,0
500360,24,2,2,0
1020296,24,2,2,0
303536,24,2,0,2
2706288,24,2,2,0
4853520,24,2,1,1
311552,24,2,1,1
1367328,24,2,2,0
328600,24,2,1,1
1613392,24,2,0,2
227504,24,2,1,1
388272,24,2,1,1
189632,24,2,0,2
418480,24,2,0,2
2051504,24,2,0,2
527456,24,2,1,1
530688,24,2,1,1
369808,24,2,2,0
725632,24,2,0,2
290568,24,2,0,2
4740672,24,2,2,0
7806272,24,2,1,1
406576,24,2,0,2
2364088,24,2,2,0
4338728,24,2,1,1
2665072,24,2,1,1
4008008,24,2,0,2
1369280,24,2,1,1
190272,24,2,1,1
1025152,24,2,1,1
1695976,24,2,2,0
3586120,24,2,2,0
844824,24,2,1,1
55248,24,2,0,2
120232,24,2,1,1
401584,24,2,2,0
711024,24,2,2,0
147096,24,2,1,1
2145592,24,2,1,1
92744,24,2,0,2
815208,24,2,0,2
501376,24,2,1,1
2998432,24,2,1,1
1117936,24,2,0,2
760696,24,2,0,2
165640,24,2,2,0
270496,24,2,1,1
491440,24,2,2,0
5665728,24,2,1,1
162720,24,2,0,2
305432,24,2,0,2
4286592,24,2,2,0
599576,24,2,1,1
384448,24,2,2,0
912552,24,2,2,0
6055968,24,2,0,2
325056,24,2,1,1
684432,24,2,1,1
1238888,24,2,2,0
2401320,24,2,1,1
113392,24,2,1,1
1110344,24,2,1,1
1045736,24,2,0,2
678784,24,2,1,1
2565072,24,2,0,2
337624,24,2,0,2
4973896,24,2,1,1
253776,24,2,0,2
223144,24,2,1,1
520872,24,2,0,2
3474048,24,2,2,0
480616,24,2,1,1
789720,24,2,2,0
219168,24,2,1,1
3606464,24,2,2,0
4362552,24,2,1,1
81424,24,2,1,1
603152,24,2,1,1
305720,24,2,2,0
187376,24,2,0,2
555016,24,2,2,0
247008,24,2,2,0
620824,24,2,2,0
700888,24,2,1,1
307752,24,2,1,1
325512,24,2,1,1
159848,24,2,2,0
117040,24,2,1,1
576912,24,2,1,1
714240,24,2,1,1
2173808,24,2,1,1
3401960,24,2,1,1
196120,24,2,2,0
3233624,24,2,1,1
953832,24,2,0,2
139824,24,2,2,0
721600,24,2,2,0
274736,24,2,0,2
2965248,24,2,1,1
2850224,24,2,2,0
305456,24,2,1,1
2220800,24,2,1,1
498256,24,2,2,0
344664,24,2,1,1
361768,24,2,1,1
608424,24,2,1,1
1285664,24,2,0,2
900440,24,2,0,2
2250472,24,2,1,1
807456,24,2,0,2
739984,24,2,0,2
753848,24,2,1,1
558144,24,2,1,1
238400,24,2,1,1
508976,24,2,2,0
961872,24,2,1,1
328584,24,2,2,0
630784,24,2,0,2
241272,24,2,1,1
1181472,24,2,1,1
302064,24,2,1,1
2922920,24,2,0,2
1522544,24,2,0,2
224616,24,2,1,1
250968,24,2,1,1
2285840,24,2,2,0
563808,24,2,2,0
953768,24,2,0,2
5016960,24,2,2,0
3068040,24,2,1,1
338568,24,2,1,1
1963656,24,2,0,2
2035952,24,2,0,2
426128,24,2,0,2
199304,24,2,2,0
801472,24,2,1,1
939600,24,2,1,1
413000,24,2,0,2
214168,24,2,1,1
1807608,24,2,1,1
329184,24,2,1,1
529376,24,2,0,2
1175984,24,2,1,1
513784,24,2,2,0
779712,24,2,1,1
679216,24,2,0,2
439152,24,2,0,2
1318752,24,2,1,1
3346800,24,2,1,1
1274672,24,2,0,2
1257920,24,2,0,2
6613536,24,2,1,1
262008,24,2,0,2
1049472,24,2,1,1
211560,24,2,1,1
599864,24,2,1,1
1486224,24,2,1,1
1440384,24,2,2,0
189552,24,2,1,1
1219296,24,2,0,2
2430448,24,2,2,0
370216,24,2,1,1
435680,24,2,1,1
666624,24,2,0,2
1398288,24,2,1,1
176736,24,2,1,1
2502688,24,2,1,1
344496,24,2,1,1
7031552,24,2,1,1
812848,24,2,1,1
489072,24,2,2,0
1390672,24,2,1,1
290968,24,2,0,2
2373616,24,2,1,1
52600,24,2,2,0
2857304,24,2,1,1
162792,24,2,1,1
1257696,24,2,1,1
6159536,24,2,1,1
2452192,24,2,1,1
864416,24,2,1,1
938152,24,2,0,2
259264,24,2,0,2
87480,24,2,1,1
398376,24,2,0,2
2501840,24,2,2,0
1555184,24,2,2,0
819224,24,2,2,0
117720,24,2,1,1
341192,24,2,1,1
1073344,24,2,0,2
548992,24,2,0,2
5918376,24,2,1,1
1793456,24,2,1,1
2221304,24,2,2,0
1096040,24,2,2,0
1095656,24,2,1,1
1216008,24,2,1,1
585376,24,2,0,2
487488,24,2,2,0
7497520,24,2,1,1
251408,24,2,1,1
362056,24,2,1,1
390792,24,2,1,1
160080,24,2,2,0
4124160,24,2,1,1
1477976,24,2,0,2
261768,24,2,1,1
1951264,24,2,1,1
241176,24,2,2,0
8081328,24,2,0,2
182216,24,2,2,0
594888,24,2,1,1
591480,24,2,2,0
83288,24,2,1,1
2547704,24,2,0,2
809824,24,2,1,1
1803872,24,2,2,0
859472,24,2,1,1
1423296,24,2,2,0
496408,24,2,0,2
335616,24,2,0,2
1742400,24,2,1,1
184688,24,2,0,2
1691200,24,2,0,2
367864,24,2,0,2
229352,24,2,1,1
308800,24,2,2,0
5703008,24,2,1,1
260128,24,2,2,0
2084800,24,2,0,2
632304,24,2,1,1
128872,24,2,1,1
324848,24,2,1,1
1705336,24,2,1,1
2147016,24,2,1,1
1464832,24,2,2,0
211200,24,2,2,0
4006832,24,2,0,2
111328,24,2,0,2
1014896,24,2,1,1
3622296,24,2,1,1
5301968,24,2,1,1
6164008,24,2,0,2
116328,24,2,0,2
597104,24,2,1,1
1056824,24,2,1,1
2011768,24,2,1,1
312288,24,2,1,1
1779664,24,2,0,2
3290072,24,2,2,0
1092256,24,2,0,2
2320856,24,2,2,0
1493960,24,2,0,2
583000,24,2,1,1
1151304,24,2,1,1
139696,24,2,2,0
664368,24,2,1,1
444304,24,2,1,1
305704,24,2,0,2
433128,24,2,2,0
831632,24,2,2,0
528128,24,2,0,2
992616,24,2,0,2
323728,24,2,2,0
5129048,24,2,1,1
331160,24,2,0,2
159472,24,2,1,1
183832,24,2,2,0
800984,24,2,1,1
2754432,24,2,2,0
286952,24,2,0,2
830176,24,2,1,1
187816,24,2,1,1
4780592,24,2,1,1
3661784,24,2,1,1
6878384,24,2,0,2
331872,24,2,1,1
1294144,24,2,1,1
272056,24,2,0,2
185128,24,2,0,2
5283072,24,2,1,1
663192,24,2,1,1
1124400,24,2,2,0
774024,24,2,1,1
541760,24,2,0,2
494040,24,2,2,0
3033456,24,2,0,2
1775864,24,2,1,1
164920,24,2,1,1
785496,24,2,2,0
66832,24,2,1,1
236368,24,2,0,2
1064368,24,2,1,1
666080,24,2,2,0
1759744,24,2,1,1
1475904,24,2,1,1
440120,24,2,1,1
3679664,24,2,1,1
160840,24,2,1,1
166240,24,2,2,0
3066568,24,2,1,1
459408,24,2,1,1
2771664,24,2,0,2
415520,24,2,0,2
551632,24,2,1,1
153192,24,2,2,0
405976,24,2,1,1
880768,24,2,1,1
669408,24,2,2,0
1499600,24,2,1,1
967488,24,2,2,0
2979664,24,2,2,0
335792,24,2,1,1
208904,24,2,2,0
349464,24,2,1,1
270152,24,2,1,1
6989560,24,2,1,1
101152,24,2,2,0
225640,24,2,1,1
315160,24,2,1,1
1400712,24,2,1,1
1044848,24,2,2,0
514872,24,2,1,1
1792880,24,2,2,0
182744,24,2,0,2
1521768,24,2,1,1
256872,24,2,1,1
193632,24,2,2,0
2196880,24,2,1,1
122280,24,2,2,0
308280,24,2,0,2
1061016,24,2,2,0
1291488,24,2,0,2
157248,24,2,1,1
452320,24,2,1,1
159976,24,2,1,1
5054184,24,2,1,1
419504,24,2,1,1
4328328,24,2,1,1
777712,24,2,2,0
293552,24,2,0,2
313208,24,2,0,2
539672,24,2,0,2
249424,24,2,1,1
153616,24,2,1,1
217688,24,2,1,1
577904,24,2,0,2
722480,24,2,2,0
1584624,24,2,1,1
81808,24,2,1,1
3244696,24,2,2,0
421688,24,2,0,2
1779008,24,2,1,1
1554792,24,2,1,1
1541352,24,2,1,1
1299264,24,2,0,2
248336,24,2,0,2
884984,24,2,1,1
1312992,24,2,2,0
317208,24,2,0,2
471160,24,2,1,1
3332184,24,2,1,1
1311976,24,2,1,1
1225400,24,2,0,2
1041920,24,2,1,1
779056,24,2,2,0
4501040,24,2,1,1
1048408,24,2,2,0
278144,24,2,1,1
4705136,24,2,1,1
788304,24,2,2,0
831152,24,2,2,0
1944720,24,2,1,1
540040,24,2,2,0
220704,24,2,0,2
6252344,24,2,1,1
618720,24,2,2,0
4997632,24,2,1,1
1253560,24,2,0,2
854080,24,2,1,1
880672,24,2,1,1
761968,24,2,1,1
194304,24,2,1,1
1058656,24,2,1,1
4427016,24,2,2,0
355512,24,2,0,2
357584,24,2,1,1
615560,24,2,1,1
4382488,24,2,1,1
1413368,24,2,2,0
240544,24,2,0,2
448328,24,2,1,1
169960,24,2,1,1
406080,24,2,2,0
94912,24,2,0,2
619096,24,2,0,2
311568,24,2,0,2
405392,24,2,1,1
2595672,24,2,2,0
382064,24,2,0,2
2063128,24,2,0,2
1710440,24,2,1,1
368496,24,2,0,2
574440,24,2,2,0
354688,24,2,1,1
327088,24,2,1,1
1518776,24,2,1,1
327312,24,2,1,1
205472,24,2,0,2
551824,24,2,2,0
191728,24,2,1,1
865376,24,2,2,0
86528,24,2,0,2
300352,24,2,2,0
224816,24,2,1,1
1759480,24,2,1,1
209416,24,2,2,0
175696,24,2,1,1
221160,24,2,1,1
571072,24,2,2,0
140680,24,2,1,1
1185536,24,2,1,1
638176,24,2,1,1
4047184,24,2,1,1
810016,24,2,1,1
336288,24,2,0,2
2174440,24,2,1,1
166432,24,2,1,1
307168,24,2,1,1
271432,24,2,1,1
1740720,24,2,1,1
2079496,24,2,2,0
2581600,24,2,2,0
103448,24,2,0,2
55312,24,2,2,0
4736544,24,2,2,0
691616,24,2,2,0
863792,24,2,1,1
7548976,24,2,1,1
836912,24,2,0,2
4951008,24,2,1,1
2406752,24,2,0,2
637536,24,2,1,1
3430392,24,2,1,1
769480,24,2,0,2
504128,24,2,1,1
3326144,24,2,1,1
5396072,24,2,1,1
373584,24,2,1,1
1731320,24,2,1,1
371112,24,2,0,2
1210792,24,2,1,1
615552,24,2,2,0
749128,24,2,1,1
630896,24,2,1,1
2415968,24,2,1,1
277800,24,2,0,2
2032568,24,2,1,1
1197192,24,2,0,2
233720,24,2,1,1
335304,24,2,1,1
247968,24,2,0,2
129744,24,2,0,2
516688,24,2,1,1
1313552,24,2,0,2
1604680,24,2,2,0
100568,24,2,2,0
687112,24,2,1,1
436032,24,2,2,0
243736,24,2,1,1
115720,24,2,1,1
2583464,24,2,1,1
6437392,24,2,1,1
2119704,24,2,1,1
215720,24,2,1,1
6868952,24,2,0,2
254000,24,2,2,0
1169856,24,2,0,2
87088,24,2,1,1
599768,24,2,0,2
5518680,24,2,0,2
795232,24,2,1,1
386224,24,2,0,2
704296,24,2,1,1
322696,24,2,2,0
1917824,24,2,2,0
1324096,24,2,1,1
527624,24,2,2,0
3401136,24,2,1,1
335136,24,2,1,1
247016,24,2,1,1
1675592,24,2,0,2
194800,24,2,0,2
6255088,24,2,2,0
7767800,24,2,0,2
220816,24,2,1,1
258752,24,2,1,1
1968744,24,2,1,1
234440,24,2,2,0
2751624,24,2,1,1
757512,24,2,0,2
1375352,24,2,0,2
270264,24,2,1,1
312680,24,2,1,1
510528,24,2,2,0
919368,24,2,2,0
793840,24,2,1,1
556568,24,2,1,1
1725632,24,2,1,1
8096040,24,2,0,2
4365736,24,2,2,0
2815440,24,2,2,0
355656,24,2,1,1
1545128,24,2,2,0
1081248,24,2,1,1
353696,24,2,2,0
469200,24,2,2,0
921416,24,2,1,1
3343264,24,2,1,1
102016,24,2,1,1
392792,24,2,1,1
930432,24,2,2,0
3773512,24,2,1,1
496904,24,2,1,1
1883168,24,2,1,1
918600,24,2,1,1
831336,24,2,1,1
6662856,24,2,1,1
237712,24,2,2,0
450784,24,2,1,1
579656,24,2,2,0
2955520,24,2,0,2
473728,24,2,1,1
3095720,24,2,1,1
420224,24,2,1,1
296424,24,2,2,0
101184,24,2,1,1
197384,24,2,2,0
249168,24,2,1,1
1185216,24,2,0,2
437328,24,2,1,1
254752,24,2,0,2
177784,24,2,1,1
719264,24,2,1,1
1294264,24,2,0,2
432160,24,2,1,1
755440,24,2,1,1
2170848,24,2,1,1
116336,24,2,0,2
2930096,24,2,1,1
6099080,24,2,2,0
217936,24,2,0,2
334368,24,2,1,1
125840,24,2,2,0
68488,24,2,2,0
1474008,24,2,0,2
4079496,24,2,0,2
513112,24,2,2,0
974528,24,2,0,2
534072,24,2,0,2
690576,24,2,0,2
1778288,24,2,1,1
2045424,24,2,1,1
3430664,24,2,2,0
621424,24,2,0,2
519896,24,2,1,1
729440,24,2,1,1
4818232,24,2,2,0
950416,24,2,2,0
8127696,24,2,2,0
1144272,24,2,1,1
787096,24,2,2,0
956368,24,2,2,0
997128,24,2,1,1
1130920,24,2,1,1
2326960,24,2,1,1
162400,24,2,1,1
297056,24,2,2,0
4278968,24,2,0,2
521528,24,2,1,1
420568,24,2,2,0
713112,24,2,1,1
1918320,24,2,0,2
654704,24,2,0,2
469192,24,2,1,1
143376,24,2,0,2
1030880,24,2,0,2
268280,24,2,2,0
950368,24,2,0,2
3938264,24,2,1,1
419712,24,2,1,1
1143696,24,2,1,1
531944,24,2,1,1
188368,24,2,2,0
461752,24,2,1,1
384760,24,2,1,1
104040,24,2,0,2
503424,24,2,1,1
2299824,24,2,1,1
996800,24,2,2,0
853248,24,2,0,2
1340672,24,2,0,2
493128,24,2,2,0
372032,24,2,2,0
145072,24,2,1,1
303832,24,2,1,1
2346944,24,2,2,0
423920,24,2,0,2
1681904,24,2,1,1
4058152,24,2,0,2
1211888,24,2,1,1
698456,24,2,1,1
2231424,24,2,2,0
103512,24,2,1,1
127064,24,2,1,1
4753336,24,2,1,1
156352,24,2,1,1
217664,24,2,1,1
224608,24,2,1,1
1571224,24,2,1,1
83864,24,2,0,2
7663424,24,2,1,1
901520,24,2,1,1
99584,24,2,1,1
693032,24,2,1,1
734816,24,2,2,0
253400,24,2,1,1
1003024,24,2,2,0
192696,24,2,2,0
232376,24,2,1,1
1562616,24,2,1,1
2180432,24,2,2,0
1233048,24,2,1,1
61360,24,2,2,0
315608,24,2,0,2
1769576,24,2,1,1
496856,24,2,2,0
1264144,24,2,0,2
453840,24,2,1,1
123368,24,2,1,1
182096,24,2,2,0
208320,24,2,1,1
203528,24,2,1,1
543216,24,2,2,0
53640,24,2,1,1
86416,24,2,2,0
3557056,24,2,2,0
1629568,24,2,1,1
340304,24,2,1,1
308480,24,2,1,1
234296,24,2,1,1
143536,24,2,1,1
6928184,24,2,1,1
125360,24,2,1,1
131672,24,2,1,1
324072,24,2,2,0
475432,24,2,0,2
2914312,24,2,1,1
252344,24,2,1,1
1965704,24,2,0,2
245744,24,2,1,1
418440,24,2,1,1
439688,24,2,1,1
218784,24,2,0,2
1491304,24,2,1,1
720008,24,2,1,1
802648,24,2,1,1
388472,24,2,1,1
479952,24,2,2,0
1618256,24,2,2,0
425928,24,2,1,1
469104,24,2,1,1
1435240,25,2,1,1
619024,25,2,1,1
846864,25,2,0,2
1807800,25,2,0,2
156224,25,2,1,1
3337184,25,2,1,1
390312,25,2,0,2
2015784,25,2,0,2
548944,25,2,2,0
993032,25,2,2,0
158480,25,2,2,0
298152,25,2,2,0
2827240,25,2,2,0
605936,25,2,1,1
528544,25,2,2,0
5328960,25,2,1,1
124168,25,2,1,1
398864,25,2,2,0
1412960,25,2,1,1
321992,25,2,0,2
67408,25,2,0,2
918304,25,2,0,2
1227376,25,2,1,1
1445544,25,2,1,1
7162856,25,2,0,2
488664,25,2,0,2
291784,25,2,2,0
420976,25,2,1,1
266192,25,2,1,1
3135512,25,2,2,0
998912,25,2,2,0
99544,25,2,1,1
2073568,25,2,2,0
136480,25,2,2,0
266800,25,2,1,1
3821032,25,2,1,1
1654128,25,2,0,2
201520,25,2,1,1
111096,25,2,2,0
2197816,25,2,2,0
237352,25,2,2,0
255112,25,2,1,1
538904,25,2,1,1
267952,25,2,1,1
1599608,25,2,2,0
1191736,25,2,1,1
357936,25,2,1,1
357256,25,2,1,1
349320,25,2,2,0
5505960,25,2,1,1
2128008,25,2,2,0
105688,25,2,2,0
310072,25,2,1,1
1077968,25,2,0,2
3420872,25,2,1,1
910992,25,2,1,1
608096,25,2,1,1
4555960,25,2,1,1
725208,25,2,1,1
178560,25,2,0,2
460504,25,2,2,0
190376,25,2,0,2
94992,25,2,1,1
887832,25,2,0,2
344672,25,2,1,1
1970104,25,2,2,0
899576,25,2,0,2
177072,25,2,1,1
2022496,25,2,2,0
2848728,25,2,1,1
1455368,25,2,1,1
1414832,25,2,1,1
762600,25,2,0,2
456024,25,2,1,1
2737656,25,2,1,1
2317976,25,2,2,0
3847576,25,2,1,1
1225552,25,2,1,1
2952144,25,2,1,1
241528,25,2,1,1
871040,25,2,0,2
600376,25,2,1,1
388096,25,2,2,0
433968,25,2,1,1
1327520,25,2,0,2
404080,25,2,2,0
607512,25,2,2,0
1223160,25,2,2,0
70152,25,2,1,1
2001472,25,2,1,1
184256,25,2,1,1
380872,25,2,0,2
737888,25,2,1,1
384408,25,2,2,0
2667112,25,2,1,1
3710912,25,2,0,2
2281768,25,2,1,1
1005704,25,2,0,2
176040,25,2,0,2
372352,25,2,1,1
450656,25,2,0,2
120472,25,2,1,1
2069856,25,2,2,0
592768,25,2,1,1
347096,25,2,2,0
247920,25,2,1,1
732448,25,2,1,1
442632,25,2,1,1
633856,25,2,0,2
127912,25,2,1,1
3518392,25,2,1,1
186384,25,2,1,1
147264,25,2,2,0
8045424,25,2,1,1
193016,25,2,1,1
525752,25,2,2,0
282216,25,2,2,0
4490848,25,2,1,1
1630936,25,2,0,2
233168,25,2,1,1
514760,25,2,1,1
212712,25,2,1,1
397384,25,2,1,1
1140680,25,2,1,1
209680,25,2,0,2
430824,25,2,2,0
1710336,25,2,1,1
150336,25,2,0,2
302488,25,2,0,2
415496,25,2,1,1
51472,25,2,1,1
540352,25,2,2,0
3681448,25,2,0,2
1306160,25,2,1,1
319888,25,2,0,2
773424,25,2,0,2
927136,25,2,1,1
1038064,25,2,2,0
727816,25,2,1,1
733560,25,2,2,0
2414552,25,2,1,1
292456,25,2,0,2
344288,25,2,0,2
180848,25,2,1,1
233224,25,2,2,0
115312,25,2,1,1
3090056,25,2,1,1
62536,25,2,2,0
202696,25,2,1,1
564136,25,2,0,2
6697472,25,2,1,1
784144,25,2,1,1
2172024,25,2,1,1
370144,25,2,1,1
1799032,25,2,1,1
778008,25,2,2,0
67120,25,2,1,1
823936,25,2,0,2
1339360,25,2,1,1
53200,25,2,1,1
376152,25,2,0,2
279888,25,2,1,1
267488,25,2,2,0
268424,25,2,1,1
1759512,25,2,1,1
7266840,25,2,2,0
386128,25,2,1,1
595360,25,2,1,1
3142960,25,2,1,1
473776,25,2,1,1
1531992,25,2,1,1
163024,25,2,0,2
858824,25,2,1,1
4878464,25,2,1,1
634288,25,2,1,1
1582688,25,2,0,2
1006792,25,2,1,1
356256,25,2,1,1
2038128,25,2,1,1
168784,25,2,1,1
171976,25,2,1,1
172264,25,2,0,2
1529808,25,2,1,1
203512,25,2,2,0
646936,25,2,0,2
541032,25,2,1,1
874488,25,2,0,2
347664,25,2,1,1
372688,25,2,1,1
1959928,25,2,0,2
434976,25,2,2,0
495808,25,2,1,1
641832,25,2,1,1
434128,25,2,1,1
5370912,25,2,1,1
711112,25,2,1,1
748008,25,2,1,1
512432,25,2,1,1
1620864,25,2,0,2
200944,25,2,1,1
990600,25,2,0,2
91360,25,2,1,1
2531840,25,2,0,2
924584,25,2,1,1
1181888,25,2,1,1
743216,25,2,2,0
580472,25,2,0,2
140976,25,2,0,2
258992,25,2,1,1
252520,25,2,1,1
480728,25,2,2,0
1879928,25,2,0,2
474656,25,2,1,1
318032,25,2,1,1
530240,25,2,2,0
5661128,25,2,0,2
1048064,25,2,2,0
264576,25,2,1,1
389416,25,2,0,2
791024,25,2,2,0
243712,25,2,0,2
2643952,25,2,0,2
250272,25,2,0,2
233704,25,2,0,2
131592,25,2,0,2
218352,25,2,1,1
2662752,25,2,1,1
665680,25,2,1,1
776376,25,2,1,1
3981704,25,2,2,0
328040,25,2,2,0
450952,25,2,1,1
409456,25,2,2,0
186032,25,2,1,1
1069784,25,2,1,1
427480,25,2,2,0
266848,25,2,2,0
274560,25,2,0,2
1756648,25,2,1,1
5815944,25,2,1,1
550184,25,2,1,1
553360,25,2,2,0
1219624,25,2,1,1
7710504,25,2,2,0
1429888,25,2,0,2
4106440,25,2,1,1
1025032,25,2,1,1
117312,25,2,1,1
147416,25,2,2,0
142568,25,2,0,2
118928,25,2,0,2
126664,25,2,2,0
266152,25,2,1,1
384064,25,2,1,1
597168,25,2,1,1
1413712,25,2,0,2
688168,25,2,2,0
200864,25,2,1,1
138896,25,2,0,2
329928,25,2,1,1
1356912,25,2,2,0
332496,25,2,0,2
536896,25,2,1,1
235248,25,2,2,0
383248,25,2,2,0
2033160,25,2,2,0
1817632,25,2,1,1
519224,25,2,0,2
540864,25,2,0,2
1781288,25,2,2,0
376272,25,2,2,0
1506384,25,2,1,1
519592,25,2,0,2
340672,25,2,1,1
1098648,25,2,2,0
460200,25,2,1,1
549808,25,2,0,2
287864,25,2,1,1
318864,25,2,0,2
189512,25,2,0,2
390728,25,2,2,0
100064,25,2,1,1
4220048,25,2,2,0
820920,25,2,2,0
221536,25,2,1,1
567520,25,2,1,1
1828840,25,2,0,2
576464,25,2,0,2
1355000,25,2,1,1
3223792,25,2,1,1
327184,25,2,1,1
957808,25,2,1,1
2502536,25,2,1,1
1206144,25,2,1,1
1140208,25,2,1,1
1567688,25,2,1,1
407920,25,2,0,2
2888280,25,2,1,1
990296,25,2,1,1
364184,25,2,0,2
673792,25,2,2,0
471704,25,2,0,2
209248,25,2,1,1
130088,25,2,0,2
202560,25,2,0,2
415752,25,2,1,1
1243992,25,2,2,0
997888,25,2,1,1
1000680,25,2,1,1
1007936,25,2,0,2
343752,25,2,2,0
6488048,25,2,0,2
1140184,25,2,1,1
4417256,25,2,0,2
278264,25,2,0,2
2984608,25,2,1,1
1396888,25,2,1,1
438512,25,2,2,0
354568,25,2,0,2
1573648,25,2,2,0
361192,25,2,0,2
578776,25,2,0,2
228408,25,2,1,1
180256,25,2,1,1
308248,25,2,0,2
586608,25,2,1,1
488592,25,2,1,1
757368,25,2,0,2
219368,25,2,2,0
219816,25,2,1,1
414176,25,2,1,1
1423776,25,2,0,2
394344,25,2,1,1
150000,25,2,1,1
58184,25,2,1,1
180640,25,2,1,1
352824,25,2,0,2
1781568,25,2,0,2
3897328,25,2,1,1
470568,25,2,0,2
842648,25,2,0,2
196992,25,2,0,2
427528,25,2,1,1
287040,25,2,1,1
1904888,25,2,2,0
897488,25,2,1,1
1546616,25,2,0,2
378792,25,2,1,1
325784,25,2,2,0
759528,25,2,2,0
697280,25,2,1,1
1177208,25,2,1,1
296112,25,2,2,0
1255744,25,2,1,1
1128712,25,2,1,1
74416,25,2,1,1
116080,25,2,1,1
154352,25,2,0,2
297664,25,2,0,2
7929496,25,2,0,2
366896,25,2,1,1
2644104,25,2,2,0
229760,25,2,2,0
3019944,25,2,1,1
4700736,25,2,2,0
170488,25,2,1,1
622544,25,2,2,0
369880,25,2,1,1
493440,25,2,0,2
407088,25,2,1,1
4902632,25,2,1,1
771712,25,2,1,1
289752,25,2,0,2
359008,25,2,1,1
436608,25,2,1,1
1397568,25,2,0,2
1924864,25,2,0,2
624672,25,2,1,1
7039944,25,2,0,2
667008,25,2,2,0
179656,25,2,1,1
411784,25,2,1,1
169640,25,2,1,1
2310624,25,2,1,1
513640,25,2,1,1
590864,25,2,0,2
4136968,25,2,0,2
1715576,25,2,2,0
126440,25,2,0,2
393512,25,2,1,1
418168,25,2,1,1
626120,25,2,1,1
4441720,25,2,1,1
1274032,25,2,1,1
1262816,25,2,0,2
417088,25,2,1,1
149632,25,2,1,1
951416,25,2,1,1
357792,25,2,0,2
138824,25,2,2,0
948792,25,2,1,1
323680,25,2,1,1
1010336,25,2,0,2
266080,25,2,1,1
350944,25,2,0,2
2902048,25,2,0,2
401472,25,2,1,1
190016,25,2,2,0
1946312,25,2,0,2
162656,25,2,0,2
666904,25,2,2,0
142400,25,2,1,1
324304,25,2,1,1
1798832,25,2,1,1
1379856,25,2,2,0
996288,25,2,1,1
2308768,25,2,1,1
807552,25,2,1,1
480880,25,2,1,1
1757936,25,2,1,1
361872,25,2,1,1
1037032,25,2,2,0
1179224,25,2,1,1
575696,25,2,2,0
286824,25,2,1,1
1990768,25,2,2,0
836632,25,2,1,1
6565024,25,2,2,0
171632,25,2,2,0
1352496,25,2,1,1
196320,25,2,1,1
1075528,25,2,1,1
598608,25,2,1,1
762632,25,2,0,2
1083880,25,2,1,1
308880,25,2,2,0
465648,25,2,1,1
356992,25,2,1,1
484904,25,2,1,1
8183608,25,2,2,0
495584,25,2,0,2
798008,25,2,1,1
365800,25,2,1,1
2883848,25,2,1,1
191200,25,2,1,1
95800,25,2,0,2
830536,25,2,0,2
1990192,25,2,1,1
439504,25,2,2,0
725696,25,2,1,1
602360,25,2,0,2
320968,25,2,2,0
99040,25,2,2,0
1261000,25,2,1,1
436520,25,2,1,1
219984,25,2,1,1
245816,25,2,1,1
1559720,25,2,1,1
980240,25,2,1,1
121248,25,2,1,1
69056,25,2,2,0
386088,25,2,2,0
5014864,25,2,1,1
629472,25,2,1,1
196200,25,2,1,1
6420480,25,2,2,0
167856,25,2,2,0
5837328,25,2,2,0
486952,25,2,0,2
398264,25,2,0,2
314096,25,2,0,2
395960,25,2,1,1
577344,25,2,0,2
183152,25,2,1,1
2074096,25,2,2,0
2374344,25,2,2,0
1818248,25,2,1,1
301912,25,2,1,1
826232,25,2,1,1
312192,25,2,2,0
1750880,25,2,1,1
4788336,25,2,1,1
851696,25,2,2,0
271408,25,2,0,2
1247432,25,2,1,1
170832,25,2,0,2
521744,25,2,0,2
159256,25,2,1,1
973224,25,2,2,0
169088,25,2,2,0
444992,25,2,0,2
572344,25,2,1,1
776072,25,2,1,1
5971176,25,2,2,0
141312,25,2,0,2
584592,25,2,0,2
696520,25,2,2,0
264720,25,2,1,1
129872,25,2,1,1
2232024,25,2,1,1
441528,25,2,1,1
330208,25,2,1,1
249248,25,2,2,0
80656,25,2,2,0
1775688,25,2,0,2
6355672,25,2,2,0
1519368,25,2,1,1
2210480,25,2,1,1
518208,25,2,1,1
172888,25,2,0,2
246896,25,2,1,1
1254624,25,2,2,0
7456056,25,2,0,2
1669616,25,2,1,1
84768,25,2,0,2
6278432,25,2,2,0
300736,25,2,2,0
1746928,25,2,0,2
1815192,25,2,1,1
1189664,25,2,0,2
163488,25,2,1,1
165152,25,2,1,1
165168,25,2,2,0
536816,25,2,0,2
132848,25,2,2,0
5535232,25,2,2,0
1510512,25,2,2,0
310968,25,2,2,0
2827632,25,2,1,1
1508096,25,2,1,1
2527680,25,2,1,1
1792912,25,2,2,0
1380272,25,2,0,2
3279552,25,2,1,1
411048,25,2,1,1
447544,25,2,1,1
668640,25,2,1,1
466848,25,2,0,2
163912,25,2,2,0
828640,25,2,2,0
2213568,25,2,0,2
5137176,25,2,0,2
430920,25,2,1,1
2925360,25,2,0,2
343744,25,2,0,2
3278512,25,2,1,1
603624,25,2,1,1
555896,25,2,1,1
389816,25,2,1,1
265304,25,2,1,1
427000,25,2,2,0
144424,25,2,0,2
216736,25,2,2,0
1098344,25,2,1,1
178424,25,2,1,1
1475832,25,2,1,1
215160,25,2,1,1
260616,25,2,2,0
2392224,25,2,2,0
3758032,25,2,1,1
954992,25,2,1,1
2734704,25,2,1,1
1154736,25,2,1,1
218416,25,2,0,2
371856,25,2,1,1
270712,25,2,0,2
116920,25,2,2,0
1177352,25,2,2,0
230624,25,2,1,1
275616,25,2,1,1
59560,25,2,0,2
771256,25,2,2,0
3696056,25,2,0,2
1387784,25,2,1,1
4920200,25,2,0,2
588832,25,2,1,1
650072,25,2,1,1
227136,25,2,0,2
1916416,25,2,1,1
368352,25,2,2,0
209656,25,2,2,0
221600,25,2,0,2
833336,25,2,2,0
4628168,25,2,0,2
65880,25,2,0,2
1280320,25,2,1,1
2678408,25,2,1,1
221144,25,2,2,0
1630320,25,2,2,0
6014664,25,2,1,1
249672,25,2,1,1
1599664,25,2,0,2
1806696,25,2,2,0
554088,25,2,1,1
343712,25,2,2,0
457696,25,2,0,2
8151936,25,2,2,0
495872,25,2,2,0
299520,25,2,1,1
459800,25,2,1,1
808904,25,2,2,0
250160,25,2,1,1
479896,25,2,2,0
260992,25,2,0,2
4191016,25,2,2,0
496000,25,2,1,1
602504,25,2,1,1
82128,25,2,0,2
1105792,25,2,2,0
2488440,25,2,1,1
346616,25,2,2,0
69680,25,2,1,1
1663288,25,2,2,0
3120104,25,2,2,0
856184,25,2,0,2
1623176,25,2,1,1
2304080,25,2,2,0
430568,25,2,1,1
119040,25,2,1,1
1661448,25,2,1,1
162200,25,2,1,1
1061880,25,2,1,1
286880,25,2,2,0
272144,25,2,1,1
368232,25,2,1,1
1937728,25,2,0,2
100248,25,2,0,2
1459696,25,2,2,0
321016,25,2,1,1
1669840,25,2,0,2
453136,25,2,1,1
108632,25,2,0,2
147720,25,2,1,1
334160,25,2,1,1
7746000,25,2,1,1
462416,25,2,1,1
805392,25,2,0,2
835704,25,2,2,0
8117648,25,2,1,1
336144,25,2,1,1
113592,25,2,2,0
2022200,25,2,2,0
559176,25,2,1,1
1184672,25,2,1,1
195456,25,2,0,2
1237112,25,2,1,1
160096,25,2,1,1
412664,25,2,1,1
785912,25,2,1,1
1097848,25,2,0,2
1174216,25,2,1,1
136984,25,2,1,1
1338784,25,2,1,1
340048,25,2,1,1
2452304,25,2,0,2
6868112,25,2,1,1
440744,25,2,0,2
151168,25,2,1,1
3148712,25,2,2,0
1373520,25,2,1,1
185600,25,2,0,2
305136,25,2,0,2
1625808,25,2,1,1
580120,25,2,2,0
2590416,25,2,1,1
170112,25,2,1,1
652608,25,2,1,1
176208,25,2,2,0
982240,25,2,0,2
576648,25,2,0,2
278984,25,2,1,1
2015392,25,2,2,0
254928,25,2,1,1
2910456,25,2,2,0
380192,25,2,2,0
239504,25,2,1,1
4230032,25,2,1,1
288760,25,2,2,0
208528,25,2,1,1
113696,25,2,1,1
333392,25,2,0,2
1168864,25,2,0,2
93152,25,2,2,0
232432,25,2,2,0
445040,25,2,1,1
1106528,25,2,1,1
70104,25,2,1,1
818592,25,2,1,1
237336,25,2,1,1
1909904,25,2,1,1
203360,25,2,1,1
253632,25,2,1,1
8364480,25,2,2,0
147536,25,2,1,1
242128,25,2,2,0
1530352,25,2,2,0
1448936,25,2,2,0
499176,25,2,1,1
635352,25,2,0,2
2718384,25,2,0,2
5096824,25,2,0,2
799048,25,2,0,2
915424,25,2,1,1
3058792,25,2,1,1
3674920,25,2,0,2
262504,25,2,0,2
2567888,25,2,1,1
4075960,25,2,1,1
3475088,25,2,0,2
454728,25,2,0,2
422880,25,2,1,1
395592,25,2,0,2
331584,25,2,0,2
4100448,25,2,1,1
448672,25,2,1,1
190080,25,2,1,1
2907416,25,2,0,2
788960,25,2,1,1
291136,25,2,2,0
1063984,25,2,1,1
950472,25,2,0,2
1426184,25,2,0,2
1482472,25,2,0,2
599312,25,2,2,0
202152,25,2,0,2
254296,25,2,1,1
563160,25,2,1,1
354424,25,2,1,1
1709872,25,2,1,1
275976,25,2,1,1
442408,25,2,1,1
963144,25,2,1,1
673760,25,2,1,1
120664,25,2,1,1
6308560,25,2,0,2
336328,25,2,1,1
2032544,25,2,1,1
548120,25,2,2,0
1422960,25,2,1,1
98608,25,2,1,1
1091992,25,2,1,1
991880,25,2,0,2
581752,25,2,1,1
8185176,25,2,1,1
3032760,25,2,2,0
599344,25,2,1,1
161032,25,2,1,1
1423208,25,2,0,2
3702880,25,2,0,2
290024,25,2,1,1
1717056,25,2,1,1
253504,25,2,1,1
894504,25,2,1,1
521424,25,2,1,1
327016,25,2,1,1
5631936,25,2,2,0
856728,25,2,1,1
1266768,25,2,0,2
878336,25,2,2,0
259800,25,2,1,1
588760,25,2,0,2
565032,25,2,2,0
211520,25,2,0,2
260592,25,2,0,2
936296,25,2,0,2
774192,25,2,1,1
6485392,25,2,2,0
1607912,25,2,1,1
925016,25,2,2,0
3223872,25,2,1,1
361048,25,2,2,0
837120,25,2,1,1
723064,25,2,1,1
1112464,25,2,0,2
3415528,25,2,0,2
130888,25,2,1,1
561184,25,2,2,0
1198768,25,2,1,1
378144,25,2,1,1
1272496,25,2,1,1
752984,25,2,2,0
425360,25,2,1,1
407984,25,2,0,2
142200,25,2,1,1
502888,25,2,2,0
247208,25,2,2,0
147520,25,2,2,0
512592,25,2,1,1
230040,25,2,2,0
915528,25,2,1,1
110608,25,2,2,0
430976,25,2,0,2
1263608,25,2,0,2
2338688,25,2,1,1
300104,25,2,1,1
2994424,25,2,2,0
2080696,25,2,2,0
264320,25,2,2,0
477392,25,2,2,0
357208,25,2,2,0
164888,25,2,1,1
6365192,25,2,2,0
159344,25,2,2,0
2045584,25,2,2,0
531848,25,2,2,0
420680,25,2,1,1
972000,25,2,1,1
1421544,25,2,0,2
5335904,25,2,1,1
7245504,25,2,1,1
445448,25,2,1,1
313680,25,2,2,0
363504,25,2,1,1
282432,25,2,1,1
296104,25,2,0,2
1185640,25,2,1,1
375784,25,2,1,1
1138624,25,2,1,1
352248,25,2,1,1
2315328,25,2,2,0
1379208,25,2,1,1
459232,25,2,0,2
3688048,25,2,0,2
3270904,25,2,0,2
710728,25,2,0,2
333208,25,2,0,2
1014744,25,2,2,0
2113976,25,2,0,2
363384,25,2,2,0
853848,25,2,1,1
275184,25,2,1,1
342184,25,2,1,1
208960,25,2,1,1
7208616,25,2,1,1
223856,25,2,1,1
300696,25,2,1,1
888704,25,2,1,1
1295184,25,2,0,2
440152,25,2,0,2
814632,25,2,1,1
933912,25,2,2,0
462872,25,2,1,1
670864,25,2,2,0
3589184,25,2,2,0
274952,25,2,1,1
1800080,25,2,2,0
647256,25,2,0,2
3922760,25,2,2,0
476280,25,2,0,2
7356368,25,2,2,0
702792,25,2,1,1
1327632,25,2,2,0
152688,25,2,0,2
194008,25,2,1,1
4405968,25,2,1,1
355864,25,2,1,1
1001496,25,2,1,1
701096,25,2,1,1
759568,25,2,1,1
911224,25,2,0,2
421928,25,2,1,1
3387344,25,2,1,1
159632,25,2,1,1
745856,25,2,2,0
2108616,25,2,1,1
246984,25,2,1,1
69072,25,2,2,0
457064,25,2,2,0
1856976,25,2,1,1
554032,25,2,1,1
338760,25,2,0,2
517904,25,2,2,0
223456,25,2,1,1
1694216,25,2,2,0
687544,25,2,2,0
1875544,25,2,2,0
416800,25,2,0,2
347544,25,2,1,1
942960,25,2,2,0
2043200,25,2,2,0
105928,25,2,1,1
7156872,25,2,2,0
101264,25,2,1,1
601464,25,2,0,2
380680,25,2,1,1
249144,25,2,1,1
206896,25,2,1,1
2890712,25,2,2,0
157448,25,2,1,1
1158208,25,2,1,1
987128,25,2,1,1
124712,25,2,1,1
1165816,25,2,2,0
190840,25,2,0,2
201112,25,2,2,0
114384,25,2,0,2
691416,25,2,1,1
331880,25,2,0,2
422432,25,2,0,2
524272,25,2,1,1
121088,25,2,0,2
408712,25,2,2,0
235312,25,2,0,2
377576,25,2,0,2
488904,25,2,2,0
417032,25,2,0,2
633424,25,2,0,2
4900328,25,2,1,1
5712336,25,2,2,0
584424,25,2,2,0
7600432,25,2,0,2
3927232,25,2,1,1
347536,25,2,2,0
1932744,25,2,1,1
826424,25,2,1,1
661208,25,2,2,0
185504,25,2,2,0
1899688,25,2,2,0
248976,25,2,0,2
257208,25,2,1,1
370504,25,2,1,1
1321840,25,2,1,1
1377936,25,2,1,1
2559008,25,2,1,1
85424,25,2,1,1
1334344,25,2,1,1
5814040,25,2,1,1
5709592,25,2,1,1
3550744,25,2,1,1
149208,25,2,1,1
882120,25,2,1,1
244480,25,2,1,1
94528,25,2,2,0
1000560,25,2,1,1
966864,25,2,0,2
132240,25,2,1,1
2942504,25,2,1,1
1650360,25,2,0,2
229432,25,2,1,1
2686632,25,2,1,1
1557536,25,2,0,2
690072,25,2,2,0
1176344,25,2,1,1
913816,25,2,1,1
6767816,25,2,1,1
69048,25,2,1,1
852568,25,2,2,0
308336,25,2,1,1
669568,25,2,1,1
658720,25,2,2,0
204320,25,2,2,0
783600,25,2,1,1
182688,25,2,1,1
1143808,25,2,1,1
445984,25,2,0,2
433352,25,2,1,1
313112,25,2,1,1
510672,25,2,2,0
346560,25,2,1,1
608576,25,2,0,2
903248,25,2,0,2
2157864,25,2,1,1
1541632,25,2,1,1
495784,25,2,1,1
1796496,25,2,0,2
836360,25,2,0,2
396992,25,2,0,2
168376,25,2,2,0
757152,25,2,2,0
3443408,25,2,0,2
3579504,25,2,1,1
426704,25,2,1,1
269680,25,2,0,2
1511328,25,2,2,0
3315192,25,2,1,1
140000,25,2,0,2
795184,25,2,1,1
183344,25,2,0,2
1016896,25,2,0,2
1337080,25,2,2,0
7285424,25,2,0,2
134368,25,2,1,1
513048,25,2,2,0
514824,25,2,0,2
949528,25,2,0,2
215440,25,2,1,1
1192360,25,2,2,0
547984,25,2,1,1
2733752,25,2,0,2
214152,25,2,2,0
525096,25,2,1,1
1079368,25,2,0,2
1414904,25,2,0,2
1800576,25,2,0,2
2234168,25,2,1,1
780696,25,2,0,2
262616,25,2,2,0
960928,25,2,0,2
8234424,25,2,1,1
306520,25,2,1,1
563976,25,2,1,1
303304,25,2,1,1
273592,25,2,1,1
4846024,25,2,0,2
1244808,25,2,2,0
1491080,25,2,1,1
137584,25,2,1,1
3400872,25,2,0,2
713536,25,2,1,1
131840,25,2,0,2
7211064,25,2,1,1
941944,25,2,1,1
202240,25,2,1,1
7392776,25,2,1,1
468256,25,2,2,0
315672,25,2,0,2
718512,25,2,2,0
293200,25,2,0,2
240112,25,2,1,1
1666688,25,2,1,1
585664,25,2,1,1
93552,25,2,2,0
459520,25,2,1,1
166664,25,2,1,1
406472,25,2,2,0
544504,25,2,0,2
2229376,25,2,2,0
4004744,25,2,2,0
2706704,25,2,0,2
731776,25,2,1,1
256736,25,2,1,1
621752,25,2,2,0
397352,25,2,2,0
323912,25,2,1,1
469712,25,2,1,1
1802824,25,2,1,1
2247016,25,2,1,1
4237872,25,2,1,1
1111888,25,2,2,0
960912,25,2,1,1
5913848,25,2,0,2
193824,25,2,2,0
400728,25,2,2,0
528304,25,2,0,2
698888,25,2,1,1
412792,25,2,0,2
296088,25,2,1,1
5985160,25,2,1,1
909496,25,2,1,1
1682976,25,2,1,1
2595912,25,2,0,2
321624,25,2,0,2
208984,25,2,2,0
3136296,25,2,0,2
142336,25,2,2,0
1235368,25,2,0,2
538720,25,2,2,0
234432,25,2,1,1
4408744,25,2,1,1
1711536,25,2,0,2
2505888,25,2,1,1
399144,25,2,1,1
1122800,25,2,1,1
321040,25,2,1,1
469280,25,2,0,2
355288,25,2,0,2
795448,25,2,1,1
238080,25,2,1,1
1248856,25,2,2,0
339120,25,2,1,1
276368,25,2,1,1
1889536,25,2,1,1
466224,25,2,1,1
912920,25,2,2,0
4422320,25,2,2,0
4914176,25,2,0,2
2884384,25,2,1,1
268688,25,2,0,2
216064,25,2,1,1
1085776,25,2,1,1
304456,25,2,1,1
483696,25,2,1,1
526400,25,2,1,1
340024,25,2,1,1
5295032,25,2,1,1
2862632,25,2,1,1
2956584,25,2,1,1
1566872,25,2,1,1
238504,25,2,2,0
1250184,25,2,1,1
215368,25,2,0,2
8035104,25,2,1,1
274160,25,2,1,1
358200,25,2,1,1
629984,25,2,0,2
423272,25,2,1,1
3564144,25,2,2,0
688144,25,2,2,0
463744,25,2,1,1
224168,25,2,0,2
7580232,25,2,1,1
335368,25,2,0,2
103640,25,2,1,1
262920,25,2,1,1
472248,25,2,0,2
3763424,25,2,2,0
1258360,25,2,1,1
1440752,25,2,0,2
196112,25,2,0,2
156120,25,2,1,1
299632,25,2,0,2
2164896,25,2,1,1
6952448,25,2,0,2
140480,25,2,2,0
2458600,25,2,0,2
473152,25,2,1,1
499224,25,2,2,0
585240,25,2,1,1
177848,25,2,2,0
102456,25,2,1,1
146840,25,2,0,2
585328,25,2,1,1
85968,25,2,2,0
6317088,25,2,1,1
940504,25,2,2,0
158264,25,2,1,1
770312,25,2,2,0
111528,25,2,1,1
462328,25,2,0,2
583536,25,2,1,1
215920,25,2,1,1
280984,25,2,1,1
466376,25,2,1,1
120088,25,2,0,2
931952,25,2,1,1
194776,25,2,0,2
517496,25,2,0,2
403632,25,2,1,1
3560456,25,2,2,0
3247248,25,2,1,1
238104,25,2,0,2
867464,25,2,2,0
3913288,25,2,2,0
5843744,25,2,2,0
146224,25,2,1,1
2739824,25,2,0,2
507792,25,2,1,1
132968,25,2,2,0
970392,25,2,0,2
203944,25,2,1,1
754544,25,2,0,2
439032,25,2,2,0
238312,25,2,1,1
1148512,25,2,2,0
1564488,25,2,1,1
2931984,25,2,2,0
124640,25,2,1,1
395968,25,2,2,0
126944,25,2,1,1
346656,25,2,1,1
216232,25,2,2,0
357184,25,2,1,1
1394336,25,2,1,1
406608,25,2,0,2
273512,25,2,0,2
2425576,25,2,1,1
167320,25,2,1,1
185056,25,2,0,2
269920,25,2,0,2
983832,25,2,1,1
1144000,25,2,0,2
549168,25,2,1,1
341656,25,2,1,1
899920,25,2,2,0
1336256,25,2,1,1
808880,25,2,1,1
8361608,25,2,0,2
195032,25,2,0,2
232200,25,2,2,0
144888,25,2,0,2
2587344,25,2,1,1
4964040,25,2,0,2
197192,25,2,2,0
721496,25,2,0,2
1199816,25,2,1,1
352992,25,2,2,0
472536,25,2,1,1
386632,25,2,2,0
1152760,25,2,1,1
485432,25,2,1,1
5273696,25,2,2,0
1724216,25,2,1,1
2499448,25,2,1,1
375920,25,2,1,1
5064144,25,2,1,1
1699656,25,2,1,1
131752,25,2,2,0
1274368,25,2,1,1
750784,25,2,2,0
3640840,25,2,1,1
275104,25,2,0,2
383144,25,2,1,1
97544,25,2,2,0
1273144,25,2,0,2
514224,25,2,2,0
939160,25,2,0,2
602424,25,2,2,0
286968,25,2,1,1
332128,25,2,0,2
5995808,25,2,0,2
113672,25,2,1,1
1321736,25,2,0,2
576384,25,2,2,0
1405312,25,2,0,2
238824,25,2,0,2
967464,25,2,2,0
476352,25,2,0,2
3076480,25,2,2,0
513528,25,2,2,0
265992,25,2,1,1
1736128,25,2,0,2
527616,25,2,1,1
2641736,25,2,2,0
193384,25,2,1,1
4487376,25,2,2,0
1490976,25,2,0,2
1455608,25,2,2,0
878288,25,2,2,0
379880,25,2,2,0
529680,25,2,0,2
529984,25,2,1,1
2122016,25,2,0,2
3230072,25,2,1,1
110368,25,2,1,1
200800,25,2,1,1
750608,25,2,1,1
301320,25,2,0,2
178248,25,2,1,1
807208,25,2,1,1
5010384,25,2,1,1
702840,25,2,0,2
168040,25,2,2,0
249928,25,2,0,2
565768,25,2,1,1
134536,25,2,1,1
403800,25,2,2,0
180624,25,2,0,2
1251728,25,2,1,1
477128,25,2,1,1
198856,25,2,2,0
225384,25,2,1,1
355768,25,2,1,1
3528496,25,2,0,2
199736,25,2,1,1
167920,25,2,2,0
359144,25,2,1,1
642440,25,2,0,2
194904,25,2,1,1
2550320,25,2,1,1
1946440,25,2,1,1
1110168,25,2,1,1
6871352,25,2,2,0
1173648,25,2,1,1
2025096,25,2,1,1
2533344,25,2,1,1
140808,25,2,0,2
125440,25,2,2,0
602824,25,2,0,2
205272,25,2,1,1
1312376,25,2,1,1
5019592,25,2,2,0
728600,25,2,1,1
147112,25,2,1,1
265552,25,2,1,1
653176,25,2,2,0
460576,25,2,1,1
111296,25,2,1,1
447864,25,2,0,2
589728,25,2,1,1
522944,25,2,1,1
260336,25,2,2,0
434472,25,2,0,2
228488,25,2,1,1
192544,25,2,2,0
2769608,25,2,0,2
1297840,25,2,1,1
1266456,25,2,1,1
410952,25,2,2,0
112272,25,2,0,2
277192,25,2,2,0
1097808,25,2,1,1
473608,25,2,0,2
354872,25,2,2,0
662936,25,2,0,2
59784,25,2,1,1
353376,25,2,2,0
352000,25,2,0,2
1239864,25,2,1,1
2699256,25,2,1,1
563056,25,2,1,1
262120,25,2,1,1
3014544,25,2,1,1
395456,25,2,2,0
149560,25,2,1,1
534808,25,2,1,1
3136544,25,2,2,0
1034232,25,2,2,0
457464,25,2,1,1
212448,25,2,1,1
4220488,25,2,2,0
2121592,25,2,0,2
303624,25,2,1,1
898256,25,2,0,2
2182928,25,2,0,2
3224712,25,2,2,0
410648,25,2,1,1
856792,25,2,1,1
119496,25,2,2,0
445752,25,2,0,2
339768,25,2,2,0
389832,25,2,1,1
835856,25,2,1,1
139424,25,2,1,1
1900128,25,2,1,1
2701976,25,2,2,0
479048,25,2,0,2
1287408,25,2,0,2
160792,25,2,1,1
870104,25,2,1,1
7423408,25,2,0,2
1013400,25,2,2,0
3227312,25,2,2,0
227096,25,2,0,2
1330504,25,2,2,0
1430608,25,2,1,1
1460272,25,2,2,0
4265336,25,2,0,2
361808,25,2,0,2
627456,25,2,1,1
3105864,25,2,1,1
696280,25,2,0,2
307080,25,2,1,1
405832,25,2,2,0
5632832,25,2,0,2
224496,25,2,2,0
215576,25,2,1,1
3181256,25,2,2,0
1087880,25,2,0,2
1796808,25,2,2,0
167880,25,2,2,0
1117416,25,2,1,1
1637976,25,2,1,1
3396688,25,2,2,0
137616,25,2,1,1
542256,25,2,0,2
83216,25,2,0,2
227432,25,2,1,1
2540176,25,2,1,1
461248,25,2,1,1
815448,25,2,1,1
449488,25,2,1,1
264016,25,2,2,0
173872,25,2,1,1
1214992,25,2,1,1
1773208,25,2,1,1
2192032,25,2,1,1
586000,25,2,1,1
187528,25,2,1,1
666040,25,2,1,1
337112,25,2,1,1
650168,25,2,0,2
450520,25,2,1,1
674040,25,2,2,0
109032,25,2,0,2
765184,25,2,1,1
471944,25,2,0,2
3006584,25,2,1,1
187616,25,2,0,2
347808,25,2,1,1
133024,25,2,1,1
920440,25,2,1,1
572944,25,2,2,0
666024,25,2,2,0
463792,25,2,0,2
218376,25,2,0,2
671248,25,2,0,2
1658576,25,2,0,2
2310336,25,2,0,2
1841520,25,2,1,1
1226928,25,2,1,1
185672,25,2,1,1
384832,25,2,0,2
2611648,25,2,1,1
346256,25,2,1,1
1014080,25,2,0,2
390080,25,2,2,0
745552,25,2,1,1
2036848,25,2,1,1
4829200,25,2,0,2
5743200,25,2,2,0
385048,25,2,1,1
435752,25,2,2,0
183912,25,2,1,1
3096720,25,2,2,0
1951248,25,2,1,1
949712,25,2,2,0
768216,25,2,2,0
3154632,25,2,2,0
140024,25,2,1,1
1127040,25,2,2,0
305416,25,2,1,1
4012392,25,2,1,1
1199344,25,2,2,0
216760,25,2,2,0
398000,25,2,2,0
947416,25,2,2,0
285648,25,2,0,2
326560,25,2,0,2
645896,25,2,1,1
6015200,25,2,2,0
886856,25,2,1,1
1552056,25,2,0,2
2717096,25,2,2,0
1262696,25,2,1,1
824976,25,2,0,2
238672,25,2,1,1
122912,25,2,2,0
7284360,25,2,1,1
394064,25,2,1,1
3675880,25,2,1,1
922744,25,2,0,2
756808,25,2,0,2
1120376,25,2,1,1
844264,25,2,0,2
148192,25,2,0,2
391632,25,2,2,0
254728,25,2,1,1
1464880,25,2,1,1
391840,25,2,2,0
2462152,25,2,0,2
269584,25,2,1,1
256728,25,2,0,2
946488,25,2,1,1
1575448,25,2,2,0
308048,25,2,0,2
464528,25,2,2,0
191168,25,2,2,0
462056,25,2,1,1
1083504,25,2,2,0
245144,25,2,1,1
2011056,25,2,1,1
3472440,25,2,1,1
202024,25,2,1,1
620440,25,2,0,2
470048,25,2,1,1
2107936,25,2,1,1
226432,25,2,0,2
1699368,25,2,1,1
781888,25,2,1,1
985656,25,2,2,0
253232,25,2,1,1
135456,25,2,2,0
289984,25,2,1,1
1281528,25,2,2,0
157512,25,2,0,2
1730376,25,2,2,0
1691936,25,2,1,1
541040,25,2,2,0
155048,25,2,1,1
1046744,25,2,1,1
4450168,25,2,0,2
202600,25,2,2,0
364416,25,2,2,0
187256,25,2,1,1
141152,25,2,1,1
333136,25,2,2,0
5992400,25,2,2,0
129776,25,2,1,1
136968,25,2,1,1
302264,25,2,1,1
1652936,25,2,0,2
650328,25,2,2,0
724720,25,2,1,1
644832,25,2,0,2
825856,25,2,0,2
2701736,25,2,1,1
342880,25,2,2,0
8190584,25,2,1,1
173328,25,2,2,0
977768,25,2,1,1
171528,25,2,1,1
1288280,25,2,2,0
708968,25,2,1,1
448680,25,2,1,1
532272,25,2,1,1
584072,25,2,1,1
174080,25,2,1,1
1632776,25,2,2,0
7449328,25,2,1,1
583096,25,2,1,1
956432,25,2,1,1
467496,25,2,2,0
234328,25,2,2,0
1165400,25,2,2,0
4940944,25,2,0,2
757832,25,2,1,1
322064,25,2,1,1
1502720,25,2,0,2
1714512,25,2,1,1
2226608,25,2,2,0
439016,25,2,0,2
1312328,25,2,1,1
2338352,25,2,2,0
709376,25,2,0,2
961720,25,2,1,1
590928,25,2,0,2
318464,25,2,1,1
299080,25,2,2,0
735344,25,2,2,0
190344,25,2,2,0
519168,25,2,2,0
374848,25,2,2,0
599896,25,2,1,1
2471880,25,2,1,1
1359064,25,2,0,2
492696,25,2,1,1
461432,25,2,0,2
3827672,25,2,1,1
6080792,25,2,1,1
597696,25,2,2,0
2394640,25,2,1,1
336432,25,2,1,1
891488,25,2,1,1
5631320,25,2,0,2
1799504,25,2,1,1
822344,25,2,1,1
247184,25,2,2,0
1459904,25,2,0,2
1836904,25,2,1,1
880848,25,2,0,2
245656,25,2,1,1
146504,25,2,1,1
131488,25,2,1,1
413664,25,2,1,1
2462272,25,2,1,1
2166680,25,2,2,0
1263880,25,2,0,2
1213360,25,2,2,0
1718640,25,2,2,0
112840,25,2,1,1
3897216,25,2,2,0
2783200,25,2,0,2
2349912,25,2,1,1
616000,25,2,0,2
238592,25,2,1,1
419232,25,2,1,1
5155472,25,2,0,2
1704704,25,2,0,2
508496,25,2,1,1
427408,25,2,1,1
3883112,25,2,1,1
5931200,25,2,1,1
901128,25,2,2,0
626432,25,2,1,1
1062512,25,2,1,1
637776,25,2,2,0
333256,25,2,2,0
1064336,25,2,2,0
126232,25,2,1,1
1016504,25,2,1,1
136072,25,2,1,1
1254456,25,2,1,1
1526600,25,2,2,0
523800,25,2,2,0
6508768,25,2,2,0
940056,25,2,0,2
1311096,25,2,0,2
823312,25,2,2,0
278552,25,2,0,2
2670384,25,2,2,0
4800248,25,2,1,1
5494632,25,2,2,0
298104,25,2,0,2
997216,25,2,1,1
873392,25,2,2,0
977352,25,2,2,0
307712,25,2,0,2
2696976,25,2,2,0
494608,25,2,1,1
558376,25,2,1,1
910040,25,2,1,1
649928,25,2,2,0
244944,25,2,0,2
6429448,25,2,1,1
488672,25,2,0,2
147736,25,2,1,1
1221960,25,2,0,2
344168,25,2,1,1
4420016,25,2,0,2
218360,25,2,0,2
223000,25,2,1,1
1944256,25,2,0,2
845888,25,2,1,1
1432320,25,2,1,1
550216,25,2,2,0
154880,25,2,1,1
706424,25,2,2,0
403232,25,2,0,2
785176,25,2,1,1
326440,25,2,1,1
5601224,25,2,1,1
1724952,25,2,0,2
2002600,25,2,1,1
456120,25,2,1,1
4062648,25,2,2,0
1588896,25,2,1,1
452392,25,2,2,0
341064,25,2,0,2
590432,25,2,1,1
5703232,25,2,1,1
995960,25,2,1,1
264096,25,2,2,0
432264,25,2,1,1
8206064,25,2,1,1
170160,25,2,2,0
240408,25,2,2,0
371472,25,2,1,1
530224,25,2,1,1
1159248,25,2,1,1
223208,25,2,0,2
3029192,25,2,1,1
391416,25,2,1,1
483464,25,2,1,1
219432,25,2,2,0
1511480,25,2,0,2
625944,25,2,2,0
696440,25,2,1,1
5284736,25,2,2,0
233576,25,2,1,1
526160,25,2,1,1
8104016,25,2,0,2
408328,25,2,1,1
2228480,25,2,1,1
784880,25,2,2,0
393184,25,2,1,1
242272,25,2,2,0
783408,25,2,1,1
815240,25,2,1,1
541448,25,2,0,2
1556808,25,2,2,0
281440,25,2,0,2
171856,25,2,1,1
160304,25,2,2,0
254944,25,2,2,0
1443424,25,2,1,1
418352,25,2,1,1
1224936,25,2,1,1
1946304,25,2,1,1
169448,25,2,2,0
160128,25,2,1,1
2126496,25,2,1,1
961544,25,2,1,1
7441944,25,2,1,1
292504,25,2,1,1
166840,25,2,1,1
4324664,25,2,2,0
164440,25,2,0,2
220696,25,2,1,1
378240,25,2,1,1
1774568,25,2,1,1
5115488,25,2,1,1
545336,25,2,2,0
266944,25,2,2,0
1118248,25,2,0,2
1554880,25,2,2,0
1917000,25,2,0,2
129200,25,2,2,0
1856408,25,2,1,1
305536,25,2,0,2
711440,25,2,1,1
4476416,25,2,1,1
93728,25,2,0,2
805216,25,2,1,1
2113688,25,2,1,1
376208,25,2,1,1
185592,25,2,1,1
643136,25,2,1,1
841744,25,2,0,2
667448,25,2,0,2
449440,25,2,0,2
289144,25,2,1,1
1124816,25,2,0,2
944304,25,2,1,1
754224,25,2,0,2
336616,25,2,2,0
1137728,25,2,2,0
564008,25,2,0,2
2543840,25,2,1,1
1698856,25,2,0,2
319200,25,2,1,1
248952,25,2,1,1
218712,25,2,1,1
2507864,25,2,1,1
1178968,25,2,0,2
954096,25,2,2,0
2064656,25,2,2,0
5514760,25,2,0,2
257960,25,2,0,2
775256,25,2,1,1
936416,25,2,1,1
273904,25,2,1,1
396856,25,2,1,1
242016,25,2,1,1
190160,25,2,2,0
430680,25,2,0,2
309632,25,2,1,1
572824,25,2,2,0
524952,25,2,0,2
1289104,25,2,2,0
2400104,25,2,1,1
6563496,25,2,2,0
88360,25,2,1,1
527096,25,2,1,1
1942144,25,2,0,2
231064,25,2,1,1
1297200,25,2,0,2
3737640,25,2,0,2
3586864,25,2,1,1
1140256,25,2,0,2
1152016,25,2,1,1
981464,25,2,1,1
188232,25,2,0,2
1529448,25,2,1,1
1482584,25,2,1,1
325936,25,2,0,2
1196192,25,2,0,2
2014632,25,2,1,1
485064,25,2,1,1
1237024,25,2,2,0
185552,25,2,2,0
2301328,25,2,2,0
256720,25,2,2,0
1143736,25,2,1,1
239088,25,2,0,2
1098368,25,2,1,1
440656,25,2,1,1
2281992,25,2,1,1
3879600,25,2,1,1
1102480,25,2,1,1
1470544,25,2,0,2
452928,25,2,2,0
3974720,25,2,1,1
2451736,25,2,2,0
1953440,25,2,0,2
949096,25,2,1,1
915680,25,2,0,2
4263728,25,2,1,1
2918816,25,2,2,0
335152,25,2,1,1
254840,25,2,2,0
3455280,25,2,1,1
217824,25,2,2,0
231472,25,2,1,1
177776,25,2,2,0
1230432,25,2,0,2
1882360,25,2,2,0
920368,25,2,1,1
1035392,25,2,2,0
1425120,25,2,0,2
543760,25,2,1,1
185256,25,2,1,1
1024152,25,2,1,1
6208560,25,2,2,0
210776,25,2,1,1
670888,25,2,1,1
297024,25,2,2,0
422744,25,2,2,0
267136,25,2,1,1
1353536,25,2,2,0
448848,25,2,0,2
7899392,25,2,1,1
177608,25,2,1,1
458040,25,2,0,2
350528,25,2,2,0
84480,25,2,1,1
2224192,25,2,1,1
229888,25,2,1,1
302936,25,2,2,0
2918432,25,2,1,1
5852392,25,2,0,2
1792032,25,2,1,1
260720,25,2,0,2
334888,25,2,0,2
354856,25,2,0,2
280024,25,2,1,1
1943176,25,2,2,0
149880,25,2,2,0
718632,25,2,2,0
261040,25,2,0,2
1741416,25,2,1,1
227576,25,2,1,1
138616,25,2,0,2
353664,25,2,1,1
102232,25,2,1,1
128544,25,2,0,2
1260672,25,2,2,0
493136,25,2,0,2
127320,25,2,1,1
1418816,25,2,1,1
2240696,25,2,0,2
3820896,25,2,1,1
731680,25,2,1,1
133888,25,2,1,1
123696,25,2,2,0
98952,25,2,1,1
1219992,25,2,0,2
697040,25,2,1,1
1552320,25,2,0,2
125512,25,2,1,1
1086632,25,2,2,0
209696,25,2,1,1
515536,25,2,1,1
218696,25,2,0,2
189352,25,2,1,1
6336464,25,2,1,1
229632,25,2,1,1
508840,25,2,2,0
412712,25,2,0,2
112584,25,2,1,1
571408,25,2,0,2
1816600,25,2,1,1
185160,25,2,1,1
389160,25,2,0,2
856200,25,2,1,1
266776,25,2,2,0
141688,25,2,0,2
599296,25,2,0,2
2358280,25,2,2,0
449816,25,2,2,0
181208,25,2,2,0
558152,25,2,1,1
972352,25,2,1,1
607176,25,2,1,1
758936,25,2,1,1
5579472,25,2,1,1
97816,25,2,1,1
755760,25,2,1,1
2742448,25,2,2,0
1283512,25,2,1,1
1076840,25,2,1,1
643808,25,2,2,0
1066216,25,2,2,0
470032,25,2,1,1
1249944,25,2,2,0
3983552,25,2,1,1
319496,25,2,2,0
665624,25,2,1,1
976624,25,2,1,1
2545008,25,2,1,1
566000,25,2,1,1
3276504,25,2,1,1
3842816,25,2,2,0
180208,25,2,2,0
1017872,25,2,0,2
1453840,25,2,1,1
1165080,25,2,2,0
437544,25,2,1,1
784536,25,2,0,2
110000,25,2,0,2
477920,25,2,1,1
2214112,25,2,2,0
1317208,25,2,2,0
2246104,25,2,0,2
1824424,25,2,0,2
279064,25,2,1,1
523496,25,2,1,1
710048,25,2,2,0
215400,25,2,0,2
4713992,25,2,0,2
102560,25,2,1,1
126088,25,2,1,1
421744,25,2,0,2
753480,25,2,1,1
3999456,25,2,1,1
1523744,25,2,1,1
508016,25,2,0,2
133960,25,2,2,0
3489992,25,2,1,1
1055792,25,2,1,1
748056,25,2,0,2
619752,25,2,0,2
2306152,25,2,0,2
3520000,25,2,1,1
538576,25,2,0,2
213960,25,2,1,1
178976,25,2,1,1
111760,25,2,2,0
2056864,25,2,1,1
117904,25,2,2,0
2106872,25,2,1,1
3038048,25,2,1,1
202296,26,2,2,0
1518448,26,2,1,1
3747952,26,2,0,2
108464,26,2,0,2
154256,26,2,0,2
131320,26,2,0,2
485688,26,2,2,0
267320,26,2,0,2
1231864,26,2,0,2
1063152,26,2,0,2
588256,26,2,1,1
4976744,26,2,2,0
177288,26,2,0,2
1228056,26,2,2,0
327856,26,2,1,1
1954584,26,2,1,1
1468808,26,2,2,0
322248,26,2,1,1
5110368,26,2,0,2
130672,26,2,1,1
500072,26,2,1,1
2184328,26,2,1,1
263520,26,2,1,1
4745984,26,2,0,2
6568824,26,2,1,1
5428656,26,2,1,1
366672,26,2,1,1
874416,26,2,0,2
321080,26,2,1,1
477904,26,2,1,1
794344,26,2,1,1
6652808,26,2,2,0
201376,26,2,0,2
504152,26,2,1,1
3084376,26,2,1,1
691816,26,2,1,1
81472,26,2,0,2
5510824,26,2,2,0
175640,26,2,1,1
116944,26,2,1,1
213680,26,2,1,1
750904,26,2,0,2
497976,26,2,1,1
380072,26,2,1,1
242664,26,2,1,1
145992,26,2,1,1
243752,26,2,1,1
387800,26,2,2,0
293128,26,2,0,2
869912,26,2,0,2
2907752,26,2,0,2
67536,26,2,1,1
414752,26,2,1,1
419456,26,2,0,2
1357600,26,2,0,2
212704,26,2,1,1
2533792,26,2,0,2
637864,26,2,2,0
1764136,26,2,0,2
357816,26,2,1,1
227768,26,2,1,1
649024,26,2,0,2
174504,26,2,1,1
593960,26,2,1,1
1599800,26,2,0,2
2757400,26,2,0,2
1746272,26,2,1,1
4745152,26,2,1,1
935072,26,2,0,2
529072,26,2,2,0
1764264,26,2,0,2
768336,26,2,0,2
265456,26,2,1,1
1845000,26,2,0,2
3399680,26,2,1,1
216688,26,2,0,2
571456,26,2,2,0
4447680,26,2,0,2
5135120,26,2,0,2
1184984,26,2,1,1
288280,26,2,0,2
3589272,26,2,1,1
702240,26,2,1,1
3398760,26,2,1,1
350048,26,2,0,2
92360,26,2,1,1
285464,26,2,1,1
4865104,26,2,1,1
808624,26,2,1,1
1761904,26,2,0,2
2097832,26,2,2,0
2136152,26,2,2,0
357000,26,2,1,1
394616,26,2,1,1
3532232,26,2,1,1
7587624,26,2,2,0
1268240,26,2,0,2
396944,26,2,0,2
107216,26,2,2,0
537928,26,2,0,2
175048,26,2,0,2
1010768,26,2,0,2
359320,26,2,1,1
992072,26,2,2,0
1942736,26,2,0,2
242976,26,2,1,1
400432,26,2,1,1
729208,26,2,2,0
1399024,26,2,2,0
156096,26,2,0,2
558976,26,2,2,0
1369400,26,2,1,1
953032,26,2,1,1
480832,26,2,1,1
74112,26,2,2,0
3022752,26,2,1,1
948072,26,2,2,0
444664,26,2,2,0
140440,26,2,1,1
314536,26,2,0,2
830720,26,2,2,0
286328,26,2,1,1
360952,26,2,2,0
290200,26,2,2,0
415360,26,2,0,2
316352,26,2,1,1
4264744,26,2,1,1
531544,26,2,0,2
252040,26,2,2,0
357480,26,2,1,1
117200,26,2,0,2
80512,26,2,2,0
1888552,26,2,0,2
289632,26,2,1,1
164408,26,2,0,2
672240,26,2,0,2
414736,26,2,2,0
794600,26,2,0,2
246016,26,2,0,2
1952968,26,2,2,0
5078000,26,2,1,1
117128,26,2,0,2
868056,26,2,0,2
194840,26,2,1,1
5946544,26,2,1,1
123032,26,2,1,1
5664464,26,2,0,2
263384,26,2,2,0
1654472,26,2,0,2
311768,26,2,1,1
285344,26,2,2,0
6355760,26,2,1,1
3326192,26,2,1,1
136776,26,2,2,0
564312,26,2,0,2
2060112,26,2,2,0
676720,26,2,0,2
4133648,26,2,0,2
599536,26,2,1,1
213240,26,2,1,1
513184,26,2,0,2
950032,26,2,1,1
253952,26,2,0,2
956640,26,2,0,2
3796064,26,2,2,0
276464,26,2,0,2
1527472,26,2,1,1
425184,26,2,1,1
552960,26,2,1,1
1083440,26,2,1,1
2462280,26,2,1,1
2966072,26,2,1,1
290696,26,2,2,0
6071040,26,2,2,0
363232,26,2,2,0
595936,26,2,1,1
864680,26,2,1,1
1173624,26,2,2,0
232984,26,2,1,1
277264,26,2,0,2
1116344,26,2,1,1
2134536,26,2,0,2
767912,26,2,2,0
833808,26,2,2,0
210832,26,2,2,0
470040,26,2,1,1
532440,26,2,1,1
845040,26,2,1,1
1694704,26,2,1,1
2037232,26,2,1,1
721744,26,2,2,0
715024,26,2,2,0
123344,26,2,0,2
1131648,26,2,1,1
101176,26,2,2,0
3154096,26,2,1,1
1106632,26,2,1,1
1929584,26,2,1,1
426680,26,2,0,2
5384784,26,2,1,1
365760,26,2,2,0
277048,26,2,2,0
1325048,26,2,2,0
4928192,26,2,0,2
876480,26,2,1,1
1023608,26,2,1,1
864544,26,2,2,0
1699384,26,2,0,2
294416,26,2,2,0
1567288,26,2,1,1
2777808,26,2,1,1
138320,26,2,1,1
4405160,26,2,1,1
1001760,26,2,2,0
248024,26,2,1,1
83336,26,2,1,1
250456,26,2,1,1
562480,26,2,0,2
5813216,26,2,1,1
2695304,26,2,1,1
1555264,26,2,1,1
2522464,26,2,0,2
6026376,26,2,2,0
1365248,26,2,2,0
840704,26,2,1,1
283400,26,2,1,1
461376,26,2,0,2
617136,26,2,2,0
81728,26,2,0,2
1095152,26,2,1,1
73232,26,2,1,1
242856,26,2,0,2
187128,26,2,1,1
1049048,26,2,1,1
323448,26,2,0,2
833488,26,2,1,1
635096,26,2,1,1
3921328,26,2,2,0
177304,26,2,2,0
6199960,26,2,1,1
238304,26,2,1,1
2112416,26,2,1,1
234464,26,2,1,1
322608,26,2,1,1
924520,26,2,2,0
1074520,26,2,0,2
5355504,26,2,1,1
733800,26,2,2,0
7537824,26,2,1,1
3470808,26,2,1,1
848888,26,2,1,1
155136,26,2,1,1
272264,26,2,1,1
193240,26,2,0,2
117864,26,2,1,1
204704,26,2,2,0
416000,26,2,1,1
219672,26,2,2,0
231416,26,2,1,1
497992,26,2,1,1
1895736,26,2,1,1
2623240,26,2,1,1
1501216,26,2,2,0
8169760,26,2,1,1
103096,26,2,1,1
229680,26,2,1,1
128704,26,2,2,0
139152,26,2,0,2
124752,26,2,1,1
3199192,26,2,1,1
1530280,26,2,1,1
275592,26,2,2,0
1292064,26,2,2,0
358904,26,2,1,1
557160,26,2,1,1
113944,26,2,2,0
2771880,26,2,0,2
519848,26,2,2,0
370240,26,2,2,0
59224,26,2,2,0
367176,26,2,0,2
1999736,26,2,0,2
293784,26,2,0,2
8256992,26,2,1,1
614936,26,2,2,0
808976,26,2,2,0
709344,26,2,1,1
337160,26,2,1,1
291336,26,2,1,1
1634568,26,2,0,2
841312,26,2,2,0
758728,26,2,2,0
358704,26,2,0,2
4785456,26,2,1,1
5543592,26,2,0,2
1855912,26,2,1,1
822992,26,2,2,0
686112,26,2,0,2
339320,26,2,1,1
3307328,26,2,0,2
142040,26,2,1,1
258120,26,2,2,0
210856,26,2,0,2
1036264,26,2,2,0
244136,26,2,1,1
253056,26,2,2,0
826472,26,2,0,2
138688,26,2,0,2
356048,26,2,0,2
1551960,26,2,1,1
1286144,26,2,0,2
638656,26,2,1,1
982664,26,2,1,1
3280288,26,2,2,0
230936,26,2,0,2
553032,26,2,2,0
986592,26,2,1,1
361696,26,2,1,1
3511008,26,2,1,1
1356664,26,2,1,1
239472,26,2,1,1
237120,26,2,2,0
149184,26,2,1,1
1212072,26,2,2,0
829440,26,2,1,1
501688,26,2,1,1
553872,26,2,1,1
839400,26,2,1,1
655408,26,2,2,0
3534496,26,2,1,1
294328,26,2,1,1
328984,26,2,0,2
615408,26,2,0,2
545264,26,2,2,0
2660832,26,2,0,2
143888,26,2,0,2
1380032,26,2,0,2
262072,26,2,1,1
160032,26,2,1,1
598568,26,2,2,0
3171456,26,2,0,2
472736,26,2,1,1
405184,26,2,1,1
6070008,26,2,2,0
6557344,26,2,2,0
636800,26,2,1,1
967496,26,2,0,2
267728,26,2,2,0
427552,26,2,1,1
1566896,26,2,2,0
707720,26,2,0,2
87512,26,2,2,0
247664,26,2,0,2
170880,26,2,1,1
810872,26,2,2,0
4458744,26,2,0,2
339928,26,2,2,0
1424320,26,2,1,1
117120,26,2,1,1
364160,26,2,0,2
178144,26,2,1,1
1373688,26,2,0,2
2572936,26,2,0,2
668384,26,2,0,2
110224,26,2,2,0
493368,26,2,2,0
221152,26,2,0,2
156048,26,2,0,2
334832,26,2,2,0
333512,26,2,0,2
3751032,26,2,2,0
930464,26,2,2,0
7870768,26,2,2,0
261992,26,2,0,2
920040,26,2,2,0
230904,26,2,1,1
102136,26,2,1,1
1173456,26,2,1,1
313368,26,2,1,1
725992,26,2,2,0
152256,26,2,1,1
1023240,26,2,2,0
2033016,26,2,2,0
852984,26,2,1,1
219616,26,2,2,0
800464,26,2,2,0
4142048,26,2,1,1
611104,26,2,1,1
473704,26,2,1,1
420744,26,2,0,2
6323136,26,2,1,1
698744,26,2,2,0
1363920,26,2,0,2
457480,26,2,1,1
820376,26,2,0,2
306336,26,2,1,1
632336,26,2,2,0
114224,26,2,0,2
1258552,26,2,2,0
176104,26,2,2,0
89632,26,2,0,2
1316688,26,2,1,1
5808152,26,2,2,0
187824,26,2,0,2
327144,26,2,0,2
683616,26,2,0,2
369552,26,2,1,1
140728,26,2,1,1
8030872,26,2,2,0
275936,26,2,1,1
609680,26,2,1,1
1110544,26,2,1,1
2627536,26,2,1,1
311384,26,2,1,1
3552032,26,2,0,2
276752,26,2,2,0
777448,26,2,0,2
1101432,26,2,2,0
143816,26,2,1,1
185288,26,2,2,0
628736,26,2,2,0
1291568,26,2,0,2
713640,26,2,2,0
363392,26,2,2,0
1100816,26,2,1,1
812136,26,2,1,1
1541792,26,2,2,0
841576,26,2,1,1
142824,26,2,1,1
1139904,26,2,1,1
574560,26,2,1,1
265592,26,2,1,1
4178592,26,2,1,1
680832,26,2,1,1
434464,26,2,1,1
894192,26,2,1,1
235952,26,2,1,1
3740856,26,2,1,1
210600,26,2,1,1
697984,26,2,0,2
865760,26,2,2,0
231768,26,2,1,1
132368,26,2,2,0
214088,26,2,2,0
1356696,26,2,1,1
411840,26,2,0,2
1409856,26,2,1,1
217360,26,2,2,0
693464,26,2,1,1
189904,26,2,1,1
2214144,26,2,1,1
6293608,26,2,2,0
3450960,26,2,2,0
394928,26,2,2,0
1123288,26,2,0,2
2669392,26,2,1,1
1007040,26,2,0,2
224872,26,2,2,0
204536,26,2,2,0
1027232,26,2,1,1
451208,26,2,0,2
132504,26,2,0,2
2854664,26,2,0,2
1757520,26,2,2,0
179928,26,2,1,1
492064,26,2,1,1
829496,26,2,2,0
236936,26,2,2,0
820048,26,2,1,1
174720,26,2,0,2
525560,26,2,0,2
377728,26,2,2,0
538264,26,2,1,1
178696,26,2,1,1
673984,26,2,1,1
104368,26,2,1,1
885128,26,2,1,1
2652488,26,2,1,1
388640,26,2,1,1
1917088,26,2,1,1
1882128,26,2,2,0
193528,26,2,0,2
618152,26,2,1,1
606624,26,2,1,1
272728,26,2,1,1
3567480,26,2,1,1
5859296,26,2,0,2
208096,26,2,2,0
1294064,26,2,1,1
305520,26,2,0,2
1201240,26,2,0,2
114144,26,2,1,1
370592,26,2,1,1
223024,26,2,1,1
379568,26,2,0,2
267624,26,2,0,2
165672,26,2,1,1
199008,26,2,0,2
1320744,26,2,0,2
284360,26,2,0,2
376912,26,2,0,2
698928,26,2,2,0
398560,26,2,2,0
144736,26,2,0,2
3325616,26,2,1,1
1080136,26,2,2,0
329464,26,2,2,0
862256,26,2,1,1
164624,26,2,1,1
1297392,26,2,1,1
281048,26,2,2,0
767504,26,2,1,1
212536,26,2,2,0
416320,26,2,0,2
95568,26,2,1,1
199264,26,2,1,1
342936,26,2,0,2
781512,26,2,1,1
7980232,26,2,2,0
1786232,26,2,1,1
550208,26,2,0,2
115552,26,2,1,1
78632,26,2,1,1
510040,26,2,0,2
376280,26,2,2,0
2338792,26,2,2,0
195016,26,2,1,1
681184,26,2,1,1
768392,26,2,0,2
2785248,26,2,1,1
1205696,26,2,2,0
3533824,26,2,2,0
645432,26,2,0,2
165600,26,2,1,1
126352,26,2,1,1
344768,26,2,1,1
311288,26,2,1,1
1050432,26,2,1,1
1264456,26,2,1,1
3539584,26,2,2,0
6832856,26,2,1,1
564640,26,2,0,2
1402040,26,2,1,1
50664,26,2,1,1
742880,26,2,1,1
3903880,26,2,2,0
198432,26,2,0,2
407072,26,2,1,1
1189272,26,2,0,2
162944,26,2,1,1
153224,26,2,1,1
412592,26,2,1,1
766472,26,2,1,1
1175992,26,2,1,1
228144,26,2,0,2
193808,26,2,2,0
641000,26,2,0,2
437976,26,2,1,1
2446920,26,2,2,0
267400,26,2,0,2
730048,26,2,1,1
205952,26,2,2,0
627416,26,2,1,1
2109888,26,2,1,1
1062912,26,2,1,1
4175624,26,2,0,2
473624,26,2,0,2
2993504,26,2,1,1
1601944,26,2,0,2
540432,26,2,1,1
4890952,26,2,1,1
248424,26,2,1,1
6256656,26,2,1,1
2919672,26,2,2,0
3289552,26,2,1,1
281832,26,2,2,0
272640,26,2,0,2
484944,26,2,0,2
668160,26,2,0,2
372960,26,2,1,1
320072,26,2,2,0
852720,26,2,1,1
1087112,26,2,0,2
1377408,26,2,2,0
95816,26,2,2,0
491824,26,2,1,1
3645048,26,2,1,1
575888,26,2,1,1
323664,26,2,0,2
744264,26,2,0,2
2189800,26,2,2,0
373112,26,2,1,1
4365480,26,2,0,2
128864,26,2,1,1
1675440,26,2,1,1
470344,26,2,0,2
7931984,26,2,1,1
1581424,26,2,0,2
609968,26,2,1,1
621568,26,2,1,1
422296,26,2,0,2
1648480,26,2,1,1
338008,26,2,1,1
733360,26,2,0,2
181376,26,2,2,0
4520800,26,2,2,0
436600,26,2,1,1
223056,26,2,0,2
132432,26,2,1,1
8260312,26,2,0,2
153888,26,2,2,0
106040,26,2,2,0
164376,26,2,2,0
568680,26,2,0,2
2255704,26,2,1,1
4068232,26,2,0,2
243216,26,2,0,2
6892376,26,2,0,2
327776,26,2,1,1
1264232,26,2,2,0
5956184,26,2,1,1
189064,26,2,0,2
650064,26,2,1,1
755464,26,2,0,2
133616,26,2,2,0
477424,26,2,0,2
6434904,26,2,1,1
133920,26,2,0,2
353560,26,2,1,1
1133768,26,2,1,1
249888,26,2,2,0
2807800,26,2,1,1
108088,26,2,1,1
4197392,26,2,1,1
341392,26,2,0,2
457608,26,2,1,1
1240176,26,2,1,1
152560,26,2,2,0
135880,26,2,1,1
623512,26,2,1,1
1050744,26,2,2,0
120704,26,2,2,0
1184280,26,2,0,2
592808,26,2,1,1
462832,26,2,1,1
1350872,26,2,1,1
1089200,26,2,1,1
442816,26,2,0,2
1353512,26,2,1,1
1352024,26,2,2,0
275672,26,2,0,2
455672,26,2,1,1
192048,26,2,1,1
131480,26,2,1,1
2034576,26,2,2,0
1590656,26,2,0,2
2017104,26,2,1,1
1233096,26,2,1,1
801704,26,2,1,1
178384,26,2,0,2
153424,26,2,1,1
462384,26,2,2,0
2197720,26,2,1,1
2867552,26,2,1,1
2627368,26,2,0,2
1034824,26,2,1,1
1712088,26,2,0,2
1736320,26,2,2,0
193648,26,2,1,1
421016,26,2,0,2
377056,26,2,1,1
308160,26,2,2,0
152520,26,2,1,1
204664,26,2,0,2
170632,26,2,2,0
188800,26,2,1,1
191056,26,2,2,0
2461224,26,2,2,0
888256,26,2,1,1
3757472,26,2,0,2
496768,26,2,2,0
581704,26,2,0,2
3878832,26,2,1,1
462288,26,2,1,1
7750848,26,2,1,1
282968,26,2,0,2
3147608,26,2,0,2
254088,26,2,1,1
269168,26,2,1,1
575128,26,2,2,0
4952464,26,2,1,1
1054560,26,2,2,0
7480496,26,2,1,1
224016,26,2,0,2
93224,26,2,0,2
192336,26,2,0,2
1294856,26,2,0,2
228824,26,2,0,2
3381912,26,2,1,1
827360,26,2,1,1
155584,26,2,1,1
809832,26,2,0,2
1510536,26,2,1,1
906392,26,2,0,2
3612992,26,2,0,2
5389496,26,2,1,1
183696,26,2,2,0
305128,26,2,2,0
1370704,26,2,2,0
180568,26,2,0,2
939440,26,2,2,0
376760,26,2,2,0
821288,26,2,2,0
3162336,26,2,0,2
4098520,26,2,2,0
250928,26,2,1,1
900864,26,2,1,1
1015240,26,2,0,2
891984,26,2,1,1
1648008,26,2,1,1
251856,26,2,1,1
134272,26,2,1,1
423248,26,2,1,1
618408,26,2,1,1
7119216,26,2,1,1
544680,26,2,1,1
619112,26,2,1,1
267592,26,2,0,2
269704,26,2,0,2
355272,26,2,2,0
121368,26,2,1,1
2218864,26,2,0,2
4880440,26,2,2,0
251128,26,2,1,1
2600360,26,2,1,1
87080,26,2,2,0
1874032,26,2,1,1
2791912,26,2,1,1
6544704,26,2,0,2
687312,26,2,1,1
696560,26,2,2,0
134840,26,2,0,2
2899736,26,2,2,0
88896,26,2,0,2
550232,26,2,0,2
566600,26,2,1,1
672400,26,2,2,0
2807032,26,2,2,0
46912,26,2,1,1
2018088,26,2,2,0
307256,26,2,1,1
170216,26,2,1,1
1086536,26,2,1,1
787808,26,2,2,0
7551240,26,2,1,1
711520,26,2,1,1
1256232,26,2,2,0
701520,26,2,1,1
1097680,26,2,1,1
2580888,26,2,1,1
234056,26,2,1,1
1877072,26,2,1,1
137880,26,2,1,1
1272776,26,2,0,2
537216,26,2,0,2
892304,26,2,1,1
1734768,26,2,1,1
324880,26,2,2,0
1449224,26,2,1,1
2071888,26,2,2,0
1854760,26,2,2,0
411904,26,2,0,2
386496,26,2,1,1
537848,26,2,2,0
361104,26,2,1,1
1411264,26,2,0,2
4904168,26,2,1,1
1244048,26,2,1,1
161104,26,2,2,0
386472,26,2,0,2
258456,26,2,0,2
158776,26,2,2,0
206584,26,2,2,0
877992,26,2,0,2
95880,26,2,1,1
510136,26,2,1,1
166128,26,2,0,2
958192,26,2,1,1
105672,26,2,2,0
158664,26,2,1,1
223112,26,2,1,1
178656,26,2,2,0
208696,26,2,0,2
3234768,26,2,1,1
212216,26,2,1,1
738744,26,2,0,2
697952,26,2,1,1
145080,26,2,1,1
165552,26,2,2,0
334976,26,2,2,0
492120,26,2,2,0
1964504,26,2,1,1
7393312,26,2,2,0
528768,26,2,2,0
740504,26,2,1,1
282048,26,2,1,1
2048304,26,2,0,2
6599880,26,2,1,1
1710384,26,2,1,1
658152,26,2,2,0
1063112,26,2,1,1
1456784,26,2,1,1
445504,26,2,1,1
2295216,26,2,2,0
150400,26,2,1,1
925880,26,2,2,0
2671856,26,2,1,1
402472,26,2,2,0
4827808,26,2,1,1
400952,26,2,1,1
1858400,26,2,0,2
580624,26,2,1,1
506504,26,2,0,2
501672,26,2,1,1
481520,26,2,1,1
1311872,26,2,1,1
512064,26,2,1,1
685504,26,2,1,1
531344,26,2,0,2
217184,26,2,0,2
128400,26,2,0,2
713416,26,2,1,1
710168,26,2,1,1
184264,26,2,2,0
634544,26,2,1,1
3713784,26,2,2,0
1453032,26,2,0,2
335944,26,2,2,0
339304,26,2,2,0
330008,26,2,2,0
197968,26,2,1,1
1422616,26,2,1,1
730736,26,2,0,2
86096,26,2,1,1
2052192,26,2,0,2
224096,26,2,1,1
124688,26,2,1,1
280296,26,2,2,0
1345896,26,2,1,1
54152,26,2,0,2
1033168,26,2,1,1
1732752,26,2,2,0
162224,26,2,0,2
734176,26,2,1,1
1640240,26,2,1,1
1351856,26,2,1,1
385056,26,2,0,2
273168,26,2,1,1
460480,26,2,1,1
352576,26,2,2,0
6379608,26,2,2,0
4616744,26,2,1,1
406456,26,2,0,2
1528064,26,2,0,2
1193576,26,2,0,2
1056944,26,2,1,1
1880312,26,2,1,1
595072,26,2,0,2
345064,26,2,1,1
146864,26,2,0,2
596024,26,2,0,2
882784,26,2,1,1
437368,26,2,2,0
267832,26,2,2,0
1086304,26,2,1,1
405336,26,2,2,0
2210744,26,2,1,1
782840,26,2,1,1
664944,26,2,1,1
2263856,26,2,2,0
178832,26,2,0,2
818744,26,2,0,2
949008,26,2,1,1
8082824,26,2,2,0
5891496,26,2,1,1
158736,26,2,2,0
237096,26,2,1,1
168064,26,2,1,1
111160,26,2,1,1
279632,26,2,2,0
101768,26,2,2,0
841344,26,2,0,2
299600,26,2,1,1
584808,26,2,1,1
713816,26,2,0,2
240992,26,2,2,0
8281000,26,2,1,1
613560,26,2,0,2
4598136,26,2,1,1
288656,26,2,1,1
392960,26,2,0,2
207552,26,2,1,1
688784,26,2,1,1
759240,26,2,2,0
445280,26,2,1,1
929784,26,2,2,0
714264,26,2,2,0
1297784,26,2,1,1
5232432,26,2,0,2
813680,26,2,1,1
468768,26,2,1,1
317728,26,2,0,2
1979880,26,2,1,1
335064,26,2,1,1
923064,26,2,0,2
108104,26,2,1,1
1260352,26,2,1,1
278136,26,2,1,1
240600,26,2,1,1
304976,26,2,0,2
284096,26,2,2,0
952712,26,2,1,1
335312,26,2,1,1
586136,26,2,1,1
243032,26,2,0,2
572128,26,2,0,2
342800,26,2,2,0
1059600,26,2,2,0
1451624,26,2,0,2
3030568,26,2,0,2
444880,26,2,2,0
443560,26,2,1,1
448400,26,2,2,0
1179600,26,2,2,0
3590360,26,2,2,0
108472,26,2,0,2
639448,26,2,2,0
444856,26,2,0,2
578192,26,2,0,2
1513456,26,2,2,0
104240,26,2,1,1
1091904,26,2,1,1
2034312,26,2,0,2
119904,26,2,1,1
338408,26,2,2,0
374584,26,2,2,0
3505656,26,2,0,2
231392,26,2,2,0
1441520,26,2,1,1
2201216,26,2,2,0
127128,26,2,1,1
260656,26,2,0,2
332768,26,2,2,0
717120,26,2,1,1
270936,26,2,0,2
7884896,26,2,0,2
777544,26,2,1,1
7163816,26,2,2,0
35656,26,2,1,1
259296,26,2,1,1
2150600,26,2,2,0
130840,26,2,2,0
446512,26,2,1,1
5710400,26,2,2,0
1702624,26,2,1,1
89824,26,2,2,0
2785256,26,2,1,1
1735816,26,2,2,0
216480,26,2,0,2
689104,26,2,1,1
5264104,26,2,2,0
341560,26,2,1,1
593576,26,2,1,1
270528,26,2,1,1
356536,26,2,0,2
496704,26,2,1,1
368832,26,2,1,1
147384,26,2,0,2
391464,26,2,0,2
265224,26,2,2,0
1294544,26,2,0,2
175712,26,2,0,2
946120,26,2,0,2
1999224,26,2,1,1
115464,26,2,2,0
289592,26,2,2,0
484448,26,2,1,1
586120,26,2,0,2
79784,26,2,1,1
638560,26,2,1,1
214432,26,2,0,2
368120,26,2,1,1
1432384,26,2,2,0
1945368,26,2,1,1
1016664,26,2,2,0
454656,26,2,1,1
6181992,26,2,2,0
194744,26,2,1,1
1345448,26,2,1,1
382264,26,2,1,1
4640128,26,2,1,1
3495040,26,2,1,1
195048,26,2,1,1
2078200,26,2,1,1
181944,26,2,1,1
165728,26,2,2,0
132400,26,2,1,1
326624,26,2,0,2
1025760,26,2,1,1
792232,26,2,1,1
1434152,26,2,2,0
342568,26,2,1,1
272608,26,2,2,0
1609448,26,2,1,1
586728,26,2,1,1
624048,26,2,0,2
799592,26,2,1,1
622144,26,2,1,1
426552,26,2,0,2
158560,26,2,2,0
2176744,26,2,0,2
390408,26,2,1,1
92128,26,2,1,1
302904,26,2,0,2
726448,26,2,0,2
1692536,26,2,2,0
1333592,26,2,1,1
381568,26,2,0,2
379472,26,2,1,1
4678392,26,2,1,1
409304,26,2,1,1
1299016,26,2,1,1
513256,26,2,2,0
3684776,26,2,0,2
303864,26,2,1,1
2455776,26,2,1,1
605344,26,2,0,2
546800,26,2,1,1
316304,26,2,1,1
442688,26,2,2,0
176064,26,2,0,2
369872,26,2,0,2
1291744,26,2,1,1
679608,26,2,2,0
628064,26,2,2,0
733040,26,2,2,0
438304,26,2,1,1
5814624,26,2,2,0
1118040,26,2,1,1
60904,26,2,2,0
357552,26,2,1,1
2498856,26,2,0,2
63216,26,2,2,0
1533280,26,2,2,0
376816,26,2,1,1
538560,26,2,1,1
286456,26,2,2,0
520480,26,2,2,0
163632,26,2,2,0
2022592,26,2,0,2
1344792,26,2,0,2
3499368,26,2,1,1
468912,26,2,1,1
2139176,26,2,1,1
125832,26,2,1,1
704096,26,2,1,1
114704,26,2,1,1
674080,26,2,2,0
7079832,26,2,2,0
99600,26,2,2,0
374568,26,2,2,0
425472,26,2,1,1
7668000,26,2,1,1
411880,26,2,2,0
393080,26,2,2,0
1817224,26,2,1,1
232192,26,2,2,0
1944032,26,2,0,2
283280,26,2,0,2
562032,26,2,1,1
273040,26,2,1,1
643384,26,2,1,1
215192,26,2,1,1
606648,26,2,1,1
2102744,26,2,2,0
449328,26,2,1,1
445680,26,2,1,1
545408,26,2,1,1
385600,26,2,1,1
153496,26,2,2,0
1734800,26,2,1,1
234416,26,2,1,1
967776,26,2,2,0
1118664,26,2,1,1
892584,26,2,0,2
1685496,26,2,1,1
174392,26,2,2,0
4162352,26,2,0,2
1107200,26,2,2,0
622368,26,2,0,2
949216,26,2,1,1
821912,26,2,1,1
1090704,26,2,1,1
492920,26,2,1,1
138912,26,2,1,1
349840,26,2,1,1
3230232,26,2,1,1
1359560,26,2,1,1
3811856,26,2,1,1
1253672,26,2,1,1
99816,26,2,0,2
217400,26,2,0,2
7667416,26,2,0,2
605560,26,2,1,1
669376,26,2,1,1
6740952,26,2,0,2
427744,26,2,0,2
645176,26,2,0,2
530480,26,2,0,2
990744,26,2,1,1
785080,26,2,2,0
215808,26,2,0,2
227664,26,2,1,1
464128,26,2,0,2
605472,26,2,1,1
484880,26,2,1,1
248600,26,2,1,1
595128,26,2,1,1
1421936,26,2,1,1
3913416,26,2,2,0
155336,26,2,2,0
155704,26,2,1,1
157600,26,2,2,0
6424008,26,2,1,1
729912,26,2,1,1
5647880,26,2,2,0
763440,26,2,1,1
1633288,26,2,2,0
5342888,26,2,1,1
512864,26,2,1,1
2232752,26,2,1,1
406952,26,2,2,0
297576,26,2,2,0
577704,26,2,0,2
179792,26,2,0,2
4440568,26,2,2,0
119408,26,2,1,1
1697208,26,2,0,2
280224,26,2,1,1
119568,26,2,1,1
667296,26,2,1,1
862376,26,2,0,2
223808,26,2,2,0
125288,26,2,1,1
80440,26,2,1,1
232584,26,2,0,2
109288,26,2,0,2
1272216,26,2,1,1
77936,26,2,2,0
350776,26,2,2,0
1491232,26,2,2,0
476920,26,2,0,2
1868120,26,2,2,0
1179648,26,2,1,1
1291896,26,2,0,2
808664,26,2,1,1
317936,26,2,1,1
335864,26,2,1,1
729200,26,2,1,1
435928,26,2,1,1
489064,26,2,1,1
168128,26,2,1,1
1179552,26,2,0,2
1042384,26,2,1,1
302648,26,2,1,1
559184,26,2,2,0
560760,26,2,0,2
463208,26,2,1,1
322176,26,2,0,2
905120,26,2,2,0
175000,26,2,0,2
1629592,26,2,2,0
618944,26,2,2,0
246104,26,2,1,1
179256,26,2,1,1
95864,26,2,2,0
127512,26,2,2,0
965368,26,2,0,2
111936,26,2,0,2
7399536,26,2,0,2
2751768,26,2,1,1
334360,26,2,0,2
474928,26,2,0,2
85512,26,2,1,1
154488,26,2,1,1
263232,26,2,0,2
4620528,26,2,0,2
882872,26,2,2,0
2088696,26,2,1,1
1236624,26,2,2,0
430232,26,2,1,1
213968,26,2,2,0
626816,26,2,1,1
126560,26,2,1,1
2408640,26,2,2,0
6866384,26,2,1,1
369888,26,2,0,2
950224,26,2,0,2
510624,26,2,0,2
276504,26,2,1,1
7449840,26,2,0,2
883256,26,2,1,1
3920480,26,2,2,0
318064,26,2,2,0
421672,26,2,1,1
1408496,26,2,0,2
160640,26,2,1,1
526640,26,2,0,2
312136,26,2,1,1
309176,26,2,1,1
452112,26,2,1,1
195512,26,2,0,2
1219768,26,2,1,1
299648,26,2,2,0
807712,26,2,0,2
211256,26,2,1,1
2718536,26,2,1,1
321632,26,2,0,2
5784656,26,2,2,0
147576,26,2,1,1
182968,26,2,0,2
577784,26,2,0,2
230928,26,2,2,0
224832,26,2,0,2
356080,26,2,1,1
862712,26,2,0,2
123736,26,2,2,0
230992,26,2,1,1
334144,26,2,2,0
409808,26,2,0,2
4390792,26,2,0,2
492280,26,2,0,2
2149864,26,2,2,0
6989680,26,2,1,1
347048,26,2,2,0
1383464,26,2,2,0
236456,26,2,1,1
679312,26,2,2,0
240952,26,2,1,1
233120,26,2,1,1
964656,26,2,0,2
504664,26,2,2,0
586528,26,2,0,2
76336,26,2,1,1
1458912,26,2,1,1
1380016,26,2,0,2
212416,26,2,1,1
176680,26,2,1,1
211992,26,2,2,0
756568,26,2,2,0
2501880,26,2,2,0
163256,26,2,1,1
155696,26,2,1,1
1448864,26,2,1,1
203168,26,2,1,1
246680,26,2,1,1
116192,26,2,0,2
798960,26,2,1,1
78464,26,2,0,2
3620208,26,2,0,2
558440,26,2,2,0
772440,26,2,0,2
2148184,26,2,1,1
342304,26,2,1,1
864248,26,2,1,1
576632,26,2,0,2
164176,26,2,1,1
698608,26,2,1,1
225376,26,2,2,0
5125432,26,2,2,0
144520,26,2,1,1
556032,26,2,2,0
683512,26,2,1,1
144432,26,2,2,0
271872,26,2,1,1
344112,26,2,2,0
1186304,26,2,1,1
879440,26,2,1,1
327424,26,2,1,1
499680,26,2,1,1
219504,26,2,1,1
266264,26,2,1,1
1079056,26,2,0,2
96912,26,2,0,2
405536,26,2,2,0
504400,26,2,1,1
2369424,26,2,1,1
8266160,26,2,1,1
386416,26,2,1,1
442360,26,2,0,2
289680,26,2,1,1
754248,26,2,1,1
734184,26,2,0,2
963096,26,2,2,0
525848,26,2,1,1
6567832,26,2,1,1
155088,26,2,0,2
132136,26,2,2,0
1098336,26,2,0,2
183184,26,2,1,1
182976,26,2,2,0
472496,26,2,2,0
1117176,26,2,1,1
322160,26,2,2,0
3235648,26,2,0,2
122488,26,2,1,1
4741216,26,2,1,1
397440,26,2,0,2
257896,26,2,1,1
2403696,26,2,1,1
2802224,26,2,1,1
581672,26,2,2,0
329512,26,2,1,1
128296,26,2,1,1
1755632,26,2,0,2
2145320,26,2,1,1
900928,26,2,0,2
4906184,26,2,0,2
604984,26,2,2,0
416208,26,2,0,2
457720,26,2,1,1
614344,26,2,1,1
1814120,26,2,1,1
91352,26,2,1,1
1212544,26,2,0,2
439304,26,2,2,0
2432672,26,2,2,0
359120,26,2,1,1
1220904,26,2,1,1
726208,26,2,1,1
222784,26,2,2,0
579160,26,2,2,0
2911024,26,2,0,2
794512,26,2,2,0
4115592,26,2,1,1
3492712,26,2,0,2
3385136,26,2,2,0
640680,26,2,0,2
654576,26,2,1,1
1137456,26,2,1,1
1132208,26,2,1,1
181752,26,2,0,2
404936,26,2,1,1
438320,26,2,1,1
627440,26,2,1,1
390320,26,2,1,1
2832192,26,2,0,2
533048,26,2,1,1
427992,26,2,1,1
822368,26,2,2,0
448264,26,2,1,1
275784,26,2,1,1
2888120,26,2,2,0
775648,26,2,0,2
584008,26,2,0,2
4313104,26,2,0,2
607408,26,2,1,1
217560,26,2,2,0
194016,26,2,2,0
2206752,26,2,0,2
794320,26,2,1,1
6594720,26,2,1,1
2736640,26,2,1,1
4638560,26,2,1,1
146632,26,2,0,2
891992,26,2,0,2
1818912,26,2,1,1
401384,26,2,2,0
635000,26,2,1,1
170128,26,2,2,0
307472,26,2,1,1
3390536,26,2,0,2
598776,26,2,2,0
337328,26,2,2,0
2995792,26,2,0,2
376632,26,2,1,1
172424,26,2,0,2
193216,26,2,0,2
171360,26,2,0,2
141184,26,2,0,2
576152,26,2,0,2
2516824,26,2,1,1
1334488,26,2,0,2
1667496,26,2,2,0
1318392,26,2,1,1
739576,26,2,0,2
351904,26,2,2,0
1224248,26,2,2,0
1205736,26,2,2,0
68088,26,2,1,1
651680,26,2,2,0
873280,26,2,1,1
1478568,26,2,2,0
205280,26,2,1,1
246352,26,2,1,1
3653840,26,2,2,0
448256,26,2,0,2
364008,26,2,2,0
344880,26,2,2,0
1002984,26,2,0,2
760104,26,2,1,1
401088,26,2,1,1
2179872,26,2,2,0
251744,26,2,1,1
3098304,26,2,1,1
188512,26,2,2,0
884280,26,2,2,0
1557416,26,2,2,0
954856,26,2,2,0
650504,26,2,1,1
1734096,26,2,0,2
418976,26,2,2,0
1165880,26,2,1,1
335480,26,2,1,1
572744,26,2,0,2
498496,26,2,1,1
1310376,26,2,0,2
306040,26,2,0,2
57768,26,2,1,1
1802544,26,2,1,1
404184,26,2,0,2
374856,26,2,2,0
208456,26,2,1,1
159904,26,2,2,0
3405400,26,2,0,2
3273320,26,2,0,2
401936,26,2,2,0
2294560,26,2,0,2
82656,26,2,2,0
140064,26,2,1,1
138368,26,2,1,1
995232,26,2,0,2
266048,26,2,2,0
1381984,26,2,0,2
471200,26,2,2,0
115856,26,2,1,1
1175408,26,2,1,1
96464,26,2,2,0
1267160,26,2,1,1
858064,26,2,0,2
611888,26,2,1,1
601792,26,2,1,1
6889384,26,2,2,0
1824520,26,2,1,1
610944,26,2,1,1
181984,26,2,2,0
1719048,26,2,1,1
1244360,26,2,2,0
988720,26,2,1,1
483840,26,2,0,2
4795480,26,2,2,0
2812496,26,2,1,1
309344,26,2,2,0
120056,26,2,0,2
1661392,26,2,0,2
248688,26,2,1,1
198256,26,2,1,1
1257784,26,2,1,1
323368,26,2,2,0
217504,26,2,0,2
2647656,26,2,1,1
733736,26,2,1,1
716552,26,2,1,1
4972208,26,2,1,1
71816,26,2,1,1
327408,26,2,0,2
2433760,26,2,1,1
709960,26,2,2,0
920200,26,2,2,0
1573096,26,2,1,1
437104,26,2,0,2
601336,26,2,1,1
409504,26,2,1,1
1737960,26,2,2,0
1015528,26,2,1,1
574360,26,2,1,1
1144264,26,2,2,0
805360,26,2,1,1
918520,26,2,0,2
292016,26,2,2,0
170080,26,2,1,1
661352,26,2,0,2
331968,26,2,1,1
483576,26,2,1,1
1351008,26,2,1,1
363920,26,2,1,1
327816,26,2,1,1
945344,26,2,1,1
384120,26,2,0,2
117080,26,2,1,1
356224,26,2,0,2
1305592,26,2,1,1
550728,26,2,1,1
1647200,26,2,0,2
1559136,26,2,1,1
185312,26,2,0,2
238328,26,2,1,1
138016,26,2,0,2
134968,26,2,1,1
418160,26,2,1,1
1992568,26,2,1,1
64104,26,2,1,1
1915224,26,2,0,2
268664,26,2,1,1
995560,26,2,1,1
305344,26,2,0,2
2712568,26,2,2,0
481008,26,2,0,2
259376,26,2,1,1
564264,26,2,1,1
134664,26,2,2,0
466624,26,2,0,2
367704,26,2,0,2
355008,26,2,1,1
319648,26,2,0,2
596440,26,2,2,0
673592,26,2,2,0
695520,26,2,0,2
125272,26,2,0,2
710008,26,2,2,0
301336,26,2,1,1
355016,26,2,1,1
2328368,26,2,1,1
5325416,26,2,1,1
1725888,26,2,0,2
1654656,26,2,0,2
1208984,26,2,1,1
1442696,26,2,1,1
589256,26,2,0,2
2948456,26,2,1,1
624192,26,2,2,0
3016152,26,2,2,0
614808,26,2,1,1
363056,26,2,2,0
1660176,26,2,1,1
295992,26,2,1,1
1016240,26,2,1,1
4885888,26,2,2,0
895008,26,2,1,1
916736,26,2,2,0
247544,26,2,1,1
447616,26,2,0,2
100688,26,2,1,1
494416,26,2,1,1
2064632,26,2,1,1
190208,26,2,1,1
472104,26,2,1,1
291176,26,2,0,2
1795232,26,2,0,2
1039728,26,2,0,2
659616,26,2,2,0
672176,26,2,1,1
706096,26,2,0,2
7744064,26,2,2,0
1248768,26,2,0,2
5058240,26,2,1,1
921408,26,2,0,2
305784,26,2,1,1
273432,26,2,1,1
1932328,26,2,1,1
2979536,26,2,1,1
349688,26,2,1,1
167792,26,2,2,0
350056,26,2,2,0
253464,26,2,0,2
1080672,26,2,1,1
225440,26,2,1,1
2446528,26,2,2,0
277824,26,2,1,1
226520,26,2,2,0
4062032,26,2,1,1
265488,26,2,0,2
902696,26,2,1,1
200488,26,2,2,0
142872,26,2,0,2
572312,26,2,1,1
4403176,26,2,1,1
248088,26,2,1,1
533984,26,2,1,1
859672,26,2,1,1
703888,26,2,1,1
736736,26,2,1,1
7628080,26,2,1,1
188592,26,2,1,1
326888,26,2,1,1
542848,26,2,2,0
887712,26,2,1,1
540192,26,2,2,0
930696,26,2,1,1
274960,26,2,2,0
948608,26,2,1,1
286360,26,2,1,1
2100248,26,2,0,2
123984,26,2,2,0
3997672,26,2,0,2
479720,26,2,1,1
684912,26,2,1,1
507248,26,2,1,1
475504,26,2,1,1
353528,26,2,0,2
3412072,26,2,1,1
6172304,26,2,0,2
1757624,26,2,1,1
332816,26,2,0,2
2927040,26,2,2,0
1316184,26,2,1,1
335416,26,2,1,1
1150896,26,2,0,2
5435440,26,2,0,2
102248,26,2,0,2
5946368,26,2,1,1
157608,26,2,0,2
688400,26,2,1,1
852120,26,2,2,0
200936,26,2,2,0
2197544,26,2,1,1
427464,26,2,1,1
1333360,26,2,2,0
562424,26,2,1,1
390632,26,2,1,1
444816,26,2,0,2
3928328,26,2,2,0
4533312,26,2,2,0
4990968,26,2,1,1
154272,26,2,0,2
969408,26,2,1,1
1773048,26,2,0,2
1161168,26,2,0,2
220288,26,2,2,0
1477688,26,2,1,1
344960,26,2,2,0
1852464,26,2,1,1
737208,26,2,2,0
259352,26,2,0,2
553312,26,2,2,0
342768,26,2,0,2
566336,26,2,1,1
520608,26,2,0,2
774888,26,2,1,1
627712,26,2,1,1
369864,26,2,2,0
141800,26,2,1,1
7129072,26,2,1,1
405664,26,2,1,1
217224,26,2,2,0
1568392,26,2,2,0
3401928,26,2,1,1
5099432,26,2,0,2
477144,26,2,1,1
491488,26,2,2,0
355816,26,2,0,2
2608360,26,2,1,1
186184,26,2,1,1
763912,26,2,1,1
272776,26,2,1,1
733792,26,2,1,1
777368,26,2,1,1
3131088,26,2,2,0
428832,26,2,2,0
746184,26,2,1,1
137728,26,2,0,2
162808,26,2,2,0
534000,26,2,1,1
312072,26,2,2,0
6338680,26,2,0,2
236304,26,2,2,0
666240,26,2,1,1
1843808,26,2,0,2
5200864,26,2,0,2
2137656,26,2,0,2
210504,26,2,2,0
1930408,26,2,2,0
4712928,26,2,1,1
797984,26,2,1,1
471424,26,2,2,0
560952,26,2,2,0
520584,26,2,2,0
125056,26,2,0,2
1225032,26,2,2,0
4631792,26,2,2,0
2968176,26,2,1,1
839432,26,2,2,0
8035056,26,2,0,2
6016232,26,2,1,1
1229456,26,2,2,0
240256,26,2,0,2
861232,26,2,1,1
210616,26,2,1,1
1150880,26,2,2,0
192976,26,2,1,1
2081832,26,2,2,0
1664320,26,2,1,1
3269200,26,2,2,0
330216,26,2,1,1
274352,26,2,0,2
473696,26,2,2,0
703744,26,2,2,0
204768,26,2,0,2
7757096,26,2,1,1
7169160,26,2,1,1
5111632,26,2,1,1
4716896,26,2,1,1
8142208,26,2,1,1
1881232,26,2,1,1
717784,26,2,1,1
142864,26,2,1,1
530768,26,2,1,1
2825896,26,2,0,2
2929752,26,2,1,1
230504,26,2,2,0
593712,26,2,2,0
5422312,26,2,1,1
118088,26,2,1,1
1534848,26,2,0,2
135776,26,2,0,2
1636472,26,2,1,1
2659232,26,2,0,2
122840,26,2,0,2
179080,26,2,1,1
322720,26,2,0,2
468456,26,2,0,2
325928,26,2,0,2
160432,26,2,2,0
1168320,26,2,2,0
671040,26,2,1,1
607056,26,2,2,0
423352,26,2,1,1
109952,26,2,1,1
833704,26,2,0,2
1869744,26,2,1,1
219960,26,2,0,2
970040,26,2,2,0
218576,26,2,1,1
2365168,26,2,1,1
1035672,26,2,1,1
534360,26,2,1,1
613928,26,2,1,1
960312,26,2,2,0
1128368,26,2,1,1
257216,26,2,1,1
394888,26,2,2,0
3068232,26,2,1,1
115936,26,2,1,1
308584,26,2,1,1
358152,26,2,1,1
1988384,26,2,2,0
992832,26,2,2,0
1150616,26,2,1,1
1223968,26,2,2,0
752224,26,2,1,1
895256,26,2,1,1
157136,26,2,1,1
403656,26,2,0,2
3290792,26,2,2,0
1451648,26,2,2,0
248528,26,2,2,0
204192,26,2,0,2
1878392,26,2,1,1
1157808,26,2,0,2
88208,26,2,0,2
1310496,26,2,1,1
397912,26,2,1,1
1028312,26,2,1,1
1328296,26,2,1,1
680368,26,2,1,1
2768768,26,2,0,2
235688,26,2,1,1
1936408,26,2,0,2
3482672,26,2,1,1
1432816,26,2,2,0
3009824,26,2,1,1
5003432,26,2,2,0
439896,26,2,0,2
2483336,26,2,1,1
5914184,26,2,0,2
839184,26,2,2,0
444072,26,2,1,1
201176,26,2,1,1
123768,26,2,1,1
802768,26,2,0,2
730184,26,2,2,0
5940952,26,2,1,1
310576,26,2,1,1
1098224,26,2,1,1
631480,26,2,1,1
317584,26,2,0,2
5597976,26,2,0,2
1827312,26,2,1,1
140384,26,2,1,1
307248,26,2,1,1
3756240,26,2,0,2
1146272,26,2,1,1
173816,26,2,2,0
798400,26,2,1,1
476216,26,2,2,0
495352,26,2,0,2
778464,26,2,1,1
224984,26,2,2,0
178288,26,2,1,1
645448,26,2,0,2
198376,26,2,1,1
1949784,26,2,1,1
187520,26,2,0,2
436136,26,2,2,0
156408,26,2,1,1
254040,26,2,0,2
1173592,26,2,0,2
539096,26,2,2,0
8003448,26,2,0,2
514656,26,2,1,1
113456,26,2,1,1
261128,26,2,1,1
1221144,26,2,2,0
977760,26,2,1,1
492840,26,2,2,0
245184,26,2,2,0
2377688,26,2,0,2
5170304,26,2,1,1
413192,26,2,1,1
1392488,26,2,1,1
3439408,26,2,1,1
198344,26,2,1,1
460536,26,2,2,0
123648,26,2,2,0
2676528,26,2,2,0
216256,26,2,1,1
5022872,26,2,1,1
201336,26,2,1,1
2927760,26,2,1,1
1532960,26,2,1,1
97920,26,2,2,0
178968,26,2,1,1
1108952,26,2,0,2
59464,26,2,0,2
3267136,26,2,0,2
3360704,26,2,2,0
531824,26,2,1,1
165736,26,2,0,2
539504,26,2,0,2
3497864,26,2,1,1
820256,26,2,1,1
1174696,26,2,0,2
1374704,26,2,1,1
258448,26,2,1,1
151208,26,2,1,1
2686112,26,2,1,1
893824,26,2,1,1
4923528,26,2,1,1
856776,26,2,2,0
112928,26,2,2,0
1310320,26,2,1,1
1487504,26,2,1,1
712632,26,2,1,1
347944,26,2,2,0
1568800,26,2,0,2
935936,26,2,2,0
1345368,26,2,1,1
248384,26,2,0,2
1452960,26,2,1,1
3488920,26,2,1,1
564688,26,2,2,0
915640,26,2,2,0
3855680,26,2,0,2
651728,26,2,0,2
346264,26,2,1,1
774560,26,2,1,1
842776,26,2,1,1
2017320,26,2,1,1
134280,26,2,1,1
94624,26,2,2,0
1656704,26,1,0,1
1476080,26,1,1,0
6235416,26,1,0,1
7457912,26,1,0,1
5576568,26,1,1,0
389472,26,1,1,0
1991056,26,1,1,0
6010496,26,1,1,0
928168,26,1,1,0
3446344,26,1,1,0
4426288,26,1,1,0
103904,26,1,1,0
718880,26,1,0,1
469176,26,1,1,0
1974320,26,1,0,1
753080,26,1,1,0
5801080,26,1,1,0
5966816,26,1,1,0
2853056,26,1,1,0
588552,26,1,0,1
3295528,26,1,0,1
216608,27,1,0,1
3422728,27,1,1,0
5853856,27,1,0,1
652008,27,1,0,1
1526688,27,1,0,1
806208,27,1,0,1
3732472,27,1,1,0
2781456,27,1,1,0
1005624,27,1,1,0
6553240,27,1,0,1
2462312,27,1,1,0
3448800,27,1,0,1
2329184,27,1,1,0
1710568,27,1,0,1
2528056,27,1,0,1
2407904,27,1,0,1
5668544,27,1,1,0
1230824,27,1,1,0
3920208,27,1,1,0
1521536,27,1,0,1
5974256,27,1,1,0
5593072,27,1,0,1
186200,27,1,0,1
1151736,27,1,1,0
1124224,27,1,0,1
2165136,27,1,0,1
1917952,27,1,0,1
7421304,27,1,1,0
4799296,27,1,1,0
4122192,27,1,1,0
3221584,27,1,0,1
2293648,27,1,1,0
4860544,27,1,0,1
3517120,27,1,0,1
858792,27,1,0,1
7982608,27,1,0,1
6181248,27,1,0,1
2323960,27,1,0,1
2754064,27,1,1,0
8167552,27,1,1,0
339248,27,1,0,1
4465144,27,1,0,1
1011000,27,1,1,0
6047016,27,1,1,0
627056,27,1,1,0
7531936,27,1,0,1
2428912,27,1,0,1
2778904,27,1,0,1
4901256,27,1,0,1
1157280,27,1,1,0
7285568,27,1,0,1
834376,27,1,0,1
1681376,27,1,0,1
2928576,27,1,0,1
369848,27,1,0,1
8015880,27,1,1,0
2239688,27,1,0,1
1876144,27,1,1,0
7668160,27,1,0,1
3642936,27,1,0,1
420576,27,1,1,0
1397832,27,1,0,1
4908152,27,1,1,0
1268472,27,1,0,1
7693848,27,1,0,1
3810928,27,1,1,0
4412048,27,1,1,0
1536696,27,1,0,1
743520,27,1,1,0
2193576,27,1,0,1
166968,27,1,0,1
1085760,27,1,0,1
1289048,27,1,1,0
1669168,27,1,1,0
777968,27,1,1,0
358608,27,1,0,1
395032,27,1,0,1
2147640,27,1,1,0
2084704,27,1,1,0
659688,27,1,1,0
1491176,27,1,0,1
1113664,27,1,0,1
611632,27,1,0,1
5890240,27,1,1,0
1713080,27,1,0,1
2643360,27,1,1,0
7906312,27,1,0,1
4575568,27,1,0,1
578504,27,1,0,1
2115184,27,1,1,0
1111880,27,1,1,0
1903136,27,1,1,0
911816,27,1,0,1
326104,27,1,0,1
559168,27,1,1,0
712536,27,1,0,1
4749336,27,1,0,1
1575912,27,1,0,1
3470904,27,1,1,0
808328,27,1,0,1
1075384,27,1,0,1
7544824,27,1,0,1
5224496,27,1,1,0
1490792,27,1,0,1
3910712,27,1,0,1
8256176,27,1,0,1
6239200,27,1,0,1
594384,27,1,1,0
3182416,27,1,1,0
1194304,27,1,1,0
2148096,27,1,1,0
1429408,27,1,0,1
6959056,27,1,1,0
154680,27,1,1,0
7172296,27,1,1,0
4804864,27,1,0,1
6667016,27,1,1,0
8311032,27,1,1,0
1454232,27,1,0,1
829240,27,1,1,0
1460856,27,1,1,0
2939248,27,1,1,0
254024,27,1,0,1
7433352,27,1,0,1
2246456,27,1,0,1
1361736,27,1,1,0
671560,27,1,0,1
855280,27,1,1,0
3210232,27,1,0,1
5426368,27,1,0,1
1431800,27,1,0,1
1580616,27,1,0,1
1401000,27,1,1,0
2475920,27,1,0,1
6340744,27,1,1,0
8004088,27,1,1,0
942880,27,1,0,1
2017360,27,1,0,1
723872,27,1,0,1
1078744,27,1,1,0
2201688,27,1,1,0
5408920,27,1,1,0
645648,27,1,1,0
2133504,27,1,0,1
1562472,27,1,0,1
4588872,27,1,0,1
1203944,27,1,0,1
524936,27,1,1,0
1582848,27,1,0,1
2996816,27,1,1,0
4966008,27,1,1,0
3714488,27,1,0,1
906768,27,1,1,0
4143776,27,1,0,1
607024,27,1,1,0
1989048,27,1,0,1
3751064,27,1,1,0
5941944,27,1,1,0
3364656,27,1,1,0
211248,27,1,0,1
1979472,27,1,0,1
8149272,27,1,1,0
441912,27,1,1,0
2346832,27,1,0,1
2311904,27,1,1,0
6959408,27,1,0,1
572640,27,1,0,1
1044576,27,1,0,1
7952736,27,1,1,0
4448480,27,1,1,0
1510800,27,1,1,0
2443896,27,1,1,0
1135200,27,1,0,1
5965064,27,1,0,1
525528,27,1,0,1
343848,27,1,1,0
1744304,27,1,0,1
3823064,27,1,0,1
3920736,27,1,0,1
465112,27,1,0,1
1016768,27,1,1,0
4595416,27,1,1,0
5081920,27,1,1,0
5972344,27,1,1,0
6469704,27,1,0,1
4615992,27,1,0,1
1086864,27,1,1,0
6962384,27,1,0,1
3283992,27,1,0,1
1144576,27,1,0,1
824032,27,1,0,1
364200,27,1,1,0
8065480,27,1,1,0
1497912,27,1,1,0
3034680,27,1,1,0
4694176,27,1,1,0
7416536,27,1,0,1
2450248,27,1,0,1
852472,27,1,0,1
1451416,27,1,0,1
668144,27,1,0,1
287648,27,1,0,1
7390672,27,1,1,0
2070816,27,1,0,1
3927864,27,1,0,1
2772688,27,1,0,1
664272,27,1,0,1
4563576,27,1,0,1
1685824,27,1,0,1
602624,27,1,0,1
5436648,27,1,0,1
368224,27,1,0,1
5525888,27,1,0,1
657656,27,1,1,0
4035096,27,1,1,0
4398224,27,1,1,0
5900616,27,1,1,0
8299640,27,1,1,0
258544,27,1,0,1
924856,27,1,0,1
1460032,27,1,1,0
6158784,27,1,0,1
3315208,27,1,1,0
3325896,27,1,1,0
6873544,27,1,0,1
544480,27,1,0,1
6024600,27,1,0,1
2258160,27,1,1,0
1204616,27,1,1,0
1025392,27,1,1,0
4438544,27,1,1,0
4078536,27,1,0,1
1849704,27,1,0,1
2168416,27,1,1,0
2234904,27,1,0,1
2798336,27,1,0,1
3710688,27,1,1,0
6261664,27,1,0,1
688120,27,1,1,0
1545000,27,1,0,1
3064224,27,1,0,1
359112,27,1,1,0
1780160,27,1,0,1
2907320,27,1,0,1
3650136,27,1,1,0
2192416,27,1,0,1
246624,27,1,1,0
658208,27,1,1,0
227320,27,1,0,1
4879264,27,1,1,0
1272912,27,1,0,1
4066832,27,1,0,1
3843528,27,1,0,1
564208,27,1,1,0
807696,27,1,1,0
1060552,27,1,1,0
2298144,27,1,1,0
8255928,27,1,1,0
4953592,27,1,0,1
276384,27,1,0,1
369416,27,1,1,0
633040,27,1,0,1
1461400,27,1,1,0
3218544,27,1,1,0
5078888,27,1,0,1
6240408,27,1,1,0
5615896,27,1,0,1
378728,27,1,1,0
5400112,27,1,0,1
8002400,27,1,1,0
1026640,27,1,1,0
5728704,27,1,1,0
7564160,27,1,1,0
1415464,27,1,1,0
5851896,27,1,1,0
3883192,27,1,1,0
512624,27,1,1,0
2245392,27,1,0,1
848480,27,1,0,1
698552,27,1,1,0
2892448,27,1,1,0
7611968,27,1,0,1
1622816,27,1,0,1
4558224,27,1,0,1
6585856,27,1,1,0
2219440,27,1,1,0
5410864,27,1,0,1
4827624,27,1,1,0
1411040,27,1,0,1
703728,27,1,1,0
7140296,27,1,1,0
1655888,27,1,0,1
3119064,27,1,1,0
1456760,27,1,1,0
3450248,27,1,0,1
7533168,27,1,1,0
5620720,27,1,0,1
4649368,27,1,0,1
6495320,27,1,1,0
329016,27,1,1,0
1253880,27,1,0,1
1016784,27,1,0,1
1510992,27,1,0,1
884232,27,1,1,0
1108552,27,1,0,1
7003384,27,1,0,1
2283080,27,1,0,1
499672,27,1,1,0
635080,27,1,1,0
226312,27,1,0,1
663528,27,1,1,0
1759264,27,1,1,0
399024,27,1,1,0
6435016,27,1,0,1
6023288,27,1,0,1
4919104,27,1,0,1
1828176,27,1,1,0
6431992,27,1,0,1
2991048,27,1,1,0
4053168,27,1,1,0
7660768,27,1,0,1
7052944,27,1,0,1
851888,27,1,1,0
2019328,27,1,1,0
2034256,27,1,0,1
4406640,27,1,1,0
3243184,27,1,0,1
7110096,27,1,0,1
922640,27,1,1,0
4652936,27,1,0,1
3873304,27,1,0,1
1520680,27,1,1,0
4371296,27,1,0,1
5435376,27,1,1,0
1598512,27,1,0,1
338992,27,1,0,1
2715112,27,1,1,0
1312856,27,1,0,1
7856904,27,1,0,1
195368,27,1,0,1
2645024,27,1,1,0
2723376,27,1,1,0
768128,27,1,1,0
2500192,27,1,1,0
7331736,27,1,0,1
997672,27,1,1,0
1001648,27,1,0,1
3290976,27,1,0,1
2137888,27,1,1,0
372496,27,1,1,0
3437760,27,1,1,0
355752,27,1,1,0
8218664,27,1,1,0
750408,27,1,0,1
598672,27,1,1,0
5395272,27,1,1,0
2084728,27,1,1,0
1577248,27,1,1,0
1763304,27,1,0,1
216024,27,1,1,0
1063168,27,1,0,1
2557416,27,1,1,0
2366072,27,1,0,1
3958288,27,1,1,0
1923104,27,1,0,1
570528,27,1,0,1
971576,27,1,0,1
403176,27,1,0,1
6094856,27,1,1,0
1247784,27,1,0,1
2354024,27,1,0,1
655944,27,1,0,1
2114536,27,1,1,0
4692776,27,1,1,0
4700712,27,1,0,1
1801560,27,1,0,1
638784,27,1,1,0
3715672,27,1,1,0
611800,27,1,1,0
1734216,27,1,0,1
5098936,27,1,0,1
6685320,27,1,1,0
1355312,27,1,1,0
1696080,27,1,1,0
631416,27,1,1,0
1337168,27,1,0,1
4893608,27,1,0,1
772704,27,1,0,1
5408424,27,1,1,0
5119976,27,1,1,0
1970872,27,1,1,0
640712,27,1,1,0
3778784,27,1,1,0
5145232,27,1,0,1
3640696,27,1,1,0
1282792,27,1,1,0
419968,27,1,0,1
2961056,27,1,0,1
3999192,27,1,0,1
3340704,27,1,1,0
246720,27,1,1,0
822664,27,1,0,1
7554888,27,1,1,0
365856,27,1,1,0
1756440,27,1,1,0
2180664,27,1,1,0
2825880,27,1,0,1
2141112,27,1,1,0
901912,27,1,1,0
926584,27,1,0,1
3546808,27,1,1,0
4738624,27,1,0,1
3297160,27,1,0,1
226544,27,1,0,1
3221576,27,1,0,1
3387552,27,1,1,0
3914912,27,1,1,0
1119432,27,1,0,1
1815296,27,1,0,1
2775880,27,1,0,1
7462608,27,1,0,1
2048648,27,1,1,0
664656,27,1,0,1
4056440,27,1,1,0
401568,27,1,1,0
4915192,27,1,0,1
2018000,27,1,0,1
4166528,27,1,1,0
405120,27,1,1,0
427608,27,1,1,0
889136,27,1,0,1
4480624,27,1,1,0
982592,27,1,0,1
2908064,27,1,0,1
2753200,27,1,0,1
2793248,27,1,1,0
1487760,27,1,0,1
293208,27,1,1,0
636320,27,1,1,0
4371048,27,1,1,0
7195944,27,1,0,1
2105000,27,1,1,0
253536,27,1,0,1
637248,27,1,0,1
669056,27,1,0,1
1116088,27,1,0,1
5054664,27,1,1,0
848576,27,1,0,1
3476056,27,1,0,1
3462168,27,1,1,0
3198768,27,1,1,0
2466664,27,1,1,0
7113120,27,1,1,0
2502704,27,1,0,1
1651848,27,1,1,0
618208,27,1,0,1
743416,27,1,0,1
398760,27,1,0,1
1153776,27,1,0,1
673808,27,1,0,1
2671976,27,1,1,0
1201600,27,1,0,1
416296,27,1,0,1
485528,27,1,0,1
338776,27,1,0,1
3115448,27,1,1,0
412280,27,1,0,1
1547472,27,1,0,1
481200,27,1,0,1
628480,27,1,1,0
3262640,27,1,1,0
1670472,27,1,0,1
1648320,27,1,0,1
2154960,27,1,1,0
7515072,27,1,0,1
1701064,27,1,0,1
373680,27,1,0,1
6578672,27,1,0,1
6962424,27,1,1,0
6826064,27,1,0,1
4113240,27,1,0,1
5005416,27,1,1,0
2122112,27,1,1,0
230304,27,1,1,0
708112,27,1,1,0
2245824,27,1,0,1
719344,27,1,1,0
984112,27,1,0,1
3746280,27,1,1,0
1875224,27,1,0,1
2468328,27,1,0,1
5809536,27,1,0,1
1097280,27,1,0,1
1153944,27,1,0,1
2042768,27,1,1,0
7072544,27,1,1,0
7150240,27,1,0,1
1422152,27,1,1,0
268360,27,1,1,0
1881560,27,1,1,0
465872,27,1,1,0
2347736,27,1,0,1
4640120,27,1,1,0
2242056,27,1,0,1
560296,27,1,1,0
5292552,27,1,1,0
6250944,27,1,1,0
6684656,27,1,1,0
962912,27,1,0,1
1129120,27,1,0,1
3742160,27,1,1,0
3887352,27,1,1,0
7566840,27,1,0,1
1777296,27,1,0,1
2995048,27,1,0,1
2338944,27,1,1,0
2140920,27,1,0,1
1650568,27,1,1,0
157704,27,1,0,1
6642512,27,1,1,0
6909624,27,1,1,0
1797864,27,1,1,0
534952,27,1,1,0
3450576,27,1,1,0
1865352,27,1,1,0
1939632,27,1,0,1
754192,27,1,0,1
3655632,27,1,0,1
2749856,27,1,0,1
2916720,27,1,1,0
109424,27,1,0,1
3741880,27,1,1,0
630696,27,1,1,0
1775712,27,1,1,0
1694808,27,1,1,0
3169336,27,1,0,1
517680,27,1,0,1
369704,27,1,0,1
2226312,27,1,0,1
3262112,27,1,0,1
908320,27,1,1,0
4155496,27,1,1,0
2859656,27,1,1,0
752744,27,1,0,1
2709128,27,1,0,1
260688,27,1,0,1
1463920,27,1,0,1
6848640,27,1,0,1
1517016,27,1,1,0
5170528,27,1,0,1
6258736,27,1,1,0
6904496,27,1,1,0
291640,27,1,0,1
2326144,27,1,0,1
1881440,27,1,1,0
2750984,27,1,0,1
5523352,27,1,0,1
7558848,27,1,0,1
439800,27,1,0,1
7646960,27,1,1,0
1514272,27,1,0,1
2018904,27,1,0,1
1329584,27,1,0,1
2637472,27,1,1,0
582208,27,1,0,1
416736,27,1,1,0
673440,27,1,1,0
774840,27,1,1,0
7997720,27,1,1,0
3193472,27,1,1,0
5163312,27,1,1,0
2244280,27,1,0,1
266240,27,1,0,1
1441552,27,1,1,0
3636288,27,1,0,1
5025872,27,1,0,1
559456,27,1,0,1
2223776,27,1,0,1
260392,27,1,0,1
464352,27,1,0,1
1626792,27,1,1,0
982800,27,1,0,1
5865864,27,1,1,0
5909784,27,1,0,1
144328,27,1,1,0
731352,27,1,1,0
6163480,27,1,0,1
4940352,27,1,0,1
2637624,27,1,1,0
3636024,27,1,0,1
884128,27,1,1,0
158624,27,1,1,0
1032096,27,1,0,1
951880,27,1,1,0
4735496,27,1,0,1
4604152,27,1,0,1
6409712,27,1,0,1
2190728,27,1,0,1
5350328,27,1,1,0
3851328,27,1,0,1
669944,27,1,1,0
1654960,27,1,0,1
4881448,27,1,0,1
762048,27,1,0,1
3803568,27,1,0,1
844544,27,1,0,1
5756336,27,1,1,0
465440,27,1,0,1
116864,27,1,0,1
3254184,27,1,0,1
325576,27,1,0,1
1865088,27,1,0,1
1067312,27,1,1,0
841056,27,1,0,1
2669336,27,1,0,1
524520,27,1,0,1
4535568,27,1,1,0
358088,27,1,0,1
2694304,27,1,0,1
4838616,27,1,1,0
1960624,27,1,1,0
5071992,27,1,1,0
1599744,27,1,1,0
2459504,27,1,1,0
2556256,27,1,0,1
799320,27,1,0,1
1296432,27,1,0,1
4618560,27,1,1,0
2947960,27,1,1,0
4113808,27,1,0,1
4554344,27,1,1,0
809720,27,1,1,0
3383952,27,1,0,1
1200088,27,1,1,0
5382824,27,1,0,1
3178064,27,1,0,1
3932704,27,1,1,0
285072,27,1,1,0
2537560,27,1,1,0
5546680,27,1,0,1
446920,27,1,0,1
328424,27,1,0,1
4650608,27,1,1,0
3530720,27,1,0,1
7118432,27,1,1,0
1216880,27,1,0,1
2588664,27,1,1,0
8131456,27,1,1,0
5135208,27,1,1,0
630720,27,1,0,1
2155408,27,1,0,1
5832160,27,1,1,0
3557816,27,1,1,0
2858576,27,1,1,0
145264,27,1,0,1
5154568,27,1,0,1
6733472,27,1,1,0
2763552,27,1,0,1
2997240,27,1,1,0
3157184,27,1,1,0
2509712,27,1,1,0
1709048,27,1,1,0
3104680,27,1,1,0
1325856,27,1,1,0
1434032,27,1,0,1
1159192,27,1,0,1
4445848,27,1,1,0
4080024,27,1,0,1
407704,27,1,1,0
2032776,27,1,1,0
5617800,27,1,1,0
5922768,27,1,1,0
395464,27,1,1,0
1717256,27,1,1,0
1759832,27,1,1,0
5160912,27,1,1,0
7045552,27,1,1,0
2383264,27,1,0,1
7174392,27,1,0,1
6237896,27,1,0,1
5378240,27,1,0,1
723896,27,1,0,1
541400,27,1,0,1
2450040,27,1,1,0
1602560,27,1,1,0
996720,27,1,1,0
907296,27,1,1,0
765088,27,1,1,0
4212264,27,1,0,1
1350776,27,1,0,1
7229208,27,1,0,1
591792,27,1,1,0
223448,27,1,1,0
6200368,27,1,0,1
5943952,27,1,0,1
867640,27,1,1,0
6434504,27,1,1,0
812120,27,1,1,0
3191072,27,1,0,1
1706376,27,1,1,0
1881448,27,1,1,0
3903720,27,1,1,0
635480,27,1,0,1
191448,27,1,0,1
1311336,27,1,1,0
2586688,27,1,1,0
6818208,27,1,1,0
5873152,27,1,1,0
675736,27,1,1,0
204208,27,1,0,1
271392,27,1,0,1
3104928,27,1,1,0
506488,27,1,0,1
4542712,27,1,1,0
664336,27,1,1,0
850760,27,1,0,1
6349672,27,1,0,1
5103784,27,1,1,0
3329136,27,1,1,0
7132640,27,1,1,0
1355272,27,1,1,0
880816,27,1,0,1
2296096,27,1,1,0
469080,27,1,0,1
3685040,27,1,0,1
4367608,27,1,0,1
3031712,27,1,1,0
3665952,27,1,0,1
4463304,27,1,1,0
3410440,27,1,1,0
7133184,27,1,0,1
855608,27,1,0,1
464600,27,1,1,0
5917704,27,1,1,0
2240784,27,1,0,1
4500040,27,1,0,1
1868472,27,1,1,0
3054480,27,1,0,1
4054048,27,1,1,0
5844072,27,1,1,0
260448,27,1,0,1
5296712,27,1,0,1
3108464,27,1,1,0
1376200,27,1,1,0
7374016,27,1,0,1
2788464,27,1,1,0
2695968,27,1,0,1
1251344,27,1,1,0
1097592,27,1,0,1
7494816,27,1,1,0
2349968,27,1,1,0
2824560,27,1,1,0
941760,27,1,1,0
598112,27,1,1,0
2817144,27,1,1,0
603208,27,1,1,0
6415328,27,1,0,1
1294792,27,1,1,0
1946336,27,1,0,1
1094920,27,1,0,1
165088,27,1,1,0
1090792,27,1,0,1
1955784,27,1,1,0
2647672,27,1,0,1
1007080,27,1,1,0
340664,27,1,0,1
435424,27,1,0,1
114448,27,1,0,1
7392216,27,1,1,0
2739792,27,1,0,1
7795632,27,1,1,0
7428832,27,1,0,1
1001440,27,1,0,1
124576,27,1,1,0
5617336,27,1,0,1
7946240,27,1,1,0
3348712,27,1,1,0
2677760,27,1,1,0
756392,27,1,0,1
606544,27,1,0,1
807640,27,1,0,1
3045872,27,1,1,0
2242488,27,1,1,0
3602264,27,1,1,0
761240,27,1,1,0
1356240,27,1,1,0
2909880,27,1,1,0
2061264,27,1,0,1
3011416,27,1,0,1
3523176,27,1,1,0
6643000,27,1,1,0
3519160,27,1,1,0
938808,27,1,0,1
3015336,27,1,0,1
1196960,27,1,0,1
1747224,27,1,0,1
1820032,27,1,0,1
3034936,27,1,1,0
7596176,27,1,0,1
3742768,27,1,1,0
528184,27,1,0,1
7139024,27,1,0,1
2195936,27,1,0,1
6970688,27,1,1,0
233024,27,1,1,0
2757088,27,1,0,1
3087640,27,1,0,1
963696,27,1,0,1
5453000,27,1,0,1
559872,27,1,1,0
474592,27,1,0,1
126496,27,1,0,1
426656,27,1,1,0
5292032,27,1,0,1
3646336,27,1,1,0
1068064,27,1,1,0
851152,27,1,1,0
2438576,27,1,0,1
4894880,27,1,0,1
628792,27,1,1,0
1408624,27,1,0,1
2272784,27,1,1,0
466152,27,1,1,0
4553120,27,1,0,1
7535384,27,1,0,1
769040,27,1,0,1
790664,27,1,1,0
3678248,27,1,0,1
727920,27,1,1,0
4628576,27,1,1,0
5260400,27,1,0,1
2512184,27,1,1,0
1479192,27,1,0,1
3577768,27,1,0,1
4162816,27,1,1,0
5092352,27,1,0,1
4352672,27,1,0,1
5824728,27,1,0,1
5157760,27,1,1,0
1624720,27,1,1,0
5598048,27,1,0,1
5216016,27,1,1,0
820560,27,1,1,0
4215456,27,1,1,0
4106368,27,1,1,0
528000,27,1,0,1
4138696,27,1,0,1
4035528,27,1,1,0
2243592,27,1,0,1
6181680,27,1,1,0
1342360,27,1,1,0
622032,27,1,1,0
220856,27,1,0,1
6573928,27,1,0,1
1410632,27,1,0,1
3348880,27,1,0,1
339168,27,1,0,1
6383024,27,1,1,0
6195800,27,1,0,1
1487640,27,1,0,1
4604304,27,1,1,0
8116528,27,1,1,0
2330104,27,1,1,0
2457208,27,1,0,1
4535664,27,1,0,1
5617568,27,1,0,1
692792,27,1,1,0
188200,27,1,1,0
1564928,27,1,0,1
3252808,27,1,1,0
379664,27,1,0,1
7321952,27,1,0,1
229600,27,1,1,0
1199936,27,1,0,1
1631008,27,1,1,0
846504,27,1,0,1
1132512,27,1,1,0
6513504,27,1,0,1
3858504,27,1,1,0
7040200,27,1,0,1
2307792,27,1,0,1
722592,27,1,0,1
1470336,27,1,0,1
3051352,27,1,0,1
1807792,27,1,1,0
6265568,27,1,0,1
636608,27,1,0,1
1097416,27,1,0,1
1141776,27,1,0,1
1776576,27,1,0,1
1623152,27,1,0,1
3931568,27,1,1,0
168152,27,1,1,0
2790776,27,1,1,0
325208,27,1,1,0
583352,27,1,1,0
1373488,27,1,1,0
544576,27,1,1,0
6273528,27,1,0,1
2835552,27,1,0,1
3693696,27,1,0,1
2563768,27,1,0,1
8323752,27,1,1,0
965176,27,1,1,0
1526496,27,1,0,1
1018664,27,1,1,0
556400,27,1,0,1
416672,27,1,0,1
140328,27,1,0,1
2554448,27,1,0,1
8328336,27,1,1,0
984568,27,1,0,1
1758912,27,1,1,0
5177736,27,1,0,1
4309168,27,1,1,0
1348816,27,1,0,1
440384,27,1,1,0
5456168,27,1,0,1
1843336,27,1,0,1
3528560,27,1,1,0
519912,27,1,1,0
7880792,27,1,1,0
5785760,27,1,1,0
683208,27,1,0,1
601776,27,1,0,1
1076448,27,1,0,1
318664,27,1,0,1
3610376,27,1,0,1
7299000,27,1,1,0
2080904,27,1,0,1
1675912,27,1,0,1
5105176,27,1,1,0
7540608,27,1,1,0
255504,27,1,1,0
822184,27,1,0,1
1732144,27,1,1,0
747392,27,1,1,0
161432,27,1,1,0
4681280,27,1,1,0
5592824,27,1,1,0
5588464,27,1,0,1
1151344,27,1,0,1
972792,27,1,1,0
2950208,27,1,1,0
1418912,27,1,1,0
1092960,27,1,1,0
4797136,27,1,0,1
1441008,27,1,1,0
7893152,27,1,0,1
4168184,27,1,1,0
821096,27,1,1,0
4672120,27,1,0,1
472032,27,1,1,0
4897528,27,1,1,0
258840,27,1,0,1
2228104,27,1,0,1
3642632,27,1,1,0
1021840,27,1,0,1
5698752,27,1,0,1
1305064,27,1,1,0
5369968,27,1,0,1
521392,27,1,0,1
4395128,27,1,1,0
5985752,27,1,0,1
961280,27,1,0,1
2456472,27,1,0,1
2518424,27,1,1,0
417136,27,1,1,0
1760376,27,1,0,1
2955752,27,1,1,0
2297432,27,1,1,0
172600,27,1,0,1
815728,27,1,0,1
691496,27,1,1,0
2824816,27,1,1,0
279224,27,1,0,1
426104,27,1,0,1
839808,27,1,1,0
695272,27,1,1,0
6065056,27,1,0,1
1902520,27,1,0,1
1456736,27,1,1,0
969792,27,1,0,1
1312040,27,1,0,1
4829584,27,1,1,0
1441608,27,1,1,0
5207512,27,1,0,1
2546944,27,1,0,1
1046656,27,1,0,1
7035240,27,1,0,1
3061016,27,1,1,0
925896,27,1,1,0
4396848,27,1,0,1
1254544,27,1,0,1
7874248,27,1,1,0
2048728,27,1,0,1
6255896,27,1,1,0
2254816,27,1,0,1
6027232,27,1,0,1
723200,27,1,0,1
2489168,27,1,0,1
326040,27,1,1,0
3681824,27,1,1,0
7793976,27,1,1,0
5603704,27,1,0,1
808208,27,1,1,0
4388832,27,1,0,1
3265976,27,1,1,0
5071064,27,1,0,1
1066416,27,1,1,0
4802176,27,1,0,1
2588904,27,1,1,0
8265936,27,1,1,0
5781968,27,1,1,0
670712,27,1,1,0
4664176,27,1,1,0
1212456,27,1,1,0
6654400,27,1,0,1
5327144,27,1,1,0
5078232,27,1,1,0
4726768,27,1,0,1
1240424,27,1,1,0
1002968,27,1,1,0
6806880,27,1,1,0
6628424,27,1,1,0
7126312,27,1,0,1
1230792,27,1,0,1
1813440,27,1,1,0
1167824,27,1,1,0
5845944,27,1,0,1
505192,27,1,0,1
4786136,27,1,1,0
4358272,27,1,0,1
4808528,27,1,1,0
6922384,27,1,1,0
1430536,27,1,1,0
1717224,27,1,1,0
75728,27,1,0,1
437784,27,1,1,0
3961760,27,1,0,1
2661768,27,1,1,0
2258072,27,1,0,1
1456984,27,1,0,1
6651592,27,1,0,1
5052280,27,1,1,0
1893304,27,1,1,0
2453944,27,1,0,1
2776248,27,1,0,1
2407240,27,1,1,0
5466488,27,1,0,1
8356888,27,1,0,1
3717840,27,1,1,0
6613824,27,1,1,0
1936144,27,1,1,0
615032,27,1,1,0
5644016,27,1,0,1
4230864,27,1,1,0
337216,27,1,0,1
1847632,27,1,1,0
5643376,27,1,1,0
2970064,27,1,0,1
7200016,27,1,0,1
4650616,27,1,1,0
150416,27,1,0,1
8072072,27,1,1,0
7450152,27,1,1,0
2102504,27,1,1,0
1092504,27,1,0,1
3247688,27,1,1,0
544408,27,1,0,1
2602584,27,1,0,1
2520184,27,1,0,1
2729016,27,1,0,1
2868096,27,1,0,1
8109440,27,1,1,0
622640,27,1,1,0
5216048,27,1,1,0
2996720,27,1,1,0
469208,27,1,1,0
5441480,27,1,1,0
1238432,27,1,0,1
4639672,27,1,1,0
2408368,27,1,0,1
2785624,27,1,1,0
2920880,27,1,1,0
849936,27,1,1,0
279824,27,1,0,1
1034328,27,1,0,1
3410832,27,1,1,0
2180080,27,1,1,0
5418224,27,1,0,1
1134512,27,1,0,1
5083408,27,1,1,0
5157984,27,1,1,0
2687040,27,1,0,1
1249776,27,1,1,0
450576,27,1,0,1
4496000,27,1,0,1
1542592,27,1,0,1
1628960,27,1,0,1
1475128,27,1,1,0
1670760,27,1,0,1
3767328,27,1,1,0
234168,27,1,1,0
5642568,27,1,0,1
5829344,27,1,0,1
1076480,27,1,1,0
6094536,27,1,0,1
2629640,27,1,1,0
1260400,27,1,0,1
1681608,27,1,1,0
214016,27,1,0,1
8203536,27,1,1,0
3323312,27,1,1,0
6705896,27,1,0,1
1614248,27,1,0,1
2826416,27,1,0,1
2164648,27,1,0,1
1525376,27,1,0,1
2066168,27,1,1,0
2173704,27,1,1,0
303888,27,1,0,1
5599624,27,1,0,1
2677928,27,1,0,1
134456,27,1,1,0
2334824,27,1,1,0
3608192,27,1,0,1
199424,27,1,1,0
2800728,27,1,0,1
1253056,27,1,1,0
5365512,27,1,1,0
1461008,27,1,0,1
284896,27,1,0,1
1000256,27,1,1,0
4284320,27,1,0,1
2532096,27,1,1,0
1638584,27,1,0,1
6667392,27,1,1,0
2258368,27,1,1,0
1430936,27,1,0,1
2927248,27,1,1,0
1013296,27,1,0,1
7861384,27,1,1,0
6249264,27,1,1,0
2405976,27,1,1,0
6815080,27,1,0,1
707608,27,1,1,0
997648,27,1,1,0
2215752,27,1,0,1
246568,27,1,1,0
4999448,27,1,1,0
3377464,27,1,0,1
476256,27,1,1,0
1971864,27,1,1,0
2025080,27,1,0,1
3623704,27,1,1,0
3251656,27,1,0,1
2241312,27,1,1,0
1682592,27,1,1,0
694880,27,1,0,1
2875480,27,1,1,0
4624320,27,1,0,1
466736,27,1,1,0
1725472,27,1,1,0
450184,27,1,1,0
528456,27,1,1,0
1222592,27,1,0,1
2446384,27,1,1,0
5621808,27,1,1,0
3950248,27,1,1,0
1289272,27,1,0,1
2869376,27,1,1,0
1015720,27,1,1,0
864904,27,1,1,0
2209336,27,1,0,1
4011680,27,1,0,1
1822648,27,1,0,1
3015824,27,1,1,0
5391160,27,1,0,1
3969328,27,1,1,0
6184200,27,1,1,0
1579040,27,1,1,0
5244672,27,1,1,0
2007040,27,1,0,1
2587728,27,1,0,1
2349896,27,1,1,0
1497232,27,1,0,1
362592,27,1,0,1
169480,27,1,1,0
2630488,27,1,0,1
395176,27,1,1,0
4278128,27,1,1,0
8006384,27,1,0,1
5776896,27,1,1,0
6312224,27,1,1,0
6634176,27,1,0,1
303784,27,1,1,0
3654968,27,1,1,0
279248,27,1,1,0
145464,27,1,1,0
6402816,27,1,0,1
6636760,27,1,1,0
7378776,27,1,1,0
4812544,27,1,1,0
2922528,27,1,0,1
3213344,27,1,1,0
2471152,27,1,0,1
342608,27,1,0,1
7769360,27,1,1,0
5154352,27,1,1,0
7164720,27,1,1,0
1913648,27,1,1,0
5873400,27,1,1,0
1477592,27,1,1,0
1083920,27,1,1,0
2931272,27,1,1,0
772720,27,1,0,1
531040,27,1,0,1
503456,27,1,0,1
2912672,27,1,1,0
1007608,27,1,0,1
1820368,27,1,0,1
1571392,27,1,0,1
1076640,27,1,0,1
1159184,27,1,1,0
1032528,27,1,0,1
1203544,27,1,1,0
1893080,27,1,0,1
7210208,27,1,1,0
2358528,27,1,1,0
1468312,27,1,0,1
6851520,27,1,1,0
1697480,27,1,0,1
5317192,27,1,0,1
4469960,27,1,1,0
6598032,27,1,0,1
7876408,27,1,1,0
6067152,27,1,1,0
3007744,27,1,1,0
3775728,27,1,1,0
6001864,27,1,1,0
405672,27,1,1,0
5716944,27,1,0,1
8194368,27,1,1,0
5504720,27,1,0,1
118304,27,1,0,1
8380784,27,1,1,0
5601104,27,1,1,0
888984,27,1,0,1
5112016,27,1,0,1
5161960,27,1,0,1
6592864,27,1,0,1
4684056,27,1,0,1
3569176,27,1,0,1
2520856,27,1,0,1
6410760,27,1,1,0
537272,27,1,1,0
943112,27,1,1,0
6345160,27,1,0,1
7005208,27,1,1,0
682360,27,1,1,0
2094456,27,1,0,1
3601848,27,1,1,0
1864152,27,1,1,0
2405528,27,1,0,1
5107840,27,1,1,0
4196032,27,1,1,0
3728584,27,1,1,0
2999976,27,1,1,0
5355752,27,1,0,1
446216,27,1,1,0
4089752,27,1,0,1
359096,27,1,1,0
276456,27,1,0,1
3307248,27,1,1,0
3771760,27,1,0,1
1213152,27,1,1,0
292304,27,1,0,1
8174120,27,1,0,1
778200,27,1,0,1
671312,27,1,0,1
2790600,27,1,1,0
4830632,27,1,1,0
1886528,27,1,1,0
4062288,27,1,0,1
7429552,27,1,0,1
520120,27,1,0,1
2398728,27,1,0,1
357216,27,1,0,1
3944216,27,1,1,0
221176,27,1,0,1
4382320,27,1,1,0
2021472,27,1,0,1
851168,27,1,0,1
4956976,27,1,0,1
4704888,27,1,1,0
6314936,27,1,1,0
4685312,27,1,0,1
676592,27,1,1,0
8177952,27,1,1,0
585736,27,1,1,0
1204088,27,1,1,0
7403360,27,1,1,0
1541336,27,1,1,0
224688,27,1,0,1
6916752,27,1,1,0
882384,27,1,0,1
7516664,27,1,0,1
7020328,27,1,0,1
2543712,27,1,1,0
1947320,27,1,0,1
756488,27,1,1,0
6533720,27,1,0,1
3849016,27,1,0,1
5704144,27,1,1,0
3026352,27,1,1,0
166712,27,1,0,1
4668776,27,1,0,1
754096,27,1,1,0
3474320,27,1,1,0
190896,27,1,1,0
236000,27,1,0,1
5598328,27,1,0,1
6470144,27,1,0,1
5975192,27,1,0,1
1701808,27,1,0,1
5858360,27,1,1,0
646904,27,1,0,1
6237376,27,1,1,0
1284008,27,1,0,1
3122120,27,1,1,0
8184584,27,1,0,1
676360,27,1,0,1
2786984,27,1,0,1
3971384,27,1,0,1
4781840,27,1,0,1
3329800,27,1,1,0
3306760,27,1,0,1
7604168,27,1,1,0
1637648,27,1,1,0
950536,27,1,0,1
3848344,27,1,1,0
5007584,27,1,0,1
2314448,27,1,0,1
150984,27,1,0,1
6474376,27,1,0,1
2045392,27,1,0,1
5146496,27,1,0,1
5767432,27,1,0,1
237344,27,1,1,0
2125248,27,1,1,0
4534584,27,1,0,1
740584,27,1,1,0
6361744,27,1,1,0
868840,27,1,1,0
3653528,27,1,0,1
5247064,27,1,0,1
678368,27,1,1,0
1892688,27,1,1,0
2705080,27,1,1,0
3601064,27,1,0,1
4849520,27,1,1,0
1226272,27,1,0,1
2862696,27,1,1,0
886712,27,1,1,0
4824064,27,1,1,0
1833272,27,1,0,1
118904,27,1,0,1
1130464,27,1,0,1
5295928,27,1,1,0
7027584,27,1,0,1
7531736,27,1,1,0
1901792,27,1,0,1
7572736,27,1,1,0
901224,27,1,0,1
2533536,27,1,0,1
831472,27,1,0,1
1560064,27,1,0,1
1732288,27,1,0,1
202232,27,1,1,0
899584,27,1,1,0
618560,27,1,0,1
1235112,27,1,1,0
2597440,27,1,0,1
2218624,27,1,1,0
4410208,27,1,1,0
6637768,27,1,0,1
1693936,27,1,0,1
2325480,27,1,1,0
498888,27,1,0,1
4122344,27,1,0,1
2435336,27,1,1,0
439784,27,1,0,1
5192616,27,1,0,1
907352,27,1,0,1
7438448,27,1,1,0
639640,27,1,0,1
1783712,27,1,1,0
6702376,27,1,1,0
7656472,27,1,0,1
3975656,27,1,0,1
216752,27,1,0,1
2878816,27,1,1,0
99848,27,1,0,1
1650600,27,1,0,1
6465000,27,1,0,1
2781448,27,1,1,0
6271016,27,1,1,0
467568,27,1,1,0
4656248,27,1,0,1
1952048,27,1,1,0
899888,27,1,0,1
2747256,27,1,0,1
7221992,27,1,1,0
2587872,27,1,1,0
4292152,27,1,1,0
4545592,27,1,1,0
2825968,27,1,0,1
840488,27,1,0,1
1531888,27,1,0,1
3245912,27,1,0,1
2222016,27,1,0,1
220744,27,1,1,0
4826952,27,1,0,1
714272,27,1,1,0
597416,27,1,0,1
3245928,27,1,1,0
2278664,27,1,0,1
4363376,27,1,0,1
500768,27,1,1,0
6779184,27,1,1,0
968864,27,1,0,1
296752,27,1,1,0
1456536,27,1,1,0
158192,27,1,1,0
1529296,27,1,1,0
6032352,27,1,1,0
1031440,27,1,1,0
8042496,27,1,0,1
262552,27,1,1,0
2411608,27,1,0,1
1942640,27,1,1,0
212848,27,1,0,1
2037624,27,1,0,1
807240,27,1,1,0
3250400,27,1,1,0
1691816,27,1,1,0
838656,27,1,0,1
1427352,27,1,1,0
789176,27,1,1,0
657472,27,1,0,1
5471432,27,1,1,0
1849992,27,1,1,0
2016832,27,1,1,0
5141040,27,1,1,0
7234872,27,1,0,1
2879488,27,1,1,0
363976,27,1,1,0
6122464,27,1,1,0
1729480,27,1,0,1
3061104,27,1,0,1
2019968,27,1,0,1
1978408,27,1,1,0
272472,27,1,1,0
377208,27,1,1,0
7277464,27,1,1,0
3942856,27,1,1,0
545400,27,1,1,0
6567752,27,1,1,0
4953416,27,1,0,1
2518120,27,1,0,1
866184,27,1,1,0
562256,27,1,0,1
2505400,27,1,0,1
2852576,27,1,1,0
2017048,27,1,1,0
2617272,27,1,1,0
4953384,27,1,1,0
1584800,27,1,0,1
4758008,27,1,0,1
2215528,27,1,0,1
2863680,27,1,1,0
1139712,27,1,0,1
1743600,27,1,0,1
6012240,27,1,1,0
509400,27,1,1,0
895200,27,1,0,1
599704,27,1,0,1
144896,27,1,0,1
441312,27,1,1,0
2329144,27,1,1,0
994336,27,1,0,1
6125880,27,1,1,0
6660464,27,1,0,1
385760,27,1,1,0
7781152,27,1,0,1
867024,27,1,1,0
1051584,27,1,0,1
610264,27,1,0,1
5536352,27,1,0,1
1929280,27,1,1,0
123808,27,1,1,0
1752744,27,1,0,1
4438448,27,1,0,1
198888,27,1,1,0
1673024,27,1,1,0
2547992,27,1,0,1
4138816,27,1,1,0
155168,27,1,1,0
3070160,27,1,0,1
3558312,27,1,0,1
925872,27,1,1,0
7240536,27,1,0,1
6914048,27,1,0,1
4449040,27,1,1,0
1235056,27,1,1,0
6864248,27,1,1,0
1990352,27,1,0,1
572608,27,1,0,1
251080,27,1,1,0
1664232,27,1,1,0
2578456,27,1,1,0
3220104,27,1,1,0
320280,27,1,1,0
8148592,27,1,0,1
476080,27,1,1,0
6487416,27,1,1,0
6079888,27,1,1,0
887792,27,1,0,1
6097816,27,1,0,1
788952,27,1,0,1
2508288,27,1,0,1
3456264,27,1,1,0
3216328,27,1,1,0
946056,27,1,1,0
7834544,27,1,0,1
5898648,27,1,0,1
3318168,27,1,0,1
6528560,27,1,0,1
2754992,27,1,1,0
2363856,27,1,1,0
7038344,27,1,0,1
1294000,27,1,0,1
984080,27,1,1,0
4852472,27,1,1,0
4166160,27,1,1,0
5627448,27,1,1,0
1449616,27,1,1,0
1260152,27,1,0,1
1788712,27,1,1,0
8199440,27,1,0,1
190504,27,1,1,0
2169464,27,1,0,1
1035864,27,1,0,1
940464,27,1,0,1
141672,27,1,0,1
1116528,27,1,1,0
3365816,27,1,1,0
4768464,27,1,0,1
4851192,27,1,0,1
8201512,27,1,0,1
2843512,27,1,0,1
951928,27,1,0,1
476600,27,1,1,0
2803008,27,1,1,0
7253936,27,1,0,1
1031656,27,1,1,0
2757664,27,1,0,1
429088,27,1,1,0
905912,27,1,0,1
447896,27,1,1,0
7680584,27,1,1,0
5923016,27,1,1,0
6089464,27,1,0,1
963584,27,1,1,0
2457368,27,1,0,1
1058968,27,1,0,1
2535600,27,1,1,0
518504,27,1,1,0
6884360,27,1,0,1
2681040,27,1,1,0
3871040,27,1,0,1
1974488,27,1,1,0
1036592,27,1,0,1
4022336,27,1,1,0
6565936,27,1,0,1
3791216,27,1,1,0
1821656,27,1,1,0
1712104,27,1,0,1
1938456,27,1,0,1
359288,27,1,0,1
3655544,27,1,0,1
4982688,27,1,0,1
1328696,27,1,1,0
6541816,27,1,0,1
4585040,27,1,1,0
520024,27,1,1,0
3698992,27,1,0,1
125496,27,1,0,1
1791000,27,1,1,0
4526744,27,1,1,0
2064112,27,1,1,0
1121728,27,1,1,0
428344,27,1,0,1
1606768,27,1,0,1
4309984,27,1,1,0
1515480,27,1,0,1
5250568,27,1,0,1
5309336,27,1,0,1
5342168,27,1,0,1
4374408,27,1,1,0
4381624,27,1,1,0
245568,27,1,0,1
1228064,27,1,1,0
2846464,27,1,1,0
2358992,27,1,1,0
4403792,27,1,1,0
2764824,27,1,1,0
3956960,27,1,1,0
2497248,27,1,0,1
7443520,27,1,1,0
764680,27,1,1,0
2034152,27,1,1,0
5912464,27,1,1,0
4460384,27,1,0,1
4608936,27,1,0,1
6612080,27,1,1,0
2531624,27,1,0,1
391352,27,1,0,1
2280768,27,1,0,1
1788696,27,1,1,0
1619288,27,1,1,0
637720,27,1,0,1
2459096,27,1,1,0
1856200,27,1,1,0
733112,27,1,0,1
3199856,27,1,0,1
473640,27,1,0,1
824688,27,1,1,0
2158992,27,1,0,1
2649632,27,1,1,0
1871920,27,1,0,1
8097040,27,1,1,0
8071008,27,1,0,1
3999896,27,1,0,1
3679624,27,1,0,1
440704,27,1,0,1
1288168,27,1,0,1
491240,27,1,0,1
1984752,27,1,1,0
7098880,27,1,0,1
2781688,27,1,1,0
258056,27,1,1,0
6353384,27,1,0,1
154544,27,1,1,0
2142528,27,1,0,1
5482864,27,1,0,1
590488,27,1,1,0
1110112,27,1,1,0
4104592,27,1,0,1
1553296,27,1,1,0
2516656,27,1,1,0
289088,27,1,1,0
2571912,27,1,1,0
2255224,27,1,0,1
1314392,27,1,0,1
498584,27,1,0,1
7541592,27,1,1,0
314520,27,1,0,1
332592,27,1,1,0
620952,27,1,0,1
1866848,27,1,0,1
6335560,27,1,1,0
1592424,27,1,1,0
921728,27,1,0,1
6693168,27,1,0,1
2832600,27,1,0,1
1523856,27,1,0,1
1307968,27,1,1,0
4700344,27,1,0,1
317440,27,1,0,1
6258376,27,1,1,0
7468856,27,1,1,0
494432,27,1,0,1
245160,27,1,0,1
1625304,27,1,1,0
2794936,27,1,1,0
2022464,27,1,0,1
5694136,27,1,0,1
6361144,27,1,0,1
2157048,27,1,1,0
5764720,27,1,0,1
4239360,27,1,1,0
5129224,27,1,1,0
4069952,27,1,1,0
7975656,27,1,1,0
410200,27,1,0,1
1461488,27,1,1,0
5932424,27,1,0,1
910648,27,1,1,0
5324536,27,1,1,0
441664,27,1,1,0
633200,27,1,0,1
6627888,27,1,1,0
2864784,27,1,1,0
5588040,27,1,1,0
648056,27,1,1,0
1091224,27,1,1,0
5541712,27,1,1,0
3791384,27,1,1,0
5408648,27,1,0,1
7492824,27,1,1,0
3173616,27,1,0,1
1560768,27,1,0,1
2421504,27,1,1,0
4939280,27,1,1,0
5710888,27,1,1,0
438176,27,1,0,1
5242696,27,1,1,0
2314872,27,1,0,1
1580840,27,1,0,1
123584,27,1,1,0
356264,27,1,0,1
1168112,27,1,1,0
3196656,27,1,0,1
732696,27,1,1,0
536008,27,1,0,1
6975944,27,1,1,0
279680,27,1,0,1
6064896,27,1,1,0
4189312,27,1,0,1
566848,27,1,1,0
169784,27,1,0,1
1368928,27,1,1,0
6451296,27,1,1,0
7611336,27,1,0,1
1710664,27,1,0,1
3513128,27,1,0,1
1856368,27,1,0,1
1771256,27,1,0,1
3927816,27,1,0,1
4286032,27,1,0,1
3988272,27,1,1,0
1161600,27,1,1,0
8319600,27,1,1,0
1538904,27,1,1,0
611440,27,1,1,0
6929120,27,1,0,1
2626160,27,1,1,0
908144,27,1,1,0
204544,27,1,0,1
378112,27,1,1,0
1381280,27,1,0,1
5205376,27,1,1,0
597872,27,1,0,1
5435992,27,1,0,1
855072,27,1,1,0
7125512,27,1,1,0
7852048,27,1,1,0
2288416,27,1,1,0
1553704,27,1,0,1
6700216,27,1,1,0
1822880,27,1,1,0
5821720,27,1,0,1
193296,27,1,0,1
607200,27,1,1,0
420512,27,1,0,1
191312,27,1,0,1
1843872,27,1,0,1
5322320,27,1,1,0
1229104,27,1,1,0
3074760,27,1,0,1
6477808,27,1,1,0
5267016,27,1,0,1
706448,27,1,0,1
2503752,27,1,1,0
507424,27,1,1,0
1340776,27,1,1,0
1624496,27,1,0,1
4350112,27,1,1,0
2222392,27,1,0,1
1817192,27,1,0,1
1489272,27,1,1,0
1003152,27,1,0,1
931368,27,1,0,1
2497544,27,1,1,0
186368,27,1,1,0
2420360,27,1,0,1
1074040,27,1,0,1
2953936,27,1,0,1
330416,27,1,0,1
3238408,27,1,1,0
7595920,27,1,1,0
2522616,27,1,0,1
3581624,27,1,1,0
4654888,27,1,1,0
3773576,27,1,1,0
2361712,27,1,0,1
1947024,27,1,0,1
3046704,27,1,1,0
3757688,27,1,1,0
5782720,27,1,0,1
6737528,27,1,0,1
5891136,27,1,0,1
4079048,27,1,0,1
2177688,27,1,0,1
919568,27,1,0,1
5511304,27,1,1,0
4669832,27,1,1,0
3907016,27,1,0,1
4115256,27,1,0,1
2774696,27,1,0,1
1876504,27,1,1,0
6637792,27,1,1,0
5688872,27,1,0,1
313216,27,1,0,1
2454920,27,1,1,0
4090096,27,1,0,1
6850696,27,1,1,0
5774768,27,1,0,1
735952,27,1,0,1
6581784,27,1,1,0
1136680,27,1,0,1
3969704,27,1,1,0
361624,27,1,0,1
1620384,27,1,0,1
4752152,27,1,1,0
6709864,27,1,1,0
535704,27,1,1,0
270392,27,1,1,0
1543128,27,1,0,1
618600,27,1,0,1
1264656,27,1,1,0
2832896,27,1,1,0
1661000,27,1,1,0
1550488,27,1,1,0
3735104,27,1,0,1
3471024,27,1,1,0
1117880,27,1,1,0
799272,27,1,0,1
2546432,27,1,1,0
144720,27,1,0,1
486432,27,1,0,1
2827344,27,1,1,0
1777144,27,1,0,1
938592,27,1,1,0
4394184,27,1,0,1
1491952,27,1,0,1
6873984,27,1,0,1
465592,27,1,0,1
1449032,27,1,0,1
1459960,27,1,0,1
7825768,27,1,0,1
1400016,27,1,1,0
1702552,27,1,0,1
7673448,27,1,0,1
6015008,27,1,0,1
754968,27,1,1,0
3107424,27,1,1,0
1517208,27,1,0,1
5050288,27,1,0,1
5054528,27,1,1,0
2893552,27,1,1,0
1599760,27,1,1,0
2284032,27,1,0,1
2987504,27,1,0,1
4997848,27,1,1,0
735200,27,1,1,0
886280,27,1,0,1
8114952,27,1,1,0
628488,27,1,0,1
2147272,27,1,0,1
887928,27,1,0,1
4454008,27,1,0,1
743576,27,1,1,0
1910040,27,1,1,0
2649056,27,1,0,1
780104,27,1,1,0
1527344,27,1,0,1
7432312,27,1,1,0
866832,27,1,1,0
3865112,27,1,0,1
6049632,27,1,0,1
2299080,27,1,1,0
841736,27,1,1,0
422104,27,1,1,0
7784144,27,1,0,1
2135432,27,1,0,1
2736288,27,1,1,0
408392,27,1,1,0
55776,27,1,0,1
4504120,27,1,0,1
638328,27,1,0,1
981272,27,1,0,1
389584,27,1,1,0
965336,27,1,0,1
705432,27,1,0,1
7429208,27,1,1,0
5573592,27,1,0,1
5251432,27,1,1,0
7827280,27,1,1,0
1127848,28,1,0,1
3669192,28,1,0,1
3766312,28,1,1,0
2064264,28,1,1,0
2007968,28,1,0,1
450608,28,1,0,1
5292856,28,1,0,1
7599856,28,1,1,0
6272192,28,1,1,0
5930584,28,1,1,0
907984,28,1,1,0
3025832,28,1,1,0
159144,28,1,0,1
1651120,28,1,1,0
470624,28,1,1,0
6840640,28,1,1,0
603000,28,1,0,1
4317256,28,1,0,1
1946840,28,1,1,0
2741976,28,1,0,1
7234056,28,1,1,0
1764000,28,1,0,1
1533712,28,1,1,0
3782464,28,1,0,1
2796896,28,1,1,0
918008,28,1,0,1
570632,28,1,0,1
1621256,28,1,1,0
2872512,28,1,0,1
5018224,28,1,1,0
366112,28,1,1,0
1405936,28,1,0,1
1831648,28,1,0,1
5557904,28,1,0,1
428656,28,1,0,1
114808,28,1,1,0
3760824,28,1,1,0
3438152,28,1,1,0
5985920,28,1,0,1
2566888,28,1,0,1
581272,28,1,0,1
7254992,28,1,1,0
4907112,28,1,1,0
3284152,28,1,1,0
840920,28,1,0,1
477840,28,1,1,0
2583360,28,1,0,1
8060592,28,1,1,0
1122504,28,1,0,1
365584,28,1,0,1
859264,28,1,1,0
2648280,28,1,0,1
7930456,28,1,1,0
3476616,28,1,1,0
6698624,28,1,1,0
5681480,28,1,0,1
3876560,28,1,0,1
1168416,28,1,1,0
1234880,28,1,0,1
1239624,28,1,1,0
6360552,28,1,1,0
7462688,28,1,1,0
612824,28,1,0,1
2552696,28,1,0,1
3091416,28,1,1,0
3064696,28,1,1,0
856744,28,1,1,0
1456192,28,1,1,0
5828936,28,1,1,0
2042272,28,1,1,0
5023560,28,1,0,1
1533552,28,1,1,0
4772440,28,1,1,0
1224192,28,1,1,0
4005224,28,1,1,0
3338400,28,1,1,0
896848,28,1,0,1
2398368,28,1,1,0
3791680,28,1,1,0
1310840,28,1,1,0
1247464,28,1,0,1
922776,28,1,0,1
641656,28,1,0,1
835552,28,1,1,0
8006336,28,1,0,1
1978880,28,1,1,0
3102888,28,1,0,1
1453288,28,1,0,1
1651920,28,1,0,1
644360,28,1,0,1
4996760,28,1,1,0
5796656,28,1,1,0
801216,28,1,0,1
3499024,28,1,1,0
1463144,28,1,0,1
7448608,28,1,1,0
7339424,28,1,0,1
350616,28,1,0,1
3870992,28,1,1,0
2627736,28,1,1,0
5144576,28,1,0,1
6536840,28,1,1,0
5779984,28,1,0,1
7130560,28,1,1,0
1416688,28,1,1,0
8260376,28,1,1,0
7814376,28,1,0,1
1433768,28,1,0,1
472840,28,1,1,0
1558504,28,1,0,1
7065176,28,1,0,1
912944,28,1,0,1
8192472,28,1,1,0
1843672,28,1,0,1
193672,28,1,1,0
5520608,28,1,0,1
2332088,28,1,1,0
5766576,28,1,1,0
3493432,28,1,1,0
7909752,28,1,1,0
8212984,28,1,0,1
3374800,28,1,1,0
642680,28,1,1,0
686304,28,1,1,0
1503272,28,1,1,0
2210448,28,1,1,0
2908952,28,1,1,0
3152000,28,1,1,0
5049824,28,1,0,1
3112896,28,1,1,0
502728,28,1,1,0
482144,28,1,1,0
7426024,28,1,1,0
1437904,28,1,1,0
3427168,28,1,1,0
6225912,28,1,0,1
3077248,28,1,1,0
555616,28,1,1,0
366600,28,1,0,1
1325360,28,1,0,1
1997392,28,1,0,1
2606544,28,1,1,0
5776952,28,1,0,1
5337984,28,1,1,0
447328,28,1,1,0
196704,28,1,0,1
5642632,28,1,0,1
378304,28,1,0,1
6733648,28,1,0,1
8013584,28,1,1,0
1358936,28,1,1,0
6849672,28,1,0,1
6445968,28,1,1,0
292856,28,1,0,1
3764888,28,1,0,1
3213520,28,1,0,1
2546280,28,1,0,1
5411680,28,1,0,1
3008272,28,1,1,0
4160832,28,1,1,0
1764968,28,1,1,0
1148584,28,1,0,1
6209408,28,1,0,1
611376,28,1,0,1
5314688,28,1,0,1
7106272,28,1,1,0
3579280,28,1,0,1
391336,28,1,1,0
5727536,28,1,1,0
3510144,28,1,1,0
865912,28,1,0,1
5308968,28,1,1,0
2180000,28,1,0,1
4691536,28,1,1,0
1869208,28,1,1,0
4292464,28,1,0,1
2523128,28,1,0,1
8230104,28,1,1,0
3244248,28,1,0,1
1023464,28,1,1,0
683816,28,1,1,0
369432,28,1,1,0
6364784,28,1,1,0
8195072,28,1,0,1
5747008,28,1,1,0
3942952,28,1,1,0
3474360,28,1,1,0
2798568,28,1,1,0
1219984,28,1,0,1
500112,28,1,1,0
7293984,28,1,1,0
132672,28,1,0,1
6424800,28,1,0,1
1023848,28,1,1,0
4445808,28,1,1,0
973208,28,1,0,1
416328,28,1,0,1
1970496,28,1,0,1
216016,28,1,1,0
242544,28,1,1,0
3047328,28,1,0,1
1213712,28,1,0,1
8148600,28,1,0,1
2356616,28,1,0,1
7861968,28,1,1,0
1940440,28,1,0,1
699696,28,1,0,1
2849272,28,1,1,0
508192,28,1,1,0
851632,28,1,1,0
649624,28,1,0,1
5844320,28,1,1,0
438296,28,1,0,1
2960384,28,1,0,1
1372152,28,1,0,1
1733408,28,1,1,0
914104,28,1,1,0
1800248,28,1,0,1
1612488,28,1,0,1
8068904,28,1,0,1
506184,28,1,1,0
6559672,28,1,1,0
4664232,28,1,1,0
127712,28,1,1,0
7416408,28,1,1,0
4996848,28,1,1,0
247232,28,1,1,0
7920144,28,1,1,0
478792,28,1,0,1
4446632,28,1,0,1
5617536,28,1,1,0
991280,28,1,1,0
4560184,28,1,0,1
476848,28,1,0,1
4315688,28,1,1,0
1640448,28,1,0,1
3336888,28,1,1,0
2295224,28,1,0,1
4645768,28,1,0,1
259384,28,1,0,1
274664,28,1,1,0
2961536,28,1,0,1
1109952,28,1,0,1
442808,28,1,0,1
138104,28,1,0,1
167152,28,1,1,0
5540280,28,1,1,0
4052160,28,1,0,1
1319792,28,1,1,0
1195448,28,1,1,0
875864,28,1,0,1
3003488,28,1,1,0
7075544,28,1,0,1
2296056,28,1,0,1
3642096,28,1,1,0
808024,28,1,1,0
3200976,28,1,0,1
1391480,28,1,0,1
3118400,28,1,0,1
1420896,28,1,1,0
4794096,28,1,1,0
3758504,28,1,0,1
490728,28,1,1,0
4507184,28,1,1,0
6382584,28,1,0,1
667440,28,1,1,0
1201272,28,1,1,0
705256,28,1,1,0
921992,28,1,1,0
7917864,28,1,1,0
2421176,28,1,0,1
1973592,28,1,0,1
5679624,28,1,0,1
6768632,28,1,1,0
6663848,28,1,1,0
981088,28,1,1,0
975368,28,1,1,0
261840,28,1,0,1
964224,28,1,1,0
2163872,28,1,0,1
2065320,28,1,0,1
367056,28,1,1,0
2358776,28,1,0,1
1461192,28,1,1,0
7044040,28,1,1,0
1351568,28,1,1,0
6322184,28,1,1,0
244640,28,1,1,0
4831864,28,1,1,0
4404008,28,1,1,0
399968,28,1,1,0
7110288,28,1,0,1
7417192,28,1,0,1
4368976,28,1,0,1
8026752,28,1,0,1
5091616,28,1,1,0
982096,28,1,0,1
5786256,28,1,0,1
899232,28,1,1,0
3434776,28,1,1,0
5102008,28,1,1,0
2420688,28,1,0,1
4942640,28,1,1,0
639400,28,1,1,0
5523944,28,1,1,0
1249592,28,1,0,1
7286296,28,1,0,1
2808672,28,1,0,1
1115632,28,1,1,0
2107440,28,1,0,1
599448,28,1,1,0
566080,28,1,1,0
5379432,28,1,1,0
1668296,28,1,0,1
4679104,28,1,0,1
621416,28,1,1,0
415408,28,1,1,0
3389840,28,1,0,1
324920,28,1,1,0
6999072,28,1,1,0
899776,28,1,0,1
964184,28,1,1,0
6172592,28,1,1,0
555560,28,1,1,0
289416,28,1,1,0
2323008,28,1,1,0
5626504,28,1,0,1
875896,28,1,0,1
4727824,28,1,0,1
1653456,28,1,1,0
1895944,28,1,0,1
4006952,28,1,0,1
5416336,28,1,1,0
1945248,28,1,1,0
4870320,28,1,0,1
731832,28,1,0,1
7269112,28,1,1,0
1229432,28,1,0,1
2770376,28,1,0,1
547000,28,1,0,1
6388368,28,1,1,0
4110552,28,1,0,1
608720,28,1,1,0
1195600,28,1,0,1
1694072,28,1,1,0
7898072,28,1,1,0
8361016,28,1,1,0
4737704,28,1,1,0
2846184,28,1,1,0
2874096,28,1,0,1
7933400,28,1,1,0
3695752,28,1,1,0
1315008,28,1,0,1
585176,28,1,0,1
495432,28,1,0,1
870872,28,1,1,0
3541272,28,1,1,0
3665560,28,1,1,0
716856,28,1,1,0
7410912,28,1,0,1
487072,28,1,0,1
4200432,28,1,0,1
2066648,28,1,1,0
6882072,28,1,0,1
827128,28,1,1,0
5588336,28,1,0,1
3107168,28,1,1,0
2516424,28,1,0,1
1294016,28,1,0,1
1057568,28,1,1,0
935080,28,1,1,0
465144,28,1,1,0
7529312,28,1,1,0
4341720,28,1,1,0
892400,28,1,1,0
542224,28,1,1,0
1869432,28,1,0,1
1740200,28,1,0,1
96264,28,1,1,0
4541136,28,1,1,0
1048656,28,1,0,1
3088152,28,1,1,0
2197800,28,1,1,0
2948408,28,1,0,1
1686712,28,1,1,0
135384,28,1,0,1
545200,28,1,0,1
6377168,28,1,1,0
314264,28,1,0,1
7407216,28,1,1,0
390400,28,1,0,1
5805456,28,1,0,1
630448,28,1,0,1
1503720,28,1,0,1
7441592,28,1,1,0
2316984,28,1,0,1
4683696,28,1,0,1
272352,28,1,1,0
8191112,28,1,0,1
3783688,28,1,0,1
5385472,28,1,1,0
6027800,28,1,1,0
3790424,28,1,1,0
1731272,28,1,1,0
1717344,28,1,1,0
5500960,28,1,1,0
775280,28,1,0,1
3742792,28,1,0,1
2708120,28,1,0,1
4889896,28,1,0,1
1331792,28,1,1,0
5324560,28,1,1,0
2684208,28,1,1,0
2779096,28,1,1,0
4617616,28,1,1,0
671904,28,1,1,0
561024,28,1,1,0
2109688,28,1,0,1
7186560,28,1,1,0
647984,28,1,0,1
4197840,28,1,1,0
6235864,28,1,0,1
778888,28,1,0,1
4596872,28,1,1,0
2585544,28,1,0,1
106504,28,1,0,1
728904,28,1,0,1
167296,28,1,0,1
972800,28,1,1,0
8108120,28,1,1,0
3038816,28,1,1,0
951640,28,1,1,0
812888,28,1,1,0
5351960,28,1,0,1
3673808,28,1,1,0
760008,28,1,0,1
1072672,28,1,0,1
4682408,28,1,0,1
1509400,28,1,1,0
980264,28,1,1,0
4158600,28,1,0,1
200520,28,1,1,0
380360,28,1,1,0
4829520,28,1,1,0
6647632,28,1,1,0
818768,28,1,0,1
822592,28,1,1,0
4985944,28,1,1,0
4851008,28,1,0,1
6376880,28,1,1,0
1827464,28,1,0,1
616688,28,1,1,0
866984,28,1,1,0
1542640,28,1,0,1
6147088,28,1,1,0
7730792,28,1,1,0
4100560,28,1,1,0
3677576,28,1,1,0
7123608,28,1,1,0
5146392,28,1,0,1
4062992,28,1,1,0
5001128,28,1,0,1
2551176,28,1,0,1
7829400,28,1,1,0
3855552,28,1,1,0
6700384,28,1,0,1
4264912,28,1,0,1
1012064,28,1,0,1
6914976,28,1,1,0
266560,28,1,0,1
2429416,28,1,0,1
3900424,28,1,1,0
2733696,28,1,0,1
2201416,28,1,0,1
7596392,28,1,1,0
2296184,28,1,1,0
1808568,28,1,0,1
3096288,28,1,0,1
6313112,28,1,1,0
791736,28,1,1,0
5128032,28,1,0,1
1993896,28,1,0,1
6528912,28,1,1,0
2514968,28,1,1,0
3873344,28,1,1,0
1789984,28,1,1,0
3726928,28,1,0,1
203064,28,1,1,0
3195640,28,1,1,0
7319472,28,1,0,1
463304,28,1,0,1
250312,28,1,1,0
3620664,28,1,0,1
896208,28,1,0,1
681936,28,1,1,0
1825032,28,1,1,0
1425592,28,1,1,0
373496,28,1,0,1
6463296,28,1,0,1
5408808,28,1,1,0
722048,28,1,1,0
2734128,28,1,1,0
2652656,28,1,1,0
3681888,28,1,0,1
422776,28,1,0,1
345240,28,1,1,0
1226448,28,1,1,0
704920,28,1,0,1
6098840,28,1,1,0
938080,28,1,0,1
647920,28,1,1,0
1240608,28,1,1,0
1502080,28,1,0,1
480248,28,1,1,0
6388152,28,1,1,0
505952,28,1,1,0
819696,28,1,1,0
4065320,28,1,0,1
242192,28,1,0,1
1702664,28,1,1,0
1526312,28,1,1,0
2381064,28,1,0,1
4736480,28,1,1,0
7047296,28,1,0,1
3363848,28,1,0,1
2399904,28,1,1,0
1872464,28,1,1,0
7935648,28,1,0,1
1747392,28,1,1,0
6253272,28,1,1,0
6585240,28,1,1,0
5005776,28,1,0,1
3882712,28,1,0,1
1149792,28,1,1,0
6218800,28,1,1,0
8271200,28,1,0,1
8105112,28,1,0,1
1200192,28,1,1,0
1626144,28,1,0,1
2211952,28,1,1,0
1514232,28,1,0,1
1587264,28,1,1,0
6536200,28,1,1,0
7294208,28,1,0,1
1292944,28,1,1,0
477960,28,1,0,1
3402576,28,1,1,0
1965864,28,1,0,1
3191216,28,1,1,0
1834776,28,1,0,1
1310544,28,1,1,0
3317600,28,1,1,0
6721896,28,1,0,1
897968,28,1,0,1
2939384,28,1,0,1
3082176,28,1,0,1
4111312,28,1,1,0
5754400,28,1,0,1
126872,28,1,1,0
2610752,28,1,0,1
1189696,28,1,1,0
163464,28,1,0,1
2059952,28,1,1,0
1904448,28,1,1,0
5438920,28,1,0,1
3178480,28,1,0,1
3140712,28,1,0,1
899368,28,1,0,1
88784,28,1,0,1
6952512,28,1,0,1
1171088,28,1,1,0
264568,28,1,1,0
2780648,28,1,1,0
4023968,28,1,0,1
4416960,28,1,0,1
914832,28,1,0,1
2301528,28,1,0,1
1941464,28,1,0,1
937272,28,1,0,1
7562736,28,1,1,0
6367144,28,1,0,1
1166568,28,1,0,1
2382000,28,1,1,0
793032,28,1,0,1
181792,28,1,0,1
6402504,28,1,1,0
4971528,28,1,1,0
4391056,28,1,0,1
1234160,28,1,0,1
4044208,28,1,1,0
904152,28,1,1,0
3738848,28,1,0,1
2182040,28,1,1,0
696584,28,1,0,1
6792576,28,1,0,1
6086048,28,1,0,1
6964440,28,1,1,0
1607872,28,1,1,0
1176488,28,1,1,0
4787664,28,1,1,0
744768,28,1,1,0
2562600,28,1,0,1
775096,28,1,1,0
2219624,28,1,0,1
851552,28,1,1,0
4379144,28,1,0,1
6495672,28,1,0,1
3553216,28,1,1,0
8045864,28,1,1,0
7368440,28,1,0,1
2626240,28,1,1,0
8182168,28,1,1,0
4682080,28,1,0,1
1062880,28,1,0,1
492432,28,1,1,0
789736,28,1,1,0
5424736,28,1,1,0
934024,28,1,1,0
3261000,28,1,0,1
5327968,28,1,0,1
499048,28,1,0,1
1478872,28,1,0,1
5465696,28,1,1,0
1807640,28,1,1,0
6841392,28,1,1,0
2264904,28,1,0,1
3895056,28,1,1,0
4952792,28,1,0,1
3345688,28,1,0,1
1004104,28,1,1,0
2882112,28,1,0,1
1739528,28,1,0,1
403536,28,1,1,0
957200,28,1,0,1
928824,28,1,0,1
637464,28,1,0,1
1839896,28,1,0,1
349048,28,1,1,0
267560,28,1,0,1
3061080,28,1,0,1
1262200,28,1,0,1
1070440,28,1,0,1
277904,28,1,0,1
4343432,28,1,0,1
1066072,28,1,0,1
545056,28,1,1,0
6568520,28,1,1,0
5010112,28,1,1,0
5556304,28,1,1,0
6095936,28,1,0,1
2061048,28,1,0,1
617560,28,1,1,0
2879376,28,1,1,0
1756608,28,1,1,0
2771304,28,1,1,0
4420352,28,1,1,0
427680,28,1,1,0
1656528,28,1,1,0
4615424,28,1,0,1
3418752,28,1,1,0
314120,28,1,0,1
3758608,28,1,1,0
1531904,28,1,0,1
5835768,28,1,0,1
1519672,28,1,0,1
1918688,28,1,0,1
4374304,28,1,0,1
162456,28,1,1,0
1031720,28,1,0,1
404728,28,1,1,0
1471264,28,1,1,0
145376,28,1,1,0
4628896,28,1,1,0
687368,28,1,0,1
648032,28,1,1,0
2394104,28,1,0,1
8050128,28,1,0,1
4717160,28,1,1,0
1367736,28,1,1,0
2415600,28,1,1,0
978992,28,1,1,0
3817504,28,1,0,1
1407176,28,1,1,0
305592,28,1,0,1
3531552,28,1,1,0
2830000,28,1,0,1
2784336,28,1,1,0
204912,28,1,1,0
7202616,28,1,1,0
364608,28,1,1,0
1036344,28,1,1,0
5371624,28,1,1,0
7660192,28,1,0,1
4619312,28,1,0,1
2905400,28,1,0,1
1086576,28,1,1,0
1202368,28,1,1,0
5398360,28,1,0,1
432744,28,1,1,0
1725136,28,1,0,1
974680,28,1,0,1
7544568,28,1,0,1
2577520,28,1,0,1
1974624,28,1,1,0
269248,28,1,0,1
7103304,28,1,0,1
5649024,28,1,0,1
109560,28,1,0,1
7703920,28,1,1,0
2328360,28,1,1,0
2619224,28,1,0,1
1374696,28,1,0,1
962520,28,1,0,1
3500152,28,1,1,0
2959624,28,1,0,1
1909048,28,1,0,1
2394184,28,1,0,1
1634920,28,1,1,0
7631512,28,1,0,1
5511680,28,1,0,1
753520,28,1,0,1
1289448,28,1,0,1
2821152,28,1,0,1
3459016,28,1,0,1
2145704,28,1,0,1
7091584,28,1,0,1
4483448,28,1,0,1
6974080,28,1,0,1
573624,28,1,0,1
6058496,28,1,1,0
915184,28,1,1,0
8129872,28,1,1,0
3080184,28,1,1,0
1269600,28,1,1,0
2256056,28,1,1,0
2200360,28,1,1,0
3565032,28,1,1,0
8260248,28,1,1,0
802216,28,1,0,1
1670608,28,1,1,0
2500504,28,1,1,0
802496,28,1,1,0
7740944,28,1,1,0
3863488,28,1,1,0
546728,28,1,0,1
974824,28,1,1,0
1194816,28,1,0,1
288560,28,1,0,1
794728,28,1,1,0
3038624,28,1,0,1
3545096,28,1,1,0
2276072,28,1,0,1
1704008,28,1,1,0
313496,28,1,0,1
4147976,28,1,1,0
4294408,28,1,1,0
1392880,28,1,0,1
1314136,28,1,1,0
4960496,28,1,0,1
6425496,28,1,1,0
2536984,28,1,0,1
355048,28,1,0,1
6136152,28,1,1,0
6757536,28,1,0,1
217376,28,1,1,0
2017704,28,1,0,1
7975864,28,1,0,1
183704,28,1,0,1
6054544,28,1,1,0
3305944,28,1,0,1
2798856,28,1,1,0
6992448,28,1,1,0
894808,28,1,0,1
4369248,28,1,0,1
4802864,28,1,0,1
3946128,28,1,0,1
5297952,28,1,1,0
3181752,28,1,1,0
7539864,28,1,0,1
946960,28,1,1,0
3603496,28,1,0,1
4561512,28,1,0,1
3968336,28,1,1,0
1007376,28,1,1,0
3177720,28,1,0,1
876712,28,1,1,0
205168,28,1,0,1
698408,28,1,0,1
2705408,28,1,1,0
705064,28,1,1,0
392768,28,1,1,0
967264,28,1,0,1
5248968,28,1,1,0
1692920,28,1,0,1
332376,28,1,1,0
1212392,28,1,1,0
1901344,28,1,1,0
6061200,28,1,1,0
5409152,28,1,1,0
3748688,28,1,0,1
1643976,28,1,1,0
542744,28,1,1,0
7003144,28,1,0,1
205968,28,1,0,1
1973304,28,1,1,0
1557880,28,1,1,0
6339432,28,1,0,1
3030704,28,1,0,1
2720264,28,1,0,1
6216536,28,1,0,1
2748072,28,1,0,1
3505416,28,1,0,1
3229288,28,1,0,1
1173968,28,1,0,1
869448,28,1,0,1
7438776,28,1,1,0
4705712,28,1,0,1
3385864,28,1,1,0
644656,28,1,0,1
1420048,28,1,1,0
4342280,28,1,1,0
4097000,28,1,0,1
293688,28,1,1,0
1427048,28,1,1,0
6080616,28,1,0,1
5714112,28,1,1,0
689528,28,1,1,0
2883976,28,1,0,1
6705512,28,1,0,1
5788400,28,1,1,0
1638616,28,1,1,0
315600,28,1,1,0
2136432,28,1,0,1
2259408,28,1,0,1
292704,28,1,0,1
7654056,28,1,0,1
6068912,28,1,1,0
5717432,28,1,1,0
4599288,28,1,0,1
1417432,28,1,0,1
7369768,28,1,1,0
1246528,28,1,0,1
1726056,28,1,1,0
3065072,28,1,0,1
2562592,28,1,1,0
3606784,28,1,1,0
405816,28,1,1,0
673464,28,1,1,0
6449240,28,1,1,0
2526048,28,1,1,0
2115840,28,1,1,0
2241408,28,1,0,1
6740720,28,1,1,0
136264,28,1,1,0
1518088,28,1,0,1
1990936,28,1,0,1
6446840,28,1,0,1
7244864,28,1,0,1
6293632,28,1,1,0
382312,28,1,0,1
3043264,28,1,0,1
1188496,28,1,1,0
2295248,28,1,0,1
5586400,28,1,1,0
5962864,28,1,1,0
7723560,28,1,0,1
1068384,28,1,1,0
8375232,28,1,1,0
583456,28,1,0,1
800752,28,1,0,1
4441048,28,1,0,1
682384,28,1,1,0
826832,28,1,1,0
2750120,28,1,1,0
5272800,28,1,0,1
7913184,28,1,0,1
1359016,28,1,0,1
3505184,28,1,1,0
280248,28,1,1,0
1888024,28,1,0,1
3144744,28,1,0,1
3249280,28,1,0,1
192856,28,1,0,1
3713160,28,1,1,0
3792480,28,1,0,1
1873192,28,1,1,0
1616040,28,1,0,1
772536,28,1,0,1
1933608,28,1,0,1
1805440,28,1,0,1
7395832,28,1,1,0
571216,28,1,1,0
5382424,28,1,0,1
6591592,28,1,0,1
3956424,28,1,0,1
434688,28,1,1,0
650704,28,1,0,1
5155536,28,1,1,0
5422472,28,1,1,0
2431136,28,1,1,0
3540792,28,1,0,1
3681960,28,1,1,0
5332464,28,1,0,1
510288,28,1,0,1
4340568,28,1,0,1
5913072,28,1,1,0
4615320,28,1,0,1
8089672,28,1,1,0
1057728,28,1,1,0
483928,28,1,1,0
1299744,28,1,1,0
5185216,28,1,1,0
288984,28,1,0,1
1655112,28,1,0,1
462768,28,1,1,0
1650512,28,1,1,0
1216760,28,1,0,1
1472592,28,1,0,1
6166328,28,1,0,1
510896,28,1,0,1
2122096,28,1,0,1
5262688,28,1,0,1
7886016,28,1,0,1
2903488,28,1,1,0
3058528,28,1,0,1
3271056,28,1,0,1
849160,28,1,1,0
404616,28,1,1,0
5340776,28,1,1,0
3193376,28,1,0,1
1692128,28,1,0,1
1092912,28,1,0,1
7209496,28,1,0,1
1248008,28,1,0,1
2831600,28,1,1,0
803488,28,1,0,1
2923616,28,1,1,0
5651912,28,1,1,0
5995304,28,1,1,0
155112,28,1,1,0
6513752,28,1,1,0
328928,28,1,1,0
175864,28,1,1,0
629232,28,1,1,0
971688,28,1,0,1
7372752,28,1,0,1
4608528,28,1,1,0
1281704,28,1,0,1
3206896,28,1,0,1
8002848,28,1,0,1
1821912,28,1,1,0
453856,28,1,1,0
849712,28,1,0,1
407960,28,1,0,1
223064,28,1,0,1
8156328,28,1,1,0
464960,28,1,1,0
818552,28,1,1,0
960728,28,1,0,1
830704,28,1,1,0
6316776,28,1,0,1
4482952,28,1,0,1
3870800,28,1,1,0
339680,28,1,1,0
5311696,28,1,0,1
1274048,28,1,1,0
3685160,28,1,0,1
1637456,28,1,0,1
431384,28,1,0,1
1270992,28,1,1,0
8013704,28,1,0,1
1575568,28,1,1,0
4585216,28,1,0,1
4288896,28,1,0,1
378744,28,1,1,0
6386928,28,1,0,1
554904,28,1,0,1
8167264,28,1,1,0
3108248,28,1,1,0
1448680,28,1,1,0
510712,28,1,1,0
8132248,28,1,0,1
8372728,28,1,1,0
3730264,28,1,0,1
5394576,28,1,0,1
503064,28,1,0,1
1894384,28,1,1,0
417624,28,1,1,0
2710992,28,1,0,1
1274208,28,1,0,1
826224,28,1,1,0
6592496,28,1,0,1
5306984,28,1,1,0
3679040,28,1,1,0
202496,28,1,0,1
3731088,28,1,1,0
7460488,28,1,0,1
3292872,28,1,0,1
1617712,28,1,1,0
4524688,28,1,1,0
7542600,28,1,1,0
5806408,28,1,1,0
628368,28,1,0,1
335488,28,1,0,1
3237464,28,1,1,0
4074976,28,1,1,0
8377480,28,1,1,0
401896,28,1,0,1
3933456,28,1,1,0
3689096,28,1,1,0
2898864,28,1,1,0
1426232,28,1,0,1
334744,28,1,0,1
2148480,28,1,1,0
1366680,28,1,1,0
2037768,28,1,1,0
1294896,28,1,0,1
890096,28,1,0,1
5531216,28,1,0,1
4797240,28,1,0,1
8211768,28,1,1,0
501032,28,1,1,0
136416,28,1,1,0
6103680,28,1,1,0
1716384,28,1,1,0
325816,28,1,1,0
3519528,28,1,1,0
348136,28,1,1,0
2557848,28,1,0,1
2748808,28,1,0,1
820688,28,1,1,0
8073544,28,1,0,1
3497904,28,1,0,1
8141880,28,1,0,1
814792,28,1,0,1
7867640,28,1,0,1
474632,28,1,0,1
3592176,28,1,1,0
898248,28,1,0,1
3994744,28,1,0,1
548248,28,1,1,0
1541968,28,1,0,1
5729080,28,1,0,1
6889584,28,1,1,0
1221112,28,1,1,0
1298376,28,1,1,0
2562672,28,1,0,1
2662992,28,1,1,0
1856992,28,1,0,1
5811192,28,1,0,1
1905656,28,1,0,1
1142632,28,1,1,0
3609600,28,1,0,1
2701872,28,1,1,0
2186440,28,1,0,1
1380856,28,1,0,1
1533480,28,1,0,1
609824,28,1,0,1
3137216,28,1,0,1
1434024,28,1,1,0
1375384,28,1,1,0
669224,28,1,0,1
1525656,28,1,1,0
162048,28,1,1,0
2010000,28,1,1,0
1112528,28,1,0,1
1177680,28,1,0,1
1733056,28,1,1,0
618984,28,1,1,0
6927136,28,1,0,1
6246888,28,1,1,0
2181912,28,1,1,0
5539456,28,1,1,0
4705344,28,1,0,1
2074472,28,1,1,0
623272,28,1,0,1
2170384,28,1,1,0
1085728,28,1,0,1
4267272,28,1,0,1
444976,28,1,1,0
3281696,28,1,0,1
1881280,28,1,0,1
2395232,28,1,1,0
1171096,28,1,1,0
6036048,28,1,1,0
680560,28,1,0,1
4245016,28,1,0,1
4628352,28,1,1,0
1660872,28,1,0,1
1767288,28,1,1,0
623016,28,1,0,1
3409992,28,1,1,0
961928,28,1,0,1
2111240,28,1,0,1
546672,28,1,0,1
1668752,28,1,1,0
504840,28,1,1,0
6935568,28,1,0,1
4654560,28,1,1,0
2502864,28,1,0,1
104640,28,1,0,1
617912,28,1,0,1
1029384,28,1,1,0
1883392,28,1,1,0
3985816,28,1,1,0
2982680,28,1,1,0
198160,28,1,0,1
139928,28,1,1,0
3043216,28,1,1,0
4872856,28,1,0,1
589304,28,1,0,1
792576,28,1,0,1
579712,28,1,1,0
3556008,28,1,0,1
2726088,28,1,1,0
420280,28,1,1,0
7111992,28,1,0,1
1710848,28,1,1,0
3459704,28,1,0,1
1140056,28,1,1,0
1941744,28,1,1,0
189328,28,1,1,0
728480,28,1,0,1
3069064,28,1,1,0
409712,28,1,0,1
2973744,28,1,1,0
2022968,28,1,1,0
1636280,28,1,0,1
8187080,28,1,1,0
8016872,28,1,0,1
783224,28,1,1,0
5073320,28,1,0,1
5307432,28,1,0,1
5981904,28,1,0,1
7989552,28,1,1,0
3740600,28,1,0,1
2099432,28,1,1,0
3178560,28,1,0,1
2847064,28,1,0,1
4682304,28,1,1,0
5978512,28,1,1,0
1701200,28,1,0,1
1392856,28,1,1,0
709456,28,1,0,1
6320616,28,1,0,1
4599112,28,1,0,1
5868856,28,1,1,0
2379512,28,1,0,1
4897920,28,1,1,0
221904,28,1,1,0
2895016,28,1,1,0
1594712,28,1,1,0
3837920,28,1,1,0
2059008,28,1,0,1
2315032,28,1,1,0
7518904,28,1,0,1
518296,28,1,1,0
2408888,28,1,1,0
1241816,28,1,1,0
3385424,28,1,0,1
1550992,28,1,0,1
811944,28,1,0,1
649392,28,1,0,1
4191216,28,1,0,1
2806304,28,1,0,1
842344,28,1,1,0
1451272,28,1,1,0
2034600,28,1,0,1
3501816,28,1,1,0
629712,28,1,0,1
705560,28,1,0,1
1456400,28,1,0,1
5340680,28,1,1,0
1070384,28,1,0,1
1718536,28,1,1,0
6179296,28,1,1,0
5849440,28,1,1,0
556784,28,1,0,1
83920,28,1,1,0
4194608,28,1,1,0
645864,28,1,0,1
2618504,28,1,1,0
636952,28,1,1,0
8097816,28,1,1,0
4144976,28,1,0,1
2824888,28,1,0,1
5470024,28,1,0,1
271256,28,1,0,1
3509536,28,1,0,1
2252096,28,1,1,0
5528720,28,1,1,0
131000,28,1,1,0
1323224,28,1,0,1
1770504,28,1,1,0
4893312,28,1,0,1
4502912,28,1,0,1
2664048,28,1,1,0
1017184,28,1,1,0
3450496,28,1,0,1
7840864,28,1,1,0
775032,28,1,0,1
2169824,28,1,0,1
510168,28,1,1,0
207184,28,1,0,1
2085296,28,1,0,1
5672664,28,1,1,0
677240,28,1,0,1
1697112,28,1,1,0
1006440,28,1,0,1
1962544,28,1,0,1
7151960,28,1,1,0
1918264,28,1,0,1
8302624,28,1,0,1
925904,28,1,0,1
5762600,28,1,0,1
7071416,28,1,1,0
2952536,28,1,0,1
474208,28,1,1,0
7796768,28,1,1,0
6112736,28,1,0,1
4565552,28,1,1,0
2054216,28,1,1,0
849256,28,1,0,1
231968,28,1,0,1
906344,28,1,0,1
8213224,28,1,0,1
7595856,28,1,0,1
1147128,28,1,0,1
4391000,28,1,0,1
2451408,28,1,1,0
2236208,28,1,0,1
1588960,28,1,1,0
2472128,28,1,1,0
1312128,28,1,0,1
7916464,28,1,1,0
1031800,28,1,1,0
1186384,28,1,0,1
3331544,28,1,0,1
4020624,28,1,0,1
8372304,28,1,1,0
5803240,28,1,0,1
6446920,28,1,0,1
3778328,28,1,1,0
303096,28,1,0,1
798448,28,1,0,1
2257504,28,1,1,0
1130800,28,1,1,0
7681152,28,1,0,1
6828336,28,1,0,1
416184,28,1,0,1
583888,28,1,0,1
861640,28,1,0,1
4524168,28,1,1,0
1358024,28,1,1,0
5381936,28,1,1,0
270800,28,1,1,0
1627656,28,1,0,1
2594272,28,1,0,1
92520,28,1,1,0
4328456,28,1,1,0
4195504,28,1,1,0
2623560,28,1,0,1
1905680,28,1,1,0
8234600,28,1,1,0
3722008,28,1,1,0
1596120,28,1,0,1
187080,28,1,1,0
3385832,28,1,1,0
661712,28,1,0,1
4297688,28,1,0,1
1810456,28,1,0,1
423008,28,1,1,0
1136536,28,1,1,0
453984,28,1,1,0
6741136,28,1,1,0
799176,28,1,1,0
990000,28,1,1,0
1667616,28,1,1,0
5604224,28,1,1,0
934152,28,1,1,0
2848848,28,1,1,0
863720,28,1,1,0
344312,28,1,1,0
4123840,28,1,1,0
7490144,28,1,1,0
786584,28,1,1,0
2772480,28,1,1,0
5132848,28,1,1,0
2752328,28,1,1,0
5875576,28,1,1,0
592856,28,1,0,1
5177392,28,1,0,1
2088712,28,1,0,1
1038488,28,1,0,1
890640,28,1,1,0
5913600,28,1,0,1
7355536,28,1,1,0
2636560,28,1,1,0
786904,28,1,1,0
7212848,28,1,1,0
4937304,28,1,0,1
664088,28,1,1,0
6365680,28,1,0,1
482352,28,1,0,1
1729144,28,1,1,0
2015288,28,1,0,1
5490384,28,1,1,0
215264,28,1,0,1
3215328,28,1,0,1
5815336,28,1,0,1
4808216,28,1,1,0
504096,28,1,1,0
2693752,28,1,1,0
2871040,28,1,1,0
5467608,28,1,0,1
3036512,28,1,1,0
774040,28,1,0,1
3975664,28,1,0,1
2033184,28,1,0,1
2200984,28,1,1,0
428776,28,1,1,0
1059584,28,1,0,1
1204520,28,1,0,1
361064,28,1,1,0
148616,28,1,0,1
6941976,28,1,1,0
3717264,28,1,1,0
4787912,28,1,1,0
111248,28,1,1,0
4096272,28,1,0,1
6288592,28,1,1,0
3114104,28,1,1,0
933144,28,1,1,0
8259232,28,1,0,1
3783328,28,1,0,1
5207560,28,1,1,0
5283280,28,1,0,1
6064464,28,1,0,1
1050776,28,1,1,0
6343808,28,1,1,0
4721808,28,1,0,1
1205280,28,1,1,0
1212088,28,1,0,1
4284608,28,1,1,0
3356272,28,1,0,1
5114872,28,1,1,0
7871816,28,1,1,0
7253136,28,1,1,0
5802224,28,1,0,1
5193424,28,1,1,0
5256008,28,1,0,1
4406072,28,1,1,0
434520,28,1,1,0
1101552,28,1,1,0
3401192,28,1,1,0
1304424,28,1,0,1
346336,28,1,0,1
5958768,28,1,0,1
3055080,28,1,0,1
831712,28,1,0,1
1432808,28,1,1,0
2405968,28,1,0,1
8071336,28,1,0,1
1493320,28,1,0,1
4260248,28,1,0,1
274112,28,1,0,1
1101720,28,1,0,1
713208,28,1,1,0
4406848,28,1,1,0
4223416,28,1,1,0
591200,28,1,0,1
3868088,28,1,0,1
5860576,28,1,1,0
4775168,28,1,1,0
1868600,28,1,0,1
2963776,28,1,1,0
8000560,28,1,0,1
895088,28,1,0,1
8243456,28,1,0,1
224336,28,1,1,0
1335136,28,1,0,1
4232368,28,1,1,0
2304784,28,1,0,1
925848,28,1,0,1
6248688,28,1,0,1
5260416,28,1,0,1
1538280,28,1,1,0
1504008,28,1,1,0
338344,28,1,0,1
4547544,28,1,0,1
5285792,28,1,1,0
3328392,28,1,0,1
4855968,28,1,0,1
2028328,28,1,0,1
152160,28,1,0,1
5372400,28,1,1,0
358760,28,1,0,1
176696,28,1,1,0
793008,28,1,0,1
998152,28,1,1,0
1229720,28,1,1,0
7498752,28,1,0,1
1185856,28,1,1,0
8134656,28,1,1,0
4119896,28,1,0,1
3519272,28,1,1,0
5940976,28,1,0,1
2719880,28,1,0,1
1574576,28,1,0,1
1260720,28,1,0,1
3148952,28,1,1,0
8126976,28,1,1,0
3489392,28,1,1,0
4522768,28,1,0,1
5503832,28,1,0,1
1694760,28,1,1,0
325528,28,1,1,0
1734640,28,1,1,0
1728984,28,1,1,0
1309248,28,1,1,0
607848,28,1,0,1
877368,28,1,0,1
910808,28,1,1,0
1056728,28,1,0,1
2652392,28,1,1,0
296000,28,1,1,0
5754656,28,1,1,0
7855176,28,1,0,1
1729864,28,1,1,0
2408696,28,1,1,0
972064,28,1,0,1
4764648,28,1,1,0
1814280,28,1,1,0
5718160,28,1,1,0
873800,28,1,0,1
628832,28,1,0,1
2543072,28,1,1,0
676872,28,1,1,0
5366104,28,1,0,1
3888096,28,1,0,1
545568,28,1,0,1
3397496,28,1,1,0
1802904,28,1,1,0
5498088,28,1,1,0
780488,28,1,1,0
418256,28,1,0,1
7808992,28,1,1,0
623656,28,1,0,1
5553848,28,1,0,1
113712,28,1,0,1
4000552,28,1,0,1
392912,28,1,0,1
726960,28,1,1,0
999472,28,1,0,1
571424,28,1,1,0
287888,28,1,0,1
2355320,28,1,0,1
4232752,28,1,1,0
2939992,28,1,0,1
779216,28,1,1,0
2989232,28,1,1,0
4902208,28,1,1,0
3686496,28,1,1,0
5558984,28,1,1,0
962024,28,1,0,1
5033480,28,1,1,0
1152432,28,1,1,0
374992,28,1,1,0
944152,28,1,0,1
4596216,28,1,1,0
2683408,28,1,1,0
1736824,28,1,0,1
1081216,28,1,1,0
2746416,28,1,0,1
1143280,28,1,1,0
6868400,28,1,0,1
662392,28,1,1,0
5171064,28,1,0,1
3957032,28,1,0,1
2352808,28,1,1,0
3868832,28,1,0,1
1226800,28,1,0,1
3741800,28,1,1,0
397280,28,1,0,1
1909712,28,1,1,0
1252776,28,1,1,0
5268640,28,1,1,0
2997360,28,1,0,1
1169448,28,1,1,0
5974344,28,1,0,1
5503912,28,1,1,0
2010872,28,1,0,1
1513856,28,1,0,1
940048,28,1,0,1
2739368,28,1,0,1
2426952,28,1,1,0
3897896,28,1,0,1
336536,28,1,0,1
5642456,28,1,0,1
2528576,28,1,1,0
2890064,28,1,0,1
806464,28,1,0,1
364376,28,1,0,1
5772944,28,1,0,1
638792,28,1,0,1
369168,28,1,1,0
5294008,28,1,0,1
3909552,28,1,0,1
891288,28,1,0,1
2884600,28,1,0,1
1847040,28,1,1,0
5485128,28,1,0,1
4239312,28,1,1,0
4280728,28,1,1,0
7430784,28,1,0,1
4191288,28,1,0,1
4729160,28,1,1,0
4928504,28,1,0,1
422312,28,1,1,0
3163584,28,1,0,1
343912,28,1,1,0
272856,28,1,1,0
845752,28,1,0,1
1016344,28,1,0,1
325776,28,1,0,1
5893840,28,1,0,1
1748568,28,1,1,0
8057680,28,1,0,1
1485424,28,1,1,0
259936,28,1,1,0
7261736,28,1,0,1
4543152,28,1,0,1
1579912,28,1,0,1
3227048,28,1,0,1
363264,28,1,0,1
406992,28,1,0,1
5938728,28,1,0,1
331624,28,1,0,1
641232,28,1,1,0
5478376,28,1,1,0
657112,28,1,0,1
1488192,28,1,0,1
703128,28,1,0,1
1753216,28,1,0,1
2460160,28,1,1,0
2302176,28,1,1,0
349784,28,1,1,0
6573752,28,1,1,0
7425872,28,1,0,1
525912,28,1,1,0
705944,28,1,0,1
1485600,28,1,1,0
2305448,28,1,0,1
2781928,28,1,1,0
607768,28,1,1,0
974392,28,1,0,1
2146848,28,1,0,1
5899288,28,1,1,0
6328608,28,1,0,1
3048888,28,1,0,1
2498152,28,1,1,0
3162432,28,1,0,1
4469616,28,1,1,0
3768976,28,1,0,1
4912336,28,1,0,1
7896016,28,1,0,1
930808,28,1,0,1
3132376,28,1,1,0
1554064,28,1,0,1
3940608,28,1,1,0
6314008,28,1,0,1
6663720,28,1,0,1
6617304,28,1,1,0
1882304,28,1,1,0
6383640,28,1,1,0
1417656,28,1,0,1
1093160,28,1,0,1
2160552,28,1,1,0
1659080,28,1,1,0
1130592,28,1,1,0
3721560,28,1,1,0
7719552,28,1,1,0
8027312,28,1,1,0
1353360,28,1,1,0
2854768,28,1,0,1
1682624,28,1,1,0
2132584,28,1,0,1
484008,28,1,1,0
1019760,28,1,0,1
2926744,28,1,0,1
4131104,28,1,0,1
1690976,28,1,1,0
1620392,28,1,1,0
605976,28,1,1,0
1730304,28,1,0,1
370360,28,1,1,0
3836512,28,1,0,1
5130040,28,1,0,1
1981848,28,1,1,0
5840360,28,1,1,0
1329272,28,1,0,1
1174256,28,1,0,1
2248440,28,1,1,0
2651608,28,1,0,1
4337192,28,1,0,1
4386176,28,1,1,0
797640,28,1,0,1
141544,28,1,0,1
259336,28,1,1,0
2490616,28,1,0,1
3367304,28,1,0,1
4709368,28,1,0,1
406664,28,1,0,1
4141856,28,1,1,0
5901792,28,1,0,1
4348312,28,1,0,1
1633552,28,1,0,1
1779296,28,1,1,0
632056,28,1,0,1
6356192,28,1,0,1
867080,28,1,1,0
1143400,28,1,1,0
131312,28,1,0,1
371552,28,1,0,1
1092792,28,1,1,0
276800,28,1,0,1
4752216,28,1,0,1
5367728,28,1,0,1
5492272,28,1,1,0
316168,28,1,0,1
8231480,28,1,1,0
1038168,28,1,0,1
1095816,28,1,0,1
878072,28,1,0,1
595088,28,1,1,0
2267400,28,1,0,1
5463856,28,1,1,0
5381256,28,1,0,1
3705640,28,1,1,0
1091920,28,1,1,0
1101992,28,1,0,1
4950704,28,1,0,1
6887232,28,1,0,1
5940280,28,1,1,0
4745456,28,1,1,0
3729120,28,1,1,0
6494216,28,1,1,0
5435968,28,1,1,0
5839848,28,1,1,0
5402232,28,1,1,0
2161488,28,1,1,0
3148920,28,1,0,1
475840,28,1,0,1
1483864,28,1,1,0
530368,28,1,0,1
213384,28,1,1,0
1524928,28,1,0,1
3082984,28,1,1,0
2818896,28,1,0,1
143896,28,1,1,0
1349056,28,1,1,0
2457496,28,1,1,0
1986376,28,1,1,0
1296744,28,1,0,1
350960,28,1,1,0
7574920,28,1,0,1
3391104,28,1,1,0
3367704,28,1,0,1
3664728,28,1,1,0
245544,28,1,1,0
2769008,28,1,1,0
295784,28,1,1,0
452408,28,1,0,1
5947864,28,1,0,1
3174488,28,1,1,0
1543424,28,1,1,0
1052128,28,1,0,1
4378584,28,1,1,0
1517944,28,1,0,1
86712,28,1,0,1
869288,28,1,1,0
3755824,28,1,1,0
667488,28,1,0,1
4167232,28,1,1,0
2192904,28,1,0,1
2023736,28,1,0,1
3970152,28,1,1,0
7635336,28,1,1,0
259632,28,1,0,1
1889976,28,1,0,1
611896,28,1,0,1
2672472,28,1,0,1
3464920,28,1,1,0
5266280,28,1,1,0
4500608,28,1,0,1
6402408,28,1,0,1
5292352,28,1,1,0
1653144,28,1,1,0
5448496,28,1,1,0
4893320,28,1,0,1
4355424,28,1,0,1
397616,28,1,1,0
3273152,28,1,1,0
285528,28,1,1,0
2080152,28,1,1,0
7616392,28,1,1,0
3222480,28,1,1,0
5738472,28,1,0,1
1146920,28,1,1,0
1337272,28,1,0,1
3270736,28,1,1,0
2629408,28,1,1,0
1810200,28,1,0,1
929912,28,1,1,0
5128200,28,1,0,1
876800,28,1,0,1
5928880,28,1,0,1
1674808,28,1,0,1
1306352,28,1,1,0
1225008,28,1,1,0
4165520,28,1,0,1
1903200,28,1,1,0
1237464,28,1,1,0
590512,28,1,0,1
1824488,28,1,0,1
3355136,28,1,0,1
1028032,28,1,0,1
7311120,28,1,1,0
2048880,28,1,1,0
1175712,28,1,0,1
745208,28,1,0,1
1862808,28,1,0,1
7064464,28,1,1,0
6359072,28,1,0,1
2926344,28,1,0,1
3612272,28,1,1,0
316648,28,1,0,1
2418792,28,1,1,0
1830120,28,1,1,0
5183088,28,1,1,0
7709600,28,1,0,1
5669880,28,1,1,0
3635336,28,1,0,1
1544944,28,1,1,0
1098000,28,1,0,1
4369664,28,1,1,0
4317424,28,1,1,0
3480520,28,1,1,0
1694800,28,1,0,1
1665152,28,1,1,0
2372152,28,1,1,0
3441968,28,1,0,1
8317312,28,1,0,1
2686656,28,1,0,1
693184,28,1,0,1
1801568,28,1,0,1
1802856,28,1,0,1
2186000,28,1,1,0
846048,28,1,1,0
5286224,28,1,1,0
4798168,28,1,0,1
4568320,28,1,0,1
3236016,28,1,0,1
4425568,28,1,0,1
471904,28,1,1,0
575648,28,1,1,0
2209848,28,1,0,1
954688,28,1,1,0
957520,28,1,0,1
7174736,28,1,0,1
3567912,28,1,1,0
3891368,28,1,0,1
4195328,28,1,0,1
216408,28,1,0,1
1773232,28,1,1,0
4115616,28,1,0,1
5819608,28,1,1,0
428056,28,1,0,1
6452312,28,1,0,1
6857464,28,1,1,0
249448,28,1,0,1
2428464,28,1,1,0
474280,28,1,0,1
6038136,28,1,1,0
3985904,28,1,1,0
396984,28,1,1,0
4516392,28,1,1,0
1148448,28,1,0,1
591736,28,1,1,0
2713368,28,1,0,1
4573312,28,1,1,0
6366016,28,1,1,0
2161224,28,1,0,1
417336,28,1,1,0
2175376,28,1,1,0
1032656,28,1,0,1
4346480,28,1,1,0
1692528,28,1,0,1
696312,28,1,1,0
2070376,28,1,0,1
6527336,28,1,1,0
3564192,28,1,0,1
332840,28,1,1,0
2266664,28,1,0,1
2669512,28,1,0,1
2658200,28,1,1,0
2461400,28,1,1,0
4710232,28,1,1,0
4103760,28,1,0,1
2004080,28,1,1,0
376232,28,1,0,1
2745056,28,1,0,1
518288,28,1,1,0
1380632,28,1,1,0
5964952,28,1,1,0
407928,28,1,0,1
6759680,28,1,1,0
7938936,28,1,0,1
4331464,28,1,0,1
3564752,28,1,0,1
5089320,28,1,1,0
315848,28,1,1,0
4429056,28,1,1,0
4042840,28,1,1,0
8206088,28,1,0,1
1847120,28,1,1,0
4652848,28,1,1,0
2773184,28,1,1,0
1831360,28,1,1,0
3332336,28,1,1,0
2553880,28,1,1,0
3819912,28,1,0,1
5080960,28,1,0,1
1544528,28,1,0,1
1258192,28,1,1,0
1382496,28,1,0,1
2376696,28,1,1,0
2370128,28,1,0,1
4837560,28,1,0,1
242712,28,1,1,0
2006048,28,1,1,0
4547352,28,1,0,1
1129808,28,1,1,0
6374080,28,1,1,0
2540256,28,1,1,0
5660384,28,1,0,1
7400832,28,1,0,1
1640744,28,1,0,1
6097112,28,1,1,0
478176,28,1,0,1
653488,28,1,0,1
1468656,28,1,1,0
6358736,28,1,0,1
801784,28,1,0,1
3262240,28,1,1,0
4192296,28,1,1,0
2664616,28,1,0,1
4806664,28,1,1,0
3203048,28,1,1,0
1910776,28,1,0,1
881952,28,1,1,0
447648,28,1,1,0
223984,28,1,1,0
3871448,28,1,0,1
3344688,28,1,0,1
1000840,28,1,1,0
492184,28,1,1,0
1875520,28,1,1,0
971504,28,1,0,1
2845256,28,1,1,0
938936,28,1,0,1
8237216,28,1,1,0
818392,28,1,1,0
567792,28,1,0,1
764176,28,1,0,1
286128,28,1,1,0
1741600,28,1,0,1
3184144,28,1,1,0
2193880,28,1,0,1
1176904,28,1,1,0
2445864,28,1,1,0
604960,28,1,1,0
5494496,28,1,1,0
1626056,28,1,1,0
2496232,28,1,0,1
406104,28,1,1,0
6324448,28,1,1,0
3063168,28,1,1,0
2587608,28,1,1,0
692720,28,1,0,1
289264,28,1,1,0
7929768,28,1,1,0
1870936,28,1,1,0
1101896,28,1,0,1
2299872,28,1,1,0
197352,28,1,1,0
5851200,28,1,1,0
3545576,28,1,1,0
322304,28,1,0,1
4542112,28,1,1,0
3595720,28,1,0,1
7123992,29,1,0,1
5997232,29,1,1,0
571560,29,1,0,1
5835256,29,1,0,1
1453632,29,1,1,0
187936,29,1,0,1
4413296,29,1,1,0
2116800,29,1,1,0
3910704,29,1,0,1
5616080,29,1,1,0
2482112,29,1,1,0
1776328,29,1,0,1
5162720,29,1,0,1
5555568,29,1,0,1
1284160,29,1,0,1
8139072,29,1,0,1
597224,29,1,1,0
1239992,29,1,0,1
4605016,29,1,1,0
8231952,29,1,1,0
5431608,29,1,1,0
4949392,29,1,0,1
3398344,29,1,1,0
5226880,29,1,0,1
4754464,29,1,0,1
4815824,29,1,1,0
1948552,29,1,1,0
8231256,29,1,0,1
226352,29,1,0,1
142368,29,1,0,1
2105920,29,1,1,0
436024,29,1,0,1
1835528,29,1,0,1
6374008,29,1,1,0
1588096,29,1,0,1
3164448,29,1,0,1
1861136,29,1,1,0
1288936,29,1,0,1
6325656,29,1,1,0
7502352,29,1,1,0
418304,29,1,1,0
218128,29,1,1,0
223728,29,1,0,1
7657328,29,1,0,1
1151792,29,1,0,1
3487472,29,1,1,0
5299760,29,1,0,1
2358728,29,1,1,0
3204248,29,1,1,0
478488,29,1,0,1
2655696,29,1,1,0
8317928,29,1,1,0
469832,29,1,0,1
3673976,29,1,0,1
3736480,29,1,0,1
6566744,29,1,0,1
2661872,29,1,1,0
6062192,29,1,1,0
1643712,29,1,0,1
1013944,29,1,0,1
5142976,29,1,1,0
6286184,29,1,1,0
3564656,29,1,1,0
317776,29,1,0,1
1747312,29,1,0,1
5510200,29,1,1,0
4536568,29,1,1,0
620056,29,1,0,1
1016000,29,1,1,0
590328,29,1,0,1
2994856,29,1,1,0
4306168,29,1,1,0
1631608,29,1,0,1
4460648,29,1,1,0
2998040,29,1,1,0
706064,29,1,1,0
5287912,29,1,0,1
5718144,29,1,0,1
456192,29,1,0,1
468664,29,1,1,0
6855656,29,1,0,1
2203832,29,1,1,0
306856,29,1,1,0
447088,29,1,1,0
2260656,29,1,0,1
426456,29,1,1,0
1311456,29,1,0,1
583544,29,1,1,0
7507104,29,1,0,1
1430304,29,1,0,1
608888,29,1,0,1
7249184,29,1,0,1
4057192,29,1,1,0
528104,29,1,0,1
2783272,29,1,0,1
155064,29,1,1,0
909448,29,1,0,1
6971440,29,1,1,0
4088664,29,1,1,0
1217200,29,1,0,1
2725536,29,1,1,0
822456,29,1,0,1
201000,29,1,1,0
3842520,29,1,1,0
1007056,29,1,0,1
2101056,29,1,0,1
2630344,29,1,0,1
8186096,29,1,0,1
1133864,29,1,1,0
5143752,29,1,1,0
2770368,29,1,0,1
1019720,29,1,0,1
1561808,29,1,0,1
221456,29,1,1,0
7825304,29,1,1,0
2122424,29,1,1,0
1175728,29,1,1,0
488648,29,1,1,0
3790240,29,1,0,1
735312,29,1,0,1
6041720,29,1,1,0
6547264,29,1,1,0
337632,29,1,1,0
2848632,29,1,0,1
486536,29,1,0,1
3729464,29,1,1,0
2407112,29,1,0,1
769008,29,1,0,1
1546696,29,1,1,0
92176,29,1,0,1
4191848,29,1,0,1
2992136,29,1,1,0
1323296,29,1,1,0
6774800,29,1,1,0
159840,29,1,1,0
1673928,29,1,0,1
2488880,29,1,1,0
311248,29,1,1,0
2203064,29,1,0,1
792336,29,1,1,0
6680056,29,1,1,0
5323888,29,1,0,1
1827288,29,1,1,0
676800,29,1,1,0
851328,29,1,0,1
3485344,29,1,1,0
3579272,29,1,1,0
2926160,29,1,0,1
412840,29,1,0,1
1110408,29,1,0,1
6079920,29,1,0,1
574752,29,1,1,0
319808,29,1,1,0
3979560,29,1,0,1
1508008,29,1,1,0
2601872,29,1,0,1
7240952,29,1,0,1
5483008,29,1,0,1
8093688,29,1,0,1
674024,29,1,1,0
4491680,29,1,0,1
358392,29,1,1,0
712152,29,1,1,0
4705832,29,1,0,1
2909736,29,1,0,1
1781184,29,1,1,0
4371304,29,1,0,1
2744896,29,1,1,0
387608,29,1,0,1
6377160,29,1,0,1
584096,29,1,0,1
193688,29,1,1,0
4884272,29,1,0,1
1227680,29,1,1,0
1407952,29,1,1,0
288392,29,1,1,0
4440544,29,1,1,0
3030912,29,1,1,0
1328120,29,1,0,1
6112528,29,1,0,1
1652136,29,1,1,0
3957456,29,1,1,0
4345216,29,1,1,0
1316528,29,1,1,0
4838944,29,1,0,1
6909128,29,1,1,0
1550176,29,1,0,1
220928,29,1,1,0
941600,29,1,0,1
6629488,29,1,1,0
2067784,29,1,0,1
8166560,29,1,1,0
7725152,29,1,0,1
1739912,29,1,0,1
1827480,29,1,0,1
423488,29,1,1,0
1563336,29,1,1,0
130008,29,1,0,1
2193768,29,1,0,1
1266192,29,1,1,0
4714960,29,1,0,1
4860744,29,1,1,0
2190232,29,1,0,1
7169496,29,1,0,1
736200,29,1,0,1
6587568,29,1,0,1
429536,29,1,0,1
1339584,29,1,1,0
4546912,29,1,1,0
737976,29,1,0,1
692848,29,1,1,0
3469640,29,1,1,0
6812648,29,1,0,1
420656,29,1,1,0
5250392,29,1,1,0
2401272,29,1,0,1
5173272,29,1,1,0
1693328,29,1,0,1
1441624,29,1,1,0
3713944,29,1,1,0
5732336,29,1,1,0
2385112,29,1,0,1
4874440,29,1,1,0
250664,29,1,0,1
3490352,29,1,0,1
875432,29,1,1,0
1421064,29,1,1,0
4398576,29,1,0,1
5703808,29,1,0,1
1078712,29,1,1,0
3978112,29,1,1,0
493328,29,1,1,0
2454408,29,1,1,0
8200712,29,1,0,1
369128,29,1,0,1
1787584,29,1,0,1
5430784,29,1,1,0
855856,29,1,0,1
6328440,29,1,1,0
7446976,29,1,1,0
312112,29,1,0,1
4325064,29,1,0,1
7328184,29,1,1,0
340336,29,1,1,0
1960168,29,1,0,1
1284128,29,1,0,1
1501504,29,1,1,0
3398728,29,1,1,0
5979800,29,1,0,1
2874408,29,1,0,1
542144,29,1,0,1
7842744,29,1,1,0
673000,29,1,1,0
3494256,29,1,1,0
7567816,29,1,0,1
8055600,29,1,0,1
897952,29,1,1,0
1486608,29,1,0,1
932464,29,1,1,0
282928,29,1,1,0
935152,29,1,1,0
1610088,29,1,1,0
669656,29,1,0,1
2573680,29,1,1,0
576448,29,1,0,1
1361328,29,1,0,1
408096,29,1,0,1
5684544,29,1,1,0
1271776,29,1,0,1
5882888,29,1,0,1
1821824,29,1,1,0
5782712,29,1,1,0
4410432,29,1,1,0
723536,29,1,1,0
868928,29,1,0,1
2626712,29,1,1,0
6935288,29,1,1,0
4002672,29,1,1,0
587088,29,1,0,1
4014000,29,1,1,0
6653192,29,1,0,1
5450256,29,1,0,1
2959240,29,1,0,1
4224960,29,1,1,0
286552,29,1,1,0
3803384,29,1,1,0
1074664,29,1,1,0
3862040,29,1,1,0
1147088,29,1,0,1
3096224,29,1,1,0
743584,29,1,0,1
402272,29,1,0,1
5636824,29,1,0,1
821672,29,1,0,1
2608992,29,1,0,1
1574472,29,1,1,0
423016,29,1,0,1
5717664,29,1,1,0
6213008,29,1,1,0
4853912,29,1,0,1
4690264,29,1,0,1
4280152,29,1,1,0
1263080,29,1,0,1
8355224,29,1,0,1
3299088,29,1,1,0
2149544,29,1,0,1
415296,29,1,0,1
1434352,29,1,1,0
5174936,29,1,1,0
802632,29,1,0,1
3977968,29,1,0,1
3457328,29,1,1,0
1661928,29,1,0,1
1352168,29,1,0,1
2467208,29,1,1,0
6225392,29,1,1,0
4622416,29,1,1,0
1208296,29,1,1,0
1958432,29,1,0,1
7404792,29,1,1,0
1524504,29,1,0,1
6605624,29,1,0,1
7978224,29,1,1,0
8311272,29,1,1,0
2685792,29,1,0,1
2700480,29,1,1,0
1171896,29,1,1,0
4038288,29,1,0,1
2766880,29,1,1,0
608392,29,1,0,1
1169600,29,1,0,1
1251880,29,1,1,0
3799768,29,1,1,0
1861456,29,1,1,0
5569968,29,1,0,1
1737128,29,1,0,1
1581560,29,1,1,0
1219384,29,1,1,0
4485696,29,1,1,0
2805872,29,1,1,0
8187392,29,1,1,0
3456592,29,1,1,0
824360,29,1,1,0
1791432,29,1,0,1
6322360,29,1,1,0
6985200,29,1,1,0
3937864,29,1,1,0
1073296,29,1,0,1
4673808,29,1,0,1
167168,29,1,1,0
2118464,29,1,1,0
6393392,29,1,1,0
542632,29,1,1,0
999088,29,1,0,1
1045264,29,1,1,0
2425424,29,1,1,0
1270048,29,1,1,0
3064968,29,1,0,1
2393480,29,1,0,1
3838152,29,1,0,1
3622128,29,1,1,0
254960,29,1,1,0
5158056,29,1,1,0
7058912,29,1,1,0
305912,29,1,0,1
6172544,29,1,1,0
2699216,29,1,1,0
776896,29,1,1,0
948856,29,1,0,1
4279960,29,1,0,1
1466432,29,1,1,0
1389472,29,1,0,1
4640520,29,1,1,0
7749584,29,1,1,0
1202096,29,1,0,1
1058064,29,1,1,0
2419728,29,1,1,0
204496,29,1,0,1
5323008,29,1,0,1
694096,29,1,0,1
285200,29,1,0,1
2295040,29,1,1,0
2969368,29,1,1,0
2990664,29,1,0,1
2128984,29,1,0,1
517888,29,1,0,1
7687960,29,1,1,0
577680,29,1,1,0
6123008,29,1,0,1
3906792,29,1,0,1
1561744,29,1,0,1
3229256,29,1,1,0
3168824,29,1,0,1
489304,29,1,0,1
4984528,29,1,0,1
4484624,29,1,1,0
7944192,29,1,1,0
1031136,29,1,1,0
1400288,29,1,0,1
4406608,29,1,1,0
7448328,29,1,1,0
3500760,29,1,0,1
4051344,29,1,1,0
7014920,29,1,1,0
665496,29,1,0,1
5880864,29,1,1,0
2714536,29,1,1,0
3419824,29,1,1,0
373344,29,1,1,0
2047856,29,1,0,1
2799608,29,1,1,0
1751472,29,1,0,1
3764584,29,1,0,1
3968216,29,1,0,1
66992,29,1,1,0
1788144,29,1,1,0
2992536,29,1,0,1
254888,29,1,1,0
1482224,29,1,0,1
4560064,29,1,1,0
2501744,29,1,1,0
220296,29,1,1,0
4049400,29,1,1,0
1587080,29,1,1,0
6592968,29,1,0,1
3044192,29,1,1,0
2540120,29,1,0,1
3394968,29,1,1,0
293272,29,1,1,0
773120,29,1,1,0
1153976,29,1,0,1
7892584,29,1,1,0
7881568,29,1,0,1
7004560,29,1,0,1
387048,29,1,1,0
7231736,29,1,1,0
2363992,29,1,1,0
1134328,29,1,0,1
723112,29,1,0,1
202280,29,1,1,0
6204608,29,1,1,0
782536,29,1,0,1
2238640,29,1,1,0
8343872,29,1,1,0
5169232,29,1,1,0
3141768,29,1,1,0
1793952,29,1,1,0
2150024,29,1,1,0
6443968,29,1,1,0
356520,29,1,1,0
1606648,29,1,1,0
957480,29,1,1,0
6656688,29,1,1,0
4191256,29,1,0,1
3559800,29,1,0,1
1864944,29,1,0,1
2678288,29,1,0,1
6231168,29,1,0,1
7107976,29,1,1,0
1940992,29,1,1,0
1876376,29,1,1,0
291304,29,1,0,1
771360,29,1,1,0
2377736,29,1,1,0
4346048,29,1,0,1
2131616,29,1,0,1
674472,29,1,0,1
7209536,29,1,0,1
2391800,29,1,0,1
1395800,29,1,0,1
1210496,29,1,1,0
542040,29,1,1,0
6681448,29,1,0,1
2107824,29,1,1,0
1819296,29,1,0,1
515520,29,1,0,1
3780384,29,1,1,0
353280,29,1,0,1
7761304,29,1,1,0
3429520,29,1,1,0
2375016,29,1,1,0
756296,29,1,0,1
930000,29,1,0,1
2846792,29,1,0,1
336648,29,1,0,1
1548448,29,1,0,1
5234760,29,1,0,1
5543744,29,1,0,1
7457240,29,1,0,1
823392,29,1,1,0
1489000,29,1,0,1
2738720,29,1,0,1
384856,29,1,0,1
281400,29,1,1,0
6144216,29,1,0,1
1087384,29,1,1,0
630216,29,1,1,0
131400,29,1,0,1
2168272,29,1,0,1
715432,29,1,1,0
636656,29,1,0,1
6185552,29,1,0,1
3615528,29,1,1,0
2964912,29,1,1,0
1513088,29,1,1,0
292568,29,1,0,1
3520752,29,1,1,0
679544,29,1,0,1
4256000,29,1,1,0
527080,29,1,1,0
101288,29,1,0,1
1005120,29,1,0,1
430256,29,1,0,1
3464360,29,1,1,0
1697920,29,1,1,0
726832,29,1,0,1
1993376,29,1,0,1
7361848,29,1,1,0
670176,29,1,0,1
385488,29,1,1,0
2669848,29,1,1,0
2313104,29,1,1,0
1778208,29,1,0,1
6039328,29,1,1,0
113784,29,1,0,1
5166088,29,1,1,0
4252272,29,1,0,1
2730824,29,1,0,1
1921224,29,1,1,0
3617496,29,1,1,0
2944312,29,1,1,0
2330704,29,1,1,0
2217960,29,1,1,0
2004848,29,1,1,0
557344,29,1,0,1
1865496,29,1,0,1
649400,29,1,0,1
5266544,29,1,0,1
850016,29,1,0,1
3893760,29,1,0,1
6505712,29,1,1,0
3619472,29,1,0,1
1484048,29,1,0,1
7636256,29,1,1,0
6665416,29,1,1,0
374096,29,1,0,1
1691240,29,1,0,1
398704,29,1,1,0
2768496,29,1,1,0
595552,29,1,0,1
7678160,29,1,1,0
3368840,29,1,0,1
279264,29,1,0,1
990064,29,1,1,0
1682072,29,1,1,0
1477264,29,1,1,0
4160320,29,1,1,0
2019272,29,1,1,0
1504984,29,1,0,1
1935472,29,1,1,0
965896,29,1,0,1
1938896,29,1,1,0
1304728,29,1,1,0
7627960,29,1,0,1
1540328,29,1,1,0
4200128,29,1,0,1
594504,29,1,0,1
4861408,29,1,1,0
859336,29,1,0,1
3555824,29,1,0,1
7967760,29,1,1,0
6813952,29,1,1,0
637480,29,1,1,0
4313232,29,1,1,0
2080472,29,1,0,1
290560,29,1,0,1
208256,29,1,0,1
1923960,29,1,0,1
5744080,29,1,0,1
1287360,29,1,1,0
6434744,29,1,1,0
8220320,29,1,0,1
7205392,29,1,1,0
243184,29,1,0,1
7464480,29,1,0,1
4646240,29,1,0,1
6555696,29,1,1,0
3577176,29,1,0,1
427768,29,1,0,1
1426600,29,1,1,0
4212480,29,1,0,1
2632024,29,1,0,1
706144,29,1,0,1
4840640,29,1,0,1
3923592,29,1,0,1
6002512,29,1,1,0
1302032,29,1,0,1
3064840,29,1,1,0
3736424,29,1,1,0
2959400,29,1,1,0
2224280,29,1,0,1
2909096,29,1,0,1
654536,29,1,0,1
3848920,29,1,1,0
1324032,29,1,0,1
835600,29,1,1,0
1807768,29,1,0,1
742288,29,1,0,1
4291816,29,1,0,1
522856,29,1,1,0
683648,29,1,0,1
5414888,29,1,0,1
1060512,29,1,1,0
7549160,29,1,1,0
2037424,29,1,1,0
332640,29,1,1,0
2693552,29,1,1,0
1044808,29,1,1,0
1166056,29,1,0,1
5213920,29,1,1,0
522368,29,1,1,0
1989904,29,1,0,1
847480,29,1,1,0
5316896,29,1,0,1
3056480,29,1,1,0
6745872,29,1,1,0
1670584,29,1,0,1
3937248,29,1,1,0
2430296,29,1,1,0
2757904,29,1,1,0
2988640,29,1,1,0
1354120,29,1,1,0
832744,29,1,0,1
1167696,29,1,1,0
5463920,29,1,0,1
571936,29,1,0,1
6178968,29,1,1,0
6078408,29,1,1,0
1233008,29,1,1,0
4797424,29,1,1,0
443720,29,1,1,0
2000728,29,1,1,0
1918952,29,1,1,0
724792,29,1,0,1
2599920,29,1,1,0
3259440,29,1,1,0
1880608,29,1,0,1
3235056,29,1,1,0
163928,29,1,1,0
206328,29,1,1,0
350280,29,1,0,1
5285600,29,1,0,1
464168,29,1,0,1
5908760,29,1,0,1
1425688,29,1,1,0
2025864,29,1,1,0
4524136,29,1,0,1
7243832,29,1,0,1
6104608,29,1,0,1
6906000,29,1,0,1
1798952,29,1,1,0
5291864,29,1,1,0
3773792,29,1,1,0
4976840,29,1,1,0
3806624,29,1,0,1
232184,29,1,0,1
4096424,29,1,0,1
7311296,29,1,1,0
1749528,29,1,1,0
3470512,29,1,0,1
520208,29,1,0,1
7491640,29,1,0,1
1678416,29,1,0,1
1052848,29,1,1,0
662856,29,1,1,0
7220112,29,1,0,1
7734368,29,1,1,0
2218728,29,1,1,0
1101272,29,1,0,1
963632,29,1,1,0
2393680,29,1,1,0
5149176,29,1,0,1
2109408,29,1,0,1
2819600,29,1,0,1
2239160,29,1,1,0
5383536,29,1,0,1
1162008,29,1,0,1
298768,29,1,1,0
6854160,29,1,1,0
2668024,29,1,0,1
5253968,29,1,1,0
176056,29,1,0,1
3863280,29,1,0,1
140352,29,1,0,1
3130864,29,1,0,1
290504,29,1,1,0
279568,29,1,0,1
238816,29,1,1,0
7233168,29,1,1,0
2985608,29,1,1,0
7695120,29,1,0,1
895672,29,1,1,0
756968,29,1,1,0
2278648,29,1,1,0
1319392,29,1,1,0
5991944,29,1,0,1
1299216,29,1,0,1
449264,29,1,1,0
3517888,29,1,1,0
4709952,29,1,1,0
904080,29,1,1,0
7122104,29,1,0,1
212152,29,1,1,0
785096,29,1,1,0
643776,29,1,1,0
4023336,29,1,1,0
4393528,29,1,1,0
1703984,29,1,1,0
903872,29,1,0,1
4466848,29,1,0,1
456496,29,1,1,0
793072,29,1,0,1
1117576,29,1,0,1
1677704,29,1,1,0
90232,29,1,0,1
941904,29,1,1,0
1870008,29,1,0,1
1176320,29,1,1,0
1185184,29,1,0,1
915064,29,1,0,1
5713592,29,1,0,1
326256,29,1,0,1
1361952,29,1,1,0
4118504,29,1,0,1
328288,29,1,0,1
2157032,29,1,0,1
6442704,29,1,1,0
6243176,29,1,0,1
2292000,29,1,1,0
753808,29,1,1,0
1969216,29,1,0,1
713456,29,1,0,1
241048,29,1,0,1
647872,29,1,1,0
3346968,29,1,0,1
2278560,29,1,0,1
4079528,29,1,1,0
2292320,29,1,0,1
2330520,29,1,1,0
5387688,29,1,0,1
5161296,29,1,0,1
931120,29,1,1,0
2808528,29,1,1,0
5812560,29,1,1,0
6197648,29,1,0,1
474120,29,1,0,1
1508872,29,1,1,0
6827696,29,1,0,1
939336,29,1,1,0
2638224,29,1,0,1
2849216,29,1,0,1
2164344,29,1,1,0
8304568,29,1,1,0
6610856,29,1,0,1
2835232,29,1,0,1
1150192,29,1,0,1
1817272,29,1,0,1
4696104,29,1,1,0
4972472,29,1,0,1
3805080,29,1,1,0
5783264,29,1,1,0
2250576,29,1,1,0
1641656,29,1,0,1
1172936,29,1,0,1
5230504,29,1,0,1
2458768,29,1,0,1
7626144,29,1,1,0
4179672,29,1,1,0
507720,29,1,1,0
1917288,29,1,1,0
2115936,29,1,0,1
344544,29,1,0,1
4279312,29,1,1,0
401064,29,1,0,1
7241800,29,1,0,1
559504,29,1,0,1
1332096,29,1,1,0
518704,29,1,1,0
5377344,29,1,0,1
4136816,29,1,0,1
908112,29,1,1,0
2132304,29,1,1,0
5482824,29,1,1,0
322216,29,1,1,0
1546408,29,1,0,1
526424,29,1,1,0
4512272,29,1,1,0
434384,29,1,1,0
4729944,29,1,1,0
680784,29,1,0,1
2174408,29,1,0,1
3198040,29,1,1,0
1542856,29,1,0,1
576896,29,1,0,1
6577040,29,1,0,1
7749296,29,1,0,1
6891528,29,1,1,0
2266288,29,1,0,1
4270008,29,1,0,1
5051192,29,1,1,0
1038872,29,1,1,0
3213864,29,1,0,1
6070352,29,1,0,1
3214856,29,1,1,0
701296,29,1,0,1
5025992,29,1,1,0
6273920,29,1,0,1
2057784,29,1,0,1
1843224,29,1,1,0
204352,29,1,1,0
7621696,29,1,0,1
928672,29,1,1,0
6656400,29,1,0,1
5221400,29,1,0,1
2632128,29,1,1,0
7832256,29,1,0,1
3058224,29,1,0,1
1312120,29,1,0,1
7939552,29,1,0,1
7345912,29,1,1,0
1820696,29,1,0,1
3721656,29,1,0,1
1309768,29,1,1,0
1519552,29,1,1,0
5099160,29,1,1,0
4027168,29,1,0,1
193200,29,1,1,0
2936952,29,1,1,0
792480,29,1,1,0
2787096,29,1,1,0
2039696,29,1,0,1
4522064,29,1,0,1
363600,29,1,0,1
5412912,29,1,0,1
3187080,29,1,1,0
6941504,29,1,0,1
828296,29,1,0,1
748936,29,1,1,0
443520,29,1,0,1
7567040,29,1,0,1
861184,29,1,0,1
408224,29,1,1,0
963984,29,1,0,1
5653248,29,1,1,0
755448,29,1,0,1
1689416,29,1,1,0
1795544,29,1,1,0
1238520,29,1,0,1
276424,29,1,0,1
1013088,29,1,1,0
2586120,29,1,1,0
2949720,29,1,1,0
3710832,29,1,0,1
263128,29,1,1,0
466384,29,1,0,1
3274504,29,1,1,0
383984,29,1,0,1
8362816,29,1,1,0
698400,29,1,0,1
244024,29,1,1,0
2709544,29,1,0,1
1948080,29,1,0,1
255048,29,1,1,0
1373560,29,1,1,0
1242144,29,1,1,0
1123696,29,1,0,1
4156616,29,1,0,1
2470488,29,1,1,0
3303528,29,1,0,1
3691288,29,1,0,1
2562944,29,1,0,1
3277576,29,1,0,1
3304184,29,1,1,0
5745680,29,1,1,0
3127824,29,1,1,0
6136232,29,1,1,0
518552,29,1,1,0
922880,29,1,1,0
2377456,29,1,0,1
124552,29,1,1,0
1477528,29,1,0,1
428264,29,1,0,1
2520968,29,1,0,1
1953240,29,1,1,0
3747568,29,1,1,0
4760008,29,1,1,0
1036440,29,1,1,0
645256,29,1,0,1
1783008,29,1,1,0
4884920,29,1,0,1
3026416,29,1,0,1
2192736,29,1,0,1
6313088,29,1,1,0
1723200,29,1,0,1
5800832,29,1,1,0
2860992,29,1,0,1
747112,29,1,0,1
2155864,29,1,0,1
254624,29,1,0,1
1512696,29,1,1,0
1708000,29,1,1,0
3002632,29,1,1,0
4214504,29,1,1,0
2493568,29,1,0,1
3211944,29,1,1,0
1022416,29,1,1,0
2451760,29,1,1,0
1572592,29,1,0,1
1400560,29,1,0,1
2302904,29,1,1,0
96840,29,1,0,1
143840,29,1,1,0
6696720,29,1,1,0
1124544,29,1,0,1
1600496,29,1,0,1
1990296,29,1,1,0
335592,29,1,1,0
6941416,29,1,1,0
3127720,29,1,0,1
2299352,29,1,1,0
1686792,29,1,1,0
1728992,29,1,1,0
626352,29,1,0,1
2632304,29,1,0,1
4651968,29,1,1,0
4604696,29,1,1,0
848840,29,1,0,1
3796696,29,1,1,0
4244248,29,1,1,0
5660104,29,1,0,1
4466808,29,1,1,0
4973200,29,1,1,0
8003768,29,1,1,0
1329504,29,1,0,1
1217976,29,1,0,1
424864,29,1,1,0
7575648,29,1,0,1
4737808,29,1,1,0
2717416,29,1,1,0
4367512,29,1,1,0
1110384,29,1,0,1
127560,29,1,0,1
2341744,29,1,1,0
4700576,29,1,1,0
243728,29,1,0,1
4786536,29,1,1,0
5785152,29,1,0,1
3158416,29,1,1,0
2544680,29,1,1,0
559192,29,1,1,0
7198024,29,1,1,0
1507928,29,1,1,0
7427304,29,1,1,0
4313480,29,1,0,1
3388304,29,1,1,0
7207240,29,1,0,1
2342768,29,1,1,0
3560168,29,1,1,0
1975160,29,1,1,0
4377512,29,1,1,0
4961792,29,1,0,1
8068152,29,1,1,0
7182160,29,1,1,0
436048,29,1,1,0
8093360,29,1,1,0
511656,29,1,1,0
1229376,29,1,0,1
2323480,29,1,1,0
3532800,29,1,0,1
3674528,29,1,0,1
745960,29,1,1,0
4185024,29,1,1,0
51080,29,1,0,1
2663576,29,1,1,0
6868552,29,1,0,1
3496880,29,1,0,1
1158968,29,1,1,0
7251088,29,1,0,1
2627656,29,1,1,0
1103544,29,1,1,0
4969544,29,1,1,0
1322560,29,1,1,0
2104824,29,1,1,0
207776,29,1,1,0
1126608,29,1,1,0
3774464,29,1,1,0
1429144,29,1,0,1
2201816,29,1,1,0
7529000,29,1,0,1
1435512,29,1,1,0
6939696,29,1,0,1
536928,29,1,0,1
2767448,29,1,0,1
7618840,29,1,1,0
5759416,29,1,1,0
2830496,29,1,1,0
6322048,29,1,1,0
3074888,29,1,1,0
7087720,29,1,1,0
3414816,29,1,1,0
3688432,29,1,1,0
162008,29,1,0,1
506480,29,1,0,1
2064368,29,1,1,0
2519048,29,1,0,1
1112816,29,1,0,1
535496,29,1,0,1
4781312,29,1,0,1
2275056,29,1,1,0
1880712,29,1,1,0
2387736,29,1,0,1
879944,29,1,0,1
376344,29,1,1,0
190088,29,1,1,0
3518016,29,1,1,0
5765544,29,1,1,0
478720,29,1,1,0
119640,29,1,0,1
3356720,29,1,1,0
8205216,29,1,0,1
1030160,29,1,0,1
8047416,29,1,1,0
3690640,29,1,1,0
250320,29,1,1,0
3315832,29,1,0,1
5011008,29,1,1,0
4596088,29,1,1,0
1814848,29,1,1,0
1814288,29,1,1,0
4252144,29,1,1,0
540832,29,1,0,1
2759056,29,1,1,0
4487984,29,1,0,1
400512,29,1,1,0
861416,29,1,0,1
1699704,29,1,0,1
2128288,29,1,1,0
260640,29,1,0,1
2826264,29,1,1,0
929984,29,1,1,0
448784,29,1,0,1
569304,29,1,0,1
7141440,29,1,1,0
1662536,29,1,1,0
3162856,29,1,1,0
1212416,29,1,1,0
406352,29,1,1,0
6347216,29,1,0,1
2677000,29,1,0,1
472944,29,1,0,1
7707216,29,1,1,0
1472216,29,1,0,1
365424,29,1,1,0
367840,29,1,0,1
282728,29,1,0,1
3904384,29,1,0,1
1181176,29,1,1,0
4865688,29,1,0,1
3290808,29,1,1,0
3475048,29,1,1,0
759224,29,1,1,0
818832,29,1,1,0
143856,29,1,1,0
704464,29,1,1,0
5149440,29,1,0,1
74608,29,1,0,1
3770488,29,1,0,1
3311728,29,1,1,0
5948176,29,1,0,1
615920,29,1,1,0
1240024,29,1,0,1
6318840,29,1,1,0
2848248,29,1,1,0
540736,29,1,0,1
1467512,29,1,1,0
410464,29,1,1,0
2800096,29,1,1,0
2593248,29,1,1,0
1657192,29,1,0,1
4314800,29,1,1,0
1542192,29,1,1,0
1657664,29,1,1,0
532640,29,1,0,1
1026136,29,1,1,0
1795640,29,1,0,1
1813064,29,1,0,1
722648,29,1,1,0
1491064,29,1,1,0
1424880,29,1,0,1
4209704,29,1,0,1
127800,29,1,1,0
3667472,29,1,1,0
4853600,29,1,1,0
6525088,29,1,0,1
7796672,29,1,0,1
4457184,29,1,0,1
2209024,29,1,1,0
3785776,29,1,0,1
3191664,29,1,1,0
1304024,29,1,1,0
4831880,29,1,0,1
3846336,29,1,0,1
2687752,29,1,1,0
373952,29,1,0,1
8191192,29,1,1,0
3906656,29,1,0,1
480184,29,1,1,0
561392,29,1,1,0
3636968,29,1,0,1
529312,29,1,1,0
532760,29,1,1,0
1408328,29,1,0,1
1806408,29,1,1,0
5105608,29,1,0,1
1789264,29,1,0,1
3072544,29,1,0,1
1048536,29,1,1,0
2788352,29,1,0,1
1763736,29,1,0,1
3797896,29,1,0,1
1162528,29,1,1,0
631448,29,1,0,1
1089280,29,1,1,0
252280,29,1,1,0
1626616,29,1,0,1
903216,29,1,1,0
464656,29,1,0,1
400088,29,1,1,0
675448,29,1,1,0
8090448,29,1,1,0
2065216,29,1,0,1
2951392,29,1,1,0
865992,29,1,1,0
3533056,29,1,0,1
3833032,29,1,0,1
545744,29,1,0,1
7107880,29,1,0,1
560440,29,1,1,0
318632,29,1,1,0
6601648,29,1,0,1
5891880,29,1,1,0
4088112,29,1,1,0
5220400,29,1,1,0
8206392,29,1,0,1
4441432,29,1,1,0
1947048,29,1,0,1
3993248,29,1,0,1
539656,29,1,1,0
906464,29,1,1,0
955440,29,1,1,0
814208,29,1,0,1
5169752,29,1,0,1
6485256,29,1,1,0
137768,29,1,1,0
4117216,29,1,0,1
6069000,29,1,1,0
3817376,29,1,0,1
3250144,29,1,1,0
6469880,29,1,0,1
7006712,29,1,0,1
7344216,29,1,1,0
133248,29,1,1,0
709672,29,1,1,0
584584,29,1,0,1
865240,29,1,0,1
276904,29,1,1,0
7051608,29,1,0,1
2886368,29,1,1,0
1778808,29,1,1,0
7097696,29,1,1,0
2522216,29,1,0,1
5261984,29,1,0,1
3442456,29,1,1,0
1100288,29,1,1,0
482728,29,1,0,1
1406824,29,1,0,1
1261376,29,1,0,1
2191632,29,1,0,1
756720,29,1,0,1
1157024,29,1,1,0
1584384,29,1,1,0
5968928,29,1,1,0
4093424,29,1,0,1
5424720,29,1,0,1
4699664,29,1,1,0
1061960,29,1,1,0
1452664,29,1,1,0
3704280,29,1,1,0
258328,29,1,1,0
1035168,29,1,1,0
782552,29,1,1,0
465376,29,1,0,1
546040,29,1,0,1
4816152,29,1,0,1
4513192,29,1,1,0
2469632,29,1,0,1
4709808,29,1,1,0
2428600,29,1,1,0
408008,29,1,0,1
6321368,29,1,0,1
2083304,29,1,0,1
408376,29,1,1,0
522272,29,1,1,0
5353024,29,1,1,0
1601160,29,1,1,0
810224,29,1,0,1
3148008,29,1,0,1
660216,29,1,1,0
1849432,29,1,1,0
4059424,29,1,0,1
1858928,29,1,0,1
7853168,29,1,0,1
3795008,29,1,1,0
1889384,29,1,1,0
582504,29,1,1,0
117344,29,1,0,1
1742736,29,1,1,0
8030424,29,1,0,1
4472008,29,1,1,0
925696,29,1,0,1
5747080,29,1,1,0
5663104,29,1,0,1
6192632,29,1,1,0
4983904,29,1,1,0
3718720,29,1,0,1
5428944,29,1,1,0
7399456,29,1,0,1
970416,29,1,0,1
1634672,29,1,0,1
6733608,29,1,0,1
131288,29,1,0,1
6862112,29,1,1,0
5931872,29,1,1,0
1401080,29,1,1,0
7181904,29,1,1,0
179984,29,1,0,1
369440,29,1,1,0
2431088,29,1,1,0
4900728,29,1,0,1
1735760,29,1,0,1
7512128,29,1,1,0
4005592,29,1,1,0
2060632,29,1,1,0
711648,29,1,0,1
7519040,29,1,1,0
7444392,29,1,1,0
7550600,29,1,1,0
570304,29,1,1,0
411608,29,1,1,0
812072,29,1,1,0
8096808,29,1,1,0
925528,29,1,0,1
1414176,29,1,1,0
830056,29,1,0,1
2073272,29,1,0,1
5664512,29,1,0,1
1399120,29,1,0,1
4290256,29,1,1,0
2404744,29,1,0,1
714816,29,1,0,1
4208328,29,1,1,0
5732544,29,1,0,1
760464,29,1,0,1
214240,29,1,1,0
716352,29,1,0,1
3944840,29,1,1,0
2221232,29,1,1,0
4098848,29,1,1,0
4118216,29,1,1,0
4891680,29,1,1,0
4033856,29,1,0,1
1651912,29,1,0,1
4976896,29,1,1,0
6843784,29,1,1,0
1777200,29,1,0,1
391672,29,1,1,0
4338400,29,1,1,0
4442464,29,1,0,1
3859048,29,1,1,0
4512232,29,1,1,0
1880440,29,1,1,0
6636296,29,1,1,0
1969152,29,1,0,1
1565216,29,1,0,1
1281200,29,1,0,1
3328952,29,1,1,0
4982736,29,1,0,1
564544,29,1,0,1
2897312,29,1,0,1
2058144,29,1,0,1
894888,29,1,1,0
1162392,29,1,0,1
1865040,29,1,1,0
80864,29,1,0,1
343120,29,1,0,1
169864,29,1,0,1
5272504,29,1,1,0
1491680,29,1,0,1
2675352,29,1,1,0
6047856,29,1,0,1
3154216,29,1,1,0
3947944,29,1,1,0
1842816,29,1,0,1
7106000,29,1,0,1
3241256,29,1,0,1
1559240,29,1,0,1
3725576,29,1,0,1
1070584,29,1,1,0
5160696,29,1,0,1
5116800,29,1,0,1
8114528,29,1,1,0
2226088,29,1,0,1
7969016,29,1,1,0
1255672,29,1,0,1
7333360,29,1,1,0
5371920,29,1,0,1
7200888,29,1,0,1
908880,29,1,1,0
965528,29,1,1,0
1822944,29,1,0,1
5049504,29,1,1,0
365704,29,1,0,1
394080,29,1,0,1
3643440,29,1,1,0
4019440,29,1,0,1
7860040,29,1,0,1
8255032,29,1,0,1
3012648,29,1,0,1
6204368,29,1,0,1
8095288,29,1,1,0
4457008,29,1,1,0
6517832,29,1,0,1
2036528,29,1,0,1
1877272,29,1,1,0
565728,29,1,0,1
519568,29,1,1,0
1230712,29,1,0,1
3706448,29,1,1,0
417112,29,1,1,0
5446584,29,1,1,0
1396728,29,1,0,1
2471816,29,1,0,1
509392,29,1,0,1
4051176,29,1,1,0
1187376,29,1,0,1
888888,29,1,1,0
1680672,29,1,1,0
6899200,29,1,0,1
1344584,29,1,0,1
3469528,29,1,1,0
2144432,29,1,1,0
309056,29,1,0,1
278608,29,1,0,1
4351112,29,1,0,1
1536864,29,1,1,0
779208,29,1,1,0
487392,29,1,1,0
6461448,29,1,0,1
587216,29,1,0,1
6196208,29,1,0,1
7613536,29,1,1,0
3200584,29,1,1,0
4656704,29,1,1,0
3090632,29,1,0,1
383496,29,1,0,1
3124904,29,1,0,1
6664904,29,1,1,0
4298840,29,1,0,1
678272,29,1,1,0
3502152,29,1,1,0
3958944,29,1,1,0
3213696,29,1,0,1
1844928,29,1,0,1
7201808,29,1,0,1
2572008,29,1,0,1
121128,29,1,0,1
5925096,29,1,0,1
5552248,29,1,0,1
2105936,29,1,1,0
477848,29,1,1,0
4592008,29,1,1,0
509112,29,1,0,1
3918336,29,1,0,1
1946064,29,1,0,1
6230464,29,1,0,1
7665584,29,1,1,0
1617432,29,1,1,0
6855520,29,1,0,1
963048,29,1,0,1
4568624,29,1,1,0
186920,29,1,0,1
6124016,29,1,1,0
1484752,29,1,1,0
795576,29,1,1,0
492512,29,1,0,1
6184144,29,1,0,1
3301216,29,1,0,1
1588352,29,1,1,0
2225208,29,1,0,1
4405272,29,1,0,1
979872,29,1,0,1
1657896,29,1,0,1
5408848,29,1,0,1
7679624,29,1,0,1
1493288,29,1,1,0
517120,29,1,0,1
1444520,29,1,1,0
6226096,29,1,0,1
262056,29,1,1,0
913440,29,1,1,0
3227328,29,1,0,1
3125656,29,1,1,0
3526744,29,1,0,1
2331752,29,1,0,1
3527024,29,1,0,1
1565024,29,1,1,0
4687384,29,1,0,1
6252848,29,1,1,0
394648,29,1,0,1
366400,29,1,1,0
4864792,29,1,1,0
6178456,29,1,0,1
2900264,29,1,1,0
918056,29,1,1,0
3441640,29,1,1,0
2918600,29,1,0,1
5344928,29,1,1,0
835128,29,1,1,0
688512,29,1,0,1
433928,29,1,1,0
4968864,29,1,1,0
566936,29,1,1,0
1613120,29,1,1,0
2428344,29,1,0,1
3800592,29,1,1,0
7055120,29,1,1,0
2716096,29,1,1,0
4659696,29,1,1,0
473184,29,1,0,1
431912,29,1,1,0
6094600,29,1,0,1
1267984,29,1,0,1
6913696,29,1,1,0
6692560,29,1,1,0
4321968,29,1,1,0
5807896,29,1,1,0
8076400,29,1,0,1
2737696,29,1,1,0
1571800,29,1,1,0
4266336,29,1,1,0
2788032,29,1,1,0
529352,29,1,1,0
4479736,29,1,0,1
2664472,29,1,0,1
970664,29,1,1,0
3106104,29,1,0,1
5302840,29,1,0,1
7256560,29,1,0,1
272704,29,1,1,0
5722504,29,1,1,0
7761232,29,1,1,0
907120,29,1,0,1
733720,29,1,0,1
1482136,29,1,1,0
304192,29,1,0,1
633280,29,1,1,0
1518976,29,1,1,0
4869272,29,1,1,0
928240,29,1,1,0
5169656,29,1,1,0
465368,29,1,1,0
5833320,29,1,1,0
944320,29,1,1,0
1263952,29,1,0,1
819328,29,1,1,0
662272,29,1,0,1
1719640,29,1,0,1
667136,29,1,0,1
5473232,29,1,0,1
396592,29,1,0,1
5806672,29,1,0,1
4562968,29,1,1,0
1346184,29,1,1,0
3603096,29,1,1,0
747072,29,1,0,1
6934472,29,1,1,0
926512,29,1,0,1
562048,29,1,0,1
596480,29,1,0,1
4865608,29,1,1,0
2543352,29,1,1,0
7878752,29,1,1,0
3250152,29,1,1,0
3524184,29,1,0,1
4815536,29,1,0,1
1237512,29,1,0,1
4397304,29,1,1,0
7512584,29,1,1,0
859616,29,1,0,1
2459256,29,1,1,0
1035944,29,1,0,1
4092608,29,1,1,0
2760968,29,1,0,1
644336,29,1,0,1
690848,29,1,0,1
1885648,29,1,1,0
549688,29,1,1,0
2985448,29,1,0,1
593216,29,1,0,1
7989976,29,1,0,1
428880,29,1,1,0
4739352,29,1,1,0
6751032,29,1,1,0
891208,29,1,0,1
2270784,29,1,1,0
1924944,29,1,0,1
4714544,29,1,1,0
4432288,29,1,1,0
2661224,29,1,1,0
1484064,29,1,1,0
1515648,29,1,1,0
269576,29,1,0,1
682408,29,1,0,1
4965720,29,1,0,1
3145160,29,1,1,0
1780536,29,1,0,1
2458992,29,1,0,1
2528328,29,1,0,1
2933072,29,1,1,0
302512,29,1,0,1
5623032,29,1,1,0
5530160,29,1,0,1
5956792,29,1,1,0
7413992,29,1,0,1
1852424,29,1,0,1
511952,29,1,1,0
2139232,29,1,0,1
177232,29,1,1,0
2953224,29,1,0,1
1965040,29,1,1,0
6455984,29,1,1,0
6087232,29,1,1,0
7878504,29,1,1,0
885064,29,1,1,0
3869696,29,1,1,0
1025984,29,1,0,1
7150456,29,1,0,1
2034952,29,1,0,1
638736,29,1,1,0
2971056,29,1,0,1
5835704,29,1,1,0
4514912,29,1,0,1
204280,29,1,1,0
5734016,29,1,1,0
3858536,29,1,1,0
4622432,29,1,1,0
6848608,29,1,1,0
4307664,29,1,0,1
978008,29,1,0,1
7957792,29,1,1,0
5152256,29,1,1,0
4186432,29,1,1,0
5813056,29,1,0,1
1651192,29,1,1,0
3994584,29,1,0,1
7100176,29,1,0,1
7906384,29,1,0,1
3189568,29,1,0,1
1897456,29,1,0,1
815088,29,1,1,0
7187496,29,1,1,0
6524368,29,1,0,1
1904208,29,1,0,1
5280032,29,1,0,1
1232480,29,1,1,0
950120,29,1,0,1
2996928,29,1,0,1
330480,29,1,0,1
1048144,29,1,1,0
1830424,29,1,1,0
441768,29,1,1,0
391744,29,1,0,1
2104344,29,1,0,1
2249656,29,1,0,1
1551472,29,1,0,1
776912,29,1,1,0
2663752,29,1,0,1
1680400,29,1,0,1
3669616,29,1,1,0
201800,29,1,1,0
3208296,29,1,1,0
922328,29,1,1,0
1388248,29,1,1,0
855776,29,1,0,1
890024,29,1,0,1
3439952,29,1,0,1
801088,29,1,0,1
166008,29,1,1,0
2550568,29,1,1,0
390384,29,1,1,0
962488,29,1,1,0
2703504,29,1,1,0
561152,29,1,0,1
8317552,29,1,0,1
286440,29,1,0,1
3177408,29,1,1,0
3606800,29,1,0,1
5042744,29,1,1,0
328800,29,1,0,1
6459112,29,1,0,1
2450008,29,1,1,0
306616,29,1,1,0
1559952,29,1,0,1
1187640,29,1,1,0
6773040,29,1,0,1
768088,29,1,1,0
3800464,29,1,1,0
6793184,29,1,0,1
603784,29,1,1,0
3844880,29,1,1,0
4882456,29,1,1,0
2231584,29,1,0,1
862776,29,1,1,0
344848,29,1,0,1
1093112,29,1,1,0
6038952,29,1,1,0
3257992,29,1,0,1
5818248,29,1,0,1
420712,29,1,0,1
1606056,29,1,1,0
2943544,29,1,0,1
6534200,29,1,0,1
194672,29,1,0,1
4911920,29,1,1,0
2114328,29,1,0,1
2831864,29,1,1,0
5237696,29,1,1,0
1122624,29,1,0,1
5169632,29,1,0,1
1621984,29,1,0,1
466816,29,1,1,0
3133544,29,1,0,1
427616,29,1,1,0
2904784,29,1,1,0
6945696,29,1,0,1
683288,29,1,0,1
1137232,29,1,0,1
3091656,29,1,0,1
6742576,29,1,1,0
334600,29,1,1,0
2183448,29,1,0,1
2787872,29,1,0,1
1004664,29,1,0,1
533872,29,1,1,0
2463320,29,1,1,0
1525864,29,1,0,1
508352,29,1,1,0
1376136,29,1,0,1
8352368,29,1,1,0
1937048,29,1,0,1
852304,29,1,0,1
4571744,29,1,1,0
1392936,29,1,0,1
1311528,29,1,1,0
874584,29,1,1,0
1257768,29,1,1,0
5828008,29,1,0,1
1089448,29,1,0,1
5069568,29,1,0,1
3551680,29,1,1,0
1354152,29,1,0,1
4461104,29,1,1,0
3275688,29,1,0,1
1011456,29,1,0,1
7374448,29,1,1,0
2809024,29,1,0,1
3549096,29,1,1,0
3351592,29,1,1,0
5229904,29,1,0,1
1289912,29,1,0,1
7933240,29,1,1,0
2020944,29,1,1,0
3348128,29,1,1,0
1421592,29,1,0,1
3110312,29,1,1,0
1440056,29,1,1,0
1333832,29,1,1,0
6225008,29,1,0,1
2466472,29,1,0,1
234664,29,1,1,0
1366368,29,1,0,1
1125536,29,1,0,1
6698864,29,1,1,0
2900552,29,1,1,0
896296,29,1,0,1
2962280,29,1,0,1
4129440,29,1,1,0
3329032,29,1,1,0
539624,29,1,1,0
6717336,29,1,1,0
142656,29,1,1,0
2862984,29,1,1,0
6395592,29,1,0,1
670264,29,1,0,1
2561704,29,1,0,1
7436760,29,1,1,0
6753472,29,1,1,0
2167944,29,1,0,1
1431536,29,1,1,0
1697600,29,1,0,1
6669072,29,1,1,0
5411528,29,1,0,1
2083472,29,1,0,1
7387136,29,1,1,0
8342040,29,1,0,1
599472,29,1,0,1
783968,29,1,1,0
4861048,29,1,0,1
235848,29,1,1,0
1176584,29,1,0,1
1591504,29,1,1,0
4419152,29,1,1,0
616256,29,1,1,0
6253560,29,1,0,1
7357520,29,1,0,1
7385952,29,1,0,1
6659016,29,1,1,0
6252152,29,1,0,1
5747616,29,1,1,0
754496,29,1,1,0
6531232,29,1,1,0
2430224,29,1,0,1
537144,29,1,0,1
5826584,29,1,1,0
487336,29,1,1,0
2267552,29,1,0,1
2757344,29,1,0,1
1172048,29,1,1,0
7658464,29,1,0,1
6190016,29,1,1,0
3158752,29,1,0,1
2497704,29,1,0,1
1916968,29,1,0,1
6192376,29,1,0,1
6417016,29,1,0,1
8387728,29,1,1,0
2902936,29,1,1,0
287288,29,1,1,0
231776,29,1,1,0
260320,29,1,0,1
1819360,29,1,1,0
7464672,29,1,1,0
1872088,29,1,0,1
1737072,29,1,1,0
8006432,29,1,0,1
599968,29,1,1,0
5862360,29,1,1,0
4363408,29,1,1,0
7664744,29,1,1,0
6054136,29,1,1,0
260576,29,1,1,0
3152416,29,1,1,0
5371952,29,1,0,1
4120896,29,1,0,1
915744,29,1,1,0
4632352,29,1,0,1
901104,29,1,0,1
2252856,29,1,0,1
1315264,29,1,1,0
589192,29,1,1,0
6624648,29,1,0,1
1125552,29,1,1,0
2120904,29,1,0,1
4157792,29,1,0,1
2352432,29,1,0,1
7277352,29,1,1,0
1859032,29,1,1,0
7791792,29,1,1,0
2752536,29,1,1,0
5821832,29,1,1,0
7463416,29,1,0,1
8304656,29,1,1,0
3074560,29,1,0,1
342664,29,1,1,0
7468896,29,1,0,1
1438632,29,1,0,1
2805504,29,1,1,0
100344,29,1,1,0
7251912,29,1,0,1
4028784,29,1,1,0
85720,29,1,0,1
5829208,29,1,0,1
1506744,29,1,1,0
4460112,29,1,0,1
1249280,29,1,1,0
3943592,29,1,0,1
4614568,29,1,0,1
3419056,29,1,1,0
2752728,29,1,1,0
1993360,29,1,1,0
1441912,29,1,0,1
4095408,29,1,0,1
945560,29,1,1,0
1784376,29,1,0,1
3316200,29,1,1,0
5464008,29,1,1,0
3025288,29,1,1,0
476432,29,1,0,1
1719200,29,1,0,1
1073256,29,1,0,1
4493168,29,1,1,0
7141856,29,1,1,0
2075960,29,1,1,0
579496,29,1,1,0
540392,29,1,1,0
2228856,29,1,1,0
851952,29,1,0,1
2649456,29,1,1,0
1067472,29,1,1,0
445800,29,1,0,1
893056,29,1,0,1
5643744,29,1,1,0
4429752,29,1,0,1
2489648,29,1,1,0
7935368,29,1,0,1
3181264,29,1,0,1
3514664,29,1,1,0
951320,29,1,0,1
2357160,29,1,0,1
5673560,29,1,0,1
992352,29,1,1,0
3057768,29,1,0,1
2886288,29,1,0,1
1421872,29,1,0,1
3952552,29,1,0,1
1526584,29,1,0,1
345664,29,1,1,0
3577976,29,1,0,1
1361984,29,1,1,0
4182248,29,1,0,1
4911352,29,1,0,1
2783424,29,1,1,0
791208,29,1,0,1
319064,29,1,0,1
250872,29,1,0,1
5327872,29,1,0,1
6366000,29,1,1,0
3310144,29,1,1,0
201040,29,1,1,0
7375952,29,1,1,0
1361624,29,1,1,0
5445184,29,1,1,0
879344,29,1,1,0
561160,29,1,1,0
3868256,29,1,0,1
148104,29,1,1,0
7538040,29,1,1,0
3756104,29,1,0,1
456040,29,1,0,1
1021368,29,1,1,0
168720,29,1,0,1
3001888,29,1,1,0
6644664,29,1,1,0
798048,29,1,0,1
1387768,29,1,0,1
5510336,29,1,1,0
1063664,29,1,0,1
294064,29,1,1,0
4078736,29,1,1,0
1364224,29,1,1,0
1625832,29,1,0,1
387720,29,1,0,1
8336848,29,1,0,1
5620200,29,1,1,0
2129344,29,1,1,0
2659088,29,1,0,1
887272,29,1,0,1
8111992,29,1,0,1
4998112,29,1,0,1
3659696,29,1,0,1
4721752,29,1,0,1
661808,29,1,0,1
8058512,29,1,0,1
2174952,29,1,1,0
5637856,29,1,1,0
195944,29,1,1,0
1126352,29,1,1,0
5362688,29,1,0,1
783416,29,1,0,1
1268536,29,1,0,1
781672,29,1,1,0
2808224,30,1,0,1
448872,30,1,0,1
7587288,30,1,0,1
833872,30,1,0,1
5162864,30,1,0,1
3035904,30,1,0,1
794400,30,1,1,0
8157872,30,1,0,1
1196936,30,1,0,1
6082840,30,1,0,1
3383440,30,1,0,1
788816,30,1,0,1
694424,30,1,0,1
3317544,30,1,1,0
1427808,30,1,1,0
825480,30,1,0,1
4907680,30,1,0,1
672464,30,1,0,1
1434176,30,1,1,0
6013920,30,1,0,1
4433672,30,1,0,1
3350848,30,1,0,1
782048,30,1,1,0
3382448,30,1,1,0
6394488,30,1,1,0
2808136,30,1,0,1
816392,30,1,1,0
2450472,30,1,1,0
3253288,30,1,1,0
730552,30,1,0,1
2433504,30,1,1,0
1029128,30,1,0,1
1125184,30,1,1,0
6609896,30,1,1,0
722880,30,1,1,0
3265840,30,1,1,0
2243208,30,1,0,1
5120496,30,1,1,0
88344,30,1,1,0
3876864,30,1,1,0
402328,30,1,0,1
1598160,30,1,1,0
604632,30,1,0,1
5345040,30,1,0,1
7979072,30,1,1,0
6161480,30,1,0,1
6704488,30,1,1,0
2136848,30,1,1,0
906120,30,1,1,0
8266472,30,1,0,1
7214704,30,1,0,1
4840848,30,1,1,0
5045392,30,1,0,1
3722904,30,1,0,1
686848,30,1,0,1
2932832,30,1,0,1
1203728,30,1,0,1
694984,30,1,0,1
3489952,30,1,1,0
798072,30,1,0,1
1097864,30,1,0,1
979216,30,1,0,1
1331432,30,1,0,1
1097912,30,1,1,0
3568400,30,1,1,0
1493024,30,1,0,1
3374520,30,1,1,0
5993016,30,1,1,0
2336056,30,1,1,0
333808,30,1,1,0
2738080,30,1,1,0
6080904,30,1,1,0
772904,30,1,1,0
3597432,30,1,0,1
1432552,30,1,1,0
7162848,30,1,0,1
1346712,30,1,0,1
2264952,30,1,1,0
7893608,30,1,0,1
172816,30,1,1,0
1843952,30,1,1,0
1442096,30,1,0,1
8364008,30,1,0,1
1284784,30,1,0,1
3531600,30,1,1,0
2179824,30,1,0,1
5246912,30,1,1,0
1093904,30,1,0,1
3151696,30,1,0,1
5645600,30,1,0,1
1567880,30,1,1,0
4472728,30,1,1,0
2221920,30,1,1,0
1004976,30,1,0,1
652120,30,1,0,1
2640392,30,1,1,0
2903328,30,1,0,1
256520,30,1,0,1
3873152,30,1,0,1
1770368,30,1,0,1
862144,30,1,1,0
793352,30,1,1,0
2568008,30,1,0,1
1984376,30,1,0,1
220984,30,1,1,0
107504,30,1,1,0
714680,30,1,1,0
6902864,30,1,1,0
6143680,30,1,0,1
1706968,30,1,0,1
447400,30,1,1,0
6004016,30,1,0,1
2650392,30,1,0,1
8339160,30,1,0,1
5412272,30,1,1,0
890816,30,1,0,1
3779208,30,1,0,1
6012320,30,1,0,1
5521056,30,1,1,0
4333464,30,1,1,0
7262120,30,1,0,1
8355384,30,1,0,1
2829808,30,1,0,1
7419952,30,1,1,0
1390072,30,1,1,0
530872,30,1,1,0
1538208,30,1,0,1
1980920,30,1,0,1
4196224,30,1,0,1
4140920,30,1,0,1
797056,30,1,1,0
1146536,30,1,1,0
174144,30,1,0,1
2420048,30,1,1,0
4581056,30,1,0,1
258040,30,1,1,0
2438704,30,1,1,0
171728,30,1,0,1
2700696,30,1,0,1
524648,30,1,1,0
2718960,30,1,0,1
7714520,30,1,0,1
5854056,30,1,0,1
2963184,30,1,1,0
2396560,30,1,0,1
1506400,30,1,0,1
2129400,30,1,1,0
6287192,30,1,0,1
6556776,30,1,1,0
3343464,30,1,0,1
7865504,30,1,0,1
388008,30,1,0,1
4572912,30,1,1,0
7006048,30,1,1,0
1900752,30,1,1,0
1732760,30,1,1,0
4076536,30,1,1,0
7767960,30,1,1,0
1597896,30,1,0,1
1430320,30,1,1,0
7060960,30,1,1,0
4957224,30,1,1,0
3901424,30,1,1,0
8145016,30,1,1,0
1198992,30,1,1,0
8131696,30,1,0,1
4340064,30,1,0,1
1638968,30,1,1,0
2139280,30,1,1,0
2391376,30,1,0,1
3111736,30,1,1,0
8386960,30,1,1,0
1319168,30,1,1,0
654320,30,1,1,0
1358352,30,1,0,1
2282512,30,1,1,0
302360,30,1,1,0
475512,30,1,0,1
387040,30,1,0,1
1259584,30,1,1,0
2799240,30,1,0,1
3406912,30,1,0,1
1273368,30,1,0,1
657200,30,1,1,0
2018312,30,1,0,1
1557832,30,1,1,0
981400,30,1,1,0
5050888,30,1,1,0
7261800,30,1,1,0
951056,30,1,0,1
884080,30,1,1,0
2631280,30,1,1,0
7331472,30,1,1,0
1401232,30,1,1,0
851824,30,1,1,0
3594312,30,1,1,0
6912064,30,1,1,0
5958192,30,1,1,0
1959352,30,1,0,1
462792,30,1,1,0
1700264,30,1,0,1
5720568,30,1,0,1
4274576,30,1,0,1
5587928,30,1,1,0
229696,30,1,0,1
5580536,30,1,0,1
4292112,30,1,1,0
1144408,30,1,1,0
1138160,30,1,0,1
201408,30,1,0,1
504504,30,1,1,0
803392,30,1,1,0
2174320,30,1,0,1
8296792,30,1,0,1
1838736,30,1,0,1
898264,30,1,0,1
4277016,30,1,0,1
1183896,30,1,0,1
475072,30,1,0,1
2029472,30,1,0,1
4250976,30,1,0,1
707800,30,1,1,0
1218760,30,1,1,0
8282136,30,1,1,0
875504,30,1,1,0
3001920,30,1,1,0
1356632,30,1,1,0
8079672,30,1,0,1
409512,30,1,0,1
2490096,30,1,1,0
1226016,30,1,1,0
2343640,30,1,0,1
1519288,30,1,0,1
7434504,30,1,1,0
4935216,30,1,0,1
1517464,30,1,0,1
2291632,30,1,1,0
3477632,30,1,1,0
5409192,30,1,1,0
2643112,30,1,1,0
6617728,30,1,1,0
1234904,30,1,1,0
305192,30,1,1,0
2117208,30,1,0,1
5971288,30,1,0,1
4890792,30,1,1,0
4707320,30,1,0,1
5667144,30,1,0,1
6938288,30,1,0,1
6435648,30,1,0,1
4470024,30,1,1,0
2323064,30,1,1,0
7664192,30,1,0,1
3012496,30,1,1,0
70616,30,1,0,1
3386152,30,1,0,1
3201136,30,1,0,1
5405056,30,1,0,1
2686720,30,1,0,1
1736712,30,1,1,0
7216344,30,1,1,0
870840,30,1,0,1
3122400,30,1,0,1
1926104,30,1,0,1
2492352,30,1,0,1
6034360,30,1,1,0
2241592,30,1,0,1
5609360,30,1,1,0
7973096,30,1,1,0
4196760,30,1,1,0
4025648,30,1,0,1
1412240,30,1,1,0
5627088,30,1,0,1
4712168,30,1,0,1
1164664,30,1,0,1
3168376,30,1,1,0
6074760,30,1,1,0
7230576,30,1,1,0
4216008,30,1,1,0
2862376,30,1,1,0
1104408,30,1,0,1
1227736,30,1,1,0
630456,30,1,0,1
2026440,30,1,1,0
889944,30,1,1,0
2454616,30,1,0,1
1764384,30,1,1,0
4039776,30,1,0,1
7807560,30,1,0,1
973848,30,1,1,0
3220904,30,1,1,0
1394760,30,1,1,0
443904,30,1,1,0
548328,30,1,0,1
2694096,30,1,1,0
277416,30,1,0,1
2444920,30,1,0,1
2021112,30,1,0,1
350952,30,1,1,0
6276784,30,1,0,1
6615592,30,1,0,1
4876288,30,1,0,1
1326232,30,1,1,0
4817912,30,1,0,1
3146416,30,1,1,0
4044120,30,1,1,0
2301376,30,1,1,0
3500144,30,1,1,0
515360,30,1,0,1
1523240,30,1,0,1
8139256,30,1,1,0
2949992,30,1,1,0
1292472,30,1,1,0
6292576,30,1,1,0
1101032,30,1,1,0
3121272,30,1,1,0
1110120,30,1,1,0
2592248,30,1,0,1
948928,30,1,0,1
970448,30,1,0,1
3071496,30,1,0,1
7906208,30,1,1,0
547232,30,1,0,1
3640480,30,1,0,1
2917424,30,1,1,0
788632,30,1,0,1
644232,30,1,1,0
3775832,30,1,1,0
6747192,30,1,1,0
832736,30,1,0,1
5044600,30,1,1,0
3580968,30,1,1,0
7922552,30,1,0,1
8030768,30,1,1,0
499952,30,1,1,0
388776,30,1,0,1
2772208,30,1,0,1
3058088,30,1,1,0
2000000,30,1,0,1
3138312,30,1,1,0
2879792,30,1,0,1
2755288,30,1,1,0
5219424,30,1,1,0
3552192,30,1,1,0
2330896,30,1,0,1
334416,30,1,0,1
2683536,30,1,0,1
372464,30,1,0,1
1152496,30,1,1,0
2715416,30,1,1,0
1741552,30,1,0,1
2448216,30,1,1,0
5416928,30,1,1,0
2345952,30,1,0,1
1726288,30,1,0,1
722088,30,1,0,1
1697360,30,1,0,1
7223656,30,1,1,0
4308184,30,1,0,1
1674696,30,1,0,1
511216,30,1,0,1
6291528,30,1,0,1
1185280,30,1,1,0
1384304,30,1,1,0
5638568,30,1,0,1
2459168,30,1,1,0
2728704,30,1,1,0
2820000,30,1,1,0
908680,30,1,1,0
6399752,30,1,1,0
6640920,30,1,0,1
6142992,30,1,0,1
4663416,30,1,1,0
1573696,30,1,0,1
3349856,30,1,1,0
1641328,30,1,1,0
2025232,30,1,1,0
1415600,30,1,1,0
4690392,30,1,0,1
2582936,30,1,1,0
1807384,30,1,1,0
6158712,30,1,0,1
2847072,30,1,1,0
3302792,30,1,0,1
7245784,30,1,0,1
894080,30,1,1,0
2919008,30,1,1,0
8163336,30,1,0,1
6121360,30,1,1,0
576840,30,1,0,1
403248,30,1,1,0
7950272,30,1,1,0
2738944,30,1,0,1
6328072,30,1,1,0
7582872,30,1,1,0
1134136,30,1,1,0
6058440,30,1,1,0
4119672,30,1,0,1
3083184,30,1,1,0
3392408,30,1,0,1
1796904,30,1,0,1
5571024,30,1,0,1
7290336,30,1,1,0
7597264,30,1,0,1
7064800,30,1,0,1
8192416,30,1,1,0
4542040,30,1,1,0
1963848,30,1,1,0
168608,30,1,1,0
184480,30,1,1,0
5672160,30,1,1,0
3085600,30,1,1,0
141296,30,1,0,1
6918440,30,1,1,0
7170432,30,1,0,1
2347224,30,1,1,0
6471048,30,1,1,0
5490600,30,1,1,0
4061312,30,1,0,1
6304800,30,1,0,1
3206856,30,1,1,0
4698280,30,1,1,0
709776,30,1,1,0
2342936,30,1,1,0
1460920,30,1,1,0
3856120,30,1,1,0
4161944,30,1,0,1
803736,30,1,1,0
347904,30,1,1,0
6858512,30,1,0,1
193736,30,1,1,0
1827624,30,1,1,0
4682152,30,1,0,1
701720,30,1,1,0
2478528,30,1,1,0
464936,30,1,1,0
6432096,30,1,0,1
2155808,30,1,0,1
943384,30,1,0,1
337448,30,1,1,0
5547208,30,1,1,0
2271064,30,1,1,0
2506296,30,1,1,0
3131216,30,1,0,1
3021944,30,1,0,1
362336,30,1,1,0
2085320,30,1,0,1
3044712,30,1,1,0
901528,30,1,0,1
1925048,30,1,0,1
823528,30,1,1,0
5422808,30,1,1,0
3703944,30,1,1,0
3418440,30,1,1,0
4124144,30,1,0,1
2002136,30,1,1,0
1325544,30,1,1,0
408680,30,1,1,0
456600,30,1,1,0
2703632,30,1,0,1
1009784,30,1,0,1
8275016,30,1,1,0
961008,30,1,0,1
5936464,30,1,0,1
6629280,30,1,1,0
1109784,30,1,0,1
7509040,30,1,0,1
907424,30,1,0,1
4908248,30,1,0,1
486152,30,1,1,0
726136,30,1,1,0
3348600,30,1,0,1
3952752,30,1,0,1
3763016,30,1,1,0
6307880,30,1,1,0
691592,30,1,1,0
1753128,30,1,1,0
7160432,30,1,1,0
7118888,30,1,1,0
1101680,30,1,1,0
4707904,30,1,1,0
6252080,30,1,1,0
1110432,30,1,0,1
2650432,30,1,1,0
2697768,30,1,0,1
8086232,30,1,0,1
483352,30,1,1,0
5007112,30,1,0,1
3578104,30,1,1,0
6895088,30,1,0,1
1719296,30,1,1,0
1491792,30,1,0,1
810248,30,1,1,0
251424,30,1,1,0
3438488,30,1,0,1
2097744,30,1,1,0
2109920,30,1,1,0
771328,30,1,0,1
614408,30,1,1,0
181696,30,1,0,1
1923080,30,1,0,1
1918736,30,1,0,1
311224,30,1,0,1
2920784,30,1,0,1
4476352,30,1,0,1
7290400,30,1,1,0
3849256,30,1,1,0
476136,30,1,0,1
2617424,30,1,0,1
2026432,30,1,0,1
1023120,30,1,1,0
2149568,30,1,1,0
314960,30,1,0,1
8293216,30,1,1,0
435880,30,1,1,0
8238384,30,1,1,0
3000616,30,1,0,1
7632128,30,1,1,0
1564064,30,1,0,1
2577296,30,1,1,0
682080,30,1,0,1
4924368,30,1,0,1
1229936,30,1,1,0
2231344,30,1,0,1
1335848,30,1,1,0
1864752,30,1,0,1
1632160,30,1,0,1
4016304,30,1,1,0
4817896,30,1,0,1
521592,30,1,0,1
481776,30,1,0,1
519632,30,1,1,0
1126648,30,1,1,0
167032,30,1,1,0
2781264,30,1,0,1
797744,30,1,1,0
3396712,30,1,1,0
6338568,30,1,1,0
3774968,30,1,0,1
194864,30,1,1,0
1758536,30,1,0,1
2626184,30,1,1,0
2180520,30,1,0,1
6398856,30,1,0,1
2072176,30,1,0,1
304648,30,1,0,1
7879264,30,1,0,1
1315056,30,1,1,0
1047272,30,1,0,1
563584,30,1,1,0
8021264,30,1,0,1
607224,30,1,1,0
2913720,30,1,0,1
3207840,30,1,0,1
2039064,30,1,1,0
2532528,30,1,1,0
4363728,30,1,0,1
4407496,30,1,1,0
3722896,30,1,0,1
2369920,30,1,0,1
6986488,30,1,1,0
225496,30,1,0,1
8107088,30,1,1,0
2574168,30,1,0,1
2482056,30,1,1,0
864648,30,1,0,1
2473512,30,1,1,0
1881616,30,1,1,0
619880,30,1,1,0
202856,30,1,0,1
6649888,30,1,0,1
1171040,30,1,0,1
2343912,30,1,1,0
962208,30,1,1,0
7376528,30,1,0,1
884992,30,1,1,0
1761528,30,1,1,0
888680,30,1,0,1
1865184,30,1,0,1
2775776,30,1,0,1
1067536,30,1,1,0
1111304,30,1,1,0
421072,30,1,1,0
1235872,30,1,0,1
1470800,30,1,0,1
2161984,30,1,0,1
7353720,30,1,0,1
445200,30,1,0,1
1523160,30,1,1,0
868384,30,1,1,0
7473352,30,1,0,1
8351208,30,1,0,1
2195848,30,1,0,1
682048,30,1,1,0
7500536,30,1,1,0
1577408,30,1,0,1
1033184,30,1,1,0
418400,30,1,1,0
1283000,30,1,0,1
1015192,30,1,0,1
7520992,30,1,0,1
6295968,30,1,1,0
576872,30,1,0,1
1879080,30,1,0,1
1820648,30,1,1,0
635368,30,1,0,1
561240,30,1,1,0
2075360,30,1,0,1
6691688,30,1,0,1
186696,30,1,1,0
6876568,30,1,1,0
3375016,30,1,0,1
2380472,30,1,0,1
2387176,30,1,1,0
5303072,30,1,0,1
2394840,30,1,0,1
7371600,30,1,1,0
7377328,30,1,1,0
239560,30,1,0,1
868856,30,1,1,0
5889432,30,1,1,0
4093144,30,1,0,1
2389520,30,1,0,1
2955072,30,1,1,0
945896,30,1,0,1
358072,30,1,0,1
5967600,30,1,0,1
475984,30,1,1,0
5647448,30,1,0,1
846056,30,1,1,0
404168,30,1,0,1
1570296,30,1,1,0
1758792,30,1,0,1
865576,30,1,1,0
1351728,30,1,1,0
6670864,30,1,1,0
3301904,30,1,0,1
2693912,30,1,1,0
4578920,30,1,1,0
2272080,30,1,1,0
2811984,30,1,0,1
1404400,30,1,1,0
2318592,30,1,1,0
854392,30,1,1,0
1665904,30,1,1,0
3108360,30,1,0,1
3805704,30,1,0,1
5079512,30,1,1,0
982960,30,1,1,0
4721688,30,1,0,1
5650032,30,1,1,0
6338728,30,1,0,1
187888,30,1,1,0
607744,30,1,0,1
6010464,30,1,1,0
156424,30,1,0,1
3792952,30,1,0,1
3050648,30,1,1,0
236656,30,1,1,0
2921744,30,1,1,0
2536144,30,1,0,1
754152,30,1,1,0
243896,30,1,1,0
899432,30,1,1,0
1598488,30,1,0,1
1488136,30,1,0,1
7493960,30,1,0,1
456608,30,1,1,0
3820672,30,1,0,1
5897192,30,1,1,0
423888,30,1,1,0
2572136,30,1,1,0
4180328,30,1,0,1
1994656,30,1,0,1
7597640,30,1,0,1
3966344,30,1,1,0
702448,30,1,0,1
1145904,30,1,1,0
417720,30,1,0,1
3293608,30,1,1,0
192256,30,1,0,1
448192,30,1,1,0
5710264,30,1,1,0
2727352,30,1,1,0
2347040,30,1,1,0
2106384,30,1,1,0
1545672,30,1,1,0
7948872,30,1,1,0
152336,30,1,0,1
3882032,30,1,1,0
114264,30,1,1,0
2883448,30,1,1,0
2836584,30,1,0,1
2233144,30,1,0,1
7627016,30,1,1,0
305288,30,1,1,0
4974816,30,1,1,0
5439920,30,1,1,0
4647016,30,1,1,0
1088680,30,1,0,1
613256,30,1,1,0
951648,30,1,0,1
1022720,30,1,1,0
195560,30,1,1,0
578880,30,1,1,0
4589480,30,1,0,1
4179064,30,1,1,0
1459168,30,1,0,1
1541608,30,1,1,0
6269176,30,1,1,0
6399624,30,1,0,1
5088584,30,1,0,1
6124408,30,1,1,0
7185232,30,1,1,0
4203640,30,1,0,1
345424,30,1,1,0
296440,30,1,1,0
3322544,30,1,0,1
3478784,30,1,0,1
1868000,30,1,0,1
4305696,30,1,1,0
251944,30,1,1,0
7841048,30,1,0,1
6518648,30,1,1,0
703464,30,1,0,1
606744,30,1,1,0
2412104,30,1,1,0
3650096,30,1,1,0
3473272,30,1,0,1
6764744,30,1,1,0
2832104,30,1,0,1
6716224,30,1,1,0
7034992,30,1,1,0
8273024,30,1,1,0
6445696,30,1,1,0
2344248,30,1,1,0
369952,30,1,1,0
525608,30,1,1,0
2081696,30,1,0,1
409912,30,1,0,1
976256,30,1,1,0
2191552,30,1,1,0
4548184,30,1,1,0
2047808,30,1,0,1
3654448,30,1,0,1
1538568,30,1,1,0
1619560,30,1,1,0
4929424,30,1,0,1
806184,30,1,0,1
1825640,30,1,1,0
1984632,30,1,1,0
867568,30,1,0,1
4866920,30,1,0,1
2804568,30,1,0,1
3412176,30,1,1,0
678240,30,1,1,0
954184,30,1,1,0
7087400,30,1,1,0
2461624,30,1,0,1
3141336,30,1,0,1
3050392,30,1,1,0
2266728,30,1,0,1
313952,30,1,1,0
1492144,30,1,0,1
3151520,30,1,0,1
6815456,30,1,1,0
6475048,30,1,1,0
2302552,30,1,1,0
802864,30,1,1,0
1670904,30,1,0,1
501408,30,1,1,0
7307904,30,1,0,1
729104,30,1,0,1
494352,30,1,0,1
4840824,30,1,0,1
2977472,30,1,0,1
1507592,30,1,0,1
3752144,30,1,0,1
1448584,30,1,0,1
4381288,30,1,0,1
4080296,30,1,1,0
3349016,30,1,1,0
404328,30,1,1,0
669640,30,1,0,1
8322288,30,1,1,0
662832,30,1,1,0
4329848,30,1,0,1
376504,30,1,0,1
281144,30,1,0,1
3019120,30,1,0,1
955016,30,1,0,1
1150928,30,1,1,0
5588656,30,1,0,1
7950912,30,1,0,1
3516928,30,1,0,1
3183248,30,1,1,0
6761400,30,1,1,0
1789048,30,1,1,0
4357088,30,1,0,1
6943976,30,1,1,0
714568,30,1,0,1
2072848,30,1,0,1
6415512,30,1,1,0
1742656,30,1,0,1
1075136,30,1,1,0
506584,30,1,0,1
5584912,30,1,0,1
674592,30,1,1,0
4788688,30,1,1,0
192992,30,1,0,1
697344,30,1,1,0
1723272,30,1,0,1
4796520,30,1,0,1
1931624,30,1,0,1
5676528,30,1,0,1
748496,30,1,1,0
1044272,30,1,1,0
2228776,30,1,0,1
6810584,30,1,1,0
1331048,30,1,0,1
495456,30,1,1,0
4392752,30,1,1,0
6810968,30,1,0,1
5301008,30,1,1,0
4560824,30,1,1,0
2292696,30,1,0,1
518784,30,1,0,1
3312680,30,1,0,1
5124720,30,1,0,1
402936,30,1,0,1
2113992,30,1,1,0
3969944,30,1,1,0
250384,30,1,1,0
1208904,30,1,0,1
3448504,30,1,0,1
5415168,30,1,0,1
2921624,30,1,1,0
445408,30,1,1,0
3856936,30,1,0,1
4348288,30,1,1,0
543864,30,1,0,1
2571920,30,1,0,1
337264,30,1,0,1
836000,30,1,1,0
1796312,30,1,1,0
7027120,30,1,0,1
4370312,30,1,0,1
1003208,30,1,1,0
1235296,30,1,1,0
2103368,30,1,0,1
6784632,30,1,0,1
7650840,30,1,0,1
4833232,30,1,1,0
2352192,30,1,0,1
255952,30,1,1,0
7314248,30,1,1,0
2405768,30,1,0,1
5077112,30,1,0,1
1210600,30,1,1,0
1612856,30,1,1,0
1390232,30,1,1,0
4453208,30,1,0,1
7518000,30,1,1,0
3047512,30,1,0,1
2346696,30,1,0,1
386928,30,1,1,0
2040656,30,1,1,0
1757672,30,1,0,1
5130296,30,1,0,1
863776,30,1,1,0
1462272,30,1,0,1
6281520,30,1,0,1
2998696,30,1,0,1
725136,30,1,0,1
1254608,30,1,0,1
4634512,30,1,0,1
357296,30,1,0,1
1377728,30,1,1,0
270360,30,1,1,0
6098640,30,1,0,1
4459648,30,1,0,1
5959192,30,1,0,1
1587712,30,1,0,1
1007592,30,1,1,0
339064,30,1,0,1
843920,30,1,0,1
531168,30,1,1,0
7568496,30,1,1,0
3372072,30,1,1,0
5569424,30,1,0,1
8286704,30,1,0,1
2838136,30,1,1,0
4320080,30,1,0,1
1512584,30,1,1,0
2519616,30,1,0,1
6246232,30,1,1,0
476424,30,1,1,0
1781280,30,1,0,1
7945344,30,1,0,1
4354560,30,1,0,1
553432,30,1,0,1
768000,30,1,1,0
3113960,30,1,0,1
2515736,30,1,0,1
1441376,30,1,1,0
433496,30,1,0,1
333960,30,1,0,1
7985200,30,1,0,1
5970384,30,1,0,1
2113208,30,1,0,1
2128224,30,1,1,0
2239800,30,1,0,1
4738296,30,1,0,1
4884808,30,1,1,0
2943976,30,1,1,0
4640504,30,1,1,0
1752800,30,1,1,0
484488,30,1,0,1
2365888,30,1,1,0
6514384,30,1,0,1
4525416,30,1,1,0
3410192,30,1,1,0
1506992,30,1,0,1
1296048,30,1,1,0
2904944,30,1,0,1
4811176,30,1,0,1
6957320,30,1,1,0
313224,30,1,0,1
1699936,30,1,0,1
469152,30,1,0,1
598736,30,1,0,1
2390296,30,1,1,0
911504,30,1,1,0
3109784,30,1,0,1
4478848,30,1,1,0
4576864,30,1,0,1
5451936,30,1,1,0
471736,30,1,1,0
520392,30,1,1,0
1529656,30,1,1,0
3724896,30,1,1,0
578264,30,1,1,0
7796216,30,1,0,1
205920,30,1,1,0
2830032,30,1,0,1
1714824,30,1,0,1
5123152,30,1,1,0
1750440,30,1,1,0
535056,30,1,0,1
4784424,30,1,0,1
2391016,30,1,0,1
4410456,30,1,1,0
5962160,30,1,0,1
5423848,30,1,1,0
2643672,30,1,0,1
3875184,30,1,0,1
666920,30,1,1,0
5084008,30,1,0,1
6361888,30,1,1,0
813304,30,1,0,1
3086368,30,1,1,0
1013584,30,1,1,0
2230688,30,1,1,0
1667400,30,1,1,0
176888,30,1,0,1
6151416,30,1,0,1
249016,30,1,0,1
2634080,30,1,1,0
4459344,30,1,1,0
3974640,30,1,1,0
631088,30,1,1,0
5482456,30,1,0,1
388304,30,1,0,1
1742760,30,1,1,0
581584,30,1,0,1
2066856,30,1,1,0
1277576,30,1,0,1
505448,30,1,1,0
581616,30,1,1,0
7762008,30,1,1,0
5732456,30,1,1,0
6511440,30,1,0,1
1136888,30,1,1,0
713344,30,1,1,0
4551040,30,1,0,1
1083688,30,1,0,1
4623968,30,1,1,0
3190112,30,1,0,1
4977744,30,1,0,1
1929696,30,1,0,1
3439728,30,1,0,1
4677032,30,1,0,1
254128,30,1,1,0
1862800,30,1,0,1
3601216,30,1,1,0
1136088,30,1,0,1
6279376,30,1,0,1
1594632,30,1,1,0
2398752,30,1,0,1
864096,30,1,0,1
1413120,30,1,1,0
4290176,30,1,0,1
1629800,30,1,1,0
5744688,30,1,0,1
1068352,30,1,0,1
3378800,30,1,0,1
391072,30,1,0,1
331472,30,1,0,1
1691712,30,1,1,0
5259240,30,1,0,1
7748656,30,1,0,1
264560,30,1,0,1
241512,30,1,1,0
2769216,30,1,1,0
4294008,30,1,0,1
6590992,30,1,0,1
8288096,30,1,1,0
3815168,30,1,1,0
1072808,30,1,1,0
2827592,30,1,0,1
872912,30,1,0,1
4428536,30,1,1,0
1320256,30,1,0,1
2454568,30,1,0,1
2936696,30,1,0,1
5709464,30,1,1,0
7368608,30,1,0,1
819352,30,1,1,0
707112,30,1,0,1
5493776,30,1,1,0
672608,30,1,1,0
2450096,30,1,1,0
1482496,30,1,1,0
5498480,30,1,1,0
1843712,30,1,1,0
3540448,30,1,0,1
4878400,30,1,1,0
6955296,30,1,0,1
1657936,30,1,1,0
526064,30,1,1,0
2626576,30,1,0,1
8004128,30,1,1,0
1187008,30,1,0,1
6888752,30,1,0,1
901584,30,1,0,1
791320,30,1,0,1
388016,30,1,1,0
854616,30,1,0,1
3274888,30,1,1,0
4618256,30,1,0,1
6297752,30,1,0,1
5028120,30,1,1,0
4270600,30,1,1,0
511136,30,1,0,1
7203568,30,1,1,0
520680,30,1,1,0
3853528,30,1,0,1
2262672,30,1,0,1
6144640,30,1,0,1
924568,30,1,1,0
368760,30,1,1,0
603112,30,1,1,0
5125472,30,1,1,0
1207464,30,1,1,0
315224,30,1,1,0
1405768,30,1,1,0
4158040,30,1,1,0
5380952,30,1,0,1
3337992,30,1,1,0
2849160,30,1,1,0
1326952,30,1,0,1
4396864,30,1,1,0
2732712,30,1,0,1
1745552,30,1,1,0
1537536,30,1,0,1
3415784,30,1,1,0
2420592,30,1,1,0
3110648,30,1,1,0
510464,30,1,0,1
433680,30,1,0,1
1097144,30,1,0,1
5995656,30,1,1,0
3098848,30,1,1,0
6998808,30,1,1,0
5320320,30,1,0,1
4412832,30,1,0,1
1505752,30,1,1,0
543944,30,1,0,1
670208,30,1,1,0
7174864,30,1,1,0
213376,30,1,1,0
997728,30,1,0,1
6747672,30,1,1,0
4983632,30,1,0,1
339720,30,1,0,1
643752,30,1,0,1
1260880,30,1,1,0
119944,30,1,1,0
3726904,30,1,0,1
5048056,30,1,1,0
854816,30,1,1,0
1547224,30,1,0,1
5460176,30,1,0,1
306096,30,1,1,0
4715744,30,1,0,1
4316760,30,1,0,1
3384112,30,1,0,1
784232,30,1,0,1
2300248,30,1,0,1
5015384,30,1,1,0
3039856,30,1,0,1
242504,30,1,1,0
369320,30,1,0,1
551640,30,1,0,1
6018920,30,1,1,0
5645032,30,1,1,0
1699416,30,1,1,0
926344,30,1,1,0
7781928,30,1,0,1
478296,30,1,1,0
5736304,30,1,1,0
4328904,30,1,1,0
5838392,30,1,0,1
2469800,30,1,1,0
2198136,30,1,1,0
4654920,30,1,0,1
2910296,30,1,0,1
160440,30,1,1,0
868520,30,1,1,0
681272,30,1,0,1
6024872,30,1,1,0
1631712,30,1,1,0
785544,30,1,0,1
1387752,30,1,1,0
2279768,30,1,1,0
2361224,30,1,0,1
5105560,30,1,1,0
2408376,30,1,1,0
1236656,30,1,1,0
4370656,30,1,0,1
946168,30,1,0,1
1078648,30,1,1,0
1900496,30,1,1,0
4179208,30,1,0,1
3389512,30,1,0,1
7849088,30,1,1,0
1379512,30,1,0,1
270120,30,1,1,0
2929408,30,1,1,0
6549600,30,1,0,1
430360,30,1,0,1
3833544,30,1,0,1
523936,30,1,1,0
2763208,30,1,0,1
7109392,30,1,1,0
883112,30,1,0,1
8188392,30,1,0,1
7141608,30,1,1,0
7018440,30,1,1,0
594768,30,1,0,1
2516072,30,1,1,0
6062344,30,1,1,0
3958736,30,1,0,1
2949392,30,1,1,0
5621384,30,1,0,1
2206256,30,1,0,1
5023160,30,1,0,1
5923824,30,1,0,1
418048,30,1,1,0
1954184,30,1,0,1
635688,30,1,1,0
7769680,30,1,0,1
1276312,30,1,1,0
1645760,30,1,1,0
1170736,30,1,1,0
3105840,30,1,0,1
1244856,30,1,1,0
8287448,30,1,1,0
1464632,30,1,1,0
4423792,30,1,0,1
3862312,30,1,1,0
8057552,30,1,1,0
1356840,30,1,0,1
6982056,30,1,1,0
5596168,30,1,0,1
6505304,30,1,1,0
6528832,30,1,0,1
484288,30,1,1,0
205632,30,1,0,1
6216440,30,1,1,0
778920,30,1,1,0
3328048,30,1,1,0
7303280,30,1,1,0
315016,30,1,1,0
1314688,30,1,0,1
5837480,30,1,0,1
60240,30,1,0,1
3135120,30,1,0,1
749512,30,1,1,0
8377368,30,1,0,1
6669432,30,1,0,1
6224328,30,1,0,1
3112784,30,1,1,0
418520,30,1,0,1
6878896,30,1,1,0
4280008,30,1,1,0
522264,30,1,1,0
4154304,30,1,0,1
884488,30,1,1,0
557968,30,1,1,0
1805672,30,1,0,1
3551736,30,1,0,1
6369648,30,1,1,0
4955000,30,1,0,1
2665408,30,1,1,0
91664,30,1,0,1
2975568,30,1,0,1
959416,30,1,1,0
4754720,30,1,0,1
2679512,30,1,1,0
374800,30,1,0,1
374296,30,1,0,1
1840776,30,1,1,0
366512,30,1,0,1
2681128,30,1,0,1
806576,30,1,0,1
686488,30,1,0,1
1423848,30,1,0,1
6579360,30,1,1,0
3735032,30,1,0,1
8030288,30,1,1,0
5718824,30,1,1,0
4917408,30,1,0,1
844520,30,1,1,0
201352,30,1,1,0
1891504,30,1,1,0
526472,30,1,0,1
416232,30,1,1,0
5914992,30,1,1,0
833936,30,1,0,1
5728960,30,1,1,0
7273320,30,1,0,1
172480,30,1,1,0
547136,30,1,1,0
862848,30,1,0,1
1091736,30,1,0,1
739760,30,1,1,0
1500616,30,1,1,0
178088,30,1,0,1
297592,30,1,0,1
374688,30,1,0,1
3066088,30,1,0,1
3833616,30,1,0,1
258488,30,1,1,0
1575888,30,1,1,0
1166176,30,1,0,1
6902576,30,1,1,0
5994696,30,1,0,1
8172976,30,1,0,1
2147072,30,1,1,0
2214520,30,1,0,1
5450192,30,1,1,0
3409896,30,1,1,0
673080,30,1,0,1
6119960,30,1,0,1
2865144,30,1,1,0
5708416,30,1,0,1
3846600,30,1,1,0
323656,30,1,0,1
5091928,30,1,1,0
316776,30,1,0,1
1456088,30,1,0,1
636520,30,1,0,1
3364136,30,1,1,0
2626128,30,1,1,0
392848,30,1,0,1
3495800,30,1,0,1
4270680,30,1,1,0
482512,30,1,1,0
366488,30,1,1,0
3461224,30,1,1,0
2856072,30,1,1,0
1163384,30,1,0,1
7001920,30,1,0,1
3552832,30,1,0,1
1477472,30,1,1,0
549928,30,1,0,1
6836816,30,1,0,1
6869568,30,1,0,1
781312,30,1,0,1
1485464,30,1,0,1
2322136,30,1,0,1
1057096,30,1,0,1
1816384,30,1,1,0
2940312,30,1,0,1
1409760,30,1,0,1
953000,30,1,1,0
5544392,30,1,1,0
2523776,30,1,0,1
5264600,30,1,1,0
3436568,30,1,1,0
474192,30,1,0,1
5715048,30,1,1,0
881192,30,1,0,1
1686520,30,1,0,1
1456288,30,1,1,0
2478272,30,1,1,0
5194248,30,1,1,0
3888984,30,1,1,0
5319184,30,1,0,1
2080744,30,1,0,1
683280,30,1,1,0
6226144,30,1,0,1
1254144,30,1,0,1
4820016,30,1,1,0
1208096,30,1,0,1
3715280,30,1,1,0
2657760,30,1,1,0
1793664,30,1,1,0
1602320,30,1,0,1
624944,30,1,1,0
514176,30,1,1,0
6980384,30,1,0,1
399576,30,1,0,1
758840,30,1,1,0
153240,30,1,1,0
2135992,30,1,0,1
4351984,30,1,0,1
1181976,30,1,1,0
5964736,30,1,0,1
167872,30,1,0,1
7046920,30,1,0,1
498904,30,1,0,1
4788560,30,1,0,1
2024192,30,1,1,0
4795168,30,1,0,1
3573600,30,1,1,0
1221848,30,1,0,1
1476592,30,1,1,0
2464096,30,1,1,0
2386528,30,1,1,0
6749064,30,1,0,1
509384,30,1,0,1
1296424,30,1,1,0
4538984,30,1,0,1
2329664,30,1,0,1
6794416,30,1,1,0
4601712,30,1,1,0
154288,30,1,0,1
4483248,30,1,0,1
5494912,30,1,0,1
4457120,30,1,1,0
5782264,30,1,1,0
1362736,30,1,0,1
7094656,30,1,0,1
2717856,30,1,1,0
6267856,30,1,0,1
1750464,30,1,1,0
4009824,30,1,1,0
7454904,30,1,0,1
253640,30,1,1,0
4431136,30,1,0,1
2871056,30,1,1,0
1765816,30,1,0,1
6165272,30,1,0,1
1885104,30,1,1,0
5328088,30,1,0,1
262496,30,1,0,1
727512,30,1,1,0
6196432,30,1,1,0
480968,30,1,1,0
2158096,30,1,1,0
4384232,30,1,0,1
2887352,30,1,0,1
318304,30,1,1,0
2552768,30,1,0,1
1461592,30,1,0,1
262168,30,1,1,0
1285984,30,1,0,1
1715520,30,1,0,1
4676640,30,1,0,1
407424,30,1,1,0
5245752,30,1,1,0
840656,30,1,0,1
5435320,30,1,0,1
7657944,30,1,1,0
2795000,30,1,0,1
3929128,30,1,0,1
892456,30,1,1,0
3913432,30,1,1,0
1533184,30,1,0,1
2531816,30,1,1,0
3556808,30,1,0,1
2073352,30,1,1,0
1236832,30,1,1,0
408544,30,1,1,0
199872,30,1,0,1
4093624,30,1,1,0
2735112,30,1,1,0
372304,30,1,0,1
2584264,30,1,0,1
7438400,30,1,0,1
787608,30,1,1,0
7612768,30,1,0,1
5436784,30,1,1,0
4064320,30,1,1,0
1163368,30,1,1,0
3710712,30,1,1,0
1505896,30,1,0,1
974240,30,1,0,1
1608840,30,1,0,1
151456,30,1,0,1
1268056,30,1,0,1
7897696,30,1,1,0
5082656,30,1,1,0
5112928,30,1,1,0
4351688,30,1,0,1
1931672,30,1,0,1
320088,30,1,0,1
8011104,30,1,0,1
2918160,30,1,1,0
256024,30,1,0,1
358352,30,1,0,1
784224,30,1,1,0
581560,30,1,0,1
1625984,30,1,1,0
3281272,30,1,0,1
863840,30,1,0,1
713360,30,1,0,1
532832,30,1,1,0
303736,30,1,1,0
2803000,30,1,1,0
1926016,30,1,0,1
1290760,30,1,1,0
2922392,30,1,0,1
4435616,30,1,0,1
259808,30,1,0,1
1679440,30,1,1,0
1688872,30,1,0,1
1898600,30,1,0,1
6463792,30,1,0,1
3699352,30,1,0,1
529664,30,1,0,1
431864,30,1,0,1
3106528,30,1,1,0
1091352,30,1,1,0
489336,30,1,1,0
3086216,30,1,1,0
5664584,30,1,0,1
7110784,30,1,1,0
936976,30,1,0,1
495704,30,1,0,1
1366304,30,1,1,0
6191936,30,1,1,0
2701640,30,1,1,0
1964472,30,1,0,1
1003200,30,1,0,1
7380936,30,1,0,1
8257944,30,1,1,0
3233264,30,1,1,0
1328960,30,1,0,1
6800648,30,1,0,1
510856,30,1,1,0
510616,30,1,0,1
6967680,30,1,0,1
1588808,30,1,0,1
1791264,30,1,1,0
3410200,30,1,1,0
4081232,30,1,1,0
8374872,30,1,1,0
2000696,30,1,1,0
5635944,30,1,0,1
2255536,30,1,1,0
1311984,30,1,0,1
2860096,30,1,0,1
3723984,30,1,1,0
2913392,30,1,1,0
3399640,30,1,0,1
5769128,30,1,1,0
2279896,30,1,1,0
8086320,30,1,1,0
3583208,30,1,0,1
3092600,30,1,0,1
755232,30,1,0,1
1535928,30,1,0,1
737200,30,1,0,1
3656048,30,1,1,0
4801280,30,1,1,0
5030552,30,1,0,1
7846240,30,1,0,1
575200,30,1,1,0
8087584,30,1,0,1
702624,30,1,0,1
5832824,30,1,0,1
1145784,30,1,0,1
7929480,30,1,1,0
5541008,30,1,1,0
1279488,30,1,0,1
377592,30,1,0,1
2041256,30,1,1,0
2594936,30,1,1,0
4315760,30,1,0,1
903984,30,1,1,0
761680,30,1,1,0
3829592,30,1,1,0
2638824,30,1,1,0
2429256,30,1,0,1
3627224,30,1,1,0
274336,30,1,1,0
1569024,30,1,1,0
2878168,30,1,0,1
5244792,30,1,1,0
350864,30,1,0,1
5489744,30,1,0,1
1832224,30,1,0,1
730128,30,1,0,1
3650992,30,1,0,1
157024,30,1,1,0
3050656,30,1,1,0
2228976,30,1,0,1
7725768,30,1,1,0
851904,30,1,0,1
1517440,30,1,1,0
2747616,30,1,1,0
4127040,30,1,0,1
1522136,30,1,0,1
1001096,30,1,1,0
3746504,30,1,1,0
929360,30,1,1,0
969736,30,1,1,0
430496,30,1,0,1
400048,30,1,0,1
3263496,30,1,1,0
2612504,30,1,0,1
3833568,30,1,0,1
7884632,30,1,1,0
4156848,30,1,0,1
5330264,30,1,1,0
6160992,30,1,0,1
804936,30,1,1,0
886752,30,1,1,0
1189472,30,1,1,0
2074416,30,1,1,0
3690272,30,1,0,1
432248,30,1,0,1
2848136,30,1,0,1
5614008,30,1,0,1
1718480,30,1,1,0
6803560,30,1,1,0
1353944,30,1,1,0
216776,30,1,1,0
5500240,30,1,0,1
857200,30,1,0,1
7131424,30,1,0,1
3037888,30,1,1,0
1949208,30,1,1,0
2472488,30,1,0,1
921512,30,1,0,1
4460576,30,1,1,0
899800,30,1,0,1
5593704,30,1,1,0
543768,30,1,1,0
474576,30,1,1,0
2413944,30,1,0,1
1167400,30,1,0,1
2399144,30,1,1,0
7857072,30,1,0,1
1452088,30,1,0,1
1516192,30,1,0,1
1619736,30,1,0,1
1245944,30,1,0,1
7028456,30,1,0,1
3155864,30,1,0,1
8235224,30,1,1,0
6048688,30,1,0,1
1147432,30,1,1,0
1684560,30,1,1,0
198024,30,1,0,1
1674824,30,1,1,0
6039392,30,1,1,0
1644600,30,1,0,1
2329040,30,1,1,0
1649632,30,1,1,0
1190992,30,1,0,1
3549032,30,1,0,1
2533296,30,1,0,1
2919456,30,1,1,0
303408,30,1,1,0
3424696,30,1,1,0
6032200,30,1,1,0
8029864,30,1,0,1
294360,30,1,1,0
1085840,30,1,0,1
1017960,30,1,1,0
5549344,30,1,1,0
4490696,30,1,1,0
4033240,30,1,1,0
2368552,30,1,0,1
4942600,30,1,1,0
438896,30,1,0,1
416144,30,1,1,0
913976,30,1,1,0
6253800,30,1,0,1
6054600,30,1,1,0
7841664,30,1,1,0
2392048,30,1,0,1
2867376,30,1,1,0
1962664,30,1,1,0
324240,30,1,1,0
8291560,30,1,0,1
1513248,30,1,0,1
1277744,30,1,1,0
427720,30,1,0,1
3898072,30,1,1,0
3458816,30,1,1,0
523192,30,1,0,1
6415856,30,1,1,0
1511832,30,1,1,0
243808,30,1,1,0
6600912,30,1,1,0
928888,30,1,0,1
4185544,30,1,1,0
6076360,30,1,1,0
1347016,30,1,0,1
5174424,30,1,0,1
1147912,30,1,1,0
855176,30,1,0,1
3104304,30,1,1,0
225056,30,1,1,0
4622728,30,1,0,1
3263024,30,1,1,0
323944,30,1,1,0
252888,30,1,0,1
3010040,30,1,1,0
1718664,30,1,0,1
256584,30,1,0,1
744008,30,1,0,1
4813792,30,1,0,1
1832032,30,1,1,0
5688192,30,1,0,1
504976,30,1,0,1
835584,30,1,0,1
390248,30,1,1,0
744080,30,1,1,0
2691808,30,1,0,1
1637336,30,1,1,0
5326152,30,1,0,1
142192,30,1,1,0
1768408,30,1,0,1
1318168,30,1,1,0
6604080,30,1,0,1
282528,30,1,0,1
2160968,30,1,1,0
1587656,30,1,1,0
2842512,30,1,1,0
5713688,30,1,1,0
1897304,30,1,1,0
1381168,30,1,0,1
4893040,30,1,0,1
5696160,30,1,1,0
3559472,30,1,0,1
3636104,30,1,0,1
6669528,30,1,0,1
4039200,30,1,0,1
1222904,30,1,0,1
502704,30,1,0,1
1615288,30,1,0,1
2507896,30,1,1,0
4612064,30,1,1,0
2637288,30,1,0,1
2603256,30,1,1,0
290016,30,1,1,0
206880,30,1,0,1
564216,30,1,0,1
5474880,30,1,0,1
1170176,30,1,0,1
3846512,30,1,0,1
3133248,30,1,0,1
817904,30,1,0,1
5264464,30,1,1,0
697176,30,1,1,0
7329840,30,1,1,0
1226664,30,1,1,0
1111520,30,1,0,1
6089136,30,1,1,0
420592,30,1,1,0
1951712,30,1,0,1
266592,30,1,1,0
697224,30,1,0,1
1510248,30,1,0,1
294968,30,1,1,0
750776,30,1,1,0
2947184,30,1,0,1
482168,30,1,0,1
1005192,30,1,1,0
384304,30,1,1,0
1856944,30,1,0,1
4512016,30,1,1,0
5842456,30,1,0,1
1686008,30,1,1,0
545864,30,1,1,0
1071728,30,1,0,1
3307072,30,1,0,1
6199032,30,1,0,1
1263008,30,1,0,1
3282256,30,1,1,0
839496,30,1,0,1
1147056,30,1,0,1
3527000,30,1,0,1
569648,30,1,1,0
223888,30,1,0,1
473008,30,1,0,1
1276480,30,1,1,0
4434152,30,1,0,1
1065688,30,1,1,0
1285616,30,1,0,1
8173568,30,1,1,0
1789560,30,1,1,0
7140104,30,1,0,1
2258896,30,1,1,0
1028696,30,1,0,1
4648280,30,1,1,0
7928888,30,1,1,0
3619480,30,1,0,1
5758208,30,1,0,1
2463568,30,1,1,0
4041056,30,1,1,0
3319760,30,1,0,1
4548872,30,1,0,1
3594296,30,1,0,1
3433272,30,1,1,0
7252352,30,1,0,1
2376712,30,1,0,1
3271624,30,1,0,1
953904,30,1,0,1
5536224,30,1,1,0
773968,30,1,1,0
1294480,30,1,1,0
1439160,30,1,0,1
1201616,30,1,1,0
532496,30,1,1,0
2913840,30,1,1,0
1939536,30,1,0,1
2864688,30,1,0,1
2785008,30,1,1,0
2224600,30,1,1,0
170808,30,1,1,0
1927120,30,1,1,0
4782792,30,1,0,1
112816,30,1,1,0
1193120,30,1,1,0
6004632,30,1,0,1
745288,30,1,0,1
1024616,30,1,1,0
3608136,30,1,1,0
1576768,30,1,0,1
7725976,30,1,1,0
7286688,30,1,1,0
3188440,30,1,0,1
4875440,30,1,1,0
5642176,30,1,0,1
3413592,30,1,0,1
871712,30,1,1,0
499456,30,1,0,1
5197864,30,1,0,1
8096624,30,1,0,1
4672248,30,1,1,0
3278712,30,1,1,0
5969184,30,1,0,1
887856,30,1,0,1
1936720,30,1,0,1
3886328,30,1,0,1
395328,30,1,0,1
489776,30,1,1,0
1771880,30,1,0,1
2644448,30,1,1,0
2401920,30,1,0,1
233728,30,1,1,0
1297520,30,1,0,1
6859832,30,1,1,0
595024,30,1,1,0
1807424,30,1,0,1
473912,30,1,1,0
4743768,30,1,1,0
3863056,30,1,0,1
6456528,30,1,0,1
4033592,30,1,0,1
685776,30,1,0,1
561576,30,1,0,1
464064,30,1,0,1
3195624,30,1,1,0
2780672,30,1,1,0
5665064,30,1,1,0
3009976,30,1,0,1
3357864,30,1,0,1
7792912,30,1,0,1
3217528,30,1,1,0
3278008,30,1,1,0
344984,30,1,1,0
5412128,30,1,1,0
5550016,30,1,0,1
1099384,30,1,1,0
8238600,30,1,1,0
1853416,30,1,0,1
6566088,30,1,1,0
4859424,30,1,1,0
7977400,30,1,1,0
678312,30,1,1,0
1850608,30,1,0,1
4357608,30,1,0,1
5329848,30,1,1,0
1696920,30,1,0,1
3029056,30,1,0,1
801192,30,1,1,0
2304008,30,1,0,1
604568,30,1,0,1
1664880,30,1,0,1
182944,30,1,0,1
2190712,30,1,0,1
5415744,30,1,1,0
1900952,30,1,0,1
1860320,30,1,0,1
7175520,30,1,0,1
4858216,30,1,0,1
5784512,30,1,1,0
5922984,30,1,1,0
329104,30,1,1,0
4840192,30,1,1,0
1561488,30,1,0,1
1726672,30,1,0,1
1536576,30,1,0,1
249864,30,1,0,1
702032,30,1,0,1
1395688,30,1,0,1
3320544,30,1,1,0
1632640,30,1,1,0
1751544,30,1,1,0
2288960,30,1,0,1
623944,30,1,0,1
273096,30,1,1,0
5006304,30,1,1,0
5467240,30,1,1,0
289848,30,1,0,1
4718824,30,1,0,1
3577808,30,1,0,1
2152648,30,1,1,0
284376,30,1,1,0
2278872,30,1,0,1
1424808,30,1,1,0
3012976,30,1,0,1
1260208,30,1,0,1
614320,30,1,0,1
569608,30,1,1,0
6766264,30,1,1,0
2041064,30,1,1,0
741696,30,1,0,1
6224184,30,1,0,1
1326472,30,1,0,1
3018976,30,1,1,0
2344696,30,1,1,0
1660728,30,1,0,1
5118512,30,1,0,1
3292400,30,1,0,1
8233000,30,1,0,1
8036520,30,1,0,1
7494024,30,1,0,1
1789976,30,1,0,1
1540560,30,1,0,1
1338984,30,1,1,0
6043632,30,1,1,0
2086296,30,1,1,0
3228560,30,1,0,1
1756760,30,1,1,0
7761480,30,1,1,0
6056712,30,1,1,0
1391208,30,1,0,1
3010072,30,1,1,0
3654928,30,1,1,0
6126800,30,1,1,0
6892368,30,1,1,0
5500480,30,1,0,1
1723560,30,1,0,1
1687520,30,1,0,1
5250192,30,1,0,1
5764024,30,1,0,1
2319656,30,1,1,0
513760,30,1,0,1
1526224,30,1,1,0
264496,30,1,1,0
292128,30,1,1,0
466264,30,1,0,1
305464,30,1,1,0
5510872,30,1,1,0
2125728,30,1,0,1
4450896,30,1,0,1
2413560,30,1,1,0
672832,30,1,0,1
943304,30,1,0,1
3473016,30,1,1,0
1102192,30,1,0,1
1771464,30,1,1,0
3885896,31,1,1,0
373376,31,1,1,0
5035784,31,1,0,1
3510048,31,1,0,1
8162816,31,1,1,0
2865784,31,1,0,1
145744,31,1,0,1
438432,31,1,0,1
592776,31,1,0,1
4901896,31,1,1,0
1846024,31,1,1,0
1302432,31,1,0,1
874904,31,1,1,0
7609000,31,1,1,0
6129792,31,1,1,0
634112,31,1,1,0
3945544,31,1,1,0
2730304,31,1,1,0
5114360,31,1,1,0
7570256,31,1,0,1
1011032,31,1,0,1
6740064,31,1,1,0
696824,31,1,1,0
3888104,31,1,1,0
1476248,31,1,1,0
1089464,31,1,1,0
4965320,31,1,0,1
854704,31,1,1,0
7169584,31,1,1,0
7546664,31,1,1,0
396584,31,1,0,1
1230952,31,1,1,0
1697776,31,1,1,0
4057544,31,1,1,0
4103264,31,1,0,1
3093648,31,1,0,1
2716312,31,1,1,0
7311184,31,1,1,0
5023360,31,1,1,0
725432,31,1,0,1
313800,31,1,1,0
1034800,31,1,0,1
6899584,31,1,0,1
1316560,31,1,0,1
1947104,31,1,1,0
1621680,31,1,1,0
689168,31,1,0,1
4672888,31,1,1,0
2134144,31,1,1,0
1152864,31,1,0,1
641600,31,1,0,1
3631624,31,1,1,0
6297120,31,1,0,1
3315848,31,1,1,0
232768,31,1,1,0
5950320,31,1,0,1
4045704,31,1,1,0
3041088,31,1,0,1
1185392,31,1,1,0
3537296,31,1,0,1
548320,31,1,0,1
1636344,31,1,1,0
5336992,31,1,0,1
2665160,31,1,1,0
2667928,31,1,1,0
4451912,31,1,0,1
1863888,31,1,1,0
1720696,31,1,1,0
1697792,31,1,1,0
673144,31,1,0,1
2371608,31,1,1,0
405920,31,1,0,1
2578264,31,1,1,0
1929824,31,1,0,1
8172496,31,1,0,1
1582328,31,1,1,0
476928,31,1,0,1
3078320,31,1,0,1
2015528,31,1,0,1
689608,31,1,1,0
947040,31,1,1,0
4893024,31,1,0,1
1488360,31,1,1,0
831368,31,1,1,0
522512,31,1,0,1
7953912,31,1,1,0
885808,31,1,1,0
7112616,31,1,1,0
925632,31,1,0,1
4127552,31,1,0,1
4558320,31,1,0,1
7515640,31,1,1,0
4291280,31,1,1,0
484760,31,1,1,0
1748432,31,1,0,1
7424368,31,1,1,0
1792240,31,1,0,1
694576,31,1,1,0
1842104,31,1,1,0
1768240,31,1,0,1
6607392,31,1,1,0
2188472,31,1,0,1
2070864,31,1,1,0
997248,31,1,0,1
6057056,31,1,1,0
617672,31,1,1,0
6644288,31,1,0,1
3870936,31,1,0,1
1513720,31,1,0,1
3500856,31,1,1,0
5145968,31,1,1,0
1410432,31,1,1,0
763072,31,1,1,0
7044552,31,1,1,0
3215424,31,1,1,0
999040,31,1,1,0
696056,31,1,1,0
2396584,31,1,0,1
2394128,31,1,0,1
2352544,31,1,0,1
6159752,31,1,1,0
1441960,31,1,0,1
6380416,31,1,0,1
544904,31,1,1,0
112968,31,1,0,1
8242848,31,1,0,1
5145960,31,1,0,1
1933584,31,1,0,1
2151792,31,1,0,1
2100808,31,1,0,1
1972040,31,1,1,0
1007808,31,1,1,0
685072,31,1,1,0
3590648,31,1,1,0
7019496,31,1,0,1
7547248,31,1,1,0
1988800,31,1,1,0
1209184,31,1,0,1
2056056,31,1,1,0
354808,31,1,0,1
1814160,31,1,0,1
2084080,31,1,0,1
1483080,31,1,1,0
7356248,31,1,0,1
2223888,31,1,0,1
3374464,31,1,1,0
1169808,31,1,1,0
6139904,31,1,1,0
5278048,31,1,0,1
2448080,31,1,1,0
2707728,31,1,1,0
1036976,31,1,1,0
4913944,31,1,0,1
304776,31,1,1,0
265912,31,1,0,1
3275264,31,1,0,1
1593456,31,1,1,0
6749888,31,1,1,0
2996072,31,1,0,1
2021456,31,1,1,0
1739032,31,1,1,0
3760464,31,1,0,1
284200,31,1,1,0
1101120,31,1,0,1
638984,31,1,1,0
4117432,31,1,1,0
2089440,31,1,0,1
3288184,31,1,0,1
1688024,31,1,0,1
5893360,31,1,0,1
1431792,31,1,0,1
218960,31,1,0,1
5750360,31,1,1,0
6068504,31,1,1,0
399432,31,1,0,1
4704016,31,1,1,0
4715728,31,1,0,1
275224,31,1,1,0
5440256,31,1,1,0
2383376,31,1,1,0
350632,31,1,1,0
4232512,31,1,1,0
505552,31,1,1,0
487600,31,1,0,1
6184472,31,1,0,1
2197824,31,1,1,0
728688,31,1,0,1
2451952,31,1,1,0
2210496,31,1,1,0
3481208,31,1,0,1
495568,31,1,0,1
1795312,31,1,0,1
4149832,31,1,1,0
1633824,31,1,0,1
5232240,31,1,0,1
3703616,31,1,0,1
625328,31,1,1,0
512160,31,1,0,1
707680,31,1,1,0
7099448,31,1,0,1
4583600,31,1,1,0
3401608,31,1,0,1
89720,31,1,1,0
1200224,31,1,1,0
3442256,31,1,0,1
1330792,31,1,0,1
2542224,31,1,0,1
3481112,31,1,1,0
347624,31,1,1,0
742752,31,1,1,0
4312488,31,1,1,0
3261368,31,1,1,0
1039224,31,1,1,0
1318824,31,1,0,1
962960,31,1,1,0
2546448,31,1,0,1
3178264,31,1,0,1
985664,31,1,1,0
1069432,31,1,1,0
1636960,31,1,1,0
747184,31,1,1,0
3501560,31,1,1,0
3285432,31,1,1,0
2479152,31,1,0,1
838016,31,1,0,1
195584,31,1,0,1
460392,31,1,1,0
782384,31,1,1,0
1078456,31,1,1,0
1699376,31,1,0,1
376160,31,1,1,0
7896920,31,1,0,1
713144,31,1,0,1
481400,31,1,1,0
1437352,31,1,1,0
387984,31,1,1,0
6620896,31,1,0,1
297424,31,1,0,1
3008768,31,1,0,1
6513536,31,1,1,0
2364328,31,1,1,0
2733184,31,1,0,1
7235048,31,1,1,0
6153040,31,1,0,1
3003952,31,1,0,1
185856,31,1,1,0
2468928,31,1,0,1
6081880,31,1,1,0
221984,31,1,0,1
1116992,31,1,1,0
1075584,31,1,0,1
2852360,31,1,1,0
1632320,31,1,0,1
384352,31,1,1,0
1955560,31,1,0,1
1594080,31,1,0,1
1398656,31,1,1,0
5279240,31,1,0,1
3256704,31,1,0,1
929224,31,1,0,1
2571208,31,1,0,1
5617352,31,1,0,1
2074840,31,1,1,0
1554104,31,1,0,1
7781848,31,1,0,1
8096376,31,1,0,1
805176,31,1,0,1
1647136,31,1,0,1
7193320,31,1,1,0
2807288,31,1,0,1
1464552,31,1,1,0
322144,31,1,0,1
2435216,31,1,1,0
7795712,31,1,1,0
476192,31,1,0,1
2509864,31,1,1,0
7608688,31,1,0,1
1140376,31,1,0,1
5287192,31,1,1,0
589424,31,1,1,0
2011192,31,1,0,1
6392416,31,1,0,1
4762840,31,1,1,0
186976,31,1,1,0
4996608,31,1,0,1
699472,31,1,0,1
265016,31,1,0,1
2101944,31,1,0,1
6765712,31,1,0,1
1139992,31,1,1,0
996768,31,1,0,1
1144280,31,1,1,0
4265048,31,1,0,1
4011568,31,1,0,1
870368,31,1,1,0
481408,31,1,0,1
1370824,31,1,1,0
1246960,31,1,1,0
1478664,31,1,1,0
3343400,31,1,0,1
1690208,31,1,1,0
7928152,31,1,1,0
691136,31,1,1,0
653584,31,1,0,1
5872024,31,1,0,1
3617056,31,1,0,1
1557328,31,1,1,0
6658376,31,1,1,0
331528,31,1,1,0
1954904,31,1,0,1
3471064,31,1,0,1
823040,31,1,1,0
8102152,31,1,1,0
2819616,31,1,0,1
2792880,31,1,0,1
682240,31,1,1,0
318352,31,1,1,0
6783096,31,1,0,1
727712,31,1,1,0
3029784,31,1,1,0
1966384,31,1,0,1
1582984,31,1,0,1
989688,31,1,0,1
991824,31,1,0,1
608464,31,1,1,0
3252640,31,1,0,1
1325384,31,1,0,1
961416,31,1,0,1
8194456,31,1,1,0
367664,31,1,1,0
5463248,31,1,1,0
6164760,31,1,1,0
1598360,31,1,1,0
4737728,31,1,1,0
1641040,31,1,1,0
2498544,31,1,0,1
260056,31,1,1,0
5581232,31,1,0,1
212456,31,1,1,0
1236552,31,1,0,1
1778336,31,1,0,1
2500816,31,1,0,1
3079000,31,1,1,0
939800,31,1,1,0
1510256,31,1,1,0
840032,31,1,0,1
3365368,31,1,1,0
1065016,31,1,0,1
1604664,31,1,1,0
2284384,31,1,1,0
559768,31,1,0,1
4235760,31,1,0,1
2819888,31,1,0,1
5263072,31,1,1,0
1974128,31,1,0,1
1033688,31,1,1,0
6095560,31,1,1,0
5689632,31,1,1,0
2094216,31,1,1,0
1782088,31,1,0,1
694400,31,1,0,1
148664,31,1,1,0
280408,31,1,0,1
7805136,31,1,1,0
664096,31,1,0,1
7053136,31,1,1,0
1088960,31,1,0,1
3246448,31,1,1,0
717048,31,1,0,1
4919080,31,1,0,1
2531928,31,1,1,0
3990496,31,1,1,0
1476776,31,1,0,1
2109352,31,1,1,0
7900000,31,1,0,1
2572968,31,1,0,1
1164568,31,1,1,0
4428040,31,1,1,0
3345448,31,1,1,0
5007232,31,1,1,0
2101320,31,1,0,1
5702056,31,1,1,0
5125344,31,1,0,1
1006664,31,1,1,0
253136,31,1,1,0
7096792,31,1,1,0
538040,31,1,0,1
405400,31,1,1,0
1814928,31,1,0,1
7025576,31,1,0,1
2105720,31,1,1,0
6605232,31,1,1,0
573336,31,1,1,0
2017512,31,1,1,0
1581928,31,1,0,1
362984,31,1,1,0
847968,31,1,0,1
2741040,31,1,0,1
1134656,31,1,1,0
2215056,31,1,1,0
4435936,31,1,0,1
577352,31,1,1,0
2894184,31,1,1,0
1458288,31,1,1,0
942176,31,1,0,1
442928,31,1,0,1
6735744,31,1,0,1
7039720,31,1,1,0
5198176,31,1,0,1
5640144,31,1,1,0
5986864,31,1,0,1
4625872,31,1,0,1
6920816,31,1,0,1
1062968,31,1,0,1
232816,31,1,0,1
1292224,31,1,1,0
185488,31,1,1,0
5207664,31,1,0,1
1067968,31,1,1,0
5499824,31,1,1,0
4201384,31,1,1,0
1137472,31,1,1,0
233192,31,1,0,1
261224,31,1,1,0
4623544,31,1,0,1
361824,31,1,0,1
2116224,31,1,1,0
1815680,31,1,1,0
1152264,31,1,0,1
831824,31,1,1,0
131128,31,1,0,1
653768,31,1,1,0
847336,31,1,1,0
2134608,31,1,1,0
497232,31,1,0,1
5840072,31,1,1,0
310720,31,1,1,0
4179688,31,1,0,1
831800,31,1,0,1
392216,31,1,1,0
1885888,31,1,1,0
1064328,31,1,1,0
4686480,31,1,1,0
7250064,31,1,1,0
318824,31,1,0,1
2063672,31,1,1,0
5071096,31,1,0,1
538112,31,1,1,0
282560,31,1,1,0
6747064,31,1,1,0
7142400,31,1,0,1
2553800,31,1,0,1
459152,31,1,1,0
6247864,31,1,1,0
3294936,31,1,1,0
5139768,31,1,1,0
1329608,31,1,1,0
4120280,31,1,0,1
1021968,31,1,1,0
2373344,31,1,1,0
5201008,31,1,1,0
2513688,31,1,0,1
647304,31,1,0,1
2059632,31,1,0,1
412528,31,1,1,0
1548608,31,1,1,0
2790744,31,1,1,0
3390960,31,1,1,0
738096,31,1,0,1
6086816,31,1,0,1
2962976,31,1,0,1
7443312,31,1,0,1
2652504,31,1,0,1
1508992,31,1,0,1
3129808,31,1,0,1
4002600,31,1,1,0
1222992,31,1,1,0
5878912,31,1,0,1
1622680,31,1,1,0
6820968,31,1,1,0
668552,31,1,1,0
1769904,31,1,0,1
521904,31,1,1,0
6949520,31,1,0,1
2591456,31,1,1,0
2384712,31,1,0,1
954776,31,1,0,1
7242904,31,1,1,0
6384224,31,1,1,0
1858176,31,1,0,1
881976,31,1,0,1
6847416,31,1,0,1
8342304,31,1,1,0
2133280,31,1,1,0
4780424,31,1,0,1
7630104,31,1,1,0
1754944,31,1,1,0
1113680,31,1,0,1
3498672,31,1,0,1
672592,31,1,0,1
1809440,31,1,0,1
5289616,31,1,1,0
611984,31,1,0,1
1139528,31,1,0,1
8273976,31,1,0,1
2115592,31,1,1,0
2756120,31,1,1,0
540808,31,1,0,1
2533680,31,1,1,0
294096,31,1,0,1
1636832,31,1,0,1
1160616,31,1,0,1
4470704,31,1,1,0
3078256,31,1,1,0
3771080,31,1,0,1
238976,31,1,0,1
763904,31,1,0,1
7458928,31,1,1,0
1560352,31,1,0,1
930920,31,1,1,0
6938520,31,1,1,0
327784,31,1,0,1
7219840,31,1,0,1
4140424,31,1,0,1
4321144,31,1,1,0
4218304,31,1,1,0
4545096,31,1,0,1
4654504,31,1,0,1
970832,31,1,0,1
2347000,31,1,1,0
3558016,31,1,1,0
3748776,31,1,0,1
2959824,31,1,1,0
785072,31,1,1,0
3153568,31,1,0,1
1779880,31,1,0,1
2046008,31,1,0,1
5509944,31,1,0,1
1829816,31,1,1,0
6668512,31,1,1,0
2295496,31,1,0,1
800208,31,1,0,1
602272,31,1,1,0
644296,31,1,0,1
572112,31,1,1,0
3503096,31,1,0,1
867096,31,1,1,0
377144,31,1,1,0
3113112,31,1,1,0
1575800,31,1,0,1
3811224,31,1,1,0
6529328,31,1,0,1
4233744,31,1,1,0
2415352,31,1,1,0
1410160,31,1,0,1
2729232,31,1,0,1
397192,31,1,0,1
1503024,31,1,0,1
454568,31,1,1,0
4599832,31,1,0,1
302976,31,1,1,0
321904,31,1,0,1
1422704,31,1,1,0
3361568,31,1,1,0
1227480,31,1,0,1
1127544,31,1,0,1
5445264,31,1,1,0
875584,31,1,0,1
5734920,31,1,0,1
403336,31,1,0,1
1295368,31,1,1,0
4106792,31,1,1,0
186120,31,1,1,0
954864,31,1,0,1
871632,31,1,1,0
967936,31,1,1,0
992864,31,1,0,1
4220680,31,1,0,1
1597296,31,1,0,1
3608472,31,1,0,1
1748328,31,1,1,0
6782880,31,1,0,1
1826480,31,1,1,0
2624464,31,1,0,1
2051368,31,1,1,0
1625912,31,1,1,0
4345456,31,1,0,1
5312880,31,1,1,0
7929784,31,1,0,1
2642520,31,1,0,1
7538056,31,1,0,1
6351792,31,1,0,1
1681792,31,1,0,1
1264176,31,1,0,1
351528,31,1,1,0
3634920,31,1,1,0
2801352,31,1,1,0
1153072,31,1,1,0
1017296,31,1,0,1
8223608,31,1,1,0
2151584,31,1,0,1
2289336,31,1,0,1
154000,31,1,1,0
974832,31,1,1,0
524992,31,1,1,0
2308576,31,1,1,0
2059568,31,1,0,1
5630024,31,1,0,1
2253760,31,1,0,1
1749656,31,1,1,0
687656,31,1,0,1
1312056,31,1,1,0
8341192,31,1,0,1
4960200,31,1,1,0
3180496,31,1,1,0
869704,31,1,0,1
347552,31,1,0,1
853744,31,1,0,1
1813896,31,1,0,1
1037400,31,1,0,1
1655920,31,1,0,1
2048592,31,1,0,1
328624,31,1,1,0
183376,31,1,0,1
2187336,31,1,1,0
1070136,31,1,1,0
4123928,31,1,0,1
1351912,31,1,0,1
4802448,31,1,1,0
511504,31,1,0,1
4094792,31,1,0,1
1600592,31,1,0,1
356640,31,1,1,0
2863080,31,1,1,0
302784,31,1,1,0
3618368,31,1,1,0
2649448,31,1,0,1
298736,31,1,0,1
2242832,31,1,1,0
1491392,31,1,0,1
5928896,31,1,1,0
1325064,31,1,1,0
1160032,31,1,1,0
7854528,31,1,0,1
3710952,31,1,1,0
4923696,31,1,0,1
444824,31,1,1,0
2272808,31,1,1,0
3379784,31,1,1,0
1833376,31,1,0,1
1969896,31,1,1,0
4031152,31,1,1,0
534784,31,1,0,1
3104688,31,1,1,0
1398936,31,1,1,0
3270944,31,1,0,1
1318536,31,1,0,1
297480,31,1,1,0
1086488,31,1,1,0
3424592,31,1,0,1
4537552,31,1,1,0
361944,31,1,1,0
7230432,31,1,1,0
739256,31,1,0,1
3240600,31,1,1,0
1852696,31,1,1,0
1007576,31,1,0,1
954016,31,1,0,1
2809384,31,1,1,0
6838688,31,1,1,0
4825776,31,1,1,0
4688968,31,1,1,0
5524408,31,1,0,1
3478440,31,1,0,1
1453080,31,1,1,0
2540408,31,1,0,1
5722440,31,1,1,0
3917816,31,1,0,1
5156392,31,1,1,0
1091312,31,1,0,1
312224,31,1,1,0
947344,31,1,1,0
2565480,31,1,1,0
2090960,31,1,0,1
1543832,31,1,1,0
3900352,31,1,1,0
1908008,31,1,0,1
6240504,31,1,1,0
4659088,31,1,0,1
7457256,31,1,0,1
463968,31,1,0,1
5842872,31,1,0,1
4914424,31,1,1,0
3939776,31,1,1,0
1326912,31,1,0,1
5104960,31,1,1,0
1294560,31,1,0,1
5203520,31,1,1,0
3049280,31,1,0,1
202064,31,1,0,1
1212968,31,1,0,1
338792,31,1,0,1
2462696,31,1,1,0
4853552,31,1,0,1
7266128,31,1,0,1
329616,31,1,0,1
6203224,31,1,0,1
1167608,31,1,0,1
1682664,31,1,0,1
802664,31,1,0,1
4802768,31,1,0,1
5011984,31,1,0,1
4705752,31,1,0,1
8058552,31,1,1,0
1021272,31,1,1,0
5438088,31,1,0,1
3998256,31,1,0,1
884632,31,1,1,0
1085816,31,1,0,1
3623896,31,1,0,1
2262040,31,1,0,1
105472,31,1,1,0
843136,31,1,1,0
159824,31,1,1,0
992680,31,1,1,0
1840600,31,1,0,1
605704,31,1,0,1
1763496,31,1,1,0
4559968,31,1,0,1
2902416,31,1,1,0
114304,31,1,1,0
600992,31,1,0,1
6272856,31,1,0,1
3909984,31,1,0,1
2166504,31,1,1,0
2440760,31,1,0,1
2483696,31,1,1,0
426872,31,1,0,1
2807232,31,1,1,0
2533944,31,1,0,1
605592,31,1,1,0
4699816,31,1,1,0
608760,31,1,1,0
6750896,31,1,1,0
3568368,31,1,0,1
1084416,31,1,1,0
323720,31,1,1,0
3034152,31,1,0,1
4949528,31,1,1,0
1176616,31,1,1,0
496696,31,1,0,1
4607072,31,1,1,0
2627064,31,1,1,0
1589424,31,1,1,0
2805376,31,1,1,0
2153528,31,1,1,0
1430408,31,1,1,0
5106752,31,1,0,1
1125312,31,1,1,0
694176,31,1,1,0
1114984,31,1,0,1
2024752,31,1,0,1
2891744,31,1,0,1
6743792,31,1,0,1
1742136,31,1,0,1
889344,31,1,1,0
581608,31,1,1,0
1457520,31,1,0,1
5055712,31,1,1,0
8317184,31,1,0,1
2530016,31,1,1,0
563128,31,1,0,1
359696,31,1,0,1
2577944,31,1,0,1
2377224,31,1,0,1
1948864,31,1,1,0
6278720,31,1,0,1
824936,31,1,1,0
2637720,31,1,1,0
6026664,31,1,1,0
6863808,31,1,1,0
1049288,31,1,0,1
4330064,31,1,0,1
7417024,31,1,1,0
646064,31,1,1,0
5589504,31,1,0,1
1076224,31,1,1,0
5333040,31,1,0,1
3077472,31,1,0,1
996040,31,1,0,1
1929752,31,1,0,1
537080,31,1,0,1
1072568,31,1,1,0
2874480,31,1,0,1
2599456,31,1,1,0
2986272,31,1,1,0
3108536,31,1,0,1
6395120,31,1,1,0
259152,31,1,0,1
7784064,31,1,0,1
628536,31,1,0,1
3687880,31,1,1,0
2394160,31,1,1,0
923904,31,1,0,1
8200720,31,1,1,0
178640,31,1,1,0
2737272,31,1,1,0
8231200,31,1,0,1
484640,31,1,0,1
2285456,31,1,0,1
5298448,31,1,1,0
136056,31,1,0,1
5288720,31,1,0,1
1641424,31,1,1,0
2306112,31,1,0,1
857304,31,1,1,0
1324008,31,1,0,1
1754040,31,1,1,0
991056,31,1,0,1
2886792,31,1,1,0
6596040,31,1,0,1
6190256,31,1,1,0
5307896,31,1,0,1
5410584,31,1,0,1
185544,31,1,1,0
283536,31,1,0,1
6826144,31,1,1,0
2691856,31,1,0,1
1422752,31,1,1,0
873152,31,1,1,0
2476552,31,1,0,1
2402304,31,1,1,0
6013568,31,1,0,1
1827424,31,1,0,1
967096,31,1,1,0
3644080,31,1,1,0
3989808,31,1,1,0
957040,31,1,1,0
6466304,31,1,0,1
7629512,31,1,1,0
1099256,31,1,0,1
2010760,31,1,1,0
1000616,31,1,1,0
276352,31,1,1,0
6749624,31,1,0,1
3735256,31,1,1,0
1107520,31,1,1,0
2360448,31,1,0,1
6094656,31,1,0,1
3957136,31,1,1,0
298640,31,1,0,1
4577120,31,1,1,0
360448,31,1,0,1
868232,31,1,0,1
1018808,31,1,0,1
1162080,31,1,1,0
1234504,31,1,0,1
2542192,31,1,1,0
1965336,31,1,0,1
2989336,31,1,0,1
287448,31,1,0,1
1617792,31,1,1,0
3085264,31,1,1,0
1071576,31,1,1,0
8370504,31,1,0,1
1934112,31,1,1,0
2691744,31,1,1,0
1485104,31,1,0,1
307672,31,1,0,1
4860432,31,1,0,1
254776,31,1,0,1
3133880,31,1,1,0
1428192,31,1,0,1
6745656,31,1,1,0
143440,31,1,1,0
700128,31,1,1,0
296528,31,1,1,0
8327296,31,1,1,0
189648,31,1,0,1
1544864,31,1,0,1
5134376,31,1,1,0
6653248,31,1,1,0
2309384,31,1,1,0
2610128,31,1,1,0
4051200,31,1,1,0
1261616,31,1,0,1
1699832,31,1,0,1
3471232,31,1,1,0
1968968,31,1,1,0
539616,31,1,1,0
144944,31,1,0,1
1493144,31,1,1,0
2327968,31,1,1,0
5831192,31,1,1,0
7046688,31,1,0,1
448928,31,1,0,1
895064,31,1,0,1
6994456,31,1,1,0
4265760,31,1,1,0
7936928,31,1,0,1
784680,31,1,1,0
3550984,31,1,0,1
610440,31,1,0,1
1063416,31,1,1,0
4917608,31,1,0,1
1373528,31,1,0,1
2306536,31,1,1,0
2950696,31,1,0,1
6111376,31,1,0,1
6277544,31,1,1,0
1437760,31,1,0,1
4212904,31,1,1,0
3556520,31,1,1,0
302392,31,1,0,1
834456,31,1,1,0
7608504,31,1,1,0
2585760,31,1,0,1
1479008,31,1,0,1
310136,31,1,1,0
359048,31,1,0,1
1610464,31,1,0,1
2058976,31,1,0,1
6682480,31,1,0,1
7324936,31,1,0,1
4566832,31,1,1,0
544952,31,1,0,1
2582248,31,1,1,0
2608104,31,1,1,0
6477720,31,1,0,1
374512,31,1,1,0
1084352,31,1,1,0
374392,31,1,0,1
5028704,31,1,1,0
2898272,31,1,0,1
303296,31,1,0,1
2474200,31,1,1,0
383680,31,1,0,1
8076488,31,1,1,0
4879904,31,1,1,0
7489760,31,1,0,1
3013864,31,1,1,0
4187256,31,1,1,0
1188664,31,1,1,0
2146448,31,1,1,0
861408,31,1,0,1
3184936,31,1,1,0
1420736,31,1,0,1
2961016,31,1,1,0
3394424,31,1,0,1
7090152,31,1,0,1
3828864,31,1,0,1
4157576,31,1,0,1
3198376,31,1,0,1
665520,31,1,1,0
353232,31,1,0,1
1456656,31,1,1,0
6008728,31,1,1,0
3922728,31,1,0,1
876880,31,1,0,1
3738488,31,1,0,1
6229392,31,1,1,0
2441016,31,1,1,0
6868592,31,1,1,0
845680,31,1,1,0
1983592,31,1,1,0
1922168,31,1,1,0
1781064,31,1,0,1
6983376,31,1,0,1
189208,31,1,0,1
593120,31,1,0,1
7018048,31,1,1,0
5087064,31,1,0,1
6272480,31,1,1,0
661504,31,1,0,1
7115464,31,1,1,0
5526448,31,1,1,0
1377392,31,1,0,1
1445224,31,1,1,0
2809872,31,1,0,1
1849376,31,1,1,0
1847072,31,1,0,1
3181512,31,1,0,1
6347640,31,1,1,0
6912672,31,1,0,1
2777984,31,1,0,1
5075688,31,1,0,1
2123536,31,1,0,1
1113392,31,1,1,0
2095048,31,1,0,1
7665512,31,1,0,1
3113384,31,1,1,0
8251712,31,1,1,0
537496,31,1,0,1
1014560,31,1,0,1
2843712,31,1,1,0
7951408,31,1,0,1
1427512,31,1,1,0
8232824,31,1,1,0
7239184,31,1,0,1
999152,31,1,0,1
3093560,31,1,0,1
597040,31,1,1,0
3496056,31,1,1,0
203976,31,1,0,1
5371368,31,1,1,0
1211672,31,1,0,1
389304,31,1,1,0
4251376,31,1,0,1
2703232,31,1,0,1
4240120,31,1,0,1
313184,31,1,1,0
3045360,31,1,0,1
2427280,31,1,1,0
7255160,31,1,0,1
2271968,31,1,0,1
7157664,31,1,0,1
7582168,31,1,0,1
5048448,31,1,1,0
707536,31,1,0,1
2537600,31,1,1,0
1458000,31,1,1,0
4645344,31,1,1,0
1005368,31,1,1,0
618448,31,1,0,1
5772088,31,1,0,1
517744,31,1,0,1
4094968,31,1,1,0
3583080,31,1,0,1
7374440,31,1,0,1
7762360,31,1,1,0
6675424,31,1,0,1
1037248,31,1,0,1
1550280,31,1,1,0
7931904,31,1,0,1
2021688,31,1,0,1
2671928,31,1,0,1
2238160,31,1,1,0
3674952,31,1,1,0
5075344,31,1,1,0
4049040,31,1,0,1
1550904,31,1,1,0
561480,31,1,0,1
6331400,31,1,1,0
317680,31,1,0,1
3311904,31,1,0,1
6255224,31,1,0,1
7203448,31,1,0,1
453536,31,1,1,0
917768,31,1,0,1
4181936,31,1,1,0
6991448,31,1,1,0
3315968,31,1,1,0
818544,31,1,1,0
1216912,31,1,0,1
3341344,31,1,0,1
5881312,31,1,0,1
549960,31,1,1,0
974920,31,1,1,0
4606528,31,1,1,0
1057720,31,1,1,0
2087776,31,1,1,0
886768,31,1,0,1
3608048,31,1,0,1
4569496,31,1,0,1
300400,31,1,1,0
3710960,31,1,0,1
475448,31,1,1,0
4938616,31,1,1,0
390760,31,1,1,0
533616,31,1,0,1
1853128,31,1,1,0
1040040,31,1,0,1
1235528,31,1,1,0
8234336,31,1,0,1
1403920,31,1,0,1
760864,31,1,1,0
5996064,31,1,0,1
1439264,31,1,1,0
4522680,31,1,1,0
1129672,31,1,0,1
7350016,31,1,0,1
4878248,31,1,0,1
4782088,31,1,0,1
949384,31,1,1,0
3862840,31,1,1,0
142576,31,1,0,1
4866256,31,1,1,0
524576,31,1,0,1
2495056,31,1,0,1
417504,31,1,1,0
620512,31,1,0,1
648640,31,1,1,0
774952,31,1,0,1
3161168,31,1,0,1
824008,31,1,0,1
2452016,31,1,0,1
603664,31,1,1,0
973584,31,1,0,1
2121000,31,1,0,1
234752,31,1,1,0
5052488,31,1,0,1
5484256,31,1,1,0
2718568,31,1,1,0
3474336,31,1,1,0
8016896,31,1,1,0
1104200,31,1,0,1
2479968,31,1,0,1
6928384,31,1,0,1
3749912,31,1,1,0
2136864,31,1,1,0
8268624,31,1,0,1
350856,31,1,0,1
431440,31,1,1,0
5772896,31,1,0,1
4567656,31,1,1,0
1091232,31,1,0,1
1213192,31,1,1,0
481296,31,1,0,1
40504,31,1,0,1
6628232,31,1,0,1
116896,31,1,0,1
5064256,31,1,0,1
4470152,31,1,0,1
148320,31,1,0,1
1814440,31,1,0,1
3551936,31,1,1,0
204984,31,1,0,1
1259368,31,1,1,0
193088,31,1,0,1
2104736,31,1,1,0
773760,31,1,1,0
3582776,31,1,1,0
2042632,31,1,1,0
2977376,31,1,1,0
4376160,31,1,0,1
1501288,31,1,0,1
2620320,31,1,0,1
167352,31,1,0,1
997032,31,1,0,1
4871088,31,1,1,0
3328776,31,1,1,0
1187472,31,1,0,1
497816,31,1,0,1
2954128,31,1,1,0
5848624,31,1,0,1
471792,31,1,0,1
2131424,31,1,1,0
3272096,31,1,0,1
599040,31,1,0,1
1598944,31,1,1,0
2767744,31,1,0,1
6185296,31,1,1,0
7274712,31,1,0,1
611288,31,1,0,1
545912,31,1,0,1
4437744,31,1,0,1
8178496,31,1,0,1
1743136,31,1,0,1
1914624,31,1,0,1
891056,31,1,0,1
1529120,31,1,1,0
493808,31,1,1,0
1993272,31,1,0,1
4006488,31,1,1,0
1223312,31,1,1,0
7225872,31,1,0,1
5892248,31,1,0,1
906816,31,1,0,1
1128736,31,1,1,0
326312,31,1,0,1
670272,31,1,0,1
1766800,31,1,1,0
2420384,31,1,1,0
1089136,31,1,1,0
4347584,31,1,0,1
1831056,31,1,1,0
2385552,31,1,0,1
486368,31,1,1,0
2816192,31,1,0,1
2090832,31,1,1,0
139344,31,1,0,1
5918952,31,1,1,0
7070424,31,1,0,1
6838048,31,1,0,1
4501312,31,1,1,0
5140928,31,1,0,1
7504232,31,1,0,1
763432,31,1,0,1
1538112,31,1,0,1
2221392,31,1,1,0
1923064,31,1,1,0
347792,31,1,1,0
820216,31,1,1,0
467392,31,1,0,1
3343944,31,1,0,1
1520064,31,1,1,0
2910488,31,1,0,1
1671600,31,1,1,0
1286024,31,1,0,1
3205776,31,1,1,0
3533312,31,1,1,0
1559640,31,1,0,1
881816,31,1,1,0
1119688,31,1,0,1
2725568,31,1,1,0
7320544,31,1,0,1
4480392,31,1,1,0
1622984,31,1,1,0
2925928,31,1,1,0
2859272,31,1,1,0
3913192,31,1,0,1
5364976,31,1,1,0
1766368,31,1,1,0
4303752,31,1,1,0
472040,31,1,1,0
2745528,31,1,0,1
7417576,31,1,0,1
3045688,31,1,0,1
2536016,31,1,0,1
170936,31,1,1,0
810600,31,1,0,1
493728,31,1,0,1
1348704,31,1,0,1
3193280,31,1,1,0
1971936,31,1,0,1
803616,31,1,0,1
418152,31,1,0,1
924400,31,1,0,1
3303888,31,1,1,0
3255112,31,1,0,1
631000,31,1,1,0
8082024,31,1,1,0
2384544,31,1,1,0
1805056,31,1,0,1
5226728,31,1,0,1
1469104,31,1,1,0
613672,31,1,0,1
1287352,31,1,1,0
977224,31,1,0,1
2090976,31,1,1,0
6404776,31,1,1,0
3180824,31,1,1,0
7114096,31,1,1,0
7370600,31,1,1,0
3917896,31,1,0,1
1617568,31,1,1,0
4893936,31,1,0,1
1791592,31,1,0,1
3101512,31,1,0,1
1384888,31,1,1,0
6424256,31,1,1,0
1892072,31,1,0,1
686608,31,1,0,1
415216,31,1,1,0
229968,31,1,0,1
6834768,31,1,0,1
521560,31,1,1,0
3859504,31,1,0,1
352104,31,1,1,0
6679760,31,1,1,0
7276688,31,1,0,1
1064144,31,1,1,0
5127520,31,1,0,1
855264,31,1,0,1
3166016,31,1,1,0
3250832,31,1,1,0
7210672,31,1,0,1
4723880,31,1,0,1
2448856,31,1,0,1
2428168,31,1,0,1
467600,31,1,1,0
506136,31,1,0,1
1326360,31,1,0,1
6246152,31,1,0,1
2546048,31,1,1,0
4210976,31,1,1,0
3201640,31,1,0,1
5535520,31,1,1,0
521616,31,1,0,1
5140104,31,1,1,0
1978096,31,1,0,1
644216,31,1,0,1
1203272,31,1,1,0
1915536,31,1,1,0
1117616,31,1,1,0
1708056,31,1,0,1
349200,31,1,0,1
1876024,31,1,0,1
4632608,31,1,0,1
3201792,31,1,0,1
717440,31,1,0,1
7029864,31,1,0,1
2347688,31,1,1,0
5820808,31,1,0,1
2510968,31,1,0,1
1970848,31,1,1,0
363960,31,1,0,1
2033616,31,1,1,0
2971200,31,1,0,1
4665840,31,1,1,0
2362896,31,1,0,1
806920,31,1,1,0
5402440,31,1,0,1
1124704,31,1,1,0
6830200,31,1,1,0
281136,31,1,0,1
2435784,31,1,1,0
1169680,31,1,1,0
7893912,31,1,0,1
1453176,31,1,1,0
329792,31,1,1,0
7990728,31,1,1,0
1411896,31,1,1,0
3951888,31,1,0,1
986512,31,1,1,0
2045856,31,1,0,1
755976,31,1,0,1
471560,31,1,0,1
1815992,31,1,1,0
835240,31,1,0,1
2253136,31,1,0,1
1079416,31,1,1,0
7322080,31,1,0,1
499840,31,1,1,0
4358456,31,1,1,0
6105080,31,1,0,1
3234736,31,1,1,0
1799960,31,1,0,1
941216,31,1,0,1
2530712,31,1,0,1
4330208,31,1,0,1
6564752,31,1,0,1
925976,31,1,0,1
5692472,31,1,1,0
6543816,31,1,1,0
1680688,31,1,0,1
8074824,31,1,0,1
696512,31,1,0,1
2555544,31,1,0,1
3093632,31,1,0,1
2550000,31,1,1,0
3110672,31,1,1,0
4307792,31,1,0,1
7862368,31,1,1,0
7356448,31,1,1,0
3596800,31,1,0,1
1048712,31,1,0,1
4212712,31,1,0,1
6864304,31,1,0,1
153824,31,1,0,1
3029328,31,1,1,0
3723592,31,1,1,0
1076296,31,1,0,1
1087864,31,1,0,1
1547072,31,1,1,0
1568776,31,1,1,0
239568,31,1,0,1
5228928,31,1,1,0
4010896,31,1,1,0
1247928,31,1,1,0
1755904,31,1,0,1
1338736,31,1,0,1
4852536,31,1,0,1
1615520,31,1,1,0
5028472,31,1,1,0
7338856,31,1,1,0
506104,31,1,0,1
5227624,31,1,1,0
1762736,31,1,1,0
3608464,31,1,1,0
296248,31,1,1,0
3769920,31,1,0,1
3161832,31,1,0,1
1521656,31,1,0,1
3184888,31,1,0,1
328608,31,1,0,1
4124040,31,1,0,1
5100488,31,1,1,0
4411752,31,1,1,0
1497936,31,1,0,1
4502104,31,1,1,0
6371256,31,1,1,0
1572096,31,1,0,1
5444720,31,1,1,0
7437888,31,1,1,0
2134112,31,1,1,0
3803736,31,1,1,0
6461440,31,1,0,1
2325808,31,1,1,0
1967928,31,1,1,0
908896,31,1,0,1
4096608,31,1,1,0
8166896,31,1,1,0
225936,31,1,0,1
3104480,31,1,0,1
166704,31,1,0,1
7282720,31,1,1,0
3610336,31,1,0,1
7202200,31,1,1,0
1439688,31,1,0,1
368576,31,1,0,1
1562184,31,1,1,0
7098896,31,1,0,1
7094512,31,1,0,1
4836104,31,1,0,1
4480568,31,1,1,0
6520720,31,1,0,1
1946208,31,1,0,1
2567184,31,1,0,1
1202296,31,1,1,0
458320,31,1,1,0
544544,31,1,1,0
737560,31,1,0,1
351456,31,1,1,0
968568,31,1,1,0
8011840,31,1,0,1
2266384,31,1,1,0
635736,31,1,1,0
1461016,31,1,1,0
5152096,31,1,0,1
1143768,31,1,1,0
3508192,31,1,0,1
6656312,31,1,1,0
2556800,31,1,0,1
1918184,31,1,0,1
3183064,31,1,0,1
2323112,31,1,0,1
4332888,31,1,0,1
6591208,31,1,0,1
3663680,31,1,1,0
515888,31,1,1,0
553496,31,1,1,0
7132008,31,1,1,0
2975512,31,1,1,0
5775608,31,1,1,0
299176,31,1,1,0
1596464,31,1,1,0
1533176,31,1,0,1
386704,31,1,0,1
1897584,31,1,0,1
6313624,31,1,1,0
5355808,31,1,1,0
1429208,31,1,0,1
1494400,31,1,0,1
2932008,31,1,0,1
656264,31,1,0,1
519832,31,1,1,0
3340224,31,1,1,0
1451136,31,1,0,1
4802416,31,1,0,1
3068768,31,1,1,0
7030840,31,1,0,1
1920552,31,1,0,1
2264712,31,1,1,0
5320984,31,1,1,0
3226576,31,1,0,1
1502544,31,1,1,0
206792,31,1,0,1
590560,31,1,0,1
2713448,31,1,0,1
2810328,31,1,1,0
210968,31,1,1,0
4788232,31,1,1,0
1680384,31,1,1,0
4984016,31,1,0,1
3170312,31,1,1,0
748736,31,1,1,0
5285184,31,1,0,1
2878856,31,1,0,1
2135984,31,1,1,0
6273728,31,1,0,1
6944240,31,1,1,0
272328,31,1,0,1
1250112,31,1,0,1
6471744,31,1,0,1
1212752,31,1,1,0
7798080,31,1,1,0
383048,31,1,1,0
7487992,31,1,1,0
6556416,31,1,0,1
1209560,31,1,1,0
4694688,31,1,1,0
3429344,31,1,1,0
168624,31,1,0,1
822520,31,1,0,1
3106880,31,1,0,1
7113704,31,1,0,1
619048,31,1,0,1
1951480,31,1,0,1
3220048,31,1,0,1
3630272,31,1,0,1
3033648,31,1,1,0
348808,31,1,1,0
1699408,31,1,1,0
899976,31,1,1,0
1015416,31,1,1,0
1383304,31,1,1,0
4922608,31,1,0,1
609600,31,1,0,1
1174320,31,1,0,1
959736,31,1,1,0
664928,31,1,0,1
2227808,31,1,1,0
4838816,31,1,1,0
5357136,31,1,0,1
901776,31,1,1,0
1574832,31,1,0,1
1313256,31,1,0,1
5028544,31,1,1,0
883616,31,1,0,1
1094648,31,1,1,0
711504,31,1,0,1
3511504,31,1,1,0
5995856,31,1,1,0
420256,31,1,1,0
3749552,31,1,1,0
610984,31,1,0,1
463800,31,1,0,1
672656,31,1,0,1
1022896,31,1,1,0
1167520,31,1,0,1
1345976,31,1,0,1
247504,31,1,1,0
4544144,31,1,1,0
5028800,31,1,1,0
7570304,31,1,1,0
2128344,31,1,0,1
239032,31,1,0,1
599640,31,1,0,1
2890352,31,1,0,1
5016024,31,1,0,1
3700936,31,1,1,0
2047912,31,1,0,1
2868968,31,1,1,0
2592960,31,1,1,0
2163880,31,1,0,1
4509792,31,1,1,0
2546920,31,1,1,0
4418256,31,1,0,1
844912,31,1,0,1
7923936,31,1,1,0
619320,31,1,0,1
2082512,31,1,1,0
7666456,31,1,1,0
888040,31,1,1,0
7988864,31,1,1,0
1654560,31,1,1,0
1572256,31,1,1,0
3659536,31,1,1,0
2669840,31,1,0,1
1707200,31,1,0,1
693336,31,1,0,1
699856,31,1,1,0
7465424,31,1,0,1
1514472,31,1,0,1
4213408,31,1,0,1
8186992,31,1,1,0
1698936,31,1,1,0
7347816,31,1,1,0
583584,31,1,1,0
4126624,31,1,0,1
232736,31,1,0,1
5240760,31,1,0,1
1883000,31,1,0,1
1671584,31,1,0,1
6717600,31,1,0,1
1722968,31,1,1,0
4448016,31,1,0,1
3447504,31,1,1,0
3787256,31,1,1,0
7791232,31,1,0,1
260432,31,1,0,1
2903832,31,1,0,1
3644168,31,1,1,0
147928,31,1,0,1
997976,31,1,0,1
7278904,31,1,1,0
3648312,31,1,1,0
2366344,31,1,1,0
593192,31,1,1,0
2993720,31,1,1,0
967280,31,1,1,0
2450160,31,1,1,0
5149528,31,1,1,0
219392,31,1,1,0
2237728,31,1,0,1
497640,31,1,1,0
4910672,31,1,0,1
2645256,31,1,0,1
6705680,31,1,1,0
5669816,31,1,0,1
5560640,31,1,1,0
1464136,31,1,0,1
504592,31,1,1,0
1901848,31,1,1,0
2242016,31,1,1,0
5048304,31,1,1,0
6682096,31,1,0,1
6491384,31,1,0,1
4612456,31,1,0,1
1298808,31,1,0,1
4187392,31,1,1,0
649184,31,1,1,0
3887688,31,1,1,0
573008,31,1,1,0
833624,31,1,1,0
3146056,31,1,1,0
353968,31,1,1,0
3513192,31,1,1,0
691328,31,1,1,0
7602808,31,1,0,1
2087520,31,1,0,1
1100856,31,1,0,1
4705400,31,1,0,1
7284152,31,1,0,1
2522056,31,1,0,1
2643464,31,1,1,0
901864,31,1,1,0
1406376,31,1,1,0
6912312,31,1,0,1
4976600,31,1,0,1
1320088,31,1,1,0
6975672,31,1,0,1
958176,31,1,0,1
5075384,31,1,1,0
7307648,31,1,0,1
4338808,31,1,1,0
100912,31,1,0,1
1384800,31,1,0,1
3173064,31,1,1,0
7773712,31,1,1,0
6143080,31,1,0,1
650576,31,1,1,0
1395880,31,1,1,0
2093624,31,1,1,0
2176040,31,1,1,0
2620376,31,1,0,1
6782136,31,1,0,1
2929184,31,1,0,1
3573728,31,1,1,0
547744,31,1,1,0
4525776,31,1,0,1
4667824,31,1,0,1
229952,31,1,1,0
202040,31,1,0,1
1099488,31,1,1,0
2448592,31,1,0,1
856608,31,1,0,1
6166912,31,1,1,0
1656440,31,1,0,1
5024976,31,1,0,1
1487688,31,1,1,0
8057152,31,1,0,1
7233616,31,1,1,0
811560,31,1,1,0
3415136,31,1,0,1
4122368,31,1,1,0
8232976,31,1,1,0
2475040,31,1,1,0
543880,31,1,1,0
294032,31,1,1,0
2463544,31,1,1,0
2481840,31,1,1,0
2470256,31,1,1,0
7953304,31,1,0,1
6254152,31,1,1,0
6369096,31,1,1,0
235440,31,1,1,0
631912,31,1,1,0
1105848,31,1,1,0
2060040,31,1,1,0
462368,31,1,1,0
2217032,31,1,0,1
3439856,31,1,1,0
957832,31,1,1,0
4851256,31,1,1,0
4767656,31,1,0,1
7604720,31,1,0,1
5702736,31,1,1,0
1258904,31,1,0,1
173016,31,1,1,0
7761200,31,1,1,0
5579760,31,1,1,0
2206872,31,1,0,1
6489640,31,1,0,1
6976928,31,1,0,1
1322608,31,1,0,1
179840,31,1,1,0
3879064,31,1,0,1
2680096,31,1,1,0
246880,31,1,0,1
1650256,31,1,0,1
534248,31,1,1,0
5771760,31,1,0,1
1702648,31,1,0,1
1198824,31,1,0,1
1113432,31,1,0,1
4906376,31,1,0,1
1327344,31,1,1,0
4274400,31,1,0,1
6670040,31,1,1,0
788128,31,1,1,0
670112,31,1,0,1
150624,31,1,0,1
805856,31,1,1,0
1406728,31,1,1,0
2925616,31,1,1,0
5501224,31,1,1,0
399216,31,1,0,1
264920,31,1,1,0
1528664,31,1,0,1
2001648,31,1,1,0
2817152,31,1,1,0
357680,31,1,1,0
354264,31,1,0,1
4907152,31,1,1,0
1944592,31,1,0,1
2548240,31,1,0,1
3488544,31,1,1,0
436832,31,1,1,0
6271160,31,1,1,0
2804184,31,1,0,1
2709472,31,1,0,1
5929104,31,1,0,1
128688,31,1,1,0
612216,31,1,0,1
7759072,31,1,1,0
5176224,31,1,1,0
5471760,31,1,0,1
492504,31,1,1,0
3869352,31,1,0,1
1864360,31,1,0,1
1951736,31,1,0,1
4571800,31,1,0,1
1735184,31,1,1,0
518992,31,1,0,1
1583136,31,1,0,1
6995944,31,1,1,0
3825552,31,1,0,1
525968,31,1,1,0
4576776,31,1,0,1
200392,31,1,1,0
2101192,31,1,0,1
209448,31,1,0,1
1118816,31,1,0,1
3665352,31,1,0,1
7940320,31,1,0,1
7889424,31,1,1,0
2553144,31,1,0,1
1206248,31,1,0,1
993208,31,1,1,0
7571808,31,1,1,0
316240,31,1,1,0
370800,31,1,1,0
782696,31,1,1,0
710632,31,1,0,1
2335088,31,1,1,0
1926192,31,1,0,1
1544608,31,1,0,1
4842368,31,1,1,0
281336,31,1,0,1
7169848,31,1,0,1
4874256,31,1,0,1
2792856,31,1,0,1
6004800,31,1,0,1
69368,31,1,0,1
805792,31,1,1,0
934488,31,1,0,1
2524320,31,1,1,0
319864,31,1,0,1
1957248,31,1,1,0
3867544,31,1,1,0
1463552,31,1,1,0
125728,31,1,0,1
787576,31,1,0,1
2333336,31,1,0,1
6004032,31,1,0,1
8027584,31,1,1,0
2864272,31,1,1,0
599832,31,1,1,0
3893704,31,1,1,0
932800,31,1,0,1
2269168,31,1,0,1
892296,31,1,1,0
7028352,31,1,0,1
4922232,31,1,0,1
247176,31,1,1,0
5440408,31,1,0,1
5953520,31,1,0,1
6423832,31,1,0,1
1132016,31,1,1,0
2735152,31,1,1,0
6392408,31,1,1,0
704752,31,1,0,1
6434264,31,1,1,0
3916664,31,1,1,0
668048,31,1,0,1
977072,31,1,1,0
6014752,31,1,1,0
3891720,31,1,1,0
2113328,31,1,0,1
1241584,31,1,0,1
1506072,31,1,1,0
316400,31,1,0,1
2838680,31,1,1,0
6735776,31,1,1,0
868216,31,1,0,1
1207592,31,1,0,1
8136816,31,1,1,0
4449400,31,1,0,1
296552,31,1,1,0
742384,31,1,0,1
885600,31,1,0,1
2021080,31,1,1,0
8312944,31,1,1,0
1211912,31,1,0,1
5705216,31,1,0,1
8258464,31,1,1,0
1356616,31,1,0,1
2081032,31,1,0,1
312656,31,1,0,1
494000,31,1,0,1
3827160,31,1,1,0
2590008,31,1,1,0
285480,31,1,0,1
2449664,31,1,0,1
143072,31,1,1,0
6749040,31,1,0,1
262944,31,1,1,0
2953968,31,1,0,1
1987432,31,1,0,1
152032,31,1,1,0
540320,31,1,1,0
3156808,31,1,1,0
4529160,31,1,0,1
2212800,31,1,0,1
4832024,31,1,0,1
5477776,31,1,1,0
5085352,31,1,1,0
152120,31,1,1,0
751928,31,1,0,1
4386864,31,1,1,0
769232,31,1,1,0
510272,31,1,0,1
1515144,31,1,0,1
5584576,31,1,0,1
5971544,31,1,0,1
1197400,31,1,0,1
3036240,31,1,0,1
8196672,31,1,1,0
4037544,31,1,0,1
5430560,31,1,1,0
1388416,31,1,0,1
522408,31,1,0,1
935032,31,1,1,0
2075800,31,1,0,1
2656672,31,1,0,1
557664,31,1,0,1
606712,31,1,0,1
2152976,31,1,0,1
1770928,31,1,1,0
237248,31,1,0,1
5829920,31,1,0,1
4697824,31,1,1,0
2997000,31,1,0,1
7803968,31,1,1,0
241848,31,1,0,1
8370616,31,1,1,0
3616656,31,1,1,0
366152,31,1,1,0
2646984,31,1,0,1
755376,31,1,0,1
394560,31,1,1,0
4655672,31,1,0,1
7499928,31,1,1,0
5181496,31,1,0,1
289864,31,1,0,1
6547216,31,1,1,0
1938608,31,1,0,1
1172752,31,1,0,1
1734808,31,1,0,1
607232,31,1,0,1
1234856,31,1,1,0
208648,31,1,0,1
5768616,31,1,1,0
2547360,31,1,0,1
5299464,31,1,0,1
1285216,31,1,1,0
846664,31,1,1,0
5211920,31,1,1,0
6512216,31,1,0,1
478160,31,1,1,0
578408,31,1,0,1
1152552,31,1,0,1
285416,31,1,1,0
6244152,31,1,1,0
4201304,31,1,0,1
2733528,31,1,0,1
1046192,31,1,0,1
3593120,31,1,0,1
64480,31,1,0,1
4390840,32,1,0,1
4784648,32,1,0,1
556160,32,1,0,1
1200808,32,1,1,0
2050920,32,1,0,1
2063704,32,1,1,0
5753272,32,1,0,1
1677104,32,1,0,1
1026472,32,1,0,1
1443888,32,1,0,1
4353184,32,1,0,1
3757704,32,1,1,0
647496,32,1,1,0
216784,32,1,0,1
2223704,32,1,0,1
1597016,32,1,1,0
1543992,32,1,1,0
858872,32,1,1,0
114032,32,1,0,1
628944,32,1,1,0
192928,32,1,0,1
593984,32,1,0,1
2268336,32,1,1,0
8350880,32,1,1,0
4119336,32,1,0,1
3949232,32,1,0,1
4273472,32,1,0,1
2214840,32,1,0,1
2781120,32,1,0,1
5182424,32,1,0,1
905200,32,1,1,0
3657056,32,1,1,0
559352,32,1,0,1
5703920,32,1,0,1
193480,32,1,0,1
5317416,32,1,0,1
4515936,32,1,0,1
3773832,32,1,0,1
1058504,32,1,1,0
207616,32,1,1,0
5026264,32,1,1,0
5270384,32,1,1,0
3020464,32,1,0,1
1169056,32,1,1,0
5905232,32,1,1,0
1776072,32,1,0,1
831968,32,1,0,1
2616224,32,1,0,1
474704,32,1,0,1
545240,32,1,0,1
3629248,32,1,0,1
1068760,32,1,1,0
664376,32,1,0,1
1400248,32,1,0,1
820000,32,1,0,1
1036944,32,1,0,1
2318424,32,1,0,1
962184,32,1,1,0
740424,32,1,1,0
6645392,32,1,0,1
6422952,32,1,1,0
1123168,32,1,1,0
623616,32,1,0,1
1449832,32,1,1,0
1703296,32,1,0,1
6023824,32,1,0,1
2224288,32,1,1,0
2418216,32,1,0,1
478240,32,1,1,0
3166304,32,1,0,1
3908512,32,1,0,1
1570728,32,1,1,0
3761048,32,1,1,0
6326704,32,1,1,0
7559712,32,1,0,1
1483144,32,1,1,0
337488,32,1,0,1
499072,32,1,0,1
7722288,32,1,1,0
422008,32,1,1,0
2458520,32,1,0,1
3070376,32,1,0,1
7533136,32,1,0,1
7262936,32,1,0,1
4677472,32,1,1,0
929824,32,1,0,1
1742488,32,1,1,0
681440,32,1,1,0
4421808,32,1,0,1
289424,32,1,0,1
3167504,32,1,1,0
6966952,32,1,0,1
892864,32,1,1,0
696736,32,1,1,0
5495992,32,1,1,0
7154616,32,1,0,1
1512904,32,1,0,1
1521440,32,1,1,0
7654464,32,1,0,1
905216,32,1,1,0
3229416,32,1,1,0
4466432,32,1,1,0
2730440,32,1,1,0
626680,32,1,0,1
2248856,32,1,0,1
793664,32,1,0,1
4863120,32,1,1,0
931056,32,1,0,1
6297928,32,1,1,0
1019128,32,1,0,1
2404600,32,1,0,1
1342528,32,1,0,1
271672,32,1,0,1
548744,32,1,0,1
2571304,32,1,0,1
1127424,32,1,0,1
4103712,32,1,1,0
7521256,32,1,1,0
8069576,32,1,1,0
414344,32,1,1,0
7832304,32,1,0,1
2267088,32,1,0,1
3832048,32,1,0,1
3071632,32,1,0,1
307528,32,1,0,1
6912704,32,1,0,1
2226120,32,1,1,0
2354448,32,1,0,1
1617744,32,1,0,1
6096784,32,1,0,1
2272856,32,1,0,1
368088,32,1,0,1
547040,32,1,1,0
3980616,32,1,0,1
2563560,32,1,0,1
172904,32,1,1,0
904288,32,1,1,0
2959672,32,1,1,0
3898816,32,1,0,1
6434640,32,1,1,0
7296608,32,1,0,1
814680,32,1,0,1
6900232,32,1,1,0
576456,32,1,1,0
1611592,32,1,1,0
3735736,32,1,0,1
976440,32,1,0,1
1802184,32,1,0,1
6266864,32,1,0,1
1909896,32,1,0,1
4330664,32,1,1,0
1015184,32,1,1,0
5396104,32,1,0,1
1368416,32,1,1,0
573864,32,1,0,1
6772824,32,1,1,0
5141936,32,1,1,0
809608,32,1,1,0
681664,32,1,0,1
2299112,32,1,0,1
152248,32,1,0,1
574416,32,1,1,0
5765064,32,1,0,1
796184,32,1,0,1
1866008,32,1,0,1
2159600,32,1,0,1
5851128,32,1,1,0
514264,32,1,0,1
396376,32,1,1,0
7014736,32,1,1,0
877608,32,1,0,1
549272,32,1,0,1
426496,32,1,1,0
291032,32,1,1,0
7868784,32,1,0,1
1317336,32,1,0,1
549000,32,1,0,1
8308440,32,1,1,0
1916896,32,1,0,1
7298528,32,1,0,1
589224,32,1,1,0
1466784,32,1,1,0
5414232,32,1,1,0
2249472,32,1,1,0
5006888,32,1,0,1
989744,32,1,1,0
2388000,32,1,0,1
4683640,32,1,1,0
1066168,32,1,1,0
1476656,32,1,1,0
1293896,32,1,1,0
2006952,32,1,0,1
425800,32,1,0,1
406040,32,1,0,1
8154624,32,1,0,1
6989216,32,1,1,0
3259208,32,1,0,1
2376416,32,1,0,1
8297224,32,1,0,1
2536832,32,1,0,1
2803488,32,1,0,1
612128,32,1,0,1
391360,32,1,1,0
690480,32,1,0,1
5442048,32,1,0,1
461592,32,1,1,0
1970544,32,1,1,0
5153560,32,1,1,0
2103928,32,1,0,1
3914136,32,1,0,1
4295552,32,1,1,0
277776,32,1,0,1
3837320,32,1,0,1
2162096,32,1,1,0
3770816,32,1,1,0
7593472,32,1,1,0
430352,32,1,0,1
741944,32,1,1,0
553216,32,1,0,1
2289936,32,1,0,1
5886296,32,1,1,0
3339768,32,1,1,0
1988112,32,1,1,0
3760712,32,1,0,1
6561528,32,1,1,0
388040,32,1,1,0
862744,32,1,0,1
799752,32,1,0,1
533656,32,1,1,0
1750632,32,1,0,1
1113320,32,1,1,0
1453088,32,1,0,1
5249184,32,1,1,0
4788840,32,1,0,1
2867648,32,1,0,1
4491768,32,1,0,1
2673968,32,1,1,0
2376560,32,1,0,1
7293376,32,1,0,1
4415560,32,1,1,0
6303624,32,1,0,1
298056,32,1,0,1
5898696,32,1,1,0
4122112,32,1,1,0
8128160,32,1,1,0
1703192,32,1,1,0
1571024,32,1,0,1
5187776,32,1,0,1
6015440,32,1,1,0
4734192,32,1,0,1
2702912,32,1,0,1
337024,32,1,1,0
2789120,32,1,1,0
2679400,32,1,1,0
1094824,32,1,1,0
2042144,32,1,0,1
6136912,32,1,0,1
2296192,32,1,1,0
976840,32,1,1,0
6406608,32,1,0,1
3629144,32,1,0,1
766208,32,1,0,1
1961864,32,1,0,1
1529128,32,1,1,0
1824944,32,1,1,0
2522584,32,1,1,0
3826752,32,1,0,1
7478912,32,1,0,1
1344536,32,1,1,0
604008,32,1,1,0
972264,32,1,1,0
3883272,32,1,0,1
4937832,32,1,1,0
1327312,32,1,1,0
1747208,32,1,0,1
1021384,32,1,0,1
7613304,32,1,1,0
4105776,32,1,0,1
7117952,32,1,1,0
7070328,32,1,1,0
6559464,32,1,0,1
231200,32,1,1,0
4098072,32,1,1,0
4438440,32,1,1,0
471480,32,1,0,1
1505592,32,1,1,0
2167696,32,1,0,1
4295200,32,1,1,0
3024408,32,1,1,0
1221752,32,1,0,1
6974928,32,1,0,1
470432,32,1,1,0
4542392,32,1,1,0
2051768,32,1,1,0
5416696,32,1,0,1
1520440,32,1,1,0
4942800,32,1,0,1
121936,32,1,1,0
2710720,32,1,0,1
952000,32,1,1,0
884288,32,1,0,1
6928984,32,1,1,0
2858392,32,1,1,0
808264,32,1,0,1
796296,32,1,0,1
487352,32,1,0,1
724632,32,1,1,0
2703200,32,1,1,0
3188424,32,1,0,1
4409120,32,1,0,1
6816064,32,1,0,1
587096,32,1,1,0
4439792,32,1,1,0
2832304,32,1,0,1
259312,32,1,0,1
356032,32,1,0,1
4699216,32,1,1,0
4680928,32,1,1,0
2071240,32,1,1,0
478936,32,1,1,0
5844888,32,1,0,1
1582024,32,1,1,0
2559648,32,1,0,1
1584208,32,1,1,0
1710184,32,1,1,0
5138552,32,1,0,1
1751464,32,1,0,1
5124184,32,1,1,0
579552,32,1,0,1
8164896,32,1,0,1
3509848,32,1,1,0
3285648,32,1,1,0
4883584,32,1,1,0
574720,32,1,1,0
4207112,32,1,0,1
1946656,32,1,1,0
2303600,32,1,1,0
5109480,32,1,1,0
2397528,32,1,0,1
2692848,32,1,1,0
1306920,32,1,0,1
1451808,32,1,0,1
5930568,32,1,0,1
4339376,32,1,1,0
1640040,32,1,1,0
7593936,32,1,0,1
2744208,32,1,0,1
4294776,32,1,1,0
1765984,32,1,1,0
4569736,32,1,1,0
1601808,32,1,1,0
2531256,32,1,0,1
4686936,32,1,0,1
3622384,32,1,0,1
473880,32,1,1,0
1456160,32,1,0,1
6332360,32,1,0,1
5336016,32,1,0,1
1671424,32,1,0,1
746048,32,1,1,0
1583016,32,1,1,0
501240,32,1,1,0
3344760,32,1,1,0
5997424,32,1,0,1
2906880,32,1,1,0
1504640,32,1,1,0
418912,32,1,1,0
1034912,32,1,1,0
835144,32,1,0,1
3997944,32,1,0,1
102160,32,1,0,1
1210144,32,1,0,1
515896,32,1,0,1
341160,32,1,0,1
119616,32,1,1,0
1941016,32,1,0,1
485488,32,1,1,0
4664560,32,1,1,0
2117512,32,1,1,0
216320,32,1,0,1
3232272,32,1,1,0
2485496,32,1,0,1
7163448,32,1,0,1
4863496,32,1,0,1
7486952,32,1,1,0
5446056,32,1,1,0
337832,32,1,0,1
6528880,32,1,0,1
808792,32,1,1,0
1356960,32,1,0,1
941144,32,1,1,0
3432624,32,1,0,1
2267904,32,1,1,0
1300992,32,1,1,0
7238216,32,1,0,1
460320,32,1,0,1
2191256,32,1,0,1
768024,32,1,0,1
301448,32,1,1,0
2107768,32,1,0,1
279304,32,1,1,0
765824,32,1,1,0
1572080,32,1,0,1
2450168,32,1,0,1
289512,32,1,1,0
3818880,32,1,1,0
2244376,32,1,0,1
6955136,32,1,0,1
714056,32,1,0,1
547920,32,1,1,0
785288,32,1,0,1
2103208,32,1,1,0
7881936,32,1,0,1
2260296,32,1,0,1
2437880,32,1,0,1
560336,32,1,0,1
1260784,32,1,1,0
3648856,32,1,0,1
3405520,32,1,0,1
162640,32,1,0,1
1080088,32,1,0,1
7265992,32,1,1,0
407864,32,1,1,0
2568760,32,1,0,1
4917920,32,1,1,0
777032,32,1,0,1
4573904,32,1,0,1
6258992,32,1,0,1
6504904,32,1,1,0
4824848,32,1,0,1
1756528,32,1,0,1
1736936,32,1,1,0
2314216,32,1,1,0
966424,32,1,0,1
4818312,32,1,0,1
7281064,32,1,1,0
683432,32,1,1,0
980136,32,1,0,1
551488,32,1,1,0
1952864,32,1,1,0
7313480,32,1,0,1
5811872,32,1,1,0
1371872,32,1,0,1
3301192,32,1,1,0
1611944,32,1,1,0
3751568,32,1,0,1
1161536,32,1,0,1
3313272,32,1,0,1
5508904,32,1,0,1
5466088,32,1,1,0
5180496,32,1,1,0
577968,32,1,1,0
7150728,32,1,1,0
195760,32,1,1,0
960136,32,1,0,1
2329224,32,1,0,1
643344,32,1,1,0
1947896,32,1,1,0
5316944,32,1,0,1
2900144,32,1,0,1
118248,32,1,0,1
3415776,32,1,0,1
572992,32,1,0,1
3524016,32,1,1,0
736080,32,1,1,0
3066024,32,1,1,0
1844280,32,1,0,1
4100776,32,1,0,1
2125952,32,1,0,1
1117000,32,1,1,0
1105600,32,1,0,1
2948448,32,1,1,0
5406528,32,1,1,0
404456,32,1,0,1
1653904,32,1,1,0
2030176,32,1,1,0
5301040,32,1,0,1
3274712,32,1,1,0
2238856,32,1,1,0
94568,32,1,1,0
540960,32,1,0,1
1376568,32,1,0,1
5945808,32,1,1,0
2681920,32,1,1,0
506936,32,1,0,1
4980176,32,1,1,0
1944016,32,1,1,0
2804928,32,1,1,0
1556288,32,1,0,1
760792,32,1,1,0
4126808,32,1,0,1
4940272,32,1,0,1
8276192,32,1,1,0
481808,32,1,1,0
3614640,32,1,1,0
3992488,32,1,0,1
8088872,32,1,0,1
1221280,32,1,0,1
1288664,32,1,1,0
3555928,32,1,0,1
3255592,32,1,1,0
636080,32,1,1,0
2798672,32,1,0,1
566008,32,1,1,0
6126520,32,1,0,1
2308424,32,1,1,0
704136,32,1,1,0
4145152,32,1,0,1
553464,32,1,1,0
3282712,32,1,1,0
825112,32,1,0,1
3308208,32,1,0,1
4863144,32,1,0,1
778456,32,1,1,0
892656,32,1,1,0
3273576,32,1,1,0
6424744,32,1,1,0
1411296,32,1,1,0
6616776,32,1,0,1
743512,32,1,1,0
1197080,32,1,0,1
5102176,32,1,1,0
1696632,32,1,0,1
2187872,32,1,0,1
1799136,32,1,0,1
1493096,32,1,0,1
1852856,32,1,1,0
316688,32,1,1,0
917784,32,1,1,0
637768,32,1,1,0
5602080,32,1,0,1
1628984,32,1,1,0
1236736,32,1,1,0
379600,32,1,0,1
5501720,32,1,1,0
2082096,32,1,0,1
7811152,32,1,1,0
785216,32,1,0,1
4839616,32,1,1,0
2614632,32,1,1,0
2962624,32,1,0,1
5573832,32,1,0,1
2498816,32,1,1,0
6900960,32,1,0,1
2370984,32,1,1,0
7744736,32,1,1,0
1544968,32,1,0,1
6573368,32,1,1,0
5065864,32,1,1,0
90960,32,1,0,1
3270040,32,1,0,1
656784,32,1,0,1
3532592,32,1,1,0
2107144,32,1,1,0
4639600,32,1,0,1
5069968,32,1,0,1
815296,32,1,0,1
1866616,32,1,0,1
703648,32,1,1,0
8292024,32,1,1,0
731736,32,1,1,0
1973888,32,1,1,0
626656,32,1,1,0
1190096,32,1,1,0
820112,32,1,1,0
2670672,32,1,0,1
4708168,32,1,0,1
1618720,32,1,0,1
2257336,32,1,1,0
3340120,32,1,1,0
2555832,32,1,1,0
3383096,32,1,1,0
5866384,32,1,1,0
1716200,32,1,0,1
6932352,32,1,0,1
6147880,32,1,1,0
1260264,32,1,0,1
2215560,32,1,1,0
290776,32,1,0,1
792200,32,1,1,0
7522936,32,1,1,0
508328,32,1,1,0
1438096,32,1,1,0
2304208,32,1,0,1
5402696,32,1,0,1
469008,32,1,1,0
3591128,32,1,0,1
6264504,32,1,0,1
2792944,32,1,0,1
1701024,32,1,1,0
6093200,32,1,1,0
874552,32,1,0,1
1315984,32,1,1,0
2719184,32,1,0,1
633296,32,1,0,1
1042992,32,1,1,0
2003544,32,1,1,0
1546984,32,1,1,0
1660352,32,1,1,0
1403776,32,1,1,0
295920,32,1,1,0
3363616,32,1,0,1
3218144,32,1,0,1
335088,32,1,0,1
1063296,32,1,0,1
966200,32,1,0,1
1031768,32,1,0,1
1141608,32,1,0,1
534888,32,1,1,0
727744,32,1,0,1
2794960,32,1,0,1
1971904,32,1,1,0
3123880,32,1,0,1
524616,32,1,1,0
322704,32,1,1,0
1590200,32,1,0,1
2964584,32,1,0,1
3355720,32,1,1,0
1632368,32,1,0,1
4202000,32,1,1,0
724872,32,1,0,1
6937024,32,1,1,0
2973552,32,1,0,1
1756952,32,1,1,0
6644760,32,1,1,0
920976,32,1,0,1
1283056,32,1,1,0
132928,32,1,0,1
3185544,32,1,1,0
1904896,32,1,0,1
2036128,32,1,0,1
7555496,32,1,0,1
7396544,32,1,0,1
1819680,32,1,0,1
8049728,32,1,1,0
2948720,32,1,0,1
5491080,32,1,1,0
6857992,32,1,1,0
333264,32,1,0,1
1069368,32,1,1,0
3113928,32,1,0,1
2428360,32,1,0,1
4972784,32,1,0,1
853048,32,1,1,0
4160048,32,1,1,0
2621064,32,1,1,0
5760088,32,1,0,1
433104,32,1,0,1
1712768,32,1,1,0
1244472,32,1,0,1
2905944,32,1,1,0
3392376,32,1,0,1
676304,32,1,0,1
660288,32,1,1,0
2165656,32,1,1,0
4700288,32,1,0,1
1035096,32,1,1,0
2145808,32,1,0,1
1732584,32,1,0,1
4320592,32,1,0,1
691400,32,1,0,1
402432,32,1,0,1
2217312,32,1,1,0
1095056,32,1,0,1
1706976,32,1,1,0
1292648,32,1,0,1
214480,32,1,1,0
2054480,32,1,1,0
285144,32,1,0,1
2896992,32,1,1,0
3246528,32,1,0,1
910240,32,1,0,1
3824392,32,1,1,0
2445112,32,1,0,1
4302896,32,1,1,0
929760,32,1,1,0
7273512,32,1,1,0
781776,32,1,1,0
1541464,32,1,0,1
7409888,32,1,0,1
1109312,32,1,0,1
3699448,32,1,1,0
3362552,32,1,1,0
202016,32,1,1,0
1446936,32,1,1,0
3536640,32,1,1,0
6670264,32,1,0,1
5865632,32,1,1,0
752728,32,1,1,0
222960,32,1,0,1
1150536,32,1,0,1
748712,32,1,1,0
5432688,32,1,1,0
2615216,32,1,0,1
1912400,32,1,1,0
1609888,32,1,0,1
1712320,32,1,1,0
1847648,32,1,1,0
1470504,32,1,1,0
3438560,32,1,0,1
3069256,32,1,1,0
2435056,32,1,0,1
1115488,32,1,0,1
478544,32,1,0,1
1407104,32,1,0,1
1197712,32,1,0,1
6607808,32,1,0,1
4975936,32,1,0,1
599192,32,1,1,0
533640,32,1,1,0
2631544,32,1,0,1
2025496,32,1,0,1
1385024,32,1,0,1
5167672,32,1,0,1
340472,32,1,0,1
3147144,32,1,0,1
327984,32,1,1,0
2635456,32,1,0,1
2908072,32,1,0,1
1156992,32,1,0,1
749152,32,1,1,0
4268392,32,1,1,0
2624696,32,1,0,1
6062792,32,1,0,1
1137096,32,1,1,0
1461448,32,1,1,0
6766840,32,1,1,0
5019976,32,1,1,0
959120,32,1,1,0
6586336,32,1,1,0
968376,32,1,1,0
2232512,32,1,0,1
1747456,32,1,0,1
221952,32,1,0,1
625760,32,1,0,1
709104,32,1,0,1
4235344,32,1,1,0
2629704,32,1,0,1
843424,32,1,1,0
1380472,32,1,1,0
1963616,32,1,1,0
493696,32,1,1,0
7978192,32,1,1,0
821944,32,1,1,0
4283288,32,1,0,1
2013976,32,1,1,0
7186744,32,1,1,0
1616320,32,1,1,0
3300152,32,1,0,1
265680,32,1,0,1
4157400,32,1,1,0
865752,32,1,0,1
2979376,32,1,1,0
4577952,32,1,0,1
1728544,32,1,1,0
243616,32,1,1,0
4623904,32,1,0,1
1830984,32,1,0,1
2642672,32,1,0,1
7418648,32,1,0,1
1839920,32,1,1,0
2119648,32,1,1,0
5907152,32,1,1,0
2070336,32,1,1,0
392248,32,1,1,0
4868936,32,1,1,0
6049384,32,1,0,1
7283552,32,1,1,0
2733592,32,1,1,0
216120,32,1,0,1
1574616,32,1,0,1
7569432,32,1,0,1
265120,32,1,1,0
2624064,32,1,1,0
1336304,32,1,0,1
2483352,32,1,1,0
5128272,32,1,0,1
538504,32,1,0,1
1230112,32,1,1,0
2538096,32,1,0,1
168016,32,1,1,0
1366288,32,1,1,0
1221048,32,1,0,1
3543848,32,1,1,0
4461752,32,1,1,0
1933600,32,1,1,0
4524328,32,1,0,1
2964024,32,1,1,0
8011520,32,1,1,0
2536808,32,1,0,1
3698216,32,1,1,0
2982896,32,1,0,1
1238048,32,1,1,0
2205312,32,1,1,0
6886440,32,1,1,0
1789096,32,1,0,1
6321640,32,1,0,1
6798872,32,1,0,1
4423232,32,1,1,0
7785240,32,1,1,0
4924096,32,1,1,0
3427344,32,1,0,1
7506392,32,1,0,1
2693664,32,1,0,1
4064208,32,1,0,1
4271136,32,1,1,0
876288,32,1,1,0
536472,32,1,0,1
1748344,32,1,0,1
6546136,32,1,0,1
1611712,32,1,0,1
905416,32,1,1,0
7727272,32,1,1,0
2002000,32,1,1,0
6851656,32,1,1,0
4819968,32,1,1,0
159320,32,1,0,1
4607904,32,1,1,0
397672,32,1,1,0
1208384,32,1,0,1
1261648,32,1,0,1
4371536,32,1,1,0
1075456,32,1,0,1
1738944,32,1,0,1
278640,32,1,0,1
3911416,32,1,0,1
5107344,32,1,0,1
4733552,32,1,1,0
3249784,32,1,1,0
2729696,32,1,0,1
2767512,32,1,0,1
3987232,32,1,1,0
383200,32,1,0,1
1765072,32,1,1,0
3283232,32,1,0,1
3725728,32,1,0,1
1325176,32,1,1,0
5655152,32,1,0,1
2778784,32,1,1,0
3835904,32,1,1,0
240152,32,1,1,0
7763112,32,1,1,0
4616336,32,1,0,1
1910208,32,1,1,0
2081152,32,1,0,1
6362336,32,1,0,1
7098472,32,1,1,0
4114272,32,1,1,0
3850288,32,1,1,0
5529400,32,1,0,1
4924472,32,1,1,0
4393248,32,1,0,1
2087368,32,1,1,0
330440,32,1,0,1
6955712,32,1,0,1
1915688,32,1,1,0
5461208,32,1,1,0
503224,32,1,1,0
365864,32,1,1,0
5866688,32,1,0,1
1489016,32,1,0,1
357240,32,1,0,1
7321056,32,1,1,0
442520,32,1,1,0
2924248,32,1,0,1
6767288,32,1,0,1
1062320,32,1,0,1
7326176,32,1,0,1
4122616,32,1,1,0
430664,32,1,1,0
2086640,32,1,0,1
7628968,32,1,1,0
1712016,32,1,0,1
2566392,32,1,1,0
509656,32,1,1,0
309808,32,1,1,0
5460280,32,1,0,1
828040,32,1,0,1
3259896,32,1,0,1
2998032,32,1,1,0
657584,32,1,1,0
400576,32,1,0,1
2442928,32,1,1,0
1518880,32,1,0,1
290064,32,1,1,0
5700192,32,1,0,1
2558728,32,1,1,0
6046336,32,1,0,1
5077392,32,1,1,0
6979496,32,1,0,1
1094640,32,1,1,0
1107224,32,1,0,1
4708416,32,1,1,0
2241616,32,1,1,0
1206728,32,1,1,0
7930648,32,1,1,0
3745904,32,1,1,0
2193928,32,1,0,1
2315104,32,1,0,1
7229624,32,1,0,1
7132760,32,1,1,0
1810648,32,1,0,1
588488,32,1,1,0
618624,32,1,1,0
3660976,32,1,1,0
1348000,32,1,0,1
7669128,32,1,1,0
2802952,32,1,1,0
727184,32,1,1,0
3305656,32,1,0,1
3248080,32,1,0,1
1820072,32,1,0,1
628152,32,1,1,0
381416,32,1,1,0
483288,32,1,0,1
8055808,32,1,1,0
4523704,32,1,1,0
1380904,32,1,0,1
3030928,32,1,1,0
2544400,32,1,1,0
6182432,32,1,1,0
2544080,32,1,0,1
7542648,32,1,1,0
591464,32,1,1,0
2103136,32,1,0,1
3805584,32,1,1,0
4079800,32,1,1,0
1926696,32,1,1,0
3345784,32,1,1,0
5540704,32,1,1,0
3777568,32,1,1,0
2133096,32,1,1,0
3565888,32,1,0,1
4812456,32,1,1,0
810520,32,1,0,1
3791136,32,1,0,1
2704840,32,1,1,0
3412376,32,1,1,0
4237848,32,1,0,1
6801096,32,1,0,1
1219736,32,1,1,0
670200,32,1,0,1
1019200,32,1,1,0
4894456,32,1,0,1
761648,32,1,0,1
1796728,32,1,0,1
6828768,32,1,0,1
1540336,32,1,1,0
5037272,32,1,0,1
1569976,32,1,1,0
216448,32,1,0,1
998960,32,1,1,0
616944,32,1,0,1
740728,32,1,1,0
3562576,32,1,1,0
931512,32,1,1,0
7633016,32,1,1,0
1160056,32,1,0,1
1500560,32,1,1,0
2105456,32,1,0,1
4627824,32,1,1,0
3013504,32,1,0,1
601440,32,1,1,0
3703608,32,1,1,0
747592,32,1,0,1
2821280,32,1,0,1
543224,32,1,1,0
1111472,32,1,0,1
2261528,32,1,1,0
3660472,32,1,0,1
8341720,32,1,1,0
4148640,32,1,1,0
5511816,32,1,1,0
8336488,32,1,1,0
5665536,32,1,0,1
374472,32,1,1,0
815592,32,1,0,1
1002480,32,1,0,1
704784,32,1,0,1
1886960,32,1,1,0
566288,32,1,0,1
332104,32,1,0,1
1416024,32,1,1,0
350968,32,1,1,0
118824,32,1,0,1
7675808,32,1,0,1
733544,32,1,0,1
2307168,32,1,0,1
1119944,32,1,1,0
2431288,32,1,0,1
3896888,32,1,1,0
2857184,32,1,1,0
3683952,32,1,1,0
8342096,32,1,1,0
1606408,32,1,1,0
190672,32,1,1,0
940872,32,1,1,0
7211080,32,1,1,0
3579944,32,1,1,0
2954688,32,1,1,0
5478296,32,1,0,1
3086288,32,1,0,1
7729088,32,1,1,0
2656024,32,1,0,1
1451712,32,1,0,1
1641520,32,1,1,0
1314424,32,1,1,0
950928,32,1,0,1
99080,32,1,0,1
1153864,32,1,0,1
3830048,32,1,1,0
4876784,32,1,1,0
5617088,32,1,0,1
1705704,32,1,0,1
5079648,32,1,1,0
4340240,32,1,0,1
5694000,32,1,1,0
6454272,32,1,0,1
823880,32,1,0,1
3944320,32,1,1,0
5024816,32,1,1,0
336936,32,1,1,0
4463576,32,1,1,0
8145072,32,1,1,0
6709480,32,1,0,1
7878168,32,1,0,1
2449568,32,1,0,1
1707016,32,1,1,0
231840,32,1,0,1
4382160,32,1,0,1
1298864,32,1,1,0
4204408,32,1,1,0
1287656,32,1,0,1
5586480,32,1,1,0
2310480,32,1,0,1
536952,32,1,1,0
655424,32,1,0,1
7282976,32,1,0,1
5614504,32,1,0,1
1366184,32,1,0,1
5660856,32,1,0,1
4037232,32,1,0,1
1044528,32,1,0,1
2166296,32,1,0,1
3239776,32,1,0,1
1908648,32,1,1,0
8364744,32,1,1,0
1010112,32,1,1,0
7070968,32,1,1,0
1844512,32,1,1,0
1991200,32,1,1,0
7471464,32,1,0,1
3230352,32,1,1,0
5212744,32,1,0,1
1848048,32,1,0,1
2155368,32,1,1,0
1111816,32,1,0,1
823296,32,1,1,0
652768,32,1,1,0
462200,32,1,1,0
4765320,32,1,0,1
5821256,32,1,0,1
3429352,32,1,1,0
1616480,32,1,1,0
1504416,32,1,1,0
935648,32,1,1,0
1974152,32,1,1,0
1177976,32,1,1,0
1255464,32,1,1,0
2328768,32,1,1,0
2733616,32,1,1,0
698808,32,1,1,0
1081192,32,1,1,0
918904,32,1,1,0
1524136,32,1,1,0
1090168,32,1,1,0
3627624,32,1,1,0
7019048,32,1,1,0
879120,32,1,0,1
213336,32,1,0,1
3867744,32,1,1,0
1880744,32,1,1,0
2402056,32,1,0,1
787560,32,1,0,1
4670584,32,1,0,1
774664,32,1,1,0
255896,32,1,0,1
238944,32,1,0,1
4261800,32,1,0,1
473264,32,1,1,0
1016800,32,1,1,0
6797656,32,1,0,1
3949608,32,1,1,0
4100584,32,1,0,1
3798616,32,1,1,0
6718656,32,1,1,0
3916400,32,1,1,0
4752768,32,1,0,1
3477856,32,1,1,0
1350168,32,1,1,0
892048,32,1,1,0
901960,32,1,1,0
1635088,32,1,1,0
6935584,32,1,1,0
2833880,32,1,0,1
155328,32,1,0,1
1392472,32,1,0,1
4786824,32,1,1,0
3648648,32,1,1,0
6414976,32,1,1,0
2061256,32,1,0,1
5013600,32,1,0,1
3122904,32,1,1,0
6941104,32,1,1,0
289256,32,1,0,1
7875752,32,1,0,1
1760832,32,1,1,0
155576,32,1,1,0
6051032,32,1,1,0
1851680,32,1,1,0
4854600,32,1,0,1
3928824,32,1,1,0
1295624,32,1,1,0
5615344,32,1,1,0
622048,32,1,1,0
898632,32,1,0,1
5337000,32,1,0,1
1245184,32,1,1,0
1566424,32,1,0,1
1457656,32,1,1,0
3959536,32,1,1,0
4981792,32,1,0,1
3304432,32,1,0,1
1704176,32,1,1,0
1148208,32,1,0,1
770400,32,1,1,0
1451432,32,1,1,0
868064,32,1,1,0
4410152,32,1,0,1
785056,32,1,1,0
255128,32,1,0,1
2577856,32,1,1,0
4402952,32,1,0,1
1952112,32,1,0,1
1011008,32,1,0,1
7382656,32,1,1,0
2079752,32,1,0,1
4161456,32,1,0,1
1652424,32,1,1,0
650192,32,1,0,1
3489936,32,1,0,1
613536,32,1,0,1
7641488,32,1,0,1
1885360,32,1,1,0
2938136,32,1,0,1
2153360,32,1,0,1
5388816,32,1,1,0
1057376,32,1,1,0
3395816,32,1,0,1
2885568,32,1,1,0
2065560,32,1,0,1
3450600,32,1,0,1
412344,32,1,0,1
4076720,32,1,0,1
275368,32,1,1,0
8313928,32,1,0,1
3882760,32,1,0,1
6899280,32,1,0,1
520784,32,1,0,1
7734896,32,1,0,1
1208120,32,1,1,0
1037752,32,1,1,0
5781496,32,1,1,0
4791080,32,1,1,0
3558592,32,1,0,1
6218888,32,1,1,0
763536,32,1,1,0
6064920,32,1,0,1
1551192,32,1,1,0
6775360,32,1,1,0
390544,32,1,0,1
4839320,32,1,1,0
1444512,32,1,0,1
3164520,32,1,1,0
818696,32,1,1,0
592256,32,1,0,1
7198480,32,1,0,1
4068648,32,1,0,1
592600,32,1,0,1
2139400,32,1,0,1
2605968,32,1,1,0
2188960,32,1,1,0
7716152,32,1,0,1
620024,32,1,1,0
7678936,32,1,1,0
3685224,32,1,0,1
4286800,32,1,0,1
2096600,32,1,0,1
6120344,32,1,1,0
1817432,32,1,1,0
1764456,32,1,0,1
6181352,32,1,0,1
7912440,32,1,0,1
2641384,32,1,1,0
6119400,32,1,0,1
3494592,32,1,0,1
3133168,32,1,0,1
2224176,32,1,0,1
314000,32,1,1,0
2113840,32,1,0,1
2241800,32,1,0,1
3465176,32,1,0,1
721944,32,1,0,1
2537288,32,1,1,0
5386488,32,1,0,1
584936,32,1,1,0
1842792,32,1,0,1
757696,32,1,1,0
1584056,32,1,0,1
2257008,32,1,1,0
6116880,32,1,0,1
160024,32,1,1,0
710864,32,1,1,0
3297376,32,1,0,1
1460120,32,1,0,1
5202992,32,1,0,1
6614656,32,1,1,0
5378560,32,1,0,1
300576,32,1,0,1
5601744,32,1,1,0
2349440,32,1,1,0
1010840,32,1,0,1
3265400,32,1,0,1
8225000,32,1,0,1
4170048,32,1,1,0
187176,32,1,0,1
295896,32,1,0,1
7334632,32,1,0,1
561272,32,1,1,0
5021456,32,1,1,0
1430368,32,1,1,0
131024,32,1,1,0
1936816,32,1,0,1
2765504,32,1,0,1
2622432,32,1,0,1
3894840,32,1,1,0
1515256,32,1,0,1
786776,32,1,0,1
576432,32,1,0,1
291936,32,1,1,0
4817656,32,1,0,1
1238896,32,1,0,1
1757592,32,1,1,0
1085576,32,1,1,0
4534944,32,1,1,0
6189912,32,1,0,1
5724584,32,1,0,1
1935464,32,1,1,0
4016832,32,1,0,1
548984,32,1,1,0
1697200,32,1,1,0
3294048,32,1,0,1
724440,32,1,0,1
523224,32,1,0,1
1002608,32,1,0,1
179344,32,1,0,1
426448,32,1,0,1
4764696,32,1,0,1
1075240,32,1,1,0
2088280,32,1,0,1
2036504,32,1,0,1
1492176,32,1,1,0
164544,32,1,0,1
975736,32,1,0,1
494112,32,1,0,1
2719152,32,1,0,1
843696,32,1,0,1
3182016,32,1,0,1
1242880,32,1,1,0
2450536,32,1,0,1
2049016,32,1,1,0
2426480,32,1,0,1
7414648,32,1,1,0
6619992,32,1,1,0
714592,32,1,0,1
4373072,32,1,0,1
91736,32,1,0,1
4761512,32,1,1,0
6444216,32,1,0,1
2074832,32,1,1,0
1139080,32,1,0,1
630808,32,1,0,1
1368152,32,1,0,1
1264520,32,1,0,1
4853848,32,1,1,0
1959272,32,1,0,1
496976,32,1,0,1
2389832,32,1,0,1
2022016,32,1,1,0
575352,32,1,0,1
5489392,32,1,0,1
1046928,32,1,1,0
6992584,32,1,0,1
3309488,32,1,1,0
1937280,32,1,1,0
3377968,32,1,0,1
149968,32,1,1,0
2931096,32,1,1,0
995544,32,1,0,1
1431040,32,1,1,0
1919960,32,1,0,1
1200904,32,1,1,0
3669568,32,1,0,1
3795456,32,1,1,0
8029816,32,1,0,1
4284688,32,1,1,0
1911792,32,1,0,1
1557840,32,1,1,0
2065344,32,1,0,1
554600,32,1,1,0
4563592,32,1,1,0
849224,32,1,0,1
6244768,32,1,0,1
3199720,32,1,0,1
598888,32,1,1,0
553120,32,1,0,1
4035464,32,1,1,0
3087664,32,1,0,1
3274248,32,1,1,0
4576528,32,1,0,1
420544,32,1,1,0
2522920,32,1,0,1
1457912,32,1,0,1
2306184,32,1,0,1
3729112,32,1,0,1
1998752,32,1,0,1
3914416,32,1,1,0
1369064,32,1,1,0
1713072,32,1,0,1
354960,32,1,1,0
5055720,32,1,0,1
3723720,32,1,1,0
150552,32,1,1,0
2822872,32,1,0,1
4674144,32,1,1,0
1406160,32,1,0,1
1199360,32,1,0,1
3946584,32,1,0,1
778384,32,1,0,1
7254680,32,1,1,0
2786904,32,1,1,0
4004616,32,1,0,1
420008,32,1,1,0
1194272,32,1,0,1
2268368,32,1,0,1
3720288,32,1,0,1
912496,32,1,0,1
3967680,32,1,1,0
492216,32,1,0,1
1842888,32,1,1,0
2277224,32,1,0,1
1370808,32,1,1,0
1175392,32,1,0,1
6910968,32,1,0,1
4006752,32,1,0,1
1590160,32,1,1,0
5600768,32,1,0,1
2730576,32,1,0,1
796768,32,1,1,0
2149504,32,1,1,0
1382960,32,1,0,1
1323392,32,1,0,1
3513072,32,1,1,0
2796728,32,1,0,1
2292896,32,1,0,1
531496,32,1,1,0
996552,32,1,1,0
7978688,32,1,0,1
410048,32,1,1,0
1921600,32,1,1,0
2006784,32,1,1,0
954128,32,1,0,1
4836704,32,1,0,1
391808,32,1,0,1
2177224,32,1,0,1
544224,32,1,0,1
6370512,32,1,0,1
6207160,32,1,1,0
2620688,32,1,0,1
1318136,32,1,0,1
2761648,32,1,0,1
792920,32,1,1,0
4838840,32,1,1,0
1418536,32,1,1,0
272376,32,1,1,0
2995448,32,1,1,0
5297120,32,1,1,0
2739392,32,1,1,0
1472136,32,1,0,1
4247568,32,1,1,0
216536,32,1,1,0
201832,32,1,1,0
564344,32,1,0,1
5069152,32,1,0,1
1259776,32,1,1,0
7746408,32,1,0,1
1466112,32,1,1,0
3961744,32,1,1,0
732552,32,1,1,0
6662072,32,1,1,0
3348504,32,1,0,1
2455304,32,1,0,1
5577904,32,1,0,1
2193752,32,1,1,0
1098864,32,1,0,1
4043808,32,1,1,0
2532600,32,1,1,0
395936,32,1,1,0
2572312,32,1,0,1
518152,32,1,0,1
1455624,32,1,0,1
2099736,32,1,0,1
2470088,32,1,0,1
3057760,32,1,0,1
342808,32,1,0,1
2668824,32,1,1,0
2197576,32,1,0,1
1775968,32,1,1,0
431432,32,1,1,0
1419248,32,1,1,0
552968,32,1,1,0
1474192,32,1,1,0
1389464,32,1,0,1
427024,32,1,1,0
3078176,32,1,0,1
8054528,32,1,0,1
1421952,32,1,1,0
278544,32,1,0,1
3690120,32,1,0,1
3963776,32,1,1,0
8297360,32,1,0,1
1703048,32,1,0,1
6415312,32,1,1,0
5801160,32,1,1,0
2054280,32,1,1,0
233416,32,1,1,0
2104328,32,1,0,1
7541968,32,1,0,1
4589112,32,1,0,1
5452048,32,1,0,1
1218008,32,1,1,0
2969976,32,1,0,1
6404208,32,1,0,1
2923992,32,1,0,1
3057216,32,1,0,1
1776560,32,1,1,0
5129584,32,1,0,1
2108928,32,1,1,0
5979080,32,1,1,0
6085232,32,1,0,1
338592,32,1,1,0
3327224,32,1,1,0
5555952,32,1,1,0
7619144,32,1,0,1
1006752,32,1,1,0
593600,32,1,1,0
1100720,32,1,1,0
4901528,32,1,0,1
354680,32,1,0,1
427624,32,1,0,1
2036016,32,1,0,1
1371632,32,1,1,0
322968,32,1,1,0
1934912,32,1,1,0
4483384,32,1,0,1
456384,32,1,1,0
5453216,32,1,1,0
3629032,32,1,0,1
6194152,32,1,1,0
2845144,32,1,1,0
186512,32,1,1,0
1484384,32,1,1,0
152808,32,1,1,0
3089016,32,1,1,0
707224,32,1,1,0
505280,32,1,0,1
421704,32,1,0,1
1423048,32,1,1,0
1644528,32,1,1,0
2305824,32,1,0,1
5312904,32,1,1,0
7455728,32,1,0,1
4903528,32,1,0,1
553408,32,1,0,1
2557608,32,1,0,1
2164320,32,1,1,0
1837032,32,1,0,1
349296,32,1,0,1
7967896,32,1,0,1
2097136,32,1,1,0
6071712,32,1,1,0
4818848,32,1,1,0
4360960,32,1,1,0
524800,32,1,0,1
365312,32,1,1,0
2693760,32,1,1,0
169536,32,1,1,0
2807408,32,1,1,0
2542952,32,1,1,0
5033968,32,1,0,1
2564048,32,1,1,0
1817920,32,1,0,1
4491976,32,1,1,0
1378976,32,1,0,1
3839168,32,1,0,1
1492928,32,1,1,0
1109816,32,1,1,0
3597216,32,1,1,0
6206456,32,1,0,1
723384,32,1,0,1
579016,32,1,0,1
2500352,32,1,0,1
7075320,32,1,0,1
2974928,32,1,0,1
3348608,32,1,0,1
2454224,32,1,1,0
1350336,32,1,1,0
1819344,32,1,0,1
6501504,32,1,0,1
2964544,32,1,1,0
1975544,32,1,1,0
5172072,32,1,1,0
506880,32,1,1,0
3070344,32,1,0,1
7031512,32,1,0,1
2789928,32,1,0,1
491336,32,1,1,0
7606640,32,1,1,0
7498016,32,1,1,0
1029304,32,1,0,1
3817552,32,1,0,1
1910808,32,1,1,0
749992,32,1,1,0
3260936,32,1,1,0
2980392,32,1,0,1
1800840,32,1,0,1
671456,32,1,1,0
4907632,32,1,0,1
826032,32,1,0,1
815520,32,1,0,1
7651280,32,1,1,0
2741952,32,1,1,0
1892384,32,1,0,1
4463848,32,1,1,0
2793440,32,1,0,1
1725056,32,1,0,1
2748864,32,1,1,0
1349552,32,1,0,1
5180144,32,1,0,1
3189288,32,1,1,0
3835768,32,1,0,1
152088,32,1,1,0
3037056,32,1,1,0
1510192,32,1,0,1
566952,32,1,0,1
8116288,32,1,1,0
407496,32,1,0,1
698256,32,1,0,1
997040,32,1,0,1
738864,32,1,1,0
359520,32,1,0,1
1560408,32,1,1,0
5450168,32,1,0,1
511944,32,1,1,0
4377592,32,1,0,1
465824,32,1,1,0
482136,32,1,0,1
2784528,32,1,0,1
7808512,32,1,0,1
2434856,32,1,0,1
6131200,32,1,0,1
796992,32,1,1,0
7013720,32,1,1,0
6555632,32,1,1,0
3822192,32,1,0,1
633800,32,1,0,1
1852360,32,1,0,1
1625584,32,1,0,1
2988376,32,1,1,0
3711480,32,1,0,1
1292680,32,1,1,0
1531504,32,1,1,0
5710472,32,1,1,0
395144,32,1,0,1
1716528,32,1,0,1
199696,32,1,1,0
1111792,32,1,1,0
4299152,32,1,0,1
3574440,32,1,1,0
726728,32,1,1,0
5054888,32,1,0,1
711216,32,1,1,0
713576,32,1,0,1
5238792,32,1,0,1
8027976,32,1,1,0
1054208,32,1,0,1
5125912,32,1,1,0
735512,32,1,1,0
1910728,32,1,1,0
1353976,32,1,1,0
2342216,32,1,1,0
3704312,32,1,1,0
3376688,32,1,1,0
304592,32,1,0,1
632808,32,1,0,1
3346680,32,1,0,1
748248,32,1,0,1
7416880,32,1,0,1
4667752,32,1,0,1
603520,32,1,1,0
3221440,32,1,0,1
1211744,32,1,0,1
747040,32,1,0,1
7272672,32,1,1,0
1597920,32,1,0,1
423144,32,1,1,0
6154112,32,1,1,0
3571360,32,1,0,1
345088,32,1,1,0
3136464,32,1,0,1
7497496,32,1,1,0
2207936,32,1,1,0
791176,32,1,0,1
819008,32,1,0,1
8336056,32,1,0,1
3618424,32,1,1,0
8011248,32,1,0,1
2646224,32,1,1,0
5181416,32,1,1,0
3536704,32,1,1,0
4341872,32,1,0,1
1231080,32,1,1,0
4872608,32,1,0,1
1601360,32,1,0,1
5713752,32,1,0,1
1114816,32,1,1,0
890680,32,1,1,0
641624,32,1,0,1
1853360,32,1,0,1
570184,32,1,0,1
1164240,32,1,0,1
2618800,32,1,1,0
2943664,32,1,0,1
60056,32,1,0,1
7821624,32,1,1,0
149264,32,1,1,0
5709208,32,1,0,1
1578728,32,1,1,0
2203360,32,1,0,1
1472776,32,1,0,1
1770176,32,1,0,1
5749672,32,1,1,0
1116784,32,1,1,0
1079168,32,1,0,1
4274232,32,1,0,1
3339976,32,1,0,1
5735680,32,1,1,0
224152,32,1,0,1
4395848,32,1,0,1
7336960,32,1,0,1
8166728,32,1,1,0
5440656,32,1,0,1
7086480,32,1,0,1
812264,32,1,0,1
349856,32,1,1,0
1035624,32,1,1,0
4328568,32,1,1,0
5015856,32,1,0,1
4409752,32,1,1,0
395520,32,1,1,0
520744,32,1,1,0
7343288,32,1,1,0
6951536,32,1,0,1
4423384,32,1,1,0
1534816,32,1,1,0
1950608,32,1,1,0
2951112,32,1,0,1
3105248,32,1,1,0
2808872,32,1,0,1
1527128,32,1,0,1
6044128,32,1,0,1
6280296,32,1,1,0
903800,32,1,1,0
6869680,32,1,1,0
4920848,32,1,1,0
1991312,32,1,0,1
1984528,32,1,0,1
2721096,32,1,1,0
7780008,32,1,0,1
3814848,32,1,1,0
2613952,32,1,1,0
1796256,32,1,1,0
439424,32,1,1,0
473952,32,1,0,1
2152816,32,1,0,1
1177096,32,1,1,0
1634168,32,1,1,0
8302568,32,1,1,0
5079528,32,1,1,0
3898640,32,1,1,0
6468552,32,1,0,1
346968,32,1,0,1
916304,32,1,0,1
6239768,32,1,1,0
5560392,32,1,0,1
4749416,32,1,0,1
1690496,32,1,0,1
4205224,32,1,1,0
638816,32,1,1,0
2254680,32,1,1,0
6977488,32,1,0,1
658128,32,1,1,0
1232856,32,1,0,1
5261096,32,1,1,0
2271520,32,1,1,0
1434576,32,1,1,0
4178576,32,1,1,0
1669688,32,1,0,1
5273800,32,1,1,0
2298912,32,1,1,0
581976,32,1,1,0
4112512,32,1,1,0
3563464,32,1,1,0
5539408,32,1,0,1
1054048,32,1,0,1
1270816,32,1,0,1
6151328,32,1,0,1
358504,32,1,0,1
3562496,32,1,0,1
5868432,32,1,0,1
3432720,32,1,0,1
1281736,32,1,0,1
5393112,32,1,0,1
1182960,32,1,0,1
818280,32,1,1,0
3419432,32,1,1,0
648720,32,1,0,1
7058264,32,1,1,0
3309720,32,1,0,1
1763672,32,1,1,0
3615536,32,1,0,1
206656,32,1,0,1
529192,32,1,0,1
6376664,32,1,0,1
6923424,32,1,0,1
3003536,32,1,1,0
2449400,32,1,0,1
3436448,32,1,1,0
4359104,32,1,0,1
387360,32,1,1,0
1754744,32,1,0,1
2814608,32,1,1,0
3852384,32,1,1,0
6301344,32,1,0,1
1575864,32,1,1,0
1223616,32,1,1,0
8121160,32,1,1,0
2143656,32,1,1,0
3814304,32,1,1,0
2255848,32,1,0,1
6217696,32,1,1,0
1151096,32,1,1,0
8078352,32,1,1,0
7488544,32,1,0,1
3451744,32,1,1,0
7052384,32,1,0,1
1157768,32,1,1,0
3374712,32,1,0,1
590696,32,1,1,0
6428560,32,1,0,1
566216,32,1,0,1
2698944,32,1,0,1
777816,32,1,0,1
1875288,32,1,0,1
958712,32,1,0,1
6743080,32,1,1,0
2526280,32,1,0,1
1313944,32,1,1,0
1513128,32,1,1,0
7191088,32,1,1,0
1339296,32,1,0,1
2260832,32,1,1,0
444080,32,1,0,1
5832504,32,1,1,0
361280,32,1,0,1
2934320,32,1,1,0
74896,32,1,1,0
2045648,32,1,0,1
7589960,32,1,1,0
4229472,32,1,1,0
6366832,32,1,0,1
1089568,32,1,0,1
4903352,32,1,1,0
5877472,32,1,0,1
8034176,32,1,1,0
4118272,32,1,0,1
1471480,32,1,0,1
7656240,32,1,0,1
1448096,32,1,0,1
640080,32,1,0,1
3508920,32,1,1,0
3151088,32,1,0,1
1050024,32,1,0,1
1580880,32,1,1,0
4751552,32,1,1,0
1819608,32,1,1,0
470648,32,1,0,1
4187464,32,1,0,1
4233112,32,1,0,1
2482024,32,1,0,1
5483048,32,1,0,1
4358416,32,1,1,0
7719544,32,1,0,1
1766096,32,1,1,0
6184344,32,1,0,1
587168,32,1,1,0
556312,32,1,0,1
1600032,32,1,1,0
1316360,32,1,0,1
5017952,32,1,1,0
4790592,32,1,1,0
2772256,32,1,1,0
7748144,32,1,0,1
2391664,32,1,0,1
5022160,32,1,0,1
5517584,32,1,0,1
5170744,32,1,1,0
3936640,32,1,0,1
450896,32,1,0,1
3008328,32,1,0,1
949672,32,1,0,1
8338512,32,1,0,1
3805744,32,1,0,1
382992,32,1,0,1
7251616,32,1,1,0
766944,32,1,0,1
3325192,32,1,1,0
6092288,32,1,1,0
5426488,32,1,1,0
2445488,32,1,0,1
1977184,32,1,0,1
1991888,32,1,0,1
2109128,32,1,1,0
1095848,32,1,1,0
4382392,32,1,0,1
922296,32,1,1,0
1792400,32,1,0,1
2146656,32,1,0,1
3373448,32,1,1,0
6547976,32,1,0,1
1729432,32,1,1,0
1663488,32,1,1,0
3617592,32,1,0,1
4497184,32,1,0,1
6915608,32,1,0,1
213448,32,1,1,0
8211680,32,1,1,0
5403920,32,1,0,1
1654384,32,1,1,0
6448840,32,1,1,0
588184,32,1,0,1
329776,32,1,1,0
2968048,32,1,1,0
7649184,32,1,1,0
2585560,32,1,0,1
6576992,32,1,0,1
7595656,32,1,0,1
1187352,32,1,1,0
1674056,32,1,1,0
1496224,32,1,0,1
1559312,32,1,1,0
437768,32,1,1,0
3445760,32,1,0,1
5942032,32,1,0,1
4768736,32,1,1,0
4038480,32,1,1,0
3829240,32,1,1,0
1553928,32,1,0,1
436056,32,1,0,1
3511952,32,1,0,1
1772352,32,1,0,1
5610736,32,1,0,1
1144304,32,1,1,0
4511560,32,1,1,0
4314560,32,1,1,0
8225992,32,1,1,0
6319032,32,1,1,0
1796480,32,1,1,0
2527208,32,1,0,1
5117312,32,1,1,0
2813432,32,1,1,0
700704,33,1,0,1
342584,33,1,1,0
817008,33,1,0,1
6489920,33,1,1,0
2391000,33,1,0,1
1110584,33,1,1,0
3408960,33,1,0,1
2656968,33,1,0,1
5680864,33,1,1,0
6739096,33,1,0,1
873296,33,1,0,1
778000,33,1,0,1
2499992,33,1,1,0
6931640,33,1,1,0
378328,33,1,0,1
7089304,33,1,0,1
3171992,33,1,0,1
1469008,33,1,1,0
1489200,33,1,1,0
3628312,33,1,1,0
1736952,33,1,1,0
167608,33,1,1,0
4371024,33,1,1,0
1269832,33,1,0,1
1373888,33,1,0,1
3338520,33,1,1,0
6120168,33,1,0,1
2881272,33,1,0,1
1096360,33,1,1,0
409496,33,1,0,1
1336320,33,1,1,0
2852184,33,1,0,1
2224400,33,1,0,1
3269608,33,1,0,1
2184888,33,1,1,0
368776,33,1,0,1
4119792,33,1,0,1
7256832,33,1,0,1
1090416,33,1,0,1
4242760,33,1,0,1
2269136,33,1,1,0
2352536,33,1,0,1
5247224,33,1,0,1
219192,33,1,1,0
1734248,33,1,0,1
5722768,33,1,1,0
1473072,33,1,1,0
196632,33,1,1,0
1993544,33,1,0,1
242568,33,1,0,1
3574672,33,1,0,1
4990384,33,1,0,1
1362960,33,1,1,0
364960,33,1,1,0
7860680,33,1,1,0
6045520,33,1,0,1
1673672,33,1,0,1
672552,33,1,0,1
1443960,33,1,0,1
2545320,33,1,1,0
2402560,33,1,0,1
329424,33,1,0,1
378808,33,1,0,1
854760,33,1,1,0
2264336,33,1,0,1
1917520,33,1,1,0
2179032,33,1,1,0
400528,33,1,1,0
3893152,33,1,0,1
899904,33,1,1,0
4813736,33,1,0,1
3256584,33,1,1,0
3392616,33,1,1,0
4181744,33,1,0,1
1470096,33,1,0,1
3200248,33,1,1,0
4831208,33,1,0,1
3748088,33,1,0,1
1003800,33,1,0,1
6607416,33,1,1,0
3978344,33,1,1,0
2030360,33,1,0,1
4539608,33,1,0,1
1367992,33,1,0,1
454688,33,1,0,1
413120,33,1,1,0
5300728,33,1,0,1
3310504,33,1,1,0
5485856,33,1,0,1
862568,33,1,1,0
4709392,33,1,0,1
1465472,33,1,0,1
1329672,33,1,0,1
3927176,33,1,0,1
8268776,33,1,1,0
1369392,33,1,1,0
979248,33,1,0,1
1850176,33,1,0,1
466976,33,1,1,0
2523728,33,1,0,1
4480744,33,1,0,1
7776272,33,1,1,0
3215624,33,1,1,0
301208,33,1,0,1
768800,33,1,0,1
1333096,33,1,0,1
3736160,33,1,1,0
300648,33,1,0,1
142856,33,1,0,1
5115712,33,1,0,1
204904,33,1,1,0
492088,33,1,0,1
1158840,33,1,0,1
328024,33,1,1,0
1793368,33,1,0,1
2726280,33,1,0,1
1706064,33,1,0,1
1633248,33,1,1,0
3945200,33,1,1,0
1106408,33,1,1,0
4033872,33,1,1,0
2035032,33,1,0,1
2204928,33,1,1,0
6440256,33,1,0,1
4859160,33,1,0,1
1277672,33,1,0,1
304856,33,1,1,0
3110160,33,1,0,1
1855624,33,1,0,1
1718888,33,1,1,0
7825432,33,1,0,1
1251360,33,1,1,0
519416,33,1,0,1
615224,33,1,1,0
832144,33,1,1,0
7295432,33,1,1,0
4043712,33,1,0,1
354232,33,1,0,1
7690720,33,1,1,0
531624,33,1,0,1
4158144,33,1,0,1
5211880,33,1,1,0
625432,33,1,1,0
4869184,33,1,0,1
5742248,33,1,0,1
2518936,33,1,0,1
4094120,33,1,0,1
1982632,33,1,1,0
3988200,33,1,0,1
434488,33,1,1,0
4052080,33,1,1,0
1747496,33,1,1,0
1488544,33,1,1,0
5222400,33,1,0,1
1243680,33,1,0,1
914728,33,1,1,0
6303472,33,1,1,0
5336720,33,1,1,0
662408,33,1,1,0
7131280,33,1,0,1
1959424,33,1,0,1
4144056,33,1,1,0
624704,33,1,1,0
1976904,33,1,1,0
1295440,33,1,0,1
1526672,33,1,1,0
3470952,33,1,0,1
6284720,33,1,1,0
878472,33,1,1,0
7594856,33,1,0,1
831816,33,1,1,0
2876608,33,1,0,1
5084024,33,1,1,0
5333584,33,1,1,0
7741344,33,1,1,0
707256,33,1,0,1
1309480,33,1,0,1
1793720,33,1,1,0
568952,33,1,0,1
6869776,33,1,1,0
3170016,33,1,0,1
2306168,33,1,1,0
8016312,33,1,1,0
2500792,33,1,0,1
5229272,33,1,0,1
652872,33,1,1,0
918632,33,1,1,0
3580352,33,1,0,1
1685072,33,1,1,0
1795672,33,1,1,0
6715856,33,1,0,1
567120,33,1,0,1
6006624,33,1,1,0
2531280,33,1,1,0
7492960,33,1,0,1
424000,33,1,0,1
1231360,33,1,0,1
7199744,33,1,0,1
6129456,33,1,1,0
2408296,33,1,1,0
6790176,33,1,1,0
1759536,33,1,0,1
5320328,33,1,0,1
5607920,33,1,0,1
2876552,33,1,0,1
1349136,33,1,1,0
707144,33,1,0,1
4798520,33,1,1,0
832792,33,1,0,1
335904,33,1,0,1
3480080,33,1,0,1
3185208,33,1,1,0
1251000,33,1,0,1
6611600,33,1,0,1
3348944,33,1,0,1
1251456,33,1,0,1
1900416,33,1,1,0
1419864,33,1,0,1
2842696,33,1,0,1
468680,33,1,1,0
2640712,33,1,0,1
3671384,33,1,0,1
6010840,33,1,0,1
941712,33,1,1,0
2899056,33,1,0,1
165192,33,1,0,1
1194672,33,1,1,0
1840696,33,1,1,0
512200,33,1,0,1
7400560,33,1,0,1
4529848,33,1,1,0
1065864,33,1,0,1
1043520,33,1,1,0
1236904,33,1,1,0
6648808,33,1,0,1
222672,33,1,0,1
4720896,33,1,1,0
749848,33,1,0,1
8294504,33,1,1,0
3607488,33,1,0,1
946496,33,1,1,0
2094184,33,1,0,1
3473224,33,1,0,1
4347392,33,1,0,1
2034728,33,1,0,1
2676320,33,1,1,0
809536,33,1,0,1
1381016,33,1,1,0
240792,33,1,0,1
3980840,33,1,1,0
4657808,33,1,0,1
3133320,33,1,0,1
3375728,33,1,1,0
3202816,33,1,0,1
2873744,33,1,0,1
1489152,33,1,0,1
2025720,33,1,1,0
199824,33,1,1,0
7413568,33,1,1,0
5950992,33,1,0,1
865344,33,1,1,0
824680,33,1,0,1
440496,33,1,1,0
1293544,33,1,0,1
1888080,33,1,0,1
3169232,33,1,0,1
1962048,33,1,1,0
7069296,33,1,1,0
7287288,33,1,1,0
2621392,33,1,1,0
5840200,33,1,1,0
2619192,33,1,1,0
3366456,33,1,0,1
1460584,33,1,0,1
2778536,33,1,0,1
105560,33,1,0,1
891600,33,1,1,0
7752624,33,1,0,1
1228912,33,1,0,1
4872896,33,1,0,1
3834904,33,1,1,0
7386752,33,1,1,0
3779968,33,1,0,1
506688,33,1,0,1
917544,33,1,0,1
3825216,33,1,0,1
231360,33,1,0,1
6874856,33,1,1,0
3439392,33,1,1,0
759736,33,1,0,1
676000,33,1,1,0
809048,33,1,1,0
1546592,33,1,0,1
7132400,33,1,1,0
5560720,33,1,0,1
668736,33,1,0,1
554456,33,1,1,0
423376,33,1,0,1
188960,33,1,1,0
7912192,33,1,0,1
3134008,33,1,1,0
7479992,33,1,1,0
4935352,33,1,0,1
4568376,33,1,1,0
4147208,33,1,0,1
1829136,33,1,1,0
2441584,33,1,0,1
927808,33,1,0,1
790984,33,1,1,0
2817456,33,1,0,1
5552776,33,1,1,0
3766624,33,1,1,0
5954456,33,1,0,1
3447192,33,1,1,0
464416,33,1,1,0
1305728,33,1,0,1
1195648,33,1,0,1
2532688,33,1,0,1
2310096,33,1,0,1
2695800,33,1,0,1
3546304,33,1,0,1
2491120,33,1,1,0
8372912,33,1,1,0
1026672,33,1,1,0
1123152,33,1,0,1
6511088,33,1,1,0
948720,33,1,1,0
336560,33,1,1,0
7119872,33,1,0,1
704648,33,1,1,0
6148936,33,1,1,0
1682472,33,1,0,1
1009976,33,1,0,1
749792,33,1,0,1
4406984,33,1,1,0
132224,33,1,1,0
4512624,33,1,1,0
287128,33,1,0,1
6677792,33,1,1,0
5445512,33,1,0,1
4846576,33,1,0,1
872576,33,1,0,1
1451880,33,1,1,0
4431664,33,1,0,1
7933632,33,1,1,0
6335200,33,1,0,1
1462968,33,1,0,1
7057384,33,1,1,0
476048,33,1,1,0
2795600,33,1,1,0
331392,33,1,1,0
785728,33,1,0,1
3583216,33,1,1,0
3883104,33,1,0,1
104488,33,1,1,0
1684688,33,1,0,1
7872208,33,1,1,0
2833304,33,1,1,0
7346880,33,1,1,0
1849192,33,1,1,0
2715200,33,1,1,0
4201496,33,1,1,0
3051264,33,1,1,0
7609720,33,1,0,1
8275208,33,1,0,1
7543128,33,1,0,1
622160,33,1,1,0
2221016,33,1,0,1
621664,33,1,1,0
542840,33,1,0,1
4533936,33,1,1,0
1602664,33,1,1,0
4712456,33,1,0,1
2018520,33,1,0,1
7533144,33,1,0,1
653696,33,1,1,0
2438352,33,1,1,0
187952,33,1,1,0
635648,33,1,1,0
1403448,33,1,1,0
185752,33,1,0,1
2153160,33,1,1,0
4327416,33,1,1,0
151744,33,1,1,0
4382400,33,1,0,1
2465360,33,1,1,0
2584296,33,1,0,1
7629616,33,1,0,1
3752744,33,1,0,1
966176,33,1,0,1
6411440,33,1,1,0
457792,33,1,1,0
548920,33,1,0,1
5441112,33,1,0,1
2539592,33,1,0,1
3879200,33,1,1,0
3240280,33,1,1,0
1164048,33,1,0,1
1226680,33,1,1,0
7374600,33,1,1,0
2478264,33,1,0,1
1437480,33,1,1,0
5198488,33,1,1,0
560920,33,1,1,0
2525080,33,1,0,1
7340496,33,1,1,0
4968992,33,1,1,0
1037688,33,1,0,1
5921928,33,1,1,0
5857768,33,1,0,1
2698976,33,1,0,1
1589880,33,1,0,1
1688712,33,1,1,0
2342904,33,1,1,0
4200448,33,1,1,0
1572120,33,1,0,1
919968,33,1,0,1
7399528,33,1,1,0
831840,33,1,1,0
1869320,33,1,0,1
5051288,33,1,0,1
2153984,33,1,1,0
2112680,33,1,0,1
1049960,33,1,1,0
1669936,33,1,0,1
1423672,33,1,0,1
1899736,33,1,0,1
1392088,33,1,1,0
6099184,33,1,1,0
447680,33,1,1,0
2321368,33,1,1,0
639656,33,1,1,0
2293384,33,1,0,1
6252104,33,1,0,1
2820680,33,1,0,1
4061920,33,1,1,0
5203240,33,1,1,0
4651496,33,1,1,0
4884720,33,1,1,0
576608,33,1,0,1
1573072,33,1,1,0
140144,33,1,1,0
3723464,33,1,1,0
6040032,33,1,0,1
2000296,33,1,1,0
1254224,33,1,1,0
7094464,33,1,0,1
1254080,33,1,1,0
8140512,33,1,0,1
2364200,33,1,0,1
1758848,33,1,1,0
973264,33,1,0,1
7447136,33,1,0,1
6203000,33,1,1,0
942192,33,1,1,0
849456,33,1,0,1
4374176,33,1,1,0
4334728,33,1,1,0
254440,33,1,1,0
2078640,33,1,1,0
1707904,33,1,0,1
1603936,33,1,0,1
6716552,33,1,1,0
105992,33,1,1,0
2768264,33,1,1,0
1098568,33,1,1,0
3512544,33,1,1,0
1622440,33,1,1,0
1141856,33,1,0,1
2928552,33,1,1,0
390520,33,1,0,1
1899392,33,1,0,1
2622000,33,1,1,0
629656,33,1,1,0
2898856,33,1,0,1
5769048,33,1,0,1
204824,33,1,0,1
4587800,33,1,0,1
3583344,33,1,0,1
3828040,33,1,1,0
1691840,33,1,1,0
2395552,33,1,1,0
811520,33,1,0,1
8305936,33,1,1,0
3808856,33,1,0,1
2739624,33,1,0,1
252760,33,1,0,1
533712,33,1,0,1
1918944,33,1,1,0
822840,33,1,1,0
6198640,33,1,0,1
7022272,33,1,0,1
2863664,33,1,0,1
986720,33,1,0,1
7075128,33,1,1,0
1804296,33,1,0,1
1008024,33,1,0,1
1850120,33,1,1,0
1504936,33,1,1,0
4434680,33,1,1,0
4692784,33,1,0,1
5723888,33,1,0,1
2673512,33,1,1,0
2437928,33,1,1,0
1226104,33,1,1,0
6842216,33,1,1,0
1470664,33,1,0,1
113720,33,1,1,0
2962760,33,1,1,0
6383176,33,1,0,1
230352,33,1,0,1
829840,33,1,0,1
3297392,33,1,1,0
375192,33,1,1,0
2714048,33,1,1,0
1669528,33,1,1,0
6821176,33,1,1,0
2027032,33,1,1,0
6061712,33,1,1,0
5895640,33,1,0,1
5245776,33,1,1,0
1422168,33,1,0,1
6233152,33,1,1,0
6535944,33,1,0,1
2881152,33,1,1,0
6097120,33,1,0,1
1247016,33,1,0,1
6108480,33,1,0,1
179624,33,1,0,1
1893224,33,1,1,0
1423024,33,1,1,0
2797176,33,1,1,0
2366440,33,1,1,0
6377776,33,1,1,0
254320,33,1,1,0
1813872,33,1,0,1
1573824,33,1,1,0
1003344,33,1,0,1
1636504,33,1,0,1
4896280,33,1,0,1
1810240,33,1,0,1
3038408,33,1,0,1
3596152,33,1,1,0
2889672,33,1,1,0
730160,33,1,1,0
3977000,33,1,0,1
2472792,33,1,0,1
190304,33,1,0,1
7601104,33,1,0,1
664952,33,1,0,1
1058104,33,1,0,1
5287104,33,1,0,1
542208,33,1,1,0
2150792,33,1,1,0
1359264,33,1,1,0
735584,33,1,1,0
2494336,33,1,0,1
6779992,33,1,0,1
4843704,33,1,0,1
2823000,33,1,1,0
6743712,33,1,1,0
486224,33,1,0,1
1091264,33,1,1,0
1099784,33,1,0,1
927024,33,1,1,0
905008,33,1,0,1
2574408,33,1,0,1
4324048,33,1,1,0
6157448,33,1,0,1
2633032,33,1,1,0
6292888,33,1,1,0
1756008,33,1,1,0
7706640,33,1,1,0
7424592,33,1,0,1
633584,33,1,0,1
3303600,33,1,0,1
4196248,33,1,1,0
319680,33,1,1,0
4485176,33,1,0,1
494584,33,1,1,0
7275376,33,1,0,1
1938808,33,1,0,1
2080656,33,1,1,0
145160,33,1,1,0
136528,33,1,0,1
6675816,33,1,1,0
1557896,33,1,1,0
1918080,33,1,1,0
8292480,33,1,0,1
3415656,33,1,0,1
1384216,33,1,0,1
279496,33,1,0,1
1907000,33,1,1,0
635984,33,1,1,0
5689008,33,1,0,1
4415120,33,1,0,1
120408,33,1,0,1
2168688,33,1,1,0
2074808,33,1,1,0
834312,33,1,1,0
2260632,33,1,1,0
1214312,33,1,0,1
7075824,33,1,0,1
355600,33,1,1,0
774048,33,1,0,1
729128,33,1,1,0
516400,33,1,1,0
1655648,33,1,0,1
1355568,33,1,0,1
3246904,33,1,0,1
516392,33,1,1,0
3720400,33,1,1,0
338112,33,1,1,0
320192,33,1,0,1
4815024,33,1,1,0
2730912,33,1,0,1
4446312,33,1,0,1
1209576,33,1,1,0
1142520,33,1,1,0
5889344,33,1,1,0
443432,33,1,0,1
4276160,33,1,0,1
1040096,33,1,1,0
1974672,33,1,1,0
4999464,33,1,0,1
803536,33,1,0,1
1498032,33,1,1,0
4158264,33,1,1,0
631120,33,1,0,1
3264632,33,1,1,0
2930424,33,1,1,0
648608,33,1,0,1
1372800,33,1,0,1
1741736,33,1,0,1
1429336,33,1,1,0
1447560,33,1,0,1
5494928,33,1,0,1
7180368,33,1,0,1
494008,33,1,1,0
4899520,33,1,1,0
2918256,33,1,0,1
7640632,33,1,0,1
2870600,33,1,1,0
2376064,33,1,0,1
1331168,33,1,0,1
2621816,33,1,1,0
429728,33,1,0,1
815856,33,1,1,0
5191440,33,1,1,0
3609168,33,1,1,0
4331136,33,1,0,1
3645176,33,1,1,0
6167688,33,1,0,1
483384,33,1,1,0
3092560,33,1,0,1
1333200,33,1,1,0
518368,33,1,0,1
4333560,33,1,1,0
3995400,33,1,0,1
4162176,33,1,1,0
2908128,33,1,1,0
1569096,33,1,1,0
374032,33,1,0,1
611968,33,1,0,1
2150568,33,1,1,0
90664,33,1,1,0
2329248,33,1,1,0
1052824,33,1,1,0
1829856,33,1,1,0
4323888,33,1,1,0
1639640,33,1,1,0
1367912,33,1,1,0
2138656,33,1,1,0
7320432,33,1,1,0
6681648,33,1,1,0
1361224,33,1,0,1
732352,33,1,1,0
3319408,33,1,0,1
3500432,33,1,1,0
1081928,33,1,1,0
3479864,33,1,0,1
6157760,33,1,1,0
642624,33,1,1,0
6130200,33,1,1,0
1963416,33,1,0,1
2747608,33,1,1,0
6025384,33,1,1,0
958688,33,1,1,0
3539888,33,1,0,1
116744,33,1,0,1
441800,33,1,1,0
322600,33,1,1,0
431160,33,1,1,0
2449816,33,1,0,1
6118928,33,1,0,1
2089288,33,1,0,1
445560,33,1,1,0
496984,33,1,1,0
3091216,33,1,1,0
1538296,33,1,1,0
6565984,33,1,0,1
6117624,33,1,0,1
5934096,33,1,1,0
751496,33,1,0,1
8081008,33,1,1,0
225792,33,1,1,0
1707512,33,1,1,0
136192,33,1,1,0
5150072,33,1,0,1
3306888,33,1,1,0
416920,33,1,0,1
5225872,33,1,1,0
482384,33,1,0,1
779760,33,1,0,1
1844024,33,1,1,0
5392352,33,1,1,0
6253224,33,1,1,0
1334872,33,1,0,1
426696,33,1,1,0
913024,33,1,0,1
6391720,33,1,1,0
1965600,33,1,1,0
1670928,33,1,1,0
2892944,33,1,1,0
2252976,33,1,0,1
7408496,33,1,1,0
1166000,33,1,1,0
6058360,33,1,1,0
2566168,33,1,1,0
8380376,33,1,1,0
903880,33,1,1,0
7107296,33,1,1,0
1597168,33,1,0,1
3370624,33,1,0,1
923136,33,1,0,1
5661744,33,1,1,0
2376744,33,1,1,0
7393776,33,1,1,0
2958952,33,1,1,0
376384,33,1,1,0
1672280,33,1,0,1
5265288,33,1,1,0
5400680,33,1,1,0
2728584,33,1,0,1
4591272,33,1,0,1
782064,33,1,0,1
480760,33,1,0,1
2016328,33,1,0,1
4581080,33,1,0,1
5773768,33,1,1,0
5381416,33,1,0,1
309032,33,1,0,1
1874968,33,1,1,0
1594136,33,1,0,1
744296,33,1,1,0
6757144,33,1,1,0
2829952,33,1,0,1
8091648,33,1,1,0
1047736,33,1,1,0
2390504,33,1,1,0
4592144,33,1,1,0
3397152,33,1,1,0
1780144,33,1,0,1
1567632,33,1,1,0
4312712,33,1,0,1
897640,33,1,1,0
996328,33,1,0,1
6791200,33,1,1,0
866376,33,1,0,1
1991320,33,1,0,1
273336,33,1,0,1
3537376,33,1,0,1
4272384,33,1,0,1
1427144,33,1,1,0
4965128,33,1,0,1
3836136,33,1,0,1
3808896,33,1,1,0
241384,33,1,0,1
2098856,33,1,0,1
1581120,33,1,1,0
1455432,33,1,0,1
5515008,33,1,1,0
2407040,33,1,0,1
1860440,33,1,1,0
364512,33,1,1,0
2413080,33,1,1,0
958136,33,1,0,1
2401704,33,1,0,1
7163848,33,1,1,0
1031864,33,1,1,0
6604408,33,1,1,0
2266224,33,1,0,1
6108376,33,1,0,1
2098416,33,1,1,0
4733016,33,1,0,1
1697544,33,1,0,1
656048,33,1,0,1
529632,33,1,1,0
5871688,33,1,0,1
7821704,33,1,1,0
599088,33,1,0,1
6626328,33,1,1,0
4267544,33,1,0,1
4308536,33,1,1,0
3058952,33,1,0,1
1210544,33,1,0,1
6143784,33,1,0,1
210976,33,1,0,1
7440280,33,1,1,0
6176904,33,1,0,1
1381904,33,1,0,1
6708224,33,1,0,1
4668144,33,1,0,1
7752928,33,1,0,1
4645272,33,1,0,1
333072,33,1,1,0
7677248,33,1,1,0
138816,33,1,1,0
2951368,33,1,0,1
915208,33,1,1,0
6086288,33,1,0,1
4412392,33,1,0,1
7118656,33,1,0,1
1100488,33,1,1,0
596288,33,1,1,0
8319424,33,1,0,1
4804392,33,1,0,1
3331120,33,1,1,0
492104,33,1,1,0
1257424,33,1,1,0
3729240,33,1,1,0
3545448,33,1,0,1
3586224,33,1,1,0
6539792,33,1,1,0
5548088,33,1,0,1
5390720,33,1,1,0
3077432,33,1,0,1
1665880,33,1,1,0
7817424,33,1,0,1
2272528,33,1,0,1
344000,33,1,0,1
1751088,33,1,1,0
790880,33,1,0,1
4249744,33,1,0,1
3957600,33,1,1,0
7845352,33,1,0,1
3992648,33,1,0,1
2240096,33,1,1,0
3432608,33,1,1,0
7751456,33,1,0,1
4625464,33,1,0,1
4139328,33,1,0,1
1884496,33,1,0,1
1233704,33,1,0,1
3041136,33,1,0,1
6535360,33,1,0,1
756184,33,1,1,0
7124472,33,1,1,0
1581888,33,1,1,0
2926896,33,1,0,1
3441768,33,1,0,1
201896,33,1,0,1
415696,33,1,0,1
1019696,33,1,1,0
2877120,33,1,0,1
2077240,33,1,0,1
8223704,33,1,0,1
6408360,33,1,0,1
4628872,33,1,0,1
3638552,33,1,0,1
1132032,33,1,1,0
3778832,33,1,1,0
1315848,33,1,1,0
2392256,33,1,1,0
7150880,33,1,1,0
1187992,33,1,1,0
1266808,33,1,1,0
1625248,33,1,0,1
1380536,33,1,0,1
1687384,33,1,0,1
679192,33,1,1,0
3147864,33,1,1,0
7803504,33,1,0,1
1008072,33,1,0,1
7518848,33,1,1,0
7498032,33,1,1,0
2793784,33,1,0,1
5926568,33,1,0,1
7392888,33,1,1,0
5303936,33,1,1,0
1099392,33,1,1,0
662368,33,1,1,0
347440,33,1,1,0
198672,33,1,1,0
879472,33,1,0,1
845920,33,1,1,0
2568808,33,1,0,1
405136,33,1,0,1
5044440,33,1,0,1
4616040,33,1,0,1
2238984,33,1,1,0
6599944,33,1,0,1
1297112,33,1,1,0
8371392,33,1,0,1
217048,33,1,0,1
1040776,33,1,0,1
2951192,33,1,1,0
140360,33,1,1,0
890768,33,1,1,0
741856,33,1,0,1
4005120,33,1,1,0
581960,33,1,0,1
2425504,33,1,1,0
1125960,33,1,1,0
2316872,33,1,1,0
1417256,33,1,1,0
877056,33,1,0,1
7898032,33,1,0,1
7265768,33,1,1,0
525640,33,1,0,1
122704,33,1,0,1
2998464,33,1,1,0
1812248,33,1,1,0
3134744,33,1,1,0
241128,33,1,0,1
5503064,33,1,0,1
649808,33,1,0,1
546640,33,1,1,0
238712,33,1,0,1
2569656,33,1,1,0
3907680,33,1,0,1
297400,33,1,1,0
5507800,33,1,0,1
2165840,33,1,0,1
7869760,33,1,1,0
5757368,33,1,0,1
5705352,33,1,1,0
1006152,33,1,0,1
3152616,33,1,0,1
1769536,33,1,1,0
223136,33,1,1,0
1179040,33,1,1,0
2047696,33,1,1,0
7690944,33,1,1,0
2967608,33,1,0,1
321920,33,1,1,0
3198776,33,1,1,0
1566592,33,1,1,0
3608144,33,1,0,1
320776,33,1,0,1
4839072,33,1,1,0
1193424,33,1,0,1
598344,33,1,0,1
3321976,33,1,0,1
7865456,33,1,0,1
3228872,33,1,1,0
1897008,33,1,0,1
2015880,33,1,1,0
2609744,33,1,1,0
295000,33,1,0,1
1009896,33,1,0,1
4922056,33,1,0,1
2062056,33,1,1,0
2293880,33,1,0,1
226400,33,1,0,1
1947152,33,1,0,1
652936,33,1,1,0
1419792,33,1,1,0
1095680,33,1,1,0
2325312,33,1,1,0
223848,33,1,1,0
5583344,33,1,0,1
748512,33,1,0,1
3100160,33,1,0,1
1022248,33,1,0,1
2824456,33,1,0,1
303544,33,1,1,0
6661288,33,1,0,1
765080,33,1,1,0
2332120,33,1,1,0
1814232,33,1,1,0
1881264,33,1,1,0
2680760,33,1,0,1
764632,33,1,0,1
8017472,33,1,0,1
5078504,33,1,0,1
7854800,33,1,0,1
845712,33,1,1,0
623320,33,1,1,0
324472,33,1,0,1
1642744,33,1,0,1
786032,33,1,0,1
3052616,33,1,0,1
3813952,33,1,0,1
2898352,33,1,0,1
1125328,33,1,1,0
382216,33,1,1,0
495416,33,1,1,0
3773648,33,1,1,0
923848,33,1,1,0
430968,33,1,0,1
331152,33,1,1,0
2973184,33,1,1,0
494048,33,1,1,0
1978432,33,1,1,0
5238408,33,1,1,0
7445592,33,1,1,0
1313064,33,1,0,1
958936,33,1,0,1
1587744,33,1,0,1
6991656,33,1,1,0
2200288,33,1,1,0
1125016,33,1,0,1
952200,33,1,0,1
746056,33,1,1,0
3002568,33,1,0,1
6212352,33,1,0,1
698384,33,1,0,1
1805088,33,1,0,1
4421128,33,1,0,1
3801288,33,1,1,0
438792,33,1,0,1
3263760,33,1,1,0
864016,33,1,0,1
7399368,33,1,1,0
4165576,33,1,1,0
3099272,33,1,0,1
1772328,33,1,1,0
5667520,33,1,0,1
599256,33,1,0,1
1468152,33,1,0,1
329984,33,1,1,0
2137520,33,1,0,1
1526616,33,1,0,1
7902264,33,1,0,1
4080512,33,1,0,1
659592,33,1,0,1
4320296,33,1,0,1
5038888,33,1,0,1
4181760,33,1,1,0
264056,33,1,0,1
7577168,33,1,0,1
2341040,33,1,1,0
4968712,33,1,0,1
1941672,33,1,1,0
1435080,33,1,1,0
2604016,33,1,1,0
1838288,33,1,1,0
275912,33,1,0,1
960336,33,1,1,0
350920,33,1,1,0
4570048,33,1,0,1
2157888,33,1,0,1
5684088,33,1,1,0
201712,33,1,0,1
931528,33,1,1,0
6820848,33,1,1,0
6471880,33,1,0,1
4474440,33,1,1,0
6753016,33,1,1,0
6071088,33,1,1,0
6827088,33,1,0,1
225648,33,1,0,1
6683424,33,1,0,1
3273864,33,1,1,0
4113904,33,1,0,1
4438608,33,1,0,1
2677160,33,1,1,0
4012144,33,1,1,0
7019480,33,1,0,1
450096,33,1,0,1
1566544,33,1,0,1
6353624,33,1,1,0
6440944,33,1,1,0
4849592,33,1,1,0
1060400,33,1,0,1
890736,33,1,0,1
2059880,33,1,0,1
4992928,33,1,0,1
3051512,33,1,0,1
2798952,33,1,1,0
1291304,33,1,1,0
3970160,33,1,0,1
6998624,33,1,0,1
8250960,33,1,1,0
2776472,33,1,1,0
5684832,33,1,1,0
611280,33,1,1,0
1396568,33,1,1,0
1162752,33,1,1,0
189544,33,1,0,1
5275504,33,1,1,0
512072,33,1,1,0
2388864,33,1,0,1
419136,33,1,0,1
2545408,33,1,1,0
4928072,33,1,0,1
4969920,33,1,1,0
341280,33,1,0,1
5529480,33,1,1,0
4708616,33,1,0,1
1576896,33,1,0,1
541512,33,1,0,1
283712,33,1,1,0
6633104,33,1,0,1
404496,33,1,1,0
253896,33,1,1,0
770464,33,1,1,0
1853512,33,1,1,0
2887416,33,1,0,1
1869312,33,1,0,1
6314568,33,1,0,1
7975624,33,1,1,0
455512,33,1,1,0
7236120,33,1,0,1
3370056,33,1,0,1
672320,33,1,1,0
4897392,33,1,1,0
5164528,33,1,1,0
1688904,33,1,0,1
3506024,33,1,1,0
5118896,33,1,1,0
7149080,33,1,1,0
2224504,33,1,1,0
607560,33,1,0,1
2333672,33,1,0,1
263712,33,1,1,0
5232400,33,1,0,1
4104288,33,1,0,1
337032,33,1,0,1
8211872,33,1,1,0
5654256,33,1,0,1
7258968,33,1,0,1
1063768,33,1,0,1
1268816,33,1,1,0
1059112,33,1,1,0
1621968,33,1,0,1
1497328,33,1,1,0
5678920,33,1,0,1
1827680,33,1,1,0
1512736,33,1,1,0
249792,33,1,1,0
2043856,33,1,0,1
567744,33,1,0,1
1651224,33,1,1,0
7497680,33,1,1,0
307016,33,1,0,1
2883600,33,1,1,0
497784,33,1,0,1
174928,33,1,0,1
1617968,33,1,0,1
488088,33,1,0,1
344136,33,1,1,0
931072,33,1,0,1
4581792,33,1,0,1
2062216,33,1,0,1
615464,33,1,0,1
4805296,33,1,0,1
1367144,33,1,0,1
5477584,33,1,0,1
3900088,33,1,0,1
1549672,33,1,1,0
3156696,33,1,1,0
7284552,33,1,0,1
965872,33,1,1,0
4482936,33,1,1,0
5009408,33,1,0,1
2646864,33,1,0,1
1072232,33,1,1,0
875592,33,1,1,0
2378200,33,1,1,0
7889752,33,1,0,1
3004208,33,1,1,0
3069200,33,1,0,1
774616,33,1,1,0
7697536,33,1,0,1
805840,33,1,1,0
6534864,33,1,0,1
987592,33,1,1,0
6455688,33,1,0,1
8352080,33,1,0,1
5145384,33,1,1,0
5329248,33,1,0,1
3556160,33,1,0,1
5748952,33,1,1,0
413952,33,1,0,1
2757392,33,1,1,0
3152936,33,1,0,1
8086824,33,1,0,1
2191600,33,1,1,0
5350192,33,1,0,1
7028624,33,1,1,0
7685264,33,1,0,1
5404224,33,1,1,0
3020880,33,1,1,0
1526976,33,1,0,1
3917920,33,1,0,1
3467072,33,1,0,1
5518416,33,1,0,1
1979464,33,1,1,0
1377664,33,1,1,0
7880824,33,1,0,1
3545104,33,1,0,1
1209200,33,1,1,0
1147976,33,1,1,0
2284704,33,1,1,0
981480,33,1,1,0
1679952,33,1,1,0
8340752,33,1,0,1
2425520,33,1,0,1
2456232,33,1,1,0
2459968,33,1,1,0
5926752,33,1,0,1
6826896,33,1,0,1
497736,33,1,1,0
349888,33,1,0,1
1384904,33,1,1,0
4043760,33,1,0,1
1119032,33,1,1,0
4412952,33,1,1,0
284496,33,1,0,1
2421408,33,1,1,0
565840,33,1,1,0
730656,33,1,0,1
322048,33,1,0,1
2163672,33,1,1,0
889376,33,1,0,1
4630192,33,1,0,1
1486736,33,1,0,1
7930640,33,1,0,1
6315992,33,1,1,0
4733392,33,1,1,0
818896,33,1,1,0
1653864,33,1,0,1
5253352,33,1,1,0
1385808,33,1,0,1
7486480,33,1,0,1
7562992,33,1,0,1
3676528,33,1,0,1
1020552,33,1,0,1
609504,33,1,1,0
4770784,33,1,1,0
4430912,33,1,0,1
2391960,33,1,0,1
1550064,33,1,0,1
4744824,33,1,0,1
858744,33,1,1,0
721616,33,1,1,0
523728,33,1,0,1
6116856,33,1,0,1
5590592,33,1,1,0
406976,33,1,0,1
3069232,33,1,0,1
7139448,33,1,0,1
1436120,33,1,0,1
1842560,33,1,0,1
2242264,33,1,0,1
303232,33,1,1,0
4995328,33,1,1,0
5862600,33,1,1,0
1997024,33,1,0,1
342944,33,1,1,0
6216280,33,1,1,0
2815176,33,1,0,1
1551384,33,1,1,0
1689424,33,1,1,0
297696,33,1,1,0
7799184,33,1,1,0
1304672,33,1,0,1
7625960,33,1,0,1
1565560,33,1,1,0
4647512,33,1,1,0
689896,33,1,1,0
2219696,33,1,0,1
2770480,33,1,0,1
7303960,33,1,0,1
2962416,33,1,1,0
497616,33,1,0,1
4270424,33,1,1,0
4839176,33,1,1,0
5945232,33,1,1,0
5470264,33,1,0,1
1019040,33,1,0,1
273712,33,1,0,1
1336280,33,1,1,0
1261208,33,1,0,1
1346784,33,1,0,1
333800,33,1,0,1
4100408,33,1,1,0
5253888,33,1,1,0
2406528,33,1,1,0
1448520,33,1,1,0
536392,33,1,0,1
3401944,33,1,0,1
1670728,33,1,0,1
353360,33,1,1,0
4212776,33,1,1,0
1416584,33,1,1,0
2482456,33,1,0,1
1067856,33,1,1,0
4142200,33,1,0,1
2104760,33,1,1,0
2201304,33,1,1,0
3032456,33,1,1,0
464136,33,1,0,1
7496112,33,1,0,1
7753392,33,1,0,1
6761376,33,1,1,0
405320,33,1,1,0
662496,33,1,1,0
3182280,33,1,0,1
4953920,33,1,0,1
6215536,33,1,1,0
4693440,33,1,0,1
854536,33,1,1,0
4546864,33,1,1,0
878744,33,1,0,1
5914472,33,1,0,1
1808608,33,1,0,1
4052632,33,1,1,0
1442224,33,1,1,0
465704,33,1,1,0
613136,33,1,0,1
2663896,33,1,0,1
515024,33,1,1,0
1607208,33,1,0,1
5572968,33,1,1,0
5026944,33,1,0,1
1783224,33,1,0,1
7378616,33,1,0,1
2919944,33,1,0,1
2499912,33,1,0,1
1332704,33,1,0,1
2318728,33,1,1,0
1916744,33,1,0,1
4143976,33,1,1,0
2751520,33,1,1,0
936752,33,1,0,1
6394696,33,1,0,1
1103720,33,1,0,1
352920,33,1,1,0
5717640,33,1,0,1
444744,33,1,0,1
303032,33,1,1,0
923992,33,1,1,0
6420928,33,1,1,0
3912584,33,1,1,0
3695360,33,1,0,1
1751384,33,1,1,0
4973296,33,1,0,1
6163504,33,1,1,0
5613552,33,1,0,1
2918744,33,1,0,1
651416,33,1,0,1
1185480,33,1,1,0
3395344,33,1,1,0
6936448,33,1,0,1
1468144,33,1,0,1
6494208,33,1,0,1
3411432,33,1,0,1
677504,33,1,0,1
420600,33,1,0,1
7861288,33,1,1,0
1493576,33,1,0,1
2570696,33,1,0,1
1272336,33,1,1,0
6244496,33,1,0,1
2909752,33,1,0,1
6037856,33,1,1,0
4672456,33,1,0,1
3568176,33,1,1,0
1292312,33,1,0,1
5309880,33,1,0,1
1074592,33,1,1,0
501040,33,1,1,0
1063632,33,1,1,0
2369904,33,1,0,1
1601056,33,1,1,0
1223608,33,1,1,0
6011792,33,1,0,1
1391608,33,1,0,1
389064,33,1,1,0
407296,33,1,0,1
4068568,33,1,0,1
6211128,33,1,0,1
8009112,33,1,0,1
5828784,33,1,0,1
8147720,33,1,1,0
3415064,33,1,1,0
2662504,33,1,1,0
3755976,33,1,0,1
204688,33,1,0,1
652544,33,1,1,0
504968,33,1,0,1
1765896,33,1,1,0
138496,33,1,1,0
1769720,33,1,0,1
2435952,33,1,0,1
4355320,33,1,1,0
5703248,33,1,1,0
500648,33,1,1,0
6629064,33,1,0,1
4957528,33,1,1,0
1053744,33,1,0,1
1644872,33,1,1,0
4422384,33,1,1,0
5337456,33,1,0,1
2022824,33,1,1,0
5098800,33,1,0,1
5573256,33,1,1,0
3956256,33,1,1,0
5383776,33,1,1,0
5473312,33,1,1,0
2643416,33,1,1,0
5732672,33,1,0,1
3614504,33,1,0,1
1294240,33,1,0,1
5102376,33,1,1,0
2305936,33,1,1,0
7717408,33,1,1,0
765392,33,1,0,1
5306848,33,1,1,0
2171936,33,1,1,0
3398392,33,1,0,1
7443712,33,1,1,0
3050376,33,1,1,0
3506112,33,1,1,0
1171440,33,1,1,0
485776,33,1,0,1
417936,33,1,0,1
2704784,33,1,1,0
4387296,33,1,1,0
1337136,33,1,0,1
3137504,33,1,0,1
3443880,33,1,0,1
7520616,33,1,1,0
5922952,33,1,0,1
2892296,33,1,0,1
4919976,33,1,1,0
587176,33,1,1,0
7680608,33,1,1,0
479632,33,1,0,1
3083840,33,1,0,1
2547832,33,1,0,1
6874968,33,1,1,0
645072,33,1,1,0
451216,33,1,0,1
7986128,33,1,1,0
2777168,33,1,0,1
972632,33,1,1,0
1822616,33,1,1,0
762944,33,1,0,1
1132664,33,1,1,0
2592112,33,1,1,0
1832920,33,1,0,1
1773808,33,1,1,0
2673760,33,1,0,1
3306952,33,1,0,1
2270016,33,1,0,1
3751312,33,1,0,1
3715544,33,1,0,1
621144,33,1,0,1
123248,33,1,1,0
7859192,33,1,0,1
5551000,33,1,0,1
468432,33,1,0,1
5210304,33,1,1,0
4560992,33,1,0,1
7484744,33,1,0,1
442472,33,1,1,0
425992,33,1,1,0
1514544,33,1,0,1
1355912,33,1,0,1
1307712,33,1,0,1
2714888,33,1,0,1
3541416,33,1,1,0
4878648,33,1,0,1
1385280,33,1,0,1
999824,33,1,1,0
7981464,33,1,0,1
4515168,33,1,1,0
203896,33,1,0,1
6231680,33,1,1,0
254640,33,1,1,0
6195128,33,1,0,1
557960,33,1,0,1
985464,33,1,0,1
4128456,33,1,1,0
1424816,33,1,1,0
4732568,33,1,0,1
4580784,33,1,1,0
863024,33,1,0,1
807952,33,1,1,0
409056,33,1,1,0
2943456,33,1,0,1
2537888,33,1,1,0
2148464,33,1,0,1
3217512,33,1,1,0
2546120,33,1,0,1
258256,33,1,1,0
2308328,33,1,1,0
1185952,33,1,1,0
721720,33,1,0,1
572096,33,1,1,0
6466072,33,1,0,1
2656864,33,1,0,1
3976672,33,1,1,0
1762224,33,1,0,1
653432,33,1,0,1
3279936,33,1,0,1
88888,33,1,1,0
1708552,33,1,0,1
572472,33,1,0,1
5858152,33,1,0,1
1906600,33,1,0,1
1052432,33,1,1,0
1474200,33,1,1,0
122960,33,1,0,1
2618944,33,1,0,1
6663544,33,1,0,1
1018888,33,1,0,1
6391880,33,1,1,0
1533448,33,1,0,1
2147120,33,1,0,1
372568,33,1,0,1
1394656,33,1,0,1
540616,33,1,1,0
757840,33,1,0,1
739024,33,1,1,0
1970688,33,1,1,0
2920544,33,1,0,1
3415672,33,1,1,0
1132352,33,1,0,1
4613880,33,1,0,1
2293480,33,1,1,0
279136,33,1,0,1
1974360,33,1,1,0
2203312,33,1,0,1
2602488,33,1,1,0
1175840,33,1,0,1
5302232,33,1,0,1
3604416,33,1,0,1
562264,33,1,0,1
1574040,33,1,0,1
1361072,33,1,1,0
3228512,33,1,0,1
622384,33,1,0,1
7431272,33,1,1,0
604472,33,1,1,0
690504,33,1,0,1
216664,33,1,1,0
4885872,33,1,0,1
1529720,33,1,1,0
6234448,33,1,0,1
3140304,33,1,1,0
4334032,33,1,1,0
684488,33,1,1,0
7262056,33,1,0,1
3847856,33,1,1,0
1649936,33,1,1,0
4124128,33,1,1,0
537072,33,1,0,1
1537472,33,1,0,1
4782200,33,1,0,1
1616488,33,1,0,1
625416,33,1,0,1
953960,33,1,0,1
1704584,33,1,0,1
6835952,33,1,0,1
678688,33,1,1,0
706816,33,1,0,1
7391096,33,1,0,1
5660960,33,1,0,1
4029792,33,1,0,1
1428512,33,1,0,1
7978912,33,1,1,0
2357312,33,1,0,1
4964688,33,1,0,1
6082432,33,1,1,0
8005832,33,1,0,1
921656,33,1,0,1
1640496,33,1,0,1
435176,33,1,1,0
1770824,33,1,1,0
996056,33,1,0,1
544840,33,1,1,0
1309936,33,1,1,0
1679472,33,1,1,0
1164056,33,1,1,0
2479288,33,1,1,0
4615504,33,1,0,1
536288,33,1,0,1
7155088,33,1,1,0
510376,33,1,1,0
382152,33,1,1,0
426640,33,1,0,1
7360512,33,1,1,0
6647552,33,1,1,0
1787288,33,1,1,0
3611728,33,1,0,1
475088,33,1,0,1
2569736,33,1,0,1
6535064,33,1,1,0
2449392,33,1,0,1
559712,33,1,0,1
960760,33,1,0,1
1297624,33,1,1,0
8165744,33,1,0,1
1645880,33,1,1,0
4342816,33,1,1,0
2583056,33,1,1,0
1818536,33,1,0,1
3598160,33,1,0,1
652920,33,1,0,1
7129432,33,1,0,1
878224,33,1,1,0
1040056,33,1,0,1
608360,33,1,1,0
1826632,33,1,0,1
636176,33,1,1,0
144928,33,1,1,0
7005112,33,1,1,0
678168,33,1,0,1
1502432,33,1,0,1
3990400,33,1,0,1
3560048,33,1,0,1
3650752,33,1,1,0
633840,33,1,0,1
4359904,33,1,0,1
4323624,33,1,0,1
236680,33,1,1,0
6699712,33,1,0,1
491816,33,1,0,1
7764704,33,1,1,0
2689856,33,1,1,0
6931336,33,1,0,1
1363056,33,1,0,1
1804752,33,1,0,1
7805088,33,1,0,1
910440,33,1,0,1
1371864,33,1,0,1
3992912,33,1,1,0
908248,33,1,1,0
622944,33,1,1,0
4172088,33,1,1,0
2555656,33,1,0,1
4267992,33,1,1,0
7509744,33,1,0,1
3345184,33,1,1,0
7693176,33,1,0,1
2776136,33,1,1,0
281464,33,1,0,1
1228584,33,1,0,1
7655264,33,1,1,0
144656,33,1,1,0
3813408,33,1,1,0
3523472,33,1,1,0
376488,33,1,1,0
2724768,33,1,0,1
2264496,33,1,0,1
916072,33,1,0,1
5625560,33,1,0,1
2252520,33,1,1,0
2172552,33,1,1,0
7174576,33,1,1,0
689672,33,1,0,1
313000,33,1,0,1
522832,33,1,0,1
5388864,33,1,0,1
2177984,33,1,0,1
2175000,33,1,0,1
1493176,33,1,0,1
618904,33,1,0,1
2946664,33,1,0,1
7156880,33,1,1,0
6187408,33,1,1,0
2525376,33,1,0,1
7901768,33,1,0,1
3352272,33,1,1,0
380456,33,1,1,0
2362216,33,1,1,0
3795272,33,1,1,0
2870608,33,1,0,1
1222456,33,1,0,1
3172664,33,1,1,0
3694112,33,1,1,0
522768,33,1,0,1
2943672,33,1,0,1
5478168,33,1,0,1
7891544,33,1,1,0
1167488,33,1,0,1
3890456,33,1,1,0
153112,33,1,1,0
7948280,33,1,0,1
5765032,33,1,1,0
3827904,33,1,0,1
1162672,33,1,0,1
7963016,33,1,1,0
4492336,33,1,0,1
1326448,33,1,1,0
152544,33,1,0,1
2550856,33,1,0,1
760640,33,1,1,0
2234144,33,1,1,0
2921056,33,1,0,1
991504,33,1,1,0
4231880,33,1,0,1
2920840,33,1,1,0
2594304,33,1,0,1
3149808,33,1,0,1
470280,33,1,0,1
6327584,33,1,0,1
1147536,33,1,0,1
5214600,33,1,1,0
941576,33,1,0,1
3265480,33,1,1,0
4449360,33,1,0,1
5237336,33,1,0,1
5183560,33,1,0,1
2193328,33,1,0,1
3497704,33,1,1,0
6397504,33,1,1,0
1678640,33,1,1,0
5791424,33,1,0,1
443208,33,1,1,0
3435704,33,1,0,1
878824,33,1,0,1
5592104,33,1,0,1
913912,33,1,0,1
6275688,33,1,0,1
333920,33,1,0,1
1415288,33,1,1,0
854408,33,1,1,0
2218712,33,1,0,1
382400,33,1,0,1
1158304,33,1,1,0
6249368,33,1,1,0
6339056,33,1,1,0
284408,33,1,1,0
2273136,33,1,1,0
4913584,33,1,0,1
1151208,33,1,1,0
2497392,33,1,0,1
4062368,33,1,1,0
2475568,33,1,1,0
1298760,33,1,0,1
3327024,33,1,0,1
4040344,33,1,1,0
6735696,33,1,1,0
7510576,33,1,1,0
3774752,33,1,1,0
1294120,33,1,1,0
6431288,33,1,0,1
8290240,33,1,0,1
7588928,33,1,1,0
842624,33,1,1,0
502864,33,1,0,1
5049200,33,1,0,1
288272,33,1,0,1
3486776,33,1,0,1
1277960,33,1,0,1
7466872,33,1,1,0
818152,33,1,0,1
756200,33,1,1,0
200888,33,1,1,0
6649360,33,1,0,1
926248,33,1,1,0
3402640,33,1,1,0
5952992,33,1,1,0
4037440,33,1,0,1
7159512,33,1,1,0
7185144,33,1,0,1
3485480,33,1,1,0
1664344,33,1,0,1
4629288,33,1,1,0
7031992,33,1,1,0
192472,33,1,0,1
218544,33,1,1,0
1474496,33,1,0,1
2984504,33,1,1,0
6149328,33,1,1,0
5291960,33,1,1,0
212648,33,1,0,1
2941904,33,1,1,0
7051440,33,1,1,0
1604648,33,1,0,1
3049504,33,1,0,1
61448,33,1,0,1
1531648,33,1,0,1
7087608,33,1,0,1
1185336,33,1,1,0
403864,33,1,0,1
586232,33,1,0,1
1575616,33,1,1,0
6619568,33,1,1,0
6514712,33,1,1,0
1287048,33,1,1,0
935800,33,1,0,1
226536,33,1,0,1
2548464,33,1,1,0
932528,33,1,1,0
6176960,33,1,1,0
5043304,33,1,1,0
7001992,33,1,0,1
2341904,33,1,0,1
4556840,33,1,0,1
623928,33,1,1,0
184304,33,1,1,0
1728624,33,1,1,0
7850680,33,1,1,0
6997080,33,1,1,0
735216,33,1,0,1
3274816,33,1,1,0
1566008,33,1,0,1
2424152,33,1,0,1
8115448,33,1,1,0
924064,33,1,0,1
675264,33,1,1,0
984008,33,1,0,1
3791448,33,1,1,0
2526152,33,1,0,1
751904,33,1,0,1
1741336,33,1,1,0
3409920,33,1,1,0
1406128,33,1,0,1
345400,33,1,1,0
647880,33,1,1,0
2611360,33,1,0,1
1182624,33,1,0,1
338600,33,1,0,1
2320008,33,1,0,1
1277384,33,1,0,1
2479696,33,1,0,1
346160,33,1,1,0
569160,33,1,0,1
158696,33,1,0,1
4941624,33,1,0,1
1373024,33,1,1,0
4097800,33,1,0,1
2243672,33,1,1,0
202848,33,1,1,0
1995256,33,1,0,1
1995136,33,1,1,0
1060584,33,1,1,0
6956464,33,1,1,0
3755192,33,1,1,0
1304816,33,1,1,0
2441760,33,1,1,0
1088432,33,1,1,0
8311120,33,1,1,0
735616,33,1,1,0
3111792,33,1,0,1
2292936,33,1,1,0
4058528,33,1,0,1
6970760,33,1,0,1
1007864,33,1,1,0
7603720,33,1,1,0
1278440,33,1,1,0
678760,33,1,1,0
462592,33,1,1,0
1220992,33,1,1,0
2393672,33,1,1,0
1094976,33,1,1,0
7358272,33,1,1,0
415584,33,1,0,1
2794352,33,1,0,1
5672144,33,1,1,0
494176,33,1,1,0
6136976,33,1,1,0
7888568,33,1,0,1
564392,33,1,1,0
3860144,33,1,0,1
2696320,33,1,0,1
182472,33,1,0,1
7867584,33,1,0,1
79904,33,1,0,1
909184,33,1,1,0
562176,33,1,1,0
975632,33,1,1,0
1196792,33,1,0,1
1957712,33,1,0,1
942272,33,1,0,1
3309392,33,1,0,1
6469856,33,1,0,1
3451192,33,1,0,1
4407744,33,1,0,1
6666024,33,1,0,1
1800800,33,1,1,0
5338528,33,1,1,0
5225544,33,1,0,1
4671040,33,1,0,1
2191104,33,1,0,1
497984,33,1,0,1
232392,33,1,0,1
3025344,33,1,0,1
527416,33,1,0,1
7529568,33,1,0,1
4068464,33,1,0,1
5482224,33,1,1,0
1339248,33,1,1,0
1651856,33,1,1,0
1720872,34,1,0,1
1339424,34,1,1,0
2578288,34,1,1,0
911632,34,1,1,0
886288,34,1,0,1
1435304,34,1,0,1
524944,34,1,0,1
570792,34,1,0,1
4238584,34,1,0,1
1295408,34,1,1,0
4955112,34,1,0,1
841816,34,1,1,0
1589040,34,1,1,0
6985208,34,1,0,1
6816512,34,1,0,1
1514224,34,1,0,1
537416,34,1,1,0
2436232,34,1,1,0
4180064,34,1,1,0
1626384,34,1,1,0
398752,34,1,1,0
3946632,34,1,1,0
2474272,34,1,1,0
2138264,34,1,0,1
4156264,34,1,1,0
7400608,34,1,1,0
2105840,34,1,1,0
574144,34,1,1,0
5248720,34,1,0,1
1094536,34,1,0,1
1324632,34,1,1,0
2028696,34,1,0,1
783504,34,1,0,1
3185832,34,1,0,1
3597400,34,1,1,0
3050672,34,1,0,1
8112024,34,1,1,0
382840,34,1,0,1
1365328,34,1,1,0
7170520,34,1,1,0
8101440,34,1,0,1
6233200,34,1,1,0
1636224,34,1,0,1
6789920,34,1,1,0
6596112,34,1,0,1
4668088,34,1,1,0
926976,34,1,1,0
340104,34,1,1,0
421008,34,1,1,0
3249376,34,1,1,0
3363024,34,1,1,0
2118056,34,1,1,0
2880920,34,1,0,1
581680,34,1,0,1
3347728,34,1,1,0
1847680,34,1,0,1
3554352,34,1,0,1
2710240,34,1,0,1
1802248,34,1,1,0
324248,34,1,0,1
1976608,34,1,1,0
5172472,34,1,0,1
997432,34,1,1,0
3240888,34,1,0,1
392384,34,1,1,0
3127928,34,1,1,0
4294592,34,1,0,1
1450456,34,1,0,1
167616,34,1,1,0
2768624,34,1,1,0
1505280,34,1,1,0
8334280,34,1,1,0
6206072,34,1,1,0
5892448,34,1,0,1
2566512,34,1,1,0
3049648,34,1,1,0
593024,34,1,1,0
1626840,34,1,0,1
761696,34,1,0,1
2489968,34,1,0,1
5240728,34,1,1,0
761984,34,1,0,1
74664,34,1,1,0
3823488,34,1,1,0
1067176,34,1,0,1
1340128,34,1,1,0
413232,34,1,1,0
3661040,34,1,0,1
3350496,34,1,0,1
2630472,34,1,1,0
6433912,34,1,0,1
5765160,34,1,1,0
3003352,34,1,1,0
2772280,34,1,1,0
3339264,34,1,0,1
2443496,34,1,1,0
425512,34,1,1,0
1489464,34,1,0,1
3605544,34,1,1,0
1840968,34,1,1,0
134152,34,1,1,0
5628080,34,1,0,1
3668008,34,1,1,0
5263472,34,1,0,1
1572992,34,1,1,0
3612160,34,1,1,0
6280080,34,1,0,1
1488104,34,1,0,1
108936,34,1,1,0
4693896,34,1,0,1
4031872,34,1,1,0
6001200,34,1,0,1
125328,34,1,0,1
452104,34,1,1,0
882400,34,1,1,0
1300080,34,1,1,0
5624568,34,1,0,1
290856,34,1,0,1
955208,34,1,1,0
966984,34,1,1,0
1416648,34,1,0,1
3096248,34,1,1,0
5609576,34,1,0,1
3560336,34,1,1,0
290424,34,1,1,0
145864,34,1,1,0
1697856,34,1,0,1
1764944,34,1,0,1
7062256,34,1,0,1
1479040,34,1,0,1
5768168,34,1,1,0
1861672,34,1,1,0
3369784,34,1,1,0
2033064,34,1,0,1
1295768,34,1,1,0
4108536,34,1,0,1
3525552,34,1,0,1
2000248,34,1,1,0
2858448,34,1,0,1
6419440,34,1,0,1
841600,34,1,1,0
3490656,34,1,1,0
6708368,34,1,0,1
4145488,34,1,1,0
4555136,34,1,0,1
1174904,34,1,1,0
479608,34,1,1,0
711152,34,1,0,1
300184,34,1,1,0
1347712,34,1,1,0
711416,34,1,1,0
1343392,34,1,0,1
1882440,34,1,0,1
5654200,34,1,1,0
2404880,34,1,0,1
7234680,34,1,1,0
499192,34,1,0,1
282648,34,1,0,1
2756088,34,1,1,0
2345264,34,1,1,0
4783752,34,1,1,0
1571272,34,1,0,1
6652424,34,1,1,0
5961224,34,1,1,0
4998984,34,1,0,1
777408,34,1,0,1
2581088,34,1,1,0
1052496,34,1,1,0
3209560,34,1,0,1
1078304,34,1,1,0
2829968,34,1,0,1
4260576,34,1,1,0
285008,34,1,0,1
4010648,34,1,0,1
1672520,34,1,0,1
3633824,34,1,1,0
5331344,34,1,0,1
2326872,34,1,1,0
1014776,34,1,0,1
559640,34,1,1,0
276616,34,1,1,0
4355024,34,1,1,0
3359248,34,1,1,0
753104,34,1,0,1
1801888,34,1,0,1
2475480,34,1,0,1
4282776,34,1,0,1
6140616,34,1,1,0
768600,34,1,1,0
2120496,34,1,1,0
5808376,34,1,0,1
1339512,34,1,0,1
3673552,34,1,1,0
450040,34,1,1,0
4700872,34,1,1,0
3485080,34,1,1,0
277464,34,1,0,1
1714816,34,1,0,1
3296376,34,1,1,0
809384,34,1,1,0
8283072,34,1,0,1
6949944,34,1,1,0
3209320,34,1,0,1
1600208,34,1,1,0
456176,34,1,1,0
356472,34,1,0,1
1664088,34,1,0,1
528280,34,1,0,1
585224,34,1,1,0
4395928,34,1,1,0
3314728,34,1,0,1
5646616,34,1,0,1
5938632,34,1,0,1
2916512,34,1,0,1
1395672,34,1,1,0
3642616,34,1,1,0
2533712,34,1,1,0
898032,34,1,1,0
2732048,34,1,1,0
514376,34,1,0,1
5448120,34,1,0,1
3610768,34,1,0,1
1960320,34,1,0,1
662032,34,1,0,1
5248440,34,1,0,1
2059288,34,1,1,0
615216,34,1,0,1
2192864,34,1,1,0
5386840,34,1,0,1
5300056,34,1,1,0
4112296,34,1,0,1
353448,34,1,1,0
6446496,34,1,1,0
7951352,34,1,1,0
4030520,34,1,0,1
5249296,34,1,0,1
370056,34,1,1,0
499280,34,1,0,1
1155184,34,1,1,0
165016,34,1,1,0
1121920,34,1,1,0
5911592,34,1,0,1
5921392,34,1,1,0
598944,34,1,0,1
4851912,34,1,0,1
6295192,34,1,0,1
370096,34,1,1,0
976952,34,1,1,0
3555040,34,1,0,1
1787040,34,1,0,1
7504048,34,1,1,0
1632072,34,1,0,1
567648,34,1,0,1
3187560,34,1,1,0
1141984,34,1,1,0
723336,34,1,0,1
455176,34,1,1,0
4311240,34,1,0,1
535104,34,1,1,0
3552664,34,1,0,1
240456,34,1,1,0
897824,34,1,0,1
4986896,34,1,0,1
3396560,34,1,0,1
586056,34,1,1,0
6184440,34,1,1,0
2577280,34,1,1,0
321272,34,1,0,1
316576,34,1,0,1
1825184,34,1,1,0
613472,34,1,1,0
2312336,34,1,0,1
1768328,34,1,1,0
647704,34,1,0,1
531032,34,1,1,0
5446264,34,1,0,1
6453848,34,1,1,0
6550112,34,1,1,0
7930672,34,1,1,0
309656,34,1,1,0
1738496,34,1,1,0
4948576,34,1,1,0
834544,34,1,1,0
966912,34,1,1,0
591224,34,1,0,1
1134312,34,1,0,1
908560,34,1,0,1
3668536,34,1,1,0
1001504,34,1,0,1
514400,34,1,0,1
2846232,34,1,0,1
3001480,34,1,1,0
2798704,34,1,1,0
993920,34,1,1,0
1372952,34,1,0,1
1063264,34,1,0,1
4123744,34,1,0,1
1672384,34,1,1,0
1069064,34,1,0,1
2799648,34,1,0,1
3574488,34,1,0,1
327336,34,1,0,1
3435080,34,1,0,1
2213344,34,1,0,1
370728,34,1,1,0
6570624,34,1,1,0
1466896,34,1,1,0
5332296,34,1,1,0
5807656,34,1,1,0
594536,34,1,0,1
431408,34,1,1,0
825136,34,1,0,1
4078544,34,1,1,0
1788440,34,1,0,1
2602264,34,1,1,0
403120,34,1,0,1
3877976,34,1,1,0
1336248,34,1,1,0
1778936,34,1,0,1
4813712,34,1,0,1
5857456,34,1,1,0
456792,34,1,1,0
6428704,34,1,0,1
7704616,34,1,1,0
1061608,34,1,1,0
1067424,34,1,1,0
664736,34,1,0,1
1805624,34,1,0,1
5830440,34,1,1,0
368712,34,1,1,0
2394280,34,1,0,1
3315840,34,1,1,0
1380648,34,1,1,0
4953440,34,1,1,0
887088,34,1,1,0
2613944,34,1,0,1
992728,34,1,1,0
1201024,34,1,1,0
2262592,34,1,1,0
7598384,34,1,1,0
7172584,34,1,0,1
2937768,34,1,0,1
3226432,34,1,0,1
2467984,34,1,1,0
1466448,34,1,1,0
155688,34,1,1,0
1924128,34,1,0,1
778352,34,1,1,0
4094832,34,1,1,0
2431632,34,1,1,0
5910280,34,1,0,1
1835088,34,1,0,1
349656,34,1,0,1
240352,34,1,1,0
3560960,34,1,0,1
7154888,34,1,0,1
223944,34,1,0,1
465272,34,1,0,1
4473888,34,1,1,0
5738208,34,1,1,0
155392,34,1,0,1
1829584,34,1,0,1
1569360,34,1,1,0
3021456,34,1,0,1
833104,34,1,1,0
786520,34,1,1,0
2297024,34,1,1,0
6170648,34,1,0,1
1519104,34,1,1,0
857928,34,1,0,1
3713968,34,1,1,0
6985936,34,1,1,0
5034744,34,1,1,0
1669440,34,1,1,0
1230096,34,1,0,1
6040784,34,1,1,0
6781632,34,1,1,0
4259240,34,1,1,0
1688288,34,1,1,0
200792,34,1,0,1
3365656,34,1,1,0
3481688,34,1,1,0
904912,34,1,0,1
510360,34,1,0,1
4091952,34,1,0,1
1184696,34,1,0,1
2209856,34,1,0,1
1353144,34,1,1,0
3607504,34,1,0,1
2779960,34,1,0,1
6475312,34,1,1,0
1465456,34,1,1,0
2334592,34,1,0,1
1489144,34,1,1,0
4552624,34,1,0,1
385632,34,1,0,1
624632,34,1,1,0
7217696,34,1,1,0
1753176,34,1,1,0
2261752,34,1,0,1
2288912,34,1,1,0
5978520,34,1,1,0
1085408,34,1,1,0
202984,34,1,0,1
6305448,34,1,1,0
4196576,34,1,0,1
1011576,34,1,0,1
2290920,34,1,0,1
1935392,34,1,1,0
3219536,34,1,1,0
404904,34,1,0,1
735768,34,1,1,0
7060192,34,1,0,1
2221696,34,1,1,0
625376,34,1,1,0
2927208,34,1,1,0
130936,34,1,0,1
7183440,34,1,0,1
7715728,34,1,1,0
4160448,34,1,1,0
1315240,34,1,1,0
1496024,34,1,1,0
5715512,34,1,0,1
1342768,34,1,0,1
1452040,34,1,0,1
7409648,34,1,1,0
2289968,34,1,1,0
2935872,34,1,0,1
1884232,34,1,1,0
3120624,34,1,0,1
1028464,34,1,0,1
728928,34,1,1,0
669296,34,1,1,0
3472072,34,1,1,0
2949016,34,1,1,0
3486128,34,1,1,0
6204784,34,1,0,1
3363496,34,1,1,0
7984392,34,1,0,1
680864,34,1,1,0
3902928,34,1,0,1
3996288,34,1,0,1
6289496,34,1,0,1
7058720,34,1,0,1
3510736,34,1,0,1
609000,34,1,1,0
132256,34,1,0,1
1419944,34,1,1,0
3167224,34,1,1,0
6378576,34,1,0,1
376560,34,1,1,0
399624,34,1,0,1
3100320,34,1,0,1
148056,34,1,1,0
3474792,34,1,1,0
7014632,34,1,0,1
188704,34,1,1,0
819784,34,1,1,0
2478680,34,1,0,1
4812576,34,1,1,0
8224840,34,1,0,1
2685248,34,1,0,1
1907784,34,1,0,1
1192120,34,1,0,1
785528,34,1,1,0
137192,34,1,0,1
1207968,34,1,1,0
321976,34,1,0,1
485136,34,1,1,0
3774064,34,1,1,0
1335920,34,1,1,0
3475704,34,1,0,1
5504672,34,1,0,1
4552704,34,1,1,0
2436168,34,1,1,0
3089368,34,1,0,1
1233960,34,1,0,1
7824240,34,1,1,0
2242120,34,1,0,1
755424,34,1,0,1
934824,34,1,0,1
2877344,34,1,1,0
4493456,34,1,0,1
1207784,34,1,1,0
1902752,34,1,0,1
2222296,34,1,1,0
2881000,34,1,0,1
795600,34,1,0,1
1201704,34,1,0,1
1325328,34,1,1,0
2415152,34,1,0,1
1128320,34,1,0,1
2762600,34,1,1,0
6489264,34,1,0,1
284368,34,1,1,0
2187112,34,1,1,0
4890248,34,1,1,0
395976,34,1,1,0
7464464,34,1,0,1
1229664,34,1,1,0
1490528,34,1,0,1
139664,34,1,0,1
1797800,34,1,1,0
554120,34,1,0,1
842160,34,1,1,0
1972984,34,1,0,1
1210688,34,1,0,1
321640,34,1,1,0
8061504,34,1,0,1
3115112,34,1,1,0
7913864,34,1,1,0
4720688,34,1,0,1
1348216,34,1,0,1
4671888,34,1,0,1
8146632,34,1,0,1
6958184,34,1,0,1
634440,34,1,1,0
149752,34,1,1,0
3577472,34,1,1,0
624408,34,1,1,0
6816776,34,1,0,1
537832,34,1,0,1
343072,34,1,1,0
2065904,34,1,1,0
6819200,34,1,1,0
874936,34,1,0,1
2355296,34,1,0,1
2339800,34,1,1,0
2227344,34,1,0,1
3136160,34,1,1,0
497688,34,1,0,1
3262776,34,1,0,1
1834560,34,1,0,1
274888,34,1,1,0
306288,34,1,1,0
690320,34,1,0,1
2101120,34,1,0,1
1157416,34,1,1,0
2162824,34,1,0,1
1417880,34,1,0,1
1315776,34,1,0,1
5894408,34,1,0,1
2951344,34,1,1,0
209984,34,1,1,0
285976,34,1,1,0
2810392,34,1,1,0
4263568,34,1,1,0
602584,34,1,0,1
4152176,34,1,0,1
2643520,34,1,1,0
6255576,34,1,1,0
1007464,34,1,0,1
6013280,34,1,0,1
6578944,34,1,1,0
540088,34,1,1,0
1789512,34,1,1,0
1234544,34,1,0,1
7653968,34,1,0,1
6279368,34,1,0,1
6908568,34,1,1,0
4297536,34,1,0,1
7059776,34,1,0,1
1332712,34,1,1,0
3303720,34,1,0,1
6094512,34,1,0,1
6018960,34,1,1,0
5361240,34,1,1,0
2080888,34,1,0,1
732272,34,1,0,1
4669464,34,1,1,0
443112,34,1,1,0
3846200,34,1,0,1
2250600,34,1,0,1
776160,34,1,0,1
6469960,34,1,0,1
2282840,34,1,1,0
2145616,34,1,0,1
5717960,34,1,1,0
194232,34,1,1,0
1441888,34,1,1,0
2934024,34,1,0,1
1243048,34,1,1,0
540224,34,1,1,0
325904,34,1,1,0
2306808,34,1,0,1
1720232,34,1,0,1
3727896,34,1,1,0
3751896,34,1,1,0
3458968,34,1,0,1
3126440,34,1,1,0
762280,34,1,0,1
2702960,34,1,0,1
7458464,34,1,1,0
8330024,34,1,1,0
867688,34,1,0,1
7757648,34,1,0,1
3505896,34,1,1,0
4017824,34,1,0,1
1256552,34,1,1,0
4741080,34,1,0,1
5543248,34,1,0,1
600856,34,1,1,0
8280184,34,1,1,0
7628360,34,1,0,1
364368,34,1,0,1
3940920,34,1,0,1
4898656,34,1,1,0
2480824,34,1,0,1
1560992,34,1,0,1
4392088,34,1,0,1
1293256,34,1,1,0
8278256,34,1,0,1
1322248,34,1,1,0
6423592,34,1,1,0
696416,34,1,0,1
1889688,34,1,1,0
1820968,34,1,1,0
244400,34,1,1,0
227536,34,1,1,0
714952,34,1,0,1
5402800,34,1,0,1
2167744,34,1,0,1
1304984,34,1,0,1
280952,34,1,0,1
3585976,34,1,1,0
473816,34,1,0,1
4566088,34,1,0,1
4211448,34,1,1,0
931384,34,1,1,0
1254408,34,1,1,0
3311144,34,1,1,0
904368,34,1,1,0
1007944,34,1,1,0
7507344,34,1,1,0
4124648,34,1,1,0
476768,34,1,0,1
3047872,34,1,0,1
4189640,34,1,1,0
3495304,34,1,0,1
1592344,34,1,1,0
7379008,34,1,0,1
126880,34,1,1,0
5000856,34,1,0,1
920992,34,1,0,1
855976,34,1,0,1
471664,34,1,0,1
1143056,34,1,1,0
6005600,34,1,1,0
680968,34,1,1,0
140592,34,1,0,1
8365952,34,1,1,0
251032,34,1,0,1
2522880,34,1,1,0
3278864,34,1,1,0
1356488,34,1,0,1
5868760,34,1,1,0
2509600,34,1,0,1
2258776,34,1,1,0
3071168,34,1,1,0
1838600,34,1,1,0
3329176,34,1,1,0
1191816,34,1,1,0
4402744,34,1,1,0
1495296,34,1,1,0
3731624,34,1,0,1
1065368,34,1,0,1
3884328,34,1,1,0
497016,34,1,1,0
4575328,34,1,0,1
181440,34,1,0,1
2654472,34,1,0,1
344176,34,1,1,0
3422736,34,1,1,0
511112,34,1,1,0
350544,34,1,1,0
208608,34,1,1,0
277024,34,1,0,1
1127480,34,1,1,0
1228936,34,1,0,1
814152,34,1,1,0
2513496,34,1,1,0
1037152,34,1,0,1
5116432,34,1,1,0
8277096,34,1,0,1
450840,34,1,1,0
153944,34,1,0,1
2856480,34,1,1,0
6943824,34,1,0,1
1165464,34,1,1,0
6688984,34,1,0,1
302728,34,1,1,0
1158472,34,1,1,0
3244848,34,1,1,0
6708680,34,1,0,1
2892808,34,1,0,1
2646648,34,1,0,1
401024,34,1,0,1
821600,34,1,1,0
596088,34,1,0,1
1276544,34,1,1,0
5532568,34,1,0,1
1507104,34,1,0,1
7834808,34,1,1,0
1483200,34,1,1,0
2026952,34,1,0,1
1805320,34,1,0,1
383600,34,1,0,1
412360,34,1,0,1
1763224,34,1,0,1
1376856,34,1,0,1
2800104,34,1,1,0
329064,34,1,1,0
3949816,34,1,0,1
589168,34,1,1,0
1880472,34,1,1,0
2168952,34,1,0,1
1177952,34,1,1,0
2815512,34,1,0,1
1973056,34,1,1,0
5162344,34,1,1,0
1490264,34,1,1,0
5143896,34,1,0,1
576728,34,1,0,1
1565104,34,1,1,0
142024,34,1,0,1
1800032,34,1,0,1
3341128,34,1,1,0
788984,34,1,0,1
7738352,34,1,1,0
7841040,34,1,1,0
7183600,34,1,0,1
1358688,34,1,0,1
3644128,34,1,0,1
1603000,34,1,1,0
792320,34,1,1,0
2479528,34,1,0,1
6625632,34,1,1,0
7104104,34,1,1,0
408592,34,1,1,0
3472296,34,1,1,0
7835824,34,1,0,1
4388008,34,1,0,1
757200,34,1,0,1
193376,34,1,1,0
1197160,34,1,1,0
2912464,34,1,1,0
665888,34,1,0,1
7972152,34,1,0,1
7241328,34,1,0,1
6595240,34,1,1,0
2531784,34,1,0,1
841496,34,1,1,0
757976,34,1,0,1
3059320,34,1,1,0
723304,34,1,1,0
989912,34,1,1,0
7323840,34,1,1,0
1397352,34,1,1,0
6942392,34,1,1,0
1180728,34,1,0,1
732304,34,1,0,1
1386696,34,1,1,0
6688848,34,1,0,1
1696672,34,1,1,0
207472,34,1,1,0
3934056,34,1,1,0
1944760,34,1,1,0
6015616,34,1,0,1
402312,34,1,0,1
3874896,34,1,0,1
871568,34,1,0,1
1786832,34,1,0,1
3600976,34,1,1,0
2233536,34,1,1,0
1828800,34,1,1,0
964096,34,1,1,0
165528,34,1,1,0
5819768,34,1,1,0
8029424,34,1,1,0
1311320,34,1,1,0
3341672,34,1,0,1
4912680,34,1,0,1
2529976,34,1,1,0
8353120,34,1,0,1
439408,34,1,0,1
247128,34,1,0,1
856400,34,1,0,1
1912376,34,1,0,1
2808208,34,1,1,0
1774512,34,1,0,1
182160,34,1,1,0
7872808,34,1,0,1
600592,34,1,1,0
580520,34,1,0,1
146560,34,1,1,0
72264,34,1,0,1
8379272,34,1,0,1
4013752,34,1,1,0
617696,34,1,0,1
7458144,34,1,0,1
5860200,34,1,0,1
815232,34,1,0,1
1121848,34,1,1,0
588168,34,1,0,1
1678248,34,1,1,0
4246584,34,1,0,1
882968,34,1,0,1
3421936,34,1,0,1
777304,34,1,1,0
471360,34,1,0,1
2430984,34,1,0,1
203936,34,1,1,0
5017560,34,1,1,0
4610136,34,1,0,1
3354160,34,1,0,1
3110112,34,1,1,0
2911408,34,1,1,0
1030128,34,1,1,0
685872,34,1,0,1
399552,34,1,0,1
2600704,34,1,1,0
2231552,34,1,0,1
1213216,34,1,0,1
2575160,34,1,0,1
355904,34,1,0,1
4002320,34,1,1,0
7940560,34,1,1,0
613048,34,1,1,0
3006712,34,1,1,0
4962888,34,1,1,0
583800,34,1,1,0
718296,34,1,0,1
2488104,34,1,1,0
5468488,34,1,0,1
1693552,34,1,1,0
655000,34,1,0,1
4549736,34,1,1,0
79584,34,1,1,0
2126144,34,1,0,1
5689064,34,1,1,0
822880,34,1,1,0
1489176,34,1,0,1
404448,34,1,1,0
3548224,34,1,1,0
1578440,34,1,0,1
223384,34,1,1,0
974384,34,1,0,1
2506840,34,1,0,1
2002432,34,1,0,1
3392448,34,1,1,0
1049272,34,1,1,0
5932640,34,1,0,1
3824952,34,1,0,1
5248792,34,1,0,1
5563056,34,1,1,0
3853040,34,1,0,1
3466920,34,1,1,0
244656,34,1,1,0
321120,34,1,0,1
1370640,34,1,1,0
3056832,34,1,1,0
4576576,34,1,0,1
317744,34,1,0,1
267056,34,1,1,0
235880,34,1,1,0
1117232,34,1,1,0
913536,34,1,1,0
257024,34,1,0,1
3385624,34,1,0,1
1648776,34,1,0,1
4051760,34,1,0,1
2406296,34,1,1,0
2018328,34,1,0,1
539568,34,1,0,1
1908672,34,1,0,1
1246440,34,1,1,0
3941960,34,1,0,1
4652304,34,1,1,0
5669520,34,1,1,0
7177016,34,1,1,0
1488744,34,1,0,1
2012488,34,1,1,0
3443392,34,1,0,1
2038648,34,1,1,0
466608,34,1,0,1
4044744,34,1,0,1
4576512,34,1,0,1
1851480,34,1,0,1
1826464,34,1,0,1
7753904,34,1,0,1
8038024,34,1,0,1
1952896,34,1,0,1
1451360,34,1,0,1
3104296,34,1,1,0
1288960,34,1,1,0
6437352,34,1,0,1
1358096,34,1,0,1
838704,34,1,0,1
1555152,34,1,1,0
1566408,34,1,0,1
2076880,34,1,0,1
1034976,34,1,0,1
2607536,34,1,1,0
2377744,34,1,1,0
637960,34,1,0,1
6796528,34,1,0,1
647008,34,1,1,0
1171256,34,1,0,1
5044032,34,1,0,1
5307128,34,1,1,0
4367936,34,1,1,0
1665688,34,1,0,1
6447896,34,1,0,1
4316704,34,1,1,0
1329768,34,1,1,0
3387208,34,1,1,0
555584,34,1,1,0
4371816,34,1,1,0
5297944,34,1,1,0
316816,34,1,1,0
2652768,34,1,0,1
4098832,34,1,0,1
1228224,34,1,1,0
7527336,34,1,1,0
140688,34,1,0,1
6886880,34,1,0,1
1454352,34,1,0,1
1067280,34,1,1,0
510608,34,1,1,0
1164328,34,1,1,0
417672,34,1,1,0
4266216,34,1,1,0
3065744,34,1,1,0
5848840,34,1,1,0
5386040,34,1,0,1
3188912,34,1,1,0
559240,34,1,0,1
1348728,34,1,1,0
691016,34,1,0,1
6492576,34,1,0,1
2754592,34,1,0,1
1390752,34,1,0,1
2812112,34,1,1,0
6299408,34,1,0,1
1221320,34,1,0,1
683552,34,1,1,0
1032336,34,1,1,0
316632,34,1,1,0
6767592,34,1,0,1
1893464,34,1,1,0
7131528,34,1,1,0
2021272,34,1,1,0
4113104,34,1,1,0
8102776,34,1,1,0
759776,34,1,1,0
2231808,34,1,1,0
4561904,34,1,1,0
1865000,34,1,0,1
7197088,34,1,1,0
4449096,34,1,0,1
653784,34,1,1,0
4686416,34,1,0,1
4392552,34,1,1,0
2694448,34,1,1,0
8263320,34,1,1,0
3077512,34,1,1,0
1520048,34,1,0,1
544704,34,1,1,0
1512048,34,1,1,0
6355376,34,1,1,0
3143280,34,1,1,0
4845680,34,1,1,0
4548288,34,1,1,0
2787552,34,1,0,1
1897248,34,1,1,0
4690000,34,1,1,0
2662240,34,1,0,1
3201560,34,1,1,0
639328,34,1,1,0
3791792,34,1,1,0
4619200,34,1,0,1
6696264,34,1,0,1
3201992,34,1,1,0
5668048,34,1,0,1
291272,34,1,0,1
142440,34,1,0,1
715240,34,1,1,0
320400,34,1,1,0
3526328,34,1,0,1
1170008,34,1,0,1
163824,34,1,1,0
157168,34,1,1,0
497168,34,1,1,0
2279240,34,1,0,1
283224,34,1,1,0
3107600,34,1,1,0
7731720,34,1,0,1
2591552,34,1,1,0
3728112,34,1,0,1
712600,34,1,0,1
769672,34,1,0,1
7304320,34,1,0,1
348416,34,1,1,0
2623704,34,1,1,0
5875712,34,1,0,1
405248,34,1,1,0
6032920,34,1,1,0
588968,34,1,1,0
263840,34,1,1,0
3587096,34,1,1,0
3408704,34,1,1,0
668848,34,1,1,0
4181112,34,1,1,0
2073008,34,1,0,1
2970984,34,1,1,0
815712,34,1,1,0
1720056,34,1,0,1
1960216,34,1,0,1
752392,34,1,0,1
2188488,34,1,0,1
594304,34,1,1,0
2777088,34,1,0,1
90760,34,1,0,1
1854056,34,1,0,1
1411552,34,1,0,1
3478152,34,1,0,1
1353416,34,1,1,0
6421264,34,1,0,1
437672,34,1,0,1
836552,34,1,0,1
2263784,34,1,1,0
8158088,34,1,0,1
286264,34,1,1,0
1453832,34,1,0,1
737904,34,1,1,0
934552,34,1,0,1
8334704,34,1,0,1
447272,34,1,0,1
1219936,34,1,0,1
5839656,34,1,0,1
1939864,34,1,1,0
629360,34,1,1,0
419576,34,1,0,1
1525840,34,1,0,1
4141136,34,1,0,1
849984,34,1,1,0
2017504,34,1,1,0
2257936,34,1,0,1
1293960,34,1,0,1
2255128,34,1,1,0
238808,34,1,0,1
3119464,34,1,0,1
1688784,34,1,1,0
3772376,34,1,0,1
2079872,34,1,1,0
5030264,34,1,0,1
516712,34,1,1,0
1443816,34,1,1,0
825000,34,1,0,1
7044056,34,1,0,1
668272,34,1,1,0
2380896,34,1,0,1
1043176,34,1,0,1
2187472,34,1,1,0
1530528,34,1,1,0
790592,34,1,1,0
6868904,34,1,0,1
894320,34,1,1,0
2891048,34,1,0,1
7734208,34,1,0,1
1861512,34,1,0,1
4368232,34,1,0,1
1123816,34,1,0,1
6391112,34,1,0,1
4137368,34,1,1,0
304464,34,1,1,0
1737384,34,1,0,1
1263728,34,1,0,1
6423104,34,1,1,0
123992,34,1,0,1
5063720,34,1,0,1
2231840,34,1,0,1
4878432,34,1,0,1
170368,34,1,1,0
762016,34,1,0,1
289920,34,1,1,0
6317424,34,1,0,1
543128,34,1,0,1
4093592,34,1,1,0
2486160,34,1,0,1
1259344,34,1,1,0
1444576,34,1,0,1
261096,34,1,1,0
1695584,34,1,1,0
8363824,34,1,1,0
846552,34,1,1,0
164776,34,1,0,1
728832,34,1,0,1
697928,34,1,0,1
261168,34,1,1,0
1243040,34,1,0,1
2048288,34,1,1,0
5789360,34,1,0,1
1764064,34,1,0,1
2089024,34,1,0,1
535040,34,1,1,0
7930488,34,1,0,1
1663168,34,1,1,0
792768,34,1,0,1
645872,34,1,1,0
7703312,34,1,0,1
6690688,34,1,1,0
6296648,34,1,0,1
955672,34,1,0,1
3500944,34,1,0,1
1502008,34,1,1,0
1663032,34,1,0,1
917944,34,1,1,0
2232056,34,1,1,0
2218224,34,1,1,0
3117240,34,1,1,0
6431856,34,1,1,0
237808,34,1,1,0
2031416,34,1,0,1
5268888,34,1,0,1
526256,34,1,1,0
485752,34,1,1,0
7496648,34,1,0,1
2432624,34,1,1,0
910880,34,1,1,0
7789880,34,1,1,0
594728,34,1,0,1
4992216,34,1,1,0
4237128,34,1,1,0
3654192,34,1,0,1
364016,34,1,0,1
2802112,34,1,0,1
912248,34,1,0,1
7265088,34,1,1,0
4911848,34,1,1,0
284568,34,1,1,0
7276184,34,1,0,1
7323856,34,1,0,1
1756856,34,1,0,1
5532832,34,1,0,1
1595000,34,1,1,0
1447416,34,1,0,1
3837648,34,1,1,0
930064,34,1,0,1
723768,34,1,0,1
1966184,34,1,0,1
4348496,34,1,0,1
3139848,34,1,1,0
3571928,34,1,1,0
274520,34,1,0,1
3589832,34,1,1,0
1227424,34,1,1,0
8354096,34,1,0,1
1561912,34,1,1,0
2097272,34,1,1,0
3039312,34,1,0,1
311152,34,1,0,1
5713792,34,1,1,0
6332152,34,1,1,0
2473072,34,1,0,1
284808,34,1,0,1
6249016,34,1,1,0
4614008,34,1,1,0
6768712,34,1,1,0
3790128,34,1,0,1
7666104,34,1,1,0
2838088,34,1,1,0
5763688,34,1,0,1
1525760,34,1,1,0
1035424,34,1,0,1
7105968,34,1,0,1
8078648,34,1,1,0
3119280,34,1,0,1
390504,34,1,1,0
3303592,34,1,1,0
197096,34,1,1,0
1705952,34,1,1,0
5538744,34,1,0,1
1931056,34,1,1,0
1384184,34,1,0,1
1709832,34,1,1,0
7695536,34,1,1,0
494328,34,1,0,1
441576,34,1,1,0
3812736,34,1,0,1
8136352,34,1,1,0
4301624,34,1,1,0
4134736,34,1,1,0
1965912,34,1,1,0
1344856,34,1,1,0
5136992,34,1,1,0
354864,34,1,0,1
369464,34,1,1,0
1646488,34,1,0,1
206504,34,1,1,0
888616,34,1,0,1
2772592,34,1,1,0
4015512,34,1,1,0
3761024,34,1,1,0
5122912,34,1,1,0
2883024,34,1,1,0
7447936,34,1,0,1
1778016,34,1,1,0
525136,34,1,0,1
1668616,34,1,0,1
3496216,34,1,0,1
1247104,34,1,0,1
1136416,34,1,1,0
667504,34,1,1,0
1786728,34,1,1,0
1483456,34,1,0,1
5272864,34,1,0,1
8360304,34,1,0,1
343984,34,1,1,0
3177016,34,1,1,0
2277064,34,1,0,1
8139872,34,1,0,1
4008168,34,1,1,0
713672,34,1,1,0
194248,34,1,0,1
1602272,34,1,0,1
817320,34,1,1,0
2302088,34,1,0,1
6384704,34,1,1,0
765704,34,1,0,1
6222680,34,1,1,0
4244584,34,1,1,0
4479936,34,1,0,1
533016,34,1,1,0
2336024,34,1,0,1
1065800,34,1,1,0
1868736,34,1,1,0
1224264,34,1,1,0
7010832,34,1,1,0
2682792,34,1,0,1
172384,34,1,1,0
351088,34,1,1,0
709064,34,1,1,0
1470760,34,1,1,0
575656,34,1,1,0
6987304,34,1,1,0
599800,34,1,1,0
1041448,34,1,0,1
621024,34,1,0,1
3715408,34,1,1,0
8041912,34,1,1,0
8185032,34,1,0,1
5565896,34,1,1,0
1836624,34,1,1,0
4033912,34,1,0,1
886240,34,1,0,1
5851736,34,1,0,1
8067032,34,1,0,1
1990392,34,1,0,1
6027224,34,1,0,1
3423176,34,1,1,0
4086192,34,1,1,0
3848856,34,1,0,1
6262080,34,1,0,1
1598496,34,1,1,0
1036464,34,1,0,1
3323824,34,1,0,1
4006896,34,1,1,0
4530712,34,1,1,0
619720,34,1,0,1
1049200,34,1,0,1
5171304,34,1,1,0
1688240,34,1,1,0
661464,34,1,1,0
3987544,34,1,1,0
1494016,34,1,1,0
1317104,34,1,0,1
1208736,34,1,0,1
7743864,34,1,0,1
6879032,34,1,0,1
752736,34,1,1,0
4390744,34,1,0,1
889192,34,1,1,0
584304,34,1,0,1
6580568,34,1,1,0
4444960,34,1,1,0
268888,34,1,1,0
462120,34,1,1,0
3668056,34,1,1,0
765504,34,1,0,1
3048416,34,1,0,1
6264808,34,1,0,1
5022496,34,1,0,1
1326744,34,1,1,0
2202944,34,1,1,0
524928,34,1,1,0
3499296,34,1,1,0
5117400,34,1,1,0
476984,34,1,0,1
7529528,34,1,0,1
2612328,34,1,1,0
535880,34,1,0,1
4968456,34,1,0,1
2038976,34,1,0,1
2734216,34,1,0,1
2740824,34,1,0,1
7931304,34,1,0,1
634856,34,1,0,1
428304,34,1,0,1
6216368,34,1,1,0
2968944,34,1,1,0
8142552,34,1,0,1
431248,34,1,1,0
3619488,34,1,1,0
3208544,34,1,1,0
850784,34,1,1,0
4446712,34,1,0,1
6964152,34,1,0,1
4503272,34,1,0,1
172520,34,1,0,1
2049144,34,1,0,1
676400,34,1,1,0
3114040,34,1,1,0
448088,34,1,0,1
5334208,34,1,1,0
6273184,34,1,1,0
4249312,34,1,0,1
6465832,34,1,0,1
2171696,34,1,1,0
6778288,34,1,0,1
1465696,34,1,0,1
555360,34,1,0,1
3854896,34,1,0,1
799648,34,1,0,1
1888336,34,1,1,0
1855744,34,1,1,0
1525184,34,1,1,0
2548312,34,1,0,1
3829312,34,1,1,0
442072,34,1,0,1
233664,34,1,0,1
8249056,34,1,0,1
234640,34,1,0,1
7254208,34,1,0,1
644912,34,1,0,1
6414112,34,1,1,0
5928376,34,1,1,0
3011384,34,1,1,0
4878408,34,1,0,1
2963256,34,1,1,0
7641440,34,1,1,0
2324904,34,1,0,1
6086792,34,1,1,0
1832176,34,1,1,0
1159208,34,1,0,1
708568,34,1,0,1
3844720,34,1,0,1
7494368,34,1,0,1
4804960,34,1,0,1
570992,34,1,1,0
1573600,34,1,0,1
956552,34,1,1,0
2473016,34,1,0,1
4778000,34,1,0,1
983552,34,1,0,1
1000816,34,1,0,1
674736,34,1,1,0
8274280,34,1,0,1
6181048,34,1,1,0
3889408,34,1,0,1
7761552,34,1,0,1
5748960,34,1,1,0
935440,34,1,0,1
560088,34,1,0,1
6654568,34,1,0,1
3736608,34,1,0,1
7732800,34,1,0,1
2989592,34,1,0,1
6443344,34,1,1,0
2930936,34,1,1,0
2736904,34,1,1,0
2719688,34,1,0,1
474808,34,1,1,0
3353648,34,1,1,0
4680248,34,1,0,1
4741680,34,1,0,1
1561784,34,1,1,0
245672,34,1,1,0
2229592,34,1,0,1
401816,34,1,1,0
835360,34,1,0,1
6461112,34,1,1,0
4027744,34,1,1,0
2481216,34,1,0,1
7843520,34,1,1,0
3364896,34,1,0,1
785800,34,1,1,0
441496,34,1,1,0
2447792,34,1,1,0
392544,34,1,1,0
899360,34,1,1,0
3748120,34,1,0,1
2200072,34,1,1,0
522416,34,1,0,1
7408128,34,1,1,0
2776608,34,1,0,1
7977984,34,1,0,1
1190352,34,1,1,0
3328216,34,1,0,1
7212520,34,1,1,0
1449776,34,1,0,1
710216,34,1,0,1
6604520,34,1,0,1
2268704,34,1,0,1
7631984,34,1,1,0
5004216,34,1,1,0
169336,34,1,0,1
522904,34,1,0,1
579112,34,1,0,1
471208,34,1,1,0
6956744,34,1,0,1
4416672,34,1,0,1
937720,34,1,0,1
661120,34,1,0,1
398136,34,1,1,0
5636368,34,1,0,1
2284280,34,1,1,0
1020376,34,1,1,0
422192,34,1,0,1
1632656,34,1,1,0
2997800,34,1,0,1
227104,34,1,0,1
3895536,34,1,0,1
5283008,34,1,0,1
4957976,34,1,0,1
2173240,34,1,1,0
6958256,34,1,0,1
5636936,34,1,1,0
6950744,34,1,1,0
5416528,34,1,1,0
4874400,34,1,0,1
7419768,34,1,1,0
1030936,34,1,0,1
1481944,34,1,0,1
1043200,34,1,1,0
322672,34,1,1,0
2784056,34,1,0,1
2826672,34,1,1,0
1708496,34,1,0,1
4699392,34,1,0,1
1574312,34,1,1,0
1812056,34,1,0,1
3620032,34,1,1,0
5250088,34,1,0,1
645016,34,1,0,1
2196256,34,1,1,0
3253056,34,1,1,0
1325576,34,1,1,0
5509992,34,1,1,0
1591360,34,1,0,1
7568576,34,1,0,1
1413144,34,1,0,1
999960,34,1,0,1
6340256,34,1,1,0
2749840,34,1,1,0
850616,34,1,1,0
987008,34,1,0,1
192840,34,1,0,1
2558824,34,1,1,0
910168,34,1,1,0
2375392,34,1,1,0
6495928,34,1,0,1
2511832,34,1,1,0
5619888,34,1,1,0
696048,34,1,1,0
6359480,34,1,0,1
5909592,34,1,0,1
6739104,34,1,1,0
1749664,34,1,0,1
567304,34,1,0,1
1474456,34,1,1,0
159584,34,1,1,0
4792048,34,1,0,1
2280496,34,1,0,1
3469808,34,1,0,1
4469768,34,1,1,0
398592,34,1,0,1
682952,34,1,0,1
7229312,34,1,1,0
5174584,34,1,1,0
4798272,34,1,0,1
1981896,34,1,1,0
2551568,34,1,0,1
1248600,34,1,0,1
6541264,34,1,0,1
3053792,34,1,1,0
185936,34,1,0,1
2467928,34,1,1,0
2859160,34,1,0,1
892712,34,1,0,1
4401568,34,1,1,0
1093632,34,1,1,0
1321024,34,1,0,1
428648,34,1,0,1
6314016,34,1,0,1
3813688,34,1,0,1
118256,34,1,0,1
7671648,34,1,0,1
2343752,34,1,0,1
1039544,34,1,0,1
4958976,34,1,0,1
903712,34,1,1,0
8246520,34,1,0,1
1034712,34,1,0,1
4409416,34,1,0,1
450752,34,1,0,1
6653408,34,1,0,1
3012536,34,1,0,1
5700176,34,1,0,1
1243928,34,1,1,0
7724088,34,1,1,0
6403312,34,1,1,0
2313456,34,1,0,1
1867720,34,1,1,0
381912,34,1,1,0
5173672,34,1,0,1
4506904,34,1,1,0
4068824,34,1,1,0
765728,34,1,1,0
2453696,34,1,1,0
3410800,34,1,0,1
914320,34,1,1,0
4849976,34,1,0,1
6587368,34,1,0,1
2461080,34,1,1,0
2860176,34,1,0,1
6635032,34,1,1,0
173528,34,1,1,0
2855352,34,1,1,0
673920,34,1,0,1
1043128,34,1,0,1
2587832,34,1,0,1
408496,34,1,1,0
5835928,34,1,0,1
7948800,34,1,1,0
2425352,34,1,1,0
3083880,34,1,1,0
946416,34,1,1,0
862952,34,1,1,0
608312,34,1,1,0
403296,34,1,1,0
3601528,34,1,0,1
859760,34,1,1,0
556664,34,1,0,1
349152,34,1,1,0
1382912,34,1,1,0
2226944,34,1,1,0
1089504,34,1,1,0
300472,34,1,0,1
4693248,34,1,1,0
1221016,34,1,0,1
2196968,34,1,1,0
190496,34,1,0,1
382888,34,1,0,1
612000,34,1,0,1
4903568,34,1,0,1
2551864,34,1,1,0
3527328,34,1,0,1
406376,34,1,0,1
274088,34,1,1,0
1723376,34,1,1,0
411176,34,1,1,0
1963272,34,1,1,0
3695960,34,1,1,0
1151104,34,1,0,1
7093632,34,1,1,0
6969648,34,1,1,0
1474048,34,1,1,0
732816,34,1,1,0
911104,34,1,0,1
1884856,34,1,0,1
3893632,34,1,1,0
4255176,34,1,1,0
299224,34,1,1,0
722368,34,1,0,1
526176,34,1,0,1
1417072,34,1,0,1
3237376,34,1,1,0
1309336,34,1,1,0
2084696,34,1,1,0
2213048,34,1,1,0
7486432,34,1,0,1
2542552,34,1,1,0
1903032,34,1,0,1
1160832,34,1,0,1
1410864,34,1,0,1
741296,34,1,0,1
3003040,34,1,0,1
2241848,34,1,0,1
7606568,34,1,0,1
325536,34,1,1,0
7264408,34,1,0,1
2452528,34,1,1,0
7612616,34,1,1,0
7580168,34,1,1,0
2589696,34,1,0,1
2813472,34,1,0,1
1679968,34,1,0,1
4755160,34,1,1,0
7851992,34,1,0,1
1020048,34,1,0,1
4689216,34,1,0,1
2494888,34,1,1,0
3431272,34,1,0,1
3796128,34,1,0,1
912608,34,1,0,1
3952088,34,1,0,1
1903696,34,1,0,1
597072,34,1,1,0
710296,34,1,0,1
877464,34,1,1,0
495000,34,1,1,0
241760,34,1,1,0
7258440,34,1,0,1
1368440,34,1,0,1
271568,34,1,0,1
6382016,34,1,1,0
4406696,34,1,1,0
7198640,34,1,0,1
3510224,34,1,1,0
254192,34,1,0,1
4274552,34,1,1,0
2000176,34,1,1,0
6570152,34,1,1,0
3343016,34,1,1,0
3321256,34,1,0,1
234128,34,1,1,0
5970792,34,1,1,0
4738384,34,1,0,1
3007272,34,1,0,1
7504256,34,1,1,0
2349504,34,1,0,1
2017576,34,1,1,0
7999320,34,1,1,0
648704,34,1,1,0
1905440,34,1,0,1
1051048,34,1,1,0
2118824,34,1,0,1
7985312,34,1,0,1
4799080,34,1,0,1
635712,34,1,0,1
191288,34,1,0,1
585776,34,1,1,0
555280,34,1,0,1
718480,34,1,1,0
496056,34,1,1,0
346600,34,1,1,0
3365584,34,1,0,1
5057744,34,1,1,0
4274744,34,1,0,1
4010640,34,1,0,1
1061768,34,1,1,0
1399192,34,1,0,1
351448,34,1,0,1
5466232,34,1,0,1
4373320,34,1,1,0
2132232,34,1,0,1
1044288,34,1,1,0
2833136,34,1,1,0
2035280,34,1,0,1
2396600,34,1,1,0
6995248,34,1,1,0
5499048,34,1,0,1
3496416,34,1,1,0
184184,34,1,1,0
3622656,34,1,1,0
362840,34,1,0,1
2728712,34,1,0,1
7475848,34,1,1,0
308328,34,1,1,0
659536,34,1,0,1
1297384,34,1,1,0
865144,34,1,1,0
1804856,34,1,1,0
5151680,34,1,0,1
406496,34,1,1,0
465752,34,1,0,1
319872,34,1,1,0
1819688,34,1,1,0
916144,34,1,0,1
1040632,34,1,1,0
3364848,34,1,0,1
3069176,34,1,0,1
1521824,34,1,1,0
1244632,34,1,0,1
4544456,34,1,1,0
7840064,34,1,1,0
2471128,34,1,1,0
5488184,34,1,1,0
7638560,34,1,1,0
4178904,34,1,0,1
1539064,34,1,1,0
3083448,34,1,0,1
5432792,34,1,1,0
4355360,34,1,1,0
7661864,34,1,1,0
995088,34,1,1,0
734160,34,1,0,1
606504,34,1,1,0
3752504,34,1,0,1
1945048,34,1,0,1
246536,34,1,0,1
172056,34,1,1,0
2830168,34,1,1,0
5048816,34,1,1,0
1106200,34,1,0,1
6485848,34,1,1,0
421464,34,1,0,1
1214848,34,1,1,0
3886640,34,1,0,1
1757344,34,1,1,0
1472760,34,1,1,0
523968,34,1,0,1
6209928,34,1,1,0
5691872,34,1,0,1
1269184,34,1,0,1
5030152,34,1,0,1
476888,34,1,1,0
5316048,34,1,1,0
3107384,34,1,0,1
1582912,34,1,1,0
4016072,34,1,0,1
470808,34,1,0,1
3285704,34,1,1,0
7480656,34,1,1,0
3240184,34,1,1,0
2503776,34,1,0,1
5922848,34,1,1,0
247976,34,1,1,0
540656,34,1,1,0
7785880,34,1,0,1
8196480,34,1,1,0
1319808,34,1,1,0
773384,34,1,1,0
1975984,34,1,1,0
1093248,34,1,1,0
240928,34,1,1,0
1289616,34,1,1,0
2889080,34,1,1,0
7977440,34,1,0,1
872544,34,1,1,0
1129344,34,1,0,1
6120616,34,1,0,1
2497280,34,1,1,0
6741424,34,1,1,0
3477992,34,1,0,1
6170896,34,1,0,1
5096656,34,1,0,1
79264,34,1,0,1
3485024,34,1,1,0
364120,34,1,1,0
3694408,34,1,1,0
1770376,34,1,0,1
1626312,34,1,1,0
7008904,34,1,1,0
413768,34,1,0,1
2283008,34,1,1,0
499080,34,1,0,1
5957216,34,1,0,1
1995840,34,1,1,0
172320,34,1,1,0
4848720,34,1,0,1
7192104,34,1,1,0
2051744,34,1,1,0
6960888,34,1,0,1
2610232,34,1,0,1
1584440,34,1,1,0
2025768,34,1,1,0
5225536,34,1,1,0
687784,34,1,1,0
7714104,34,1,1,0
581912,34,1,1,0
6251888,34,1,1,0
1234184,34,1,0,1
509464,34,1,1,0
438272,34,1,1,0
3716168,34,1,0,1
1091072,34,1,0,1
5668688,34,1,0,1
495144,34,1,1,0
716920,34,1,1,0
473416,34,1,0,1
1317088,34,1,1,0
249824,34,1,0,1
2825256,34,1,1,0
1103440,34,1,1,0
5915520,34,1,0,1
4722728,34,1,1,0
3648928,34,1,0,1
6140512,34,1,0,1
985904,34,1,0,1
4805984,34,1,0,1
2487184,34,1,1,0
8094400,34,1,1,0
3397088,34,1,1,0
146760,34,1,0,1
3688952,34,1,1,0
3426128,34,1,1,0
982352,34,1,0,1
2586184,34,1,0,1
143360,34,1,1,0
3228624,34,1,1,0
1038208,34,1,1,0
4068208,34,1,1,0
7123976,34,1,0,1
6074816,34,1,1,0
2726232,34,1,1,0
1573192,34,1,0,1
7212376,34,1,0,1
2477304,34,1,1,0
7109624,34,1,0,1
7883520,34,1,1,0
6011312,34,1,0,1
6416616,34,1,0,1
1770152,34,1,1,0
634200,34,1,0,1
620880,34,1,0,1
4917104,34,1,0,1
1252768,34,1,0,1
1739680,34,1,1,0
3438568,34,1,1,0
900520,34,1,1,0
7025664,34,1,0,1
4504440,34,1,0,1
866824,34,1,0,1
1765480,34,1,1,0
362568,34,1,0,1
2259720,34,1,1,0
1322440,34,1,1,0
2464984,34,1,0,1
7747704,34,1,1,0
5573496,34,1,1,0
2249096,34,1,1,0
1361792,34,1,0,1
968336,34,1,1,0
7347192,34,1,0,1
1463976,34,1,0,1
4728688,34,1,0,1
928864,34,1,1,0
633816,34,1,0,1
6702304,34,1,0,1
6144064,34,1,1,0
371368,34,1,0,1
861352,34,1,0,1
1716712,34,1,0,1
8231224,34,1,1,0
320048,34,1,1,0
2957696,34,1,1,0
4585904,34,1,1,0
1190112,34,1,0,1
2063832,34,1,0,1
5872320,34,1,0,1
3099696,34,1,1,0
572184,34,1,0,1
8047936,34,1,0,1
157472,34,1,0,1
322360,34,1,0,1
616776,34,1,1,0
3943008,34,1,1,0
1767672,34,1,1,0
1016696,34,1,1,0
2615320,34,1,1,0
236448,34,1,1,0
4319552,34,1,0,1
1326144,34,1,1,0
2174896,34,1,0,1
444872,34,1,0,1
1401600,34,1,1,0
2381784,34,1,0,1
2852536,34,1,0,1
5790528,34,1,1,0
5535400,34,1,0,1
516520,34,1,1,0
1769344,34,1,1,0
6497600,34,1,0,1
1430280,34,1,1,0
1970576,34,1,0,1
7840192,34,1,0,1
691224,34,1,1,0
429816,34,1,1,0
6991520,34,1,1,0
8376936,34,1,1,0
5623224,34,1,1,0
5489952,34,1,1,0
537744,34,1,1,0
650144,34,1,0,1
7095144,34,1,1,0
4531600,34,1,1,0
2521120,34,1,0,1
6995200,34,1,1,0
260904,34,1,0,1
5265296,35,1,0,1
1863872,35,1,0,1
1340896,35,1,0,1
1184224,35,1,0,1
1165608,35,1,0,1
3254472,35,1,1,0
3904208,35,1,0,1
3639992,35,1,1,0
4807504,35,1,0,1
4409656,35,1,1,0
1111008,35,1,0,1
6663440,35,1,1,0
772112,35,1,1,0
4138480,35,1,0,1
676552,35,1,0,1
488480,35,1,0,1
1283856,35,1,0,1
7261544,35,1,0,1
2614400,35,1,0,1
3774736,35,1,1,0
4820272,35,1,0,1
4297104,35,1,1,0
1777232,35,1,0,1
7131328,35,1,0,1
2757232,35,1,0,1
4459280,35,1,1,0
857160,35,1,0,1
3142864,35,1,1,0
1100376,35,1,0,1
3575912,35,1,1,0
1538864,35,1,1,0
504960,35,1,1,0
239544,35,1,1,0
3263040,35,1,1,0
716504,35,1,1,0
2794744,35,1,1,0
639072,35,1,1,0
4848840,35,1,0,1
7377400,35,1,0,1
1403728,35,1,0,1
2808944,35,1,1,0
1827976,35,1,1,0
1602104,35,1,1,0
860488,35,1,0,1
4465384,35,1,0,1
3551888,35,1,0,1
3032112,35,1,0,1
7948728,35,1,0,1
1919072,35,1,1,0
1203152,35,1,0,1
1458584,35,1,0,1
244728,35,1,0,1
6221368,35,1,1,0
3918240,35,1,0,1
6245184,35,1,1,0
1151648,35,1,1,0
1521296,35,1,0,1
6389456,35,1,0,1
298080,35,1,0,1
1623072,35,1,1,0
1014168,35,1,1,0
2652072,35,1,1,0
2813200,35,1,1,0
350592,35,1,1,0
2031768,35,1,1,0
4265680,35,1,1,0
4323648,35,1,1,0
7481120,35,1,1,0
1695208,35,1,1,0
6850896,35,1,1,0
6044792,35,1,1,0
4777680,35,1,0,1
341832,35,1,0,1
295080,35,1,1,0
4921984,35,1,0,1
2361624,35,1,0,1
5410976,35,1,1,0
1753664,35,1,0,1
4519016,35,1,1,0
2267992,35,1,1,0
7753752,35,1,0,1
2785584,35,1,1,0
593552,35,1,0,1
3097664,35,1,1,0
5223928,35,1,1,0
1111400,35,1,1,0
502880,35,1,1,0
6751280,35,1,1,0
4731664,35,1,1,0
4204056,35,1,0,1
3186784,35,1,1,0
2297152,35,1,0,1
874824,35,1,1,0
3895624,35,1,0,1
795496,35,1,0,1
6366472,35,1,0,1
1734336,35,1,0,1
2363968,35,1,0,1
3821840,35,1,0,1
993536,35,1,0,1
740968,35,1,0,1
2010072,35,1,1,0
267976,35,1,0,1
4181360,35,1,0,1
7350968,35,1,0,1
344816,35,1,1,0
3244952,35,1,0,1
5864232,35,1,1,0
1041408,35,1,1,0
443832,35,1,1,0
6294112,35,1,1,0
1419480,35,1,1,0
3735024,35,1,1,0
5274848,35,1,1,0
6102208,35,1,0,1
4346720,35,1,1,0
807296,35,1,1,0
5126936,35,1,0,1
2237752,35,1,0,1
2321960,35,1,1,0
868432,35,1,1,0
4984624,35,1,0,1
1793136,35,1,0,1
1672856,35,1,1,0
617848,35,1,1,0
1878616,35,1,1,0
4468216,35,1,1,0
1358224,35,1,0,1
4962648,35,1,0,1
3926672,35,1,1,0
569640,35,1,0,1
2369488,35,1,1,0
1492288,35,1,0,1
2366416,35,1,0,1
5799368,35,1,0,1
5783576,35,1,0,1
970336,35,1,0,1
4058616,35,1,0,1
1380024,35,1,1,0
3011584,35,1,0,1
2946480,35,1,1,0
6692656,35,1,0,1
1054584,35,1,1,0
6102464,35,1,1,0
2638264,35,1,1,0
408776,35,1,1,0
2004192,35,1,0,1
7068968,35,1,0,1
6132960,35,1,0,1
2348656,35,1,1,0
3066016,35,1,0,1
279808,35,1,1,0
1945952,35,1,1,0
2666688,35,1,1,0
3920800,35,1,1,0
4311880,35,1,1,0
3835824,35,1,0,1
1377064,35,1,1,0
1886952,35,1,1,0
2811712,35,1,1,0
2504264,35,1,0,1
2590976,35,1,1,0
4003472,35,1,0,1
1534304,35,1,1,0
3210400,35,1,0,1
1972112,35,1,0,1
5166688,35,1,0,1
2809712,35,1,0,1
726272,35,1,0,1
551224,35,1,0,1
3544800,35,1,1,0
2290768,35,1,0,1
4495344,35,1,0,1
295072,35,1,1,0
2132248,35,1,0,1
951328,35,1,0,1
2216624,35,1,0,1
7986448,35,1,1,0
112872,35,1,1,0
6220848,35,1,1,0
2440016,35,1,1,0
819968,35,1,1,0
111800,35,1,0,1
1886104,35,1,1,0
4283016,35,1,1,0
942984,35,1,0,1
2938744,35,1,1,0
1827360,35,1,1,0
814352,35,1,0,1
1207080,35,1,0,1
1601200,35,1,0,1
3622288,35,1,1,0
6685904,35,1,1,0
4762344,35,1,0,1
630192,35,1,0,1
512016,35,1,0,1
2816432,35,1,1,0
5028240,35,1,0,1
5194088,35,1,0,1
2657768,35,1,1,0
1092648,35,1,1,0
219760,35,1,1,0
3176208,35,1,1,0
4518520,35,1,1,0
1417864,35,1,1,0
873816,35,1,0,1
5427864,35,1,0,1
1796520,35,1,0,1
2044968,35,1,1,0
810120,35,1,0,1
449336,35,1,0,1
1735544,35,1,1,0
1377176,35,1,0,1
5761232,35,1,0,1
377896,35,1,1,0
6573288,35,1,0,1
7664976,35,1,1,0
1114784,35,1,1,0
1333768,35,1,0,1
1909208,35,1,0,1
362992,35,1,1,0
1328376,35,1,0,1
1508128,35,1,1,0
7889632,35,1,0,1
3083168,35,1,0,1
5822616,35,1,0,1
7965232,35,1,0,1
1090968,35,1,1,0
2290712,35,1,0,1
5871312,35,1,1,0
5669616,35,1,0,1
815104,35,1,0,1
1239456,35,1,1,0
1774024,35,1,1,0
6868128,35,1,0,1
1872720,35,1,1,0
3199456,35,1,0,1
2271768,35,1,0,1
6154016,35,1,1,0
1817472,35,1,1,0
6495072,35,1,1,0
1711992,35,1,0,1
1202504,35,1,0,1
556856,35,1,1,0
1956552,35,1,1,0
4140440,35,1,1,0
5992944,35,1,1,0
953624,35,1,0,1
3003112,35,1,0,1
445816,35,1,0,1
490448,35,1,0,1
1071696,35,1,0,1
871192,35,1,1,0
7208416,35,1,1,0
8159880,35,1,1,0
265152,35,1,1,0
880496,35,1,0,1
4931800,35,1,1,0
3827816,35,1,0,1
8174032,35,1,0,1
6960528,35,1,1,0
5045896,35,1,0,1
3144000,35,1,1,0
5199336,35,1,0,1
5578824,35,1,0,1
3926416,35,1,0,1
306680,35,1,0,1
2588032,35,1,1,0
7108848,35,1,0,1
296800,35,1,0,1
2667040,35,1,1,0
584448,35,1,0,1
354912,35,1,1,0
1591832,35,1,0,1
347864,35,1,0,1
4437944,35,1,0,1
354456,35,1,0,1
4300376,35,1,0,1
2161472,35,1,1,0
5782944,35,1,0,1
1154616,35,1,1,0
1626240,35,1,1,0
3492592,35,1,0,1
514536,35,1,1,0
1108272,35,1,0,1
1211936,35,1,0,1
3225160,35,1,1,0
4771416,35,1,1,0
681120,35,1,0,1
3419960,35,1,0,1
2070960,35,1,1,0
1612440,35,1,0,1
6843952,35,1,0,1
470320,35,1,1,0
1754752,35,1,1,0
8214984,35,1,0,1
5552728,35,1,0,1
1025704,35,1,1,0
2549792,35,1,0,1
288672,35,1,0,1
1176472,35,1,1,0
2824448,35,1,1,0
6612584,35,1,1,0
670016,35,1,1,0
3852208,35,1,1,0
1129400,35,1,0,1
2207072,35,1,0,1
1936384,35,1,0,1
2050752,35,1,0,1
1412824,35,1,0,1
2139048,35,1,1,0
959008,35,1,0,1
7154400,35,1,0,1
5500176,35,1,0,1
864928,35,1,0,1
1555400,35,1,1,0
2070024,35,1,1,0
4320224,35,1,1,0
127072,35,1,0,1
4685416,35,1,1,0
1851656,35,1,1,0
5049456,35,1,0,1
5328312,35,1,1,0
1092632,35,1,1,0
4883984,35,1,1,0
901552,35,1,0,1
757072,35,1,0,1
6089384,35,1,0,1
4048040,35,1,0,1
830952,35,1,1,0
365888,35,1,0,1
1163328,35,1,0,1
836640,35,1,0,1
7505536,35,1,1,0
620664,35,1,1,0
921184,35,1,1,0
441704,35,1,1,0
1182296,35,1,0,1
821792,35,1,1,0
487888,35,1,1,0
5377184,35,1,0,1
556080,35,1,1,0
1524840,35,1,0,1
529344,35,1,1,0
704696,35,1,1,0
707728,35,1,1,0
2737464,35,1,1,0
951248,35,1,1,0
311192,35,1,0,1
3691424,35,1,1,0
348432,35,1,1,0
3586392,35,1,1,0
1078792,35,1,1,0
324552,35,1,1,0
7726296,35,1,1,0
2282464,35,1,1,0
1417264,35,1,0,1
795208,35,1,0,1
6721520,35,1,1,0
5299712,35,1,1,0
2273352,35,1,0,1
5646760,35,1,0,1
1142696,35,1,1,0
1110904,35,1,0,1
222176,35,1,1,0
667800,35,1,1,0
6364680,35,1,1,0
2290408,35,1,0,1
855016,35,1,0,1
5400392,35,1,0,1
4736136,35,1,1,0
1393352,35,1,1,0
1858664,35,1,0,1
1461264,35,1,0,1
1355976,35,1,1,0
2046056,35,1,1,0
3590296,35,1,0,1
1883400,35,1,1,0
1260304,35,1,1,0
3946512,35,1,1,0
5003472,35,1,1,0
829168,35,1,0,1
5479112,35,1,1,0
6483960,35,1,0,1
6254904,35,1,0,1
665648,35,1,0,1
6782840,35,1,1,0
3963832,35,1,1,0
7700672,35,1,1,0
3774128,35,1,1,0
1127840,35,1,1,0
5259472,35,1,1,0
1530648,35,1,0,1
749704,35,1,0,1
6464232,35,1,1,0
2584536,35,1,1,0
289872,35,1,0,1
336696,35,1,0,1
1662320,35,1,0,1
432384,35,1,0,1
1061216,35,1,1,0
529272,35,1,0,1
6069504,35,1,1,0
7229392,35,1,1,0
3257176,35,1,0,1
1030632,35,1,1,0
6260544,35,1,0,1
4114056,35,1,0,1
562944,35,1,1,0
3616360,35,1,1,0
2863112,35,1,0,1
3450008,35,1,1,0
491864,35,1,0,1
4359856,35,1,0,1
849992,35,1,1,0
1478576,35,1,0,1
5500120,35,1,1,0
6729400,35,1,0,1
990408,35,1,0,1
1052392,35,1,0,1
2985952,35,1,0,1
787136,35,1,1,0
3691592,35,1,0,1
774648,35,1,1,0
3540176,35,1,0,1
6749368,35,1,0,1
986344,35,1,0,1
2671736,35,1,1,0
2608936,35,1,0,1
7143224,35,1,0,1
720248,35,1,1,0
2400072,35,1,1,0
8017376,35,1,0,1
3169464,35,1,1,0
2817696,35,1,0,1
3731008,35,1,1,0
7320944,35,1,1,0
1935328,35,1,1,0
558136,35,1,0,1
279480,35,1,0,1
1643256,35,1,0,1
912120,35,1,1,0
889328,35,1,0,1
8364472,35,1,0,1
1229960,35,1,0,1
676472,35,1,0,1
532152,35,1,0,1
524096,35,1,1,0
2875808,35,1,0,1
500536,35,1,0,1
776936,35,1,1,0
7708384,35,1,0,1
6382456,35,1,1,0
1456416,35,1,1,0
2624848,35,1,1,0
5237440,35,1,1,0
2377216,35,1,1,0
1782544,35,1,1,0
1898944,35,1,1,0
5571464,35,1,0,1
1377336,35,1,0,1
8351520,35,1,1,0
752464,35,1,0,1
553504,35,1,1,0
2490352,35,1,1,0
4000912,35,1,1,0
3580312,35,1,1,0
1941320,35,1,1,0
2615064,35,1,1,0
6550216,35,1,0,1
308184,35,1,1,0
5212016,35,1,1,0
7154024,35,1,1,0
4682384,35,1,1,0
2076832,35,1,0,1
288928,35,1,1,0
929384,35,1,1,0
4154448,35,1,1,0
3616664,35,1,0,1
264696,35,1,1,0
2827648,35,1,1,0
4007000,35,1,1,0
2718608,35,1,0,1
1073072,35,1,1,0
6301616,35,1,1,0
1865112,35,1,1,0
7330224,35,1,0,1
6822120,35,1,0,1
1382000,35,1,1,0
1909760,35,1,1,0
3483416,35,1,0,1
2144248,35,1,1,0
7633656,35,1,1,0
1775384,35,1,0,1
806528,35,1,1,0
5900648,35,1,1,0
1359080,35,1,1,0
6498296,35,1,1,0
1062312,35,1,0,1
670616,35,1,0,1
470560,35,1,1,0
1930504,35,1,0,1
1005960,35,1,0,1
1121576,35,1,1,0
1682280,35,1,0,1
1222376,35,1,0,1
569720,35,1,0,1
7908664,35,1,0,1
7324008,35,1,1,0
3554248,35,1,0,1
4680336,35,1,0,1
1440080,35,1,1,0
1048176,35,1,0,1
2846136,35,1,1,0
2265016,35,1,1,0
446688,35,1,1,0
4032624,35,1,0,1
813824,35,1,1,0
508576,35,1,0,1
2364432,35,1,0,1
1066464,35,1,0,1
2147352,35,1,0,1
2543992,35,1,1,0
1085872,35,1,1,0
1171528,35,1,0,1
882016,35,1,0,1
774768,35,1,0,1
2375688,35,1,0,1
1029504,35,1,0,1
707656,35,1,1,0
4178392,35,1,1,0
3597104,35,1,1,0
660120,35,1,0,1
612720,35,1,1,0
3351696,35,1,0,1
123096,35,1,1,0
636600,35,1,1,0
5041192,35,1,1,0
607592,35,1,0,1
5921992,35,1,1,0
5086304,35,1,1,0
2370400,35,1,0,1
3313912,35,1,0,1
3945240,35,1,0,1
7729792,35,1,0,1
1415640,35,1,0,1
435360,35,1,0,1
1091880,35,1,1,0
1792456,35,1,1,0
4040504,35,1,0,1
1270256,35,1,1,0
2115744,35,1,0,1
6500616,35,1,0,1
519336,35,1,0,1
780512,35,1,0,1
2752640,35,1,0,1
421256,35,1,1,0
1308904,35,1,1,0
4425424,35,1,0,1
6805768,35,1,1,0
404856,35,1,1,0
2014872,35,1,1,0
740280,35,1,1,0
973728,35,1,0,1
7810912,35,1,0,1
6497592,35,1,1,0
4940104,35,1,0,1
4749264,35,1,1,0
154952,35,1,1,0
1757184,35,1,1,0
1521552,35,1,1,0
769088,35,1,0,1
7614232,35,1,0,1
1908880,35,1,0,1
1432952,35,1,0,1
2547384,35,1,0,1
2009136,35,1,1,0
7929624,35,1,1,0
1059376,35,1,0,1
1144896,35,1,1,0
790320,35,1,1,0
169328,35,1,1,0
428352,35,1,1,0
767656,35,1,1,0
2954048,35,1,1,0
2954680,35,1,0,1
4661072,35,1,1,0
403792,35,1,0,1
115864,35,1,0,1
519576,35,1,1,0
2638560,35,1,0,1
3789016,35,1,1,0
2202464,35,1,1,0
1679344,35,1,0,1
3297280,35,1,0,1
236040,35,1,0,1
5931592,35,1,0,1
8315824,35,1,1,0
7091440,35,1,1,0
6564680,35,1,1,0
4172232,35,1,0,1
3011880,35,1,0,1
652312,35,1,0,1
1728128,35,1,1,0
5169880,35,1,0,1
646704,35,1,1,0
5117744,35,1,0,1
6159848,35,1,0,1
5565072,35,1,0,1
1743208,35,1,1,0
165888,35,1,1,0
569096,35,1,0,1
5015600,35,1,1,0
177064,35,1,1,0
3813912,35,1,0,1
2876592,35,1,0,1
1119216,35,1,1,0
1249328,35,1,1,0
547624,35,1,1,0
735928,35,1,1,0
7243912,35,1,0,1
4980432,35,1,1,0
212952,35,1,1,0
1270352,35,1,1,0
2584744,35,1,1,0
4209608,35,1,1,0
2044448,35,1,1,0
386736,35,1,0,1
1687360,35,1,0,1
2270712,35,1,0,1
230016,35,1,0,1
3604496,35,1,1,0
2509064,35,1,1,0
2938392,35,1,1,0
2436120,35,1,1,0
3561776,35,1,0,1
8190992,35,1,0,1
2615488,35,1,1,0
7674048,35,1,1,0
137376,35,1,1,0
1713984,35,1,0,1
2839408,35,1,1,0
191256,35,1,0,1
5458288,35,1,0,1
2570776,35,1,1,0
1097616,35,1,0,1
138472,35,1,1,0
6783984,35,1,1,0
6155784,35,1,0,1
5303720,35,1,1,0
985248,35,1,0,1
838992,35,1,1,0
1555552,35,1,0,1
4508512,35,1,1,0
3576784,35,1,0,1
2182600,35,1,0,1
2654280,35,1,0,1
286272,35,1,1,0
1169704,35,1,0,1
1587600,35,1,0,1
6802800,35,1,1,0
3375912,35,1,1,0
4995088,35,1,1,0
4228176,35,1,1,0
1432544,35,1,1,0
482792,35,1,0,1
1253728,35,1,0,1
3617872,35,1,0,1
2440208,35,1,0,1
3198856,35,1,0,1
4455240,35,1,1,0
6714576,35,1,1,0
1143464,35,1,1,0
3795048,35,1,0,1
2333960,35,1,0,1
2602352,35,1,1,0
7765944,35,1,1,0
2704848,35,1,0,1
731920,35,1,1,0
436104,35,1,0,1
8160248,35,1,1,0
2536280,35,1,0,1
5073952,35,1,1,0
208896,35,1,0,1
3707504,35,1,1,0
6927232,35,1,1,0
4997400,35,1,1,0
986112,35,1,1,0
5784544,35,1,1,0
1935720,35,1,0,1
5124024,35,1,1,0
2040968,35,1,1,0
3903344,35,1,0,1
212784,35,1,0,1
755280,35,1,1,0
1050736,35,1,1,0
474472,35,1,0,1
5741624,35,1,0,1
3747024,35,1,1,0
4818736,35,1,0,1
6195648,35,1,0,1
132360,35,1,0,1
2741560,35,1,1,0
2998312,35,1,0,1
6522296,35,1,1,0
2138200,35,1,1,0
1973296,35,1,0,1
7751040,35,1,1,0
3119784,35,1,1,0
5899072,35,1,0,1
4552384,35,1,1,0
1885688,35,1,0,1
4960056,35,1,1,0
494144,35,1,1,0
2995656,35,1,0,1
5375024,35,1,1,0
2627696,35,1,0,1
953280,35,1,1,0
3226856,35,1,0,1
791016,35,1,0,1
345032,35,1,0,1
732128,35,1,0,1
2148088,35,1,0,1
410760,35,1,1,0
2261032,35,1,1,0
4433480,35,1,0,1
4726536,35,1,0,1
945144,35,1,0,1
5543400,35,1,1,0
5658112,35,1,0,1
8224336,35,1,1,0
1772000,35,1,1,0
991192,35,1,0,1
7536688,35,1,0,1
5656872,35,1,1,0
326032,35,1,0,1
1220064,35,1,0,1
1636936,35,1,1,0
570472,35,1,0,1
621320,35,1,0,1
1282184,35,1,0,1
601960,35,1,0,1
1302208,35,1,1,0
6350064,35,1,1,0
2650856,35,1,0,1
4698400,35,1,0,1
830888,35,1,0,1
2830176,35,1,1,0
1421520,35,1,0,1
3699248,35,1,0,1
862936,35,1,0,1
6273592,35,1,1,0
216880,35,1,1,0
921400,35,1,0,1
1807728,35,1,1,0
6216256,35,1,1,0
1412680,35,1,1,0
962264,35,1,1,0
3300328,35,1,0,1
2855120,35,1,0,1
141912,35,1,1,0
5657544,35,1,0,1
2715392,35,1,0,1
640600,35,1,1,0
809760,35,1,0,1
990272,35,1,1,0
3224248,35,1,0,1
5199056,35,1,1,0
1575936,35,1,0,1
6098344,35,1,0,1
6595080,35,1,1,0
4058176,35,1,0,1
4165688,35,1,1,0
2024488,35,1,0,1
98200,35,1,1,0
1862344,35,1,0,1
1037744,35,1,0,1
1951600,35,1,0,1
5486848,35,1,1,0
4481952,35,1,1,0
552288,35,1,0,1
2260744,35,1,0,1
1702392,35,1,1,0
7543272,35,1,0,1
5899120,35,1,1,0
4880464,35,1,0,1
4486688,35,1,1,0
4699976,35,1,0,1
6551968,35,1,1,0
6556856,35,1,0,1
506464,35,1,0,1
5567584,35,1,1,0
4368984,35,1,1,0
983616,35,1,0,1
4140944,35,1,0,1
6810592,35,1,1,0
4090368,35,1,1,0
5837296,35,1,1,0
1799584,35,1,0,1
4315920,35,1,0,1
606416,35,1,1,0
453560,35,1,0,1
1432120,35,1,0,1
1632080,35,1,1,0
1005640,35,1,0,1
864272,35,1,0,1
334704,35,1,0,1
6890232,35,1,1,0
635720,35,1,0,1
490072,35,1,1,0
5211376,35,1,1,0
2707032,35,1,1,0
2497008,35,1,0,1
477064,35,1,1,0
2472600,35,1,0,1
428544,35,1,0,1
2982984,35,1,0,1
7823416,35,1,1,0
6795288,35,1,0,1
763728,35,1,1,0
6848176,35,1,0,1
4068096,35,1,1,0
5680536,35,1,0,1
3456024,35,1,0,1
496592,35,1,0,1
640576,35,1,1,0
4998672,35,1,1,0
4490216,35,1,1,0
3778944,35,1,0,1
760248,35,1,1,0
1012208,35,1,1,0
5867000,35,1,1,0
4499872,35,1,0,1
1367576,35,1,0,1
5176400,35,1,0,1
1783216,35,1,1,0
861624,35,1,0,1
1053728,35,1,1,0
3625120,35,1,1,0
3788464,35,1,0,1
779800,35,1,0,1
1880304,35,1,1,0
1156680,35,1,0,1
698544,35,1,0,1
3091320,35,1,0,1
2217584,35,1,1,0
6566120,35,1,0,1
4359136,35,1,1,0
5544616,35,1,0,1
4593224,35,1,1,0
329256,35,1,0,1
1201072,35,1,0,1
2576128,35,1,0,1
859872,35,1,0,1
785936,35,1,0,1
4498088,35,1,1,0
7117624,35,1,0,1
287976,35,1,1,0
1299672,35,1,0,1
938520,35,1,0,1
6456768,35,1,0,1
504472,35,1,0,1
6016528,35,1,0,1
4225376,35,1,0,1
2727728,35,1,0,1
6978720,35,1,0,1
643360,35,1,1,0
4434088,35,1,1,0
1102760,35,1,1,0
3465800,35,1,0,1
1591736,35,1,0,1
2172736,35,1,0,1
1665568,35,1,1,0
1981576,35,1,0,1
2680616,35,1,1,0
8100856,35,1,1,0
1531224,35,1,0,1
510640,35,1,1,0
379520,35,1,0,1
3250016,35,1,0,1
2077440,35,1,0,1
5902688,35,1,0,1
267696,35,1,1,0
4099184,35,1,0,1
497712,35,1,1,0
7295200,35,1,0,1
458240,35,1,1,0
6808704,35,1,1,0
953696,35,1,1,0
492976,35,1,1,0
4319360,35,1,1,0
5709144,35,1,0,1
564088,35,1,1,0
760064,35,1,1,0
5109104,35,1,0,1
342128,35,1,0,1
1591496,35,1,0,1
1039408,35,1,0,1
3629632,35,1,1,0
3155000,35,1,1,0
2878656,35,1,0,1
8363376,35,1,1,0
1314576,35,1,0,1
102360,35,1,1,0
2958264,35,1,1,0
1855064,35,1,0,1
6047048,35,1,1,0
7279008,35,1,1,0
4997728,35,1,0,1
1344416,35,1,1,0
949520,35,1,1,0
2578744,35,1,0,1
4674184,35,1,1,0
1045792,35,1,1,0
4134368,35,1,1,0
2517488,35,1,1,0
253608,35,1,0,1
2470712,35,1,0,1
1026120,35,1,1,0
3383024,35,1,1,0
5622832,35,1,1,0
1141768,35,1,1,0
1669192,35,1,0,1
559912,35,1,0,1
422984,35,1,0,1
169272,35,1,0,1
4179592,35,1,0,1
5191992,35,1,0,1
4382568,35,1,0,1
2279616,35,1,1,0
8326072,35,1,1,0
447968,35,1,0,1
1797736,35,1,1,0
1582928,35,1,0,1
4588664,35,1,1,0
911592,35,1,0,1
357008,35,1,1,0
3456040,35,1,1,0
1695632,35,1,1,0
3072008,35,1,1,0
4717344,35,1,1,0
1096664,35,1,0,1
2573144,35,1,0,1
7906032,35,1,1,0
1687536,35,1,0,1
2351968,35,1,1,0
3605600,35,1,1,0
2636416,35,1,0,1
432608,35,1,0,1
1495328,35,1,1,0
967312,35,1,1,0
1884560,35,1,1,0
5364544,35,1,1,0
1177960,35,1,0,1
2192784,35,1,1,0
7856552,35,1,1,0
2721768,35,1,1,0
1334656,35,1,1,0
1970400,35,1,1,0
2632800,35,1,0,1
5846824,35,1,1,0
1977064,35,1,0,1
4657624,35,1,1,0
261472,35,1,0,1
6294944,35,1,1,0
943248,35,1,0,1
1693208,35,1,1,0
557104,35,1,0,1
5062456,35,1,0,1
773360,35,1,1,0
637368,35,1,0,1
1386160,35,1,1,0
3294312,35,1,1,0
1586840,35,1,1,0
2856456,35,1,1,0
6004072,35,1,0,1
908504,35,1,1,0
647856,35,1,1,0
617616,35,1,0,1
6683960,35,1,1,0
1659424,35,1,1,0
8244472,35,1,1,0
1171200,35,1,1,0
652728,35,1,0,1
4052064,35,1,0,1
5061416,35,1,0,1
3892280,35,1,1,0
3949744,35,1,1,0
3225240,35,1,0,1
802720,35,1,0,1
3989840,35,1,0,1
222360,35,1,0,1
6497888,35,1,1,0
4046472,35,1,0,1
3521648,35,1,1,0
3246032,35,1,1,0
4189720,35,1,0,1
2124808,35,1,0,1
2507408,35,1,0,1
1441648,35,1,0,1
8214712,35,1,1,0
418496,35,1,0,1
2345400,35,1,1,0
495736,35,1,1,0
4284624,35,1,1,0
2640664,35,1,0,1
4263224,35,1,1,0
1114832,35,1,0,1
1889792,35,1,0,1
5336912,35,1,0,1
424144,35,1,1,0
3067872,35,1,0,1
283872,35,1,1,0
681240,35,1,0,1
646096,35,1,0,1
4207816,35,1,0,1
686760,35,1,1,0
7525232,35,1,1,0
8026392,35,1,0,1
3856264,35,1,1,0
1022400,35,1,0,1
5879624,35,1,0,1
3943992,35,1,1,0
411200,35,1,0,1
2053936,35,1,1,0
2191856,35,1,1,0
915248,35,1,1,0
736888,35,1,1,0
1292664,35,1,1,0
1516424,35,1,0,1
1499976,35,1,0,1
4627112,35,1,1,0
448816,35,1,0,1
2091304,35,1,1,0
761976,35,1,1,0
808784,35,1,1,0
2428248,35,1,0,1
1599536,35,1,1,0
8226240,35,1,1,0
1201744,35,1,0,1
3800096,35,1,0,1
293112,35,1,1,0
1580952,35,1,0,1
7080792,35,1,0,1
270144,35,1,1,0
1431528,35,1,1,0
4201096,35,1,0,1
1403216,35,1,1,0
2304560,35,1,1,0
729368,35,1,0,1
1325808,35,1,0,1
6647328,35,1,0,1
608136,35,1,0,1
1619944,35,1,1,0
3190088,35,1,1,0
273416,35,1,0,1
1336696,35,1,1,0
2408184,35,1,1,0
3360144,35,1,0,1
1074792,35,1,0,1
3506696,35,1,1,0
4926248,35,1,0,1
4335648,35,1,0,1
3093088,35,1,0,1
961896,35,1,1,0
423776,35,1,1,0
1278248,35,1,1,0
1014296,35,1,1,0
1287592,35,1,1,0
1036864,35,1,1,0
3330800,35,1,0,1
3344936,35,1,0,1
937912,35,1,0,1
579240,35,1,0,1
7725880,35,1,1,0
1684600,35,1,1,0
894480,35,1,1,0
5039560,35,1,0,1
7420344,35,1,0,1
1022488,35,1,0,1
283912,35,1,0,1
3688040,35,1,0,1
906104,35,1,0,1
4056888,35,1,1,0
1462944,35,1,0,1
756352,35,1,0,1
1248992,35,1,0,1
5689984,35,1,0,1
299440,35,1,1,0
1433704,35,1,0,1
1262032,35,1,0,1
5221688,35,1,0,1
7697672,35,1,1,0
2692600,35,1,1,0
793968,35,1,1,0
312168,35,1,1,0
4942528,35,1,1,0
807544,35,1,1,0
4304424,35,1,1,0
1498456,35,1,1,0
1497040,35,1,0,1
590640,35,1,1,0
4363448,35,1,0,1
1259952,35,1,0,1
156936,35,1,1,0
1760776,35,1,1,0
1496952,35,1,0,1
1715592,35,1,1,0
3358688,35,1,0,1
5016544,35,1,0,1
4436632,35,1,0,1
562288,35,1,1,0
2852688,35,1,1,0
5536760,35,1,0,1
2184936,35,1,1,0
320656,35,1,1,0
825360,35,1,1,0
1974960,35,1,1,0
1099856,35,1,1,0
4312768,35,1,1,0
2332848,35,1,0,1
6857632,35,1,1,0
8363864,35,1,0,1
6428672,35,1,1,0
731008,35,1,1,0
4789688,35,1,1,0
7998376,35,1,0,1
4109624,35,1,0,1
356000,35,1,0,1
867224,35,1,0,1
4125512,35,1,1,0
732368,35,1,0,1
2476320,35,1,0,1
2020496,35,1,1,0
1050872,35,1,1,0
2171464,35,1,0,1
5598584,35,1,1,0
3528608,35,1,1,0
2600376,35,1,1,0
5212784,35,1,0,1
6862064,35,1,1,0
1162592,35,1,1,0
752264,35,1,0,1
2836232,35,1,1,0
8371336,35,1,1,0
7763688,35,1,0,1
8015176,35,1,1,0
2801568,35,1,0,1
417448,35,1,1,0
615528,35,1,0,1
2325440,35,1,0,1
277392,35,1,0,1
1882520,35,1,1,0
858368,35,1,1,0
3929112,35,1,0,1
3163224,35,1,1,0
1039632,35,1,0,1
2260736,35,1,0,1
1754384,35,1,1,0
5255336,35,1,0,1
1215704,35,1,1,0
5445200,35,1,0,1
4350600,35,1,1,0
1075800,35,1,0,1
4274288,35,1,0,1
7171648,35,1,1,0
4296128,35,1,1,0
1351536,35,1,0,1
477440,35,1,0,1
7841584,35,1,0,1
7302600,35,1,0,1
3209752,35,1,0,1
1518328,35,1,1,0
6839752,35,1,1,0
6990016,35,1,1,0
3449248,35,1,1,0
5154560,35,1,0,1
4183944,35,1,0,1
748184,35,1,1,0
4370320,35,1,1,0
1275064,35,1,1,0
1492400,35,1,0,1
4417200,35,1,0,1
342368,35,1,1,0
5008784,35,1,0,1
1767376,35,1,1,0
63192,35,1,1,0
1721208,35,1,0,1
2280248,35,1,1,0
823656,35,1,0,1
4665344,35,1,0,1
4050536,35,1,1,0
5469248,35,1,1,0
517912,35,1,1,0
6535224,35,1,1,0
4485624,35,1,1,0
1008272,35,1,0,1
5258912,35,1,1,0
4847944,35,1,0,1
1076392,35,1,1,0
3146976,35,1,1,0
1806352,35,1,1,0
1942944,35,1,1,0
6596352,35,1,1,0
825968,35,1,1,0
2554232,35,1,1,0
952392,35,1,0,1
2968792,35,1,1,0
1832816,35,1,0,1
610168,35,1,1,0
6082992,35,1,1,0
3202224,35,1,0,1
2610768,35,1,0,1
3898192,35,1,0,1
5621784,35,1,1,0
1148952,35,1,0,1
3356432,35,1,0,1
3037736,35,1,0,1
5040064,35,1,0,1
3072704,35,1,0,1
5949704,35,1,0,1
7393984,35,1,0,1
5856688,35,1,1,0
4873392,35,1,0,1
3016336,35,1,1,0
577944,35,1,0,1
6070544,35,1,1,0
893976,35,1,1,0
7306120,35,1,1,0
6808480,35,1,0,1
4200584,35,1,1,0
7508048,35,1,0,1
7344272,35,1,1,0
1828496,35,1,1,0
1515208,35,1,1,0
475400,35,1,0,1
1247544,35,1,1,0
4843152,35,1,0,1
4106928,35,1,1,0
6511232,35,1,0,1
729088,35,1,1,0
3389416,35,1,0,1
1794072,35,1,1,0
2356440,35,1,1,0
1117776,35,1,0,1
3058280,35,1,0,1
4740808,35,1,0,1
3833064,35,1,0,1
318048,35,1,0,1
3473360,35,1,1,0
1380120,35,1,1,0
998040,35,1,0,1
557072,35,1,0,1
870552,35,1,0,1
3888608,35,1,1,0
436480,35,1,0,1
5735400,35,1,1,0
7009392,35,1,1,0
5004288,35,1,0,1
7261160,35,1,1,0
604680,35,1,1,0
196840,35,1,1,0
3428328,35,1,0,1
3474248,35,1,1,0
2416504,35,1,1,0
5542824,35,1,0,1
413048,35,1,0,1
6114904,35,1,1,0
4898000,35,1,1,0
7413832,35,1,1,0
938256,35,1,0,1
2844784,35,1,1,0
3700504,35,1,1,0
548608,35,1,1,0
7633168,35,1,1,0
892496,35,1,1,0
5544040,35,1,1,0
6082760,35,1,1,0
3072848,35,1,0,1
2426184,35,1,1,0
2139808,35,1,1,0
7685656,35,1,0,1
594008,35,1,1,0
2144536,35,1,1,0
6303000,35,1,0,1
1478528,35,1,0,1
1885056,35,1,1,0
475928,35,1,0,1
323872,35,1,0,1
1334176,35,1,1,0
4658728,35,1,0,1
331032,35,1,1,0
2184976,35,1,1,0
2363464,35,1,0,1
289160,35,1,0,1
4267648,35,1,0,1
5043296,35,1,1,0
5849248,35,1,0,1
6088752,35,1,1,0
6749856,35,1,1,0
7881096,35,1,0,1
182376,35,1,0,1
3209144,35,1,1,0
4746496,35,1,0,1
935472,35,1,1,0
2484096,35,1,0,1
838896,35,1,0,1
141728,35,1,0,1
1633664,35,1,1,0
4583136,35,1,0,1
1152296,35,1,0,1
7143264,35,1,1,0
6727544,35,1,0,1
4341088,35,1,0,1
1210768,35,1,0,1
1062088,35,1,1,0
2421584,35,1,0,1
587160,35,1,1,0
646960,35,1,0,1
5915824,35,1,0,1
4029160,35,1,0,1
195136,35,1,1,0
2534000,35,1,0,1
739032,35,1,1,0
451352,35,1,0,1
2805528,35,1,0,1
1040752,35,1,1,0
977832,35,1,1,0
1205592,35,1,1,0
443224,35,1,1,0
4538688,35,1,0,1
1079248,35,1,0,1
2330112,35,1,0,1
3630336,35,1,0,1
622216,35,1,1,0
3706176,35,1,1,0
5910872,35,1,1,0
2807240,35,1,0,1
6349240,35,1,1,0
563952,35,1,0,1
807088,35,1,0,1
2035456,35,1,1,0
3807824,35,1,0,1
1108504,35,1,1,0
2081688,35,1,1,0
66760,35,1,1,0
375856,35,1,0,1
743240,35,1,0,1
2491664,35,1,1,0
883096,35,1,0,1
1721976,35,1,0,1
3833480,35,1,1,0
7055832,35,1,1,0
1072520,35,1,1,0
2688968,35,1,0,1
8102832,35,1,1,0
6156816,35,1,0,1
3645560,35,1,1,0
5757488,35,1,1,0
3312552,35,1,1,0
8310928,35,1,0,1
3873416,35,1,1,0
3342744,35,1,1,0
1806960,35,1,1,0
7627032,35,1,0,1
1392176,35,1,0,1
6751960,35,1,0,1
758192,35,1,1,0
6123952,35,1,0,1
644480,35,1,0,1
744176,35,1,0,1
8105680,35,1,0,1
2237360,35,1,0,1
2289536,35,1,0,1
4124736,35,1,1,0
3750192,35,1,0,1
1700160,35,1,1,0
2041536,35,1,1,0
6108976,35,1,1,0
1208512,35,1,0,1
305560,35,1,1,0
459328,35,1,1,0
2945608,35,1,0,1
5363328,35,1,1,0
4722616,35,1,0,1
1203208,35,1,0,1
1628472,35,1,1,0
1913488,35,1,1,0
2637824,35,1,0,1
7086648,35,1,0,1
2606456,35,1,0,1
4353832,35,1,0,1
4517872,35,1,1,0
630528,35,1,1,0
3369912,35,1,1,0
8099360,35,1,0,1
5901328,35,1,1,0
4902664,35,1,1,0
4106616,35,1,0,1
5132088,35,1,0,1
3270544,35,1,0,1
1821096,35,1,0,1
2241008,35,1,1,0
1747440,35,1,1,0
1203968,35,1,1,0
845872,35,1,1,0
3038400,35,1,0,1
78728,35,1,1,0
7355576,35,1,1,0
1615912,35,1,1,0
1079880,35,1,1,0
798864,35,1,1,0
3943168,35,1,1,0
486912,35,1,1,0
4189656,35,1,0,1
1342784,35,1,0,1
1744160,35,1,1,0
1235680,35,1,1,0
1501704,35,1,0,1
6240552,35,1,0,1
3598224,35,1,0,1
409560,35,1,0,1
1122216,35,1,0,1
594736,35,1,1,0
1880984,35,1,1,0
8355616,35,1,0,1
330560,35,1,0,1
104072,35,1,1,0
1904720,35,1,1,0
1722176,35,1,1,0
798032,35,1,1,0
1508904,35,1,0,1
358032,35,1,1,0
1607920,35,1,0,1
1122496,35,1,1,0
5333328,35,1,0,1
884024,35,1,1,0
5140328,35,1,1,0
791368,35,1,0,1
4849000,35,1,0,1
6221256,35,1,0,1
2943792,35,1,1,0
1265976,35,1,1,0
3485544,35,1,0,1
4044328,35,1,1,0
949768,35,1,1,0
574976,35,1,1,0
635904,35,1,1,0
2455272,35,1,0,1
6063552,35,1,0,1
2422328,35,1,0,1
6296592,35,1,0,1
5286072,35,1,0,1
2995296,35,1,1,0
2207904,35,1,1,0
2244112,35,1,1,0
329392,35,1,1,0
791680,35,1,0,1
726640,35,1,0,1
567024,35,1,0,1
568928,35,1,0,1
1639264,35,1,1,0
1861992,35,1,0,1
5539928,35,1,1,0
1130976,35,1,0,1
1894720,35,1,1,0
2688864,35,1,0,1
682008,35,1,0,1
3924176,35,1,0,1
2340512,35,1,1,0
1320592,35,1,1,0
6482792,35,1,1,0
1738792,35,1,0,1
5147072,35,1,1,0
622272,35,1,1,0
876760,35,1,1,0
275112,35,1,0,1
3642624,35,1,0,1
8352832,35,1,1,0
1330288,35,1,1,0
579248,35,1,0,1
376144,35,1,0,1
2373432,35,1,0,1
212104,35,1,1,0
7239000,35,1,1,0
6200648,35,1,1,0
374384,35,1,0,1
3323776,35,1,1,0
886992,35,1,1,0
6677000,35,1,1,0
1461424,35,1,0,1
450856,35,1,1,0
1922968,35,1,0,1
2518072,35,1,0,1
1760192,35,1,1,0
932968,35,1,1,0
4997744,35,1,1,0
2012112,35,1,1,0
5039360,35,1,0,1
1030624,35,1,1,0
2695512,35,1,0,1
2995624,35,1,0,1
1700840,35,1,0,1
2174608,35,1,1,0
724960,35,1,1,0
2279224,35,1,0,1
3150624,35,1,0,1
1298832,35,1,1,0
1166416,35,1,0,1
8057136,35,1,0,1
1452592,35,1,1,0
2230064,35,1,1,0
5954064,35,1,0,1
3005808,35,1,1,0
241600,35,1,1,0
5114440,35,1,0,1
4859856,35,1,0,1
387848,35,1,1,0
1561144,35,1,1,0
4538440,35,1,0,1
4092888,35,1,1,0
5691136,35,1,0,1
2887256,35,1,0,1
975040,35,1,0,1
684848,35,1,1,0
759456,35,1,1,0
2080528,35,1,0,1
210272,35,1,1,0
3532376,35,1,0,1
886224,35,1,0,1
590528,35,1,0,1
3960368,35,1,0,1
4141728,35,1,1,0
6440184,35,1,0,1
7076080,35,1,0,1
4303704,35,1,1,0
418776,35,1,0,1
6777552,35,1,0,1
2536648,35,1,1,0
3210216,35,1,0,1
2891312,35,1,0,1
4457824,35,1,1,0
751240,35,1,1,0
3522168,35,1,1,0
7462880,35,1,1,0
7153784,35,1,1,0
1800656,35,1,0,1
5325704,35,1,1,0
2711640,35,1,0,1
461168,35,1,0,1
3336352,35,1,1,0
1304856,35,1,0,1
1145064,35,1,1,0
939832,35,1,0,1
3136608,35,1,1,0
2720808,35,1,0,1
593848,35,1,0,1
6804768,35,1,0,1
202944,35,1,1,0
1546096,35,1,1,0
6560200,35,1,0,1
996576,35,1,1,0
3407184,35,1,1,0
1659760,35,1,0,1
1649880,35,1,1,0
661304,35,1,0,1
2795224,35,1,1,0
7431296,35,1,0,1
6901232,35,1,0,1
926296,35,1,1,0
3623712,35,1,0,1
2417688,35,1,0,1
639360,35,1,0,1
791408,35,1,1,0
6813656,35,1,1,0
4182192,35,1,0,1
3272888,35,1,0,1
1294616,35,1,1,0
6114608,35,1,0,1
2609288,35,1,1,0
988680,35,1,1,0
2625808,35,1,0,1
663512,35,1,0,1
6803296,35,1,0,1
831408,35,1,0,1
421448,35,1,0,1
382288,35,1,1,0
1229168,35,1,1,0
2515040,35,1,1,0
897496,35,1,0,1
5704984,35,1,0,1
734720,35,1,1,0
3159392,35,1,1,0
233328,35,1,0,1
5157432,35,1,1,0
4575464,35,1,0,1
3193656,35,1,1,0
544640,35,1,1,0
2212752,35,1,1,0
7595776,35,1,1,0
7293464,35,1,0,1
3754152,35,1,0,1
2344600,35,1,1,0
6949248,35,1,0,1
761896,35,1,1,0
2487096,35,1,1,0
587912,35,1,0,1
1081184,35,1,1,0
627632,35,1,1,0
3222320,35,1,1,0
173064,35,1,1,0
651480,35,1,1,0
1392416,35,1,1,0
2449408,35,1,0,1
7443912,35,1,1,0
216672,35,1,0,1
312488,35,1,0,1
6030368,35,1,1,0
5650656,35,1,1,0
512512,35,1,1,0
4930496,35,1,0,1
414312,35,1,1,0
1387824,35,1,0,1
7297024,35,1,0,1
3643784,35,1,0,1
421608,35,1,0,1
3187872,35,1,1,0
1924464,35,1,1,0
1379640,35,1,0,1
6497800,35,1,1,0
6546936,35,1,0,1
4343456,35,1,1,0
2954192,35,1,0,1
4115992,35,1,1,0
293264,35,1,0,1
524808,35,1,1,0
4591056,35,1,0,1
4882728,35,1,1,0
7865136,35,1,1,0
4359984,35,1,0,1
6658832,35,1,1,0
1220232,35,1,1,0
3287688,35,1,0,1
361040,35,1,1,0
7258456,35,1,1,0
3335976,35,1,0,1
304256,35,1,0,1
3613368,35,1,0,1
2409456,35,1,1,0
1069696,35,1,0,1
3198056,35,1,0,1
7377160,35,1,1,0
4997168,35,1,1,0
3629680,35,1,1,0
261272,35,1,1,0
3985968,35,1,1,0
2161160,35,1,0,1
854232,35,1,1,0
354408,35,1,1,0
5231872,35,1,1,0
371704,35,1,0,1
602960,35,1,0,1
872240,35,1,1,0
3116376,35,1,0,1
3666152,35,1,1,0
928248,35,1,1,0
7224736,35,1,1,0
6505080,35,1,1,0
742496,35,1,1,0
3265312,35,1,0,1
847096,35,1,1,0
634328,35,1,0,1
1032288,35,1,1,0
2421072,35,1,0,1
196752,35,1,1,0
5540448,35,1,0,1
1761656,35,1,0,1
3109144,35,1,1,0
280800,35,1,1,0
226296,35,1,0,1
758632,35,1,1,0
648120,35,1,0,1
557208,35,1,1,0
2023872,35,1,1,0
640544,35,1,1,0
5953224,35,1,1,0
541560,35,1,0,1
2406504,35,1,0,1
6317872,35,1,1,0
3342168,35,1,0,1
656712,35,1,1,0
4044544,35,1,1,0
571632,35,1,1,0
2212848,35,1,0,1
547600,35,1,1,0
3563720,35,1,0,1
4069352,35,1,0,1
5949832,35,1,1,0
6863600,35,1,0,1
5857552,35,1,1,0
353000,35,1,1,0
234800,35,1,0,1
8190440,35,1,0,1
1840416,35,1,0,1
8168264,35,1,0,1
1698320,35,1,1,0
1406336,35,1,1,0
1113056,35,1,0,1
225672,35,1,0,1
6453760,35,1,1,0
638392,35,1,1,0
165704,35,1,1,0
4013096,35,1,1,0
1159816,35,1,1,0
2488976,35,1,0,1
2864624,35,1,1,0
833864,35,1,1,0
5689752,35,1,1,0
876768,35,1,1,0
879688,35,1,0,1
582840,35,1,1,0
3639208,35,1,0,1
8309480,35,1,0,1
877776,35,1,0,1
5844104,35,1,1,0
1844328,35,1,1,0
4630344,35,1,1,0
1517616,35,1,0,1
1000968,35,1,0,1
8328536,35,1,1,0
888928,35,1,0,1
6184928,35,1,0,1
4497088,35,1,1,0
634888,35,1,0,1
323336,35,1,1,0
671136,35,1,1,0
2607424,35,1,0,1
2111512,35,1,0,1
1854360,35,1,0,1
1759120,35,1,0,1
7564000,35,1,1,0
8279200,35,1,0,1
6959624,35,1,1,0
3096736,35,1,1,0
339480,35,1,0,1
8326912,35,1,0,1
1433976,35,1,0,1
347736,35,1,1,0
6958704,35,1,0,1
7329016,35,1,1,0
5543960,35,1,1,0
7509088,35,1,0,1
576680,35,1,1,0
1075920,35,1,1,0
4743208,35,1,1,0
564448,35,1,1,0
4692552,35,1,0,1
1963448,35,1,1,0
801848,35,1,1,0
318400,35,1,0,1
442824,35,1,0,1
3874424,35,1,0,1
1323048,35,1,0,1
2076040,35,1,0,1
6934208,35,1,1,0
1882624,35,1,0,1
6982072,35,1,1,0
242320,35,1,0,1
388936,35,1,1,0
6702816,35,1,1,0
6306304,35,1,0,1
3138656,35,1,0,1
1940280,35,1,0,1
6601832,35,1,0,1
1398872,35,1,1,0
587952,35,1,0,1
4532432,35,1,1,0
1435416,35,1,0,1
5580520,35,1,1,0
6420872,35,1,1,0
3379856,35,1,1,0
1315536,35,1,0,1
393336,35,1,1,0
7886208,35,1,1,0
1723408,35,1,1,0
5136384,35,1,1,0
8340352,35,1,0,1
8323464,35,1,1,0
971344,35,1,1,0
2510992,35,1,1,0
2345696,35,1,1,0
1661136,35,1,1,0
4970760,35,1,0,1
5582024,35,1,1,0
2177200,35,1,1,0
1256400,35,1,0,1
1703280,35,1,1,0
1701920,35,1,1,0
712744,35,1,1,0
1047840,35,1,0,1
1336792,35,1,0,1
1139024,35,1,1,0
6696960,35,1,1,0
5956536,35,1,0,1
382344,35,1,0,1
614616,35,1,1,0
145984,35,1,1,0
258168,35,1,0,1
3791008,35,1,0,1
7949048,35,1,1,0
2304648,35,1,0,1
3606424,35,1,1,0
3071672,35,1,1,0
4086992,35,1,0,1
2148272,35,1,0,1
1453368,35,1,1,0
2726456,35,1,1,0
3525432,35,1,0,1
750936,35,1,1,0
4148776,35,1,0,1
5125752,35,1,1,0
1285120,35,1,1,0
4741584,35,1,0,1
1608432,35,1,0,1
6083472,35,1,1,0
1401728,35,1,1,0
599352,35,1,0,1
671072,35,1,1,0
1991112,35,1,0,1
1514680,35,1,0,1
3570976,35,1,0,1
6668544,35,1,0,1
4485400,35,1,0,1
2362040,35,1,1,0
1734560,35,1,0,1
328216,35,1,0,1
2395104,35,1,0,1
710848,35,1,0,1
1218560,35,1,0,1
8131648,35,1,1,0
5954344,35,1,1,0
2288160,35,1,0,1
4162096,35,1,1,0
4679184,35,1,0,1
783432,35,1,0,1
3224888,35,1,1,0
6067696,35,1,1,0
4543992,35,1,0,1
3167832,35,1,1,0
3790640,35,1,1,0
2702272,35,1,1,0
1465016,35,1,1,0
489360,35,1,1,0
4091808,35,1,0,1
2797400,35,1,1,0
3316920,35,1,1,0
5390016,35,1,1,0
2112160,35,1,0,1
1774808,35,1,1,0
1984312,35,1,0,1
408040,35,1,1,0
7526488,35,1,1,0
1646784,35,1,0,1
685488,35,1,0,1
5602704,35,1,0,1
3507448,35,1,0,1
1028552,35,1,1,0
5518952,35,1,1,0
819216,35,1,0,1
1261592,35,1,1,0
5063880,35,1,1,0
428256,35,1,0,1
1516272,35,1,1,0
6987928,35,1,0,1
2728088,35,1,1,0
1470056,35,1,0,1
1013904,35,1,1,0
5267936,35,1,0,1
7658864,35,1,0,1
357528,35,1,1,0
2111888,35,1,1,0
1585136,35,1,1,0
455504,35,1,1,0
4278776,35,1,1,0
738472,35,1,1,0
5537424,35,1,1,0
4380000,35,1,0,1
1175960,35,1,0,1
6204728,35,1,1,0
7166800,35,1,1,0
2540008,35,1,0,1
1586328,35,1,1,0
483448,35,1,0,1
586760,35,1,0,1
2753344,35,1,1,0
531800,35,1,1,0
2591816,35,1,1,0
5371616,35,1,1,0
5334192,35,1,1,0
6658176,35,1,0,1
184560,35,1,1,0
1161944,36,1,0,1
1657280,36,1,1,0
343696,36,1,1,0
1229864,36,1,1,0
8274024,36,1,1,0
4866296,36,1,1,0
846784,36,1,0,1
1388336,36,1,1,0
5540904,36,1,0,1
552184,36,1,1,0
1779952,36,1,1,0
8247400,36,1,1,0
5176800,36,1,1,0
564712,36,1,1,0
5969512,36,1,1,0
1383528,36,1,0,1
7909960,36,1,1,0
6033136,36,1,1,0
833880,36,1,1,0
231368,36,1,1,0
3445160,36,1,0,1
3791728,36,1,1,0
359264,36,1,0,1
1801424,36,1,1,0
1215992,36,1,1,0
3921544,36,1,0,1
2878240,36,1,1,0
569264,36,1,0,1
1669072,36,1,0,1
821544,36,1,0,1
264768,36,1,1,0
7119720,36,1,0,1
6615968,36,1,0,1
1269360,36,1,0,1
414072,36,1,0,1
5161272,36,1,1,0
5194040,36,1,0,1
1651936,36,1,0,1
760784,36,1,0,1
2269784,36,1,0,1
253216,36,1,1,0
3985312,36,1,0,1
1031376,36,1,0,1
3638976,36,1,1,0
1224904,36,1,0,1
383160,36,1,1,0
2661192,36,1,1,0
3438696,36,1,0,1
3768672,36,1,1,0
3052984,36,1,1,0
814488,36,1,1,0
2978896,36,1,0,1
2924320,36,1,0,1
4160712,36,1,1,0
4679384,36,1,1,0
1797352,36,1,0,1
913184,36,1,0,1
1110160,36,1,0,1
6292608,36,1,0,1
5496896,36,1,0,1
1129016,36,1,0,1
7835280,36,1,0,1
4122952,36,1,0,1
8141632,36,1,1,0
4874888,36,1,1,0
7806840,36,1,0,1
315072,36,1,0,1
1337104,36,1,1,0
7788864,36,1,0,1
941096,36,1,0,1
215664,36,1,0,1
61672,36,1,0,1
553224,36,1,1,0
8363496,36,1,0,1
2058136,36,1,1,0
6368424,36,1,1,0
357656,36,1,0,1
2451616,36,1,1,0
8283696,36,1,0,1
6500776,36,1,0,1
2085096,36,1,1,0
614304,36,1,0,1
6732432,36,1,1,0
788200,36,1,1,0
4085272,36,1,1,0
2081960,36,1,0,1
1473096,36,1,1,0
2561408,36,1,1,0
5885040,36,1,0,1
1293448,36,1,0,1
5906968,36,1,1,0
1543152,36,1,0,1
1739736,36,1,0,1
6503584,36,1,1,0
6725616,36,1,1,0
4448800,36,1,0,1
1722800,36,1,1,0
4446000,36,1,1,0
845728,36,1,0,1
3879840,36,1,0,1
560672,36,1,1,0
901904,36,1,0,1
8146408,36,1,0,1
5092888,36,1,1,0
2017808,36,1,0,1
241392,36,1,1,0
4610352,36,1,0,1
4372512,36,1,1,0
276976,36,1,1,0
7471448,36,1,1,0
901264,36,1,1,0
932984,36,1,1,0
7785576,36,1,0,1
2941944,36,1,1,0
2092056,36,1,0,1
4050624,36,1,0,1
295976,36,1,0,1
3450864,36,1,1,0
4132288,36,1,1,0
2059760,36,1,1,0
107264,36,1,0,1
3065016,36,1,1,0
4564640,36,1,1,0
7631048,36,1,1,0
3317576,36,1,1,0
5134176,36,1,1,0
611256,36,1,0,1
2382240,36,1,1,0
714520,36,1,1,0
835880,36,1,0,1
1117736,36,1,1,0
6085448,36,1,1,0
5410968,36,1,0,1
6271056,36,1,1,0
3656280,36,1,1,0
4419112,36,1,1,0
3014136,36,1,1,0
412952,36,1,1,0
8180424,36,1,0,1
4991432,36,1,1,0
99296,36,1,1,0
4488200,36,1,0,1
6827752,36,1,1,0
3416728,36,1,1,0
186448,36,1,1,0
3781840,36,1,1,0
2941584,36,1,1,0
474864,36,1,1,0
8386320,36,1,1,0
1040376,36,1,1,0
912928,36,1,0,1
7706440,36,1,0,1
2847632,36,1,0,1
1772488,36,1,1,0
7139848,36,1,1,0
490912,36,1,0,1
99448,36,1,1,0
4224888,36,1,0,1
1853832,36,1,1,0
832320,36,1,1,0
7105192,36,1,1,0
367800,36,1,1,0
111272,36,1,1,0
1239016,36,1,0,1
2878920,36,1,0,1
5926336,36,1,1,0
2038600,36,1,1,0
2483856,36,1,0,1
1513024,36,1,1,0
2086864,36,1,0,1
309784,36,1,1,0
278296,36,1,1,0
349072,36,1,1,0
83840,36,1,0,1
6737056,36,1,0,1
1047680,36,1,1,0
1051064,36,1,1,0
690560,36,1,0,1
6188576,36,1,0,1
4179080,36,1,0,1
3819704,36,1,1,0
3636544,36,1,0,1
812344,36,1,1,0
791496,36,1,0,1
557096,36,1,1,0
1192288,36,1,0,1
7311784,36,1,1,0
4361184,36,1,1,0
3827880,36,1,1,0
480168,36,1,0,1
5798088,36,1,0,1
1726304,36,1,1,0
3530376,36,1,0,1
2413256,36,1,0,1
510520,36,1,1,0
1171264,36,1,0,1
718272,36,1,0,1
313232,36,1,1,0
450432,36,1,0,1
5674696,36,1,1,0
1659520,36,1,0,1
1101936,36,1,0,1
6547880,36,1,0,1
235712,36,1,1,0
1624880,36,1,0,1
3166928,36,1,1,0
5271984,36,1,0,1
876392,36,1,1,0
495928,36,1,1,0
1700328,36,1,0,1
4117848,36,1,1,0
1069880,36,1,0,1
4595072,36,1,0,1
863544,36,1,1,0
6916896,36,1,0,1
4791144,36,1,1,0
434080,36,1,1,0
377448,36,1,1,0
2131792,36,1,0,1
3565304,36,1,0,1
1389392,36,1,0,1
3075976,36,1,0,1
816160,36,1,0,1
173608,36,1,0,1
457032,36,1,0,1
4524040,36,1,1,0
642128,36,1,0,1
3559944,36,1,0,1
1566520,36,1,1,0
2383568,36,1,1,0
4178048,36,1,1,0
241152,36,1,0,1
2648664,36,1,1,0
4886184,36,1,1,0
1481088,36,1,1,0
6898304,36,1,0,1
507944,36,1,0,1
336072,36,1,1,0
595144,36,1,1,0
3980760,36,1,1,0
7914184,36,1,0,1
722432,36,1,0,1
4453248,36,1,1,0
3831208,36,1,0,1
2120176,36,1,1,0
8013304,36,1,0,1
7247936,36,1,1,0
147456,36,1,0,1
964800,36,1,1,0
4384808,36,1,0,1
538736,36,1,0,1
673976,36,1,1,0
3003144,36,1,0,1
2274872,36,1,0,1
3654216,36,1,0,1
1138536,36,1,0,1
5091256,36,1,1,0
4904456,36,1,1,0
5196296,36,1,1,0
4922312,36,1,0,1
8140096,36,1,0,1
347504,36,1,1,0
1345024,36,1,0,1
3617112,36,1,0,1
675216,36,1,1,0
2345680,36,1,0,1
5780088,36,1,1,0
7553920,36,1,1,0
1175528,36,1,1,0
3560504,36,1,0,1
1224680,36,1,1,0
836968,36,1,1,0
1045560,36,1,0,1
3788656,36,1,1,0
2337536,36,1,0,1
980560,36,1,1,0
3963792,36,1,0,1
1186920,36,1,1,0
871776,36,1,0,1
406000,36,1,0,1
158400,36,1,0,1
1183072,36,1,0,1
4253312,36,1,0,1
3286960,36,1,1,0
1439856,36,1,0,1
2370744,36,1,0,1
724928,36,1,0,1
961768,36,1,1,0
6719952,36,1,0,1
8294320,36,1,0,1
4895176,36,1,0,1
849464,36,1,1,0
4985424,36,1,1,0
1301160,36,1,1,0
4329248,36,1,0,1
2703648,36,1,0,1
3590376,36,1,1,0
1671952,36,1,1,0
6219096,36,1,1,0
4128112,36,1,0,1
472312,36,1,1,0
7252096,36,1,0,1
4958592,36,1,0,1
2105424,36,1,0,1
2931944,36,1,1,0
4479480,36,1,1,0
1229744,36,1,1,0
933816,36,1,0,1
810752,36,1,1,0
4441808,36,1,1,0
2250728,36,1,0,1
1194440,36,1,1,0
610272,36,1,0,1
2371080,36,1,0,1
4483816,36,1,0,1
1882416,36,1,1,0
2104336,36,1,0,1
2415592,36,1,0,1
1094808,36,1,0,1
608416,36,1,0,1
5253912,36,1,1,0
6420184,36,1,0,1
1689984,36,1,1,0
7297072,36,1,1,0
2397392,36,1,1,0
941128,36,1,0,1
7383144,36,1,0,1
622288,36,1,1,0
7776560,36,1,1,0
1599192,36,1,0,1
942472,36,1,0,1
489584,36,1,0,1
2754280,36,1,1,0
199208,36,1,0,1
4681680,36,1,1,0
3234920,36,1,1,0
5259560,36,1,0,1
1673072,36,1,0,1
6090240,36,1,0,1
2933008,36,1,0,1
653192,36,1,0,1
5839064,36,1,0,1
4485752,36,1,0,1
1289624,36,1,1,0
1870280,36,1,1,0
7730576,36,1,1,0
547688,36,1,1,0
2423688,36,1,0,1
1803328,36,1,0,1
5877728,36,1,0,1
7389040,36,1,1,0
1034040,36,1,0,1
6673992,36,1,0,1
7304872,36,1,0,1
3267352,36,1,0,1
7487512,36,1,1,0
727488,36,1,0,1
2335952,36,1,1,0
2293080,36,1,1,0
709424,36,1,1,0
3520192,36,1,1,0
247408,36,1,1,0
1495992,36,1,1,0
2431272,36,1,0,1
1010048,36,1,0,1
2984984,36,1,0,1
679704,36,1,0,1
445624,36,1,1,0
3021896,36,1,0,1
363928,36,1,0,1
4011936,36,1,1,0
436824,36,1,0,1
4043992,36,1,1,0
1704328,36,1,1,0
5212640,36,1,0,1
264152,36,1,1,0
2096624,36,1,1,0
7749056,36,1,1,0
1320408,36,1,1,0
4650904,36,1,1,0
841032,36,1,0,1
1656304,36,1,0,1
1610552,36,1,1,0
2967520,36,1,0,1
4779960,36,1,0,1
697656,36,1,0,1
1998328,36,1,1,0
1636016,36,1,0,1
4222552,36,1,1,0
5859888,36,1,1,0
4340856,36,1,0,1
1455392,36,1,0,1
5959264,36,1,1,0
6616216,36,1,0,1
8121448,36,1,1,0
6055304,36,1,0,1
4936648,36,1,1,0
2726912,36,1,1,0
1252176,36,1,1,0
397552,36,1,0,1
2569248,36,1,1,0
6405096,36,1,1,0
552552,36,1,1,0
7831496,36,1,1,0
4540280,36,1,0,1
5367264,36,1,0,1
179960,36,1,0,1
1825120,36,1,1,0
1377016,36,1,0,1
1264872,36,1,1,0
2069400,36,1,0,1
162072,36,1,1,0
2259896,36,1,1,0
1164936,36,1,1,0
5320088,36,1,0,1
5953320,36,1,1,0
1982376,36,1,1,0
3245496,36,1,1,0
624368,36,1,1,0
678232,36,1,1,0
5979048,36,1,1,0
1357216,36,1,1,0
4698480,36,1,0,1
1985880,36,1,1,0
1255288,36,1,0,1
3930200,36,1,0,1
170856,36,1,0,1
3696840,36,1,0,1
3728032,36,1,1,0
4849304,36,1,1,0
600120,36,1,0,1
1818720,36,1,1,0
7495480,36,1,0,1
2326552,36,1,1,0
7320408,36,1,0,1
1368736,36,1,0,1
1709224,36,1,1,0
1729352,36,1,0,1
2629016,36,1,1,0
93344,36,1,1,0
784392,36,1,0,1
1464008,36,1,0,1
3060432,36,1,0,1
768864,36,1,1,0
1035704,36,1,1,0
5403368,36,1,0,1
2071424,36,1,1,0
230264,36,1,1,0
7658560,36,1,1,0
745584,36,1,1,0
1798240,36,1,1,0
616136,36,1,1,0
2959920,36,1,0,1
3401360,36,1,1,0
3889592,36,1,1,0
2514424,36,1,0,1
1100352,36,1,0,1
646520,36,1,0,1
1135504,36,1,0,1
4013328,36,1,1,0
490536,36,1,1,0
502824,36,1,0,1
847792,36,1,0,1
1236808,36,1,0,1
3138408,36,1,1,0
1755400,36,1,1,0
307632,36,1,1,0
113920,36,1,0,1
1624712,36,1,1,0
1941368,36,1,1,0
2917832,36,1,0,1
1216264,36,1,1,0
771536,36,1,0,1
1101216,36,1,1,0
3139672,36,1,1,0
6378344,36,1,1,0
1826488,36,1,0,1
1356424,36,1,0,1
6649944,36,1,1,0
1300592,36,1,1,0
7577352,36,1,0,1
4564072,36,1,0,1
687824,36,1,0,1
2864992,36,1,0,1
1667464,36,1,0,1
6554624,36,1,0,1
262368,36,1,0,1
3712040,36,1,0,1
1859888,36,1,0,1
2221104,36,1,1,0
5040784,36,1,1,0
124328,36,1,0,1
1725992,36,1,0,1
6859336,36,1,1,0
656968,36,1,1,0
486928,36,1,1,0
6690224,36,1,1,0
8251000,36,1,0,1
2297056,36,1,0,1
202416,36,1,1,0
932216,36,1,0,1
5262456,36,1,0,1
1196736,36,1,0,1
7183792,36,1,1,0
5153040,36,1,0,1
794944,36,1,0,1
329072,36,1,1,0
507472,36,1,1,0
6243512,36,1,0,1
2670512,36,1,1,0
4336104,36,1,1,0
1690240,36,1,0,1
2702552,36,1,1,0
3345680,36,1,1,0
1902576,36,1,0,1
6741032,36,1,1,0
848160,36,1,0,1
7651736,36,1,0,1
906576,36,1,1,0
379680,36,1,1,0
971448,36,1,0,1
4907904,36,1,1,0
547216,36,1,0,1
4637920,36,1,1,0
8157360,36,1,0,1
699232,36,1,0,1
3588784,36,1,0,1
5257272,36,1,1,0
4424248,36,1,0,1
5420416,36,1,0,1
1233472,36,1,0,1
1368336,36,1,1,0
5357592,36,1,1,0
8179064,36,1,1,0
2459576,36,1,0,1
4073744,36,1,1,0
1094784,36,1,1,0
1736232,36,1,1,0
3168720,36,1,0,1
2851280,36,1,0,1
1226200,36,1,1,0
5565480,36,1,1,0
1563192,36,1,1,0
5114224,36,1,1,0
1930928,36,1,0,1
970808,36,1,1,0
1125072,36,1,1,0
5397672,36,1,0,1
1474472,36,1,1,0
1762184,36,1,1,0
388608,36,1,1,0
791520,36,1,0,1
7616104,36,1,0,1
2754496,36,1,0,1
2949632,36,1,0,1
5153448,36,1,1,0
3843064,36,1,0,1
2070608,36,1,1,0
4553896,36,1,1,0
828088,36,1,0,1
5235784,36,1,1,0
1957704,36,1,0,1
786424,36,1,0,1
622080,36,1,1,0
3329472,36,1,1,0
3871584,36,1,0,1
8099792,36,1,1,0
5389688,36,1,1,0
7176696,36,1,0,1
3552744,36,1,0,1
1437336,36,1,1,0
1604136,36,1,0,1
2544264,36,1,1,0
3440384,36,1,1,0
3019008,36,1,1,0
210552,36,1,1,0
5690888,36,1,1,0
2676096,36,1,0,1
6871736,36,1,1,0
4770640,36,1,1,0
4151168,36,1,1,0
237392,36,1,0,1
4700184,36,1,0,1
774528,36,1,1,0
4013128,36,1,0,1
956976,36,1,0,1
2766072,36,1,1,0
7735816,36,1,0,1
1941472,36,1,1,0
874144,36,1,0,1
3068008,36,1,0,1
2782240,36,1,1,0
5042000,36,1,1,0
599496,36,1,1,0
112488,36,1,0,1
1062232,36,1,1,0
1169376,36,1,0,1
1282568,36,1,0,1
492936,36,1,1,0
1354800,36,1,0,1
289688,36,1,1,0
260248,36,1,1,0
4512616,36,1,1,0
418616,36,1,0,1
2161792,36,1,1,0
7648288,36,1,0,1
2507904,36,1,1,0
1031696,36,1,0,1
855320,36,1,0,1
1347608,36,1,0,1
5436328,36,1,1,0
234840,36,1,0,1
8299024,36,1,1,0
2859696,36,1,0,1
5338048,36,1,1,0
2147792,36,1,1,0
857560,36,1,0,1
5155320,36,1,1,0
3338480,36,1,1,0
4789384,36,1,1,0
2158248,36,1,1,0
700960,36,1,0,1
659552,36,1,0,1
4099680,36,1,1,0
4812616,36,1,0,1
791168,36,1,1,0
737864,36,1,0,1
5182344,36,1,0,1
5749008,36,1,1,0
1792608,36,1,1,0
2268264,36,1,0,1
6411896,36,1,0,1
311544,36,1,1,0
2745368,36,1,0,1
3168672,36,1,1,0
2570280,36,1,1,0
1224400,36,1,0,1
957360,36,1,1,0
660784,36,1,0,1
202128,36,1,0,1
2917792,36,1,1,0
1243072,36,1,0,1
6047736,36,1,1,0
3940088,36,1,1,0
6741512,36,1,0,1
493352,36,1,0,1
5151640,36,1,1,0
3050072,36,1,0,1
2267880,36,1,1,0
1447696,36,1,1,0
3457888,36,1,1,0
1538144,36,1,1,0
1562928,36,1,0,1
303920,36,1,0,1
3218056,36,1,1,0
2386472,36,1,1,0
1489920,36,1,0,1
7228104,36,1,1,0
4007904,36,1,0,1
7954360,36,1,0,1
7950576,36,1,0,1
4459320,36,1,1,0
7995160,36,1,0,1
756688,36,1,1,0
2481568,36,1,1,0
1151696,36,1,0,1
3243816,36,1,1,0
6444456,36,1,1,0
3871336,36,1,1,0
635112,36,1,1,0
1580896,36,1,0,1
2040576,36,1,0,1
2153976,36,1,1,0
7649832,36,1,1,0
6224168,36,1,1,0
4579584,36,1,1,0
3594608,36,1,0,1
2964104,36,1,0,1
468984,36,1,0,1
1351520,36,1,0,1
7107664,36,1,0,1
3075864,36,1,0,1
1240168,36,1,1,0
1126928,36,1,0,1
599216,36,1,0,1
2015264,36,1,0,1
7112056,36,1,0,1
5594416,36,1,1,0
1933160,36,1,0,1
3979808,36,1,0,1
2873248,36,1,1,0
484552,36,1,1,0
2983288,36,1,1,0
8044680,36,1,1,0
3467032,36,1,0,1
188024,36,1,1,0
1468984,36,1,0,1
2427152,36,1,1,0
927712,36,1,0,1
6224752,36,1,0,1
5695848,36,1,1,0
2128744,36,1,0,1
2441632,36,1,0,1
4543296,36,1,0,1
6334008,36,1,1,0
1791776,36,1,1,0
5048088,36,1,0,1
1803368,36,1,1,0
2889680,36,1,1,0
672784,36,1,1,0
2309568,36,1,0,1
1663128,36,1,0,1
2149888,36,1,1,0
6627304,36,1,1,0
1724120,36,1,1,0
2293144,36,1,1,0
2312560,36,1,0,1
1112936,36,1,0,1
7702312,36,1,1,0
5215752,36,1,0,1
6492016,36,1,0,1
167680,36,1,0,1
3767888,36,1,0,1
4727976,36,1,0,1
1616768,36,1,1,0
722928,36,1,0,1
1042376,36,1,0,1
5213656,36,1,1,0
2946416,36,1,1,0
1136448,36,1,0,1
215472,36,1,1,0
3295456,36,1,1,0
3017840,36,1,1,0
214976,36,1,1,0
5258504,36,1,1,0
842016,36,1,1,0
616088,36,1,0,1
5150592,36,1,0,1
2061184,36,1,0,1
1014496,36,1,0,1
411984,36,1,0,1
4449680,36,1,0,1
2617024,36,1,0,1
2899408,36,1,1,0
1457288,36,1,1,0
1736960,36,1,1,0
416912,36,1,0,1
1877928,36,1,0,1
2284064,36,1,1,0
82168,36,1,0,1
1052328,36,1,0,1
242928,36,1,1,0
797816,36,1,0,1
6387544,36,1,1,0
1972352,36,1,0,1
6960176,36,1,0,1
2105472,36,1,0,1
788208,36,1,1,0
6257648,36,1,1,0
1505920,36,1,1,0
669776,36,1,1,0
7949984,36,1,0,1
1095304,36,1,0,1
637208,36,1,1,0
816176,36,1,1,0
4593144,36,1,0,1
3122912,36,1,1,0
3928960,36,1,1,0
3991128,36,1,0,1
2382488,36,1,0,1
4704608,36,1,1,0
853368,36,1,0,1
3930288,36,1,1,0
3305936,36,1,1,0
5872520,36,1,1,0
5394888,36,1,1,0
4257232,36,1,0,1
3153672,36,1,1,0
7396920,36,1,0,1
1836272,36,1,1,0
3919120,36,1,1,0
3330744,36,1,1,0
2913616,36,1,1,0
170568,36,1,0,1
333872,36,1,1,0
5323584,36,1,0,1
1932456,36,1,1,0
4195832,36,1,0,1
4413696,36,1,0,1
6615856,36,1,1,0
2693520,36,1,0,1
1999440,36,1,0,1
1631968,36,1,0,1
1027472,36,1,1,0
3522896,36,1,1,0
1184504,36,1,0,1
5141552,36,1,1,0
370704,36,1,0,1
1497240,36,1,0,1
1318040,36,1,1,0
6924696,36,1,0,1
1841352,36,1,0,1
4431424,36,1,0,1
4058480,36,1,0,1
1940040,36,1,0,1
2022880,36,1,0,1
3903448,36,1,0,1
8121632,36,1,0,1
1698784,36,1,0,1
6340800,36,1,1,0
2224592,36,1,0,1
4794192,36,1,0,1
686824,36,1,1,0
646792,36,1,1,0
2018080,36,1,1,0
5553704,36,1,1,0
6592872,36,1,0,1
2541184,36,1,0,1
8085464,36,1,1,0
3718696,36,1,1,0
631624,36,1,0,1
1049440,36,1,0,1
3348416,36,1,1,0
4281416,36,1,1,0
1665640,36,1,0,1
1111672,36,1,0,1
923824,36,1,1,0
2019568,36,1,0,1
2889072,36,1,1,0
1085824,36,1,1,0
3733496,36,1,0,1
314856,36,1,1,0
1543184,36,1,0,1
4665376,36,1,0,1
7874968,36,1,1,0
206632,36,1,1,0
4611720,36,1,1,0
1356232,36,1,1,0
583736,36,1,0,1
5744632,36,1,1,0
5103248,36,1,1,0
8237280,36,1,0,1
7274104,36,1,0,1
2749760,36,1,1,0
6532088,36,1,1,0
3587856,36,1,1,0
1169216,36,1,0,1
3862488,36,1,1,0
637792,36,1,1,0
871488,36,1,1,0
567440,36,1,1,0
2029656,36,1,0,1
3427096,36,1,1,0
6878328,36,1,1,0
7338240,36,1,0,1
2612920,36,1,0,1
3475688,36,1,0,1
5573280,36,1,0,1
3075704,36,1,0,1
4213088,36,1,0,1
993432,36,1,0,1
723960,36,1,1,0
788656,36,1,0,1
3878904,36,1,1,0
8179680,36,1,0,1
7228000,36,1,0,1
3228928,36,1,0,1
1329296,36,1,1,0
4340768,36,1,1,0
4769424,36,1,0,1
4860208,36,1,1,0
4730664,36,1,0,1
6000864,36,1,0,1
2504304,36,1,1,0
7262040,36,1,1,0
720848,36,1,0,1
996440,36,1,0,1
1890424,36,1,1,0
2083064,36,1,1,0
372128,36,1,0,1
4090448,36,1,0,1
977392,36,1,1,0
676728,36,1,0,1
2735552,36,1,0,1
1198256,36,1,1,0
490176,36,1,0,1
790208,36,1,0,1
4996656,36,1,1,0
378232,36,1,1,0
2985328,36,1,1,0
3490520,36,1,0,1
3468384,36,1,1,0
3825616,36,1,0,1
3573520,36,1,0,1
268728,36,1,1,0
4431384,36,1,1,0
468800,36,1,0,1
728800,36,1,1,0
5574824,36,1,0,1
2155256,36,1,1,0
554528,36,1,1,0
891880,36,1,0,1
357376,36,1,1,0
4358656,36,1,0,1
2523536,36,1,0,1
8022472,36,1,1,0
2218496,36,1,1,0
552224,36,1,1,0
259592,36,1,0,1
6049512,36,1,1,0
736728,36,1,1,0
4255400,36,1,1,0
5837528,36,1,1,0
5012768,36,1,0,1
1034248,36,1,0,1
4319648,36,1,1,0
7397200,36,1,0,1
4024656,36,1,0,1
6179536,36,1,0,1
6134888,36,1,1,0
623840,36,1,1,0
4048504,36,1,1,0
8346808,36,1,0,1
834368,36,1,0,1
921928,36,1,1,0
1157784,36,1,1,0
758528,36,1,1,0
859408,36,1,0,1
602472,36,1,0,1
3156320,36,1,0,1
4435104,36,1,0,1
753432,36,1,0,1
2947872,36,1,0,1
8358920,36,1,0,1
3090192,36,1,1,0
236904,36,1,0,1
234576,36,1,0,1
5142960,36,1,1,0
709008,36,1,1,0
1030328,36,1,0,1
689984,36,1,0,1
4282928,36,1,0,1
2718920,36,1,0,1
1420000,36,1,1,0
2056408,36,1,0,1
4831424,36,1,1,0
4503448,36,1,1,0
2045576,36,1,1,0
6070120,36,1,1,0
6291112,36,1,1,0
1722296,36,1,1,0
4105072,36,1,0,1
536800,36,1,0,1
2245696,36,1,0,1
347376,36,1,0,1
1729240,36,1,1,0
4251488,36,1,1,0
75864,36,1,0,1
4470768,36,1,0,1
4616616,36,1,1,0
443216,36,1,0,1
5460872,36,1,0,1
242000,36,1,1,0
1630104,36,1,0,1
5607464,36,1,1,0
1074248,36,1,0,1
447736,36,1,1,0
6436176,36,1,1,0
3869112,36,1,1,0
1343912,36,1,0,1
5696520,36,1,1,0
444896,36,1,0,1
5176736,36,1,1,0
1592224,36,1,0,1
3201360,36,1,0,1
3316240,36,1,1,0
1794456,36,1,0,1
215992,36,1,1,0
4659896,36,1,0,1
2590968,36,1,0,1
540568,36,1,0,1
694704,36,1,1,0
470576,36,1,0,1
317384,36,1,0,1
981856,36,1,1,0
649144,36,1,0,1
1366328,36,1,1,0
5782248,36,1,1,0
892648,36,1,1,0
3936944,36,1,1,0
3785136,36,1,1,0
703144,36,1,0,1
954824,36,1,0,1
5332248,36,1,0,1
3907992,36,1,1,0
7318688,36,1,1,0
4245712,36,1,1,0
2814056,36,1,1,0
5386368,36,1,0,1
3281608,36,1,0,1
2515216,36,1,1,0
2499680,36,1,1,0
2182376,36,1,1,0
3823528,36,1,1,0
673784,36,1,1,0
3712776,36,1,0,1
1875640,36,1,1,0
1757320,36,1,1,0
1365008,36,1,1,0
4604544,36,1,0,1
670736,36,1,0,1
3696448,36,1,1,0
8195376,36,1,1,0
206472,36,1,1,0
1922184,36,1,0,1
298448,36,1,0,1
3021656,36,1,1,0
1141160,36,1,0,1
2356896,36,1,0,1
7535968,36,1,1,0
2092800,36,1,1,0
1524728,36,1,1,0
5020280,36,1,1,0
2704664,36,1,0,1
645704,36,1,0,1
818752,36,1,1,0
1281816,36,1,1,0
3178072,36,1,1,0
1002400,36,1,1,0
464976,36,1,0,1
7161408,36,1,0,1
6445232,36,1,1,0
1345608,36,1,0,1
3988248,36,1,0,1
415616,36,1,0,1
775136,36,1,0,1
1454456,36,1,1,0
836112,36,1,0,1
3525880,36,1,0,1
3155352,36,1,0,1
2037560,36,1,1,0
3315160,36,1,0,1
896864,36,1,0,1
3547944,36,1,1,0
353728,36,1,1,0
6495216,36,1,1,0
1643648,36,1,1,0
2590312,36,1,1,0
6034144,36,1,0,1
266712,36,1,1,0
260480,36,1,1,0
173344,36,1,0,1
825064,36,1,0,1
4615816,36,1,0,1
5365440,36,1,1,0
2253368,36,1,1,0
307096,36,1,1,0
5400472,36,1,0,1
232976,36,1,1,0
1997424,36,1,1,0
4779064,36,1,0,1
934320,36,1,0,1
6548808,36,1,0,1
399288,36,1,1,0
4064200,36,1,0,1
3183344,36,1,0,1
815696,36,1,0,1
7865376,36,1,0,1
4637304,36,1,1,0
1289680,36,1,0,1
4229688,36,1,0,1
4167440,36,1,0,1
1399928,36,1,0,1
591968,36,1,1,0
1149616,36,1,1,0
822976,36,1,0,1
6013784,36,1,0,1
485704,36,1,0,1
2443064,36,1,0,1
2126080,36,1,1,0
7012888,36,1,0,1
2187096,36,1,0,1
1033200,36,1,0,1
5205952,36,1,1,0
2113336,36,1,1,0
633384,36,1,0,1
3044200,36,1,1,0
991696,36,1,1,0
4219472,36,1,1,0
1697816,36,1,1,0
4406976,36,1,1,0
3781856,36,1,0,1
3881888,36,1,1,0
1448816,36,1,0,1
1915400,36,1,0,1
1749256,36,1,0,1
3182536,36,1,0,1
4027472,36,1,0,1
1623128,36,1,0,1
881112,36,1,0,1
441792,36,1,0,1
2744880,36,1,1,0
3308320,36,1,1,0
7785616,36,1,0,1
4414016,36,1,0,1
4252120,36,1,1,0
1967200,36,1,0,1
834952,36,1,0,1
484424,36,1,1,0
5684016,36,1,1,0
2551512,36,1,0,1
970560,36,1,0,1
341808,36,1,1,0
1928400,36,1,1,0
710672,36,1,0,1
543024,36,1,0,1
4149848,36,1,1,0
1258912,36,1,0,1
628032,36,1,1,0
472544,36,1,0,1
634784,36,1,0,1
1773184,36,1,1,0
2967960,36,1,0,1
999656,36,1,1,0
5999272,36,1,0,1
2281368,36,1,1,0
5772736,36,1,0,1
3225368,36,1,0,1
1644272,36,1,0,1
1027216,36,1,1,0
4003816,36,1,1,0
1342848,36,1,0,1
1318424,36,1,1,0
2747320,36,1,1,0
579456,36,1,0,1
755528,36,1,1,0
6627088,36,1,0,1
1412816,36,1,0,1
3907008,36,1,0,1
5479536,36,1,1,0
1537888,36,1,0,1
601128,36,1,0,1
2972088,36,1,0,1
2408464,36,1,1,0
1134704,36,1,0,1
790096,36,1,1,0
2068760,36,1,0,1
3665208,36,1,0,1
4816472,36,1,1,0
600512,36,1,1,0
7448944,36,1,0,1
1815080,36,1,0,1
4172640,36,1,1,0
5969416,36,1,1,0
1721944,36,1,0,1
1337304,36,1,0,1
989824,36,1,1,0
4264312,36,1,0,1
1296544,36,1,0,1
5912352,36,1,1,0
3094352,36,1,0,1
3644192,36,1,1,0
378400,36,1,1,0
927408,36,1,0,1
902328,36,1,0,1
1948784,36,1,0,1
983280,36,1,0,1
3115912,36,1,0,1
165520,36,1,0,1
5392896,36,1,0,1
3262376,36,1,1,0
1670144,36,1,0,1
5859984,36,1,0,1
3569000,36,1,1,0
3381032,36,1,0,1
4744784,36,1,1,0
2424216,36,1,0,1
2853080,36,1,1,0
2221728,36,1,1,0
2821240,36,1,0,1
306536,36,1,1,0
203992,36,1,0,1
2843672,36,1,1,0
441304,36,1,0,1
1634968,36,1,0,1
544000,36,1,1,0
411224,36,1,0,1
627920,36,1,0,1
5154144,36,1,1,0
8033344,36,1,1,0
225008,36,1,0,1
2138648,36,1,1,0
656248,36,1,1,0
675880,36,1,0,1
4954648,36,1,1,0
3147016,36,1,1,0
4884880,36,1,1,0
4215640,36,1,0,1
106440,36,1,1,0
5830320,36,1,1,0
5277696,36,1,1,0
380912,36,1,0,1
1715688,36,1,1,0
4269832,36,1,0,1
7543960,36,1,1,0
1836744,36,1,1,0
3686072,36,1,0,1
1746568,36,1,0,1
5493400,36,1,0,1
179120,36,1,1,0
5202208,36,1,1,0
3912728,36,1,0,1
447728,36,1,0,1
7465824,36,1,1,0
493184,36,1,0,1
7081560,36,1,1,0
798944,36,1,0,1
1733384,36,1,0,1
730640,36,1,1,0
289456,36,1,0,1
1385200,36,1,1,0
5116984,36,1,0,1
533848,36,1,0,1
6712600,36,1,1,0
5131584,36,1,0,1
1587896,36,1,1,0
4069768,36,1,0,1
257080,36,1,0,1
6602856,36,1,1,0
838096,36,1,1,0
4548712,36,1,1,0
5510120,36,1,0,1
1114688,36,1,0,1
1378112,36,1,0,1
7028568,36,1,0,1
1117552,36,1,0,1
2116936,36,1,1,0
5857432,36,1,0,1
6667984,36,1,0,1
5787224,36,1,1,0
8329992,36,1,1,0
226728,36,1,1,0
162064,36,1,1,0
2815928,36,1,1,0
2935096,36,1,1,0
8174784,36,1,1,0
892072,36,1,1,0
824064,36,1,1,0
2187440,36,1,1,0
295264,36,1,1,0
833056,36,1,1,0
7462976,36,1,1,0
5484160,36,1,1,0
4721016,36,1,1,0
6900560,36,1,0,1
1070392,36,1,1,0
1344360,36,1,1,0
1012512,36,1,1,0
7319464,36,1,0,1
7024248,36,1,1,0
3550368,36,1,0,1
892280,36,1,0,1
5510136,36,1,0,1
5696632,36,1,1,0
6073648,36,1,0,1
240248,36,1,0,1
1841896,36,1,1,0
8175032,36,1,0,1
1391888,36,1,0,1
5627592,36,1,0,1
1922488,36,1,1,0
7780080,36,1,1,0
4217776,36,1,0,1
436232,36,1,1,0
3859408,36,1,0,1
4032448,36,1,0,1
3931152,36,1,0,1
1428520,36,1,1,0
7867384,36,1,1,0
355576,36,1,0,1
1412768,36,1,0,1
304224,36,1,0,1
4026248,36,1,0,1
3726688,36,1,1,0
1085896,36,1,1,0
7558504,36,1,1,0
1194792,36,1,0,1
871880,36,1,0,1
909456,36,1,1,0
5088128,36,1,1,0
500608,36,1,1,0
4199152,36,1,0,1
771320,36,1,1,0
3317496,36,1,1,0
4901680,36,1,1,0
1607152,36,1,0,1
7312616,36,1,1,0
1055816,36,1,1,0
984032,36,1,0,1
5643464,36,1,0,1
4954032,36,1,0,1
219200,36,1,1,0
4167088,36,1,1,0
2800928,36,1,0,1
1313816,36,1,0,1
2362632,36,1,0,1
2374928,36,1,0,1
341184,36,1,0,1
3468416,36,1,0,1
607448,36,1,0,1
5225144,36,1,0,1
2795456,36,1,0,1
942752,36,1,0,1
1487872,36,1,0,1
1972552,36,1,0,1
7350248,36,1,0,1
8032504,36,1,0,1
5252520,36,1,1,0
2541200,36,1,0,1
6017032,36,1,1,0
4314432,36,1,0,1
6600976,36,1,0,1
4642464,36,1,0,1
669304,36,1,1,0
1167144,36,1,1,0
2618736,36,1,0,1
3214184,36,1,0,1
3972088,36,1,0,1
2066432,36,1,1,0
4402816,36,1,1,0
729424,36,1,0,1
1599728,36,1,1,0
1039416,36,1,1,0
4408512,36,1,1,0
3355296,36,1,1,0
642664,36,1,1,0
551112,36,1,1,0
5559096,36,1,1,0
2172640,36,1,1,0
101952,36,1,0,1
676536,36,1,1,0
261752,36,1,1,0
3358904,36,1,0,1
982200,36,1,1,0
6292656,36,1,1,0
2036952,36,1,1,0
537720,36,1,0,1
4080288,36,1,0,1
3881616,36,1,0,1
8081640,36,1,1,0
4199544,36,1,1,0
4617064,36,1,0,1
8044360,36,1,1,0
6038752,36,1,0,1
1691296,36,1,1,0
2221032,36,1,0,1
3370552,36,1,1,0
3061704,36,1,1,0
6352104,36,1,0,1
3202696,36,1,0,1
5210880,36,1,1,0
4920352,36,1,1,0
2545304,36,1,1,0
3953464,36,1,0,1
3248040,36,1,0,1
7910800,36,1,1,0
3258896,36,1,0,1
3628872,36,1,0,1
1255472,36,1,0,1
1414768,36,1,1,0
1133424,36,1,1,0
3423344,36,1,1,0
5143712,36,1,1,0
7321848,36,1,0,1
7126848,36,1,1,0
874608,36,1,0,1
3747384,36,1,0,1
5047736,36,1,0,1
851384,36,1,1,0
3182376,36,1,1,0
3582320,36,1,1,0
3327040,36,1,0,1
740160,36,1,1,0
683424,36,1,1,0
5745088,36,1,1,0
2047576,36,1,0,1
6807080,36,1,0,1
1149032,36,1,1,0
2801320,36,1,0,1
382136,36,1,1,0
1077408,36,1,1,0
5981880,36,1,1,0
7665464,36,1,1,0
1524800,36,1,0,1
8039672,36,1,0,1
7533024,36,1,1,0
4489272,36,1,1,0
6310912,36,1,0,1
1924832,36,1,1,0
5639512,36,1,0,1
2786656,36,1,0,1
1747480,36,1,0,1
962616,36,1,0,1
645752,36,1,0,1
643936,36,1,1,0
7078368,36,1,0,1
5612680,36,1,1,0
4254672,36,1,1,0
268800,36,1,1,0
6064040,36,1,1,0
240264,36,1,0,1
1128840,36,1,1,0
7516208,36,1,0,1
4038352,36,1,0,1
3005720,36,1,0,1
8117888,36,1,0,1
3732712,36,1,0,1
390480,36,1,0,1
1703008,36,1,0,1
338848,36,1,1,0
2545472,36,1,1,0
4384944,36,1,0,1
5201160,36,1,0,1
1629136,36,1,0,1
1962848,36,1,0,1
294336,36,1,1,0
378712,36,1,0,1
5979640,36,1,0,1
3136128,36,1,0,1
3671224,36,1,0,1
891336,36,1,1,0
3392032,36,1,0,1
752864,36,1,1,0
1881424,36,1,0,1
1982776,36,1,1,0
670560,36,1,0,1
1188968,36,1,1,0
6899560,36,1,0,1
4878392,36,1,0,1
1131808,36,1,0,1
4995368,36,1,1,0
1019344,36,1,1,0
8345288,36,1,1,0
984704,36,1,0,1
2285112,36,1,0,1
945008,36,1,0,1
478040,36,1,1,0
6289768,36,1,0,1
851424,36,1,1,0
543400,36,1,1,0
640048,36,1,0,1
5941216,36,1,1,0
8027096,36,1,0,1
1392184,36,1,1,0
2087848,36,1,1,0
3233248,36,1,1,0
352232,36,1,0,1
849744,36,1,0,1
317232,36,1,1,0
343824,36,1,0,1
898496,36,1,0,1
3013664,36,1,1,0
2493576,36,1,1,0
5680632,36,1,1,0
4026256,36,1,1,0
3742224,36,1,0,1
3321216,36,1,1,0
8046304,36,1,1,0
591168,36,1,1,0
6616896,36,1,1,0
609248,36,1,1,0
4419832,36,1,0,1
1453064,36,1,1,0
507184,36,1,0,1
2001680,36,1,1,0
388080,36,1,1,0
7855512,36,1,0,1
244888,36,1,0,1
1890744,36,1,0,1
248000,36,1,1,0
3877216,36,1,1,0
590320,36,1,1,0
1133872,36,1,1,0
7679424,36,1,0,1
2912688,36,1,1,0
986704,36,1,1,0
683464,36,1,1,0
1314032,36,1,0,1
2134384,36,1,1,0
6240192,36,1,1,0
1987040,36,1,1,0
236136,36,1,0,1
2271696,36,1,1,0
2641912,36,1,0,1
4387584,36,1,0,1
5077400,36,1,1,0
1017832,36,1,1,0
1739752,36,1,0,1
1126536,36,1,1,0
4791544,36,1,0,1
329872,36,1,0,1
445216,36,1,1,0
8237872,36,1,1,0
6275024,36,1,0,1
633320,36,1,0,1
440984,36,1,1,0
1334424,36,1,0,1
4206920,36,1,0,1
6113096,36,1,0,1
1752856,36,1,1,0
3151472,36,1,1,0
2959656,36,1,1,0
1138600,36,1,0,1
1146056,36,1,1,0
6255048,36,1,1,0
1168688,36,1,1,0
8224208,36,1,1,0
2532184,36,1,0,1
748088,36,1,1,0
1009856,36,1,1,0
4551504,36,1,1,0
2059904,36,1,1,0
407408,36,1,1,0
4494136,36,1,0,1
6264880,36,1,0,1
6793600,36,1,1,0
3143608,36,1,1,0
6488968,36,1,0,1
349040,36,1,0,1
299688,36,1,0,1
5407104,36,1,0,1
5187856,36,1,0,1
2074928,36,1,0,1
2357568,36,1,0,1
6201792,36,1,0,1
7394352,36,1,0,1
1213728,36,1,1,0
8097272,36,1,0,1
5523832,36,1,0,1
548656,36,1,0,1
7174808,36,1,1,0
596800,36,1,0,1
4844504,36,1,1,0
2159704,36,1,1,0
652904,36,1,1,0
4637768,36,1,0,1
3591848,36,1,0,1
4681640,36,1,1,0
768624,36,1,0,1
4338064,36,1,1,0
217080,36,1,0,1
7778232,36,1,1,0
2887600,36,1,0,1
1038296,36,1,1,0
1590496,36,1,1,0
268032,36,1,1,0
1290600,36,1,1,0
3300184,36,1,0,1
664872,36,1,1,0
6799688,36,1,1,0
1528904,36,1,1,0
1007144,36,1,1,0
1698712,36,1,1,0
715192,36,1,0,1
2782456,36,1,0,1
268600,36,1,0,1
2991696,36,1,0,1
2896240,36,1,0,1
1370024,36,1,0,1
4132856,36,1,0,1
6282952,36,1,0,1
3651016,36,1,0,1
2763016,36,1,1,0
2255080,36,1,0,1
3449040,36,1,0,1
1135840,36,1,1,0
5880168,36,1,0,1
552600,36,1,0,1
938944,36,1,1,0
2343560,36,1,0,1
895592,36,1,0,1
2015536,36,1,0,1
3686880,36,1,1,0
8334472,36,1,0,1
1088488,36,1,0,1
486552,36,1,1,0
1788024,36,1,1,0
6692880,36,1,0,1
1225720,36,1,1,0
5595600,36,1,0,1
6562864,36,1,1,0
6876848,36,1,1,0
7117600,36,1,1,0
3402840,36,1,1,0
695712,36,1,0,1
1694136,36,1,0,1
1245872,36,1,1,0
2075936,36,1,1,0
6649144,36,1,0,1
4566664,36,1,0,1
924552,36,1,1,0
7165168,36,1,1,0
2518784,36,1,1,0
5454664,36,1,0,1
4525016,36,1,1,0
1112440,36,1,1,0
2051000,36,1,0,1
5741616,36,1,0,1
6608592,36,1,0,1
1579808,36,1,1,0
3549024,36,1,0,1
5021776,36,1,1,0
1734208,36,1,0,1
1412760,36,1,1,0
597088,36,1,0,1
2104384,36,1,1,0
1155000,36,1,1,0
154280,36,1,1,0
5062944,36,1,0,1
426248,36,1,0,1
941728,36,1,0,1
209320,36,1,0,1
1626200,36,1,0,1
2253168,36,1,0,1
2368328,36,1,0,1
3958560,36,1,1,0
3353800,36,1,1,0
2905912,36,1,1,0
7097056,36,1,1,0
2483376,36,1,0,1
2342344,36,1,0,1
253680,36,1,0,1
757184,36,1,1,0
726160,36,1,0,1
300096,36,1,0,1
6494344,36,1,0,1
209520,36,1,0,1
1500304,36,1,0,1
1148240,36,1,1,0
4530640,36,1,1,0
1058080,36,1,1,0
1932968,36,1,1,0
2472656,36,1,1,0
4230248,36,1,0,1
3255768,36,1,1,0
499976,36,1,0,1
8170112,36,1,0,1
409408,36,1,1,0
8282736,36,1,0,1
1594832,36,1,0,1
707320,36,1,0,1
969536,36,1,1,0
8380272,36,1,1,0
2224616,36,1,0,1
923336,36,1,0,1
3929608,36,1,1,0
6559952,36,1,0,1
1112272,36,1,1,0
707936,36,1,1,0
334104,36,1,0,1
2689744,36,1,1,0
681320,36,1,1,0
2375816,36,1,0,1
6324936,36,1,0,1
1114504,36,1,0,1
3384208,36,1,0,1
5021336,36,1,0,1
7811640,36,1,0,1
1422720,36,1,1,0
1946936,36,1,1,0
3829032,36,1,0,1
4470408,36,1,0,1
5249744,36,1,1,0
631584,36,1,0,1
1400320,36,1,0,1
154504,36,1,0,1
6990736,36,1,0,1
2187632,36,1,1,0
3291368,36,1,1,0
385520,36,1,0,1
1846016,36,1,0,1
5350136,36,1,1,0
878944,36,1,1,0
3022016,36,1,1,0
2882520,36,1,0,1
6008144,36,1,1,0
1242280,36,1,1,0
3763232,36,1,1,0
2332096,36,1,1,0
1266856,36,1,1,0
404744,36,1,0,1
5990288,36,1,1,0
1077696,36,1,1,0
2714968,36,1,0,1
704616,36,1,1,0
5202968,36,1,1,0
1969240,36,1,0,1
384224,36,1,0,1
4754928,36,1,1,0
876808,36,1,0,1
3690048,36,1,1,0
5708624,36,1,0,1
5749960,36,1,1,0
3040776,36,1,1,0
1467688,36,1,1,0
5548392,36,1,0,1
1812904,36,1,1,0
1260192,36,1,0,1
7563048,36,1,0,1
1715032,36,1,0,1
4023800,36,1,1,0
1220656,36,1,0,1
909936,36,1,1,0
1755072,36,1,1,0
1899144,36,1,0,1
781728,36,1,0,1
5789336,36,1,0,1
3347400,36,1,0,1
1116600,36,1,1,0
1489432,36,1,1,0
4916432,36,1,0,1
5133128,36,1,1,0
459752,36,1,1,0
689008,36,1,0,1
2700672,36,1,0,1
3989016,36,1,1,0
2431408,36,1,1,0
4453072,36,1,0,1
105888,36,1,0,1
2145904,36,1,0,1
1109960,36,1,0,1
2752848,36,1,0,1
683664,36,1,1,0
1044032,36,1,0,1
369008,36,1,0,1
1966408,36,1,0,1
1276248,36,1,1,0
428480,36,1,1,0
3102192,36,1,1,0
449792,36,1,1,0
679424,36,1,0,1
3886456,36,1,1,0
3901328,36,1,1,0
5850208,36,1,0,1
1038192,36,1,0,1
1248864,36,1,0,1
310488,36,1,0,1
997008,36,1,0,1
5142080,36,1,1,0
587792,36,1,1,0
763672,36,1,1,0
2800976,36,1,1,0
5100552,36,1,0,1
1462824,36,1,0,1
536520,36,1,0,1
1059016,36,1,0,1
720448,36,1,0,1
552832,36,1,0,1
3002176,36,1,0,1
7130992,36,1,1,0
4225176,36,1,0,1
2754168,36,1,0,1
1092832,36,1,0,1
1642400,36,1,1,0
7530128,36,1,0,1
7692000,36,1,0,1
986888,36,1,0,1
500008,36,1,1,0
7030608,36,1,1,0
831640,36,1,0,1
457056,36,1,0,1
209344,36,1,1,0
7837216,36,1,1,0
3202296,36,1,1,0
5754176,36,1,0,1
7309696,36,1,0,1
6428584,36,1,0,1
723360,36,1,0,1
2683864,36,1,1,0
1835240,36,1,0,1
5560560,36,1,0,1
897272,36,1,1,0
1053248,36,1,0,1
268000,36,1,1,0
1779728,36,1,1,0
1350120,36,1,0,1
2105248,36,1,1,0
4917536,36,1,0,1
631128,36,1,1,0
698504,36,1,1,0
3174504,36,1,1,0
1338600,36,1,1,0
243448,36,1,1,0
384648,36,1,0,1
1710368,36,1,1,0
1905264,36,1,1,0
4927776,36,1,1,0
5133216,36,1,0,1
1157656,36,1,1,0
2848448,36,1,1,0
1576480,36,1,0,1
5945344,36,1,1,0
6151872,36,1,1,0
4963080,36,1,0,1
4161248,36,1,1,0
999640,36,1,0,1
3682240,36,1,1,0
3495848,36,1,0,1
5235368,36,1,0,1
3613912,36,1,1,0
1635656,36,1,0,1
923752,36,1,1,0
484776,36,1,0,1
632072,36,1,1,0
945192,36,1,1,0
6418912,36,1,0,1
4789456,36,1,1,0
3311312,36,1,0,1
7086632,36,1,1,0
2517944,36,1,0,1
7249464,36,1,1,0
3417408,36,1,0,1
2312056,36,1,0,1
5885720,36,1,1,0
1199504,36,1,0,1
5035320,36,1,1,0
2078704,36,1,1,0
4651272,36,1,1,0
7815176,36,1,1,0
2543952,36,1,0,1
2877024,36,1,0,1
1362192,36,1,0,1
7773440,36,1,0,1
4506240,36,1,0,1
409824,36,1,0,1
1925056,36,1,0,1
2318008,36,1,1,0
8051864,36,1,0,1
760312,36,1,0,1
660528,36,1,1,0
6995808,36,1,0,1
5412768,36,1,0,1
1972224,36,1,1,0
723400,36,1,1,0
7708440,36,1,1,0
6123864,36,1,1,0
8320848,36,1,1,0
259792,36,1,1,0
2390432,36,1,0,1
5595256,36,1,0,1
3595384,36,1,0,1
4432824,36,1,1,0
937576,36,1,0,1
2024504,36,1,0,1
2964192,36,1,0,1
3244208,36,1,1,0
213760,36,1,1,0
2483960,36,1,1,0
485616,36,1,0,1
3988056,36,1,1,0
2083160,36,1,1,0
6525184,36,1,0,1
1399888,36,1,1,0
1108744,36,1,1,0
1630736,36,1,0,1
678888,36,1,1,0
4790184,36,1,1,0
2180552,36,1,0,1
1862768,36,1,0,1
3704520,36,1,1,0
927040,36,1,0,1
443648,36,1,0,1
660992,36,1,0,1
2980720,36,1,1,0
2023600,36,1,1,0
2052976,36,1,0,1
2604936,36,1,1,0
2889912,36,1,1,0
3146104,36,1,1,0
5279008,36,1,1,0
5103688,36,1,1,0
7685016,36,1,0,1
2699600,36,1,0,1
678824,36,1,1,0
255536,36,1,0,1
4855128,36,1,1,0
4123264,36,1,1,0
285712,36,1,1,0
1164224,36,1,1,0
3920288,36,1,1,0
2017232,36,1,1,0
4560456,36,1,1,0
2668032,36,1,1,0
4039112,36,1,1,0
6671336,36,1,0,1
1269864,36,1,1,0
4220016,36,1,1,0
892248,36,1,1,0
870440,36,1,0,1
4611024,36,1,1,0
1956712,36,1,1,0
937648,37,1,0,1
1463576,37,1,0,1
7386168,37,1,0,1
254008,37,1,1,0
2807416,37,1,1,0
3967928,37,1,1,0
1924320,37,1,1,0
7732296,37,1,0,1
377736,37,1,1,0
342256,37,1,1,0
2214664,37,1,0,1
492000,37,1,1,0
610624,37,1,0,1
3436256,37,1,0,1
3232480,37,1,1,0
3089312,37,1,0,1
5565840,37,1,1,0
2851144,37,1,0,1
355264,37,1,0,1
8384056,37,1,1,0
4025376,37,1,1,0
3763224,37,1,0,1
4582648,37,1,1,0
809112,37,1,1,0
341032,37,1,0,1
404120,37,1,0,1
2820400,37,1,1,0
7243192,37,1,1,0
1465864,37,1,0,1
780200,37,1,0,1
7036128,37,1,0,1
8228752,37,1,0,1
1007760,37,1,0,1
3641240,37,1,0,1
4363832,37,1,0,1
521992,37,1,1,0
212392,37,1,1,0
1540880,37,1,0,1
1048944,37,1,1,0
694536,37,1,1,0
7082104,37,1,1,0
651272,37,1,1,0
7536080,37,1,1,0
734288,37,1,0,1
1905256,37,1,0,1
2350688,37,1,0,1
729848,37,1,1,0
651528,37,1,1,0
4742984,37,1,0,1
596048,37,1,0,1
3365296,37,1,0,1
318336,37,1,0,1
2872408,37,1,0,1
422664,37,1,0,1
956480,37,1,0,1
2865048,37,1,1,0
236352,37,1,1,0
221992,37,1,0,1
229856,37,1,0,1
3437984,37,1,1,0
3903936,37,1,0,1
2274536,37,1,1,0
4748064,37,1,0,1
4421960,37,1,0,1
239832,37,1,1,0
7342376,37,1,0,1
6101792,37,1,1,0
502800,37,1,1,0
551144,37,1,0,1
264872,37,1,0,1
978336,37,1,1,0
261232,37,1,1,0
5570792,37,1,0,1
536168,37,1,0,1
2591312,37,1,1,0
900056,37,1,1,0
5969064,37,1,0,1
2416928,37,1,0,1
947792,37,1,1,0
653368,37,1,1,0
1183176,37,1,0,1
1684152,37,1,1,0
1884696,37,1,1,0
5215320,37,1,0,1
2381720,37,1,0,1
1884240,37,1,1,0
3974976,37,1,1,0
5322640,37,1,1,0
3315088,37,1,1,0
1134080,37,1,1,0
2991584,37,1,1,0
7355136,37,1,0,1
1645208,37,1,1,0
3939400,37,1,1,0
5604592,37,1,0,1
734656,37,1,1,0
5403712,37,1,1,0
188072,37,1,0,1
6315584,37,1,0,1
6457208,37,1,1,0
1727936,37,1,0,1
609304,37,1,0,1
5578584,37,1,0,1
4467160,37,1,0,1
4866104,37,1,0,1
532032,37,1,0,1
3607176,37,1,0,1
1760920,37,1,0,1
2076456,37,1,0,1
258664,37,1,0,1
1029728,37,1,1,0
1871240,37,1,1,0
3371376,37,1,0,1
5214000,37,1,0,1
5807696,37,1,1,0
180008,37,1,0,1
752008,37,1,1,0
1156528,37,1,0,1
4663528,37,1,0,1
959968,37,1,1,0
2934712,37,1,0,1
978264,37,1,0,1
1354072,37,1,1,0
1424640,37,1,1,0
5847888,37,1,0,1
2214952,37,1,1,0
874872,37,1,0,1
902376,37,1,0,1
6108328,37,1,0,1
5249104,37,1,0,1
470776,37,1,1,0
692480,37,1,1,0
7286112,37,1,0,1
5982952,37,1,0,1
3715080,37,1,0,1
734344,37,1,0,1
2180360,37,1,0,1
7168976,37,1,1,0
4500992,37,1,0,1
215688,37,1,1,0
7668112,37,1,1,0
1852648,37,1,0,1
515072,37,1,0,1
4109296,37,1,1,0
224784,37,1,0,1
1235312,37,1,0,1
5903744,37,1,1,0
529048,37,1,1,0
566880,37,1,1,0
5596784,37,1,1,0
506944,37,1,1,0
463344,37,1,1,0
2910712,37,1,0,1
530000,37,1,1,0
736416,37,1,0,1
1612632,37,1,0,1
5488600,37,1,0,1
3831944,37,1,0,1
2501752,37,1,1,0
819944,37,1,1,0
1422832,37,1,0,1
7628288,37,1,0,1
1182032,37,1,1,0
2631360,37,1,1,0
897840,37,1,1,0
1886752,37,1,0,1
8161488,37,1,0,1
2009176,37,1,1,0
1708248,37,1,1,0
2762432,37,1,1,0
2379424,37,1,0,1
6789616,37,1,0,1
5129312,37,1,0,1
7084456,37,1,0,1
1521072,37,1,0,1
7667296,37,1,1,0
2375104,37,1,0,1
4749904,37,1,1,0
1897440,37,1,0,1
1790960,37,1,1,0
156760,37,1,0,1
3459896,37,1,1,0
6041056,37,1,0,1
3497360,37,1,1,0
7405552,37,1,1,0
3457600,37,1,1,0
943120,37,1,1,0
8100384,37,1,0,1
8259112,37,1,1,0
6662544,37,1,1,0
2615456,37,1,1,0
3971872,37,1,0,1
2042600,37,1,1,0
7631328,37,1,1,0
1402984,37,1,1,0
3166248,37,1,1,0
4052040,37,1,1,0
7179880,37,1,0,1
7182680,37,1,1,0
1173744,37,1,1,0
5746544,37,1,1,0
3987312,37,1,1,0
6123368,37,1,1,0
186208,37,1,0,1
1391728,37,1,1,0
2049280,37,1,1,0
735872,37,1,0,1
536144,37,1,1,0
6521224,37,1,0,1
4159360,37,1,0,1
7324312,37,1,0,1
1040392,37,1,1,0
223184,37,1,1,0
3994184,37,1,1,0
804112,37,1,1,0
2489624,37,1,0,1
3158896,37,1,1,0
1359168,37,1,1,0
914808,37,1,0,1
214416,37,1,0,1
534976,37,1,1,0
845048,37,1,0,1
93016,37,1,1,0
5216576,37,1,0,1
5540728,37,1,0,1
1590688,37,1,0,1
181408,37,1,0,1
2194472,37,1,1,0
6460856,37,1,0,1
348544,37,1,0,1
6951576,37,1,0,1
5565672,37,1,0,1
5023464,37,1,1,0
4308376,37,1,0,1
2079096,37,1,1,0
323624,37,1,1,0
671496,37,1,1,0
1460520,37,1,1,0
1483032,37,1,1,0
2160824,37,1,1,0
3130672,37,1,1,0
2520288,37,1,1,0
443344,37,1,1,0
1156768,37,1,0,1
727704,37,1,1,0
1480640,37,1,1,0
834248,37,1,0,1
204936,37,1,0,1
2044152,37,1,0,1
786896,37,1,0,1
621952,37,1,0,1
401664,37,1,0,1
7562816,37,1,0,1
697384,37,1,1,0
2246696,37,1,0,1
1380160,37,1,0,1
148360,37,1,1,0
4177776,37,1,1,0
269664,37,1,1,0
3323056,37,1,1,0
6552136,37,1,1,0
7087928,37,1,1,0
517416,37,1,0,1
3497616,37,1,1,0
5784920,37,1,0,1
910888,37,1,0,1
556248,37,1,0,1
1856208,37,1,0,1
5470560,37,1,1,0
6177488,37,1,1,0
1036784,37,1,0,1
4230648,37,1,0,1
481024,37,1,0,1
781288,37,1,1,0
4559224,37,1,0,1
1884080,37,1,0,1
3810240,37,1,0,1
2151528,37,1,0,1
7103504,37,1,1,0
3778576,37,1,0,1
5715040,37,1,0,1
528088,37,1,1,0
1229344,37,1,1,0
753760,37,1,0,1
4741792,37,1,0,1
1039008,37,1,0,1
673536,37,1,0,1
5839616,37,1,0,1
5328056,37,1,1,0
3673824,37,1,0,1
3346440,37,1,0,1
7528840,37,1,0,1
7015048,37,1,0,1
6017488,37,1,0,1
3062848,37,1,0,1
1228824,37,1,0,1
6024760,37,1,0,1
4650640,37,1,1,0
5563896,37,1,1,0
985896,37,1,0,1
3326088,37,1,1,0
1023016,37,1,1,0
654936,37,1,1,0
305632,37,1,1,0
1008088,37,1,1,0
1240544,37,1,1,0
2723064,37,1,0,1
4543768,37,1,0,1
798432,37,1,1,0
1207656,37,1,1,0
959224,37,1,0,1
1903120,37,1,0,1
498384,37,1,1,0
117976,37,1,1,0
2359472,37,1,1,0
550632,37,1,1,0
6311456,37,1,1,0
3823352,37,1,1,0
943976,37,1,0,1
2762296,37,1,0,1
944704,37,1,1,0
950560,37,1,0,1
455016,37,1,1,0
764216,37,1,1,0
1339960,37,1,1,0
1243984,37,1,0,1
8099328,37,1,0,1
5311528,37,1,0,1
3916272,37,1,0,1
1683712,37,1,1,0
1522392,37,1,0,1
3359720,37,1,0,1
999432,37,1,1,0
7088336,37,1,1,0
4659576,37,1,0,1
7968744,37,1,1,0
2934368,37,1,0,1
5600896,37,1,1,0
2229736,37,1,0,1
7960560,37,1,1,0
8139840,37,1,0,1
2209888,37,1,0,1
7297736,37,1,0,1
6399144,37,1,0,1
4207448,37,1,1,0
6670968,37,1,1,0
4961272,37,1,1,0
995208,37,1,1,0
2548792,37,1,0,1
3956776,37,1,0,1
5894960,37,1,0,1
289272,37,1,0,1
496512,37,1,0,1
4571384,37,1,1,0
4205912,37,1,1,0
2270928,37,1,1,0
3162128,37,1,0,1
5044888,37,1,0,1
787064,37,1,1,0
6910632,37,1,1,0
1180008,37,1,1,0
2826656,37,1,1,0
7078712,37,1,0,1
1953952,37,1,1,0
617744,37,1,1,0
1592312,37,1,1,0
1831696,37,1,0,1
2096472,37,1,1,0
7447040,37,1,1,0
7419744,37,1,1,0
2712760,37,1,1,0
4025656,37,1,0,1
7391896,37,1,0,1
1847328,37,1,0,1
452912,37,1,1,0
1904760,37,1,1,0
883872,37,1,0,1
173384,37,1,0,1
3521680,37,1,0,1
1127184,37,1,1,0
4628544,37,1,0,1
886808,37,1,0,1
2976912,37,1,0,1
2196272,37,1,0,1
7999216,37,1,1,0
211480,37,1,0,1
1893448,37,1,1,0
1558488,37,1,1,0
2013808,37,1,0,1
4094712,37,1,1,0
1693472,37,1,1,0
5041840,37,1,0,1
304040,37,1,0,1
4132200,37,1,1,0
1515280,37,1,0,1
750992,37,1,1,0
8006328,37,1,1,0
7378704,37,1,0,1
2179632,37,1,1,0
692944,37,1,0,1
5264080,37,1,0,1
5106480,37,1,0,1
771192,37,1,1,0
3649928,37,1,1,0
5968552,37,1,1,0
1153928,37,1,1,0
1226376,37,1,1,0
1241344,37,1,0,1
3162208,37,1,0,1
2231904,37,1,1,0
7415144,37,1,1,0
677312,37,1,1,0
1119168,37,1,0,1
898544,37,1,1,0
1720984,37,1,0,1
1760032,37,1,0,1
5496704,37,1,1,0
3422936,37,1,1,0
5077464,37,1,0,1
3198160,37,1,0,1
154408,37,1,1,0
6474696,37,1,0,1
3562112,37,1,0,1
5982016,37,1,0,1
796376,37,1,1,0
1169648,37,1,0,1
5617592,37,1,0,1
253096,37,1,0,1
4773048,37,1,1,0
1844392,37,1,1,0
2545848,37,1,0,1
5976760,37,1,1,0
5978528,37,1,1,0
7357016,37,1,0,1
4068800,37,1,1,0
1010992,37,1,0,1
823432,37,1,0,1
1942512,37,1,1,0
7958656,37,1,1,0
4604312,37,1,1,0
3653832,37,1,1,0
3857104,37,1,1,0
1500576,37,1,1,0
385088,37,1,0,1
2275736,37,1,1,0
6405160,37,1,0,1
552648,37,1,1,0
1418632,37,1,0,1
1887008,37,1,0,1
1061320,37,1,0,1
2099848,37,1,1,0
1762648,37,1,1,0
1488160,37,1,1,0
2373504,37,1,0,1
3990392,37,1,0,1
506976,37,1,0,1
449040,37,1,0,1
785336,37,1,1,0
2021000,37,1,0,1
7750288,37,1,1,0
1359272,37,1,1,0
876736,37,1,1,0
1623024,37,1,1,0
604928,37,1,0,1
558888,37,1,0,1
4398840,37,1,1,0
3864856,37,1,1,0
1831112,37,1,0,1
3887560,37,1,0,1
6214360,37,1,0,1
216712,37,1,0,1
6572096,37,1,1,0
1089304,37,1,1,0
6841488,37,1,1,0
2562296,37,1,1,0
5825120,37,1,1,0
3651600,37,1,0,1
480328,37,1,0,1
5204576,37,1,1,0
779992,37,1,1,0
6572104,37,1,0,1
4953296,37,1,1,0
2869984,37,1,0,1
4120176,37,1,0,1
658280,37,1,1,0
2684072,37,1,0,1
7824608,37,1,0,1
1522928,37,1,0,1
886064,37,1,1,0
211736,37,1,1,0
386208,37,1,0,1
3011808,37,1,1,0
6780096,37,1,1,0
749776,37,1,1,0
2212048,37,1,1,0
4260680,37,1,0,1
119936,37,1,1,0
6659152,37,1,1,0
2399136,37,1,0,1
1891328,37,1,0,1
7814040,37,1,1,0
911040,37,1,1,0
187472,37,1,0,1
7416344,37,1,0,1
683528,37,1,1,0
8289856,37,1,1,0
140704,37,1,1,0
2989736,37,1,0,1
8037184,37,1,1,0
1102248,37,1,0,1
1171184,37,1,1,0
3989464,37,1,1,0
1065928,37,1,1,0
5715368,37,1,0,1
1069944,37,1,0,1
1394048,37,1,0,1
4595056,37,1,0,1
1420144,37,1,0,1
5560776,37,1,0,1
3863936,37,1,1,0
7233840,37,1,0,1
4573056,37,1,1,0
4914064,37,1,0,1
1374072,37,1,1,0
3348008,37,1,1,0
966392,37,1,0,1
1466968,37,1,1,0
1098888,37,1,0,1
838280,37,1,0,1
3880584,37,1,0,1
425552,37,1,1,0
5022272,37,1,0,1
1612992,37,1,0,1
1917640,37,1,0,1
695664,37,1,0,1
7827920,37,1,1,0
4074544,37,1,0,1
1181768,37,1,1,0
3881984,37,1,1,0
722104,37,1,0,1
5724704,37,1,0,1
4012536,37,1,1,0
1830992,37,1,1,0
4163408,37,1,0,1
3486608,37,1,0,1
3366256,37,1,1,0
7649960,37,1,0,1
1928664,37,1,0,1
1968720,37,1,1,0
6778128,37,1,1,0
2456480,37,1,0,1
5354432,37,1,0,1
7873336,37,1,1,0
1028136,37,1,0,1
3957896,37,1,1,0
305304,37,1,0,1
236760,37,1,0,1
5511896,37,1,0,1
6666536,37,1,1,0
7964624,37,1,0,1
1704720,37,1,0,1
1901400,37,1,0,1
815608,37,1,1,0
2724992,37,1,1,0
4482720,37,1,0,1
1112992,37,1,0,1
1266248,37,1,1,0
6940528,37,1,0,1
271904,37,1,0,1
4878128,37,1,1,0
1225216,37,1,0,1
723416,37,1,1,0
4831992,37,1,1,0
1466536,37,1,1,0
1570024,37,1,1,0
1006864,37,1,0,1
6513864,37,1,1,0
504952,37,1,1,0
3812800,37,1,1,0
1868032,37,1,1,0
134008,37,1,1,0
7590184,37,1,0,1
1848264,37,1,1,0
640752,37,1,1,0
631304,37,1,0,1
759360,37,1,0,1
380784,37,1,1,0
2639648,37,1,0,1
1246216,37,1,1,0
363096,37,1,1,0
1223112,37,1,1,0
1023568,37,1,1,0
2767128,37,1,0,1
616272,37,1,1,0
2922184,37,1,0,1
664792,37,1,1,0
2548592,37,1,1,0
259840,37,1,0,1
4277616,37,1,1,0
2098184,37,1,1,0
5926992,37,1,0,1
3529496,37,1,1,0
860384,37,1,0,1
994048,37,1,0,1
905392,37,1,0,1
1057600,37,1,1,0
5878224,37,1,0,1
1113608,37,1,1,0
1862576,37,1,1,0
2133512,37,1,1,0
3763968,37,1,1,0
949208,37,1,0,1
4482616,37,1,0,1
5523688,37,1,1,0
653360,37,1,1,0
4583864,37,1,0,1
3018000,37,1,1,0
2757528,37,1,1,0
1755256,37,1,1,0
3917640,37,1,1,0
3225960,37,1,1,0
4308408,37,1,0,1
253448,37,1,1,0
474904,37,1,0,1
3048376,37,1,1,0
1915936,37,1,0,1
558408,37,1,0,1
3116056,37,1,1,0
574960,37,1,1,0
959512,37,1,0,1
422816,37,1,0,1
4814568,37,1,1,0
4225624,37,1,0,1
2565096,37,1,1,0
714888,37,1,0,1
3616960,37,1,1,0
378472,37,1,0,1
4105992,37,1,1,0
2998800,37,1,0,1
7033496,37,1,0,1
703320,37,1,1,0
1503712,37,1,0,1
5463440,37,1,0,1
8129976,37,1,1,0
161552,37,1,0,1
1116312,37,1,0,1
4517424,37,1,1,0
699680,37,1,1,0
4018520,37,1,0,1
625120,37,1,1,0
6036520,37,1,1,0
627592,37,1,0,1
2212760,37,1,0,1
1089856,37,1,0,1
7334208,37,1,0,1
2123320,37,1,0,1
967736,37,1,1,0
3637280,37,1,1,0
3160912,37,1,1,0
2867808,37,1,1,0
1660120,37,1,1,0
330864,37,1,0,1
5879912,37,1,0,1
1913912,37,1,1,0
258552,37,1,1,0
1627840,37,1,1,0
2704016,37,1,1,0
2655856,37,1,0,1
1612528,37,1,1,0
3691352,37,1,1,0
2380184,37,1,0,1
1560056,37,1,0,1
1131616,37,1,0,1
353272,37,1,1,0
395944,37,1,1,0
5406656,37,1,0,1
4615904,37,1,1,0
605304,37,1,1,0
232152,37,1,0,1
1420608,37,1,0,1
1115984,37,1,1,0
5658584,37,1,1,0
651640,37,1,1,0
4128328,37,1,0,1
2317760,37,1,0,1
1325656,37,1,1,0
2426784,37,1,1,0
1505840,37,1,1,0
1905768,37,1,0,1
1086136,37,1,0,1
4249672,37,1,0,1
6041424,37,1,0,1
6365552,37,1,0,1
368008,37,1,0,1
5937144,37,1,0,1
330064,37,1,0,1
2094136,37,1,1,0
5359264,37,1,1,0
3044920,37,1,0,1
3378880,37,1,1,0
4102232,37,1,1,0
3386024,37,1,0,1
5624304,37,1,1,0
1193368,37,1,1,0
4364936,37,1,0,1
2333944,37,1,1,0
1026360,37,1,1,0
1088016,37,1,1,0
413600,37,1,0,1
1457496,37,1,0,1
2542016,37,1,1,0
5605440,37,1,1,0
510968,37,1,1,0
622992,37,1,1,0
5980256,37,1,1,0
469560,37,1,0,1
7001296,37,1,0,1
3704920,37,1,1,0
1008040,37,1,0,1
2715976,37,1,1,0
986680,37,1,1,0
7748464,37,1,1,0
3766136,37,1,1,0
1245520,37,1,0,1
937232,37,1,1,0
4693192,37,1,0,1
1698376,37,1,1,0
4381408,37,1,1,0
3110640,37,1,0,1
1569744,37,1,0,1
780688,37,1,1,0
600352,37,1,1,0
766192,37,1,1,0
1427312,37,1,0,1
973616,37,1,1,0
732608,37,1,0,1
1461536,37,1,0,1
1346520,37,1,1,0
670080,37,1,1,0
7386256,37,1,1,0
3057744,37,1,0,1
1619880,37,1,1,0
1271112,37,1,1,0
2527712,37,1,0,1
7635144,37,1,0,1
6166344,37,1,1,0
308568,37,1,0,1
536736,37,1,1,0
6210208,37,1,0,1
3023000,37,1,1,0
828048,37,1,0,1
3767776,37,1,0,1
3162776,37,1,0,1
608912,37,1,0,1
7607624,37,1,0,1
2630824,37,1,1,0
433016,37,1,0,1
1282520,37,1,0,1
1454656,37,1,1,0
331760,37,1,1,0
6732272,37,1,0,1
482392,37,1,1,0
5787000,37,1,1,0
1799600,37,1,0,1
5454288,37,1,1,0
289928,37,1,0,1
594368,37,1,1,0
3146496,37,1,1,0
6470984,37,1,0,1
136912,37,1,1,0
1220488,37,1,1,0
571624,37,1,1,0
2490216,37,1,1,0
6906008,37,1,1,0
333128,37,1,0,1
6051904,37,1,0,1
2395328,37,1,1,0
485008,37,1,0,1
1606920,37,1,0,1
5256304,37,1,0,1
1068680,37,1,1,0
4341024,37,1,0,1
2291976,37,1,1,0
427080,37,1,1,0
457168,37,1,1,0
1296616,37,1,1,0
2508648,37,1,1,0
3331016,37,1,1,0
735296,37,1,0,1
969448,37,1,0,1
7365080,37,1,0,1
5147648,37,1,0,1
342600,37,1,0,1
1644000,37,1,1,0
368672,37,1,0,1
3299168,37,1,0,1
4689400,37,1,1,0
344784,37,1,0,1
255496,37,1,1,0
3782104,37,1,1,0
572712,37,1,0,1
2278232,37,1,1,0
2405200,37,1,0,1
2048032,37,1,1,0
2574320,37,1,1,0
3136944,37,1,0,1
2635696,37,1,0,1
1851520,37,1,0,1
6386296,37,1,1,0
4847880,37,1,0,1
558216,37,1,1,0
3077792,37,1,1,0
2958000,37,1,0,1
2059936,37,1,1,0
7339472,37,1,0,1
1884944,37,1,1,0
1948888,37,1,0,1
1803616,37,1,1,0
1373832,37,1,0,1
1184576,37,1,1,0
425680,37,1,0,1
1977400,37,1,1,0
7812104,37,1,1,0
4717752,37,1,1,0
929320,37,1,0,1
754816,37,1,1,0
225312,37,1,1,0
1147280,37,1,0,1
5104352,37,1,0,1
3089936,37,1,1,0
1753208,37,1,0,1
4959560,37,1,1,0
1371720,37,1,1,0
3425528,37,1,0,1
1070104,37,1,0,1
7538288,37,1,0,1
2533440,37,1,1,0
6331648,37,1,0,1
3591944,37,1,0,1
5009288,37,1,1,0
8105864,37,1,1,0
3386440,37,1,1,0
3742664,37,1,0,1
746328,37,1,1,0
3260448,37,1,0,1
6444960,37,1,1,0
2789920,37,1,1,0
4254272,37,1,1,0
148472,37,1,1,0
6479880,37,1,0,1
533976,37,1,0,1
3403280,37,1,0,1
5583952,37,1,1,0
1768264,37,1,1,0
2866520,37,1,0,1
2088896,37,1,0,1
1296952,37,1,1,0
3709800,37,1,1,0
807576,37,1,1,0
3245112,37,1,1,0
7249968,37,1,0,1
1198192,37,1,1,0
2439624,37,1,1,0
1327952,37,1,0,1
1736904,37,1,0,1
1241736,37,1,1,0
723296,37,1,0,1
888560,37,1,1,0
1098080,37,1,1,0
7826344,37,1,0,1
608080,37,1,1,0
3144488,37,1,1,0
6950080,37,1,0,1
3337520,37,1,0,1
1200624,37,1,0,1
1773824,37,1,1,0
5952744,37,1,1,0
3035512,37,1,0,1
2518152,37,1,0,1
1185784,37,1,1,0
1540856,37,1,1,0
1545736,37,1,0,1
3533640,37,1,1,0
1594264,37,1,1,0
588272,37,1,0,1
8211112,37,1,1,0
1722608,37,1,0,1
7218312,37,1,0,1
5070504,37,1,1,0
653128,37,1,0,1
6479472,37,1,0,1
1785032,37,1,0,1
3151384,37,1,1,0
683176,37,1,1,0
7251560,37,1,0,1
177096,37,1,1,0
2679584,37,1,1,0
3786272,37,1,0,1
416288,37,1,1,0
716200,37,1,0,1
8078360,37,1,1,0
422696,37,1,0,1
6177240,37,1,0,1
891608,37,1,1,0
4323768,37,1,1,0
454808,37,1,1,0
489800,37,1,0,1
4190808,37,1,0,1
6486248,37,1,1,0
558752,37,1,0,1
914600,37,1,0,1
634104,37,1,0,1
2154160,37,1,0,1
3574992,37,1,1,0
4330960,37,1,0,1
4828032,37,1,0,1
953216,37,1,0,1
5508896,37,1,1,0
859680,37,1,0,1
1029200,37,1,0,1
3330464,37,1,0,1
3733744,37,1,1,0
4448976,37,1,0,1
2256584,37,1,1,0
4694040,37,1,0,1
1126432,37,1,0,1
428792,37,1,0,1
3174224,37,1,0,1
519064,37,1,0,1
1918144,37,1,0,1
675032,37,1,0,1
4477176,37,1,1,0
582016,37,1,1,0
1047104,37,1,0,1
974728,37,1,0,1
152064,37,1,0,1
1607120,37,1,0,1
1238696,37,1,1,0
2015672,37,1,0,1
871512,37,1,1,0
1320216,37,1,1,0
596248,37,1,0,1
5750856,37,1,0,1
662384,37,1,0,1
4173528,37,1,0,1
528776,37,1,0,1
2881544,37,1,1,0
252064,37,1,0,1
6977896,37,1,0,1
5675584,37,1,0,1
1616336,37,1,1,0
4645056,37,1,0,1
5309712,37,1,0,1
3038096,37,1,0,1
1957152,37,1,0,1
1840944,37,1,0,1
6561320,37,1,0,1
511672,37,1,0,1
196920,37,1,0,1
2485416,37,1,1,0
2857824,37,1,1,0
3406000,37,1,0,1
1744312,37,1,1,0
2165224,37,1,0,1
4803264,37,1,0,1
508520,37,1,0,1
386120,37,1,0,1
271528,37,1,1,0
2049808,37,1,0,1
5768416,37,1,1,0
4788896,37,1,1,0
153936,37,1,0,1
4195152,37,1,0,1
6130768,37,1,0,1
2687304,37,1,1,0
3557408,37,1,1,0
4829424,37,1,1,0
5321800,37,1,1,0
279976,37,1,1,0
4691072,37,1,1,0
2910528,37,1,0,1
478424,37,1,0,1
5567624,37,1,1,0
653864,37,1,1,0
279144,37,1,1,0
626864,37,1,0,1
3827568,37,1,0,1
1176112,37,1,0,1
1339472,37,1,1,0
4707568,37,1,1,0
554248,37,1,1,0
7018728,37,1,1,0
2150544,37,1,0,1
993960,37,1,1,0
2158088,37,1,0,1
1972832,37,1,1,0
826176,37,1,1,0
414600,37,1,0,1
408968,37,1,1,0
415104,37,1,1,0
4038432,37,1,1,0
5549040,37,1,1,0
609768,37,1,1,0
6144496,37,1,1,0
4118552,37,1,0,1
3906112,37,1,0,1
567016,37,1,1,0
5167888,37,1,0,1
3409376,37,1,0,1
7033840,37,1,1,0
2124296,37,1,0,1
2075456,37,1,1,0
290544,37,1,0,1
2866080,37,1,0,1
4493176,37,1,1,0
3683200,37,1,0,1
4510824,37,1,0,1
426488,37,1,1,0
1669344,37,1,0,1
4955288,37,1,1,0
3462872,37,1,1,0
1947736,37,1,0,1
759000,37,1,0,1
465944,37,1,0,1
2661568,37,1,0,1
5611312,37,1,1,0
2241496,37,1,0,1
8178856,37,1,0,1
4157048,37,1,0,1
1718272,37,1,1,0
7573008,37,1,1,0
3084144,37,1,0,1
3829584,37,1,0,1
287664,37,1,0,1
574696,37,1,0,1
835648,37,1,1,0
1210568,37,1,1,0
289696,37,1,0,1
5742992,37,1,0,1
94048,37,1,1,0
6502232,37,1,0,1
6673144,37,1,1,0
2023376,37,1,1,0
4591568,37,1,0,1
5056248,37,1,1,0
2469848,37,1,0,1
6037608,37,1,0,1
267992,37,1,0,1
2091256,37,1,0,1
2166448,37,1,1,0
714352,37,1,1,0
6518024,37,1,1,0
5095232,37,1,0,1
1173240,37,1,1,0
3208032,37,1,1,0
6459424,37,1,0,1
1214272,37,1,0,1
6986272,37,1,0,1
352184,37,1,1,0
836736,37,1,1,0
638832,37,1,0,1
1326520,37,1,1,0
887696,37,1,0,1
894688,37,1,0,1
7858152,37,1,0,1
3422872,37,1,1,0
7474144,37,1,0,1
3730032,37,1,1,0
5000280,37,1,0,1
373384,37,1,1,0
2301504,37,1,0,1
2015464,37,1,0,1
1300208,37,1,1,0
178952,37,1,1,0
921760,37,1,0,1
1984136,37,1,0,1
1916600,37,1,0,1
444672,37,1,1,0
4144536,37,1,0,1
1275224,37,1,1,0
161616,37,1,0,1
1414568,37,1,1,0
1196656,37,1,1,0
3383488,37,1,1,0
5467416,37,1,0,1
7820648,37,1,1,0
2001352,37,1,1,0
1018912,37,1,0,1
824544,37,1,0,1
930256,37,1,1,0
4723848,37,1,0,1
1172840,37,1,1,0
731856,37,1,0,1
5629600,37,1,0,1
2401232,37,1,0,1
5596112,37,1,1,0
1034744,37,1,1,0
7873784,37,1,1,0
4630856,37,1,1,0
2033960,37,1,1,0
5269504,37,1,1,0
3397112,37,1,1,0
1223504,37,1,0,1
517464,37,1,0,1
236536,37,1,0,1
1351440,37,1,1,0
2303080,37,1,0,1
505464,37,1,0,1
244840,37,1,1,0
1482744,37,1,0,1
386864,37,1,1,0
2113120,37,1,1,0
7169424,37,1,0,1
3384992,37,1,1,0
1634928,37,1,0,1
1939216,37,1,0,1
462440,37,1,1,0
769496,37,1,0,1
4539816,37,1,1,0
523056,37,1,0,1
1255224,37,1,1,0
251136,37,1,1,0
178312,37,1,0,1
3321728,37,1,0,1
520832,37,1,0,1
4552936,37,1,0,1
936728,37,1,1,0
4102352,37,1,0,1
3739080,37,1,1,0
6408832,37,1,1,0
3368952,37,1,1,0
2337608,37,1,1,0
6595288,37,1,1,0
1749112,37,1,0,1
2698408,37,1,1,0
966896,37,1,0,1
3477416,37,1,1,0
1047800,37,1,0,1
282256,37,1,1,0
4338032,37,1,0,1
6392392,37,1,0,1
5888264,37,1,1,0
6930648,37,1,0,1
1047568,37,1,0,1
956288,37,1,0,1
153528,37,1,1,0
1776136,37,1,1,0
554696,37,1,0,1
5338808,37,1,1,0
6405080,37,1,0,1
289480,37,1,0,1
1958008,37,1,1,0
1311144,37,1,1,0
3229768,37,1,0,1
515712,37,1,1,0
1337176,37,1,1,0
5513296,37,1,1,0
8067168,37,1,0,1
2137424,37,1,1,0
2307856,37,1,1,0
1425872,37,1,0,1
5740400,37,1,0,1
3805200,37,1,1,0
428736,37,1,0,1
7586176,37,1,1,0
445632,37,1,0,1
3431120,37,1,0,1
3381216,37,1,1,0
595224,37,1,1,0
180520,37,1,0,1
4865328,37,1,0,1
4306400,37,1,1,0
3542216,37,1,0,1
1321208,37,1,1,0
1391128,37,1,1,0
1057672,37,1,0,1
4724552,37,1,1,0
3361736,37,1,1,0
1730864,37,1,1,0
1353760,37,1,1,0
579536,37,1,0,1
225528,37,1,0,1
477736,37,1,1,0
639824,37,1,0,1
228360,37,1,0,1
3573024,37,1,1,0
933376,37,1,1,0
114824,37,1,0,1
2559192,37,1,1,0
3031064,37,1,0,1
2480232,37,1,1,0
4404088,37,1,1,0
7441768,37,1,0,1
6032512,37,1,0,1
6482648,37,1,0,1
5978400,37,1,0,1
582176,37,1,0,1
6208480,37,1,0,1
868984,37,1,0,1
669808,37,1,0,1
755344,37,1,1,0
5131704,37,1,1,0
1176392,37,1,0,1
7704392,37,1,1,0
5233752,37,1,1,0
4123784,37,1,1,0
6853016,37,1,1,0
1323976,37,1,0,1
667424,37,1,0,1
2087200,37,1,0,1
522304,37,1,0,1
2268656,37,1,1,0
775544,37,1,1,0
5504288,37,1,0,1
1651632,37,1,1,0
3553224,37,1,0,1
895528,37,1,0,1
604192,37,1,1,0
4694760,37,1,0,1
601488,37,1,1,0
2909888,37,1,1,0
2582968,37,1,1,0
514336,37,1,0,1
3054360,37,1,0,1
1939048,37,1,0,1
1129768,37,1,0,1
2688912,37,1,1,0
1696744,37,1,0,1
930728,37,1,1,0
373608,37,1,0,1
3904528,37,1,0,1
8009008,37,1,1,0
1951312,37,1,0,1
3147552,37,1,0,1
3641528,37,1,1,0
1577176,37,1,0,1
1169840,37,1,0,1
1509272,37,1,0,1
1105680,37,1,1,0
2005264,37,1,0,1
4471016,37,1,1,0
487424,37,1,1,0
3790184,37,1,0,1
7713824,37,1,0,1
4823616,37,1,1,0
184744,37,1,0,1
2921720,37,1,0,1
209784,37,1,1,0
1869760,37,1,0,1
5901696,37,1,0,1
2028232,37,1,0,1
7261992,37,1,1,0
1599096,37,1,1,0
1559448,37,1,1,0
1483160,37,1,0,1
732592,37,1,0,1
1385736,37,1,1,0
268736,37,1,1,0
1322792,37,1,1,0
6448152,37,1,0,1
3266992,37,1,0,1
547616,37,1,1,0
4682376,37,1,1,0
193424,37,1,0,1
3504400,37,1,0,1
7185176,37,1,0,1
7640272,37,1,0,1
3032520,37,1,0,1
7979208,37,1,1,0
5381360,37,1,0,1
5569208,37,1,0,1
680280,37,1,0,1
3803128,37,1,1,0
472448,37,1,1,0
8020848,37,1,1,0
5676880,37,1,1,0
929584,37,1,0,1
696760,37,1,0,1
1532800,37,1,0,1
625888,37,1,0,1
1155240,37,1,0,1
2966696,37,1,0,1
7673008,37,1,1,0
1024048,37,1,1,0
829408,37,1,1,0
4922512,37,1,0,1
3474712,37,1,1,0
5750416,37,1,0,1
1423816,37,1,0,1
2202264,37,1,0,1
4788464,37,1,1,0
3028368,37,1,1,0
5063544,37,1,1,0
414536,37,1,0,1
678192,37,1,1,0
1703320,37,1,0,1
2581304,37,1,1,0
234032,37,1,0,1
2399016,37,1,1,0
5243864,37,1,1,0
346736,37,1,0,1
155928,37,1,1,0
7478528,37,1,1,0
4803024,37,1,0,1
5408240,37,1,0,1
628400,37,1,1,0
1211528,37,1,0,1
3405976,37,1,1,0
972192,37,1,1,0
4606224,37,1,0,1
5586592,37,1,0,1
2286128,37,1,1,0
1443176,37,1,0,1
551840,37,1,1,0
1593344,37,1,1,0
1310872,37,1,1,0
6693784,37,1,1,0
490608,37,1,0,1
717136,37,1,1,0
380080,37,1,1,0
5611120,37,1,1,0
1206496,37,1,0,1
3448056,37,1,0,1
3155128,37,1,0,1
3025216,37,1,0,1
5842112,37,1,1,0
1268856,37,1,1,0
279256,37,1,1,0
758304,37,1,0,1
2668768,37,1,0,1
411072,37,1,1,0
1148792,37,1,1,0
1412272,37,1,0,1
6263448,37,1,1,0
1158104,37,1,1,0
6115616,37,1,0,1
386064,37,1,1,0
818584,37,1,0,1
3583928,37,1,1,0
7643000,37,1,0,1
5928304,37,1,1,0
2333064,37,1,0,1
100960,37,1,1,0
3711888,37,1,0,1
1622880,37,1,0,1
2189224,37,1,1,0
3335016,37,1,1,0
3206912,37,1,0,1
4127680,37,1,1,0
181600,37,1,0,1
6039320,37,1,0,1
7388888,37,1,1,0
1015360,37,1,1,0
5487944,37,1,1,0
236472,37,1,0,1
4472920,37,1,1,0
2122304,37,1,0,1
7470200,37,1,1,0
6034976,37,1,0,1
2389072,37,1,1,0
4946592,37,1,1,0
335656,37,1,1,0
6361792,37,1,0,1
2394328,37,1,1,0
2053296,37,1,1,0
2643720,37,1,0,1
7065968,37,1,0,1
125304,37,1,1,0
3398072,37,1,0,1
427760,37,1,0,1
214336,37,1,0,1
2261496,37,1,1,0
3151904,37,1,1,0
4653184,37,1,0,1
672048,37,1,0,1
4199984,37,1,0,1
1306168,37,1,0,1
2265912,37,1,1,0
747624,37,1,1,0
3319152,37,1,1,0
466488,37,1,1,0
2844368,37,1,0,1
2341232,37,1,0,1
1040616,37,1,1,0
549528,37,1,1,0
4126656,37,1,0,1
2040640,37,1,1,0
765280,37,1,0,1
724936,37,1,0,1
832248,37,1,0,1
4417768,37,1,1,0
556536,37,1,0,1
3039912,37,1,0,1
5282536,37,1,0,1
6450344,37,1,0,1
1245400,37,1,1,0
852488,37,1,0,1
3366616,37,1,0,1
859728,37,1,0,1
5740128,37,1,1,0
1573048,37,1,1,0
1261840,37,1,0,1
1328848,37,1,1,0
2142432,37,1,0,1
7107232,37,1,1,0
542824,37,1,0,1
3055104,37,1,1,0
198352,37,1,0,1
985864,37,1,0,1
918664,37,1,1,0
6357032,37,1,0,1
1932616,37,1,1,0
5379024,37,1,1,0
2890976,37,1,0,1
7449984,37,1,1,0
2509944,37,1,1,0
2059192,37,1,0,1
2569576,37,1,1,0
1032144,37,1,0,1
719104,37,1,1,0
614336,37,1,1,0
3141288,37,1,0,1
813848,37,1,1,0
1087488,37,1,1,0
4985232,37,1,1,0
442224,37,1,0,1
144056,37,1,1,0
339760,37,1,1,0
2246360,37,1,0,1
2765952,37,1,0,1
316256,37,1,1,0
4498072,37,1,0,1
752856,37,1,0,1
2145656,37,1,0,1
782672,37,1,1,0
2509776,37,1,0,1
6045704,37,1,0,1
860320,37,1,1,0
2077816,37,1,0,1
2634128,37,1,0,1
2356456,37,1,1,0
6016160,37,1,1,0
5720800,37,1,0,1
1564256,37,1,1,0
366200,37,1,0,1
1905552,37,1,0,1
2159240,37,1,1,0
426752,37,1,1,0
7687344,37,1,1,0
1162728,37,1,1,0
1100056,37,1,1,0
262464,37,1,1,0
809152,37,1,1,0
3345496,37,1,1,0
5887984,37,1,1,0
959024,37,1,1,0
520768,37,1,1,0
292064,37,1,1,0
7174872,37,1,1,0
8177720,37,1,0,1
1403616,37,1,0,1
1943544,37,1,1,0
8103112,37,1,1,0
940384,37,1,1,0
1907448,37,1,1,0
1083560,37,1,1,0
2221336,37,1,1,0
809144,37,1,1,0
4534208,37,1,1,0
554224,37,1,0,1
1187504,37,1,0,1
1083512,37,1,1,0
3514536,37,1,1,0
5139680,37,1,1,0
1982664,37,1,0,1
2251064,37,1,0,1
3711960,37,1,0,1
7352232,37,1,0,1
1593360,37,1,1,0
1478560,37,1,1,0
3174888,37,1,0,1
1893968,37,1,1,0
5866936,37,1,0,1
234024,37,1,1,0
3635112,37,1,0,1
1420912,37,1,0,1
2732608,37,1,1,0
3447464,37,1,1,0
4517216,37,1,1,0
3436424,37,1,1,0
3428712,37,1,0,1
3870832,37,1,1,0
4836496,37,1,1,0
4325824,37,1,0,1
5365408,37,1,0,1
572816,37,1,0,1
1539256,37,1,0,1
3227600,37,1,0,1
3696184,37,1,1,0
2713768,37,1,1,0
3240560,37,1,0,1
6290352,37,1,1,0
2350392,37,1,1,0
837536,37,1,1,0
6038536,37,1,0,1
4086912,37,1,1,0
2765064,37,1,0,1
3359152,37,1,0,1
1100392,37,1,0,1
775016,37,1,1,0
4609528,37,1,1,0
1127464,37,1,0,1
2488312,37,1,1,0
2978856,37,1,0,1
1372200,37,1,1,0
5696760,37,1,0,1
4039432,37,1,0,1
1046944,37,1,0,1
1196688,37,1,0,1
236640,37,1,0,1
1186248,37,1,1,0
6649624,37,1,0,1
4776824,37,1,1,0
3493896,37,1,0,1
2215064,37,1,1,0
1881832,37,1,1,0
199368,37,1,1,0
1856760,37,1,1,0
519008,37,1,1,0
421552,37,1,1,0
1545448,37,1,1,0
7650304,37,1,1,0
2408408,37,1,1,0
1012296,37,1,1,0
889536,37,1,1,0
1886776,37,1,1,0
3580704,37,1,1,0
1123376,37,1,1,0
2484624,37,1,1,0
6302928,37,1,1,0
3615344,37,1,0,1
2638272,37,1,1,0
4094456,37,1,1,0
973968,37,1,1,0
7956720,37,1,1,0
658392,37,1,0,1
5129872,37,1,0,1
7764024,37,1,1,0
738400,37,1,1,0
166728,37,1,0,1
400928,37,1,1,0
1077080,37,1,0,1
1296592,37,1,0,1
2986992,37,1,0,1
431728,37,1,0,1
4857560,37,1,0,1
419096,37,1,0,1
3430768,37,1,1,0
5000056,37,1,0,1
3134328,37,1,1,0
7499672,37,1,0,1
1668680,37,1,0,1
3756040,37,1,0,1
323688,37,1,1,0
5682528,37,1,0,1
2333216,37,1,0,1
7826624,37,1,0,1
1954064,37,1,0,1
272552,37,1,0,1
1877120,37,1,1,0
2494544,37,1,0,1
471696,37,1,0,1
1129104,37,1,0,1
3001808,37,1,0,1
1233304,37,1,1,0
8018616,37,1,0,1
5584888,37,1,0,1
543000,37,1,0,1
1536216,37,1,0,1
605080,37,1,1,0
2661112,37,1,0,1
640592,37,1,0,1
1622896,37,1,0,1
1195608,37,1,0,1
351744,37,1,0,1
7874144,37,1,1,0
750832,37,1,0,1
1974464,37,1,0,1
2500280,37,1,0,1
353840,37,1,0,1
5982096,37,1,0,1
1010232,37,1,0,1
5678280,37,1,1,0
3139472,37,1,1,0
5451320,37,1,1,0
398984,37,1,0,1
783216,37,1,0,1
840640,37,1,0,1
7487072,37,1,1,0
1767552,37,1,1,0
760624,37,1,0,1
185184,37,1,1,0
1602192,37,1,0,1
845128,37,1,0,1
3323328,37,1,1,0
6494496,37,1,0,1
1664568,37,1,0,1
853280,37,1,0,1
172032,37,1,1,0
3657680,37,1,0,1
1209728,37,1,1,0
1859608,37,1,1,0
3687072,37,1,0,1
5366720,37,1,1,0
1555600,37,1,0,1
5234056,37,1,1,0
521984,37,1,1,0
662288,37,1,0,1
3424032,37,1,0,1
7382744,37,1,0,1
4668216,37,1,0,1
2222840,37,1,0,1
6408584,37,1,1,0
3733328,37,1,0,1
3009744,37,1,1,0
1690632,37,1,1,0
1441440,37,1,0,1
1074560,37,1,1,0
3755696,37,1,0,1
7851328,37,1,1,0
1857088,37,1,0,1
645064,37,1,1,0
433464,37,1,0,1
1305072,37,1,0,1
3090728,37,1,0,1
1022480,37,1,1,0
1014736,37,1,1,0
524960,37,1,0,1
320304,37,1,0,1
1262344,37,1,1,0
224312,37,1,1,0
2565704,37,1,0,1
1643184,37,1,1,0
2585720,37,1,1,0
2206808,37,1,0,1
654928,37,1,0,1
3969928,37,1,1,0
4881040,37,1,0,1
976304,37,1,1,0
1268528,37,1,0,1
5151040,37,1,1,0
5814032,37,1,1,0
2144368,37,1,1,0
4013320,37,1,1,0
2655400,37,1,1,0
179808,37,1,0,1
7637216,37,1,1,0
2411136,37,1,1,0
1109512,37,1,1,0
4424200,37,1,0,1
2332496,37,1,0,1
5024224,37,1,1,0
1478000,37,1,1,0
1101008,37,1,1,0
2951040,37,1,1,0
2770120,37,1,0,1
5026832,37,1,1,0
1606928,37,1,1,0
114664,37,1,1,0
1230896,37,1,1,0
274536,37,1,0,1
70360,37,1,1,0
6472288,37,1,1,0
4084840,37,1,1,0
421832,37,1,0,1
950296,37,1,0,1
1219408,37,1,1,0
4359520,37,1,1,0
2376552,37,1,1,0
1715184,37,1,0,1
385624,37,1,0,1
8317304,37,1,1,0
4447560,37,1,1,0
1957032,37,1,0,1
2094200,37,1,0,1
495024,37,1,0,1
3962600,37,1,1,0
7550616,37,1,0,1
1285464,37,1,1,0
7315960,37,1,1,0
7341912,37,1,0,1
2309016,37,1,1,0
1665240,37,1,1,0
787840,37,1,1,0
1270424,37,1,1,0
602720,37,1,0,1
2971048,37,1,1,0
506024,37,1,1,0
258568,37,1,0,1
2921072,37,1,1,0
1879784,37,1,0,1
245080,37,1,1,0
288640,37,1,0,1
1921384,37,1,1,0
2755648,37,1,0,1
574496,37,1,0,1
183968,37,1,0,1
2205904,37,1,0,1
4223688,37,1,0,1
6548288,37,1,1,0
2984520,37,1,0,1
5636472,37,1,0,1
3890344,37,1,0,1
7518592,37,1,0,1
6740056,37,1,0,1
4326896,37,1,0,1
355040,37,1,1,0
4562232,37,1,0,1
5882352,37,1,1,0
5763144,37,1,0,1
851752,37,1,1,0
825432,37,1,0,1
538024,37,1,1,0
279600,37,1,0,1
2766512,37,1,1,0
7196112,37,1,1,0
5598208,37,1,1,0
1622520,37,1,0,1
207272,37,1,1,0
6902312,37,1,1,0
4338568,37,1,1,0
3400144,37,1,1,0
5588416,37,1,1,0
3295920,37,1,0,1
7146664,37,1,1,0
736072,37,1,0,1
7849144,37,1,0,1
626584,37,1,0,1
514840,37,1,1,0
442336,37,1,1,0
7649976,37,1,1,0
2874760,37,1,1,0
3736224,37,1,1,0
5567464,37,1,0,1
721264,37,1,1,0
1082440,37,1,1,0
238208,37,1,1,0
7174192,37,1,1,0
338752,37,1,1,0
843984,37,1,0,1
270624,37,1,1,0
2445400,37,1,1,0
129128,37,1,1,0
2629976,37,1,1,0
407200,37,1,0,1
8070096,37,1,1,0
2473784,37,1,0,1
500056,37,1,0,1
3699512,37,1,0,1
6484288,37,1,0,1
789256,37,1,0,1
349000,37,1,1,0
680160,37,1,0,1
2239152,37,1,0,1
2794152,37,1,0,1
8012568,37,1,1,0
1001656,37,1,0,1
2003320,37,1,1,0
2134736,37,1,0,1
205064,37,1,0,1
605736,37,1,1,0
218216,37,1,0,1
4862104,37,1,0,1
6878072,37,1,0,1
920328,37,1,1,0
2563128,37,1,0,1
5496024,37,1,1,0
3372168,37,1,0,1
645112,37,1,1,0
3364728,37,1,0,1
863480,37,1,1,0
1659064,37,1,1,0
8308664,37,1,1,0
1665488,37,1,1,0
3276224,37,1,1,0
4579728,37,1,1,0
1063008,37,1,0,1
227872,37,1,0,1
3649896,37,1,0,1
423368,37,1,1,0
7342944,37,1,0,1
416392,37,1,1,0
5225712,37,1,1,0
916464,37,1,1,0
893272,37,1,1,0
5488728,37,1,0,1
3531648,37,1,1,0
461664,37,1,0,1
259320,37,1,1,0
1386576,37,1,1,0
1297072,37,1,0,1
1712584,37,1,0,1
869000,37,1,0,1
6764808,37,1,1,0
3711040,37,1,1,0
5712944,37,1,1,0
2864816,37,1,0,1
1916480,37,1,0,1
6274840,37,1,0,1
173368,37,1,1,0
1396672,37,1,0,1
6119416,37,1,1,0
3708040,37,1,0,1
3080320,37,1,0,1
4015152,37,1,1,0
1499120,37,1,0,1
436184,37,1,1,0
1725672,37,1,0,1
6287152,37,1,1,0
2449352,37,1,0,1
3799016,37,1,1,0
1187792,37,1,0,1
6341472,37,1,1,0
8335792,37,1,0,1
2110256,37,1,1,0
1429864,37,1,0,1
345264,37,1,0,1
56840,37,1,0,1
6173792,37,1,1,0
8383808,37,1,0,1
3927528,37,1,1,0
6882952,37,1,0,1
2108416,37,1,1,0
8246296,37,1,0,1
1406392,37,1,0,1
3749016,37,1,1,0
2205040,37,1,1,0
1530320,37,1,1,0
2770904,37,1,1,0
2082344,37,1,1,0
1031152,37,1,0,1
3904336,37,1,0,1
3989176,37,1,1,0
4824832,37,1,1,0
2577560,37,1,1,0
1168024,37,1,0,1
1187776,37,1,1,0
2663744,37,1,1,0
773176,37,1,1,0
1938424,37,1,1,0
1054424,37,1,0,1
3721848,37,1,1,0
5625728,37,1,0,1
4163304,37,1,0,1
1100344,37,1,0,1
2669632,37,1,0,1
919576,37,1,1,0
837896,37,1,1,0
844040,37,1,0,1
1319072,37,1,0,1
2015480,37,1,1,0
761448,37,1,1,0
155256,37,1,0,1
252464,37,1,0,1
251592,37,1,0,1
2037456,37,1,1,0
3223368,37,1,0,1
5247968,37,1,0,1
656280,37,1,0,1
4781496,37,1,0,1
3220352,37,1,1,0
529512,37,1,0,1
366696,37,1,0,1
1878168,37,1,1,0
4195280,37,1,0,1
4650560,37,1,1,0
5623792,37,1,0,1
5694616,37,1,0,1
1529960,37,1,1,0
6908600,37,1,0,1
2925032,37,1,1,0
503368,37,1,0,1
1279776,37,1,1,0
3377288,37,1,0,1
1860872,37,1,1,0
666496,37,1,1,0
707640,37,1,1,0
5209616,37,1,1,0
2713584,37,1,1,0
435664,37,1,1,0
2986752,37,1,0,1
2166600,37,1,1,0
890384,37,1,1,0
2899328,37,1,0,1
3275344,37,1,0,1
5957944,37,1,0,1
704000,37,1,1,0
1773520,37,1,0,1
351696,37,1,0,1
99856,37,1,0,1
7601752,37,1,1,0
392816,38,1,1,0
2318408,38,1,0,1
3767104,38,1,0,1
3113680,38,1,1,0
6566592,38,1,1,0
2400584,38,1,1,0
3860944,38,1,1,0
846384,38,1,0,1
2687728,38,1,1,0
3832944,38,1,0,1
406864,38,1,0,1
2510000,38,1,0,1
1081792,38,1,0,1
5580808,38,1,1,0
1861744,38,1,0,1
1948312,38,1,0,1
2962448,38,1,1,0
1692912,38,1,1,0
1790888,38,1,1,0
546896,38,1,1,0
423320,38,1,0,1
2439992,38,1,0,1
5021384,38,1,0,1
156704,38,1,0,1
862248,38,1,0,1
7210512,38,1,1,0
56504,38,1,0,1
2301512,38,1,1,0
1077136,38,1,0,1
4405688,38,1,0,1
4029592,38,1,0,1
520632,38,1,0,1
1822296,38,1,0,1
1080608,38,1,1,0
5334824,38,1,1,0
2726800,38,1,1,0
2498104,38,1,1,0
913176,38,1,0,1
2735624,38,1,1,0
4393304,38,1,0,1
197696,38,1,1,0
6250144,38,1,0,1
543680,38,1,1,0
1116664,38,1,0,1
674920,38,1,1,0
300632,38,1,0,1
410024,38,1,0,1
553840,38,1,0,1
1342064,38,1,1,0
3494064,38,1,0,1
1678408,38,1,1,0
3250944,38,1,1,0
1479624,38,1,1,0
3389304,38,1,1,0
905304,38,1,1,0
3724976,38,1,1,0
5700496,38,1,0,1
6462992,38,1,1,0
5253104,38,1,1,0
6054928,38,1,0,1
85344,38,1,1,0
2355496,38,1,0,1
465424,38,1,0,1
513632,38,1,0,1
4200840,38,1,1,0
6446488,38,1,0,1
4328720,38,1,0,1
866384,38,1,0,1
268848,38,1,0,1
2037392,38,1,1,0
138696,38,1,0,1
378864,38,1,1,0
688712,38,1,0,1
3264728,38,1,1,0
1475016,38,1,0,1
7147584,38,1,0,1
1451536,38,1,0,1
7621240,38,1,1,0
2812056,38,1,0,1
165960,38,1,0,1
1348568,38,1,1,0
4788248,38,1,0,1
5630872,38,1,0,1
110584,38,1,0,1
1195184,38,1,1,0
1096552,38,1,1,0
2318736,38,1,1,0
1765016,38,1,1,0
2565264,38,1,0,1
4830720,38,1,1,0
498264,38,1,0,1
1717504,38,1,1,0
4940888,38,1,0,1
4403032,38,1,0,1
1120368,38,1,1,0
7730368,38,1,0,1
2788392,38,1,1,0
5810800,38,1,1,0
453024,38,1,1,0
942240,38,1,0,1
1486920,38,1,0,1
2324032,38,1,0,1
2310384,38,1,1,0
1388832,38,1,0,1
211136,38,1,0,1
583400,38,1,1,0
980680,38,1,1,0
3461720,38,1,1,0
4695032,38,1,1,0
3997840,38,1,0,1
6025280,38,1,1,0
610576,38,1,1,0
6761344,38,1,1,0
6791712,38,1,1,0
5267104,38,1,1,0
2771240,38,1,1,0
595192,38,1,1,0
3094408,38,1,1,0
982296,38,1,0,1
1310152,38,1,1,0
1981752,38,1,0,1
2430816,38,1,0,1
590016,38,1,1,0
7452384,38,1,1,0
4710744,38,1,1,0
1057616,38,1,0,1
2408024,38,1,0,1
1655632,38,1,1,0
4494104,38,1,0,1
857880,38,1,1,0
1686848,38,1,1,0
1983064,38,1,1,0
2487248,38,1,1,0
7058320,38,1,0,1
5995648,38,1,1,0
5020256,38,1,1,0
1026864,38,1,1,0
358168,38,1,1,0
1757560,38,1,1,0
2165936,38,1,0,1
7440736,38,1,0,1
286048,38,1,1,0
4325600,38,1,0,1
447568,38,1,1,0
1015024,38,1,0,1
3847448,38,1,0,1
6069464,38,1,0,1
507680,38,1,1,0
914040,38,1,1,0
6578624,38,1,1,0
3393024,38,1,1,0
7482432,38,1,1,0
611152,38,1,0,1
3446128,38,1,0,1
8298432,38,1,1,0
951872,38,1,1,0
2164296,38,1,0,1
950000,38,1,1,0
3162400,38,1,1,0
5050856,38,1,0,1
2180192,38,1,0,1
7843320,38,1,1,0
607312,38,1,1,0
566104,38,1,1,0
6600840,38,1,0,1
408216,38,1,0,1
1683680,38,1,0,1
1598288,38,1,0,1
972448,38,1,1,0
5065248,38,1,0,1
5464152,38,1,0,1
2146048,38,1,1,0
5475464,38,1,0,1
2445960,38,1,1,0
4241480,38,1,0,1
524640,38,1,0,1
329840,38,1,1,0
6207608,38,1,0,1
6710800,38,1,1,0
4353536,38,1,1,0
7071624,38,1,1,0
458776,38,1,1,0
1044224,38,1,0,1
6211272,38,1,0,1
669992,38,1,1,0
6277136,38,1,0,1
499384,38,1,0,1
1336512,38,1,1,0
4653800,38,1,0,1
2057872,38,1,0,1
7442248,38,1,0,1
1889360,38,1,1,0
512616,38,1,0,1
4676088,38,1,0,1
1569768,38,1,0,1
253728,38,1,0,1
1243976,38,1,1,0
7972784,38,1,1,0
7034608,38,1,0,1
4591768,38,1,0,1
8298488,38,1,1,0
1516032,38,1,0,1
491736,38,1,1,0
7506056,38,1,0,1
2713648,38,1,1,0
252432,38,1,0,1
139440,38,1,1,0
6961560,38,1,1,0
3504888,38,1,1,0
6875352,38,1,1,0
1862944,38,1,0,1
1295584,38,1,0,1
864040,38,1,1,0
2648008,38,1,1,0
1537576,38,1,1,0
4335568,38,1,0,1
3422248,38,1,0,1
1713736,38,1,1,0
4048240,38,1,1,0
1239160,38,1,1,0
8333736,38,1,0,1
3757592,38,1,1,0
336184,38,1,1,0
837528,38,1,1,0
1446528,38,1,0,1
5430200,38,1,1,0
1149552,38,1,1,0
5444072,38,1,0,1
452744,38,1,0,1
574352,38,1,0,1
273144,38,1,0,1
385152,38,1,0,1
3475792,38,1,0,1
2456680,38,1,1,0
3443008,38,1,0,1
1452448,38,1,0,1
5248568,38,1,1,0
1765456,38,1,1,0
1972424,38,1,0,1
1943784,38,1,0,1
3059128,38,1,0,1
7221312,38,1,1,0
4511048,38,1,0,1
2943504,38,1,1,0
1544192,38,1,0,1
772432,38,1,0,1
8159568,38,1,1,0
2727928,38,1,1,0
5301712,38,1,1,0
4332672,38,1,1,0
6176616,38,1,1,0
1268088,38,1,0,1
6041976,38,1,1,0
675392,38,1,0,1
6359720,38,1,0,1
1268544,38,1,1,0
5271832,38,1,0,1
414328,38,1,1,0
355408,38,1,0,1
1278136,38,1,0,1
3943584,38,1,0,1
3706080,38,1,1,0
3504952,38,1,1,0
1668736,38,1,0,1
785664,38,1,0,1
4154976,38,1,1,0
186136,38,1,1,0
7324144,38,1,1,0
2143472,38,1,1,0
1165848,38,1,0,1
2960208,38,1,0,1
7958056,38,1,1,0
5080640,38,1,0,1
7503704,38,1,0,1
5578520,38,1,1,0
1570000,38,1,0,1
3078688,38,1,0,1
5100272,38,1,0,1
1376960,38,1,0,1
8079304,38,1,0,1
2831680,38,1,1,0
1105728,38,1,0,1
3315336,38,1,1,0
1603080,38,1,0,1
230160,38,1,1,0
4746008,38,1,1,0
4126840,38,1,0,1
1982992,38,1,0,1
942888,38,1,1,0
2138008,38,1,0,1
811344,38,1,0,1
341008,38,1,1,0
3308336,38,1,1,0
3576336,38,1,1,0
4923976,38,1,0,1
153896,38,1,1,0
7948640,38,1,1,0
3796048,38,1,0,1
180768,38,1,0,1
3546472,38,1,1,0
284224,38,1,1,0
76880,38,1,0,1
3497768,38,1,1,0
1458544,38,1,0,1
1528320,38,1,0,1
2569112,38,1,0,1
2048848,38,1,1,0
5598368,38,1,0,1
2558680,38,1,0,1
397056,38,1,1,0
1054864,38,1,0,1
242336,38,1,1,0
6785856,38,1,0,1
4897608,38,1,0,1
4329856,38,1,1,0
415896,38,1,0,1
1215976,38,1,0,1
1203328,38,1,1,0
1415376,38,1,1,0
1974712,38,1,0,1
6045744,38,1,1,0
345352,38,1,0,1
5659592,38,1,1,0
1905624,38,1,1,0
2052384,38,1,1,0
430776,38,1,1,0
2466344,38,1,1,0
728560,38,1,0,1
8131408,38,1,1,0
126744,38,1,0,1
908288,38,1,1,0
7805568,38,1,1,0
3340784,38,1,0,1
469880,38,1,0,1
2492120,38,1,0,1
1917576,38,1,0,1
6587248,38,1,1,0
2308664,38,1,1,0
4020992,38,1,1,0
1674200,38,1,0,1
1790096,38,1,1,0
3623576,38,1,1,0
149296,38,1,0,1
1209688,38,1,0,1
1857408,38,1,0,1
7056912,38,1,0,1
991320,38,1,0,1
507488,38,1,1,0
474384,38,1,1,0
3522000,38,1,0,1
617352,38,1,0,1
821040,38,1,0,1
2469208,38,1,0,1
2402248,38,1,0,1
542600,38,1,1,0
6807376,38,1,1,0
376360,38,1,1,0
667144,38,1,0,1
775072,38,1,1,0
471632,38,1,0,1
1374464,38,1,1,0
512720,38,1,0,1
2170888,38,1,1,0
1148168,38,1,1,0
2927136,38,1,1,0
5610576,38,1,1,0
3185856,38,1,1,0
1503472,38,1,1,0
4847328,38,1,1,0
4350264,38,1,1,0
5653128,38,1,1,0
5519952,38,1,0,1
1913832,38,1,0,1
3893600,38,1,1,0
1902104,38,1,0,1
242824,38,1,0,1
1253616,38,1,0,1
1540400,38,1,0,1
549872,38,1,1,0
1046560,38,1,0,1
6921896,38,1,1,0
469704,38,1,0,1
666136,38,1,1,0
7573248,38,1,1,0
321064,38,1,0,1
1700128,38,1,0,1
946592,38,1,0,1
1356968,38,1,1,0
2033704,38,1,0,1
7780392,38,1,1,0
1445712,38,1,0,1
1867904,38,1,1,0
2515584,38,1,1,0
6196536,38,1,1,0
801496,38,1,0,1
2850160,38,1,1,0
801872,38,1,1,0
7180032,38,1,0,1
1971968,38,1,1,0
1816808,38,1,0,1
880608,38,1,0,1
3027648,38,1,1,0
1362448,38,1,0,1
996392,38,1,0,1
1439624,38,1,1,0
1656472,38,1,1,0
822112,38,1,1,0
396656,38,1,1,0
908480,38,1,0,1
5500472,38,1,1,0
338872,38,1,0,1
2219264,38,1,0,1
4685656,38,1,0,1
8176912,38,1,0,1
1371344,38,1,1,0
2449600,38,1,1,0
3654624,38,1,0,1
7478400,38,1,1,0
4111720,38,1,1,0
2438456,38,1,0,1
2099296,38,1,1,0
2590296,38,1,0,1
8109352,38,1,0,1
717272,38,1,1,0
3681920,38,1,0,1
241432,38,1,0,1
4166304,38,1,1,0
260632,38,1,0,1
5471272,38,1,1,0
4365880,38,1,1,0
1401952,38,1,1,0
1717264,38,1,1,0
2063144,38,1,0,1
4102480,38,1,0,1
1528016,38,1,1,0
1335912,38,1,0,1
1341936,38,1,0,1
409744,38,1,1,0
4030960,38,1,1,0
7612992,38,1,1,0
538752,38,1,1,0
6482408,38,1,1,0
4979456,38,1,0,1
5044520,38,1,0,1
1650120,38,1,1,0
5650912,38,1,1,0
395624,38,1,0,1
1073792,38,1,0,1
2792600,38,1,1,0
1515352,38,1,0,1
3645976,38,1,0,1
1422400,38,1,1,0
4892456,38,1,0,1
1099240,38,1,1,0
1785184,38,1,1,0
4779144,38,1,0,1
1860888,38,1,1,0
5055384,38,1,1,0
1499216,38,1,0,1
4781608,38,1,1,0
251064,38,1,1,0
3262064,38,1,1,0
1027592,38,1,1,0
1541424,38,1,0,1
673680,38,1,1,0
2894648,38,1,0,1
3998488,38,1,1,0
567480,38,1,0,1
1098840,38,1,1,0
149728,38,1,0,1
3797304,38,1,1,0
874880,38,1,1,0
1716544,38,1,1,0
6405288,38,1,1,0
3803920,38,1,1,0
2758120,38,1,0,1
786792,38,1,0,1
988352,38,1,0,1
1531176,38,1,1,0
2654272,38,1,0,1
5729584,38,1,0,1
6540544,38,1,0,1
6555560,38,1,0,1
268776,38,1,0,1
5427064,38,1,1,0
8061816,38,1,1,0
625016,38,1,1,0
7276440,38,1,0,1
2384816,38,1,1,0
3941688,38,1,1,0
939216,38,1,1,0
3902464,38,1,1,0
1932912,38,1,0,1
697872,38,1,0,1
8147424,38,1,0,1
5561712,38,1,1,0
2024672,38,1,0,1
6503856,38,1,1,0
1403472,38,1,0,1
1507408,38,1,1,0
3324288,38,1,0,1
4419192,38,1,1,0
1532040,38,1,1,0
1884736,38,1,1,0
2891176,38,1,1,0
1480128,38,1,0,1
426112,38,1,1,0
2762184,38,1,0,1
716176,38,1,1,0
336176,38,1,1,0
847648,38,1,0,1
4858352,38,1,1,0
1255904,38,1,0,1
647864,38,1,0,1
1333736,38,1,0,1
5434312,38,1,0,1
533800,38,1,0,1
958520,38,1,0,1
214176,38,1,1,0
3431312,38,1,1,0
6529720,38,1,1,0
851816,38,1,0,1
1934968,38,1,0,1
4858368,38,1,0,1
953248,38,1,1,0
4547976,38,1,0,1
6890096,38,1,0,1
1672048,38,1,1,0
2917896,38,1,1,0
2080272,38,1,0,1
7328368,38,1,0,1
3146552,38,1,1,0
3517384,38,1,1,0
297752,38,1,1,0
2822696,38,1,0,1
7317592,38,1,1,0
2314560,38,1,0,1
3810840,38,1,1,0
3240712,38,1,1,0
6900152,38,1,1,0
1670432,38,1,0,1
1825992,38,1,1,0
229312,38,1,0,1
576000,38,1,0,1
3808032,38,1,0,1
8011112,38,1,0,1
7338504,38,1,1,0
3099472,38,1,1,0
1129144,38,1,1,0
144120,38,1,1,0
5250544,38,1,1,0
401504,38,1,0,1
1453824,38,1,0,1
1442200,38,1,0,1
2604312,38,1,1,0
6986784,38,1,0,1
6599576,38,1,1,0
1623112,38,1,1,0
1227992,38,1,1,0
5543136,38,1,1,0
8366408,38,1,0,1
4710624,38,1,0,1
1597768,38,1,1,0
1426216,38,1,1,0
5827400,38,1,0,1
4616672,38,1,0,1
3096968,38,1,1,0
2336176,38,1,0,1
3014008,38,1,1,0
225856,38,1,0,1
1852968,38,1,1,0
2517880,38,1,0,1
8179192,38,1,0,1
2573872,38,1,1,0
5685712,38,1,0,1
435568,38,1,1,0
2160800,38,1,1,0
4469120,38,1,0,1
4093512,38,1,0,1
705800,38,1,1,0
127904,38,1,0,1
4889184,38,1,0,1
1286040,38,1,0,1
2253688,38,1,1,0
374016,38,1,1,0
1278368,38,1,1,0
745624,38,1,1,0
8012128,38,1,0,1
2196760,38,1,0,1
5916856,38,1,0,1
711624,38,1,1,0
809680,38,1,0,1
187512,38,1,0,1
5675912,38,1,1,0
4589496,38,1,1,0
1549632,38,1,1,0
5455368,38,1,1,0
5996264,38,1,1,0
2693496,38,1,1,0
574536,38,1,0,1
690312,38,1,0,1
8085240,38,1,0,1
4125256,38,1,1,0
798720,38,1,1,0
219072,38,1,0,1
2418160,38,1,1,0
7975576,38,1,1,0
2340352,38,1,1,0
2599200,38,1,0,1
7630808,38,1,0,1
5993416,38,1,1,0
1700224,38,1,0,1
7080040,38,1,1,0
1155688,38,1,0,1
2381808,38,1,0,1
7542424,38,1,0,1
4851984,38,1,0,1
2878832,38,1,1,0
3741696,38,1,1,0
6808136,38,1,0,1
2369656,38,1,0,1
5259040,38,1,1,0
2979784,38,1,1,0
491544,38,1,0,1
2971496,38,1,0,1
1524024,38,1,0,1
1406872,38,1,0,1
2078112,38,1,1,0
1877160,38,1,0,1
4816264,38,1,0,1
3139768,38,1,0,1
2502944,38,1,1,0
505312,38,1,1,0
7213784,38,1,1,0
583840,38,1,0,1
1400632,38,1,1,0
750736,38,1,1,0
1786776,38,1,0,1
4088304,38,1,0,1
416576,38,1,0,1
202144,38,1,0,1
704416,38,1,1,0
7073784,38,1,1,0
1510920,38,1,1,0
5734928,38,1,0,1
2928384,38,1,1,0
1503960,38,1,1,0
1751296,38,1,0,1
3913544,38,1,1,0
3905520,38,1,1,0
3639856,38,1,0,1
2063240,38,1,0,1
3945968,38,1,0,1
2771408,38,1,1,0
3752336,38,1,1,0
1656328,38,1,0,1
695536,38,1,1,0
3647736,38,1,0,1
3329304,38,1,0,1
4332104,38,1,1,0
2903648,38,1,1,0
827656,38,1,1,0
6313312,38,1,1,0
1797704,38,1,1,0
969584,38,1,0,1
2314936,38,1,0,1
1205320,38,1,1,0
3109640,38,1,1,0
522592,38,1,0,1
4273176,38,1,1,0
5372032,38,1,0,1
1173104,38,1,0,1
7889128,38,1,0,1
7972312,38,1,0,1
2876848,38,1,0,1
274784,38,1,0,1
843312,38,1,0,1
5414504,38,1,1,0
955304,38,1,0,1
8054112,38,1,1,0
5653224,38,1,1,0
1348312,38,1,0,1
2681368,38,1,0,1
1565080,38,1,1,0
559672,38,1,0,1
7604712,38,1,1,0
2628672,38,1,1,0
1698944,38,1,1,0
1899496,38,1,0,1
929288,38,1,0,1
2998648,38,1,0,1
5712104,38,1,1,0
5594672,38,1,1,0
1387520,38,1,1,0
450192,38,1,1,0
6576480,38,1,0,1
897872,38,1,1,0
599944,38,1,0,1
6264688,38,1,0,1
5762480,38,1,1,0
6508832,38,1,0,1
422232,38,1,1,0
235888,38,1,0,1
501344,38,1,1,0
5021920,38,1,0,1
2738880,38,1,0,1
712832,38,1,1,0
5803056,38,1,0,1
3885456,38,1,0,1
4193112,38,1,0,1
2546024,38,1,1,0
2540224,38,1,0,1
7365648,38,1,0,1
259344,38,1,1,0
361128,38,1,0,1
1225960,38,1,0,1
2576784,38,1,1,0
255688,38,1,1,0
3307504,38,1,0,1
3918944,38,1,0,1
3367128,38,1,1,0
1352328,38,1,0,1
2683080,38,1,0,1
2910392,38,1,1,0
196032,38,1,1,0
1134576,38,1,1,0
6546736,38,1,1,0
3242472,38,1,1,0
6908488,38,1,1,0
700088,38,1,0,1
2508264,38,1,1,0
2583520,38,1,1,0
1947864,38,1,0,1
4128488,38,1,0,1
2098264,38,1,1,0
1042728,38,1,0,1
2833096,38,1,0,1
278040,38,1,0,1
1285040,38,1,0,1
400120,38,1,1,0
3747912,38,1,1,0
3013040,38,1,1,0
281416,38,1,1,0
808528,38,1,1,0
2402888,38,1,1,0
6682704,38,1,0,1
4405824,38,1,0,1
1635776,38,1,1,0
3286680,38,1,0,1
3044256,38,1,1,0
1243616,38,1,1,0
6653496,38,1,1,0
1634184,38,1,0,1
4982392,38,1,1,0
1526352,38,1,1,0
2289072,38,1,1,0
2458200,38,1,1,0
2372696,38,1,0,1
4618312,38,1,0,1
4332576,38,1,1,0
1277312,38,1,1,0
4376904,38,1,0,1
7345816,38,1,1,0
1158264,38,1,1,0
172592,38,1,1,0
1788680,38,1,0,1
1518888,38,1,1,0
6301544,38,1,0,1
4987656,38,1,0,1
2051216,38,1,1,0
1080632,38,1,1,0
316032,38,1,1,0
5740848,38,1,0,1
250976,38,1,1,0
1549640,38,1,0,1
2774528,38,1,0,1
6715744,38,1,1,0
4745656,38,1,0,1
735072,38,1,0,1
1434016,38,1,0,1
5024568,38,1,0,1
453520,38,1,0,1
2877624,38,1,1,0
3821208,38,1,1,0
5864296,38,1,0,1
762848,38,1,1,0
7705632,38,1,1,0
2217920,38,1,1,0
1176192,38,1,0,1
1787576,38,1,1,0
4498528,38,1,1,0
581168,38,1,0,1
498952,38,1,0,1
3465208,38,1,1,0
1329488,38,1,1,0
1916856,38,1,0,1
3736032,38,1,1,0
665304,38,1,0,1
1319440,38,1,1,0
5149808,38,1,0,1
954760,38,1,0,1
854328,38,1,1,0
2226176,38,1,0,1
1157632,38,1,0,1
7091728,38,1,1,0
393000,38,1,0,1
2324424,38,1,0,1
326352,38,1,0,1
633224,38,1,0,1
3778248,38,1,1,0
2809160,38,1,1,0
111984,38,1,0,1
4623432,38,1,1,0
1368208,38,1,0,1
8138680,38,1,1,0
556296,38,1,1,0
2261784,38,1,0,1
2201744,38,1,1,0
4475840,38,1,1,0
458624,38,1,0,1
2051096,38,1,0,1
372976,38,1,1,0
1335184,38,1,1,0
7559136,38,1,1,0
3100760,38,1,1,0
501816,38,1,0,1
2416880,38,1,0,1
3032072,38,1,1,0
562952,38,1,1,0
1354864,38,1,0,1
1587832,38,1,1,0
7872968,38,1,0,1
210264,38,1,0,1
233136,38,1,1,0
2776784,38,1,0,1
7805936,38,1,0,1
2322320,38,1,1,0
1466464,38,1,1,0
5654096,38,1,0,1
1594440,38,1,0,1
5142520,38,1,1,0
4259136,38,1,0,1
2772368,38,1,1,0
467968,38,1,0,1
3211680,38,1,1,0
2532320,38,1,0,1
1861944,38,1,0,1
362032,38,1,1,0
1706464,38,1,0,1
6348424,38,1,0,1
6574920,38,1,1,0
6177728,38,1,1,0
481424,38,1,0,1
456104,38,1,1,0
237016,38,1,0,1
4725176,38,1,1,0
1255216,38,1,1,0
231480,38,1,0,1
1852656,38,1,0,1
936256,38,1,1,0
3867800,38,1,1,0
5404952,38,1,1,0
7071728,38,1,1,0
864088,38,1,1,0
1278976,38,1,1,0
4294608,38,1,0,1
271504,38,1,0,1
962928,38,1,1,0
6992728,38,1,0,1
2063856,38,1,1,0
3253296,38,1,0,1
2938528,38,1,1,0
1947648,38,1,1,0
6726968,38,1,1,0
290112,38,1,1,0
631656,38,1,0,1
7946464,38,1,1,0
1797848,38,1,0,1
7026200,38,1,0,1
1427008,38,1,1,0
562112,38,1,0,1
6075808,38,1,0,1
990632,38,1,1,0
2377248,38,1,1,0
354560,38,1,1,0
4842640,38,1,0,1
7757016,38,1,0,1
6807800,38,1,0,1
2820064,38,1,1,0
1549584,38,1,0,1
6496208,38,1,1,0
4335976,38,1,0,1
5987656,38,1,1,0
143120,38,1,1,0
6402576,38,1,1,0
611512,38,1,1,0
1317840,38,1,1,0
1147816,38,1,0,1
7464512,38,1,0,1
7760056,38,1,0,1
6331608,38,1,1,0
6679600,38,1,1,0
4959024,38,1,1,0
6371208,38,1,1,0
2680392,38,1,0,1
524056,38,1,0,1
517480,38,1,0,1
3433608,38,1,0,1
2896296,38,1,1,0
1000568,38,1,1,0
6072872,38,1,0,1
304384,38,1,0,1
1898056,38,1,1,0
8208888,38,1,0,1
4041896,38,1,0,1
7959968,38,1,0,1
4463936,38,1,0,1
776984,38,1,1,0
8079056,38,1,1,0
992928,38,1,0,1
540072,38,1,0,1
2216400,38,1,0,1
1046136,38,1,1,0
483000,38,1,0,1
7332272,38,1,0,1
1067896,38,1,0,1
3500056,38,1,1,0
692840,38,1,1,0
691296,38,1,1,0
2415480,38,1,1,0
7984232,38,1,1,0
4456016,38,1,1,0
1190952,38,1,1,0
4327272,38,1,0,1
4316328,38,1,1,0
2530368,38,1,1,0
1290456,38,1,0,1
8141360,38,1,1,0
6231112,38,1,0,1
1361168,38,1,0,1
2433792,38,1,0,1
3858544,38,1,1,0
1009584,38,1,1,0
1253032,38,1,0,1
4152688,38,1,0,1
1822448,38,1,1,0
2459664,38,1,1,0
1837080,38,1,1,0
743896,38,1,0,1
3292032,38,1,0,1
1398160,38,1,0,1
657136,38,1,1,0
2181320,38,1,1,0
1422184,38,1,0,1
1745000,38,1,1,0
3372048,38,1,0,1
2849944,38,1,1,0
6170960,38,1,0,1
2180728,38,1,0,1
1703032,38,1,1,0
614376,38,1,1,0
6916928,38,1,0,1
173128,38,1,0,1
6793320,38,1,1,0
6989040,38,1,1,0
723312,38,1,0,1
7406944,38,1,1,0
2338848,38,1,1,0
4133264,38,1,0,1
1037496,38,1,0,1
179328,38,1,1,0
4733336,38,1,1,0
821112,38,1,0,1
633304,38,1,0,1
6987736,38,1,0,1
4180560,38,1,1,0
1729320,38,1,1,0
3484224,38,1,0,1
7529784,38,1,1,0
3875080,38,1,1,0
2104832,38,1,0,1
2439344,38,1,1,0
7819560,38,1,0,1
7977272,38,1,1,0
2612120,38,1,0,1
2181112,38,1,1,0
2382528,38,1,1,0
6418992,38,1,0,1
8139376,38,1,0,1
128736,38,1,0,1
6386760,38,1,0,1
819128,38,1,1,0
1457080,38,1,0,1
5342704,38,1,1,0
4697856,38,1,1,0
2094560,38,1,1,0
2943872,38,1,1,0
2325728,38,1,1,0
402736,38,1,0,1
1980504,38,1,0,1
3346552,38,1,0,1
2479832,38,1,0,1
6019480,38,1,1,0
1024808,38,1,1,0
4533120,38,1,0,1
6301856,38,1,0,1
7709176,38,1,1,0
856856,38,1,0,1
314624,38,1,0,1
6052752,38,1,0,1
4837048,38,1,0,1
6950880,38,1,1,0
1476440,38,1,0,1
8194136,38,1,1,0
7544912,38,1,0,1
7675696,38,1,1,0
1378480,38,1,0,1
1010504,38,1,0,1
1789176,38,1,1,0
4704104,38,1,0,1
879408,38,1,0,1
2742400,38,1,1,0
7733368,38,1,1,0
3006816,38,1,1,0
7131120,38,1,1,0
5463624,38,1,1,0
6268184,38,1,0,1
1877936,38,1,1,0
1810888,38,1,1,0
509928,38,1,0,1
521272,38,1,1,0
775600,38,1,0,1
1746976,38,1,0,1
5383864,38,1,0,1
6868784,38,1,1,0
8097304,38,1,0,1
4282208,38,1,1,0
531808,38,1,0,1
1766520,38,1,0,1
5240752,38,1,1,0
2517176,38,1,0,1
5283880,38,1,1,0
3531760,38,1,0,1
1801856,38,1,1,0
3930536,38,1,0,1
8215336,38,1,1,0
869992,38,1,1,0
1402960,38,1,0,1
4055024,38,1,0,1
3643472,38,1,0,1
370344,38,1,1,0
4947504,38,1,1,0
1940008,38,1,0,1
7664320,38,1,1,0
3806736,38,1,1,0
733712,38,1,0,1
3228824,38,1,1,0
1007360,38,1,1,0
4414248,38,1,1,0
4018280,38,1,0,1
7707872,38,1,0,1
4230304,38,1,1,0
1614296,38,1,1,0
1426976,38,1,1,0
848152,38,1,1,0
235752,38,1,0,1
7616024,38,1,1,0
1200168,38,1,0,1
552824,38,1,1,0
2415440,38,1,0,1
976360,38,1,1,0
4272064,38,1,0,1
8044160,38,1,0,1
2401752,38,1,1,0
3266432,38,1,0,1
3198672,38,1,1,0
4925592,38,1,1,0
470704,38,1,1,0
2531632,38,1,0,1
6027264,38,1,0,1
404408,38,1,1,0
2102816,38,1,0,1
6215064,38,1,1,0
1114128,38,1,0,1
2787000,38,1,1,0
3201104,38,1,0,1
2442280,38,1,0,1
912200,38,1,1,0
2002328,38,1,1,0
5660992,38,1,1,0
5531128,38,1,1,0
927592,38,1,1,0
344024,38,1,0,1
1709976,38,1,0,1
527976,38,1,0,1
1632360,38,1,1,0
372784,38,1,1,0
1656312,38,1,1,0
365032,38,1,1,0
4378944,38,1,1,0
247992,38,1,1,0
6803624,38,1,1,0
1837800,38,1,0,1
3825400,38,1,0,1
3939680,38,1,1,0
4760384,38,1,1,0
644384,38,1,0,1
2140816,38,1,0,1
5094424,38,1,1,0
683704,38,1,1,0
2956600,38,1,0,1
8005008,38,1,0,1
3626304,38,1,1,0
2721984,38,1,0,1
876976,38,1,0,1
1184288,38,1,1,0
3345344,38,1,1,0
6506648,38,1,0,1
714472,38,1,0,1
3660032,38,1,0,1
3905264,38,1,1,0
3888464,38,1,1,0
2221848,38,1,0,1
3087032,38,1,1,0
8064272,38,1,0,1
4552488,38,1,0,1
5275560,38,1,0,1
2820544,38,1,1,0
966144,38,1,0,1
4575432,38,1,1,0
5084680,38,1,0,1
831656,38,1,1,0
3096592,38,1,0,1
8275416,38,1,1,0
6274672,38,1,1,0
5366264,38,1,1,0
1186488,38,1,1,0
962976,38,1,0,1
5636848,38,1,1,0
628424,38,1,1,0
1828512,38,1,1,0
505568,38,1,1,0
1231128,38,1,0,1
2912528,38,1,0,1
2156240,38,1,0,1
3145632,38,1,0,1
2983344,38,1,0,1
1169888,38,1,0,1
2707376,38,1,1,0
1286104,38,1,0,1
6428456,38,1,1,0
989496,38,1,0,1
7825080,38,1,0,1
1102920,38,1,0,1
806368,38,1,1,0
7004384,38,1,0,1
895168,38,1,1,0
2036024,38,1,1,0
7844672,38,1,1,0
7359968,38,1,0,1
6371352,38,1,0,1
248416,38,1,0,1
8052192,38,1,1,0
6562032,38,1,0,1
1683456,38,1,1,0
1716896,38,1,1,0
258304,38,1,0,1
1145760,38,1,1,0
409728,38,1,0,1
6904640,38,1,0,1
1898088,38,1,1,0
1103488,38,1,1,0
3296440,38,1,0,1
2486272,38,1,1,0
4432944,38,1,0,1
5649200,38,1,0,1
5180672,38,1,1,0
2939160,38,1,0,1
6384752,38,1,0,1
6621936,38,1,0,1
403368,38,1,0,1
6724152,38,1,0,1
7665960,38,1,0,1
254032,38,1,1,0
4123280,38,1,0,1
651320,38,1,1,0
4681752,38,1,0,1
779872,38,1,1,0
836480,38,1,0,1
5356544,38,1,0,1
3650800,38,1,0,1
410880,38,1,0,1
1470200,38,1,0,1
5839152,38,1,0,1
7097568,38,1,1,0
3231496,38,1,1,0
4812816,38,1,0,1
1554376,38,1,0,1
1563640,38,1,0,1
2221560,38,1,1,0
2224920,38,1,1,0
2870176,38,1,0,1
2619720,38,1,0,1
2005720,38,1,1,0
3118424,38,1,0,1
5014544,38,1,1,0
5961592,38,1,0,1
1498792,38,1,1,0
6898880,38,1,0,1
3218600,38,1,0,1
1243232,38,1,1,0
7354712,38,1,1,0
4594352,38,1,1,0
2409816,38,1,0,1
4360848,38,1,1,0
2208456,38,1,1,0
796944,38,1,0,1
2235184,38,1,1,0
3238816,38,1,1,0
446608,38,1,0,1
1578536,38,1,1,0
410368,38,1,1,0
4359296,38,1,1,0
267944,38,1,1,0
689152,38,1,0,1
1484160,38,1,1,0
4261344,38,1,0,1
2479856,38,1,1,0
410160,38,1,1,0
180616,38,1,0,1
1870264,38,1,0,1
466000,38,1,1,0
3276024,38,1,0,1
1984800,38,1,0,1
4777536,38,1,0,1
6085160,38,1,1,0
1790376,38,1,1,0
1396408,38,1,1,0
6855248,38,1,0,1
658184,38,1,1,0
5790160,38,1,0,1
177696,38,1,0,1
4512728,38,1,0,1
468576,38,1,0,1
3733760,38,1,1,0
2306144,38,1,0,1
201992,38,1,1,0
660768,38,1,1,0
3986416,38,1,1,0
5197992,38,1,0,1
2423464,38,1,1,0
4235976,38,1,0,1
5136088,38,1,0,1
1422080,38,1,1,0
1236704,38,1,0,1
7915720,38,1,0,1
1692264,38,1,1,0
826304,38,1,1,0
5317072,38,1,0,1
2233928,38,1,1,0
739296,38,1,1,0
998712,38,1,1,0
5586352,38,1,0,1
5565328,38,1,1,0
1619080,38,1,1,0
489864,38,1,0,1
2156752,38,1,0,1
3003344,38,1,0,1
2125144,38,1,0,1
7434792,38,1,1,0
602416,38,1,0,1
4723928,38,1,0,1
8124808,38,1,0,1
6928296,38,1,1,0
994032,38,1,1,0
609496,38,1,1,0
5437552,38,1,1,0
7014880,38,1,1,0
638528,38,1,1,0
923392,38,1,1,0
6924496,38,1,0,1
892088,38,1,0,1
8369400,38,1,0,1
5174688,38,1,0,1
308736,38,1,0,1
164584,38,1,0,1
6003496,38,1,1,0
888992,38,1,0,1
3456720,38,1,0,1
742672,38,1,0,1
4479520,38,1,1,0
4152288,38,1,1,0
4695976,38,1,1,0
3619616,38,1,0,1
204520,38,1,0,1
778248,38,1,0,1
4631720,38,1,0,1
1161344,38,1,1,0
8011912,38,1,0,1
1115568,38,1,1,0
1169208,38,1,0,1
269368,38,1,1,0
2459720,38,1,0,1
1792920,38,1,0,1
2526832,38,1,0,1
131304,38,1,1,0
1406912,38,1,0,1
5574944,38,1,1,0
2720248,38,1,1,0
2932640,38,1,1,0
407664,38,1,1,0
2565040,38,1,0,1
4045480,38,1,0,1
597200,38,1,0,1
3138984,38,1,1,0
1081344,38,1,0,1
1585536,38,1,0,1
1683816,38,1,1,0
1083800,38,1,1,0
1915072,38,1,0,1
477704,38,1,1,0
1022680,38,1,1,0
705712,38,1,1,0
4188952,38,1,1,0
277688,38,1,1,0
7860184,38,1,0,1
218040,38,1,1,0
2556040,38,1,0,1
372720,38,1,1,0
1914344,38,1,1,0
4716144,38,1,0,1
255744,38,1,0,1
8009000,38,1,0,1
1287176,38,1,1,0
6543152,38,1,1,0
5226008,38,1,0,1
4923240,38,1,1,0
716464,38,1,0,1
67984,38,1,1,0
2263512,38,1,1,0
293680,38,1,1,0
570272,38,1,1,0
4189088,38,1,0,1
2615560,38,1,1,0
2580312,38,1,0,1
963648,38,1,0,1
3670120,38,1,0,1
3165472,38,1,0,1
5211512,38,1,1,0
5647168,38,1,1,0
2818544,38,1,0,1
2586856,38,1,1,0
461848,38,1,0,1
2494408,38,1,0,1
2654776,38,1,0,1
708744,38,1,0,1
1024120,38,1,0,1
5132232,38,1,0,1
309048,38,1,1,0
620240,38,1,1,0
820864,38,1,1,0
2595864,38,1,0,1
561912,38,1,0,1
3226656,38,1,1,0
68632,38,1,0,1
2207368,38,1,1,0
8067864,38,1,0,1
6354184,38,1,0,1
7026984,38,1,0,1
3744656,38,1,1,0
2919424,38,1,1,0
618576,38,1,0,1
4068760,38,1,0,1
1495016,38,1,1,0
2867504,38,1,1,0
3102704,38,1,0,1
4796256,38,1,1,0
6383344,38,1,0,1
4266960,38,1,1,0
1245064,38,1,0,1
1947040,38,1,1,0
255680,38,1,0,1
165200,38,1,1,0
7389112,38,1,1,0
5882200,38,1,1,0
2493400,38,1,0,1
6677712,38,1,0,1
1819176,38,1,0,1
1294696,38,1,0,1
7262480,38,1,1,0
4766544,38,1,0,1
6082752,38,1,1,0
5638552,38,1,0,1
3085960,38,1,1,0
1683048,38,1,0,1
1682032,38,1,0,1
324016,38,1,1,0
2865264,38,1,0,1
837040,38,1,1,0
1374992,38,1,1,0
966512,38,1,1,0
3269448,38,1,0,1
7002680,38,1,0,1
647312,38,1,0,1
602928,38,1,1,0
5088432,38,1,1,0
5139104,38,1,1,0
2831312,38,1,1,0
2947800,38,1,1,0
818432,38,1,0,1
5583008,38,1,1,0
866392,38,1,1,0
5619456,38,1,1,0
1944576,38,1,1,0
6193032,38,1,0,1
3690768,38,1,1,0
2098016,38,1,1,0
2688640,38,1,1,0
5243184,38,1,1,0
174896,38,1,0,1
243368,38,1,0,1
8315632,38,1,0,1
524408,38,1,1,0
1763288,38,1,1,0
5298296,38,1,1,0
3229096,38,1,0,1
4183040,38,1,1,0
742920,38,1,0,1
818976,38,1,0,1
340192,38,1,0,1
269152,38,1,1,0
5621336,38,1,1,0
4912216,38,1,0,1
4310864,38,1,1,0
2968656,38,1,1,0
4443120,38,1,0,1
1198368,38,1,0,1
1336400,38,1,0,1
714088,38,1,1,0
165336,38,1,1,0
4610448,38,1,1,0
1097296,38,1,1,0
1711368,38,1,0,1
780336,38,1,0,1
3428584,38,1,1,0
5357704,38,1,0,1
1805720,38,1,0,1
3801320,38,1,0,1
2731688,38,1,0,1
4248560,38,1,0,1
5204888,38,1,1,0
5553944,38,1,0,1
1135520,38,1,0,1
6143136,38,1,0,1
5103120,38,1,0,1
5873192,38,1,1,0
944984,38,1,1,0
651696,38,1,0,1
2566376,38,1,0,1
706360,38,1,1,0
6093000,38,1,1,0
4762608,38,1,0,1
1184968,38,1,0,1
329816,38,1,1,0
557792,38,1,0,1
688888,38,1,1,0
8286048,38,1,1,0
5536056,38,1,1,0
2212640,38,1,0,1
2228920,38,1,1,0
5972728,38,1,0,1
2382600,38,1,0,1
1502496,38,1,1,0
1059880,38,1,1,0
4047840,38,1,0,1
6028704,38,1,1,0
2457872,38,1,1,0
8106592,38,1,0,1
1075328,38,1,0,1
4955080,38,1,0,1
1128072,38,1,0,1
5770672,38,1,1,0
65280,38,1,1,0
321616,38,1,1,0
363512,38,1,1,0
570040,38,1,1,0
1693400,38,1,0,1
7420752,38,1,1,0
5889856,38,1,1,0
1331488,38,1,0,1
6861640,38,1,0,1
5801040,38,1,1,0
415808,38,1,1,0
151696,38,1,0,1
2922944,38,1,0,1
1280160,38,1,1,0
1424704,38,1,1,0
854024,38,1,1,0
428592,38,1,1,0
204416,38,1,0,1
289464,38,1,0,1
2251712,38,1,0,1
245232,38,1,1,0
1047456,38,1,0,1
5177480,38,1,0,1
2166968,38,1,0,1
929816,38,1,1,0
5703648,38,1,1,0
7638440,38,1,1,0
3201888,38,1,0,1
6658552,38,1,1,0
914800,38,1,0,1
5659792,38,1,1,0
1230624,38,1,1,0
1847480,38,1,0,1
7209080,38,1,0,1
3124688,38,1,1,0
2354488,38,1,1,0
431856,38,1,0,1
2621128,38,1,1,0
7056200,38,1,0,1
1498432,38,1,0,1
347920,38,1,0,1
1777104,38,1,0,1
1432208,38,1,0,1
931192,38,1,0,1
844432,38,1,1,0
7512120,38,1,0,1
1743608,38,1,1,0
4968120,38,1,1,0
3209832,38,1,0,1
6117072,38,1,1,0
527648,38,1,1,0
3051184,38,1,0,1
1678784,38,1,0,1
2757688,38,1,1,0
6458584,38,1,0,1
153696,38,1,0,1
2378520,38,1,0,1
628216,38,1,1,0
4887528,38,1,0,1
4542504,38,1,1,0
8175912,38,1,1,0
769136,38,1,1,0
3820296,38,1,1,0
542664,38,1,0,1
861792,38,1,0,1
322336,38,1,0,1
771064,38,1,0,1
920128,38,1,0,1
3515192,38,1,1,0
210576,38,1,1,0
679408,38,1,1,0
1719992,38,1,1,0
547992,38,1,0,1
3254496,38,1,0,1
4596744,38,1,0,1
2938584,38,1,0,1
3014232,38,1,1,0
665160,38,1,0,1
1067080,38,1,1,0
3577528,38,1,0,1
5871280,38,1,1,0
5628960,38,1,0,1
3133912,38,1,1,0
5478408,38,1,0,1
5251480,38,1,1,0
6990584,38,1,1,0
8104816,38,1,1,0
380864,38,1,1,0
4254352,38,1,0,1
798056,38,1,0,1
5278536,38,1,1,0
357096,38,1,0,1
370288,38,1,1,0
4233952,38,1,0,1
1913096,38,1,1,0
7370936,38,1,1,0
1815248,38,1,0,1
5032160,38,1,1,0
2399064,38,1,1,0
4274608,38,1,0,1
3763152,38,1,0,1
393992,38,1,0,1
689208,38,1,1,0
6639104,38,1,0,1
4752192,38,1,0,1
434376,38,1,1,0
5650312,38,1,0,1
1004520,38,1,1,0
1949624,38,1,0,1
3912656,38,1,0,1
2360264,38,1,0,1
1275952,38,1,1,0
973384,38,1,0,1
5143072,38,1,1,0
2841168,38,1,0,1
7960304,38,1,0,1
3607800,38,1,0,1
2614416,38,1,1,0
5854136,38,1,0,1
1125512,38,1,1,0
5440824,38,1,1,0
6737952,38,1,0,1
737576,38,1,0,1
837880,38,1,1,0
288032,38,1,1,0
419776,38,1,1,0
1640216,38,1,1,0
6622520,38,1,0,1
1023816,38,1,1,0
2909328,38,1,0,1
3850896,38,1,1,0
4917496,38,1,1,0
5999504,38,1,1,0
1864376,38,1,1,0
1097056,38,1,0,1
5605128,38,1,0,1
1442392,38,1,1,0
5207184,38,1,1,0
282816,38,1,0,1
2597728,38,1,1,0
1452712,38,1,0,1
1638184,38,1,0,1
6933848,38,1,0,1
5978280,38,1,0,1
7650488,38,1,1,0
2605392,38,1,0,1
1912672,38,1,0,1
556640,38,1,0,1
2661632,38,1,1,0
3865360,38,1,0,1
1073872,38,1,1,0
563504,38,1,1,0
346728,38,1,1,0
4579368,38,1,0,1
602952,38,1,0,1
2134440,38,1,0,1
1776336,38,1,1,0
4382000,38,1,0,1
2758768,38,1,1,0
3844560,38,1,0,1
941800,38,1,1,0
3648592,38,1,0,1
6427312,38,1,0,1
1525720,38,1,0,1
3740552,38,1,1,0
776248,38,1,1,0
1357632,38,1,1,0
2189848,38,1,1,0
1934304,38,1,0,1
8268816,38,1,0,1
3386824,38,1,0,1
6811952,38,1,1,0
2832480,38,1,0,1
618760,38,1,0,1
576056,38,1,1,0
8125136,38,1,1,0
7288256,38,1,1,0
733160,38,1,0,1
1628696,38,1,1,0
5204224,38,1,0,1
7384648,38,1,1,0
1276176,38,1,0,1
7838408,38,1,0,1
5706608,38,1,0,1
7912808,38,1,1,0
1265488,38,1,0,1
920720,38,1,0,1
184528,38,1,1,0
2198584,38,1,0,1
1157960,38,1,0,1
776488,38,1,1,0
4861384,38,1,0,1
6512056,38,1,0,1
227080,38,1,0,1
974088,38,1,1,0
4319992,38,1,1,0
878120,38,1,1,0
1806864,38,1,0,1
155152,38,1,0,1
562912,38,1,1,0
2015896,38,1,0,1
3577056,38,1,1,0
2847976,38,1,0,1
3303240,38,1,1,0
904272,38,1,0,1
680272,38,1,0,1
594048,38,1,0,1
391864,38,1,1,0
5156520,38,1,1,0
5133632,38,1,1,0
227648,38,1,1,0
947128,38,1,1,0
3215640,38,1,0,1
1516744,38,1,0,1
2189568,38,1,1,0
3760168,38,1,1,0
7592216,38,1,0,1
1549440,38,1,0,1
4058976,38,1,0,1
683024,38,1,0,1
1978120,38,1,1,0
228632,38,1,1,0
2904832,38,1,1,0
1842896,38,1,1,0
3414976,38,1,0,1
3178216,38,1,0,1
738520,38,1,1,0
2367760,38,1,0,1
3040552,38,1,1,0
328768,38,1,0,1
509728,38,1,1,0
6648856,38,1,0,1
400640,38,1,0,1
1982528,38,1,1,0
830552,38,1,1,0
1874680,38,1,1,0
5195696,38,1,1,0
3681160,38,1,0,1
505840,38,1,0,1
5775176,38,1,1,0
4184160,38,1,1,0
8369880,38,1,1,0
3732760,38,1,1,0
3839688,38,1,1,0
3977544,38,1,1,0
8016064,38,1,1,0
542792,38,1,1,0
7175992,38,1,1,0
3195368,38,1,0,1
3262072,38,1,0,1
5677840,38,1,0,1
891312,38,1,0,1
1353064,38,1,0,1
1622168,38,1,0,1
2967184,38,1,1,0
862656,38,1,0,1
4741560,38,1,1,0
426480,38,1,0,1
4728816,38,1,0,1
6368248,38,1,1,0
6232440,38,1,0,1
727760,38,1,0,1
427040,38,1,1,0
656368,38,1,0,1
4989208,38,1,0,1
2195000,38,1,1,0
4545304,38,1,0,1
1159976,38,1,1,0
331904,38,1,0,1
4823280,38,1,0,1
5049016,38,1,0,1
6670200,38,1,0,1
3222608,38,1,0,1
1318256,38,1,0,1
2125944,38,1,0,1
1420752,38,1,0,1
3087096,38,1,1,0
1633456,38,1,1,0
5927600,38,1,1,0
2054872,38,1,0,1
1499288,38,1,1,0
5758712,38,1,1,0
894456,38,1,1,0
225584,38,1,0,1
567864,38,1,1,0
2211744,38,1,0,1
4280016,38,1,0,1
893576,38,1,1,0
2410368,38,1,0,1
338696,38,1,0,1
1020912,38,1,0,1
4025000,38,1,0,1
4157840,38,1,1,0
6622392,38,1,1,0
2202504,38,1,0,1
1716032,38,1,0,1
556240,38,1,1,0
2526304,38,1,0,1
924504,38,1,1,0
1694528,38,1,1,0
494960,38,1,0,1
6254560,38,1,1,0
5282944,38,1,1,0
968992,38,1,0,1
5890680,38,1,1,0
718128,38,1,0,1
3041800,38,1,0,1
6539944,38,1,0,1
1455928,38,1,1,0
6588488,38,1,0,1
6366776,38,1,0,1
2865528,38,1,1,0
1176232,38,1,0,1
5604696,38,1,0,1
3107816,38,1,0,1
2122296,38,1,1,0
1469448,38,1,0,1
1309264,38,1,1,0
2107832,38,1,0,1
3527336,38,1,1,0
2462344,38,1,0,1
2899592,38,1,0,1
5197024,38,1,0,1
5634392,38,1,0,1
2599640,38,1,0,1
3699392,38,1,1,0
2323984,38,1,1,0
5253672,38,1,0,1
1666376,38,1,0,1
3238328,38,1,1,0
3132624,38,1,0,1
3512432,38,1,0,1
268864,38,1,0,1
2682920,38,1,0,1
7005520,38,1,0,1
6881152,38,1,1,0
3819952,38,1,0,1
911088,38,1,1,0
2176008,38,1,0,1
1513504,38,1,1,0
1094464,38,1,1,0
7423984,38,1,0,1
3485616,38,1,1,0
8366624,38,1,0,1
5660624,38,1,0,1
5885424,38,1,1,0
8309864,38,1,0,1
352024,38,1,1,0
7283448,38,1,0,1
2187328,38,1,0,1
7759880,38,1,0,1
408184,38,1,0,1
1344016,38,1,1,0
7586792,38,1,0,1
675688,38,1,1,0
2584256,38,1,0,1
7066528,38,1,1,0
1723752,38,1,0,1
2715720,38,1,1,0
482824,38,1,1,0
4405024,38,1,1,0
7459712,38,1,1,0
5922856,38,1,1,0
1634600,38,1,1,0
7071600,38,1,0,1
420136,38,1,1,0
5291376,38,1,1,0
679512,38,1,0,1
2164000,38,1,1,0
1224184,38,1,0,1
2154680,38,1,0,1
469576,38,1,1,0
1108368,38,1,1,0
4120296,38,1,0,1
903440,38,1,1,0
913448,38,1,0,1
5539312,38,1,0,1
6406720,38,1,0,1
5678032,38,1,0,1
6723224,38,1,1,0
523144,38,1,1,0
4883760,38,1,1,0
2578160,38,1,1,0
795120,38,1,1,0
777192,38,1,0,1
1083928,38,1,0,1
3118920,38,1,1,0
489704,38,1,0,1
2101752,38,1,0,1
4629168,38,1,1,0
249680,38,1,0,1
2044232,38,1,0,1
225976,38,1,0,1
7816880,38,1,0,1
1687376,38,1,0,1
2145856,38,1,1,0
8136360,38,1,0,1
4871568,38,1,0,1
930288,38,1,1,0
2417904,38,1,1,0
5107200,38,1,1,0
3648664,38,1,0,1
966616,38,1,0,1
982544,38,1,0,1
788448,38,1,1,0
2591896,38,1,1,0
7748776,38,1,0,1
6499448,38,1,0,1
3599712,38,1,0,1
6898400,38,1,0,1
5002680,38,1,1,0
244680,38,1,1,0
8234840,38,1,0,1
3634784,38,1,0,1
4044552,38,1,1,0
6147968,38,1,1,0
1380200,38,1,0,1
4755600,38,1,0,1
2285080,38,1,0,1
4583088,39,1,0,1
5410696,39,1,1,0
5421928,39,1,1,0
618064,39,1,0,1
1515368,39,1,0,1
642736,39,1,0,1
1215472,39,1,0,1
2104104,39,1,0,1
917176,39,1,0,1
7693448,39,1,1,0
4240408,39,1,0,1
2864528,39,1,0,1
1648360,39,1,1,0
123240,39,1,0,1
2725472,39,1,0,1
7172288,39,1,1,0
7753864,39,1,0,1
1652528,39,1,1,0
2229200,39,1,0,1
4407616,39,1,1,0
2452240,39,1,0,1
5648120,39,1,0,1
5642904,39,1,1,0
316952,39,1,1,0
1210136,39,1,1,0
2569032,39,1,1,0
4543728,39,1,1,0
2474808,39,1,1,0
397392,39,1,0,1
1081240,39,1,1,0
2444768,39,1,1,0
578352,39,1,0,1
3589584,39,1,0,1
227952,39,1,0,1
1785376,39,1,0,1
2665400,39,1,1,0
1713008,39,1,1,0
644768,39,1,1,0
394728,39,1,1,0
1923312,39,1,0,1
7565384,39,1,0,1
1747688,39,1,0,1
5635768,39,1,0,1
7552696,39,1,0,1
6950336,39,1,1,0
2907840,39,1,1,0
1713776,39,1,0,1
1946928,39,1,1,0
1519944,39,1,0,1
5168168,39,1,1,0
2003168,39,1,0,1
6600240,39,1,0,1
695816,39,1,0,1
3590952,39,1,1,0
6978480,39,1,0,1
7718712,39,1,0,1
2220328,39,1,0,1
6905840,39,1,0,1
580992,39,1,1,0
3948272,39,1,1,0
3934408,39,1,0,1
752888,39,1,0,1
5896784,39,1,0,1
3343024,39,1,0,1
2725552,39,1,1,0
2850808,39,1,1,0
1636792,39,1,0,1
8379040,39,1,1,0
2014408,39,1,1,0
6302560,39,1,0,1
3842632,39,1,1,0
2803896,39,1,1,0
1544880,39,1,1,0
1982952,39,1,0,1
709192,39,1,0,1
4934608,39,1,0,1
1436032,39,1,0,1
6902528,39,1,1,0
4737680,39,1,1,0
2303312,39,1,1,0
2257448,39,1,1,0
1628648,39,1,1,0
6320592,39,1,0,1
286936,39,1,0,1
2464816,39,1,1,0
654008,39,1,0,1
463328,39,1,0,1
2381352,39,1,0,1
3294248,39,1,0,1
8181512,39,1,0,1
4133392,39,1,1,0
7806888,39,1,0,1
5670352,39,1,1,0
1794344,39,1,0,1
860448,39,1,0,1
4029288,39,1,1,0
631144,39,1,0,1
899000,39,1,1,0
1496776,39,1,0,1
2218696,39,1,0,1
1536256,39,1,0,1
179032,39,1,0,1
2400384,39,1,1,0
498624,39,1,0,1
2427888,39,1,0,1
380400,39,1,1,0
5908728,39,1,0,1
721888,39,1,1,0
1595176,39,1,0,1
2183504,39,1,0,1
942432,39,1,1,0
3753744,39,1,1,0
3861984,39,1,0,1
7836176,39,1,0,1
930832,39,1,0,1
1284584,39,1,0,1
506712,39,1,0,1
326224,39,1,0,1
254240,39,1,1,0
7627776,39,1,0,1
8238832,39,1,1,0
952736,39,1,0,1
1302000,39,1,1,0
6274728,39,1,0,1
6215272,39,1,1,0
1609600,39,1,1,0
520304,39,1,1,0
6887552,39,1,0,1
5022840,39,1,1,0
2346064,39,1,1,0
1086256,39,1,0,1
293176,39,1,0,1
719920,39,1,1,0
6145680,39,1,1,0
1716808,39,1,1,0
2155928,39,1,1,0
5150392,39,1,0,1
389000,39,1,1,0
3460808,39,1,1,0
948688,39,1,1,0
6515744,39,1,1,0
6309704,39,1,0,1
1908040,39,1,1,0
929176,39,1,0,1
347192,39,1,0,1
2356504,39,1,1,0
7404984,39,1,1,0
4499664,39,1,0,1
7124168,39,1,1,0
5305424,39,1,1,0
1065168,39,1,1,0
1908888,39,1,0,1
972976,39,1,1,0
929120,39,1,1,0
5406976,39,1,1,0
1745192,39,1,0,1
5837424,39,1,0,1
607568,39,1,0,1
318792,39,1,1,0
5291848,39,1,1,0
1542496,39,1,1,0
1086288,39,1,0,1
4234824,39,1,0,1
364552,39,1,1,0
4965888,39,1,0,1
1753616,39,1,0,1
430264,39,1,1,0
8215152,39,1,0,1
1091216,39,1,1,0
658480,39,1,0,1
6067376,39,1,0,1
4577168,39,1,0,1
2774328,39,1,0,1
7524424,39,1,0,1
534200,39,1,0,1
6185616,39,1,1,0
1478416,39,1,0,1
2948904,39,1,0,1
4881200,39,1,1,0
270944,39,1,1,0
4720416,39,1,0,1
2018688,39,1,1,0
4186704,39,1,1,0
3608576,39,1,1,0
2691000,39,1,1,0
3231528,39,1,1,0
221464,39,1,0,1
4987208,39,1,0,1
5677280,39,1,1,0
2341360,39,1,0,1
5538184,39,1,0,1
4773192,39,1,1,0
7414960,39,1,1,0
531784,39,1,0,1
2645816,39,1,1,0
8178472,39,1,0,1
1493608,39,1,1,0
3761760,39,1,0,1
3738600,39,1,1,0
333984,39,1,1,0
2718304,39,1,0,1
472744,39,1,1,0
2946672,39,1,1,0
5469344,39,1,0,1
302736,39,1,0,1
5503192,39,1,0,1
7134800,39,1,0,1
633744,39,1,1,0
8323504,39,1,1,0
615520,39,1,1,0
2578504,39,1,0,1
1287256,39,1,1,0
6828600,39,1,1,0
1055144,39,1,0,1
751504,39,1,0,1
1628168,39,1,1,0
2756048,39,1,1,0
8261832,39,1,0,1
2811928,39,1,1,0
752960,39,1,0,1
6050720,39,1,1,0
360768,39,1,0,1
8272072,39,1,0,1
1660240,39,1,0,1
4952912,39,1,1,0
394800,39,1,1,0
750872,39,1,1,0
4186472,39,1,1,0
992400,39,1,1,0
359088,39,1,0,1
7134984,39,1,1,0
842792,39,1,1,0
3379848,39,1,0,1
591344,39,1,0,1
314720,39,1,1,0
5074536,39,1,1,0
1803656,39,1,1,0
731296,39,1,1,0
4943992,39,1,0,1
659344,39,1,0,1
2972680,39,1,1,0
4627104,39,1,0,1
7019304,39,1,1,0
1986184,39,1,1,0
1599904,39,1,0,1
2379456,39,1,1,0
4597744,39,1,1,0
530216,39,1,1,0
3010224,39,1,0,1
1080400,39,1,1,0
450368,39,1,0,1
339584,39,1,0,1
1072984,39,1,1,0
4480192,39,1,1,0
2244152,39,1,0,1
4883616,39,1,1,0
1618488,39,1,0,1
4897976,39,1,1,0
1746416,39,1,0,1
2271040,39,1,0,1
4434240,39,1,1,0
542864,39,1,0,1
2656584,39,1,0,1
3959096,39,1,1,0
706952,39,1,0,1
2924664,39,1,0,1
863816,39,1,1,0
6745224,39,1,0,1
2860360,39,1,1,0
5581616,39,1,1,0
418584,39,1,0,1
2188928,39,1,1,0
5623368,39,1,0,1
146832,39,1,1,0
3062960,39,1,1,0
2481904,39,1,0,1
1204408,39,1,0,1
1148728,39,1,1,0
2525256,39,1,1,0
984088,39,1,0,1
684592,39,1,0,1
512368,39,1,0,1
3708464,39,1,1,0
929920,39,1,0,1
1994016,39,1,1,0
2519216,39,1,0,1
2769016,39,1,1,0
1186032,39,1,1,0
927600,39,1,0,1
2698992,39,1,1,0
6103072,39,1,1,0
1089632,39,1,0,1
3127280,39,1,1,0
947288,39,1,1,0
467736,39,1,0,1
3678376,39,1,1,0
5591736,39,1,0,1
5603928,39,1,1,0
347128,39,1,1,0
155288,39,1,0,1
8140792,39,1,1,0
796552,39,1,0,1
724280,39,1,1,0
1541128,39,1,0,1
1584648,39,1,0,1
2846488,39,1,0,1
8221120,39,1,0,1
1673384,39,1,0,1
8260592,39,1,1,0
4569864,39,1,0,1
238128,39,1,1,0
5932344,39,1,0,1
359792,39,1,1,0
161512,39,1,0,1
262576,39,1,0,1
2495528,39,1,1,0
976384,39,1,0,1
6940360,39,1,1,0
6983032,39,1,0,1
1419488,39,1,1,0
4335520,39,1,1,0
3599992,39,1,0,1
3389640,39,1,0,1
6302920,39,1,1,0
853056,39,1,1,0
962176,39,1,0,1
1421168,39,1,0,1
4940416,39,1,1,0
923536,39,1,1,0
7306232,39,1,0,1
7339792,39,1,0,1
643176,39,1,1,0
1213008,39,1,1,0
804416,39,1,0,1
4232912,39,1,1,0
3780856,39,1,1,0
157928,39,1,1,0
852600,39,1,0,1
2051376,39,1,0,1
1100976,39,1,1,0
518744,39,1,0,1
3565728,39,1,1,0
3547848,39,1,1,0
5655008,39,1,0,1
7975784,39,1,0,1
3586632,39,1,1,0
488448,39,1,0,1
745424,39,1,0,1
2072800,39,1,0,1
2641840,39,1,1,0
3900832,39,1,0,1
1638792,39,1,1,0
4596232,39,1,0,1
370824,39,1,1,0
3765128,39,1,1,0
3697368,39,1,1,0
4459664,39,1,0,1
246424,39,1,1,0
3339464,39,1,1,0
7453792,39,1,0,1
2973136,39,1,0,1
2592144,39,1,0,1
3736080,39,1,1,0
1709816,39,1,1,0
225184,39,1,0,1
4574992,39,1,1,0
7295616,39,1,0,1
432536,39,1,0,1
148856,39,1,0,1
1279592,39,1,0,1
3535888,39,1,0,1
2614264,39,1,1,0
473096,39,1,1,0
4292720,39,1,1,0
2787536,39,1,1,0
293328,39,1,0,1
1203136,39,1,1,0
6353920,39,1,1,0
2461192,39,1,1,0
1343024,39,1,0,1
6056360,39,1,1,0
5079024,39,1,1,0
3162384,39,1,1,0
2764040,39,1,1,0
1593376,39,1,0,1
753560,39,1,0,1
2394968,39,1,1,0
1280024,39,1,0,1
306200,39,1,0,1
1933880,39,1,0,1
3851448,39,1,1,0
622112,39,1,1,0
879976,39,1,1,0
1632744,39,1,1,0
1510224,39,1,1,0
3866760,39,1,1,0
535912,39,1,0,1
266472,39,1,0,1
8016296,39,1,0,1
264448,39,1,0,1
7496872,39,1,0,1
1051936,39,1,1,0
1916472,39,1,1,0
6895624,39,1,0,1
4952120,39,1,0,1
1334696,39,1,1,0
2086512,39,1,0,1
4009056,39,1,0,1
725312,39,1,1,0
6974160,39,1,1,0
7274832,39,1,1,0
180608,39,1,0,1
359856,39,1,0,1
616392,39,1,0,1
6052608,39,1,1,0
1134880,39,1,0,1
1576280,39,1,1,0
2496280,39,1,0,1
3150688,39,1,1,0
1134112,39,1,1,0
945720,39,1,1,0
566112,39,1,1,0
4928328,39,1,0,1
411104,39,1,0,1
491680,39,1,1,0
5507264,39,1,0,1
5185928,39,1,1,0
564808,39,1,0,1
2896672,39,1,0,1
2835112,39,1,1,0
882424,39,1,1,0
1047184,39,1,1,0
2095776,39,1,0,1
946872,39,1,1,0
3237392,39,1,1,0
1953536,39,1,1,0
5399216,39,1,0,1
4435848,39,1,0,1
2236016,39,1,0,1
1428824,39,1,0,1
5597520,39,1,1,0
276040,39,1,0,1
102592,39,1,0,1
1172984,39,1,0,1
201952,39,1,1,0
7826272,39,1,1,0
1804936,39,1,0,1
4981232,39,1,0,1
1102536,39,1,0,1
937848,39,1,0,1
587768,39,1,1,0
474136,39,1,1,0
3143760,39,1,0,1
5313720,39,1,0,1
4444048,39,1,0,1
6329024,39,1,0,1
4703960,39,1,1,0
3656320,39,1,0,1
3714528,39,1,1,0
2716256,39,1,1,0
1765192,39,1,1,0
3147152,39,1,1,0
2837432,39,1,1,0
2953656,39,1,0,1
4444624,39,1,1,0
4962032,39,1,1,0
884688,39,1,0,1
2324920,39,1,0,1
2830344,39,1,1,0
2355312,39,1,1,0
4096248,39,1,0,1
2134184,39,1,0,1
4392016,39,1,1,0
1421280,39,1,0,1
2727200,39,1,0,1
6232640,39,1,1,0
5407600,39,1,1,0
475464,39,1,0,1
4872104,39,1,1,0
718824,39,1,1,0
2988608,39,1,1,0
4279184,39,1,0,1
7904080,39,1,1,0
1305968,39,1,1,0
2355536,39,1,0,1
7927568,39,1,0,1
6067272,39,1,1,0
3055024,39,1,0,1
6065296,39,1,1,0
2185600,39,1,1,0
2249064,39,1,1,0
1769528,39,1,0,1
372112,39,1,0,1
286240,39,1,0,1
5121752,39,1,0,1
8217960,39,1,0,1
2973464,39,1,1,0
1639600,39,1,0,1
7807824,39,1,1,0
3845152,39,1,1,0
986064,39,1,1,0
3235752,39,1,1,0
3575800,39,1,0,1
4830864,39,1,0,1
3814944,39,1,1,0
977840,39,1,1,0
471640,39,1,0,1
4095384,39,1,0,1
6306064,39,1,0,1
3156360,39,1,0,1
1202760,39,1,1,0
1278624,39,1,0,1
482248,39,1,1,0
1521464,39,1,1,0
4148472,39,1,1,0
767896,39,1,1,0
377648,39,1,0,1
2001392,39,1,1,0
1046736,39,1,1,0
2001264,39,1,1,0
3533880,39,1,1,0
2197624,39,1,1,0
1395144,39,1,0,1
1586080,39,1,0,1
2197808,39,1,0,1
7619984,39,1,0,1
783704,39,1,1,0
5779288,39,1,1,0
4877768,39,1,1,0
3931672,39,1,1,0
535280,39,1,0,1
3657328,39,1,1,0
7461072,39,1,0,1
6346064,39,1,1,0
1203048,39,1,1,0
260160,39,1,1,0
3230640,39,1,1,0
5001392,39,1,1,0
613184,39,1,0,1
5355176,39,1,0,1
7533976,39,1,1,0
488872,39,1,1,0
4197656,39,1,0,1
2936360,39,1,0,1
5557736,39,1,1,0
4400656,39,1,1,0
572880,39,1,0,1
3599944,39,1,0,1
267824,39,1,0,1
1079208,39,1,1,0
3222896,39,1,1,0
5466848,39,1,1,0
1697056,39,1,1,0
2844576,39,1,0,1
7438248,39,1,1,0
325168,39,1,1,0
1795824,39,1,0,1
657752,39,1,1,0
7382008,39,1,1,0
1985496,39,1,1,0
2304696,39,1,1,0
1088904,39,1,1,0
5598544,39,1,1,0
342744,39,1,1,0
510232,39,1,0,1
533360,39,1,0,1
3116664,39,1,1,0
2222920,39,1,0,1
1065720,39,1,1,0
1349360,39,1,1,0
2524640,39,1,0,1
1576384,39,1,0,1
141480,39,1,0,1
3064544,39,1,1,0
2232336,39,1,0,1
3913952,39,1,0,1
3104384,39,1,1,0
1153792,39,1,0,1
1167192,39,1,1,0
2961496,39,1,1,0
1850992,39,1,0,1
3038512,39,1,1,0
312080,39,1,0,1
4969800,39,1,1,0
1516136,39,1,0,1
7570632,39,1,0,1
644328,39,1,1,0
521408,39,1,0,1
2279776,39,1,1,0
2583320,39,1,1,0
437088,39,1,1,0
4028848,39,1,1,0
4993440,39,1,1,0
4253520,39,1,1,0
7568432,39,1,0,1
226496,39,1,1,0
8168160,39,1,1,0
7148376,39,1,1,0
1552840,39,1,0,1
884408,39,1,0,1
1430640,39,1,1,0
589608,39,1,1,0
2236040,39,1,1,0
2031384,39,1,0,1
5182384,39,1,0,1
2834480,39,1,1,0
3444936,39,1,1,0
841288,39,1,0,1
6550408,39,1,0,1
971832,39,1,0,1
2368152,39,1,0,1
2225688,39,1,1,0
2204792,39,1,1,0
7494944,39,1,1,0
408136,39,1,1,0
1292872,39,1,0,1
3637664,39,1,1,0
4073544,39,1,1,0
2975216,39,1,1,0
3012376,39,1,1,0
838144,39,1,1,0
492256,39,1,0,1
8271320,39,1,0,1
4547296,39,1,0,1
2397488,39,1,1,0
766856,39,1,0,1
1619160,39,1,0,1
761496,39,1,0,1
860528,39,1,0,1
507936,39,1,1,0
1036208,39,1,1,0
1318232,39,1,0,1
1581896,39,1,1,0
860848,39,1,1,0
1217736,39,1,0,1
4146304,39,1,0,1
1908168,39,1,1,0
4811984,39,1,0,1
228200,39,1,0,1
967752,39,1,1,0
4430952,39,1,1,0
674912,39,1,0,1
2050952,39,1,0,1
2232216,39,1,1,0
2813536,39,1,0,1
358424,39,1,0,1
7893264,39,1,0,1
3025792,39,1,0,1
6887928,39,1,1,0
153320,39,1,1,0
1848368,39,1,1,0
677560,39,1,1,0
5489848,39,1,0,1
2378920,39,1,1,0
1001576,39,1,1,0
632760,39,1,1,0
3604312,39,1,0,1
5084016,39,1,0,1
806320,39,1,0,1
2388304,39,1,1,0
718408,39,1,0,1
710656,39,1,0,1
736568,39,1,0,1
1241296,39,1,0,1
2795264,39,1,0,1
3655360,39,1,1,0
400808,39,1,0,1
5210288,39,1,1,0
468584,39,1,1,0
3885840,39,1,1,0
7848936,39,1,0,1
3983416,39,1,1,0
1061704,39,1,1,0
1951856,39,1,1,0
661080,39,1,1,0
1830640,39,1,0,1
1581720,39,1,1,0
5268472,39,1,1,0
5381744,39,1,1,0
4105640,39,1,0,1
2798176,39,1,1,0
6970832,39,1,1,0
3567720,39,1,1,0
4278184,39,1,1,0
464688,39,1,0,1
720520,39,1,0,1
1941696,39,1,0,1
4358280,39,1,1,0
441136,39,1,0,1
3457416,39,1,1,0
7340240,39,1,1,0
1585096,39,1,1,0
554576,39,1,0,1
4465552,39,1,0,1
2422440,39,1,1,0
701392,39,1,1,0
3860872,39,1,0,1
3225976,39,1,0,1
4968424,39,1,1,0
1713560,39,1,1,0
4495392,39,1,0,1
1189624,39,1,0,1
6980808,39,1,0,1
4142088,39,1,1,0
844696,39,1,1,0
2077304,39,1,1,0
692368,39,1,1,0
7053880,39,1,1,0
474032,39,1,0,1
5372976,39,1,1,0
4985864,39,1,0,1
4469944,39,1,1,0
7733096,39,1,1,0
934776,39,1,1,0
3074584,39,1,0,1
4745848,39,1,0,1
1023792,39,1,0,1
6425808,39,1,1,0
8362520,39,1,1,0
1973752,39,1,0,1
1126312,39,1,0,1
7985536,39,1,0,1
4264488,39,1,0,1
2613544,39,1,0,1
4029968,39,1,0,1
1524392,39,1,0,1
430552,39,1,0,1
1045688,39,1,1,0
3371096,39,1,1,0
450088,39,1,1,0
6498960,39,1,0,1
1338216,39,1,1,0
7786832,39,1,0,1
3552592,39,1,0,1
815744,39,1,0,1
5255304,39,1,1,0
3143600,39,1,1,0
2081304,39,1,0,1
3783448,39,1,1,0
361648,39,1,1,0
4313968,39,1,0,1
2596064,39,1,1,0
4913992,39,1,1,0
3159680,39,1,0,1
766712,39,1,0,1
4481368,39,1,1,0
575288,39,1,1,0
5715976,39,1,0,1
7043616,39,1,0,1
614456,39,1,0,1
2789696,39,1,0,1
3502872,39,1,0,1
3250472,39,1,1,0
6810928,39,1,1,0
897056,39,1,0,1
5733384,39,1,1,0
606608,39,1,0,1
3458840,39,1,1,0
6365672,39,1,0,1
5016448,39,1,0,1
5263496,39,1,1,0
2068000,39,1,1,0
7353624,39,1,0,1
276056,39,1,1,0
2365608,39,1,0,1
1161856,39,1,0,1
3325992,39,1,0,1
518184,39,1,1,0
2511552,39,1,1,0
8379120,39,1,1,0
4713520,39,1,1,0
6310176,39,1,0,1
1560712,39,1,1,0
260296,39,1,0,1
729744,39,1,1,0
8083832,39,1,0,1
4755464,39,1,1,0
7985576,39,1,1,0
5486896,39,1,1,0
953848,39,1,1,0
1559592,39,1,0,1
460016,39,1,1,0
6852616,39,1,1,0
573984,39,1,1,0
471448,39,1,0,1
661816,39,1,1,0
610744,39,1,1,0
2715784,39,1,1,0
5279640,39,1,0,1
6721840,39,1,1,0
824264,39,1,0,1
3249152,39,1,0,1
1583208,39,1,0,1
1596880,39,1,0,1
2989128,39,1,1,0
3018784,39,1,1,0
5286544,39,1,0,1
133032,39,1,1,0
4147232,39,1,0,1
6670112,39,1,1,0
6672392,39,1,0,1
6989760,39,1,0,1
1286096,39,1,0,1
1351896,39,1,0,1
4223408,39,1,1,0
4827224,39,1,1,0
5685456,39,1,1,0
2514544,39,1,1,0
408952,39,1,0,1
120400,39,1,1,0
2274768,39,1,1,0
955544,39,1,0,1
3394304,39,1,1,0
5164192,39,1,0,1
6207560,39,1,1,0
4703248,39,1,1,0
4649000,39,1,1,0
5437568,39,1,0,1
6840208,39,1,0,1
6692696,39,1,1,0
2274528,39,1,1,0
5897544,39,1,1,0
5328184,39,1,0,1
1325440,39,1,0,1
1670088,39,1,1,0
1803176,39,1,0,1
412216,39,1,0,1
7108640,39,1,0,1
1052984,39,1,1,0
1406848,39,1,1,0
2471384,39,1,1,0
4023816,39,1,1,0
1911832,39,1,0,1
1161696,39,1,1,0
4970288,39,1,1,0
182336,39,1,1,0
843400,39,1,1,0
3834232,39,1,0,1
7450400,39,1,0,1
1121744,39,1,1,0
144640,39,1,0,1
164672,39,1,0,1
4304696,39,1,1,0
3111600,39,1,1,0
2717392,39,1,1,0
1433856,39,1,0,1
4230128,39,1,0,1
2904400,39,1,1,0
6900816,39,1,0,1
5235480,39,1,1,0
8281944,39,1,0,1
1090744,39,1,0,1
4946752,39,1,0,1
855824,39,1,0,1
5706632,39,1,1,0
1031624,39,1,1,0
3884208,39,1,0,1
325976,39,1,1,0
3414664,39,1,0,1
2875176,39,1,0,1
1364824,39,1,0,1
328784,39,1,0,1
2214672,39,1,1,0
2518736,39,1,1,0
707856,39,1,1,0
486560,39,1,0,1
396072,39,1,0,1
2737552,39,1,0,1
1155480,39,1,1,0
1120208,39,1,0,1
857360,39,1,1,0
4357432,39,1,0,1
601344,39,1,1,0
569176,39,1,1,0
1006912,39,1,1,0
1601136,39,1,1,0
4521016,39,1,0,1
2078368,39,1,1,0
5876784,39,1,1,0
2158256,39,1,0,1
6552608,39,1,1,0
2281432,39,1,1,0
655544,39,1,0,1
1112952,39,1,0,1
856632,39,1,0,1
5823608,39,1,0,1
3949848,39,1,1,0
2649144,39,1,0,1
3265864,39,1,1,0
639864,39,1,0,1
7718016,39,1,0,1
1040728,39,1,1,0
2789368,39,1,1,0
2741248,39,1,0,1
625216,39,1,0,1
141640,39,1,0,1
1086624,39,1,1,0
5964024,39,1,1,0
1029376,39,1,0,1
2138736,39,1,1,0
3056616,39,1,1,0
7169752,39,1,0,1
55984,39,1,1,0
1585992,39,1,0,1
1140368,39,1,1,0
6163056,39,1,1,0
2547104,39,1,1,0
2478448,39,1,1,0
2574024,39,1,0,1
59952,39,1,1,0
1666552,39,1,1,0
1882264,39,1,0,1
1039512,39,1,1,0
1941200,39,1,1,0
425672,39,1,1,0
3102760,39,1,0,1
2205392,39,1,1,0
684240,39,1,1,0
413056,39,1,0,1
7913984,39,1,0,1
384416,39,1,1,0
2572592,39,1,1,0
1997088,39,1,1,0
435144,39,1,1,0
1426648,39,1,0,1
526440,39,1,1,0
3034256,39,1,1,0
732024,39,1,1,0
3291960,39,1,1,0
5776680,39,1,1,0
1584544,39,1,0,1
1325192,39,1,0,1
2161848,39,1,1,0
1501584,39,1,0,1
1056912,39,1,0,1
1575088,39,1,0,1
1455600,39,1,1,0
3361192,39,1,1,0
8299560,39,1,1,0
1720272,39,1,1,0
1521592,39,1,1,0
1001768,39,1,0,1
4422928,39,1,1,0
323832,39,1,0,1
1164624,39,1,1,0
3265760,39,1,1,0
1327232,39,1,0,1
2244008,39,1,0,1
789368,39,1,1,0
1116200,39,1,1,0
8293072,39,1,0,1
1654064,39,1,1,0
2103592,39,1,1,0
5842672,39,1,0,1
7168080,39,1,0,1
2133704,39,1,0,1
6417152,39,1,0,1
4454816,39,1,1,0
263176,39,1,1,0
1864768,39,1,1,0
5746368,39,1,1,0
2578840,39,1,0,1
6117576,39,1,0,1
5939848,39,1,1,0
1229064,39,1,1,0
6817816,39,1,0,1
7179680,39,1,1,0
6496656,39,1,0,1
5849592,39,1,1,0
1650824,39,1,1,0
5422904,39,1,1,0
3767600,39,1,0,1
1801080,39,1,0,1
5010840,39,1,1,0
1639536,39,1,1,0
8385776,39,1,0,1
1905760,39,1,0,1
644624,39,1,1,0
5429392,39,1,1,0
2549096,39,1,1,0
847128,39,1,1,0
1351600,39,1,0,1
548696,39,1,0,1
5192528,39,1,0,1
4882576,39,1,0,1
756736,39,1,0,1
6703552,39,1,1,0
1520144,39,1,0,1
3270304,39,1,1,0
1276728,39,1,0,1
8350032,39,1,1,0
673936,39,1,0,1
1294448,39,1,1,0
3410376,39,1,0,1
4491920,39,1,0,1
394200,39,1,0,1
1607032,39,1,1,0
269984,39,1,1,0
991224,39,1,0,1
2151280,39,1,1,0
1027736,39,1,0,1
3000624,39,1,1,0
716784,39,1,0,1
1895904,39,1,0,1
1287040,39,1,1,0
462488,39,1,1,0
7765968,39,1,0,1
448448,39,1,0,1
339384,39,1,1,0
1070664,39,1,0,1
1680984,39,1,1,0
1331352,39,1,0,1
4400408,39,1,0,1
817536,39,1,1,0
8059392,39,1,0,1
1698344,39,1,1,0
1477680,39,1,1,0
3203800,39,1,1,0
3625488,39,1,0,1
479184,39,1,0,1
2350656,39,1,1,0
8373672,39,1,1,0
624336,39,1,0,1
3645528,39,1,0,1
1869528,39,1,1,0
1448456,39,1,1,0
2351800,39,1,1,0
2070496,39,1,0,1
915544,39,1,1,0
258584,39,1,1,0
2470832,39,1,0,1
858504,39,1,0,1
1080872,39,1,0,1
453752,39,1,1,0
2633280,39,1,0,1
428840,39,1,0,1
4545944,39,1,0,1
623584,39,1,0,1
1239408,39,1,1,0
4134128,39,1,1,0
635120,39,1,1,0
1071936,39,1,1,0
1186616,39,1,0,1
629952,39,1,0,1
5303584,39,1,1,0
372656,39,1,1,0
5814024,39,1,1,0
514136,39,1,1,0
534864,39,1,0,1
193000,39,1,0,1
890600,39,1,1,0
1213304,39,1,0,1
5657392,39,1,0,1
278344,39,1,0,1
4664000,39,1,1,0
6021200,39,1,0,1
4192176,39,1,1,0
1951864,39,1,0,1
1144640,39,1,0,1
6259368,39,1,1,0
7417896,39,1,0,1
177216,39,1,1,0
263592,39,1,0,1
6301272,39,1,1,0
299960,39,1,0,1
2600784,39,1,0,1
1132488,39,1,1,0
3394048,39,1,0,1
1344880,39,1,1,0
277408,39,1,1,0
2373104,39,1,0,1
4199136,39,1,0,1
679568,39,1,1,0
3115936,39,1,1,0
1533168,39,1,0,1
7347904,39,1,1,0
7066904,39,1,1,0
276288,39,1,0,1
3417592,39,1,1,0
1252832,39,1,0,1
1402928,39,1,0,1
894120,39,1,1,0
632624,39,1,1,0
1468040,39,1,1,0
2941936,39,1,0,1
4740336,39,1,0,1
1616720,39,1,1,0
506080,39,1,0,1
541552,39,1,0,1
3224008,39,1,1,0
2468896,39,1,1,0
7629648,39,1,1,0
8132096,39,1,0,1
3335608,39,1,0,1
126704,39,1,0,1
4451112,39,1,1,0
2991816,39,1,0,1
2236728,39,1,0,1
2367368,39,1,1,0
5628120,39,1,1,0
263608,39,1,0,1
1841208,39,1,0,1
497080,39,1,0,1
865672,39,1,0,1
795216,39,1,0,1
6214272,39,1,1,0
1414656,39,1,1,0
2314928,39,1,0,1
3364448,39,1,0,1
3634808,39,1,1,0
6590168,39,1,1,0
1225424,39,1,1,0
6885048,39,1,0,1
5713808,39,1,1,0
208600,39,1,0,1
392408,39,1,0,1
6467568,39,1,0,1
3341920,39,1,1,0
2817872,39,1,0,1
4756680,39,1,1,0
859656,39,1,0,1
985216,39,1,1,0
2547480,39,1,0,1
876208,39,1,0,1
7195336,39,1,0,1
707176,39,1,0,1
5972848,39,1,0,1
6010872,39,1,1,0
7702392,39,1,0,1
6594616,39,1,0,1
442888,39,1,0,1
7547088,39,1,0,1
3285696,39,1,1,0
316040,39,1,1,0
6336664,39,1,1,0
7645760,39,1,1,0
554752,39,1,0,1
3657880,39,1,1,0
7773400,39,1,0,1
5428760,39,1,0,1
556272,39,1,0,1
3225520,39,1,1,0
2540864,39,1,0,1
265704,39,1,0,1
1104088,39,1,1,0
467376,39,1,1,0
2093024,39,1,1,0
2635576,39,1,0,1
4662864,39,1,1,0
5991264,39,1,1,0
6155448,39,1,0,1
3171400,39,1,0,1
755336,39,1,1,0
895056,39,1,1,0
192912,39,1,1,0
2859832,39,1,0,1
407312,39,1,0,1
693664,39,1,0,1
401760,39,1,0,1
681056,39,1,1,0
7594760,39,1,0,1
3344000,39,1,1,0
1320720,39,1,1,0
6042032,39,1,1,0
3940032,39,1,0,1
785808,39,1,0,1
1117072,39,1,1,0
468840,39,1,1,0
7010952,39,1,0,1
712096,39,1,1,0
4887184,39,1,0,1
697416,39,1,0,1
7732928,39,1,0,1
786528,39,1,0,1
376088,39,1,1,0
393584,39,1,1,0
279720,39,1,0,1
3559896,39,1,0,1
242688,39,1,1,0
4604512,39,1,0,1
3415088,39,1,0,1
6178032,39,1,1,0
344624,39,1,1,0
3643648,39,1,0,1
853592,39,1,0,1
4354872,39,1,1,0
1705088,39,1,1,0
790816,39,1,1,0
1001008,39,1,0,1
1505928,39,1,1,0
3139336,39,1,1,0
302816,39,1,1,0
1032824,39,1,0,1
7125672,39,1,1,0
1503944,39,1,0,1
1437504,39,1,1,0
5969616,39,1,1,0
1038480,39,1,1,0
885008,39,1,1,0
390376,39,1,0,1
2770240,39,1,1,0
3629152,39,1,1,0
2847584,39,1,0,1
5211864,39,1,1,0
139776,39,1,1,0
3591536,39,1,1,0
302024,39,1,1,0
7681216,39,1,0,1
1027760,39,1,1,0
8301360,39,1,1,0
6703744,39,1,1,0
3744152,39,1,0,1
1847048,39,1,0,1
8376416,39,1,1,0
401784,39,1,1,0
6467120,39,1,1,0
5307888,39,1,0,1
3840984,39,1,0,1
189016,39,1,1,0
2794560,39,1,0,1
3979032,39,1,1,0
1602512,39,1,0,1
955392,39,1,0,1
1365056,39,1,1,0
339496,39,1,1,0
3835552,39,1,0,1
5146184,39,1,1,0
1066640,39,1,1,0
8301840,39,1,0,1
4412032,39,1,0,1
7090856,39,1,0,1
3686512,39,1,0,1
3209584,39,1,0,1
1643328,39,1,1,0
781904,39,1,1,0
3523648,39,1,1,0
877616,39,1,0,1
6264520,39,1,0,1
415864,39,1,0,1
3416192,39,1,0,1
3511200,39,1,0,1
478328,39,1,1,0
1588792,39,1,1,0
3253280,39,1,0,1
2104920,39,1,0,1
1350032,39,1,0,1
4993016,39,1,0,1
2016656,39,1,0,1
7535240,39,1,0,1
993848,39,1,1,0
8032512,39,1,1,0
4266952,39,1,0,1
137472,39,1,1,0
3009176,39,1,0,1
3105368,39,1,1,0
5271480,39,1,1,0
2215032,39,1,1,0
3195816,39,1,0,1
7825704,39,1,0,1
722584,39,1,1,0
5995016,39,1,1,0
4781624,39,1,0,1
3811768,39,1,1,0
794240,39,1,0,1
6980120,39,1,1,0
1217328,39,1,0,1
3125208,39,1,0,1
464512,39,1,1,0
3812576,39,1,0,1
2416376,39,1,1,0
1006016,39,1,0,1
1952744,39,1,0,1
963272,39,1,1,0
182840,39,1,0,1
1383376,39,1,1,0
1011520,39,1,1,0
5604032,39,1,1,0
5091400,39,1,1,0
1036824,39,1,0,1
3302888,39,1,0,1
1396040,39,1,0,1
3083656,39,1,1,0
4848912,39,1,1,0
1098232,39,1,0,1
3576560,39,1,1,0
6089008,39,1,0,1
399832,39,1,1,0
6242560,39,1,1,0
2778824,39,1,1,0
8131568,39,1,1,0
1912576,39,1,0,1
3537088,39,1,1,0
2924968,39,1,0,1
5441400,39,1,0,1
785376,39,1,0,1
781152,39,1,0,1
3723880,39,1,1,0
8048040,39,1,1,0
7275008,39,1,1,0
3541864,39,1,0,1
1543904,39,1,0,1
7854304,39,1,0,1
1388456,39,1,1,0
163104,39,1,1,0
123192,39,1,1,0
7363368,39,1,1,0
1921400,39,1,1,0
585440,39,1,0,1
2312272,39,1,1,0
317040,39,1,0,1
1208496,39,1,1,0
3712936,39,1,1,0
987712,39,1,0,1
2482192,39,1,1,0
2131656,39,1,1,0
6645632,39,1,0,1
6798144,39,1,1,0
1898424,39,1,1,0
1109576,39,1,1,0
8150240,39,1,0,1
1347304,39,1,1,0
6153528,39,1,1,0
1994568,39,1,0,1
3078048,39,1,0,1
5366528,39,1,0,1
424952,39,1,1,0
3042840,39,1,0,1
3422784,39,1,0,1
5905808,39,1,1,0
7826984,39,1,1,0
1826872,39,1,0,1
166248,39,1,1,0
3997664,39,1,0,1
6172088,39,1,0,1
4760344,39,1,1,0
2439392,39,1,0,1
151392,39,1,1,0
4356368,39,1,1,0
4323160,39,1,0,1
5421608,39,1,0,1
5842416,39,1,1,0
1582272,39,1,0,1
860576,39,1,0,1
1676408,39,1,0,1
923608,39,1,0,1
194216,39,1,1,0
1278096,39,1,1,0
1717848,39,1,0,1
4833624,39,1,1,0
1690072,39,1,0,1
562872,39,1,0,1
4320360,39,1,1,0
1668744,39,1,0,1
2995376,39,1,1,0
715632,39,1,0,1
8090040,39,1,1,0
3797168,39,1,0,1
141632,39,1,1,0
3555192,39,1,0,1
1070536,39,1,1,0
3711504,39,1,1,0
725776,39,1,1,0
2774512,39,1,1,0
975640,39,1,0,1
5139776,39,1,1,0
419952,39,1,1,0
217728,39,1,1,0
1108408,39,1,0,1
670760,39,1,1,0
5279912,39,1,1,0
46424,39,1,0,1
1706720,39,1,1,0
870616,39,1,1,0
1738096,39,1,1,0
3801176,39,1,0,1
4998832,39,1,1,0
931976,39,1,1,0
6510376,39,1,1,0
5308280,39,1,1,0
2901736,39,1,0,1
261448,39,1,1,0
706656,39,1,0,1
2928160,39,1,1,0
3986640,39,1,0,1
4140744,39,1,1,0
4121136,39,1,1,0
5175832,39,1,0,1
4345368,39,1,0,1
6521160,39,1,0,1
1928016,39,1,0,1
4986312,39,1,0,1
233304,39,1,1,0
869640,39,1,1,0
2962320,39,1,0,1
4780200,39,1,0,1
7985160,39,1,1,0
3319064,39,1,1,0
1036048,39,1,0,1
5906200,39,1,0,1
494632,39,1,1,0
1641816,39,1,0,1
1576448,39,1,0,1
5820312,39,1,1,0
4432512,39,1,0,1
882328,39,1,0,1
4418064,39,1,1,0
3341136,39,1,1,0
5110424,39,1,1,0
1528504,39,1,1,0
3125328,39,1,0,1
955312,39,1,0,1
1111696,39,1,1,0
1826976,39,1,1,0
2597432,39,1,1,0
3148568,39,1,1,0
221024,39,1,0,1
623248,39,1,0,1
530552,39,1,1,0
4372672,39,1,1,0
1493784,39,1,1,0
6377456,39,1,0,1
1003968,39,1,0,1
6859296,39,1,1,0
493504,39,1,1,0
2049568,39,1,0,1
468272,39,1,1,0
1271184,39,1,0,1
527336,39,1,0,1
76512,39,1,1,0
592352,39,1,1,0
196656,39,1,1,0
2872384,39,1,0,1
110040,39,1,1,0
1577624,39,1,1,0
6690104,39,1,0,1
5820616,39,1,0,1
633000,39,1,1,0
616160,39,1,0,1
1564176,39,1,0,1
1532712,39,1,1,0
1630112,39,1,1,0
598520,39,1,0,1
1516920,39,1,0,1
5399472,39,1,1,0
7739144,39,1,0,1
8074736,39,1,0,1
1337048,39,1,0,1
1887152,39,1,0,1
3418016,39,1,0,1
3548624,39,1,1,0
2461640,39,1,0,1
1178080,39,1,1,0
249936,39,1,1,0
2255152,39,1,0,1
3319792,39,1,1,0
4551680,39,1,1,0
6635792,39,1,1,0
7225688,39,1,0,1
2024680,39,1,0,1
5989008,39,1,0,1
7779504,39,1,1,0
2099480,39,1,1,0
706600,39,1,0,1
6778592,39,1,1,0
4160072,39,1,0,1
3753832,39,1,0,1
3969672,39,1,1,0
3579168,39,1,1,0
8152520,39,1,1,0
4608384,39,1,0,1
331168,39,1,0,1
5253864,39,1,1,0
1386320,39,1,1,0
176960,39,1,1,0
145168,39,1,1,0
7037360,39,1,1,0
861680,39,1,0,1
5119088,39,1,1,0
3412656,39,1,1,0
8054896,39,1,0,1
4568872,39,1,0,1
3052472,39,1,1,0
6933600,39,1,0,1
5162192,39,1,0,1
4750056,39,1,1,0
1484856,39,1,1,0
3310800,39,1,0,1
3783712,39,1,1,0
1728040,39,1,1,0
6913608,39,1,0,1
6079280,39,1,1,0
3561432,39,1,0,1
4213896,39,1,1,0
2065336,39,1,0,1
7569744,39,1,0,1
2588376,39,1,1,0
265096,39,1,0,1
595136,39,1,0,1
1143560,39,1,0,1
5821400,39,1,1,0
3064104,39,1,1,0
3293672,39,1,0,1
3357552,39,1,0,1
1923160,39,1,1,0
4081504,39,1,1,0
4061176,39,1,0,1
1319408,39,1,1,0
4556648,39,1,1,0
3170560,39,1,1,0
675984,39,1,0,1
192952,39,1,1,0
1442920,39,1,1,0
5532640,39,1,0,1
707664,39,1,0,1
8109656,39,1,0,1
1377432,39,1,1,0
7340416,39,1,0,1
7672368,39,1,1,0
1938752,39,1,1,0
2729560,39,1,0,1
1332496,39,1,0,1
1118256,39,1,1,0
4033648,39,1,1,0
3754320,39,1,1,0
1618472,39,1,0,1
1178104,39,1,1,0
1054976,39,1,0,1
5541848,39,1,1,0
272248,39,1,1,0
2048656,39,1,0,1
4475576,39,1,1,0
1558832,39,1,1,0
1367584,39,1,1,0
1125720,39,1,0,1
6617440,39,1,0,1
6973304,39,1,1,0
5579384,39,1,0,1
1129240,39,1,0,1
2947840,39,1,0,1
3234136,39,1,1,0
620280,39,1,1,0
426176,39,1,1,0
2132376,39,1,1,0
7353872,39,1,1,0
7876568,39,1,0,1
2569296,39,1,1,0
787184,39,1,0,1
904904,39,1,0,1
6739136,39,1,1,0
7127232,39,1,0,1
2346408,39,1,1,0
188784,39,1,0,1
1198272,39,1,1,0
5642752,39,1,0,1
1813808,39,1,0,1
5879000,39,1,0,1
7218864,39,1,1,0
862680,39,1,0,1
150848,39,1,1,0
5611488,39,1,1,0
2466112,39,1,0,1
1167360,39,1,0,1
771512,39,1,1,0
2921712,39,1,1,0
2021816,39,1,1,0
2799480,39,1,1,0
2098392,39,1,0,1
2729216,39,1,0,1
3131920,39,1,1,0
4032776,39,1,0,1
393984,39,1,1,0
458720,39,1,0,1
1212696,39,1,1,0
3754376,39,1,0,1
2077536,39,1,0,1
3955296,39,1,0,1
2785000,39,1,0,1
6565136,39,1,0,1
2487456,39,1,1,0
743632,39,1,1,0
732800,39,1,1,0
4261152,39,1,0,1
4077624,39,1,0,1
682272,39,1,0,1
3082272,39,1,1,0
970632,39,1,0,1
4706456,39,1,1,0
8121560,39,1,0,1
438040,39,1,0,1
917344,39,1,0,1
2327920,39,1,0,1
1209696,39,1,1,0
7862352,39,1,0,1
209272,39,1,1,0
7117504,39,1,1,0
3379984,39,1,0,1
201424,39,1,1,0
2625888,39,1,1,0
8012696,39,1,0,1
393928,39,1,0,1
7731776,39,1,0,1
4033760,39,1,1,0
908296,39,1,0,1
559400,39,1,0,1
822248,39,1,0,1
2679208,39,1,0,1
450000,39,1,1,0
4329736,39,1,0,1
1681120,39,1,1,0
2508808,39,1,1,0
3512144,39,1,0,1
7377504,39,1,0,1
1350392,39,1,0,1
645144,39,1,1,0
1120248,39,1,0,1
5250768,39,1,0,1
3014920,39,1,1,0
1453248,39,1,1,0
820496,39,1,1,0
7185032,39,1,0,1
1790624,39,1,0,1
1749464,39,1,0,1
1182456,39,1,0,1
358024,39,1,0,1
923144,39,1,0,1
4499928,39,1,1,0
1474768,39,1,0,1
4789528,39,1,1,0
5526712,39,1,0,1
7994168,39,1,0,1
111616,39,1,0,1
1812368,39,1,0,1
4105048,39,1,1,0
1492808,39,1,0,1
3657840,39,1,1,0
3125360,39,1,1,0
4080680,39,1,0,1
1094800,39,1,0,1
2602312,39,1,0,1
555544,39,1,1,0
1168432,39,1,0,1
1952400,39,1,0,1
302568,39,1,1,0
149520,39,1,1,0
8353928,39,1,1,0
6488520,39,1,0,1
5023920,39,1,1,0
265392,39,1,0,1
4193872,39,1,0,1
1462904,39,1,1,0
667752,39,1,1,0
2300408,39,1,0,1
2361552,39,1,1,0
6545800,39,1,0,1
865224,39,1,1,0
3688008,39,1,0,1
7510824,39,1,1,0
7561248,39,1,0,1
594352,39,1,1,0
175272,39,1,0,1
196584,39,1,0,1
372192,39,1,1,0
1900168,39,1,1,0
543696,39,1,0,1
2738536,39,1,1,0
6029272,39,1,1,0
798136,39,1,1,0
381920,39,1,1,0
2207056,39,1,0,1
4359328,39,1,0,1
1673832,39,1,1,0
1653576,39,1,1,0
126544,39,1,1,0
8221624,39,1,1,0
1063232,39,1,0,1
5944040,39,1,1,0
7194856,39,1,0,1
5449240,39,1,1,0
392680,39,1,0,1
5091600,39,1,0,1
7179176,39,1,1,0
3218480,39,1,0,1
2257240,39,1,1,0
2100944,39,1,1,0
6049008,39,1,0,1
4036520,39,1,0,1
1881952,39,1,0,1
5003264,39,1,1,0
2616408,39,1,1,0
752360,39,1,0,1
2796120,39,1,1,0
4073152,39,1,0,1
1573968,39,1,0,1
6766368,39,1,0,1
1760040,39,1,1,0
1549576,39,1,1,0
1313504,39,1,1,0
2016280,39,1,0,1
407872,39,1,1,0
5705920,39,1,0,1
3668496,39,1,0,1
1145024,39,1,0,1
3189912,39,1,1,0
1130272,39,1,0,1
3109704,39,1,0,1
4422808,39,1,1,0
741304,39,1,0,1
7634128,39,1,1,0
1846536,39,1,1,0
6501384,39,1,0,1
3141344,39,1,1,0
210848,39,1,0,1
3278728,39,1,0,1
1979160,39,1,1,0
1925128,39,1,0,1
624552,39,1,0,1
591064,39,1,0,1
3734984,39,1,0,1
1291864,39,1,1,0
2751944,39,1,1,0
3612592,39,1,0,1
6167096,39,1,0,1
4669240,39,1,0,1
3202928,39,1,1,0
3325600,39,1,0,1
1268568,39,1,1,0
5004920,39,1,0,1
758576,39,1,1,0
3635464,39,1,1,0
2315168,39,1,0,1
7434232,39,1,0,1
7847616,39,1,0,1
659248,39,1,1,0
426392,39,1,1,0
554992,39,1,0,1
2005160,39,1,0,1
343456,39,1,1,0
1479752,39,1,1,0
3080960,39,1,0,1
781712,39,1,1,0
536040,39,1,0,1
3772320,39,1,0,1
4559472,39,1,1,0
3165616,39,1,0,1
5303944,39,1,0,1
5342392,39,1,0,1
2185416,39,1,1,0
5570888,39,1,0,1
5374064,39,1,1,0
3467752,39,1,0,1
897808,39,1,0,1
5620280,39,1,0,1
483728,39,1,1,0
1025352,39,1,0,1
598816,39,1,0,1
1186064,39,1,1,0
7832864,39,1,1,0
2335824,39,1,1,0
4162832,39,1,0,1
5570744,39,1,1,0
2244688,39,1,1,0
1549160,39,1,1,0
6954568,39,1,0,1
730320,39,1,1,0
502232,39,1,1,0
1990912,39,1,0,1
1829200,39,1,0,1
4645736,39,1,1,0
7065728,39,1,0,1
4262656,39,1,1,0
3954184,39,1,0,1
4796144,39,1,0,1
380616,39,1,0,1
2039080,39,1,0,1
6776352,39,1,1,0
2330776,39,1,1,0
1737568,39,1,0,1
714144,39,1,1,0
443536,39,1,1,0
1900984,39,1,1,0
276832,39,1,1,0
3984344,39,1,1,0
4067200,39,1,1,0
2579104,39,1,1,0
1470584,39,1,0,1
6773512,39,1,1,0
1602448,39,1,1,0
5153440,39,1,1,0
2339848,39,1,1,0
897528,39,1,0,1
566064,39,1,0,1
4496120,39,1,1,0
6283944,39,1,1,0
2285920,39,1,1,0
1202128,39,1,1,0
552440,39,1,1,0
494472,39,1,0,1
1173512,39,1,1,0
932576,39,1,0,1
2713992,39,1,1,0
1629120,39,1,1,0
2038944,39,1,0,1
5325072,39,1,0,1
2299216,39,1,1,0
1472664,39,1,0,1
2609648,39,1,1,0
2213208,39,1,0,1
3784856,39,1,1,0
1755712,39,1,1,0
457112,39,1,1,0
976680,39,1,1,0
7749536,39,1,0,1
4356344,39,1,0,1
2805120,39,1,1,0
7561960,39,1,0,1
6620776,39,1,0,1
346048,39,1,1,0
3949328,39,1,1,0
2030288,39,1,1,0
2701600,39,1,1,0
3481352,39,1,0,1
111032,39,1,1,0
2339656,39,1,1,0
1294760,39,1,0,1
2785528,39,1,0,1
268272,39,1,0,1
927064,39,1,0,1
8206328,39,1,1,0
7488880,39,1,0,1
1167384,39,1,0,1
1546744,39,1,1,0
5040448,39,1,1,0
1525568,39,1,1,0
1127280,39,1,0,1
3148112,39,1,1,0
3421976,39,1,0,1
4348600,39,1,0,1
882536,39,1,1,0
7863936,39,1,1,0
1391800,39,1,0,1
1354696,39,1,1,0
6412504,39,1,1,0
640504,39,1,1,0
2054912,39,1,1,0
582920,39,1,1,0
8233424,39,1,1,0
280320,39,1,1,0
1286288,39,1,1,0
1103656,39,1,0,1
434192,39,1,1,0
988344,39,1,1,0
4708360,39,1,0,1
1740432,39,1,1,0
729160,39,1,1,0
1491000,39,1,0,1
469800,39,1,0,1
322024,39,1,1,0
3957104,39,1,0,1
5461760,39,1,1,0
4974272,39,1,0,1
2331216,39,1,0,1
3634040,39,1,1,0
1551496,39,1,0,1
5414992,39,1,1,0
3667976,39,1,0,1
403776,39,1,1,0
2258912,39,1,1,0
4672968,39,1,1,0
5617176,39,1,1,0
7933312,39,1,0,1
7987120,39,1,1,0
5590584,39,1,1,0
2131560,39,1,0,1
1057216,39,1,1,0
727792,39,1,1,0
1695776,39,1,1,0
3118080,39,1,1,0
3629016,39,1,1,0
2891640,39,1,0,1
4265184,39,1,1,0
5437176,39,1,0,1
1863920,39,1,1,0
362536,39,1,1,0
1946464,39,1,1,0
1057296,39,1,1,0
3823232,39,1,1,0
1274152,39,1,0,1
5061864,39,1,0,1
948448,39,1,0,1
3311472,39,1,1,0
3011112,39,1,0,1
3853920,39,1,0,1
4852984,39,1,1,0
7854736,39,1,1,0
1098976,39,1,1,0
4781440,39,1,1,0
3389392,39,1,1,0
3050792,39,1,1,0
594104,39,1,0,1
1256736,39,1,1,0
4088536,39,1,1,0
5510656,40,1,0,1
3064096,40,1,0,1
5671784,40,1,0,1
7495384,40,1,0,1
5143240,40,1,1,0
2061624,40,1,0,1
1626912,40,1,1,0
4204080,40,1,0,1
1741688,40,1,0,1
2803624,40,1,1,0
2358416,40,1,0,1
1938304,40,1,1,0
954664,40,1,0,1
1542392,40,1,0,1
1274520,40,1,1,0
332648,40,1,0,1
932568,40,1,1,0
625776,40,1,1,0
2262584,40,1,0,1
3863520,40,1,1,0
2199216,40,1,1,0
830808,40,1,1,0
6709008,40,1,0,1
2252072,40,1,0,1
867280,40,1,1,0
3653416,40,1,1,0
392464,40,1,0,1
1950176,40,1,0,1
625824,40,1,1,0
1247232,40,1,1,0
2261712,40,1,1,0
4239008,40,1,0,1
448432,40,1,0,1
4853424,40,1,1,0
5288160,40,1,1,0
7893928,40,1,0,1
1828056,40,1,1,0
632032,40,1,1,0
2436216,40,1,0,1
399488,40,1,0,1
600832,40,1,1,0
302432,40,1,1,0
7495520,40,1,0,1
5506368,40,1,1,0
2478048,40,1,0,1
2187280,40,1,1,0
749696,40,1,1,0
5855192,40,1,0,1
1743312,40,1,0,1
2476712,40,1,0,1
2243816,40,1,0,1
1899224,40,1,1,0
2061288,40,1,0,1
622752,40,1,0,1
429864,40,1,0,1
4740496,40,1,0,1
1891232,40,1,1,0
1068768,40,1,1,0
6464256,40,1,0,1
4416592,40,1,0,1
877816,40,1,0,1
5464728,40,1,1,0
199224,40,1,0,1
1379552,40,1,1,0
4832176,40,1,0,1
1049808,40,1,0,1
5383272,40,1,0,1
7099592,40,1,1,0
4594736,40,1,1,0
1006384,40,1,0,1
1648992,40,1,1,0
4876584,40,1,1,0
3572880,40,1,1,0
5017360,40,1,1,0
5565112,40,1,0,1
1209424,40,1,1,0
4925760,40,1,1,0
2079896,40,1,1,0
2287632,40,1,1,0
3088432,40,1,1,0
3410488,40,1,1,0
2562856,40,1,1,0
219080,40,1,0,1
8002968,40,1,1,0
3816472,40,1,1,0
897752,40,1,0,1
1052800,40,1,0,1
7330312,40,1,1,0
2931128,40,1,0,1
1230464,40,1,1,0
1735016,40,1,1,0
7471968,40,1,1,0
2469152,40,1,1,0
3023296,40,1,1,0
1636352,40,1,0,1
1111608,40,1,0,1
97328,40,1,1,0
2165288,40,1,0,1
7501176,40,1,0,1
2992416,40,1,0,1
542720,40,1,0,1
5176904,40,1,1,0
4323072,40,1,1,0
4947568,40,1,1,0
531352,40,1,0,1
583344,40,1,0,1
2861600,40,1,1,0
3550488,40,1,0,1
7642168,40,1,0,1
4626368,40,1,1,0
672272,40,1,1,0
3384168,40,1,0,1
2341696,40,1,1,0
232712,40,1,0,1
3537536,40,1,0,1
1627312,40,1,0,1
2512336,40,1,1,0
243312,40,1,1,0
1041120,40,1,0,1
1818152,40,1,0,1
201096,40,1,1,0
5181608,40,1,0,1
1432160,40,1,1,0
3971560,40,1,1,0
1055808,40,1,1,0
2226152,40,1,1,0
814408,40,1,1,0
1480008,40,1,1,0
3393688,40,1,1,0
6111584,40,1,0,1
2835144,40,1,0,1
627704,40,1,0,1
3700168,40,1,1,0
5668552,40,1,0,1
5693072,40,1,0,1
1450904,40,1,1,0
7676088,40,1,0,1
2869336,40,1,1,0
6221384,40,1,1,0
7746424,40,1,0,1
3376312,40,1,0,1
4033984,40,1,1,0
6936712,40,1,0,1
107544,40,1,0,1
8342712,40,1,1,0
2547344,40,1,1,0
495104,40,1,0,1
568264,40,1,0,1
3897360,40,1,0,1
3421232,40,1,1,0
6217344,40,1,1,0
1584296,40,1,0,1
277224,40,1,1,0
1102280,40,1,0,1
5174328,40,1,0,1
3492576,40,1,0,1
460648,40,1,0,1
6978336,40,1,1,0
1132432,40,1,0,1
196536,40,1,0,1
1226424,40,1,0,1
4072528,40,1,0,1
1042624,40,1,0,1
8249096,40,1,0,1
1074688,40,1,1,0
557504,40,1,0,1
2354552,40,1,1,0
665664,40,1,1,0
7805456,40,1,1,0
7710352,40,1,0,1
338120,40,1,0,1
1881800,40,1,1,0
345904,40,1,1,0
5398952,40,1,0,1
4674616,40,1,1,0
1675960,40,1,1,0
6730768,40,1,0,1
6701744,40,1,0,1
6149736,40,1,1,0
2613760,40,1,0,1
1033624,40,1,1,0
4441832,40,1,0,1
4193960,40,1,0,1
854152,40,1,0,1
4877040,40,1,1,0
1766536,40,1,0,1
2335440,40,1,0,1
5636440,40,1,1,0
6527216,40,1,1,0
5353264,40,1,0,1
1267392,40,1,0,1
2171128,40,1,1,0
4386216,40,1,1,0
4287104,40,1,1,0
777560,40,1,1,0
6329736,40,1,0,1
3467504,40,1,1,0
4199920,40,1,1,0
1679864,40,1,1,0
3614144,40,1,1,0
6676752,40,1,0,1
3579608,40,1,1,0
4636768,40,1,0,1
2766840,40,1,1,0
5223208,40,1,0,1
7427256,40,1,0,1
1360008,40,1,0,1
570616,40,1,1,0
3917040,40,1,0,1
6729392,40,1,0,1
1989800,40,1,0,1
724456,40,1,0,1
2672232,40,1,0,1
3766664,40,1,0,1
1783752,40,1,1,0
1850488,40,1,1,0
2790616,40,1,1,0
6277824,40,1,0,1
1196008,40,1,0,1
6777584,40,1,1,0
1472968,40,1,1,0
1060728,40,1,1,0
3215632,40,1,0,1
1658416,40,1,0,1
321656,40,1,0,1
3497832,40,1,0,1
7833832,40,1,0,1
2868752,40,1,1,0
1375720,40,1,1,0
1078312,40,1,1,0
5896928,40,1,0,1
535264,40,1,1,0
5389768,40,1,0,1
2704544,40,1,1,0
3862528,40,1,0,1
3348648,40,1,1,0
1152096,40,1,0,1
4551176,40,1,0,1
791992,40,1,1,0
1705904,40,1,1,0
1652920,40,1,1,0
4006976,40,1,1,0
1966304,40,1,0,1
412232,40,1,0,1
3474400,40,1,0,1
630008,40,1,1,0
709320,40,1,0,1
4641744,40,1,0,1
1978280,40,1,1,0
290408,40,1,1,0
6140520,40,1,1,0
614264,40,1,0,1
2333816,40,1,1,0
1266152,40,1,0,1
4456944,40,1,0,1
6929848,40,1,1,0
4242768,40,1,0,1
2225672,40,1,1,0
349408,40,1,1,0
399232,40,1,0,1
4226784,40,1,1,0
1167576,40,1,1,0
5969904,40,1,1,0
477344,40,1,1,0
3587528,40,1,0,1
3389056,40,1,1,0
615104,40,1,0,1
1199336,40,1,1,0
243144,40,1,1,0
2141800,40,1,0,1
6131424,40,1,1,0
1258008,40,1,0,1
8373632,40,1,0,1
5674280,40,1,0,1
6986296,40,1,0,1
7185184,40,1,0,1
575896,40,1,1,0
4999104,40,1,1,0
6063144,40,1,1,0
600072,40,1,1,0
669960,40,1,0,1
5752936,40,1,1,0
3577384,40,1,1,0
989224,40,1,1,0
432888,40,1,0,1
877832,40,1,1,0
1490512,40,1,0,1
4467680,40,1,1,0
7318232,40,1,0,1
1846008,40,1,1,0
5189120,40,1,1,0
1626512,40,1,0,1
3351200,40,1,1,0
3589048,40,1,1,0
178032,40,1,0,1
2592560,40,1,0,1
2059184,40,1,1,0
181992,40,1,1,0
290808,40,1,1,0
2561224,40,1,0,1
1217776,40,1,1,0
2272344,40,1,1,0
2689488,40,1,0,1
285368,40,1,0,1
5668512,40,1,1,0
4803520,40,1,1,0
91488,40,1,0,1
2760624,40,1,0,1
744576,40,1,1,0
1018776,40,1,1,0
3460040,40,1,1,0
6197216,40,1,0,1
2289392,40,1,0,1
5170688,40,1,0,1
368528,40,1,1,0
4354664,40,1,1,0
655248,40,1,0,1
3655288,40,1,0,1
647344,40,1,1,0
2063656,40,1,0,1
2437368,40,1,1,0
1381864,40,1,0,1
6429632,40,1,0,1
1470112,40,1,1,0
5624808,40,1,1,0
2659224,40,1,0,1
1051760,40,1,1,0
2713600,40,1,0,1
6884824,40,1,1,0
1872040,40,1,0,1
2151592,40,1,1,0
1892480,40,1,1,0
1125832,40,1,1,0
5194568,40,1,1,0
1738768,40,1,0,1
6788384,40,1,1,0
997752,40,1,1,0
591976,40,1,0,1
6405928,40,1,0,1
1570168,40,1,0,1
2754608,40,1,0,1
5108976,40,1,1,0
4134480,40,1,1,0
1317648,40,1,0,1
7063560,40,1,1,0
6298000,40,1,1,0
4835448,40,1,1,0
1010800,40,1,0,1
827496,40,1,1,0
3791552,40,1,0,1
619160,40,1,0,1
7134120,40,1,0,1
1819648,40,1,1,0
2246200,40,1,1,0
467432,40,1,0,1
5221136,40,1,0,1
1798800,40,1,1,0
1236016,40,1,1,0
2237200,40,1,1,0
3506872,40,1,1,0
4027552,40,1,0,1
1134104,40,1,1,0
1387624,40,1,0,1
1692472,40,1,0,1
5126312,40,1,0,1
868784,40,1,0,1
8284880,40,1,1,0
267848,40,1,1,0
328088,40,1,0,1
1370752,40,1,1,0
976704,40,1,1,0
1120272,40,1,1,0
2028320,40,1,0,1
1642832,40,1,1,0
1251808,40,1,1,0
6207696,40,1,1,0
5165472,40,1,1,0
343216,40,1,1,0
6573200,40,1,0,1
5247888,40,1,0,1
289368,40,1,0,1
7420512,40,1,1,0
772864,40,1,0,1
2881008,40,1,0,1
3341640,40,1,0,1
427632,40,1,0,1
8257312,40,1,1,0
2059360,40,1,0,1
2246208,40,1,0,1
275064,40,1,0,1
6993336,40,1,1,0
943336,40,1,0,1
271864,40,1,0,1
6853072,40,1,0,1
1936712,40,1,1,0
4240184,40,1,0,1
1680344,40,1,0,1
1947520,40,1,0,1
4249256,40,1,0,1
4863056,40,1,1,0
1435840,40,1,1,0
262096,40,1,0,1
3877952,40,1,0,1
4272712,40,1,0,1
1234920,40,1,0,1
4642848,40,1,0,1
1216592,40,1,0,1
1512968,40,1,0,1
745048,40,1,1,0
427888,40,1,1,0
6965056,40,1,1,0
1355056,40,1,0,1
1483136,40,1,0,1
588632,40,1,0,1
6874520,40,1,1,0
539608,40,1,1,0
4012192,40,1,0,1
624976,40,1,0,1
1098592,40,1,0,1
4566584,40,1,1,0
362416,40,1,0,1
939120,40,1,1,0
3479784,40,1,0,1
4514656,40,1,1,0
1260896,40,1,1,0
7537912,40,1,1,0
1309272,40,1,1,0
958464,40,1,0,1
4777880,40,1,0,1
2318704,40,1,0,1
200952,40,1,1,0
815200,40,1,1,0
7534504,40,1,1,0
2650952,40,1,0,1
3328456,40,1,0,1
3776496,40,1,0,1
5496944,40,1,0,1
483360,40,1,0,1
6172632,40,1,0,1
7512640,40,1,1,0
4054600,40,1,1,0
1934512,40,1,1,0
7000592,40,1,0,1
159888,40,1,1,0
1538600,40,1,0,1
1454776,40,1,0,1
1387072,40,1,1,0
322864,40,1,1,0
476936,40,1,0,1
8155376,40,1,1,0
4197848,40,1,0,1
483816,40,1,0,1
3453832,40,1,1,0
2070824,40,1,1,0
2533256,40,1,1,0
2314168,40,1,0,1
2178408,40,1,0,1
5212088,40,1,0,1
479280,40,1,0,1
1327248,40,1,1,0
2243968,40,1,1,0
459536,40,1,0,1
6360784,40,1,1,0
1499152,40,1,1,0
6145080,40,1,0,1
2602400,40,1,0,1
3985464,40,1,1,0
1326880,40,1,1,0
6673944,40,1,0,1
1599040,40,1,0,1
830112,40,1,1,0
559664,40,1,0,1
826504,40,1,0,1
4181104,40,1,0,1
3246232,40,1,0,1
1387216,40,1,0,1
617520,40,1,1,0
1075416,40,1,1,0
1426096,40,1,1,0
1405216,40,1,0,1
7710480,40,1,0,1
622648,40,1,0,1
3434120,40,1,1,0
5119608,40,1,1,0
2082976,40,1,1,0
575944,40,1,1,0
626320,40,1,0,1
4753360,40,1,1,0
2845640,40,1,1,0
8201000,40,1,1,0
5803336,40,1,0,1
4115632,40,1,0,1
613960,40,1,0,1
3820464,40,1,0,1
1861864,40,1,1,0
4439712,40,1,1,0
7859408,40,1,0,1
917448,40,1,1,0
8181328,40,1,0,1
4394952,40,1,1,0
87344,40,1,0,1
649712,40,1,0,1
1402352,40,1,1,0
2414808,40,1,0,1
4749040,40,1,0,1
2059608,40,1,1,0
5200944,40,1,1,0
4964632,40,1,1,0
2636808,40,1,0,1
6631000,40,1,0,1
3402240,40,1,1,0
4089640,40,1,0,1
6726264,40,1,1,0
7553576,40,1,1,0
280840,40,1,1,0
1757168,40,1,0,1
4147720,40,1,1,0
3138008,40,1,0,1
817240,40,1,1,0
3402424,40,1,0,1
482544,40,1,1,0
4851152,40,1,0,1
2121608,40,1,0,1
2553208,40,1,0,1
6502432,40,1,1,0
5008560,40,1,0,1
288320,40,1,1,0
2972552,40,1,1,0
8374456,40,1,1,0
7773408,40,1,0,1
1383976,40,1,0,1
1174296,40,1,0,1
1434456,40,1,0,1
2664304,40,1,0,1
2407832,40,1,0,1
2150136,40,1,1,0
1218696,40,1,1,0
490624,40,1,1,0
3327912,40,1,1,0
6828304,40,1,1,0
253864,40,1,0,1
1436904,40,1,1,0
381264,40,1,1,0
1302192,40,1,0,1
1012120,40,1,1,0
399720,40,1,1,0
2347168,40,1,1,0
7768656,40,1,0,1
6517720,40,1,1,0
502240,40,1,1,0
1116336,40,1,0,1
6837520,40,1,0,1
157648,40,1,1,0
668656,40,1,0,1
4264968,40,1,0,1
636808,40,1,0,1
553512,40,1,0,1
3291968,40,1,1,0
4588192,40,1,1,0
858952,40,1,1,0
1793688,40,1,0,1
4270984,40,1,0,1
3470560,40,1,1,0
8037464,40,1,0,1
5338920,40,1,1,0
7954288,40,1,0,1
1235904,40,1,0,1
1597264,40,1,1,0
6259944,40,1,1,0
6337056,40,1,1,0
5878984,40,1,1,0
1344000,40,1,0,1
5293728,40,1,0,1
7429560,40,1,1,0
7732768,40,1,0,1
4536584,40,1,1,0
2542880,40,1,1,0
1712776,40,1,1,0
1009104,40,1,1,0
832128,40,1,0,1
4340080,40,1,1,0
2761440,40,1,1,0
1148864,40,1,0,1
2412368,40,1,0,1
861472,40,1,0,1
2462616,40,1,0,1
724736,40,1,1,0
4416576,40,1,1,0
7626376,40,1,1,0
7347472,40,1,1,0
5325248,40,1,0,1
3408808,40,1,0,1
6684328,40,1,0,1
2244720,40,1,1,0
6240760,40,1,0,1
1090712,40,1,1,0
1624984,40,1,1,0
4230720,40,1,1,0
2703808,40,1,0,1
155024,40,1,0,1
2084328,40,1,0,1
6633552,40,1,0,1
2722104,40,1,0,1
156464,40,1,1,0
3572704,40,1,1,0
3066216,40,1,0,1
545704,40,1,0,1
1913352,40,1,0,1
3616752,40,1,0,1
4087584,40,1,0,1
2016192,40,1,1,0
4771848,40,1,1,0
5098184,40,1,1,0
157240,40,1,0,1
1039064,40,1,1,0
461824,40,1,1,0
2657240,40,1,1,0
4282672,40,1,1,0
2239648,40,1,0,1
2663256,40,1,0,1
2681664,40,1,1,0
153744,40,1,1,0
695104,40,1,1,0
1159528,40,1,0,1
5994392,40,1,1,0
4617568,40,1,1,0
523024,40,1,1,0
1799840,40,1,1,0
1877080,40,1,0,1
3897688,40,1,1,0
4687472,40,1,1,0
5230656,40,1,1,0
4468504,40,1,0,1
2751408,40,1,0,1
1272824,40,1,0,1
145144,40,1,1,0
3510496,40,1,0,1
7591904,40,1,1,0
2964824,40,1,1,0
394008,40,1,1,0
498168,40,1,0,1
798112,40,1,1,0
645960,40,1,1,0
4634624,40,1,0,1
2591416,40,1,0,1
6873704,40,1,1,0
2654992,40,1,1,0
780536,40,1,0,1
5353016,40,1,0,1
1974664,40,1,1,0
3412496,40,1,1,0
2126848,40,1,1,0
1055784,40,1,0,1
2059832,40,1,1,0
5059608,40,1,1,0
4177448,40,1,1,0
2437296,40,1,0,1
2101312,40,1,1,0
675928,40,1,1,0
2141144,40,1,0,1
2478120,40,1,1,0
1167568,40,1,1,0
3291992,40,1,0,1
4186040,40,1,1,0
2696088,40,1,0,1
1281600,40,1,1,0
1924624,40,1,0,1
7209288,40,1,1,0
6116496,40,1,1,0
1139216,40,1,1,0
1808872,40,1,0,1
3737800,40,1,0,1
304600,40,1,1,0
1317744,40,1,1,0
401144,40,1,0,1
2985312,40,1,1,0
2045480,40,1,0,1
6968560,40,1,1,0
7285512,40,1,1,0
558792,40,1,0,1
5735984,40,1,1,0
4080584,40,1,0,1
3628104,40,1,1,0
7105472,40,1,0,1
484416,40,1,0,1
1214928,40,1,1,0
6964680,40,1,1,0
6604536,40,1,1,0
1587512,40,1,0,1
3812960,40,1,1,0
749936,40,1,1,0
2061568,40,1,0,1
447320,40,1,0,1
1511096,40,1,0,1
5451184,40,1,0,1
215952,40,1,0,1
490880,40,1,1,0
6179936,40,1,1,0
6517208,40,1,1,0
7096272,40,1,1,0
7408248,40,1,0,1
3963536,40,1,1,0
1052384,40,1,0,1
3926312,40,1,1,0
2789232,40,1,1,0
2319200,40,1,0,1
7250800,40,1,1,0
8352696,40,1,1,0
3310208,40,1,1,0
1411016,40,1,1,0
6900632,40,1,1,0
4762384,40,1,1,0
5627920,40,1,1,0
946720,40,1,0,1
447360,40,1,0,1
2837392,40,1,1,0
4629496,40,1,1,0
5038864,40,1,1,0
218064,40,1,0,1
962784,40,1,0,1
7436664,40,1,0,1
5016568,40,1,0,1
6451840,40,1,1,0
495272,40,1,1,0
8079288,40,1,0,1
1232568,40,1,1,0
1907912,40,1,1,0
2414584,40,1,0,1
1779208,40,1,0,1
1364944,40,1,0,1
3232008,40,1,1,0
7384160,40,1,1,0
4362632,40,1,0,1
1409672,40,1,0,1
669160,40,1,1,0
1160864,40,1,1,0
3099208,40,1,0,1
5363776,40,1,0,1
7085344,40,1,0,1
4055320,40,1,1,0
2026328,40,1,1,0
5277032,40,1,1,0
4340888,40,1,1,0
605664,40,1,0,1
7362472,40,1,0,1
2341760,40,1,1,0
740456,40,1,1,0
4277280,40,1,1,0
1287632,40,1,1,0
3494056,40,1,0,1
2527720,40,1,0,1
5682920,40,1,0,1
3301128,40,1,1,0
2496600,40,1,1,0
4760392,40,1,0,1
5622472,40,1,0,1
907104,40,1,0,1
1847952,40,1,0,1
5749904,40,1,0,1
4457904,40,1,1,0
3370856,40,1,1,0
6808904,40,1,1,0
318576,40,1,1,0
2142160,40,1,1,0
1406280,40,1,1,0
379904,40,1,1,0
7688944,40,1,1,0
1900576,40,1,1,0
4633056,40,1,1,0
8157928,40,1,0,1
1752336,40,1,0,1
1484616,40,1,0,1
6681592,40,1,0,1
812856,40,1,1,0
7542536,40,1,0,1
3520608,40,1,0,1
7278176,40,1,0,1
6626864,40,1,1,0
1436952,40,1,1,0
494824,40,1,1,0
3463904,40,1,0,1
3823536,40,1,1,0
2191168,40,1,0,1
956672,40,1,0,1
5951744,40,1,0,1
1625888,40,1,0,1
212144,40,1,1,0
3132920,40,1,1,0
3756456,40,1,1,0
2123848,40,1,1,0
1228848,40,1,1,0
6255160,40,1,0,1
4078808,40,1,1,0
1538728,40,1,1,0
3309424,40,1,0,1
1148000,40,1,0,1
7898008,40,1,1,0
5093320,40,1,1,0
3974912,40,1,1,0
3148704,40,1,0,1
493400,40,1,1,0
897008,40,1,1,0
852160,40,1,1,0
1107272,40,1,0,1
1938504,40,1,0,1
3749416,40,1,1,0
3696392,40,1,1,0
8376968,40,1,1,0
2589888,40,1,1,0
205008,40,1,1,0
310904,40,1,1,0
3213064,40,1,0,1
5360224,40,1,1,0
417584,40,1,0,1
1694392,40,1,1,0
1683440,40,1,1,0
4016312,40,1,1,0
4050544,40,1,1,0
891320,40,1,0,1
8169936,40,1,0,1
438280,40,1,1,0
4274448,40,1,0,1
1675344,40,1,0,1
1774288,40,1,0,1
5404992,40,1,0,1
2480632,40,1,1,0
5552936,40,1,1,0
4217232,40,1,1,0
6736392,40,1,0,1
1694568,40,1,1,0
441568,40,1,0,1
868312,40,1,0,1
2649352,40,1,0,1
1817736,40,1,0,1
278496,40,1,0,1
5562088,40,1,0,1
771248,40,1,1,0
696336,40,1,0,1
6161640,40,1,1,0
4665640,40,1,1,0
3216160,40,1,0,1
2540072,40,1,0,1
2351864,40,1,0,1
95032,40,1,0,1
2027880,40,1,0,1
837480,40,1,0,1
1135304,40,1,1,0
5280544,40,1,0,1
3465416,40,1,1,0
3879112,40,1,1,0
1483408,40,1,1,0
6991808,40,1,0,1
1331688,40,1,0,1
874832,40,1,1,0
795048,40,1,1,0
1605232,40,1,1,0
1171784,40,1,1,0
4822440,40,1,1,0
2094680,40,1,1,0
1004160,40,1,1,0
8156472,40,1,0,1
6408056,40,1,1,0
955680,40,1,1,0
1922432,40,1,0,1
953080,40,1,1,0
1359432,40,1,1,0
6610344,40,1,0,1
1234176,40,1,0,1
2391952,40,1,0,1
451992,40,1,1,0
1041584,40,1,1,0
6357392,40,1,1,0
2096432,40,1,0,1
548392,40,1,0,1
502560,40,1,1,0
934304,40,1,0,1
1000232,40,1,1,0
1897680,40,1,1,0
1166432,40,1,1,0
1975480,40,1,0,1
6681512,40,1,0,1
2030536,40,1,0,1
2386072,40,1,1,0
980984,40,1,0,1
2892232,40,1,1,0
1597744,40,1,0,1
2915592,40,1,1,0
6128264,40,1,0,1
6831880,40,1,0,1
6805720,40,1,0,1
1609616,40,1,1,0
303392,40,1,0,1
2301880,40,1,0,1
4640856,40,1,0,1
6446600,40,1,0,1
1817296,40,1,0,1
176824,40,1,0,1
4969512,40,1,1,0
261136,40,1,1,0
3417296,40,1,1,0
1750504,40,1,0,1
1855512,40,1,0,1
1201384,40,1,0,1
1486784,40,1,0,1
1623552,40,1,1,0
2751960,40,1,0,1
864576,40,1,1,0
4191888,40,1,1,0
7519600,40,1,0,1
4842984,40,1,0,1
1840024,40,1,0,1
812272,40,1,0,1
560496,40,1,0,1
3665512,40,1,0,1
1937240,40,1,1,0
3074248,40,1,1,0
3505920,40,1,0,1
503040,40,1,0,1
320312,40,1,0,1
1406784,40,1,0,1
2298680,40,1,1,0
3031280,40,1,1,0
351864,40,1,0,1
2761592,40,1,0,1
8377640,40,1,1,0
391016,40,1,1,0
1264168,40,1,0,1
2065544,40,1,0,1
2522128,40,1,1,0
5407632,40,1,1,0
5623728,40,1,1,0
1067272,40,1,0,1
2648464,40,1,0,1
4364824,40,1,0,1
4483024,40,1,0,1
6343304,40,1,0,1
706608,40,1,0,1
4269184,40,1,0,1
3023128,40,1,0,1
224392,40,1,1,0
356368,40,1,1,0
1000144,40,1,1,0
1641824,40,1,1,0
4572984,40,1,0,1
437120,40,1,1,0
777920,40,1,0,1
8043912,40,1,1,0
1365680,40,1,1,0
5459824,40,1,1,0
1605392,40,1,1,0
2252176,40,1,0,1
832688,40,1,1,0
4415776,40,1,1,0
4354848,40,1,1,0
6320608,40,1,0,1
2231144,40,1,1,0
3421688,40,1,0,1
183616,40,1,1,0
1519432,40,1,1,0
5441536,40,1,1,0
936584,40,1,1,0
6650856,40,1,1,0
2009768,40,1,1,0
1298048,40,1,1,0
1003440,40,1,1,0
2850448,40,1,0,1
2820272,40,1,1,0
3116672,40,1,0,1
6954232,40,1,1,0
1379024,40,1,0,1
1311240,40,1,0,1
2400080,40,1,1,0
1474664,40,1,0,1
1882000,40,1,1,0
7926024,40,1,0,1
3631592,40,1,0,1
3055808,40,1,1,0
7898152,40,1,1,0
264608,40,1,1,0
264144,40,1,0,1
339712,40,1,1,0
2399440,40,1,1,0
3578328,40,1,0,1
2435480,40,1,1,0
969504,40,1,1,0
5855664,40,1,1,0
2818432,40,1,0,1
2732784,40,1,1,0
2441240,40,1,0,1
7857624,40,1,0,1
464840,40,1,0,1
5680784,40,1,0,1
3701520,40,1,1,0
995056,40,1,0,1
177032,40,1,1,0
7403920,40,1,1,0
3909032,40,1,0,1
4875504,40,1,1,0
7966288,40,1,1,0
205456,40,1,1,0
200312,40,1,1,0
1178744,40,1,1,0
1656224,40,1,0,1
5764928,40,1,0,1
1842064,40,1,1,0
923416,40,1,1,0
604576,40,1,0,1
2362304,40,1,0,1
647408,40,1,0,1
394520,40,1,1,0
3440616,40,1,0,1
379464,40,1,0,1
898760,40,1,1,0
1486856,40,1,0,1
5653584,40,1,1,0
3387984,40,1,1,0
2245064,40,1,1,0
5854088,40,1,0,1
1191672,40,1,1,0
1621504,40,1,0,1
7120264,40,1,0,1
6476784,40,1,0,1
3336552,40,1,0,1
7624752,40,1,1,0
2394112,40,1,0,1
2622048,40,1,0,1
410968,40,1,0,1
1597272,40,1,0,1
4236088,40,1,0,1
1200248,40,1,1,0
526904,40,1,1,0
6931952,40,1,1,0
922112,40,1,0,1
1873832,40,1,0,1
893560,40,1,1,0
5054744,40,1,1,0
8009848,40,1,1,0
5576080,40,1,0,1
6954224,40,1,1,0
7224520,40,1,1,0
5978048,40,1,1,0
1785280,40,1,0,1
687808,40,1,0,1
2089432,40,1,0,1
3500424,40,1,0,1
5767392,40,1,1,0
8199112,40,1,1,0
1998760,40,1,1,0
601208,40,1,0,1
6435112,40,1,1,0
854344,40,1,1,0
6948352,40,1,0,1
2057328,40,1,0,1
7602360,40,1,1,0
1665128,40,1,1,0
491624,40,1,1,0
2006480,40,1,0,1
748392,40,1,0,1
571096,40,1,1,0
1985712,40,1,0,1
7390520,40,1,1,0
144080,40,1,0,1
5946136,40,1,0,1
7414864,40,1,1,0
209816,40,1,1,0
205176,40,1,1,0
5078008,40,1,1,0
848624,40,1,0,1
3220928,40,1,0,1
1515568,40,1,0,1
1783624,40,1,1,0
2405608,40,1,1,0
1194952,40,1,0,1
4502744,40,1,0,1
5594576,40,1,0,1
6525832,40,1,1,0
6709720,40,1,0,1
401800,40,1,1,0
1712888,40,1,0,1
3879416,40,1,0,1
223968,40,1,1,0
270288,40,1,1,0
1734488,40,1,1,0
406144,40,1,0,1
1890952,40,1,1,0
4103144,40,1,0,1
2208680,40,1,1,0
6886872,40,1,1,0
3149624,40,1,0,1
273400,40,1,1,0
6113144,40,1,1,0
498048,40,1,1,0
8370304,40,1,0,1
528792,40,1,1,0
3561128,40,1,0,1
552984,40,1,1,0
1909672,40,1,0,1
3043976,40,1,1,0
915200,40,1,1,0
3530584,40,1,1,0
1484504,40,1,1,0
6043728,40,1,0,1
1562856,40,1,0,1
1256752,40,1,0,1
400368,40,1,0,1
3589544,40,1,0,1
2781184,40,1,0,1
7791832,40,1,1,0
1118144,40,1,1,0
2309208,40,1,0,1
789320,40,1,0,1
486288,40,1,1,0
1793408,40,1,0,1
8277312,40,1,0,1
114376,40,1,1,0
2602824,40,1,0,1
7120808,40,1,0,1
1238936,40,1,1,0
4052640,40,1,1,0
1625552,40,1,0,1
2716560,40,1,0,1
544776,40,1,0,1
3818416,40,1,1,0
2743576,40,1,1,0
1787816,40,1,1,0
6827800,40,1,1,0
4848744,40,1,0,1
5025656,40,1,0,1
1583984,40,1,1,0
1644056,40,1,0,1
1428400,40,1,1,0
1102224,40,1,1,0
294784,40,1,1,0
228456,40,1,0,1
3652864,40,1,1,0
1934848,40,1,0,1
1374544,40,1,1,0
4183344,40,1,0,1
3178736,40,1,0,1
1453656,40,1,0,1
239072,40,1,1,0
1370288,40,1,0,1
1580944,40,1,0,1
7164168,40,1,0,1
1117056,40,1,1,0
136520,40,1,0,1
2009744,40,1,1,0
1871480,40,1,0,1
503672,40,1,1,0
5193944,40,1,1,0
4719864,40,1,1,0
3842936,40,1,0,1
3418376,40,1,1,0
3560016,40,1,1,0
1705680,40,1,0,1
856808,40,1,1,0
426416,40,1,1,0
4663192,40,1,0,1
1437728,40,1,1,0
1946920,40,1,0,1
5571424,40,1,0,1
1072904,40,1,0,1
1207336,40,1,1,0
1024488,40,1,1,0
1410288,40,1,0,1
1447336,40,1,0,1
971472,40,1,0,1
2309992,40,1,0,1
6266632,40,1,0,1
5752552,40,1,1,0
458496,40,1,0,1
1648872,40,1,1,0
5229504,40,1,1,0
2947752,40,1,1,0
566760,40,1,0,1
7808576,40,1,1,0
803496,40,1,1,0
534336,40,1,0,1
2508256,40,1,0,1
7324824,40,1,1,0
3265096,40,1,0,1
5045456,40,1,1,0
537552,40,1,0,1
7852560,40,1,1,0
5312128,40,1,0,1
2276552,40,1,1,0
1778328,40,1,1,0
1333392,40,1,1,0
3799480,40,1,1,0
1242368,40,1,0,1
7719336,40,1,1,0
1095808,40,1,1,0
4620984,40,1,1,0
424560,40,1,0,1
998456,40,1,0,1
2971992,40,1,1,0
3797960,40,1,1,0
6755544,40,1,0,1
653408,40,1,0,1
3841800,40,1,1,0
1840984,40,1,1,0
123176,40,1,0,1
477568,40,1,0,1
1164432,40,1,1,0
482736,40,1,0,1
1823264,40,1,0,1
752160,40,1,0,1
420464,40,1,0,1
261488,40,1,0,1
6020600,40,1,1,0
5744088,40,1,1,0
2815432,40,1,0,1
725424,40,1,0,1
3770480,40,1,0,1
1382048,40,1,1,0
2621848,40,1,1,0
8119608,40,1,1,0
2003440,40,1,0,1
4012360,40,1,0,1
712336,40,1,1,0
2680992,40,1,0,1
5467360,40,1,0,1
3893856,40,1,0,1
1584768,40,1,1,0
7915648,40,1,0,1
3379064,40,1,1,0
3590056,40,1,1,0
2966872,40,1,0,1
1891152,40,1,0,1
8256680,40,1,0,1
1990104,40,1,1,0
1463984,40,1,1,0
2236568,40,1,0,1
849696,40,1,0,1
6070792,40,1,0,1
2862832,40,1,1,0
4527304,40,1,0,1
6893056,40,1,1,0
853016,40,1,1,0
3310352,40,1,1,0
4456112,40,1,1,0
4280624,40,1,1,0
300120,40,1,1,0
4596096,40,1,1,0
6878440,40,1,1,0
718016,40,1,1,0
713248,40,1,0,1
8387528,40,1,0,1
1769152,40,1,1,0
3086600,40,1,0,1
5471112,40,1,1,0
4748944,40,1,1,0
4336400,40,1,0,1
1588520,40,1,1,0
7227688,40,1,1,0
6596144,40,1,1,0
803408,40,1,0,1
3373544,40,1,1,0
5881896,40,1,0,1
2150168,40,1,1,0
3933512,40,1,1,0
1320768,40,1,1,0
2424616,40,1,1,0
3963480,40,1,1,0
2671520,40,1,1,0
731432,40,1,0,1
1012480,40,1,0,1
5461288,40,1,0,1
7059936,40,1,0,1
6931616,40,1,1,0
2858544,40,1,0,1
1312816,40,1,1,0
5978904,40,1,1,0
2461520,40,1,1,0
3044760,40,1,1,0
341928,40,1,0,1
959648,40,1,1,0
824992,40,1,1,0
780016,40,1,1,0
3061800,40,1,0,1
1157184,40,1,0,1
3183648,40,1,0,1
2555944,40,1,1,0
891040,40,1,0,1
8302464,40,1,1,0
841280,40,1,0,1
1182904,40,1,1,0
7129672,40,1,1,0
2126592,40,1,1,0
2550136,40,1,1,0
6118176,40,1,0,1
2067160,40,1,0,1
2165616,40,1,1,0
1076168,40,1,1,0
324600,40,1,0,1
365080,40,1,1,0
978720,40,1,1,0
3125864,40,1,1,0
620080,40,1,1,0
1266232,40,1,1,0
852944,40,1,0,1
8213072,40,1,0,1
3612888,40,1,1,0
1039176,40,1,0,1
487528,40,1,0,1
5169080,40,1,0,1
687648,40,1,0,1
779360,40,1,0,1
804808,40,1,1,0
2903592,40,1,1,0
410168,40,1,0,1
602664,40,1,0,1
217480,40,1,1,0
611768,40,1,0,1
2988128,40,1,1,0
492016,40,1,0,1
5029432,40,1,0,1
969936,40,1,1,0
3359488,40,1,0,1
2371000,40,1,0,1
276696,40,1,1,0
1061520,40,1,0,1
1833080,40,1,1,0
926728,40,1,0,1
1248232,40,1,1,0
693472,40,1,0,1
2884184,40,1,1,0
882664,40,1,0,1
6926936,40,1,0,1
3701272,40,1,0,1
340144,40,1,0,1
1356080,40,1,1,0
2560952,40,1,0,1
3998576,40,1,0,1
531912,40,1,0,1
367456,40,1,0,1
5937840,40,1,1,0
5519680,40,1,1,0
1840792,40,1,0,1
1371896,40,1,1,0
4871112,40,1,0,1
6445368,40,1,1,0
2149896,40,1,0,1
1226288,40,1,0,1
3706232,40,1,0,1
1016904,40,1,0,1
932280,40,1,1,0
1244920,40,1,0,1
2891984,40,1,1,0
5378720,40,1,0,1
4323432,40,1,0,1
1894800,40,1,1,0
5605168,40,1,1,0
2166520,40,1,0,1
3954936,40,1,1,0
2186272,40,1,0,1
2384880,40,1,1,0
4679488,40,1,1,0
2727608,40,1,0,1
4610328,40,1,1,0
2882608,40,1,0,1
566944,40,1,1,0
411688,40,1,1,0
2735800,40,1,0,1
3176968,40,1,1,0
2246656,40,1,0,1
4991744,40,1,1,0
2365408,40,1,1,0
1050576,40,1,0,1
878976,40,1,0,1
247096,40,1,1,0
244160,40,1,0,1
248096,40,1,0,1
362280,40,1,0,1
494288,40,1,1,0
71528,40,1,0,1
326472,40,1,1,0
819936,40,1,1,0
2977904,40,1,0,1
161160,40,1,1,0
1352008,40,1,0,1
3516032,40,1,1,0
705056,40,1,1,0
1914360,40,1,1,0
1451016,40,1,1,0
3884976,40,1,0,1
6282360,40,1,1,0
523928,40,1,0,1
4062640,40,1,1,0
1308888,40,1,1,0
2650472,40,1,1,0
2016728,40,1,1,0
617256,40,1,0,1
1039600,40,1,1,0
356384,40,1,0,1
247416,40,1,1,0
3035384,40,1,1,0
359016,40,1,0,1
3044832,40,1,0,1
4523040,40,1,1,0
1772464,40,1,1,0
932128,40,1,0,1
2066328,40,1,0,1
3892376,40,1,0,1
4161936,40,1,1,0
2264680,40,1,0,1
3087296,40,1,1,0
3922784,40,1,0,1
3940192,40,1,0,1
324104,40,1,1,0
4737584,40,1,0,1
4498712,40,1,1,0
2529312,40,1,0,1
3572176,40,1,0,1
1582680,40,1,1,0
1936752,40,1,0,1
1877920,40,1,0,1
205720,40,1,0,1
6226928,40,1,0,1
3179552,40,1,0,1
1703760,40,1,1,0
4768096,40,1,0,1
1645928,40,1,0,1
5180440,40,1,0,1
1340984,40,1,1,0
6296528,40,1,1,0
682104,40,1,1,0
6581616,40,1,0,1
1800416,40,1,1,0
2364064,40,1,0,1
7294592,40,1,1,0
348840,40,1,0,1
4061928,40,1,0,1
424584,40,1,1,0
4026600,40,1,1,0
2931544,40,1,1,0
3960776,40,1,0,1
97952,40,1,0,1
1205544,40,1,0,1
589448,40,1,1,0
782568,40,1,1,0
2835120,40,1,0,1
7363648,40,1,1,0
2919192,40,1,0,1
2838312,40,1,1,0
1569816,40,1,0,1
2131952,40,1,0,1
4598312,40,1,1,0
1228728,40,1,1,0
7371544,40,1,0,1
7295896,40,1,0,1
5964288,40,1,1,0
4111976,40,1,1,0
4909592,40,1,1,0
423384,40,1,1,0
1840920,40,1,1,0
4839040,40,1,0,1
7285120,40,1,1,0
6710560,40,1,0,1
7256632,40,1,0,1
1334016,40,1,1,0
4780744,40,1,1,0
612792,40,1,0,1
4568704,40,1,0,1
4204384,40,1,0,1
423808,40,1,0,1
2519392,40,1,1,0
3427192,40,1,0,1
7685672,40,1,0,1
3928208,40,1,0,1
1977432,40,1,1,0
946016,40,1,0,1
348504,40,1,1,0
2578136,40,1,1,0
509376,40,1,0,1
4025872,40,1,1,0
6279960,40,1,1,0
7255040,40,1,0,1
4111104,40,1,1,0
3987088,40,1,1,0
2170544,40,1,1,0
2659768,40,1,0,1
5121312,40,1,1,0
109832,40,1,1,0
2292816,40,1,0,1
330776,40,1,1,0
4260664,40,1,1,0
3214336,40,1,1,0
2456728,40,1,1,0
3783848,40,1,0,1
1077432,40,1,1,0
7510128,40,1,1,0
2190296,40,1,0,1
1202752,40,1,1,0
290448,40,1,1,0
421032,40,1,0,1
831456,40,1,0,1
5363400,40,1,0,1
1216408,40,1,1,0
2971104,40,1,0,1
1996896,40,1,0,1
580656,40,1,0,1
899528,40,1,0,1
3036192,40,1,1,0
7854952,40,1,1,0
2661088,40,1,1,0
765544,40,1,1,0
1344448,40,1,0,1
176352,40,1,1,0
5163824,40,1,1,0
7017472,40,1,0,1
5572152,40,1,1,0
688472,40,1,0,1
1723336,40,1,0,1
5409240,40,1,0,1
1605456,40,1,0,1
189704,40,1,1,0
1250616,40,1,0,1
1427936,40,1,1,0
8063384,40,1,1,0
373192,40,1,1,0
5333912,40,1,0,1
533688,40,1,0,1
4246600,40,1,1,0
3554488,40,1,1,0
5123000,40,1,0,1
732936,40,1,1,0
2997200,40,1,1,0
5134320,40,1,0,1
1905752,40,1,0,1
2616912,40,1,1,0
1883888,40,1,1,0
331736,40,1,1,0
6378600,40,1,0,1
417440,40,1,1,0
1675600,40,1,0,1
1643760,40,1,0,1
505528,40,1,0,1
5787920,40,1,0,1
5160656,40,1,0,1
2565176,40,1,0,1
7965576,40,1,1,0
1060088,40,1,0,1
946824,40,1,0,1
898328,40,1,1,0
480800,40,1,0,1
6459568,40,1,0,1
6025720,40,1,1,0
1815664,40,1,0,1
1559080,40,1,0,1
390848,40,1,0,1
5154104,40,1,0,1
2459584,40,1,1,0
5279344,40,1,1,0
4353360,40,1,0,1
6396720,40,1,1,0
4183992,40,1,0,1
5077640,40,1,0,1
8024672,40,1,0,1
2795424,40,1,1,0
762288,40,1,0,1
314024,40,1,0,1
3510840,40,1,0,1
1662464,40,1,1,0
7138704,40,1,1,0
3725272,40,1,1,0
628592,40,1,0,1
176024,40,1,0,1
1997704,40,1,1,0
734168,40,1,0,1
3285792,40,1,1,0
5438552,40,1,0,1
1461416,40,1,0,1
937184,40,1,0,1
7036480,40,1,0,1
5927448,40,1,1,0
7250280,40,1,0,1
561408,40,1,0,1
6694960,40,1,0,1
1411904,40,1,1,0
221488,40,1,1,0
1151904,40,1,0,1
4516560,40,1,0,1
885856,40,1,1,0
1679976,40,1,0,1
3597256,40,1,1,0
3175944,40,1,1,0
981752,40,1,1,0
372016,40,1,1,0
7329800,40,1,0,1
2803392,40,1,1,0
5805824,40,1,1,0
1356920,40,1,1,0
1391016,40,1,0,1
4719272,40,1,0,1
4030392,40,1,0,1
529832,40,1,0,1
203264,40,1,0,1
1046824,40,1,1,0
5514088,40,1,0,1
1249560,40,1,1,0
3192096,40,1,0,1
3629664,40,1,0,1
688720,40,1,0,1
1368384,40,1,1,0
1766936,40,1,0,1
227960,40,1,0,1
6482992,40,1,0,1
221688,40,1,1,0
1986472,40,1,1,0
3488368,40,1,0,1
4166824,40,1,0,1
993560,40,1,0,1
539000,40,1,0,1
586216,40,1,1,0
538336,40,1,0,1
423696,40,1,0,1
3617096,40,1,1,0
7239864,40,1,1,0
170744,40,1,0,1
4257024,40,1,0,1
1264000,40,1,1,0
199896,40,1,1,0
551000,40,1,1,0
2304552,40,1,1,0
1617240,40,1,0,1
984160,40,1,0,1
1795776,40,1,0,1
1570088,40,1,1,0
2200456,40,1,0,1
790344,40,1,0,1
1616944,40,1,1,0
7088080,40,1,1,0
3276432,40,1,1,0
5599256,40,1,1,0
4810272,40,1,1,0
2355784,40,1,0,1
1813264,40,1,1,0
3275024,40,1,0,1
455168,40,1,1,0
1272608,40,1,0,1
4250224,40,1,0,1
2859936,40,1,1,0
3276944,40,1,0,1
1433344,40,1,1,0
1074224,40,1,0,1
4149904,40,1,0,1
1885848,40,1,0,1
7407648,40,1,1,0
360840,40,1,1,0
3378960,40,1,0,1
405160,40,1,0,1
2678464,40,1,1,0
1392064,40,1,1,0
5074952,40,1,1,0
8004048,40,1,1,0
1023808,40,1,0,1
1480744,40,1,1,0
3216592,40,1,1,0
7283880,40,1,0,1
692816,40,1,1,0
7769064,40,1,0,1
1005352,40,1,1,0
842936,40,1,1,0
742696,40,1,1,0
969968,40,1,1,0
1727008,40,1,1,0
6177448,40,1,1,0
2386392,40,1,1,0
5750752,40,1,1,0
363640,40,1,1,0
5904392,40,1,1,0
4521968,40,1,0,1
1042944,40,1,0,1
4351424,40,1,1,0
2206864,40,1,1,0
1640160,40,1,1,0
4802072,40,1,0,1
7620680,40,1,0,1
8060424,40,1,1,0
937640,40,1,0,1
2542504,40,1,1,0
3362776,40,1,0,1
5651344,40,1,0,1
1246664,40,1,0,1
5806600,40,1,1,0
1300776,40,1,1,0
1675208,40,1,1,0
1068432,40,1,1,0
1736704,40,1,0,1
1927384,40,1,0,1
5967024,40,1,0,1
2832160,40,1,1,0
4487960,40,1,0,1
3246208,40,1,1,0
5394296,40,1,1,0
770152,40,1,0,1
2870104,40,1,0,1
3415560,40,1,0,1
5884208,40,1,0,1
2450496,40,1,0,1
2063776,40,1,1,0
777640,40,1,1,0
1916864,40,1,0,1
5320040,40,1,1,0
4674472,40,1,1,0
2202888,40,1,0,1
351264,40,1,0,1
4244008,40,1,1,0
1269080,40,1,0,1
7357896,40,1,0,1
364560,40,1,1,0
341456,40,1,0,1
3979088,40,1,0,1
5555808,40,1,0,1
1424304,40,1,1,0
547832,40,1,1,0
1751224,40,1,0,1
6726776,40,1,1,0
1251152,40,1,1,0
1406624,40,1,1,0
4134920,40,1,1,0
5525576,40,1,0,1
6348824,40,1,1,0
714696,40,1,1,0
3042008,40,1,0,1
6204024,40,1,1,0
7845048,40,1,1,0
4627872,40,1,0,1
5484920,40,1,1,0
7272624,40,1,0,1
7596512,40,1,1,0
1632856,40,1,0,1
907488,40,1,0,1
575376,40,1,0,1
2784008,40,1,1,0
5504352,40,1,0,1
5728792,40,1,1,0
348712,40,1,1,0
1758968,40,1,1,0
896432,40,1,0,1
1160752,40,1,1,0
2133752,40,1,1,0
623720,40,1,0,1
1119888,40,1,1,0
468048,40,1,0,1
506224,40,1,0,1
827472,40,1,1,0
1464792,40,1,0,1
4460336,40,1,0,1
537224,40,1,0,1
831896,40,1,1,0
567696,40,1,0,1
1400944,40,1,0,1
3075624,40,1,0,1
4373464,40,1,1,0
2142024,40,1,1,0
2259800,40,1,0,1
2595056,40,1,1,0
1513744,40,1,0,1
3743224,40,1,0,1
748704,40,1,0,1
1375864,40,1,1,0
658800,40,1,0,1
1994552,40,1,1,0
4586960,40,1,1,0
716000,40,1,0,1
934720,40,1,0,1
1766496,40,1,0,1
4733712,40,1,0,1
3792576,40,1,0,1
3663328,40,1,0,1
963904,40,1,0,1
978688,40,1,1,0
5857480,40,1,0,1
3119160,40,1,1,0
4706968,40,1,0,1
444688,40,1,0,1
1632768,40,1,1,0
252584,40,1,0,1
825472,40,1,0,1
2568272,40,1,0,1
407104,40,1,1,0
269616,40,1,1,0
4303904,40,1,1,0
125136,40,1,0,1
5648640,40,1,0,1
5093576,40,1,0,1
304832,40,1,0,1
6396256,40,1,0,1
1374008,40,1,0,1
6066072,40,1,1,0
7609576,40,1,0,1
1119736,40,1,0,1
3764672,40,1,1,0
5235776,40,1,1,0
6243032,40,1,1,0
3027272,40,1,1,0
1841864,40,1,1,0
1611352,40,1,0,1
8314456,40,1,0,1
4140072,40,1,1,0
1827936,40,1,1,0
2848736,40,1,0,1
379192,40,1,0,1
994216,40,1,1,0
1815688,40,1,0,1
3845624,40,1,0,1
2650088,40,1,1,0
1329728,40,1,0,1
6986992,40,1,1,0
573616,40,1,1,0
701008,40,1,1,0
388528,40,1,0,1
4293384,40,1,0,1
4318480,40,1,0,1
3246424,40,1,0,1
2960016,40,1,1,0
1631080,40,1,1,0
2659792,40,1,0,1
2014440,40,1,1,0
5663648,40,1,0,1
2552872,40,1,1,0
6476928,40,1,1,0
1390936,40,1,1,0
2988120,40,1,0,1
910320,40,1,1,0
118112,40,1,0,1
1222680,40,1,1,0
475624,40,1,1,0
3676232,40,1,0,1
4951720,40,1,1,0
2854024,40,1,1,0
6838352,40,1,1,0
2389944,40,1,1,0
4995648,40,1,0,1
3906616,40,1,0,1
2420792,40,1,1,0
6299216,40,1,1,0
2822200,40,1,0,1
1170752,40,1,0,1
3673624,40,1,0,1
137568,40,1,1,0
4337664,40,1,1,0
6587848,40,1,0,1
3459672,40,1,0,1
5871976,40,1,0,1
355120,40,1,1,0
2310528,40,1,0,1
6515400,40,1,1,0
7143688,40,1,0,1
1441144,40,1,0,1
3499528,40,1,0,1
1070992,40,1,0,1
2564792,40,1,0,1
4429904,40,1,0,1
507560,40,1,1,0
382672,40,1,1,0
4176240,40,1,1,0
7635496,40,1,0,1
3824376,40,1,0,1
741968,40,1,1,0
7326944,40,1,0,1
1495032,40,1,1,0
3472632,40,1,0,1
1837816,40,1,1,0
1835000,40,1,0,1
2567072,40,1,0,1
7475200,40,1,1,0
2885056,40,1,0,1
1113024,40,1,1,0
1207816,40,1,1,0
183112,40,1,0,1
216912,40,1,1,0
4115152,40,1,0,1
6862664,40,1,0,1
1816816,40,1,0,1
734560,40,1,0,1
198408,40,1,1,0
2095168,40,1,0,1
436576,40,1,0,1
6949784,40,1,1,0
834176,40,1,1,0
156448,40,1,0,1
627160,40,1,1,0
940200,40,1,1,0
405512,40,1,0,1
1111936,40,1,0,1
272240,40,1,1,0
7677944,40,1,0,1
1150600,40,1,0,1
838784,40,1,1,0
4498896,40,1,1,0
7380328,40,1,1,0
204392,40,1,1,0
3876248,40,1,1,0
4343904,40,1,1,0
2246312,40,1,1,0
1500096,40,1,1,0
1300512,40,1,0,1
2024992,40,1,1,0
6059040,41,1,0,1
6493056,41,1,0,1
2870696,41,1,0,1
3600912,41,1,1,0
7471424,41,1,1,0
2797496,41,1,1,0
2271392,41,1,1,0
2649400,41,1,0,1
1686360,41,1,1,0
315888,41,1,0,1
3876160,41,1,0,1
5128920,41,1,1,0
487168,41,1,0,1
8143536,41,1,0,1
1245152,41,1,1,0
6873672,41,1,1,0
2509968,41,1,0,1
7782528,41,1,0,1
374448,41,1,0,1
1967712,41,1,1,0
2616544,41,1,1,0
126856,41,1,0,1
2111656,41,1,0,1
2434864,41,1,0,1
6015872,41,1,1,0
1947328,41,1,1,0
6014800,41,1,0,1
6904656,41,1,0,1
1109064,41,1,1,0
2124984,41,1,1,0
2340768,41,1,1,0
7705912,41,1,1,0
4357240,41,1,0,1
6539016,41,1,1,0
2688184,41,1,1,0
3352360,41,1,0,1
600144,41,1,0,1
5305816,41,1,1,0
2910192,41,1,1,0
1276008,41,1,1,0
462896,41,1,1,0
1703544,41,1,0,1
4912888,41,1,0,1
51256,41,1,0,1
856664,41,1,0,1
1872848,41,1,1,0
6516792,41,1,0,1
1030600,41,1,1,0
4169888,41,1,0,1
5632336,41,1,0,1
8236792,41,1,1,0
673008,41,1,0,1
1897392,41,1,1,0
7546480,41,1,1,0
3424120,41,1,1,0
6345608,41,1,1,0
3005816,41,1,0,1
1972128,41,1,0,1
7828456,41,1,0,1
5881592,41,1,0,1
5566832,41,1,0,1
6215976,41,1,0,1
6657536,41,1,1,0
3189640,41,1,1,0
4041984,41,1,0,1
2034032,41,1,1,0
5640632,41,1,0,1
310680,41,1,1,0
3177160,41,1,0,1
8243888,41,1,0,1
6951120,41,1,0,1
759448,41,1,0,1
364536,41,1,0,1
4668352,41,1,1,0
5660936,41,1,0,1
1246496,41,1,1,0
1299392,41,1,0,1
7060216,41,1,1,0
182456,41,1,1,0
1198072,41,1,1,0
2237392,41,1,1,0
2909512,41,1,1,0
1963992,41,1,0,1
4518216,41,1,1,0
1908472,41,1,0,1
1548184,41,1,0,1
714096,41,1,0,1
6494864,41,1,0,1
5889544,41,1,1,0
1422088,41,1,1,0
1757152,41,1,1,0
1439144,41,1,0,1
482680,41,1,1,0
6482000,41,1,0,1
4686328,41,1,1,0
1471648,41,1,1,0
5435176,41,1,1,0
4600480,41,1,0,1
441392,41,1,1,0
5883808,41,1,1,0
7040304,41,1,0,1
1123632,41,1,0,1
5327504,41,1,0,1
6650744,41,1,1,0
8251472,41,1,0,1
858088,41,1,0,1
4456360,41,1,1,0
579232,41,1,1,0
8187760,41,1,0,1
1699560,41,1,1,0
2342096,41,1,1,0
1578736,41,1,1,0
2722888,41,1,0,1
3874208,41,1,1,0
7131240,41,1,1,0
8146512,41,1,0,1
2367632,41,1,1,0
7912200,41,1,0,1
1098808,41,1,1,0
608864,41,1,1,0
4731184,41,1,1,0
687872,41,1,0,1
3228584,41,1,0,1
4911712,41,1,0,1
2851664,41,1,1,0
7148064,41,1,1,0
584736,41,1,1,0
464496,41,1,0,1
3494976,41,1,1,0
3355656,41,1,1,0
1112304,41,1,0,1
308664,41,1,1,0
409920,41,1,1,0
197800,41,1,0,1
1577888,41,1,1,0
6420336,41,1,1,0
1377960,41,1,1,0
8292416,41,1,1,0
6566712,41,1,0,1
3242256,41,1,0,1
2174328,41,1,0,1
1922544,41,1,1,0
6034488,41,1,0,1
707016,41,1,1,0
4135936,41,1,1,0
2772472,41,1,0,1
427136,41,1,0,1
2753504,41,1,1,0
1198784,41,1,0,1
3052096,41,1,0,1
2033352,41,1,0,1
3961920,41,1,0,1
4298256,41,1,1,0
3730464,41,1,0,1
2284040,41,1,0,1
3685864,41,1,0,1
7120128,41,1,1,0
4238168,41,1,0,1
4283144,41,1,0,1
5247584,41,1,0,1
1914584,41,1,0,1
675576,41,1,1,0
3804880,41,1,1,0
2376472,41,1,0,1
6155328,41,1,0,1
5300248,41,1,1,0
1168616,41,1,0,1
984536,41,1,0,1
6147760,41,1,0,1
214568,41,1,0,1
5035648,41,1,0,1
1306232,41,1,0,1
4488768,41,1,0,1
5680728,41,1,1,0
1948256,41,1,1,0
7082272,41,1,1,0
4858440,41,1,1,0
2590600,41,1,0,1
6351224,41,1,1,0
7110448,41,1,1,0
108144,41,1,1,0
4301488,41,1,0,1
1667512,41,1,1,0
6410616,41,1,1,0
618880,41,1,1,0
3526472,41,1,1,0
1264896,41,1,0,1
1083608,41,1,0,1
1305192,41,1,1,0
4708160,41,1,1,0
2270480,41,1,0,1
839688,41,1,1,0
4701928,41,1,0,1
7897576,41,1,0,1
1918280,41,1,1,0
2043000,41,1,0,1
6648688,41,1,1,0
800928,41,1,1,0
4642776,41,1,0,1
1248344,41,1,1,0
3815424,41,1,1,0
4316632,41,1,0,1
540272,41,1,1,0
1150320,41,1,1,0
125584,41,1,0,1
6557608,41,1,1,0
2143304,41,1,0,1
933368,41,1,0,1
1164752,41,1,0,1
1205104,41,1,0,1
3813928,41,1,0,1
1241880,41,1,1,0
1108176,41,1,1,0
803272,41,1,0,1
7798520,41,1,1,0
2067432,41,1,1,0
5499608,41,1,0,1
5676912,41,1,1,0
6729936,41,1,1,0
5649064,41,1,1,0
3623880,41,1,0,1
205704,41,1,0,1
4191752,41,1,0,1
8104432,41,1,0,1
3154712,41,1,0,1
6666624,41,1,0,1
7888920,41,1,1,0
2781048,41,1,0,1
5369624,41,1,1,0
929608,41,1,0,1
670160,41,1,0,1
4238096,41,1,0,1
4690960,41,1,0,1
4192232,41,1,1,0
498512,41,1,0,1
7204824,41,1,0,1
666440,41,1,0,1
252936,41,1,0,1
8341576,41,1,0,1
649968,41,1,1,0
6720616,41,1,1,0
288776,41,1,1,0
7435440,41,1,0,1
8050280,41,1,1,0
6138832,41,1,1,0
719904,41,1,1,0
4071016,41,1,1,0
2224544,41,1,0,1
866296,41,1,1,0
3363584,41,1,0,1
584648,41,1,1,0
2555264,41,1,0,1
289944,41,1,0,1
808104,41,1,1,0
6257536,41,1,1,0
861488,41,1,1,0
5915280,41,1,0,1
5487720,41,1,1,0
4951144,41,1,0,1
717224,41,1,1,0
1246112,41,1,1,0
217408,41,1,0,1
830200,41,1,0,1
4507768,41,1,0,1
1619368,41,1,0,1
5312672,41,1,1,0
2692488,41,1,0,1
5191480,41,1,0,1
233160,41,1,0,1
1604440,41,1,0,1
213872,41,1,1,0
1959608,41,1,1,0
189984,41,1,0,1
2973456,41,1,0,1
1146208,41,1,1,0
4166048,41,1,1,0
6422344,41,1,1,0
3591000,41,1,0,1
7377288,41,1,0,1
3982160,41,1,0,1
237992,41,1,0,1
573648,41,1,0,1
3516648,41,1,0,1
5825064,41,1,1,0
2308976,41,1,0,1
1723816,41,1,0,1
1147048,41,1,0,1
251848,41,1,1,0
898784,41,1,1,0
320080,41,1,0,1
7545944,41,1,1,0
227992,41,1,1,0
2834032,41,1,1,0
5579048,41,1,1,0
734664,41,1,0,1
2175280,41,1,0,1
5266960,41,1,0,1
4969424,41,1,1,0
3046232,41,1,0,1
976856,41,1,0,1
383384,41,1,0,1
6779944,41,1,0,1
1976096,41,1,1,0
8343256,41,1,0,1
364256,41,1,0,1
1785944,41,1,1,0
1362120,41,1,0,1
1750056,41,1,1,0
4509128,41,1,1,0
2906824,41,1,1,0
3111800,41,1,1,0
1732400,41,1,0,1
7725912,41,1,1,0
4525280,41,1,1,0
529904,41,1,1,0
7824784,41,1,1,0
4331616,41,1,0,1
3651624,41,1,1,0
2584048,41,1,0,1
1605144,41,1,1,0
455752,41,1,0,1
2729488,41,1,0,1
5583808,41,1,0,1
1593096,41,1,1,0
3189032,41,1,0,1
4333928,41,1,0,1
4321800,41,1,0,1
338976,41,1,1,0
3333184,41,1,1,0
2048616,41,1,1,0
199768,41,1,0,1
786376,41,1,1,0
2675232,41,1,0,1
2004464,41,1,0,1
6206080,41,1,1,0
2771944,41,1,0,1
6672248,41,1,0,1
6749000,41,1,0,1
3271704,41,1,1,0
4486296,41,1,1,0
7386744,41,1,1,0
2851352,41,1,0,1
5465984,41,1,1,0
6941280,41,1,1,0
3319168,41,1,0,1
8303368,41,1,1,0
1652168,41,1,1,0
3329784,41,1,1,0
8064664,41,1,0,1
2776728,41,1,0,1
3404432,41,1,1,0
303016,41,1,1,0
1934080,41,1,0,1
7143944,41,1,1,0
6407888,41,1,1,0
4995336,41,1,1,0
7772184,41,1,0,1
483008,41,1,1,0
2379824,41,1,1,0
6609768,41,1,1,0
2255752,41,1,0,1
3035912,41,1,0,1
648712,41,1,1,0
1369520,41,1,0,1
725336,41,1,1,0
7327504,41,1,0,1
965656,41,1,1,0
3244352,41,1,1,0
7327056,41,1,1,0
1258520,41,1,1,0
591488,41,1,0,1
1988672,41,1,0,1
249304,41,1,1,0
659720,41,1,1,0
5277704,41,1,1,0
1273616,41,1,0,1
374288,41,1,1,0
2533752,41,1,1,0
4224096,41,1,1,0
4832112,41,1,1,0
700032,41,1,0,1
3049424,41,1,0,1
3703192,41,1,0,1
3817704,41,1,1,0
3601672,41,1,1,0
2986792,41,1,0,1
2236176,41,1,0,1
557648,41,1,0,1
812224,41,1,0,1
6797408,41,1,1,0
699672,41,1,1,0
3034728,41,1,0,1
166808,41,1,0,1
3097392,41,1,1,0
1381000,41,1,1,0
1542224,41,1,0,1
7834872,41,1,1,0
2455184,41,1,0,1
1378696,41,1,0,1
514720,41,1,1,0
5561560,41,1,1,0
2932904,41,1,0,1
1723928,41,1,0,1
3178408,41,1,1,0
7901448,41,1,0,1
594280,41,1,1,0
1391400,41,1,0,1
2319848,41,1,1,0
5923976,41,1,0,1
8355280,41,1,1,0
777128,41,1,1,0
4055088,41,1,1,0
8374288,41,1,0,1
6875216,41,1,1,0
5142352,41,1,1,0
1219880,41,1,1,0
2637680,41,1,1,0
554016,41,1,0,1
2109136,41,1,1,0
2524440,41,1,1,0
1208280,41,1,1,0
1272424,41,1,0,1
989776,41,1,0,1
6458392,41,1,0,1
7766856,41,1,1,0
6935608,41,1,0,1
1753120,41,1,1,0
5698272,41,1,0,1
2556112,41,1,1,0
5838264,41,1,1,0
1193656,41,1,1,0
1593488,41,1,0,1
2435896,41,1,0,1
3617480,41,1,1,0
6144536,41,1,0,1
1564856,41,1,1,0
438640,41,1,0,1
5568224,41,1,1,0
111448,41,1,1,0
8307696,41,1,1,0
976448,41,1,0,1
7046216,41,1,0,1
503136,41,1,1,0
2702992,41,1,0,1
507360,41,1,0,1
5490920,41,1,0,1
1424360,41,1,1,0
1808752,41,1,0,1
6000264,41,1,1,0
1211208,41,1,0,1
2546392,41,1,0,1
1777648,41,1,0,1
1001120,41,1,1,0
3337496,41,1,0,1
1473248,41,1,1,0
2538448,41,1,1,0
7374264,41,1,1,0
1803320,41,1,0,1
954560,41,1,0,1
7625864,41,1,0,1
496328,41,1,0,1
5392472,41,1,1,0
1564688,41,1,0,1
6162944,41,1,1,0
1147544,41,1,1,0
7079632,41,1,1,0
1283080,41,1,1,0
1396880,41,1,0,1
2510336,41,1,1,0
2144696,41,1,0,1
6301392,41,1,0,1
2623800,41,1,1,0
3988936,41,1,0,1
262544,41,1,1,0
1169816,41,1,1,0
473488,41,1,1,0
3135728,41,1,0,1
5869128,41,1,0,1
727680,41,1,0,1
1177312,41,1,0,1
7652312,41,1,0,1
1860640,41,1,1,0
7156576,41,1,1,0
244992,41,1,1,0
4454952,41,1,1,0
1919488,41,1,0,1
1762152,41,1,0,1
561424,41,1,1,0
6535480,41,1,0,1
7246392,41,1,0,1
8029448,41,1,1,0
8024424,41,1,0,1
1557520,41,1,1,0
1494008,41,1,0,1
2268904,41,1,1,0
7115528,41,1,0,1
4121832,41,1,1,0
3020976,41,1,0,1
1182720,41,1,1,0
2181240,41,1,0,1
1827352,41,1,1,0
3595832,41,1,0,1
584872,41,1,1,0
586496,41,1,1,0
1914080,41,1,1,0
654592,41,1,0,1
494920,41,1,0,1
4036072,41,1,1,0
3793064,41,1,1,0
2874936,41,1,0,1
6581248,41,1,1,0
6807928,41,1,1,0
2650080,41,1,1,0
1553496,41,1,0,1
3591632,41,1,0,1
1866224,41,1,0,1
7740928,41,1,1,0
452720,41,1,0,1
3978904,41,1,1,0
4381504,41,1,0,1
4441064,41,1,0,1
220024,41,1,1,0
7226488,41,1,1,0
6050672,41,1,0,1
630168,41,1,0,1
755128,41,1,0,1
7190192,41,1,0,1
3921944,41,1,1,0
2716128,41,1,1,0
3842656,41,1,1,0
231320,41,1,0,1
6690408,41,1,1,0
1676464,41,1,1,0
570832,41,1,1,0
2174312,41,1,1,0
455360,41,1,1,0
1320648,41,1,0,1
4079144,41,1,1,0
2094960,41,1,0,1
432992,41,1,0,1
5617272,41,1,0,1
2240680,41,1,0,1
910464,41,1,0,1
1402184,41,1,0,1
7513888,41,1,0,1
181024,41,1,1,0
3139392,41,1,0,1
4862624,41,1,0,1
92888,41,1,1,0
1175904,41,1,1,0
267680,41,1,0,1
3711008,41,1,1,0
4588304,41,1,1,0
3753496,41,1,0,1
2559776,41,1,1,0
7243072,41,1,0,1
3860416,41,1,0,1
3284528,41,1,1,0
6942184,41,1,1,0
1551832,41,1,1,0
855488,41,1,0,1
251296,41,1,0,1
2064544,41,1,0,1
4958144,41,1,1,0
6780952,41,1,1,0
3825832,41,1,0,1
7901536,41,1,1,0
3439664,41,1,1,0
268104,41,1,1,0
2670776,41,1,0,1
3181328,41,1,1,0
2598464,41,1,1,0
3378312,41,1,0,1
862592,41,1,0,1
1183184,41,1,0,1
1084368,41,1,0,1
5214248,41,1,1,0
3773768,41,1,1,0
4747128,41,1,0,1
2807480,41,1,1,0
1224592,41,1,1,0
244824,41,1,0,1
358288,41,1,1,0
1632024,41,1,0,1
629744,41,1,1,0
7285952,41,1,0,1
486880,41,1,1,0
657336,41,1,0,1
2555744,41,1,0,1
1116160,41,1,0,1
3157256,41,1,1,0
820096,41,1,1,0
5316112,41,1,1,0
2247728,41,1,0,1
1113040,41,1,0,1
335336,41,1,0,1
2904584,41,1,1,0
3216640,41,1,0,1
831376,41,1,1,0
332152,41,1,0,1
1126376,41,1,0,1
4545784,41,1,0,1
609448,41,1,1,0
8130720,41,1,0,1
245000,41,1,0,1
7331400,41,1,0,1
2063600,41,1,1,0
917672,41,1,0,1
187720,41,1,1,0
1560512,41,1,0,1
1381400,41,1,0,1
1494112,41,1,0,1
8121224,41,1,1,0
1578216,41,1,1,0
377200,41,1,0,1
1603256,41,1,1,0
3401632,41,1,1,0
386808,41,1,0,1
441432,41,1,0,1
2029720,41,1,1,0
291568,41,1,1,0
480144,41,1,1,0
770184,41,1,0,1
2461816,41,1,0,1
6201112,41,1,1,0
4026904,41,1,1,0
1577040,41,1,1,0
7349840,41,1,0,1
1822568,41,1,0,1
1388352,41,1,0,1
7136616,41,1,0,1
8019424,41,1,0,1
440272,41,1,0,1
7487296,41,1,0,1
2433672,41,1,0,1
3461688,41,1,0,1
707904,41,1,1,0
253264,41,1,0,1
2526624,41,1,1,0
1085544,41,1,1,0
724152,41,1,0,1
1261464,41,1,0,1
939176,41,1,1,0
391552,41,1,0,1
2728464,41,1,0,1
357632,41,1,1,0
6394376,41,1,1,0
2769464,41,1,1,0
454192,41,1,0,1
5643480,41,1,0,1
838312,41,1,0,1
742536,41,1,1,0
787112,41,1,0,1
1746344,41,1,1,0
641872,41,1,1,0
7364136,41,1,1,0
7320952,41,1,0,1
1035904,41,1,1,0
356856,41,1,0,1
362824,41,1,1,0
2406632,41,1,0,1
823200,41,1,0,1
648160,41,1,1,0
1194168,41,1,0,1
247744,41,1,1,0
1368624,41,1,1,0
2152696,41,1,0,1
3354392,41,1,1,0
1102472,41,1,0,1
1415224,41,1,1,0
1246312,41,1,0,1
3437296,41,1,1,0
347680,41,1,0,1
6240520,41,1,1,0
1166104,41,1,1,0
1299880,41,1,1,0
4591640,41,1,0,1
357744,41,1,1,0
1246736,41,1,1,0
3189880,41,1,0,1
4166312,41,1,0,1
6610416,41,1,1,0
1376720,41,1,0,1
1729112,41,1,0,1
5590424,41,1,1,0
284736,41,1,1,0
229464,41,1,1,0
576096,41,1,0,1
473984,41,1,0,1
884592,41,1,1,0
4536432,41,1,1,0
631792,41,1,1,0
6667840,41,1,1,0
3098128,41,1,0,1
1442240,41,1,0,1
2240280,41,1,0,1
884048,41,1,0,1
483880,41,1,0,1
4302008,41,1,1,0
5425080,41,1,0,1
268208,41,1,1,0
2568992,41,1,0,1
6944672,41,1,0,1
5246248,41,1,1,0
1112360,41,1,0,1
1555176,41,1,0,1
3637160,41,1,1,0
4492416,41,1,1,0
5193904,41,1,0,1
3873264,41,1,0,1
5938760,41,1,1,0
4798136,41,1,0,1
2237480,41,1,0,1
5195376,41,1,1,0
5863696,41,1,0,1
3110272,41,1,0,1
1372456,41,1,1,0
1699048,41,1,0,1
8181760,41,1,0,1
756680,41,1,1,0
6000936,41,1,1,0
657024,41,1,1,0
1699200,41,1,0,1
417376,41,1,0,1
5003128,41,1,0,1
2334560,41,1,0,1
4231144,41,1,1,0
2587912,41,1,1,0
4740384,41,1,1,0
1204312,41,1,1,0
5853296,41,1,0,1
6937168,41,1,0,1
167752,41,1,0,1
4711000,41,1,1,0
678544,41,1,1,0
1551512,41,1,0,1
485952,41,1,1,0
779808,41,1,0,1
1068496,41,1,0,1
583496,41,1,1,0
2489024,41,1,0,1
6138544,41,1,1,0
3784392,41,1,1,0
2699832,41,1,1,0
3500064,41,1,1,0
1107840,41,1,0,1
4768384,41,1,1,0
756608,41,1,0,1
5693184,41,1,1,0
1960848,41,1,1,0
1538928,41,1,1,0
1673496,41,1,1,0
1137552,41,1,0,1
1643168,41,1,0,1
1609296,41,1,1,0
774288,41,1,0,1
1642840,41,1,1,0
5789464,41,1,0,1
1387336,41,1,1,0
4118848,41,1,0,1
1060808,41,1,0,1
1071616,41,1,0,1
130576,41,1,0,1
4823448,41,1,1,0
1623760,41,1,0,1
2618496,41,1,0,1
252696,41,1,0,1
3161792,41,1,0,1
5156008,41,1,1,0
2005000,41,1,0,1
159672,41,1,0,1
7267392,41,1,1,0
2029504,41,1,0,1
1964096,41,1,0,1
2179968,41,1,0,1
503752,41,1,1,0
5814176,41,1,1,0
2972592,41,1,0,1
2710256,41,1,1,0
8088264,41,1,1,0
6201032,41,1,1,0
6963504,41,1,1,0
4440384,41,1,1,0
4385888,41,1,1,0
3266824,41,1,0,1
2454752,41,1,1,0
524624,41,1,0,1
267616,41,1,1,0
1339128,41,1,0,1
271848,41,1,1,0
7905896,41,1,0,1
1778696,41,1,0,1
403928,41,1,1,0
1924160,41,1,1,0
584000,41,1,0,1
7439048,41,1,1,0
577152,41,1,1,0
1192512,41,1,1,0
743016,41,1,0,1
4971048,41,1,0,1
5790360,41,1,0,1
3544496,41,1,1,0
6348536,41,1,1,0
669496,41,1,0,1
4879048,41,1,0,1
939656,41,1,1,0
1294960,41,1,0,1
5444160,41,1,1,0
299008,41,1,0,1
1670768,41,1,1,0
1254032,41,1,1,0
2143256,41,1,0,1
1167328,41,1,0,1
4954544,41,1,1,0
7024312,41,1,0,1
6920152,41,1,1,0
714712,41,1,1,0
1935368,41,1,1,0
7271880,41,1,0,1
2493672,41,1,0,1
450048,41,1,1,0
5189640,41,1,0,1
4590344,41,1,0,1
5209720,41,1,0,1
214768,41,1,0,1
411992,41,1,1,0
7255032,41,1,1,0
3322584,41,1,0,1
5838280,41,1,1,0
807056,41,1,0,1
5425736,41,1,1,0
948496,41,1,1,0
2707040,41,1,1,0
826384,41,1,0,1
616544,41,1,1,0
662896,41,1,1,0
5669680,41,1,1,0
7049600,41,1,0,1
4862024,41,1,1,0
1847288,41,1,0,1
784080,41,1,1,0
5685800,41,1,0,1
5079496,41,1,0,1
5586896,41,1,0,1
2715504,41,1,0,1
1093536,41,1,1,0
4136456,41,1,0,1
3520136,41,1,0,1
406928,41,1,1,0
575280,41,1,1,0
5868240,41,1,0,1
7144784,41,1,0,1
4666640,41,1,1,0
978584,41,1,0,1
4959112,41,1,1,0
476856,41,1,0,1
3042600,41,1,1,0
7989232,41,1,1,0
3662552,41,1,1,0
759416,41,1,1,0
376800,41,1,0,1
1186080,41,1,0,1
1107560,41,1,1,0
4277168,41,1,0,1
888296,41,1,1,0
4994160,41,1,0,1
161912,41,1,0,1
3833296,41,1,0,1
304984,41,1,0,1
4439696,41,1,0,1
5954104,41,1,1,0
883824,41,1,0,1
2660440,41,1,0,1
160448,41,1,0,1
6004792,41,1,1,0
7000952,41,1,1,0
4190600,41,1,1,0
3271696,41,1,1,0
612536,41,1,1,0
181672,41,1,1,0
5881024,41,1,1,0
1104992,41,1,1,0
6305432,41,1,0,1
1019688,41,1,1,0
5252544,41,1,0,1
2745184,41,1,0,1
1776936,41,1,0,1
5066696,41,1,1,0
1747776,41,1,1,0
744040,41,1,0,1
1019504,41,1,1,0
8239072,41,1,1,0
478440,41,1,0,1
459904,41,1,0,1
2968392,41,1,0,1
817704,41,1,0,1
5371832,41,1,0,1
4207304,41,1,1,0
630160,41,1,0,1
2123816,41,1,0,1
376832,41,1,0,1
1693632,41,1,1,0
3364632,41,1,0,1
3685088,41,1,1,0
239304,41,1,0,1
1682728,41,1,1,0
618464,41,1,1,0
785984,41,1,0,1
924376,41,1,1,0
5307800,41,1,1,0
4405296,41,1,0,1
2333704,41,1,0,1
3339176,41,1,1,0
1944984,41,1,1,0
2904008,41,1,1,0
1874928,41,1,0,1
1126168,41,1,1,0
4150200,41,1,1,0
1694464,41,1,1,0
6074864,41,1,0,1
1509152,41,1,0,1
8131072,41,1,1,0
3360760,41,1,1,0
90984,41,1,1,0
2794592,41,1,1,0
1145360,41,1,0,1
221792,41,1,1,0
685640,41,1,0,1
1137112,41,1,1,0
4756224,41,1,1,0
3281768,41,1,0,1
2524592,41,1,0,1
3170976,41,1,0,1
1178552,41,1,1,0
748864,41,1,0,1
1130000,41,1,0,1
438976,41,1,0,1
7498280,41,1,1,0
1088176,41,1,1,0
2899448,41,1,1,0
5546208,41,1,1,0
6486688,41,1,0,1
2790696,41,1,0,1
2945184,41,1,0,1
4736208,41,1,0,1
6665784,41,1,1,0
2657472,41,1,0,1
4053904,41,1,1,0
7477808,41,1,1,0
3092344,41,1,1,0
5121440,41,1,0,1
2537656,41,1,0,1
5409120,41,1,0,1
6112384,41,1,1,0
5248624,41,1,1,0
2734728,41,1,1,0
3161664,41,1,0,1
1497000,41,1,1,0
3188152,41,1,1,0
773944,41,1,0,1
4771248,41,1,0,1
2187408,41,1,0,1
5505392,41,1,0,1
926440,41,1,0,1
1156224,41,1,1,0
1341352,41,1,1,0
4717008,41,1,0,1
5268512,41,1,1,0
7257632,41,1,1,0
8303712,41,1,0,1
7495640,41,1,1,0
1807368,41,1,1,0
1052544,41,1,1,0
1013536,41,1,1,0
1480032,41,1,0,1
634672,41,1,0,1
493488,41,1,0,1
2112600,41,1,1,0
6833960,41,1,1,0
3320160,41,1,1,0
1293496,41,1,1,0
287272,41,1,0,1
3539832,41,1,0,1
609744,41,1,1,0
547408,41,1,0,1
7830632,41,1,1,0
339240,41,1,0,1
540760,41,1,1,0
2708464,41,1,1,0
3334832,41,1,1,0
1661680,41,1,0,1
2271536,41,1,1,0
2124768,41,1,1,0
1984888,41,1,0,1
3958176,41,1,1,0
8297792,41,1,0,1
1814592,41,1,1,0
290248,41,1,0,1
394680,41,1,1,0
1095144,41,1,0,1
2855024,41,1,0,1
6354456,41,1,0,1
1700944,41,1,0,1
1129272,41,1,0,1
4640672,41,1,0,1
2811880,41,1,1,0
1270848,41,1,0,1
1448400,41,1,0,1
1368728,41,1,0,1
1312008,41,1,0,1
2961400,41,1,0,1
675272,41,1,0,1
5065368,41,1,1,0
7401504,41,1,0,1
110264,41,1,1,0
1165656,41,1,1,0
2715816,41,1,1,0
1347416,41,1,1,0
7601064,41,1,0,1
914928,41,1,0,1
6170872,41,1,0,1
4670608,41,1,0,1
3957440,41,1,1,0
510208,41,1,1,0
1919688,41,1,1,0
455568,41,1,1,0
5585080,41,1,0,1
1664976,41,1,0,1
542296,41,1,0,1
1571216,41,1,1,0
4994632,41,1,0,1
271736,41,1,1,0
3567080,41,1,0,1
8059240,41,1,1,0
2670584,41,1,0,1
1398104,41,1,0,1
4486176,41,1,0,1
8147336,41,1,0,1
5706424,41,1,1,0
4523080,41,1,1,0
6339368,41,1,1,0
690664,41,1,1,0
1846800,41,1,1,0
942816,41,1,1,0
8059248,41,1,0,1
2228288,41,1,1,0
3533728,41,1,1,0
908008,41,1,1,0
180168,41,1,1,0
1735904,41,1,1,0
4168928,41,1,0,1
2248072,41,1,1,0
3888424,41,1,1,0
5174640,41,1,0,1
2957240,41,1,1,0
897992,41,1,0,1
4807112,41,1,0,1
430112,41,1,1,0
677768,41,1,0,1
7467688,41,1,0,1
275408,41,1,1,0
3037176,41,1,0,1
5771320,41,1,1,0
309440,41,1,1,0
5361256,41,1,0,1
1158192,41,1,1,0
3037880,41,1,1,0
2914576,41,1,0,1
2483720,41,1,0,1
6796352,41,1,0,1
3461800,41,1,1,0
2690576,41,1,0,1
543344,41,1,0,1
296560,41,1,1,0
433376,41,1,0,1
7063232,41,1,1,0
8082616,41,1,0,1
1057632,41,1,1,0
5286904,41,1,1,0
405208,41,1,1,0
2314576,41,1,1,0
3087952,41,1,1,0
232592,41,1,0,1
1721328,41,1,1,0
6184512,41,1,1,0
8181336,41,1,1,0
1329720,41,1,0,1
1107192,41,1,1,0
180184,41,1,1,0
1838680,41,1,0,1
7594832,41,1,1,0
420624,41,1,1,0
2578392,41,1,0,1
3236128,41,1,0,1
7724040,41,1,0,1
1552584,41,1,1,0
886912,41,1,0,1
4929368,41,1,0,1
3609784,41,1,1,0
862760,41,1,0,1
268432,41,1,1,0
8306016,41,1,1,0
405776,41,1,0,1
2293832,41,1,0,1
4683376,41,1,0,1
6095728,41,1,1,0
2609600,41,1,0,1
3216784,41,1,0,1
1757896,41,1,1,0
6799176,41,1,0,1
5037936,41,1,1,0
517992,41,1,1,0
5915976,41,1,1,0
5106496,41,1,0,1
1474240,41,1,0,1
331008,41,1,0,1
2718648,41,1,1,0
3450296,41,1,1,0
5303456,41,1,0,1
6267408,41,1,1,0
1253232,41,1,0,1
6426816,41,1,1,0
358448,41,1,1,0
6229336,41,1,0,1
4030816,41,1,0,1
4259472,41,1,1,0
6782040,41,1,1,0
6944968,41,1,0,1
5131384,41,1,1,0
7897016,41,1,0,1
153632,41,1,0,1
6401656,41,1,0,1
7599192,41,1,0,1
3347312,41,1,0,1
735184,41,1,1,0
2040744,41,1,0,1
5580976,41,1,0,1
311352,41,1,0,1
8350008,41,1,1,0
7065768,41,1,1,0
436656,41,1,0,1
5833600,41,1,0,1
1177600,41,1,0,1
4573672,41,1,1,0
4592656,41,1,0,1
2589080,41,1,0,1
5764880,41,1,0,1
984904,41,1,0,1
1897384,41,1,0,1
3848600,41,1,0,1
2490672,41,1,1,0
1583600,41,1,0,1
2295488,41,1,1,0
6159632,41,1,0,1
2053360,41,1,0,1
268816,41,1,0,1
4773256,41,1,1,0
6171184,41,1,0,1
5113768,41,1,0,1
498968,41,1,0,1
7854472,41,1,1,0
952488,41,1,1,0
979824,41,1,0,1
1792360,41,1,1,0
225896,41,1,0,1
2179432,41,1,0,1
5402000,41,1,1,0
1034616,41,1,0,1
7799496,41,1,1,0
2743968,41,1,0,1
5452952,41,1,1,0
652832,41,1,1,0
5096272,41,1,1,0
1561208,41,1,1,0
1195960,41,1,0,1
4015320,41,1,1,0
5903032,41,1,0,1
6115528,41,1,1,0
1538624,41,1,1,0
6648000,41,1,0,1
5044128,41,1,0,1
3321296,41,1,1,0
2516744,41,1,0,1
2836264,41,1,0,1
3944256,41,1,1,0
1234864,41,1,0,1
330352,41,1,0,1
623696,41,1,0,1
3036728,41,1,1,0
742336,41,1,1,0
4640648,41,1,1,0
459928,41,1,1,0
6329520,41,1,1,0
7058016,41,1,0,1
3643960,41,1,0,1
5859968,41,1,1,0
4586352,41,1,0,1
1875472,41,1,1,0
3262992,41,1,1,0
1700008,41,1,1,0
2246600,41,1,1,0
648688,41,1,0,1
925688,41,1,1,0
223992,41,1,0,1
3415904,41,1,0,1
976632,41,1,0,1
6959784,41,1,0,1
483624,41,1,0,1
739656,41,1,1,0
6606600,41,1,1,0
4022304,41,1,0,1
870152,41,1,0,1
1422744,41,1,0,1
7519536,41,1,1,0
7271528,41,1,1,0
429624,41,1,1,0
470064,41,1,0,1
4221448,41,1,0,1
873680,41,1,0,1
5286688,41,1,0,1
2686016,41,1,0,1
743936,41,1,0,1
1617480,41,1,0,1
3097216,41,1,0,1
752672,41,1,0,1
943264,41,1,1,0
1194544,41,1,0,1
1261760,41,1,0,1
1186432,41,1,1,0
7760832,41,1,0,1
2644432,41,1,1,0
610928,41,1,0,1
7220600,41,1,0,1
5612672,41,1,0,1
703352,41,1,1,0
1579080,41,1,1,0
864264,41,1,1,0
4304832,41,1,0,1
8068928,41,1,1,0
4988136,41,1,1,0
488728,41,1,1,0
4255976,41,1,0,1
7553632,41,1,0,1
1182408,41,1,0,1
2692656,41,1,1,0
1384048,41,1,1,0
568024,41,1,1,0
286616,41,1,1,0
7079648,41,1,1,0
1585040,41,1,1,0
2601904,41,1,0,1
2883536,41,1,1,0
2187528,41,1,1,0
5479576,41,1,0,1
497384,41,1,1,0
3310232,41,1,0,1
3699104,41,1,0,1
158432,41,1,0,1
1888464,41,1,1,0
5062744,41,1,0,1
167384,41,1,0,1
1034336,41,1,1,0
5239800,41,1,1,0
944512,41,1,1,0
3433536,41,1,0,1
6379680,41,1,1,0
269912,41,1,1,0
1050864,41,1,0,1
7310416,41,1,1,0
7699792,41,1,0,1
7862968,41,1,0,1
427872,41,1,0,1
3411192,41,1,1,0
4037016,41,1,0,1
2876440,41,1,0,1
3449840,41,1,1,0
430800,41,1,0,1
860952,41,1,0,1
4342288,41,1,1,0
6030536,41,1,1,0
1379248,41,1,1,0
8132512,41,1,0,1
5301880,41,1,1,0
1834872,41,1,0,1
536216,41,1,1,0
716248,41,1,0,1
5055912,41,1,0,1
1852504,41,1,0,1
393416,41,1,0,1
395248,41,1,0,1
493648,41,1,0,1
5998168,41,1,1,0
1387232,41,1,1,0
4997320,41,1,0,1
2810088,41,1,1,0
7355528,41,1,1,0
7270136,41,1,0,1
2082760,41,1,1,0
3013304,41,1,1,0
5706680,41,1,0,1
1550576,41,1,1,0
1022144,41,1,1,0
1031488,41,1,1,0
877536,41,1,1,0
1441032,41,1,1,0
5757888,41,1,1,0
1173112,41,1,1,0
1405568,41,1,0,1
2010448,41,1,0,1
4710584,41,1,1,0
1603096,41,1,1,0
2369000,41,1,0,1
1357904,41,1,1,0
5913264,41,1,1,0
1310232,41,1,0,1
7656344,41,1,1,0
216248,41,1,0,1
678472,41,1,1,0
2149008,41,1,1,0
681344,41,1,1,0
2107096,41,1,0,1
5044384,41,1,0,1
1404808,41,1,0,1
146952,41,1,1,0
4900200,41,1,1,0
5254264,41,1,1,0
2780176,41,1,0,1
601376,41,1,1,0
5565224,41,1,0,1
543976,41,1,0,1
7977824,41,1,0,1
2028528,41,1,0,1
4897328,41,1,0,1
1028744,41,1,1,0
2705552,41,1,1,0
1355992,41,1,0,1
591256,41,1,0,1
1516096,41,1,1,0
8272440,41,1,1,0
2429936,41,1,0,1
1479176,41,1,0,1
3442504,41,1,1,0
5075600,41,1,0,1
361008,41,1,0,1
7633112,41,1,1,0
3827360,41,1,0,1
1363512,41,1,0,1
437312,41,1,0,1
677232,41,1,0,1
407272,41,1,1,0
5942920,41,1,0,1
4779328,41,1,0,1
851256,41,1,1,0
500672,41,1,1,0
622592,41,1,0,1
5299680,41,1,1,0
5433872,41,1,0,1
7935848,41,1,0,1
1690688,41,1,1,0
6838840,41,1,0,1
3543752,41,1,0,1
1785848,41,1,1,0
1799984,41,1,1,0
494168,41,1,0,1
3400928,41,1,0,1
3056592,41,1,1,0
2576856,41,1,1,0
4301440,41,1,0,1
5335496,41,1,0,1
1213488,41,1,0,1
2224232,41,1,1,0
1844872,41,1,0,1
4615048,41,1,0,1
5538608,41,1,0,1
946280,41,1,0,1
1399944,41,1,1,0
6338264,41,1,1,0
908352,41,1,0,1
454128,41,1,1,0
1888504,41,1,0,1
8030520,41,1,1,0
5612552,41,1,0,1
1751096,41,1,0,1
997024,41,1,0,1
2951648,41,1,0,1
2965240,41,1,1,0
2407128,41,1,0,1
2898072,41,1,1,0
1221808,41,1,0,1
1596224,41,1,1,0
1248712,41,1,1,0
1035336,41,1,1,0
752496,41,1,1,0
1386888,41,1,0,1
3915064,41,1,1,0
7227992,41,1,0,1
1568576,41,1,0,1
7304504,41,1,0,1
4882928,41,1,0,1
2877304,41,1,0,1
6486944,41,1,0,1
1298880,41,1,1,0
2310864,41,1,0,1
2628968,41,1,1,0
5811936,41,1,1,0
349760,41,1,0,1
6298464,41,1,0,1
2346296,41,1,0,1
74000,41,1,0,1
2562432,41,1,0,1
1248616,41,1,1,0
497184,41,1,1,0
644920,41,1,1,0
1181664,41,1,1,0
7832872,41,1,1,0
3163632,41,1,1,0
584984,41,1,0,1
1557464,41,1,0,1
7002168,41,1,0,1
4453560,41,1,1,0
1410592,41,1,1,0
233888,41,1,1,0
5555920,41,1,0,1
6591184,41,1,1,0
8325480,41,1,0,1
260952,41,1,1,0
3007328,41,1,1,0
1832680,41,1,1,0
7231112,41,1,1,0
1770416,41,1,0,1
2053608,41,1,1,0
578312,41,1,0,1
7271192,41,1,1,0
4137328,41,1,0,1
530360,41,1,1,0
5039896,41,1,1,0
3240104,41,1,1,0
8200656,41,1,1,0
3210856,41,1,1,0
6005688,41,1,0,1
8187208,41,1,1,0
563968,41,1,1,0
1137000,41,1,0,1
881000,41,1,1,0
4156168,41,1,1,0
652784,41,1,0,1
749288,41,1,0,1
696240,41,1,0,1
1357368,41,1,0,1
1722024,41,1,0,1
2375024,41,1,0,1
719984,41,1,0,1
7484480,41,1,1,0
585064,41,1,1,0
2437624,41,1,0,1
296064,41,1,0,1
349776,41,1,1,0
2599480,41,1,0,1
6144824,41,1,0,1
1618840,41,1,0,1
909216,41,1,1,0
3508432,41,1,0,1
596592,41,1,0,1
2824480,41,1,1,0
4694944,41,1,1,0
6927288,41,1,1,0
2598272,41,1,0,1
3674672,41,1,1,0
1388448,41,1,1,0
1968200,41,1,1,0
1080904,41,1,0,1
4678992,41,1,0,1
7722704,41,1,1,0
1865376,41,1,1,0
388744,41,1,1,0
2977040,41,1,1,0
2539200,41,1,0,1
3275128,41,1,0,1
6651280,41,1,1,0
2355232,41,1,1,0
1664744,41,1,1,0
4201232,41,1,0,1
955736,41,1,1,0
970568,41,1,1,0
2399656,41,1,1,0
5099808,41,1,1,0
1999544,41,1,1,0
3675104,41,1,0,1
3609968,41,1,1,0
999120,41,1,0,1
5177048,41,1,0,1
1649216,41,1,0,1
2053856,41,1,0,1
2276680,41,1,1,0
1562504,41,1,0,1
2046048,41,1,0,1
736880,41,1,1,0
3575976,41,1,1,0
1173056,41,1,1,0
1748000,41,1,1,0
1028816,41,1,1,0
7545040,41,1,0,1
4003424,41,1,0,1
1195896,41,1,1,0
1013672,41,1,1,0
859624,41,1,1,0
1008488,41,1,1,0
1276928,41,1,0,1
6087456,41,1,1,0
1103208,41,1,0,1
4479456,41,1,1,0
3944176,41,1,1,0
2477112,41,1,1,0
701976,41,1,1,0
2581464,41,1,0,1
4778488,41,1,0,1
2838704,41,1,0,1
4232136,41,1,1,0
393016,41,1,0,1
3275000,41,1,0,1
7705168,41,1,0,1
2142296,41,1,1,0
5469760,41,1,1,0
1483256,41,1,0,1
912744,41,1,1,0
723144,41,1,1,0
8036656,41,1,0,1
2839624,41,1,1,0
1609432,41,1,0,1
1260856,41,1,0,1
2388352,41,1,0,1
710240,41,1,0,1
2477224,41,1,1,0
379704,41,1,0,1
4688120,41,1,1,0
1503184,41,1,1,0
253064,41,1,0,1
3281344,41,1,1,0
2411656,41,1,0,1
3004024,41,1,1,0
1890536,41,1,1,0
4143432,41,1,0,1
2983632,41,1,0,1
953064,41,1,1,0
4688992,41,1,1,0
2293232,41,1,0,1
1415984,41,1,1,0
1847624,41,1,0,1
1867736,41,1,0,1
1968672,41,1,0,1
1645120,41,1,1,0
2988144,41,1,0,1
5174608,41,1,0,1
496376,41,1,1,0
115224,41,1,0,1
5313488,41,1,1,0
3867096,41,1,0,1
6822280,41,1,1,0
866040,41,1,0,1
7330104,41,1,0,1
1094928,41,1,0,1
684056,41,1,1,0
1186752,41,1,1,0
5423000,41,1,1,0
1388976,41,1,0,1
1265752,41,1,1,0
2919352,41,1,0,1
7569576,41,1,1,0
958744,41,1,0,1
328920,41,1,1,0
6776528,41,1,0,1
4014192,41,1,1,0
1277328,41,1,0,1
4406000,41,1,0,1
910160,41,1,1,0
3147928,41,1,1,0
3771024,41,1,1,0
2325768,41,1,0,1
5659672,41,1,0,1
938328,41,1,1,0
5087304,41,1,0,1
384360,41,1,1,0
2391784,41,1,0,1
847088,41,1,1,0
1001328,41,1,1,0
1861784,41,1,1,0
1862112,41,1,0,1
1286368,41,1,1,0
6564112,41,1,1,0
1972952,41,1,0,1
2281592,41,1,1,0
7301144,41,1,1,0
1585864,41,1,1,0
4622152,41,1,1,0
638192,41,1,1,0
6963696,41,1,1,0
2374952,41,1,0,1
6350024,41,1,1,0
369024,41,1,0,1
835336,41,1,0,1
1144704,41,1,0,1
4677872,41,1,1,0
635256,41,1,0,1
2530112,41,1,1,0
2888640,41,1,1,0
2478992,41,1,0,1
259192,41,1,0,1
547424,41,1,0,1
2690040,41,1,0,1
2566536,41,1,0,1
898024,41,1,1,0
1612936,41,1,0,1
5354296,41,1,1,0
1816824,41,1,0,1
156928,41,1,0,1
1742392,41,1,0,1
2787952,41,1,1,0
998728,41,1,1,0
2856928,41,1,1,0
1139328,41,1,0,1
6908144,41,1,0,1
1384472,41,1,1,0
1301072,41,1,1,0
5487872,41,1,1,0
1099048,41,1,0,1
1223440,41,1,0,1
427208,41,1,1,0
2847128,41,1,0,1
713488,41,1,1,0
1980144,41,1,1,0
2679456,41,1,1,0
6654296,41,1,0,1
6866456,41,1,0,1
511496,41,1,0,1
578760,41,1,0,1
3665488,41,1,0,1
170752,41,1,1,0
1100944,41,1,1,0
109008,41,1,1,0
1572760,41,1,1,0
7131352,41,1,1,0
784824,41,1,1,0
2943184,41,1,1,0
1273208,41,1,0,1
2247328,41,1,1,0
934336,41,1,0,1
3667200,41,1,0,1
8038176,41,1,1,0
148368,41,1,1,0
1909232,41,1,1,0
4581496,41,1,1,0
555376,41,1,0,1
6049976,41,1,0,1
1001976,41,1,1,0
6047432,41,1,1,0
296216,41,1,0,1
5591064,41,1,1,0
2236104,41,1,0,1
757000,41,1,0,1
234248,41,1,0,1
2307944,41,1,1,0
7489296,41,1,1,0
7800408,41,1,1,0
2323280,41,1,0,1
2022040,41,1,0,1
303944,41,1,1,0
288240,41,1,1,0
679896,41,1,0,1
3306480,41,1,1,0
1591904,41,1,0,1
296496,41,1,1,0
3284360,41,1,1,0
4944856,41,1,0,1
7887968,41,1,1,0
1423312,41,1,0,1
4349728,41,1,0,1
2381248,41,1,0,1
200528,41,1,1,0
3113248,41,1,1,0
3877488,41,1,0,1
3895064,41,1,1,0
312264,41,1,0,1
2617416,41,1,0,1
2500312,41,1,1,0
7376424,41,1,1,0
7319696,41,1,1,0
1394680,41,1,1,0
821208,41,1,1,0
675592,41,1,1,0
6634944,41,1,1,0
4524904,41,1,0,1
828120,41,1,0,1
2556568,41,1,0,1
5591856,41,1,1,0
4999408,41,1,0,1
6778736,41,1,0,1
2311968,41,1,1,0
5316576,41,1,1,0
440536,41,1,1,0
1095744,41,1,1,0
267096,41,1,1,0
3913568,41,1,0,1
3576248,41,1,1,0
1450976,41,1,1,0
3212336,41,1,1,0
3189320,41,1,0,1
5731112,41,1,1,0
7918680,41,1,0,1
1093600,41,1,0,1
6103312,41,1,0,1
7048816,41,1,1,0
1280120,41,1,0,1
3217856,41,1,0,1
6631424,41,1,1,0
4187880,41,1,0,1
1476536,41,1,0,1
502424,41,1,1,0
4171264,41,1,0,1
4044104,41,1,1,0
1553520,41,1,1,0
2153040,41,1,0,1
268440,41,1,1,0
7522992,41,1,1,0
915648,41,1,1,0
6445472,41,1,0,1
953864,41,1,0,1
5128120,41,1,1,0
1900800,41,1,1,0
1722584,41,1,1,0
561432,41,1,0,1
3731384,41,1,1,0
1928880,41,1,1,0
1952440,41,1,1,0
1742600,41,1,0,1
7504384,41,1,1,0
4154256,41,1,0,1
918784,41,1,1,0
2611448,41,1,0,1
1125888,41,1,1,0
3695400,41,1,1,0
6095712,41,1,1,0
2377896,41,1,1,0
4083600,41,1,1,0
629808,41,1,1,0
5498608,41,1,0,1
4681816,41,1,1,0
1663120,41,1,0,1
266096,41,1,0,1
3086408,41,1,0,1
2124560,41,1,0,1
5954592,41,1,1,0
836744,41,1,0,1
8339008,41,1,0,1
6703568,41,1,1,0
5009456,41,1,0,1
2154056,41,1,1,0
5639944,41,1,1,0
4760232,41,1,1,0
1140720,41,1,0,1
1372808,41,1,1,0
2401328,41,1,0,1
2440008,41,1,0,1
676880,41,1,0,1
5987640,41,1,0,1
5807408,41,1,0,1
664688,41,1,0,1
1398840,41,1,0,1
1851824,41,1,0,1
3318176,41,1,1,0
2827696,41,1,0,1
6850016,41,1,0,1
1678544,41,1,0,1
867256,41,1,1,0
2673400,41,1,1,0
5531400,41,1,1,0
5045864,41,1,0,1
7280360,41,1,1,0
661016,41,1,1,0
765784,41,1,0,1
1524296,41,1,0,1
3320864,41,1,0,1
2134944,41,1,1,0
664632,41,1,0,1
966568,41,1,1,0
1999096,41,1,0,1
772416,41,1,1,0
348632,41,1,0,1
3928544,41,1,0,1
1547728,41,1,1,0
6553608,41,1,0,1
388536,41,1,1,0
772872,41,1,0,1
3218328,41,1,0,1
3265208,41,1,1,0
7067624,41,1,0,1
6015144,41,1,0,1
1706240,41,1,1,0
3661088,41,1,0,1
1062960,41,1,0,1
627832,41,1,0,1
288792,41,1,0,1
2219104,41,1,0,1
6504792,41,1,1,0
2231056,41,1,0,1
6473912,41,1,0,1
6357920,41,1,1,0
2520048,41,1,1,0
7106448,41,1,1,0
6096200,41,1,0,1
280152,41,1,0,1
2641632,41,1,0,1
808720,41,1,0,1
1788920,41,1,0,1
1331208,41,1,0,1
1385552,41,1,0,1
968920,41,1,1,0
2623976,41,1,1,0
4029256,41,1,0,1
529168,41,1,1,0
3428096,41,1,1,0
640776,41,1,1,0
5347904,41,1,1,0
959544,41,1,1,0
1603496,41,1,1,0
245480,41,1,0,1
1859192,41,1,0,1
1623064,41,1,0,1
4886432,41,1,1,0
7412680,41,1,0,1
2062760,41,1,1,0
5000024,41,1,1,0
1201544,41,1,1,0
932416,41,1,0,1
6605792,41,1,0,1
1287968,41,1,0,1
491968,41,1,0,1
541176,41,1,0,1
1140608,41,1,1,0
1902864,41,1,0,1
591784,41,1,0,1
499688,41,1,1,0
5395656,41,1,0,1
1552440,41,1,1,0
6695584,41,1,1,0
2939688,41,1,1,0
679912,41,1,1,0
321184,41,1,0,1
2439240,41,1,0,1
1500176,41,1,1,0
505888,41,1,0,1
1225272,41,1,1,0
144456,41,1,0,1
2327224,41,1,0,1
7043928,41,1,1,0
2584848,41,1,0,1
1034240,41,1,0,1
1401960,41,1,1,0
6899464,41,1,0,1
1420464,41,1,1,0
5374704,41,1,1,0
309384,41,1,0,1
7864592,41,1,0,1
1536432,41,1,0,1
2136920,41,1,0,1
2647648,41,1,1,0
866800,41,1,1,0
5090032,41,1,0,1
548584,41,1,0,1
4057912,41,1,1,0
2931816,41,1,0,1
898968,41,1,0,1
4652144,41,1,0,1
1190784,41,1,1,0
714176,41,1,1,0
2613040,41,1,0,1
809704,41,1,1,0
3993040,41,1,0,1
3173272,41,1,1,0
2757496,41,1,1,0
2411368,41,1,0,1
1621272,41,1,0,1
4415016,41,1,0,1
5873504,41,1,1,0
8109880,41,1,1,0
2485200,41,1,0,1
6500008,41,1,1,0
748296,41,1,0,1
4754496,41,1,1,0
2791544,41,1,1,0
2105560,41,1,1,0
4997984,41,1,1,0
6747872,41,1,1,0
957032,41,1,1,0
1036240,41,1,0,1
4545288,41,1,0,1
1866920,41,1,0,1
343184,41,1,1,0
5014792,41,1,0,1
1028056,41,1,0,1
688008,41,1,0,1
7922648,41,1,0,1
3975304,42,1,1,0
8264080,42,1,1,0
2990096,42,1,1,0
4517040,42,1,0,1
4132208,42,1,1,0
1499736,42,1,0,1
1675184,42,1,1,0
6497360,42,1,0,1
3527408,42,1,0,1
7371616,42,1,0,1
3397256,42,1,0,1
4066304,42,1,0,1
5747688,42,1,1,0
2261872,42,1,0,1
3370832,42,1,1,0
8110368,42,1,1,0
2671192,42,1,0,1
343312,42,1,1,0
4833184,42,1,1,0
5687280,42,1,0,1
6530648,42,1,1,0
2590288,42,1,1,0
596816,42,1,1,0
3363432,42,1,0,1
3812992,42,1,1,0
5928936,42,1,0,1
1316776,42,1,0,1
5621720,42,1,1,0
2452248,42,1,0,1
5045528,42,1,1,0
7095536,42,1,1,0
1443600,42,1,1,0
246672,42,1,0,1
7594640,42,1,1,0
4569952,42,1,1,0
1097160,42,1,0,1
2651416,42,1,0,1
740936,42,1,0,1
5658280,42,1,1,0
393024,42,1,1,0
2103016,42,1,1,0
2924912,42,1,1,0
2884952,42,1,0,1
3231008,42,1,1,0
180576,42,1,0,1
1328552,42,1,1,0
440976,42,1,1,0
1882896,42,1,0,1
4101632,42,1,1,0
129272,42,1,1,0
6973744,42,1,1,0
2105928,42,1,0,1
7722144,42,1,1,0
3093192,42,1,1,0
3543720,42,1,1,0
403808,42,1,0,1
2398200,42,1,0,1
7305840,42,1,1,0
6239048,42,1,0,1
406296,42,1,1,0
7140408,42,1,1,0
8059672,42,1,1,0
3672328,42,1,0,1
2044752,42,1,0,1
3230408,42,1,1,0
7592952,42,1,1,0
1134552,42,1,1,0
929336,42,1,1,0
7832056,42,1,1,0
386536,42,1,1,0
3552408,42,1,0,1
949912,42,1,0,1
6662848,42,1,1,0
1437768,42,1,1,0
630400,42,1,1,0
303760,42,1,1,0
1860792,42,1,0,1
3708800,42,1,0,1
647160,42,1,0,1
518616,42,1,1,0
6049744,42,1,1,0
6325176,42,1,0,1
4526016,42,1,1,0
8386184,42,1,0,1
6412128,42,1,0,1
254984,42,1,1,0
1558992,42,1,0,1
3118696,42,1,1,0
146144,42,1,0,1
1286328,42,1,1,0
429640,42,1,1,0
8289528,42,1,0,1
968816,42,1,1,0
3981592,42,1,0,1
3058544,42,1,1,0
3140512,42,1,0,1
2030744,42,1,1,0
7096992,42,1,0,1
4233000,42,1,0,1
2584512,42,1,0,1
518528,42,1,0,1
1576824,42,1,1,0
1044136,42,1,0,1
721984,42,1,0,1
4828152,42,1,1,0
2810984,42,1,0,1
516096,42,1,0,1
4888424,42,1,1,0
931936,42,1,0,1
6295784,42,1,1,0
1754128,42,1,0,1
2477880,42,1,1,0
2149936,42,1,0,1
199112,42,1,1,0
1001824,42,1,1,0
3386400,42,1,1,0
7669536,42,1,1,0
379272,42,1,1,0
1663296,42,1,1,0
6689752,42,1,0,1
3022456,42,1,0,1
522136,42,1,0,1
2147392,42,1,0,1
5847568,42,1,1,0
1318200,42,1,0,1
1982752,42,1,0,1
2243168,42,1,0,1
693432,42,1,1,0
2384072,42,1,1,0
5344448,42,1,1,0
642888,42,1,0,1
358272,42,1,0,1
7961488,42,1,0,1
2486648,42,1,0,1
442312,42,1,1,0
2699312,42,1,0,1
5399256,42,1,1,0
3253848,42,1,1,0
6960088,42,1,1,0
6448848,42,1,0,1
4829272,42,1,0,1
1641144,42,1,1,0
2182032,42,1,1,0
1552760,42,1,0,1
5482752,42,1,1,0
3385280,42,1,0,1
2654568,42,1,0,1
3264128,42,1,1,0
1445040,42,1,1,0
2502680,42,1,1,0
373280,42,1,0,1
2234008,42,1,0,1
1574848,42,1,1,0
1109928,42,1,0,1
6604984,42,1,1,0
4205192,42,1,1,0
1234736,42,1,1,0
1366256,42,1,0,1
6111360,42,1,0,1
957584,42,1,0,1
5283656,42,1,1,0
754008,42,1,1,0
480808,42,1,1,0
5983928,42,1,0,1
1836800,42,1,0,1
7740488,42,1,0,1
2785232,42,1,0,1
5374344,42,1,0,1
147136,42,1,0,1
771136,42,1,0,1
4550032,42,1,1,0
632112,42,1,0,1
1624952,42,1,0,1
5692976,42,1,0,1
7595184,42,1,1,0
2518048,42,1,1,0
770504,42,1,1,0
1871224,42,1,0,1
6676008,42,1,0,1
318608,42,1,1,0
6293736,42,1,1,0
566960,42,1,0,1
1245176,42,1,0,1
5924136,42,1,1,0
207896,42,1,0,1
1746200,42,1,0,1
473080,42,1,1,0
485800,42,1,1,0
1065912,42,1,0,1
5511104,42,1,0,1
5576800,42,1,0,1
1696944,42,1,0,1
316376,42,1,0,1
1252384,42,1,0,1
635560,42,1,0,1
1830816,42,1,1,0
4494568,42,1,1,0
4786200,42,1,1,0
4941616,42,1,1,0
3900104,42,1,1,0
3682720,42,1,0,1
1217544,42,1,1,0
2873088,42,1,0,1
3220920,42,1,0,1
625792,42,1,1,0
5732088,42,1,1,0
634160,42,1,1,0
767704,42,1,1,0
3740432,42,1,0,1
440624,42,1,1,0
4090440,42,1,1,0
1894600,42,1,0,1
5268616,42,1,0,1
958328,42,1,1,0
4001416,42,1,1,0
1053488,42,1,0,1
901872,42,1,0,1
3112008,42,1,1,0
3279648,42,1,1,0
396168,42,1,1,0
1810376,42,1,0,1
3364000,42,1,0,1
369992,42,1,1,0
2174696,42,1,0,1
4408432,42,1,0,1
2177208,42,1,1,0
2238136,42,1,0,1
1157296,42,1,0,1
5214512,42,1,1,0
385168,42,1,1,0
2482400,42,1,1,0
3163080,42,1,0,1
1464752,42,1,0,1
742592,42,1,0,1
970032,42,1,0,1
1254504,42,1,0,1
4934456,42,1,0,1
276024,42,1,1,0
2294768,42,1,1,0
927680,42,1,1,0
1155216,42,1,0,1
963120,42,1,1,0
7739456,42,1,1,0
422376,42,1,0,1
1922448,42,1,1,0
475048,42,1,1,0
2571664,42,1,1,0
2808280,42,1,0,1
1744936,42,1,0,1
1675680,42,1,1,0
2349576,42,1,0,1
2185056,42,1,1,0
6732256,42,1,1,0
496224,42,1,1,0
6926760,42,1,1,0
2613448,42,1,1,0
1395168,42,1,1,0
547152,42,1,1,0
659776,42,1,1,0
2226432,42,1,0,1
7840432,42,1,0,1
1219256,42,1,1,0
1733336,42,1,0,1
8017096,42,1,0,1
1954816,42,1,0,1
7694288,42,1,0,1
2657008,42,1,1,0
5332504,42,1,0,1
6579272,42,1,0,1
467672,42,1,0,1
1132840,42,1,1,0
4459424,42,1,1,0
5927784,42,1,1,0
2159808,42,1,1,0
5423024,42,1,1,0
890296,42,1,1,0
3499848,42,1,0,1
7684632,42,1,1,0
1981080,42,1,0,1
731016,42,1,1,0
4970048,42,1,0,1
2389248,42,1,1,0
839104,42,1,0,1
673832,42,1,1,0
435232,42,1,1,0
4773760,42,1,1,0
5448576,42,1,1,0
716416,42,1,0,1
172016,42,1,0,1
3624264,42,1,0,1
774872,42,1,1,0
7399544,42,1,0,1
2676936,42,1,1,0
2290272,42,1,1,0
5166080,42,1,1,0
2738112,42,1,0,1
558632,42,1,1,0
1192840,42,1,0,1
6933344,42,1,1,0
1656584,42,1,1,0
2921080,42,1,1,0
1570688,42,1,1,0
1466080,42,1,1,0
7742232,42,1,1,0
6658752,42,1,0,1
7384288,42,1,1,0
2327760,42,1,0,1
6780288,42,1,1,0
1823904,42,1,1,0
3790120,42,1,1,0
5744152,42,1,1,0
938600,42,1,1,0
582744,42,1,0,1
1747104,42,1,0,1
1442888,42,1,1,0
3792352,42,1,1,0
522528,42,1,0,1
672504,42,1,1,0
536592,42,1,0,1
2125184,42,1,1,0
1524864,42,1,0,1
1217080,42,1,0,1
264968,42,1,1,0
547200,42,1,1,0
7787192,42,1,0,1
3532048,42,1,0,1
645528,42,1,0,1
7967192,42,1,0,1
3488688,42,1,0,1
7116208,42,1,1,0
345800,42,1,1,0
4788120,42,1,1,0
7008144,42,1,0,1
3463880,42,1,1,0
7300256,42,1,0,1
7170504,42,1,0,1
1583912,42,1,0,1
6949656,42,1,1,0
3915096,42,1,0,1
3715664,42,1,0,1
218176,42,1,0,1
2555680,42,1,1,0
2351672,42,1,0,1
5296032,42,1,1,0
4907040,42,1,1,0
1544720,42,1,0,1
788376,42,1,1,0
7047240,42,1,1,0
6801720,42,1,0,1
429368,42,1,1,0
209056,42,1,0,1
1553664,42,1,1,0
3270080,42,1,1,0
386192,42,1,1,0
7374992,42,1,0,1
1438504,42,1,0,1
1711768,42,1,0,1
1542648,42,1,0,1
2968864,42,1,1,0
341800,42,1,0,1
3236696,42,1,1,0
4404776,42,1,0,1
1039504,42,1,1,0
718352,42,1,0,1
1097888,42,1,0,1
5077936,42,1,0,1
944808,42,1,0,1
6422184,42,1,1,0
694592,42,1,0,1
6303056,42,1,0,1
607912,42,1,0,1
2388880,42,1,0,1
3245752,42,1,0,1
603632,42,1,1,0
2462224,42,1,0,1
6360528,42,1,1,0
385272,42,1,1,0
6031888,42,1,1,0
5804656,42,1,0,1
446408,42,1,0,1
3703336,42,1,1,0
305600,42,1,0,1
1851056,42,1,0,1
121360,42,1,0,1
2746784,42,1,0,1
4349352,42,1,1,0
4866856,42,1,1,0
453080,42,1,0,1
2446912,42,1,1,0
1179784,42,1,1,0
3716928,42,1,1,0
2522176,42,1,0,1
1896920,42,1,0,1
6522584,42,1,1,0
269296,42,1,1,0
1242424,42,1,1,0
5355376,42,1,0,1
2456320,42,1,1,0
2330864,42,1,1,0
3672112,42,1,0,1
6043456,42,1,0,1
6613952,42,1,1,0
1603624,42,1,0,1
4934424,42,1,1,0
4541816,42,1,1,0
1686648,42,1,0,1
700520,42,1,0,1
322640,42,1,0,1
301112,42,1,1,0
5307560,42,1,0,1
5260248,42,1,0,1
5862040,42,1,1,0
3277096,42,1,1,0
6850720,42,1,1,0
954544,42,1,0,1
5756872,42,1,1,0
2410304,42,1,0,1
5750928,42,1,1,0
6022096,42,1,0,1
2895584,42,1,0,1
1494816,42,1,0,1
991288,42,1,0,1
4189464,42,1,1,0
5141680,42,1,1,0
7586480,42,1,0,1
2453392,42,1,1,0
4778888,42,1,0,1
2293376,42,1,1,0
7591896,42,1,0,1
2121344,42,1,1,0
3054600,42,1,1,0
4128992,42,1,1,0
1525360,42,1,0,1
2098808,42,1,1,0
314784,42,1,1,0
4087120,42,1,1,0
4335464,42,1,1,0
6153800,42,1,0,1
1758176,42,1,0,1
688480,42,1,1,0
2651720,42,1,1,0
1288640,42,1,1,0
392616,42,1,0,1
271488,42,1,0,1
1101792,42,1,0,1
3359560,42,1,1,0
1660928,42,1,0,1
3222928,42,1,0,1
401040,42,1,0,1
735864,42,1,0,1
321536,42,1,1,0
3097712,42,1,1,0
4438256,42,1,1,0
5320864,42,1,1,0
3537096,42,1,0,1
1863816,42,1,0,1
4643856,42,1,1,0
4177072,42,1,1,0
7991048,42,1,0,1
3231664,42,1,0,1
1628808,42,1,0,1
374824,42,1,1,0
4651584,42,1,1,0
4078856,42,1,1,0
5920000,42,1,0,1
3828800,42,1,1,0
244208,42,1,0,1
1529440,42,1,1,0
2188696,42,1,0,1
1747088,42,1,0,1
2432232,42,1,1,0
4068992,42,1,0,1
6147784,42,1,0,1
908720,42,1,0,1
5655512,42,1,0,1
415000,42,1,1,0
2181520,42,1,1,0
6379784,42,1,0,1
577760,42,1,1,0
2959352,42,1,0,1
495576,42,1,0,1
1923624,42,1,1,0
2841752,42,1,1,0
450032,42,1,1,0
2445752,42,1,0,1
266496,42,1,1,0
359816,42,1,0,1
1929456,42,1,1,0
8263136,42,1,1,0
2180384,42,1,1,0
5570976,42,1,0,1
5053328,42,1,0,1
3361432,42,1,0,1
6782968,42,1,0,1
1140040,42,1,0,1
5787160,42,1,1,0
6695768,42,1,0,1
650608,42,1,0,1
1528288,42,1,0,1
2005576,42,1,1,0
6925312,42,1,1,0
2319688,42,1,1,0
419816,42,1,0,1
8247000,42,1,0,1
373784,42,1,1,0
2209800,42,1,0,1
1692736,42,1,1,0
5820288,42,1,1,0
3535144,42,1,1,0
1323960,42,1,0,1
4294400,42,1,1,0
7926304,42,1,1,0
3245552,42,1,1,0
471576,42,1,0,1
3254968,42,1,1,0
457488,42,1,1,0
1113728,42,1,1,0
3902448,42,1,0,1
730616,42,1,1,0
2151544,42,1,1,0
3975048,42,1,0,1
728992,42,1,0,1
118328,42,1,1,0
1520904,42,1,0,1
489320,42,1,1,0
3335344,42,1,0,1
8154800,42,1,0,1
5415184,42,1,0,1
3537576,42,1,0,1
2837816,42,1,1,0
6835008,42,1,0,1
752760,42,1,0,1
1798120,42,1,1,0
1220312,42,1,1,0
5070160,42,1,1,0
3065080,42,1,0,1
6901168,42,1,0,1
823104,42,1,1,0
1793512,42,1,1,0
2725576,42,1,1,0
418320,42,1,1,0
4114600,42,1,1,0
4907744,42,1,1,0
2262384,42,1,1,0
1627472,42,1,0,1
8313600,42,1,1,0
3254648,42,1,0,1
910760,42,1,1,0
4848688,42,1,0,1
2135056,42,1,0,1
3027744,42,1,1,0
6836552,42,1,0,1
8188280,42,1,1,0
7925128,42,1,1,0
7594616,42,1,1,0
5991592,42,1,1,0
119664,42,1,1,0
6168624,42,1,0,1
952472,42,1,1,0
4613848,42,1,1,0
861504,42,1,1,0
1743808,42,1,0,1
984752,42,1,1,0
8247256,42,1,1,0
2996984,42,1,1,0
3710120,42,1,1,0
1321976,42,1,0,1
484672,42,1,0,1
243560,42,1,1,0
1356560,42,1,1,0
7418320,42,1,0,1
381288,42,1,1,0
5028224,42,1,1,0
819360,42,1,0,1
2055352,42,1,1,0
417928,42,1,1,0
171464,42,1,0,1
6616928,42,1,0,1
1507328,42,1,0,1
335000,42,1,0,1
3857568,42,1,0,1
3359304,42,1,0,1
276336,42,1,0,1
6174848,42,1,0,1
1033096,42,1,0,1
6355576,42,1,1,0
1744792,42,1,1,0
4038064,42,1,0,1
5500192,42,1,0,1
6604304,42,1,1,0
6500112,42,1,0,1
961736,42,1,1,0
4549504,42,1,0,1
6477384,42,1,1,0
566384,42,1,1,0
2614984,42,1,0,1
567184,42,1,0,1
1962584,42,1,1,0
5662560,42,1,1,0
1356872,42,1,0,1
3980552,42,1,0,1
2429664,42,1,0,1
875608,42,1,0,1
1665360,42,1,0,1
5106256,42,1,1,0
2825912,42,1,1,0
2077768,42,1,1,0
6100672,42,1,0,1
1110664,42,1,0,1
7968144,42,1,1,0
6109632,42,1,0,1
4063016,42,1,1,0
141992,42,1,0,1
4628264,42,1,1,0
2620544,42,1,1,0
725664,42,1,1,0
8134904,42,1,0,1
543056,42,1,1,0
1891312,42,1,1,0
1232800,42,1,1,0
6429128,42,1,0,1
375000,42,1,1,0
819488,42,1,1,0
7579944,42,1,1,0
1470408,42,1,0,1
5149520,42,1,1,0
1704360,42,1,0,1
6120816,42,1,0,1
3975984,42,1,1,0
188568,42,1,1,0
118688,42,1,1,0
719880,42,1,0,1
229320,42,1,1,0
835672,42,1,1,0
2304248,42,1,1,0
694976,42,1,0,1
1238160,42,1,1,0
6140944,42,1,0,1
3174600,42,1,1,0
930768,42,1,1,0
1472536,42,1,0,1
2977440,42,1,0,1
1460800,42,1,1,0
4185552,42,1,0,1
3019288,42,1,1,0
5321696,42,1,1,0
1853640,42,1,1,0
3480272,42,1,1,0
4701880,42,1,1,0
1216608,42,1,0,1
194808,42,1,0,1
7463520,42,1,1,0
5698248,42,1,1,0
439072,42,1,1,0
2860120,42,1,1,0
108776,42,1,1,0
6904600,42,1,0,1
373728,42,1,1,0
7205600,42,1,0,1
2110536,42,1,0,1
1376232,42,1,1,0
558928,42,1,1,0
751776,42,1,1,0
5630736,42,1,0,1
652744,42,1,0,1
4566232,42,1,1,0
8216152,42,1,1,0
673880,42,1,1,0
1934880,42,1,1,0
1170928,42,1,1,0
664488,42,1,0,1
94656,42,1,1,0
314392,42,1,1,0
734200,42,1,0,1
4312272,42,1,0,1
6128560,42,1,0,1
1311904,42,1,0,1
343176,42,1,1,0
2185024,42,1,1,0
1916096,42,1,1,0
4951904,42,1,0,1
7835896,42,1,0,1
3863024,42,1,1,0
2862368,42,1,0,1
2522680,42,1,0,1
358552,42,1,1,0
930224,42,1,1,0
2759624,42,1,0,1
3516976,42,1,1,0
7895040,42,1,1,0
2234424,42,1,0,1
4814984,42,1,1,0
6908984,42,1,0,1
2408752,42,1,1,0
3824256,42,1,1,0
1754024,42,1,1,0
681176,42,1,1,0
1830160,42,1,0,1
2549960,42,1,1,0
3699592,42,1,0,1
4297664,42,1,1,0
5948816,42,1,0,1
2918280,42,1,0,1
1670912,42,1,0,1
891920,42,1,0,1
1690800,42,1,0,1
4138368,42,1,0,1
4245576,42,1,1,0
3902536,42,1,0,1
3749320,42,1,0,1
680960,42,1,1,0
1316640,42,1,0,1
4196608,42,1,1,0
450976,42,1,0,1
1256832,42,1,0,1
380336,42,1,1,0
6692872,42,1,0,1
637568,42,1,0,1
2362456,42,1,0,1
617856,42,1,0,1
231488,42,1,0,1
4488216,42,1,1,0
379152,42,1,1,0
1479896,42,1,0,1
3886704,42,1,0,1
960112,42,1,1,0
1385576,42,1,0,1
194192,42,1,1,0
1495912,42,1,1,0
8236264,42,1,0,1
919384,42,1,1,0
898224,42,1,1,0
4501720,42,1,1,0
1190480,42,1,1,0
940976,42,1,0,1
3590008,42,1,1,0
3459520,42,1,0,1
328352,42,1,1,0
3823800,42,1,0,1
1734816,42,1,0,1
3512400,42,1,0,1
1405320,42,1,1,0
939480,42,1,0,1
4032328,42,1,0,1
7286832,42,1,1,0
766616,42,1,0,1
5512184,42,1,1,0
1197936,42,1,0,1
7360880,42,1,1,0
4051520,42,1,0,1
3271368,42,1,0,1
1384408,42,1,1,0
4838056,42,1,0,1
1344272,42,1,1,0
3028584,42,1,1,0
2062128,42,1,1,0
285864,42,1,1,0
3158544,42,1,0,1
8177136,42,1,1,0
1701088,42,1,0,1
1705928,42,1,1,0
683536,42,1,1,0
2723512,42,1,1,0
4683928,42,1,0,1
716224,42,1,0,1
983200,42,1,0,1
1400552,42,1,0,1
6194992,42,1,0,1
1086832,42,1,1,0
1172952,42,1,0,1
4208696,42,1,0,1
873096,42,1,1,0
8328680,42,1,1,0
5263632,42,1,0,1
2355656,42,1,0,1
1963584,42,1,1,0
382616,42,1,0,1
5202920,42,1,0,1
1650040,42,1,1,0
539552,42,1,1,0
1690040,42,1,1,0
3674880,42,1,0,1
4416760,42,1,1,0
466176,42,1,1,0
5700320,42,1,1,0
958304,42,1,1,0
497696,42,1,1,0
1251408,42,1,0,1
1947592,42,1,0,1
1245048,42,1,0,1
3585336,42,1,0,1
1566984,42,1,0,1
2787008,42,1,1,0
344616,42,1,1,0
1276920,42,1,0,1
488696,42,1,1,0
213560,42,1,1,0
1622872,42,1,0,1
4308904,42,1,1,0
6485600,42,1,0,1
242576,42,1,0,1
4376200,42,1,0,1
3950384,42,1,0,1
1218552,42,1,1,0
2302264,42,1,1,0
5395760,42,1,1,0
2277368,42,1,0,1
658680,42,1,0,1
4438576,42,1,1,0
1418232,42,1,1,0
379856,42,1,0,1
7216184,42,1,0,1
514568,42,1,1,0
1820152,42,1,0,1
2457240,42,1,1,0
890632,42,1,1,0
2242272,42,1,1,0
471976,42,1,1,0
2663768,42,1,1,0
7810272,42,1,1,0
5449528,42,1,1,0
5616032,42,1,1,0
5776056,42,1,0,1
972592,42,1,0,1
661752,42,1,0,1
4074088,42,1,0,1
4710688,42,1,1,0
368392,42,1,1,0
498184,42,1,1,0
515840,42,1,0,1
1659464,42,1,1,0
1095424,42,1,0,1
5529336,42,1,0,1
869304,42,1,1,0
386384,42,1,0,1
3640008,42,1,1,0
5520024,42,1,0,1
7172312,42,1,0,1
730144,42,1,1,0
4836288,42,1,1,0
3280424,42,1,0,1
2920928,42,1,0,1
623344,42,1,0,1
1949048,42,1,1,0
500568,42,1,1,0
2405648,42,1,1,0
1099328,42,1,1,0
846344,42,1,1,0
5192176,42,1,1,0
6012808,42,1,0,1
758896,42,1,1,0
766784,42,1,0,1
2153472,42,1,1,0
312968,42,1,0,1
1127672,42,1,1,0
4001440,42,1,0,1
3967424,42,1,0,1
1916696,42,1,1,0
2455344,42,1,0,1
3855328,42,1,0,1
1039904,42,1,1,0
501416,42,1,0,1
6041216,42,1,0,1
621120,42,1,0,1
2583640,42,1,0,1
3186456,42,1,1,0
2836608,42,1,0,1
1827136,42,1,0,1
637008,42,1,1,0
1394016,42,1,0,1
2264544,42,1,1,0
8342184,42,1,1,0
3617432,42,1,0,1
5622080,42,1,0,1
6653112,42,1,0,1
2947928,42,1,0,1
733120,42,1,0,1
412632,42,1,1,0
8022344,42,1,1,0
448288,42,1,0,1
230096,42,1,1,0
563632,42,1,0,1
6544336,42,1,0,1
3063872,42,1,1,0
1122848,42,1,1,0
138264,42,1,1,0
1172176,42,1,0,1
5696264,42,1,1,0
1663328,42,1,0,1
3582072,42,1,0,1
3031496,42,1,1,0
3054752,42,1,0,1
2978736,42,1,1,0
1007600,42,1,0,1
8262128,42,1,0,1
2174264,42,1,0,1
709304,42,1,0,1
661768,42,1,0,1
4721728,42,1,1,0
1977600,42,1,1,0
470328,42,1,0,1
1248632,42,1,0,1
2961048,42,1,1,0
707552,42,1,1,0
647840,42,1,1,0
686712,42,1,0,1
7935976,42,1,1,0
2212264,42,1,1,0
8376552,42,1,0,1
2070160,42,1,0,1
4428696,42,1,0,1
2135680,42,1,1,0
2874184,42,1,0,1
3669392,42,1,0,1
4603048,42,1,1,0
3325552,42,1,1,0
750816,42,1,1,0
4154632,42,1,0,1
6071248,42,1,0,1
4703280,42,1,0,1
116032,42,1,0,1
8234112,42,1,1,0
3042752,42,1,0,1
2459608,42,1,0,1
8264616,42,1,0,1
1126920,42,1,0,1
2559312,42,1,1,0
1887000,42,1,1,0
3763736,42,1,1,0
1812224,42,1,0,1
4587816,42,1,1,0
994584,42,1,0,1
5322544,42,1,1,0
5171848,42,1,1,0
2519696,42,1,1,0
2582384,42,1,1,0
936312,42,1,1,0
2046120,42,1,1,0
7766320,42,1,0,1
3292952,42,1,0,1
3444064,42,1,0,1
5548184,42,1,0,1
1504272,42,1,1,0
3011608,42,1,1,0
1508664,42,1,0,1
954880,42,1,0,1
5940088,42,1,1,0
1248848,42,1,0,1
3885552,42,1,0,1
429752,42,1,0,1
633360,42,1,0,1
5748888,42,1,1,0
2182232,42,1,1,0
4735952,42,1,1,0
3513656,42,1,0,1
1232232,42,1,0,1
998768,42,1,0,1
3134904,42,1,0,1
239584,42,1,1,0
1352248,42,1,1,0
4235864,42,1,0,1
3408120,42,1,0,1
1281232,42,1,1,0
7153192,42,1,1,0
3727016,42,1,0,1
374024,42,1,1,0
4382080,42,1,0,1
3066112,42,1,0,1
7026672,42,1,0,1
1023776,42,1,1,0
2639808,42,1,0,1
140520,42,1,1,0
380232,42,1,1,0
372888,42,1,0,1
2363704,42,1,1,0
174232,42,1,1,0
7564288,42,1,0,1
278928,42,1,0,1
3762512,42,1,0,1
1461376,42,1,1,0
6930224,42,1,0,1
794800,42,1,1,0
5798672,42,1,1,0
244176,42,1,0,1
4555608,42,1,1,0
89112,42,1,1,0
1793776,42,1,0,1
1190728,42,1,0,1
414384,42,1,1,0
760088,42,1,0,1
2808568,42,1,1,0
6051248,42,1,1,0
1796192,42,1,1,0
2550528,42,1,0,1
2231128,42,1,0,1
4530888,42,1,0,1
1007488,42,1,0,1
705344,42,1,1,0
2804368,42,1,1,0
2453624,42,1,1,0
228792,42,1,1,0
1004952,42,1,1,0
2658776,42,1,0,1
1702984,42,1,1,0
488736,42,1,0,1
2520424,42,1,0,1
6906064,42,1,1,0
744872,42,1,1,0
1239368,42,1,1,0
823032,42,1,0,1
4083448,42,1,0,1
5499184,42,1,1,0
4074192,42,1,1,0
6672456,42,1,1,0
1309600,42,1,1,0
159016,42,1,1,0
7168352,42,1,1,0
783184,42,1,1,0
494200,42,1,0,1
897888,42,1,1,0
400592,42,1,1,0
2194048,42,1,1,0
1268280,42,1,1,0
704128,42,1,0,1
8155512,42,1,0,1
1526336,42,1,1,0
5470624,42,1,1,0
5188768,42,1,1,0
537728,42,1,1,0
694184,42,1,0,1
632696,42,1,0,1
1333984,42,1,1,0
3984816,42,1,0,1
5993336,42,1,0,1
2527120,42,1,0,1
414456,42,1,1,0
4305912,42,1,0,1
1879120,42,1,0,1
304736,42,1,0,1
5365384,42,1,0,1
2544464,42,1,0,1
1088280,42,1,0,1
2500488,42,1,1,0
5565128,42,1,0,1
2484608,42,1,0,1
5850776,42,1,0,1
800392,42,1,1,0
3726816,42,1,0,1
2275704,42,1,0,1
2603576,42,1,0,1
5073024,42,1,1,0
7315216,42,1,0,1
2605832,42,1,1,0
6529488,42,1,0,1
4731112,42,1,0,1
2311504,42,1,1,0
335704,42,1,1,0
475800,42,1,1,0
2436544,42,1,1,0
1033808,42,1,1,0
6930688,42,1,1,0
397304,42,1,0,1
2862912,42,1,1,0
6985296,42,1,0,1
6169224,42,1,1,0
3620568,42,1,0,1
3759008,42,1,0,1
2411808,42,1,0,1
287400,42,1,1,0
684720,42,1,0,1
1508368,42,1,1,0
2028728,42,1,0,1
1128208,42,1,0,1
6076624,42,1,0,1
3488328,42,1,0,1
648920,42,1,1,0
179712,42,1,0,1
7490072,42,1,1,0
376984,42,1,1,0
811144,42,1,1,0
6390480,42,1,0,1
1783720,42,1,1,0
3281896,42,1,0,1
3592928,42,1,0,1
3891648,42,1,0,1
1524344,42,1,0,1
475312,42,1,0,1
2972672,42,1,0,1
405096,42,1,1,0
470120,42,1,0,1
1076728,42,1,0,1
4830240,42,1,0,1
1974088,42,1,0,1
671992,42,1,1,0
1728104,42,1,1,0
2265488,42,1,0,1
420552,42,1,0,1
1779392,42,1,1,0
1058368,42,1,1,0
1832568,42,1,1,0
5482616,42,1,1,0
2049160,42,1,1,0
1416288,42,1,0,1
510976,42,1,0,1
533384,42,1,1,0
2061496,42,1,1,0
3052536,42,1,0,1
2931512,42,1,0,1
1510272,42,1,0,1
7039696,42,1,1,0
282704,42,1,1,0
1124552,42,1,1,0
141208,42,1,1,0
881984,42,1,1,0
1511392,42,1,1,0
974272,42,1,0,1
3232000,42,1,0,1
3765304,42,1,0,1
2827368,42,1,0,1
4279920,42,1,0,1
1293928,42,1,1,0
1163040,42,1,1,0
1837776,42,1,0,1
1291008,42,1,0,1
422408,42,1,1,0
6795160,42,1,1,0
5122032,42,1,1,0
1385616,42,1,1,0
3599264,42,1,0,1
996632,42,1,0,1
585304,42,1,1,0
3996640,42,1,1,0
4573856,42,1,1,0
3677376,42,1,0,1
218776,42,1,0,1
2640776,42,1,1,0
381400,42,1,1,0
3475080,42,1,1,0
841440,42,1,1,0
2124992,42,1,0,1
8064024,42,1,0,1
6559760,42,1,1,0
1746536,42,1,1,0
3883832,42,1,0,1
614112,42,1,0,1
5007736,42,1,1,0
2209408,42,1,1,0
6423872,42,1,1,0
7799040,42,1,1,0
282008,42,1,0,1
2484352,42,1,1,0
1123536,42,1,0,1
1392888,42,1,1,0
3724936,42,1,1,0
1230224,42,1,0,1
1444992,42,1,1,0
6899552,42,1,0,1
2021528,42,1,0,1
831600,42,1,1,0
1952192,42,1,1,0
6248648,42,1,1,0
4177528,42,1,1,0
1356184,42,1,1,0
222728,42,1,0,1
840216,42,1,1,0
357608,42,1,1,0
2059440,42,1,0,1
7860920,42,1,1,0
3827208,42,1,0,1
607464,42,1,0,1
1782016,42,1,1,0
1486816,42,1,0,1
5812728,42,1,1,0
349520,42,1,0,1
2121032,42,1,0,1
1291968,42,1,0,1
1011480,42,1,1,0
981488,42,1,0,1
1073224,42,1,0,1
6764200,42,1,0,1
1548208,42,1,1,0
8077576,42,1,1,0
1786528,42,1,0,1
4399520,42,1,1,0
674264,42,1,0,1
5336944,42,1,1,0
1336448,42,1,0,1
664216,42,1,1,0
3867416,42,1,0,1
1644904,42,1,1,0
1662272,42,1,1,0
1303320,42,1,0,1
2656072,42,1,0,1
1100232,42,1,1,0
2689448,42,1,0,1
2155080,42,1,0,1
7885896,42,1,0,1
1055288,42,1,1,0
5300464,42,1,1,0
5212904,42,1,0,1
343200,42,1,1,0
5916432,42,1,0,1
2774648,42,1,1,0
7524992,42,1,1,0
1242768,42,1,0,1
5240696,42,1,1,0
8223752,42,1,0,1
2479976,42,1,0,1
563784,42,1,1,0
8010504,42,1,0,1
7524856,42,1,1,0
5659376,42,1,1,0
1156656,42,1,0,1
137544,42,1,0,1
1768256,42,1,1,0
6244472,42,1,0,1
735408,42,1,0,1
1060296,42,1,0,1
4426424,42,1,1,0
7647144,42,1,1,0
2678760,42,1,1,0
1829416,42,1,1,0
6875504,42,1,0,1
5893744,42,1,1,0
338440,42,1,0,1
239016,42,1,1,0
7287840,42,1,0,1
5830248,42,1,0,1
753096,42,1,0,1
142840,42,1,0,1
1156560,42,1,1,0
1257296,42,1,0,1
758992,42,1,1,0
3532328,42,1,1,0
579896,42,1,1,0
1562296,42,1,0,1
1938400,42,1,0,1
79432,42,1,0,1
1136104,42,1,1,0
979352,42,1,0,1
954136,42,1,0,1
2692200,42,1,0,1
1249176,42,1,0,1
1670168,42,1,1,0
7944504,42,1,0,1
6369480,42,1,0,1
5134192,42,1,1,0
1645800,42,1,1,0
2045312,42,1,1,0
1846240,42,1,0,1
1231840,42,1,1,0
6366984,42,1,1,0
3215016,42,1,1,0
839616,42,1,1,0
1470832,42,1,0,1
4031728,42,1,0,1
945912,42,1,0,1
5746056,42,1,1,0
868976,42,1,1,0
4109112,42,1,1,0
1591464,42,1,0,1
1312568,42,1,0,1
4556456,42,1,1,0
5719024,42,1,1,0
247720,42,1,1,0
3140424,42,1,0,1
1652000,42,1,0,1
7484960,42,1,1,0
1704664,42,1,1,0
993160,42,1,1,0
8240328,42,1,1,0
455528,42,1,1,0
1231016,42,1,0,1
1181344,42,1,1,0
7697256,42,1,1,0
331896,42,1,1,0
601688,42,1,0,1
2682704,42,1,1,0
499488,42,1,0,1
1136544,42,1,0,1
801360,42,1,1,0
743688,42,1,0,1
1836632,42,1,1,0
3490432,42,1,1,0
1129128,42,1,1,0
251328,42,1,1,0
222400,42,1,0,1
621792,42,1,0,1
61496,42,1,1,0
666736,42,1,1,0
7667856,42,1,0,1
4764232,42,1,1,0
6152008,42,1,1,0
646248,42,1,0,1
1476352,42,1,1,0
948656,42,1,0,1
4984952,42,1,1,0
2640808,42,1,1,0
355000,42,1,1,0
2748816,42,1,1,0
163920,42,1,1,0
313272,42,1,1,0
528512,42,1,0,1
2303400,42,1,1,0
1611832,42,1,1,0
1352688,42,1,1,0
1291120,42,1,1,0
1775016,42,1,0,1
5469200,42,1,0,1
3965120,42,1,0,1
3917560,42,1,0,1
6320640,42,1,1,0
6638960,42,1,0,1
828584,42,1,1,0
364976,42,1,0,1
762008,42,1,0,1
1019360,42,1,1,0
6266640,42,1,0,1
1048608,42,1,0,1
3638224,42,1,0,1
2265120,42,1,0,1
558000,42,1,0,1
367928,42,1,0,1
5467648,42,1,0,1
4943832,42,1,1,0
1654184,42,1,0,1
2198744,42,1,1,0
1773736,42,1,1,0
3731656,42,1,0,1
6456008,42,1,1,0
2657560,42,1,1,0
3354600,42,1,0,1
416200,42,1,1,0
2574728,42,1,1,0
1361464,42,1,0,1
2172248,42,1,1,0
7168344,42,1,1,0
144240,42,1,0,1
2937992,42,1,1,0
2218432,42,1,1,0
4380032,42,1,0,1
1494072,42,1,0,1
7425720,42,1,1,0
394904,42,1,1,0
221120,42,1,1,0
3216216,42,1,0,1
4731216,42,1,1,0
500432,42,1,1,0
3864760,42,1,1,0
3936520,42,1,1,0
5406424,42,1,0,1
5080368,42,1,1,0
2111920,42,1,1,0
749904,42,1,1,0
1932168,42,1,0,1
282656,42,1,1,0
1528696,42,1,1,0
2225216,42,1,0,1
7410872,42,1,0,1
1406944,42,1,0,1
1418584,42,1,0,1
1865416,42,1,1,0
4928704,42,1,1,0
785248,42,1,0,1
1634072,42,1,1,0
7268576,42,1,0,1
6252824,42,1,0,1
1556608,42,1,1,0
7450808,42,1,0,1
1026784,42,1,0,1
6191856,42,1,0,1
4746400,42,1,0,1
7655304,42,1,1,0
1081328,42,1,1,0
5263872,42,1,0,1
5863856,42,1,1,0
6608608,42,1,0,1
6530552,42,1,0,1
5643760,42,1,0,1
2398160,42,1,1,0
3655480,42,1,1,0
777736,42,1,0,1
2700168,42,1,0,1
7753384,42,1,0,1
934784,42,1,1,0
4321416,42,1,1,0
431984,42,1,0,1
7151192,42,1,0,1
7572264,42,1,0,1
332112,42,1,0,1
1847464,42,1,1,0
2631400,42,1,1,0
3891632,42,1,0,1
2978904,42,1,0,1
1614000,42,1,1,0
661568,42,1,0,1
3051232,42,1,0,1
2066272,42,1,1,0
2103000,42,1,1,0
7399648,42,1,1,0
145536,42,1,0,1
3657568,42,1,0,1
1621944,42,1,1,0
377424,42,1,1,0
1659872,42,1,0,1
1478656,42,1,0,1
2041792,42,1,1,0
2010208,42,1,0,1
1967832,42,1,0,1
1640128,42,1,0,1
2558704,42,1,0,1
1319104,42,1,0,1
1818184,42,1,0,1
5245552,42,1,1,0
612248,42,1,0,1
2454232,42,1,0,1
4792432,42,1,1,0
5966296,42,1,1,0
981816,42,1,0,1
800296,42,1,1,0
545112,42,1,1,0
2999152,42,1,0,1
6633752,42,1,0,1
3711936,42,1,0,1
4373616,42,1,0,1
1375400,42,1,0,1
514168,42,1,0,1
4975056,42,1,1,0
6259624,42,1,0,1
6203152,42,1,0,1
1622384,42,1,1,0
6988936,42,1,0,1
4496880,42,1,1,0
5554904,42,1,0,1
6340712,42,1,0,1
3478168,42,1,0,1
601584,42,1,1,0
4043520,42,1,1,0
3641584,42,1,1,0
2998968,42,1,0,1
1827392,42,1,1,0
3315232,42,1,0,1
4331880,42,1,1,0
1717648,42,1,1,0
290848,42,1,0,1
6088584,42,1,0,1
6107976,42,1,0,1
444032,42,1,0,1
7086832,42,1,0,1
2486928,42,1,1,0
2014896,42,1,1,0
5517320,42,1,1,0
1472984,42,1,0,1
3823208,42,1,1,0
2607080,42,1,0,1
1162624,42,1,0,1
4348920,42,1,1,0
1091720,42,1,1,0
748040,42,1,0,1
1335408,42,1,0,1
8012896,42,1,0,1
6717640,42,1,0,1
2016544,42,1,1,0
2868536,42,1,0,1
505248,42,1,1,0
1170968,42,1,0,1
5628720,42,1,1,0
2307768,42,1,1,0
419352,42,1,0,1
1810952,42,1,0,1
8144336,42,1,0,1
4616352,42,1,0,1
5401576,42,1,0,1
3643888,42,1,0,1
7249560,42,1,1,0
579904,42,1,0,1
4967024,42,1,1,0
1593152,42,1,1,0
3624592,42,1,0,1
1491336,42,1,1,0
651792,42,1,0,1
5028032,42,1,1,0
3236072,42,1,0,1
1391856,42,1,1,0
998968,42,1,0,1
3265344,42,1,0,1
343880,42,1,1,0
6416280,42,1,0,1
3712944,42,1,0,1
4627536,42,1,1,0
1124160,42,1,0,1
3020872,42,1,0,1
6511720,42,1,0,1
7226232,42,1,1,0
601728,42,1,1,0
4392576,42,1,0,1
438680,42,1,1,0
2013480,42,1,1,0
1748296,42,1,0,1
2539464,42,1,0,1
2204192,42,1,0,1
4719072,42,1,0,1
5637264,42,1,1,0
3847096,42,1,0,1
1180448,42,1,1,0
2008552,42,1,0,1
2830288,42,1,0,1
2692864,42,1,0,1
5485168,42,1,1,0
2169848,42,1,1,0
1325072,42,1,0,1
748800,42,1,1,0
2117344,42,1,1,0
274016,42,1,0,1
502488,42,1,0,1
4180920,42,1,0,1
3903592,42,1,0,1
5846896,42,1,0,1
1052472,42,1,0,1
5365928,42,1,1,0
7943488,42,1,1,0
4886992,42,1,0,1
1506336,42,1,0,1
792224,42,1,0,1
2965912,42,1,1,0
3476440,42,1,0,1
2313384,42,1,1,0
4398360,42,1,0,1
2126632,42,1,1,0
3197072,42,1,1,0
2354056,42,1,1,0
4473488,42,1,1,0
3798216,42,1,0,1
2397120,42,1,1,0
607904,42,1,0,1
2886728,42,1,1,0
1640856,42,1,1,0
7151728,42,1,0,1
1022072,42,1,1,0
437720,42,1,1,0
1224088,42,1,1,0
1412040,42,1,1,0
1203408,42,1,1,0
555136,42,1,1,0
3737984,42,1,0,1
4374976,42,1,0,1
7062024,42,1,0,1
7968840,42,1,0,1
6014968,42,1,0,1
2309488,42,1,0,1
2292504,42,1,0,1
5267536,42,1,0,1
1416672,42,1,0,1
5287344,42,1,1,0
3652208,42,1,0,1
3969856,42,1,1,0
912408,42,1,1,0
224024,42,1,0,1
320832,42,1,0,1
3614712,42,1,0,1
832096,42,1,1,0
5524528,42,1,1,0
7471696,42,1,0,1
183200,42,1,0,1
88832,42,1,1,0
2059040,42,1,0,1
3492840,42,1,0,1
5057496,42,1,0,1
1070984,42,1,0,1
7696664,42,1,1,0
650648,42,1,0,1
5854992,42,1,1,0
1561632,42,1,0,1
4210200,42,1,0,1
8121584,42,1,0,1
2989360,42,1,1,0
7682744,42,1,0,1
2786168,42,1,0,1
3227480,42,1,0,1
5927248,42,1,0,1
3732600,42,1,0,1
976912,42,1,1,0
1166624,42,1,1,0
531152,42,1,1,0
4436224,42,1,0,1
6565440,42,1,1,0
4905872,42,1,1,0
7356912,42,1,0,1
3310080,42,1,1,0
8362264,42,1,0,1
554312,42,1,0,1
5999568,42,1,1,0
7327568,42,1,0,1
5171784,42,1,0,1
3249888,42,1,1,0
1493600,42,1,1,0
3903664,42,1,0,1
8124512,42,1,0,1
367152,42,1,1,0
1704600,42,1,0,1
4010776,42,1,1,0
4140280,42,1,1,0
1825040,42,1,1,0
3172880,42,1,1,0
8092072,42,1,0,1
2023712,42,1,1,0
5603336,42,1,0,1
320128,42,1,0,1
5644744,42,1,1,0
978104,42,1,1,0
8128776,42,1,1,0
2455616,42,1,0,1
113432,42,1,0,1
289296,42,1,0,1
4807008,42,1,1,0
1679352,42,1,1,0
3505568,42,1,1,0
710792,42,1,1,0
4307048,42,1,0,1
2963424,42,1,1,0
4092848,42,1,0,1
1709824,42,1,1,0
2167416,42,1,1,0
5328048,42,1,1,0
1633400,42,1,0,1
1400984,42,1,0,1
3071616,42,1,1,0
2040776,42,1,0,1
2331944,42,1,0,1
1176680,42,1,0,1
7429440,42,1,0,1
1790592,42,1,0,1
1318112,42,1,0,1
156272,42,1,0,1
1980808,42,1,0,1
1032776,42,1,0,1
1879144,42,1,0,1
2060400,42,1,1,0
7258864,42,1,0,1
3404336,42,1,0,1
2346816,42,1,1,0
4637592,42,1,1,0
297064,42,1,0,1
2712024,42,1,0,1
697192,42,1,0,1
3323968,42,1,1,0
4356872,42,1,1,0
3667888,42,1,0,1
411064,42,1,0,1
317800,42,1,0,1
1088808,42,1,0,1
6938128,42,1,0,1
7100080,42,1,1,0
4660408,42,1,1,0
3281656,42,1,1,0
2028032,42,1,0,1
3647920,42,1,0,1
228056,42,1,1,0
1697216,42,1,1,0
1218496,42,1,0,1
1776120,42,1,1,0
7926448,42,1,0,1
1105864,42,1,0,1
2362624,42,1,0,1
1285104,42,1,1,0
3001432,42,1,0,1
4738672,42,1,0,1
1437160,42,1,0,1
431200,42,1,0,1
2701336,42,1,0,1
1146912,42,1,1,0
2701800,42,1,0,1
4313832,42,1,0,1
434760,42,1,1,0
5047856,42,1,1,0
403064,42,1,0,1
1148160,42,1,0,1
2028872,42,1,1,0
5004112,42,1,1,0
2040536,42,1,1,0
4012368,42,1,0,1
3342968,42,1,1,0
5069856,42,1,0,1
345408,42,1,1,0
1237576,42,1,1,0
1120968,42,1,0,1
241856,42,1,1,0
2983640,42,1,0,1
282464,42,1,1,0
792184,42,1,0,1
4534976,42,1,0,1
4224272,42,1,0,1
2948776,42,1,0,1
5263360,42,1,1,0
4541872,42,1,1,0
969136,42,1,0,1
682224,42,1,1,0
1788288,42,1,1,0
992544,42,1,1,0
5657712,42,1,1,0
4705664,42,1,0,1
760304,42,1,0,1
2073120,42,1,0,1
5543272,42,1,1,0
2693256,42,1,0,1
1526032,42,1,1,0
2168032,42,1,1,0
1762744,42,1,1,0
1924136,42,1,1,0
2775632,42,1,0,1
8350280,42,1,0,1
3509592,42,1,1,0
3309080,42,1,0,1
264688,42,1,1,0
1707496,42,1,1,0
4795592,42,1,1,0
5465936,42,1,1,0
1728680,42,1,1,0
2242800,42,1,0,1
6893288,42,1,0,1
3256392,42,1,0,1
830736,42,1,0,1
1307896,42,1,1,0
4864848,42,1,0,1
2348432,42,1,1,0
685472,42,1,0,1
1786896,42,1,0,1
4266744,42,1,1,0
1555040,42,1,0,1
7375544,42,1,1,0
2032992,42,1,1,0
1341128,42,1,0,1
6162264,42,1,0,1
903856,42,1,0,1
477272,42,1,0,1
4118152,42,1,0,1
6655360,42,1,0,1
760768,42,1,1,0
1182344,42,1,0,1
1115576,42,1,0,1
2531440,42,1,0,1
1088648,42,1,0,1
344424,42,1,0,1
687672,42,1,0,1
4597528,42,1,0,1
4427376,42,1,0,1
4738336,42,1,0,1
1191544,42,1,0,1
3807064,42,1,1,0
3197904,42,1,0,1
779504,42,1,0,1
4867904,42,1,0,1
451288,42,1,0,1
7169384,42,1,0,1
1139232,42,1,0,1
3361848,42,1,1,0
402384,42,1,0,1
2272832,42,1,1,0
782040,42,1,0,1
6334192,42,1,1,0
278696,42,1,0,1
312504,42,1,0,1
4690328,42,1,1,0
373648,42,1,1,0
1768720,42,1,1,0
1156664,42,1,1,0
858176,42,1,1,0
3488400,42,1,1,0
3907216,42,1,0,1
4491352,42,1,0,1
1802240,42,1,1,0
7901680,42,1,0,1
384288,42,1,0,1
2556896,42,1,0,1
1067400,42,1,0,1
1918464,42,1,0,1
685272,42,1,0,1
1180984,42,1,1,0
3823048,42,1,0,1
5040384,42,1,1,0
1153296,42,1,0,1
3109032,42,1,1,0
6108144,42,1,0,1
161264,42,1,0,1
1504480,42,1,0,1
6692840,42,1,0,1
2036624,42,1,0,1
1202536,42,1,0,1
1027928,42,1,1,0
3296880,42,1,1,0
3408088,42,1,0,1
7067032,42,1,0,1
6170728,42,1,1,0
2775376,42,1,0,1
1385776,42,1,0,1
4269392,42,1,0,1
1878976,42,1,1,0
747888,42,1,0,1
8285696,42,1,1,0
4761064,42,1,1,0
482896,42,1,0,1
2317616,42,1,0,1
200896,42,1,0,1
1502976,42,1,0,1
165680,42,1,1,0
1539456,42,1,0,1
1463496,42,1,1,0
334312,42,1,1,0
665896,42,1,1,0
2845456,42,1,1,0
3398864,42,1,0,1
1319872,42,1,0,1
949320,42,1,1,0
1009336,42,1,1,0
1429080,42,1,0,1
1005336,42,1,1,0
1467424,42,1,0,1
6090808,42,1,0,1
5597984,42,1,1,0
2390360,42,1,0,1
2350288,42,1,0,1
1995704,42,1,1,0
668704,42,1,1,0
1541888,42,1,0,1
6502112,42,1,0,1
1308448,42,1,0,1
7638624,42,1,0,1
5992872,42,1,1,0
292496,42,1,1,0
5196536,42,1,0,1
5085456,42,1,1,0
1390040,42,1,0,1
759072,42,1,1,0
5342536,42,1,0,1
87712,42,1,0,1
2878480,42,1,0,1
858672,42,1,0,1
995792,42,1,1,0
2974912,42,1,1,0
2639464,42,1,0,1
2942664,42,1,0,1
849920,42,1,1,0
2080376,42,1,0,1
706200,42,1,1,0
4346704,42,1,0,1
4709480,42,1,1,0
2548128,42,1,0,1
4022960,42,1,1,0
2281720,42,1,1,0
709264,42,1,0,1
8183496,42,1,1,0
1648128,42,1,1,0
921904,42,1,0,1
1857208,42,1,0,1
237088,42,1,1,0
1315280,42,1,0,1
315232,42,1,0,1
3264528,42,1,0,1
6391408,42,1,1,0
6798592,42,1,0,1
425320,42,1,1,0
6508808,42,1,1,0
6917008,42,1,1,0
5071576,42,1,1,0
3967360,42,1,1,0
1274128,42,1,0,1
609176,42,1,1,0
6033432,42,1,1,0
4355304,42,1,0,1
488024,42,1,0,1
2300288,42,1,0,1
401456,42,1,1,0
3690280,42,1,0,1
3357000,42,1,1,0
776752,42,1,0,1
1388384,42,1,1,0
7065056,42,1,1,0
2893056,42,1,1,0
322280,42,1,0,1
3171160,42,1,1,0
2843168,42,1,1,0
6642784,42,1,1,0
1431832,42,1,1,0
4286512,42,1,0,1
159568,42,1,1,0
1037576,42,1,1,0
2322024,42,1,0,1
6124296,42,1,1,0
914856,42,1,1,0
1758264,42,1,1,0
477080,42,1,0,1
5534456,42,1,0,1
1477064,42,1,1,0
434064,42,1,1,0
4085504,42,1,0,1
5613400,42,1,0,1
4248568,42,1,0,1
1718144,42,1,1,0
6047360,42,1,1,0
1917008,42,1,1,0
2190432,42,1,1,0
4611424,43,1,0,1
6020040,43,1,1,0
2712584,43,1,0,1
6974720,43,1,0,1
1234248,43,1,0,1
2469464,43,1,0,1
2637928,43,1,1,0
1506288,43,1,1,0
633128,43,1,0,1
545672,43,1,1,0
1495784,43,1,0,1
8228480,43,1,1,0
2407032,43,1,1,0
7640792,43,1,1,0
718728,43,1,1,0
215424,43,1,0,1
554048,43,1,1,0
4789408,43,1,0,1
1754648,43,1,0,1
106056,43,1,1,0
990352,43,1,1,0
1501752,43,1,1,0
335752,43,1,1,0
1969464,43,1,0,1
1797272,43,1,0,1
498080,43,1,0,1
997192,43,1,0,1
2112976,43,1,1,0
5138072,43,1,1,0
502816,43,1,1,0
1597952,43,1,0,1
3541200,43,1,0,1
737920,43,1,0,1
944224,43,1,0,1
1580264,43,1,1,0
1004376,43,1,1,0
3023248,43,1,1,0
4743344,43,1,1,0
4382936,43,1,0,1
610848,43,1,1,0
4192056,43,1,1,0
7510488,43,1,1,0
459640,43,1,0,1
1732328,43,1,0,1
593320,43,1,1,0
1332664,43,1,0,1
2848016,43,1,0,1
4594824,43,1,0,1
7120040,43,1,1,0
2042816,43,1,1,0
631096,43,1,0,1
554888,43,1,1,0
610112,43,1,1,0
2240992,43,1,1,0
1247344,43,1,0,1
8042256,43,1,0,1
3555904,43,1,0,1
2154880,43,1,0,1
1201792,43,1,0,1
2009112,43,1,1,0
5295904,43,1,0,1
181880,43,1,0,1
7134104,43,1,1,0
1363616,43,1,1,0
984456,43,1,0,1
8086616,43,1,1,0
477608,43,1,1,0
5040296,43,1,0,1
1972768,43,1,1,0
1873944,43,1,1,0
1765008,43,1,1,0
3243840,43,1,1,0
973512,43,1,1,0
1974224,43,1,0,1
3112048,43,1,1,0
6852456,43,1,1,0
3143816,43,1,1,0
954520,43,1,1,0
6303336,43,1,1,0
3108656,43,1,1,0
978672,43,1,0,1
381744,43,1,0,1
388160,43,1,0,1
579480,43,1,1,0
4231736,43,1,1,0
4528224,43,1,1,0
1352792,43,1,0,1
1314584,43,1,0,1
7296104,43,1,0,1
983792,43,1,0,1
520880,43,1,1,0
671720,43,1,1,0
7242416,43,1,0,1
1475144,43,1,0,1
5946696,43,1,0,1
8376136,43,1,0,1
3318456,43,1,1,0
4225424,43,1,0,1
5801048,43,1,1,0
4147472,43,1,1,0
3346024,43,1,1,0
6609200,43,1,0,1
3096296,43,1,1,0
271936,43,1,1,0
2207592,43,1,1,0
6896848,43,1,1,0
2909344,43,1,1,0
4265824,43,1,1,0
433960,43,1,0,1
1603344,43,1,1,0
560328,43,1,0,1
1295416,43,1,0,1
945952,43,1,0,1
1842648,43,1,1,0
1137296,43,1,1,0
5383256,43,1,1,0
2348816,43,1,1,0
1235448,43,1,1,0
3836448,43,1,1,0
1742704,43,1,0,1
289560,43,1,1,0
5492688,43,1,0,1
2180048,43,1,0,1
3281056,43,1,1,0
2742744,43,1,0,1
2404984,43,1,1,0
794992,43,1,0,1
6913080,43,1,0,1
6439560,43,1,1,0
3456184,43,1,1,0
3629344,43,1,1,0
1124968,43,1,1,0
1047336,43,1,0,1
8163752,43,1,0,1
314848,43,1,1,0
204736,43,1,0,1
1651040,43,1,0,1
518768,43,1,0,1
2563912,43,1,1,0
6424152,43,1,1,0
470712,43,1,0,1
7355400,43,1,0,1
1454632,43,1,1,0
1803824,43,1,1,0
469888,43,1,0,1
4211016,43,1,0,1
2157104,43,1,0,1
2649784,43,1,1,0
849760,43,1,0,1
3856144,43,1,1,0
1102824,43,1,1,0
5987000,43,1,0,1
7599488,43,1,1,0
2338720,43,1,1,0
5129640,43,1,0,1
5820656,43,1,1,0
712184,43,1,1,0
313960,43,1,1,0
306752,43,1,1,0
999936,43,1,1,0
779744,43,1,0,1
616992,43,1,1,0
1256336,43,1,1,0
1600128,43,1,1,0
5012352,43,1,0,1
6747232,43,1,0,1
2963336,43,1,0,1
8273456,43,1,1,0
5025336,43,1,0,1
1404184,43,1,0,1
1742992,43,1,1,0
624824,43,1,1,0
402616,43,1,0,1
2248800,43,1,1,0
2518672,43,1,0,1
7159264,43,1,0,1
461064,43,1,1,0
7094320,43,1,1,0
5998232,43,1,0,1
4663392,43,1,1,0
1040640,43,1,0,1
4546656,43,1,1,0
7886184,43,1,0,1
633416,43,1,0,1
1239032,43,1,0,1
4276680,43,1,0,1
5283416,43,1,0,1
5601576,43,1,1,0
4690800,43,1,1,0
5036344,43,1,0,1
1167344,43,1,0,1
7598544,43,1,1,0
6388080,43,1,1,0
642592,43,1,1,0
1768216,43,1,1,0
2360480,43,1,0,1
1946744,43,1,0,1
4572888,43,1,0,1
2055776,43,1,0,1
3602944,43,1,0,1
3585696,43,1,0,1
2490432,43,1,0,1
1979936,43,1,0,1
2655120,43,1,1,0
1762952,43,1,1,0
2627904,43,1,0,1
1282752,43,1,0,1
3443952,43,1,0,1
6235248,43,1,0,1
364760,43,1,0,1
115744,43,1,1,0
165432,43,1,1,0
4814320,43,1,1,0
757280,43,1,0,1
1653232,43,1,1,0
2525992,43,1,1,0
2495304,43,1,1,0
1931312,43,1,0,1
2568592,43,1,1,0
576880,43,1,0,1
327864,43,1,0,1
3556152,43,1,1,0
3385304,43,1,0,1
5591120,43,1,1,0
94368,43,1,1,0
8012192,43,1,1,0
557128,43,1,1,0
1343640,43,1,1,0
1934552,43,1,1,0
2890792,43,1,1,0
562464,43,1,1,0
5517568,43,1,1,0
1376992,43,1,1,0
2554656,43,1,1,0
149800,43,1,0,1
356464,43,1,1,0
881728,43,1,0,1
2551984,43,1,0,1
5846440,43,1,1,0
6571472,43,1,1,0
395352,43,1,0,1
6117280,43,1,0,1
2155560,43,1,1,0
2697280,43,1,0,1
6137192,43,1,0,1
2250320,43,1,0,1
2619632,43,1,0,1
6884808,43,1,1,0
6786048,43,1,1,0
2098920,43,1,0,1
6718608,43,1,1,0
6881840,43,1,0,1
4145520,43,1,1,0
6916184,43,1,0,1
2111816,43,1,0,1
3147384,43,1,1,0
1883528,43,1,0,1
3235280,43,1,1,0
1523176,43,1,0,1
743096,43,1,0,1
6632792,43,1,1,0
2099352,43,1,0,1
7083872,43,1,0,1
7193248,43,1,0,1
5138968,43,1,0,1
4419448,43,1,0,1
3880512,43,1,0,1
787072,43,1,0,1
5438968,43,1,0,1
656728,43,1,1,0
843952,43,1,1,0
182384,43,1,0,1
3870664,43,1,1,0
1431480,43,1,1,0
4334872,43,1,1,0
1405112,43,1,0,1
1133664,43,1,0,1
1308208,43,1,0,1
563280,43,1,0,1
5054016,43,1,1,0
350792,43,1,0,1
1027304,43,1,1,0
5331152,43,1,0,1
544488,43,1,0,1
5837600,43,1,1,0
2526992,43,1,1,0
556264,43,1,1,0
279376,43,1,1,0
4506752,43,1,0,1
6415144,43,1,0,1
7663024,43,1,0,1
1291928,43,1,1,0
2094112,43,1,1,0
795400,43,1,0,1
7964272,43,1,1,0
269952,43,1,1,0
2951376,43,1,0,1
4332552,43,1,1,0
3369008,43,1,1,0
1314480,43,1,1,0
2330608,43,1,0,1
648872,43,1,0,1
735760,43,1,1,0
682424,43,1,1,0
1954392,43,1,0,1
1420624,43,1,1,0
1556944,43,1,0,1
1545928,43,1,1,0
7395856,43,1,1,0
6730256,43,1,1,0
833072,43,1,1,0
3782800,43,1,0,1
5647424,43,1,0,1
467696,43,1,0,1
3828832,43,1,0,1
4929040,43,1,0,1
415112,43,1,0,1
1409960,43,1,0,1
2108504,43,1,0,1
1759920,43,1,1,0
776600,43,1,1,0
293792,43,1,1,0
4086384,43,1,0,1
7829408,43,1,0,1
4394368,43,1,0,1
7244872,43,1,0,1
3177760,43,1,1,0
721280,43,1,1,0
326856,43,1,0,1
4285872,43,1,0,1
587488,43,1,0,1
6884952,43,1,1,0
7704832,43,1,0,1
1730792,43,1,1,0
653216,43,1,0,1
1952520,43,1,1,0
3028840,43,1,1,0
3287168,43,1,0,1
5246008,43,1,1,0
817336,43,1,0,1
4037000,43,1,0,1
4795128,43,1,1,0
775424,43,1,1,0
4439952,43,1,1,0
2042184,43,1,1,0
5525928,43,1,0,1
5385696,43,1,1,0
1168904,43,1,1,0
4572096,43,1,0,1
6319248,43,1,0,1
3835280,43,1,0,1
347248,43,1,0,1
168136,43,1,0,1
3435336,43,1,0,1
930056,43,1,1,0
3191128,43,1,0,1
4348176,43,1,1,0
4224432,43,1,1,0
3282296,43,1,1,0
531792,43,1,0,1
755488,43,1,1,0
2850784,43,1,1,0
838136,43,1,0,1
5553960,43,1,0,1
5933480,43,1,1,0
1221704,43,1,1,0
574224,43,1,1,0
1333672,43,1,0,1
372232,43,1,0,1
7079520,43,1,1,0
1346472,43,1,0,1
4262824,43,1,0,1
2300336,43,1,1,0
1664872,43,1,1,0
3208552,43,1,1,0
1150448,43,1,0,1
5652024,43,1,0,1
4278056,43,1,1,0
3537880,43,1,1,0
2420776,43,1,0,1
3938808,43,1,1,0
385984,43,1,1,0
7643816,43,1,0,1
294776,43,1,0,1
7838240,43,1,0,1
4193536,43,1,0,1
4497512,43,1,1,0
4185176,43,1,0,1
8016680,43,1,0,1
367712,43,1,0,1
2912448,43,1,0,1
1214496,43,1,0,1
4482040,43,1,0,1
731880,43,1,0,1
6674240,43,1,1,0
1947416,43,1,1,0
4379032,43,1,1,0
482448,43,1,1,0
6389688,43,1,1,0
5486016,43,1,0,1
2029328,43,1,1,0
3605040,43,1,0,1
1411408,43,1,0,1
5791464,43,1,1,0
1955408,43,1,0,1
2748328,43,1,1,0
1296272,43,1,1,0
517752,43,1,1,0
6395496,43,1,1,0
2546200,43,1,0,1
3446328,43,1,0,1
7140752,43,1,1,0
792552,43,1,1,0
399952,43,1,0,1
3067592,43,1,1,0
6058656,43,1,1,0
4024632,43,1,1,0
1165376,43,1,0,1
1495704,43,1,0,1
379576,43,1,0,1
2875320,43,1,1,0
3019144,43,1,0,1
2339704,43,1,1,0
4508504,43,1,0,1
6153504,43,1,0,1
674184,43,1,1,0
2204600,43,1,0,1
459512,43,1,0,1
3165120,43,1,0,1
4763976,43,1,1,0
906888,43,1,0,1
1293208,43,1,0,1
4364736,43,1,1,0
3717904,43,1,0,1
1468240,43,1,0,1
1324992,43,1,0,1
7438840,43,1,0,1
1625264,43,1,0,1
870248,43,1,0,1
7144080,43,1,1,0
3130992,43,1,1,0
1351000,43,1,1,0
5556520,43,1,1,0
1408768,43,1,1,0
387096,43,1,1,0
1145344,43,1,1,0
3353920,43,1,1,0
6486704,43,1,0,1
1226920,43,1,1,0
7224456,43,1,1,0
4767080,43,1,1,0
1816968,43,1,1,0
4947704,43,1,1,0
3133776,43,1,0,1
5686264,43,1,0,1
6100248,43,1,0,1
7521288,43,1,1,0
2803200,43,1,1,0
3795784,43,1,0,1
7861952,43,1,1,0
352792,43,1,0,1
5498384,43,1,1,0
4298384,43,1,0,1
3418400,43,1,0,1
138096,43,1,0,1
988416,43,1,1,0
391904,43,1,1,0
401296,43,1,0,1
3511160,43,1,0,1
815552,43,1,1,0
1880512,43,1,1,0
2254608,43,1,0,1
4666528,43,1,0,1
937936,43,1,0,1
635680,43,1,0,1
2560232,43,1,0,1
369760,43,1,0,1
5516672,43,1,1,0
770760,43,1,0,1
814120,43,1,1,0
3996608,43,1,1,0
2002392,43,1,1,0
1303304,43,1,0,1
6302040,43,1,1,0
3748728,43,1,1,0
5804160,43,1,0,1
5595104,43,1,0,1
7738640,43,1,0,1
2161776,43,1,1,0
2125848,43,1,0,1
7934848,43,1,1,0
292752,43,1,0,1
3213176,43,1,1,0
6506584,43,1,1,0
2407840,43,1,1,0
4854920,43,1,1,0
1496720,43,1,1,0
2722360,43,1,0,1
3961512,43,1,1,0
124664,43,1,0,1
4230824,43,1,1,0
4127904,43,1,1,0
1566280,43,1,1,0
2530440,43,1,1,0
905512,43,1,1,0
5049760,43,1,0,1
238160,43,1,0,1
4417080,43,1,1,0
435632,43,1,0,1
5370584,43,1,1,0
3752400,43,1,1,0
1132280,43,1,0,1
2203328,43,1,1,0
817136,43,1,0,1
857096,43,1,1,0
1954808,43,1,1,0
4205152,43,1,0,1
4242560,43,1,1,0
1347776,43,1,1,0
2007064,43,1,0,1
828248,43,1,1,0
7087864,43,1,1,0
559464,43,1,0,1
1654376,43,1,1,0
712312,43,1,0,1
1301520,43,1,1,0
2049120,43,1,1,0
5509816,43,1,1,0
3123328,43,1,1,0
5627312,43,1,0,1
556960,43,1,0,1
65856,43,1,0,1
504832,43,1,1,0
478928,43,1,0,1
1184128,43,1,1,0
3321536,43,1,0,1
5128688,43,1,1,0
1078176,43,1,1,0
2193992,43,1,0,1
1204992,43,1,1,0
666744,43,1,0,1
1623312,43,1,0,1
109656,43,1,1,0
888648,43,1,1,0
512232,43,1,0,1
2042840,43,1,1,0
468416,43,1,1,0
1021832,43,1,0,1
8101672,43,1,0,1
242176,43,1,1,0
919712,43,1,0,1
6425856,43,1,0,1
3412456,43,1,0,1
2894432,43,1,1,0
1844432,43,1,0,1
920256,43,1,1,0
4984488,43,1,0,1
555736,43,1,1,0
297160,43,1,0,1
3959648,43,1,0,1
2556832,43,1,1,0
1548848,43,1,0,1
532384,43,1,1,0
5695816,43,1,1,0
276880,43,1,1,0
6751656,43,1,1,0
3424080,43,1,0,1
608192,43,1,0,1
2011832,43,1,0,1
649680,43,1,0,1
3939288,43,1,0,1
936008,43,1,0,1
596632,43,1,1,0
1509720,43,1,1,0
5506976,43,1,0,1
765232,43,1,0,1
2177560,43,1,0,1
857720,43,1,0,1
3362760,43,1,0,1
1000528,43,1,0,1
8061312,43,1,1,0
232216,43,1,1,0
7840144,43,1,1,0
8218584,43,1,1,0
1144608,43,1,0,1
1317320,43,1,0,1
6161512,43,1,1,0
5489192,43,1,1,0
5853584,43,1,1,0
1149696,43,1,1,0
1071216,43,1,1,0
6477120,43,1,1,0
3489096,43,1,0,1
68760,43,1,0,1
425824,43,1,0,1
1897184,43,1,1,0
772896,43,1,0,1
2386264,43,1,0,1
7777544,43,1,0,1
7014984,43,1,1,0
5129560,43,1,0,1
385232,43,1,1,0
6529392,43,1,0,1
6436728,43,1,1,0
773448,43,1,0,1
1447440,43,1,1,0
2001192,43,1,0,1
1082544,43,1,0,1
1332744,43,1,0,1
1072424,43,1,0,1
357504,43,1,0,1
3087056,43,1,1,0
721992,43,1,1,0
466208,43,1,0,1
8026440,43,1,0,1
7831568,43,1,0,1
1489072,43,1,0,1
5927032,43,1,0,1
918504,43,1,1,0
7374368,43,1,0,1
803768,43,1,0,1
1355888,43,1,0,1
275200,43,1,0,1
1790480,43,1,1,0
4899888,43,1,1,0
434624,43,1,1,0
366184,43,1,0,1
405600,43,1,0,1
893968,43,1,1,0
6569904,43,1,0,1
4337624,43,1,1,0
2134312,43,1,1,0
7321088,43,1,0,1
2145424,43,1,1,0
964584,43,1,0,1
5259296,43,1,1,0
243152,43,1,0,1
6131056,43,1,0,1
2257016,43,1,0,1
3060176,43,1,0,1
3819072,43,1,1,0
4695968,43,1,1,0
2183720,43,1,0,1
8219240,43,1,1,0
5855096,43,1,1,0
3399064,43,1,0,1
1280144,43,1,1,0
6424864,43,1,0,1
390704,43,1,0,1
5279448,43,1,1,0
7428072,43,1,1,0
5911128,43,1,0,1
92752,43,1,0,1
2535192,43,1,0,1
7997520,43,1,0,1
5068856,43,1,0,1
7021488,43,1,0,1
1506784,43,1,1,0
1573344,43,1,0,1
6334224,43,1,1,0
3646264,43,1,0,1
576248,43,1,0,1
5752496,43,1,1,0
262104,43,1,1,0
2307152,43,1,0,1
2197208,43,1,0,1
3339344,43,1,1,0
1372064,43,1,1,0
3355472,43,1,1,0
3598080,43,1,1,0
1340056,43,1,0,1
348552,43,1,0,1
6575264,43,1,0,1
1397304,43,1,0,1
3125688,43,1,0,1
2270368,43,1,0,1
814472,43,1,1,0
5171320,43,1,1,0
722152,43,1,0,1
2654296,43,1,0,1
3460640,43,1,1,0
1217176,43,1,1,0
1532560,43,1,0,1
724272,43,1,1,0
204816,43,1,0,1
8304416,43,1,1,0
846264,43,1,1,0
284024,43,1,1,0
1032752,43,1,1,0
5409912,43,1,1,0
1961760,43,1,0,1
4182760,43,1,0,1
2171408,43,1,0,1
937856,43,1,0,1
5760208,43,1,1,0
709336,43,1,1,0
5069248,43,1,0,1
1423256,43,1,0,1
507104,43,1,0,1
1734424,43,1,0,1
4170208,43,1,0,1
5825016,43,1,0,1
2255776,43,1,0,1
7074312,43,1,1,0
1601496,43,1,1,0
1918088,43,1,1,0
667344,43,1,1,0
900808,43,1,0,1
2954248,43,1,1,0
1327816,43,1,1,0
2692648,43,1,1,0
342840,43,1,1,0
4817760,43,1,1,0
501136,43,1,0,1
1476560,43,1,0,1
5234952,43,1,0,1
4611560,43,1,0,1
3451136,43,1,1,0
547488,43,1,1,0
3941160,43,1,0,1
1143432,43,1,0,1
656480,43,1,0,1
5393816,43,1,0,1
2016408,43,1,0,1
1791304,43,1,0,1
2606880,43,1,0,1
2667240,43,1,1,0
1005240,43,1,1,0
3277280,43,1,0,1
4555160,43,1,1,0
7155256,43,1,0,1
5134816,43,1,0,1
7119896,43,1,0,1
6397480,43,1,0,1
1555056,43,1,0,1
968824,43,1,0,1
403008,43,1,0,1
6067304,43,1,1,0
1445328,43,1,0,1
148216,43,1,0,1
7243464,43,1,1,0
2027968,43,1,1,0
1012688,43,1,0,1
4149312,43,1,1,0
1246824,43,1,0,1
2502240,43,1,0,1
222544,43,1,0,1
1041416,43,1,0,1
548200,43,1,0,1
1937264,43,1,0,1
4622536,43,1,1,0
3313128,43,1,0,1
7386400,43,1,1,0
826896,43,1,0,1
8011984,43,1,0,1
2465248,43,1,0,1
2357168,43,1,1,0
848144,43,1,1,0
696848,43,1,0,1
507800,43,1,1,0
669352,43,1,1,0
442512,43,1,0,1
5950440,43,1,0,1
2933976,43,1,1,0
6493568,43,1,0,1
3195136,43,1,1,0
5281344,43,1,1,0
4901336,43,1,0,1
5083312,43,1,0,1
366360,43,1,1,0
1093488,43,1,0,1
4324752,43,1,0,1
721528,43,1,1,0
5204512,43,1,1,0
5380992,43,1,0,1
1357944,43,1,1,0
6668992,43,1,1,0
6279936,43,1,0,1
1524056,43,1,1,0
953296,43,1,1,0
662208,43,1,1,0
681832,43,1,0,1
8005240,43,1,1,0
4583592,43,1,1,0
4078560,43,1,0,1
4224616,43,1,0,1
6563536,43,1,0,1
1499648,43,1,0,1
213048,43,1,0,1
196264,43,1,1,0
316192,43,1,0,1
5125216,43,1,0,1
4522320,43,1,1,0
180448,43,1,1,0
2361880,43,1,1,0
2749504,43,1,0,1
690216,43,1,1,0
4993280,43,1,0,1
2946376,43,1,1,0
607840,43,1,1,0
6040336,43,1,0,1
5480296,43,1,0,1
7723464,43,1,0,1
7003064,43,1,0,1
4184840,43,1,0,1
5616792,43,1,1,0
3189824,43,1,0,1
5178072,43,1,0,1
485376,43,1,1,0
1126912,43,1,1,0
2844768,43,1,1,0
1105416,43,1,0,1
2001488,43,1,1,0
5584336,43,1,1,0
5138400,43,1,1,0
5620584,43,1,0,1
1397968,43,1,1,0
5861472,43,1,0,1
2974104,43,1,0,1
4728728,43,1,0,1
1235672,43,1,0,1
4312000,43,1,1,0
1070728,43,1,0,1
1832776,43,1,1,0
3955448,43,1,1,0
7816184,43,1,0,1
184464,43,1,0,1
6037368,43,1,1,0
8245552,43,1,0,1
3426952,43,1,0,1
7337624,43,1,1,0
202344,43,1,1,0
2888712,43,1,0,1
7352760,43,1,0,1
3484824,43,1,1,0
240000,43,1,1,0
842600,43,1,0,1
2831960,43,1,1,0
1967816,43,1,0,1
5632480,43,1,0,1
2863008,43,1,1,0
8022336,43,1,0,1
844928,43,1,1,0
577912,43,1,0,1
1114608,43,1,0,1
3081208,43,1,1,0
1312928,43,1,1,0
389104,43,1,0,1
565456,43,1,1,0
1390864,43,1,0,1
2693432,43,1,0,1
6723784,43,1,0,1
1496792,43,1,1,0
2401936,43,1,1,0
2135200,43,1,0,1
989728,43,1,1,0
1104360,43,1,0,1
1257512,43,1,0,1
167144,43,1,1,0
164128,43,1,0,1
2156408,43,1,1,0
1343680,43,1,0,1
6253200,43,1,1,0
3689320,43,1,1,0
5947216,43,1,0,1
6744976,43,1,0,1
5235056,43,1,1,0
452752,43,1,0,1
2456528,43,1,0,1
2766744,43,1,0,1
6586400,43,1,0,1
7232256,43,1,0,1
8192768,43,1,0,1
5432456,43,1,1,0
6679144,43,1,1,0
5820928,43,1,1,0
3711224,43,1,1,0
2771552,43,1,0,1
4754800,43,1,0,1
1290448,43,1,0,1
831528,43,1,1,0
3664296,43,1,1,0
1005040,43,1,0,1
2353152,43,1,0,1
1261664,43,1,1,0
564408,43,1,0,1
6205944,43,1,0,1
3223160,43,1,0,1
656720,43,1,1,0
1160240,43,1,1,0
2259336,43,1,0,1
1874704,43,1,1,0
360208,43,1,0,1
960232,43,1,0,1
1115648,43,1,1,0
1025216,43,1,0,1
3306392,43,1,0,1
2917184,43,1,1,0
5304880,43,1,0,1
803328,43,1,1,0
3635600,43,1,1,0
7475272,43,1,0,1
1232720,43,1,1,0
1456016,43,1,0,1
5055968,43,1,1,0
1566720,43,1,1,0
1230264,43,1,0,1
2585288,43,1,1,0
693344,43,1,0,1
4064096,43,1,1,0
443248,43,1,1,0
5410592,43,1,0,1
1063088,43,1,0,1
7451560,43,1,0,1
344592,43,1,1,0
2815264,43,1,1,0
3730192,43,1,0,1
392280,43,1,0,1
3536496,43,1,1,0
743424,43,1,0,1
4944888,43,1,1,0
3785280,43,1,1,0
392864,43,1,0,1
1383656,43,1,1,0
879816,43,1,0,1
1743824,43,1,0,1
4452408,43,1,0,1
2437392,43,1,1,0
5054104,43,1,0,1
7247136,43,1,0,1
3738432,43,1,0,1
1682352,43,1,1,0
6791152,43,1,1,0
591816,43,1,1,0
489696,43,1,0,1
3207272,43,1,1,0
3837480,43,1,1,0
5533384,43,1,1,0
3093640,43,1,0,1
3197480,43,1,0,1
1558368,43,1,0,1
3986616,43,1,0,1
3984680,43,1,1,0
7452368,43,1,0,1
1198960,43,1,0,1
153624,43,1,0,1
498192,43,1,1,0
7415016,43,1,0,1
580280,43,1,0,1
2594784,43,1,1,0
4389488,43,1,1,0
7637800,43,1,1,0
2607712,43,1,1,0
5815168,43,1,0,1
5578440,43,1,1,0
1100992,43,1,0,1
6985528,43,1,0,1
6934120,43,1,0,1
467472,43,1,0,1
739704,43,1,0,1
5373320,43,1,1,0
5809368,43,1,1,0
1077872,43,1,1,0
666848,43,1,0,1
4473848,43,1,1,0
3942032,43,1,0,1
4271312,43,1,1,0
1569264,43,1,1,0
578576,43,1,0,1
6788128,43,1,0,1
3611472,43,1,0,1
268744,43,1,1,0
3617928,43,1,1,0
4554552,43,1,0,1
4705520,43,1,0,1
6997728,43,1,0,1
456552,43,1,1,0
1939712,43,1,0,1
4603208,43,1,0,1
2914768,43,1,1,0
644176,43,1,1,0
1168488,43,1,1,0
579256,43,1,0,1
3961520,43,1,0,1
817080,43,1,0,1
7198280,43,1,0,1
7105104,43,1,0,1
5798128,43,1,1,0
572776,43,1,1,0
2732760,43,1,0,1
5922152,43,1,1,0
2311640,43,1,0,1
6073104,43,1,1,0
5602800,43,1,0,1
4467200,43,1,1,0
993128,43,1,1,0
6539824,43,1,0,1
159392,43,1,0,1
2652376,43,1,0,1
1780520,43,1,0,1
818448,43,1,1,0
2960224,43,1,1,0
2284640,43,1,1,0
1970440,43,1,0,1
2167128,43,1,0,1
2311296,43,1,0,1
4770112,43,1,0,1
811008,43,1,0,1
957944,43,1,0,1
7122792,43,1,0,1
5702208,43,1,0,1
5681368,43,1,0,1
3723472,43,1,1,0
1376904,43,1,0,1
760720,43,1,0,1
3125040,43,1,1,0
350456,43,1,1,0
323496,43,1,0,1
3092824,43,1,0,1
6625696,43,1,1,0
6084448,43,1,1,0
3877480,43,1,0,1
210744,43,1,0,1
946432,43,1,1,0
4178376,43,1,0,1
6053784,43,1,0,1
2318376,43,1,0,1
1382360,43,1,0,1
5970960,43,1,0,1
1331832,43,1,0,1
1839544,43,1,0,1
1120488,43,1,1,0
3781296,43,1,1,0
6216288,43,1,1,0
3455768,43,1,1,0
3193208,43,1,1,0
2289248,43,1,0,1
436424,43,1,1,0
5901344,43,1,0,1
984192,43,1,1,0
4237248,43,1,0,1
2713440,43,1,0,1
4661712,43,1,0,1
4829152,43,1,0,1
4130208,43,1,0,1
1839968,43,1,1,0
2379152,43,1,1,0
1474832,43,1,1,0
2882760,43,1,1,0
2591400,43,1,0,1
359192,43,1,1,0
1131192,43,1,0,1
789008,43,1,0,1
2179392,43,1,0,1
5882712,43,1,0,1
1169008,43,1,0,1
1114216,43,1,0,1
546208,43,1,0,1
4426272,43,1,0,1
777152,43,1,0,1
2468240,43,1,1,0
2474296,43,1,1,0
557040,43,1,1,0
398880,43,1,0,1
4064048,43,1,1,0
8305304,43,1,0,1
2409688,43,1,0,1
1191768,43,1,0,1
634192,43,1,0,1
8147088,43,1,0,1
761688,43,1,0,1
6966440,43,1,1,0
697440,43,1,0,1
5335920,43,1,0,1
1258200,43,1,1,0
723752,43,1,1,0
915616,43,1,1,0
3516600,43,1,0,1
799736,43,1,0,1
7565752,43,1,1,0
2051472,43,1,0,1
1027416,43,1,0,1
388696,43,1,1,0
2967040,43,1,1,0
3058712,43,1,0,1
6515248,43,1,1,0
7591224,43,1,0,1
678400,43,1,1,0
3999240,43,1,1,0
1563744,43,1,1,0
395440,43,1,1,0
5899768,43,1,0,1
2262272,43,1,1,0
6816760,43,1,1,0
1051336,43,1,0,1
930384,43,1,0,1
325952,43,1,1,0
8029224,43,1,1,0
2468352,43,1,1,0
2012416,43,1,1,0
3400240,43,1,0,1
1336464,43,1,1,0
3431576,43,1,1,0
2890576,43,1,1,0
7069608,43,1,1,0
2065832,43,1,1,0
4854904,43,1,0,1
2746432,43,1,0,1
711088,43,1,1,0
989368,43,1,1,0
2315256,43,1,1,0
381320,43,1,1,0
1874608,43,1,0,1
190528,43,1,1,0
5912896,43,1,0,1
2000616,43,1,0,1
4127808,43,1,1,0
7222088,43,1,1,0
1954296,43,1,1,0
2956288,43,1,1,0
1847600,43,1,0,1
193248,43,1,1,0
831392,43,1,1,0
749080,43,1,0,1
2387648,43,1,1,0
524296,43,1,0,1
989576,43,1,1,0
1124768,43,1,1,0
2282600,43,1,1,0
960176,43,1,1,0
2210384,43,1,1,0
6029232,43,1,0,1
192216,43,1,1,0
1496088,43,1,0,1
5054712,43,1,0,1
3184408,43,1,1,0
3807112,43,1,1,0
5905248,43,1,1,0
269456,43,1,0,1
3881240,43,1,1,0
7627560,43,1,1,0
2239456,43,1,1,0
3323072,43,1,1,0
3544840,43,1,0,1
3339784,43,1,0,1
1965736,43,1,0,1
327672,43,1,1,0
4564816,43,1,0,1
3687640,43,1,0,1
3861344,43,1,1,0
831280,43,1,1,0
881968,43,1,1,0
542176,43,1,0,1
1797696,43,1,1,0
1064592,43,1,0,1
1275760,43,1,0,1
2126048,43,1,1,0
5778592,43,1,0,1
4173920,43,1,1,0
254056,43,1,1,0
850168,43,1,0,1
3819112,43,1,0,1
539872,43,1,1,0
2104608,43,1,1,0
1928112,43,1,1,0
460408,43,1,1,0
229304,43,1,0,1
6285496,43,1,0,1
3280776,43,1,0,1
653088,43,1,0,1
7624216,43,1,1,0
3502328,43,1,1,0
719456,43,1,1,0
2587896,43,1,1,0
437112,43,1,0,1
817960,43,1,1,0
1257408,43,1,0,1
1192584,43,1,0,1
2871216,43,1,1,0
290936,43,1,0,1
2214816,43,1,0,1
3256072,43,1,1,0
368872,43,1,1,0
6314048,43,1,0,1
7218728,43,1,1,0
6564968,43,1,0,1
837488,43,1,0,1
939232,43,1,1,0
1230888,43,1,0,1
5310152,43,1,0,1
2213840,43,1,1,0
3281192,43,1,0,1
8061144,43,1,1,0
3467328,43,1,0,1
865048,43,1,0,1
249912,43,1,1,0
3249984,43,1,0,1
8288800,43,1,0,1
933160,43,1,0,1
1475184,43,1,0,1
5512064,43,1,1,0
3373624,43,1,1,0
3300568,43,1,0,1
455072,43,1,0,1
3610632,43,1,1,0
1844000,43,1,1,0
527936,43,1,0,1
608400,43,1,1,0
4031824,43,1,1,0
5326616,43,1,0,1
1884104,43,1,1,0
1341648,43,1,1,0
910032,43,1,1,0
2984240,43,1,1,0
6912192,43,1,1,0
8204936,43,1,1,0
7012856,43,1,1,0
1435728,43,1,1,0
2631480,43,1,0,1
2079560,43,1,1,0
277840,43,1,1,0
1210376,43,1,1,0
6633184,43,1,0,1
4462208,43,1,1,0
339912,43,1,0,1
3785120,43,1,1,0
1240200,43,1,1,0
513968,43,1,0,1
8148392,43,1,0,1
541744,43,1,0,1
160848,43,1,0,1
7949120,43,1,1,0
5650288,43,1,0,1
4917176,43,1,0,1
2483120,43,1,0,1
5629232,43,1,0,1
2422808,43,1,0,1
666960,43,1,1,0
6718264,43,1,0,1
761720,43,1,1,0
1298696,43,1,0,1
7044432,43,1,0,1
7431320,43,1,0,1
1067464,43,1,1,0
434784,43,1,1,0
1579600,43,1,1,0
299488,43,1,0,1
7214296,43,1,1,0
5421720,43,1,0,1
2444536,43,1,1,0
3962200,43,1,1,0
2066256,43,1,1,0
4513808,43,1,1,0
4468968,43,1,0,1
3678944,43,1,1,0
501912,43,1,0,1
812696,43,1,0,1
686256,43,1,0,1
1832504,43,1,1,0
3629976,43,1,1,0
6497408,43,1,1,0
1152648,43,1,1,0
86568,43,1,1,0
4269192,43,1,1,0
240984,43,1,1,0
5634344,43,1,1,0
1190016,43,1,1,0
6463968,43,1,0,1
1046920,43,1,1,0
7700744,43,1,1,0
262784,43,1,0,1
979176,43,1,0,1
4596664,43,1,1,0
2869656,43,1,0,1
6249880,43,1,1,0
2470776,43,1,0,1
8225584,43,1,1,0
1593552,43,1,1,0
5130128,43,1,1,0
330256,43,1,1,0
207464,43,1,0,1
7209320,43,1,0,1
1315680,43,1,0,1
173024,43,1,1,0
1467656,43,1,0,1
3224520,43,1,1,0
539168,43,1,1,0
1648248,43,1,1,0
5429352,43,1,1,0
2971576,43,1,0,1
1479680,43,1,0,1
1957976,43,1,0,1
2194064,43,1,1,0
1497488,43,1,1,0
3657376,43,1,0,1
1635496,43,1,0,1
7959488,43,1,0,1
4460984,43,1,0,1
1795568,43,1,0,1
1853200,43,1,0,1
1990360,43,1,1,0
7500896,43,1,0,1
628224,43,1,0,1
893352,43,1,0,1
5712704,43,1,0,1
1719256,43,1,0,1
3396512,43,1,0,1
5101144,43,1,0,1
219040,43,1,1,0
3174168,43,1,0,1
5078584,43,1,1,0
673072,43,1,1,0
4172768,43,1,1,0
2835152,43,1,1,0
2553608,43,1,0,1
1681800,43,1,1,0
4916624,43,1,1,0
890040,43,1,1,0
1849384,43,1,0,1
5457184,43,1,0,1
883624,43,1,0,1
423464,43,1,0,1
1862128,43,1,1,0
1483704,43,1,1,0
5833368,43,1,1,0
513520,43,1,1,0
2232104,43,1,0,1
1041464,43,1,0,1
3846800,43,1,1,0
2552304,43,1,0,1
5901920,43,1,1,0
5802912,43,1,1,0
3987536,43,1,0,1
884608,43,1,1,0
2076600,43,1,1,0
5964344,43,1,0,1
2219960,43,1,0,1
1418576,43,1,0,1
6825936,43,1,1,0
776504,43,1,1,0
837672,43,1,1,0
1264824,43,1,1,0
2431160,43,1,1,0
788648,43,1,1,0
1418248,43,1,0,1
5600576,43,1,0,1
807568,43,1,0,1
2054416,43,1,0,1
4063600,43,1,1,0
1680752,43,1,0,1
5290512,43,1,0,1
3746736,43,1,0,1
1594864,43,1,0,1
742848,43,1,1,0
455680,43,1,1,0
8126896,43,1,0,1
1475024,43,1,1,0
1602992,43,1,1,0
7565632,43,1,1,0
6891976,43,1,1,0
3259992,43,1,0,1
3074824,43,1,0,1
6961144,43,1,0,1
4755616,43,1,0,1
1668608,43,1,1,0
1838488,43,1,1,0
4345568,43,1,0,1
1592728,43,1,1,0
292208,43,1,1,0
418432,43,1,1,0
3632824,43,1,1,0
393352,43,1,0,1
4292392,43,1,1,0
6739584,43,1,1,0
3091272,43,1,1,0
1395840,43,1,0,1
557032,43,1,1,0
3400896,43,1,0,1
2485008,43,1,1,0
1276016,43,1,1,0
1098680,43,1,0,1
2928720,43,1,1,0
4724048,43,1,1,0
3567288,43,1,0,1
4535928,43,1,1,0
5528520,43,1,0,1
492752,43,1,1,0
5245216,43,1,1,0
6943560,43,1,1,0
907584,43,1,1,0
336048,43,1,1,0
4130160,43,1,1,0
1789056,43,1,1,0
454608,43,1,0,1
710736,43,1,1,0
5741288,43,1,1,0
6011496,43,1,0,1
682584,43,1,0,1
490432,43,1,1,0
7600104,43,1,1,0
840792,43,1,0,1
3568192,43,1,1,0
445688,43,1,0,1
2132656,43,1,0,1
350040,43,1,0,1
1689656,43,1,1,0
4127544,43,1,1,0
273792,43,1,0,1
759520,43,1,1,0
591288,43,1,1,0
3675912,43,1,0,1
3259920,43,1,1,0
346816,43,1,0,1
594960,43,1,1,0
130560,43,1,0,1
1038744,43,1,1,0
3115760,43,1,1,0
2995672,43,1,0,1
3135248,43,1,1,0
330744,43,1,1,0
175336,43,1,1,0
1104712,43,1,0,1
344008,43,1,0,1
4999080,43,1,0,1
4326456,43,1,0,1
4518832,43,1,0,1
6200304,43,1,1,0
454016,43,1,0,1
1085448,43,1,0,1
5643576,43,1,1,0
813672,43,1,0,1
1175128,43,1,1,0
4372144,43,1,1,0
1700728,43,1,0,1
7050512,43,1,0,1
2733456,43,1,0,1
3057128,43,1,0,1
202352,43,1,1,0
190408,43,1,0,1
2916712,43,1,0,1
4892840,43,1,1,0
4571056,43,1,1,0
359072,43,1,1,0
1905240,43,1,0,1
804760,43,1,1,0
1251608,43,1,1,0
282880,43,1,0,1
3498792,43,1,1,0
2581968,43,1,0,1
492360,43,1,1,0
1128064,43,1,1,0
559592,43,1,0,1
6340472,43,1,1,0
8253816,43,1,0,1
5517808,43,1,0,1
699648,43,1,0,1
5573200,43,1,0,1
3820000,43,1,1,0
458488,43,1,0,1
1970992,43,1,0,1
3069464,43,1,0,1
2796656,43,1,1,0
3366528,43,1,0,1
983768,43,1,0,1
968152,43,1,1,0
5664632,43,1,0,1
515664,43,1,0,1
1040448,43,1,1,0
2263376,43,1,1,0
5318264,43,1,0,1
1301816,43,1,0,1
7333696,43,1,1,0
1694712,43,1,0,1
2390872,43,1,1,0
749256,43,1,1,0
1225152,43,1,1,0
120752,43,1,1,0
6430440,43,1,1,0
267424,43,1,0,1
2947216,43,1,1,0
2882064,43,1,1,0
2168552,43,1,1,0
2108408,43,1,1,0
430584,43,1,1,0
7223712,43,1,1,0
2294176,43,1,0,1
2812104,43,1,1,0
3660144,43,1,1,0
5029768,43,1,1,0
1154464,43,1,1,0
1416088,43,1,0,1
231824,43,1,0,1
198816,43,1,1,0
3735608,43,1,0,1
2037000,43,1,0,1
2436552,43,1,1,0
4535864,43,1,1,0
451528,43,1,1,0
535448,43,1,1,0
5299992,43,1,1,0
5508448,43,1,1,0
605680,43,1,0,1
1748848,43,1,0,1
3473416,43,1,0,1
133664,43,1,1,0
2365576,43,1,1,0
1842776,43,1,0,1
4939504,43,1,1,0
707912,43,1,1,0
4033616,43,1,1,0
625536,43,1,0,1
3764472,43,1,1,0
542480,43,1,0,1
6819104,43,1,0,1
3392512,43,1,0,1
1738680,43,1,1,0
2754272,43,1,1,0
3841616,43,1,0,1
668216,43,1,1,0
2086496,43,1,0,1
1015824,43,1,0,1
1820360,43,1,1,0
512440,43,1,0,1
2149392,43,1,1,0
258144,43,1,0,1
2526968,43,1,1,0
2119824,43,1,0,1
323504,43,1,1,0
875392,43,1,0,1
6818120,43,1,1,0
773024,43,1,1,0
229920,43,1,1,0
7946112,43,1,1,0
548128,43,1,1,0
2337616,43,1,1,0
5956008,43,1,1,0
2131392,43,1,1,0
3806816,43,1,1,0
5276352,43,1,0,1
2712272,43,1,0,1
1067568,43,1,0,1
5181384,43,1,1,0
884424,43,1,0,1
2635808,43,1,1,0
6144736,43,1,0,1
3631840,43,1,1,0
5091096,43,1,1,0
5254616,43,1,0,1
3377312,43,1,0,1
4257120,43,1,1,0
2341624,43,1,0,1
881328,43,1,1,0
1507008,43,1,0,1
1316752,43,1,1,0
542344,43,1,0,1
3352488,43,1,0,1
867696,43,1,1,0
1375064,43,1,0,1
4187576,43,1,0,1
1413216,43,1,1,0
1575304,43,1,0,1
3215080,43,1,1,0
431480,43,1,1,0
3658448,43,1,1,0
233864,43,1,1,0
776208,43,1,1,0
2380288,43,1,1,0
747912,43,1,0,1
5867968,43,1,0,1
2243184,43,1,1,0
4406776,43,1,1,0
1303360,43,1,1,0
2678208,43,1,1,0
2873344,43,1,0,1
225040,43,1,0,1
766152,43,1,0,1
4474528,43,1,1,0
597312,43,1,1,0
350704,43,1,0,1
6133672,43,1,0,1
4432816,43,1,1,0
5585968,43,1,0,1
1613072,43,1,1,0
647296,43,1,0,1
4537368,43,1,1,0
2332952,43,1,0,1
5308920,43,1,0,1
5101408,43,1,1,0
404488,43,1,0,1
749312,43,1,1,0
977672,43,1,0,1
5427432,43,1,0,1
886216,43,1,0,1
2930440,43,1,1,0
2613856,43,1,1,0
4309920,43,1,1,0
7782232,43,1,0,1
1065056,43,1,1,0
7072216,43,1,0,1
6061472,43,1,1,0
1060912,43,1,1,0
449592,43,1,0,1
6658472,43,1,0,1
412080,43,1,1,0
1071232,43,1,1,0
6033592,43,1,0,1
1079224,43,1,1,0
4491192,43,1,1,0
5853808,43,1,0,1
2736992,43,1,1,0
898424,43,1,1,0
2462720,43,1,0,1
6919392,43,1,1,0
1983128,43,1,1,0
2435968,43,1,0,1
1587760,43,1,0,1
6487960,43,1,1,0
3274008,43,1,1,0
2652816,43,1,0,1
4324792,43,1,1,0
870816,43,1,0,1
1464544,43,1,1,0
1162240,43,1,1,0
4411112,43,1,1,0
1468368,43,1,1,0
2095016,43,1,0,1
3308576,43,1,1,0
1371064,43,1,0,1
2114976,43,1,1,0
1158000,43,1,1,0
1286864,43,1,0,1
1018048,43,1,1,0
1822344,43,1,0,1
3738168,43,1,0,1
4182184,43,1,0,1
495616,43,1,0,1
3875472,43,1,0,1
1460696,43,1,0,1
6215232,43,1,0,1
363336,43,1,0,1
3935936,43,1,1,0
1444064,43,1,0,1
6988000,43,1,0,1
6245688,43,1,1,0
823136,43,1,1,0
1268016,43,1,1,0
902144,43,1,1,0
3286976,43,1,0,1
6088336,43,1,0,1
1122784,43,1,1,0
8018232,43,1,0,1
694256,43,1,1,0
576688,43,1,0,1
342240,43,1,0,1
773416,43,1,0,1
230512,43,1,0,1
98208,43,1,0,1
2201040,43,1,0,1
497328,43,1,0,1
409640,43,1,0,1
1106992,43,1,0,1
2658632,43,1,1,0
6055560,43,1,1,0
590728,43,1,0,1
215416,43,1,1,0
2207848,43,1,0,1
1486888,43,1,0,1
2313560,43,1,1,0
663520,43,1,0,1
7515104,43,1,1,0
6780040,43,1,1,0
538800,43,1,1,0
754064,43,1,1,0
647360,43,1,0,1
4883944,43,1,1,0
1765680,43,1,1,0
2362208,43,1,0,1
1832336,43,1,1,0
2047952,43,1,0,1
1431616,43,1,0,1
2664952,43,1,0,1
2054400,43,1,0,1
2513272,43,1,0,1
4079032,43,1,1,0
8308008,43,1,0,1
541088,43,1,1,0
1549088,43,1,0,1
670000,43,1,1,0
2085416,43,1,1,0
8185520,43,1,1,0
6593232,43,1,1,0
1266536,43,1,1,0
980944,43,1,1,0
1892000,43,1,0,1
2524624,43,1,1,0
2587176,43,1,1,0
7365752,43,1,0,1
729776,43,1,1,0
2244656,43,1,0,1
2642840,43,1,0,1
1708456,43,1,0,1
2181360,43,1,0,1
1086664,43,1,1,0
1526240,43,1,1,0
3513248,43,1,0,1
866760,43,1,0,1
1091960,43,1,1,0
817664,43,1,0,1
1142880,43,1,0,1
702480,43,1,0,1
478560,43,1,1,0
216048,43,1,1,0
8168136,43,1,0,1
4775328,43,1,0,1
1065600,43,1,1,0
1024664,43,1,1,0
4198608,43,1,1,0
4510728,43,1,1,0
7155768,43,1,0,1
242536,43,1,0,1
5662648,43,1,1,0
986168,43,1,1,0
6151312,43,1,0,1
871752,43,1,0,1
1019392,43,1,0,1
5411848,43,1,1,0
1108360,43,1,1,0
6378024,43,1,1,0
1820352,43,1,0,1
512872,43,1,1,0
917736,43,1,1,0
438960,43,1,1,0
831784,43,1,1,0
3227472,43,1,1,0
965304,43,1,0,1
1810160,43,1,1,0
3921776,43,1,0,1
1544304,43,1,1,0
443496,43,1,0,1
1727856,43,1,0,1
4475032,43,1,1,0
6611304,43,1,1,0
7928856,43,1,0,1
7234776,43,1,0,1
3431912,43,1,0,1
3414592,43,1,1,0
2838928,43,1,1,0
1529392,43,1,0,1
3515168,43,1,1,0
3313160,43,1,1,0
4207888,43,1,0,1
7132840,43,1,0,1
7696760,43,1,0,1
988184,43,1,1,0
2116816,43,1,1,0
4087784,43,1,0,1
6970000,43,1,0,1
567424,43,1,0,1
877648,43,1,0,1
2376984,43,1,0,1
2682424,43,1,0,1
7713928,43,1,0,1
1927936,43,1,0,1
4332776,43,1,1,0
186928,43,1,0,1
3205048,43,1,1,0
5809472,43,1,0,1
2959936,43,1,0,1
2736136,43,1,0,1
6794784,43,1,0,1
1377424,43,1,0,1
5169016,43,1,0,1
121400,43,1,1,0
593112,43,1,1,0
2203504,43,1,0,1
4307024,43,1,1,0
3796520,43,1,0,1
2325736,43,1,1,0
1448232,43,1,0,1
6415976,43,1,0,1
857728,43,1,1,0
1141456,43,1,0,1
4374640,43,1,1,0
3501800,43,1,1,0
1459784,43,1,0,1
5593224,43,1,0,1
5518080,43,1,0,1
1905576,43,1,1,0
736616,43,1,1,0
6305712,43,1,1,0
1023160,43,1,1,0
3088960,43,1,1,0
5252632,43,1,0,1
136544,43,1,0,1
1253216,43,1,0,1
2961576,43,1,0,1
1476728,43,1,0,1
586360,43,1,0,1
2458344,43,1,1,0
1041216,43,1,1,0
381928,43,1,1,0
4787984,43,1,0,1
5075408,43,1,1,0
2554600,43,1,1,0
869400,43,1,0,1
4165216,43,1,0,1
5380512,43,1,0,1
1238168,43,1,0,1
238296,43,1,1,0
1875944,43,1,0,1
6824296,43,1,1,0
2760936,43,1,1,0
1681208,43,1,0,1
5444464,43,1,0,1
3282224,43,1,1,0
490936,43,1,0,1
2234936,43,1,1,0
3278272,43,1,1,0
1367976,43,1,1,0
2564784,43,1,0,1
895224,43,1,0,1
1052184,43,1,0,1
2291520,43,1,0,1
4263488,43,1,0,1
259816,43,1,1,0
4063064,43,1,1,0
2146680,43,1,0,1
6535160,43,1,1,0
6208416,43,1,1,0
2662120,43,1,0,1
3768736,43,1,0,1
6759136,43,1,1,0
3936400,43,1,0,1
7187400,43,1,1,0
939704,43,1,0,1
4918504,43,1,1,0
752816,43,1,1,0
565624,43,1,0,1
1460008,43,1,0,1
6854880,43,1,1,0
280328,43,1,1,0
1071304,43,1,0,1
3528064,43,1,1,0
686024,43,1,0,1
772712,43,1,1,0
5984624,43,1,1,0
1244264,43,1,1,0
1933240,43,1,0,1
520160,43,1,0,1
2496176,43,1,1,0
3307688,43,1,1,0
329880,43,1,1,0
1209864,43,1,1,0
934608,43,1,1,0
8195528,43,1,1,0
5703504,43,1,1,0
5291872,43,1,1,0
226248,43,1,0,1
6058840,43,1,0,1
800656,43,1,0,1
1200760,43,1,0,1
1169696,43,1,0,1
307408,43,1,0,1
7993152,43,1,1,0
4983144,43,1,0,1
4699208,43,1,1,0
651232,43,1,1,0
177752,43,1,0,1
1388760,43,1,0,1
5264376,43,1,0,1
1658280,43,1,0,1
2043232,43,1,1,0
3247344,43,1,0,1
1082072,43,1,1,0
2388160,43,1,0,1
4967096,43,1,0,1
6733600,43,1,1,0
4903000,43,1,1,0
3367936,43,1,1,0
1753720,43,1,1,0
766952,43,1,1,0
1428736,43,1,0,1
3044968,43,1,1,0
1345296,43,1,0,1
1948128,43,1,1,0
285952,43,1,0,1
417576,43,1,1,0
1789376,43,1,1,0
5867136,43,1,1,0
168560,43,1,1,0
6096712,43,1,1,0
6268488,43,1,0,1
5963360,43,1,1,0
243064,43,1,0,1
987136,43,1,1,0
716136,43,1,1,0
1373080,43,1,0,1
366048,43,1,0,1
5737008,43,1,1,0
1743320,43,1,0,1
3556920,43,1,1,0
8005552,44,1,1,0
1460024,44,1,0,1
352976,44,1,0,1
2361848,44,1,0,1
887168,44,1,0,1
3016720,44,1,0,1
1910176,44,1,0,1
1379320,44,1,1,0
4175216,44,1,1,0
3778152,44,1,1,0
2064904,44,1,1,0
1754120,44,1,1,0
5710280,44,1,0,1
602856,44,1,1,0
568728,44,1,1,0
6993104,44,1,1,0
2435640,44,1,0,1
1065960,44,1,1,0
851264,44,1,0,1
2396680,44,1,1,0
1140816,44,1,1,0
947808,44,1,0,1
1004224,44,1,1,0
6938720,44,1,0,1
5937240,44,1,1,0
4028624,44,1,1,0
8165080,44,1,0,1
641488,44,1,0,1
1361104,44,1,0,1
915416,44,1,1,0
4158960,44,1,0,1
7819248,44,1,1,0
5395448,44,1,0,1
564032,44,1,0,1
3926944,44,1,0,1
3827720,44,1,0,1
1754352,44,1,0,1
920496,44,1,0,1
5099464,44,1,1,0
576352,44,1,0,1
311408,44,1,0,1
3836872,44,1,0,1
3198096,44,1,1,0
4949560,44,1,0,1
2290112,44,1,0,1
3228192,44,1,0,1
8064200,44,1,1,0
3054288,44,1,0,1
4552864,44,1,0,1
697752,44,1,0,1
584640,44,1,0,1
6087648,44,1,1,0
1157680,44,1,1,0
1712936,44,1,0,1
3845248,44,1,1,0
962256,44,1,1,0
1338696,44,1,0,1
1382256,44,1,0,1
3139960,44,1,0,1
1539704,44,1,1,0
835592,44,1,1,0
4763296,44,1,0,1
6095704,44,1,1,0
579040,44,1,1,0
1329408,44,1,0,1
1514584,44,1,0,1
502672,44,1,0,1
4770592,44,1,1,0
6797048,44,1,0,1
3176792,44,1,1,0
382072,44,1,0,1
5154184,44,1,0,1
5696576,44,1,1,0
2047416,44,1,0,1
2168280,44,1,0,1
1524592,44,1,0,1
392776,44,1,1,0
1926368,44,1,1,0
516752,44,1,0,1
610496,44,1,0,1
5505504,44,1,0,1
2616288,44,1,1,0
3427952,44,1,1,0
6222904,44,1,0,1
8374688,44,1,1,0
1715824,44,1,1,0
6708024,44,1,0,1
7097584,44,1,0,1
6430824,44,1,1,0
7260192,44,1,1,0
7121472,44,1,1,0
173304,44,1,1,0
1945736,44,1,0,1
7532480,44,1,0,1
6475264,44,1,0,1
787392,44,1,1,0
1892024,44,1,1,0
3506888,44,1,0,1
1003544,44,1,1,0
5670312,44,1,1,0
2669440,44,1,0,1
5773584,44,1,0,1
579864,44,1,1,0
2380192,44,1,1,0
541480,44,1,0,1
6752832,44,1,0,1
369088,44,1,0,1
1253272,44,1,1,0
3195064,44,1,1,0
4673384,44,1,1,0
4645384,44,1,1,0
2037912,44,1,1,0
1531072,44,1,1,0
5750024,44,1,0,1
385176,44,1,1,0
761408,44,1,1,0
1580152,44,1,1,0
1502592,44,1,1,0
358536,44,1,1,0
784984,44,1,1,0
839800,44,1,0,1
2778800,44,1,0,1
6972336,44,1,0,1
4224008,44,1,0,1
3035488,44,1,1,0
1945448,44,1,1,0
563768,44,1,1,0
4283760,44,1,0,1
4190672,44,1,1,0
2838208,44,1,0,1
7478568,44,1,1,0
5516280,44,1,0,1
6998728,44,1,1,0
3081440,44,1,0,1
4912864,44,1,0,1
1742080,44,1,0,1
5004032,44,1,0,1
1108712,44,1,1,0
7524184,44,1,0,1
3702144,44,1,0,1
3641560,44,1,0,1
4429896,44,1,0,1
1685176,44,1,1,0
3361016,44,1,0,1
3280864,44,1,1,0
2688824,44,1,0,1
366176,44,1,0,1
4896368,44,1,1,0
1355960,44,1,0,1
948288,44,1,0,1
4080088,44,1,0,1
419624,44,1,0,1
396952,44,1,1,0
6486296,44,1,0,1
288824,44,1,1,0
1513576,44,1,1,0
6888096,44,1,0,1
3789904,44,1,0,1
4400552,44,1,0,1
2757856,44,1,0,1
1529856,44,1,0,1
1244528,44,1,1,0
1866792,44,1,0,1
2520568,44,1,1,0
1277192,44,1,1,0
490360,44,1,1,0
3887232,44,1,0,1
398248,44,1,0,1
8243608,44,1,0,1
3625144,44,1,0,1
4087432,44,1,0,1
7434984,44,1,1,0
5169848,44,1,0,1
873768,44,1,1,0
5891872,44,1,0,1
4947640,44,1,1,0
411312,44,1,0,1
1452944,44,1,0,1
4832792,44,1,1,0
752416,44,1,1,0
5304280,44,1,0,1
1185016,44,1,1,0
1891568,44,1,1,0
7444520,44,1,0,1
4926440,44,1,0,1
1777888,44,1,0,1
3911584,44,1,1,0
1995864,44,1,1,0
1895368,44,1,1,0
1625768,44,1,1,0
1332312,44,1,0,1
1110456,44,1,0,1
4409608,44,1,1,0
7150760,44,1,1,0
3848032,44,1,0,1
1921288,44,1,0,1
4607800,44,1,1,0
239816,44,1,0,1
4680280,44,1,0,1
3894880,44,1,1,0
1996432,44,1,1,0
253472,44,1,0,1
2238408,44,1,0,1
2591520,44,1,0,1
2594248,44,1,1,0
4831952,44,1,1,0
1116880,44,1,1,0
3173400,44,1,1,0
393040,44,1,0,1
7555608,44,1,1,0
3319544,44,1,1,0
865816,44,1,0,1
1553360,44,1,1,0
2668936,44,1,0,1
4896344,44,1,0,1
168736,44,1,0,1
822848,44,1,0,1
7141488,44,1,0,1
3461944,44,1,1,0
4762992,44,1,0,1
1167416,44,1,1,0
503120,44,1,1,0
93584,44,1,0,1
4143808,44,1,1,0
4608832,44,1,1,0
4212400,44,1,0,1
5363048,44,1,1,0
5127048,44,1,1,0
3224200,44,1,0,1
1351304,44,1,1,0
301784,44,1,0,1
1353880,44,1,1,0
743656,44,1,0,1
167232,44,1,1,0
1923320,44,1,1,0
181264,44,1,0,1
8046008,44,1,0,1
778672,44,1,1,0
1097608,44,1,0,1
1134536,44,1,1,0
963320,44,1,0,1
7745352,44,1,0,1
4180248,44,1,1,0
4490640,44,1,0,1
317888,44,1,0,1
2562776,44,1,0,1
3965680,44,1,1,0
519880,44,1,1,0
3505080,44,1,1,0
4234856,44,1,1,0
5141112,44,1,1,0
6333208,44,1,0,1
2983952,44,1,1,0
2363776,44,1,1,0
1591136,44,1,0,1
613736,44,1,1,0
1896744,44,1,1,0
6085696,44,1,1,0
1373696,44,1,0,1
117600,44,1,0,1
4869704,44,1,1,0
5828536,44,1,1,0
4317320,44,1,1,0
1436760,44,1,0,1
487176,44,1,1,0
265648,44,1,0,1
1306680,44,1,1,0
2849496,44,1,0,1
158136,44,1,1,0
707064,44,1,1,0
914672,44,1,1,0
1611344,44,1,1,0
608640,44,1,0,1
1734744,44,1,0,1
7620696,44,1,0,1
6571528,44,1,1,0
505392,44,1,1,0
441504,44,1,0,1
2313312,44,1,1,0
1408832,44,1,0,1
3087072,44,1,1,0
4660288,44,1,1,0
5795304,44,1,1,0
5252560,44,1,0,1
2721704,44,1,0,1
4164040,44,1,1,0
472680,44,1,0,1
6255640,44,1,1,0
491592,44,1,0,1
5293360,44,1,0,1
1514736,44,1,0,1
92008,44,1,1,0
817016,44,1,0,1
2288064,44,1,0,1
2369008,44,1,1,0
1953168,44,1,1,0
2262488,44,1,0,1
7454888,44,1,0,1
2064160,44,1,1,0
1684944,44,1,0,1
2653024,44,1,0,1
7661336,44,1,1,0
4535360,44,1,1,0
2963008,44,1,1,0
658400,44,1,1,0
6573760,44,1,0,1
6486360,44,1,1,0
723496,44,1,0,1
7990528,44,1,1,0
6193632,44,1,0,1
655440,44,1,1,0
4769208,44,1,0,1
1334296,44,1,1,0
5842792,44,1,0,1
6143352,44,1,1,0
6039360,44,1,1,0
3216000,44,1,0,1
921704,44,1,0,1
2542816,44,1,1,0
155744,44,1,0,1
7634184,44,1,0,1
285744,44,1,1,0
2132136,44,1,1,0
220392,44,1,1,0
1216048,44,1,0,1
7111168,44,1,1,0
214616,44,1,0,1
1831672,44,1,1,0
1824008,44,1,1,0
1196472,44,1,1,0
8028608,44,1,0,1
2157024,44,1,1,0
500048,44,1,1,0
706376,44,1,0,1
2644144,44,1,0,1
7433784,44,1,1,0
5562776,44,1,0,1
1348912,44,1,1,0
555568,44,1,1,0
2661736,44,1,1,0
932696,44,1,0,1
6097440,44,1,0,1
3514648,44,1,1,0
4288760,44,1,1,0
4971000,44,1,1,0
1223024,44,1,1,0
1222416,44,1,1,0
3316232,44,1,0,1
188216,44,1,1,0
5245152,44,1,1,0
4903920,44,1,0,1
8117280,44,1,0,1
1337600,44,1,0,1
1612872,44,1,0,1
2973544,44,1,0,1
871536,44,1,1,0
1772968,44,1,1,0
3305640,44,1,1,0
290744,44,1,1,0
3896960,44,1,0,1
1310168,44,1,1,0
635264,44,1,1,0
7976160,44,1,0,1
8321400,44,1,0,1
2154936,44,1,0,1
975392,44,1,0,1
5137640,44,1,0,1
1542296,44,1,0,1
1616520,44,1,1,0
1102464,44,1,0,1
1180992,44,1,1,0
5042968,44,1,1,0
5727072,44,1,1,0
184040,44,1,0,1
3798592,44,1,1,0
902448,44,1,1,0
3437536,44,1,1,0
5150280,44,1,0,1
2734792,44,1,1,0
398632,44,1,0,1
518016,44,1,1,0
6169120,44,1,1,0
1135984,44,1,1,0
5137256,44,1,1,0
6019224,44,1,1,0
474520,44,1,0,1
3170736,44,1,0,1
3646600,44,1,0,1
7413584,44,1,0,1
1714168,44,1,0,1
3657352,44,1,0,1
548168,44,1,1,0
2523096,44,1,1,0
379288,44,1,0,1
3070696,44,1,1,0
3078152,44,1,0,1
519104,44,1,0,1
3208592,44,1,0,1
7771544,44,1,0,1
3055696,44,1,1,0
6168504,44,1,1,0
1357184,44,1,0,1
800416,44,1,1,0
664480,44,1,0,1
893784,44,1,1,0
5414056,44,1,1,0
1311480,44,1,1,0
2232952,44,1,0,1
2172224,44,1,1,0
4592352,44,1,0,1
899184,44,1,0,1
7205864,44,1,1,0
6684112,44,1,0,1
1614472,44,1,0,1
7592256,44,1,1,0
2774384,44,1,1,0
429448,44,1,0,1
7755824,44,1,1,0
2921264,44,1,0,1
916880,44,1,1,0
6923888,44,1,1,0
691176,44,1,1,0
2576840,44,1,1,0
1440000,44,1,0,1
856248,44,1,1,0
1417096,44,1,1,0
1038600,44,1,0,1
7242224,44,1,0,1
2618000,44,1,1,0
1497288,44,1,0,1
5607816,44,1,0,1
3621368,44,1,1,0
1945168,44,1,1,0
1815752,44,1,1,0
2347008,44,1,0,1
6108936,44,1,0,1
4711592,44,1,1,0
1484624,44,1,0,1
6555240,44,1,0,1
3699904,44,1,0,1
456448,44,1,1,0
2957592,44,1,1,0
786976,44,1,1,0
162880,44,1,1,0
1393616,44,1,1,0
6865888,44,1,0,1
6044624,44,1,0,1
1238872,44,1,0,1
2347968,44,1,1,0
6287568,44,1,0,1
798152,44,1,1,0
7338928,44,1,0,1
1475880,44,1,1,0
2069096,44,1,0,1
1506000,44,1,0,1
2119328,44,1,0,1
1394816,44,1,0,1
1270888,44,1,0,1
2969440,44,1,1,0
3029600,44,1,0,1
4319312,44,1,0,1
661672,44,1,1,0
145568,44,1,0,1
991960,44,1,0,1
5646736,44,1,1,0
2020432,44,1,0,1
3943648,44,1,1,0
5700256,44,1,1,0
1763616,44,1,0,1
8016272,44,1,0,1
476744,44,1,1,0
5100048,44,1,0,1
681200,44,1,0,1
322944,44,1,0,1
3731888,44,1,1,0
2210584,44,1,1,0
5031232,44,1,0,1
3785944,44,1,0,1
1988560,44,1,1,0
5803856,44,1,1,0
1494568,44,1,1,0
614160,44,1,0,1
6737128,44,1,1,0
492032,44,1,0,1
2610920,44,1,1,0
4846856,44,1,0,1
1102864,44,1,1,0
5473648,44,1,1,0
1249600,44,1,1,0
4860424,44,1,0,1
238576,44,1,0,1
4531024,44,1,1,0
2276352,44,1,0,1
3103856,44,1,1,0
6217584,44,1,1,0
1438128,44,1,0,1
1347192,44,1,0,1
1177272,44,1,1,0
1649592,44,1,0,1
226080,44,1,1,0
5978632,44,1,1,0
3652736,44,1,0,1
6634936,44,1,1,0
3526608,44,1,1,0
883328,44,1,0,1
3083960,44,1,0,1
4763008,44,1,1,0
635872,44,1,1,0
4102488,44,1,1,0
1724848,44,1,0,1
959472,44,1,0,1
912712,44,1,0,1
603936,44,1,1,0
1182856,44,1,1,0
6093840,44,1,0,1
2871752,44,1,0,1
2923416,44,1,1,0
3236632,44,1,1,0
7152976,44,1,0,1
814272,44,1,0,1
1619064,44,1,1,0
7640088,44,1,1,0
1310000,44,1,1,0
3939984,44,1,1,0
4079832,44,1,0,1
773336,44,1,0,1
1367208,44,1,1,0
803720,44,1,0,1
1109504,44,1,0,1
942688,44,1,0,1
1252560,44,1,0,1
942024,44,1,1,0
2025624,44,1,1,0
5068608,44,1,1,0
5346320,44,1,0,1
879112,44,1,1,0
1046848,44,1,0,1
2903152,44,1,1,0
7572864,44,1,0,1
3775400,44,1,0,1
1328616,44,1,1,0
5920392,44,1,0,1
6366880,44,1,0,1
7202408,44,1,0,1
2695568,44,1,0,1
3277856,44,1,1,0
857000,44,1,0,1
636384,44,1,1,0
634000,44,1,0,1
722968,44,1,1,0
2931256,44,1,1,0
255728,44,1,1,0
861888,44,1,1,0
6859784,44,1,1,0
562920,44,1,0,1
3542128,44,1,1,0
1896752,44,1,0,1
530336,44,1,1,0
781344,44,1,0,1
1778456,44,1,0,1
2121976,44,1,0,1
616800,44,1,0,1
3674016,44,1,1,0
3222088,44,1,1,0
530256,44,1,1,0
2196744,44,1,1,0
7654520,44,1,0,1
1584200,44,1,1,0
5819248,44,1,1,0
3279808,44,1,0,1
304376,44,1,1,0
4498240,44,1,1,0
7536448,44,1,0,1
297832,44,1,1,0
1263464,44,1,1,0
4790416,44,1,0,1
5268792,44,1,1,0
8126752,44,1,0,1
7173952,44,1,0,1
825288,44,1,1,0
5373584,44,1,1,0
1998080,44,1,0,1
2352112,44,1,1,0
2419584,44,1,0,1
811368,44,1,0,1
3903616,44,1,1,0
839912,44,1,0,1
1032912,44,1,0,1
4852504,44,1,0,1
6114288,44,1,0,1
2934576,44,1,0,1
1535728,44,1,1,0
5857920,44,1,1,0
1339200,44,1,0,1
3617136,44,1,1,0
170824,44,1,0,1
1240096,44,1,0,1
7382184,44,1,0,1
6453024,44,1,1,0
772328,44,1,1,0
699152,44,1,0,1
4075120,44,1,0,1
2728656,44,1,0,1
5025488,44,1,1,0
3773920,44,1,1,0
3853232,44,1,1,0
2349160,44,1,0,1
5800304,44,1,1,0
482872,44,1,0,1
234408,44,1,0,1
493080,44,1,0,1
1140576,44,1,0,1
334136,44,1,1,0
6370416,44,1,1,0
6929824,44,1,1,0
6589368,44,1,0,1
3647176,44,1,1,0
1062592,44,1,0,1
1857104,44,1,0,1
2333280,44,1,1,0
1194088,44,1,0,1
3175448,44,1,1,0
7837648,44,1,0,1
7147304,44,1,1,0
2373152,44,1,0,1
1000728,44,1,0,1
1242800,44,1,0,1
321984,44,1,0,1
320216,44,1,1,0
4356576,44,1,0,1
4019864,44,1,1,0
2779624,44,1,0,1
1731744,44,1,0,1
3886000,44,1,1,0
3238728,44,1,0,1
980568,44,1,1,0
739920,44,1,0,1
6338168,44,1,1,0
415632,44,1,0,1
5029208,44,1,0,1
735528,44,1,1,0
1063872,44,1,1,0
7519448,44,1,1,0
2240464,44,1,1,0
4504528,44,1,0,1
1132584,44,1,0,1
5023904,44,1,1,0
1307080,44,1,1,0
5448472,44,1,0,1
6041568,44,1,0,1
5809920,44,1,0,1
3571720,44,1,1,0
288128,44,1,1,0
5971168,44,1,1,0
6132032,44,1,1,0
1510784,44,1,0,1
2898280,44,1,0,1
2546080,44,1,1,0
4364016,44,1,0,1
3544536,44,1,0,1
2045248,44,1,1,0
885776,44,1,0,1
5969336,44,1,0,1
7183232,44,1,0,1
6769696,44,1,0,1
4168680,44,1,1,0
4560016,44,1,0,1
5111536,44,1,1,0
2862664,44,1,0,1
3282480,44,1,0,1
214408,44,1,0,1
8096264,44,1,0,1
3245784,44,1,0,1
2500408,44,1,1,0
7586960,44,1,0,1
3392104,44,1,1,0
7342616,44,1,0,1
981280,44,1,1,0
1587160,44,1,0,1
1890560,44,1,0,1
6788304,44,1,1,0
365848,44,1,1,0
6682144,44,1,0,1
173896,44,1,0,1
1470736,44,1,0,1
2623960,44,1,0,1
3109736,44,1,0,1
1066696,44,1,1,0
2367864,44,1,1,0
7307912,44,1,0,1
594952,44,1,1,0
8140424,44,1,1,0
2205592,44,1,0,1
4765216,44,1,1,0
7047712,44,1,1,0
2329472,44,1,0,1
4414800,44,1,0,1
6242272,44,1,1,0
951840,44,1,1,0
256712,44,1,0,1
5290984,44,1,1,0
5620688,44,1,1,0
631504,44,1,1,0
357448,44,1,0,1
2203336,44,1,0,1
6871944,44,1,1,0
2687264,44,1,0,1
771896,44,1,0,1
333544,44,1,0,1
6199368,44,1,0,1
131992,44,1,0,1
3751504,44,1,0,1
1434448,44,1,0,1
6193736,44,1,0,1
102912,44,1,0,1
5440128,44,1,1,0
750472,44,1,1,0
7781680,44,1,0,1
3113552,44,1,1,0
1400112,44,1,1,0
200776,44,1,0,1
3880224,44,1,0,1
621312,44,1,1,0
2743664,44,1,1,0
1675296,44,1,1,0
1257416,44,1,0,1
442048,44,1,0,1
791872,44,1,0,1
2342224,44,1,0,1
3078056,44,1,0,1
1642280,44,1,0,1
5246672,44,1,1,0
6777768,44,1,1,0
6376768,44,1,0,1
6704872,44,1,1,0
6479640,44,1,1,0
986040,44,1,1,0
4943136,44,1,0,1
8141824,44,1,0,1
6007000,44,1,0,1
685296,44,1,1,0
8044256,44,1,0,1
2722816,44,1,0,1
556936,44,1,1,0
375064,44,1,1,0
3287496,44,1,1,0
1689472,44,1,0,1
3151768,44,1,1,0
277472,44,1,0,1
1054888,44,1,0,1
6223832,44,1,0,1
4402464,44,1,0,1
513304,44,1,1,0
4340760,44,1,1,0
643096,44,1,0,1
364216,44,1,1,0
1440016,44,1,1,0
259784,44,1,0,1
3039208,44,1,1,0
3542448,44,1,1,0
6255264,44,1,1,0
4501184,44,1,1,0
2669256,44,1,1,0
1782040,44,1,1,0
420120,44,1,1,0
3271248,44,1,0,1
476608,44,1,1,0
7543168,44,1,0,1
1309184,44,1,1,0
6594688,44,1,0,1
556528,44,1,0,1
225272,44,1,0,1
631440,44,1,0,1
5129424,44,1,1,0
5194424,44,1,0,1
4271504,44,1,1,0
285424,44,1,0,1
1033024,44,1,1,0
7754608,44,1,0,1
4329752,44,1,0,1
7841880,44,1,1,0
5767840,44,1,1,0
5415296,44,1,0,1
5984504,44,1,0,1
1692160,44,1,1,0
1958856,44,1,1,0
1733288,44,1,1,0
815040,44,1,1,0
900008,44,1,0,1
3108904,44,1,0,1
1670512,44,1,0,1
1696472,44,1,1,0
303568,44,1,0,1
645776,44,1,0,1
2653048,44,1,0,1
1640032,44,1,0,1
319264,44,1,1,0
636120,44,1,0,1
269336,44,1,0,1
6753712,44,1,0,1
2877448,44,1,0,1
3204024,44,1,0,1
7602936,44,1,0,1
2433920,44,1,0,1
1414224,44,1,0,1
4774744,44,1,1,0
122272,44,1,1,0
5231264,44,1,0,1
214752,44,1,0,1
5474088,44,1,0,1
2501576,44,1,0,1
4588544,44,1,1,0
6319704,44,1,0,1
1295448,44,1,1,0
752896,44,1,1,0
5284680,44,1,1,0
2974488,44,1,0,1
787952,44,1,0,1
5762080,44,1,1,0
3562848,44,1,0,1
1403712,44,1,0,1
2806344,44,1,0,1
318704,44,1,0,1
1228512,44,1,1,0
5385128,44,1,0,1
1102936,44,1,1,0
1231616,44,1,0,1
4639320,44,1,0,1
390424,44,1,1,0
5164440,44,1,0,1
5347576,44,1,0,1
4859136,44,1,1,0
604248,44,1,1,0
1286064,44,1,0,1
2399664,44,1,0,1
2745584,44,1,1,0
3882336,44,1,1,0
5577896,44,1,1,0
6107808,44,1,1,0
235840,44,1,1,0
1430312,44,1,1,0
293936,44,1,0,1
692072,44,1,0,1
1386008,44,1,0,1
1778312,44,1,1,0
4055880,44,1,0,1
2489272,44,1,0,1
1088056,44,1,1,0
1841672,44,1,1,0
943144,44,1,1,0
8253232,44,1,0,1
856960,44,1,0,1
4898808,44,1,0,1
3240360,44,1,1,0
376824,44,1,0,1
5181120,44,1,1,0
1386176,44,1,0,1
501224,44,1,1,0
2696064,44,1,0,1
3813056,44,1,0,1
2310008,44,1,0,1
2475048,44,1,0,1
532672,44,1,1,0
5713016,44,1,0,1
3515744,44,1,0,1
4713792,44,1,0,1
3323112,44,1,0,1
468640,44,1,0,1
6218200,44,1,1,0
4174568,44,1,0,1
861256,44,1,0,1
1525816,44,1,0,1
3179264,44,1,0,1
1963320,44,1,1,0
3533552,44,1,1,0
4726688,44,1,1,0
660544,44,1,1,0
1834688,44,1,0,1
3545000,44,1,1,0
7074672,44,1,0,1
980208,44,1,0,1
209104,44,1,1,0
6251368,44,1,0,1
3412448,44,1,1,0
3104160,44,1,1,0
6576288,44,1,1,0
4750904,44,1,1,0
7582808,44,1,1,0
3920104,44,1,1,0
502112,44,1,1,0
1924376,44,1,1,0
2328440,44,1,1,0
3513608,44,1,1,0
2531688,44,1,0,1
278872,44,1,1,0
1665736,44,1,0,1
5709720,44,1,0,1
4957520,44,1,0,1
2419672,44,1,1,0
1314072,44,1,0,1
1181272,44,1,0,1
4917888,44,1,1,0
470848,44,1,1,0
674144,44,1,1,0
524528,44,1,1,0
4786568,44,1,0,1
2399288,44,1,1,0
6086152,44,1,0,1
867072,44,1,1,0
1062016,44,1,1,0
256160,44,1,0,1
6876056,44,1,1,0
4161888,44,1,0,1
3730488,44,1,0,1
1194496,44,1,0,1
5194624,44,1,0,1
3673872,44,1,1,0
7354064,44,1,0,1
227744,44,1,1,0
359880,44,1,1,0
211688,44,1,1,0
1264544,44,1,1,0
2930128,44,1,0,1
443016,44,1,0,1
835936,44,1,1,0
810032,44,1,0,1
5872264,44,1,0,1
948504,44,1,1,0
1268000,44,1,1,0
969016,44,1,0,1
329488,44,1,0,1
2735216,44,1,1,0
2803432,44,1,1,0
2895552,44,1,0,1
3250568,44,1,0,1
6437872,44,1,0,1
2160744,44,1,1,0
2587944,44,1,1,0
2786448,44,1,0,1
1601608,44,1,0,1
1899424,44,1,1,0
2829296,44,1,1,0
1173192,44,1,0,1
304016,44,1,1,0
5608472,44,1,1,0
3950024,44,1,0,1
1236728,44,1,1,0
898008,44,1,0,1
2335832,44,1,1,0
945744,44,1,1,0
1977712,44,1,1,0
8010240,44,1,0,1
3963808,44,1,1,0
5022328,44,1,1,0
1218608,44,1,1,0
4158272,44,1,0,1
1637952,44,1,0,1
555320,44,1,0,1
270976,44,1,0,1
3886880,44,1,0,1
6502888,44,1,1,0
7070264,44,1,1,0
5827784,44,1,0,1
4527048,44,1,1,0
480552,44,1,1,0
8249888,44,1,0,1
7523240,44,1,1,0
1712920,44,1,0,1
3786680,44,1,1,0
502544,44,1,0,1
1741080,44,1,0,1
1280256,44,1,0,1
2162144,44,1,0,1
3844632,44,1,1,0
4292888,44,1,0,1
3895632,44,1,1,0
256880,44,1,0,1
2782280,44,1,0,1
5514920,44,1,0,1
141872,44,1,0,1
696408,44,1,1,0
6500440,44,1,1,0
6642328,44,1,0,1
7767600,44,1,1,0
5946464,44,1,0,1
1261792,44,1,0,1
7267736,44,1,0,1
2249448,44,1,1,0
1409304,44,1,1,0
5313512,44,1,1,0
3065432,44,1,0,1
509528,44,1,0,1
6574712,44,1,0,1
418448,44,1,1,0
6160920,44,1,1,0
1142808,44,1,0,1
5814544,44,1,1,0
1510568,44,1,1,0
6223104,44,1,0,1
791752,44,1,1,0
1392512,44,1,0,1
471784,44,1,0,1
1131928,44,1,0,1
2182648,44,1,0,1
4038000,44,1,1,0
2133184,44,1,0,1
3875792,44,1,1,0
3833576,44,1,1,0
2584624,44,1,1,0
2012256,44,1,0,1
961392,44,1,0,1
1500712,44,1,0,1
1390024,44,1,0,1
480672,44,1,0,1
1265144,44,1,1,0
1306080,44,1,1,0
3176736,44,1,1,0
5815752,44,1,1,0
3120752,44,1,0,1
2279496,44,1,0,1
604440,44,1,0,1
2219528,44,1,0,1
2038760,44,1,1,0
7183416,44,1,0,1
3794928,44,1,0,1
4157752,44,1,0,1
3281968,44,1,0,1
4205832,44,1,0,1
609688,44,1,1,0
1380112,44,1,0,1
871456,44,1,1,0
784272,44,1,0,1
1761360,44,1,1,0
616840,44,1,1,0
2903048,44,1,1,0
86952,44,1,0,1
1050752,44,1,0,1
2504888,44,1,1,0
930712,44,1,0,1
1143784,44,1,0,1
143776,44,1,1,0
6679032,44,1,1,0
6890136,44,1,0,1
7436256,44,1,0,1
965608,44,1,0,1
3694400,44,1,1,0
3322160,44,1,0,1
451040,44,1,0,1
1632840,44,1,0,1
2918968,44,1,1,0
3730440,44,1,0,1
2419208,44,1,0,1
2485032,44,1,1,0
1945824,44,1,1,0
1820272,44,1,0,1
1112416,44,1,0,1
7299424,44,1,1,0
6166784,44,1,0,1
624688,44,1,1,0
2651776,44,1,0,1
2122384,44,1,1,0
7649312,44,1,0,1
5783376,44,1,1,0
1160208,44,1,1,0
1385936,44,1,0,1
3676328,44,1,0,1
3058872,44,1,0,1
3678088,44,1,0,1
3166696,44,1,1,0
1971160,44,1,1,0
266464,44,1,1,0
5874960,44,1,1,0
3244104,44,1,1,0
2267008,44,1,0,1
1128528,44,1,0,1
5266984,44,1,1,0
5320648,44,1,1,0
4154536,44,1,0,1
8107872,44,1,1,0
552072,44,1,0,1
8343200,44,1,1,0
152408,44,1,1,0
240512,44,1,0,1
4632088,44,1,0,1
6607192,44,1,0,1
4638856,44,1,0,1
4326496,44,1,0,1
3522800,44,1,0,1
614008,44,1,0,1
2270400,44,1,0,1
4582352,44,1,0,1
712488,44,1,0,1
3863456,44,1,1,0
365664,44,1,0,1
8034456,44,1,0,1
346192,44,1,0,1
1067352,44,1,1,0
370304,44,1,1,0
5296824,44,1,1,0
425376,44,1,1,0
2930792,44,1,0,1
1802736,44,1,0,1
729360,44,1,1,0
4502712,44,1,0,1
442504,44,1,0,1
4253160,44,1,0,1
4643312,44,1,1,0
7311312,44,1,1,0
2867632,44,1,1,0
6170440,44,1,1,0
3201832,44,1,1,0
5159936,44,1,1,0
2932808,44,1,1,0
2221288,44,1,0,1
1232744,44,1,1,0
6705504,44,1,0,1
2332296,44,1,1,0
1625632,44,1,1,0
4324856,44,1,1,0
3564704,44,1,1,0
4500112,44,1,0,1
1714896,44,1,0,1
2288496,44,1,1,0
4567120,44,1,1,0
846920,44,1,1,0
2178216,44,1,1,0
2160568,44,1,1,0
4572688,44,1,0,1
577560,44,1,0,1
4519704,44,1,1,0
891552,44,1,1,0
1312760,44,1,1,0
4635984,44,1,0,1
4466520,44,1,0,1
834736,44,1,0,1
457448,44,1,0,1
524136,44,1,0,1
3194528,44,1,0,1
2224032,44,1,1,0
3818656,44,1,1,0
4625600,44,1,1,0
6272632,44,1,0,1
5522592,44,1,0,1
2810296,44,1,0,1
4466064,44,1,1,0
351672,44,1,1,0
2742272,44,1,1,0
2215392,44,1,1,0
990688,44,1,0,1
2150248,44,1,0,1
6506800,44,1,1,0
2997376,44,1,0,1
8128208,44,1,0,1
1255504,44,1,1,0
227736,44,1,1,0
2146232,44,1,1,0
5682576,44,1,0,1
2463008,44,1,1,0
1544184,44,1,0,1
1646472,44,1,0,1
3158912,44,1,1,0
443024,44,1,0,1
554784,44,1,1,0
1727216,44,1,0,1
6692408,44,1,1,0
1444744,44,1,1,0
2211320,44,1,0,1
2170320,44,1,0,1
762912,44,1,1,0
88496,44,1,1,0
1242296,44,1,0,1
1256248,44,1,0,1
5766696,44,1,1,0
871000,44,1,1,0
5731592,44,1,1,0
3471872,44,1,0,1
7855920,44,1,0,1
2108144,44,1,1,0
642424,44,1,0,1
1296512,44,1,1,0
1516560,44,1,1,0
6547408,44,1,1,0
7878320,44,1,0,1
2302432,44,1,0,1
5362120,44,1,1,0
524040,44,1,1,0
7658432,44,1,1,0
5125136,44,1,0,1
5622416,44,1,0,1
6276280,44,1,0,1
684568,44,1,1,0
6341456,44,1,0,1
7956872,44,1,0,1
144312,44,1,0,1
862968,44,1,1,0
4055104,44,1,1,0
990864,44,1,0,1
1042032,44,1,1,0
514008,44,1,1,0
4654944,44,1,0,1
394464,44,1,0,1
1592416,44,1,1,0
371384,44,1,1,0
2107848,44,1,1,0
156904,44,1,1,0
6053856,44,1,1,0
1003784,44,1,1,0
2615008,44,1,1,0
2606848,44,1,1,0
2235752,44,1,1,0
240280,44,1,0,1
4721928,44,1,0,1
2258824,44,1,0,1
249264,44,1,0,1
939152,44,1,0,1
329952,44,1,0,1
3023096,44,1,0,1
8024352,44,1,0,1
6685072,44,1,1,0
7909112,44,1,0,1
4095488,44,1,0,1
859808,44,1,0,1
5575024,44,1,1,0
6927128,44,1,1,0
1161280,44,1,0,1
3317560,44,1,1,0
1967464,44,1,1,0
2636312,44,1,1,0
1969784,44,1,0,1
1642896,44,1,1,0
2152024,44,1,1,0
537696,44,1,0,1
6487448,44,1,0,1
433736,44,1,0,1
1623472,44,1,1,0
401416,44,1,1,0
1053840,44,1,0,1
6941840,44,1,0,1
1057776,44,1,1,0
2330696,44,1,1,0
162336,44,1,0,1
466576,44,1,0,1
4060696,44,1,1,0
240680,44,1,1,0
359512,44,1,0,1
691088,44,1,0,1
2753952,44,1,1,0
7077640,44,1,1,0
1178632,44,1,0,1
780432,44,1,1,0
213232,44,1,0,1
3351128,44,1,0,1
8304864,44,1,0,1
853160,44,1,1,0
1248320,44,1,1,0
387496,44,1,0,1
2905728,44,1,1,0
2521288,44,1,0,1
3434168,44,1,1,0
896416,44,1,1,0
3429688,44,1,0,1
2853184,44,1,0,1
2697952,44,1,0,1
184376,44,1,1,0
7380712,44,1,0,1
1018336,44,1,0,1
245376,44,1,1,0
5420024,44,1,0,1
7937504,44,1,1,0
1305712,44,1,1,0
8067656,44,1,1,0
3375712,44,1,0,1
731560,44,1,1,0
706544,44,1,1,0
3850576,44,1,0,1
6696496,44,1,0,1
5145416,44,1,0,1
1298224,44,1,1,0
356272,44,1,1,0
2160240,44,1,0,1
1396832,44,1,0,1
1182984,44,1,1,0
1650384,44,1,1,0
1381976,44,1,0,1
1527408,44,1,0,1
2276344,44,1,0,1
2355584,44,1,0,1
4800776,44,1,0,1
2232208,44,1,0,1
1079912,44,1,0,1
190368,44,1,0,1
3721520,44,1,1,0
8032048,44,1,0,1
5154424,44,1,1,0
258808,44,1,1,0
5246408,44,1,1,0
2017976,44,1,1,0
2923584,44,1,1,0
1492416,44,1,0,1
5078072,44,1,0,1
7546776,44,1,0,1
3330008,44,1,1,0
2216288,44,1,0,1
217208,44,1,0,1
4059736,44,1,0,1
764520,44,1,1,0
3085856,44,1,1,0
1274360,44,1,1,0
3024392,44,1,1,0
4033904,44,1,0,1
7131392,44,1,0,1
1300024,44,1,1,0
606008,44,1,0,1
3227776,44,1,0,1
736720,44,1,1,0
1312072,44,1,0,1
4019888,44,1,0,1
2717032,44,1,1,0
3624664,44,1,1,0
2536600,44,1,1,0
6057952,44,1,1,0
1898608,44,1,1,0
587400,44,1,1,0
6829040,44,1,1,0
2140080,44,1,0,1
6104424,44,1,1,0
6507512,44,1,1,0
1708848,44,1,0,1
4961240,44,1,0,1
3747360,44,1,1,0
363352,44,1,0,1
1164384,44,1,0,1
2803704,44,1,1,0
776768,44,1,0,1
6595600,44,1,0,1
6067144,44,1,0,1
1992912,44,1,1,0
1497512,44,1,1,0
342704,44,1,1,0
7928224,44,1,0,1
732688,44,1,1,0
4056392,44,1,0,1
4652776,44,1,1,0
3675856,44,1,0,1
6301136,44,1,1,0
2121704,44,1,1,0
274320,44,1,0,1
1125640,44,1,1,0
1862208,44,1,0,1
7211928,44,1,0,1
436192,44,1,1,0
1320880,44,1,0,1
5496480,44,1,0,1
1974416,44,1,1,0
392968,44,1,0,1
665288,44,1,0,1
1680376,44,1,1,0
8036864,44,1,1,0
2915192,44,1,1,0
2094728,44,1,0,1
289576,44,1,1,0
3899560,44,1,0,1
1747952,44,1,0,1
7766688,44,1,1,0
1094320,44,1,0,1
3714656,44,1,1,0
1517536,44,1,1,0
246376,44,1,0,1
8051528,44,1,1,0
2438608,44,1,1,0
1063040,44,1,0,1
679728,44,1,0,1
326736,44,1,0,1
1675872,44,1,0,1
660328,44,1,0,1
2254504,44,1,1,0
2893928,44,1,1,0
1243384,44,1,1,0
2927688,44,1,1,0
1653280,44,1,1,0
3323856,44,1,0,1
2936168,44,1,1,0
159792,44,1,1,0
6095920,44,1,1,0
224576,44,1,1,0
1210288,44,1,0,1
5691608,44,1,1,0
2632360,44,1,1,0
3988160,44,1,0,1
332872,44,1,1,0
5315888,44,1,1,0
2502856,44,1,1,0
5527824,44,1,1,0
567408,44,1,1,0
4936112,44,1,0,1
1944368,44,1,0,1
3300192,44,1,1,0
190656,44,1,1,0
3922952,44,1,1,0
775496,44,1,1,0
1136928,44,1,1,0
2935256,44,1,1,0
7614248,44,1,1,0
2198184,44,1,0,1
7271512,44,1,0,1
573128,44,1,1,0
3171680,44,1,1,0
7209256,44,1,1,0
6012920,44,1,1,0
2348768,44,1,1,0
5509584,44,1,1,0
894728,44,1,1,0
2530744,44,1,1,0
2258864,44,1,1,0
1598088,44,1,1,0
5402704,44,1,1,0
4485800,44,1,0,1
3767304,44,1,1,0
4225920,44,1,0,1
2211480,44,1,1,0
6440832,44,1,0,1
7034616,44,1,1,0
84352,44,1,1,0
1308624,44,1,1,0
1014344,44,1,0,1
4115856,44,1,1,0
1807528,44,1,1,0
1932584,44,1,0,1
2587984,44,1,0,1
770168,44,1,1,0
774304,44,1,0,1
5723976,44,1,1,0
1491872,44,1,0,1
1747928,44,1,0,1
3679424,44,1,1,0
1673616,44,1,0,1
590544,44,1,0,1
4383952,44,1,0,1
4006024,44,1,0,1
852928,44,1,1,0
766520,44,1,0,1
786800,44,1,0,1
7804984,44,1,0,1
4639912,44,1,0,1
2210192,44,1,0,1
944576,44,1,0,1
2128152,44,1,1,0
295944,44,1,0,1
2772016,44,1,1,0
4888176,44,1,1,0
1820000,44,1,1,0
3781264,44,1,1,0
2296280,44,1,1,0
1989504,44,1,1,0
6775480,44,1,0,1
2108840,44,1,0,1
6258888,44,1,0,1
1800784,44,1,0,1
7180232,44,1,1,0
699280,44,1,0,1
218832,44,1,0,1
446856,44,1,0,1
6007088,44,1,1,0
2335728,44,1,0,1
1332888,44,1,1,0
734672,44,1,1,0
5987040,44,1,0,1
3629952,44,1,0,1
1212016,44,1,0,1
1178512,44,1,1,0
6981800,44,1,0,1
2529592,44,1,1,0
1479528,44,1,0,1
1131000,44,1,0,1
6606848,44,1,0,1
1942760,44,1,0,1
540608,44,1,1,0
337728,44,1,0,1
3676424,44,1,0,1
1467984,44,1,0,1
2103456,44,1,1,0
2384576,44,1,1,0
891456,44,1,0,1
8235552,44,1,1,0
2501944,44,1,0,1
5024120,44,1,0,1
844280,44,1,1,0
561808,44,1,0,1
141920,44,1,0,1
6801128,44,1,0,1
362896,44,1,0,1
5271520,44,1,1,0
1668648,44,1,0,1
3337000,44,1,1,0
7419984,44,1,0,1
2126504,44,1,1,0
4394520,44,1,0,1
701256,44,1,1,0
6614760,44,1,1,0
7224424,44,1,1,0
7684880,44,1,0,1
1610952,44,1,0,1
3288480,44,1,1,0
3839376,44,1,0,1
5037808,44,1,1,0
378296,44,1,1,0
838184,44,1,0,1
6480664,44,1,0,1
2416360,44,1,1,0
3999128,44,1,1,0
4835656,44,1,0,1
1264592,44,1,0,1
527720,44,1,1,0
512424,44,1,1,0
5545032,44,1,1,0
7036200,44,1,0,1
5719968,44,1,1,0
1695352,44,1,1,0
1909456,44,1,1,0
4667608,44,1,0,1
195488,44,1,1,0
4126112,44,1,1,0
377880,44,1,1,0
276544,44,1,1,0
3873848,44,1,1,0
229552,44,1,1,0
1118056,44,1,1,0
283440,44,1,0,1
407944,44,1,0,1
7006152,44,1,1,0
2114744,44,1,1,0
286344,44,1,0,1
3422552,44,1,1,0
865952,44,1,0,1
319752,44,1,0,1
2345424,44,1,1,0
3996496,44,1,0,1
1853720,44,1,0,1
3901728,44,1,0,1
154480,44,1,1,0
2329824,44,1,1,0
3363912,44,1,1,0
3378120,44,1,0,1
511912,44,1,0,1
6294008,44,1,0,1
864728,44,1,0,1
6073160,44,1,0,1
3116272,44,1,0,1
327400,44,1,1,0
5214912,44,1,1,0
3905168,44,1,0,1
2906048,44,1,0,1
339648,44,1,1,0
647248,44,1,1,0
8285808,44,1,0,1
2845816,44,1,1,0
715752,44,1,1,0
7840968,44,1,0,1
1389304,44,1,0,1
1421552,44,1,1,0
1905960,44,1,0,1
493088,44,1,1,0
7360128,44,1,0,1
1245760,44,1,0,1
1920184,44,1,1,0
4607928,44,1,0,1
5734808,44,1,0,1
4470728,44,1,0,1
2414792,44,1,1,0
471968,44,1,1,0
7664600,44,1,1,0
504544,44,1,1,0
3177312,44,1,1,0
2531048,44,1,0,1
6521744,44,1,1,0
1137768,44,1,1,0
827792,44,1,1,0
630256,44,1,1,0
871840,44,1,0,1
498480,44,1,1,0
940080,44,1,1,0
7732568,44,1,1,0
578720,44,1,1,0
4921976,44,1,0,1
8369696,44,1,0,1
5764216,44,1,0,1
135280,44,1,0,1
1146440,44,1,1,0
6016648,44,1,0,1
708328,44,1,0,1
3094776,44,1,0,1
2016056,44,1,1,0
4827976,44,1,1,0
2079280,44,1,0,1
715888,44,1,1,0
2106984,44,1,0,1
939664,44,1,0,1
7469288,44,1,1,0
4887800,44,1,0,1
5437856,44,1,1,0
5076176,44,1,0,1
1576856,44,1,1,0
3154840,44,1,1,0
3686064,44,1,0,1
269256,44,1,1,0
6106416,44,1,1,0
8077592,44,1,1,0
1073832,44,1,0,1
85984,44,1,1,0
466712,44,1,0,1
8347280,44,1,0,1
5129376,44,1,0,1
6351272,44,1,1,0
1981416,44,1,1,0
2853640,44,1,1,0
159576,44,1,0,1
6205584,44,1,1,0
2065640,44,1,0,1
5634984,44,1,1,0
3735920,44,1,0,1
895112,44,1,1,0
3361328,44,1,0,1
5724896,44,1,0,1
326200,44,1,0,1
2670200,44,1,0,1
4165232,44,1,0,1
1281328,44,1,1,0
2281056,44,1,1,0
1091408,44,1,0,1
384968,44,1,1,0
3400176,44,1,1,0
4788448,44,1,1,0
2136776,44,1,0,1
2181616,44,1,0,1
426256,44,1,1,0
308912,44,1,0,1
3671984,44,1,1,0
2672352,44,1,1,0
5545848,44,1,1,0
1380816,44,1,1,0
2091936,44,1,1,0
1027920,44,1,1,0
7123304,44,1,1,0
1002264,44,1,0,1
1225480,44,1,0,1
3753672,44,1,1,0
1566048,44,1,0,1
1788472,44,1,1,0
6922112,44,1,0,1
3519824,44,1,0,1
6130488,44,1,1,0
564832,44,1,0,1
1175648,44,1,0,1
8112096,44,1,1,0
2303096,44,1,0,1
6373856,44,1,1,0
1165784,44,1,1,0
4832168,44,1,1,0
8060176,44,1,1,0
277816,44,1,0,1
1597448,44,1,0,1
6128136,44,1,1,0
1002432,44,1,1,0
5753024,44,1,1,0
4946304,44,1,1,0
1726320,44,1,0,1
3729488,44,1,0,1
2836704,44,1,0,1
3000120,44,1,0,1
1366232,44,1,0,1
4086024,44,1,0,1
1874920,44,1,0,1
5455424,44,1,1,0
1882224,44,1,1,0
315344,44,1,1,0
850056,44,1,1,0
5007976,44,1,1,0
1128592,44,1,0,1
5903736,44,1,0,1
7449632,44,1,0,1
7878144,44,1,1,0
5848104,44,1,1,0
931280,44,1,0,1
4278936,44,1,1,0
3112288,44,1,0,1
5488704,44,1,1,0
3714280,44,1,0,1
732424,44,1,0,1
420888,44,1,1,0
1888584,44,1,1,0
3096304,44,1,0,1
6014728,44,1,1,0
1517216,44,1,1,0
2747640,44,1,1,0
299416,44,1,0,1
1222704,44,1,0,1
923856,44,1,0,1
6459304,44,1,0,1
398440,44,1,0,1
641424,44,1,1,0
532040,44,1,0,1
2727360,44,1,0,1
1742576,44,1,1,0
6646472,44,1,0,1
2084656,44,1,1,0
1139120,44,1,0,1
5847144,44,1,1,0
2955744,44,1,1,0
1138992,44,1,1,0
1832824,44,1,1,0
2156008,44,1,1,0
1648152,44,1,1,0
5163304,44,1,0,1
5273256,44,1,1,0
4964912,44,1,0,1
4663496,44,1,0,1
3625800,44,1,1,0
302896,44,1,0,1
816112,44,1,0,1
3830944,44,1,0,1
5176416,44,1,0,1
2525264,44,1,0,1
6334768,44,1,0,1
415720,44,1,1,0
4316824,44,1,0,1
5995952,44,1,1,0
1416032,44,1,1,0
1192232,44,1,1,0
7413624,44,1,1,0
1811760,44,1,0,1
7769544,44,1,0,1
1530664,44,1,1,0
1784560,44,1,1,0
2130416,44,1,1,0
6317520,44,1,0,1
6022040,44,1,0,1
1572728,44,1,0,1
601552,44,1,0,1
472712,44,1,1,0
1678848,44,1,0,1
2826272,44,1,0,1
8001448,44,1,1,0
881888,44,1,0,1
1104048,44,1,1,0
1079192,44,1,0,1
2117376,44,1,1,0
1074952,44,1,1,0
5225336,44,1,1,0
2209440,44,1,1,0
3915512,44,1,1,0
3322912,44,1,1,0
1752360,44,1,0,1
2750936,44,1,0,1
1627712,44,1,1,0
1723648,44,1,0,1
2237576,44,1,0,1
6029504,44,1,1,0
3009944,44,1,1,0
385144,44,1,1,0
1936096,44,1,1,0
355152,44,1,1,0
719272,44,1,0,1
952424,44,1,0,1
1325536,44,1,0,1
5927128,44,1,1,0
2627752,44,1,0,1
510448,44,1,0,1
563088,44,1,0,1
6551136,44,1,0,1
3506336,44,1,1,0
4809368,44,1,1,0
5963216,44,1,1,0
1280880,44,1,0,1
1627584,44,1,0,1
853384,44,1,0,1
7001888,44,1,1,0
1465368,44,1,0,1
5115664,44,1,0,1
2588840,44,1,1,0
2342384,44,1,1,0
2084184,44,1,0,1
2666856,44,1,1,0
3450688,44,1,1,0
1541936,44,1,1,0
566888,44,1,0,1
4759656,44,1,0,1
4938136,44,1,1,0
1660920,44,1,1,0
829280,44,1,0,1
6764496,44,1,0,1
424128,44,1,1,0
7715392,44,1,0,1
975424,44,1,1,0
1465680,44,1,0,1
396640,44,1,1,0
8311448,44,1,0,1
254264,44,1,1,0
5566056,44,1,0,1
2179688,44,1,0,1
3777640,44,1,1,0
3662816,44,1,0,1
347152,44,1,0,1
3905184,44,1,1,0
3395984,44,1,1,0
853880,44,1,0,1
354512,44,1,1,0
4173320,44,1,1,0
2216248,44,1,1,0
6780744,44,1,1,0
7812776,44,1,0,1
4213920,44,1,0,1
5845368,44,1,1,0
1076936,44,1,1,0
4144264,44,1,1,0
1128296,44,1,1,0
2617488,44,1,0,1
8329464,44,1,0,1
3139416,44,1,0,1
5502368,44,1,0,1
2784384,44,1,1,0
1735576,44,1,1,0
6527432,44,1,0,1
448000,44,1,0,1
2260512,44,1,0,1
1647048,44,1,0,1
1162032,44,1,0,1
348096,44,1,1,0
905504,44,1,1,0
4729568,44,1,1,0
2316016,44,1,0,1
266368,44,1,0,1
5692720,44,1,1,0
7963592,44,1,1,0
5347720,44,1,0,1
3882928,44,1,1,0
117680,44,1,1,0
644312,44,1,1,0
1200352,44,1,0,1
1347448,44,1,0,1
3043712,44,1,1,0
868184,44,1,0,1
7524360,44,1,0,1
1646976,44,1,0,1
3268656,44,1,1,0
1940496,44,1,0,1
2455808,44,1,0,1
7099440,44,1,1,0
385912,44,1,0,1
774256,44,1,1,0
7134296,44,1,1,0
5535952,44,1,0,1
294000,44,1,1,0
740128,44,1,1,0
777632,44,1,0,1
330304,44,1,0,1
2909216,44,1,0,1
1345808,44,1,0,1
7660952,44,1,0,1
2204616,44,1,0,1
1011176,44,1,0,1
6517232,44,1,0,1
1249248,44,1,0,1
5380224,44,1,1,0
7507152,44,1,1,0
146456,44,1,1,0
4104160,44,1,1,0
320440,44,1,0,1
2692704,44,1,0,1
2044992,44,1,1,0
1784816,44,1,0,1
134976,44,1,1,0
6154688,44,1,0,1
2408688,44,1,0,1
3680592,44,1,0,1
432168,44,1,0,1
1890896,44,1,1,0
3327824,44,1,0,1
417272,44,1,1,0
799056,44,1,1,0
2873872,44,1,1,0
354304,44,1,0,1
3684056,44,1,1,0
2072984,44,1,0,1
7180968,44,1,0,1
1369936,44,1,0,1
1208088,44,1,1,0
4829616,44,1,1,0
1113632,44,1,0,1
6606824,44,1,0,1
7175680,44,1,0,1
2828400,44,1,1,0
1414928,44,1,1,0
4224176,44,1,1,0
2927224,44,1,0,1
2622176,44,1,0,1
3047088,44,1,1,0
3758040,44,1,1,0
3106592,44,1,0,1
789056,44,1,0,1
3090272,44,1,0,1
1157232,44,1,1,0
2100392,45,1,1,0
258560,45,1,0,1
1162264,45,1,0,1
3402584,45,1,1,0
914184,45,1,1,0
1153208,45,1,1,0
1033488,45,1,0,1
2425664,45,1,0,1
2447560,45,1,1,0
5634168,45,1,1,0
837384,45,1,0,1
4138592,45,1,1,0
2025824,45,1,1,0
5102584,45,1,0,1
6043696,45,1,0,1
2868256,45,1,0,1
4382576,45,1,0,1
1536832,45,1,0,1
1066560,45,1,0,1
1938024,45,1,0,1
4723592,45,1,0,1
6392040,45,1,1,0
5008088,45,1,0,1
4676672,45,1,1,0
5736384,45,1,1,0
2767664,45,1,1,0
820784,45,1,1,0
2337024,45,1,1,0
1503504,45,1,0,1
6534296,45,1,1,0
1278656,45,1,0,1
365976,45,1,0,1
4475488,45,1,0,1
4937280,45,1,0,1
1872920,45,1,1,0
1024136,45,1,0,1
842552,45,1,0,1
1829264,45,1,1,0
1437472,45,1,1,0
519328,45,1,0,1
6790656,45,1,0,1
2906136,45,1,1,0
4941872,45,1,0,1
2517872,45,1,0,1
274752,45,1,0,1
7510560,45,1,1,0
1247248,45,1,1,0
784816,45,1,0,1
3571096,45,1,0,1
596280,45,1,1,0
330896,45,1,1,0
5230176,45,1,1,0
8150824,45,1,1,0
3915616,45,1,0,1
5320344,45,1,1,0
2915472,45,1,0,1
2349872,45,1,1,0
317288,45,1,0,1
595576,45,1,1,0
908936,45,1,1,0
2085336,45,1,1,0
7159416,45,1,1,0
7938408,45,1,0,1
1758632,45,1,1,0
4442744,45,1,1,0
6841904,45,1,1,0
302504,45,1,1,0
656392,45,1,0,1
7362752,45,1,1,0
2057232,45,1,0,1
1959184,45,1,0,1
5674928,45,1,1,0
3635392,45,1,0,1
5639088,45,1,1,0
271280,45,1,1,0
3829712,45,1,0,1
297376,45,1,1,0
178000,45,1,0,1
313768,45,1,0,1
4528848,45,1,1,0
3761288,45,1,1,0
3666824,45,1,1,0
1388904,45,1,0,1
2840888,45,1,0,1
4506568,45,1,0,1
1826280,45,1,1,0
3660288,45,1,0,1
306992,45,1,1,0
2247584,45,1,0,1
133200,45,1,1,0
1861912,45,1,1,0
4045584,45,1,0,1
1917688,45,1,0,1
195064,45,1,1,0
733208,45,1,1,0
1744704,45,1,0,1
7400472,45,1,0,1
5327240,45,1,0,1
3250824,45,1,0,1
885328,45,1,0,1
7955552,45,1,0,1
4057816,45,1,0,1
1324384,45,1,0,1
3413056,45,1,1,0
1135584,45,1,1,0
2560560,45,1,0,1
1300240,45,1,0,1
3704608,45,1,1,0
4521376,45,1,1,0
7819296,45,1,0,1
2511808,45,1,1,0
4966016,45,1,1,0
5124608,45,1,1,0
888088,45,1,0,1
354552,45,1,1,0
4188096,45,1,1,0
1720680,45,1,0,1
6101080,45,1,1,0
3485840,45,1,0,1
595944,45,1,0,1
1200360,45,1,1,0
1424400,45,1,0,1
1076216,45,1,1,0
4094688,45,1,1,0
3321024,45,1,0,1
6920640,45,1,1,0
1032488,45,1,1,0
6862792,45,1,1,0
646808,45,1,1,0
3166216,45,1,0,1
713872,45,1,1,0
679880,45,1,0,1
1722896,45,1,1,0
1708880,45,1,1,0
668616,45,1,1,0
1144464,45,1,0,1
5411768,45,1,0,1
5689696,45,1,1,0
754464,45,1,1,0
2710056,45,1,1,0
6529760,45,1,1,0
2881392,45,1,0,1
2555472,45,1,1,0
622920,45,1,1,0
1890456,45,1,1,0
7025840,45,1,1,0
5179600,45,1,1,0
1169352,45,1,0,1
5824816,45,1,1,0
1482592,45,1,1,0
6909008,45,1,1,0
688776,45,1,0,1
2368168,45,1,0,1
5132744,45,1,0,1
1829360,45,1,1,0
678912,45,1,0,1
820984,45,1,0,1
2770088,45,1,0,1
1176792,45,1,0,1
987520,45,1,1,0
1311592,45,1,1,0
331496,45,1,1,0
4028480,45,1,1,0
1665824,45,1,1,0
1632728,45,1,1,0
8188240,45,1,1,0
4481224,45,1,1,0
498288,45,1,0,1
3690936,45,1,0,1
773720,45,1,1,0
386448,45,1,0,1
1546728,45,1,0,1
2530592,45,1,0,1
1613800,45,1,0,1
6256976,45,1,0,1
3257960,45,1,1,0
1045024,45,1,1,0
4043672,45,1,1,0
3774536,45,1,0,1
356880,45,1,0,1
1178264,45,1,1,0
1823040,45,1,1,0
6454712,45,1,1,0
272400,45,1,0,1
1657120,45,1,0,1
1407152,45,1,0,1
5025136,45,1,0,1
1786456,45,1,1,0
116584,45,1,1,0
572592,45,1,0,1
7671032,45,1,1,0
3989056,45,1,0,1
1402752,45,1,0,1
5084208,45,1,1,0
2103872,45,1,1,0
5506144,45,1,0,1
3256904,45,1,0,1
5253008,45,1,0,1
3487632,45,1,0,1
4977816,45,1,1,0
3712304,45,1,0,1
7678304,45,1,0,1
864520,45,1,0,1
3795160,45,1,1,0
610664,45,1,0,1
960600,45,1,0,1
1874600,45,1,1,0
266520,45,1,1,0
5278448,45,1,1,0
1551728,45,1,1,0
7498400,45,1,0,1
3774056,45,1,0,1
577872,45,1,1,0
4161400,45,1,0,1
453768,45,1,0,1
5479712,45,1,1,0
5599872,45,1,0,1
143304,45,1,1,0
1264272,45,1,1,0
7814640,45,1,1,0
1356656,45,1,0,1
589112,45,1,1,0
5840608,45,1,1,0
3320968,45,1,1,0
6127872,45,1,0,1
3843448,45,1,1,0
1526072,45,1,0,1
785856,45,1,1,0
5045208,45,1,0,1
389648,45,1,1,0
7649008,45,1,1,0
8265672,45,1,1,0
1572568,45,1,1,0
2306280,45,1,1,0
1364392,45,1,0,1
751224,45,1,1,0
6219256,45,1,1,0
1165640,45,1,0,1
506448,45,1,1,0
4464800,45,1,0,1
5754288,45,1,1,0
1389720,45,1,1,0
3820600,45,1,0,1
1000200,45,1,1,0
1891952,45,1,0,1
5183312,45,1,0,1
1784744,45,1,0,1
295600,45,1,1,0
5699392,45,1,1,0
3293744,45,1,1,0
937112,45,1,0,1
721768,45,1,1,0
2818800,45,1,1,0
4371600,45,1,1,0
583928,45,1,0,1
1462912,45,1,1,0
5816088,45,1,1,0
3339136,45,1,0,1
1438200,45,1,1,0
1252168,45,1,1,0
7510944,45,1,1,0
1734392,45,1,0,1
531008,45,1,0,1
3147360,45,1,0,1
4245360,45,1,0,1
832416,45,1,0,1
6766664,45,1,0,1
1177320,45,1,1,0
7701328,45,1,1,0
121232,45,1,1,0
4717632,45,1,0,1
3175264,45,1,1,0
1455264,45,1,0,1
1722960,45,1,0,1
794520,45,1,1,0
3216112,45,1,0,1
999312,45,1,0,1
996144,45,1,0,1
906936,45,1,1,0
5259400,45,1,0,1
192112,45,1,1,0
2204280,45,1,1,0
5674168,45,1,1,0
958840,45,1,1,0
273816,45,1,1,0
272416,45,1,0,1
529536,45,1,0,1
4140824,45,1,0,1
3419688,45,1,1,0
1085288,45,1,0,1
4004320,45,1,1,0
2510808,45,1,1,0
6376552,45,1,1,0
4430728,45,1,0,1
292872,45,1,1,0
7163208,45,1,0,1
272160,45,1,1,0
4119752,45,1,0,1
350112,45,1,1,0
1157080,45,1,1,0
810088,45,1,1,0
2553336,45,1,0,1
8301984,45,1,0,1
4894472,45,1,1,0
1500440,45,1,1,0
4789128,45,1,0,1
730984,45,1,0,1
3170672,45,1,1,0
741936,45,1,0,1
7262200,45,1,1,0
4178408,45,1,0,1
570912,45,1,1,0
2688840,45,1,1,0
8347024,45,1,0,1
2029144,45,1,1,0
1243448,45,1,1,0
4029128,45,1,0,1
4259936,45,1,0,1
217648,45,1,0,1
198872,45,1,1,0
796224,45,1,0,1
2993224,45,1,0,1
6456328,45,1,1,0
4596560,45,1,1,0
704176,45,1,0,1
7766792,45,1,0,1
3700576,45,1,0,1
598792,45,1,1,0
670400,45,1,0,1
7502264,45,1,1,0
946544,45,1,0,1
3533544,45,1,0,1
7389088,45,1,1,0
1396504,45,1,1,0
955032,45,1,1,0
1024976,45,1,0,1
1753504,45,1,1,0
6235776,45,1,1,0
964352,45,1,1,0
749504,45,1,0,1
4280640,45,1,1,0
3851312,45,1,1,0
5400216,45,1,0,1
7730264,45,1,0,1
3109040,45,1,1,0
2466424,45,1,0,1
617808,45,1,0,1
2067968,45,1,1,0
1227584,45,1,0,1
202808,45,1,1,0
1800176,45,1,1,0
7373856,45,1,0,1
8238920,45,1,1,0
531504,45,1,0,1
3256416,45,1,0,1
7569280,45,1,0,1
5164984,45,1,0,1
1087608,45,1,1,0
1360280,45,1,1,0
5705312,45,1,0,1
2091144,45,1,0,1
2859784,45,1,0,1
2117064,45,1,1,0
496680,45,1,0,1
1437112,45,1,0,1
3494912,45,1,1,0
299736,45,1,0,1
3595608,45,1,0,1
460768,45,1,0,1
2639392,45,1,1,0
178856,45,1,1,0
8201528,45,1,0,1
586824,45,1,1,0
5048704,45,1,1,0
427368,45,1,0,1
809248,45,1,1,0
7157512,45,1,1,0
2181592,45,1,0,1
6483208,45,1,0,1
1852280,45,1,0,1
6771096,45,1,1,0
2916688,45,1,1,0
3982128,45,1,1,0
830136,45,1,1,0
2091208,45,1,1,0
868040,45,1,1,0
4034352,45,1,1,0
2849696,45,1,0,1
1025432,45,1,0,1
2598304,45,1,1,0
6616576,45,1,1,0
579664,45,1,1,0
2064592,45,1,0,1
778320,45,1,1,0
2275216,45,1,1,0
831848,45,1,1,0
419824,45,1,0,1
5662480,45,1,1,0
3557800,45,1,0,1
2042744,45,1,1,0
615824,45,1,1,0
7347416,45,1,1,0
2238400,45,1,0,1
7978952,45,1,1,0
3344848,45,1,1,0
3596864,45,1,0,1
1342672,45,1,0,1
2850080,45,1,0,1
2821160,45,1,1,0
5545576,45,1,0,1
6609568,45,1,0,1
1037880,45,1,0,1
559752,45,1,1,0
654368,45,1,0,1
6887472,45,1,0,1
8064544,45,1,0,1
2002528,45,1,1,0
2172424,45,1,1,0
2054672,45,1,1,0
245968,45,1,0,1
7049448,45,1,0,1
877976,45,1,0,1
1481344,45,1,0,1
725160,45,1,0,1
3934208,45,1,0,1
4087952,45,1,0,1
298128,45,1,0,1
625656,45,1,0,1
5310528,45,1,0,1
5543144,45,1,0,1
960936,45,1,1,0
6079864,45,1,1,0
1417216,45,1,0,1
3523144,45,1,0,1
2651112,45,1,0,1
2346552,45,1,0,1
4135128,45,1,1,0
1942136,45,1,0,1
309584,45,1,0,1
2642184,45,1,0,1
1275040,45,1,1,0
3796824,45,1,1,0
7961808,45,1,0,1
7075160,45,1,0,1
3802016,45,1,1,0
810096,45,1,1,0
1451696,45,1,0,1
2041208,45,1,0,1
4684016,45,1,1,0
1919176,45,1,1,0
8193192,45,1,1,0
5121144,45,1,0,1
1029056,45,1,0,1
454592,45,1,1,0
4111280,45,1,0,1
3385848,45,1,0,1
3276000,45,1,1,0
1664824,45,1,1,0
1091984,45,1,0,1
617184,45,1,0,1
442552,45,1,0,1
1276144,45,1,1,0
840120,45,1,0,1
5722232,45,1,1,0
745528,45,1,1,0
760376,45,1,1,0
2417464,45,1,0,1
57640,45,1,0,1
1636672,45,1,0,1
767232,45,1,0,1
4190256,45,1,1,0
1279048,45,1,1,0
689064,45,1,0,1
4834832,45,1,1,0
290304,45,1,0,1
1843424,45,1,0,1
1293456,45,1,1,0
3095072,45,1,0,1
4613272,45,1,0,1
431760,45,1,1,0
4473232,45,1,0,1
8065608,45,1,1,0
1771608,45,1,1,0
1321912,45,1,0,1
1900384,45,1,1,0
1233912,45,1,1,0
3525776,45,1,0,1
3501288,45,1,0,1
586456,45,1,0,1
586144,45,1,0,1
659368,45,1,1,0
818008,45,1,0,1
1056328,45,1,0,1
368928,45,1,0,1
6631952,45,1,1,0
5570312,45,1,1,0
1083944,45,1,1,0
1259856,45,1,1,0
2322600,45,1,0,1
658784,45,1,1,0
1424664,45,1,0,1
603512,45,1,1,0
1385176,45,1,0,1
2501928,45,1,0,1
4294376,45,1,0,1
231680,45,1,0,1
2904304,45,1,0,1
5452608,45,1,1,0
6640120,45,1,0,1
1453392,45,1,0,1
3053560,45,1,1,0
497032,45,1,0,1
6207712,45,1,0,1
2970648,45,1,1,0
479832,45,1,0,1
2113312,45,1,1,0
1070200,45,1,1,0
1332088,45,1,1,0
8270304,45,1,1,0
190664,45,1,1,0
321672,45,1,0,1
1718832,45,1,1,0
1880456,45,1,0,1
2276432,45,1,1,0
1267672,45,1,1,0
4895320,45,1,0,1
1464320,45,1,0,1
1332688,45,1,1,0
377624,45,1,0,1
7889512,45,1,1,0
2195680,45,1,1,0
1773784,45,1,0,1
2181496,45,1,0,1
684248,45,1,1,0
1166656,45,1,0,1
1994648,45,1,1,0
1358880,45,1,0,1
111992,45,1,1,0
3905104,45,1,0,1
1042336,45,1,1,0
3038536,45,1,0,1
7450096,45,1,1,0
6622384,45,1,1,0
1376504,45,1,0,1
2379544,45,1,1,0
4727600,45,1,1,0
6188160,45,1,0,1
598384,45,1,1,0
5329544,45,1,0,1
1241552,45,1,0,1
476968,45,1,0,1
5646944,45,1,1,0
227184,45,1,0,1
3255456,45,1,1,0
3668576,45,1,0,1
1853920,45,1,1,0
7703616,45,1,0,1
5939952,45,1,0,1
7276040,45,1,0,1
7918312,45,1,1,0
2238760,45,1,0,1
3674040,45,1,1,0
3811776,45,1,0,1
225248,45,1,1,0
7191832,45,1,1,0
7946648,45,1,1,0
5093048,45,1,0,1
5192680,45,1,0,1
988656,45,1,0,1
666048,45,1,0,1
5442072,45,1,0,1
1282336,45,1,1,0
2720856,45,1,1,0
1431704,45,1,0,1
715928,45,1,0,1
592728,45,1,0,1
5209248,45,1,1,0
1816064,45,1,1,0
6588200,45,1,1,0
486784,45,1,0,1
2621864,45,1,1,0
4105616,45,1,1,0
7376256,45,1,0,1
2658352,45,1,1,0
751880,45,1,0,1
1126128,45,1,0,1
953320,45,1,1,0
7135696,45,1,1,0
4598496,45,1,0,1
6773112,45,1,0,1
206688,45,1,0,1
1103936,45,1,1,0
1793608,45,1,0,1
642952,45,1,1,0
3725376,45,1,0,1
3673272,45,1,0,1
7779280,45,1,1,0
6667920,45,1,0,1
3820280,45,1,0,1
445608,45,1,1,0
1800896,45,1,0,1
6281848,45,1,1,0
3549672,45,1,0,1
2005200,45,1,1,0
1832496,45,1,1,0
2270328,45,1,1,0
1784984,45,1,1,0
2839232,45,1,0,1
3772560,45,1,0,1
5544416,45,1,0,1
5531584,45,1,0,1
491984,45,1,0,1
4392272,45,1,1,0
1456064,45,1,0,1
491944,45,1,1,0
2772160,45,1,0,1
3076552,45,1,1,0
6397400,45,1,1,0
7531456,45,1,0,1
7761568,45,1,0,1
4214888,45,1,1,0
610488,45,1,1,0
495120,45,1,0,1
1524856,45,1,1,0
2398136,45,1,1,0
2882800,45,1,1,0
1738240,45,1,0,1
4097536,45,1,0,1
6981552,45,1,1,0
959712,45,1,0,1
327288,45,1,0,1
1675808,45,1,0,1
2751192,45,1,1,0
2305048,45,1,0,1
745272,45,1,1,0
3086632,45,1,1,0
2610136,45,1,1,0
1938048,45,1,0,1
184792,45,1,1,0
3125400,45,1,0,1
406768,45,1,0,1
3384440,45,1,1,0
1776528,45,1,1,0
7903024,45,1,0,1
792216,45,1,0,1
1290624,45,1,0,1
1644264,45,1,0,1
5195560,45,1,1,0
1518240,45,1,0,1
7432048,45,1,1,0
2583632,45,1,0,1
508152,45,1,1,0
851960,45,1,1,0
6225056,45,1,0,1
2200808,45,1,1,0
707792,45,1,0,1
5955200,45,1,1,0
554728,45,1,0,1
2369840,45,1,0,1
246528,45,1,1,0
7586944,45,1,1,0
3879056,45,1,1,0
5325216,45,1,0,1
7917296,45,1,0,1
2739224,45,1,0,1
4829216,45,1,1,0
6535088,45,1,1,0
2620488,45,1,0,1
3942232,45,1,1,0
2907968,45,1,1,0
407336,45,1,0,1
6798896,45,1,1,0
1145984,45,1,1,0
5690504,45,1,1,0
2657200,45,1,1,0
3281864,45,1,0,1
4424864,45,1,1,0
8240904,45,1,0,1
3472520,45,1,1,0
3126472,45,1,1,0
4079024,45,1,1,0
461104,45,1,0,1
6475176,45,1,0,1
4275472,45,1,1,0
1841680,45,1,0,1
4375176,45,1,0,1
6401360,45,1,0,1
4208704,45,1,0,1
787896,45,1,0,1
3721368,45,1,0,1
5083352,45,1,1,0
5430904,45,1,1,0
228088,45,1,0,1
274920,45,1,0,1
5087952,45,1,1,0
4382192,45,1,0,1
4914504,45,1,0,1
3729128,45,1,0,1
1826312,45,1,1,0
683896,45,1,0,1
2008832,45,1,1,0
6265960,45,1,0,1
2401120,45,1,1,0
4632208,45,1,0,1
4698208,45,1,1,0
531264,45,1,0,1
7915960,45,1,0,1
393464,45,1,0,1
1280952,45,1,0,1
4056816,45,1,0,1
1580680,45,1,0,1
5558992,45,1,0,1
194384,45,1,1,0
7036224,45,1,1,0
1417984,45,1,1,0
4182408,45,1,1,0
1658560,45,1,0,1
1238560,45,1,0,1
6700160,45,1,0,1
630104,45,1,1,0
797952,45,1,0,1
4548376,45,1,1,0
8295240,45,1,0,1
4181072,45,1,0,1
2743840,45,1,1,0
3681520,45,1,0,1
2306864,45,1,1,0
535360,45,1,1,0
487216,45,1,1,0
6520904,45,1,0,1
3548528,45,1,0,1
3879168,45,1,1,0
1882608,45,1,1,0
1656768,45,1,1,0
2469624,45,1,0,1
3623152,45,1,1,0
1648296,45,1,1,0
661976,45,1,1,0
5258328,45,1,0,1
816064,45,1,1,0
3078200,45,1,1,0
655848,45,1,0,1
3481776,45,1,1,0
1447640,45,1,0,1
6618728,45,1,1,0
978192,45,1,1,0
1720360,45,1,1,0
1888520,45,1,1,0
449720,45,1,1,0
522784,45,1,0,1
2399952,45,1,1,0
1009344,45,1,1,0
2851048,45,1,0,1
2359904,45,1,0,1
471960,45,1,0,1
385536,45,1,0,1
546496,45,1,0,1
3784720,45,1,0,1
1455288,45,1,1,0
2323768,45,1,1,0
1709680,45,1,1,0
829264,45,1,0,1
4786368,45,1,1,0
3546312,45,1,1,0
4686640,45,1,0,1
1572008,45,1,0,1
7364248,45,1,0,1
5743816,45,1,0,1
612416,45,1,0,1
691104,45,1,0,1
4022360,45,1,1,0
1328360,45,1,1,0
5656384,45,1,1,0
3095184,45,1,0,1
2889120,45,1,0,1
5919696,45,1,0,1
5627984,45,1,1,0
1098096,45,1,0,1
2551592,45,1,1,0
316384,45,1,0,1
979752,45,1,1,0
1407360,45,1,1,0
2934288,45,1,0,1
241568,45,1,1,0
787464,45,1,0,1
7965544,45,1,1,0
5594272,45,1,0,1
3788384,45,1,0,1
4892720,45,1,0,1
6997752,45,1,1,0
6570160,45,1,0,1
3779464,45,1,0,1
817576,45,1,1,0
1415808,45,1,0,1
1623992,45,1,1,0
1138728,45,1,1,0
966192,45,1,0,1
7424504,45,1,0,1
2327456,45,1,0,1
4343736,45,1,1,0
856384,45,1,0,1
2559416,45,1,0,1
619656,45,1,0,1
1865704,45,1,1,0
6844448,45,1,1,0
668824,45,1,1,0
710328,45,1,1,0
3046040,45,1,1,0
4216224,45,1,0,1
3836328,45,1,1,0
3949016,45,1,1,0
183800,45,1,0,1
1269456,45,1,1,0
272832,45,1,1,0
6252296,45,1,0,1
2934048,45,1,0,1
143792,45,1,0,1
4523928,45,1,0,1
666008,45,1,1,0
104936,45,1,1,0
685920,45,1,0,1
6635968,45,1,1,0
6590672,45,1,1,0
3883168,45,1,0,1
1142552,45,1,1,0
1456344,45,1,1,0
6281696,45,1,1,0
7835032,45,1,1,0
1737080,45,1,0,1
465408,45,1,1,0
4437784,45,1,1,0
6903344,45,1,0,1
260456,45,1,1,0
3707840,45,1,0,1
2812872,45,1,1,0
583312,45,1,0,1
2075640,45,1,1,0
3382256,45,1,0,1
1351528,45,1,1,0
2870448,45,1,1,0
2651656,45,1,1,0
1837912,45,1,0,1
1900224,45,1,0,1
1126448,45,1,0,1
7826688,45,1,1,0
682640,45,1,0,1
2765872,45,1,1,0
2204896,45,1,0,1
3977264,45,1,0,1
648864,45,1,1,0
1292352,45,1,0,1
542576,45,1,0,1
1023552,45,1,1,0
3778040,45,1,0,1
289640,45,1,1,0
5842432,45,1,1,0
6907504,45,1,0,1
428680,45,1,0,1
1468848,45,1,1,0
3795816,45,1,0,1
1032552,45,1,0,1
4471704,45,1,0,1
4298368,45,1,0,1
5448656,45,1,1,0
589056,45,1,0,1
869056,45,1,0,1
1025624,45,1,1,0
322656,45,1,1,0
8032160,45,1,0,1
3750888,45,1,1,0
2777728,45,1,1,0
254120,45,1,1,0
4503056,45,1,0,1
3697896,45,1,1,0
1995032,45,1,0,1
290656,45,1,0,1
1468024,45,1,0,1
2742440,45,1,0,1
1694456,45,1,1,0
3163496,45,1,1,0
4745520,45,1,1,0
7580728,45,1,1,0
5576376,45,1,0,1
971928,45,1,0,1
5792712,45,1,0,1
893088,45,1,0,1
4311712,45,1,1,0
1431992,45,1,1,0
4735480,45,1,1,0
4930728,45,1,0,1
2205992,45,1,1,0
1616664,45,1,0,1
2031856,45,1,1,0
1851816,45,1,1,0
391424,45,1,0,1
1915352,45,1,1,0
969728,45,1,1,0
2503328,45,1,0,1
1809360,45,1,0,1
1754528,45,1,1,0
2727776,45,1,1,0
1421728,45,1,0,1
439640,45,1,0,1
6845248,45,1,1,0
5740872,45,1,1,0
1603360,45,1,1,0
675376,45,1,0,1
99016,45,1,0,1
3216360,45,1,0,1
2035040,45,1,1,0
2774944,45,1,0,1
1239216,45,1,1,0
2220152,45,1,0,1
3444904,45,1,1,0
4270368,45,1,0,1
4469696,45,1,0,1
1529264,45,1,0,1
124016,45,1,1,0
559944,45,1,0,1
1858000,45,1,0,1
1178600,45,1,1,0
6236960,45,1,0,1
1783256,45,1,1,0
2480416,45,1,0,1
320296,45,1,0,1
1138664,45,1,1,0
1056128,45,1,1,0
1753512,45,1,0,1
1861904,45,1,0,1
6619000,45,1,0,1
1701376,45,1,0,1
810400,45,1,1,0
1250752,45,1,1,0
7638112,45,1,1,0
7590800,45,1,1,0
1453584,45,1,0,1
3830008,45,1,1,0
4828432,45,1,1,0
2501368,45,1,1,0
1360776,45,1,1,0
1048568,45,1,0,1
964528,45,1,1,0
1719888,45,1,0,1
3510880,45,1,1,0
1096600,45,1,1,0
5776136,45,1,0,1
604328,45,1,0,1
611024,45,1,1,0
8056608,45,1,0,1
3883784,45,1,1,0
6445960,45,1,0,1
1302176,45,1,1,0
793256,45,1,0,1
704896,45,1,0,1
971976,45,1,1,0
663416,45,1,1,0
763896,45,1,1,0
644672,45,1,1,0
280672,45,1,1,0
2025424,45,1,0,1
3849384,45,1,1,0
1493816,45,1,1,0
1034144,45,1,1,0
812416,45,1,0,1
4966224,45,1,1,0
547296,45,1,1,0
2432360,45,1,1,0
2736096,45,1,0,1
437752,45,1,0,1
6631904,45,1,0,1
7826000,45,1,0,1
752552,45,1,0,1
4004952,45,1,0,1
962104,45,1,1,0
1476552,45,1,0,1
2379216,45,1,0,1
6436088,45,1,1,0
1007992,45,1,0,1
4103672,45,1,0,1
130760,45,1,1,0
100864,45,1,1,0
1090912,45,1,1,0
659424,45,1,1,0
2599448,45,1,1,0
2483672,45,1,1,0
934816,45,1,1,0
1829304,45,1,1,0
404216,45,1,1,0
1276320,45,1,0,1
3897192,45,1,1,0
3777240,45,1,0,1
1523488,45,1,1,0
3310752,45,1,1,0
3211720,45,1,0,1
706392,45,1,1,0
1509456,45,1,0,1
6303616,45,1,1,0
3652240,45,1,1,0
7557552,45,1,0,1
1125384,45,1,1,0
458256,45,1,1,0
6458872,45,1,0,1
1772200,45,1,1,0
201864,45,1,1,0
1325376,45,1,0,1
4659000,45,1,1,0
979880,45,1,0,1
1812488,45,1,0,1
6542528,45,1,1,0
4968232,45,1,0,1
7762168,45,1,0,1
2713520,45,1,0,1
4940344,45,1,0,1
7429888,45,1,1,0
5521400,45,1,1,0
7174344,45,1,0,1
1807000,45,1,1,0
728072,45,1,0,1
1022664,45,1,0,1
1222232,45,1,1,0
3782680,45,1,0,1
1935944,45,1,0,1
5986296,45,1,1,0
2820864,45,1,1,0
4624592,45,1,0,1
4298960,45,1,1,0
6588496,45,1,1,0
6574976,45,1,0,1
2042720,45,1,0,1
1728856,45,1,1,0
1374648,45,1,0,1
2371520,45,1,0,1
4736768,45,1,0,1
2042216,45,1,0,1
1048824,45,1,1,0
1369376,45,1,0,1
8297440,45,1,1,0
7218840,45,1,1,0
2065712,45,1,1,0
953504,45,1,1,0
2005184,45,1,0,1
1913424,45,1,0,1
2995528,45,1,0,1
787160,45,1,1,0
2325792,45,1,0,1
2113352,45,1,1,0
7402216,45,1,1,0
5948664,45,1,1,0
2575976,45,1,1,0
2099584,45,1,0,1
1206392,45,1,1,0
4210816,45,1,1,0
2594816,45,1,0,1
4323832,45,1,0,1
1356944,45,1,1,0
6071512,45,1,1,0
5320776,45,1,1,0
8263976,45,1,1,0
1046296,45,1,0,1
863032,45,1,0,1
1126656,45,1,1,0
521296,45,1,1,0
451520,45,1,1,0
3557576,45,1,1,0
1326160,45,1,1,0
4236584,45,1,0,1
4577800,45,1,0,1
270568,45,1,1,0
207888,45,1,0,1
692904,45,1,1,0
2666376,45,1,0,1
818120,45,1,1,0
2926416,45,1,0,1
7118176,45,1,0,1
248512,45,1,1,0
7102936,45,1,0,1
7491824,45,1,0,1
727024,45,1,1,0
4367376,45,1,0,1
526360,45,1,0,1
706456,45,1,1,0
713024,45,1,1,0
1544136,45,1,1,0
515592,45,1,0,1
2681048,45,1,0,1
1014352,45,1,0,1
6503392,45,1,1,0
581200,45,1,1,0
183312,45,1,0,1
7449456,45,1,1,0
2555600,45,1,0,1
336520,45,1,1,0
1399632,45,1,0,1
5864976,45,1,0,1
1344120,45,1,0,1
3566560,45,1,0,1
1357512,45,1,0,1
3535696,45,1,0,1
1763544,45,1,1,0
5979112,45,1,0,1
4798320,45,1,1,0
4897864,45,1,0,1
2050680,45,1,1,0
423056,45,1,0,1
1716328,45,1,1,0
739272,45,1,1,0
363688,45,1,1,0
3130232,45,1,0,1
541712,45,1,0,1
7357800,45,1,0,1
1508232,45,1,0,1
4932192,45,1,0,1
908584,45,1,0,1
3573512,45,1,1,0
253672,45,1,1,0
6084392,45,1,1,0
777144,45,1,0,1
5211248,45,1,1,0
949952,45,1,0,1
2351016,45,1,1,0
344456,45,1,0,1
7352096,45,1,0,1
3741688,45,1,0,1
8335368,45,1,1,0
261928,45,1,1,0
5452192,45,1,1,0
3124960,45,1,1,0
1237920,45,1,1,0
1885344,45,1,0,1
1511496,45,1,0,1
3483928,45,1,0,1
6589680,45,1,1,0
3375656,45,1,0,1
7018704,45,1,0,1
1210440,45,1,1,0
461184,45,1,0,1
4682488,45,1,1,0
2268272,45,1,0,1
296520,45,1,1,0
5570720,45,1,0,1
2130760,45,1,0,1
3916040,45,1,1,0
6575176,45,1,1,0
4436152,45,1,1,0
7769760,45,1,1,0
3294632,45,1,1,0
3905856,45,1,1,0
3846160,45,1,0,1
769280,45,1,0,1
3259288,45,1,1,0
2736648,45,1,0,1
1641120,45,1,1,0
2413496,45,1,0,1
351256,45,1,0,1
1877720,45,1,1,0
3680528,45,1,1,0
240704,45,1,1,0
852032,45,1,1,0
2148528,45,1,1,0
6568104,45,1,1,0
2069256,45,1,1,0
4516448,45,1,0,1
607440,45,1,0,1
535328,45,1,1,0
1774544,45,1,0,1
2252576,45,1,1,0
5347328,45,1,1,0
1895000,45,1,1,0
1061816,45,1,0,1
486344,45,1,1,0
5937432,45,1,0,1
4624312,45,1,1,0
7474848,45,1,1,0
1193704,45,1,1,0
5641304,45,1,0,1
1654360,45,1,1,0
1834632,45,1,1,0
5467720,45,1,1,0
1484152,45,1,0,1
342520,45,1,1,0
7995792,45,1,0,1
5746824,45,1,0,1
3274784,45,1,0,1
757992,45,1,1,0
4100528,45,1,1,0
834080,45,1,1,0
573296,45,1,0,1
1615496,45,1,1,0
614064,45,1,1,0
4892024,45,1,1,0
7043824,45,1,0,1
1729640,45,1,0,1
7561376,45,1,1,0
1237384,45,1,0,1
3321632,45,1,0,1
1101056,45,1,0,1
364592,45,1,1,0
3490024,45,1,0,1
480056,45,1,0,1
7858888,45,1,0,1
6748880,45,1,1,0
136064,45,1,1,0
1250928,45,1,1,0
5168400,45,1,0,1
369624,45,1,1,0
1340920,45,1,1,0
4325408,45,1,1,0
4443728,45,1,0,1
677456,45,1,1,0
117256,45,1,1,0
838560,45,1,1,0
1551864,45,1,1,0
2369936,45,1,0,1
3361544,45,1,0,1
2311864,45,1,1,0
2736208,45,1,1,0
4354496,45,1,0,1
1581464,45,1,0,1
723784,45,1,0,1
881480,45,1,0,1
7768352,45,1,1,0
950808,45,1,1,0
578920,45,1,1,0
636200,45,1,0,1
1634160,45,1,1,0
4902312,45,1,1,0
2554632,45,1,1,0
721704,45,1,0,1
646240,45,1,0,1
6157736,45,1,0,1
5085168,45,1,0,1
3710320,45,1,1,0
7384048,45,1,0,1
5175000,45,1,0,1
414816,45,1,1,0
827624,45,1,0,1
2238128,45,1,0,1
163064,45,1,1,0
528112,45,1,1,0
5447008,45,1,0,1
7557784,45,1,1,0
6377112,45,1,1,0
2287536,45,1,0,1
3652904,45,1,0,1
3848448,45,1,0,1
1860600,45,1,0,1
1807576,45,1,0,1
1053608,45,1,1,0
8216944,45,1,1,0
186664,45,1,1,0
7127656,45,1,1,0
4285680,45,1,0,1
1820912,45,1,0,1
5697544,45,1,1,0
2708128,45,1,0,1
309944,45,1,1,0
6940352,45,1,0,1
698000,45,1,0,1
6634696,45,1,1,0
4669480,45,1,0,1
7921696,45,1,1,0
5552536,45,1,0,1
3063992,45,1,1,0
1466008,45,1,1,0
6073952,45,1,0,1
495184,45,1,1,0
2215688,45,1,0,1
799616,45,1,0,1
2408616,45,1,0,1
1978928,45,1,0,1
7491400,45,1,1,0
3700288,45,1,0,1
3732240,45,1,0,1
2430920,45,1,0,1
8194296,45,1,0,1
868208,45,1,1,0
2274904,45,1,0,1
289312,45,1,1,0
6371400,45,1,1,0
5387000,45,1,0,1
947712,45,1,1,0
957872,45,1,0,1
995264,45,1,1,0
1043024,45,1,0,1
4427344,45,1,0,1
3811552,45,1,1,0
1270336,45,1,0,1
2685408,45,1,0,1
1434928,45,1,0,1
2507496,45,1,0,1
7219432,45,1,1,0
7834080,45,1,1,0
2310088,45,1,1,0
1886824,45,1,0,1
1940968,45,1,1,0
548680,45,1,1,0
2189696,45,1,0,1
79576,45,1,1,0
331312,45,1,0,1
335768,45,1,0,1
2643864,45,1,0,1
1631016,45,1,0,1
2341640,45,1,0,1
5421952,45,1,0,1
2314312,45,1,1,0
2965352,45,1,1,0
1710760,45,1,1,0
3004904,45,1,1,0
4622824,45,1,0,1
1557728,45,1,1,0
2058120,45,1,1,0
871824,45,1,0,1
1318072,45,1,1,0
7628368,45,1,0,1
4383248,45,1,0,1
124384,45,1,1,0
641976,45,1,1,0
216304,45,1,1,0
1730896,45,1,0,1
2065032,45,1,0,1
7236880,45,1,1,0
4161880,45,1,0,1
1553728,45,1,0,1
916920,45,1,0,1
5117584,45,1,0,1
2366384,45,1,0,1
3428280,45,1,0,1
1262616,45,1,1,0
1057888,45,1,0,1
539216,45,1,1,0
1413536,45,1,1,0
451000,45,1,0,1
720936,45,1,1,0
2019864,45,1,1,0
3215600,45,1,0,1
7519808,45,1,1,0
2363032,45,1,1,0
667000,45,1,0,1
543408,45,1,0,1
4255040,45,1,1,0
5660592,45,1,1,0
2096400,45,1,1,0
1430144,45,1,1,0
68320,45,1,0,1
2095936,45,1,0,1
1266024,45,1,0,1
7551000,45,1,1,0
3127000,45,1,1,0
3178608,45,1,1,0
242584,45,1,1,0
1508728,45,1,1,0
3610608,45,1,0,1
616120,45,1,0,1
2178352,45,1,0,1
817096,45,1,1,0
288472,45,1,1,0
668296,45,1,0,1
617016,45,1,0,1
2532336,45,1,1,0
508304,45,1,1,0
712232,45,1,1,0
1634000,45,1,1,0
2685504,45,1,1,0
341528,45,1,0,1
3133008,45,1,0,1
956064,45,1,0,1
394208,45,1,1,0
6939808,45,1,1,0
850296,45,1,1,0
5629632,45,1,0,1
3602928,45,1,1,0
3619608,45,1,1,0
171056,45,1,0,1
1727760,45,1,0,1
1220464,45,1,1,0
6963152,45,1,0,1
504200,45,1,1,0
451024,45,1,1,0
6988392,45,1,0,1
6324240,45,1,1,0
4361488,45,1,1,0
1287240,45,1,0,1
990560,45,1,0,1
4925528,45,1,0,1
3234104,45,1,0,1
338472,45,1,0,1
254600,45,1,0,1
1261344,45,1,0,1
4856392,45,1,0,1
3467104,45,1,1,0
5192424,45,1,1,0
2877128,45,1,0,1
695256,45,1,1,0
6287712,45,1,0,1
2343480,45,1,0,1
4892736,45,1,0,1
573664,45,1,1,0
6164448,45,1,1,0
1799792,45,1,0,1
5288792,45,1,0,1
433360,45,1,0,1
1185688,45,1,1,0
169112,45,1,1,0
3974728,45,1,1,0
409608,45,1,0,1
583656,45,1,1,0
6245024,45,1,1,0
6100968,45,1,1,0
816584,45,1,0,1
858416,45,1,1,0
2411680,45,1,0,1
449784,45,1,0,1
282056,45,1,1,0
4539760,45,1,0,1
1657376,45,1,1,0
2701240,45,1,0,1
4238472,45,1,0,1
816136,45,1,1,0
188992,45,1,1,0
4568904,45,1,1,0
3956936,45,1,1,0
4697696,45,1,0,1
2718120,45,1,0,1
287584,45,1,1,0
6083032,45,1,0,1
7595608,45,1,1,0
481168,45,1,0,1
4853568,45,1,0,1
3183464,45,1,1,0
3329504,45,1,0,1
628240,45,1,1,0
456240,45,1,0,1
7991168,45,1,0,1
1316048,45,1,1,0
1041760,45,1,0,1
2728408,45,1,0,1
6055504,45,1,1,0
2298328,45,1,1,0
2037528,45,1,0,1
8326720,45,1,1,0
3639864,45,1,1,0
800784,45,1,0,1
497216,45,1,0,1
1547800,45,1,1,0
2257056,45,1,1,0
97512,45,1,0,1
1942128,45,1,1,0
1482888,45,1,1,0
4242256,45,1,0,1
6919408,45,1,1,0
7188632,45,1,1,0
574920,45,1,0,1
6954936,45,1,1,0
6383360,45,1,1,0
2959032,45,1,0,1
1469992,45,1,1,0
374072,45,1,0,1
1731920,45,1,1,0
343568,45,1,0,1
384336,45,1,1,0
8182616,45,1,1,0
2853704,45,1,1,0
6917176,45,1,0,1
687176,45,1,1,0
347568,45,1,0,1
3091240,45,1,1,0
4953904,45,1,0,1
202176,45,1,1,0
2427800,45,1,0,1
2166848,45,1,1,0
7040600,45,1,1,0
1653784,45,1,0,1
7709976,45,1,1,0
2508232,45,1,1,0
4522008,45,1,1,0
5227920,45,1,1,0
1289856,45,1,0,1
1923144,45,1,0,1
3241080,45,1,0,1
4289152,45,1,1,0
1305312,45,1,1,0
624584,45,1,1,0
1554664,45,1,0,1
5971352,45,1,1,0
3596888,45,1,1,0
497888,45,1,0,1
347088,45,1,0,1
3782640,45,1,1,0
310976,45,1,0,1
996216,45,1,1,0
1233088,45,1,1,0
6107752,45,1,1,0
1509792,45,1,0,1
6306560,45,1,0,1
3777192,45,1,1,0
3636384,45,1,0,1
187784,45,1,0,1
360128,45,1,0,1
5069344,45,1,1,0
1332840,45,1,1,0
1023968,45,1,1,0
6450136,45,1,0,1
701944,45,1,1,0
1675472,45,1,1,0
1879672,45,1,1,0
908520,45,1,1,0
2291512,45,1,1,0
7417760,45,1,1,0
3447272,45,1,0,1
1018136,45,1,1,0
493912,45,1,0,1
519808,45,1,1,0
2464696,45,1,0,1
769888,45,1,1,0
2719720,45,1,1,0
152312,45,1,0,1
1242952,45,1,1,0
5928384,45,1,0,1
4809488,45,1,1,0
1860424,45,1,0,1
1731768,45,1,0,1
2245704,45,1,0,1
381976,45,1,0,1
1153768,45,1,0,1
1494256,45,1,1,0
1711344,45,1,0,1
395816,45,1,1,0
1238120,45,1,0,1
4527536,45,1,0,1
5649704,45,1,0,1
1429816,45,1,1,0
2235168,45,1,1,0
5169528,45,1,1,0
190928,45,1,0,1
3781776,45,1,1,0
460992,45,1,0,1
7020528,45,1,1,0
8147504,45,1,0,1
4031936,45,1,0,1
1370176,45,1,0,1
538832,45,1,1,0
263968,45,1,1,0
1603272,45,1,0,1
3135968,45,1,1,0
335832,45,1,1,0
1421512,45,1,1,0
3986176,45,1,0,1
5834640,45,1,1,0
639760,45,1,1,0
785000,45,1,0,1
2993712,45,1,0,1
3943040,45,1,0,1
3409432,45,1,1,0
1298008,45,1,1,0
453344,45,1,0,1
4906792,45,1,0,1
1123888,45,1,1,0
387112,45,1,0,1
3959224,45,1,0,1
697448,45,1,0,1
778168,45,1,0,1
2919992,45,1,1,0
6022888,45,1,1,0
830760,45,1,0,1
1474904,45,1,0,1
1169112,45,1,1,0
440328,45,1,0,1
6174504,45,1,1,0
441264,45,1,1,0
2614232,45,1,0,1
462720,45,1,1,0
7340048,45,1,1,0
574128,45,1,0,1
6089584,45,1,1,0
3806272,45,1,0,1
7729392,45,1,1,0
2674632,45,1,1,0
415208,45,1,0,1
2394512,45,1,0,1
3349368,45,1,0,1
324704,45,1,1,0
2180472,45,1,0,1
3871768,45,1,1,0
5753104,45,1,1,0
217776,45,1,1,0
6102040,45,1,1,0
5769120,45,1,0,1
147512,45,1,1,0
843144,45,1,0,1
8243952,45,1,1,0
1082232,45,1,1,0
4179256,45,1,0,1
2270216,45,1,0,1
5285536,45,1,1,0
2445336,45,1,1,0
2630496,45,1,1,0
5478136,45,1,1,0
4886064,45,1,1,0
5113456,45,1,1,0
7827120,45,1,1,0
1078448,45,1,1,0
6661944,45,1,0,1
6178248,45,1,0,1
4292176,45,1,1,0
657640,45,1,1,0
4723720,45,1,0,1
2583808,45,1,0,1
2606496,45,1,1,0
6029728,45,1,0,1
252728,45,1,0,1
974176,45,1,1,0
7527536,45,1,1,0
3346408,45,1,1,0
2157880,45,1,1,0
1412072,45,1,1,0
2438736,45,1,1,0
1208824,45,1,0,1
924912,45,1,1,0
2108696,45,1,0,1
4847576,45,1,1,0
3687560,45,1,0,1
4654480,45,1,1,0
2500984,45,1,1,0
2759528,45,1,0,1
3914104,45,1,1,0
2453640,45,1,1,0
435408,45,1,0,1
829328,45,1,1,0
4070200,45,1,0,1
1002744,45,1,0,1
6590640,45,1,1,0
2486128,45,1,1,0
1195976,45,1,1,0
1220680,45,1,1,0
5710520,45,1,0,1
2162224,45,1,0,1
3913624,45,1,1,0
2688608,45,1,1,0
5107936,45,1,1,0
1860808,45,1,1,0
291088,45,1,0,1
256976,45,1,1,0
761888,45,1,0,1
1557248,45,1,1,0
5639488,45,1,1,0
2438664,45,1,0,1
2335040,45,1,0,1
828608,45,1,0,1
168256,45,1,1,0
3709136,45,1,0,1
3138496,45,1,1,0
1367360,45,1,1,0
2305120,45,1,1,0
4575856,45,1,0,1
6866824,45,1,1,0
3026424,45,1,0,1
4538864,45,1,0,1
5934816,45,1,1,0
1923952,45,1,0,1
883240,45,1,0,1
615944,45,1,0,1
3251024,45,1,1,0
1397888,45,1,0,1
2286856,45,1,0,1
299032,45,1,1,0
1575376,45,1,1,0
3526968,45,1,1,0
4977736,45,1,0,1
1229816,45,1,1,0
922120,45,1,1,0
1862648,45,1,1,0
3657496,45,1,1,0
609424,45,1,0,1
8161296,45,1,1,0
856144,45,1,0,1
1032792,45,1,1,0
466544,45,1,1,0
7157768,45,1,1,0
2414728,45,1,1,0
3889272,45,1,0,1
5741184,45,1,1,0
4301256,45,1,1,0
457824,45,1,0,1
2362600,45,1,1,0
1315840,45,1,0,1
6763848,45,1,0,1
243264,45,1,0,1
2424336,45,1,0,1
6773240,45,1,1,0
1687712,45,1,1,0
577528,45,1,1,0
2342464,45,1,1,0
1226632,45,1,0,1
1138848,45,1,1,0
3584016,45,1,0,1
5824952,45,1,1,0
1178784,45,1,1,0
2017680,45,1,1,0
3357976,45,1,0,1
1004640,45,1,1,0
4370576,45,1,1,0
1591448,45,1,0,1
1878656,45,1,1,0
1452864,45,1,0,1
849568,45,1,0,1
585896,45,1,0,1
894704,45,1,1,0
6036136,45,1,1,0
316120,45,1,0,1
1003224,45,1,0,1
1965424,45,1,0,1
805288,45,1,0,1
3134952,45,1,1,0
656088,45,1,1,0
7214144,45,1,1,0
3390376,45,1,1,0
1555416,45,1,0,1
521224,45,1,1,0
295136,45,1,1,0
4069120,45,1,0,1
5256720,45,1,0,1
1293856,45,1,1,0
709096,45,1,0,1
333784,45,1,1,0
4556104,45,1,1,0
1190104,45,1,0,1
3669832,45,1,1,0
631544,45,1,0,1
7510960,45,1,0,1
5444016,45,1,1,0
2628992,45,1,0,1
6564576,45,1,1,0
1395920,45,1,0,1
6594064,45,1,1,0
4710904,45,1,1,0
7768264,45,1,1,0
588296,45,1,1,0
711544,45,1,0,1
5332264,45,1,0,1
2724632,45,1,0,1
5876808,45,1,1,0
1510024,45,1,1,0
192400,45,1,1,0
1286848,45,1,0,1
943128,45,1,1,0
6563872,45,1,1,0
198216,45,1,0,1
941920,45,1,1,0
1268192,45,1,1,0
2953592,45,1,0,1
3352080,45,1,0,1
1017440,45,1,1,0
4444408,45,1,0,1
4126296,45,1,0,1
424408,45,1,1,0
4101296,45,1,0,1
5083528,45,1,0,1
613880,45,1,1,0
3120216,45,1,1,0
2796944,45,1,0,1
1307432,45,1,1,0
3906280,45,1,0,1
2079856,45,1,1,0
2746152,45,1,1,0
5042848,45,1,1,0
2162664,45,1,1,0
962600,45,1,0,1
1323624,45,1,1,0
1401032,45,1,0,1
3165880,45,1,0,1
2452080,45,1,0,1
776808,45,1,1,0
206432,45,1,0,1
3199920,45,1,0,1
747808,45,1,0,1
7159824,45,1,0,1
1260680,45,1,0,1
260424,45,1,1,0
192168,45,1,1,0
2106616,45,1,0,1
921000,45,1,0,1
531064,45,1,0,1
150688,45,1,0,1
2811352,45,1,0,1
676992,45,1,1,0
294768,45,1,0,1
1369736,45,1,0,1
246200,45,1,1,0
996304,45,1,0,1
7934296,45,1,1,0
3992400,45,1,1,0
5669104,45,1,0,1
2704744,45,1,0,1
2127288,45,1,0,1
2094312,45,1,1,0
8018808,45,1,1,0
226648,45,1,1,0
1379040,45,1,0,1
504688,45,1,0,1
6512336,45,1,0,1
520344,45,1,1,0
6983088,45,1,0,1
1371800,45,1,0,1
3696376,45,1,1,0
4077960,45,1,1,0
2383608,45,1,0,1
1020072,45,1,0,1
4707024,45,1,1,0
984976,45,1,1,0
2827808,45,1,0,1
4285048,45,1,0,1
4472672,45,1,1,0
801832,45,1,1,0
3007552,45,1,0,1
3603600,45,1,0,1
5038984,45,1,0,1
2029576,45,1,1,0
6713200,45,1,0,1
6118456,45,1,0,1
2548344,45,1,1,0
1433592,45,1,0,1
304656,45,1,1,0
6628680,45,1,1,0
202520,45,1,0,1
996816,45,1,0,1
882448,45,1,1,0
4104920,45,1,0,1
1596400,45,1,0,1
4552792,45,1,0,1
5042344,45,1,1,0
6000464,45,1,1,0
3189984,45,1,1,0
3053648,45,1,1,0
1414360,45,1,0,1
3465568,45,1,1,0
7342632,45,1,1,0
7162200,45,1,0,1
7903184,45,1,0,1
5518744,45,1,1,0
3359784,45,1,1,0
1845976,45,1,0,1
2525320,45,1,1,0
404376,45,1,0,1
2733392,45,1,1,0
6008816,45,1,0,1
1870696,45,1,0,1
6532440,45,1,1,0
2543608,45,1,0,1
866600,45,1,0,1
2292144,45,1,0,1
466888,45,1,1,0
1466736,45,1,1,0
5873368,45,1,1,0
6240992,45,1,0,1
1354872,45,1,0,1
7729904,45,1,0,1
1797968,45,1,1,0
2975480,45,1,0,1
908712,45,1,1,0
3353776,45,1,1,0
3519776,45,1,1,0
7241104,45,1,0,1
486008,45,1,0,1
3018640,45,1,0,1
2775760,45,1,1,0
513600,45,1,0,1
546392,45,1,0,1
5157120,45,1,1,0
214272,45,1,0,1
6790136,45,1,1,0
4358712,45,1,1,0
1883328,45,1,0,1
2047304,45,1,1,0
620616,45,1,1,0
739600,45,1,1,0
5215456,45,1,1,0
1891520,45,1,0,1
1469944,45,1,0,1
7270304,45,1,1,0
803048,45,1,0,1
4984440,45,1,1,0
4563120,45,1,1,0
5666552,45,1,1,0
7649504,45,1,1,0
5361720,45,1,0,1
1634304,45,1,0,1
970696,45,1,0,1
3278752,45,1,0,1
140608,45,1,1,0
1217024,45,1,0,1
4143720,45,1,1,0
1408464,45,1,0,1
1097312,45,1,0,1
1174864,45,1,1,0
2315776,45,1,0,1
1232976,45,1,1,0
6544400,45,1,0,1
1140112,45,1,1,0
8057416,45,1,0,1
946408,45,1,1,0
6917296,45,1,1,0
1355128,46,1,1,0
1038264,46,1,1,0
6422960,46,1,1,0
4976624,46,1,1,0
5316256,46,1,0,1
1662720,46,1,0,1
3620384,46,1,1,0
1740224,46,1,1,0
6937368,46,1,0,1
705816,46,1,1,0
853192,46,1,1,0
7255504,46,1,1,0
3127568,46,1,0,1
117408,46,1,1,0
1787160,46,1,1,0
458440,46,1,1,0
6861784,46,1,0,1
3025568,46,1,1,0
8178392,46,1,0,1
1702456,46,1,0,1
1437328,46,1,0,1
1851328,46,1,1,0
1782616,46,1,0,1
6436712,46,1,1,0
1523208,46,1,0,1
281112,46,1,1,0
4483752,46,1,0,1
3392976,46,1,1,0
3224856,46,1,1,0
1429544,46,1,1,0
966064,46,1,1,0
2623992,46,1,0,1
1666568,46,1,0,1
1444336,46,1,0,1
1909024,46,1,0,1
7737944,46,1,0,1
4981992,46,1,0,1
2138680,46,1,0,1
8350544,46,1,0,1
4674888,46,1,0,1
1954440,46,1,0,1
3249600,46,1,1,0
160568,46,1,0,1
3775904,46,1,0,1
8295792,46,1,0,1
5803848,46,1,0,1
264656,46,1,0,1
345168,46,1,1,0
2070312,46,1,0,1
5675176,46,1,0,1
1936800,46,1,1,0
509272,46,1,1,0
6632376,46,1,0,1
223200,46,1,1,0
4626768,46,1,0,1
8300984,46,1,0,1
7138688,46,1,1,0
1008104,46,1,1,0
331504,46,1,0,1
1699296,46,1,0,1
8380680,46,1,1,0
7950096,46,1,1,0
625968,46,1,0,1
3939456,46,1,0,1
4334440,46,1,1,0
263456,46,1,1,0
1371000,46,1,1,0
1608704,46,1,1,0
2070360,46,1,0,1
795160,46,1,1,0
3508392,46,1,1,0
202384,46,1,0,1
449976,46,1,1,0
1389832,46,1,1,0
347768,46,1,1,0
3921096,46,1,0,1
514592,46,1,1,0
517216,46,1,0,1
5413896,46,1,0,1
5263528,46,1,1,0
2894944,46,1,1,0
2696016,46,1,0,1
4172728,46,1,0,1
490488,46,1,1,0
3175424,46,1,1,0
685944,46,1,1,0
8339776,46,1,1,0
7486976,46,1,0,1
2600912,46,1,1,0
2553056,46,1,0,1
1461496,46,1,1,0
1023728,46,1,0,1
5594368,46,1,1,0
4735808,46,1,1,0
4095712,46,1,1,0
3304800,46,1,0,1
2167520,46,1,1,0
336424,46,1,1,0
6501840,46,1,0,1
526192,46,1,1,0
6055944,46,1,0,1
1594360,46,1,1,0
402688,46,1,1,0
4500184,46,1,1,0
1418768,46,1,0,1
2094368,46,1,1,0
4653640,46,1,0,1
1198864,46,1,1,0
1076280,46,1,0,1
981184,46,1,0,1
2978664,46,1,1,0
5801256,46,1,0,1
1634432,46,1,0,1
4693760,46,1,1,0
410144,46,1,1,0
272152,46,1,1,0
4798904,46,1,1,0
2560592,46,1,0,1
625104,46,1,0,1
868728,46,1,1,0
7792984,46,1,0,1
4512376,46,1,1,0
2848496,46,1,0,1
797216,46,1,0,1
1430616,46,1,1,0
179336,46,1,1,0
2106520,46,1,1,0
983456,46,1,0,1
666384,46,1,1,0
368152,46,1,0,1
2399072,46,1,1,0
1834352,46,1,0,1
6374112,46,1,0,1
613616,46,1,1,0
2290952,46,1,0,1
3137336,46,1,1,0
484992,46,1,0,1
2852720,46,1,1,0
2013888,46,1,0,1
1867952,46,1,0,1
6498312,46,1,1,0
2050016,46,1,1,0
2150912,46,1,1,0
6972280,46,1,0,1
1036632,46,1,1,0
757496,46,1,0,1
326368,46,1,1,0
5768976,46,1,0,1
3305024,46,1,1,0
5681632,46,1,0,1
646392,46,1,1,0
266384,46,1,1,0
4223944,46,1,1,0
848984,46,1,0,1
3746032,46,1,1,0
6747544,46,1,1,0
5504464,46,1,1,0
1320856,46,1,0,1
3971296,46,1,0,1
570376,46,1,1,0
7465848,46,1,1,0
1761224,46,1,1,0
2559288,46,1,1,0
3381456,46,1,1,0
3376488,46,1,1,0
1352472,46,1,1,0
5461600,46,1,1,0
1793712,46,1,1,0
5201584,46,1,0,1
2496856,46,1,0,1
250808,46,1,0,1
563392,46,1,1,0
7064504,46,1,1,0
3845704,46,1,1,0
2423000,46,1,0,1
6717584,46,1,0,1
2278608,46,1,1,0
945864,46,1,1,0
1756592,46,1,1,0
736088,46,1,1,0
1351576,46,1,0,1
5507248,46,1,0,1
876888,46,1,1,0
2861824,46,1,1,0
3787360,46,1,1,0
534088,46,1,0,1
1775032,46,1,1,0
3871720,46,1,1,0
921016,46,1,1,0
4715936,46,1,1,0
1303232,46,1,0,1
1559976,46,1,1,0
977880,46,1,0,1
1916912,46,1,0,1
2577000,46,1,0,1
672728,46,1,0,1
2466672,46,1,0,1
3009080,46,1,1,0
2454248,46,1,0,1
6159960,46,1,1,0
7029752,46,1,0,1
1568048,46,1,1,0
2229672,46,1,0,1
4983368,46,1,1,0
2739344,46,1,0,1
674968,46,1,1,0
4058080,46,1,1,0
4216320,46,1,1,0
1976480,46,1,1,0
691752,46,1,0,1
2437312,46,1,1,0
7555456,46,1,1,0
379320,46,1,0,1
277400,46,1,1,0
2120664,46,1,0,1
3480728,46,1,0,1
7914752,46,1,1,0
1091536,46,1,0,1
1537632,46,1,0,1
1396248,46,1,1,0
1378688,46,1,1,0
1026384,46,1,1,0
563544,46,1,1,0
1581952,46,1,1,0
1917024,46,1,0,1
538056,46,1,1,0
5162752,46,1,0,1
3831352,46,1,1,0
6906848,46,1,0,1
7077568,46,1,1,0
2557008,46,1,1,0
4246456,46,1,1,0
3064568,46,1,1,0
594808,46,1,1,0
1293696,46,1,0,1
8139288,46,1,0,1
833672,46,1,1,0
1934712,46,1,1,0
1046368,46,1,0,1
3784000,46,1,0,1
6831232,46,1,0,1
4130104,46,1,1,0
2015680,46,1,0,1
4352328,46,1,1,0
347312,46,1,0,1
6437536,46,1,1,0
2559280,46,1,0,1
4240280,46,1,1,0
2326784,46,1,1,0
7065120,46,1,0,1
604360,46,1,1,0
275952,46,1,1,0
102984,46,1,1,0
4453544,46,1,1,0
7537648,46,1,0,1
6370064,46,1,0,1
1217960,46,1,1,0
457408,46,1,0,1
2865832,46,1,1,0
1626880,46,1,1,0
6758456,46,1,1,0
744160,46,1,1,0
3348296,46,1,1,0
634576,46,1,0,1
3135592,46,1,0,1
1651056,46,1,0,1
1243112,46,1,0,1
221440,46,1,1,0
691144,46,1,1,0
7655080,46,1,1,0
2380256,46,1,0,1
2966168,46,1,0,1
1005816,46,1,1,0
7282784,46,1,1,0
4634080,46,1,0,1
243048,46,1,1,0
375312,46,1,1,0
411504,46,1,0,1
2777776,46,1,0,1
1015760,46,1,1,0
538128,46,1,0,1
1079096,46,1,0,1
723984,46,1,0,1
6697464,46,1,0,1
6757552,46,1,0,1
306944,46,1,0,1
4042584,46,1,1,0
335776,46,1,1,0
794008,46,1,1,0
553616,46,1,0,1
3312456,46,1,1,0
2056728,46,1,1,0
270216,46,1,0,1
4719056,46,1,1,0
7730240,46,1,1,0
525160,46,1,1,0
3089176,46,1,1,0
1610896,46,1,1,0
244696,46,1,1,0
1614952,46,1,0,1
1929416,46,1,0,1
6074616,46,1,0,1
8100712,46,1,0,1
3749480,46,1,0,1
3212848,46,1,1,0
4918216,46,1,1,0
2300792,46,1,1,0
7005960,46,1,0,1
190512,46,1,1,0
4864816,46,1,1,0
569520,46,1,0,1
1842912,46,1,1,0
150704,46,1,0,1
2633208,46,1,1,0
1804400,46,1,0,1
932344,46,1,1,0
6955448,46,1,0,1
1045824,46,1,0,1
6966328,46,1,0,1
3800272,46,1,0,1
3246352,46,1,1,0
94856,46,1,1,0
3625608,46,1,1,0
4326184,46,1,1,0
6112808,46,1,0,1
2215744,46,1,0,1
1252592,46,1,0,1
969880,46,1,0,1
3425368,46,1,1,0
2656480,46,1,1,0
4531120,46,1,1,0
4531184,46,1,0,1
302912,46,1,0,1
6938680,46,1,0,1
1070760,46,1,0,1
4078760,46,1,1,0
2389224,46,1,0,1
422960,46,1,1,0
1478368,46,1,1,0
5454208,46,1,0,1
3539488,46,1,0,1
662304,46,1,1,0
3026784,46,1,1,0
4983120,46,1,0,1
1579720,46,1,1,0
2952384,46,1,0,1
1671096,46,1,0,1
7300888,46,1,0,1
6348456,46,1,0,1
689864,46,1,1,0
869216,46,1,0,1
1027480,46,1,0,1
380712,46,1,0,1
4113824,46,1,1,0
6312816,46,1,1,0
192320,46,1,0,1
2285280,46,1,1,0
1543688,46,1,0,1
1165024,46,1,1,0
5499520,46,1,1,0
796512,46,1,1,0
933000,46,1,1,0
2297832,46,1,1,0
3545320,46,1,0,1
986728,46,1,0,1
1497560,46,1,1,0
5258056,46,1,0,1
732656,46,1,1,0
4320240,46,1,0,1
857176,46,1,0,1
1930120,46,1,0,1
670304,46,1,1,0
193328,46,1,1,0
4470840,46,1,1,0
329768,46,1,1,0
885944,46,1,0,1
922864,46,1,0,1
3095080,46,1,0,1
328456,46,1,0,1
3550520,46,1,1,0
2369984,46,1,0,1
8064632,46,1,1,0
8246408,46,1,0,1
6214960,46,1,1,0
827280,46,1,1,0
7876488,46,1,0,1
466792,46,1,0,1
2816016,46,1,0,1
599712,46,1,0,1
7649344,46,1,1,0
1633368,46,1,1,0
3800224,46,1,1,0
857280,46,1,1,0
1055888,46,1,1,0
2301000,46,1,1,0
3371328,46,1,1,0
1593192,46,1,1,0
814832,46,1,1,0
1169728,46,1,0,1
1623888,46,1,1,0
481568,46,1,0,1
4624408,46,1,1,0
6089784,46,1,1,0
961496,46,1,0,1
2035512,46,1,1,0
1633576,46,1,0,1
855808,46,1,0,1
4092624,46,1,1,0
1141008,46,1,1,0
5755520,46,1,1,0
768664,46,1,1,0
767824,46,1,0,1
4030728,46,1,0,1
2576976,46,1,0,1
5057536,46,1,0,1
718936,46,1,0,1
5551008,46,1,1,0
5391136,46,1,1,0
4962800,46,1,1,0
2937776,46,1,0,1
1265256,46,1,0,1
1211960,46,1,1,0
500696,46,1,1,0
287624,46,1,0,1
8302064,46,1,1,0
177872,46,1,1,0
644712,46,1,1,0
4389856,46,1,1,0
2756536,46,1,0,1
1175280,46,1,1,0
6566880,46,1,1,0
4729224,46,1,0,1
3150784,46,1,1,0
1448448,46,1,0,1
5508088,46,1,1,0
2106048,46,1,0,1
1111872,46,1,0,1
7020296,46,1,1,0
3602312,46,1,1,0
8015400,46,1,1,0
5796424,46,1,0,1
929064,46,1,1,0
7107832,46,1,0,1
262456,46,1,0,1
250760,46,1,0,1
5585136,46,1,0,1
1259496,46,1,0,1
6581568,46,1,0,1
3644720,46,1,0,1
1231648,46,1,0,1
2174168,46,1,1,0
806168,46,1,1,0
611464,46,1,1,0
626456,46,1,1,0
3465312,46,1,0,1
2082000,46,1,1,0
1625240,46,1,0,1
8316904,46,1,0,1
5581704,46,1,0,1
3231544,46,1,0,1
248464,46,1,0,1
6927904,46,1,0,1
1469384,46,1,0,1
1761384,46,1,0,1
2305160,46,1,0,1
4067808,46,1,1,0
1902240,46,1,0,1
6574160,46,1,0,1
5806904,46,1,0,1
133472,46,1,1,0
863896,46,1,1,0
4873592,46,1,0,1
3760376,46,1,0,1
404112,46,1,0,1
5128208,46,1,1,0
1533232,46,1,0,1
3297104,46,1,1,0
1135696,46,1,0,1
825280,46,1,0,1
1608544,46,1,0,1
5130144,46,1,0,1
2528152,46,1,1,0
4082416,46,1,0,1
954704,46,1,1,0
1709488,46,1,0,1
1200104,46,1,1,0
3184840,46,1,1,0
340176,46,1,0,1
3026536,46,1,1,0
5447232,46,1,0,1
2612904,46,1,0,1
1414032,46,1,1,0
6455584,46,1,0,1
791392,46,1,1,0
542544,46,1,1,0
656856,46,1,0,1
1122112,46,1,1,0
754608,46,1,1,0
5771416,46,1,0,1
3305920,46,1,0,1
3487944,46,1,1,0
2150552,46,1,1,0
1690440,46,1,0,1
680400,46,1,0,1
6176768,46,1,0,1
3102784,46,1,1,0
4210968,46,1,1,0
5258496,46,1,0,1
2116384,46,1,0,1
435832,46,1,1,0
322296,46,1,1,0
3481832,46,1,0,1
7868632,46,1,1,0
1140832,46,1,1,0
1606960,46,1,1,0
1693888,46,1,1,0
7433488,46,1,1,0
6828376,46,1,1,0
4173896,46,1,0,1
2932584,46,1,0,1
6563128,46,1,1,0
1131072,46,1,1,0
4144992,46,1,1,0
2113944,46,1,0,1
8365088,46,1,1,0
5197792,46,1,1,0
3133064,46,1,1,0
5601176,46,1,0,1
3840448,46,1,1,0
2446648,46,1,0,1
1854400,46,1,0,1
1758656,46,1,0,1
1277872,46,1,1,0
844448,46,1,1,0
484456,46,1,1,0
255832,46,1,0,1
5328360,46,1,1,0
1306696,46,1,0,1
3635272,46,1,1,0
384632,46,1,0,1
2176496,46,1,0,1
2208024,46,1,1,0
8187216,46,1,1,0
7628896,46,1,0,1
3446936,46,1,0,1
3873720,46,1,0,1
217712,46,1,1,0
3366776,46,1,1,0
2887328,46,1,1,0
7522616,46,1,1,0
187544,46,1,0,1
3391000,46,1,1,0
8024520,46,1,1,0
365912,46,1,0,1
1375296,46,1,1,0
594040,46,1,1,0
1038680,46,1,0,1
4543064,46,1,1,0
1534840,46,1,1,0
529968,46,1,0,1
449104,46,1,1,0
958416,46,1,1,0
7185904,46,1,0,1
2007648,46,1,1,0
279488,46,1,1,0
3622968,46,1,1,0
3249440,46,1,0,1
3857552,46,1,0,1
4655160,46,1,0,1
158472,46,1,0,1
7465280,46,1,0,1
1307984,46,1,0,1
3541368,46,1,1,0
7344120,46,1,0,1
227112,46,1,1,0
6145856,46,1,0,1
864328,46,1,0,1
1783904,46,1,1,0
515624,46,1,1,0
311368,46,1,0,1
6094648,46,1,1,0
3460608,46,1,0,1
2823904,46,1,1,0
1265992,46,1,0,1
134176,46,1,1,0
1388736,46,1,1,0
1547944,46,1,0,1
1841880,46,1,1,0
3024440,46,1,0,1
990320,46,1,0,1
2953640,46,1,1,0
1233896,46,1,0,1
507240,46,1,1,0
2718464,46,1,0,1
618376,46,1,0,1
6736576,46,1,0,1
5397264,46,1,1,0
155960,46,1,0,1
199912,46,1,1,0
3700912,46,1,1,0
2269792,46,1,0,1
644784,46,1,0,1
3779384,46,1,1,0
1643064,46,1,0,1
6303848,46,1,0,1
4469488,46,1,1,0
2136144,46,1,1,0
3821144,46,1,1,0
5111848,46,1,1,0
1647672,46,1,1,0
755416,46,1,1,0
1237120,46,1,1,0
1163880,46,1,0,1
2880496,46,1,1,0
3283864,46,1,1,0
4474712,46,1,0,1
759104,46,1,1,0
5510264,46,1,0,1
8188680,46,1,1,0
3194216,46,1,0,1
2601760,46,1,1,0
1603864,46,1,1,0
6298968,46,1,1,0
6027384,46,1,1,0
472696,46,1,0,1
806592,46,1,0,1
6908584,46,1,0,1
1648768,46,1,1,0
5347040,46,1,0,1
1991384,46,1,0,1
1003720,46,1,0,1
1470992,46,1,0,1
6258944,46,1,0,1
2331720,46,1,1,0
2291600,46,1,0,1
3821136,46,1,0,1
1412848,46,1,1,0
1129960,46,1,1,0
436384,46,1,1,0
910840,46,1,0,1
5964000,46,1,0,1
3179304,46,1,1,0
1718520,46,1,1,0
4626856,46,1,1,0
2683816,46,1,1,0
876352,46,1,1,0
77448,46,1,1,0
1281424,46,1,1,0
7280528,46,1,1,0
197440,46,1,1,0
1011856,46,1,0,1
3258720,46,1,0,1
5194672,46,1,1,0
1104680,46,1,1,0
4014376,46,1,0,1
5227888,46,1,1,0
1404752,46,1,0,1
1611192,46,1,1,0
331560,46,1,0,1
1143216,46,1,1,0
3006024,46,1,1,0
1306904,46,1,0,1
5476496,46,1,1,0
2709680,46,1,1,0
2692712,46,1,0,1
7065976,46,1,0,1
6213568,46,1,0,1
3909536,46,1,0,1
4643304,46,1,1,0
4159888,46,1,0,1
5162528,46,1,1,0
5563968,46,1,1,0
662128,46,1,1,0
4660224,46,1,1,0
391704,46,1,1,0
500416,46,1,0,1
4474608,46,1,1,0
7541976,46,1,0,1
3336392,46,1,0,1
3508008,46,1,1,0
1168560,46,1,1,0
367768,46,1,0,1
1645224,46,1,1,0
1939768,46,1,0,1
1316464,46,1,1,0
1508456,46,1,1,0
735520,46,1,1,0
2243304,46,1,0,1
378552,46,1,0,1
460664,46,1,1,0
4070536,46,1,1,0
3188376,46,1,1,0
1470360,46,1,1,0
6657176,46,1,0,1
821000,46,1,0,1
8299440,46,1,0,1
488784,46,1,1,0
2189896,46,1,1,0
658344,46,1,0,1
2974456,46,1,1,0
3475512,46,1,0,1
2422120,46,1,1,0
6755184,46,1,0,1
3667128,46,1,1,0
4122752,46,1,1,0
1951016,46,1,1,0
3869888,46,1,0,1
1079456,46,1,1,0
2722568,46,1,1,0
1317200,46,1,0,1
454648,46,1,1,0
945472,46,1,0,1
865432,46,1,1,0
3438416,46,1,0,1
4450824,46,1,1,0
4320392,46,1,1,0
168448,46,1,0,1
5237632,46,1,0,1
2237560,46,1,1,0
1790872,46,1,1,0
2847824,46,1,1,0
6081312,46,1,0,1
270544,46,1,0,1
6282776,46,1,0,1
1603856,46,1,1,0
916368,46,1,1,0
1542664,46,1,0,1
6560296,46,1,0,1
5292072,46,1,1,0
4657248,46,1,0,1
6634728,46,1,0,1
502848,46,1,1,0
279464,46,1,1,0
2778888,46,1,1,0
1597536,46,1,1,0
5635264,46,1,0,1
7059024,46,1,1,0
262760,46,1,0,1
336296,46,1,0,1
1455968,46,1,0,1
4976440,46,1,1,0
2083128,46,1,0,1
2613920,46,1,1,0
7802864,46,1,1,0
5499976,46,1,0,1
453280,46,1,1,0
159816,46,1,0,1
939888,46,1,0,1
308528,46,1,1,0
4631392,46,1,0,1
510248,46,1,0,1
5432776,46,1,1,0
7636464,46,1,1,0
2269232,46,1,0,1
897400,46,1,0,1
3518128,46,1,1,0
7039072,46,1,0,1
3541936,46,1,0,1
4393056,46,1,0,1
4957984,46,1,1,0
7958912,46,1,0,1
2734056,46,1,0,1
790176,46,1,1,0
407888,46,1,1,0
5435256,46,1,0,1
1456008,46,1,1,0
692648,46,1,1,0
3303760,46,1,1,0
1287680,46,1,0,1
286664,46,1,1,0
4631576,46,1,1,0
179480,46,1,1,0
1380488,46,1,1,0
439000,46,1,0,1
129312,46,1,1,0
1119016,46,1,1,0
1497848,46,1,1,0
8188816,46,1,0,1
1107576,46,1,0,1
1676304,46,1,1,0
2935952,46,1,0,1
1151016,46,1,1,0
877560,46,1,0,1
1782136,46,1,0,1
1565552,46,1,0,1
987960,46,1,1,0
4658560,46,1,1,0
4255008,46,1,0,1
690496,46,1,0,1
1363448,46,1,0,1
406568,46,1,0,1
7873424,46,1,0,1
8031696,46,1,0,1
150344,46,1,1,0
1728200,46,1,1,0
2251672,46,1,0,1
632432,46,1,1,0
3432776,46,1,0,1
1309992,46,1,0,1
517400,46,1,0,1
4484984,46,1,1,0
584600,46,1,0,1
1858312,46,1,0,1
5428464,46,1,1,0
930632,46,1,0,1
2040152,46,1,0,1
4872592,46,1,0,1
1041952,46,1,1,0
645760,46,1,1,0
5856400,46,1,1,0
6181600,46,1,1,0
2639480,46,1,1,0
2549328,46,1,1,0
4808160,46,1,1,0
3063016,46,1,0,1
7059944,46,1,0,1
1967320,46,1,0,1
1017792,46,1,0,1
2109976,46,1,0,1
5896416,46,1,1,0
98816,46,1,1,0
853624,46,1,0,1
326240,46,1,0,1
696040,46,1,1,0
1477960,46,1,0,1
446136,46,1,0,1
4372784,46,1,0,1
1191160,46,1,1,0
781024,46,1,1,0
5973976,46,1,1,0
2112712,46,1,0,1
6569512,46,1,0,1
1777584,46,1,1,0
7096176,46,1,0,1
6127056,46,1,0,1
719032,46,1,1,0
6742944,46,1,1,0
7097912,46,1,1,0
5027056,46,1,1,0
1164216,46,1,1,0
500296,46,1,0,1
8137568,46,1,0,1
7866328,46,1,1,0
1757488,46,1,0,1
202976,46,1,1,0
684472,46,1,1,0
3566544,46,1,0,1
5011456,46,1,0,1
529032,46,1,1,0
581592,46,1,1,0
2803592,46,1,1,0
3009264,46,1,0,1
813120,46,1,0,1
3563392,46,1,0,1
3469392,46,1,1,0
4053000,46,1,0,1
730384,46,1,0,1
586096,46,1,1,0
2659280,46,1,0,1
6540584,46,1,1,0
150184,46,1,0,1
632824,46,1,1,0
2042448,46,1,1,0
6128600,46,1,1,0
6354248,46,1,0,1
181536,46,1,1,0
2822984,46,1,1,0
3092984,46,1,1,0
3002408,46,1,0,1
5537632,46,1,1,0
2740280,46,1,0,1
5800976,46,1,1,0
6766416,46,1,1,0
4291536,46,1,1,0
119352,46,1,0,1
2909352,46,1,1,0
5154024,46,1,0,1
364576,46,1,0,1
900024,46,1,1,0
893816,46,1,0,1
6326744,46,1,0,1
3659336,46,1,1,0
673632,46,1,1,0
7109456,46,1,1,0
1935976,46,1,0,1
3608888,46,1,0,1
1644328,46,1,0,1
2872200,46,1,0,1
6845880,46,1,1,0
4400792,46,1,0,1
1082336,46,1,0,1
3930400,46,1,0,1
393328,46,1,0,1
2115960,46,1,1,0
5492792,46,1,1,0
5060520,46,1,1,0
4142792,46,1,0,1
758856,46,1,0,1
288328,46,1,1,0
181816,46,1,1,0
1771312,46,1,0,1
3568032,46,1,0,1
3997216,46,1,0,1
601936,46,1,0,1
3948280,46,1,1,0
6664120,46,1,1,0
8205496,46,1,1,0
4094160,46,1,0,1
365528,46,1,1,0
1717544,46,1,1,0
3389744,46,1,0,1
7217248,46,1,1,0
5199656,46,1,1,0
6893848,46,1,1,0
4887224,46,1,1,0
3712688,46,1,0,1
7616656,46,1,1,0
1291216,46,1,0,1
359496,46,1,0,1
527088,46,1,1,0
2157544,46,1,1,0
2002168,46,1,1,0
4950440,46,1,1,0
2028024,46,1,1,0
2542760,46,1,0,1
1946760,46,1,1,0
327496,46,1,0,1
1887512,46,1,1,0
1174808,46,1,1,0
1707272,46,1,0,1
885336,46,1,1,0
5519864,46,1,0,1
6479104,46,1,1,0
2566768,46,1,0,1
289784,46,1,1,0
566784,46,1,1,0
6118216,46,1,0,1
4409336,46,1,0,1
1259280,46,1,0,1
1000544,46,1,0,1
1525384,46,1,1,0
1918976,46,1,0,1
5392712,46,1,1,0
8272984,46,1,0,1
3112856,46,1,1,0
1390488,46,1,0,1
68720,46,1,1,0
1646416,46,1,1,0
574112,46,1,1,0
905744,46,1,0,1
150296,46,1,1,0
2111272,46,1,0,1
568136,46,1,1,0
7041104,46,1,0,1
463752,46,1,0,1
2166560,46,1,1,0
5012760,46,1,1,0
2103040,46,1,1,0
1275528,46,1,0,1
206096,46,1,1,0
2895152,46,1,0,1
2449752,46,1,0,1
1662096,46,1,1,0
377288,46,1,1,0
1837008,46,1,0,1
3077240,46,1,0,1
1192960,46,1,0,1
4703328,46,1,1,0
1357912,46,1,1,0
6322200,46,1,0,1
222600,46,1,1,0
8093952,46,1,0,1
214712,46,1,1,0
370016,46,1,1,0
3047424,46,1,1,0
733080,46,1,0,1
7550416,46,1,0,1
5458560,46,1,1,0
1001960,46,1,0,1
348624,46,1,0,1
1610744,46,1,1,0
684664,46,1,1,0
269504,46,1,1,0
1675888,46,1,0,1
1640880,46,1,1,0
175056,46,1,0,1
965912,46,1,0,1
3008312,46,1,1,0
3535232,46,1,0,1
2895320,46,1,0,1
930864,46,1,0,1
917928,46,1,0,1
564568,46,1,0,1
678104,46,1,1,0
7272336,46,1,0,1
3967432,46,1,0,1
5236680,46,1,0,1
769816,46,1,1,0
607120,46,1,0,1
1381552,46,1,0,1
7240024,46,1,1,0
574952,46,1,1,0
6679072,46,1,1,0
1021144,46,1,0,1
7521008,46,1,0,1
3861304,46,1,1,0
7129744,46,1,0,1
3194336,46,1,0,1
1266040,46,1,1,0
2154400,46,1,0,1
347976,46,1,0,1
1516048,46,1,1,0
7582992,46,1,0,1
3409424,46,1,1,0
7016400,46,1,0,1
7013632,46,1,1,0
901648,46,1,1,0
8105728,46,1,0,1
1740976,46,1,1,0
1632408,46,1,0,1
873704,46,1,1,0
2973224,46,1,0,1
7553112,46,1,0,1
599240,46,1,0,1
4290704,46,1,0,1
698336,46,1,1,0
2385352,46,1,1,0
373552,46,1,1,0
1269616,46,1,0,1
2149592,46,1,1,0
2869120,46,1,0,1
5315496,46,1,1,0
6925192,46,1,0,1
2017008,46,1,1,0
3121936,46,1,0,1
2323016,46,1,0,1
3370632,46,1,1,0
8388088,46,1,0,1
357712,46,1,1,0
583576,46,1,0,1
2182208,46,1,0,1
2702368,46,1,0,1
6321624,46,1,1,0
1178136,46,1,1,0
4068696,46,1,0,1
3223248,46,1,1,0
1496208,46,1,0,1
3715136,46,1,1,0
7781760,46,1,1,0
474080,46,1,0,1
1266344,46,1,0,1
1682952,46,1,1,0
8355768,46,1,1,0
4892528,46,1,0,1
996320,46,1,1,0
1949976,46,1,1,0
4645072,46,1,0,1
8260272,46,1,0,1
938640,46,1,0,1
1202216,46,1,1,0
745784,46,1,0,1
2694768,46,1,1,0
2537464,46,1,1,0
1399448,46,1,1,0
971456,46,1,1,0
694376,46,1,0,1
1283520,46,1,1,0
568624,46,1,0,1
1383192,46,1,0,1
2675312,46,1,1,0
2535560,46,1,0,1
1538736,46,1,1,0
6437784,46,1,0,1
1552520,46,1,0,1
816336,46,1,0,1
6172768,46,1,0,1
1855800,46,1,1,0
6947552,46,1,0,1
5521008,46,1,0,1
7750128,46,1,0,1
1564072,46,1,1,0
672096,46,1,0,1
4881376,46,1,0,1
5116288,46,1,0,1
3651056,46,1,0,1
2081488,46,1,1,0
2342136,46,1,1,0
4770992,46,1,0,1
607800,46,1,0,1
845824,46,1,0,1
246472,46,1,0,1
5103288,46,1,0,1
743024,46,1,0,1
3174568,46,1,0,1
1471640,46,1,1,0
2629600,46,1,1,0
5149544,46,1,0,1
508656,46,1,1,0
1973192,46,1,1,0
1284416,46,1,1,0
5407984,46,1,1,0
2226936,46,1,0,1
4309232,46,1,0,1
296456,46,1,1,0
2013032,46,1,0,1
5833208,46,1,0,1
2675632,46,1,1,0
676792,46,1,0,1
1214808,46,1,1,0
615112,46,1,1,0
7884936,46,1,0,1
1709304,46,1,0,1
7048272,46,1,1,0
3911816,46,1,1,0
7805360,46,1,1,0
2964144,46,1,1,0
450872,46,1,1,0
6900272,46,1,0,1
8034184,46,1,1,0
2053456,46,1,0,1
420360,46,1,0,1
8166632,46,1,0,1
178672,46,1,1,0
1557616,46,1,0,1
5284128,46,1,0,1
2848760,46,1,0,1
1499520,46,1,1,0
313672,46,1,1,0
427704,46,1,1,0
1165104,46,1,0,1
1702184,46,1,0,1
4976568,46,1,0,1
947208,46,1,0,1
339288,46,1,1,0
2636360,46,1,1,0
487240,46,1,1,0
492568,46,1,1,0
6392520,46,1,0,1
233096,46,1,1,0
4194712,46,1,0,1
357144,46,1,0,1
2332384,46,1,1,0
881656,46,1,1,0
2471240,46,1,0,1
5148328,46,1,1,0
1171352,46,1,0,1
367688,46,1,1,0
1359184,46,1,1,0
7644840,46,1,1,0
123400,46,1,0,1
5346672,46,1,0,1
1617976,46,1,0,1
387488,46,1,0,1
2703264,46,1,0,1
2199520,46,1,0,1
2988552,46,1,1,0
2654960,46,1,0,1
4561992,46,1,1,0
2262232,46,1,1,0
1076792,46,1,1,0
830072,46,1,1,0
7808616,46,1,1,0
4358256,46,1,1,0
6321784,46,1,1,0
2092568,46,1,0,1
2772128,46,1,1,0
296688,46,1,1,0
5030760,46,1,0,1
766432,46,1,0,1
2834072,46,1,0,1
582552,46,1,0,1
8293992,46,1,0,1
753168,46,1,0,1
7984088,46,1,0,1
762872,46,1,1,0
1012376,46,1,1,0
1091304,46,1,1,0
2979992,46,1,1,0
5904112,46,1,1,0
8034824,46,1,1,0
630384,46,1,1,0
4467800,46,1,1,0
834408,46,1,0,1
2429760,46,1,1,0
2557456,46,1,1,0
3378000,46,1,0,1
2359312,46,1,0,1
182680,46,1,0,1
3824288,46,1,1,0
365328,46,1,0,1
8082560,46,1,1,0
1830192,46,1,1,0
2053872,46,1,1,0
6247824,46,1,0,1
2523016,46,1,0,1
3642912,46,1,0,1
1812424,46,1,1,0
6954680,46,1,0,1
1649432,46,1,1,0
931584,46,1,1,0
2840720,46,1,1,0
4042712,46,1,0,1
73864,46,1,0,1
2356448,46,1,1,0
58120,46,1,1,0
2777792,46,1,1,0
567032,46,1,1,0
472616,46,1,0,1
7192992,46,1,0,1
1129200,46,1,1,0
5165688,46,1,1,0
1525776,46,1,0,1
2491304,46,1,0,1
2115912,46,1,0,1
6972088,46,1,0,1
5855624,46,1,1,0
1575768,46,1,0,1
552848,46,1,1,0
1673624,46,1,0,1
5416472,46,1,0,1
2481328,46,1,0,1
1618104,46,1,0,1
696112,46,1,0,1
758224,46,1,0,1
5207376,46,1,0,1
1642712,46,1,0,1
2626448,46,1,1,0
999392,46,1,0,1
1984296,46,1,0,1
188584,46,1,1,0
3920032,46,1,0,1
1845952,46,1,1,0
1640248,46,1,1,0
283752,46,1,1,0
1112768,46,1,1,0
1761288,46,1,1,0
3531056,46,1,1,0
7295792,46,1,1,0
6164336,46,1,0,1
2795800,46,1,1,0
1583928,46,1,1,0
2692208,46,1,0,1
7780648,46,1,1,0
593992,46,1,1,0
421976,46,1,1,0
3036200,46,1,0,1
2623040,46,1,1,0
335952,46,1,0,1
4761536,46,1,0,1
1737880,46,1,1,0
6619432,46,1,0,1
4072272,46,1,0,1
4681904,46,1,1,0
789912,46,1,1,0
6776960,46,1,0,1
512504,46,1,0,1
1805224,46,1,1,0
1408008,46,1,0,1
671864,46,1,0,1
1860760,46,1,1,0
1210736,46,1,1,0
1895184,46,1,1,0
288920,46,1,1,0
1606280,46,1,1,0
6615368,46,1,0,1
2497120,46,1,1,0
5180200,46,1,1,0
1293616,46,1,0,1
389144,46,1,0,1
1755672,46,1,0,1
1607656,46,1,1,0
1844496,46,1,1,0
1795944,46,1,0,1
1270440,46,1,1,0
7021672,46,1,0,1
6706384,46,1,0,1
3572768,46,1,1,0
4475392,46,1,1,0
5750808,46,1,0,1
6757696,46,1,1,0
6014608,46,1,1,0
5119944,46,1,1,0
1263840,46,1,1,0
7397208,46,1,0,1
1075536,46,1,0,1
2358176,46,1,1,0
1099944,46,1,0,1
1195968,46,1,1,0
2418336,46,1,1,0
312408,46,1,0,1
1243712,46,1,0,1
4305304,46,1,1,0
4711792,46,1,0,1
390128,46,1,0,1
4768240,46,1,1,0
1381160,46,1,0,1
7410544,46,1,1,0
937240,46,1,0,1
1538336,46,1,1,0
2054032,46,1,0,1
2292704,46,1,0,1
3063680,46,1,1,0
5724224,46,1,0,1
3258064,46,1,0,1
2583712,46,1,0,1
1158656,46,1,1,0
2242760,46,1,1,0
169344,46,1,1,0
3470968,46,1,0,1
6866320,46,1,1,0
887904,46,1,1,0
486312,46,1,1,0
8245784,46,1,0,1
712360,46,1,1,0
3104232,46,1,0,1
2348760,46,1,1,0
3273896,46,1,1,0
72248,46,1,1,0
2171016,46,1,1,0
3595904,46,1,1,0
2366656,46,1,0,1
6476536,46,1,0,1
719544,46,1,1,0
7530936,46,1,0,1
1156160,46,1,1,0
6153760,46,1,0,1
7803760,46,1,1,0
5480984,46,1,1,0
1633136,46,1,0,1
748504,46,1,1,0
2896808,46,1,0,1
2622888,46,1,1,0
3564456,46,1,0,1
5799736,46,1,1,0
1320656,46,1,0,1
259688,46,1,0,1
223648,46,1,0,1
6224408,46,1,1,0
2286592,46,1,0,1
1321192,46,1,1,0
3373368,46,1,0,1
3541840,46,1,0,1
4703208,46,1,1,0
632392,46,1,1,0
418424,46,1,1,0
2563232,46,1,0,1
6123488,46,1,0,1
2779008,46,1,1,0
1384568,46,1,0,1
278592,46,1,1,0
1576648,46,1,0,1
4212816,46,1,1,0
4866728,46,1,1,0
811136,46,1,1,0
1374776,46,1,0,1
1329592,46,1,1,0
1135928,46,1,0,1
1644208,46,1,1,0
652664,46,1,0,1
2100304,46,1,1,0
624360,46,1,0,1
1921552,46,1,0,1
3870168,46,1,0,1
632416,46,1,0,1
1740408,46,1,1,0
4549040,46,1,1,0
7215128,46,1,0,1
4835440,46,1,0,1
3871872,46,1,1,0
1285512,46,1,1,0
5862608,46,1,1,0
1174960,46,1,0,1
548064,46,1,1,0
1183688,46,1,1,0
7270496,46,1,0,1
1291944,46,1,0,1
1286072,46,1,1,0
1105056,46,1,1,0
309880,46,1,1,0
2404296,46,1,1,0
3100696,46,1,1,0
1257592,46,1,1,0
2891168,46,1,0,1
666528,46,1,1,0
1928440,46,1,0,1
3677008,46,1,1,0
232120,46,1,1,0
788552,46,1,0,1
3082552,46,1,0,1
6051288,46,1,0,1
596808,46,1,1,0
4277464,46,1,1,0
6925000,46,1,0,1
2490320,46,1,0,1
688128,46,1,0,1
297504,46,1,0,1
6728216,46,1,1,0
489984,46,1,0,1
4195800,46,1,1,0
5469840,46,1,0,1
5630008,46,1,1,0
178504,46,1,1,0
1727128,46,1,1,0
3533704,46,1,0,1
3440904,46,1,1,0
2769672,46,1,0,1
3328696,46,1,1,0
5610120,46,1,0,1
7134880,46,1,1,0
6418928,46,1,1,0
4313952,46,1,0,1
7285008,46,1,0,1
2230184,46,1,1,0
1451992,46,1,1,0
2582272,46,1,0,1
3263736,46,1,1,0
1727384,46,1,0,1
2657440,46,1,0,1
3501264,46,1,1,0
3082336,46,1,1,0
3114144,46,1,1,0
2431024,46,1,1,0
546184,46,1,0,1
7024800,46,1,0,1
4982344,46,1,0,1
814368,46,1,1,0
563824,46,1,0,1
3327512,46,1,1,0
3722152,46,1,0,1
1252048,46,1,0,1
2790912,46,1,1,0
1597192,46,1,0,1
7258328,46,1,1,0
246688,46,1,0,1
1115888,46,1,1,0
1557576,46,1,0,1
1150792,46,1,0,1
930264,46,1,0,1
1561920,46,1,1,0
3218192,46,1,1,0
5709496,46,1,1,0
1169472,46,1,0,1
4552416,46,1,1,0
542232,46,1,0,1
4642088,46,1,0,1
5062736,46,1,1,0
603392,46,1,0,1
7489656,46,1,1,0
4497536,46,1,0,1
1509744,46,1,0,1
7820040,46,1,0,1
3955160,46,1,1,0
374224,46,1,1,0
808672,46,1,0,1
2306648,46,1,0,1
1379240,46,1,0,1
4821504,46,1,1,0
1050352,46,1,1,0
1753376,46,1,1,0
2607088,46,1,0,1
8111208,46,1,1,0
225160,46,1,1,0
2872184,46,1,0,1
304096,46,1,0,1
6175512,46,1,1,0
524704,46,1,1,0
2394320,46,1,1,0
7248952,46,1,1,0
2477672,46,1,1,0
1799000,46,1,1,0
3240440,46,1,1,0
529000,46,1,0,1
451896,46,1,1,0
1449160,46,1,1,0
5107568,46,1,1,0
2411768,46,1,1,0
3164976,46,1,1,0
4939216,46,1,1,0
1282080,46,1,0,1
2933176,46,1,1,0
1673320,46,1,0,1
1013808,46,1,1,0
6742680,46,1,0,1
1348160,46,1,1,0
7166280,46,1,1,0
4163376,46,1,0,1
2603624,46,1,0,1
826680,46,1,1,0
5840000,46,1,1,0
5308360,46,1,0,1
2130176,46,1,0,1
1015536,46,1,1,0
757792,46,1,1,0
3273264,46,1,1,0
124032,46,1,1,0
2093016,46,1,1,0
4028456,46,1,0,1
5365840,46,1,0,1
334272,46,1,1,0
7442656,46,1,0,1
877528,46,1,1,0
2243024,46,1,1,0
789280,46,1,0,1
327616,46,1,1,0
2105192,46,1,0,1
3857232,46,1,1,0
2228128,46,1,0,1
5105696,46,1,0,1
2026856,46,1,0,1
1050968,46,1,1,0
4467120,46,1,0,1
1454768,46,1,1,0
1211352,46,1,1,0
1594248,46,1,0,1
1725608,46,1,0,1
4606672,46,1,0,1
4287664,46,1,0,1
3677960,46,1,0,1
221200,46,1,1,0
819888,46,1,0,1
3319560,46,1,1,0
542080,46,1,0,1
904688,46,1,0,1
4821688,46,1,0,1
502528,46,1,0,1
2033120,46,1,0,1
2902856,46,1,1,0
2190624,46,1,1,0
3469832,46,1,0,1
3697104,46,1,0,1
2210160,46,1,1,0
3617520,46,1,1,0
2224688,46,1,1,0
574160,46,1,0,1
6648112,46,1,1,0
2717544,46,1,1,0
7878128,46,1,1,0
981912,46,1,0,1
911208,46,1,0,1
1455416,46,1,1,0
1579776,46,1,1,0
2671208,46,1,0,1
3923496,46,1,0,1
536672,46,1,0,1
6718712,46,1,1,0
850528,46,1,1,0
3692144,46,1,0,1
3169680,46,1,0,1
6490992,46,1,0,1
1721264,46,1,1,0
2068448,46,1,1,0
671600,46,1,0,1
1749832,46,1,0,1
1889144,46,1,0,1
8294056,46,1,0,1
2865472,46,1,0,1
607096,46,1,1,0
3849360,46,1,1,0
4088792,46,1,0,1
447832,46,1,1,0
1724576,46,1,0,1
3305280,46,1,0,1
5341728,46,1,0,1
8247840,46,1,1,0
903976,46,1,0,1
371584,46,1,0,1
3150432,46,1,1,0
4935240,46,1,0,1
5304176,46,1,1,0
4892688,46,1,1,0
462536,46,1,1,0
1087656,46,1,1,0
4531032,46,1,1,0
899640,46,1,0,1
3466784,46,1,1,0
4732440,46,1,0,1
3638512,46,1,0,1
264216,46,1,0,1
857872,46,1,1,0
7248264,46,1,0,1
1954600,46,1,1,0
4922528,46,1,1,0
1275256,46,1,1,0
1034216,46,1,0,1
1863048,46,1,1,0
3924216,46,1,1,0
7953240,46,1,1,0
454080,46,1,0,1
4450776,46,1,0,1
350000,46,1,0,1
3790752,46,1,1,0
2026936,46,1,1,0
3374440,46,1,0,1
1137736,46,1,0,1
5776568,46,1,1,0
2913816,46,1,0,1
2992144,46,1,1,0
160464,46,1,1,0
251280,46,1,1,0
1821440,46,1,0,1
4828968,46,1,0,1
3206888,46,1,1,0
2144496,46,1,0,1
247816,46,1,1,0
6454816,46,1,0,1
385560,46,1,1,0
1489968,46,1,0,1
2228272,46,1,1,0
6021088,46,1,1,0
860536,46,1,1,0
3338880,46,1,1,0
1655744,46,1,0,1
1809168,46,1,0,1
1405576,46,1,1,0
2647536,46,1,0,1
3112968,46,1,0,1
677512,46,1,1,0
595912,46,1,0,1
2446040,46,1,1,0
3604208,46,1,0,1
2436688,46,1,0,1
1876480,46,1,0,1
1162984,46,1,0,1
2919024,46,1,1,0
4498352,46,1,1,0
185040,46,1,0,1
1615280,46,1,0,1
2123360,46,1,1,0
4382104,46,1,1,0
682264,46,1,0,1
6280696,46,1,1,0
3027944,46,1,1,0
920064,46,1,0,1
434704,46,1,0,1
1504232,46,1,1,0
3340376,46,1,0,1
1558816,46,1,0,1
8126256,46,1,1,0
1008792,46,1,0,1
7554600,46,1,0,1
296760,46,1,0,1
4574416,46,1,0,1
4088216,46,1,1,0
4271456,46,1,1,0
472520,46,1,1,0
858520,46,1,1,0
3401704,46,1,0,1
1394392,46,1,1,0
1693144,46,1,1,0
4067800,46,1,1,0
5373688,46,1,1,0
711328,46,1,0,1
4524888,46,1,0,1
4451800,46,1,1,0
598192,46,1,1,0
2323464,46,1,0,1
5607704,46,1,0,1
2976432,46,1,0,1
579416,46,1,0,1
1431632,46,1,0,1
6468840,46,1,1,0
2697864,46,1,1,0
6510080,46,1,1,0
1573440,46,1,0,1
3474776,46,1,1,0
6613032,46,1,1,0
2719360,46,1,0,1
1456888,46,1,1,0
754448,46,1,0,1
1725536,46,1,1,0
6459344,46,1,0,1
839088,46,1,1,0
558088,46,1,0,1
8010480,46,1,1,0
703672,46,1,1,0
4822232,46,1,0,1
533880,46,1,1,0
3783648,46,1,0,1
1904832,46,1,1,0
7498792,46,1,1,0
8078008,46,1,1,0
6779848,46,1,0,1
2423344,46,1,1,0
1114848,46,1,1,0
3239688,46,1,1,0
5072504,46,1,0,1
2162352,46,1,0,1
1235576,46,1,0,1
752128,46,1,1,0
3533688,46,1,1,0
5455656,46,1,1,0
1477856,46,1,0,1
2107528,46,1,0,1
300488,46,1,0,1
1963008,46,1,1,0
1203848,46,1,0,1
3822640,46,1,0,1
3177472,46,1,1,0
2264936,46,1,1,0
444656,46,1,0,1
2962600,46,1,1,0
4802040,46,1,0,1
775168,46,1,1,0
5855864,46,1,0,1
5391184,46,1,1,0
6741736,46,1,1,0
7331592,46,1,0,1
2232824,46,1,1,0
3888384,46,1,1,0
4784504,46,1,0,1
775728,46,1,0,1
7730704,46,1,1,0
3321152,46,1,0,1
1950424,46,1,1,0
3659712,46,1,0,1
113544,46,1,1,0
1903560,46,1,1,0
4928248,46,1,0,1
5128960,46,1,0,1
3905624,46,1,0,1
4029696,46,1,1,0
6202408,46,1,0,1
705272,46,1,1,0
6672984,46,1,1,0
6222984,46,1,1,0
601680,46,1,0,1
3357208,46,1,0,1
1027720,46,1,1,0
3178640,46,1,0,1
2779600,46,1,0,1
2279360,46,1,0,1
2806584,46,1,0,1
929208,46,1,1,0
686192,46,1,1,0
3429448,46,1,0,1
3257040,46,1,0,1
7296080,46,1,1,0
7222208,46,1,1,0
769808,46,1,1,0
2490928,46,1,0,1
1820624,46,1,0,1
4829920,46,1,0,1
1357960,46,1,1,0
5862384,46,1,0,1
261688,46,1,1,0
744808,46,1,0,1
6248920,46,1,0,1
348120,46,1,0,1
2299800,46,1,1,0
7991064,46,1,1,0
1014488,46,1,1,0
5756696,46,1,1,0
3776464,46,1,0,1
526096,46,1,0,1
1706704,46,1,0,1
2482760,46,1,1,0
1547752,46,1,0,1
534568,46,1,0,1
1904984,46,1,1,0
5972368,46,1,0,1
772384,46,1,0,1
2295552,46,1,0,1
3672704,46,1,0,1
3745192,46,1,1,0
944736,46,1,1,0
747680,46,1,1,0
394600,46,1,0,1
4368968,46,1,0,1
2844304,46,1,0,1
4870496,46,1,1,0
617280,46,1,1,0
2626024,46,1,0,1
1303696,46,1,1,0
7285560,46,1,0,1
3635832,46,1,0,1
1027176,46,1,0,1
4733520,46,1,0,1
7323400,46,1,0,1
7283704,46,1,0,1
8156488,46,1,0,1
1064080,46,1,0,1
1115520,46,1,1,0
7004584,46,1,0,1
4138664,46,1,1,0
3566864,46,1,1,0
4849552,46,1,0,1
1442584,46,1,0,1
6352008,46,1,1,0
1036616,46,1,1,0
2496216,46,1,1,0
4649752,46,1,0,1
4953400,46,1,0,1
1609384,46,1,1,0
6388960,46,1,1,0
5677224,46,1,0,1
3439424,46,1,0,1
328448,46,1,0,1
4058776,46,1,0,1
457816,46,1,0,1
6114808,46,1,0,1
737120,46,1,1,0
1472512,46,1,1,0
1347336,46,1,1,0
2680944,46,1,1,0
6615712,46,1,0,1
2808776,46,1,0,1
851352,46,1,1,0
673776,46,1,1,0
4281352,46,1,1,0
2806088,46,1,0,1
5640240,46,1,1,0
1359136,46,1,1,0
5226512,46,1,1,0
3611056,46,1,1,0
800280,46,1,0,1
3568656,46,1,0,1
2596896,46,1,0,1
6205600,46,1,1,0
4643568,46,1,0,1
2181192,46,1,1,0
575728,46,1,0,1
2401896,46,1,1,0
7511920,46,1,1,0
790624,46,1,0,1
3522888,46,1,0,1
6144240,46,1,0,1
2733648,46,1,1,0
3624008,46,1,0,1
459216,46,1,1,0
926216,46,1,1,0
427064,46,1,0,1
3338280,46,1,1,0
956056,46,1,1,0
1635632,46,1,0,1
1789656,46,1,1,0
291480,46,1,1,0
2945472,46,1,1,0
7583064,46,1,1,0
126392,46,1,1,0
7996176,46,1,1,0
182408,46,1,1,0
2457216,46,1,1,0
5124984,46,1,1,0
2213424,46,1,1,0
1884504,46,1,1,0
918224,46,1,1,0
2879520,46,1,1,0
2430776,46,1,1,0
1375936,46,1,1,0
2258384,46,1,0,1
7286592,46,1,1,0
3570600,46,1,0,1
267888,46,1,1,0
6308064,46,1,0,1
133128,46,1,1,0
4452104,46,1,1,0
6305608,46,1,1,0
4012952,46,1,0,1
779528,46,1,1,0
964928,46,1,0,1
1295920,46,1,0,1
2081856,46,1,0,1
130152,46,1,1,0
6163016,46,1,0,1
3226968,46,1,0,1
348752,46,1,1,0
2513640,46,1,0,1
477984,46,1,0,1
509440,46,1,1,0
3424840,46,1,0,1
1016880,46,1,0,1
136256,46,1,0,1
1562424,46,1,1,0
567872,46,1,0,1
7940944,46,1,0,1
1590216,46,1,1,0
5671240,46,1,1,0
4997000,46,1,1,0
3393272,46,1,1,0
4245896,46,1,0,1
3193008,46,1,0,1
507624,46,1,1,0
7921704,46,1,0,1
8375448,46,1,1,0
1413616,46,1,0,1
1224984,46,1,0,1
355448,46,1,1,0
949824,46,1,1,0
532776,46,1,0,1
3247512,46,1,1,0
6741536,46,1,0,1
1366248,46,1,1,0
2206568,46,1,1,0
1445600,46,1,1,0
130296,46,1,1,0
2910128,46,1,1,0
1546648,46,1,1,0
153360,46,1,0,1
5500648,46,1,1,0
5669128,46,1,0,1
757880,46,1,0,1
315664,47,1,1,0
1240224,47,1,0,1
4050064,47,1,1,0
1043184,47,1,1,0
2215184,47,1,1,0
1737008,47,1,1,0
645976,47,1,1,0
3888272,47,1,1,0
5196984,47,1,0,1
463528,47,1,1,0
1807304,47,1,0,1
6004200,47,1,1,0
360336,47,1,1,0
287000,47,1,1,0
835248,47,1,1,0
2444584,47,1,0,1
3638448,47,1,1,0
4295272,47,1,1,0
2064336,47,1,1,0
2889272,47,1,1,0
406944,47,1,0,1
1855816,47,1,1,0
1126712,47,1,1,0
3627664,47,1,0,1
6908376,47,1,1,0
2215624,47,1,1,0
5777288,47,1,1,0
5451328,47,1,1,0
853216,47,1,0,1
517240,47,1,0,1
613608,47,1,1,0
558096,47,1,0,1
6766672,47,1,0,1
1643280,47,1,1,0
437728,47,1,0,1
2469064,47,1,1,0
7595080,47,1,1,0
3743680,47,1,1,0
347368,47,1,1,0
2449088,47,1,0,1
5104048,47,1,1,0
2037120,47,1,1,0
1179928,47,1,1,0
1308832,47,1,1,0
7141664,47,1,1,0
1221648,47,1,1,0
400000,47,1,0,1
1705152,47,1,0,1
2208120,47,1,0,1
2083544,47,1,1,0
1354584,47,1,1,0
6568136,47,1,0,1
6373072,47,1,1,0
1707632,47,1,0,1
7571352,47,1,1,0
7150360,47,1,1,0
4181840,47,1,1,0
1930720,47,1,0,1
979072,47,1,0,1
1478928,47,1,0,1
3316496,47,1,1,0
6752048,47,1,0,1
691584,47,1,1,0
2978616,47,1,0,1
3594952,47,1,0,1
568920,47,1,0,1
7245376,47,1,1,0
2959008,47,1,0,1
8029392,47,1,0,1
1434760,47,1,0,1
2585096,47,1,1,0
5359624,47,1,1,0
5040224,47,1,1,0
438992,47,1,1,0
1866440,47,1,0,1
3583728,47,1,1,0
4938768,47,1,1,0
253872,47,1,1,0
7127024,47,1,1,0
2423488,47,1,0,1
348920,47,1,1,0
4501264,47,1,0,1
5298024,47,1,1,0
5616072,47,1,1,0
1446088,47,1,0,1
712776,47,1,1,0
54288,47,1,1,0
5197008,47,1,0,1
2442320,47,1,1,0
6703216,47,1,0,1
3720696,47,1,0,1
1921424,47,1,1,0
816224,47,1,1,0
1958168,47,1,1,0
4052400,47,1,1,0
5614448,47,1,0,1
1746296,47,1,0,1
2365128,47,1,1,0
798480,47,1,0,1
756384,47,1,0,1
7521080,47,1,1,0
2520952,47,1,1,0
1831248,47,1,1,0
1226064,47,1,1,0
5566568,47,1,0,1
234472,47,1,1,0
5678960,47,1,0,1
3450536,47,1,1,0
4362344,47,1,1,0
2191192,47,1,0,1
713440,47,1,1,0
768552,47,1,1,0
6858592,47,1,1,0
3273728,47,1,1,0
2177976,47,1,1,0
4637136,47,1,0,1
4434376,47,1,0,1
179144,47,1,1,0
951656,47,1,1,0
391224,47,1,0,1
2020520,47,1,1,0
2540520,47,1,0,1
3490856,47,1,1,0
1071392,47,1,0,1
5002784,47,1,1,0
2978840,47,1,0,1
6059432,47,1,1,0
2282784,47,1,0,1
1424760,47,1,0,1
4107072,47,1,0,1
3268312,47,1,1,0
1035328,47,1,1,0
6326176,47,1,1,0
343080,47,1,1,0
2719456,47,1,0,1
3551344,47,1,0,1
2113448,47,1,1,0
5426528,47,1,0,1
1563464,47,1,1,0
530168,47,1,0,1
2431008,47,1,1,0
4089376,47,1,0,1
3512368,47,1,1,0
1347224,47,1,0,1
1256296,47,1,1,0
1469128,47,1,1,0
1396872,47,1,1,0
497664,47,1,1,0
7888016,47,1,0,1
1373480,47,1,1,0
525112,47,1,1,0
361584,47,1,1,0
8298424,47,1,0,1
2993160,47,1,1,0
2282288,47,1,1,0
1014752,47,1,1,0
1790736,47,1,1,0
1883368,47,1,1,0
7067328,47,1,1,0
699384,47,1,0,1
2962432,47,1,1,0
4171288,47,1,0,1
3507352,47,1,0,1
476456,47,1,0,1
1659536,47,1,1,0
7719184,47,1,1,0
3324832,47,1,1,0
6615920,47,1,1,0
1267216,47,1,0,1
1582896,47,1,1,0
328736,47,1,0,1
1951632,47,1,1,0
6450472,47,1,1,0
3509984,47,1,1,0
5137488,47,1,1,0
3204240,47,1,0,1
3556760,47,1,0,1
822704,47,1,1,0
1758040,47,1,1,0
621728,47,1,1,0
1046240,47,1,0,1
7235992,47,1,0,1
309856,47,1,1,0
1301824,47,1,0,1
1373248,47,1,1,0
4251688,47,1,0,1
4449832,47,1,1,0
2696336,47,1,0,1
3353912,47,1,0,1
6398864,47,1,0,1
1683872,47,1,1,0
2123720,47,1,0,1
995200,47,1,0,1
572848,47,1,0,1
7024672,47,1,0,1
139208,47,1,0,1
1078128,47,1,0,1
738560,47,1,0,1
7717208,47,1,1,0
3849120,47,1,0,1
521896,47,1,1,0
4759888,47,1,1,0
1830512,47,1,0,1
582000,47,1,0,1
271000,47,1,1,0
4512568,47,1,0,1
7102952,47,1,1,0
419216,47,1,0,1
2200528,47,1,1,0
5275800,47,1,0,1
5187448,47,1,0,1
5740240,47,1,1,0
2323272,47,1,0,1
124240,47,1,0,1
793936,47,1,0,1
331216,47,1,1,0
5249232,47,1,0,1
3886264,47,1,1,0
206704,47,1,0,1
718464,47,1,1,0
3501320,47,1,0,1
3439544,47,1,0,1
1316704,47,1,0,1
7568264,47,1,1,0
4439136,47,1,1,0
1045536,47,1,0,1
5234912,47,1,0,1
1249024,47,1,1,0
2109808,47,1,0,1
449120,47,1,0,1
419808,47,1,0,1
1145536,47,1,1,0
2630056,47,1,1,0
3788832,47,1,1,0
3340240,47,1,0,1
2227656,47,1,0,1
838368,47,1,0,1
433312,47,1,1,0
686600,47,1,1,0
5081784,47,1,0,1
8333464,47,1,1,0
2510296,47,1,1,0
3003200,47,1,0,1
6091496,47,1,0,1
3260944,47,1,0,1
6419712,47,1,1,0
3767200,47,1,1,0
7420264,47,1,0,1
524192,47,1,1,0
5496848,47,1,1,0
620896,47,1,0,1
8122448,47,1,1,0
2533928,47,1,1,0
7968056,47,1,1,0
7864424,47,1,1,0
7540216,47,1,1,0
6420112,47,1,1,0
3487912,47,1,1,0
1327272,47,1,0,1
4185864,47,1,0,1
2914776,47,1,0,1
1180096,47,1,1,0
1356096,47,1,0,1
6524784,47,1,1,0
5923504,47,1,1,0
1110240,47,1,1,0
1558080,47,1,1,0
2700712,47,1,1,0
1408616,47,1,1,0
799680,47,1,0,1
6312072,47,1,1,0
278384,47,1,0,1
1133792,47,1,1,0
7777792,47,1,0,1
4124528,47,1,0,1
3138480,47,1,1,0
1400576,47,1,0,1
956944,47,1,0,1
5204144,47,1,1,0
5125568,47,1,1,0
987240,47,1,0,1
905264,47,1,1,0
748784,47,1,1,0
2139056,47,1,1,0
1355472,47,1,1,0
2726608,47,1,1,0
357832,47,1,1,0
6103232,47,1,0,1
749488,47,1,1,0
1062440,47,1,0,1
1193608,47,1,1,0
2915040,47,1,0,1
6427752,47,1,0,1
1753672,47,1,1,0
3711776,47,1,1,0
2415240,47,1,1,0
6918632,47,1,0,1
5122112,47,1,0,1
1657168,47,1,0,1
588336,47,1,1,0
1925968,47,1,1,0
6597288,47,1,0,1
2785240,47,1,0,1
2389704,47,1,0,1
232952,47,1,0,1
871496,47,1,0,1
229384,47,1,1,0
582280,47,1,1,0
872840,47,1,0,1
2886224,47,1,0,1
3978088,47,1,0,1
1172848,47,1,1,0
1174352,47,1,0,1
1547912,47,1,0,1
622000,47,1,0,1
2414968,47,1,0,1
6695448,47,1,0,1
362448,47,1,1,0
3925384,47,1,0,1
6555960,47,1,1,0
2847808,47,1,0,1
495008,47,1,0,1
687920,47,1,0,1
6227472,47,1,0,1
6453360,47,1,0,1
5843408,47,1,1,0
7351984,47,1,0,1
513592,47,1,0,1
1762856,47,1,1,0
698320,47,1,1,0
1024144,47,1,1,0
8355928,47,1,1,0
2384960,47,1,0,1
710808,47,1,1,0
2305296,47,1,0,1
3842608,47,1,0,1
358136,47,1,1,0
312256,47,1,1,0
636528,47,1,0,1
642224,47,1,1,0
867088,47,1,1,0
251792,47,1,0,1
3438888,47,1,1,0
841512,47,1,1,0
669168,47,1,0,1
5215632,47,1,1,0
881960,47,1,1,0
6687416,47,1,0,1
3050264,47,1,1,0
3338728,47,1,0,1
744064,47,1,0,1
5962112,47,1,0,1
6500232,47,1,1,0
652528,47,1,1,0
2518536,47,1,1,0
4524920,47,1,1,0
7515096,47,1,0,1
7598648,47,1,0,1
3964224,47,1,1,0
6182200,47,1,1,0
685664,47,1,1,0
882848,47,1,0,1
8131800,47,1,0,1
4942712,47,1,1,0
5109432,47,1,0,1
812232,47,1,0,1
944688,47,1,0,1
710312,47,1,1,0
5676784,47,1,1,0
371320,47,1,1,0
3557136,47,1,0,1
802880,47,1,1,0
2796536,47,1,1,0
1283376,47,1,0,1
498768,47,1,1,0
5750336,47,1,1,0
1178024,47,1,1,0
3781928,47,1,1,0
3696576,47,1,1,0
2787440,47,1,1,0
1101688,47,1,1,0
558336,47,1,1,0
1278936,47,1,1,0
794424,47,1,1,0
479064,47,1,0,1
8160864,47,1,0,1
547352,47,1,0,1
5163408,47,1,0,1
4507744,47,1,1,0
3806600,47,1,0,1
2737608,47,1,0,1
3634760,47,1,1,0
7193104,47,1,1,0
3032608,47,1,1,0
1815472,47,1,1,0
5400192,47,1,0,1
3951120,47,1,1,0
7161840,47,1,0,1
175560,47,1,0,1
1362856,47,1,0,1
688768,47,1,0,1
357848,47,1,1,0
2110776,47,1,1,0
444576,47,1,0,1
3301240,47,1,0,1
1148336,47,1,1,0
6021976,47,1,0,1
751984,47,1,1,0
4654872,47,1,0,1
1291496,47,1,0,1
4797200,47,1,0,1
250368,47,1,1,0
169320,47,1,1,0
663688,47,1,1,0
623376,47,1,0,1
430504,47,1,1,0
8225632,47,1,1,0
2204488,47,1,1,0
540000,47,1,1,0
2461544,47,1,0,1
1423240,47,1,1,0
4529048,47,1,0,1
531680,47,1,0,1
1016280,47,1,0,1
822016,47,1,0,1
399664,47,1,0,1
3770560,47,1,1,0
3907640,47,1,1,0
1722552,47,1,0,1
1868424,47,1,0,1
2057576,47,1,1,0
2605896,47,1,0,1
1236040,47,1,0,1
5380360,47,1,1,0
1630880,47,1,0,1
1234896,47,1,1,0
3713536,47,1,0,1
2847960,47,1,0,1
7626752,47,1,0,1
3837624,47,1,0,1
7846696,47,1,0,1
2125280,47,1,1,0
8026904,47,1,0,1
783768,47,1,0,1
2454432,47,1,1,0
3809696,47,1,1,0
2761416,47,1,1,0
3808376,47,1,0,1
3205960,47,1,1,0
2562560,47,1,1,0
5707600,47,1,0,1
3403648,47,1,1,0
7756560,47,1,1,0
5065056,47,1,1,0
2840912,47,1,0,1
429264,47,1,1,0
1054912,47,1,1,0
5498096,47,1,0,1
4241560,47,1,1,0
2298152,47,1,1,0
394712,47,1,0,1
7201216,47,1,1,0
230456,47,1,0,1
2887152,47,1,0,1
3986896,47,1,0,1
771600,47,1,0,1
1610456,47,1,0,1
1695856,47,1,0,1
3385608,47,1,1,0
1811056,47,1,0,1
1114672,47,1,0,1
3197128,47,1,1,0
7917776,47,1,1,0
2450808,47,1,0,1
4654288,47,1,1,0
3116776,47,1,0,1
259432,47,1,1,0
7656336,47,1,1,0
250008,47,1,1,0
495992,47,1,1,0
2625024,47,1,0,1
1442400,47,1,1,0
7215744,47,1,0,1
869896,47,1,0,1
3319640,47,1,1,0
5483736,47,1,1,0
3635416,47,1,0,1
6782472,47,1,1,0
187552,47,1,0,1
7187952,47,1,0,1
3724296,47,1,0,1
112744,47,1,1,0
4212360,47,1,1,0
2716144,47,1,0,1
1958904,47,1,1,0
469672,47,1,1,0
3014112,47,1,1,0
8248240,47,1,0,1
8163112,47,1,1,0
754128,47,1,0,1
7226216,47,1,1,0
3705448,47,1,0,1
3793112,47,1,1,0
493520,47,1,0,1
6832648,47,1,1,0
3520328,47,1,1,0
991648,47,1,1,0
3381584,47,1,0,1
3902704,47,1,1,0
1080568,47,1,0,1
2952584,47,1,0,1
3666264,47,1,0,1
3238424,47,1,0,1
5444992,47,1,0,1
1460464,47,1,1,0
3025096,47,1,1,0
240808,47,1,1,0
3640736,47,1,1,0
896744,47,1,0,1
6788704,47,1,1,0
1275408,47,1,1,0
1764824,47,1,0,1
1206152,47,1,0,1
4038192,47,1,0,1
332536,47,1,1,0
113120,47,1,0,1
560400,47,1,0,1
794744,47,1,1,0
3978192,47,1,1,0
333592,47,1,1,0
4457256,47,1,0,1
4237560,47,1,0,1
1744816,47,1,0,1
3515768,47,1,0,1
2954560,47,1,1,0
8254920,47,1,0,1
3027280,47,1,1,0
533336,47,1,0,1
450912,47,1,1,0
4704200,47,1,1,0
1460536,47,1,1,0
1029480,47,1,1,0
4467240,47,1,1,0
1712696,47,1,1,0
3896536,47,1,0,1
1127296,47,1,0,1
8199928,47,1,1,0
1689328,47,1,1,0
1717112,47,1,0,1
4196728,47,1,1,0
428768,47,1,1,0
1368968,47,1,0,1
2160176,47,1,1,0
4301352,47,1,1,0
3002360,47,1,0,1
867832,47,1,1,0
2372216,47,1,1,0
2940776,47,1,0,1
1231088,47,1,1,0
667696,47,1,0,1
885256,47,1,1,0
2036352,47,1,0,1
1716048,47,1,0,1
2610880,47,1,1,0
1601880,47,1,0,1
1136032,47,1,0,1
4692968,47,1,0,1
4482128,47,1,0,1
885304,47,1,1,0
4576704,47,1,1,0
2483328,47,1,1,0
3039304,47,1,1,0
7299184,47,1,1,0
859888,47,1,1,0
2540360,47,1,1,0
6383032,47,1,1,0
5519344,47,1,1,0
1244704,47,1,0,1
7601872,47,1,0,1
509368,47,1,1,0
1895808,47,1,1,0
984328,47,1,1,0
6393096,47,1,1,0
5668168,47,1,0,1
3996448,47,1,1,0
423440,47,1,0,1
2517664,47,1,1,0
2238232,47,1,0,1
4568184,47,1,1,0
2881432,47,1,0,1
6120472,47,1,0,1
4233760,47,1,1,0
400256,47,1,1,0
971728,47,1,1,0
1347640,47,1,1,0
7948784,47,1,0,1
7638056,47,1,0,1
2496272,47,1,1,0
1871168,47,1,0,1
2024768,47,1,0,1
3666472,47,1,0,1
3534304,47,1,0,1
3983776,47,1,1,0
437872,47,1,0,1
1090232,47,1,0,1
733616,47,1,0,1
3248168,47,1,1,0
120840,47,1,1,0
799768,47,1,0,1
603888,47,1,1,0
927264,47,1,0,1
839736,47,1,1,0
1756832,47,1,1,0
511064,47,1,0,1
4666184,47,1,1,0
503656,47,1,0,1
4211984,47,1,1,0
1472440,47,1,1,0
5970416,47,1,0,1
4647320,47,1,1,0
2412216,47,1,1,0
1649976,47,1,0,1
211800,47,1,1,0
815840,47,1,0,1
6735480,47,1,0,1
1945688,47,1,1,0
2277608,47,1,0,1
842632,47,1,0,1
5547064,47,1,0,1
1728296,47,1,1,0
2614152,47,1,0,1
627008,47,1,0,1
1020832,47,1,1,0
5267712,47,1,1,0
270792,47,1,0,1
327192,47,1,1,0
313816,47,1,1,0
1831040,47,1,1,0
1338416,47,1,0,1
1323160,47,1,0,1
2106456,47,1,1,0
6503768,47,1,1,0
687400,47,1,0,1
5824784,47,1,0,1
1793352,47,1,0,1
3249488,47,1,1,0
2286952,47,1,0,1
7118976,47,1,1,0
6366440,47,1,1,0
8255944,47,1,0,1
2561232,47,1,0,1
374888,47,1,1,0
878368,47,1,0,1
2687520,47,1,1,0
500656,47,1,0,1
1045968,47,1,1,0
864512,47,1,1,0
6553312,47,1,1,0
7728296,47,1,1,0
253568,47,1,0,1
1044552,47,1,1,0
2495880,47,1,0,1
8211760,47,1,0,1
3974584,47,1,0,1
7153168,47,1,1,0
225744,47,1,1,0
5344312,47,1,0,1
3308112,47,1,1,0
2655496,47,1,1,0
1306248,47,1,1,0
5608568,47,1,1,0
561648,47,1,1,0
4412104,47,1,0,1
523416,47,1,1,0
2229744,47,1,0,1
2887392,47,1,0,1
5548504,47,1,0,1
4921024,47,1,1,0
1252680,47,1,0,1
524032,47,1,1,0
6020072,47,1,0,1
737328,47,1,1,0
487856,47,1,0,1
3533960,47,1,1,0
4534120,47,1,0,1
4471744,47,1,0,1
2576192,47,1,0,1
7239472,47,1,0,1
5016888,47,1,0,1
994864,47,1,0,1
2927664,47,1,0,1
2665048,47,1,1,0
2851648,47,1,1,0
259704,47,1,1,0
1284968,47,1,0,1
2861872,47,1,0,1
2769576,47,1,1,0
5471936,47,1,1,0
6406120,47,1,0,1
364544,47,1,1,0
1294800,47,1,1,0
2799392,47,1,1,0
6319536,47,1,0,1
332080,47,1,1,0
1027768,47,1,0,1
6490616,47,1,0,1
2485584,47,1,1,0
8096184,47,1,0,1
842464,47,1,1,0
1534184,47,1,1,0
5383640,47,1,0,1
1836928,47,1,0,1
3566264,47,1,0,1
759704,47,1,1,0
3128560,47,1,1,0
3015568,47,1,1,0
7341472,47,1,1,0
1154672,47,1,0,1
843072,47,1,1,0
6506576,47,1,0,1
486088,47,1,1,0
708632,47,1,0,1
129480,47,1,1,0
2371600,47,1,0,1
2533232,47,1,0,1
1764368,47,1,0,1
8111360,47,1,1,0
5633696,47,1,1,0
628576,47,1,0,1
1779528,47,1,0,1
6612048,47,1,0,1
4485040,47,1,1,0
5182792,47,1,0,1
693424,47,1,0,1
2170808,47,1,1,0
6544464,47,1,1,0
2567968,47,1,1,0
3056464,47,1,0,1
701848,47,1,0,1
1538120,47,1,1,0
1899360,47,1,1,0
2820656,47,1,0,1
2335048,47,1,0,1
1418448,47,1,0,1
6492784,47,1,1,0
7232712,47,1,1,0
4023024,47,1,1,0
1313600,47,1,0,1
945104,47,1,0,1
244448,47,1,1,0
1401848,47,1,1,0
2704144,47,1,1,0
5404800,47,1,1,0
4203776,47,1,0,1
2811112,47,1,1,0
682368,47,1,0,1
5802272,47,1,1,0
5831880,47,1,0,1
1794528,47,1,1,0
1116912,47,1,1,0
5168872,47,1,0,1
3167376,47,1,0,1
558768,47,1,0,1
6671176,47,1,0,1
671944,47,1,0,1
1193720,47,1,1,0
1528248,47,1,0,1
335344,47,1,1,0
843792,47,1,0,1
4481592,47,1,0,1
7910408,47,1,1,0
4795400,47,1,0,1
3900904,47,1,1,0
4674320,47,1,0,1
6692616,47,1,0,1
1384872,47,1,1,0
2576080,47,1,0,1
666448,47,1,0,1
5282312,47,1,0,1
7259008,47,1,1,0
8098400,47,1,1,0
394656,47,1,1,0
3046496,47,1,0,1
3041072,47,1,1,0
432632,47,1,0,1
1231504,47,1,1,0
1164456,47,1,0,1
1200600,47,1,0,1
3011728,47,1,1,0
3470392,47,1,0,1
3286928,47,1,0,1
1802536,47,1,0,1
853912,47,1,1,0
1454248,47,1,1,0
319384,47,1,1,0
3272984,47,1,0,1
3449616,47,1,1,0
224552,47,1,1,0
1756712,47,1,0,1
152992,47,1,1,0
2262544,47,1,0,1
1124368,47,1,1,0
3508840,47,1,0,1
2845064,47,1,0,1
2088568,47,1,0,1
4452264,47,1,1,0
1045760,47,1,0,1
383976,47,1,0,1
6976320,47,1,1,0
2539368,47,1,0,1
3247528,47,1,1,0
1111984,47,1,0,1
863768,47,1,0,1
4505816,47,1,1,0
545504,47,1,0,1
5931128,47,1,1,0
6098944,47,1,1,0
937728,47,1,1,0
835864,47,1,0,1
1949488,47,1,1,0
3422168,47,1,0,1
559952,47,1,1,0
322616,47,1,0,1
1175760,47,1,1,0
408560,47,1,1,0
4939696,47,1,1,0
2853752,47,1,1,0
4123832,47,1,0,1
2416808,47,1,0,1
8120568,47,1,0,1
1527208,47,1,0,1
5020872,47,1,0,1
1885616,47,1,0,1
3495864,47,1,0,1
765240,47,1,1,0
1768808,47,1,0,1
2812680,47,1,0,1
3074672,47,1,1,0
926648,47,1,1,0
1541056,47,1,1,0
1323632,47,1,0,1
473744,47,1,0,1
7180064,47,1,0,1
3039688,47,1,1,0
6633808,47,1,0,1
5030320,47,1,0,1
8058680,47,1,1,0
2296360,47,1,1,0
2186664,47,1,0,1
2252784,47,1,0,1
6379424,47,1,1,0
778528,47,1,0,1
7235176,47,1,0,1
1001600,47,1,0,1
3530552,47,1,0,1
377952,47,1,0,1
1839120,47,1,0,1
2653432,47,1,0,1
7132920,47,1,1,0
3623200,47,1,0,1
411264,47,1,0,1
1070680,47,1,1,0
3765600,47,1,1,0
663304,47,1,0,1
6822856,47,1,1,0
313064,47,1,0,1
1429176,47,1,0,1
1680552,47,1,1,0
6221312,47,1,1,0
8268808,47,1,1,0
1177712,47,1,1,0
5121368,47,1,0,1
2530032,47,1,0,1
390696,47,1,0,1
4846824,47,1,0,1
4354120,47,1,0,1
2175368,47,1,0,1
949480,47,1,1,0
1059984,47,1,1,0
7655912,47,1,0,1
3925896,47,1,1,0
2082616,47,1,0,1
833168,47,1,1,0
1173800,47,1,0,1
993688,47,1,1,0
7979800,47,1,0,1
2180056,47,1,0,1
2623304,47,1,1,0
4695344,47,1,1,0
632232,47,1,0,1
850440,47,1,1,0
4041408,47,1,1,0
7927024,47,1,0,1
901816,47,1,1,0
3679000,47,1,1,0
1376400,47,1,0,1
1431720,47,1,0,1
4127144,47,1,0,1
893952,47,1,0,1
4214928,47,1,1,0
2879264,47,1,0,1
711104,47,1,1,0
7929792,47,1,1,0
1084384,47,1,1,0
7078680,47,1,0,1
4038656,47,1,0,1
3008984,47,1,0,1
5114584,47,1,0,1
1503760,47,1,0,1
3071152,47,1,1,0
6865480,47,1,1,0
654552,47,1,1,0
597392,47,1,0,1
1617640,47,1,1,0
1626168,47,1,0,1
945992,47,1,0,1
790928,47,1,0,1
1238280,47,1,0,1
2072520,47,1,0,1
316736,47,1,1,0
609576,47,1,0,1
157160,47,1,1,0
4002008,47,1,1,0
1314800,47,1,1,0
739976,47,1,1,0
570096,47,1,1,0
4719752,47,1,1,0
1205288,47,1,1,0
3531072,47,1,0,1
3305976,47,1,0,1
3908544,47,1,1,0
1148464,47,1,0,1
709208,47,1,1,0
2773424,47,1,0,1
1421712,47,1,1,0
1334152,47,1,0,1
7264168,47,1,1,0
8212152,47,1,0,1
3041280,47,1,0,1
4135448,47,1,1,0
3121320,47,1,0,1
6341184,47,1,0,1
499360,47,1,1,0
8359088,47,1,0,1
2756712,47,1,0,1
715384,47,1,1,0
4491400,47,1,0,1
1491112,47,1,0,1
1558216,47,1,1,0
1657472,47,1,1,0
2324944,47,1,1,0
528480,47,1,1,0
5047672,47,1,1,0
8318304,47,1,1,0
185416,47,1,1,0
4779856,47,1,1,0
990032,47,1,0,1
5485384,47,1,1,0
910832,47,1,0,1
568144,47,1,1,0
4408200,47,1,0,1
7432704,47,1,0,1
8200240,47,1,1,0
226024,47,1,1,0
250408,47,1,0,1
2303808,47,1,1,0
5960712,47,1,1,0
1290616,47,1,0,1
1397072,47,1,0,1
4364632,47,1,1,0
550912,47,1,0,1
2167272,47,1,0,1
3034000,47,1,0,1
1226168,47,1,1,0
1977120,47,1,1,0
2333528,47,1,0,1
7312200,47,1,1,0
2067912,47,1,0,1
143864,47,1,1,0
3984688,47,1,0,1
4088176,47,1,0,1
1166264,47,1,1,0
4132800,47,1,0,1
3584856,47,1,1,0
835208,47,1,0,1
266728,47,1,1,0
1886288,47,1,1,0
4252336,47,1,0,1
5816872,47,1,1,0
4409080,47,1,1,0
1304832,47,1,0,1
390672,47,1,0,1
519280,47,1,1,0
3630016,47,1,1,0
273640,47,1,1,0
213272,47,1,1,0
7424008,47,1,0,1
933344,47,1,1,0
3236832,47,1,0,1
5619840,47,1,0,1
1678136,47,1,0,1
5374336,47,1,0,1
6451216,47,1,1,0
182856,47,1,1,0
6995960,47,1,1,0
5961048,47,1,0,1
712808,47,1,0,1
965040,47,1,1,0
1926592,47,1,1,0
2239936,47,1,0,1
1694448,47,1,1,0
6136144,47,1,0,1
1250848,47,1,1,0
1798456,47,1,0,1
4261472,47,1,0,1
2942424,47,1,1,0
5146944,47,1,1,0
1027744,47,1,0,1
1683072,47,1,1,0
788544,47,1,1,0
1162712,47,1,1,0
2686264,47,1,0,1
1723568,47,1,1,0
5763960,47,1,0,1
1298336,47,1,0,1
2220248,47,1,1,0
5996592,47,1,0,1
1099464,47,1,1,0
721464,47,1,1,0
1404192,47,1,1,0
5953128,47,1,1,0
3697376,47,1,1,0
7318440,47,1,1,0
4551112,47,1,0,1
2648656,47,1,1,0
6110064,47,1,0,1
1749176,47,1,0,1
5603184,47,1,0,1
7745024,47,1,0,1
1794024,47,1,0,1
1901384,47,1,1,0
4936896,47,1,1,0
1071976,47,1,1,0
1919096,47,1,0,1
1159272,47,1,0,1
3066384,47,1,1,0
2757872,47,1,1,0
5822688,47,1,1,0
7336848,47,1,1,0
2605048,47,1,1,0
4005920,47,1,1,0
1624328,47,1,0,1
3704832,47,1,0,1
6113704,47,1,1,0
2449680,47,1,0,1
2345360,47,1,0,1
4900904,47,1,1,0
5707880,47,1,1,0
623664,47,1,0,1
230392,47,1,1,0
3277936,47,1,0,1
8166720,47,1,1,0
5931584,47,1,1,0
817672,47,1,1,0
1470616,47,1,0,1
3064528,47,1,1,0
992496,47,1,0,1
8182280,47,1,0,1
1123880,47,1,1,0
1245344,47,1,0,1
7357288,47,1,0,1
7781552,47,1,0,1
393936,47,1,0,1
4877048,47,1,0,1
218904,47,1,0,1
2391688,47,1,1,0
1113160,47,1,0,1
1278512,47,1,0,1
1016960,47,1,1,0
1235000,47,1,1,0
3088056,47,1,1,0
1573976,47,1,1,0
2936400,47,1,1,0
4608344,47,1,1,0
1402896,47,1,1,0
806872,47,1,0,1
361136,47,1,1,0
1804440,47,1,0,1
7533288,47,1,1,0
5933688,47,1,1,0
4675656,47,1,0,1
2026520,47,1,0,1
8272016,47,1,0,1
5234752,47,1,1,0
5108936,47,1,0,1
1740888,47,1,0,1
422472,47,1,0,1
2109680,47,1,0,1
4013440,47,1,1,0
700680,47,1,0,1
3753712,47,1,0,1
377848,47,1,0,1
3368400,47,1,1,0
456912,47,1,0,1
238320,47,1,0,1
2251936,47,1,1,0
1483920,47,1,0,1
2314104,47,1,0,1
2177584,47,1,1,0
1992560,47,1,0,1
5535448,47,1,1,0
4095792,47,1,1,0
6803984,47,1,1,0
1393456,47,1,1,0
1802720,47,1,0,1
5323376,47,1,1,0
4340896,47,1,0,1
2030816,47,1,1,0
4890168,47,1,1,0
3811368,47,1,1,0
3779600,47,1,0,1
6588520,47,1,1,0
7298136,47,1,1,0
6165688,47,1,0,1
3632672,47,1,1,0
1257064,47,1,0,1
1198616,47,1,0,1
417184,47,1,0,1
2689952,47,1,1,0
675112,47,1,1,0
3884648,47,1,1,0
7499496,47,1,0,1
512192,47,1,0,1
5042056,47,1,0,1
1862896,47,1,0,1
7185848,47,1,1,0
992096,47,1,0,1
7998072,47,1,1,0
562320,47,1,0,1
6273136,47,1,0,1
5578200,47,1,0,1
743360,47,1,1,0
713728,47,1,0,1
1668040,47,1,0,1
5853112,47,1,1,0
4520784,47,1,1,0
809960,47,1,1,0
1902192,47,1,1,0
1624368,47,1,0,1
1589496,47,1,1,0
6456128,47,1,1,0
444488,47,1,1,0
1056416,47,1,0,1
431504,47,1,0,1
1767384,47,1,0,1
1297936,47,1,1,0
7652208,47,1,1,0
485496,47,1,0,1
5052968,47,1,1,0
1456296,47,1,0,1
8361352,47,1,1,0
5377080,47,1,0,1
6660640,47,1,1,0
1929944,47,1,1,0
3904560,47,1,1,0
540440,47,1,0,1
2304888,47,1,1,0
4441600,47,1,0,1
579504,47,1,0,1
592032,47,1,0,1
785032,47,1,1,0
3701800,47,1,1,0
1370776,47,1,0,1
816608,47,1,0,1
3921640,47,1,1,0
314016,47,1,1,0
2076776,47,1,1,0
2503912,47,1,0,1
2824416,47,1,1,0
503448,47,1,0,1
7736872,47,1,0,1
6950760,47,1,1,0
165136,47,1,1,0
1032344,47,1,1,0
6257744,47,1,0,1
6162160,47,1,1,0
1163680,47,1,0,1
4046832,47,1,0,1
913936,47,1,1,0
1151672,47,1,1,0
1678776,47,1,0,1
1507968,47,1,0,1
1066152,47,1,0,1
3317168,47,1,1,0
613320,47,1,0,1
2553024,47,1,0,1
1691768,47,1,0,1
4314944,47,1,1,0
1801800,47,1,0,1
416632,47,1,1,0
618848,47,1,0,1
3657304,47,1,1,0
7768408,47,1,0,1
2759688,47,1,0,1
2593760,47,1,0,1
310776,47,1,1,0
4443264,47,1,1,0
461896,47,1,1,0
6359344,47,1,0,1
474168,47,1,1,0
928504,47,1,0,1
413288,47,1,0,1
5063408,47,1,0,1
6099408,47,1,0,1
4726824,47,1,1,0
1267088,47,1,0,1
6098440,47,1,1,0
4692376,47,1,1,0
1356048,47,1,1,0
2508272,47,1,0,1
4483112,47,1,0,1
6402904,47,1,0,1
781368,47,1,0,1
2117448,47,1,0,1
89992,47,1,1,0
2867936,47,1,0,1
2515232,47,1,1,0
2548816,47,1,0,1
1627336,47,1,1,0
117760,47,1,0,1
2960824,47,1,0,1
468816,47,1,0,1
7011720,47,1,1,0
385872,47,1,1,0
2910784,47,1,1,0
2370288,47,1,0,1
878672,47,1,0,1
2831840,47,1,1,0
6803368,47,1,0,1
7209744,47,1,0,1
1672640,47,1,0,1
3368256,47,1,0,1
1354560,47,1,0,1
454552,47,1,1,0
573784,47,1,1,0
4097784,47,1,1,0
4888944,47,1,0,1
2881032,47,1,0,1
1111616,47,1,0,1
257160,47,1,0,1
2339952,47,1,1,0
1804776,47,1,1,0
341536,47,1,1,0
564608,47,1,1,0
2408120,47,1,0,1
1896864,47,1,1,0
2910952,47,1,1,0
6012192,47,1,0,1
4433032,47,1,0,1
7392080,47,1,1,0
1191952,47,1,1,0
1241352,47,1,0,1
511664,47,1,1,0
1727312,47,1,1,0
2829672,47,1,0,1
367616,47,1,1,0
195152,47,1,1,0
5592024,47,1,1,0
2839256,47,1,0,1
2193064,47,1,0,1
7291624,47,1,0,1
4056576,47,1,1,0
6341824,47,1,1,0
3860128,47,1,1,0
5189288,47,1,1,0
5857064,47,1,1,0
5751344,47,1,0,1
797312,47,1,0,1
623952,47,1,0,1
3363792,47,1,0,1
1188192,47,1,0,1
8010856,47,1,1,0
4799800,47,1,1,0
4303720,47,1,1,0
3434920,47,1,0,1
3517680,47,1,1,0
4346632,47,1,1,0
5171920,47,1,1,0
4818824,47,1,0,1
735008,47,1,1,0
3773896,47,1,0,1
424880,47,1,0,1
6873240,47,1,0,1
558288,47,1,0,1
867144,47,1,0,1
5078976,47,1,1,0
2263192,47,1,1,0
2601520,47,1,0,1
3257800,47,1,0,1
838392,47,1,0,1
1832552,47,1,0,1
2500400,47,1,1,0
3498376,47,1,0,1
2096560,47,1,0,1
7260696,47,1,0,1
907792,47,1,1,0
7397872,47,1,1,0
257032,47,1,1,0
1360728,47,1,0,1
5549496,47,1,0,1
1482280,47,1,0,1
3834040,47,1,0,1
7346560,47,1,1,0
2734416,47,1,0,1
6461664,47,1,0,1
5507056,47,1,0,1
4092904,47,1,1,0
5134056,47,1,1,0
2973016,47,1,0,1
4429680,47,1,1,0
398208,47,1,1,0
942616,47,1,0,1
2932512,47,1,1,0
363968,47,1,1,0
5657432,47,1,1,0
3289584,47,1,1,0
241208,47,1,0,1
775264,47,1,1,0
2023008,47,1,0,1
1955048,47,1,0,1
841992,47,1,0,1
2571832,47,1,1,0
865896,47,1,1,0
494952,47,1,0,1
8338720,47,1,0,1
3549656,47,1,1,0
1327640,47,1,0,1
4565240,47,1,1,0
2275784,47,1,0,1
3048776,47,1,1,0
443472,47,1,0,1
3795200,47,1,0,1
1729416,47,1,0,1
4939600,47,1,0,1
391920,47,1,0,1
5802784,47,1,0,1
567216,47,1,0,1
2237632,47,1,0,1
6044528,47,1,1,0
1782864,47,1,1,0
1818680,47,1,1,0
153312,47,1,0,1
4468200,47,1,0,1
3426136,47,1,1,0
7876384,47,1,0,1
1735840,47,1,0,1
1010216,47,1,1,0
340624,47,1,0,1
1660992,47,1,0,1
4158240,47,1,1,0
3350120,47,1,1,0
234120,47,1,0,1
1958136,47,1,0,1
3668608,47,1,0,1
6613216,47,1,0,1
3298224,47,1,1,0
6642000,47,1,1,0
837704,47,1,1,0
610816,47,1,1,0
954024,47,1,0,1
4910992,47,1,1,0
2643264,47,1,1,0
6953152,47,1,0,1
7455272,47,1,0,1
763048,47,1,1,0
4319016,47,1,0,1
3053304,47,1,1,0
523256,47,1,0,1
479472,47,1,0,1
2669952,47,1,0,1
6668232,47,1,0,1
648464,47,1,1,0
1941936,47,1,0,1
2540856,47,1,1,0
2226680,47,1,0,1
2698288,47,1,0,1
944496,47,1,1,0
413392,47,1,0,1
6612672,47,1,0,1
3388336,47,1,1,0
2287552,47,1,0,1
584728,47,1,0,1
2779912,47,1,0,1
4813560,47,1,0,1
411168,47,1,1,0
5183760,47,1,1,0
2100912,47,1,1,0
6591504,47,1,1,0
5531608,47,1,0,1
3475168,47,1,0,1
2893360,47,1,1,0
3830752,47,1,0,1
652024,47,1,1,0
1041128,47,1,0,1
7784328,47,1,0,1
234896,47,1,0,1
2603040,47,1,0,1
1197208,47,1,1,0
1241224,47,1,1,0
3088336,47,1,0,1
7954504,47,1,1,0
2529920,47,1,0,1
604120,47,1,1,0
2875904,47,1,1,0
595288,47,1,0,1
2270384,47,1,1,0
3408992,47,1,1,0
931312,47,1,0,1
613024,47,1,1,0
1888936,47,1,1,0
3062200,47,1,0,1
7667928,47,1,0,1
1619512,47,1,0,1
5964336,47,1,1,0
1317912,47,1,0,1
7939544,47,1,1,0
757776,47,1,0,1
445296,47,1,0,1
947072,47,1,1,0
2381496,47,1,0,1
362704,47,1,1,0
2980232,47,1,1,0
795392,47,1,1,0
2362088,47,1,1,0
3547896,47,1,1,0
1183320,47,1,1,0
334448,47,1,0,1
6189280,47,1,1,0
3242984,47,1,1,0
353456,47,1,1,0
1376952,47,1,0,1
968464,47,1,0,1
728536,47,1,0,1
2416696,47,1,0,1
921880,47,1,1,0
1970344,47,1,1,0
959600,47,1,0,1
1950544,47,1,0,1
1508048,47,1,0,1
918424,47,1,1,0
576520,47,1,0,1
6929248,47,1,1,0
786448,47,1,0,1
6657880,47,1,1,0
5707504,47,1,1,0
6421528,47,1,0,1
89544,47,1,0,1
3057248,47,1,0,1
8324888,47,1,1,0
3607128,47,1,1,0
4024680,47,1,1,0
2813760,47,1,0,1
5659152,47,1,1,0
7557136,47,1,1,0
1447968,47,1,0,1
6580352,47,1,0,1
3453168,47,1,1,0
1491744,47,1,1,0
6335120,47,1,0,1
657680,47,1,0,1
4879448,47,1,0,1
1203720,47,1,0,1
88384,47,1,0,1
2538328,47,1,0,1
1576744,47,1,0,1
312952,47,1,0,1
1523960,47,1,1,0
1539664,47,1,1,0
2139840,47,1,1,0
1241472,47,1,1,0
5007744,47,1,1,0
1484576,47,1,1,0
2609968,47,1,0,1
686064,47,1,1,0
3015584,47,1,0,1
6291296,47,1,0,1
5200152,47,1,1,0
465320,47,1,0,1
3040480,47,1,0,1
421960,47,1,0,1
4175544,47,1,1,0
2363160,47,1,1,0
8095448,47,1,0,1
627960,47,1,1,0
2104904,47,1,0,1
4594072,47,1,1,0
6799992,47,1,0,1
2703416,47,1,0,1
7873656,47,1,1,0
457912,47,1,0,1
3639104,47,1,0,1
2740952,47,1,0,1
259952,47,1,1,0
2844232,47,1,1,0
4457936,47,1,1,0
1751640,47,1,1,0
588112,47,1,1,0
2022536,47,1,0,1
2986560,47,1,1,0
859480,47,1,0,1
3430816,47,1,1,0
3969816,47,1,0,1
3878864,47,1,1,0
369336,47,1,0,1
4374728,47,1,1,0
1060136,47,1,1,0
2206040,47,1,1,0
463712,47,1,1,0
1822664,47,1,1,0
7565960,47,1,1,0
8160696,47,1,1,0
700976,47,1,0,1
1091464,47,1,1,0
6353544,47,1,1,0
3613216,47,1,0,1
5289632,47,1,1,0
1889432,47,1,1,0
707736,47,1,0,1
687016,47,1,1,0
3066424,47,1,1,0
2062032,47,1,0,1
4749672,47,1,1,0
1846632,47,1,0,1
6439312,47,1,0,1
3162200,47,1,0,1
1854368,47,1,1,0
6084048,47,1,0,1
6895184,47,1,1,0
1418616,47,1,0,1
5762416,47,1,0,1
4433040,47,1,0,1
86496,47,1,1,0
1797360,47,1,1,0
1203184,47,1,0,1
6609384,47,1,1,0
4096680,47,1,1,0
2079440,47,1,0,1
1131432,47,1,0,1
4203664,47,1,1,0
612272,47,1,1,0
1062664,47,1,0,1
3843280,47,1,0,1
1352128,47,1,0,1
317912,47,1,1,0
7106088,47,1,1,0
992192,47,1,1,0
3138824,47,1,0,1
506496,47,1,0,1
7940120,47,1,1,0
2081000,47,1,0,1
2293320,47,1,1,0
5703840,47,1,0,1
1550408,47,1,0,1
822408,47,1,1,0
1779104,47,1,0,1
1424432,47,1,1,0
2959384,47,1,1,0
4521008,47,1,1,0
672888,47,1,0,1
2796152,47,1,1,0
1117504,47,1,1,0
4153120,47,1,1,0
2449168,47,1,1,0
5639240,47,1,1,0
2187224,47,1,1,0
348376,47,1,1,0
370040,47,1,0,1
3293176,47,1,1,0
983712,47,1,1,0
688808,47,1,0,1
1073584,47,1,1,0
2277168,47,1,1,0
4528432,47,1,1,0
7522504,47,1,0,1
1659920,47,1,1,0
3451392,47,1,1,0
5260024,47,1,1,0
5975368,47,1,0,1
3837384,47,1,1,0
1555144,47,1,1,0
1160216,47,1,1,0
3540640,47,1,0,1
737968,47,1,1,0
5236200,47,1,0,1
2760176,47,1,1,0
1589432,47,1,0,1
1061848,47,1,0,1
2582728,47,1,1,0
88032,47,1,1,0
7628640,47,1,1,0
258048,47,1,0,1
4388880,47,1,1,0
2923752,47,1,0,1
506696,47,1,1,0
1173328,47,1,0,1
740856,47,1,0,1
2270080,47,1,0,1
594400,47,1,1,0
981664,47,1,0,1
3009192,47,1,1,0
7641992,47,1,1,0
658432,47,1,1,0
1185576,47,1,1,0
4834528,47,1,1,0
2928416,47,1,1,0
6603624,47,1,1,0
1582280,47,1,0,1
2506032,47,1,0,1
5344584,47,1,1,0
2712960,47,1,0,1
2391568,47,1,1,0
265080,47,1,1,0
1287616,47,1,0,1
1592528,47,1,1,0
247800,47,1,1,0
2056704,47,1,1,0
5236600,47,1,0,1
1872888,47,1,1,0
181640,47,1,1,0
1069040,47,1,0,1
261576,47,1,0,1
3421576,47,1,0,1
483704,47,1,1,0
773392,47,1,0,1
3656688,47,1,1,0
1389344,47,1,1,0
899352,47,1,1,0
356544,47,1,1,0
366576,47,1,1,0
2786056,47,1,0,1
3610072,47,1,0,1
305184,47,1,1,0
3598704,47,1,1,0
1219320,47,1,1,0
817632,47,1,0,1
2420600,47,1,1,0
2733480,47,1,1,0
890240,47,1,0,1
409352,47,1,0,1
44704,47,1,0,1
5203504,47,1,0,1
1903112,47,1,0,1
1243216,47,1,1,0
5226296,47,1,0,1
1055032,47,1,0,1
6406576,47,1,0,1
3740696,47,1,0,1
3192296,47,1,1,0
936200,47,1,0,1
2129520,47,1,1,0
4346528,47,1,1,0
3933024,47,1,1,0
6617296,47,1,1,0
956704,47,1,1,0
5469720,47,1,0,1
825536,47,1,1,0
3650592,47,1,1,0
933560,47,1,1,0
5929336,47,1,0,1
2000824,47,1,0,1
2593352,47,1,0,1
1136568,47,1,0,1
1280856,47,1,1,0
780136,47,1,0,1
8381912,47,1,1,0
6546232,47,1,0,1
2840600,47,1,0,1
5533800,47,1,1,0
3789248,47,1,1,0
1071656,47,1,0,1
7746240,47,1,0,1
988224,47,1,0,1
1202912,47,1,0,1
2706352,47,1,0,1
1042760,47,1,1,0
255016,47,1,0,1
4841560,47,1,0,1
3696416,47,1,1,0
2520272,47,1,1,0
277256,47,1,0,1
1029280,47,1,1,0
5577048,47,1,0,1
3095888,47,1,1,0
4441768,47,1,1,0
2892080,47,1,0,1
888192,47,1,0,1
7317480,47,1,1,0
2798096,47,1,1,0
4995560,47,1,1,0
2588296,47,1,0,1
1237992,47,1,0,1
2050720,47,1,1,0
1700096,47,1,0,1
1794648,47,1,1,0
5292240,47,1,1,0
4795808,47,1,1,0
1866392,47,1,0,1
5491984,47,1,1,0
868112,47,1,1,0
277216,47,1,0,1
372120,47,1,0,1
325152,47,1,0,1
8002840,47,1,0,1
3065392,47,1,1,0
1687184,47,1,0,1
1078160,47,1,1,0
5739664,47,1,0,1
3619984,47,1,0,1
2697320,47,1,1,0
4441816,47,1,1,0
3419808,47,1,1,0
344248,47,1,1,0
2310992,47,1,0,1
817440,47,1,0,1
6765104,47,1,1,0
2318016,47,1,0,1
259824,47,1,1,0
7438792,47,1,0,1
1902128,47,1,0,1
1598976,47,1,1,0
7764784,47,1,1,0
1885480,47,1,0,1
5070752,47,1,1,0
802960,47,1,1,0
955936,47,1,0,1
6115040,47,1,0,1
845136,47,1,0,1
4332232,47,1,0,1
7270240,47,1,1,0
3815872,47,1,0,1
3551480,47,1,0,1
5381544,47,1,1,0
502128,47,1,1,0
222760,47,1,0,1
6334568,47,1,1,0
5185920,47,1,0,1
1400656,47,1,0,1
2263024,47,1,0,1
4873464,47,1,0,1
945120,47,1,1,0
2637464,47,1,1,0
3644640,47,1,1,0
3227976,47,1,1,0
1826888,47,1,1,0
1577880,47,1,1,0
1395488,47,1,1,0
2383592,47,1,1,0
2711504,47,1,1,0
327320,47,1,1,0
3707552,47,1,1,0
2773216,47,1,1,0
4968856,47,1,1,0
7052984,47,1,1,0
5922864,47,1,1,0
2909912,47,1,0,1
2789936,47,1,0,1
3315808,47,1,0,1
1073840,47,1,1,0
4865536,47,1,0,1
996400,47,1,0,1
4012472,47,1,0,1
4400480,47,1,0,1
6619016,47,1,1,0
2995416,47,1,1,0
3898368,47,1,0,1
2223128,47,1,0,1
1855840,47,1,0,1
5376368,47,1,1,0
685168,47,1,1,0
7993432,47,1,1,0
5335016,47,1,1,0
709800,47,1,1,0
190280,47,1,0,1
2628856,47,1,1,0
4219136,47,1,1,0
90632,47,1,0,1
208704,47,1,0,1
2056944,47,1,0,1
374600,47,1,1,0
4603000,47,1,1,0
1595792,47,1,1,0
512472,47,1,0,1
3662016,47,1,0,1
2694720,47,1,1,0
336608,47,1,1,0
7793840,47,1,1,0
140896,47,1,1,0
581496,47,1,0,1
993968,47,1,0,1
5308512,47,1,0,1
2786688,47,1,0,1
1119240,47,1,0,1
4903800,47,1,0,1
5677112,47,1,1,0
1976080,47,1,1,0
939592,47,1,1,0
1219752,47,1,1,0
4714744,47,1,0,1
968168,47,1,1,0
513800,47,1,1,0
273232,47,1,1,0
5177904,47,1,0,1
6566864,47,1,0,1
2551184,47,1,0,1
858432,47,1,0,1
1303976,47,1,1,0
1926648,47,1,0,1
553736,47,1,0,1
1535560,47,1,0,1
2780592,47,1,0,1
857416,47,1,1,0
4942120,47,1,1,0
7001744,47,1,0,1
748256,47,1,0,1
8155328,47,1,0,1
568856,47,1,0,1
1267256,47,1,0,1
1626496,47,1,1,0
538168,47,1,0,1
5801272,47,1,1,0
1794352,47,1,1,0
2991040,47,1,0,1
5974152,47,1,0,1
1397368,47,1,0,1
7423944,47,1,1,0
2231456,47,1,0,1
1886128,47,1,0,1
2324496,47,1,1,0
1994024,47,1,1,0
5720304,47,1,1,0
6785576,47,1,1,0
5499392,47,1,0,1
292296,47,1,1,0
5074328,47,1,1,0
845664,47,1,1,0
2139952,47,1,0,1
399992,47,1,0,1
2129832,47,1,1,0
3888640,47,1,1,0
1196048,47,1,1,0
4490480,47,1,1,0
4180080,47,1,1,0
1464072,47,1,1,0
5545192,47,1,0,1
5506848,47,1,1,0
4424184,47,1,0,1
573432,47,1,0,1
120760,47,1,1,0
580024,47,1,0,1
4059104,47,1,0,1
5938160,47,1,0,1
3414616,47,1,0,1
1636760,47,1,0,1
4876712,47,1,0,1
1103256,47,1,1,0
1930072,47,1,1,0
365456,47,1,0,1
472288,47,1,1,0
2652152,47,1,1,0
4230472,47,1,0,1
3567016,47,1,1,0
1175304,47,1,1,0
3034760,47,1,0,1
1242080,47,1,0,1
5838768,47,1,0,1
2133568,47,1,0,1
2312592,47,1,1,0
3805208,47,1,0,1
121040,47,1,1,0
1454024,47,1,0,1
5477440,47,1,0,1
4950424,47,1,0,1
2014448,47,1,1,0
1758568,47,1,0,1
5484288,47,1,0,1
656440,47,1,1,0
561440,47,1,1,0
5644784,47,1,0,1
7336400,47,1,1,0
368368,47,1,0,1
7716528,47,1,1,0
1064072,47,1,0,1
2100624,47,1,0,1
8056168,47,1,0,1
1353528,47,1,0,1
161840,47,1,1,0
3521448,47,1,0,1
7290000,47,1,1,0
913088,47,1,0,1
1447752,47,1,0,1
999136,47,1,0,1
1203696,48,1,0,1
1244176,48,1,0,1
382880,48,1,1,0
1245536,48,1,1,0
2331968,48,1,0,1
7148600,48,1,0,1
1751784,48,1,0,1
1965992,48,1,0,1
3203144,48,1,1,0
3143128,48,1,0,1
1753232,48,1,0,1
1039424,48,1,1,0
1157344,48,1,0,1
6339256,48,1,1,0
1175912,48,1,0,1
2251464,48,1,1,0
2606072,48,1,0,1
629856,48,1,0,1
1717432,48,1,1,0
3470080,48,1,1,0
1942560,48,1,0,1
6577248,48,1,0,1
2176256,48,1,1,0
3272016,48,1,1,0
561000,48,1,0,1
696000,48,1,0,1
356776,48,1,1,0
4089792,48,1,1,0
6200144,48,1,0,1
370104,48,1,0,1
6185976,48,1,1,0
1277808,48,1,1,0
144704,48,1,1,0
283008,48,1,1,0
506792,48,1,0,1
1385728,48,1,0,1
5572576,48,1,0,1
937864,48,1,1,0
1275600,48,1,1,0
3361040,48,1,0,1
238720,48,1,1,0
1873952,48,1,1,0
376464,48,1,1,0
2475944,48,1,0,1
765608,48,1,0,1
1418592,48,1,0,1
2824504,48,1,0,1
2421112,48,1,1,0
489856,48,1,0,1
3182216,48,1,0,1
7923272,48,1,0,1
5301632,48,1,0,1
3508584,48,1,1,0
499904,48,1,1,0
2272144,48,1,1,0
4172504,48,1,0,1
1967024,48,1,1,0
2324984,48,1,0,1
1173064,48,1,1,0
5326464,48,1,1,0
933488,48,1,1,0
3422448,48,1,1,0
5551808,48,1,1,0
1445560,48,1,1,0
3379256,48,1,1,0
1364400,48,1,0,1
5684144,48,1,1,0
668360,48,1,1,0
2683688,48,1,1,0
8177392,48,1,0,1
8120552,48,1,0,1
1018376,48,1,1,0
2928280,48,1,1,0
1351712,48,1,0,1
5591056,48,1,0,1
246968,48,1,1,0
7162248,48,1,1,0
604864,48,1,0,1
4817440,48,1,0,1
1677944,48,1,1,0
1465992,48,1,1,0
336920,48,1,1,0
5965560,48,1,1,0
799008,48,1,0,1
1022816,48,1,0,1
975576,48,1,1,0
2280760,48,1,1,0
509824,48,1,1,0
2929040,48,1,0,1
7164752,48,1,1,0
5327088,48,1,0,1
2219368,48,1,1,0
3145752,48,1,1,0
722072,48,1,0,1
7381784,48,1,1,0
955272,48,1,1,0
1486768,48,1,1,0
2099952,48,1,0,1
773464,48,1,1,0
1497272,48,1,1,0
1513312,48,1,1,0
215120,48,1,1,0
3505064,48,1,1,0
1406736,48,1,0,1
5891760,48,1,0,1
6803080,48,1,1,0
1624920,48,1,1,0
920512,48,1,1,0
5501832,48,1,0,1
1814408,48,1,0,1
387632,48,1,0,1
7097176,48,1,0,1
6798488,48,1,1,0
1220288,48,1,1,0
735968,48,1,0,1
8195576,48,1,1,0
4170624,48,1,0,1
4090600,48,1,0,1
872304,48,1,0,1
5594928,48,1,0,1
2951136,48,1,0,1
219160,48,1,0,1
979344,48,1,1,0
2093032,48,1,1,0
5222744,48,1,0,1
6721872,48,1,0,1
433768,48,1,0,1
1385624,48,1,0,1
1332048,48,1,1,0
4509832,48,1,1,0
455120,48,1,1,0
776040,48,1,1,0
419616,48,1,0,1
1161568,48,1,0,1
1100440,48,1,0,1
3811072,48,1,1,0
1708856,48,1,1,0
1056280,48,1,1,0
1605944,48,1,0,1
3655400,48,1,0,1
390928,48,1,1,0
940312,48,1,0,1
8235488,48,1,0,1
1178032,48,1,0,1
4730744,48,1,1,0
6630936,48,1,1,0
2155824,48,1,1,0
741240,48,1,0,1
4157280,48,1,0,1
2369112,48,1,0,1
903136,48,1,0,1
2020040,48,1,0,1
871296,48,1,0,1
5495688,48,1,0,1
4560768,48,1,0,1
1960576,48,1,1,0
1773336,48,1,1,0
7540744,48,1,0,1
420992,48,1,0,1
1281880,48,1,0,1
1027200,48,1,1,0
4752144,48,1,0,1
337752,48,1,0,1
2272208,48,1,0,1
3608896,48,1,0,1
5871264,48,1,0,1
1222288,48,1,0,1
1462096,48,1,1,0
1271848,48,1,0,1
1948216,48,1,0,1
7981544,48,1,1,0
1070048,48,1,1,0
1476760,48,1,0,1
3935624,48,1,0,1
6718400,48,1,1,0
1906656,48,1,0,1
2996232,48,1,1,0
2106800,48,1,0,1
2124864,48,1,0,1
5833680,48,1,0,1
6171064,48,1,1,0
6208456,48,1,0,1
2405128,48,1,0,1
1146600,48,1,1,0
6081936,48,1,1,0
3961792,48,1,1,0
355648,48,1,0,1
4211728,48,1,1,0
616440,48,1,1,0
2687768,48,1,0,1
2156984,48,1,0,1
574512,48,1,1,0
314336,48,1,0,1
4565528,48,1,1,0
811744,48,1,0,1
2347304,48,1,1,0
2873176,48,1,0,1
919040,48,1,0,1
4727512,48,1,0,1
2890528,48,1,0,1
1284040,48,1,1,0
7975496,48,1,0,1
3226696,48,1,1,0
2464952,48,1,0,1
355312,48,1,1,0
1091160,48,1,0,1
2856648,48,1,0,1
2381880,48,1,0,1
4786480,48,1,1,0
533832,48,1,0,1
1317056,48,1,0,1
780040,48,1,0,1
1803080,48,1,1,0
335112,48,1,0,1
292416,48,1,1,0
3694120,48,1,1,0
272848,48,1,1,0
2104288,48,1,0,1
3537760,48,1,1,0
3939528,48,1,0,1
3089864,48,1,0,1
2866936,48,1,1,0
6330960,48,1,0,1
5334176,48,1,1,0
998576,48,1,1,0
4632800,48,1,1,0
289096,48,1,1,0
1700200,48,1,1,0
3480936,48,1,0,1
3969344,48,1,0,1
3465080,48,1,0,1
2349624,48,1,0,1
1007712,48,1,1,0
2384320,48,1,0,1
8029720,48,1,1,0
6154936,48,1,0,1
3024056,48,1,1,0
7156240,48,1,1,0
4078680,48,1,1,0
229016,48,1,0,1
276896,48,1,1,0
2197528,48,1,1,0
291944,48,1,0,1
2581720,48,1,0,1
4371488,48,1,0,1
5689728,48,1,1,0
8028320,48,1,0,1
507304,48,1,1,0
5663432,48,1,0,1
1601872,48,1,1,0
7572080,48,1,0,1
5808280,48,1,0,1
2751592,48,1,0,1
1350880,48,1,1,0
4885592,48,1,0,1
4781416,48,1,0,1
1833144,48,1,1,0
676952,48,1,0,1
192632,48,1,0,1
616680,48,1,0,1
6280344,48,1,1,0
78768,48,1,1,0
4637776,48,1,1,0
830360,48,1,1,0
2032056,48,1,0,1
1341592,48,1,1,0
521824,48,1,1,0
2496664,48,1,0,1
5016624,48,1,1,0
1646928,48,1,1,0
655448,48,1,1,0
3685896,48,1,0,1
1334496,48,1,1,0
121048,48,1,1,0
1505160,48,1,0,1
1647720,48,1,1,0
491344,48,1,1,0
2102600,48,1,0,1
6741160,48,1,0,1
2173464,48,1,0,1
8106912,48,1,0,1
1039096,48,1,0,1
3336376,48,1,0,1
350624,48,1,0,1
1259224,48,1,0,1
1198976,48,1,0,1
1271288,48,1,0,1
1088480,48,1,1,0
7565816,48,1,0,1
1449584,48,1,1,0
353816,48,1,1,0
686480,48,1,0,1
410224,48,1,0,1
1281408,48,1,0,1
2851384,48,1,1,0
3804568,48,1,0,1
7650136,48,1,0,1
859160,48,1,0,1
2326344,48,1,0,1
355456,48,1,0,1
1846680,48,1,1,0
3110784,48,1,1,0
513936,48,1,0,1
1934920,48,1,1,0
6176504,48,1,1,0
644376,48,1,1,0
2620296,48,1,0,1
3784360,48,1,0,1
7795752,48,1,0,1
417392,48,1,0,1
6542160,48,1,0,1
2295608,48,1,1,0
2422296,48,1,0,1
2925704,48,1,0,1
1812808,48,1,0,1
247384,48,1,0,1
1114712,48,1,0,1
467288,48,1,1,0
4330400,48,1,0,1
6381632,48,1,0,1
2532888,48,1,0,1
2942872,48,1,1,0
676936,48,1,0,1
4505608,48,1,0,1
1732528,48,1,0,1
1172544,48,1,0,1
638416,48,1,0,1
4862944,48,1,1,0
2114416,48,1,0,1
2857776,48,1,1,0
5932992,48,1,1,0
5265376,48,1,1,0
2248880,48,1,0,1
6024824,48,1,0,1
1158256,48,1,1,0
4968984,48,1,1,0
201912,48,1,0,1
548416,48,1,0,1
210480,48,1,1,0
1404232,48,1,1,0
8061624,48,1,1,0
6431304,48,1,1,0
1407608,48,1,0,1
1303112,48,1,0,1
211640,48,1,0,1
3858176,48,1,1,0
1250368,48,1,0,1
1189560,48,1,0,1
5597136,48,1,1,0
7782824,48,1,0,1
1066288,48,1,1,0
5883968,48,1,0,1
1677280,48,1,1,0
4216368,48,1,1,0
512088,48,1,0,1
7753112,48,1,1,0
971296,48,1,1,0
1253584,48,1,0,1
419896,48,1,0,1
2200792,48,1,0,1
4197616,48,1,0,1
4507296,48,1,1,0
79928,48,1,0,1
897376,48,1,0,1
635464,48,1,1,0
2011440,48,1,1,0
4264928,48,1,0,1
525984,48,1,1,0
1086736,48,1,0,1
3449344,48,1,0,1
8182096,48,1,0,1
2120856,48,1,0,1
2666240,48,1,0,1
3285904,48,1,0,1
2853336,48,1,1,0
1978424,48,1,1,0
430384,48,1,0,1
240744,48,1,1,0
4506176,48,1,0,1
1719840,48,1,1,0
3312728,48,1,0,1
662680,48,1,0,1
6343968,48,1,1,0
1572840,48,1,0,1
4677464,48,1,1,0
4479880,48,1,0,1
459208,48,1,0,1
2388824,48,1,0,1
2798328,48,1,0,1
1913712,48,1,0,1
5624600,48,1,1,0
6241344,48,1,1,0
5925800,48,1,1,0
2181776,48,1,1,0
987648,48,1,0,1
264136,48,1,0,1
6354152,48,1,1,0
857624,48,1,1,0
5654336,48,1,0,1
1990168,48,1,1,0
4907416,48,1,0,1
2841560,48,1,1,0
2500704,48,1,1,0
1665072,48,1,1,0
4193192,48,1,1,0
8173408,48,1,1,0
6101016,48,1,1,0
944552,48,1,1,0
1110144,48,1,0,1
5079160,48,1,1,0
1426032,48,1,1,0
676784,48,1,1,0
3757040,48,1,1,0
1721088,48,1,0,1
481216,48,1,1,0
6241872,48,1,1,0
5568096,48,1,1,0
6862776,48,1,0,1
1266576,48,1,1,0
3317736,48,1,1,0
4326424,48,1,1,0
6140328,48,1,0,1
576968,48,1,0,1
323520,48,1,1,0
490344,48,1,0,1
4436680,48,1,0,1
2962400,48,1,1,0
4219624,48,1,0,1
2628400,48,1,1,0
159664,48,1,0,1
6986832,48,1,1,0
2449360,48,1,0,1
5967040,48,1,0,1
4119816,48,1,1,0
1603552,48,1,0,1
6434040,48,1,1,0
3140160,48,1,0,1
4208472,48,1,1,0
7170712,48,1,1,0
7052056,48,1,1,0
1161216,48,1,1,0
4103280,48,1,1,0
6844960,48,1,0,1
4452168,48,1,0,1
57736,48,1,0,1
6471856,48,1,1,0
5579640,48,1,1,0
1712952,48,1,1,0
2934880,48,1,1,0
2241536,48,1,1,0
7882744,48,1,1,0
197488,48,1,0,1
2074792,48,1,1,0
1798136,48,1,0,1
6246072,48,1,1,0
3011704,48,1,0,1
869376,48,1,1,0
1509672,48,1,0,1
5780192,48,1,1,0
464392,48,1,1,0
2321744,48,1,0,1
5863528,48,1,1,0
2524432,48,1,0,1
772160,48,1,1,0
6660664,48,1,0,1
1776080,48,1,1,0
1225712,48,1,0,1
3284048,48,1,0,1
1360672,48,1,1,0
1884448,48,1,0,1
6987872,48,1,1,0
4747168,48,1,1,0
715536,48,1,0,1
7424112,48,1,0,1
719360,48,1,1,0
1581544,48,1,1,0
1998592,48,1,1,0
2305880,48,1,0,1
1628856,48,1,1,0
5809256,48,1,0,1
2114584,48,1,1,0
1415384,48,1,0,1
1761576,48,1,1,0
1603648,48,1,0,1
1583720,48,1,0,1
4395488,48,1,0,1
372248,48,1,1,0
3663824,48,1,1,0
6310840,48,1,1,0
2288232,48,1,0,1
2378072,48,1,0,1
4363656,48,1,0,1
4142664,48,1,0,1
572912,48,1,0,1
6745000,48,1,0,1
3287872,48,1,0,1
1325040,48,1,1,0
708616,48,1,0,1
1318584,48,1,1,0
5137416,48,1,1,0
377160,48,1,0,1
150032,48,1,1,0
1838544,48,1,1,0
2219488,48,1,1,0
880624,48,1,0,1
3806848,48,1,1,0
705576,48,1,1,0
953824,48,1,0,1
4203808,48,1,0,1
846800,48,1,0,1
183024,48,1,1,0
920936,48,1,0,1
1951576,48,1,1,0
2179376,48,1,0,1
7056160,48,1,1,0
2323816,48,1,0,1
1811088,48,1,1,0
3844040,48,1,0,1
4681344,48,1,1,0
307288,48,1,1,0
2472400,48,1,0,1
2595456,48,1,1,0
913520,48,1,1,0
1522024,48,1,1,0
217912,48,1,0,1
2828384,48,1,0,1
5189200,48,1,1,0
4281920,48,1,0,1
440216,48,1,0,1
5004240,48,1,0,1
3192496,48,1,1,0
1259312,48,1,0,1
4956984,48,1,0,1
656936,48,1,1,0
712880,48,1,0,1
6068624,48,1,0,1
1877248,48,1,0,1
2606376,48,1,0,1
714960,48,1,1,0
1299936,48,1,1,0
293920,48,1,0,1
6171296,48,1,1,0
8184248,48,1,0,1
2538000,48,1,1,0
274392,48,1,1,0
2046776,48,1,0,1
2335368,48,1,1,0
5207936,48,1,0,1
5666992,48,1,1,0
501528,48,1,0,1
8102368,48,1,0,1
945752,48,1,0,1
174400,48,1,1,0
2586928,48,1,1,0
2426352,48,1,0,1
6356760,48,1,0,1
1722256,48,1,0,1
791352,48,1,1,0
2780552,48,1,0,1
869064,48,1,1,0
3491248,48,1,1,0
7407144,48,1,0,1
3845488,48,1,1,0
2174728,48,1,1,0
3568936,48,1,1,0
7954216,48,1,1,0
7159432,48,1,1,0
7089704,48,1,0,1
780968,48,1,1,0
4995152,48,1,1,0
4150000,48,1,0,1
562496,48,1,0,1
5464688,48,1,1,0
7954768,48,1,1,0
3666536,48,1,1,0
606464,48,1,0,1
2420248,48,1,1,0
5527024,48,1,1,0
5707592,48,1,1,0
415416,48,1,0,1
234232,48,1,0,1
1189416,48,1,0,1
1142168,48,1,0,1
3524888,48,1,0,1
960584,48,1,0,1
1074464,48,1,1,0
4926464,48,1,1,0
6886344,48,1,0,1
7694400,48,1,0,1
3622928,48,1,1,0
2440728,48,1,0,1
994856,48,1,1,0
2892984,48,1,0,1
1205992,48,1,0,1
4697800,48,1,1,0
3688728,48,1,1,0
6559544,48,1,0,1
1403512,48,1,0,1
4727504,48,1,1,0
318160,48,1,0,1
261424,48,1,0,1
141864,48,1,1,0
1601856,48,1,1,0
841232,48,1,1,0
2427320,48,1,1,0
344632,48,1,0,1
439352,48,1,1,0
605456,48,1,1,0
7101296,48,1,1,0
1770864,48,1,1,0
887040,48,1,1,0
2618848,48,1,1,0
250184,48,1,1,0
6745096,48,1,0,1
2008584,48,1,1,0
1288120,48,1,1,0
668240,48,1,1,0
1784616,48,1,0,1
1184640,48,1,1,0
3639552,48,1,0,1
317960,48,1,1,0
2904736,48,1,1,0
5805184,48,1,1,0
1175752,48,1,1,0
3200736,48,1,0,1
3121048,48,1,1,0
1420456,48,1,1,0
1307392,48,1,1,0
256688,48,1,1,0
6040376,48,1,1,0
1744736,48,1,1,0
5997072,48,1,0,1
797768,48,1,0,1
689632,48,1,1,0
539272,48,1,1,0
2795280,48,1,0,1
1994184,48,1,1,0
2256928,48,1,0,1
5612648,48,1,0,1
1857152,48,1,1,0
279328,48,1,1,0
1051408,48,1,0,1
1280568,48,1,1,0
7348048,48,1,1,0
1061720,48,1,1,0
1404440,48,1,1,0
3925200,48,1,0,1
2265432,48,1,1,0
3976176,48,1,1,0
6284928,48,1,0,1
2420736,48,1,0,1
207736,48,1,1,0
208512,48,1,1,0
372624,48,1,1,0
644112,48,1,1,0
3094120,48,1,1,0
7045480,48,1,1,0
1186192,48,1,1,0
1331560,48,1,0,1
3622488,48,1,1,0
2030120,48,1,0,1
4965912,48,1,0,1
616744,48,1,1,0
2217088,48,1,1,0
3015136,48,1,1,0
2571328,48,1,0,1
331752,48,1,0,1
5684128,48,1,0,1
5593168,48,1,1,0
6492704,48,1,1,0
1788184,48,1,0,1
5402040,48,1,0,1
7201384,48,1,1,0
6813840,48,1,0,1
3616984,48,1,0,1
2218352,48,1,1,0
5947880,48,1,0,1
8021008,48,1,1,0
2043672,48,1,1,0
4403128,48,1,1,0
3532456,48,1,0,1
1666984,48,1,0,1
2851136,48,1,0,1
5473264,48,1,0,1
486376,48,1,0,1
4846168,48,1,1,0
3458880,48,1,1,0
888440,48,1,1,0
611776,48,1,1,0
5493848,48,1,0,1
1558912,48,1,1,0
6644016,48,1,1,0
1028280,48,1,0,1
516208,48,1,0,1
2330624,48,1,0,1
5186680,48,1,0,1
449216,48,1,1,0
4026392,48,1,0,1
8277128,48,1,1,0
3658520,48,1,1,0
6202944,48,1,1,0
2036432,48,1,0,1
5619176,48,1,0,1
732440,48,1,0,1
1505368,48,1,1,0
813480,48,1,0,1
4675000,48,1,0,1
5422264,48,1,1,0
4906512,48,1,0,1
3044376,48,1,0,1
3335600,48,1,0,1
422936,48,1,1,0
1790456,48,1,1,0
1286648,48,1,0,1
2539944,48,1,0,1
801304,48,1,0,1
2316536,48,1,1,0
6499896,48,1,1,0
6334320,48,1,0,1
4864552,48,1,1,0
5044776,48,1,1,0
568168,48,1,0,1
3671232,48,1,0,1
5058808,48,1,1,0
1546952,48,1,0,1
776288,48,1,0,1
3667576,48,1,0,1
1579968,48,1,0,1
4263872,48,1,1,0
1246256,48,1,1,0
2165976,48,1,0,1
1809272,48,1,0,1
538392,48,1,0,1
2238368,48,1,1,0
849624,48,1,0,1
564144,48,1,0,1
2089160,48,1,0,1
7141248,48,1,1,0
4480752,48,1,1,0
175648,48,1,0,1
2456952,48,1,0,1
1122160,48,1,1,0
1142824,48,1,0,1
107840,48,1,1,0
7172408,48,1,1,0
3700144,48,1,1,0
1130384,48,1,0,1
6707864,48,1,1,0
1739136,48,1,0,1
1440312,48,1,0,1
901656,48,1,0,1
7422136,48,1,1,0
6049056,48,1,0,1
299376,48,1,1,0
562008,48,1,0,1
830344,48,1,0,1
1593856,48,1,0,1
862216,48,1,0,1
1047784,48,1,1,0
369040,48,1,1,0
3595688,48,1,1,0
727976,48,1,1,0
575568,48,1,1,0
4133632,48,1,0,1
1341688,48,1,1,0
886616,48,1,1,0
2868784,48,1,1,0
2212120,48,1,1,0
4782392,48,1,0,1
6923056,48,1,1,0
1914560,48,1,1,0
6760336,48,1,1,0
1149592,48,1,1,0
437392,48,1,0,1
667592,48,1,1,0
3331800,48,1,0,1
679136,48,1,0,1
1434896,48,1,1,0
828440,48,1,1,0
706088,48,1,1,0
1443000,48,1,1,0
2470168,48,1,1,0
1825880,48,1,0,1
463936,48,1,0,1
1022768,48,1,0,1
1111864,48,1,0,1
4080880,48,1,0,1
2102080,48,1,0,1
3114416,48,1,1,0
5453008,48,1,0,1
1005112,48,1,1,0
3591592,48,1,1,0
793688,48,1,1,0
2390720,48,1,1,0
784512,48,1,1,0
586944,48,1,0,1
4143592,48,1,1,0
3844184,48,1,0,1
791584,48,1,0,1
1556160,48,1,0,1
2945560,48,1,1,0
1069208,48,1,1,0
244952,48,1,0,1
772552,48,1,0,1
5743056,48,1,0,1
1241424,48,1,0,1
1317792,48,1,0,1
1186912,48,1,1,0
723232,48,1,0,1
4535304,48,1,1,0
1784112,48,1,0,1
6299848,48,1,0,1
2140384,48,1,1,0
738312,48,1,0,1
1232176,48,1,0,1
3854648,48,1,0,1
357112,48,1,0,1
263336,48,1,1,0
265544,48,1,0,1
5567744,48,1,1,0
3742944,48,1,1,0
2588400,48,1,0,1
1711488,48,1,0,1
2935152,48,1,0,1
626128,48,1,1,0
6064152,48,1,1,0
619664,48,1,0,1
5910536,48,1,0,1
930616,48,1,0,1
7892864,48,1,0,1
208560,48,1,1,0
4463968,48,1,0,1
141576,48,1,1,0
6328992,48,1,0,1
1037376,48,1,1,0
1433064,48,1,1,0
7041832,48,1,1,0
627824,48,1,0,1
1409344,48,1,1,0
922064,48,1,1,0
7156656,48,1,0,1
7238472,48,1,0,1
1854432,48,1,1,0
702936,48,1,0,1
2226648,48,1,1,0
2303560,48,1,1,0
4690712,48,1,0,1
4371384,48,1,1,0
1189448,48,1,0,1
339072,48,1,1,0
90704,48,1,0,1
551176,48,1,1,0
104984,48,1,0,1
542424,48,1,0,1
615672,48,1,1,0
2182400,48,1,1,0
7727048,48,1,1,0
3597872,48,1,0,1
2096936,48,1,1,0
2860112,48,1,1,0
7707336,48,1,0,1
1091664,48,1,1,0
2854328,48,1,0,1
995768,48,1,1,0
2011848,48,1,1,0
2963192,48,1,0,1
4907328,48,1,1,0
2475192,48,1,1,0
2552480,48,1,0,1
6315576,48,1,0,1
663160,48,1,0,1
7894440,48,1,1,0
3453440,48,1,0,1
2581656,48,1,0,1
892328,48,1,0,1
2047920,48,1,1,0
1871832,48,1,1,0
208376,48,1,1,0
1239192,48,1,1,0
3872280,48,1,0,1
5805112,48,1,0,1
4342944,48,1,0,1
4584512,48,1,0,1
8204504,48,1,0,1
2255488,48,1,0,1
608216,48,1,0,1
8069472,48,1,0,1
1083016,48,1,1,0
4046560,48,1,0,1
1323024,48,1,0,1
1969608,48,1,0,1
6406928,48,1,0,1
2222472,48,1,0,1
464264,48,1,0,1
721928,48,1,0,1
3418296,48,1,1,0
1166288,48,1,1,0
2882088,48,1,1,0
6089168,48,1,1,0
1147528,48,1,1,0
4738080,48,1,1,0
3407792,48,1,1,0
2841624,48,1,1,0
4584744,48,1,0,1
7379880,48,1,1,0
560784,48,1,0,1
2373336,48,1,0,1
1321544,48,1,0,1
423200,48,1,0,1
2952416,48,1,1,0
1845408,48,1,0,1
1029720,48,1,0,1
1796744,48,1,1,0
4495664,48,1,0,1
3693104,48,1,0,1
3232096,48,1,0,1
2439512,48,1,0,1
5780576,48,1,1,0
6508800,48,1,1,0
6578048,48,1,0,1
468120,48,1,1,0
3017192,48,1,0,1
873848,48,1,0,1
658408,48,1,1,0
7309928,48,1,0,1
5872152,48,1,0,1
7886168,48,1,0,1
1320640,48,1,1,0
607296,48,1,0,1
766112,48,1,1,0
7422672,48,1,0,1
928272,48,1,0,1
6303088,48,1,0,1
6114008,48,1,1,0
5195272,48,1,0,1
2174424,48,1,0,1
4348904,48,1,1,0
1351616,48,1,1,0
226864,48,1,0,1
7147832,48,1,1,0
7323928,48,1,1,0
7032248,48,1,0,1
4206312,48,1,0,1
4425440,48,1,0,1
4992184,48,1,1,0
2223376,48,1,1,0
3487448,48,1,1,0
1577224,48,1,1,0
4710464,48,1,0,1
5700584,48,1,1,0
719392,48,1,1,0
3927928,48,1,0,1
1781312,48,1,1,0
2927568,48,1,1,0
7958272,48,1,1,0
3899408,48,1,0,1
2449536,48,1,1,0
7925960,48,1,0,1
531312,48,1,0,1
4070512,48,1,0,1
4991464,48,1,0,1
2796064,48,1,0,1
4289552,48,1,1,0
3491096,48,1,1,0
961224,48,1,1,0
891864,48,1,1,0
6165864,48,1,1,0
5347680,48,1,1,0
2541840,48,1,1,0
5837000,48,1,1,0
7629352,48,1,1,0
947032,48,1,1,0
6303864,48,1,0,1
7880680,48,1,1,0
3022520,48,1,1,0
4661800,48,1,1,0
736800,48,1,0,1
1538520,48,1,1,0
6365584,48,1,1,0
1646032,48,1,0,1
590384,48,1,0,1
563232,48,1,1,0
243920,48,1,0,1
546720,48,1,1,0
4276424,48,1,0,1
1534280,48,1,1,0
5667776,48,1,0,1
6896096,48,1,1,0
3114368,48,1,0,1
1688552,48,1,0,1
7078376,48,1,1,0
1747248,48,1,0,1
558320,48,1,0,1
3208320,48,1,1,0
897656,48,1,1,0
1178320,48,1,0,1
1197960,48,1,1,0
989800,48,1,1,0
1528896,48,1,1,0
3280464,48,1,1,0
181104,48,1,0,1
3480408,48,1,1,0
8252024,48,1,0,1
5771688,48,1,0,1
5860872,48,1,0,1
2625152,48,1,0,1
5767384,48,1,1,0
6924152,48,1,0,1
986648,48,1,1,0
7313936,48,1,1,0
238584,48,1,1,0
4278496,48,1,0,1
1863408,48,1,0,1
564720,48,1,1,0
3163760,48,1,1,0
5390496,48,1,1,0
516160,48,1,1,0
6846480,48,1,0,1
4612560,48,1,1,0
2095416,48,1,0,1
1125864,48,1,1,0
5568616,48,1,1,0
356024,48,1,0,1
792792,48,1,0,1
4636368,48,1,1,0
790824,48,1,1,0
2346104,48,1,0,1
1356392,48,1,0,1
796400,48,1,0,1
2444680,48,1,1,0
6076720,48,1,1,0
3944168,48,1,1,0
1388280,48,1,1,0
1689760,48,1,1,0
2862224,48,1,1,0
6094184,48,1,0,1
4167944,48,1,0,1
1297640,48,1,0,1
4830656,48,1,0,1
5139296,48,1,0,1
4345360,48,1,1,0
1313920,48,1,0,1
6130728,48,1,1,0
3685368,48,1,1,0
2769048,48,1,0,1
636024,48,1,1,0
5111040,48,1,1,0
8020984,48,1,0,1
5500600,48,1,0,1
3199744,48,1,1,0
5848112,48,1,0,1
3244656,48,1,1,0
3246936,48,1,0,1
6254528,48,1,0,1
681448,48,1,0,1
500336,48,1,1,0
8273632,48,1,0,1
778280,48,1,1,0
2457296,48,1,0,1
1813000,48,1,1,0
3075824,48,1,0,1
250992,48,1,0,1
421504,48,1,0,1
6314120,48,1,0,1
1587168,48,1,1,0
1356176,48,1,0,1
5294904,48,1,0,1
238448,48,1,0,1
5076776,48,1,0,1
7473312,48,1,1,0
360416,48,1,0,1
6879448,48,1,0,1
2286760,48,1,1,0
2944816,48,1,0,1
748120,48,1,1,0
1034472,48,1,1,0
1930800,48,1,1,0
2909008,48,1,0,1
3239032,48,1,0,1
621816,48,1,1,0
598744,48,1,1,0
3063440,48,1,0,1
1390392,48,1,1,0
1522808,48,1,0,1
942008,48,1,1,0
2785872,48,1,1,0
7070632,48,1,1,0
1347280,48,1,0,1
5343880,48,1,1,0
950680,48,1,0,1
2576936,48,1,1,0
1057400,48,1,0,1
1257112,48,1,1,0
727088,48,1,0,1
7928584,48,1,0,1
1935576,48,1,1,0
4146624,48,1,0,1
264424,48,1,0,1
1431336,48,1,0,1
821824,48,1,0,1
5802904,48,1,1,0
1942856,48,1,0,1
2085872,48,1,1,0
3856640,48,1,1,0
703496,48,1,1,0
1752376,48,1,0,1
959768,48,1,0,1
2273784,48,1,1,0
6073424,48,1,1,0
541112,48,1,0,1
7301800,48,1,1,0
7000464,48,1,1,0
1635216,48,1,1,0
226704,48,1,0,1
812392,48,1,1,0
369288,48,1,0,1
1427600,48,1,1,0
2116904,48,1,0,1
1492000,48,1,1,0
3804480,48,1,0,1
509336,48,1,0,1
1716096,48,1,1,0
393408,48,1,1,0
3717544,48,1,0,1
1903480,48,1,1,0
3603656,48,1,1,0
5048016,48,1,0,1
8202360,48,1,1,0
1032672,48,1,0,1
3679336,48,1,0,1
6776896,48,1,0,1
1229560,48,1,1,0
708128,48,1,1,0
8194896,48,1,1,0
7730248,48,1,1,0
1834944,48,1,1,0
316936,48,1,0,1
6874048,48,1,0,1
3484016,48,1,1,0
3474472,48,1,0,1
6413704,48,1,1,0
584696,48,1,1,0
2623200,48,1,1,0
1482616,48,1,1,0
351848,48,1,0,1
2392008,48,1,0,1
6751848,48,1,1,0
714400,48,1,1,0
5673368,48,1,1,0
1488984,48,1,1,0
1115864,48,1,0,1
5406520,48,1,1,0
2054784,48,1,1,0
5681296,48,1,0,1
5188032,48,1,1,0
5816096,48,1,1,0
3045128,48,1,0,1
5167576,48,1,1,0
2634608,48,1,1,0
2620872,48,1,1,0
2012064,48,1,1,0
861496,48,1,0,1
3121248,48,1,1,0
2517616,48,1,0,1
5498728,48,1,0,1
522672,48,1,1,0
5807744,48,1,1,0
3240128,48,1,1,0
2133744,48,1,0,1
4163536,48,1,1,0
2720152,48,1,0,1
7151576,48,1,1,0
7342344,48,1,1,0
1324696,48,1,0,1
8050104,48,1,0,1
2465840,48,1,1,0
929600,48,1,0,1
3625200,48,1,1,0
4206984,48,1,1,0
5534648,48,1,0,1
8346032,48,1,0,1
1752544,48,1,0,1
2039016,48,1,0,1
2465720,48,1,0,1
1990280,48,1,0,1
2804624,48,1,0,1
3512512,48,1,1,0
2638032,48,1,0,1
679960,48,1,0,1
171000,48,1,0,1
1835040,48,1,0,1
389096,48,1,0,1
1448272,48,1,0,1
3176648,48,1,0,1
860552,48,1,0,1
5507984,48,1,1,0
5296088,48,1,0,1
1270880,48,1,0,1
1171760,48,1,0,1
4418024,48,1,1,0
3694168,48,1,0,1
2109104,48,1,1,0
8198840,48,1,0,1
1284816,48,1,1,0
5632264,48,1,1,0
1586640,48,1,1,0
3903400,48,1,0,1
8129368,48,1,0,1
7869456,48,1,0,1
5634064,48,1,1,0
1248624,48,1,1,0
593016,48,1,1,0
5966384,48,1,0,1
2925040,48,1,0,1
2470632,48,1,1,0
762248,48,1,1,0
8251304,48,1,1,0
7958400,48,1,1,0
4624840,48,1,0,1
3161704,48,1,0,1
2665640,48,1,1,0
562864,48,1,1,0
7821824,48,1,0,1
5990192,48,1,1,0
5649496,48,1,0,1
2633264,48,1,1,0
4361560,48,1,1,0
5195968,48,1,1,0
801488,48,1,1,0
661072,48,1,1,0
5584016,48,1,1,0
3686920,48,1,0,1
260304,48,1,0,1
1727608,48,1,1,0
5831512,48,1,1,0
6748392,48,1,1,0
1312464,48,1,1,0
2318248,48,1,1,0
1936552,48,1,0,1
4875760,48,1,1,0
3675688,48,1,0,1
3974768,48,1,0,1
321096,48,1,0,1
3177936,48,1,1,0
7174400,48,1,1,0
3481144,48,1,0,1
6485232,48,1,0,1
2256208,48,1,1,0
3222744,48,1,1,0
5772104,48,1,0,1
2073816,48,1,1,0
1522032,48,1,1,0
2837464,48,1,0,1
1097432,48,1,1,0
3501136,48,1,1,0
699568,48,1,1,0
437912,48,1,1,0
252104,48,1,1,0
4201040,48,1,0,1
2487160,48,1,1,0
1551880,48,1,1,0
3883280,48,1,0,1
5228760,48,1,1,0
400624,48,1,1,0
885648,48,1,0,1
5579160,48,1,0,1
2732504,48,1,1,0
3769040,48,1,0,1
5757520,48,1,0,1
1736504,48,1,1,0
5681048,48,1,0,1
1765504,48,1,1,0
1822208,48,1,1,0
6846264,48,1,1,0
4687312,48,1,1,0
4424784,48,1,0,1
2673336,48,1,0,1
1987648,48,1,1,0
2074600,48,1,0,1
3082872,48,1,1,0
2731592,48,1,0,1
5702584,48,1,1,0
4972064,48,1,0,1
6752576,48,1,0,1
1991912,48,1,1,0
573728,48,1,0,1
1053032,48,1,0,1
1255384,48,1,0,1
1817064,48,1,1,0
3420856,48,1,1,0
984120,48,1,1,0
272000,48,1,0,1
6079464,48,1,1,0
472280,48,1,1,0
186128,48,1,1,0
4994072,48,1,1,0
5649416,48,1,0,1
7667896,48,1,1,0
1173936,48,1,0,1
1361888,48,1,1,0
4887208,48,1,0,1
325216,48,1,0,1
1344096,48,1,1,0
3554592,48,1,0,1
5229600,48,1,1,0
5282248,48,1,0,1
830848,48,1,0,1
2655520,48,1,0,1
6436336,48,1,1,0
3712128,48,1,0,1
4339776,48,1,0,1
2351832,48,1,0,1
644872,48,1,1,0
4303280,48,1,1,0
714984,48,1,0,1
6525568,48,1,1,0
5715232,48,1,1,0
1841304,48,1,0,1
7945248,48,1,0,1
3798704,48,1,1,0
2540576,48,1,1,0
1015160,48,1,1,0
6369184,48,1,0,1
2042960,48,1,1,0
271080,48,1,0,1
5786016,48,1,0,1
3664520,48,1,0,1
517768,48,1,0,1
897960,48,1,0,1
3597616,48,1,0,1
1744288,48,1,0,1
7122584,48,1,0,1
883976,48,1,1,0
626800,48,1,1,0
5255344,48,1,0,1
402120,48,1,0,1
5268664,48,1,0,1
712248,48,1,0,1
7261656,48,1,0,1
981616,48,1,0,1
5530336,48,1,1,0
2181552,48,1,0,1
485312,48,1,1,0
3857776,48,1,1,0
3242584,48,1,1,0
6200520,48,1,0,1
867656,48,1,1,0
751976,48,1,0,1
682176,48,1,1,0
1132576,48,1,1,0
1890360,48,1,0,1
2410872,48,1,0,1
2496696,48,1,1,0
3616160,48,1,0,1
1269536,48,1,0,1
1068024,48,1,1,0
2313320,48,1,0,1
931720,48,1,1,0
7343320,48,1,0,1
534896,48,1,0,1
5662976,48,1,0,1
548904,48,1,1,0
8132560,48,1,0,1
522960,48,1,0,1
2017800,48,1,1,0
888544,48,1,1,0
1395536,48,1,1,0
2860688,48,1,1,0
1936320,48,1,1,0
5804088,48,1,0,1
7586368,48,1,1,0
596424,48,1,0,1
4290576,48,1,1,0
406736,48,1,0,1
607392,48,1,0,1
2500632,48,1,1,0
3472808,48,1,1,0
4088832,48,1,0,1
7749224,48,1,0,1
1284768,48,1,0,1
787152,48,1,0,1
501616,48,1,0,1
8227608,48,1,0,1
1622288,48,1,0,1
362320,48,1,1,0
5782952,48,1,1,0
705528,48,1,1,0
3516768,48,1,0,1
680096,48,1,1,0
2704248,48,1,0,1
4159400,48,1,0,1
1177296,48,1,0,1
2053304,48,1,1,0
2440552,48,1,1,0
2415984,48,1,1,0
5872352,48,1,0,1
2741856,48,1,0,1
2470408,48,1,0,1
7381848,48,1,1,0
785368,48,1,1,0
4289040,48,1,1,0
7438080,48,1,1,0
6662944,48,1,0,1
3097888,48,1,0,1
3180440,48,1,1,0
2282920,48,1,1,0
2295352,48,1,0,1
3214800,48,1,1,0
1166648,48,1,1,0
4465072,48,1,1,0
1866336,48,1,0,1
1415120,48,1,0,1
2296656,48,1,1,0
1224896,48,1,0,1
6030112,48,1,1,0
3466048,48,1,0,1
5302400,48,1,1,0
1201720,48,1,1,0
1735616,48,1,1,0
4213568,48,1,0,1
743048,48,1,1,0
273360,48,1,0,1
5936560,48,1,0,1
781200,48,1,1,0
2533072,48,1,0,1
1109328,48,1,1,0
688288,48,1,0,1
4824752,48,1,1,0
982504,48,1,1,0
1964664,48,1,0,1
2968232,48,1,0,1
3733248,48,1,1,0
228072,48,1,0,1
235112,48,1,1,0
2088800,48,1,0,1
2445672,48,1,1,0
381096,48,1,1,0
1346056,48,1,1,0
6027984,48,1,1,0
1642816,48,1,0,1
280960,48,1,0,1
5349448,48,1,0,1
946560,48,1,1,0
3765160,48,1,1,0
3477744,48,1,0,1
5895440,48,1,0,1
3900808,48,1,1,0
255472,48,1,1,0
197280,48,1,1,0
3598256,48,1,1,0
2812024,48,1,0,1
4106648,48,1,1,0
3300040,48,1,1,0
4650072,48,1,0,1
2801904,48,1,1,0
210960,48,1,0,1
7092616,48,1,0,1
1385880,48,1,1,0
2829136,48,1,0,1
7248248,48,1,1,0
2124224,48,1,0,1
8385016,48,1,1,0
680640,48,1,0,1
327888,48,1,1,0
1463656,48,1,1,0
3367656,48,1,1,0
1955736,48,1,0,1
3278600,48,1,1,0
7443632,48,1,1,0
6612776,48,1,1,0
5730512,48,1,1,0
1641680,48,1,1,0
6660936,48,1,0,1
2577640,48,1,1,0
1851984,48,1,0,1
3174688,48,1,0,1
247264,48,1,0,1
2658912,48,1,0,1
1366552,48,1,0,1
6450680,48,1,1,0
1993080,48,1,1,0
2107416,48,1,0,1
2484000,48,1,0,1
177656,48,1,1,0
3289352,48,1,0,1
393440,48,1,1,0
2230528,48,1,1,0
3318632,48,1,1,0
1561712,48,1,1,0
3997016,48,1,1,0
7096552,48,1,1,0
845960,48,1,1,0
3553200,48,1,1,0
5955304,48,1,1,0
3513360,48,1,1,0
1154504,48,1,1,0
3550776,48,1,0,1
757984,48,1,0,1
2333848,48,1,1,0
5915864,48,1,0,1
1396288,48,1,0,1
2704400,48,1,0,1
6769664,48,1,1,0
3424848,48,1,0,1
4242776,48,1,0,1
504144,48,1,1,0
5461296,48,1,1,0
446144,48,1,0,1
150832,48,1,1,0
229328,48,1,1,0
3159008,48,1,1,0
1059776,48,1,1,0
6701336,48,1,0,1
4895048,48,1,1,0
2046392,48,1,1,0
386592,48,1,0,1
6186216,48,1,1,0
1564936,48,1,0,1
3085632,48,1,1,0
175672,48,1,1,0
5552840,48,1,1,0
4682664,48,1,0,1
720072,48,1,0,1
297888,48,1,0,1
1260736,48,1,0,1
5592240,48,1,0,1
6309512,48,1,0,1
1502472,48,1,1,0
3559768,48,1,0,1
2261248,48,1,0,1
7297184,48,1,1,0
1939816,48,1,1,0
4349896,48,1,0,1
4657640,48,1,0,1
698912,48,1,0,1
1966816,48,1,1,0
7141688,48,1,0,1
1773688,48,1,0,1
5789264,48,1,1,0
518968,48,1,0,1
355800,48,1,0,1
824648,48,1,1,0
7779200,48,1,1,0
5166616,48,1,1,0
5298752,48,1,0,1
2102608,48,1,1,0
8072192,48,1,1,0
1354856,48,1,0,1
3623912,48,1,1,0
4790160,48,1,0,1
7633952,48,1,1,0
7498728,48,1,1,0
3308488,48,1,1,0
3582144,48,1,0,1
7582936,48,1,0,1
2392352,48,1,1,0
6029064,48,1,0,1
3915768,48,1,1,0
2983080,48,1,1,0
1436448,48,1,0,1
5668288,48,1,1,0
658224,48,1,1,0
4706584,48,1,0,1
881600,48,1,0,1
132448,48,1,1,0
3160080,48,1,1,0
792304,48,1,0,1
511632,48,1,1,0
650312,48,1,0,1
1091560,48,1,0,1
956248,48,1,0,1
1427024,48,1,1,0
537104,48,1,0,1
894272,48,1,1,0
1509944,48,1,0,1
1534584,48,1,1,0
1648088,48,1,0,1
4839432,48,1,0,1
5640264,48,1,0,1
1216184,48,1,0,1
1100632,48,1,1,0
4006560,48,1,1,0
645600,48,1,1,0
2490088,48,1,0,1
1291064,48,1,0,1
3466112,48,1,1,0
6870632,48,1,1,0
3140176,48,1,0,1
5063064,48,1,1,0
3889248,48,1,0,1
891344,48,1,1,0
554128,48,1,0,1
627888,48,1,0,1
6545376,48,1,0,1
3909784,48,1,0,1
809496,48,1,1,0
7204296,48,1,1,0
1204472,48,1,1,0
6135776,48,1,1,0
148064,48,1,0,1
846440,48,1,0,1
3298936,48,1,1,0
2784560,48,1,0,1
774152,48,1,0,1
2377272,48,1,0,1
341640,48,1,0,1
4246256,48,1,0,1
2191016,48,1,0,1
2624912,48,1,1,0
1803216,48,1,1,0
7681392,48,1,1,0
659144,48,1,1,0
805008,48,1,1,0
726328,48,1,0,1
2622800,48,1,1,0
708584,48,1,1,0
514968,48,1,1,0
1309896,48,1,0,1
831224,48,1,0,1
932952,48,1,0,1
2471424,48,1,0,1
873264,48,1,0,1
1998096,48,1,1,0
5332552,48,1,1,0
2257984,48,1,0,1
1145680,48,1,0,1
622456,48,1,0,1
609312,48,1,1,0
427568,48,1,0,1
514128,48,1,1,0
1074576,48,1,0,1
868224,48,1,1,0
6102024,48,1,1,0
2260200,48,1,1,0
2410784,48,1,1,0
3302256,48,1,1,0
763504,48,1,0,1
2463856,48,1,1,0
5122720,48,1,0,1
377528,48,1,0,1
3769296,48,1,0,1
1418800,48,1,0,1
1913688,48,1,0,1
3323736,48,1,1,0
6210680,48,1,0,1
8051000,48,1,0,1
468616,48,1,1,0
1627736,48,1,1,0
7456640,48,1,0,1
3582064,48,1,0,1
3018608,48,1,0,1
4128800,48,1,0,1
6208488,48,1,1,0
6977416,48,1,0,1
3457752,48,1,1,0
3021600,48,1,0,1
7952816,48,1,0,1
2099992,48,1,1,0
91896,48,1,1,0
396208,48,1,0,1
2797392,48,1,1,0
4518288,48,1,0,1
5657648,48,1,0,1
566800,48,1,0,1
213192,48,1,0,1
2174544,48,1,1,0
1495400,48,1,0,1
1544168,48,1,1,0
6294928,48,1,0,1
5962560,48,1,0,1
7713712,48,1,1,0
4978296,48,1,0,1
5828208,48,1,0,1
6930584,48,1,1,0
7775952,48,1,0,1
4395176,48,1,1,0
199656,48,1,0,1
6345768,48,1,0,1
8333408,48,1,1,0
6052816,48,1,0,1
5231752,48,1,1,0
455408,48,1,1,0
4846272,48,1,1,0
1460280,48,1,1,0
3972872,48,1,1,0
5746144,48,1,0,1
7787928,48,1,0,1
2159400,48,1,1,0
1701000,48,1,1,0
949016,48,1,0,1
3375600,48,1,1,0
4945920,48,1,0,1
241872,48,1,1,0
3662384,48,1,0,1
1119832,48,1,0,1
1542848,48,1,1,0
1216432,48,1,0,1
320984,48,1,1,0
742992,48,1,1,0
2977600,48,1,0,1
5657720,48,1,1,0
4494344,48,1,1,0
822632,48,1,0,1
7014672,48,1,1,0
3645568,48,1,1,0
195336,48,1,0,1
6420984,48,1,0,1
1995376,48,1,1,0
2000440,48,1,0,1
1170472,48,1,0,1
6802256,48,1,1,0
637104,48,1,1,0
3968352,48,1,1,0
2189728,48,1,1,0
3044520,48,1,1,0
1428088,48,1,0,1
6481680,48,1,1,0
3865248,48,1,0,1
4436616,48,1,1,0
6703680,48,1,1,0
7494112,48,1,0,1
2241896,48,1,0,1
2720696,48,1,0,1
1858144,48,1,0,1
131520,48,1,1,0
962536,48,1,1,0
2149120,48,1,0,1
1274928,48,1,1,0
1341224,48,1,1,0
7535568,48,1,0,1
632040,48,1,0,1
832216,48,1,0,1
1031288,48,1,0,1
2116376,48,1,1,0
2811136,48,1,1,0
6435600,48,1,1,0
1744184,48,1,0,1
3329648,48,1,1,0
1592848,48,1,0,1
1000424,48,1,1,0
2603920,48,1,0,1
7835984,48,1,0,1
7355208,48,1,1,0
2544056,48,1,1,0
7839752,48,1,1,0
2340424,48,1,0,1
1500064,48,1,0,1
457320,48,1,1,0
6822456,48,1,1,0
4342136,48,1,0,1
4309856,48,1,1,0
5504872,48,1,1,0
3421728,48,1,1,0
1580976,48,1,1,0
664544,48,1,0,1
1478536,48,1,0,1
1412912,48,1,1,0
230576,48,1,0,1
3867312,48,1,1,0
1371136,48,1,1,0
6246744,48,1,0,1
2534544,48,1,0,1
4234568,48,1,1,0
352280,48,1,1,0
1607224,48,1,0,1
2114016,48,1,1,0
4221696,48,1,1,0
239168,48,1,0,1
984464,48,1,1,0
1803296,48,1,0,1
2019616,48,1,1,0
4349904,48,1,0,1
417480,48,1,1,0
6564192,48,1,0,1
646640,48,1,0,1
579440,48,1,1,0
2865408,48,1,0,1
5427768,48,1,0,1
1312088,48,1,1,0
5693368,48,1,1,0
1551696,48,1,1,0
4857488,48,1,0,1
5935368,48,1,1,0
1432592,48,1,0,1
2882080,48,1,0,1
4601776,48,1,1,0
2069352,48,1,0,1
634792,48,1,1,0
690152,48,1,0,1
3449600,48,1,0,1
6202240,48,1,1,0
6916920,48,1,1,0
2446288,48,1,1,0
4458376,48,1,1,0
1185992,48,1,1,0
1107384,48,1,1,0
1285368,48,1,0,1
458904,48,1,1,0
3477936,48,1,0,1
1038008,48,1,1,0
919240,48,1,0,1
198008,48,1,1,0
2182216,48,1,1,0
1547152,48,1,0,1
1350376,48,1,0,1
1703416,48,1,1,0
6955536,48,1,0,1
3183672,48,1,1,0
415920,48,1,1,0
312176,48,1,1,0
6186696,48,1,1,0
5794704,48,1,0,1
4725040,48,1,1,0
4252296,48,1,1,0
3225088,48,1,1,0
3003880,48,1,1,0
1792656,48,1,0,1
6547144,48,1,0,1
1124984,48,1,1,0
854896,48,1,0,1
6105312,48,1,1,0
5366632,48,1,0,1
5512888,48,1,1,0
3457104,48,1,1,0
6300184,48,1,0,1
923224,48,1,1,0
4717784,48,1,0,1
2355600,48,1,0,1
463624,48,1,0,1
634040,48,1,0,1
2754984,48,1,1,0
861552,48,1,0,1
2248584,48,1,1,0
5957016,48,1,1,0
1782424,48,1,1,0
472424,48,1,1,0
315864,48,1,0,1
520968,48,1,1,0
446072,48,1,1,0
4145912,48,1,0,1
7583360,48,1,1,0
852792,48,1,1,0
2289288,48,1,0,1
240176,48,1,0,1
4070624,48,1,1,0
2321704,48,1,1,0
7854272,48,1,1,0
5306400,48,1,1,0
555264,48,1,1,0
2873736,48,1,0,1
2034992,48,1,1,0
6247208,48,1,1,0
538592,48,1,0,1
4267144,48,1,0,1
579288,48,1,0,1
7378464,48,1,0,1
6983488,48,1,0,1
1969960,48,1,1,0
5121696,48,1,1,0
7512376,48,1,0,1
8215208,48,1,0,1
6752752,48,1,0,1
1993792,48,1,1,0
410488,48,1,0,1
585616,48,1,0,1
6377320,48,1,1,0
5635472,48,1,0,1
2058888,48,1,0,1
462104,48,1,0,1
791464,48,1,0,1
640664,48,1,1,0
1457400,48,1,1,0
740120,48,1,0,1
671120,48,1,0,1
719192,48,1,0,1
2577544,48,1,0,1
2152032,48,1,0,1
2404776,48,1,1,0
4452440,48,1,0,1
2925072,48,1,1,0
690360,48,1,1,0
8368832,48,1,1,0
1747632,48,1,0,1
8178608,48,1,0,1
1851400,48,1,0,1
795104,48,1,0,1
1377080,48,1,1,0
608200,48,1,0,1
2567304,48,1,1,0
3690648,48,1,0,1
3292720,48,1,0,1
353288,48,1,0,1
4955104,48,1,1,0
2815792,48,1,0,1
355880,48,1,1,0
2855088,48,1,1,0
2630712,48,1,0,1
8026312,48,1,0,1
2468248,48,1,0,1
926056,48,1,1,0
226184,48,1,1,0
2063360,49,1,1,0
814576,49,1,0,1
3933672,49,1,0,1
4341144,49,1,1,0
2049656,49,1,0,1
719808,49,1,1,0
2657776,49,1,1,0
857480,49,1,1,0
2907576,49,1,1,0
6177592,49,1,0,1
1997360,49,1,0,1
1261168,49,1,1,0
4790360,49,1,1,0
2054176,49,1,0,1
7003880,49,1,1,0
1607584,49,1,0,1
1781424,49,1,0,1
3638344,49,1,1,0
172936,49,1,1,0
641784,49,1,1,0
670456,49,1,1,0
6134224,49,1,1,0
2543080,49,1,0,1
6212648,49,1,1,0
174568,49,1,0,1
249312,49,1,1,0
4992960,49,1,0,1
374864,49,1,0,1
1629808,49,1,0,1
7398376,49,1,0,1
3733768,49,1,0,1
1400776,49,1,0,1
5822896,49,1,0,1
1372768,49,1,0,1
3765320,49,1,0,1
7636200,49,1,1,0
6953760,49,1,1,0
2660192,49,1,1,0
683168,49,1,0,1
1534264,49,1,1,0
1419168,49,1,0,1
3612768,49,1,0,1
4761256,49,1,1,0
2592656,49,1,0,1
4721128,49,1,1,0
4505024,49,1,1,0
3753800,49,1,1,0
2772712,49,1,0,1
217280,49,1,1,0
4559824,49,1,1,0
1252456,49,1,0,1
1554312,49,1,0,1
664352,49,1,1,0
553336,49,1,0,1
1872264,49,1,0,1
2806768,49,1,0,1
3916472,49,1,1,0
7627928,49,1,1,0
506232,49,1,1,0
5601664,49,1,1,0
3875344,49,1,0,1
7836672,49,1,0,1
604160,49,1,0,1
3944264,49,1,1,0
1059568,49,1,0,1
872344,49,1,1,0
8190056,49,1,0,1
759232,49,1,1,0
4631528,49,1,1,0
7959696,49,1,1,0
137248,49,1,1,0
470880,49,1,0,1
1075096,49,1,1,0
4869552,49,1,1,0
6347504,49,1,1,0
3425920,49,1,0,1
730288,49,1,0,1
7333672,49,1,1,0
1896272,49,1,0,1
130608,49,1,0,1
1143720,49,1,0,1
7752016,49,1,1,0
5918008,49,1,0,1
781360,49,1,1,0
709480,49,1,0,1
2060648,49,1,0,1
1021472,49,1,0,1
441376,49,1,0,1
4339960,49,1,1,0
7359632,49,1,0,1
3014088,49,1,0,1
5165216,49,1,1,0
245064,49,1,0,1
3484832,49,1,1,0
3883448,49,1,1,0
405176,49,1,0,1
1239096,49,1,1,0
543296,49,1,1,0
1184216,49,1,0,1
773104,49,1,0,1
1080664,49,1,1,0
959960,49,1,0,1
8041552,49,1,0,1
8259960,49,1,0,1
7937544,49,1,1,0
1090584,49,1,1,0
1579072,49,1,1,0
5556672,49,1,1,0
1986784,49,1,1,0
316672,49,1,1,0
661384,49,1,1,0
122808,49,1,0,1
187344,49,1,0,1
272592,49,1,1,0
3410864,49,1,1,0
5545064,49,1,0,1
7166424,49,1,0,1
2280840,49,1,0,1
2202552,49,1,0,1
5918544,49,1,0,1
4706992,49,1,0,1
411352,49,1,0,1
1053392,49,1,0,1
1701440,49,1,1,0
718560,49,1,0,1
3105560,49,1,0,1
1622072,49,1,1,0
2443320,49,1,1,0
7923344,49,1,1,0
1207664,49,1,1,0
837776,49,1,1,0
4753696,49,1,1,0
3916688,49,1,1,0
3227088,49,1,1,0
8209488,49,1,0,1
2036872,49,1,1,0
5191464,49,1,0,1
3459864,49,1,0,1
1768896,49,1,0,1
2557136,49,1,0,1
488168,49,1,0,1
972008,49,1,1,0
5059552,49,1,0,1
541696,49,1,1,0
1064632,49,1,0,1
5314184,49,1,1,0
2628192,49,1,1,0
1691600,49,1,0,1
4362648,49,1,0,1
5991456,49,1,1,0
639120,49,1,1,0
7521144,49,1,0,1
7066960,49,1,0,1
5793968,49,1,0,1
2401584,49,1,1,0
481544,49,1,0,1
8218128,49,1,0,1
1918816,49,1,0,1
5174304,49,1,1,0
1688544,49,1,1,0
1809120,49,1,1,0
637456,49,1,0,1
699240,49,1,1,0
4860496,49,1,1,0
3940912,49,1,0,1
4610952,49,1,1,0
5906512,49,1,0,1
7192608,49,1,1,0
5411080,49,1,0,1
2046536,49,1,1,0
589744,49,1,1,0
270128,49,1,0,1
3686304,49,1,1,0
1365552,49,1,0,1
1315616,49,1,1,0
5388392,49,1,0,1
330504,49,1,1,0
2858368,49,1,1,0
5331928,49,1,0,1
941504,49,1,1,0
1189992,49,1,1,0
1104792,49,1,1,0
104024,49,1,0,1
5438952,49,1,0,1
1572744,49,1,1,0
3915016,49,1,1,0
4801632,49,1,1,0
1068488,49,1,0,1
7661384,49,1,1,0
1151952,49,1,1,0
585784,49,1,1,0
404016,49,1,1,0
121608,49,1,0,1
4094872,49,1,0,1
709720,49,1,1,0
1356976,49,1,1,0
3003328,49,1,1,0
2375696,49,1,1,0
4223832,49,1,1,0
7468616,49,1,1,0
3607256,49,1,1,0
287848,49,1,0,1
7657336,49,1,0,1
5185824,49,1,0,1
5165936,49,1,0,1
1149344,49,1,1,0
5104160,49,1,1,0
5998960,49,1,0,1
841008,49,1,1,0
967656,49,1,0,1
3206056,49,1,0,1
4684656,49,1,1,0
788392,49,1,0,1
4542008,49,1,1,0
5991240,49,1,1,0
853176,49,1,1,0
2869560,49,1,0,1
1277080,49,1,0,1
3232880,49,1,1,0
5449496,49,1,1,0
1640704,49,1,1,0
1122408,49,1,1,0
3068176,49,1,1,0
5974760,49,1,1,0
2216152,49,1,0,1
5822976,49,1,0,1
1153240,49,1,0,1
1058216,49,1,1,0
4857568,49,1,0,1
4491592,49,1,0,1
290712,49,1,0,1
274568,49,1,0,1
6314384,49,1,1,0
8094536,49,1,0,1
3030280,49,1,0,1
370608,49,1,0,1
8287824,49,1,1,0
2879640,49,1,0,1
6093880,49,1,0,1
5947768,49,1,1,0
1532528,49,1,1,0
4223168,49,1,0,1
1231312,49,1,0,1
2018056,49,1,0,1
5131600,49,1,1,0
3531560,49,1,1,0
6886328,49,1,1,0
2529504,49,1,0,1
1210552,49,1,0,1
2433728,49,1,0,1
5570800,49,1,0,1
5232608,49,1,1,0
1913048,49,1,1,0
5368392,49,1,0,1
4845136,49,1,1,0
554584,49,1,0,1
7294432,49,1,1,0
428248,49,1,1,0
4727376,49,1,0,1
4620816,49,1,1,0
2107640,49,1,0,1
538360,49,1,1,0
2633008,49,1,0,1
1484200,49,1,1,0
288600,49,1,0,1
1939704,49,1,0,1
1105120,49,1,0,1
4079968,49,1,0,1
4118832,49,1,1,0
864784,49,1,0,1
3446848,49,1,1,0
3900496,49,1,0,1
376720,49,1,1,0
2470376,49,1,0,1
4682800,49,1,1,0
2904872,49,1,1,0
771680,49,1,1,0
799448,49,1,0,1
674576,49,1,0,1
2899784,49,1,1,0
8309952,49,1,1,0
540816,49,1,0,1
3171488,49,1,1,0
3535296,49,1,0,1
125616,49,1,0,1
2067752,49,1,0,1
1119376,49,1,1,0
3118104,49,1,1,0
7636616,49,1,1,0
7520304,49,1,0,1
219784,49,1,1,0
5315896,49,1,0,1
2554336,49,1,0,1
713232,49,1,0,1
982376,49,1,1,0
5963840,49,1,0,1
2579760,49,1,0,1
2083480,49,1,1,0
6806616,49,1,0,1
3947176,49,1,0,1
1007568,49,1,1,0
660960,49,1,0,1
988312,49,1,1,0
3182456,49,1,0,1
2215824,49,1,0,1
6773584,49,1,1,0
285912,49,1,0,1
770296,49,1,0,1
155760,49,1,0,1
443392,49,1,0,1
2048976,49,1,1,0
1935496,49,1,1,0
7628504,49,1,0,1
7465064,49,1,1,0
4056920,49,1,1,0
695680,49,1,0,1
1094408,49,1,0,1
1422984,49,1,0,1
233832,49,1,1,0
496256,49,1,0,1
105848,49,1,1,0
4595704,49,1,0,1
4966752,49,1,0,1
2716584,49,1,0,1
7274552,49,1,0,1
3207296,49,1,0,1
1506160,49,1,1,0
3396272,49,1,1,0
425864,49,1,1,0
299552,49,1,1,0
278320,49,1,1,0
3932376,49,1,0,1
5463728,49,1,0,1
1980160,49,1,1,0
5279312,49,1,0,1
6024816,49,1,1,0
3827768,49,1,1,0
4293440,49,1,1,0
5442472,49,1,0,1
1056952,49,1,1,0
3955000,49,1,0,1
1412464,49,1,1,0
1442248,49,1,0,1
1355024,49,1,1,0
2490064,49,1,0,1
5002928,49,1,1,0
2385240,49,1,0,1
4798552,49,1,0,1
393264,49,1,0,1
1789896,49,1,1,0
3463560,49,1,0,1
5651408,49,1,1,0
1822728,49,1,0,1
345456,49,1,1,0
959176,49,1,0,1
643504,49,1,0,1
1617992,49,1,1,0
4078528,49,1,1,0
149944,49,1,1,0
2623848,49,1,0,1
510864,49,1,1,0
6476880,49,1,0,1
1131304,49,1,1,0
6689224,49,1,1,0
1185176,49,1,1,0
4687992,49,1,1,0
1028176,49,1,1,0
4842592,49,1,0,1
2908496,49,1,0,1
1918024,49,1,1,0
842976,49,1,0,1
960976,49,1,0,1
770264,49,1,0,1
1421752,49,1,0,1
233808,49,1,0,1
3532496,49,1,0,1
1897256,49,1,0,1
2452544,49,1,0,1
565192,49,1,0,1
884808,49,1,0,1
6948304,49,1,1,0
607008,49,1,0,1
3019168,49,1,0,1
361272,49,1,1,0
2874152,49,1,0,1
297016,49,1,0,1
443968,49,1,1,0
411424,49,1,0,1
1551968,49,1,1,0
6121176,49,1,0,1
641304,49,1,0,1
3806680,49,1,0,1
1240984,49,1,0,1
8044728,49,1,0,1
7135464,49,1,0,1
2091648,49,1,0,1
257136,49,1,0,1
8303888,49,1,1,0
1317256,49,1,1,0
512808,49,1,0,1
1240912,49,1,1,0
6186880,49,1,0,1
7675024,49,1,1,0
1689544,49,1,0,1
2945712,49,1,0,1
3933496,49,1,1,0
129704,49,1,0,1
4303128,49,1,0,1
1445616,49,1,0,1
5970720,49,1,0,1
4003248,49,1,0,1
2028776,49,1,0,1
5241752,49,1,1,0
585000,49,1,1,0
1393984,49,1,1,0
696864,49,1,1,0
7248616,49,1,0,1
972944,49,1,0,1
4096432,49,1,1,0
2483568,49,1,0,1
2580232,49,1,0,1
1964176,49,1,1,0
1149280,49,1,0,1
1091912,49,1,1,0
6505648,49,1,0,1
3625096,49,1,0,1
1883856,49,1,0,1
5340848,49,1,1,0
740944,49,1,0,1
2995240,49,1,0,1
7588624,49,1,1,0
1238968,49,1,0,1
7816960,49,1,1,0
745120,49,1,0,1
1595600,49,1,1,0
188360,49,1,0,1
5126648,49,1,0,1
1337536,49,1,1,0
2720240,49,1,1,0
1355040,49,1,0,1
1643320,49,1,0,1
147048,49,1,1,0
3920368,49,1,0,1
3101040,49,1,0,1
7718168,49,1,1,0
2187536,49,1,0,1
6034936,49,1,0,1
4081792,49,1,1,0
7463984,49,1,1,0
7562608,49,1,0,1
3218288,49,1,1,0
2192352,49,1,1,0
780792,49,1,0,1
2118864,49,1,0,1
5756528,49,1,1,0
444064,49,1,0,1
1749776,49,1,0,1
871016,49,1,0,1
934600,49,1,1,0
1862832,49,1,1,0
2760520,49,1,0,1
1962776,49,1,0,1
652976,49,1,0,1
4307712,49,1,1,0
4284336,49,1,0,1
5983800,49,1,0,1
5017240,49,1,1,0
1354456,49,1,1,0
3306768,49,1,0,1
3653168,49,1,0,1
2745880,49,1,1,0
6655088,49,1,0,1
152912,49,1,0,1
1605984,49,1,0,1
4012072,49,1,0,1
6250472,49,1,0,1
737656,49,1,0,1
803824,49,1,1,0
1864656,49,1,1,0
3757504,49,1,1,0
4965592,49,1,1,0
329704,49,1,0,1
369960,49,1,1,0
1755664,49,1,1,0
6324432,49,1,1,0
5936056,49,1,0,1
2526552,49,1,0,1
6708392,49,1,1,0
6660944,49,1,1,0
1184584,49,1,1,0
220520,49,1,1,0
2661416,49,1,1,0
295672,49,1,0,1
7371528,49,1,0,1
2013880,49,1,1,0
2385064,49,1,0,1
274720,49,1,0,1
4546832,49,1,1,0
1389040,49,1,0,1
1621736,49,1,1,0
3305400,49,1,1,0
3439528,49,1,0,1
638648,49,1,1,0
1105872,49,1,0,1
2634768,49,1,0,1
5460488,49,1,0,1
4228416,49,1,1,0
2472800,49,1,0,1
5613312,49,1,1,0
7772736,49,1,0,1
1292088,49,1,0,1
4308704,49,1,0,1
2869488,49,1,0,1
393008,49,1,0,1
1914912,49,1,0,1
386016,49,1,1,0
6123344,49,1,1,0
3570888,49,1,1,0
7923504,49,1,0,1
1311760,49,1,1,0
1042552,49,1,1,0
6486440,49,1,0,1
2004784,49,1,1,0
5793816,49,1,1,0
531424,49,1,0,1
2142312,49,1,1,0
3318312,49,1,0,1
1732648,49,1,0,1
2954608,49,1,0,1
5017192,49,1,1,0
2305072,49,1,0,1
8139848,49,1,0,1
1147728,49,1,0,1
541776,49,1,0,1
241752,49,1,1,0
207704,49,1,0,1
5992928,49,1,0,1
2921792,49,1,1,0
5034120,49,1,0,1
4645176,49,1,0,1
3645088,49,1,1,0
1263624,49,1,0,1
3075512,49,1,0,1
535800,49,1,0,1
2608680,49,1,0,1
7399624,49,1,0,1
1180760,49,1,1,0
892968,49,1,0,1
416664,49,1,1,0
4090384,49,1,1,0
3421616,49,1,1,0
3272616,49,1,0,1
5402512,49,1,1,0
6191240,49,1,1,0
91656,49,1,1,0
3290408,49,1,1,0
3020152,49,1,0,1
998824,49,1,0,1
1382928,49,1,0,1
1443936,49,1,0,1
1379536,49,1,1,0
668720,49,1,1,0
354544,49,1,0,1
310944,49,1,1,0
6925040,49,1,1,0
203768,49,1,1,0
557552,49,1,0,1
6287832,49,1,1,0
451760,49,1,0,1
1910120,49,1,1,0
1409776,49,1,1,0
6767480,49,1,1,0
266600,49,1,0,1
5559384,49,1,0,1
479624,49,1,1,0
8013752,49,1,0,1
3283032,49,1,1,0
3674488,49,1,0,1
5039816,49,1,1,0
388320,49,1,1,0
1210112,49,1,1,0
3647744,49,1,0,1
1437032,49,1,1,0
7918616,49,1,1,0
3616760,49,1,1,0
1603200,49,1,0,1
203304,49,1,1,0
360152,49,1,0,1
2742544,49,1,1,0
2823576,49,1,0,1
7735832,49,1,0,1
1665408,49,1,1,0
493176,49,1,0,1
2877528,49,1,0,1
947408,49,1,0,1
361168,49,1,0,1
663776,49,1,0,1
3994560,49,1,0,1
3085544,49,1,0,1
6574720,49,1,1,0
765856,49,1,1,0
4882648,49,1,0,1
2445616,49,1,0,1
133344,49,1,0,1
264824,49,1,0,1
1117800,49,1,1,0
1591320,49,1,1,0
440528,49,1,1,0
310624,49,1,0,1
6354880,49,1,0,1
4996304,49,1,0,1
909280,49,1,1,0
6855104,49,1,1,0
1606672,49,1,0,1
2893232,49,1,1,0
541184,49,1,0,1
843784,49,1,1,0
4429608,49,1,1,0
5410440,49,1,1,0
2094072,49,1,1,0
1088800,49,1,0,1
3195968,49,1,1,0
516416,49,1,0,1
3693192,49,1,1,0
2998096,49,1,0,1
1490136,49,1,1,0
3562696,49,1,0,1
4622456,49,1,1,0
646216,49,1,1,0
2258352,49,1,0,1
746792,49,1,0,1
416128,49,1,1,0
5975416,49,1,0,1
5723424,49,1,1,0
6444888,49,1,1,0
7693136,49,1,1,0
264848,49,1,0,1
3193496,49,1,1,0
3331472,49,1,0,1
3821360,49,1,0,1
1645320,49,1,1,0
6144800,49,1,0,1
2275096,49,1,0,1
2023816,49,1,1,0
4247312,49,1,0,1
1883480,49,1,1,0
585416,49,1,0,1
4471552,49,1,1,0
233520,49,1,0,1
2034272,49,1,0,1
311912,49,1,0,1
7477536,49,1,1,0
3558128,49,1,1,0
1772696,49,1,1,0
936544,49,1,1,0
372064,49,1,1,0
820416,49,1,0,1
1456744,49,1,1,0
429208,49,1,0,1
3905088,49,1,0,1
2374400,49,1,0,1
6286848,49,1,0,1
1132560,49,1,1,0
1849264,49,1,0,1
4584120,49,1,1,0
4004120,49,1,1,0
263184,49,1,1,0
324872,49,1,0,1
375112,49,1,0,1
8021944,49,1,0,1
7593736,49,1,0,1
1156208,49,1,1,0
419984,49,1,0,1
3715328,49,1,0,1
254768,49,1,1,0
2920768,49,1,1,0
2985976,49,1,0,1
1770848,49,1,0,1
733448,49,1,0,1
574280,49,1,0,1
2319544,49,1,0,1
2972712,49,1,0,1
1453456,49,1,1,0
6340336,49,1,1,0
125888,49,1,1,0
2207112,49,1,1,0
1546976,49,1,0,1
1557232,49,1,1,0
6748080,49,1,1,0
717056,49,1,0,1
517264,49,1,0,1
1089024,49,1,1,0
4162328,49,1,0,1
1600552,49,1,0,1
1681976,49,1,1,0
639264,49,1,0,1
2015744,49,1,0,1
622808,49,1,1,0
1284400,49,1,1,0
2717328,49,1,0,1
461032,49,1,1,0
919408,49,1,1,0
329200,49,1,1,0
1018576,49,1,0,1
3089248,49,1,0,1
6942848,49,1,0,1
388104,49,1,0,1
3676920,49,1,0,1
446232,49,1,0,1
5158912,49,1,0,1
953896,49,1,0,1
967104,49,1,0,1
2893272,49,1,1,0
399944,49,1,0,1
469584,49,1,1,0
7452376,49,1,1,0
3905288,49,1,0,1
1276432,49,1,1,0
5758264,49,1,1,0
1686696,49,1,1,0
2811016,49,1,1,0
956496,49,1,0,1
5229712,49,1,0,1
7769768,49,1,0,1
1088768,49,1,0,1
985648,49,1,0,1
1183272,49,1,1,0
6863168,49,1,0,1
2280480,49,1,0,1
1644032,49,1,0,1
1060864,49,1,1,0
206544,49,1,0,1
4099896,49,1,1,0
1186160,49,1,0,1
3576696,49,1,0,1
5601240,49,1,0,1
4591472,49,1,0,1
1792384,49,1,0,1
3151656,49,1,1,0
3807496,49,1,0,1
929504,49,1,1,0
3327448,49,1,0,1
1307416,49,1,1,0
3105320,49,1,1,0
7978488,49,1,0,1
2420008,49,1,0,1
198176,49,1,0,1
1899592,49,1,1,0
509480,49,1,1,0
1181360,49,1,1,0
4665744,49,1,0,1
3809936,49,1,0,1
3519000,49,1,1,0
1501912,49,1,0,1
859448,49,1,1,0
5800320,49,1,0,1
2043552,49,1,1,0
4410528,49,1,1,0
1509472,49,1,1,0
4608752,49,1,0,1
6442616,49,1,1,0
4031336,49,1,0,1
400792,49,1,1,0
337688,49,1,0,1
8247304,49,1,1,0
1666992,49,1,1,0
324768,49,1,0,1
1756768,49,1,1,0
1537296,49,1,1,0
656256,49,1,0,1
3160208,49,1,0,1
791376,49,1,1,0
277056,49,1,1,0
1967416,49,1,0,1
6914216,49,1,1,0
915624,49,1,1,0
6400864,49,1,1,0
4384456,49,1,0,1
8242792,49,1,0,1
143416,49,1,1,0
5921120,49,1,1,0
1557096,49,1,1,0
1550600,49,1,0,1
318248,49,1,1,0
3617376,49,1,0,1
2929944,49,1,1,0
6121504,49,1,0,1
493208,49,1,0,1
1871328,49,1,0,1
7462160,49,1,0,1
1589168,49,1,0,1
605296,49,1,0,1
597432,49,1,1,0
4716984,49,1,1,0
2235176,49,1,1,0
3194312,49,1,1,0
5546720,49,1,1,0
1477320,49,1,0,1
372576,49,1,0,1
981760,49,1,0,1
1631576,49,1,0,1
6957016,49,1,0,1
4372120,49,1,0,1
6701224,49,1,1,0
8326560,49,1,0,1
2093176,49,1,1,0
5911400,49,1,1,0
1059424,49,1,1,0
3180056,49,1,0,1
1238080,49,1,1,0
1406672,49,1,0,1
1226552,49,1,1,0
5641200,49,1,1,0
823624,49,1,0,1
150096,49,1,0,1
937832,49,1,1,0
7433216,49,1,0,1
1714200,49,1,1,0
965640,49,1,0,1
3190936,49,1,0,1
6700968,49,1,1,0
3882944,49,1,1,0
984784,49,1,0,1
1117400,49,1,0,1
593296,49,1,1,0
4076808,49,1,0,1
445256,49,1,0,1
1492904,49,1,0,1
1732376,49,1,0,1
2465072,49,1,1,0
3272296,49,1,0,1
603752,49,1,0,1
5595616,49,1,1,0
1368984,49,1,0,1
1440296,49,1,1,0
333504,49,1,1,0
722872,49,1,1,0
4010312,49,1,0,1
397176,49,1,1,0
1022944,49,1,1,0
2510600,49,1,1,0
5902432,49,1,1,0
184904,49,1,0,1
8297256,49,1,0,1
3054816,49,1,1,0
3142584,49,1,0,1
1493056,49,1,1,0
8131264,49,1,1,0
7081952,49,1,1,0
2025040,49,1,1,0
2803312,49,1,0,1
1197120,49,1,1,0
4969576,49,1,1,0
2387120,49,1,1,0
3841888,49,1,0,1
7836784,49,1,1,0
2823552,49,1,1,0
3908176,49,1,0,1
3694280,49,1,1,0
1317992,49,1,0,1
538296,49,1,1,0
366864,49,1,0,1
1977864,49,1,0,1
623856,49,1,1,0
6591824,49,1,1,0
581008,49,1,0,1
6322984,49,1,1,0
2725088,49,1,0,1
6689864,49,1,0,1
7261080,49,1,1,0
3266792,49,1,1,0
585208,49,1,1,0
763264,49,1,0,1
2607472,49,1,1,0
286288,49,1,0,1
408064,49,1,0,1
8026248,49,1,1,0
747688,49,1,1,0
2016008,49,1,1,0
561640,49,1,1,0
3094648,49,1,1,0
1026888,49,1,1,0
4933360,49,1,0,1
1411608,49,1,1,0
2895496,49,1,0,1
678736,49,1,1,0
941320,49,1,0,1
5221672,49,1,0,1
576704,49,1,0,1
904280,49,1,1,0
3260544,49,1,1,0
5141304,49,1,0,1
6889176,49,1,1,0
946928,49,1,0,1
249232,49,1,1,0
376056,49,1,1,0
2865192,49,1,0,1
8102792,49,1,1,0
442992,49,1,1,0
5829680,49,1,0,1
474696,49,1,0,1
1187480,49,1,0,1
1092392,49,1,0,1
1797728,49,1,0,1
3665856,49,1,1,0
1217792,49,1,0,1
6066976,49,1,0,1
4723272,49,1,0,1
1278160,49,1,0,1
1869872,49,1,1,0
1562400,49,1,1,0
8148296,49,1,0,1
540888,49,1,0,1
381680,49,1,1,0
5138472,49,1,0,1
667376,49,1,0,1
836728,49,1,0,1
1356552,49,1,1,0
3452392,49,1,1,0
332368,49,1,1,0
8210072,49,1,1,0
705456,49,1,1,0
8331368,49,1,1,0
505856,49,1,1,0
4891672,49,1,0,1
265960,49,1,1,0
5676368,49,1,0,1
7992664,49,1,1,0
1103008,49,1,1,0
8040552,49,1,1,0
762688,49,1,0,1
1014688,49,1,1,0
2402008,49,1,1,0
1282096,49,1,1,0
2746232,49,1,0,1
3464792,49,1,0,1
7924216,49,1,1,0
312904,49,1,0,1
3289520,49,1,1,0
1002648,49,1,1,0
5286520,49,1,0,1
735280,49,1,0,1
5288896,49,1,0,1
838376,49,1,0,1
5031552,49,1,1,0
4837072,49,1,0,1
4826984,49,1,1,0
8357832,49,1,1,0
585088,49,1,1,0
6378264,49,1,1,0
6186592,49,1,1,0
2131032,49,1,0,1
624232,49,1,0,1
1978704,49,1,0,1
300408,49,1,1,0
759864,49,1,1,0
426784,49,1,0,1
7018928,49,1,1,0
1218624,49,1,0,1
115928,49,1,1,0
3576200,49,1,1,0
4804224,49,1,1,0
894336,49,1,1,0
2065944,49,1,0,1
1150472,49,1,0,1
1001064,49,1,0,1
2905208,49,1,1,0
6048560,49,1,0,1
3541976,49,1,0,1
5528664,49,1,1,0
188128,49,1,1,0
6387360,49,1,0,1
2013128,49,1,1,0
2460848,49,1,0,1
1371752,49,1,1,0
1290584,49,1,1,0
2397216,49,1,0,1
6560704,49,1,0,1
2201920,49,1,0,1
2257544,49,1,0,1
4511712,49,1,0,1
3740248,49,1,1,0
1334544,49,1,1,0
3487656,49,1,1,0
3394472,49,1,0,1
7310720,49,1,1,0
1745264,49,1,1,0
7981120,49,1,0,1
1825952,49,1,1,0
1599512,49,1,1,0
892880,49,1,1,0
1701656,49,1,0,1
503416,49,1,0,1
3269688,49,1,0,1
3783552,49,1,1,0
827576,49,1,0,1
570984,49,1,0,1
3910648,49,1,1,0
7681376,49,1,0,1
6985064,49,1,0,1
1075744,49,1,0,1
1400384,49,1,0,1
3196560,49,1,1,0
1052696,49,1,0,1
3467544,49,1,0,1
3598544,49,1,1,0
947816,49,1,1,0
2693168,49,1,0,1
537232,49,1,0,1
837568,49,1,1,0
3085224,49,1,0,1
7110816,49,1,1,0
1532448,49,1,1,0
4050816,49,1,0,1
506456,49,1,1,0
3953352,49,1,0,1
710496,49,1,1,0
4466192,49,1,0,1
7503128,49,1,0,1
830408,49,1,0,1
6641928,49,1,0,1
7092952,49,1,0,1
3046504,49,1,0,1
2952848,49,1,0,1
5063024,49,1,1,0
443656,49,1,0,1
381432,49,1,1,0
938848,49,1,0,1
2089536,49,1,0,1
617384,49,1,0,1
496200,49,1,0,1
3034944,49,1,0,1
5200120,49,1,0,1
201432,49,1,0,1
5793472,49,1,1,0
4931944,49,1,1,0
1706824,49,1,1,0
1156920,49,1,0,1
975696,49,1,1,0
921328,49,1,1,0
7925784,49,1,1,0
5569376,49,1,1,0
4441760,49,1,1,0
5393072,49,1,0,1
257456,49,1,0,1
7599416,49,1,1,0
564960,49,1,0,1
5458424,49,1,1,0
272128,49,1,0,1
3726232,49,1,0,1
4090200,49,1,1,0
7503240,49,1,1,0
5691512,49,1,1,0
1962920,49,1,0,1
5410640,49,1,1,0
3047528,49,1,1,0
1385224,49,1,0,1
1175056,49,1,0,1
734128,49,1,1,0
731960,49,1,1,0
245072,49,1,0,1
654248,49,1,1,0
3481768,49,1,0,1
4487920,49,1,0,1
327952,49,1,1,0
5780608,49,1,0,1
136632,49,1,0,1
647608,49,1,1,0
3986144,49,1,1,0
6023744,49,1,0,1
4003096,49,1,1,0
1149424,49,1,0,1
4799928,49,1,1,0
2354824,49,1,1,0
308688,49,1,1,0
419760,49,1,0,1
1534568,49,1,0,1
6846784,49,1,1,0
2456160,49,1,1,0
8028680,49,1,0,1
2846064,49,1,1,0
4547928,49,1,0,1
4405400,49,1,1,0
5969472,49,1,0,1
2945200,49,1,0,1
3143680,49,1,1,0
1914856,49,1,1,0
925096,49,1,1,0
530248,49,1,0,1
7466128,49,1,1,0
1824344,49,1,0,1
1915768,49,1,0,1
2852768,49,1,0,1
2085560,49,1,0,1
7580088,49,1,1,0
2713816,49,1,0,1
4172256,49,1,1,0
1261704,49,1,0,1
227392,49,1,0,1
1261624,49,1,0,1
7743528,49,1,1,0
1620872,49,1,1,0
6196184,49,1,0,1
5841664,49,1,1,0
2544216,49,1,1,0
6470272,49,1,1,0
2694752,49,1,0,1
2459832,49,1,1,0
3893504,49,1,0,1
3720992,49,1,1,0
892112,49,1,0,1
2385856,49,1,1,0
453688,49,1,1,0
1383224,49,1,1,0
3142976,49,1,1,0
7032280,49,1,1,0
573552,49,1,1,0
1275264,49,1,1,0
541816,49,1,0,1
2552152,49,1,0,1
2759560,49,1,0,1
5595696,49,1,1,0
5591624,49,1,0,1
8348784,49,1,1,0
1363568,49,1,0,1
6821648,49,1,0,1
699880,49,1,1,0
3937712,49,1,0,1
1347960,49,1,0,1
7257576,49,1,0,1
5917528,49,1,1,0
1317120,49,1,1,0
3374272,49,1,1,0
4396784,49,1,1,0
759648,49,1,0,1
1599992,49,1,1,0
2278552,49,1,0,1
4066400,49,1,0,1
3766168,49,1,1,0
1849456,49,1,1,0
5159712,49,1,1,0
1206704,49,1,1,0
4522384,49,1,0,1
1557296,49,1,0,1
6095016,49,1,1,0
1343848,49,1,1,0
2255360,49,1,0,1
557112,49,1,1,0
5235544,49,1,0,1
5909544,49,1,0,1
4680296,49,1,0,1
1066272,49,1,0,1
8178432,49,1,0,1
6172104,49,1,1,0
4228344,49,1,0,1
114328,49,1,1,0
7906240,49,1,1,0
951272,49,1,1,0
263368,49,1,1,0
4289984,49,1,0,1
5056736,49,1,1,0
4067680,49,1,0,1
1891384,49,1,0,1
2155384,49,1,1,0
2242472,49,1,1,0
1399920,49,1,1,0
1343632,49,1,0,1
1145712,49,1,1,0
1642704,49,1,0,1
1188872,49,1,1,0
1584424,49,1,0,1
4960680,49,1,1,0
7861240,49,1,1,0
361728,49,1,1,0
6006280,49,1,1,0
1881688,49,1,1,0
5591648,49,1,1,0
1860536,49,1,1,0
4723448,49,1,1,0
1895176,49,1,0,1
7564944,49,1,0,1
2467080,49,1,0,1
4978288,49,1,0,1
5928176,49,1,1,0
4840936,49,1,1,0
2006160,49,1,1,0
436984,49,1,1,0
5117928,49,1,0,1
3562904,49,1,0,1
878912,49,1,1,0
1536200,49,1,1,0
1115624,49,1,0,1
3793896,49,1,0,1
5916576,49,1,0,1
287064,49,1,0,1
2313040,49,1,1,0
2564320,49,1,0,1
4430472,49,1,0,1
3124504,49,1,0,1
1185368,49,1,0,1
6901152,49,1,1,0
1866264,49,1,0,1
335232,49,1,1,0
612656,49,1,0,1
668336,49,1,0,1
1451520,49,1,0,1
1718408,49,1,1,0
6153208,49,1,0,1
7917048,49,1,0,1
666000,49,1,1,0
906336,49,1,0,1
2530488,49,1,1,0
847976,49,1,1,0
1558624,49,1,0,1
1495464,49,1,1,0
2909064,49,1,1,0
7035056,49,1,0,1
7467368,49,1,1,0
4726448,49,1,1,0
1470024,49,1,1,0
1318872,49,1,1,0
7169264,49,1,1,0
4285224,49,1,0,1
6465784,49,1,0,1
637528,49,1,1,0
2139800,49,1,1,0
7261216,49,1,0,1
7451720,49,1,0,1
485208,49,1,0,1
1418688,49,1,0,1
2235896,49,1,1,0
2599344,49,1,0,1
994080,49,1,1,0
1140560,49,1,0,1
394248,49,1,1,0
4683832,49,1,0,1
7708536,49,1,0,1
3674944,49,1,0,1
6813976,49,1,1,0
3155936,49,1,1,0
6345600,49,1,1,0
1895480,49,1,0,1
463632,49,1,1,0
4106944,49,1,1,0
1398344,49,1,0,1
728320,49,1,1,0
3932584,49,1,1,0
1389192,49,1,1,0
7489632,49,1,0,1
1654592,49,1,1,0
5570472,49,1,1,0
3196208,49,1,1,0
4236712,49,1,1,0
7935176,49,1,1,0
1825672,49,1,0,1
2806648,49,1,1,0
5591672,49,1,0,1
683376,49,1,0,1
4260936,49,1,1,0
2821496,49,1,1,0
413680,49,1,0,1
1754784,49,1,1,0
7758872,49,1,1,0
3339032,49,1,0,1
1362616,49,1,0,1
159712,49,1,0,1
3321712,49,1,0,1
821264,49,1,0,1
635408,49,1,1,0
1387392,49,1,1,0
100632,49,1,1,0
831160,49,1,0,1
7616704,49,1,0,1
160056,49,1,1,0
1711608,49,1,0,1
2039104,49,1,1,0
4498768,49,1,0,1
403712,49,1,1,0
1383232,49,1,0,1
427352,49,1,0,1
7911200,49,1,1,0
2209664,49,1,1,0
7761432,49,1,1,0
5908328,49,1,0,1
7626432,49,1,1,0
693872,49,1,1,0
1935208,49,1,1,0
566032,49,1,1,0
215792,49,1,1,0
1544600,49,1,0,1
1549968,49,1,1,0
7528544,49,1,1,0
2202344,49,1,0,1
3205616,49,1,0,1
1145448,49,1,0,1
600744,49,1,1,0
5298664,49,1,0,1
5680568,49,1,1,0
7888208,49,1,0,1
1606352,49,1,1,0
2195688,49,1,0,1
6295480,49,1,1,0
2281120,49,1,1,0
4365208,49,1,1,0
117696,49,1,0,1
3493656,49,1,0,1
2151872,49,1,1,0
1175448,49,1,0,1
7373128,49,1,0,1
5450432,49,1,0,1
2608056,49,1,1,0
3776336,49,1,0,1
6891728,49,1,0,1
1794792,49,1,1,0
4537856,49,1,0,1
901080,49,1,1,0
379608,49,1,0,1
448152,49,1,0,1
439264,49,1,0,1
8153800,49,1,0,1
372608,49,1,1,0
171264,49,1,0,1
6906800,49,1,1,0
2136568,49,1,0,1
789592,49,1,1,0
3126064,49,1,1,0
3170192,49,1,1,0
1765632,49,1,1,0
3258208,49,1,1,0
877120,49,1,1,0
8054064,49,1,0,1
4821984,49,1,0,1
6619680,49,1,0,1
3398080,49,1,0,1
981112,49,1,0,1
5851368,49,1,0,1
4574464,49,1,1,0
4763032,49,1,0,1
4310640,49,1,1,0
3013648,49,1,1,0
4371560,49,1,0,1
5684232,49,1,1,0
3188960,49,1,1,0
4383944,49,1,1,0
2721512,49,1,1,0
1251632,49,1,1,0
5197280,49,1,0,1
3994304,49,1,0,1
1296016,49,1,1,0
5601960,49,1,1,0
7483320,49,1,1,0
5241688,49,1,1,0
2403936,49,1,1,0
816840,49,1,0,1
538200,49,1,1,0
650976,49,1,1,0
7001064,49,1,1,0
7744184,49,1,1,0
1413600,49,1,0,1
643144,49,1,1,0
7894816,49,1,1,0
1616328,49,1,0,1
1291192,49,1,0,1
5608560,49,1,0,1
1028256,49,1,0,1
117960,49,1,1,0
2590576,49,1,0,1
5544552,49,1,0,1
1823536,49,1,0,1
962816,49,1,1,0
2979928,49,1,0,1
5847872,49,1,0,1
2331976,49,1,1,0
8102288,49,1,1,0
1791624,49,1,1,0
410776,49,1,1,0
1275432,49,1,1,0
436448,49,1,0,1
7023448,49,1,0,1
353424,49,1,1,0
3347600,49,1,0,1
1292400,49,1,0,1
4262712,49,1,1,0
767208,49,1,1,0
4396680,49,1,1,0
395064,49,1,0,1
274136,49,1,1,0
680296,49,1,0,1
2264032,49,1,0,1
2284600,49,1,0,1
7332864,49,1,1,0
510768,49,1,1,0
1374144,49,1,0,1
1528352,49,1,1,0
1403200,49,1,1,0
4351200,49,1,1,0
5424768,49,1,1,0
8017920,49,1,1,0
6937512,49,1,0,1
607792,49,1,0,1
4079216,49,1,0,1
2928272,49,1,0,1
460336,49,1,1,0
1346944,49,1,1,0
4569000,49,1,1,0
425544,49,1,0,1
2715624,49,1,1,0
5007248,49,1,0,1
2861120,49,1,0,1
1630096,49,1,0,1
516944,49,1,1,0
724184,49,1,0,1
1577568,49,1,0,1
240096,49,1,0,1
6726752,49,1,1,0
2596864,49,1,1,0
463320,49,1,1,0
3658152,49,1,0,1
750352,49,1,1,0
7112192,49,1,0,1
2928472,49,1,0,1
1046184,49,1,0,1
7546176,49,1,1,0
1475152,49,1,1,0
425280,49,1,0,1
8108576,49,1,0,1
3473528,49,1,0,1
5254896,49,1,1,0
1260824,49,1,1,0
4602496,49,1,0,1
1253504,49,1,0,1
7785592,49,1,1,0
847160,49,1,1,0
2089752,49,1,0,1
3049136,49,1,0,1
1069032,49,1,0,1
2543976,49,1,1,0
5568368,49,1,1,0
370904,49,1,1,0
7543808,49,1,1,0
1736312,49,1,1,0
4943712,49,1,1,0
5987920,49,1,1,0
1463272,49,1,1,0
1435472,49,1,0,1
1875976,49,1,0,1
2517240,49,1,0,1
1563400,49,1,1,0
161568,49,1,1,0
1272384,49,1,0,1
1892424,49,1,0,1
1810872,49,1,0,1
907048,49,1,0,1
4542800,49,1,0,1
3394000,49,1,1,0
1038944,49,1,1,0
1233968,49,1,0,1
528072,49,1,1,0
278488,49,1,1,0
761568,49,1,1,0
1508472,49,1,0,1
2259808,49,1,1,0
2000040,49,1,1,0
591936,49,1,1,0
7349056,49,1,0,1
6036488,49,1,1,0
652928,49,1,0,1
4052664,49,1,0,1
3216008,49,1,1,0
699256,49,1,1,0
6614808,49,1,1,0
1413488,49,1,1,0
4470688,49,1,1,0
5007448,49,1,0,1
538432,49,1,0,1
832312,49,1,0,1
1305632,49,1,1,0
2715328,49,1,0,1
5165192,49,1,0,1
5250936,49,1,1,0
7140816,49,1,0,1
1668264,49,1,0,1
1008192,49,1,1,0
7804384,49,1,1,0
862200,49,1,0,1
2298792,49,1,1,0
2514200,49,1,0,1
5332584,49,1,1,0
6820112,49,1,1,0
394824,49,1,0,1
2593952,49,1,1,0
962008,49,1,0,1
4716016,49,1,0,1
7144888,49,1,0,1
1475400,49,1,1,0
5802056,49,1,0,1
5488408,49,1,0,1
2444784,49,1,0,1
3045792,49,1,0,1
1327400,49,1,0,1
367048,49,1,1,0
999616,49,1,0,1
4380424,49,1,1,0
5339720,49,1,1,0
1501528,49,1,0,1
3822344,49,1,1,0
5697520,49,1,1,0
7003104,49,1,1,0
6471824,49,1,1,0
886416,49,1,1,0
5701944,49,1,0,1
1120904,49,1,0,1
4137560,49,1,1,0
107528,49,1,0,1
3329408,49,1,0,1
342192,49,1,1,0
5439408,49,1,1,0
1551984,49,1,1,0
2398688,49,1,0,1
398232,49,1,1,0
473208,49,1,0,1
358960,49,1,1,0
7316184,49,1,0,1
129600,49,1,0,1
4967440,49,1,1,0
3570136,49,1,1,0
7531648,49,1,0,1
5652496,49,1,0,1
1382744,49,1,0,1
6766752,49,1,0,1
2402912,49,1,0,1
916528,49,1,1,0
2542960,49,1,0,1
374360,49,1,1,0
266160,49,1,1,0
6604144,49,1,1,0
588304,49,1,1,0
737016,49,1,0,1
1981472,49,1,1,0
293384,49,1,0,1
532416,49,1,0,1
4461528,49,1,1,0
4584760,49,1,0,1
6355632,49,1,1,0
6321776,49,1,0,1
1019232,49,1,1,0
2777320,49,1,0,1
2115720,49,1,1,0
671984,49,1,0,1
1621336,49,1,1,0
467280,49,1,1,0
1469240,49,1,1,0
6501616,49,1,0,1
2305200,49,1,1,0
3910472,49,1,1,0
845032,49,1,0,1
5512272,49,1,1,0
743816,49,1,1,0
884432,49,1,0,1
1038424,49,1,1,0
903824,49,1,0,1
327712,49,1,1,0
1229080,49,1,1,0
2159288,49,1,0,1
232672,49,1,0,1
3749376,49,1,0,1
758680,49,1,1,0
4406496,49,1,0,1
7414424,49,1,0,1
3326896,49,1,1,0
4182848,49,1,1,0
1533968,49,1,1,0
1073000,49,1,1,0
5334200,49,1,1,0
1279224,49,1,0,1
3905376,49,1,1,0
1124664,49,1,1,0
2117752,49,1,1,0
165104,49,1,0,1
1729688,49,1,1,0
692568,49,1,0,1
704024,49,1,0,1
3441528,49,1,0,1
3390120,49,1,0,1
1114704,49,1,1,0
3644368,49,1,0,1
2631304,49,1,1,0
3110968,49,1,0,1
1195208,49,1,1,0
880760,49,1,0,1
561088,49,1,1,0
544160,49,1,0,1
1376560,49,1,0,1
769120,49,1,0,1
582584,49,1,0,1
5228576,49,1,1,0
317312,49,1,1,0
1479328,49,1,1,0
6779240,49,1,0,1
90176,49,1,1,0
1361240,49,1,1,0
877200,49,1,0,1
1322696,49,1,0,1
7378680,49,1,0,1
7725840,49,1,0,1
2179264,49,1,1,0
1338224,49,1,1,0
2214960,49,1,0,1
656608,49,1,0,1
5223112,49,1,0,1
2875392,49,1,0,1
5997936,49,1,0,1
1990624,49,1,1,0
3617832,49,1,0,1
5581544,49,1,0,1
317568,49,1,0,1
4026296,49,1,1,0
6822648,49,1,0,1
6515064,49,1,1,0
623368,49,1,1,0
1028936,49,1,0,1
493360,49,1,0,1
5980928,49,1,1,0
5147120,49,1,1,0
8288168,49,1,1,0
3291784,49,1,0,1
527144,49,1,0,1
5490280,49,1,1,0
2333448,49,1,0,1
913376,49,1,1,0
402232,49,1,1,0
4374840,49,1,1,0
2892672,49,1,0,1
4208360,49,1,1,0
1687888,49,1,0,1
1468632,49,1,0,1
3664232,49,1,1,0
4323112,49,1,0,1
1545936,49,1,1,0
2875472,49,1,0,1
5633344,49,1,0,1
1908664,49,1,1,0
2510088,49,1,1,0
2243928,49,1,1,0
1514920,49,1,0,1
3569896,49,1,1,0
427656,49,1,0,1
2547376,49,1,0,1
2995280,49,1,1,0
3116848,49,1,1,0
6335960,49,1,0,1
449128,49,1,0,1
822048,49,1,0,1
7723528,49,1,1,0
4975824,49,1,0,1
2734520,49,1,1,0
4314248,49,1,1,0
1347288,49,1,1,0
476176,49,1,1,0
2767560,49,1,1,0
1557744,49,1,0,1
4478048,49,1,0,1
646048,49,1,0,1
7767976,49,1,1,0
645656,49,1,0,1
2183240,49,1,0,1
2293528,49,1,0,1
4852136,49,1,1,0
3837472,49,1,0,1
902176,49,1,1,0
5321200,49,1,1,0
202784,49,1,1,0
2754512,49,1,0,1
1491200,49,1,0,1
8083656,49,1,1,0
1583656,49,1,1,0
1494832,49,1,0,1
834872,49,1,1,0
2497536,49,1,1,0
839752,49,1,1,0
3800120,49,1,1,0
1211904,49,1,0,1
5677576,49,1,1,0
2602784,49,1,1,0
274008,49,1,1,0
629616,49,1,1,0
7759120,49,1,1,0
1907352,49,1,0,1
556448,49,1,0,1
380408,49,1,0,1
451600,49,1,0,1
2009616,49,1,0,1
235512,49,1,1,0
8043280,49,1,0,1
1489424,49,1,0,1
8262736,49,1,1,0
1034192,49,1,0,1
2697088,49,1,1,0
354824,49,1,0,1
1396720,49,1,1,0
770272,49,1,0,1
2669608,49,1,0,1
2828808,49,1,1,0
2207352,49,1,1,0
6228168,49,1,1,0
5716136,49,1,1,0
335808,49,1,1,0
361208,49,1,1,0
734416,49,1,1,0
83632,49,1,1,0
4465568,49,1,0,1
1659168,49,1,0,1
2718016,49,1,1,0
1109864,49,1,1,0
6235888,49,1,1,0
2619928,49,1,1,0
2943016,49,1,0,1
6172728,49,1,0,1
5556440,49,1,1,0
5908920,49,1,0,1
8050904,49,1,0,1
980368,49,1,0,1
3047552,49,1,0,1
236152,49,1,0,1
8146080,49,1,0,1
4837328,49,1,1,0
1925696,49,1,0,1
3411080,49,1,0,1
3107392,49,1,1,0
2133064,49,1,1,0
597464,49,1,0,1
4260728,49,1,0,1
4126208,49,1,1,0
1098280,49,1,0,1
314568,49,1,0,1
3864384,49,1,0,1
3888184,49,1,0,1
2560600,49,1,1,0
605280,49,1,0,1
2200880,49,1,0,1
5500432,49,1,0,1
1652960,49,1,0,1
7010152,49,1,1,0
4430168,49,1,1,0
837024,49,1,1,0
4507552,49,1,1,0
1239416,49,1,1,0
1572896,49,1,1,0
643104,49,1,0,1
1901976,49,1,1,0
5416128,49,1,0,1
3429312,49,1,1,0
1669640,49,1,1,0
2192344,49,1,1,0
5746320,49,1,0,1
8147656,49,1,0,1
2604960,49,1,1,0
348064,49,1,1,0
4662584,49,1,1,0
118416,49,1,1,0
7187216,49,1,0,1
5482976,49,1,0,1
3431320,49,1,0,1
6706072,49,1,1,0
3638856,49,1,0,1
1447176,49,1,1,0
5367840,49,1,0,1
415272,49,1,0,1
7459816,49,1,0,1
2309968,49,1,1,0
8319080,49,1,1,0
696872,49,1,1,0
4666608,49,1,0,1
873008,49,1,0,1
541648,49,1,0,1
915896,49,1,0,1
4781008,49,1,0,1
1372912,49,1,1,0
2725048,49,1,0,1
1100112,49,1,0,1
1069864,49,1,0,1
4186696,49,1,0,1
6492104,49,1,1,0
4730896,49,1,1,0
371984,49,1,1,0
1534368,49,1,1,0
6062184,49,1,1,0
6308504,49,1,0,1
3818448,49,1,0,1
3705680,49,1,0,1
794672,49,1,1,0
682736,49,1,1,0
282112,49,1,0,1
4299640,49,1,1,0
7019328,49,1,0,1
1152304,49,1,0,1
6198360,49,1,1,0
4625752,49,1,0,1
899680,49,1,0,1
1410760,49,1,0,1
271752,49,1,1,0
4727216,49,1,0,1
8207080,49,1,0,1
5479400,49,1,0,1
617528,49,1,1,0
371792,49,1,0,1
3730688,49,1,1,0
789168,49,1,1,0
2512400,49,1,0,1
1756376,49,1,0,1
258232,49,1,1,0
939488,49,1,0,1
1869248,49,1,1,0
4749608,49,1,1,0
865496,49,1,0,1
147504,49,1,1,0
6138232,49,1,1,0
837456,49,1,1,0
1097136,49,1,0,1
734016,49,1,0,1
673856,49,1,0,1
1471240,49,1,1,0
1559216,49,1,0,1
4525544,49,1,1,0
4635824,49,1,1,0
6956312,49,1,1,0
6650496,49,1,1,0
168232,49,1,0,1
525176,49,1,0,1
457632,49,1,0,1
774696,49,1,1,0
882440,49,1,1,0
656976,49,1,1,0
164688,49,1,1,0
3344816,49,1,1,0
445000,49,1,0,1
2197000,49,1,0,1
7088224,49,1,0,1
3017696,49,1,1,0
4513664,49,1,0,1
1209328,49,1,1,0
167888,49,1,1,0
5419648,49,1,0,1
3544632,49,1,1,0
3709064,49,1,0,1
1827440,49,1,0,1
667560,49,1,1,0
6016600,49,1,1,0
459288,49,1,1,0
3778192,49,1,0,1
592392,49,1,1,0
938968,49,1,1,0
1717360,49,1,1,0
2521696,49,1,1,0
2723344,49,1,1,0
765904,49,1,1,0
326632,49,1,1,0
3314824,49,1,0,1
5630656,49,1,0,1
2509296,49,1,0,1
3476792,49,1,0,1
7510736,49,1,0,1
3547928,49,1,0,1
2284952,49,1,0,1
727520,49,1,0,1
3251304,49,1,0,1
5470224,49,1,0,1
615392,49,1,1,0
543912,49,1,0,1
407640,49,1,0,1
4456224,49,1,1,0
1881160,49,1,1,0
631256,49,1,0,1
1588040,49,1,0,1
4707968,49,1,1,0
343776,49,1,1,0
435776,49,1,0,1
2987512,49,1,1,0
1992136,49,1,1,0
4193584,49,1,1,0
1219088,49,1,1,0
6903912,49,1,0,1
5629368,49,1,1,0
7634432,49,1,0,1
4337080,49,1,1,0
5354056,49,1,0,1
796288,49,1,0,1
546072,49,1,1,0
456536,49,1,1,0
6148872,49,1,1,0
131184,49,1,0,1
8383328,49,1,0,1
6121480,49,1,1,0
1696368,49,1,0,1
5937904,49,1,0,1
2461232,49,1,0,1
275176,49,1,0,1
874792,49,1,0,1
6783184,49,1,1,0
7497464,49,1,1,0
1595648,49,1,0,1
374808,50,1,1,0
419000,50,1,1,0
5415280,50,1,0,1
4614000,50,1,0,1
2501968,50,1,1,0
8157392,50,1,0,1
963216,50,1,1,0
3588120,50,1,0,1
1576120,50,1,0,1
2516104,50,1,1,0
436616,50,1,1,0
617896,50,1,1,0
6730496,50,1,1,0
7368688,50,1,0,1
2291920,50,1,0,1
3027872,50,1,1,0
2645520,50,1,0,1
4919792,50,1,0,1
295032,50,1,0,1
2298336,50,1,1,0
6222608,50,1,0,1
1339896,50,1,1,0
1313976,50,1,0,1
1915896,50,1,0,1
423992,50,1,0,1
371448,50,1,1,0
3697184,50,1,1,0
4566824,50,1,1,0
4275016,50,1,0,1
800336,50,1,0,1
396808,50,1,0,1
4776608,50,1,0,1
165616,50,1,1,0
2703816,50,1,1,0
4640064,50,1,1,0
5905912,50,1,1,0
6799632,50,1,0,1
1621776,50,1,1,0
4607880,50,1,0,1
591528,50,1,0,1
1613016,50,1,0,1
3266064,50,1,0,1
1601928,50,1,0,1
3559576,50,1,1,0
528216,50,1,0,1
1426720,50,1,0,1
1682888,50,1,1,0
1426584,50,1,1,0
7720168,50,1,1,0
1931072,50,1,0,1
424024,50,1,0,1
3913680,50,1,1,0
439160,50,1,1,0
4810544,50,1,1,0
4775192,50,1,1,0
2281808,50,1,1,0
124704,50,1,0,1
4273408,50,1,1,0
5067456,50,1,0,1
1404664,50,1,1,0
515104,50,1,1,0
2899688,50,1,1,0
4864800,50,1,1,0
1663904,50,1,1,0
438200,50,1,0,1
4092720,50,1,1,0
7050672,50,1,0,1
5969592,50,1,1,0
4625096,50,1,0,1
2630408,50,1,0,1
578752,50,1,0,1
687616,50,1,0,1
1082752,50,1,0,1
8121576,50,1,1,0
655760,50,1,1,0
2323792,50,1,1,0
7392544,50,1,0,1
5131680,50,1,1,0
174688,50,1,0,1
761032,50,1,1,0
2495728,50,1,0,1
1675928,50,1,1,0
298440,50,1,1,0
2801864,50,1,0,1
1488672,50,1,0,1
2245592,50,1,0,1
1276416,50,1,1,0
739088,50,1,1,0
6120448,50,1,0,1
554552,50,1,0,1
261328,50,1,1,0
3672944,50,1,0,1
1892112,50,1,1,0
257272,50,1,0,1
1140456,50,1,1,0
8210400,50,1,1,0
1361848,50,1,1,0
900376,50,1,0,1
1305504,50,1,0,1
2154496,50,1,0,1
7019896,50,1,1,0
638160,50,1,1,0
1700560,50,1,1,0
1140248,50,1,1,0
7479264,50,1,0,1
1548872,50,1,1,0
1748024,50,1,1,0
751640,50,1,1,0
2282864,50,1,0,1
678920,50,1,0,1
241664,50,1,1,0
1723144,50,1,0,1
4616128,50,1,1,0
695720,50,1,1,0
1089616,50,1,0,1
427856,50,1,0,1
1770720,50,1,1,0
979032,50,1,0,1
1057608,50,1,0,1
1325432,50,1,1,0
1496656,50,1,1,0
550528,50,1,0,1
4417496,50,1,0,1
740368,50,1,1,0
3206584,50,1,1,0
5388160,50,1,0,1
4538424,50,1,1,0
3949704,50,1,1,0
4546520,50,1,0,1
129192,50,1,0,1
6717408,50,1,0,1
1395384,50,1,0,1
3524304,50,1,1,0
6050400,50,1,0,1
7568336,50,1,0,1
2221264,50,1,1,0
3524048,50,1,0,1
503952,50,1,1,0
2135856,50,1,0,1
1798896,50,1,0,1
6588464,50,1,1,0
4013560,50,1,1,0
1298632,50,1,0,1
388128,50,1,0,1
2757768,50,1,0,1
295928,50,1,0,1
562824,50,1,1,0
901280,50,1,1,0
7140304,50,1,1,0
1828064,50,1,0,1
1547664,50,1,1,0
8249856,50,1,1,0
4408016,50,1,0,1
880104,50,1,1,0
432048,50,1,0,1
5380544,50,1,1,0
2009104,50,1,1,0
5621392,50,1,0,1
3004848,50,1,1,0
408664,50,1,1,0
2689008,50,1,1,0
685128,50,1,1,0
7067424,50,1,0,1
2185624,50,1,1,0
8272768,50,1,0,1
1218904,50,1,0,1
5750032,50,1,0,1
1025720,50,1,1,0
7717624,50,1,1,0
737048,50,1,0,1
766240,50,1,1,0
447856,50,1,1,0
1619112,50,1,0,1
3460816,50,1,0,1
95160,50,1,0,1
903512,50,1,1,0
1197312,50,1,0,1
4117296,50,1,0,1
818184,50,1,0,1
1494488,50,1,0,1
2427520,50,1,0,1
2812752,50,1,0,1
908232,50,1,0,1
454032,50,1,1,0
2558520,50,1,0,1
5335784,50,1,1,0
4648376,50,1,0,1
1011864,50,1,0,1
7394216,50,1,1,0
3054000,50,1,1,0
3459384,50,1,1,0
2008336,50,1,1,0
2739120,50,1,0,1
1549552,50,1,0,1
2034096,50,1,1,0
4210536,50,1,1,0
711824,50,1,0,1
2011824,50,1,1,0
580496,50,1,0,1
4118600,50,1,1,0
2334656,50,1,0,1
7163528,50,1,1,0
2635600,50,1,1,0
7561464,50,1,1,0
383536,50,1,1,0
1010008,50,1,0,1
695248,50,1,1,0
5721664,50,1,1,0
5205768,50,1,0,1
4623256,50,1,0,1
2988080,50,1,0,1
974216,50,1,1,0
2257528,50,1,0,1
705408,50,1,1,0
1372536,50,1,1,0
2077088,50,1,0,1
8246008,50,1,1,0
1129720,50,1,1,0
1501168,50,1,0,1
7636088,50,1,0,1
1770016,50,1,0,1
2504296,50,1,0,1
479864,50,1,0,1
954536,50,1,0,1
8050552,50,1,1,0
992608,50,1,0,1
5363984,50,1,0,1
2823568,50,1,0,1
4285488,50,1,0,1
2738008,50,1,1,0
226992,50,1,1,0
458216,50,1,1,0
449968,50,1,1,0
866696,50,1,1,0
1933392,50,1,1,0
576768,50,1,0,1
3782344,50,1,1,0
917800,50,1,0,1
5293544,50,1,1,0
5904968,50,1,0,1
850544,50,1,1,0
3380928,50,1,0,1
202328,50,1,1,0
6598632,50,1,0,1
400200,50,1,1,0
985200,50,1,1,0
4129224,50,1,0,1
766072,50,1,0,1
170272,50,1,0,1
927360,50,1,0,1
642240,50,1,0,1
2888000,50,1,1,0
1499616,50,1,1,0
4329720,50,1,1,0
211544,50,1,1,0
3825032,50,1,0,1
229280,50,1,0,1
2256392,50,1,1,0
1637960,50,1,1,0
1272832,50,1,0,1
550776,50,1,1,0
7515984,50,1,0,1
5429432,50,1,1,0
4720728,50,1,1,0
206448,50,1,0,1
7004216,50,1,1,0
7442448,50,1,1,0
3935032,50,1,1,0
1187848,50,1,0,1
3701104,50,1,0,1
3964928,50,1,0,1
3069536,50,1,0,1
936608,50,1,1,0
2471144,50,1,0,1
966656,50,1,1,0
704760,50,1,1,0
274488,50,1,0,1
2238048,50,1,1,0
2888040,50,1,0,1
648888,50,1,0,1
2758776,50,1,0,1
5760728,50,1,0,1
851288,50,1,1,0
1359608,50,1,0,1
1551160,50,1,1,0
4598880,50,1,1,0
2120040,50,1,0,1
3876808,50,1,0,1
2781640,50,1,1,0
3047264,50,1,0,1
4062200,50,1,0,1
7195312,50,1,1,0
4403120,50,1,0,1
5555120,50,1,1,0
7678904,50,1,0,1
3901152,50,1,0,1
941336,50,1,0,1
7216920,50,1,0,1
4879240,50,1,0,1
2410712,50,1,0,1
1394552,50,1,0,1
286912,50,1,0,1
3832912,50,1,1,0
457120,50,1,1,0
4263592,50,1,0,1
2949880,50,1,1,0
4343912,50,1,0,1
853440,50,1,0,1
1701248,50,1,0,1
794680,50,1,1,0
1183656,50,1,1,0
1620808,50,1,0,1
1108080,50,1,0,1
804568,50,1,0,1
289248,50,1,0,1
6934544,50,1,1,0
2694280,50,1,1,0
5306544,50,1,1,0
420392,50,1,1,0
744520,50,1,0,1
2501400,50,1,1,0
1593544,50,1,1,0
1177800,50,1,1,0
2311632,50,1,0,1
469944,50,1,1,0
5623096,50,1,1,0
1099224,50,1,1,0
945688,50,1,1,0
598424,50,1,0,1
8032576,50,1,1,0
6044928,50,1,0,1
1642872,50,1,0,1
841840,50,1,0,1
2586072,50,1,0,1
1450480,50,1,1,0
4223568,50,1,0,1
6406400,50,1,0,1
4076296,50,1,1,0
6835480,50,1,1,0
3688064,50,1,0,1
1593968,50,1,0,1
4649976,50,1,0,1
3460120,50,1,0,1
452304,50,1,0,1
313440,50,1,0,1
7303392,50,1,0,1
962896,50,1,1,0
1370984,50,1,0,1
3421584,50,1,1,0
1814184,50,1,1,0
1761680,50,1,1,0
1750000,50,1,0,1
3813232,50,1,0,1
7319112,50,1,0,1
819520,50,1,0,1
106640,50,1,1,0
988112,50,1,0,1
1418824,50,1,1,0
4187680,50,1,0,1
935200,50,1,1,0
3931024,50,1,0,1
7071920,50,1,1,0
3546272,50,1,0,1
4075928,50,1,0,1
3602880,50,1,1,0
4891912,50,1,1,0
7062152,50,1,1,0
371456,50,1,1,0
4727072,50,1,1,0
1319616,50,1,1,0
5885504,50,1,1,0
5458992,50,1,0,1
653312,50,1,0,1
1587496,50,1,1,0
154688,50,1,0,1
85840,50,1,1,0
2741880,50,1,0,1
8064752,50,1,0,1
7121688,50,1,0,1
882408,50,1,1,0
2648040,50,1,0,1
650392,50,1,1,0
653888,50,1,1,0
2279432,50,1,0,1
896400,50,1,1,0
2647776,50,1,0,1
3762128,50,1,0,1
3340864,50,1,1,0
2698504,50,1,0,1
3152632,50,1,0,1
7553768,50,1,0,1
6619168,50,1,0,1
139368,50,1,0,1
7070488,50,1,1,0
1932320,50,1,1,0
3274272,50,1,0,1
7633632,50,1,1,0
7724360,50,1,1,0
798608,50,1,1,0
2586776,50,1,0,1
1318504,50,1,0,1
4971056,50,1,0,1
7932128,50,1,1,0
4425576,50,1,0,1
1819904,50,1,1,0
811928,50,1,1,0
1414440,50,1,0,1
644088,50,1,0,1
4242232,50,1,0,1
2216024,50,1,0,1
319256,50,1,0,1
1981632,50,1,1,0
916152,50,1,1,0
1185032,50,1,1,0
6418608,50,1,1,0
2804888,50,1,1,0
1317416,50,1,1,0
623896,50,1,0,1
532600,50,1,0,1
6605512,50,1,0,1
7377496,50,1,1,0
358920,50,1,0,1
938376,50,1,0,1
3196872,50,1,1,0
5624576,50,1,0,1
5747504,50,1,1,0
3864152,50,1,0,1
585800,50,1,1,0
218920,50,1,0,1
5422248,50,1,0,1
1467480,50,1,1,0
1104208,50,1,1,0
1024232,50,1,1,0
795360,50,1,1,0
5888760,50,1,1,0
1578264,50,1,1,0
482744,50,1,1,0
4095896,50,1,1,0
2396256,50,1,0,1
4357168,50,1,1,0
2885872,50,1,0,1
2154672,50,1,0,1
5167624,50,1,0,1
2297808,50,1,0,1
4218208,50,1,1,0
6302752,50,1,1,0
4605368,50,1,0,1
5399320,50,1,0,1
1010376,50,1,0,1
767496,50,1,1,0
7658680,50,1,0,1
2130320,50,1,0,1
1125872,50,1,1,0
233056,50,1,0,1
7834456,50,1,0,1
5864224,50,1,1,0
8146520,50,1,0,1
1420168,50,1,0,1
6339240,50,1,1,0
6862104,50,1,1,0
7862024,50,1,0,1
878848,50,1,1,0
4906552,50,1,1,0
3314336,50,1,0,1
2535232,50,1,0,1
2508216,50,1,1,0
7212136,50,1,0,1
540528,50,1,0,1
5317104,50,1,1,0
431616,50,1,0,1
1609232,50,1,1,0
4062600,50,1,0,1
3569304,50,1,1,0
6092520,50,1,0,1
6967224,50,1,1,0
457336,50,1,1,0
7393088,50,1,0,1
6053304,50,1,1,0
2230584,50,1,1,0
1288760,50,1,0,1
1146688,50,1,0,1
2304312,50,1,0,1
2383080,50,1,0,1
6780472,50,1,1,0
4600376,50,1,1,0
481112,50,1,1,0
334592,50,1,0,1
1680520,50,1,0,1
908216,50,1,1,0
6468288,50,1,0,1
3503440,50,1,1,0
2569128,50,1,0,1
8047168,50,1,1,0
1032320,50,1,1,0
1165928,50,1,1,0
3753200,50,1,1,0
5323200,50,1,0,1
283368,50,1,1,0
7333464,50,1,0,1
168664,50,1,1,0
766440,50,1,0,1
2434496,50,1,1,0
620448,50,1,0,1
2776880,50,1,1,0
3059912,50,1,1,0
1546520,50,1,0,1
1299440,50,1,1,0
2509488,50,1,0,1
2031760,50,1,0,1
2405744,50,1,1,0
3572840,50,1,1,0
3051896,50,1,1,0
419432,50,1,0,1
4822216,50,1,0,1
2323048,50,1,1,0
1698720,50,1,0,1
4729296,50,1,0,1
4347368,50,1,1,0
4189320,50,1,1,0
1682928,50,1,1,0
88072,50,1,1,0
1077424,50,1,0,1
3084392,50,1,1,0
4465896,50,1,1,0
2137088,50,1,1,0
7862736,50,1,0,1
5767624,50,1,0,1
1204200,50,1,0,1
1666872,50,1,1,0
5837704,50,1,0,1
5493352,50,1,1,0
1115344,50,1,0,1
2194376,50,1,0,1
2612416,50,1,0,1
710224,50,1,1,0
249456,50,1,1,0
3863120,50,1,1,0
2846680,50,1,1,0
2067624,50,1,0,1
8137688,50,1,0,1
1036272,50,1,1,0
3079776,50,1,0,1
3136744,50,1,0,1
2005856,50,1,0,1
7336976,50,1,0,1
5804064,50,1,0,1
5428248,50,1,1,0
8289696,50,1,0,1
660144,50,1,1,0
3930248,50,1,1,0
4273808,50,1,0,1
518856,50,1,1,0
5228832,50,1,0,1
1619136,50,1,1,0
3539064,50,1,1,0
3389608,50,1,1,0
2719904,50,1,1,0
267776,50,1,1,0
2971912,50,1,1,0
4282936,50,1,0,1
7461064,50,1,1,0
3562800,50,1,1,0
3341984,50,1,0,1
244368,50,1,1,0
7856128,50,1,1,0
3061560,50,1,0,1
1239784,50,1,1,0
2799128,50,1,1,0
5826128,50,1,0,1
635728,50,1,1,0
1740968,50,1,1,0
2205496,50,1,0,1
654024,50,1,1,0
1126040,50,1,0,1
2242168,50,1,1,0
157088,50,1,1,0
719592,50,1,1,0
1953376,50,1,0,1
3094384,50,1,1,0
414920,50,1,0,1
1556832,50,1,0,1
257472,50,1,0,1
6176352,50,1,1,0
797304,50,1,1,0
1014280,50,1,0,1
5730280,50,1,1,0
5491496,50,1,1,0
6966576,50,1,0,1
2156832,50,1,0,1
659152,50,1,0,1
5253504,50,1,0,1
563320,50,1,0,1
2603600,50,1,0,1
5498264,50,1,0,1
6259536,50,1,0,1
1340856,50,1,1,0
1796768,50,1,0,1
2606792,50,1,0,1
997600,50,1,0,1
5780008,50,1,0,1
2592976,50,1,0,1
6472096,50,1,0,1
2354216,50,1,0,1
2860536,50,1,1,0
8289416,50,1,0,1
4447112,50,1,0,1
4390128,50,1,0,1
3111320,50,1,1,0
589200,50,1,0,1
5428544,50,1,1,0
826040,50,1,0,1
420856,50,1,0,1
4025008,50,1,0,1
2062528,50,1,0,1
602064,50,1,1,0
3897416,50,1,0,1
6713208,50,1,0,1
1372304,50,1,1,0
4711984,50,1,0,1
4052480,50,1,0,1
3597120,50,1,1,0
1994608,50,1,1,0
1533344,50,1,0,1
542512,50,1,0,1
730112,50,1,1,0
1052864,50,1,0,1
4320664,50,1,0,1
209560,50,1,0,1
5223728,50,1,1,0
591848,50,1,0,1
2067336,50,1,1,0
2291456,50,1,0,1
3714728,50,1,1,0
1172688,50,1,1,0
1800608,50,1,0,1
3145800,50,1,1,0
386272,50,1,0,1
4522168,50,1,0,1
6376808,50,1,1,0
1109288,50,1,0,1
3208144,50,1,1,0
3659424,50,1,0,1
5005048,50,1,0,1
1305016,50,1,1,0
4463192,50,1,1,0
3886920,50,1,1,0
6324560,50,1,1,0
3869264,50,1,1,0
3190248,50,1,0,1
640856,50,1,0,1
7697728,50,1,0,1
7986056,50,1,1,0
4971456,50,1,1,0
539888,50,1,0,1
2455744,50,1,1,0
319944,50,1,1,0
4194880,50,1,0,1
7745104,50,1,1,0
4827472,50,1,0,1
1800944,50,1,1,0
2741216,50,1,1,0
1383648,50,1,1,0
1241536,50,1,0,1
3688304,50,1,0,1
5415192,50,1,0,1
1244608,50,1,0,1
1980240,50,1,0,1
307376,50,1,1,0
2550776,50,1,0,1
706272,50,1,1,0
4809424,50,1,1,0
7873872,50,1,1,0
4891368,50,1,0,1
3833848,50,1,0,1
1010488,50,1,0,1
3753456,50,1,0,1
571384,50,1,1,0
3999024,50,1,1,0
1207248,50,1,0,1
4085000,50,1,1,0
4444584,50,1,0,1
2036416,50,1,1,0
1421784,50,1,0,1
7569544,50,1,1,0
2441968,50,1,1,0
1466280,50,1,1,0
3806184,50,1,1,0
3057568,50,1,0,1
328816,50,1,1,0
4498464,50,1,1,0
1691744,50,1,0,1
3695576,50,1,1,0
4103832,50,1,0,1
441320,50,1,1,0
873592,50,1,0,1
7855112,50,1,0,1
7837896,50,1,1,0
6477208,50,1,0,1
4906240,50,1,0,1
6888720,50,1,1,0
2156208,50,1,1,0
3609120,50,1,0,1
3561416,50,1,0,1
1851304,50,1,0,1
5629808,50,1,1,0
6737232,50,1,0,1
768896,50,1,0,1
4416160,50,1,0,1
335272,50,1,1,0
5581912,50,1,0,1
5649584,50,1,0,1
6904264,50,1,1,0
6128640,50,1,1,0
1361936,50,1,0,1
1566304,50,1,1,0
5351272,50,1,0,1
3110408,50,1,0,1
3279312,50,1,0,1
1667744,50,1,1,0
542464,50,1,1,0
5311936,50,1,1,0
7629264,50,1,1,0
4786816,50,1,1,0
923512,50,1,0,1
1260176,50,1,1,0
3665432,50,1,1,0
2032096,50,1,0,1
387976,50,1,0,1
492928,50,1,0,1
3269432,50,1,0,1
371432,50,1,0,1
846136,50,1,0,1
1234320,50,1,0,1
700824,50,1,1,0
4811832,50,1,1,0
4402960,50,1,0,1
2885664,50,1,0,1
3588568,50,1,0,1
2804360,50,1,0,1
6047648,50,1,0,1
271552,50,1,1,0
648528,50,1,1,0
470360,50,1,0,1
6588920,50,1,0,1
1250456,50,1,1,0
6316832,50,1,0,1
6772272,50,1,1,0
5266520,50,1,1,0
5596360,50,1,0,1
708440,50,1,1,0
367648,50,1,1,0
1846976,50,1,0,1
6872608,50,1,1,0
2338832,50,1,0,1
2029744,50,1,1,0
573104,50,1,0,1
2430024,50,1,1,0
2186656,50,1,1,0
3945616,50,1,0,1
2024208,50,1,1,0
2790528,50,1,1,0
3934248,50,1,0,1
2004008,50,1,1,0
293304,50,1,0,1
2444752,50,1,1,0
1327656,50,1,1,0
4885776,50,1,1,0
7425968,50,1,1,0
2468464,50,1,1,0
1167064,50,1,1,0
1066264,50,1,0,1
5256824,50,1,0,1
751712,50,1,1,0
7039112,50,1,0,1
147624,50,1,1,0
875048,50,1,1,0
1999336,50,1,1,0
1106064,50,1,0,1
8339280,50,1,1,0
8054200,50,1,0,1
8327472,50,1,0,1
4478648,50,1,0,1
2910696,50,1,0,1
1880704,50,1,0,1
4448944,50,1,1,0
2201144,50,1,1,0
7863408,50,1,0,1
3074640,50,1,0,1
4467072,50,1,1,0
2214744,50,1,1,0
4050224,50,1,1,0
3514096,50,1,0,1
7416448,50,1,0,1
4557504,50,1,1,0
5856424,50,1,0,1
1870768,50,1,1,0
6305160,50,1,0,1
8098832,50,1,0,1
460856,50,1,1,0
1521192,50,1,1,0
3233432,50,1,0,1
453760,50,1,0,1
1259440,50,1,1,0
1980088,50,1,1,0
1708016,50,1,1,0
2018912,50,1,0,1
7030256,50,1,0,1
1214000,50,1,1,0
1475216,50,1,0,1
451792,50,1,0,1
2418888,50,1,0,1
8194320,50,1,0,1
618048,50,1,1,0
5909176,50,1,1,0
1458672,50,1,1,0
593536,50,1,1,0
3529456,50,1,1,0
1449976,50,1,1,0
7992392,50,1,1,0
2686216,50,1,1,0
5766824,50,1,1,0
1797680,50,1,1,0
1480984,50,1,0,1
450592,50,1,0,1
4197136,50,1,0,1
200368,50,1,1,0
2035568,50,1,1,0
6096872,50,1,1,0
6426864,50,1,0,1
197776,50,1,1,0
1253912,50,1,1,0
3050776,50,1,1,0
431096,50,1,0,1
1294080,50,1,0,1
3287016,50,1,1,0
6194928,50,1,0,1
200264,50,1,0,1
1199192,50,1,0,1
3846616,50,1,0,1
2488400,50,1,1,0
1857528,50,1,0,1
7578712,50,1,0,1
3103720,50,1,0,1
582640,50,1,1,0
383936,50,1,1,0
877144,50,1,1,0
1866696,50,1,0,1
2018224,50,1,1,0
3132928,50,1,0,1
2266352,50,1,1,0
490256,50,1,0,1
3669152,50,1,0,1
260856,50,1,0,1
1510464,50,1,1,0
107888,50,1,0,1
128720,50,1,1,0
5948744,50,1,1,0
1233800,50,1,0,1
5477848,50,1,1,0
959264,50,1,0,1
6655792,50,1,0,1
1374568,50,1,1,0
3221216,50,1,0,1
1413824,50,1,0,1
7041608,50,1,0,1
1926640,50,1,1,0
4109248,50,1,1,0
3137520,50,1,0,1
6914424,50,1,1,0
1793440,50,1,0,1
3352896,50,1,0,1
6996400,50,1,1,0
184768,50,1,0,1
2462824,50,1,0,1
6355656,50,1,0,1
3192648,50,1,0,1
6792544,50,1,1,0
7494720,50,1,1,0
3303072,50,1,1,0
6366208,50,1,0,1
294856,50,1,0,1
1112192,50,1,1,0
215296,50,1,1,0
3751736,50,1,1,0
1343536,50,1,0,1
1497952,50,1,0,1
7658936,50,1,1,0
3227016,50,1,1,0
1897168,50,1,0,1
964960,50,1,0,1
3867816,50,1,0,1
2757056,50,1,0,1
6729360,50,1,1,0
2397944,50,1,0,1
4338088,50,1,1,0
2460760,50,1,0,1
1089672,50,1,1,0
5819992,50,1,1,0
459656,50,1,1,0
178432,50,1,1,0
661600,50,1,0,1
4144704,50,1,1,0
8310512,50,1,1,0
4129568,50,1,0,1
1641464,50,1,0,1
7725632,50,1,1,0
7812144,50,1,1,0
6674216,50,1,1,0
418832,50,1,0,1
512584,50,1,1,0
437744,50,1,0,1
3847176,50,1,1,0
3592512,50,1,1,0
408816,50,1,0,1
1983960,50,1,0,1
156968,50,1,0,1
958424,50,1,0,1
3827616,50,1,0,1
2011672,50,1,0,1
2468056,50,1,1,0
262624,50,1,1,0
4240472,50,1,0,1
884104,50,1,0,1
448736,50,1,1,0
3684760,50,1,0,1
420880,50,1,0,1
358080,50,1,1,0
2771208,50,1,1,0
4295256,50,1,0,1
2207296,50,1,0,1
3224088,50,1,1,0
875136,50,1,1,0
893512,50,1,0,1
1442832,50,1,1,0
3654296,50,1,1,0
2367536,50,1,1,0
499264,50,1,0,1
6080720,50,1,1,0
6311880,50,1,0,1
1600480,50,1,0,1
1480112,50,1,1,0
2972904,50,1,0,1
2141840,50,1,1,0
1836568,50,1,1,0
4895488,50,1,0,1
446200,50,1,1,0
206640,50,1,0,1
2295376,50,1,1,0
2919984,50,1,0,1
4683664,50,1,1,0
141064,50,1,0,1
5095584,50,1,1,0
3519912,50,1,0,1
3592936,50,1,0,1
5736048,50,1,0,1
1143008,50,1,0,1
6492744,50,1,1,0
4189856,50,1,1,0
2035128,50,1,0,1
4922360,50,1,0,1
1706168,50,1,1,0
1005992,50,1,0,1
874048,50,1,0,1
2167456,50,1,1,0
3784760,50,1,0,1
6621248,50,1,1,0
1429560,50,1,0,1
1773552,50,1,0,1
7741376,50,1,1,0
2703848,50,1,0,1
1030536,50,1,0,1
3436496,50,1,0,1
897520,50,1,1,0
3576104,50,1,0,1
3356744,50,1,1,0
618776,50,1,0,1
2240968,50,1,0,1
6694112,50,1,0,1
3060112,50,1,0,1
313384,50,1,0,1
2027720,50,1,0,1
260408,50,1,0,1
1826168,50,1,1,0
7001536,50,1,0,1
654208,50,1,1,0
3829840,50,1,1,0
1681880,50,1,0,1
5170536,50,1,0,1
2245872,50,1,1,0
3828416,50,1,1,0
8002296,50,1,0,1
4339696,50,1,0,1
3625816,50,1,1,0
8026912,50,1,0,1
468296,50,1,1,0
7372640,50,1,1,0
1134480,50,1,1,0
3367744,50,1,0,1
2451784,50,1,1,0
5003216,50,1,0,1
4671400,50,1,1,0
679696,50,1,1,0
402888,50,1,0,1
6096888,50,1,1,0
955952,50,1,0,1
127184,50,1,1,0
6738976,50,1,1,0
1449024,50,1,1,0
4275008,50,1,1,0
8269696,50,1,1,0
1830536,50,1,1,0
1122672,50,1,1,0
6171800,50,1,0,1
1271104,50,1,0,1
269944,50,1,0,1
1059960,50,1,1,0
3006352,50,1,0,1
5181744,50,1,0,1
1077056,50,1,1,0
4808624,50,1,1,0
1213280,50,1,0,1
3211624,50,1,0,1
1186904,50,1,1,0
465048,50,1,1,0
4251608,50,1,0,1
966160,50,1,0,1
7671088,50,1,1,0
3891400,50,1,1,0
2967728,50,1,0,1
6962728,50,1,1,0
4203944,50,1,0,1
7967424,50,1,1,0
3689400,50,1,0,1
2755248,50,1,1,0
6791880,50,1,0,1
3010728,50,1,1,0
6577496,50,1,0,1
5346424,50,1,1,0
3916464,50,1,0,1
593656,50,1,0,1
7750640,50,1,0,1
7735808,50,1,1,0
3314384,50,1,0,1
2439544,50,1,1,0
5470072,50,1,1,0
1793856,50,1,1,0
7648696,50,1,1,0
2110232,50,1,0,1
2339016,50,1,1,0
453640,50,1,1,0
341320,50,1,0,1
242888,50,1,1,0
3186160,50,1,1,0
2655768,50,1,1,0
7528216,50,1,1,0
1043792,50,1,0,1
3002464,50,1,0,1
3351008,50,1,0,1
3952072,50,1,0,1
7639680,50,1,1,0
2653752,50,1,1,0
6573072,50,1,0,1
7329856,50,1,0,1
2724072,50,1,0,1
3216536,50,1,0,1
3709440,50,1,1,0
1415088,50,1,0,1
2923568,50,1,0,1
1996528,50,1,0,1
1067816,50,1,0,1
734280,50,1,0,1
4320976,50,1,0,1
2666864,50,1,0,1
3043128,50,1,1,0
6096656,50,1,0,1
1124104,50,1,1,0
2437168,50,1,0,1
2059280,50,1,1,0
2498472,50,1,0,1
4349808,50,1,1,0
763088,50,1,0,1
4385304,50,1,0,1
3078824,50,1,1,0
1816560,50,1,0,1
197336,50,1,1,0
3189144,50,1,0,1
3876128,50,1,0,1
1037520,50,1,0,1
3260096,50,1,0,1
4502016,50,1,1,0
4315232,50,1,1,0
6251280,50,1,0,1
954120,50,1,1,0
1088032,50,1,0,1
1621520,50,1,0,1
840632,50,1,0,1
3269416,50,1,1,0
1135856,50,1,0,1
8039736,50,1,0,1
5010608,50,1,0,1
818240,50,1,1,0
3159272,50,1,1,0
7829856,50,1,1,0
4203872,50,1,1,0
268368,50,1,1,0
1050080,50,1,1,0
961800,50,1,1,0
207168,50,1,1,0
990168,50,1,1,0
2770664,50,1,0,1
4881280,50,1,1,0
1456208,50,1,0,1
3021240,50,1,0,1
1042048,50,1,0,1
7084624,50,1,0,1
1545800,50,1,1,0
1058600,50,1,0,1
3103032,50,1,0,1
2674680,50,1,1,0
1352152,50,1,1,0
7541920,50,1,0,1
2145736,50,1,1,0
7613984,50,1,1,0
136504,50,1,1,0
2043408,50,1,0,1
2223336,50,1,0,1
2332648,50,1,0,1
6603392,50,1,1,0
1898016,50,1,0,1
1763032,50,1,0,1
3861480,50,1,1,0
1815744,50,1,1,0
758744,50,1,0,1
7181480,50,1,1,0
1130712,50,1,1,0
4547416,50,1,1,0
172432,50,1,1,0
5752072,50,1,0,1
3662760,50,1,1,0
634632,50,1,0,1
868768,50,1,0,1
3850432,50,1,1,0
6168408,50,1,0,1
558864,50,1,0,1
2679488,50,1,1,0
5602024,50,1,1,0
96640,50,1,1,0
1069768,50,1,1,0
2214632,50,1,0,1
6838144,50,1,1,0
737608,50,1,0,1
5758120,50,1,1,0
3050928,50,1,1,0
5797960,50,1,1,0
6667440,50,1,1,0
3272600,50,1,0,1
571976,50,1,0,1
4778032,50,1,1,0
6750232,50,1,0,1
1216744,50,1,0,1
3095960,50,1,1,0
297232,50,1,1,0
1845872,50,1,0,1
3874464,50,1,1,0
273472,50,1,0,1
2021680,50,1,1,0
463592,50,1,1,0
279784,50,1,0,1
957936,50,1,0,1
2692384,50,1,0,1
1043096,50,1,0,1
4029272,50,1,0,1
375664,50,1,0,1
4301008,50,1,1,0
4457584,50,1,1,0
691080,50,1,0,1
1942024,50,1,0,1
129512,50,1,1,0
504624,50,1,1,0
8036184,50,1,0,1
544112,50,1,1,0
4535920,50,1,0,1
2860528,50,1,1,0
3267920,50,1,1,0
968736,50,1,1,0
2021136,50,1,0,1
644728,50,1,0,1
7726784,50,1,0,1
724384,50,1,1,0
4501944,50,1,1,0
1453640,50,1,1,0
1512504,50,1,1,0
3884392,50,1,1,0
971272,50,1,0,1
2900576,50,1,0,1
7433968,50,1,1,0
4226712,50,1,0,1
6785392,50,1,1,0
669632,50,1,1,0
5033152,50,1,1,0
2685160,50,1,1,0
4503072,50,1,0,1
6926992,50,1,0,1
2729848,50,1,1,0
2293048,50,1,0,1
6500312,50,1,0,1
465296,50,1,1,0
182264,50,1,1,0
1147992,50,1,1,0
2044496,50,1,1,0
7559656,50,1,1,0
5835328,50,1,0,1
434232,50,1,0,1
5127392,50,1,0,1
1719120,50,1,1,0
7793512,50,1,1,0
1768088,50,1,1,0
230888,50,1,1,0
6995920,50,1,0,1
701568,50,1,0,1
2688576,50,1,1,0
7223888,50,1,1,0
6802280,50,1,1,0
1247712,50,1,1,0
545496,50,1,0,1
2181312,50,1,1,0
4788632,50,1,0,1
605120,50,1,0,1
3646648,50,1,1,0
1894568,50,1,0,1
4801072,50,1,1,0
1373944,50,1,0,1
262792,50,1,0,1
661272,50,1,0,1
2864680,50,1,0,1
4837552,50,1,0,1
349496,50,1,0,1
1426904,50,1,1,0
5846576,50,1,0,1
1128144,50,1,1,0
3506544,50,1,1,0
2317552,50,1,0,1
7696656,50,1,1,0
3176824,50,1,0,1
1370096,50,1,1,0
4627680,50,1,1,0
677952,50,1,1,0
809280,50,1,1,0
805536,50,1,0,1
7439592,50,1,0,1
4368352,50,1,1,0
2487784,50,1,1,0
1743752,50,1,0,1
8192264,50,1,1,0
475848,50,1,1,0
2298000,50,1,1,0
3462776,50,1,0,1
1436264,50,1,1,0
4119064,50,1,1,0
2144648,50,1,0,1
6138152,50,1,0,1
3547064,50,1,0,1
6976376,50,1,0,1
5013232,50,1,0,1
1279472,50,1,1,0
501976,50,1,0,1
2422152,50,1,0,1
6152728,50,1,0,1
7138456,50,1,0,1
4060024,50,1,1,0
699080,50,1,0,1
225144,50,1,0,1
404920,50,1,0,1
3232320,50,1,1,0
2521792,50,1,0,1
325824,50,1,0,1
649816,50,1,0,1
7402344,50,1,1,0
261560,50,1,0,1
598504,50,1,0,1
1832656,50,1,0,1
1668704,50,1,1,0
8020480,50,1,1,0
2126392,50,1,1,0
453320,50,1,0,1
2551840,50,1,0,1
8003016,50,1,1,0
5514320,50,1,0,1
2090008,50,1,1,0
7241672,50,1,1,0
8250168,50,1,0,1
2503768,50,1,1,0
2003000,50,1,1,0
360792,50,1,1,0
7090568,50,1,1,0
2444648,50,1,0,1
288536,50,1,1,0
1083544,50,1,1,0
308984,50,1,1,0
1802088,50,1,1,0
141536,50,1,0,1
3305408,50,1,1,0
1870168,50,1,1,0
7018608,50,1,1,0
934016,50,1,0,1
3589968,50,1,1,0
3221496,50,1,1,0
1589456,50,1,1,0
1563688,50,1,1,0
2557368,50,1,0,1
1362216,50,1,1,0
2443688,50,1,0,1
3755864,50,1,0,1
5995688,50,1,1,0
351536,50,1,1,0
694560,50,1,0,1
1390688,50,1,0,1
1788536,50,1,1,0
332672,50,1,1,0
3332808,50,1,1,0
242104,50,1,0,1
8018704,50,1,1,0
420048,50,1,0,1
3067472,50,1,1,0
3296296,50,1,0,1
2669240,50,1,1,0
7607080,50,1,0,1
7327272,50,1,0,1
3216904,50,1,0,1
1515712,50,1,1,0
660184,50,1,0,1
4584168,50,1,0,1
3307968,50,1,0,1
8384624,50,1,0,1
3371224,50,1,1,0
5560480,50,1,1,0
5525096,50,1,1,0
1827616,50,1,1,0
1556208,50,1,1,0
304504,50,1,1,0
1574640,50,1,0,1
1750776,50,1,0,1
2966848,50,1,0,1
1181856,50,1,0,1
6162528,50,1,1,0
2660296,50,1,0,1
1659728,50,1,1,0
1071592,50,1,1,0
1948328,50,1,1,0
3325464,50,1,0,1
2111608,50,1,1,0
7307624,50,1,1,0
2503952,50,1,0,1
324896,50,1,1,0
3692456,50,1,1,0
8269640,50,1,1,0
879024,50,1,1,0
3172544,50,1,1,0
7452232,50,1,0,1
706752,50,1,0,1
1418520,50,1,1,0
1675088,50,1,0,1
366912,50,1,1,0
1387544,50,1,1,0
674488,50,1,1,0
1615776,50,1,0,1
2667592,50,1,1,0
817624,50,1,1,0
1959824,50,1,0,1
4785776,50,1,0,1
7015184,50,1,1,0
475200,50,1,0,1
720496,50,1,1,0
283392,50,1,0,1
2352400,50,1,0,1
1399072,50,1,0,1
5637088,50,1,1,0
4742208,50,1,1,0
7699000,50,1,0,1
1046008,50,1,0,1
3232368,50,1,1,0
854744,50,1,1,0
6092824,50,1,1,0
1627624,50,1,1,0
3381616,50,1,1,0
3806944,50,1,1,0
640008,50,1,0,1
3239864,50,1,0,1
6441992,50,1,1,0
3452056,50,1,0,1
4588904,50,1,0,1
454824,50,1,0,1
3351456,50,1,1,0
4684368,50,1,0,1
7199040,50,1,0,1
889544,50,1,1,0
881904,50,1,1,0
3095056,50,1,1,0
1933096,50,1,1,0
940424,50,1,0,1
473760,50,1,1,0
1236824,50,1,0,1
2626080,50,1,0,1
5980696,50,1,0,1
582152,50,1,0,1
365744,50,1,0,1
3708304,50,1,1,0
1303640,50,1,0,1
4711544,50,1,0,1
4914680,50,1,0,1
7189128,50,1,0,1
2441168,50,1,0,1
1156584,50,1,0,1
5060600,50,1,1,0
1702800,50,1,0,1
2313000,50,1,1,0
708880,50,1,1,0
2924632,50,1,0,1
1007584,50,1,1,0
1291960,50,1,0,1
5570904,50,1,0,1
870912,50,1,0,1
3549200,50,1,1,0
4469792,50,1,0,1
1890584,50,1,1,0
996544,50,1,1,0
4133440,50,1,1,0
994304,50,1,0,1
8334632,50,1,0,1
2118544,50,1,1,0
3016120,50,1,1,0
4278672,50,1,1,0
645024,50,1,0,1
3498304,50,1,0,1
1284672,50,1,0,1
7393704,50,1,0,1
777688,50,1,1,0
3880800,50,1,1,0
529176,50,1,1,0
6761176,50,1,0,1
6199632,50,1,0,1
676312,50,1,1,0
950040,50,1,1,0
1340664,50,1,1,0
6945520,50,1,0,1
3062920,50,1,1,0
2894808,50,1,1,0
260416,50,1,0,1
417304,50,1,1,0
289184,50,1,1,0
851800,50,1,0,1
236632,50,1,1,0
1746056,50,1,0,1
7065400,50,1,1,0
349328,50,1,1,0
2577536,50,1,1,0
3802040,50,1,1,0
1521888,50,1,1,0
1996584,50,1,0,1
2669824,50,1,0,1
556384,50,1,1,0
2187448,50,1,1,0
7302120,50,1,0,1
294232,50,1,1,0
1340216,50,1,1,0
1286352,50,1,1,0
3692424,50,1,0,1
5847232,50,1,0,1
318424,50,1,0,1
2133808,50,1,0,1
1766024,50,1,0,1
7391968,50,1,1,0
334792,50,1,0,1
3923336,50,1,1,0
950304,50,1,0,1
240080,50,1,1,0
693904,50,1,1,0
4774848,50,1,0,1
3665896,50,1,1,0
4424496,50,1,1,0
790080,50,1,1,0
880744,50,1,1,0
6476344,50,1,0,1
701400,50,1,0,1
456072,50,1,0,1
4376976,50,1,1,0
447960,50,1,1,0
1044328,50,1,1,0
1346856,50,1,1,0
4934704,50,1,1,0
4422720,50,1,0,1
315432,50,1,0,1
8246880,50,1,1,0
1792160,50,1,0,1
7172704,50,1,0,1
331728,50,1,0,1
419032,50,1,0,1
5687832,50,1,1,0
7886352,50,1,0,1
850080,50,1,0,1
162368,50,1,0,1
938032,50,1,1,0
2879632,50,1,0,1
2430584,50,1,1,0
821832,50,1,0,1
736512,50,1,1,0
4423328,50,1,0,1
3671792,50,1,0,1
887920,50,1,1,0
7087104,50,1,0,1
384376,50,1,0,1
964168,50,1,1,0
7251128,50,1,1,0
2503704,50,1,1,0
2632368,50,1,0,1
8065904,50,1,1,0
5370344,50,1,0,1
2709864,50,1,1,0
972984,50,1,1,0
1346504,50,1,1,0
172064,50,1,0,1
1016448,50,1,0,1
993120,50,1,1,0
2065600,50,1,0,1
7279896,50,1,1,0
2950392,50,1,0,1
4060648,50,1,0,1
2075784,50,1,1,0
1173688,50,1,0,1
598296,50,1,0,1
1741968,50,1,0,1
2970560,50,1,1,0
2987560,50,1,0,1
4145320,50,1,0,1
440568,50,1,0,1
327744,50,1,1,0
1000376,50,1,0,1
522096,50,1,0,1
514464,50,1,1,0
282096,50,1,0,1
696192,50,1,0,1
1251496,50,1,0,1
2562448,50,1,0,1
5914256,50,1,0,1
5727896,50,1,1,0
3710352,50,1,1,0
3236024,50,1,1,0
256424,50,1,1,0
552544,50,1,1,0
6829928,50,1,0,1
844920,50,1,0,1
6186752,50,1,1,0
466664,50,1,0,1
1161968,50,1,1,0
568280,50,1,1,0
1832120,50,1,0,1
2844816,50,1,0,1
1257352,50,1,0,1
7207544,50,1,1,0
571392,50,1,0,1
6792504,50,1,0,1
414952,50,1,1,0
629280,50,1,0,1
389128,50,1,0,1
4751368,50,1,0,1
2813904,50,1,1,0
5052928,50,1,1,0
2850480,50,1,0,1
3209912,50,1,1,0
1042240,50,1,1,0
5583824,50,1,0,1
6289200,50,1,0,1
1968880,50,1,1,0
2189072,50,1,1,0
1410104,50,1,0,1
4376144,50,1,1,0
4675376,50,1,1,0
2253592,50,1,0,1
1920600,50,1,1,0
171176,50,1,0,1
1115416,50,1,0,1
4776048,50,1,0,1
1199808,50,1,0,1
1242840,50,1,1,0
4189176,50,1,0,1
6646232,50,1,0,1
1133472,50,1,1,0
1435688,50,1,1,0
2375888,50,1,1,0
453864,50,1,0,1
2993688,50,1,1,0
3223312,50,1,1,0
3771136,50,1,0,1
1078808,50,1,0,1
8188232,50,1,0,1
4896832,50,1,1,0
1625568,50,1,1,0
603136,50,1,1,0
1305456,50,1,0,1
2068544,50,1,0,1
931448,50,1,0,1
1178096,50,1,1,0
3974520,50,1,0,1
7491768,50,1,0,1
1096576,50,1,1,0
3516088,50,1,1,0
2453112,50,1,1,0
1692816,50,1,1,0
3194136,50,1,0,1
7127032,50,1,1,0
1316624,50,1,0,1
303664,50,1,0,1
648592,50,1,0,1
1443016,50,1,1,0
2497616,50,1,1,0
2940864,50,1,1,0
613344,50,1,0,1
4926736,50,1,0,1
316096,50,1,1,0
1263352,50,1,0,1
1149480,50,1,0,1
1720728,50,1,0,1
3232360,50,1,1,0
7543720,50,1,1,0
1149744,50,1,1,0
4161824,50,1,0,1
3109264,50,1,1,0
135760,50,1,1,0
7591192,50,1,1,0
1467560,50,1,1,0
633880,50,1,0,1
348984,50,1,0,1
2059472,50,1,0,1
7647048,50,1,1,0
7291976,50,1,1,0
8078544,50,1,1,0
1440032,50,1,1,0
1754472,50,1,1,0
1687320,50,1,0,1
5907344,50,1,0,1
1019968,50,1,1,0
2045816,50,1,0,1
2789064,50,1,0,1
419640,50,1,1,0
2924104,50,1,1,0
5485520,50,1,1,0
7860192,50,1,1,0
1457272,50,1,1,0
4384392,50,1,1,0
2905272,50,1,1,0
722840,50,1,0,1
3771992,50,1,1,0
702744,50,1,1,0
2614472,50,1,1,0
3168640,50,1,1,0
1178408,50,1,1,0
1205000,50,1,0,1
3107928,50,1,0,1
282312,50,1,0,1
345328,50,1,1,0
3481344,50,1,1,0
7274496,50,1,1,0
1251072,50,1,0,1
359872,50,1,0,1
3355048,50,1,1,0
3766152,50,1,1,0
608504,50,1,0,1
545192,50,1,1,0
7674312,50,1,1,0
2970104,50,1,1,0
1140304,50,1,0,1
2743616,50,1,1,0
2962160,50,1,0,1
741360,50,1,0,1
2192800,50,1,0,1
1262312,50,1,0,1
3424664,50,1,0,1
5282416,50,1,1,0
4082040,50,1,1,0
6237784,50,1,1,0
3066272,50,1,0,1
4222128,50,1,0,1
1596296,50,1,1,0
4420672,50,1,1,0
4941544,50,1,1,0
1000208,50,1,0,1
3211040,50,1,1,0
1541640,50,1,1,0
461528,50,1,0,1
1066536,50,1,1,0
1292696,50,1,1,0
4655368,50,1,1,0
1897520,50,1,0,1
1099448,50,1,1,0
3769840,50,1,0,1
2732040,50,1,1,0
388680,50,1,1,0
1790392,50,1,1,0
7150040,50,1,0,1
1144968,50,1,0,1
3158664,50,1,1,0
188064,50,1,1,0
5552080,50,1,1,0
3199664,50,1,0,1
4619640,50,1,1,0
3540112,50,1,0,1
881864,50,1,0,1
7183800,50,1,1,0
5501160,50,1,1,0
1182376,50,1,0,1
2372248,50,1,1,0
1971712,50,1,0,1
277336,50,1,0,1
5279872,50,1,1,0
3279400,50,1,0,1
5417344,50,1,1,0
8308840,50,1,0,1
1470184,50,1,1,0
1030480,50,1,0,1
1549416,50,1,0,1
4053312,50,1,1,0
99408,50,1,0,1
8055912,50,1,1,0
1226400,50,1,0,1
6370440,50,1,1,0
872728,50,1,1,0
773608,50,1,0,1
6671480,50,1,0,1
465760,50,1,1,0
2252888,50,1,1,0
4981712,50,1,1,0
3897224,50,1,0,1
2940024,50,1,1,0
256912,50,1,0,1
6138072,50,1,1,0
2154456,50,1,1,0
3905736,50,1,1,0
1932336,50,1,0,1
6453560,50,1,1,0
540120,50,1,1,0
7940424,50,1,0,1
407656,50,1,0,1
1785464,50,1,0,1
1928032,50,1,1,0
638104,50,1,0,1
6785432,50,1,1,0
2852704,50,1,0,1
1339640,50,1,0,1
2543424,50,1,0,1
2374912,50,1,0,1
2645832,50,1,1,0
2731976,50,1,0,1
482976,50,1,0,1
7776288,50,1,0,1
237576,50,1,1,0
2621536,50,1,1,0
7746400,50,1,0,1
8332976,50,1,1,0
3969600,50,1,0,1
3117064,50,1,1,0
1868952,50,1,0,1
2020608,50,1,0,1
3585816,50,1,0,1
3667320,50,1,0,1
4287400,50,1,0,1
4284144,50,1,1,0
3305200,50,1,0,1
6593848,50,1,0,1
6499680,50,1,1,0
5939424,50,1,0,1
1491400,50,1,1,0
4838392,50,1,0,1
4774320,50,1,1,0
4881736,50,1,1,0
437800,50,1,1,0
4449000,50,1,0,1
1585928,50,1,0,1
5951472,50,1,0,1
669664,50,1,1,0
1510856,50,1,1,0
5610088,50,1,1,0
2528128,50,1,1,0
1467288,50,1,1,0
769304,50,1,0,1
2317120,50,1,1,0
2631296,50,1,1,0
364752,50,1,1,0
1919920,50,1,0,1
2043128,50,1,1,0
624000,50,1,0,1
3887152,50,1,1,0
2974304,50,1,0,1
2483208,50,1,0,1
1107648,50,1,1,0
850256,50,1,1,0
1539928,50,1,1,0
4728944,50,1,0,1
3333264,50,1,1,0
3359312,50,1,1,0
2850568,50,1,1,0
7664016,50,1,1,0
3515896,50,1,1,0
7812080,50,1,0,1
5836304,50,1,1,0
931712,50,1,0,1
314680,50,1,0,1
255976,50,1,0,1
1432464,50,1,1,0
2588184,50,1,0,1
3129512,50,1,0,1
1553872,50,1,0,1
2296088,50,1,1,0
2536824,50,1,0,1
4810384,50,1,1,0
3646856,50,1,1,0
1165096,50,1,0,1
4664392,50,1,1,0
4948224,50,1,0,1
4599808,50,1,0,1
8220432,50,1,1,0
1027032,50,1,0,1
7307128,50,1,1,0
4653512,50,1,1,0
2944920,50,1,1,0
4052224,50,1,1,0
3545568,50,1,0,1
4223536,50,1,0,1
1260200,50,1,1,0
965008,50,1,1,0
6917608,50,1,0,1
1784488,50,1,1,0
2998360,50,1,1,0
722416,50,1,1,0
3043776,50,1,0,1
817368,50,1,1,0
2629584,50,1,1,0
1555840,50,1,0,1
385032,50,1,0,1
4662120,50,1,1,0
3441384,50,1,1,0
3478576,50,1,1,0
1840936,50,1,1,0
380312,50,1,0,1
2934824,50,1,0,1
2447024,50,1,1,0
692248,50,1,1,0
921600,50,1,1,0
1294328,50,1,1,0
5805616,50,1,1,0
6031184,50,1,0,1
1001144,50,1,1,0
1783392,50,1,1,0
1587272,50,1,0,1
4797984,50,1,0,1
6075360,50,1,0,1
259048,50,1,1,0
1563408,50,1,0,1
1326408,50,1,1,0
6405520,50,1,0,1
662072,50,1,0,1
3559856,50,1,1,0
150952,50,1,0,1
1585920,50,1,0,1
1579672,50,1,1,0
2856840,50,1,0,1
5662032,50,1,1,0
4558128,50,1,1,0
6853584,50,1,0,1
4643952,50,1,0,1
4942328,50,1,1,0
293584,50,1,1,0
580640,50,1,1,0
299664,50,1,0,1
5220016,50,1,0,1
1400072,50,1,1,0
4877320,50,1,0,1
5535392,50,1,0,1
652816,50,1,1,0
3497232,50,1,1,0
4808696,50,1,1,0
7033008,50,1,1,0
1200072,50,1,1,0
3715744,50,1,1,0
134416,50,1,0,1
362424,50,1,0,1
1634488,50,1,0,1
1472392,50,1,1,0
988280,50,1,1,0
3148040,50,1,1,0
487824,50,1,1,0
1702440,50,1,0,1
4689880,50,1,1,0
2060304,50,1,1,0
2495064,50,1,0,1
1238104,50,1,0,1
1877808,50,1,1,0
934360,50,1,1,0
1938152,50,1,1,0
2992504,50,1,0,1
1085016,50,1,0,1
8281536,50,1,0,1
1096240,51,1,1,0
944272,51,1,1,0
4955296,51,1,0,1
1396112,51,1,0,1
7565864,51,1,1,0
2830072,51,1,0,1
6086456,51,1,0,1
7282016,51,1,1,0
286512,51,1,0,1
1715312,51,1,1,0
1738672,51,1,0,1
7183160,51,1,1,0
2859344,51,1,1,0
2889048,51,1,0,1
4699128,51,1,1,0
1285416,51,1,1,0
4254128,51,1,1,0
2070368,51,1,0,1
2531672,51,1,1,0
781440,51,1,1,0
1801736,51,1,1,0
1083656,51,1,0,1
2747904,51,1,1,0
3987432,51,1,1,0
859224,51,1,0,1
822752,51,1,0,1
3481192,51,1,1,0
1187704,51,1,0,1
2417696,51,1,1,0
2329240,51,1,1,0
1224536,51,1,0,1
402840,51,1,1,0
2414984,51,1,1,0
511160,51,1,1,0
6033352,51,1,1,0
4876056,51,1,0,1
6517016,51,1,1,0
122160,51,1,1,0
1653096,51,1,0,1
3501184,51,1,0,1
5015648,51,1,1,0
2276360,51,1,1,0
6063200,51,1,0,1
4446616,51,1,0,1
1460680,51,1,1,0
861160,51,1,1,0
807464,51,1,0,1
1081072,51,1,1,0
1440232,51,1,0,1
6659168,51,1,0,1
2472272,51,1,0,1
595264,51,1,0,1
3304464,51,1,0,1
6882256,51,1,0,1
1759736,51,1,1,0
4781696,51,1,1,0
2830984,51,1,0,1
1482680,51,1,0,1
2802128,51,1,0,1
731064,51,1,0,1
1959960,51,1,1,0
1508640,51,1,1,0
4238696,51,1,1,0
4125304,51,1,0,1
1685368,51,1,0,1
2182304,51,1,0,1
3030472,51,1,1,0
432568,51,1,0,1
8235824,51,1,1,0
3502600,51,1,1,0
1359616,51,1,1,0
3042000,51,1,1,0
5194560,51,1,1,0
1195992,51,1,1,0
568640,51,1,1,0
1819704,51,1,0,1
6622960,51,1,0,1
4420560,51,1,0,1
3613416,51,1,0,1
922856,51,1,1,0
3726480,51,1,0,1
248432,51,1,0,1
693616,51,1,1,0
8301544,51,1,1,0
778472,51,1,0,1
4750272,51,1,0,1
4646544,51,1,0,1
5504712,51,1,0,1
1986912,51,1,1,0
1482128,51,1,0,1
1009576,51,1,0,1
5215176,51,1,0,1
565856,51,1,0,1
740152,51,1,1,0
1491752,51,1,1,0
3977696,51,1,0,1
341856,51,1,1,0
1267120,51,1,0,1
573304,51,1,1,0
626984,51,1,1,0
4077592,51,1,0,1
2270320,51,1,0,1
4471032,51,1,1,0
6311888,51,1,1,0
3556936,51,1,1,0
2645416,51,1,1,0
5750472,51,1,1,0
3775184,51,1,0,1
2790448,51,1,0,1
4506256,51,1,1,0
2541456,51,1,1,0
7298560,51,1,1,0
1061120,51,1,0,1
2974576,51,1,0,1
1446216,51,1,0,1
100712,51,1,1,0
163152,51,1,0,1
3536328,51,1,0,1
3721952,51,1,0,1
2239736,51,1,0,1
324992,51,1,1,0
3340416,51,1,0,1
377128,51,1,0,1
1278928,51,1,1,0
3955712,51,1,1,0
356072,51,1,0,1
458104,51,1,1,0
3369752,51,1,1,0
1275056,51,1,0,1
859720,51,1,1,0
7247352,51,1,1,0
3118888,51,1,1,0
579592,51,1,1,0
4683800,51,1,1,0
1118208,51,1,0,1
2721200,51,1,1,0
3265376,51,1,1,0
2461200,51,1,0,1
3350040,51,1,1,0
7685536,51,1,0,1
4186224,51,1,0,1
4779408,51,1,1,0
3823008,51,1,0,1
6736312,51,1,1,0
8281664,51,1,0,1
787816,51,1,1,0
1594808,51,1,1,0
347896,51,1,1,0
1529056,51,1,0,1
330320,51,1,0,1
5039760,51,1,0,1
1422264,51,1,1,0
6235288,51,1,0,1
7247168,51,1,1,0
4856056,51,1,1,0
308808,51,1,1,0
946240,51,1,0,1
2534584,51,1,0,1
2218488,51,1,1,0
468224,51,1,1,0
1003328,51,1,1,0
4077408,51,1,1,0
6157248,51,1,1,0
4418528,51,1,0,1
5888624,51,1,0,1
512680,51,1,0,1
5576640,51,1,0,1
2072896,51,1,0,1
2521576,51,1,0,1
7358592,51,1,1,0
460656,51,1,1,0
7099560,51,1,1,0
664016,51,1,1,0
2830368,51,1,0,1
3794784,51,1,0,1
5913968,51,1,1,0
4504632,51,1,1,0
7273480,51,1,0,1
5079312,51,1,1,0
5342920,51,1,1,0
4318456,51,1,0,1
1667184,51,1,0,1
1395712,51,1,0,1
1215728,51,1,0,1
2413216,51,1,1,0
708824,51,1,0,1
3199072,51,1,1,0
3553544,51,1,1,0
7675448,51,1,0,1
1601128,51,1,0,1
6892984,51,1,0,1
3420760,51,1,1,0
5333392,51,1,0,1
8002576,51,1,0,1
880536,51,1,1,0
2312768,51,1,0,1
339864,51,1,0,1
360832,51,1,1,0
674984,51,1,0,1
2142480,51,1,0,1
552328,51,1,1,0
2587808,51,1,1,0
1446864,51,1,0,1
5666824,51,1,0,1
1041320,51,1,0,1
551912,51,1,1,0
2584904,51,1,1,0
169616,51,1,1,0
3316360,51,1,1,0
2117848,51,1,1,0
975960,51,1,0,1
967008,51,1,0,1
8269360,51,1,0,1
4948240,51,1,1,0
1629376,51,1,0,1
1367512,51,1,0,1
4132128,51,1,0,1
730008,51,1,0,1
5011024,51,1,1,0
6818184,51,1,1,0
505048,51,1,1,0
501832,51,1,0,1
4569336,51,1,0,1
7145416,51,1,1,0
2967704,51,1,0,1
1282944,51,1,1,0
1550056,51,1,0,1
411592,51,1,1,0
1027224,51,1,0,1
3614152,51,1,1,0
2692808,51,1,0,1
601920,51,1,1,0
531632,51,1,1,0
411112,51,1,0,1
582056,51,1,1,0
1376696,51,1,0,1
3279256,51,1,0,1
8386848,51,1,0,1
1176104,51,1,1,0
776728,51,1,0,1
6587536,51,1,0,1
4001608,51,1,1,0
1515024,51,1,1,0
138480,51,1,1,0
414016,51,1,1,0
3472408,51,1,0,1
4175592,51,1,1,0
6415624,51,1,1,0
2569880,51,1,1,0
7162568,51,1,1,0
4885376,51,1,1,0
1125504,51,1,1,0
7896320,51,1,0,1
1336296,51,1,0,1
2837288,51,1,0,1
7083256,51,1,1,0
6931488,51,1,0,1
8284280,51,1,0,1
1776984,51,1,1,0
412192,51,1,1,0
549696,51,1,1,0
1075312,51,1,0,1
412248,51,1,0,1
6144528,51,1,0,1
1219112,51,1,1,0
1780336,51,1,1,0
7960536,51,1,1,0
1243856,51,1,0,1
4995376,51,1,0,1
806728,51,1,0,1
1912536,51,1,0,1
1748984,51,1,1,0
588064,51,1,0,1
127280,51,1,0,1
478392,51,1,0,1
1438168,51,1,0,1
2082704,51,1,0,1
1116768,51,1,1,0
2420704,51,1,0,1
856016,51,1,0,1
670656,51,1,1,0
303488,51,1,1,0
5785984,51,1,0,1
123152,51,1,1,0
6052336,51,1,0,1
1628160,51,1,0,1
1761760,51,1,1,0
808032,51,1,1,0
1108032,51,1,0,1
3380096,51,1,0,1
3491224,51,1,0,1
559600,51,1,0,1
725032,51,1,1,0
777440,51,1,1,0
1395320,51,1,1,0
5941760,51,1,0,1
4159224,51,1,1,0
6258608,51,1,0,1
6734784,51,1,0,1
86840,51,1,1,0
466328,51,1,1,0
484000,51,1,0,1
5671744,51,1,0,1
2443264,51,1,1,0
7495424,51,1,0,1
4174368,51,1,1,0
1722328,51,1,0,1
1082040,51,1,0,1
1529304,51,1,1,0
2221280,51,1,1,0
795488,51,1,0,1
2431104,51,1,1,0
2455472,51,1,1,0
576496,51,1,0,1
2718592,51,1,1,0
839976,51,1,1,0
3273520,51,1,0,1
6503608,51,1,0,1
2678192,51,1,0,1
2505344,51,1,0,1
673872,51,1,0,1
3375800,51,1,0,1
160088,51,1,0,1
340568,51,1,1,0
5656432,51,1,0,1
1808616,51,1,0,1
4024624,51,1,0,1
1994248,51,1,1,0
2563672,51,1,0,1
2110344,51,1,1,0
848432,51,1,0,1
591208,51,1,0,1
502624,51,1,0,1
933304,51,1,1,0
3628992,51,1,1,0
4806176,51,1,0,1
625208,51,1,0,1
1201696,51,1,0,1
6014960,51,1,0,1
2012704,51,1,1,0
4076664,51,1,0,1
1854712,51,1,0,1
5230152,51,1,1,0
2678144,51,1,0,1
352152,51,1,1,0
418816,51,1,0,1
844232,51,1,0,1
1806688,51,1,1,0
7761712,51,1,1,0
4242880,51,1,0,1
1797088,51,1,1,0
7871656,51,1,1,0
4653152,51,1,1,0
5899296,51,1,0,1
4799488,51,1,0,1
1020848,51,1,0,1
4259128,51,1,0,1
7202104,51,1,0,1
253072,51,1,0,1
7720336,51,1,1,0
1235896,51,1,0,1
2589200,51,1,1,0
2598480,51,1,0,1
2669480,51,1,1,0
1853432,51,1,0,1
1931448,51,1,1,0
529296,51,1,1,0
2129048,51,1,1,0
6322128,51,1,1,0
6839728,51,1,1,0
1619440,51,1,1,0
2125648,51,1,0,1
289648,51,1,0,1
885832,51,1,1,0
1218144,51,1,1,0
268224,51,1,0,1
546920,51,1,0,1
724256,51,1,1,0
1158560,51,1,0,1
1373992,51,1,0,1
5487960,51,1,0,1
5910608,51,1,0,1
1501536,51,1,0,1
4465096,51,1,1,0
2438240,51,1,1,0
404392,51,1,1,0
5110928,51,1,1,0
6553200,51,1,1,0
1714096,51,1,0,1
5543600,51,1,1,0
248864,51,1,1,0
603776,51,1,0,1
2189432,51,1,1,0
571872,51,1,1,0
280560,51,1,0,1
1958960,51,1,1,0
372552,51,1,1,0
6639920,51,1,0,1
3113560,51,1,1,0
5509424,51,1,1,0
424176,51,1,0,1
2934696,51,1,0,1
2878752,51,1,1,0
1187312,51,1,0,1
2636576,51,1,0,1
1638600,51,1,1,0
159720,51,1,0,1
450312,51,1,0,1
1011880,51,1,1,0
620544,51,1,0,1
630768,51,1,0,1
7999200,51,1,1,0
2532544,51,1,1,0
662088,51,1,1,0
3906728,51,1,0,1
5918848,51,1,0,1
2115904,51,1,1,0
3787072,51,1,1,0
5163384,51,1,1,0
393672,51,1,0,1
1205888,51,1,0,1
435112,51,1,1,0
462192,51,1,0,1
5411632,51,1,0,1
1421344,51,1,1,0
826240,51,1,1,0
782824,51,1,1,0
388584,51,1,0,1
5658744,51,1,0,1
2247376,51,1,0,1
4117936,51,1,0,1
690728,51,1,1,0
591080,51,1,0,1
4650160,51,1,1,0
7522344,51,1,1,0
4945776,51,1,0,1
853944,51,1,1,0
799464,51,1,0,1
5376024,51,1,0,1
292440,51,1,1,0
1061264,51,1,1,0
1471008,51,1,0,1
2149944,51,1,1,0
2762640,51,1,1,0
79632,51,1,1,0
4557016,51,1,1,0
1252296,51,1,1,0
2390712,51,1,1,0
3219528,51,1,1,0
1408872,51,1,1,0
4633128,51,1,1,0
6081344,51,1,1,0
2127136,51,1,1,0
4131120,51,1,1,0
527576,51,1,1,0
542408,51,1,1,0
1264504,51,1,0,1
6030024,51,1,1,0
518800,51,1,1,0
163264,51,1,1,0
2421536,51,1,1,0
763248,51,1,1,0
2666888,51,1,1,0
3603344,51,1,1,0
1508696,51,1,0,1
2047048,51,1,1,0
2641368,51,1,0,1
6757008,51,1,1,0
2154112,51,1,0,1
702784,51,1,0,1
2926032,51,1,1,0
1433008,51,1,0,1
522128,51,1,1,0
1183728,51,1,1,0
3225928,51,1,1,0
214592,51,1,1,0
3801120,51,1,0,1
5829336,51,1,0,1
7664328,51,1,1,0
314608,51,1,0,1
3242520,51,1,0,1
4648040,51,1,1,0
2248432,51,1,0,1
256496,51,1,0,1
1804840,51,1,1,0
1388104,51,1,0,1
7168664,51,1,0,1
1792072,51,1,0,1
3152448,51,1,1,0
1513296,51,1,1,0
1488632,51,1,1,0
2062352,51,1,0,1
6223128,51,1,0,1
2239896,51,1,0,1
2548824,51,1,0,1
462736,51,1,0,1
3895848,51,1,1,0
1674008,51,1,0,1
2628016,51,1,0,1
1368616,51,1,0,1
1055656,51,1,0,1
649912,51,1,1,0
281448,51,1,1,0
163056,51,1,1,0
162328,51,1,0,1
1070168,51,1,0,1
2670792,51,1,0,1
2206008,51,1,0,1
7259248,51,1,1,0
2953712,51,1,0,1
4033968,51,1,1,0
691888,51,1,0,1
2614240,51,1,1,0
471816,51,1,1,0
206496,51,1,1,0
8170208,51,1,0,1
5810896,51,1,0,1
5182488,51,1,0,1
3068632,51,1,0,1
6581456,51,1,0,1
963568,51,1,0,1
8327176,51,1,1,0
783136,51,1,1,0
5832000,51,1,0,1
4374040,51,1,1,0
5227584,51,1,1,0
3497208,51,1,1,0
3508368,51,1,0,1
4164240,51,1,1,0
126136,51,1,1,0
258800,51,1,0,1
5696024,51,1,1,0
3199712,51,1,1,0
2518448,51,1,1,0
621280,51,1,1,0
3027712,51,1,0,1
4186032,51,1,0,1
8294272,51,1,0,1
247824,51,1,0,1
4844856,51,1,1,0
2097416,51,1,1,0
1146288,51,1,1,0
247528,51,1,1,0
7346696,51,1,1,0
2548800,51,1,0,1
4392728,51,1,1,0
288256,51,1,0,1
2387184,51,1,0,1
765448,51,1,0,1
575504,51,1,1,0
513160,51,1,1,0
7009376,51,1,0,1
447120,51,1,1,0
184104,51,1,1,0
335512,51,1,0,1
3715896,51,1,0,1
1236960,51,1,0,1
1108024,51,1,1,0
2767936,51,1,1,0
1593256,51,1,0,1
4187712,51,1,0,1
3956032,51,1,0,1
702360,51,1,0,1
4478144,51,1,0,1
1995592,51,1,1,0
6819368,51,1,0,1
533080,51,1,1,0
289808,51,1,0,1
8085952,51,1,1,0
970360,51,1,1,0
5428584,51,1,1,0
1971384,51,1,1,0
7401160,51,1,0,1
1691560,51,1,0,1
3841032,51,1,1,0
934136,51,1,0,1
998384,51,1,1,0
578992,51,1,1,0
1039960,51,1,0,1
4865128,51,1,0,1
809176,51,1,1,0
2761504,51,1,0,1
3732616,51,1,0,1
1701520,51,1,1,0
8217592,51,1,1,0
548048,51,1,0,1
5105112,51,1,1,0
1555512,51,1,1,0
692432,51,1,1,0
4504832,51,1,0,1
627400,51,1,0,1
910728,51,1,0,1
1626160,51,1,0,1
1750488,51,1,1,0
1589576,51,1,0,1
2929592,51,1,1,0
7065536,51,1,0,1
2156384,51,1,1,0
546144,51,1,1,0
793048,51,1,0,1
1390680,51,1,1,0
8253768,51,1,0,1
7604352,51,1,0,1
2033344,51,1,1,0
301240,51,1,0,1
7452648,51,1,1,0
6680512,51,1,1,0
2783504,51,1,0,1
2139832,51,1,1,0
270064,51,1,1,0
2855728,51,1,0,1
305584,51,1,0,1
244384,51,1,1,0
218160,51,1,0,1
7570280,51,1,0,1
2303152,51,1,1,0
1372880,51,1,0,1
6915080,51,1,0,1
1112808,51,1,0,1
174856,51,1,0,1
2338864,51,1,1,0
6541368,51,1,0,1
4909392,51,1,1,0
4209816,51,1,0,1
3919960,51,1,0,1
7683624,51,1,1,0
7706752,51,1,0,1
6691872,51,1,0,1
2284840,51,1,1,0
630832,51,1,1,0
7229048,51,1,1,0
73096,51,1,0,1
7090952,51,1,1,0
472256,51,1,1,0
2041640,51,1,1,0
1676848,51,1,1,0
6341392,51,1,1,0
7943968,51,1,0,1
1000496,51,1,1,0
4165536,51,1,1,0
3756776,51,1,1,0
2078040,51,1,0,1
545352,51,1,0,1
1893248,51,1,1,0
2361720,51,1,0,1
6146736,51,1,0,1
697112,51,1,1,0
7275736,51,1,1,0
5306768,51,1,0,1
5611776,51,1,1,0
1019712,51,1,1,0
5493648,51,1,1,0
1348688,51,1,0,1
2986576,51,1,0,1
1166504,51,1,0,1
4321288,51,1,1,0
3638432,51,1,0,1
1743256,51,1,1,0
4864536,51,1,1,0
529880,51,1,1,0
307464,51,1,0,1
8262944,51,1,1,0
7523296,51,1,1,0
3219704,51,1,0,1
4726496,51,1,0,1
1609912,51,1,0,1
2053688,51,1,0,1
2224912,51,1,0,1
2801544,51,1,0,1
1770616,51,1,1,0
3967592,51,1,1,0
1742872,51,1,1,0
974624,51,1,0,1
2349480,51,1,0,1
500592,51,1,1,0
6734872,51,1,0,1
8127016,51,1,0,1
7302416,51,1,1,0
925000,51,1,1,0
5837072,51,1,1,0
4065288,51,1,1,0
8076784,51,1,0,1
5029720,51,1,0,1
1100304,51,1,1,0
5995904,51,1,0,1
6066144,51,1,1,0
7057696,51,1,1,0
1851440,51,1,0,1
6736344,51,1,0,1
2068632,51,1,1,0
3451520,51,1,0,1
4731840,51,1,0,1
1870472,51,1,0,1
2212944,51,1,0,1
989080,51,1,1,0
1074760,51,1,0,1
2298552,51,1,1,0
607832,51,1,1,0
1818008,51,1,0,1
989288,51,1,1,0
5354152,51,1,0,1
1107056,51,1,1,0
3303104,51,1,0,1
1438712,51,1,1,0
1687248,51,1,0,1
374640,51,1,0,1
4182936,51,1,1,0
1771424,51,1,1,0
1688016,51,1,1,0
718784,51,1,0,1
6395752,51,1,0,1
7574576,51,1,1,0
5027320,51,1,1,0
412776,51,1,1,0
1090624,51,1,0,1
1053936,51,1,0,1
791880,51,1,1,0
6806144,51,1,1,0
4441088,51,1,0,1
2032184,51,1,1,0
7631664,51,1,0,1
1263296,51,1,0,1
2398960,51,1,0,1
2791592,51,1,1,0
157296,51,1,0,1
1124192,51,1,1,0
5543888,51,1,1,0
5786168,51,1,0,1
5719608,51,1,1,0
637944,51,1,1,0
2219664,51,1,0,1
1204704,51,1,0,1
1277224,51,1,0,1
2089048,51,1,1,0
3570512,51,1,1,0
6403456,51,1,1,0
3910672,51,1,0,1
604256,51,1,0,1
250888,51,1,0,1
1047824,51,1,1,0
2658128,51,1,1,0
2669760,51,1,1,0
4005200,51,1,0,1
4298768,51,1,0,1
447464,51,1,1,0
5646488,51,1,1,0
229616,51,1,0,1
622696,51,1,0,1
2109312,51,1,1,0
6580896,51,1,1,0
804672,51,1,1,0
1281656,51,1,1,0
2252864,51,1,1,0
443896,51,1,1,0
2577080,51,1,1,0
1017048,51,1,0,1
340376,51,1,1,0
850696,51,1,0,1
2364696,51,1,1,0
2658544,51,1,0,1
5816968,51,1,1,0
5397224,51,1,0,1
832920,51,1,0,1
4533328,51,1,1,0
5127504,51,1,1,0
1875000,51,1,0,1
276552,51,1,1,0
1506320,51,1,0,1
5593424,51,1,1,0
3719832,51,1,1,0
134392,51,1,1,0
6421024,51,1,0,1
1980344,51,1,1,0
191656,51,1,1,0
4471464,51,1,0,1
7392232,51,1,0,1
649824,51,1,0,1
1334960,51,1,1,0
616520,51,1,1,0
333240,51,1,1,0
3422104,51,1,0,1
5549960,51,1,0,1
5038776,51,1,0,1
5421792,51,1,0,1
304624,51,1,0,1
609864,51,1,1,0
6509808,51,1,1,0
4541824,51,1,0,1
1829920,51,1,0,1
592288,51,1,0,1
2826280,51,1,0,1
949744,51,1,1,0
6041632,51,1,0,1
1973336,51,1,1,0
8011192,51,1,1,0
6760992,51,1,1,0
5928184,51,1,1,0
6237184,51,1,0,1
1113008,51,1,1,0
343656,51,1,0,1
3610792,51,1,1,0
4431256,51,1,1,0
4087040,51,1,0,1
4743672,51,1,0,1
1602168,51,1,1,0
796776,51,1,1,0
1158984,51,1,1,0
398608,51,1,1,0
4994592,51,1,1,0
6620488,51,1,1,0
7648160,51,1,1,0
3972520,51,1,1,0
1404744,51,1,0,1
2210120,51,1,1,0
4793896,51,1,1,0
2107336,51,1,0,1
4414560,51,1,0,1
4250784,51,1,1,0
2682480,51,1,0,1
1570904,51,1,0,1
1123984,51,1,1,0
491328,51,1,1,0
4504880,51,1,0,1
329584,51,1,1,0
2087704,51,1,1,0
6574528,51,1,1,0
3815888,51,1,1,0
6285472,51,1,0,1
2056016,51,1,0,1
928880,51,1,0,1
728648,51,1,1,0
3822232,51,1,1,0
109872,51,1,1,0
5031960,51,1,0,1
1323040,51,1,0,1
3941032,51,1,0,1
5746328,51,1,0,1
562440,51,1,1,0
5793024,51,1,0,1
2926264,51,1,0,1
2177552,51,1,1,0
177864,51,1,0,1
5028608,51,1,0,1
475536,51,1,1,0
1278144,51,1,1,0
2829216,51,1,0,1
662296,51,1,1,0
241976,51,1,0,1
7380752,51,1,0,1
1977536,51,1,0,1
2520464,51,1,1,0
2311224,51,1,1,0
343136,51,1,0,1
2149456,51,1,1,0
912904,51,1,0,1
1416696,51,1,1,0
4198392,51,1,1,0
5203656,51,1,0,1
3643408,51,1,0,1
4360488,51,1,1,0
4620304,51,1,0,1
4809752,51,1,1,0
1968184,51,1,0,1
4154680,51,1,0,1
1632720,51,1,1,0
264552,51,1,0,1
1121128,51,1,0,1
1559440,51,1,1,0
5510096,51,1,0,1
6898872,51,1,1,0
178528,51,1,1,0
473848,51,1,1,0
5300872,51,1,1,0
855552,51,1,1,0
678936,51,1,1,0
663888,51,1,0,1
6380128,51,1,0,1
1830336,51,1,0,1
828888,51,1,1,0
154472,51,1,1,0
1002488,51,1,1,0
1002784,51,1,0,1
7902752,51,1,1,0
1039760,51,1,1,0
553320,51,1,1,0
2538856,51,1,0,1
682784,51,1,1,0
6372064,51,1,0,1
7701960,51,1,1,0
6147888,51,1,1,0
2698496,51,1,0,1
1016424,51,1,1,0
4537448,51,1,1,0
1524128,51,1,0,1
265192,51,1,1,0
7873768,51,1,0,1
5973792,51,1,0,1
3238096,51,1,0,1
3216832,51,1,0,1
2154624,51,1,0,1
2112880,51,1,0,1
2797968,51,1,1,0
5048960,51,1,1,0
142144,51,1,1,0
7969352,51,1,1,0
349064,51,1,1,0
304888,51,1,1,0
1748672,51,1,0,1
2297600,51,1,0,1
2856224,51,1,0,1
4936904,51,1,0,1
6293920,51,1,0,1
1465768,51,1,0,1
1233432,51,1,1,0
877416,51,1,0,1
6493184,51,1,0,1
6186128,51,1,0,1
441008,51,1,1,0
6830520,51,1,0,1
4207624,51,1,0,1
8290192,51,1,1,0
7239624,51,1,0,1
690864,51,1,0,1
5362928,51,1,0,1
1880736,51,1,1,0
3043792,51,1,1,0
2933736,51,1,1,0
1673472,51,1,0,1
7371928,51,1,1,0
4420008,51,1,0,1
1001216,51,1,1,0
2974352,51,1,0,1
571728,51,1,1,0
1022032,51,1,1,0
4434928,51,1,0,1
412496,51,1,1,0
3622416,51,1,0,1
138408,51,1,1,0
3994176,51,1,1,0
931552,51,1,0,1
2162456,51,1,0,1
2535472,51,1,1,0
5118904,51,1,0,1
255336,51,1,0,1
7427568,51,1,0,1
4786040,51,1,1,0
4173552,51,1,1,0
5809928,51,1,0,1
5589984,51,1,1,0
5174792,51,1,0,1
914648,51,1,1,0
3984784,51,1,1,0
2142368,51,1,0,1
7704736,51,1,0,1
3071248,51,1,1,0
286024,51,1,1,0
7187840,51,1,0,1
829248,51,1,1,0
5981432,51,1,1,0
1708240,51,1,1,0
4616096,51,1,0,1
5855816,51,1,0,1
2974512,51,1,1,0
3093096,51,1,1,0
1397904,51,1,1,0
2917088,51,1,0,1
626296,51,1,1,0
2117328,51,1,1,0
3806720,51,1,1,0
4314480,51,1,0,1
990624,51,1,0,1
5297032,51,1,1,0
6377504,51,1,1,0
2020112,51,1,1,0
2027768,51,1,0,1
5050704,51,1,0,1
1065408,51,1,0,1
5475784,51,1,1,0
2563952,51,1,1,0
1142912,51,1,1,0
682832,51,1,0,1
3188848,51,1,1,0
3414504,51,1,1,0
2306784,51,1,1,0
2087952,51,1,0,1
790544,51,1,1,0
4081464,51,1,0,1
4740000,51,1,0,1
6785960,51,1,0,1
5116496,51,1,0,1
4858896,51,1,0,1
2613696,51,1,1,0
7207384,51,1,0,1
754808,51,1,0,1
1889320,51,1,1,0
1953680,51,1,0,1
530104,51,1,0,1
869128,51,1,0,1
473232,51,1,0,1
231920,51,1,1,0
1482560,51,1,0,1
758344,51,1,1,0
4963776,51,1,1,0
1332144,51,1,0,1
7521800,51,1,1,0
2638464,51,1,0,1
366216,51,1,1,0
5784376,51,1,0,1
4636976,51,1,1,0
151952,51,1,0,1
7779960,51,1,0,1
7595344,51,1,1,0
1420256,51,1,1,0
977016,51,1,0,1
612064,51,1,1,0
1041496,51,1,0,1
363816,51,1,0,1
413688,51,1,1,0
6658872,51,1,0,1
4602856,51,1,1,0
6865728,51,1,1,0
924056,51,1,1,0
1449312,51,1,0,1
4349632,51,1,1,0
5170400,51,1,1,0
1301552,51,1,0,1
8037496,51,1,1,0
2277456,51,1,0,1
104648,51,1,0,1
1931504,51,1,1,0
175808,51,1,1,0
1729256,51,1,0,1
1468360,51,1,1,0
602264,51,1,0,1
3849512,51,1,0,1
2191496,51,1,0,1
2288296,51,1,0,1
321888,51,1,1,0
2953064,51,1,0,1
3897304,51,1,1,0
7093728,51,1,0,1
8331568,51,1,1,0
1004552,51,1,0,1
1487792,51,1,1,0
3920784,51,1,0,1
6699568,51,1,0,1
3376648,51,1,1,0
1489824,51,1,1,0
199272,51,1,1,0
8068872,51,1,1,0
7249080,51,1,0,1
208808,51,1,0,1
6391760,51,1,1,0
3491960,51,1,0,1
2042264,51,1,1,0
7352472,51,1,1,0
1007176,51,1,0,1
2528544,51,1,1,0
888808,51,1,1,0
2727176,51,1,0,1
747800,51,1,1,0
277432,51,1,0,1
626560,51,1,0,1
1013696,51,1,1,0
311120,51,1,0,1
3497440,51,1,1,0
1386456,51,1,0,1
5227392,51,1,0,1
2304344,51,1,0,1
3536728,51,1,0,1
7108920,51,1,1,0
689392,51,1,1,0
3025024,51,1,1,0
5062536,51,1,1,0
501824,51,1,1,0
680248,51,1,0,1
2653120,51,1,0,1
323576,51,1,1,0
1094144,51,1,1,0
589848,51,1,0,1
7348504,51,1,0,1
7550256,51,1,1,0
2112304,51,1,0,1
2019080,51,1,0,1
98576,51,1,1,0
491016,51,1,1,0
6607600,51,1,1,0
5066312,51,1,0,1
705760,51,1,1,0
5432904,51,1,1,0
1901304,51,1,0,1
4998800,51,1,1,0
793152,51,1,0,1
2046840,51,1,1,0
6218176,51,1,1,0
1910976,51,1,1,0
978784,51,1,0,1
943664,51,1,0,1
2914656,51,1,0,1
1265152,51,1,1,0
2480472,51,1,1,0
230232,51,1,0,1
556632,51,1,1,0
8283992,51,1,1,0
5191256,51,1,0,1
1036856,51,1,1,0
916808,51,1,0,1
325384,51,1,1,0
1591992,51,1,0,1
5437432,51,1,1,0
7365584,51,1,1,0
3242048,51,1,0,1
369328,51,1,1,0
3189280,51,1,0,1
6685416,51,1,1,0
6824856,51,1,0,1
460968,51,1,1,0
620264,51,1,1,0
1304880,51,1,0,1
574888,51,1,0,1
917264,51,1,0,1
8001712,51,1,1,0
5515024,51,1,0,1
680072,51,1,0,1
740664,51,1,0,1
2960904,51,1,0,1
4576920,51,1,1,0
4241600,51,1,0,1
2184128,51,1,1,0
1918272,51,1,1,0
5871112,51,1,0,1
3799376,51,1,1,0
4420248,51,1,0,1
5547240,51,1,1,0
2451168,51,1,0,1
3498984,51,1,1,0
1913288,51,1,1,0
1020384,51,1,0,1
4209576,51,1,1,0
4974136,51,1,1,0
8295112,51,1,1,0
616232,51,1,0,1
3249200,51,1,1,0
7094952,51,1,1,0
7591456,51,1,0,1
1394728,51,1,1,0
1204904,51,1,0,1
421128,51,1,0,1
5060464,51,1,1,0
5765704,51,1,0,1
1075144,51,1,0,1
2232264,51,1,1,0
3276608,51,1,0,1
433944,51,1,1,0
3186296,51,1,1,0
4127768,51,1,0,1
7018400,51,1,1,0
3667736,51,1,0,1
578368,51,1,1,0
324776,51,1,1,0
1442552,51,1,1,0
5283056,51,1,0,1
1252344,51,1,0,1
2445024,51,1,1,0
6886864,51,1,0,1
602944,51,1,1,0
2014288,51,1,1,0
3441896,51,1,0,1
1482848,51,1,0,1
484504,51,1,1,0
934584,51,1,0,1
5497976,51,1,0,1
1831176,51,1,0,1
3358432,51,1,1,0
3689512,51,1,0,1
1215456,51,1,0,1
457936,51,1,1,0
6543888,51,1,0,1
3243992,51,1,0,1
4850240,51,1,0,1
398056,51,1,1,0
1765776,51,1,1,0
7191264,51,1,1,0
5662472,51,1,1,0
3946352,51,1,0,1
2899552,51,1,1,0
4122992,51,1,0,1
5241640,51,1,0,1
4398592,51,1,1,0
4393704,51,1,0,1
3693704,51,1,1,0
4138416,51,1,0,1
2782272,51,1,1,0
1525352,51,1,0,1
7369384,51,1,1,0
3332344,51,1,0,1
5697496,51,1,1,0
4000528,51,1,0,1
1114120,51,1,0,1
1369472,51,1,0,1
3280264,51,1,0,1
654408,51,1,0,1
6139408,51,1,1,0
4553144,51,1,1,0
1422464,51,1,0,1
605544,51,1,0,1
792472,51,1,1,0
222408,51,1,1,0
3690960,51,1,0,1
5205192,51,1,1,0
2110408,51,1,1,0
5260368,51,1,1,0
7657832,51,1,1,0
531920,51,1,0,1
193224,51,1,0,1
2013824,51,1,1,0
4505096,51,1,0,1
3217744,51,1,0,1
5092024,51,1,1,0
509152,51,1,0,1
791304,51,1,1,0
7229928,51,1,0,1
7436384,51,1,0,1
735832,51,1,1,0
2467512,51,1,1,0
3950968,51,1,0,1
171800,51,1,0,1
366984,51,1,0,1
4724768,51,1,1,0
4800336,51,1,0,1
767056,51,1,0,1
3174496,51,1,0,1
2133576,51,1,0,1
393064,51,1,1,0
3380696,51,1,0,1
7848576,51,1,1,0
2931240,51,1,1,0
3232960,51,1,0,1
4722232,51,1,1,0
2131368,51,1,1,0
2478592,51,1,1,0
2031128,51,1,1,0
860696,51,1,0,1
7088232,51,1,0,1
1889392,51,1,0,1
2508424,51,1,1,0
3512664,51,1,0,1
348248,51,1,1,0
1107312,51,1,1,0
4094240,51,1,0,1
1231888,51,1,1,0
7867744,51,1,0,1
706760,51,1,0,1
3598928,51,1,1,0
1291992,51,1,0,1
2604544,51,1,1,0
2948360,51,1,0,1
1307632,51,1,0,1
1667376,51,1,1,0
3705624,51,1,1,0
1475080,51,1,1,0
5848696,51,1,0,1
3498712,51,1,1,0
261832,51,1,1,0
3000528,51,1,0,1
2178008,51,1,0,1
6395408,51,1,1,0
1276384,51,1,0,1
1283048,51,1,1,0
8146856,51,1,0,1
4214064,51,1,0,1
6125584,51,1,1,0
3774368,51,1,0,1
6065872,51,1,1,0
581888,51,1,1,0
3090232,51,1,1,0
7970280,51,1,1,0
4067424,51,1,1,0
2270728,51,1,0,1
458392,51,1,0,1
3424472,51,1,1,0
6084664,51,1,0,1
1198456,51,1,0,1
4508648,51,1,1,0
1221856,51,1,0,1
1295800,51,1,0,1
2410968,51,1,0,1
2278480,51,1,0,1
4396536,51,1,1,0
552096,51,1,0,1
5092696,51,1,0,1
574728,51,1,0,1
1120048,51,1,1,0
3625520,51,1,0,1
1435000,51,1,1,0
245616,51,1,0,1
7831552,51,1,1,0
1500816,51,1,1,0
702872,51,1,0,1
316896,51,1,0,1
3555872,51,1,0,1
1004056,51,1,0,1
895664,51,1,1,0
4773656,51,1,1,0
1886672,51,1,1,0
1162952,51,1,1,0
2981360,51,1,1,0
5998832,51,1,1,0
6396200,51,1,0,1
263784,51,1,1,0
2157464,51,1,0,1
1988048,51,1,0,1
1636200,51,1,0,1
3248272,51,1,0,1
3161112,51,1,0,1
2312992,51,1,0,1
5121248,51,1,0,1
1045808,51,1,1,0
6862952,51,1,0,1
704224,51,1,1,0
5151600,51,1,0,1
792264,51,1,1,0
5380888,51,1,0,1
384384,51,1,0,1
730784,51,1,1,0
4549128,51,1,1,0
647592,51,1,1,0
206064,51,1,1,0
3673856,51,1,1,0
846160,51,1,1,0
105816,51,1,0,1
4030824,51,1,0,1
931408,51,1,0,1
4291904,51,1,1,0
451360,51,1,1,0
2804072,51,1,1,0
498344,51,1,0,1
7158176,51,1,1,0
6774640,51,1,1,0
8202280,51,1,0,1
4997640,51,1,1,0
3749624,51,1,0,1
7822600,51,1,1,0
1047608,51,1,0,1
2402232,51,1,0,1
3458608,51,1,1,0
1463416,51,1,0,1
415320,51,1,0,1
1594288,51,1,0,1
4638656,51,1,1,0
3518696,51,1,1,0
1708840,51,1,0,1
7447760,51,1,0,1
6075592,51,1,1,0
7719344,51,1,0,1
7520760,51,1,1,0
3626552,51,1,0,1
1682496,51,1,0,1
767712,51,1,0,1
3011872,51,1,1,0
3309880,51,1,0,1
2289888,51,1,1,0
5145872,51,1,0,1
1892216,51,1,1,0
1256776,51,1,1,0
762376,51,1,0,1
502120,51,1,0,1
2280408,51,1,1,0
1233496,51,1,0,1
4410136,51,1,1,0
2089584,51,1,1,0
2792384,51,1,0,1
1635400,51,1,0,1
3669184,51,1,0,1
5200416,51,1,0,1
479192,51,1,0,1
3403504,51,1,1,0
5420128,51,1,0,1
4223120,51,1,1,0
6835520,51,1,1,0
1638808,51,1,0,1
7168432,51,1,1,0
954328,51,1,1,0
1961808,51,1,1,0
605856,51,1,1,0
6307928,51,1,1,0
3147216,51,1,1,0
98216,51,1,0,1
6197208,51,1,0,1
401072,51,1,0,1
2449840,51,1,1,0
4274672,51,1,0,1
519264,51,1,0,1
4161168,51,1,1,0
1442272,51,1,1,0
7331064,51,1,0,1
3591704,51,1,0,1
546264,51,1,1,0
4444968,51,1,1,0
1213504,51,1,1,0
4545392,51,1,0,1
3194744,51,1,1,0
978176,51,1,0,1
1614064,51,1,0,1
2761320,51,1,0,1
7738280,51,1,0,1
1668456,51,1,0,1
5889056,51,1,0,1
6613160,51,1,1,0
481824,51,1,0,1
722040,51,1,0,1
5718352,51,1,1,0
6449184,51,1,0,1
636760,51,1,1,0
7851664,51,1,0,1
693112,51,1,1,0
386688,51,1,1,0
1729888,51,1,0,1
1338952,51,1,0,1
2749032,51,1,0,1
1569600,51,1,0,1
5255264,51,1,0,1
1719424,51,1,0,1
2872912,51,1,1,0
1937480,51,1,1,0
573016,51,1,0,1
1711432,51,1,1,0
3559408,51,1,0,1
1273488,51,1,0,1
7799192,51,1,1,0
3063128,51,1,0,1
163848,51,1,0,1
339136,51,1,0,1
6373352,51,1,0,1
4467048,51,1,0,1
3722584,51,1,0,1
6364080,51,1,1,0
1624400,51,1,0,1
8049592,51,1,0,1
4625992,51,1,0,1
817528,51,1,0,1
914016,51,1,0,1
4520256,51,1,0,1
8282320,51,1,0,1
1584504,51,1,1,0
3153992,51,1,1,0
6746072,51,1,1,0
2358080,51,1,0,1
1179024,51,1,1,0
375088,51,1,1,0
1412280,51,1,1,0
1332344,51,1,0,1
502336,51,1,0,1
6300328,51,1,1,0
4238104,51,1,0,1
1491944,51,1,1,0
2382112,51,1,1,0
1299624,51,1,1,0
6581608,51,1,0,1
1310976,51,1,1,0
2880104,51,1,0,1
1241160,51,1,0,1
2467096,51,1,0,1
931760,51,1,1,0
4786960,51,1,1,0
453792,51,1,1,0
1370552,51,1,1,0
5281824,51,1,0,1
3515536,51,1,1,0
4389360,51,1,0,1
3930720,51,1,1,0
214664,51,1,0,1
4195304,51,1,1,0
667248,51,1,1,0
5153568,51,1,0,1
1107088,51,1,1,0
3513576,51,1,0,1
2447360,51,1,0,1
4457248,51,1,0,1
4110152,51,1,1,0
2681216,51,1,1,0
2137016,51,1,0,1
3353472,51,1,0,1
4967696,51,1,0,1
1751656,51,1,0,1
2332632,51,1,1,0
820824,51,1,0,1
453848,51,1,0,1
7545144,51,1,0,1
637144,51,1,0,1
6243640,51,1,0,1
3175080,51,1,1,0
1515976,51,1,1,0
1050096,51,1,1,0
1244736,51,1,1,0
1634280,51,1,1,0
6242088,51,1,1,0
506776,51,1,0,1
2624944,51,1,0,1
538480,51,1,0,1
6905848,51,1,0,1
1176256,51,1,0,1
1484352,51,1,1,0
2349744,51,1,0,1
3644808,51,1,0,1
1181720,51,1,0,1
1595144,51,1,1,0
1701848,51,1,0,1
3323600,51,1,1,0
8149368,51,1,0,1
2056368,51,1,0,1
3060544,51,1,1,0
404968,51,1,0,1
1438544,51,1,0,1
3211456,51,1,0,1
217512,51,1,0,1
1636888,51,1,1,0
459784,51,1,0,1
1383680,51,1,0,1
4857000,51,1,0,1
2511472,51,1,0,1
3639240,51,1,1,0
8042840,51,1,1,0
1630400,51,1,0,1
159208,51,1,0,1
4329136,51,1,0,1
200816,51,1,0,1
1146528,51,1,1,0
1070152,51,1,0,1
2751336,51,1,1,0
819264,51,1,0,1
687136,51,1,0,1
7360216,51,1,1,0
299904,51,1,0,1
6496184,51,1,1,0
733504,51,1,1,0
2774912,51,1,0,1
2781488,51,1,0,1
8200368,51,1,1,0
898440,51,1,1,0
536600,51,1,0,1
1305096,51,1,1,0
7674216,51,1,0,1
3301176,51,1,1,0
2248280,51,1,1,0
1559176,51,1,1,0
7532936,51,1,0,1
7541296,51,1,0,1
5012912,51,1,0,1
6699536,51,1,0,1
6407568,51,1,1,0
6546304,51,1,0,1
1933272,51,1,0,1
4792208,51,1,0,1
1790000,51,1,0,1
2779240,51,1,1,0
1808672,51,1,1,0
2095688,51,1,1,0
1285704,51,1,1,0
6975936,51,1,1,0
3867448,51,1,0,1
98336,51,1,0,1
104296,51,1,0,1
3105648,51,1,0,1
2992760,51,1,1,0
3476536,51,1,0,1
5665248,51,1,1,0
2094384,51,1,1,0
2348616,51,1,1,0
1677312,51,1,0,1
1265128,51,1,0,1
5682856,51,1,0,1
449208,51,1,1,0
3420488,51,1,1,0
2344008,51,1,0,1
240944,51,1,1,0
6350072,51,1,0,1
7515424,51,1,0,1
1404376,51,1,1,0
1239840,51,1,1,0
4474112,51,1,1,0
3744208,51,1,1,0
2890992,51,1,0,1
653992,51,1,0,1
572040,51,1,1,0
744320,51,1,1,0
5844128,51,1,0,1
6398000,51,1,0,1
1504176,51,1,0,1
1123624,51,1,1,0
6522152,51,1,0,1
1937192,51,1,0,1
878056,51,1,1,0
1336648,51,1,1,0
2250136,51,1,0,1
4059600,51,1,1,0
303616,51,1,0,1
2486776,51,1,1,0
795888,51,1,0,1
1088992,51,1,0,1
463600,51,1,1,0
370848,51,1,1,0
1902456,51,1,1,0
4353128,51,1,1,0
595760,51,1,1,0
2332968,51,1,0,1
831920,51,1,0,1
1080064,51,1,0,1
1193928,51,1,0,1
514440,51,1,1,0
559792,51,1,0,1
1601968,51,1,0,1
7446096,51,1,0,1
5458672,51,1,0,1
1532208,51,1,0,1
275128,51,1,1,0
7924896,51,1,0,1
1826840,51,1,0,1
1444920,51,1,0,1
4818112,51,1,1,0
1092056,51,1,1,0
6548760,51,1,0,1
267496,51,1,1,0
945656,51,1,1,0
2538264,51,1,0,1
2331632,51,1,0,1
1883200,51,1,0,1
497912,51,1,1,0
1840880,51,1,1,0
3591320,51,1,0,1
2530768,51,1,0,1
1861392,51,1,0,1
5945488,51,1,1,0
1654392,51,1,0,1
3839544,51,1,0,1
4117928,51,1,1,0
3099112,51,1,1,0
3678848,51,1,1,0
5103632,51,1,1,0
7210928,51,1,0,1
554848,51,1,1,0
2590328,51,1,0,1
718192,51,1,0,1
691632,51,1,0,1
4293688,51,1,0,1
4658408,51,1,1,0
254800,51,1,0,1
194520,51,1,0,1
1085552,51,1,0,1
1679064,51,1,1,0
2845112,51,1,0,1
1563656,51,1,1,0
2870688,51,1,0,1
6649744,51,1,1,0
1216088,51,1,0,1
7601584,51,1,1,0
2721776,51,1,0,1
4705432,51,1,1,0
5225784,51,1,0,1
8102224,51,1,1,0
1554928,51,1,0,1
182176,51,1,1,0
7136768,51,1,0,1
3262160,51,1,1,0
692024,51,1,1,0
301856,51,1,1,0
6666496,51,1,0,1
2832088,51,1,0,1
1130168,51,1,0,1
1764072,51,1,1,0
6770104,51,1,0,1
2444840,51,1,0,1
380672,51,1,1,0
4880704,51,1,0,1
552920,51,1,0,1
7460912,51,1,0,1
636272,51,1,1,0
1947424,51,1,1,0
2408512,51,1,0,1
3022368,51,1,1,0
709664,51,1,0,1
2156392,51,1,0,1
3817664,51,1,0,1
4436232,51,1,0,1
929688,51,1,0,1
1525440,51,1,0,1
3866920,51,1,0,1
6747392,51,1,0,1
905672,51,1,0,1
1065160,51,1,1,0
3967296,51,1,1,0
1697632,51,1,1,0
579824,51,1,0,1
499256,51,1,1,0
3327880,51,1,1,0
1741832,51,1,1,0
5501936,51,1,1,0
1024064,51,1,0,1
4674680,51,1,1,0
1040976,51,1,1,0
1727808,51,1,1,0
4029216,51,1,1,0
2315720,51,1,1,0
977408,51,1,0,1
1045696,51,1,0,1
4867624,51,1,0,1
985768,51,1,0,1
606288,51,1,1,0
1261688,51,1,1,0
402880,51,1,1,0
612952,51,1,0,1
4155568,51,1,0,1
1439184,51,1,0,1
7289648,51,1,1,0
719952,51,1,0,1
1503512,51,1,1,0
1178880,51,1,0,1
357536,51,1,1,0
2034840,51,1,0,1
251216,51,1,1,0
509760,51,1,1,0
1740816,51,1,0,1
1614384,51,1,1,0
6579200,51,1,1,0
2410528,51,1,0,1
792688,51,1,1,0
2333640,51,1,1,0
4736880,51,1,0,1
2246408,51,1,1,0
275544,51,1,0,1
4773392,51,1,1,0
3688224,51,1,1,0
3581928,51,1,0,1
2096888,51,1,0,1
1000112,51,1,1,0
2291984,51,1,1,0
8344896,51,1,0,1
2368112,51,1,0,1
7246576,51,1,1,0
3672048,51,1,1,0
3552280,51,1,0,1
858640,51,1,1,0
8335904,51,1,0,1
5166968,51,1,0,1
7970584,51,1,0,1
7711136,51,1,1,0
5992592,51,1,1,0
3436640,51,1,0,1
203552,51,1,1,0
751328,51,1,1,0
2435616,51,1,0,1
606496,51,1,1,0
1788952,51,1,1,0
354056,51,1,1,0
3699336,51,1,0,1
5604040,51,1,0,1
4635264,51,1,0,1
2311608,51,1,1,0
2312872,51,1,1,0
2358904,51,1,1,0
8130416,51,1,1,0
1796136,51,1,0,1
3688360,51,1,1,0
292712,51,1,1,0
3696784,51,1,1,0
3561888,51,1,0,1
1346256,51,1,1,0
6859480,51,1,1,0
2973576,51,1,1,0
1074312,51,1,1,0
2477568,51,1,0,1
7114240,51,1,0,1
7722528,51,1,0,1
736992,51,1,0,1
8148272,51,1,0,1
8224744,51,1,1,0
6271040,51,1,1,0
5530720,51,1,0,1
295760,51,1,1,0
248160,51,1,0,1
1144592,51,1,1,0
2142472,51,1,1,0
4354200,51,1,1,0
4601624,51,1,0,1
3501840,51,1,0,1
427968,51,1,0,1
3422368,51,1,0,1
2241944,51,1,1,0
1940048,51,1,0,1
155224,51,1,0,1
1637360,51,1,0,1
1279920,51,1,1,0
2863168,51,1,1,0
177736,51,1,1,0
3575928,51,1,1,0
4072376,51,1,0,1
3836200,51,1,1,0
1315352,51,1,1,0
7484360,51,1,0,1
116840,51,1,1,0
2020440,51,1,1,0
2847560,51,1,1,0
2948384,51,1,0,1
2241184,51,1,0,1
190008,51,1,1,0
3280256,51,1,0,1
958544,51,1,0,1
374656,51,1,1,0
4211400,51,1,0,1
272104,51,1,1,0
1012536,51,1,1,0
5707496,51,1,1,0
3413440,51,1,0,1
6236768,51,1,1,0
1635424,51,1,1,0
793344,51,1,1,0
3266080,51,1,1,0
3904040,51,1,1,0
2612256,51,1,0,1
2287616,51,1,1,0
959032,51,1,0,1
2100784,51,1,1,0
6540688,51,1,0,1
4794840,51,1,0,1
2196952,51,1,0,1
7359736,51,1,1,0
1675408,51,1,0,1
3949728,51,1,0,1
3934216,51,1,0,1
8262384,51,1,1,0
1841784,51,1,0,1
992520,51,1,1,0
8270040,51,1,0,1
2819608,51,1,1,0
762920,51,1,0,1
6914464,51,1,1,0
1396072,51,1,1,0
299064,51,1,1,0
6188496,51,1,1,0
4368080,51,1,0,1
1173752,51,1,0,1
550880,51,1,1,0
234584,51,1,0,1
3371088,51,1,0,1
353616,51,1,1,0
1593496,51,1,0,1
1477696,51,1,0,1
7679960,51,1,0,1
1473920,51,1,1,0
8340520,51,1,0,1
283136,51,1,0,1
2191672,51,1,1,0
7493008,51,1,1,0
98056,51,1,1,0
1491528,51,1,1,0
579360,51,1,1,0
7574168,51,1,0,1
1154216,51,1,0,1
467032,51,1,1,0
1543640,51,1,0,1
2391024,51,1,0,1
5278760,51,1,0,1
4228440,51,1,0,1
3497696,51,1,1,0
807992,51,1,0,1
2745552,51,1,1,0
1384312,51,1,0,1
5731232,51,1,1,0
1262680,51,1,0,1
2379408,51,1,1,0
3966776,51,1,0,1
336384,51,1,1,0
380776,51,1,0,1
171512,51,1,0,1
6457752,51,1,0,1
729976,51,1,1,0
7279352,51,1,0,1
5558464,51,1,1,0
870096,51,1,0,1
839168,51,1,0,1
8387984,51,1,0,1
557984,51,1,0,1
202592,51,1,1,0
1448176,51,1,1,0
3900664,51,1,0,1
7613872,51,1,0,1
293648,51,1,1,0
2252088,51,1,0,1
747672,51,1,0,1
2020080,51,1,1,0
527152,51,1,0,1
383832,51,1,0,1
1723808,51,1,1,0
6617200,51,1,0,1
947096,51,1,1,0
4573688,51,1,0,1
586520,51,1,0,1
1112320,51,1,0,1
5796376,51,1,1,0
405144,51,1,0,1
154392,51,1,1,0
1671384,52,1,1,0
2571968,52,1,1,0
3366040,52,1,1,0
626632,52,1,0,1
4063184,52,1,1,0
2253360,52,1,0,1
3165640,52,1,0,1
2343528,52,1,0,1
2619400,52,1,0,1
890904,52,1,1,0
3382696,52,1,0,1
7459368,52,1,1,0
1347352,52,1,0,1
1378072,52,1,1,0
7245360,52,1,0,1
4612712,52,1,0,1
5205304,52,1,0,1
1068664,52,1,1,0
5081456,52,1,1,0
2201712,52,1,0,1
6846968,52,1,1,0
2543416,52,1,0,1
2582856,52,1,1,0
5288912,52,1,1,0
184712,52,1,1,0
767832,52,1,0,1
1159672,52,1,0,1
3030464,52,1,1,0
7230232,52,1,0,1
1045976,52,1,0,1
5848488,52,1,1,0
2337568,52,1,0,1
637216,52,1,0,1
859496,52,1,0,1
4265832,52,1,0,1
5589712,52,1,1,0
626256,52,1,0,1
6821624,52,1,1,0
2505752,52,1,0,1
3088840,52,1,1,0
384168,52,1,0,1
172224,52,1,1,0
683544,52,1,0,1
7413776,52,1,0,1
7209960,52,1,1,0
1725264,52,1,1,0
554296,52,1,1,0
332320,52,1,1,0
4736000,52,1,0,1
4168144,52,1,1,0
1370880,52,1,0,1
1993096,52,1,0,1
1458664,52,1,0,1
2044464,52,1,0,1
390064,52,1,1,0
700304,52,1,1,0
2123640,52,1,0,1
8341088,52,1,0,1
3447856,52,1,1,0
2191968,52,1,0,1
5880720,52,1,1,0
6783544,52,1,1,0
3695912,52,1,1,0
3962760,52,1,0,1
282544,52,1,1,0
7571232,52,1,0,1
2374736,52,1,0,1
1753680,52,1,1,0
198416,52,1,1,0
1037944,52,1,1,0
2746272,52,1,1,0
6018848,52,1,0,1
1460744,52,1,0,1
584152,52,1,1,0
7384496,52,1,1,0
87048,52,1,0,1
915688,52,1,0,1
7102864,52,1,1,0
1640368,52,1,1,0
6565616,52,1,1,0
1334264,52,1,0,1
4946584,52,1,1,0
2553080,52,1,1,0
1019416,52,1,1,0
1839664,52,1,1,0
371376,52,1,0,1
3232992,52,1,1,0
943104,52,1,1,0
1027344,52,1,0,1
6515048,52,1,1,0
5850072,52,1,0,1
4429224,52,1,0,1
2028928,52,1,0,1
1006984,52,1,1,0
4884600,52,1,0,1
742936,52,1,1,0
2157920,52,1,1,0
682200,52,1,1,0
4324800,52,1,1,0
2502616,52,1,0,1
332832,52,1,1,0
5843232,52,1,1,0
4358144,52,1,0,1
7891776,52,1,0,1
4117288,52,1,1,0
2657824,52,1,0,1
802480,52,1,0,1
7004656,52,1,0,1
4962688,52,1,1,0
4738992,52,1,1,0
3190680,52,1,0,1
4583480,52,1,1,0
3295368,52,1,0,1
3709688,52,1,0,1
3502784,52,1,0,1
7253320,52,1,1,0
1155448,52,1,1,0
3239536,52,1,1,0
5300544,52,1,0,1
1143912,52,1,1,0
3614392,52,1,0,1
2887384,52,1,0,1
3417920,52,1,1,0
4236816,52,1,1,0
4289960,52,1,0,1
7303304,52,1,1,0
5563128,52,1,0,1
7803104,52,1,0,1
879048,52,1,0,1
4950088,52,1,0,1
2399856,52,1,0,1
3184160,52,1,1,0
5378680,52,1,1,0
6105136,52,1,0,1
7447984,52,1,1,0
582448,52,1,1,0
927704,52,1,1,0
859576,52,1,1,0
1957528,52,1,0,1
804096,52,1,0,1
3794968,52,1,0,1
5125728,52,1,0,1
946248,52,1,1,0
1617944,52,1,1,0
2670008,52,1,1,0
561616,52,1,1,0
3015320,52,1,1,0
333832,52,1,0,1
145808,52,1,0,1
556704,52,1,1,0
6035552,52,1,1,0
1754904,52,1,1,0
1861752,52,1,0,1
1203368,52,1,1,0
4577520,52,1,0,1
4908464,52,1,1,0
2162448,52,1,1,0
2535456,52,1,1,0
3270720,52,1,0,1
2116960,52,1,0,1
171816,52,1,1,0
6310328,52,1,0,1
1440960,52,1,1,0
6706216,52,1,0,1
573192,52,1,0,1
1843888,52,1,0,1
1108200,52,1,0,1
1601328,52,1,0,1
3160520,52,1,0,1
1119984,52,1,0,1
7203392,52,1,1,0
992792,52,1,1,0
7267456,52,1,0,1
1322216,52,1,1,0
1913400,52,1,0,1
1331848,52,1,0,1
7100600,52,1,1,0
1151872,52,1,1,0
1216216,52,1,1,0
546808,52,1,0,1
537512,52,1,1,0
2715960,52,1,0,1
342016,52,1,0,1
3331784,52,1,0,1
2426616,52,1,1,0
3981464,52,1,1,0
1729424,52,1,1,0
7909880,52,1,1,0
1074752,52,1,1,0
5992760,52,1,0,1
3578280,52,1,0,1
1130624,52,1,1,0
2052344,52,1,0,1
7769976,52,1,1,0
1557608,52,1,0,1
1146168,52,1,1,0
1545080,52,1,0,1
542016,52,1,1,0
5618032,52,1,0,1
250000,52,1,1,0
2418584,52,1,0,1
1714912,52,1,1,0
1671304,52,1,1,0
595312,52,1,1,0
1714032,52,1,0,1
4290008,52,1,1,0
961584,52,1,0,1
4029280,52,1,0,1
501432,52,1,0,1
521016,52,1,1,0
605224,52,1,0,1
785832,52,1,0,1
2852144,52,1,0,1
3771224,52,1,1,0
2788544,52,1,0,1
3258688,52,1,0,1
6399168,52,1,1,0
4504664,52,1,1,0
3748080,52,1,1,0
829856,52,1,1,0
6555184,52,1,0,1
1232312,52,1,0,1
6326776,52,1,0,1
3990352,52,1,1,0
1516160,52,1,0,1
2235472,52,1,0,1
565296,52,1,0,1
5430480,52,1,1,0
3725200,52,1,1,0
1645656,52,1,1,0
168328,52,1,0,1
7245944,52,1,0,1
2217024,52,1,0,1
1808280,52,1,0,1
2198536,52,1,1,0
8279344,52,1,0,1
2923456,52,1,0,1
7973304,52,1,1,0
943192,52,1,1,0
5022760,52,1,0,1
2753936,52,1,1,0
427384,52,1,1,0
976472,52,1,0,1
3054408,52,1,0,1
3618536,52,1,1,0
1989952,52,1,1,0
970736,52,1,1,0
2069168,52,1,1,0
3386576,52,1,1,0
1386784,52,1,0,1
4317128,52,1,1,0
4281184,52,1,1,0
1134184,52,1,1,0
1068872,52,1,1,0
7853416,52,1,1,0
7453208,52,1,0,1
1434424,52,1,0,1
6849760,52,1,1,0
855960,52,1,0,1
6487136,52,1,1,0
1113752,52,1,1,0
4130224,52,1,0,1
425224,52,1,1,0
1482240,52,1,1,0
2825984,52,1,0,1
1112760,52,1,1,0
3672824,52,1,1,0
7061688,52,1,1,0
5958736,52,1,0,1
1849072,52,1,1,0
752912,52,1,0,1
1135632,52,1,1,0
7620584,52,1,0,1
2696240,52,1,0,1
2278544,52,1,1,0
3922048,52,1,0,1
1225280,52,1,0,1
4842280,52,1,1,0
6410784,52,1,1,0
384344,52,1,1,0
4438744,52,1,0,1
1768632,52,1,1,0
6218328,52,1,0,1
801328,52,1,1,0
873864,52,1,1,0
6701064,52,1,1,0
307976,52,1,1,0
1770232,52,1,1,0
5908960,52,1,0,1
8384736,52,1,1,0
8379360,52,1,1,0
1196944,52,1,0,1
478968,52,1,1,0
4265352,52,1,1,0
768632,52,1,0,1
207824,52,1,1,0
2373672,52,1,1,0
505160,52,1,1,0
3899936,52,1,1,0
2386416,52,1,0,1
1688832,52,1,1,0
972664,52,1,0,1
5794856,52,1,0,1
5323896,52,1,0,1
793472,52,1,1,0
544424,52,1,0,1
5637832,52,1,1,0
3388792,52,1,0,1
183792,52,1,0,1
3243920,52,1,0,1
3213632,52,1,0,1
3729872,52,1,0,1
2083488,52,1,1,0
248064,52,1,0,1
7813768,52,1,1,0
2464656,52,1,1,0
1390408,52,1,1,0
7472048,52,1,0,1
436456,52,1,1,0
936632,52,1,0,1
2411832,52,1,1,0
2247192,52,1,1,0
203160,52,1,1,0
3744032,52,1,1,0
5843072,52,1,1,0
955528,52,1,1,0
2418976,52,1,0,1
3848512,52,1,1,0
3323472,52,1,1,0
3566064,52,1,1,0
966648,52,1,0,1
2280352,52,1,0,1
375232,52,1,0,1
2182456,52,1,1,0
3474920,52,1,1,0
1500104,52,1,0,1
476960,52,1,0,1
264400,52,1,0,1
349824,52,1,0,1
519096,52,1,0,1
2147744,52,1,1,0
1196200,52,1,1,0
3511400,52,1,1,0
2944808,52,1,1,0
2794912,52,1,0,1
443416,52,1,0,1
1408608,52,1,1,0
393200,52,1,0,1
1941912,52,1,1,0
5413760,52,1,1,0
2397664,52,1,1,0
323296,52,1,0,1
5825496,52,1,0,1
3663160,52,1,0,1
5363928,52,1,0,1
8335728,52,1,0,1
2402928,52,1,0,1
1509208,52,1,0,1
2775752,52,1,1,0
436632,52,1,1,0
7752760,52,1,1,0
333816,52,1,1,0
2346904,52,1,0,1
6447664,52,1,1,0
4579096,52,1,1,0
2620336,52,1,0,1
3707848,52,1,1,0
2336448,52,1,0,1
7864000,52,1,1,0
4701624,52,1,0,1
285040,52,1,1,0
6666608,52,1,1,0
4190088,52,1,0,1
4378864,52,1,1,0
3128120,52,1,1,0
417320,52,1,1,0
2332936,52,1,0,1
2669552,52,1,1,0
538256,52,1,0,1
1399368,52,1,1,0
727888,52,1,0,1
641936,52,1,0,1
5694944,52,1,1,0
4869296,52,1,0,1
1863144,52,1,1,0
1576968,52,1,1,0
1526800,52,1,0,1
803808,52,1,0,1
518360,52,1,1,0
2807872,52,1,0,1
886680,52,1,0,1
4161648,52,1,1,0
455832,52,1,0,1
3387624,52,1,0,1
412824,52,1,1,0
5941360,52,1,0,1
568808,52,1,1,0
6323024,52,1,1,0
7346520,52,1,0,1
2153176,52,1,0,1
1567944,52,1,0,1
6170640,52,1,0,1
7082288,52,1,0,1
4932280,52,1,1,0
2294848,52,1,1,0
3919352,52,1,0,1
712384,52,1,1,0
4639296,52,1,1,0
2422384,52,1,1,0
8152136,52,1,0,1
8229248,52,1,0,1
3926952,52,1,0,1
2274568,52,1,0,1
2653496,52,1,0,1
2325000,52,1,1,0
1523416,52,1,1,0
138448,52,1,1,0
1114920,52,1,1,0
797456,52,1,0,1
5009712,52,1,1,0
440112,52,1,1,0
1290608,52,1,1,0
7763568,52,1,1,0
1475320,52,1,0,1
296344,52,1,0,1
513056,52,1,1,0
745200,52,1,1,0
2428480,52,1,1,0
872016,52,1,0,1
3761568,52,1,0,1
8124792,52,1,0,1
1548576,52,1,1,0
465040,52,1,0,1
1096848,52,1,1,0
2537352,52,1,0,1
484056,52,1,0,1
1048688,52,1,1,0
5340248,52,1,1,0
5769368,52,1,1,0
2161936,52,1,0,1
1426424,52,1,1,0
896000,52,1,0,1
280944,52,1,0,1
2567792,52,1,1,0
2026896,52,1,0,1
7883720,52,1,1,0
2346536,52,1,1,0
8063936,52,1,0,1
195392,52,1,1,0
5907664,52,1,1,0
329272,52,1,1,0
3552104,52,1,0,1
363736,52,1,0,1
1541168,52,1,1,0
2782320,52,1,0,1
6540056,52,1,1,0
1959136,52,1,0,1
5645768,52,1,0,1
3949504,52,1,1,0
6356544,52,1,0,1
746336,52,1,1,0
6822408,52,1,1,0
2694032,52,1,1,0
711640,52,1,1,0
583008,52,1,0,1
160248,52,1,0,1
3854624,52,1,0,1
3420040,52,1,0,1
6784024,52,1,1,0
376400,52,1,1,0
313512,52,1,1,0
5320200,52,1,0,1
807496,52,1,1,0
7887920,52,1,1,0
7761792,52,1,1,0
4122040,52,1,1,0
2130376,52,1,1,0
8027440,52,1,0,1
3008400,52,1,1,0
2451344,52,1,0,1
8202792,52,1,0,1
3763096,52,1,0,1
6938888,52,1,1,0
236064,52,1,1,0
5672056,52,1,1,0
828320,52,1,0,1
1461352,52,1,1,0
6486984,52,1,0,1
1663480,52,1,0,1
3439880,52,1,1,0
7799312,52,1,0,1
1962280,52,1,0,1
2308048,52,1,0,1
3765144,52,1,1,0
541752,52,1,0,1
8294096,52,1,0,1
6313544,52,1,1,0
535072,52,1,0,1
2722216,52,1,0,1
3000400,52,1,0,1
3005032,52,1,1,0
1091472,52,1,0,1
203312,52,1,1,0
3404080,52,1,0,1
5011656,52,1,0,1
947664,52,1,1,0
3582296,52,1,0,1
1992960,52,1,0,1
1088728,52,1,0,1
1768384,52,1,1,0
3855600,52,1,1,0
2784752,52,1,1,0
2280960,52,1,1,0
3532256,52,1,1,0
1068888,52,1,1,0
8365752,52,1,1,0
1311088,52,1,0,1
2591040,52,1,0,1
5061664,52,1,1,0
203728,52,1,0,1
676144,52,1,1,0
620456,52,1,0,1
4319704,52,1,1,0
643008,52,1,1,0
5938840,52,1,1,0
1588832,52,1,0,1
5457448,52,1,1,0
4459752,52,1,1,0
3127952,52,1,1,0
893752,52,1,0,1
993728,52,1,1,0
7961448,52,1,1,0
5657448,52,1,0,1
288864,52,1,1,0
2088128,52,1,0,1
2492416,52,1,1,0
1094712,52,1,0,1
4532304,52,1,1,0
1548936,52,1,1,0
3051192,52,1,1,0
6620840,52,1,0,1
118080,52,1,1,0
1246728,52,1,1,0
1983160,52,1,0,1
3442104,52,1,0,1
4501112,52,1,1,0
1605472,52,1,1,0
4699952,52,1,1,0
7463192,52,1,1,0
1550424,52,1,0,1
6473256,52,1,1,0
5132384,52,1,1,0
4709400,52,1,1,0
7199576,52,1,0,1
2786328,52,1,0,1
3080432,52,1,0,1
2191568,52,1,1,0
122936,52,1,1,0
3622504,52,1,1,0
5079144,52,1,1,0
1131176,52,1,1,0
5400448,52,1,1,0
4697088,52,1,1,0
2031344,52,1,0,1
2322112,52,1,1,0
454600,52,1,0,1
314776,52,1,1,0
7888808,52,1,1,0
883704,52,1,0,1
5273552,52,1,0,1
1613808,52,1,0,1
5484704,52,1,0,1
271840,52,1,1,0
1016184,52,1,0,1
1066520,52,1,1,0
3513448,52,1,0,1
5629400,52,1,1,0
5811104,52,1,1,0
1940768,52,1,1,0
120560,52,1,0,1
591984,52,1,1,0
4212256,52,1,0,1
5506264,52,1,0,1
3046736,52,1,0,1
1551824,52,1,0,1
1663416,52,1,0,1
4220576,52,1,0,1
4109400,52,1,0,1
1954256,52,1,0,1
1111024,52,1,0,1
1092064,52,1,1,0
952904,52,1,1,0
3993224,52,1,0,1
3683496,52,1,1,0
4354512,52,1,0,1
739512,52,1,0,1
2108792,52,1,1,0
1162288,52,1,0,1
565688,52,1,1,0
1717696,52,1,1,0
4909320,52,1,1,0
1383248,52,1,1,0
2066064,52,1,1,0
570784,52,1,1,0
4410600,52,1,1,0
308168,52,1,1,0
5737992,52,1,1,0
2141656,52,1,0,1
3367288,52,1,0,1
4921608,52,1,0,1
2050968,52,1,1,0
563272,52,1,1,0
763768,52,1,1,0
1013840,52,1,0,1
2218512,52,1,0,1
4497488,52,1,1,0
7286200,52,1,1,0
1236856,52,1,1,0
960880,52,1,1,0
273744,52,1,1,0
2524544,52,1,1,0
467232,52,1,0,1
3334784,52,1,0,1
3279016,52,1,1,0
1553632,52,1,1,0
5476592,52,1,0,1
4676032,52,1,1,0
8174160,52,1,1,0
3247416,52,1,1,0
5635256,52,1,0,1
6811280,52,1,1,0
1939824,52,1,0,1
3386768,52,1,0,1
1208328,52,1,1,0
255480,52,1,0,1
4548096,52,1,0,1
6384344,52,1,0,1
2751168,52,1,1,0
3229608,52,1,0,1
1621432,52,1,0,1
3594824,52,1,1,0
4354096,52,1,1,0
165464,52,1,1,0
254920,52,1,1,0
5475432,52,1,0,1
962312,52,1,0,1
2163800,52,1,0,1
910328,52,1,0,1
7004616,52,1,0,1
3158760,52,1,1,0
1962520,52,1,0,1
5834216,52,1,1,0
829192,52,1,1,0
1959848,52,1,1,0
712112,52,1,0,1
3066496,52,1,0,1
2059016,52,1,0,1
1328304,52,1,0,1
5636080,52,1,0,1
495896,52,1,1,0
8178112,52,1,0,1
5174264,52,1,1,0
3826248,52,1,0,1
1527576,52,1,0,1
277720,52,1,0,1
5480928,52,1,1,0
940440,52,1,1,0
4961728,52,1,1,0
230696,52,1,0,1
3857544,52,1,1,0
396456,52,1,0,1
4524144,52,1,1,0
3626856,52,1,1,0
2986000,52,1,1,0
5383800,52,1,1,0
697712,52,1,0,1
1856136,52,1,0,1
2078784,52,1,1,0
7322280,52,1,0,1
2259616,52,1,0,1
1865248,52,1,1,0
3006328,52,1,0,1
1208960,52,1,0,1
1581272,52,1,0,1
1755552,52,1,0,1
1694560,52,1,1,0
6422048,52,1,1,0
6376248,52,1,0,1
371880,52,1,0,1
3014992,52,1,1,0
2578936,52,1,1,0
1439432,52,1,0,1
584296,52,1,0,1
5531272,52,1,1,0
1988312,52,1,0,1
5215880,52,1,0,1
2075024,52,1,0,1
5745936,52,1,1,0
540824,52,1,1,0
7833136,52,1,1,0
1848248,52,1,1,0
1634264,52,1,0,1
2069136,52,1,1,0
1061392,52,1,0,1
901296,52,1,1,0
513744,52,1,1,0
234536,52,1,0,1
3200264,52,1,1,0
7763600,52,1,1,0
719312,52,1,1,0
455280,52,1,1,0
8149704,52,1,0,1
582496,52,1,1,0
691720,52,1,1,0
2500880,52,1,0,1
4567272,52,1,0,1
233672,52,1,0,1
1185080,52,1,0,1
987096,52,1,1,0
214888,52,1,1,0
1179840,52,1,1,0
2542576,52,1,0,1
2058312,52,1,1,0
4078336,52,1,0,1
7129864,52,1,1,0
4301336,52,1,0,1
2900992,52,1,0,1
372424,52,1,1,0
7231248,52,1,1,0
342968,52,1,0,1
1423752,52,1,0,1
3980072,52,1,1,0
5674320,52,1,1,0
7668776,52,1,0,1
1249040,52,1,1,0
2958176,52,1,1,0
671400,52,1,0,1
617456,52,1,1,0
392288,52,1,1,0
1655656,52,1,0,1
5728216,52,1,1,0
2075632,52,1,1,0
905528,52,1,0,1
669768,52,1,1,0
1119320,52,1,0,1
6977760,52,1,1,0
3682808,52,1,1,0
1839456,52,1,0,1
7978584,52,1,1,0
1861848,52,1,0,1
1005320,52,1,1,0
5859640,52,1,0,1
432152,52,1,0,1
1716336,52,1,0,1
883408,52,1,0,1
551992,52,1,1,0
289192,52,1,1,0
5978296,52,1,0,1
156304,52,1,1,0
1517752,52,1,0,1
1078192,52,1,1,0
348336,52,1,1,0
1829672,52,1,0,1
7749824,52,1,1,0
1819448,52,1,1,0
750616,52,1,0,1
1472528,52,1,1,0
1275232,52,1,0,1
315192,52,1,1,0
648200,52,1,1,0
3748696,52,1,0,1
6253840,52,1,1,0
5674832,52,1,1,0
360544,52,1,0,1
750104,52,1,1,0
3217256,52,1,1,0
5249904,52,1,1,0
5182112,52,1,0,1
815168,52,1,1,0
72040,52,1,0,1
2598504,52,1,1,0
1128344,52,1,1,0
798824,52,1,0,1
1982976,52,1,0,1
556800,52,1,1,0
408536,52,1,0,1
8315280,52,1,0,1
4355952,52,1,0,1
802320,52,1,1,0
1411440,52,1,0,1
905184,52,1,1,0
337152,52,1,0,1
4593512,52,1,1,0
7108800,52,1,1,0
1914496,52,1,1,0
1301952,52,1,0,1
3204208,52,1,0,1
679168,52,1,1,0
3404952,52,1,1,0
218080,52,1,1,0
898296,52,1,0,1
4652344,52,1,0,1
6534568,52,1,1,0
7071424,52,1,0,1
2065760,52,1,1,0
1879720,52,1,1,0
8354736,52,1,1,0
350680,52,1,1,0
7256224,52,1,1,0
2963896,52,1,1,0
1709808,52,1,0,1
1005912,52,1,0,1
6191016,52,1,1,0
2880352,52,1,0,1
127968,52,1,0,1
2595880,52,1,0,1
277864,52,1,0,1
958976,52,1,1,0
1242816,52,1,0,1
2648368,52,1,0,1
1438624,52,1,0,1
7982024,52,1,0,1
724968,52,1,1,0
5376744,52,1,0,1
7518096,52,1,0,1
451584,52,1,1,0
8233408,52,1,1,0
4776872,52,1,1,0
2310752,52,1,1,0
266432,52,1,0,1
2566912,52,1,0,1
8114320,52,1,1,0
5438632,52,1,0,1
1789864,52,1,0,1
3841000,52,1,0,1
815688,52,1,0,1
2007120,52,1,0,1
297680,52,1,0,1
166552,52,1,0,1
3229424,52,1,0,1
1192760,52,1,0,1
7874160,52,1,0,1
3075216,52,1,1,0
751392,52,1,0,1
3485224,52,1,1,0
1163960,52,1,1,0
1422040,52,1,1,0
704816,52,1,1,0
1512640,52,1,0,1
4352864,52,1,1,0
538104,52,1,1,0
6616072,52,1,0,1
3187816,52,1,1,0
703656,52,1,1,0
3947216,52,1,1,0
1825936,52,1,0,1
6837352,52,1,0,1
620304,52,1,1,0
308232,52,1,1,0
1564080,52,1,1,0
5683768,52,1,1,0
2057432,52,1,0,1
1963120,52,1,1,0
432016,52,1,0,1
5950576,52,1,0,1
248040,52,1,1,0
6710880,52,1,1,0
6195768,52,1,0,1
948952,52,1,1,0
7948168,52,1,1,0
2555400,52,1,1,0
4079344,52,1,0,1
2625416,52,1,0,1
901752,52,1,1,0
4343544,52,1,0,1
500472,52,1,0,1
920576,52,1,0,1
6204352,52,1,0,1
2506912,52,1,1,0
3665160,52,1,1,0
4363904,52,1,0,1
440608,52,1,1,0
937008,52,1,1,0
2302496,52,1,0,1
1997336,52,1,1,0
2080976,52,1,1,0
618592,52,1,0,1
530488,52,1,0,1
3420064,52,1,1,0
3362992,52,1,0,1
604264,52,1,1,0
5471360,52,1,0,1
311016,52,1,1,0
1237720,52,1,1,0
1808712,52,1,0,1
1065896,52,1,0,1
918272,52,1,1,0
7194816,52,1,1,0
7008520,52,1,0,1
4249392,52,1,0,1
5440024,52,1,0,1
4426816,52,1,0,1
1149192,52,1,1,0
4026936,52,1,0,1
6826416,52,1,0,1
6483856,52,1,0,1
3570480,52,1,1,0
900144,52,1,1,0
4408640,52,1,0,1
5011032,52,1,1,0
1911272,52,1,1,0
6135464,52,1,0,1
7433144,52,1,1,0
823896,52,1,0,1
7164728,52,1,0,1
1167000,52,1,1,0
1517344,52,1,1,0
3087824,52,1,1,0
4528400,52,1,1,0
886144,52,1,1,0
5426704,52,1,0,1
6813256,52,1,1,0
509344,52,1,0,1
7237808,52,1,1,0
1735496,52,1,1,0
1982736,52,1,1,0
1878840,52,1,0,1
6448064,52,1,1,0
1053656,52,1,1,0
4833400,52,1,1,0
7773736,52,1,0,1
4725400,52,1,0,1
883568,52,1,0,1
1465544,52,1,1,0
602872,52,1,1,0
6840712,52,1,0,1
3816320,52,1,0,1
1594216,52,1,1,0
2658072,52,1,1,0
3787848,52,1,0,1
3739536,52,1,0,1
2119216,52,1,0,1
4839688,52,1,0,1
619064,52,1,0,1
1023632,52,1,0,1
475864,52,1,0,1
4223464,52,1,0,1
5515832,52,1,0,1
1376672,52,1,0,1
1472000,52,1,0,1
1149104,52,1,1,0
1212720,52,1,1,0
1249384,52,1,1,0
1113768,52,1,1,0
211360,52,1,0,1
6279552,52,1,1,0
180392,52,1,0,1
1443576,52,1,1,0
1721488,52,1,0,1
3853968,52,1,1,0
1943288,52,1,1,0
4783064,52,1,0,1
459944,52,1,0,1
7377296,52,1,1,0
247320,52,1,1,0
1786968,52,1,1,0
3707048,52,1,0,1
883248,52,1,0,1
2918192,52,1,1,0
3522032,52,1,0,1
128728,52,1,0,1
5362568,52,1,0,1
6620608,52,1,1,0
2686488,52,1,1,0
705032,52,1,0,1
3019048,52,1,1,0
2024592,52,1,1,0
6895192,52,1,1,0
1507464,52,1,0,1
1369528,52,1,1,0
110968,52,1,1,0
1078024,52,1,0,1
1591376,52,1,1,0
255144,52,1,1,0
4506344,52,1,0,1
4356760,52,1,0,1
4484448,52,1,1,0
2604520,52,1,0,1
1518832,52,1,0,1
602328,52,1,0,1
1325736,52,1,0,1
1562808,52,1,0,1
2670224,52,1,0,1
1487472,52,1,1,0
3444216,52,1,1,0
1924672,52,1,1,0
504408,52,1,1,0
151752,52,1,0,1
2945312,52,1,1,0
1004016,52,1,1,0
2781896,52,1,1,0
1629536,52,1,1,0
4164320,52,1,0,1
3170464,52,1,1,0
280600,52,1,0,1
1397160,52,1,1,0
1629312,52,1,0,1
601328,52,1,1,0
2193496,52,1,0,1
5130552,52,1,0,1
911896,52,1,1,0
622768,52,1,1,0
5572552,52,1,0,1
259032,52,1,1,0
2230488,52,1,0,1
882776,52,1,1,0
2425728,52,1,0,1
556616,52,1,0,1
866816,52,1,1,0
3175392,52,1,0,1
502320,52,1,1,0
758600,52,1,1,0
1016312,52,1,0,1
1631656,52,1,0,1
565608,52,1,1,0
5961424,52,1,1,0
4807752,52,1,1,0
964544,52,1,0,1
404696,52,1,0,1
3918160,52,1,1,0
2555096,52,1,1,0
631112,52,1,1,0
2680856,52,1,0,1
5118048,52,1,1,0
5787864,52,1,0,1
1023768,52,1,0,1
2228952,52,1,0,1
1144880,52,1,0,1
1909816,52,1,1,0
725752,52,1,1,0
2694544,52,1,1,0
1658656,52,1,0,1
5303368,52,1,0,1
155016,52,1,1,0
3072088,52,1,0,1
5984712,52,1,1,0
1212600,52,1,1,0
5296352,52,1,0,1
3276016,52,1,1,0
4574888,52,1,0,1
2037368,52,1,1,0
2924488,52,1,0,1
6790512,52,1,1,0
1758056,52,1,1,0
6521096,52,1,1,0
5609496,52,1,1,0
5554336,52,1,0,1
4294680,52,1,0,1
719632,52,1,1,0
3284080,52,1,0,1
1395200,52,1,0,1
2586936,52,1,0,1
252000,52,1,0,1
530264,52,1,1,0
2125584,52,1,1,0
2317624,52,1,0,1
3456584,52,1,1,0
996992,52,1,1,0
925456,52,1,1,0
3203496,52,1,1,0
7583888,52,1,1,0
1252424,52,1,0,1
5401616,52,1,0,1
3034992,52,1,1,0
4669184,52,1,0,1
2032744,52,1,0,1
5595416,52,1,1,0
665064,52,1,0,1
820264,52,1,0,1
1150608,52,1,1,0
4444712,52,1,0,1
6373792,52,1,1,0
7381000,52,1,1,0
8098384,52,1,0,1
3279104,52,1,0,1
5198600,52,1,0,1
3176608,52,1,1,0
7552032,52,1,1,0
4651880,52,1,0,1
1052928,52,1,1,0
1118432,52,1,0,1
2285864,52,1,1,0
4271536,52,1,1,0
4221488,52,1,1,0
1451736,52,1,0,1
861424,52,1,0,1
1612552,52,1,1,0
1681728,52,1,1,0
1058632,52,1,0,1
5420056,52,1,0,1
859544,52,1,1,0
6774920,52,1,0,1
7593768,52,1,1,0
2384168,52,1,0,1
118800,52,1,0,1
4818632,52,1,0,1
6184160,52,1,0,1
170032,52,1,1,0
912288,52,1,0,1
2582320,52,1,1,0
1296712,52,1,1,0
3214536,52,1,1,0
677536,52,1,0,1
1369792,52,1,0,1
7614360,52,1,1,0
7720000,52,1,0,1
484304,52,1,0,1
489816,52,1,0,1
4304376,52,1,0,1
1231376,52,1,0,1
7507544,52,1,0,1
2902696,52,1,1,0
822568,52,1,1,0
2119760,52,1,0,1
6485472,52,1,1,0
1510608,52,1,0,1
1788304,52,1,0,1
8242568,52,1,0,1
7923320,52,1,0,1
4034344,52,1,1,0
1710824,52,1,0,1
1240344,52,1,1,0
4445784,52,1,0,1
6057648,52,1,0,1
429080,52,1,1,0
781912,52,1,0,1
3576536,52,1,0,1
2359136,52,1,0,1
2287256,52,1,0,1
807072,52,1,0,1
930024,52,1,1,0
1832768,52,1,1,0
6166136,52,1,1,0
1165864,52,1,1,0
396680,52,1,1,0
3447896,52,1,1,0
5878120,52,1,1,0
767464,52,1,1,0
509144,52,1,0,1
2038680,52,1,0,1
2404160,52,1,0,1
5160960,52,1,1,0
248352,52,1,1,0
4695080,52,1,0,1
1208352,52,1,1,0
1499304,52,1,1,0
491144,52,1,0,1
1695736,52,1,0,1
676416,52,1,1,0
5745168,52,1,1,0
3182600,52,1,0,1
5634896,52,1,1,0
614120,52,1,0,1
4644568,52,1,1,0
7788976,52,1,1,0
2110936,52,1,0,1
8236928,52,1,0,1
865208,52,1,1,0
5234240,52,1,0,1
8341208,52,1,1,0
217768,52,1,1,0
2912096,52,1,0,1
312120,52,1,1,0
486480,52,1,0,1
202992,52,1,1,0
520048,52,1,1,0
631648,52,1,1,0
2962480,52,1,0,1
936952,52,1,0,1
906048,52,1,0,1
5937088,52,1,0,1
7578568,52,1,0,1
7341560,52,1,0,1
6938152,52,1,0,1
2295432,52,1,0,1
1899016,52,1,1,0
2898904,52,1,1,0
1305608,52,1,0,1
1810696,52,1,0,1
5006032,52,1,0,1
588880,52,1,1,0
2500624,52,1,1,0
3631192,52,1,0,1
7746608,52,1,1,0
478320,52,1,1,0
1710288,52,1,1,0
2218336,52,1,0,1
8259656,52,1,1,0
4569448,52,1,1,0
4269856,52,1,1,0
252944,52,1,1,0
1530000,52,1,1,0
1122264,52,1,1,0
858192,52,1,0,1
1927976,52,1,1,0
8049024,52,1,1,0
8383616,52,1,0,1
2382648,52,1,0,1
3051240,52,1,0,1
1473504,52,1,1,0
843456,52,1,1,0
365496,52,1,0,1
2705672,52,1,0,1
8326640,52,1,1,0
1531288,52,1,0,1
5554984,52,1,0,1
1582120,52,1,1,0
1458056,52,1,0,1
1655544,52,1,0,1
4074784,52,1,0,1
447352,52,1,1,0
451688,52,1,1,0
796672,52,1,0,1
1977992,52,1,1,0
179264,52,1,0,1
2202896,52,1,1,0
1146616,52,1,1,0
178808,52,1,1,0
1017888,52,1,0,1
1611912,52,1,0,1
7773792,52,1,1,0
2820144,52,1,1,0
3055272,52,1,1,0
4772672,52,1,0,1
5350248,52,1,0,1
1341456,52,1,0,1
3478328,52,1,1,0
2954456,52,1,1,0
3034824,52,1,1,0
5321664,52,1,1,0
1132440,52,1,1,0
347288,52,1,1,0
6910464,52,1,0,1
4858848,52,1,1,0
1803312,52,1,1,0
3203168,52,1,1,0
2393928,52,1,0,1
1280312,52,1,0,1
507040,52,1,0,1
2870256,52,1,0,1
908728,52,1,1,0
1521256,52,1,0,1
1966528,52,1,1,0
8112928,52,1,0,1
2759544,52,1,0,1
874024,52,1,1,0
8121232,52,1,1,0
4439024,52,1,1,0
5436008,52,1,1,0
1794312,52,1,0,1
316752,52,1,1,0
274744,52,1,0,1
175504,52,1,0,1
1624176,52,1,0,1
1092704,52,1,1,0
392976,52,1,0,1
1306296,52,1,1,0
4977464,52,1,0,1
7123600,52,1,1,0
1878832,52,1,1,0
3129616,52,1,1,0
1447632,52,1,1,0
5245464,52,1,1,0
4288736,52,1,0,1
139584,52,1,1,0
1693600,52,1,0,1
1678384,52,1,0,1
1279240,52,1,1,0
1824856,52,1,1,0
148288,52,1,0,1
4636480,52,1,1,0
3412744,52,1,1,0
5943928,52,1,0,1
7356840,52,1,1,0
1147688,52,1,0,1
6583288,52,1,1,0
2427968,52,1,1,0
557168,52,1,0,1
306368,52,1,0,1
5695728,52,1,1,0
2557992,52,1,0,1
2565136,52,1,0,1
841688,52,1,1,0
6997024,52,1,0,1
2245224,52,1,0,1
7466720,52,1,0,1
684152,52,1,1,0
348616,52,1,0,1
1216384,52,1,1,0
2677256,52,1,1,0
1106600,52,1,0,1
638568,52,1,1,0
975744,52,1,1,0
3452520,52,1,0,1
7929552,52,1,1,0
2882304,52,1,1,0
3188656,52,1,0,1
3143880,52,1,0,1
6016376,52,1,1,0
286496,52,1,1,0
553880,52,1,1,0
3293064,52,1,0,1
5258472,52,1,1,0
1200704,52,1,1,0
7298752,52,1,0,1
2723416,52,1,1,0
5204736,52,1,0,1
567152,52,1,0,1
436016,52,1,0,1
4265136,52,1,0,1
822512,52,1,0,1
966400,52,1,1,0
573904,52,1,1,0
3515200,52,1,0,1
2273768,52,1,1,0
1814344,52,1,1,0
1143392,52,1,1,0
1925720,52,1,0,1
7824128,52,1,1,0
4869168,52,1,1,0
1953976,52,1,0,1
1099000,52,1,0,1
314648,52,1,1,0
4947136,52,1,0,1
7989992,52,1,1,0
1535240,52,1,0,1
5567536,52,1,0,1
3127016,52,1,1,0
1563424,52,1,1,0
1553280,52,1,0,1
2202848,52,1,0,1
1065344,52,1,1,0
2755960,52,1,1,0
1202784,52,1,0,1
6923584,52,1,1,0
7444200,52,1,1,0
2773984,52,1,1,0
6590824,52,1,1,0
3038088,52,1,1,0
640408,52,1,0,1
1092072,52,1,1,0
784024,52,1,0,1
196944,52,1,0,1
458128,52,1,0,1
4044584,52,1,1,0
225784,52,1,1,0
4911256,52,1,0,1
569120,52,1,1,0
3686176,52,1,0,1
1906112,52,1,0,1
1510576,52,1,1,0
6876664,52,1,1,0
1636336,52,1,0,1
7965016,52,1,0,1
5666176,52,1,1,0
146720,52,1,1,0
7892152,52,1,0,1
2111376,52,1,0,1
3338680,52,1,1,0
149128,52,1,0,1
4244600,52,1,1,0
828776,52,1,1,0
966744,52,1,0,1
4585104,52,1,1,0
2424088,52,1,0,1
713000,52,1,1,0
2866752,52,1,0,1
1680264,52,1,0,1
565552,52,1,1,0
2558568,52,1,1,0
1897536,52,1,1,0
340080,52,1,1,0
1326264,52,1,1,0
755240,52,1,0,1
466904,52,1,0,1
585392,52,1,0,1
8308480,52,1,0,1
2773960,52,1,0,1
2856352,52,1,0,1
4614984,52,1,1,0
3523240,52,1,0,1
1167808,52,1,1,0
2376056,52,1,1,0
2379696,52,1,1,0
5074056,52,1,1,0
7780384,52,1,1,0
121528,52,1,0,1
2361984,52,1,1,0
895312,52,1,0,1
1775064,52,1,0,1
3088968,52,1,1,0
926672,52,1,1,0
4782176,52,1,0,1
4065736,52,1,1,0
482424,52,1,1,0
337616,52,1,1,0
2373928,52,1,0,1
3770048,52,1,1,0
139264,52,1,0,1
4123632,52,1,1,0
3197208,52,1,0,1
1819712,52,1,0,1
1534376,52,1,0,1
6511248,52,1,1,0
2461616,52,1,1,0
7155304,52,1,0,1
609712,52,1,0,1
2259712,52,1,0,1
2258040,52,1,0,1
765120,52,1,1,0
1902984,52,1,1,0
726584,52,1,0,1
4057976,52,1,0,1
4557304,52,1,0,1
3784368,52,1,0,1
7897584,52,1,0,1
1383280,52,1,1,0
321552,52,1,1,0
1482256,52,1,1,0
346408,52,1,1,0
421624,52,1,0,1
7267256,52,1,0,1
2617744,52,1,1,0
3056440,52,1,0,1
7219016,52,1,0,1
1941432,52,1,0,1
4785448,52,1,1,0
5807176,52,1,1,0
1649928,52,1,0,1
1259456,52,1,0,1
8088896,52,1,0,1
1563080,52,1,0,1
5088856,52,1,1,0
6127552,52,1,1,0
823400,52,1,0,1
4549360,52,1,1,0
2082560,52,1,1,0
1269888,52,1,1,0
2666552,52,1,1,0
987752,52,1,1,0
5752360,52,1,1,0
6043368,52,1,1,0
224104,52,1,0,1
512568,52,1,0,1
579280,52,1,1,0
3303184,52,1,1,0
8304144,52,1,0,1
8028696,52,1,1,0
3966544,52,1,1,0
2012120,52,1,0,1
3655680,52,1,1,0
4666728,52,1,0,1
5250824,52,1,0,1
5921496,52,1,0,1
5546936,52,1,0,1
949336,52,1,1,0
6106816,52,1,1,0
2908184,52,1,1,0
6616816,52,1,0,1
4978480,52,1,0,1
2249088,52,1,0,1
747440,52,1,0,1
3906024,52,1,1,0
3135656,52,1,1,0
1694584,52,1,0,1
2008184,52,1,0,1
3689760,52,1,1,0
1160480,52,1,1,0
918984,52,1,0,1
1090384,52,1,0,1
6667320,52,1,0,1
1711528,52,1,1,0
1814384,52,1,0,1
1685792,52,1,1,0
437040,52,1,0,1
1516552,52,1,0,1
4856768,52,1,1,0
7994744,52,1,1,0
2664320,52,1,0,1
566272,52,1,0,1
5193224,52,1,0,1
1294752,52,1,1,0
3149528,52,1,0,1
2634976,52,1,0,1
8377768,52,1,1,0
1844568,52,1,0,1
1816496,52,1,1,0
2628376,52,1,0,1
1987560,52,1,1,0
473192,52,1,1,0
3369880,52,1,1,0
149512,52,1,0,1
1319480,52,1,1,0
4030696,52,1,0,1
2691096,52,1,1,0
4994688,52,1,1,0
1146376,52,1,1,0
6612896,52,1,0,1
1697144,52,1,0,1
1209296,52,1,0,1
418416,52,1,0,1
3630680,52,1,1,0
4816432,52,1,1,0
2548368,52,1,1,0
2223712,52,1,1,0
6506992,52,1,1,0
1638448,52,1,0,1
358344,52,1,0,1
5588424,52,1,0,1
109720,52,1,0,1
5795296,52,1,1,0
3254328,52,1,1,0
1986824,52,1,0,1
324328,52,1,0,1
6199072,52,1,0,1
5262680,52,1,0,1
2246144,52,1,1,0
4497312,52,1,0,1
881408,52,1,1,0
3488144,52,1,1,0
368968,52,1,1,0
3141512,52,1,1,0
3865952,52,1,1,0
3754904,52,1,1,0
7171656,52,1,1,0
1876936,52,1,0,1
6642440,52,1,1,0
4535656,52,1,1,0
3393088,52,1,0,1
1285712,52,1,1,0
4986168,52,1,0,1
3835144,52,1,1,0
2470416,52,1,1,0
3868496,52,1,0,1
2434568,52,1,0,1
3404936,52,1,1,0
2099640,52,1,1,0
158960,52,1,0,1
3458336,52,1,1,0
1337704,52,1,0,1
269648,52,1,1,0
692768,52,1,1,0
5750016,52,1,1,0
1725832,52,1,0,1
8225416,52,1,0,1
8212936,52,1,1,0
4796208,52,1,1,0
4762096,52,1,1,0
1991336,52,1,0,1
1261608,52,1,0,1
4026304,52,1,1,0
3899720,52,1,0,1
3129792,52,1,1,0
2912520,52,1,0,1
1618776,52,1,1,0
1768032,52,1,1,0
1993640,52,1,0,1
438480,52,1,1,0
413760,52,1,0,1
3134944,52,1,1,0
3765288,52,1,0,1
3372624,52,1,0,1
1452016,52,1,1,0
5983752,52,1,0,1
936712,52,1,0,1
2712456,52,1,1,0
963424,52,1,1,0
3764448,52,1,0,1
6132472,52,1,1,0
1632920,52,1,0,1
748192,52,1,1,0
6602168,52,1,1,0
1109408,52,1,0,1
509128,52,1,1,0
955496,52,1,0,1
2648832,52,1,1,0
6379776,52,1,0,1
5843224,52,1,1,0
2778512,52,1,0,1
5732912,52,1,0,1
2089344,52,1,0,1
5697288,52,1,0,1
1680496,52,1,0,1
1618280,52,1,0,1
3313920,52,1,1,0
337576,52,1,0,1
2177296,52,1,0,1
2091336,52,1,0,1
329304,52,1,1,0
446992,52,1,1,0
1709592,52,1,1,0
6192696,52,1,1,0
2971344,52,1,1,0
1579016,52,1,0,1
2656728,52,1,1,0
2183312,52,1,1,0
1528408,52,1,0,1
685856,52,1,1,0
8109888,52,1,0,1
1743168,52,1,0,1
7314312,52,1,1,0
5759768,52,1,1,0
288888,52,1,0,1
255304,52,1,1,0
5785216,52,1,0,1
1904480,52,1,1,0
3194520,52,1,1,0
469592,52,1,0,1
1921032,52,1,1,0
608896,52,1,1,0
326056,52,1,1,0
3002016,52,1,1,0
1983704,52,1,0,1
3632792,52,1,0,1
305024,52,1,0,1
5510064,52,1,1,0
8376160,52,1,0,1
3913456,52,1,1,0
261344,52,1,1,0
5247416,52,1,0,1
6621016,52,1,1,0
5246688,52,1,0,1
1414384,52,1,1,0
3598912,52,1,0,1
1823240,52,1,1,0
2662496,52,1,1,0
8275160,52,1,0,1
3291056,52,1,1,0
879656,52,1,1,0
4098856,52,1,0,1
4730384,52,1,0,1
266352,52,1,1,0
332920,52,1,1,0
2444144,52,1,0,1
2044736,52,1,1,0
4495968,52,1,1,0
233064,52,1,0,1
3339552,52,1,1,0
4625224,52,1,0,1
1223664,52,1,1,0
6706168,52,1,0,1
2800192,52,1,0,1
6493336,52,1,1,0
298568,52,1,1,0
2704336,52,1,1,0
903208,52,1,1,0
999808,52,1,1,0
1526536,52,1,1,0
2825008,52,1,0,1
2461320,52,1,1,0
309704,52,1,0,1
3282416,52,1,0,1
1162512,52,1,0,1
724040,52,1,0,1
2021536,52,1,0,1
6501152,52,1,1,0
3859600,52,1,1,0
639872,52,1,0,1
756848,52,1,1,0
4995304,52,1,0,1
586640,52,1,1,0
894720,52,1,0,1
880400,52,1,1,0
5098720,52,1,1,0
205544,52,1,1,0
5435400,52,1,0,1
2173320,52,1,0,1
1396032,52,1,0,1
1204768,52,1,0,1
6873440,52,1,1,0
673504,52,1,0,1
218048,52,1,1,0
1220456,52,1,0,1
5716440,52,1,1,0
404704,52,1,0,1
233976,52,1,1,0
894400,52,1,0,1
1314376,52,1,1,0
4587440,52,1,0,1
251640,52,1,1,0
4026640,52,1,1,0
7759088,52,1,1,0
4903112,52,1,1,0
1399168,52,1,0,1
4286072,52,1,1,0
4246112,52,1,1,0
406912,52,1,1,0
2614744,52,1,1,0
7146552,52,1,1,0
5050576,52,1,0,1
4424344,52,1,1,0
621008,52,1,0,1
2618264,52,1,1,0
5644648,52,1,1,0
2532112,52,1,1,0
1938208,52,1,0,1
1560600,52,1,0,1
573320,52,1,0,1
3026200,52,1,1,0
1286904,52,1,0,1
5630632,52,1,0,1
385008,52,1,1,0
2366088,52,1,1,0
548264,52,1,1,0
7859952,52,1,1,0
2509360,52,1,1,0
7680168,52,1,0,1
1601096,52,1,1,0
5017600,52,1,0,1
5968504,52,1,1,0
3290200,52,1,0,1
7724536,52,1,1,0
3628224,52,1,1,0
3336088,52,1,1,0
5087728,52,1,0,1
104872,52,1,0,1
3206648,52,1,1,0
890352,52,1,1,0
1625352,52,1,0,1
3431056,52,1,0,1
8347560,52,1,0,1
1526560,52,1,0,1
2719648,52,1,0,1
1581960,52,1,0,1
914432,52,1,1,0
1178000,52,1,0,1
208408,52,1,1,0
1845208,52,1,0,1
5053816,52,1,1,0
6879656,52,1,0,1
1702352,52,1,0,1
3025264,52,1,1,0
1344864,52,1,1,0
288072,52,1,1,0
4607336,52,1,0,1
2267776,52,1,0,1
6327552,52,1,1,0
7428192,52,1,1,0
470128,52,1,0,1
8174064,52,1,0,1
758824,52,1,0,1
3563976,52,1,1,0
1592352,52,1,1,0
3434088,52,1,0,1
6731064,52,1,1,0
143104,52,1,0,1
3352416,52,1,0,1
254352,52,1,0,1
2283928,52,1,1,0
812808,52,1,0,1
582240,52,1,1,0
8050240,52,1,1,0
675656,52,1,0,1
1675840,52,1,0,1
8331280,52,1,0,1
4813696,52,1,0,1
6789008,52,1,1,0
1981992,52,1,1,0
916168,52,1,0,1
7815192,52,1,1,0
885392,52,1,1,0
355360,52,1,1,0
5351416,52,1,0,1
4441328,52,1,0,1
1171768,52,1,0,1
407320,52,1,1,0
6190368,52,1,0,1
622760,52,1,0,1
1719416,52,1,0,1
2170224,52,1,1,0
222200,52,1,0,1
479120,52,1,0,1
870768,52,1,0,1
1937064,52,1,0,1
5487368,52,1,1,0
2669176,52,1,1,0
265664,52,1,1,0
6182008,52,1,1,0
7790776,52,1,0,1
2314352,52,1,0,1
2910240,52,1,0,1
3274424,52,1,1,0
2142920,52,1,1,0
874064,52,1,1,0
448496,52,1,0,1
5263488,52,1,0,1
597744,52,1,1,0
1937888,52,1,1,0
7007792,52,1,0,1
845152,52,1,0,1
944216,52,1,0,1
677640,52,1,0,1
2449136,52,1,1,0
4236616,52,1,1,0
3153864,52,1,0,1
203216,52,1,0,1
1971008,52,1,1,0
7495472,52,1,1,0
7523352,52,1,0,1
2422608,52,1,1,0
5430928,52,1,0,1
1080432,52,1,0,1
408992,52,1,0,1
3727648,52,1,0,1
1687872,52,1,1,0
738392,52,1,0,1
1747296,52,1,1,0
4569544,52,1,1,0
6243240,52,1,1,0
2343848,52,1,1,0
6187208,52,1,1,0
5838056,52,1,1,0
6045192,52,1,1,0
6719376,52,1,0,1
1078600,52,1,0,1
2771952,52,1,0,1
5348736,52,1,1,0
1134728,52,1,0,1
8363104,52,1,0,1
1041384,52,1,0,1
2737256,52,1,0,1
4168656,52,1,1,0
6110360,52,1,0,1
678360,52,1,1,0
6152824,52,1,0,1
5496800,52,1,1,0
5628056,52,1,0,1
3045312,52,1,0,1
559976,52,1,1,0
4273616,52,1,0,1
386832,52,1,1,0
1861384,52,1,0,1
4349712,52,1,0,1
281864,52,1,1,0
168032,52,1,1,0
1870784,52,1,1,0
5310640,52,1,0,1
3310704,52,1,1,0
4582584,52,1,1,0
1660112,52,1,1,0
7273656,52,1,1,0
1352184,52,1,0,1
5814448,52,1,1,0
2538312,52,1,1,0
5295680,52,1,0,1
6795008,52,1,0,1
737256,52,1,0,1
584960,52,1,0,1
1763920,52,1,0,1
1161480,52,1,1,0
7945568,52,1,1,0
5407760,52,1,1,0
901624,52,1,1,0
2472496,52,1,0,1
4046648,52,1,0,1
4518808,52,1,0,1
7655192,52,1,0,1
8021592,52,1,1,0
1627688,52,1,1,0
788112,52,1,0,1
2591072,52,1,1,0
5670464,52,1,0,1
4042920,52,1,1,0
1878920,52,1,0,1
1126088,52,1,0,1
1773120,52,1,1,0
2147040,52,1,1,0
900952,52,1,0,1
7554312,52,1,0,1
1824416,52,1,1,0
2172480,52,1,1,0
2101680,52,1,0,1
1203336,52,1,0,1
3173048,52,1,0,1
6319080,52,1,1,0
3019216,52,1,1,0
674000,52,1,1,0
7281704,52,1,1,0
3302240,52,1,1,0
715336,52,1,1,0
1182016,52,1,0,1
957192,52,1,1,0
3933480,52,1,1,0
6213664,52,1,0,1
1428200,52,1,0,1
5740824,52,1,1,0
4138280,52,1,1,0
1561608,52,1,1,0
8007304,52,1,1,0
4345352,52,1,0,1
7515456,52,1,0,1
1461336,53,1,0,1
1225232,53,1,0,1
1980904,53,1,1,0
1458656,53,1,0,1
6230496,53,1,0,1
4742416,53,1,0,1
66720,53,1,0,1
1388160,53,1,0,1
5621664,53,1,1,0
287472,53,1,1,0
1175456,53,1,1,0
1612368,53,1,0,1
3803320,53,1,1,0
6442112,53,1,1,0
612624,53,1,0,1
874984,53,1,0,1
863320,53,1,1,0
7709960,53,1,0,1
638952,53,1,0,1
3971112,53,1,1,0
1018464,53,1,0,1
1296232,53,1,1,0
1471712,53,1,0,1
546088,53,1,1,0
3990808,53,1,0,1
805592,53,1,1,0
6394816,53,1,0,1
931920,53,1,0,1
5829992,53,1,0,1
803608,53,1,0,1
3419384,53,1,0,1
4275784,53,1,0,1
982424,53,1,1,0
2555488,53,1,0,1
257888,53,1,0,1
646272,53,1,1,0
123288,53,1,1,0
5153640,53,1,0,1
1876224,53,1,0,1
1776000,53,1,0,1
435736,53,1,0,1
6646360,53,1,0,1
392080,53,1,1,0
674720,53,1,0,1
863688,53,1,1,0
7027016,53,1,0,1
178320,53,1,1,0
469568,53,1,0,1
3415584,53,1,0,1
1489216,53,1,0,1
2161888,53,1,0,1
281624,53,1,1,0
2073768,53,1,1,0
465032,53,1,1,0
1180200,53,1,0,1
202584,53,1,1,0
992688,53,1,1,0
6898576,53,1,1,0
552760,53,1,1,0
331320,53,1,0,1
1848688,53,1,0,1
1147384,53,1,0,1
1986992,53,1,1,0
1580208,53,1,0,1
1249680,53,1,1,0
5852248,53,1,1,0
372880,53,1,1,0
764192,53,1,0,1
6075688,53,1,1,0
752680,53,1,1,0
235080,53,1,1,0
843016,53,1,0,1
6737936,53,1,1,0
571856,53,1,1,0
5744864,53,1,0,1
2569008,53,1,0,1
1624680,53,1,1,0
903696,53,1,1,0
3255856,53,1,1,0
5396048,53,1,1,0
1323376,53,1,0,1
754200,53,1,1,0
1588712,53,1,0,1
1270640,53,1,1,0
3336856,53,1,0,1
1042928,53,1,0,1
2691296,53,1,0,1
5145280,53,1,0,1
5067376,53,1,0,1
3433464,53,1,1,0
417696,53,1,1,0
335696,53,1,1,0
4552288,53,1,0,1
6296688,53,1,0,1
4073912,53,1,0,1
1665368,53,1,1,0
1190392,53,1,0,1
558056,53,1,1,0
175512,53,1,1,0
6242744,53,1,0,1
4248136,53,1,1,0
745968,53,1,1,0
1682856,53,1,0,1
663832,53,1,1,0
4755360,53,1,1,0
4873568,53,1,1,0
6334840,53,1,1,0
689344,53,1,0,1
637032,53,1,1,0
5461032,53,1,1,0
1358424,53,1,0,1
4109416,53,1,1,0
310232,53,1,0,1
1854264,53,1,1,0
959408,53,1,0,1
2413128,53,1,1,0
3807536,53,1,1,0
205624,53,1,0,1
1607752,53,1,1,0
279040,53,1,0,1
5779000,53,1,0,1
2913536,53,1,0,1
1039616,53,1,0,1
6819880,53,1,0,1
276704,53,1,0,1
3202904,53,1,0,1
7299504,53,1,1,0
3902768,53,1,1,0
2848432,53,1,1,0
7741744,53,1,0,1
5181856,53,1,1,0
2424008,53,1,1,0
4838000,53,1,0,1
1752520,53,1,1,0
5902944,53,1,0,1
185984,53,1,1,0
4834448,53,1,1,0
8030304,53,1,1,0
3411528,53,1,0,1
790560,53,1,0,1
505112,53,1,0,1
7887864,53,1,1,0
4282072,53,1,1,0
350144,53,1,1,0
2508496,53,1,1,0
6067624,53,1,0,1
653752,53,1,1,0
1230648,53,1,1,0
6494448,53,1,0,1
445936,53,1,0,1
5757216,53,1,0,1
6398936,53,1,1,0
4405480,53,1,0,1
1407576,53,1,0,1
1193592,53,1,0,1
1515616,53,1,0,1
2343808,53,1,0,1
4070808,53,1,0,1
3176080,53,1,1,0
952608,53,1,0,1
1206672,53,1,0,1
2308808,53,1,1,0
2243136,53,1,0,1
3472280,53,1,0,1
6243664,53,1,0,1
1089208,53,1,0,1
2280896,53,1,0,1
533216,53,1,1,0
3052448,53,1,0,1
5109000,53,1,1,0
1292096,53,1,0,1
4300576,53,1,1,0
2995896,53,1,0,1
2887984,53,1,1,0
3991856,53,1,1,0
663592,53,1,0,1
5706000,53,1,0,1
2825704,53,1,0,1
1138152,53,1,0,1
1689648,53,1,1,0
2613248,53,1,0,1
5658408,53,1,0,1
2333904,53,1,0,1
424136,53,1,0,1
7494576,53,1,1,0
1409520,53,1,1,0
3548848,53,1,0,1
1167072,53,1,0,1
1661784,53,1,0,1
1719528,53,1,1,0
5024048,53,1,0,1
7185400,53,1,1,0
661960,53,1,0,1
3529328,53,1,0,1
681952,53,1,1,0
3465520,53,1,1,0
843624,53,1,1,0
4964976,53,1,1,0
863416,53,1,0,1
526152,53,1,0,1
1289744,53,1,1,0
4491504,53,1,1,0
4278848,53,1,1,0
3247296,53,1,1,0
2540960,53,1,1,0
784544,53,1,0,1
1984128,53,1,0,1
1675096,53,1,0,1
5430536,53,1,1,0
2592816,53,1,1,0
5963648,53,1,1,0
678800,53,1,0,1
2998400,53,1,0,1
462960,53,1,0,1
827048,53,1,1,0
2216920,53,1,0,1
322032,53,1,1,0
508912,53,1,1,0
6736368,53,1,0,1
3163416,53,1,1,0
6024240,53,1,1,0
1174456,53,1,1,0
6312256,53,1,1,0
3366088,53,1,0,1
874432,53,1,1,0
1626272,53,1,1,0
4874536,53,1,1,0
5094736,53,1,0,1
3493496,53,1,1,0
1128000,53,1,1,0
2949784,53,1,0,1
5533464,53,1,1,0
1214856,53,1,1,0
5279208,53,1,0,1
3750672,53,1,0,1
6590728,53,1,0,1
7301208,53,1,1,0
5789152,53,1,1,0
4332416,53,1,0,1
7535672,53,1,1,0
641840,53,1,0,1
425440,53,1,0,1
311280,53,1,0,1
666592,53,1,0,1
228104,53,1,1,0
3695416,53,1,0,1
1547280,53,1,0,1
382656,53,1,0,1
5763624,53,1,1,0
417864,53,1,1,0
4934672,53,1,0,1
1516792,53,1,1,0
5111008,53,1,0,1
1351072,53,1,1,0
1307688,53,1,0,1
1330744,53,1,1,0
418488,53,1,1,0
7032784,53,1,1,0
2996776,53,1,1,0
2446968,53,1,0,1
2163784,53,1,0,1
1076864,53,1,1,0
3845528,53,1,0,1
4418128,53,1,1,0
3017136,53,1,1,0
4171944,53,1,1,0
546736,53,1,0,1
2577752,53,1,1,0
7301912,53,1,1,0
2812688,53,1,1,0
7719392,53,1,1,0
1820008,53,1,0,1
1307400,53,1,1,0
2597856,53,1,1,0
966384,53,1,1,0
7881104,53,1,1,0
1087504,53,1,0,1
328304,53,1,0,1
1440720,53,1,1,0
1013072,53,1,0,1
5683176,53,1,0,1
2505640,53,1,0,1
6315976,53,1,1,0
1694160,53,1,1,0
1803192,53,1,0,1
788560,53,1,0,1
1847504,53,1,1,0
1612416,53,1,1,0
5253624,53,1,1,0
920408,53,1,0,1
767160,53,1,1,0
7163296,53,1,1,0
5019224,53,1,0,1
4186928,53,1,0,1
2679792,53,1,1,0
6858384,53,1,1,0
1098312,53,1,0,1
550224,53,1,1,0
5934752,53,1,1,0
562560,53,1,0,1
404976,53,1,1,0
4833360,53,1,1,0
2072864,53,1,0,1
457400,53,1,0,1
2487568,53,1,0,1
2632608,53,1,0,1
788760,53,1,1,0
1716152,53,1,0,1
648440,53,1,1,0
3093960,53,1,1,0
1326688,53,1,0,1
8096064,53,1,0,1
619776,53,1,0,1
1628224,53,1,1,0
625304,53,1,0,1
917360,53,1,0,1
2189496,53,1,1,0
6670352,53,1,1,0
4015952,53,1,0,1
750312,53,1,1,0
5910840,53,1,1,0
3271296,53,1,0,1
3429032,53,1,0,1
951504,53,1,0,1
7905312,53,1,1,0
4587912,53,1,0,1
2874176,53,1,1,0
463040,53,1,1,0
5594200,53,1,0,1
1024104,53,1,1,0
2946568,53,1,0,1
2640312,53,1,1,0
7801024,53,1,1,0
2325344,53,1,0,1
345552,53,1,1,0
1437800,53,1,0,1
1068344,53,1,0,1
1526752,53,1,0,1
5724800,53,1,1,0
2430608,53,1,1,0
515800,53,1,1,0
2650416,53,1,1,0
2219824,53,1,0,1
2891352,53,1,1,0
626792,53,1,0,1
2199328,53,1,0,1
1753352,53,1,0,1
593224,53,1,0,1
208616,53,1,0,1
215848,53,1,0,1
5594552,53,1,1,0
3705984,53,1,1,0
140232,53,1,1,0
5505056,53,1,0,1
273192,53,1,0,1
385744,53,1,0,1
5939608,53,1,1,0
2907944,53,1,0,1
3535768,53,1,1,0
492888,53,1,1,0
2935936,53,1,0,1
5982280,53,1,0,1
6811184,53,1,1,0
659320,53,1,0,1
7601544,53,1,0,1
1019368,53,1,0,1
7789720,53,1,1,0
1930752,53,1,1,0
1773448,53,1,1,0
4810528,53,1,0,1
8353272,53,1,0,1
1238192,53,1,0,1
555664,53,1,1,0
106392,53,1,0,1
3094392,53,1,0,1
7601480,53,1,0,1
1979488,53,1,1,0
7430224,53,1,1,0
6844320,53,1,0,1
1114016,53,1,1,0
1313496,53,1,1,0
1446792,53,1,1,0
1107896,53,1,0,1
4741864,53,1,1,0
702560,53,1,1,0
2171208,53,1,0,1
1666200,53,1,0,1
2257120,53,1,1,0
985816,53,1,1,0
5505864,53,1,1,0
4023112,53,1,1,0
2703616,53,1,0,1
6789848,53,1,1,0
6913992,53,1,1,0
4849408,53,1,0,1
1080888,53,1,0,1
3259824,53,1,0,1
1417296,53,1,1,0
173048,53,1,1,0
3317128,53,1,1,0
3886896,53,1,0,1
784552,53,1,0,1
893112,53,1,1,0
1016056,53,1,1,0
6025232,53,1,0,1
3495872,53,1,0,1
730304,53,1,1,0
219296,53,1,1,0
5721696,53,1,0,1
2907048,53,1,0,1
1282456,53,1,0,1
263688,53,1,0,1
7579984,53,1,1,0
532960,53,1,1,0
319320,53,1,1,0
3043400,53,1,1,0
3899088,53,1,1,0
6013848,53,1,1,0
1224168,53,1,1,0
271928,53,1,0,1
2056032,53,1,0,1
517584,53,1,0,1
7758048,53,1,1,0
972728,53,1,1,0
518072,53,1,1,0
2185816,53,1,0,1
778272,53,1,0,1
3108632,53,1,0,1
5774472,53,1,1,0
1354016,53,1,1,0
1121016,53,1,1,0
930272,53,1,1,0
6351752,53,1,0,1
806480,53,1,0,1
565072,53,1,0,1
5612040,53,1,1,0
559736,53,1,1,0
865416,53,1,0,1
8128176,53,1,1,0
1335400,53,1,0,1
1005424,53,1,0,1
1242104,53,1,1,0
4829976,53,1,1,0
1710928,53,1,1,0
2335072,53,1,1,0
1741440,53,1,1,0
5484480,53,1,0,1
4839224,53,1,0,1
5779960,53,1,0,1
2880752,53,1,1,0
751672,53,1,1,0
3428600,53,1,1,0
223104,53,1,0,1
3464600,53,1,0,1
6742896,53,1,0,1
1560968,53,1,0,1
3549904,53,1,0,1
3976760,53,1,1,0
406648,53,1,0,1
899656,53,1,1,0
4130896,53,1,1,0
8242056,53,1,0,1
6591832,53,1,0,1
2184440,53,1,1,0
3729000,53,1,0,1
270448,53,1,0,1
4805752,53,1,0,1
1806672,53,1,0,1
8212824,53,1,0,1
589360,53,1,0,1
870688,53,1,0,1
628896,53,1,0,1
5824152,53,1,1,0
1685088,53,1,0,1
197184,53,1,1,0
1250904,53,1,0,1
2576264,53,1,0,1
7455632,53,1,1,0
7037544,53,1,0,1
502912,53,1,0,1
362472,53,1,1,0
2908976,53,1,0,1
6738936,53,1,0,1
1298416,53,1,1,0
6440720,53,1,0,1
6238632,53,1,1,0
6200672,53,1,0,1
1237904,53,1,1,0
2194144,53,1,1,0
2292880,53,1,1,0
204752,53,1,0,1
870424,53,1,0,1
5195952,53,1,1,0
6230512,53,1,0,1
1841008,53,1,1,0
244760,53,1,1,0
296664,53,1,1,0
1863640,53,1,1,0
1192128,53,1,1,0
4765616,53,1,1,0
2841904,53,1,1,0
1138648,53,1,1,0
5754936,53,1,1,0
2827824,53,1,1,0
6353056,53,1,1,0
7092816,53,1,1,0
3641688,53,1,0,1
1125608,53,1,0,1
793336,53,1,0,1
1645376,53,1,1,0
2277880,53,1,0,1
1041208,53,1,0,1
143504,53,1,1,0
6507696,53,1,1,0
1878632,53,1,1,0
605168,53,1,1,0
1789168,53,1,1,0
6892168,53,1,0,1
4795208,53,1,0,1
7483232,53,1,1,0
3788240,53,1,0,1
2725960,53,1,1,0
3103152,53,1,0,1
148312,53,1,0,1
3581752,53,1,0,1
1558136,53,1,0,1
818936,53,1,1,0
2288688,53,1,1,0
553240,53,1,1,0
7354984,53,1,1,0
3148992,53,1,1,0
5514968,53,1,1,0
2287120,53,1,1,0
636632,53,1,1,0
2581704,53,1,0,1
5500048,53,1,1,0
5916072,53,1,0,1
969680,53,1,1,0
2141016,53,1,0,1
1229288,53,1,1,0
6978576,53,1,0,1
879824,53,1,1,0
1650296,53,1,0,1
1285200,53,1,1,0
561344,53,1,0,1
200928,53,1,1,0
2266608,53,1,1,0
3023472,53,1,0,1
2718264,53,1,1,0
2941984,53,1,0,1
1317424,53,1,0,1
1446384,53,1,1,0
2592152,53,1,0,1
1753032,53,1,0,1
1445208,53,1,0,1
213888,53,1,1,0
1148440,53,1,0,1
4746688,53,1,0,1
4150632,53,1,0,1
2740896,53,1,1,0
5338184,53,1,1,0
2762976,53,1,0,1
677024,53,1,1,0
3155680,53,1,0,1
1561296,53,1,0,1
5288296,53,1,1,0
1029936,53,1,0,1
685992,53,1,1,0
1555576,53,1,0,1
439864,53,1,1,0
5102880,53,1,0,1
497408,53,1,1,0
242912,53,1,1,0
7744176,53,1,0,1
6132232,53,1,1,0
3886832,53,1,0,1
7180080,53,1,1,0
3145856,53,1,0,1
2863624,53,1,0,1
1693424,53,1,0,1
7072096,53,1,0,1
5731432,53,1,1,0
3805976,53,1,0,1
3802568,53,1,0,1
6493496,53,1,1,0
5456128,53,1,0,1
840160,53,1,1,0
5544840,53,1,0,1
5324456,53,1,0,1
5908152,53,1,1,0
4524536,53,1,0,1
3943856,53,1,1,0
5702032,53,1,0,1
1554968,53,1,0,1
266888,53,1,0,1
2068808,53,1,0,1
5981248,53,1,1,0
741544,53,1,0,1
6347128,53,1,1,0
1312504,53,1,1,0
8285448,53,1,1,0
2067920,53,1,1,0
2306040,53,1,0,1
4335328,53,1,0,1
7025264,53,1,1,0
3615744,53,1,0,1
898904,53,1,1,0
4211040,53,1,0,1
4021592,53,1,0,1
5890888,53,1,0,1
3171360,53,1,1,0
3277176,53,1,1,0
516056,53,1,0,1
5524000,53,1,0,1
5635624,53,1,0,1
1937384,53,1,1,0
1555888,53,1,1,0
1874880,53,1,1,0
527496,53,1,0,1
6082096,53,1,1,0
1948208,53,1,1,0
5398816,53,1,1,0
2657632,53,1,1,0
4417264,53,1,1,0
452160,53,1,1,0
840544,53,1,0,1
320904,53,1,0,1
5165560,53,1,1,0
792072,53,1,0,1
5779464,53,1,0,1
710040,53,1,1,0
3028568,53,1,1,0
6772792,53,1,0,1
2960712,53,1,0,1
952544,53,1,0,1
4129536,53,1,1,0
2752296,53,1,1,0
1880832,53,1,1,0
2683520,53,1,1,0
327608,53,1,0,1
164496,53,1,0,1
2368816,53,1,1,0
255712,53,1,0,1
3916128,53,1,1,0
4063712,53,1,0,1
5117328,53,1,1,0
7235160,53,1,1,0
1238944,53,1,1,0
3500112,53,1,0,1
2428456,53,1,1,0
2478984,53,1,1,0
406424,53,1,0,1
3772056,53,1,1,0
8342336,53,1,0,1
1974544,53,1,0,1
4383864,53,1,1,0
1108936,53,1,1,0
2499544,53,1,1,0
562592,53,1,1,0
924752,53,1,1,0
8070808,53,1,0,1
4134648,53,1,0,1
5271088,53,1,0,1
1421272,53,1,1,0
385096,53,1,1,0
1434992,53,1,1,0
7027576,53,1,1,0
4005560,53,1,0,1
383360,53,1,0,1
3868488,53,1,0,1
184544,53,1,1,0
3303856,53,1,1,0
6077344,53,1,0,1
6597448,53,1,0,1
1559056,53,1,0,1
1330176,53,1,1,0
1336384,53,1,0,1
8184296,53,1,0,1
3040616,53,1,1,0
7449784,53,1,0,1
4446760,53,1,1,0
6899360,53,1,0,1
653824,53,1,0,1
8282864,53,1,0,1
206592,53,1,0,1
4774648,53,1,1,0
1397880,53,1,1,0
392480,53,1,0,1
5396240,53,1,0,1
1455296,53,1,1,0
808136,53,1,0,1
2646424,53,1,0,1
671080,53,1,1,0
3204920,53,1,0,1
2117256,53,1,1,0
8311920,53,1,1,0
6149984,53,1,1,0
358440,53,1,0,1
2628432,53,1,1,0
2235304,53,1,0,1
4672640,53,1,0,1
1283552,53,1,0,1
1151472,53,1,0,1
2106504,53,1,0,1
5233152,53,1,0,1
1451256,53,1,0,1
4270760,53,1,0,1
4743840,53,1,0,1
4649400,53,1,1,0
4085864,53,1,0,1
228992,53,1,1,0
5336608,53,1,1,0
1079120,53,1,1,0
4310392,53,1,1,0
6196352,53,1,1,0
3459688,53,1,0,1
7807680,53,1,1,0
2106936,53,1,0,1
401344,53,1,0,1
4036328,53,1,0,1
4258528,53,1,1,0
7037016,53,1,0,1
941080,53,1,0,1
3641272,53,1,0,1
350824,53,1,1,0
1688984,53,1,1,0
4599456,53,1,1,0
6351080,53,1,0,1
4051832,53,1,1,0
764112,53,1,0,1
5565920,53,1,1,0
1759176,53,1,1,0
2878976,53,1,1,0
7935160,53,1,0,1
521656,53,1,1,0
488368,53,1,1,0
1441504,53,1,0,1
4703336,53,1,1,0
429280,53,1,0,1
1143088,53,1,1,0
4023992,53,1,0,1
3055720,53,1,0,1
7371488,53,1,1,0
279456,53,1,0,1
6971712,53,1,0,1
428376,53,1,0,1
1524520,53,1,1,0
843064,53,1,1,0
760184,53,1,1,0
1867496,53,1,1,0
280760,53,1,0,1
1659976,53,1,0,1
267760,53,1,0,1
2285560,53,1,1,0
726104,53,1,1,0
1791440,53,1,0,1
5422360,53,1,1,0
5656528,53,1,0,1
1988216,53,1,0,1
904664,53,1,0,1
7014912,53,1,0,1
587656,53,1,0,1
4140224,53,1,0,1
3630496,53,1,1,0
4870000,53,1,1,0
4136248,53,1,0,1
3585416,53,1,0,1
3021800,53,1,1,0
3253864,53,1,0,1
1011152,53,1,1,0
3225312,53,1,1,0
562368,53,1,1,0
8029512,53,1,0,1
2765608,53,1,1,0
1640224,53,1,0,1
7091080,53,1,0,1
2220992,53,1,0,1
173264,53,1,0,1
2216136,53,1,1,0
506368,53,1,0,1
4240048,53,1,0,1
4425224,53,1,1,0
2261824,53,1,0,1
3668752,53,1,1,0
6616144,53,1,1,0
7355040,53,1,1,0
4915736,53,1,0,1
1508400,53,1,0,1
3571744,53,1,1,0
99864,53,1,0,1
3799392,53,1,1,0
3414424,53,1,0,1
168696,53,1,1,0
3581528,53,1,0,1
8327632,53,1,1,0
88808,53,1,1,0
5891104,53,1,1,0
1541832,53,1,1,0
2380296,53,1,1,0
5663688,53,1,0,1
1064264,53,1,1,0
2578864,53,1,1,0
562552,53,1,0,1
4192856,53,1,1,0
1337744,53,1,0,1
1149336,53,1,1,0
2178880,53,1,1,0
7969296,53,1,1,0
3048944,53,1,1,0
809816,53,1,0,1
7773608,53,1,0,1
2925968,53,1,1,0
3793448,53,1,1,0
6723752,53,1,1,0
1565160,53,1,0,1
4374968,53,1,0,1
2331224,53,1,1,0
3110600,53,1,0,1
3538144,53,1,0,1
5185752,53,1,0,1
4489280,53,1,0,1
6406248,53,1,0,1
3109480,53,1,1,0
6412064,53,1,0,1
861336,53,1,1,0
1523904,53,1,0,1
2616752,53,1,1,0
2291016,53,1,1,0
419392,53,1,0,1
2616080,53,1,0,1
4264592,53,1,0,1
3293712,53,1,0,1
6522936,53,1,0,1
8170872,53,1,1,0
2250056,53,1,1,0
5088672,53,1,1,0
3375432,53,1,0,1
2990960,53,1,0,1
7792328,53,1,1,0
972704,53,1,1,0
1040424,53,1,0,1
3978648,53,1,0,1
2100064,53,1,1,0
267472,53,1,0,1
4350224,53,1,0,1
489128,53,1,0,1
292024,53,1,0,1
1916928,53,1,1,0
1560216,53,1,1,0
895552,53,1,0,1
3081376,53,1,1,0
370416,53,1,0,1
357472,53,1,0,1
2590456,53,1,1,0
2714424,53,1,1,0
2546032,53,1,1,0
747328,53,1,1,0
2240872,53,1,1,0
4325312,53,1,0,1
96168,53,1,1,0
3495368,53,1,1,0
658696,53,1,0,1
6694016,53,1,1,0
8113720,53,1,0,1
5929696,53,1,1,0
4827536,53,1,1,0
2342304,53,1,0,1
4648952,53,1,0,1
1540504,53,1,1,0
1044880,53,1,1,0
1303072,53,1,1,0
638600,53,1,1,0
3476480,53,1,1,0
1066832,53,1,1,0
3954136,53,1,0,1
695008,53,1,1,0
1079232,53,1,0,1
581408,53,1,0,1
6338616,53,1,1,0
2174048,53,1,0,1
1824536,53,1,1,0
321464,53,1,1,0
844736,53,1,0,1
3000440,53,1,0,1
1152768,53,1,0,1
1260496,53,1,0,1
2148176,53,1,0,1
283480,53,1,1,0
4941920,53,1,1,0
7187832,53,1,0,1
902656,53,1,1,0
5322800,53,1,0,1
934464,53,1,0,1
2122544,53,1,1,0
6426104,53,1,1,0
1425000,53,1,1,0
233496,53,1,1,0
3558440,53,1,0,1
1216152,53,1,1,0
652480,53,1,0,1
2629880,53,1,1,0
7961304,53,1,1,0
716144,53,1,0,1
2008320,53,1,1,0
1779928,53,1,1,0
1091080,53,1,1,0
1652984,53,1,0,1
5594904,53,1,0,1
5587272,53,1,0,1
1309160,53,1,0,1
2469008,53,1,0,1
374632,53,1,0,1
5088752,53,1,0,1
4944816,53,1,1,0
4319352,53,1,0,1
5486064,53,1,1,0
3293408,53,1,0,1
7945944,53,1,0,1
3815304,53,1,1,0
340752,53,1,1,0
1201864,53,1,1,0
4226192,53,1,1,0
6222136,53,1,1,0
1382056,53,1,0,1
356600,53,1,1,0
1707688,53,1,1,0
2404672,53,1,1,0
1843912,53,1,1,0
2567360,53,1,0,1
4834808,53,1,1,0
743312,53,1,1,0
6145032,53,1,0,1
539336,53,1,1,0
1248440,53,1,1,0
1789224,53,1,0,1
4064664,53,1,1,0
5647272,53,1,1,0
886632,53,1,1,0
469184,53,1,1,0
4043128,53,1,0,1
3384344,53,1,0,1
808656,53,1,1,0
940160,53,1,1,0
636088,53,1,0,1
1093776,53,1,0,1
830512,53,1,0,1
746208,53,1,1,0
552696,53,1,1,0
453888,53,1,1,0
1992472,53,1,1,0
3019992,53,1,0,1
3873520,53,1,0,1
2908872,53,1,0,1
2036704,53,1,1,0
1444632,53,1,0,1
2720184,53,1,1,0
738112,53,1,0,1
6775720,53,1,0,1
5787096,53,1,0,1
477824,53,1,1,0
2433808,53,1,1,0
1624032,53,1,0,1
1301120,53,1,1,0
4934888,53,1,1,0
4685648,53,1,1,0
4871064,53,1,1,0
2721960,53,1,0,1
790656,53,1,0,1
190536,53,1,1,0
5625512,53,1,1,0
2792928,53,1,1,0
5394392,53,1,1,0
1796960,53,1,0,1
3687312,53,1,1,0
3886384,53,1,0,1
2927616,53,1,0,1
3324608,53,1,1,0
443680,53,1,1,0
2002072,53,1,0,1
6419664,53,1,1,0
740200,53,1,1,0
1752024,53,1,0,1
931960,53,1,0,1
2406280,53,1,1,0
3419040,53,1,0,1
1497256,53,1,0,1
504576,53,1,0,1
4368824,53,1,0,1
6176872,53,1,1,0
2360640,53,1,0,1
406360,53,1,0,1
1402544,53,1,1,0
3091504,53,1,0,1
1622312,53,1,1,0
1993592,53,1,0,1
7438368,53,1,0,1
1355344,53,1,0,1
1627112,53,1,0,1
890424,53,1,0,1
5665888,53,1,0,1
7440968,53,1,1,0
1153632,53,1,1,0
4600352,53,1,0,1
1802984,53,1,1,0
4277960,53,1,0,1
1778056,53,1,1,0
8166416,53,1,0,1
2010568,53,1,0,1
45320,53,1,0,1
917488,53,1,1,0
7501464,53,1,0,1
1196136,53,1,1,0
575520,53,1,0,1
377784,53,1,1,0
1219712,53,1,1,0
1193432,53,1,0,1
2397752,53,1,1,0
7393416,53,1,1,0
914520,53,1,0,1
5702048,53,1,0,1
377688,53,1,0,1
167944,53,1,0,1
1228104,53,1,1,0
5659920,53,1,1,0
294952,53,1,1,0
2104392,53,1,0,1
5265960,53,1,1,0
5339224,53,1,1,0
5211912,53,1,0,1
3540304,53,1,1,0
1304912,53,1,1,0
974000,53,1,0,1
4480136,53,1,1,0
610792,53,1,0,1
187152,53,1,0,1
5520744,53,1,1,0
6904280,53,1,1,0
6305848,53,1,1,0
3316592,53,1,1,0
1045000,53,1,0,1
6654072,53,1,0,1
3252272,53,1,0,1
870760,53,1,1,0
6332432,53,1,0,1
4896032,53,1,0,1
6476736,53,1,1,0
6641912,53,1,1,0
1204880,53,1,0,1
7098840,53,1,0,1
8167232,53,1,0,1
265088,53,1,1,0
1068704,53,1,1,0
765432,53,1,0,1
7050088,53,1,1,0
382280,53,1,0,1
2636960,53,1,1,0
957352,53,1,0,1
863088,53,1,0,1
308632,53,1,1,0
4107176,53,1,1,0
335320,53,1,0,1
3909848,53,1,0,1
5662752,53,1,1,0
2468872,53,1,1,0
502064,53,1,0,1
5422696,53,1,1,0
3454848,53,1,1,0
586592,53,1,1,0
2317928,53,1,0,1
2226504,53,1,1,0
6551024,53,1,0,1
1353192,53,1,1,0
3551064,53,1,0,1
2274256,53,1,0,1
2205328,53,1,0,1
1177048,53,1,0,1
5441264,53,1,1,0
7885280,53,1,0,1
2796696,53,1,1,0
2506608,53,1,1,0
3842784,53,1,1,0
2760040,53,1,0,1
2416248,53,1,0,1
4903144,53,1,0,1
241464,53,1,1,0
1309960,53,1,1,0
3945752,53,1,0,1
1967728,53,1,1,0
6217416,53,1,1,0
4207848,53,1,1,0
1841976,53,1,1,0
122480,53,1,0,1
5650800,53,1,0,1
3798024,53,1,0,1
2787312,53,1,1,0
2151088,53,1,0,1
7791496,53,1,1,0
1796032,53,1,0,1
1623192,53,1,1,0
7530224,53,1,0,1
423576,53,1,1,0
147864,53,1,0,1
5147024,53,1,1,0
1193648,53,1,0,1
5322112,53,1,1,0
6796552,53,1,1,0
7117224,53,1,0,1
1132040,53,1,1,0
221432,53,1,0,1
2343416,53,1,0,1
614528,53,1,1,0
2692744,53,1,0,1
5265352,53,1,1,0
1595136,53,1,0,1
1587560,53,1,0,1
5360240,53,1,1,0
1890576,53,1,0,1
3958768,53,1,1,0
7075312,53,1,1,0
5491152,53,1,1,0
5996880,53,1,1,0
410384,53,1,0,1
6654752,53,1,1,0
4299904,53,1,0,1
6421656,53,1,1,0
981656,53,1,0,1
1415304,53,1,1,0
273016,53,1,1,0
3426528,53,1,0,1
2755704,53,1,0,1
7234248,53,1,1,0
1848008,53,1,1,0
2965408,53,1,0,1
1284144,53,1,0,1
731152,53,1,1,0
3569552,53,1,0,1
2247840,53,1,1,0
1245128,53,1,1,0
8114664,53,1,0,1
294616,53,1,1,0
3170152,53,1,1,0
4394408,53,1,1,0
3755920,53,1,1,0
422064,53,1,0,1
1452952,53,1,0,1
4668656,53,1,0,1
1365184,53,1,0,1
4773152,53,1,1,0
8166512,53,1,0,1
1197752,53,1,1,0
2895776,53,1,0,1
1990664,53,1,0,1
2708784,53,1,1,0
3728784,53,1,1,0
213008,53,1,1,0
698008,53,1,1,0
2918440,53,1,0,1
7687184,53,1,0,1
7756288,53,1,1,0
1789216,53,1,0,1
5172408,53,1,0,1
8330904,53,1,1,0
1524464,53,1,1,0
1150824,53,1,0,1
390832,53,1,1,0
2446128,53,1,0,1
1011672,53,1,1,0
644352,53,1,0,1
3572048,53,1,0,1
3465288,53,1,1,0
5344160,53,1,0,1
3757744,53,1,0,1
2502664,53,1,0,1
5366000,53,1,1,0
5991952,53,1,1,0
1056160,53,1,0,1
1255920,53,1,0,1
1075216,53,1,0,1
633984,53,1,0,1
5315160,53,1,1,0
3699944,53,1,1,0
3169848,53,1,1,0
1158152,53,1,0,1
577880,53,1,0,1
3319736,53,1,1,0
1762320,53,1,1,0
2301224,53,1,1,0
7820616,53,1,0,1
5389736,53,1,1,0
2456568,53,1,0,1
477696,53,1,1,0
3079200,53,1,1,0
6916816,53,1,1,0
5557448,53,1,1,0
1440096,53,1,1,0
367880,53,1,1,0
6829520,53,1,0,1
2513248,53,1,0,1
1039496,53,1,0,1
3638712,53,1,0,1
4805504,53,1,0,1
2933000,53,1,1,0
5528056,53,1,1,0
445600,53,1,1,0
3213648,53,1,0,1
522464,53,1,0,1
843168,53,1,0,1
869904,53,1,1,0
2144576,53,1,1,0
522616,53,1,0,1
284520,53,1,0,1
2725912,53,1,1,0
4767512,53,1,1,0
2529496,53,1,1,0
1108296,53,1,1,0
4692808,53,1,0,1
1758064,53,1,0,1
5926128,53,1,1,0
892792,53,1,0,1
6977336,53,1,0,1
1623264,53,1,1,0
1241264,53,1,1,0
4788920,53,1,0,1
8043680,53,1,0,1
2088984,53,1,1,0
2330736,53,1,1,0
4146744,53,1,0,1
226408,53,1,1,0
1267080,53,1,0,1
5747672,53,1,0,1
1760128,53,1,0,1
138520,53,1,0,1
343936,53,1,0,1
8041680,53,1,0,1
7864280,53,1,1,0
4197896,53,1,0,1
598184,53,1,0,1
4656168,53,1,1,0
922720,53,1,1,0
2850584,53,1,1,0
686136,53,1,1,0
999680,53,1,1,0
6061440,53,1,0,1
8182888,53,1,1,0
652896,53,1,0,1
8318632,53,1,0,1
1451608,53,1,0,1
1831088,53,1,1,0
432624,53,1,0,1
797232,53,1,0,1
825264,53,1,0,1
565288,53,1,0,1
384328,53,1,0,1
497632,53,1,0,1
561376,53,1,0,1
911120,53,1,1,0
381992,53,1,1,0
2719192,53,1,0,1
3145136,53,1,1,0
2370216,53,1,1,0
3494136,53,1,0,1
631672,53,1,0,1
2443592,53,1,1,0
638976,53,1,0,1
1094304,53,1,0,1
138952,53,1,1,0
3856760,53,1,1,0
405560,53,1,1,0
6348152,53,1,1,0
2864560,53,1,1,0
718720,53,1,0,1
6506232,53,1,0,1
1884208,53,1,0,1
988288,53,1,0,1
537344,53,1,1,0
721696,53,1,0,1
955344,53,1,0,1
6112856,53,1,1,0
1717280,53,1,1,0
7167304,53,1,0,1
5988728,53,1,0,1
3356344,53,1,0,1
343760,53,1,0,1
2849040,53,1,0,1
4348344,53,1,0,1
983544,53,1,0,1
1076112,53,1,0,1
1327608,53,1,1,0
7737864,53,1,0,1
7594976,53,1,1,0
1841192,53,1,1,0
7253448,53,1,1,0
1416168,53,1,1,0
1819960,53,1,0,1
105768,53,1,0,1
474840,53,1,1,0
432080,53,1,0,1
340040,53,1,1,0
623392,53,1,1,0
310032,53,1,1,0
5232312,53,1,0,1
3723784,53,1,0,1
2804736,53,1,1,0
837248,53,1,0,1
422504,53,1,1,0
5604312,53,1,0,1
664584,53,1,1,0
886424,53,1,1,0
2365440,53,1,0,1
1275632,53,1,0,1
1535160,53,1,1,0
2942072,53,1,0,1
4658720,53,1,1,0
329680,53,1,0,1
324576,53,1,0,1
210360,53,1,0,1
608800,53,1,1,0
507128,53,1,0,1
1574680,53,1,0,1
822616,53,1,1,0
351952,53,1,1,0
3297320,53,1,1,0
4938568,53,1,1,0
886160,53,1,0,1
69128,53,1,1,0
1522200,53,1,0,1
1094048,53,1,0,1
3624280,53,1,0,1
5875592,53,1,1,0
4278352,53,1,1,0
7601664,53,1,0,1
1165616,53,1,0,1
1536128,53,1,1,0
2247336,53,1,1,0
2186104,53,1,0,1
3767560,53,1,1,0
1497832,53,1,0,1
3104200,53,1,1,0
2027568,53,1,1,0
1237432,53,1,1,0
6055096,53,1,1,0
735224,53,1,0,1
2943144,53,1,1,0
1792736,53,1,0,1
2393120,53,1,0,1
1630696,53,1,0,1
2454688,53,1,1,0
2220264,53,1,1,0
1685880,53,1,0,1
5723792,53,1,0,1
290792,53,1,0,1
266328,53,1,1,0
806096,53,1,0,1
1134584,53,1,1,0
7003408,53,1,1,0
4282408,53,1,1,0
225088,53,1,1,0
630288,53,1,0,1
4386144,53,1,1,0
4612744,53,1,0,1
5401400,53,1,0,1
2015456,53,1,1,0
1250672,53,1,0,1
778800,53,1,0,1
3633656,53,1,1,0
3479576,53,1,0,1
3431360,53,1,1,0
7692432,53,1,1,0
1578680,53,1,0,1
493240,53,1,0,1
3410336,53,1,1,0
6178392,53,1,0,1
3821864,53,1,0,1
3552800,53,1,0,1
3043000,53,1,1,0
6041184,53,1,0,1
118984,53,1,1,0
2605592,53,1,1,0
5532256,53,1,0,1
2200472,53,1,0,1
2817584,53,1,0,1
3903016,53,1,1,0
376784,53,1,0,1
1016720,53,1,0,1
563496,53,1,0,1
5594744,53,1,0,1
4703552,53,1,0,1
2809616,53,1,1,0
2785816,53,1,0,1
534408,53,1,1,0
1129920,53,1,1,0
8281256,53,1,0,1
1670992,53,1,1,0
1057032,53,1,0,1
460888,53,1,0,1
1128896,53,1,1,0
8339936,53,1,1,0
1535792,53,1,1,0
1398864,53,1,1,0
684024,53,1,0,1
3084000,53,1,0,1
1484368,53,1,1,0
8330968,53,1,0,1
6061208,53,1,0,1
257120,53,1,0,1
240864,53,1,1,0
2157000,53,1,1,0
1720032,53,1,0,1
6102624,53,1,0,1
5989448,53,1,0,1
390136,53,1,0,1
2268160,53,1,1,0
807688,53,1,1,0
601800,53,1,1,0
3323000,53,1,0,1
431600,53,1,0,1
2638328,53,1,1,0
7122168,53,1,1,0
1365736,53,1,1,0
5982200,53,1,0,1
2740568,53,1,1,0
6730368,53,1,0,1
1990800,53,1,1,0
1207416,53,1,0,1
6844888,53,1,0,1
758952,53,1,0,1
823856,53,1,0,1
370496,53,1,0,1
2100528,53,1,0,1
774816,53,1,0,1
5451760,53,1,1,0
2873656,53,1,0,1
4687368,53,1,1,0
613240,53,1,1,0
1950824,53,1,1,0
604968,53,1,1,0
8214608,53,1,0,1
289800,53,1,1,0
1090008,53,1,1,0
8153456,53,1,0,1
4410816,53,1,0,1
330136,53,1,1,0
1261512,53,1,1,0
1645696,53,1,1,0
3520424,53,1,1,0
3088104,53,1,0,1
1744592,53,1,1,0
1697888,53,1,1,0
3805360,53,1,0,1
232168,53,1,0,1
6173000,53,1,0,1
5929704,53,1,1,0
1259160,53,1,0,1
666512,53,1,0,1
1290040,53,1,0,1
5310040,53,1,0,1
3288816,53,1,1,0
4238328,53,1,0,1
265064,53,1,1,0
2137760,53,1,0,1
2478800,53,1,0,1
2793208,53,1,0,1
7487032,53,1,1,0
329168,53,1,0,1
7108816,53,1,0,1
1095192,53,1,1,0
549840,53,1,0,1
5008312,53,1,1,0
872120,53,1,0,1
825896,53,1,0,1
5538360,53,1,1,0
370512,53,1,1,0
1523784,53,1,1,0
2412016,53,1,1,0
3025912,53,1,1,0
1678280,53,1,0,1
1736632,53,1,0,1
8168680,53,1,0,1
3895360,53,1,1,0
2410176,53,1,0,1
2085104,53,1,1,0
5625320,53,1,0,1
2151512,53,1,1,0
504040,53,1,0,1
7640392,53,1,0,1
2724648,53,1,0,1
1440808,53,1,1,0
4197704,53,1,1,0
1919536,53,1,1,0
1295976,53,1,1,0
1150504,53,1,0,1
1212664,53,1,1,0
1730584,53,1,1,0
879056,53,1,1,0
1363624,53,1,0,1
1898752,53,1,1,0
3542328,53,1,0,1
381552,53,1,0,1
596376,53,1,1,0
833608,53,1,1,0
3934160,53,1,0,1
439360,53,1,0,1
4123456,53,1,0,1
2098576,53,1,1,0
388712,53,1,1,0
550808,53,1,0,1
857552,53,1,0,1
207392,53,1,0,1
2618952,53,1,1,0
7315840,53,1,0,1
1253168,53,1,0,1
1554888,53,1,0,1
2923336,53,1,1,0
1484336,53,1,1,0
61112,53,1,1,0
532816,53,1,1,0
875344,53,1,1,0
513664,53,1,1,0
4751856,53,1,0,1
213600,53,1,0,1
1016992,53,1,1,0
8226712,53,1,0,1
3812256,53,1,0,1
139736,53,1,1,0
249384,53,1,1,0
465064,53,1,0,1
420584,53,1,1,0
463880,53,1,1,0
1478128,53,1,1,0
3608696,53,1,0,1
519344,53,1,1,0
423536,53,1,1,0
192456,53,1,0,1
1723536,53,1,1,0
425200,53,1,0,1
3677168,53,1,0,1
5801872,53,1,0,1
5478416,53,1,1,0
315976,53,1,1,0
2026984,53,1,1,0
4861208,53,1,1,0
7724280,53,1,1,0
3710568,53,1,0,1
5656168,53,1,0,1
6912696,53,1,1,0
1675512,53,1,1,0
2323752,53,1,0,1
1398760,53,1,0,1
168072,53,1,0,1
1021512,53,1,1,0
439392,53,1,0,1
1050408,53,1,0,1
2421120,53,1,0,1
1353776,53,1,0,1
2623112,53,1,0,1
5463752,53,1,0,1
2784480,53,1,0,1
4646752,53,1,1,0
2726576,53,1,0,1
5785784,53,1,0,1
1602024,53,1,0,1
5999544,53,1,0,1
369208,53,1,1,0
534272,53,1,1,0
1974496,53,1,0,1
622016,53,1,1,0
547016,53,1,0,1
3363800,53,1,1,0
3021008,53,1,1,0
694856,53,1,1,0
1876312,53,1,0,1
2223752,53,1,1,0
2445656,53,1,0,1
733672,53,1,1,0
5207104,53,1,1,0
331704,53,1,1,0
2136512,53,1,0,1
5042568,53,1,1,0
2018192,53,1,0,1
3882280,53,1,0,1
6088480,53,1,1,0
5032392,53,1,0,1
789440,53,1,0,1
1347768,53,1,1,0
2256216,53,1,0,1
7495072,53,1,1,0
7114408,53,1,1,0
252896,53,1,0,1
556360,53,1,0,1
1684336,53,1,0,1
5364216,53,1,1,0
2106944,53,1,1,0
5009280,53,1,1,0
1244448,53,1,1,0
1924360,53,1,1,0
746000,53,1,0,1
1495528,53,1,0,1
980024,53,1,1,0
1286824,53,1,0,1
465880,53,1,1,0
2600448,53,1,0,1
1183520,53,1,0,1
1055896,53,1,0,1
479808,53,1,1,0
7585104,53,1,0,1
1372440,53,1,0,1
472160,53,1,1,0
7496184,53,1,0,1
646968,53,1,0,1
7590760,53,1,0,1
1238312,53,1,0,1
5115464,53,1,1,0
803904,53,1,1,0
130784,53,1,1,0
3996520,53,1,1,0
5910864,53,1,1,0
1894968,53,1,1,0
795808,53,1,0,1
1182368,53,1,0,1
4873688,53,1,1,0
1095504,53,1,1,0
858424,53,1,0,1
1255552,53,1,1,0
1318192,53,1,0,1
7097544,53,1,1,0
265048,53,1,0,1
4514232,53,1,0,1
3022576,53,1,0,1
5531904,53,1,1,0
1917800,53,1,0,1
5624008,53,1,0,1
5616464,53,1,1,0
1830632,53,1,0,1
5425584,53,1,1,0
8095768,53,1,1,0
249592,53,1,1,0
328208,53,1,1,0
1233728,53,1,1,0
4621384,53,1,1,0
1329520,53,1,0,1
6635696,53,1,1,0
5758496,53,1,1,0
1026656,53,1,0,1
276680,53,1,0,1
8170552,53,1,1,0
161328,53,1,1,0
2132192,53,1,1,0
3862232,53,1,0,1
864128,53,1,1,0
677872,53,1,0,1
2275576,53,1,1,0
6392264,53,1,0,1
1358552,53,1,0,1
1060712,53,1,1,0
731504,53,1,1,0
392104,53,1,1,0
3137208,53,1,0,1
2559000,53,1,1,0
457776,53,1,0,1
2457912,53,1,1,0
6694704,53,1,0,1
7299008,53,1,1,0
1944008,53,1,1,0
445336,53,1,0,1
1766768,53,1,0,1
4674368,53,1,0,1
738736,53,1,1,0
933680,53,1,0,1
982488,53,1,1,0
1836664,53,1,1,0
250952,53,1,1,0
6457528,53,1,1,0
657048,53,1,1,0
2609664,53,1,1,0
653712,53,1,1,0
7138896,53,1,0,1
2005696,53,1,1,0
1140688,53,1,0,1
7553784,53,1,0,1
247568,53,1,0,1
6549952,53,1,1,0
4967648,53,1,1,0
487624,53,1,0,1
2308528,53,1,1,0
5196992,53,1,0,1
2635304,53,1,1,0
2504160,53,1,0,1
4348424,53,1,0,1
3181160,53,1,0,1
610384,53,1,1,0
3528440,53,1,1,0
877712,53,1,0,1
6568704,53,1,0,1
7797824,53,1,0,1
642584,53,1,0,1
2016360,53,1,1,0
539408,53,1,0,1
4455512,53,1,1,0
2716696,53,1,1,0
7436688,53,1,1,0
4809680,53,1,1,0
722328,53,1,1,0
2764664,53,1,0,1
2935312,53,1,1,0
884368,53,1,1,0
5118056,53,1,0,1
3680768,53,1,1,0
5329232,53,1,0,1
604080,53,1,1,0
5821576,53,1,0,1
346432,53,1,0,1
2367360,53,1,0,1
191792,53,1,0,1
2301656,53,1,0,1
5987488,53,1,0,1
569464,53,1,1,0
3396192,53,1,1,0
1832416,53,1,1,0
1436424,53,1,1,0
1772096,53,1,0,1
1256368,53,1,0,1
1102592,53,1,0,1
2467424,53,1,0,1
3483864,53,1,1,0
869080,53,1,1,0
835200,53,1,0,1
6382032,53,1,1,0
5854392,53,1,0,1
3402880,53,1,0,1
5797208,53,1,0,1
3716744,53,1,0,1
7931440,53,1,1,0
3381944,53,1,0,1
5580552,53,1,1,0
1055192,53,1,1,0
3055896,53,1,0,1
643272,53,1,1,0
2041872,53,1,0,1
2987456,53,1,1,0
1468112,53,1,1,0
907432,53,1,1,0
3725656,53,1,0,1
3777280,53,1,1,0
387936,53,1,1,0
7888600,53,1,1,0
4595824,53,1,1,0
1772848,53,1,0,1
7537072,53,1,0,1
7610288,53,1,1,0
1665984,53,1,1,0
3221368,53,1,1,0
846848,53,1,1,0
973680,53,1,0,1
930008,53,1,1,0
393816,53,1,0,1
1309616,53,1,1,0
5432120,53,1,0,1
1092552,53,1,1,0
416832,53,1,1,0
2827520,53,1,1,0
4162408,53,1,0,1
2869032,53,1,1,0
1340472,53,1,1,0
1962616,53,1,1,0
1534456,53,1,0,1
2440400,53,1,0,1
508808,53,1,1,0
7992640,53,1,0,1
5651680,53,1,0,1
357424,53,1,0,1
987048,53,1,1,0
609656,53,1,0,1
4088016,53,1,0,1
4415448,53,1,1,0
1708200,53,1,0,1
7717576,53,1,1,0
945232,53,1,0,1
6631152,53,1,1,0
1662776,53,1,1,0
3390424,53,1,0,1
2900056,53,1,0,1
1001264,53,1,0,1
3362096,53,1,1,0
4623232,53,1,1,0
2188920,53,1,0,1
1447040,53,1,0,1
5869848,53,1,0,1
2254272,53,1,0,1
2307904,53,1,1,0
507016,53,1,1,0
1199256,53,1,0,1
5415888,53,1,1,0
628440,53,1,1,0
1071768,53,1,1,0
814824,53,1,1,0
3663304,53,1,0,1
7041816,53,1,0,1
7530776,53,1,0,1
3386136,53,1,0,1
640352,53,1,1,0
5513568,53,1,1,0
627656,53,1,0,1
2229808,53,1,0,1
6167800,53,1,1,0
531080,53,1,1,0
1670392,53,1,0,1
2046584,53,1,1,0
7042576,53,1,0,1
5817232,53,1,1,0
6217240,53,1,1,0
568832,53,1,0,1
1628616,53,1,0,1
2160224,53,1,1,0
1368640,53,1,1,0
4955040,53,1,0,1
4470448,53,1,0,1
1820528,53,1,1,0
5189400,53,1,1,0
620320,53,1,0,1
780288,53,1,0,1
1723424,53,1,1,0
3914000,53,1,0,1
6795776,53,1,0,1
735744,53,1,1,0
4235912,53,1,1,0
465104,53,1,1,0
3881024,53,1,1,0
1314720,53,1,1,0
996312,53,1,1,0
6953248,53,1,0,1
1256984,53,1,0,1
3352216,53,1,1,0
280512,53,1,0,1
4710488,53,1,1,0
6888904,53,1,0,1
3455448,53,1,0,1
324376,53,1,1,0
743880,53,1,1,0
437656,53,1,0,1
1080464,53,1,1,0
2269184,53,1,0,1
1628248,53,1,1,0
1305000,53,1,1,0
5387280,53,1,0,1
138840,53,1,0,1
6472064,53,1,0,1
3762656,53,1,0,1
463760,53,1,0,1
5714288,53,1,0,1
276512,53,1,1,0
8045784,53,1,0,1
4843240,53,1,0,1
6234424,53,1,1,0
1103152,53,1,1,0
1877976,53,1,0,1
3295832,53,1,1,0
849296,53,1,0,1
4612984,53,1,0,1
474240,53,1,0,1
3556888,53,1,0,1
1491768,53,1,0,1
1419712,53,1,0,1
302576,53,1,0,1
1561128,53,1,1,0
778608,53,1,1,0
1337344,53,1,1,0
6233504,53,1,1,0
6083536,53,1,1,0
826520,53,1,1,0
1103040,53,1,0,1
2425192,53,1,1,0
1281568,53,1,1,0
3881392,53,1,1,0
1182768,53,1,1,0
5750600,53,1,1,0
3091096,53,1,0,1
2795616,53,1,1,0
1484720,53,1,1,0
408640,53,1,1,0
6564304,53,1,1,0
4180576,53,1,0,1
5075456,53,1,1,0
2732768,53,1,1,0
543040,53,1,0,1
3777744,53,1,0,1
4338256,53,1,1,0
2246080,53,1,1,0
242488,53,1,0,1
2122720,53,1,0,1
6202840,53,1,0,1
540856,53,1,1,0
5143640,53,1,1,0
1611376,53,1,1,0
833840,53,1,1,0
2290736,53,1,0,1
4786952,53,1,1,0
4370216,53,1,0,1
1460368,53,1,1,0
1539784,53,1,0,1
811016,53,1,1,0
3883248,53,1,0,1
2291160,54,1,0,1
483016,54,1,0,1
6968224,54,1,0,1
204152,54,1,1,0
3268688,54,1,1,0
7309120,54,1,0,1
1985624,54,1,1,0
3795152,54,1,1,0
2587312,54,1,1,0
2941808,54,1,0,1
6905504,54,1,1,0
5975512,54,1,0,1
3598408,54,1,1,0
574832,54,1,1,0
767936,54,1,1,0
2190688,54,1,1,0
3394824,54,1,1,0
6473600,54,1,1,0
1156688,54,1,1,0
694000,54,1,0,1
599520,54,1,0,1
1772384,54,1,0,1
257544,54,1,1,0
1071448,54,1,1,0
525440,54,1,0,1
2267344,54,1,1,0
536584,54,1,1,0
4268112,54,1,0,1
7384712,54,1,1,0
3413376,54,1,0,1
329408,54,1,1,0
7257752,54,1,0,1
1272280,54,1,1,0
1548096,54,1,1,0
1529320,54,1,1,0
4708888,54,1,0,1
3543912,54,1,0,1
1724560,54,1,0,1
153584,54,1,1,0
1595784,54,1,0,1
397600,54,1,0,1
1731008,54,1,0,1
5632992,54,1,1,0
2087832,54,1,1,0
4821160,54,1,1,0
2699344,54,1,0,1
4067352,54,1,1,0
8254376,54,1,1,0
4364552,54,1,1,0
4651808,54,1,0,1
2949976,54,1,1,0
7039856,54,1,0,1
4301368,54,1,1,0
1671016,54,1,0,1
6439912,54,1,0,1
5729296,54,1,0,1
7173048,54,1,0,1
1888288,54,1,0,1
1777800,54,1,0,1
122024,54,1,0,1
6672368,54,1,0,1
5525512,54,1,0,1
3568320,54,1,1,0
2100872,54,1,0,1
3264232,54,1,1,0
5314864,54,1,0,1
7231216,54,1,1,0
243200,54,1,1,0
1898912,54,1,1,0
3610432,54,1,0,1
1129464,54,1,0,1
4865032,54,1,0,1
4106536,54,1,1,0
2896480,54,1,1,0
723432,54,1,1,0
1819072,54,1,1,0
870744,54,1,1,0
2716544,54,1,1,0
2139936,54,1,0,1
5117216,54,1,1,0
182168,54,1,0,1
3370232,54,1,1,0
379616,54,1,0,1
1025008,54,1,0,1
5610896,54,1,1,0
4563720,54,1,0,1
4152464,54,1,0,1
1003352,54,1,0,1
7817176,54,1,0,1
2266152,54,1,0,1
1686776,54,1,0,1
6851144,54,1,1,0
5556584,54,1,1,0
7610640,54,1,1,0
7813192,54,1,0,1
4218160,54,1,0,1
3247504,54,1,0,1
123824,54,1,1,0
4571936,54,1,1,0
1755376,54,1,0,1
4295024,54,1,1,0
3839120,54,1,0,1
7130872,54,1,1,0
5151824,54,1,1,0
120376,54,1,0,1
1292504,54,1,0,1
554896,54,1,1,0
3029984,54,1,1,0
516216,54,1,1,0
3783584,54,1,0,1
1479136,54,1,1,0
7158712,54,1,0,1
6220736,54,1,0,1
2730456,54,1,0,1
6194400,54,1,1,0
4302712,54,1,0,1
167936,54,1,0,1
1219960,54,1,1,0
2065584,54,1,1,0
779960,54,1,1,0
5974320,54,1,0,1
502472,54,1,1,0
1912056,54,1,0,1
3741248,54,1,0,1
805184,54,1,1,0
4341528,54,1,1,0
766776,54,1,1,0
5869456,54,1,1,0
1915136,54,1,1,0
2254520,54,1,1,0
5227032,54,1,0,1
3127584,54,1,1,0
4524656,54,1,0,1
2833528,54,1,1,0
771264,54,1,0,1
415400,54,1,1,0
1689552,54,1,0,1
4216536,54,1,1,0
614632,54,1,0,1
239152,54,1,0,1
2654912,54,1,1,0
3566600,54,1,0,1
897760,54,1,1,0
2005048,54,1,1,0
280656,54,1,0,1
3990136,54,1,0,1
2190984,54,1,0,1
4389232,54,1,0,1
1959496,54,1,0,1
6848600,54,1,0,1
8156856,54,1,1,0
1770120,54,1,1,0
545856,54,1,0,1
766744,54,1,1,0
4102336,54,1,1,0
1570064,54,1,1,0
3565112,54,1,0,1
656232,54,1,0,1
424344,54,1,0,1
2676464,54,1,1,0
5521664,54,1,1,0
4190224,54,1,0,1
277288,54,1,1,0
4294240,54,1,1,0
314248,54,1,1,0
3394232,54,1,0,1
4770232,54,1,0,1
651368,54,1,0,1
346576,54,1,1,0
5052512,54,1,0,1
3848248,54,1,1,0
1009248,54,1,0,1
755888,54,1,1,0
487128,54,1,0,1
931544,54,1,1,0
3620152,54,1,0,1
1428120,54,1,0,1
3185816,54,1,1,0
2403728,54,1,1,0
2987168,54,1,0,1
4960720,54,1,1,0
2621712,54,1,1,0
615504,54,1,0,1
1121992,54,1,0,1
693528,54,1,0,1
247080,54,1,1,0
611112,54,1,1,0
1065080,54,1,0,1
6087536,54,1,0,1
7759800,54,1,1,0
805064,54,1,1,0
1760840,54,1,0,1
1585776,54,1,0,1
2035584,54,1,0,1
3681424,54,1,0,1
707768,54,1,0,1
335032,54,1,1,0
8034224,54,1,0,1
3427504,54,1,1,0
3807976,54,1,0,1
423088,54,1,1,0
709560,54,1,1,0
6479336,54,1,1,0
7099944,54,1,0,1
1913760,54,1,0,1
2543336,54,1,1,0
1107232,54,1,1,0
3508520,54,1,0,1
2731360,54,1,0,1
1517784,54,1,1,0
641288,54,1,1,0
2009704,54,1,0,1
264200,54,1,0,1
1281352,54,1,0,1
1548624,54,1,1,0
2031592,54,1,0,1
6210912,54,1,0,1
3262728,54,1,1,0
188464,54,1,0,1
3175976,54,1,0,1
3454952,54,1,1,0
4257480,54,1,0,1
3001296,54,1,0,1
2510912,54,1,1,0
3519944,54,1,1,0
793736,54,1,1,0
1153744,54,1,0,1
606424,54,1,1,0
744744,54,1,0,1
4009560,54,1,0,1
735544,54,1,0,1
1394472,54,1,1,0
1031872,54,1,1,0
1299968,54,1,0,1
862880,54,1,0,1
1387744,54,1,0,1
719704,54,1,0,1
2690456,54,1,0,1
6706648,54,1,0,1
285152,54,1,0,1
4206072,54,1,0,1
1566728,54,1,0,1
909320,54,1,0,1
4833576,54,1,1,0
5955560,54,1,0,1
4349864,54,1,1,0
4340256,54,1,0,1
1880928,54,1,1,0
775472,54,1,0,1
1139824,54,1,1,0
1914288,54,1,1,0
3636720,54,1,1,0
493376,54,1,1,0
327960,54,1,0,1
6821640,54,1,0,1
1840848,54,1,1,0
965024,54,1,0,1
3717624,54,1,1,0
1012360,54,1,1,0
7741592,54,1,0,1
1171704,54,1,0,1
1242120,54,1,1,0
1454784,54,1,0,1
3839744,54,1,0,1
1360216,54,1,1,0
630208,54,1,0,1
7230464,54,1,1,0
2910064,54,1,1,0
7297320,54,1,1,0
5579240,54,1,1,0
309664,54,1,1,0
629536,54,1,0,1
4397352,54,1,0,1
5341120,54,1,0,1
5295288,54,1,1,0
486264,54,1,0,1
7744096,54,1,0,1
527240,54,1,1,0
2033920,54,1,0,1
574424,54,1,1,0
7915288,54,1,0,1
5050936,54,1,1,0
6104944,54,1,1,0
5527304,54,1,0,1
898048,54,1,1,0
6424368,54,1,0,1
774920,54,1,0,1
8116056,54,1,0,1
1276376,54,1,0,1
2268512,54,1,1,0
854640,54,1,1,0
3946088,54,1,1,0
2964576,54,1,1,0
3712448,54,1,1,0
2813960,54,1,0,1
1112080,54,1,1,0
1856520,54,1,1,0
4762184,54,1,0,1
6261320,54,1,0,1
2881016,54,1,1,0
270176,54,1,0,1
7753240,54,1,1,0
4103576,54,1,0,1
4147624,54,1,0,1
424328,54,1,0,1
553160,54,1,0,1
578136,54,1,1,0
2145192,54,1,0,1
819056,54,1,1,0
269352,54,1,0,1
944856,54,1,0,1
1346456,54,1,0,1
1388064,54,1,0,1
3550752,54,1,0,1
451272,54,1,1,0
7169776,54,1,1,0
2780360,54,1,0,1
1086456,54,1,1,0
881248,54,1,0,1
2194344,54,1,1,0
1577768,54,1,1,0
306768,54,1,0,1
2225856,54,1,0,1
7786752,54,1,0,1
1212616,54,1,1,0
699408,54,1,0,1
6472512,54,1,1,0
3114528,54,1,1,0
694992,54,1,1,0
541808,54,1,0,1
5940472,54,1,0,1
2547696,54,1,0,1
1614656,54,1,1,0
1775736,54,1,0,1
6843600,54,1,0,1
8190192,54,1,0,1
7276624,54,1,1,0
7917080,54,1,0,1
1095224,54,1,0,1
4583464,54,1,0,1
750848,54,1,0,1
797440,54,1,1,0
3879104,54,1,0,1
1142544,54,1,1,0
3077568,54,1,0,1
5226800,54,1,1,0
6824776,54,1,0,1
3012608,54,1,1,0
6545024,54,1,0,1
8175544,54,1,1,0
5764344,54,1,1,0
1388856,54,1,0,1
2652056,54,1,1,0
424720,54,1,1,0
2089080,54,1,1,0
246480,54,1,1,0
4114000,54,1,0,1
6441272,54,1,0,1
5777768,54,1,1,0
2063664,54,1,0,1
765056,54,1,0,1
3273032,54,1,1,0
2431968,54,1,1,0
3433392,54,1,0,1
8363800,54,1,1,0
2695856,54,1,1,0
3487136,54,1,0,1
1078320,54,1,1,0
921280,54,1,0,1
7336432,54,1,0,1
1457424,54,1,1,0
2671032,54,1,0,1
5242848,54,1,1,0
7662368,54,1,1,0
886464,54,1,1,0
6973384,54,1,1,0
6739856,54,1,0,1
3473960,54,1,0,1
1958440,54,1,1,0
4003000,54,1,0,1
1525288,54,1,0,1
3169584,54,1,0,1
3423944,54,1,0,1
615864,54,1,0,1
446256,54,1,0,1
6670792,54,1,1,0
2806360,54,1,1,0
2537424,54,1,0,1
298472,54,1,0,1
6287120,54,1,0,1
3204736,54,1,1,0
1076920,54,1,0,1
6608048,54,1,1,0
1151352,54,1,1,0
4579048,54,1,1,0
1100840,54,1,1,0
5853904,54,1,1,0
336720,54,1,0,1
1295320,54,1,0,1
2121312,54,1,1,0
8143344,54,1,0,1
975568,54,1,0,1
2570720,54,1,1,0
2970960,54,1,0,1
226472,54,1,1,0
3247864,54,1,1,0
285168,54,1,1,0
3020816,54,1,0,1
6373928,54,1,1,0
4857720,54,1,0,1
3267248,54,1,1,0
6733104,54,1,0,1
3261952,54,1,1,0
2249664,54,1,1,0
1225800,54,1,1,0
237400,54,1,0,1
690392,54,1,0,1
7955952,54,1,1,0
5183928,54,1,1,0
3722552,54,1,1,0
2085504,54,1,1,0
6061528,54,1,0,1
1271016,54,1,0,1
7342704,54,1,1,0
1769128,54,1,0,1
3155576,54,1,0,1
355240,54,1,1,0
276944,54,1,0,1
3241480,54,1,0,1
2185904,54,1,0,1
3185616,54,1,0,1
1795488,54,1,1,0
6743936,54,1,1,0
1973120,54,1,0,1
356680,54,1,1,0
3320608,54,1,0,1
2328632,54,1,0,1
441760,54,1,1,0
2162632,54,1,1,0
5311560,54,1,0,1
675432,54,1,0,1
522728,54,1,1,0
1352280,54,1,1,0
1078944,54,1,1,0
5661432,54,1,1,0
2867240,54,1,0,1
2264944,54,1,0,1
253600,54,1,0,1
305776,54,1,1,0
1489632,54,1,0,1
4209688,54,1,0,1
1610408,54,1,1,0
299808,54,1,0,1
424320,54,1,1,0
2508840,54,1,1,0
2028536,54,1,0,1
681456,54,1,1,0
3317448,54,1,0,1
484704,54,1,1,0
1186104,54,1,1,0
6250376,54,1,1,0
3756088,54,1,0,1
6414136,54,1,0,1
2629272,54,1,1,0
2634600,54,1,1,0
1020008,54,1,0,1
3745920,54,1,1,0
4708776,54,1,1,0
749744,54,1,0,1
800704,54,1,1,0
4841160,54,1,1,0
5992968,54,1,1,0
1093128,54,1,1,0
642464,54,1,0,1
465088,54,1,0,1
2602472,54,1,0,1
6336936,54,1,0,1
3964600,54,1,1,0
2296216,54,1,0,1
8187056,54,1,1,0
2368792,54,1,1,0
3434224,54,1,0,1
2809368,54,1,0,1
5736832,54,1,1,0
755768,54,1,0,1
7651864,54,1,1,0
5101944,54,1,1,0
3992096,54,1,0,1
4344072,54,1,0,1
254744,54,1,0,1
197560,54,1,0,1
577896,54,1,0,1
4452728,54,1,1,0
7342880,54,1,0,1
4368864,54,1,0,1
192008,54,1,0,1
471256,54,1,0,1
448056,54,1,0,1
2506488,54,1,0,1
335744,54,1,1,0
3711824,54,1,1,0
7147872,54,1,0,1
3882704,54,1,1,0
116528,54,1,0,1
4128304,54,1,0,1
8386152,54,1,1,0
8209040,54,1,1,0
2085536,54,1,0,1
1242344,54,1,1,0
539128,54,1,1,0
1392312,54,1,1,0
2037080,54,1,0,1
5361816,54,1,0,1
3205656,54,1,0,1
1114104,54,1,0,1
1285256,54,1,1,0
2808096,54,1,0,1
193040,54,1,1,0
7932384,54,1,0,1
2151672,54,1,0,1
1696360,54,1,0,1
2753496,54,1,1,0
1667936,54,1,1,0
1730664,54,1,1,0
798648,54,1,0,1
4804720,54,1,0,1
1196968,54,1,0,1
4239480,54,1,0,1
7286400,54,1,0,1
940608,54,1,0,1
6784088,54,1,0,1
570960,54,1,0,1
4923304,54,1,0,1
1708464,54,1,1,0
2246592,54,1,1,0
3159456,54,1,0,1
3397136,54,1,0,1
3060120,54,1,1,0
6246848,54,1,1,0
7025552,54,1,0,1
948040,54,1,0,1
2569096,54,1,1,0
3266688,54,1,0,1
1287216,54,1,1,0
1617960,54,1,0,1
2945888,54,1,1,0
472216,54,1,1,0
4426520,54,1,0,1
1087000,54,1,1,0
2036512,54,1,0,1
1803544,54,1,0,1
2005008,54,1,0,1
551984,54,1,0,1
5281112,54,1,1,0
5368616,54,1,0,1
2643824,54,1,0,1
69488,54,1,0,1
4075312,54,1,1,0
726632,54,1,1,0
320584,54,1,1,0
393792,54,1,1,0
5493832,54,1,1,0
2236392,54,1,1,0
3348408,54,1,1,0
384672,54,1,0,1
938512,54,1,1,0
1937432,54,1,1,0
6115152,54,1,0,1
6556960,54,1,1,0
947784,54,1,1,0
3015512,54,1,0,1
5496504,54,1,0,1
1284640,54,1,1,0
1151888,54,1,1,0
356712,54,1,0,1
6579208,54,1,0,1
1587240,54,1,0,1
1460984,54,1,1,0
467584,54,1,0,1
7284888,54,1,1,0
3311768,54,1,1,0
2958480,54,1,1,0
637160,54,1,0,1
145096,54,1,0,1
4750568,54,1,0,1
2650664,54,1,1,0
298208,54,1,1,0
8038392,54,1,0,1
239056,54,1,0,1
6825176,54,1,1,0
2435728,54,1,0,1
1983632,54,1,0,1
684528,54,1,0,1
7894920,54,1,0,1
2461984,54,1,1,0
2290048,54,1,1,0
193304,54,1,1,0
1861560,54,1,1,0
1154544,54,1,0,1
544056,54,1,0,1
1575464,54,1,1,0
462008,54,1,0,1
909344,54,1,1,0
3356576,54,1,0,1
4060504,54,1,0,1
2651744,54,1,0,1
4572808,54,1,0,1
738456,54,1,0,1
1524488,54,1,0,1
2075592,54,1,1,0
4635240,54,1,0,1
1235184,54,1,0,1
1857800,54,1,0,1
4683120,54,1,0,1
5783880,54,1,1,0
900384,54,1,0,1
827192,54,1,1,0
3555168,54,1,1,0
8009200,54,1,1,0
336864,54,1,0,1
1091088,54,1,1,0
6030560,54,1,1,0
646088,54,1,0,1
273464,54,1,1,0
1664128,54,1,1,0
6326296,54,1,1,0
2123008,54,1,1,0
3491472,54,1,0,1
2287480,54,1,0,1
1672272,54,1,0,1
2369912,54,1,1,0
1085832,54,1,1,0
5745136,54,1,1,0
7252016,54,1,1,0
1499488,54,1,1,0
702104,54,1,1,0
1285096,54,1,1,0
280432,54,1,0,1
6809544,54,1,1,0
1499224,54,1,0,1
5299128,54,1,1,0
454256,54,1,0,1
5036776,54,1,1,0
3072984,54,1,0,1
5561104,54,1,1,0
969920,54,1,1,0
2856584,54,1,0,1
324760,54,1,0,1
4511472,54,1,1,0
1651904,54,1,1,0
3780224,54,1,1,0
453976,54,1,0,1
432800,54,1,1,0
8373912,54,1,0,1
950432,54,1,0,1
7696296,54,1,0,1
644424,54,1,0,1
982280,54,1,0,1
1441680,54,1,1,0
4227232,54,1,0,1
2510256,54,1,1,0
416592,54,1,1,0
3645624,54,1,0,1
5172448,54,1,1,0
124088,54,1,1,0
3618824,54,1,0,1
1001280,54,1,1,0
1326976,54,1,1,0
2894224,54,1,1,0
340856,54,1,1,0
1110400,54,1,0,1
98984,54,1,1,0
2760168,54,1,1,0
1324392,54,1,0,1
5220192,54,1,0,1
4251328,54,1,1,0
2318568,54,1,0,1
6320056,54,1,1,0
836832,54,1,1,0
1182832,54,1,1,0
2679696,54,1,1,0
3522848,54,1,0,1
5401744,54,1,1,0
5788848,54,1,0,1
6144752,54,1,1,0
4251120,54,1,1,0
1720864,54,1,1,0
1566360,54,1,0,1
256592,54,1,1,0
2027536,54,1,1,0
848976,54,1,1,0
4882248,54,1,1,0
5390168,54,1,0,1
764904,54,1,1,0
1578496,54,1,0,1
1946992,54,1,0,1
1040016,54,1,0,1
1288912,54,1,1,0
4823952,54,1,0,1
923200,54,1,0,1
5219256,54,1,0,1
4380976,54,1,1,0
1850872,54,1,1,0
3594008,54,1,1,0
3975936,54,1,1,0
8035896,54,1,0,1
2896576,54,1,1,0
935840,54,1,0,1
473712,54,1,0,1
277736,54,1,1,0
8360888,54,1,0,1
2166816,54,1,0,1
1694016,54,1,1,0
410496,54,1,1,0
1893528,54,1,0,1
1667928,54,1,1,0
1111464,54,1,1,0
409952,54,1,0,1
6904456,54,1,0,1
4396344,54,1,0,1
3659776,54,1,1,0
373392,54,1,0,1
230064,54,1,1,0
4367640,54,1,1,0
488416,54,1,0,1
3474784,54,1,1,0
6168768,54,1,1,0
236960,54,1,0,1
4197008,54,1,0,1
1131032,54,1,1,0
3628720,54,1,1,0
3128664,54,1,0,1
1636040,54,1,0,1
2879400,54,1,1,0
4224856,54,1,1,0
3313520,54,1,0,1
595800,54,1,0,1
1116368,54,1,1,0
1934016,54,1,0,1
1237392,54,1,0,1
4075736,54,1,1,0
5809160,54,1,1,0
4109032,54,1,0,1
3125024,54,1,0,1
917208,54,1,0,1
2151744,54,1,0,1
835960,54,1,0,1
3695304,54,1,0,1
1040488,54,1,1,0
2213736,54,1,0,1
694720,54,1,1,0
1542552,54,1,1,0
4742080,54,1,1,0
1408368,54,1,0,1
183424,54,1,1,0
2929736,54,1,0,1
2097632,54,1,0,1
1569168,54,1,1,0
7974872,54,1,1,0
4904288,54,1,0,1
1413568,54,1,0,1
6312640,54,1,1,0
3950864,54,1,1,0
3378448,54,1,1,0
813440,54,1,0,1
2209944,54,1,0,1
1096496,54,1,0,1
7736200,54,1,1,0
1609704,54,1,0,1
811544,54,1,0,1
6878960,54,1,0,1
4701448,54,1,0,1
2176168,54,1,1,0
1727816,54,1,0,1
290904,54,1,0,1
2609608,54,1,0,1
5431576,54,1,0,1
3647984,54,1,1,0
4772376,54,1,1,0
592408,54,1,1,0
378048,54,1,1,0
2581648,54,1,1,0
2071984,54,1,1,0
7336312,54,1,0,1
388032,54,1,0,1
500616,54,1,0,1
1455664,54,1,0,1
1051576,54,1,0,1
5569632,54,1,1,0
4570696,54,1,1,0
1396296,54,1,1,0
1410496,54,1,0,1
4145184,54,1,0,1
2265192,54,1,1,0
5227248,54,1,0,1
5959944,54,1,0,1
3866056,54,1,0,1
8109080,54,1,1,0
7963440,54,1,1,0
6573000,54,1,0,1
1601976,54,1,1,0
778824,54,1,0,1
659920,54,1,1,0
2309320,54,1,0,1
163808,54,1,1,0
339832,54,1,1,0
1197416,54,1,1,0
1597240,54,1,1,0
719568,54,1,0,1
3310696,54,1,1,0
4384432,54,1,0,1
959400,54,1,1,0
525776,54,1,1,0
2032264,54,1,1,0
1258368,54,1,0,1
987336,54,1,1,0
7974944,54,1,1,0
1664256,54,1,0,1
694352,54,1,1,0
327008,54,1,1,0
8329672,54,1,0,1
3201256,54,1,1,0
874976,54,1,0,1
3524464,54,1,0,1
5759736,54,1,0,1
7492384,54,1,1,0
2867160,54,1,1,0
6600544,54,1,0,1
3737664,54,1,1,0
6015096,54,1,1,0
859696,54,1,0,1
7570248,54,1,1,0
5024512,54,1,0,1
2776992,54,1,1,0
4129600,54,1,1,0
3428568,54,1,0,1
735488,54,1,1,0
7556128,54,1,1,0
4416832,54,1,0,1
5361000,54,1,0,1
5838784,54,1,0,1
7004512,54,1,1,0
4897048,54,1,1,0
5733640,54,1,1,0
443040,54,1,1,0
569296,54,1,0,1
2740832,54,1,1,0
403616,54,1,1,0
5614248,54,1,1,0
177792,54,1,0,1
461360,54,1,0,1
2625576,54,1,0,1
6012504,54,1,0,1
5445784,54,1,0,1
637712,54,1,1,0
1866608,54,1,0,1
3690816,54,1,1,0
7820608,54,1,1,0
243824,54,1,0,1
3163992,54,1,0,1
1375336,54,1,0,1
1662152,54,1,0,1
4925344,54,1,0,1
471104,54,1,0,1
1343952,54,1,1,0
968720,54,1,0,1
7734960,54,1,1,0
4152856,54,1,0,1
1360584,54,1,1,0
758104,54,1,0,1
1711640,54,1,0,1
7135864,54,1,0,1
271296,54,1,0,1
1776968,54,1,0,1
4014040,54,1,0,1
584704,54,1,1,0
494248,54,1,1,0
8065208,54,1,1,0
1034032,54,1,1,0
1886208,54,1,1,0
4432632,54,1,1,0
423104,54,1,0,1
4497272,54,1,0,1
5454776,54,1,1,0
2319632,54,1,1,0
2895416,54,1,0,1
3242624,54,1,1,0
627800,54,1,0,1
6507968,54,1,0,1
2321944,54,1,0,1
3826264,54,1,0,1
1882824,54,1,0,1
1674408,54,1,1,0
4765864,54,1,0,1
3389888,54,1,0,1
3658192,54,1,0,1
1042088,54,1,0,1
4420960,54,1,1,0
687192,54,1,1,0
2187832,54,1,1,0
5591048,54,1,1,0
8181936,54,1,1,0
1790328,54,1,0,1
8042032,54,1,1,0
387656,54,1,0,1
2852744,54,1,0,1
5142896,54,1,1,0
1844816,54,1,0,1
587552,54,1,1,0
1222600,54,1,1,0
1115584,54,1,1,0
288088,54,1,1,0
3455256,54,1,0,1
541208,54,1,0,1
6704624,54,1,1,0
1569552,54,1,1,0
6100600,54,1,0,1
3292376,54,1,1,0
6929600,54,1,0,1
7400552,54,1,1,0
5161928,54,1,0,1
1238216,54,1,0,1
2700848,54,1,1,0
693592,54,1,0,1
1349248,54,1,0,1
5108432,54,1,0,1
341520,54,1,1,0
6953032,54,1,1,0
1169016,54,1,0,1
4789568,54,1,1,0
394672,54,1,1,0
1748496,54,1,0,1
2149056,54,1,1,0
2155632,54,1,1,0
3933056,54,1,1,0
700416,54,1,0,1
1040952,54,1,0,1
908800,54,1,1,0
2541832,54,1,0,1
3336696,54,1,1,0
1445744,54,1,0,1
3119168,54,1,0,1
3000968,54,1,1,0
1603448,54,1,0,1
4928320,54,1,0,1
956032,54,1,1,0
1258704,54,1,1,0
2703040,54,1,1,0
5470712,54,1,0,1
211632,54,1,1,0
2563616,54,1,1,0
357288,54,1,0,1
721288,54,1,1,0
1133184,54,1,0,1
3714496,54,1,0,1
2016616,54,1,0,1
7942392,54,1,0,1
5849216,54,1,0,1
77696,54,1,0,1
5621216,54,1,1,0
997256,54,1,0,1
633328,54,1,0,1
1408072,54,1,0,1
633752,54,1,1,0
286752,54,1,0,1
267608,54,1,0,1
2682848,54,1,0,1
6832776,54,1,0,1
6118712,54,1,0,1
2413664,54,1,1,0
1213520,54,1,1,0
3155624,54,1,1,0
3220296,54,1,0,1
6505232,54,1,0,1
2557128,54,1,1,0
603792,54,1,0,1
4460168,54,1,0,1
1204456,54,1,1,0
6257440,54,1,1,0
8369512,54,1,1,0
1418128,54,1,1,0
2415800,54,1,0,1
2190872,54,1,1,0
2942216,54,1,0,1
258280,54,1,1,0
7544208,54,1,1,0
5320368,54,1,0,1
384184,54,1,0,1
3372176,54,1,1,0
575912,54,1,0,1
2331856,54,1,0,1
8332384,54,1,0,1
1371672,54,1,0,1
249712,54,1,1,0
3174648,54,1,1,0
1105296,54,1,1,0
4879720,54,1,1,0
4681992,54,1,0,1
2076928,54,1,1,0
3768376,54,1,0,1
3450168,54,1,1,0
2704160,54,1,0,1
7766344,54,1,1,0
1675232,54,1,1,0
1074888,54,1,0,1
3689592,54,1,0,1
1075776,54,1,1,0
309992,54,1,0,1
4121344,54,1,1,0
8035424,54,1,0,1
1749904,54,1,1,0
1430752,54,1,0,1
1267864,54,1,1,0
3733936,54,1,0,1
4217184,54,1,0,1
6250776,54,1,0,1
201216,54,1,0,1
1723120,54,1,1,0
230128,54,1,0,1
1587376,54,1,0,1
5978336,54,1,0,1
2068280,54,1,1,0
340432,54,1,1,0
1775408,54,1,0,1
2272568,54,1,0,1
2057512,54,1,0,1
661432,54,1,1,0
1815096,54,1,1,0
890000,54,1,0,1
2263944,54,1,1,0
499992,54,1,1,0
4554336,54,1,0,1
2848808,54,1,0,1
5605312,54,1,1,0
4637256,54,1,1,0
6841312,54,1,0,1
5573040,54,1,1,0
2843392,54,1,0,1
1083848,54,1,1,0
4024440,54,1,0,1
995712,54,1,1,0
352088,54,1,1,0
2116752,54,1,0,1
1303000,54,1,0,1
8076664,54,1,0,1
2605952,54,1,0,1
946616,54,1,1,0
3485216,54,1,0,1
6899784,54,1,1,0
7559872,54,1,1,0
7200192,54,1,1,0
3997736,54,1,1,0
1495944,54,1,0,1
4908256,54,1,0,1
6975992,54,1,0,1
3433416,54,1,0,1
997064,54,1,1,0
586088,54,1,0,1
6803992,54,1,1,0
266480,54,1,1,0
797448,54,1,0,1
4595656,54,1,0,1
5507736,54,1,1,0
3972960,54,1,1,0
5213360,54,1,0,1
404000,54,1,0,1
3298344,54,1,0,1
1805160,54,1,1,0
5132856,54,1,0,1
4229760,54,1,1,0
369664,54,1,1,0
2181008,54,1,0,1
1695600,54,1,0,1
7583696,54,1,1,0
2079016,54,1,0,1
5316440,54,1,1,0
3220408,54,1,0,1
3969640,54,1,0,1
2819936,54,1,1,0
382360,54,1,0,1
788792,54,1,0,1
274240,54,1,1,0
984512,54,1,0,1
1994376,54,1,1,0
3779312,54,1,0,1
4390624,54,1,0,1
3367320,54,1,0,1
7264056,54,1,1,0
7308688,54,1,1,0
3403992,54,1,0,1
193872,54,1,0,1
7406200,54,1,1,0
3872416,54,1,0,1
2481056,54,1,1,0
2522352,54,1,1,0
1845352,54,1,1,0
1124960,54,1,1,0
933240,54,1,0,1
5386256,54,1,0,1
3270248,54,1,0,1
1562536,54,1,0,1
325184,54,1,1,0
3472840,54,1,0,1
3042144,54,1,1,0
1042488,54,1,1,0
4779800,54,1,0,1
6030376,54,1,0,1
2198376,54,1,0,1
4728984,54,1,1,0
5882800,54,1,0,1
156856,54,1,0,1
1790168,54,1,1,0
5348216,54,1,0,1
1920384,54,1,0,1
5133936,54,1,0,1
508784,54,1,1,0
3033760,54,1,0,1
2241224,54,1,1,0
4465032,54,1,0,1
5662384,54,1,1,0
373960,54,1,1,0
7615008,54,1,0,1
2369392,54,1,0,1
3410968,54,1,0,1
6115688,54,1,0,1
6196808,54,1,1,0
1682320,54,1,1,0
7713288,54,1,0,1
3944520,54,1,1,0
738072,54,1,1,0
3813696,54,1,0,1
5929288,54,1,0,1
421984,54,1,0,1
5969224,54,1,0,1
218088,54,1,1,0
1735064,54,1,1,0
2102456,54,1,1,0
7276936,54,1,0,1
4087608,54,1,1,0
4176928,54,1,1,0
1546824,54,1,1,0
7005656,54,1,0,1
124288,54,1,0,1
1137888,54,1,0,1
505800,54,1,0,1
4990760,54,1,0,1
1945328,54,1,0,1
1805712,54,1,1,0
489544,54,1,1,0
3034424,54,1,1,0
1742608,54,1,1,0
277536,54,1,0,1
7192136,54,1,1,0
666544,54,1,1,0
2576560,54,1,0,1
1606568,54,1,0,1
991432,54,1,0,1
6251584,54,1,0,1
177880,54,1,1,0
892352,54,1,0,1
1568448,54,1,0,1
2105464,54,1,1,0
6853816,54,1,1,0
325136,54,1,0,1
3397776,54,1,1,0
7680048,54,1,1,0
2790496,54,1,1,0
3462056,54,1,1,0
5717272,54,1,0,1
2556552,54,1,1,0
4226472,54,1,1,0
1861200,54,1,1,0
2081816,54,1,1,0
3033112,54,1,1,0
2349448,54,1,1,0
175616,54,1,1,0
2630448,54,1,0,1
4882480,54,1,1,0
218640,54,1,0,1
1580296,54,1,1,0
3365720,54,1,0,1
3752528,54,1,1,0
2387560,54,1,0,1
8285728,54,1,1,0
6552944,54,1,1,0
1741768,54,1,0,1
2666224,54,1,0,1
430752,54,1,1,0
1950064,54,1,1,0
1337096,54,1,0,1
5443104,54,1,0,1
8038168,54,1,1,0
7084328,54,1,0,1
381208,54,1,0,1
2725064,54,1,1,0
5893216,54,1,0,1
5658000,54,1,1,0
1173176,54,1,1,0
215360,54,1,0,1
5242600,54,1,1,0
5619152,54,1,1,0
6610360,54,1,1,0
2681504,54,1,1,0
6920632,54,1,1,0
8237704,54,1,1,0
6426352,54,1,0,1
246824,54,1,1,0
5274216,54,1,0,1
7597304,54,1,1,0
4364952,54,1,1,0
4531512,54,1,0,1
1481480,54,1,0,1
4985824,54,1,0,1
8097680,54,1,0,1
556672,54,1,1,0
851504,54,1,0,1
362904,54,1,0,1
6802872,54,1,1,0
263136,54,1,0,1
1278632,54,1,0,1
2521680,54,1,0,1
1066928,54,1,0,1
4452424,54,1,0,1
796864,54,1,0,1
4300792,54,1,1,0
6359952,54,1,1,0
3746760,54,1,0,1
7946000,54,1,1,0
4294056,54,1,0,1
6374800,54,1,1,0
1029760,54,1,1,0
3651656,54,1,1,0
1709432,54,1,0,1
3710152,54,1,0,1
730192,54,1,0,1
1994000,54,1,0,1
402192,54,1,1,0
494296,54,1,1,0
948080,54,1,0,1
7484408,54,1,0,1
3652704,54,1,1,0
741896,54,1,0,1
5170512,54,1,1,0
1452744,54,1,1,0
932752,54,1,1,0
299712,54,1,0,1
4575928,54,1,1,0
2554528,54,1,1,0
2039440,54,1,1,0
6798672,54,1,0,1
1982640,54,1,1,0
2920216,54,1,0,1
3474656,54,1,0,1
1806080,54,1,1,0
1175824,54,1,1,0
3001408,54,1,1,0
349848,54,1,0,1
567544,54,1,0,1
2703496,54,1,0,1
848328,54,1,0,1
1293032,54,1,0,1
2063568,54,1,0,1
821568,54,1,0,1
2400272,54,1,1,0
3168440,54,1,0,1
1585728,54,1,1,0
5203992,54,1,1,0
1541976,54,1,0,1
4011616,54,1,0,1
2293056,54,1,0,1
1004984,54,1,0,1
688232,54,1,1,0
2469648,54,1,0,1
5058888,54,1,1,0
4397640,54,1,0,1
3102360,54,1,1,0
4076704,54,1,0,1
3563280,54,1,0,1
254096,54,1,1,0
1342688,54,1,1,0
5062072,54,1,0,1
1369800,54,1,1,0
4963656,54,1,1,0
3573168,54,1,0,1
223896,54,1,0,1
3388360,54,1,1,0
2000064,54,1,1,0
3050936,54,1,1,0
2469000,54,1,1,0
912040,54,1,0,1
2049560,54,1,1,0
2189144,54,1,0,1
6951000,54,1,1,0
62560,54,1,0,1
1256952,54,1,0,1
725624,54,1,0,1
148008,54,1,0,1
3119968,54,1,0,1
1507672,54,1,0,1
6270840,54,1,1,0
8319848,54,1,1,0
1064760,54,1,1,0
4681792,54,1,1,0
1105528,54,1,0,1
3608488,54,1,1,0
4239392,54,1,1,0
2049496,54,1,1,0
3306728,54,1,0,1
1195288,54,1,0,1
6163536,54,1,1,0
8382728,54,1,1,0
1371736,54,1,0,1
916232,54,1,0,1
1261368,54,1,0,1
7550432,54,1,1,0
1007632,54,1,1,0
4535792,54,1,0,1
2448640,54,1,1,0
373032,54,1,0,1
334128,54,1,1,0
699320,54,1,1,0
1793888,54,1,1,0
1261744,54,1,1,0
1219600,54,1,1,0
3681664,54,1,1,0
1324024,54,1,0,1
2049576,54,1,0,1
1987024,54,1,0,1
954432,54,1,0,1
3220280,54,1,0,1
2645952,54,1,1,0
6122296,54,1,0,1
1475960,54,1,0,1
1657432,54,1,0,1
868616,54,1,1,0
7017368,54,1,0,1
5838344,54,1,0,1
1306184,54,1,1,0
630040,54,1,1,0
715328,54,1,1,0
8160552,54,1,0,1
7703504,54,1,0,1
6244224,54,1,0,1
6113576,54,1,1,0
402176,54,1,0,1
302000,54,1,1,0
2151080,54,1,0,1
1934480,54,1,1,0
307000,54,1,1,0
1191560,54,1,1,0
675584,54,1,0,1
1096696,54,1,0,1
230288,54,1,0,1
3631464,54,1,1,0
6389776,54,1,1,0
3888888,54,1,1,0
6221304,54,1,0,1
5635712,54,1,1,0
3780736,54,1,1,0
2187792,54,1,0,1
2545728,54,1,1,0
349264,54,1,0,1
5044920,54,1,0,1
3971632,54,1,0,1
5182176,54,1,0,1
1792960,54,1,1,0
6029776,54,1,1,0
4719288,54,1,0,1
7229648,54,1,1,0
2343512,54,1,1,0
1864736,54,1,0,1
4618432,54,1,1,0
1228808,54,1,0,1
1401128,54,1,0,1
659416,54,1,1,0
2789944,54,1,0,1
230168,54,1,1,0
2059888,54,1,0,1
594984,54,1,1,0
8186544,54,1,0,1
927280,54,1,0,1
852560,54,1,1,0
1976168,54,1,0,1
188648,54,1,1,0
162392,54,1,1,0
2302240,54,1,1,0
1262264,54,1,0,1
224920,54,1,1,0
5525336,54,1,0,1
1132912,54,1,1,0
3717752,54,1,1,0
1570456,54,1,0,1
319688,54,1,0,1
6879368,54,1,1,0
1270680,54,1,0,1
2249528,54,1,1,0
7477664,54,1,1,0
3350368,54,1,0,1
8210512,54,1,0,1
5571632,54,1,1,0
1202944,54,1,0,1
185144,54,1,1,0
2118472,54,1,1,0
264192,54,1,0,1
413424,54,1,0,1
985712,54,1,0,1
78688,54,1,1,0
3329424,54,1,1,0
3705568,54,1,1,0
298944,54,1,1,0
1449120,54,1,0,1
1508120,54,1,0,1
2951264,54,1,0,1
3894536,54,1,1,0
3978472,54,1,1,0
2447592,54,1,0,1
1061000,54,1,1,0
155056,54,1,0,1
1934256,54,1,1,0
2180568,54,1,1,0
1234648,54,1,0,1
115752,54,1,0,1
2612912,54,1,1,0
2085216,54,1,1,0
4660992,54,1,0,1
6462368,54,1,1,0
1814624,54,1,1,0
417016,54,1,0,1
1639608,54,1,1,0
476440,54,1,0,1
3769960,54,1,0,1
2918032,54,1,1,0
2833496,54,1,0,1
3796224,54,1,1,0
307432,54,1,1,0
1647488,54,1,1,0
2652264,54,1,0,1
1790920,54,1,0,1
471592,54,1,0,1
2360016,54,1,1,0
911624,54,1,1,0
917560,54,1,1,0
868256,54,1,1,0
1947600,54,1,0,1
820064,54,1,1,0
2982512,54,1,0,1
7800272,54,1,0,1
5065224,54,1,1,0
2651320,54,1,1,0
119152,54,1,0,1
7379496,54,1,0,1
1355232,54,1,0,1
1085992,54,1,0,1
5922104,54,1,1,0
694824,54,1,0,1
850744,54,1,1,0
5600968,54,1,1,0
7051304,54,1,1,0
559024,54,1,0,1
1459032,54,1,0,1
5577848,54,1,0,1
7104744,54,1,0,1
453896,54,1,1,0
4105056,54,1,1,0
4113776,54,1,0,1
5255248,54,1,0,1
356320,54,1,1,0
818336,54,1,0,1
1680544,54,1,1,0
5902016,54,1,1,0
8100552,54,1,0,1
5054632,54,1,0,1
5018312,54,1,1,0
515424,54,1,1,0
4665136,54,1,1,0
294400,54,1,1,0
686288,54,1,0,1
805384,54,1,1,0
653776,54,1,1,0
7766888,54,1,1,0
318736,54,1,0,1
1968600,54,1,1,0
8024000,54,1,1,0
1801576,54,1,1,0
89240,54,1,1,0
3007656,54,1,1,0
2733608,54,1,1,0
526304,54,1,0,1
5116896,54,1,1,0
3849736,54,1,1,0
369792,54,1,0,1
455712,54,1,0,1
7319960,54,1,1,0
8245544,54,1,0,1
5606112,54,1,1,0
668432,54,1,1,0
4903224,54,1,1,0
6258968,54,1,0,1
7666360,54,1,1,0
2472144,54,1,0,1
1123784,54,1,0,1
460352,54,1,0,1
2365312,54,1,1,0
1859056,54,1,1,0
3969320,54,1,1,0
417712,54,1,1,0
1829896,54,1,1,0
7892352,54,1,0,1
5043328,54,1,0,1
1883216,54,1,0,1
1354808,54,1,1,0
185880,54,1,0,1
3039192,54,1,0,1
3300000,54,1,1,0
862800,54,1,1,0
3013736,54,1,0,1
2019888,54,1,0,1
487632,54,1,0,1
461992,54,1,0,1
848040,54,1,0,1
363328,54,1,0,1
344128,54,1,0,1
1540352,54,1,1,0
2796472,54,1,0,1
908200,54,1,1,0
2337424,54,1,1,0
7948104,54,1,0,1
3401688,54,1,1,0
907856,54,1,0,1
4649848,54,1,0,1
5877336,54,1,1,0
410240,54,1,0,1
3307712,54,1,0,1
7971896,54,1,1,0
5994560,54,1,0,1
6147992,54,1,0,1
5297024,54,1,0,1
1027120,54,1,1,0
3669040,54,1,0,1
5964664,54,1,0,1
2026168,54,1,1,0
756888,54,1,1,0
302088,54,1,1,0
1374840,54,1,1,0
1431408,54,1,1,0
4733376,54,1,0,1
70400,54,1,0,1
5896904,54,1,0,1
3423056,54,1,0,1
2944552,54,1,0,1
386456,54,1,0,1
1484416,54,1,0,1
1248184,54,1,0,1
2547936,54,1,0,1
5078744,54,1,0,1
530416,54,1,0,1
4737816,54,1,0,1
1102376,54,1,0,1
246128,54,1,1,0
4538824,54,1,0,1
903720,54,1,1,0
5309680,54,1,1,0
3804440,54,1,1,0
2463368,54,1,0,1
8355008,54,1,1,0
135352,54,1,0,1
1196288,54,1,0,1
868104,54,1,0,1
1249096,54,1,1,0
6841624,54,1,0,1
4553520,54,1,0,1
4880312,54,1,0,1
1509600,54,1,1,0
5261888,54,1,0,1
279368,54,1,1,0
4884584,54,1,1,0
4629544,54,1,1,0
2110176,54,1,0,1
5647056,54,1,1,0
1032888,54,1,0,1
6077648,54,1,0,1
3484104,54,1,1,0
586848,54,1,0,1
6269824,54,1,0,1
2825944,54,1,1,0
1519208,54,1,1,0
1096080,54,1,1,0
2394032,54,1,0,1
262680,54,1,0,1
2132368,54,1,1,0
8081712,54,1,0,1
1266112,54,1,0,1
1911128,54,1,0,1
3612800,54,1,0,1
2035296,54,1,0,1
223088,54,1,1,0
462864,54,1,0,1
4032512,54,1,1,0
7214960,54,1,1,0
1949272,54,1,1,0
2600720,54,1,0,1
7602960,54,1,0,1
706592,54,1,1,0
3666856,54,1,0,1
7442888,54,1,1,0
732512,54,1,1,0
570408,54,1,0,1
240464,54,1,1,0
2219984,54,1,0,1
1153112,54,1,0,1
676184,54,1,0,1
6286488,54,1,0,1
3030184,54,1,1,0
1162744,54,1,1,0
722392,54,1,1,0
4595672,54,1,1,0
1825608,54,1,1,0
6242616,54,1,1,0
2353976,54,1,1,0
961536,54,1,1,0
3737168,54,1,1,0
1295392,54,1,1,0
4780216,54,1,1,0
216512,54,1,0,1
1900600,54,1,1,0
232880,54,1,1,0
1967752,54,1,1,0
4168968,54,1,1,0
4281128,54,1,1,0
8333072,54,1,1,0
1255296,54,1,1,0
881360,54,1,1,0
398656,54,1,1,0
701728,54,1,1,0
2906912,54,1,0,1
8336232,54,1,0,1
3294960,54,1,0,1
5041832,54,1,1,0
633944,54,1,0,1
6682248,54,1,0,1
5720072,54,1,1,0
3538360,54,1,1,0
5522072,54,1,0,1
6283552,54,1,1,0
6718896,54,1,1,0
226104,54,1,0,1
3472912,54,1,0,1
2763056,54,1,1,0
2677592,54,1,1,0
7254952,54,1,1,0
1117248,54,1,0,1
3443176,54,1,0,1
1782896,54,1,0,1
3536480,54,1,0,1
306280,54,1,0,1
3025456,54,1,0,1
5452920,54,1,0,1
3787040,54,1,1,0
729616,54,1,1,0
330120,54,1,1,0
497336,54,1,1,0
1300128,54,1,0,1
222232,54,1,0,1
509512,54,1,0,1
2008800,54,1,1,0
2714648,54,1,1,0
308408,54,1,1,0
4713824,54,1,0,1
7254288,54,1,1,0
631224,54,1,0,1
293480,54,1,0,1
2573080,54,1,1,0
8003408,54,1,1,0
717256,54,1,0,1
3150744,54,1,1,0
4376640,54,1,1,0
1566256,54,1,0,1
1648104,54,1,0,1
2310656,54,1,0,1
3289248,54,1,1,0
545312,54,1,0,1
418840,54,1,1,0
5016792,54,1,1,0
813352,54,1,0,1
3765528,54,1,0,1
1068208,54,1,0,1
1622392,54,1,0,1
3905480,54,1,0,1
418080,54,1,0,1
999056,54,1,1,0
4770464,54,1,1,0
419376,54,1,1,0
1384432,54,1,1,0
701952,54,1,0,1
989024,54,1,0,1
5203576,54,1,0,1
1280288,54,1,1,0
5053448,54,1,0,1
1427232,54,1,0,1
7409456,54,1,0,1
2493944,54,1,1,0
1984976,54,1,1,0
5931800,54,1,0,1
2983448,54,1,1,0
1465664,54,1,0,1
2942240,54,1,1,0
2247080,54,1,0,1
1180712,54,1,0,1
663168,54,1,0,1
3025368,54,1,0,1
2093504,54,1,1,0
1937872,54,1,0,1
288184,54,1,1,0
7548488,54,1,1,0
6124000,54,1,1,0
5920736,54,1,1,0
724480,54,1,0,1
1545992,54,1,0,1
2402344,54,1,0,1
579384,54,1,0,1
488616,54,1,1,0
1356000,54,1,1,0
3662056,54,1,1,0
7396888,54,1,0,1
6394472,54,1,0,1
4116256,54,1,0,1
5552672,54,1,1,0
2910136,54,1,0,1
3480800,54,1,1,0
946704,54,1,1,0
2357360,54,1,0,1
602408,54,1,0,1
646480,54,1,0,1
3125504,54,1,1,0
143800,54,1,0,1
7953032,54,1,1,0
4293232,54,1,1,0
118568,54,1,0,1
4164208,54,1,0,1
2032168,54,1,1,0
210296,54,1,1,0
2207672,54,1,0,1
3901808,54,1,1,0
2239832,54,1,1,0
1911928,54,1,0,1
958776,54,1,1,0
1562976,54,1,1,0
792488,54,1,1,0
1217376,54,1,1,0
1072200,54,1,0,1
841048,54,1,0,1
361120,54,1,1,0
3965816,54,1,1,0
1128872,54,1,1,0
2580424,54,1,1,0
4926760,54,1,0,1
7278992,54,1,1,0
5917864,54,1,1,0
5900608,54,1,0,1
794616,54,1,1,0
3056096,54,1,0,1
387080,54,1,1,0
8133776,54,1,1,0
7225552,54,1,1,0
346120,54,1,1,0
1183104,54,1,0,1
567856,54,1,0,1
720872,54,1,1,0
4536216,54,1,0,1
1125008,54,1,1,0
6962680,54,1,1,0
3346144,54,1,1,0
2378536,54,1,1,0
1925032,54,1,1,0
3863640,54,1,1,0
158088,54,1,1,0
710536,54,1,0,1
283672,54,1,0,1
838048,54,1,0,1
6770824,54,1,0,1
882104,54,1,1,0
3942592,54,1,0,1
8354888,54,1,0,1
955856,54,1,0,1
4962544,54,1,0,1
875752,54,1,1,0
6715592,54,1,0,1
618960,54,1,1,0
1021264,54,1,1,0
2507568,54,1,0,1
6090072,54,1,0,1
3530664,54,1,0,1
4179736,54,1,1,0
1880360,54,1,1,0
4987080,54,1,0,1
6181368,54,1,1,0
3924600,54,1,1,0
4858376,54,1,1,0
2468400,54,1,1,0
1273464,54,1,1,0
1058432,54,1,1,0
1632432,54,1,1,0
539896,54,1,0,1
205072,54,1,0,1
996672,54,1,1,0
1979952,54,1,0,1
2485992,54,1,0,1
1755856,54,1,1,0
7760136,54,1,1,0
873176,54,1,0,1
4474272,54,1,1,0
7152520,54,1,0,1
3417544,54,1,1,0
5995968,54,1,1,0
1862080,54,1,1,0
475632,54,1,0,1
2199824,54,1,0,1
563112,54,1,1,0
6709416,54,1,1,0
3104592,54,1,1,0
6689768,54,1,1,0
496104,54,1,1,0
2127544,54,1,1,0
7087344,54,1,0,1
5472224,54,1,0,1
422888,54,1,0,1
7951248,54,1,1,0
5238664,54,1,1,0
1176280,54,1,0,1
5925728,54,1,0,1
873208,54,1,1,0
8114456,54,1,0,1
3220400,54,1,0,1
2348128,54,1,0,1
185136,54,1,1,0
8256160,54,1,0,1
997312,54,1,0,1
4801320,54,1,1,0
300784,54,1,1,0
1897808,54,1,1,0
5204328,54,1,0,1
6310160,54,1,1,0
1069024,54,1,0,1
764152,54,1,0,1
5277744,54,1,1,0
768544,54,1,1,0
2195408,54,1,1,0
4983608,54,1,1,0
1406112,54,1,0,1
1362504,54,1,1,0
185528,54,1,0,1
167912,54,1,1,0
7952968,54,1,1,0
1400448,54,1,0,1
1749344,54,1,0,1
1440624,54,1,0,1
3029200,54,1,0,1
1191136,54,1,0,1
5937192,54,1,1,0
7402464,54,1,1,0
2109296,54,1,1,0
454064,54,1,0,1
2251032,54,1,1,0
951752,54,1,0,1
3061752,54,1,1,0
4855544,54,1,1,0
6847192,54,1,1,0
5815208,54,1,1,0
4454344,54,1,0,1
8143856,54,1,0,1
780952,54,1,0,1
1552000,54,1,0,1
8348200,54,1,1,0
2381096,54,1,0,1
1199528,54,1,1,0
4640552,54,1,1,0
1815064,54,1,1,0
3004320,54,1,1,0
2795040,54,1,1,0
5643416,54,1,1,0
1056232,54,1,0,1
347056,54,1,0,1
1782184,54,1,0,1
3260240,54,1,1,0
2866536,54,1,1,0
2399416,54,1,1,0
1237344,54,1,1,0
6127760,54,1,1,0
6180216,54,1,0,1
1144712,54,1,0,1
4407184,54,1,1,0
1731328,54,1,0,1
2297480,54,1,1,0
5405200,54,1,0,1
1928384,54,1,0,1
153184,54,1,0,1
6689448,54,1,0,1
799488,54,1,1,0
1647328,54,1,1,0
1203280,54,1,1,0
1075112,54,1,1,0
2060712,55,1,1,0
513080,55,1,1,0
1378672,55,1,0,1
5832392,55,1,1,0
1335936,55,1,0,1
1929536,55,1,1,0
2020048,55,1,0,1
246752,55,1,0,1
4866000,55,1,0,1
894304,55,1,0,1
1513488,55,1,1,0
4276696,55,1,1,0
599376,55,1,1,0
4644984,55,1,0,1
1310512,55,1,1,0
782888,55,1,1,0
4320928,55,1,1,0
996208,55,1,1,0
1131624,55,1,0,1
877080,55,1,0,1
4688888,55,1,0,1
438728,55,1,1,0
2503456,55,1,1,0
326512,55,1,0,1
328096,55,1,1,0
2067504,55,1,0,1
3791808,55,1,1,0
5095008,55,1,0,1
6680808,55,1,0,1
1343992,55,1,0,1
4801584,55,1,1,0
3272288,55,1,0,1
1360840,55,1,0,1
1841224,55,1,1,0
753216,55,1,0,1
948976,55,1,1,0
172968,55,1,1,0
3759864,55,1,0,1
593008,55,1,0,1
916264,55,1,1,0
3027160,55,1,1,0
4419648,55,1,1,0
1296144,55,1,1,0
3981408,55,1,1,0
6251240,55,1,0,1
2164104,55,1,1,0
748840,55,1,1,0
2163704,55,1,1,0
5581136,55,1,1,0
6611480,55,1,1,0
4420096,55,1,1,0
2139920,55,1,0,1
769592,55,1,1,0
1714952,55,1,0,1
2608896,55,1,1,0
2834680,55,1,0,1
7553792,55,1,1,0
6677184,55,1,1,0
2215096,55,1,0,1
154384,55,1,0,1
7636384,55,1,0,1
704968,55,1,1,0
286576,55,1,1,0
3418840,55,1,0,1
160784,55,1,1,0
5492000,55,1,0,1
5951456,55,1,0,1
275296,55,1,1,0
963208,55,1,0,1
1611504,55,1,0,1
2058072,55,1,0,1
3302896,55,1,0,1
4317552,55,1,1,0
3598376,55,1,0,1
734840,55,1,1,0
1721080,55,1,0,1
2546792,55,1,0,1
3010968,55,1,1,0
533408,55,1,0,1
359976,55,1,0,1
6328080,55,1,1,0
4481008,55,1,1,0
1065568,55,1,1,0
928592,55,1,1,0
819992,55,1,0,1
2143072,55,1,1,0
4993328,55,1,0,1
4657280,55,1,0,1
3981800,55,1,0,1
6933680,55,1,1,0
932392,55,1,1,0
3132936,55,1,0,1
653528,55,1,1,0
6761424,55,1,1,0
1063784,55,1,0,1
2326656,55,1,0,1
1750520,55,1,1,0
4422752,55,1,0,1
7009280,55,1,0,1
2243544,55,1,0,1
5485080,55,1,0,1
4084992,55,1,0,1
1406680,55,1,0,1
6926536,55,1,0,1
8326872,55,1,1,0
1219328,55,1,0,1
1376000,55,1,0,1
1538808,55,1,0,1
4896648,55,1,1,0
4671056,55,1,0,1
3015952,55,1,0,1
7476800,55,1,0,1
1387904,55,1,1,0
5930936,55,1,0,1
7171112,55,1,0,1
8335232,55,1,1,0
3334160,55,1,0,1
485640,55,1,1,0
397728,55,1,1,0
6836744,55,1,0,1
523072,55,1,1,0
3153232,55,1,0,1
228296,55,1,0,1
2771400,55,1,1,0
2821832,55,1,0,1
360592,55,1,1,0
7098704,55,1,0,1
447760,55,1,1,0
3269296,55,1,0,1
1695696,55,1,0,1
7126168,55,1,0,1
956144,55,1,0,1
3019760,55,1,0,1
279576,55,1,0,1
3533696,55,1,0,1
4531096,55,1,0,1
717744,55,1,0,1
849576,55,1,1,0
403920,55,1,0,1
4458888,55,1,1,0
7546880,55,1,1,0
6721480,55,1,0,1
940792,55,1,0,1
247984,55,1,0,1
1366504,55,1,0,1
7707520,55,1,1,0
4206152,55,1,1,0
463568,55,1,0,1
7392736,55,1,1,0
1468344,55,1,1,0
1531448,55,1,1,0
4192952,55,1,1,0
5142576,55,1,1,0
597880,55,1,1,0
1897664,55,1,0,1
1752952,55,1,1,0
3646912,55,1,0,1
777784,55,1,1,0
6593704,55,1,0,1
3482424,55,1,1,0
923368,55,1,0,1
788464,55,1,0,1
2175336,55,1,0,1
823488,55,1,0,1
1532968,55,1,0,1
237456,55,1,0,1
393280,55,1,0,1
1695280,55,1,0,1
4605640,55,1,0,1
4089504,55,1,0,1
1621928,55,1,0,1
1263928,55,1,1,0
5016152,55,1,1,0
4059312,55,1,1,0
2677664,55,1,0,1
410216,55,1,1,0
471232,55,1,1,0
1758688,55,1,1,0
2739776,55,1,0,1
5403968,55,1,1,0
643712,55,1,0,1
7032304,55,1,0,1
3093776,55,1,1,0
6461640,55,1,0,1
1893056,55,1,0,1
2603904,55,1,0,1
1901616,55,1,0,1
2876616,55,1,1,0
2191288,55,1,0,1
485368,55,1,1,0
5453424,55,1,0,1
2588232,55,1,0,1
5977104,55,1,1,0
2017480,55,1,0,1
3964000,55,1,1,0
2780240,55,1,0,1
5851816,55,1,0,1
899024,55,1,0,1
458568,55,1,1,0
2442552,55,1,1,0
1876168,55,1,0,1
5581264,55,1,0,1
3332112,55,1,1,0
1166168,55,1,1,0
787240,55,1,0,1
3825104,55,1,0,1
801400,55,1,1,0
3514560,55,1,0,1
1049280,55,1,0,1
2366272,55,1,1,0
1765728,55,1,0,1
3532408,55,1,0,1
131272,55,1,1,0
2009264,55,1,1,0
540488,55,1,0,1
298016,55,1,0,1
6983544,55,1,0,1
205040,55,1,0,1
5952336,55,1,0,1
2448904,55,1,0,1
1657680,55,1,0,1
5433272,55,1,1,0
6673608,55,1,0,1
5567776,55,1,1,0
6366488,55,1,1,0
7911000,55,1,1,0
5872128,55,1,0,1
1608120,55,1,1,0
7127224,55,1,0,1
2135488,55,1,1,0
7484112,55,1,0,1
3562552,55,1,1,0
190432,55,1,0,1
1431560,55,1,1,0
4463696,55,1,0,1
603880,55,1,1,0
2744272,55,1,1,0
5643976,55,1,0,1
2440360,55,1,0,1
868600,55,1,0,1
277128,55,1,1,0
1407568,55,1,1,0
2611160,55,1,1,0
8085880,55,1,1,0
6518096,55,1,0,1
4037448,55,1,0,1
3486336,55,1,0,1
4140240,55,1,1,0
3916840,55,1,1,0
5222480,55,1,0,1
606824,55,1,1,0
3930088,55,1,1,0
2627808,55,1,0,1
7651240,55,1,0,1
726008,55,1,0,1
244240,55,1,1,0
423160,55,1,0,1
6907536,55,1,1,0
5830456,55,1,0,1
5965592,55,1,0,1
6885136,55,1,0,1
2657992,55,1,0,1
508368,55,1,1,0
6058416,55,1,1,0
1728592,55,1,1,0
4333504,55,1,1,0
3475952,55,1,0,1
5565880,55,1,1,0
2441624,55,1,1,0
4192864,55,1,1,0
2785912,55,1,1,0
3859704,55,1,0,1
6018064,55,1,0,1
1033224,55,1,1,0
4972240,55,1,1,0
5815512,55,1,0,1
1905544,55,1,1,0
598032,55,1,1,0
1373264,55,1,1,0
2761728,55,1,1,0
3677384,55,1,0,1
2233944,55,1,1,0
3380424,55,1,1,0
3107008,55,1,0,1
2562832,55,1,1,0
587352,55,1,0,1
4846888,55,1,0,1
6931568,55,1,0,1
1428968,55,1,0,1
5271608,55,1,0,1
476712,55,1,0,1
3064616,55,1,0,1
2840984,55,1,0,1
5138296,55,1,0,1
2503560,55,1,1,0
3776320,55,1,0,1
2682744,55,1,0,1
118680,55,1,0,1
6473824,55,1,1,0
876088,55,1,1,0
2600072,55,1,1,0
374552,55,1,0,1
1328080,55,1,1,0
7740616,55,1,0,1
2428608,55,1,1,0
1840736,55,1,0,1
4785176,55,1,0,1
1064648,55,1,1,0
3110528,55,1,1,0
748696,55,1,1,0
2349080,55,1,0,1
1533936,55,1,1,0
1744016,55,1,1,0
4117832,55,1,0,1
1067808,55,1,1,0
915632,55,1,0,1
753304,55,1,1,0
3970664,55,1,0,1
2306576,55,1,1,0
4536664,55,1,0,1
4533608,55,1,0,1
2134656,55,1,1,0
2216224,55,1,0,1
775176,55,1,0,1
4749512,55,1,1,0
161184,55,1,0,1
5339360,55,1,1,0
1988392,55,1,1,0
486632,55,1,1,0
2364464,55,1,1,0
2687456,55,1,1,0
561312,55,1,0,1
110808,55,1,0,1
904328,55,1,1,0
3472056,55,1,1,0
229176,55,1,0,1
6778408,55,1,0,1
3012208,55,1,1,0
2458488,55,1,0,1
402304,55,1,1,0
933192,55,1,0,1
1193744,55,1,0,1
6087496,55,1,1,0
403024,55,1,0,1
1058480,55,1,1,0
2801616,55,1,0,1
1413416,55,1,1,0
294704,55,1,0,1
4294328,55,1,0,1
1813312,55,1,1,0
2245400,55,1,1,0
999080,55,1,1,0
3540008,55,1,1,0
1173992,55,1,0,1
3483104,55,1,0,1
6024712,55,1,0,1
3964096,55,1,1,0
100880,55,1,1,0
6214320,55,1,1,0
5510232,55,1,0,1
356056,55,1,1,0
4841512,55,1,0,1
8381080,55,1,0,1
7369832,55,1,1,0
5998808,55,1,1,0
6535416,55,1,0,1
3536032,55,1,0,1
8200096,55,1,1,0
1208208,55,1,0,1
172152,55,1,0,1
1727320,55,1,1,0
5385352,55,1,0,1
4162480,55,1,1,0
4870072,55,1,0,1
873992,55,1,0,1
2345224,55,1,1,0
484616,55,1,0,1
2611584,55,1,1,0
7420160,55,1,1,0
7153032,55,1,0,1
1334440,55,1,0,1
472632,55,1,0,1
427928,55,1,0,1
6635376,55,1,1,0
6181704,55,1,0,1
4921928,55,1,1,0
366144,55,1,0,1
8127552,55,1,0,1
2051392,55,1,0,1
1016640,55,1,1,0
4778952,55,1,0,1
860712,55,1,1,0
1298072,55,1,1,0
1002992,55,1,1,0
3324632,55,1,0,1
2270248,55,1,1,0
7153208,55,1,1,0
6967768,55,1,1,0
4963752,55,1,1,0
1169920,55,1,1,0
1086784,55,1,0,1
1141976,55,1,0,1
156744,55,1,0,1
3924160,55,1,1,0
4364688,55,1,1,0
6788056,55,1,1,0
1441952,55,1,1,0
1343008,55,1,1,0
1070256,55,1,1,0
6136480,55,1,0,1
8228864,55,1,1,0
7762304,55,1,1,0
674320,55,1,0,1
1595752,55,1,1,0
996360,55,1,0,1
993104,55,1,0,1
310192,55,1,0,1
5973744,55,1,0,1
2588240,55,1,1,0
905296,55,1,1,0
1852136,55,1,1,0
1329320,55,1,1,0
4467384,55,1,0,1
1331576,55,1,1,0
3237760,55,1,0,1
1697368,55,1,1,0
107280,55,1,0,1
4820048,55,1,0,1
1729616,55,1,1,0
569536,55,1,1,0
2383496,55,1,0,1
8357720,55,1,1,0
6149600,55,1,1,0
1312496,55,1,0,1
2764848,55,1,1,0
1418496,55,1,0,1
603480,55,1,0,1
307704,55,1,0,1
5131936,55,1,0,1
3765056,55,1,0,1
7701080,55,1,0,1
1115352,55,1,1,0
3617008,55,1,1,0
2121376,55,1,0,1
3621152,55,1,0,1
4524848,55,1,1,0
1498304,55,1,0,1
7066024,55,1,1,0
1296688,55,1,1,0
1631776,55,1,0,1
1315120,55,1,0,1
3547632,55,1,0,1
3314400,55,1,1,0
5412432,55,1,1,0
6861080,55,1,0,1
1846192,55,1,0,1
623040,55,1,1,0
1309024,55,1,0,1
561856,55,1,1,0
2860384,55,1,1,0
668776,55,1,1,0
1188272,55,1,1,0
613456,55,1,1,0
4788504,55,1,0,1
1840808,55,1,1,0
4326280,55,1,0,1
211592,55,1,1,0
1118152,55,1,0,1
2883232,55,1,1,0
1060624,55,1,0,1
614976,55,1,0,1
2330176,55,1,0,1
7003888,55,1,1,0
4763944,55,1,0,1
3907096,55,1,0,1
877456,55,1,0,1
5758600,55,1,1,0
2822392,55,1,0,1
6063440,55,1,1,0
7484280,55,1,0,1
4717264,55,1,0,1
1169288,55,1,0,1
2301288,55,1,1,0
1058856,55,1,0,1
454136,55,1,0,1
4009288,55,1,0,1
3144752,55,1,1,0
1462648,55,1,0,1
4006104,55,1,1,0
1979616,55,1,0,1
2196872,55,1,0,1
1519656,55,1,0,1
6608840,55,1,1,0
2797504,55,1,1,0
4553728,55,1,1,0
2423080,55,1,0,1
201816,55,1,1,0
2796112,55,1,0,1
2681672,55,1,1,0
2756176,55,1,1,0
354376,55,1,0,1
1293968,55,1,0,1
6732360,55,1,0,1
8066144,55,1,0,1
6163120,55,1,1,0
1307888,55,1,0,1
3526064,55,1,1,0
1711568,55,1,0,1
3474192,55,1,1,0
1674608,55,1,0,1
5564144,55,1,1,0
3199032,55,1,1,0
2057336,55,1,1,0
4658536,55,1,1,0
3552000,55,1,1,0
563024,55,1,1,0
1208808,55,1,0,1
7687216,55,1,0,1
1416192,55,1,1,0
4509544,55,1,0,1
2508160,55,1,1,0
3199448,55,1,0,1
400008,55,1,1,0
3328128,55,1,0,1
5052256,55,1,1,0
4712544,55,1,1,0
6961024,55,1,0,1
5106880,55,1,1,0
1510360,55,1,0,1
88560,55,1,0,1
2020368,55,1,0,1
1844880,55,1,0,1
4541800,55,1,0,1
6109760,55,1,0,1
6419808,55,1,1,0
401160,55,1,1,0
7908936,55,1,1,0
190712,55,1,0,1
6732576,55,1,1,0
4738704,55,1,1,0
1462848,55,1,0,1
6911400,55,1,0,1
220040,55,1,1,0
2788816,55,1,0,1
5552496,55,1,1,0
2912384,55,1,1,0
5195280,55,1,1,0
2213176,55,1,0,1
6606968,55,1,1,0
3456104,55,1,1,0
678864,55,1,1,0
1984288,55,1,0,1
6893616,55,1,0,1
1905128,55,1,1,0
1737240,55,1,0,1
4113528,55,1,0,1
7372688,55,1,1,0
2607096,55,1,0,1
2600528,55,1,0,1
1683232,55,1,1,0
4073312,55,1,1,0
3378896,55,1,0,1
7161536,55,1,0,1
425728,55,1,1,0
3437224,55,1,0,1
5020152,55,1,0,1
1656920,55,1,1,0
6260072,55,1,0,1
2570152,55,1,1,0
3118344,55,1,0,1
7652968,55,1,1,0
7712784,55,1,0,1
4691400,55,1,0,1
1185968,55,1,0,1
5743040,55,1,0,1
717000,55,1,1,0
1657072,55,1,0,1
591800,55,1,1,0
1491488,55,1,0,1
7897560,55,1,1,0
7060280,55,1,1,0
668968,55,1,0,1
2789424,55,1,0,1
356704,55,1,0,1
3135880,55,1,0,1
4564704,55,1,0,1
7943088,55,1,1,0
5916032,55,1,1,0
6472832,55,1,0,1
4890768,55,1,0,1
1481016,55,1,1,0
4387848,55,1,1,0
4943664,55,1,0,1
3263992,55,1,0,1
202488,55,1,0,1
986432,55,1,0,1
736152,55,1,0,1
4124464,55,1,0,1
1275320,55,1,0,1
4152816,55,1,0,1
1896392,55,1,1,0
2864416,55,1,1,0
3394064,55,1,1,0
6568480,55,1,0,1
179648,55,1,1,0
4069104,55,1,0,1
576544,55,1,1,0
6531080,55,1,1,0
5998464,55,1,1,0
2953576,55,1,1,0
1485632,55,1,0,1
835576,55,1,0,1
2975224,55,1,0,1
3790512,55,1,1,0
1112384,55,1,1,0
1244032,55,1,1,0
915792,55,1,0,1
5380376,55,1,1,0
1227504,55,1,0,1
792992,55,1,0,1
3833320,55,1,1,0
1235032,55,1,1,0
5079200,55,1,0,1
5919528,55,1,1,0
7128856,55,1,0,1
2622872,55,1,1,0
3315680,55,1,0,1
1635976,55,1,1,0
577928,55,1,1,0
5476392,55,1,0,1
1875072,55,1,1,0
4289256,55,1,0,1
2821640,55,1,0,1
1928576,55,1,1,0
384400,55,1,0,1
517408,55,1,0,1
1733936,55,1,0,1
1520232,55,1,0,1
7286152,55,1,0,1
6215520,55,1,1,0
861896,55,1,0,1
5471168,55,1,1,0
3573296,55,1,1,0
3347656,55,1,0,1
379816,55,1,0,1
4007616,55,1,1,0
6323664,55,1,1,0
3608944,55,1,0,1
4777480,55,1,0,1
832976,55,1,0,1
900352,55,1,0,1
5056576,55,1,1,0
459544,55,1,1,0
2576272,55,1,0,1
434200,55,1,0,1
7792296,55,1,0,1
7438480,55,1,0,1
1668840,55,1,0,1
1867808,55,1,1,0
3396640,55,1,0,1
1390928,55,1,0,1
5636736,55,1,0,1
5262952,55,1,1,0
312512,55,1,0,1
1500368,55,1,1,0
4722744,55,1,1,0
1217520,55,1,0,1
1542976,55,1,1,0
345000,55,1,0,1
2888624,55,1,0,1
896192,55,1,0,1
111960,55,1,0,1
341040,55,1,0,1
348152,55,1,0,1
492968,55,1,0,1
2140224,55,1,1,0
2852024,55,1,0,1
1249768,55,1,1,0
453680,55,1,1,0
947160,55,1,1,0
8306216,55,1,0,1
3679200,55,1,1,0
2018608,55,1,0,1
4025400,55,1,0,1
1504312,55,1,1,0
2064408,55,1,0,1
337000,55,1,0,1
450744,55,1,1,0
2201376,55,1,1,0
1503664,55,1,0,1
1595920,55,1,1,0
2364320,55,1,0,1
613216,55,1,0,1
2148608,55,1,0,1
1224616,55,1,1,0
5291440,55,1,1,0
154888,55,1,1,0
1618920,55,1,0,1
607240,55,1,0,1
650408,55,1,1,0
421384,55,1,1,0
7627728,55,1,1,0
801384,55,1,1,0
3145416,55,1,0,1
695984,55,1,0,1
522864,55,1,1,0
7200656,55,1,0,1
2797856,55,1,1,0
4957656,55,1,1,0
8337088,55,1,0,1
788864,55,1,0,1
4347448,55,1,1,0
796048,55,1,0,1
7254808,55,1,0,1
1848752,55,1,1,0
5584976,55,1,0,1
2630728,55,1,0,1
3326704,55,1,0,1
5867760,55,1,0,1
815048,55,1,0,1
530952,55,1,1,0
2615176,55,1,1,0
2469680,55,1,0,1
6880400,55,1,0,1
7611864,55,1,0,1
967192,55,1,0,1
2212024,55,1,0,1
363224,55,1,1,0
3614000,55,1,0,1
2675456,55,1,0,1
3972240,55,1,1,0
2363416,55,1,1,0
751168,55,1,1,0
5848936,55,1,0,1
6110472,55,1,1,0
1607520,55,1,0,1
6295536,55,1,1,0
4578568,55,1,0,1
2480328,55,1,1,0
3148928,55,1,0,1
507400,55,1,1,0
2114688,55,1,1,0
5926680,55,1,1,0
7388288,55,1,0,1
821552,55,1,0,1
5291072,55,1,1,0
2148384,55,1,1,0
7987848,55,1,1,0
1314792,55,1,1,0
2218480,55,1,1,0
3402360,55,1,0,1
1369872,55,1,0,1
3824224,55,1,0,1
5206032,55,1,1,0
3899736,55,1,1,0
2511768,55,1,0,1
6859792,55,1,0,1
6506432,55,1,1,0
1431760,55,1,1,0
784944,55,1,0,1
5235592,55,1,1,0
1989112,55,1,1,0
334992,55,1,0,1
1578128,55,1,1,0
4188024,55,1,0,1
7960736,55,1,0,1
3874784,55,1,1,0
2377600,55,1,1,0
618232,55,1,0,1
4427288,55,1,1,0
7619488,55,1,1,0
4319376,55,1,1,0
3617776,55,1,1,0
605064,55,1,1,0
421664,55,1,0,1
6403056,55,1,0,1
135096,55,1,1,0
4082584,55,1,1,0
4262616,55,1,1,0
772880,55,1,0,1
481784,55,1,0,1
2348584,55,1,0,1
2331536,55,1,0,1
1704024,55,1,1,0
191464,55,1,1,0
4615224,55,1,1,0
6132112,55,1,0,1
2551328,55,1,1,0
1066472,55,1,1,0
947488,55,1,0,1
2580976,55,1,1,0
1261472,55,1,1,0
576928,55,1,1,0
2904824,55,1,0,1
8330304,55,1,0,1
3932568,55,1,1,0
6073760,55,1,1,0
6094336,55,1,1,0
2749864,55,1,1,0
277088,55,1,0,1
823992,55,1,0,1
3434952,55,1,1,0
1101504,55,1,1,0
4103032,55,1,0,1
4055032,55,1,1,0
1062144,55,1,1,0
701048,55,1,0,1
609112,55,1,0,1
1383400,55,1,0,1
3284376,55,1,1,0
1727688,55,1,0,1
1901136,55,1,0,1
1329248,55,1,1,0
4815200,55,1,0,1
2733288,55,1,1,0
7674936,55,1,1,0
6978136,55,1,0,1
366248,55,1,0,1
4661848,55,1,1,0
7948512,55,1,1,0
266616,55,1,1,0
1514168,55,1,0,1
555112,55,1,1,0
5707448,55,1,0,1
4728520,55,1,0,1
2950968,55,1,1,0
2246864,55,1,0,1
8318128,55,1,1,0
1791152,55,1,1,0
6917248,55,1,1,0
3402040,55,1,1,0
1440192,55,1,0,1
314296,55,1,1,0
6166552,55,1,1,0
6278992,55,1,0,1
4167256,55,1,1,0
8388528,55,1,0,1
1426048,55,1,0,1
3748024,55,1,1,0
2980168,55,1,1,0
6618888,55,1,1,0
1483464,55,1,0,1
648776,55,1,1,0
2028520,55,1,0,1
6123248,55,1,0,1
926224,55,1,0,1
3826088,55,1,1,0
2025888,55,1,1,0
386824,55,1,1,0
1711688,55,1,0,1
2024960,55,1,0,1
6644704,55,1,0,1
2948920,55,1,0,1
683040,55,1,0,1
5015776,55,1,1,0
1251576,55,1,0,1
298664,55,1,0,1
7060384,55,1,1,0
712480,55,1,1,0
952656,55,1,0,1
496456,55,1,0,1
391192,55,1,0,1
6846928,55,1,1,0
3503472,55,1,0,1
460912,55,1,0,1
3219248,55,1,1,0
1210720,55,1,0,1
6127416,55,1,0,1
6573800,55,1,1,0
1014544,55,1,1,0
983040,55,1,1,0
971112,55,1,1,0
665296,55,1,0,1
4897352,55,1,1,0
1017584,55,1,0,1
413384,55,1,1,0
885200,55,1,0,1
1374032,55,1,1,0
1073024,55,1,1,0
1920744,55,1,1,0
3372112,55,1,1,0
3858936,55,1,0,1
1446840,55,1,0,1
2576056,55,1,1,0
2933424,55,1,1,0
7100248,55,1,1,0
4410536,55,1,1,0
696640,55,1,1,0
5007624,55,1,1,0
2116184,55,1,0,1
3155784,55,1,0,1
5407040,55,1,0,1
566704,55,1,0,1
1257552,55,1,0,1
3007768,55,1,0,1
2220192,55,1,0,1
4676080,55,1,1,0
255280,55,1,0,1
1578056,55,1,1,0
334728,55,1,1,0
540080,55,1,1,0
7966944,55,1,0,1
3848840,55,1,1,0
1987304,55,1,1,0
6272472,55,1,0,1
299696,55,1,1,0
5687840,55,1,1,0
1888976,55,1,0,1
2776920,55,1,0,1
370000,55,1,0,1
4876680,55,1,1,0
4621968,55,1,1,0
5574256,55,1,0,1
6496304,55,1,0,1
7605184,55,1,1,0
2149040,55,1,0,1
4028392,55,1,0,1
1050120,55,1,0,1
1512280,55,1,1,0
2500224,55,1,1,0
1381184,55,1,0,1
6285384,55,1,0,1
4747960,55,1,0,1
1403456,55,1,1,0
5032456,55,1,0,1
4120800,55,1,1,0
2000144,55,1,0,1
2146080,55,1,1,0
537064,55,1,1,0
4278904,55,1,1,0
4225632,55,1,0,1
4000840,55,1,0,1
898160,55,1,0,1
6273440,55,1,0,1
420272,55,1,0,1
2543064,55,1,0,1
4844200,55,1,1,0
3252576,55,1,0,1
8081136,55,1,0,1
902208,55,1,1,0
7873280,55,1,1,0
834704,55,1,1,0
839336,55,1,0,1
5826320,55,1,1,0
154696,55,1,0,1
6007200,55,1,0,1
568688,55,1,0,1
5640960,55,1,1,0
3131528,55,1,1,0
2967480,55,1,0,1
6613264,55,1,1,0
5715864,55,1,1,0
738088,55,1,1,0
866512,55,1,0,1
807064,55,1,1,0
1206256,55,1,0,1
4591848,55,1,1,0
1592832,55,1,0,1
947432,55,1,1,0
3547776,55,1,1,0
1566664,55,1,0,1
2040728,55,1,0,1
3759400,55,1,0,1
1792936,55,1,0,1
401480,55,1,0,1
1626784,55,1,0,1
1399312,55,1,0,1
4021928,55,1,1,0
3069112,55,1,0,1
959904,55,1,1,0
1122616,55,1,1,0
321424,55,1,1,0
5007224,55,1,0,1
5392000,55,1,0,1
8219432,55,1,0,1
4154224,55,1,1,0
590880,55,1,1,0
1809624,55,1,0,1
3976056,55,1,1,0
2975096,55,1,1,0
1052584,55,1,0,1
3304312,55,1,1,0
991104,55,1,0,1
8187872,55,1,1,0
940984,55,1,0,1
3550728,55,1,1,0
6467072,55,1,1,0
2828280,55,1,0,1
1814800,55,1,1,0
2827552,55,1,0,1
6931840,55,1,1,0
2541488,55,1,1,0
2494000,55,1,1,0
2444184,55,1,0,1
855296,55,1,1,0
824352,55,1,0,1
3567496,55,1,1,0
1029704,55,1,1,0
2256976,55,1,1,0
895336,55,1,0,1
4763056,55,1,0,1
2654344,55,1,1,0
3806928,55,1,1,0
4277976,55,1,0,1
4484120,55,1,1,0
8276424,55,1,0,1
5203784,55,1,1,0
1035344,55,1,1,0
1377120,55,1,1,0
1882960,55,1,1,0
2268480,55,1,1,0
119928,55,1,0,1
4947800,55,1,0,1
2414888,55,1,0,1
2097576,55,1,0,1
1521016,55,1,1,0
5582968,55,1,0,1
5552800,55,1,1,0
5228296,55,1,0,1
3134648,55,1,1,0
270776,55,1,1,0
3664000,55,1,1,0
2403384,55,1,0,1
1617096,55,1,0,1
963312,55,1,1,0
1881840,55,1,1,0
2165360,55,1,1,0
222208,55,1,1,0
198960,55,1,1,0
6379064,55,1,1,0
1790320,55,1,0,1
1448824,55,1,0,1
1531424,55,1,0,1
5110192,55,1,0,1
8349288,55,1,1,0
222000,55,1,1,0
4171648,55,1,0,1
664264,55,1,1,0
6230864,55,1,0,1
3698504,55,1,0,1
286136,55,1,1,0
1377592,55,1,1,0
270000,55,1,1,0
330512,55,1,1,0
4822464,55,1,0,1
1258712,55,1,1,0
4528320,55,1,0,1
1470248,55,1,1,0
5621008,55,1,0,1
2083920,55,1,1,0
644064,55,1,1,0
1277584,55,1,0,1
755216,55,1,0,1
5174768,55,1,0,1
3241112,55,1,1,0
2330712,55,1,0,1
4939824,55,1,0,1
2354784,55,1,1,0
3868672,55,1,1,0
4198248,55,1,0,1
1796760,55,1,0,1
1338272,55,1,1,0
334440,55,1,1,0
171184,55,1,0,1
1365024,55,1,0,1
362216,55,1,1,0
1452936,55,1,0,1
206024,55,1,0,1
1417920,55,1,0,1
2298976,55,1,0,1
210992,55,1,1,0
904832,55,1,1,0
4720808,55,1,1,0
995552,55,1,0,1
532104,55,1,1,0
7189408,55,1,1,0
1109136,55,1,0,1
442064,55,1,1,0
2649792,55,1,1,0
349584,55,1,0,1
3869880,55,1,1,0
2371120,55,1,0,1
8354424,55,1,1,0
476656,55,1,1,0
496280,55,1,1,0
3467944,55,1,0,1
221400,55,1,1,0
4878784,55,1,1,0
1619408,55,1,1,0
432208,55,1,1,0
2290160,55,1,0,1
2918536,55,1,1,0
7794256,55,1,1,0
7364144,55,1,0,1
5352144,55,1,0,1
1341944,55,1,1,0
515928,55,1,1,0
718752,55,1,0,1
2390152,55,1,0,1
348008,55,1,1,0
8208040,55,1,1,0
2336952,55,1,0,1
8315480,55,1,0,1
249360,55,1,1,0
1521328,55,1,0,1
1154952,55,1,1,0
3060744,55,1,1,0
1274616,55,1,1,0
858904,55,1,0,1
2164384,55,1,0,1
1726032,55,1,0,1
7619400,55,1,0,1
5525728,55,1,1,0
749048,55,1,1,0
222352,55,1,0,1
1025920,55,1,1,0
1675136,55,1,1,0
1333152,55,1,1,0
6768120,55,1,0,1
3439968,55,1,1,0
500496,55,1,0,1
1559960,55,1,1,0
3087520,55,1,1,0
1686992,55,1,0,1
546664,55,1,0,1
309144,55,1,1,0
1026768,55,1,0,1
3784168,55,1,0,1
1339936,55,1,1,0
1861608,55,1,1,0
7565312,55,1,0,1
4041472,55,1,1,0
279112,55,1,0,1
2147664,55,1,1,0
1024496,55,1,1,0
1079992,55,1,1,0
7801056,55,1,1,0
6796064,55,1,0,1
341704,55,1,1,0
317456,55,1,1,0
713952,55,1,1,0
1879728,55,1,1,0
1374288,55,1,1,0
5977456,55,1,0,1
6359176,55,1,0,1
4526624,55,1,1,0
1896792,55,1,1,0
2777768,55,1,0,1
625472,55,1,1,0
3215240,55,1,0,1
2791984,55,1,0,1
690944,55,1,1,0
3541120,55,1,0,1
6797360,55,1,1,0
828632,55,1,1,0
6750912,55,1,1,0
1359352,55,1,1,0
618032,55,1,0,1
2222784,55,1,1,0
4501120,55,1,1,0
6788664,55,1,0,1
563792,55,1,1,0
2400536,55,1,1,0
5196424,55,1,0,1
2815224,55,1,1,0
4151720,55,1,1,0
6878672,55,1,1,0
7695216,55,1,1,0
5753544,55,1,1,0
173296,55,1,0,1
515832,55,1,1,0
7379632,55,1,1,0
1216520,55,1,0,1
1470776,55,1,1,0
1806704,55,1,0,1
3644328,55,1,0,1
7829560,55,1,1,0
3015576,55,1,1,0
7905344,55,1,1,0
3450352,55,1,0,1
1048288,55,1,0,1
237672,55,1,1,0
5991840,55,1,0,1
451448,55,1,0,1
991240,55,1,0,1
3928528,55,1,1,0
1556856,55,1,1,0
1119880,55,1,0,1
4735704,55,1,1,0
1892392,55,1,1,0
682608,55,1,0,1
774144,55,1,1,0
3263872,55,1,0,1
1001752,55,1,0,1
818376,55,1,0,1
150280,55,1,1,0
2214912,55,1,0,1
4226440,55,1,0,1
1075232,55,1,1,0
1845528,55,1,0,1
1220424,55,1,0,1
924624,55,1,1,0
4229616,55,1,0,1
1039448,55,1,0,1
1668440,55,1,1,0
5760024,55,1,0,1
1507192,55,1,0,1
2879048,55,1,0,1
7086328,55,1,0,1
3143272,55,1,1,0
4063584,55,1,1,0
1877384,55,1,1,0
314360,55,1,0,1
1307504,55,1,1,0
6442648,55,1,0,1
2455056,55,1,0,1
5937536,55,1,0,1
287872,55,1,0,1
2105544,55,1,1,0
655272,55,1,1,0
6603176,55,1,1,0
3556960,55,1,0,1
603288,55,1,0,1
3274352,55,1,1,0
440440,55,1,0,1
1504432,55,1,1,0
2858768,55,1,0,1
6169112,55,1,1,0
4306376,55,1,0,1
3476304,55,1,0,1
2456400,55,1,0,1
760232,55,1,0,1
7746168,55,1,1,0
2468440,55,1,0,1
828920,55,1,1,0
701040,55,1,1,0
3284768,55,1,1,0
3041600,55,1,0,1
3437872,55,1,0,1
814648,55,1,0,1
4940968,55,1,1,0
7836104,55,1,1,0
2939152,55,1,0,1
5913344,55,1,0,1
352696,55,1,1,0
3027112,55,1,0,1
1951616,55,1,0,1
308344,55,1,0,1
2231816,55,1,1,0
7141120,55,1,0,1
4511224,55,1,1,0
2946056,55,1,0,1
2125064,55,1,0,1
3510112,55,1,1,0
1581704,55,1,1,0
7533424,55,1,0,1
3483040,55,1,0,1
427328,55,1,1,0
1976928,55,1,0,1
7831168,55,1,1,0
372392,55,1,0,1
1090728,55,1,1,0
771792,55,1,1,0
3570440,55,1,1,0
1322240,55,1,1,0
1035856,55,1,1,0
1906304,55,1,0,1
2120048,55,1,1,0
351976,55,1,0,1
1086984,55,1,1,0
1440680,55,1,1,0
363160,55,1,1,0
1929432,55,1,0,1
2399472,55,1,0,1
3058256,55,1,0,1
1693232,55,1,1,0
5646264,55,1,1,0
3951328,55,1,1,0
4475624,55,1,0,1
1605008,55,1,1,0
1130344,55,1,1,0
2358872,55,1,1,0
2063008,55,1,1,0
2951656,55,1,0,1
2609480,55,1,1,0
1509344,55,1,0,1
362200,55,1,1,0
2208752,55,1,0,1
2338872,55,1,1,0
666952,55,1,0,1
6353184,55,1,1,0
882008,55,1,1,0
6022480,55,1,0,1
4634952,55,1,0,1
2112136,55,1,1,0
1664448,55,1,1,0
2151368,55,1,1,0
6710824,55,1,1,0
857272,55,1,1,0
2693480,55,1,1,0
2478344,55,1,0,1
2769176,55,1,1,0
237256,55,1,1,0
2286272,55,1,1,0
4879040,55,1,0,1
5428608,55,1,1,0
614400,55,1,0,1
3694536,55,1,0,1
673360,55,1,1,0
1895696,55,1,1,0
4549488,55,1,1,0
1826120,55,1,1,0
2571712,55,1,0,1
2253064,55,1,0,1
4086928,55,1,0,1
415152,55,1,0,1
2452648,55,1,0,1
4794800,55,1,1,0
7908200,55,1,1,0
523776,55,1,1,0
1038440,55,1,0,1
2415424,55,1,1,0
1995672,55,1,1,0
2762136,55,1,0,1
5914616,55,1,0,1
739416,55,1,0,1
416936,55,1,1,0
3423584,55,1,0,1
4955560,55,1,1,0
2031256,55,1,0,1
6022176,55,1,0,1
886072,55,1,0,1
2251720,55,1,0,1
3672696,55,1,1,0
928752,55,1,0,1
2879992,55,1,1,0
1563352,55,1,1,0
1406632,55,1,0,1
7147888,55,1,0,1
638960,55,1,0,1
1994696,55,1,0,1
1113920,55,1,0,1
967168,55,1,0,1
4605872,55,1,0,1
1069968,55,1,0,1
6717560,55,1,0,1
715672,55,1,1,0
114432,55,1,0,1
1147448,55,1,0,1
2792672,55,1,1,0
712760,55,1,1,0
581864,55,1,1,0
1492264,55,1,0,1
1048664,55,1,0,1
1071000,55,1,0,1
957896,55,1,0,1
1128184,55,1,0,1
5311048,55,1,1,0
1551576,55,1,0,1
3570664,55,1,1,0
904864,55,1,1,0
5541640,55,1,1,0
5343280,55,1,1,0
413104,55,1,0,1
3965480,55,1,0,1
340312,55,1,1,0
1858712,55,1,0,1
5347200,55,1,1,0
1445152,55,1,0,1
5244616,55,1,0,1
637200,55,1,1,0
192160,55,1,1,0
5017184,55,1,1,0
252624,55,1,0,1
5243704,55,1,1,0
3909968,55,1,1,0
5084536,55,1,0,1
4527896,55,1,0,1
2177176,55,1,0,1
259680,55,1,0,1
176128,55,1,1,0
1471344,55,1,0,1
1391192,55,1,1,0
1383904,55,1,1,0
1634784,55,1,0,1
8141328,55,1,0,1
1378456,55,1,1,0
1726224,55,1,0,1
252248,55,1,0,1
840744,55,1,0,1
133376,55,1,1,0
1729896,55,1,0,1
326784,55,1,0,1
5067336,55,1,0,1
1485648,55,1,0,1
1363168,55,1,0,1
3686992,55,1,0,1
7302336,55,1,0,1
1740704,55,1,0,1
6689352,55,1,1,0
6145216,55,1,1,0
252784,55,1,1,0
877568,55,1,0,1
3699792,55,1,0,1
2177808,55,1,0,1
3819864,55,1,1,0
475672,55,1,1,0
2655312,55,1,0,1
1756144,55,1,1,0
3493352,55,1,1,0
3198760,55,1,0,1
1759056,55,1,0,1
3681648,55,1,1,0
2088832,55,1,1,0
595000,55,1,0,1
5120544,55,1,0,1
4276472,55,1,1,0
886800,55,1,0,1
1139952,55,1,0,1
559496,55,1,0,1
3610048,55,1,1,0
608560,55,1,0,1
5162920,55,1,1,0
1350968,55,1,0,1
1026664,55,1,1,0
3238800,55,1,0,1
1041144,55,1,0,1
928080,55,1,1,0
1426224,55,1,0,1
2173064,55,1,1,0
2909080,55,1,0,1
162160,55,1,0,1
494904,55,1,1,0
7291664,55,1,0,1
6955648,55,1,1,0
7453608,55,1,1,0
1504624,55,1,1,0
470096,55,1,1,0
5250880,55,1,1,0
1784952,55,1,1,0
492792,55,1,1,0
995104,55,1,0,1
1821696,55,1,1,0
6438856,55,1,1,0
7217328,55,1,1,0
1916328,55,1,1,0
4728080,55,1,0,1
2627216,55,1,1,0
429976,55,1,1,0
2547688,55,1,1,0
160768,55,1,1,0
1057920,55,1,1,0
6113504,55,1,0,1
4264648,55,1,0,1
961024,55,1,1,0
1084952,55,1,0,1
2723304,55,1,0,1
3503056,55,1,1,0
818984,55,1,1,0
1174408,55,1,0,1
1339568,55,1,1,0
243688,55,1,0,1
3759448,55,1,1,0
2221968,55,1,1,0
1978672,55,1,0,1
1419112,55,1,0,1
2158128,55,1,1,0
721400,55,1,1,0
1699264,55,1,1,0
7554720,55,1,0,1
3964784,55,1,1,0
3574392,55,1,0,1
501160,55,1,1,0
1608192,55,1,1,0
2142144,55,1,0,1
7317720,55,1,1,0
1077960,55,1,0,1
847520,55,1,0,1
2034544,55,1,0,1
3180464,55,1,1,0
7930144,55,1,1,0
280856,55,1,0,1
2129960,55,1,1,0
697568,55,1,0,1
729192,55,1,0,1
2655392,55,1,1,0
7232008,55,1,0,1
5283256,55,1,1,0
8091480,55,1,1,0
4824768,55,1,0,1
7062280,55,1,1,0
6279800,55,1,1,0
1181800,55,1,1,0
1161832,55,1,1,0
3372592,55,1,1,0
2552144,55,1,0,1
851968,55,1,1,0
5824520,55,1,1,0
806616,55,1,1,0
418528,55,1,0,1
5626360,55,1,1,0
511192,55,1,1,0
5773888,55,1,0,1
5869344,55,1,0,1
7531944,55,1,1,0
1485928,55,1,0,1
5376000,55,1,1,0
5734048,55,1,1,0
1272328,55,1,0,1
2237776,55,1,0,1
4208664,55,1,0,1
144008,55,1,1,0
6738336,55,1,1,0
2330592,55,1,1,0
132744,55,1,1,0
620792,55,1,0,1
7442408,55,1,1,0
5871712,55,1,1,0
3322856,55,1,1,0
4168408,55,1,0,1
5480856,55,1,0,1
1836736,55,1,1,0
472368,55,1,0,1
2654664,55,1,0,1
4337384,55,1,0,1
1771272,55,1,0,1
5436600,55,1,0,1
7910864,55,1,1,0
1713512,55,1,0,1
1071096,55,1,0,1
7607224,55,1,1,0
4557624,55,1,0,1
2268568,55,1,1,0
4793688,55,1,0,1
6521064,55,1,0,1
5744656,55,1,0,1
2916848,55,1,1,0
8179712,55,1,0,1
2585536,55,1,1,0
4174704,55,1,0,1
1048768,55,1,1,0
5678616,55,1,0,1
210016,55,1,0,1
2798528,55,1,1,0
5226584,55,1,1,0
723256,55,1,1,0
2153712,55,1,1,0
5019000,55,1,1,0
1906384,55,1,0,1
4770896,55,1,1,0
1723664,55,1,0,1
1221712,55,1,0,1
776736,55,1,0,1
1478728,55,1,0,1
5594488,55,1,1,0
3776568,55,1,0,1
2112552,55,1,1,0
2845800,55,1,1,0
5147784,55,1,0,1
1372592,55,1,1,0
1469304,55,1,0,1
8094976,55,1,0,1
1073904,55,1,0,1
4351312,55,1,1,0
1754264,55,1,1,0
7879584,55,1,0,1
3130264,55,1,1,0
6481968,55,1,0,1
457360,55,1,0,1
293856,55,1,0,1
3242680,55,1,0,1
1581432,55,1,1,0
5102328,55,1,0,1
600224,55,1,1,0
4825504,55,1,0,1
1600256,55,1,1,0
909136,55,1,1,0
334176,55,1,0,1
1545160,55,1,1,0
2144240,55,1,0,1
6020216,55,1,1,0
6805792,55,1,0,1
2039904,55,1,0,1
1748336,55,1,1,0
2029424,55,1,1,0
1261784,55,1,1,0
255544,55,1,1,0
1368528,55,1,0,1
2490328,55,1,0,1
2965704,55,1,0,1
1278128,55,1,1,0
4545520,55,1,1,0
1054648,55,1,0,1
864944,55,1,1,0
1095800,55,1,0,1
7931712,55,1,0,1
1870424,55,1,0,1
2964304,55,1,0,1
3517192,55,1,0,1
5507200,55,1,0,1
6251360,55,1,0,1
7535712,55,1,1,0
2142112,55,1,0,1
3369576,55,1,1,0
950376,55,1,1,0
906408,55,1,1,0
5025080,55,1,1,0
1015952,55,1,1,0
2929416,55,1,1,0
4528448,55,1,1,0
811856,55,1,1,0
6463768,55,1,1,0
4993384,55,1,1,0
895456,55,1,1,0
3179608,55,1,1,0
3816952,55,1,0,1
1008864,55,1,1,0
4487720,55,1,1,0
4138448,55,1,1,0
2224608,55,1,0,1
736008,55,1,0,1
3101472,55,1,0,1
3082064,55,1,0,1
4593000,55,1,0,1
3054984,55,1,1,0
7996640,55,1,1,0
3883984,55,1,1,0
6891696,55,1,0,1
207320,55,1,1,0
472640,55,1,1,0
4627696,55,1,0,1
1513864,55,1,0,1
4338416,55,1,0,1
4850720,55,1,0,1
216600,55,1,1,0
1016840,55,1,1,0
3887016,55,1,0,1
2518776,55,1,1,0
6367096,55,1,0,1
4968368,55,1,0,1
491232,55,1,1,0
887688,55,1,1,0
6075736,55,1,0,1
4106632,55,1,1,0
2827968,55,1,1,0
4296512,55,1,0,1
2936560,55,1,1,0
1722072,55,1,1,0
891072,55,1,0,1
4781032,55,1,0,1
3053816,55,1,1,0
1775600,55,1,0,1
1972176,55,1,0,1
6900072,55,1,1,0
2602736,55,1,0,1
4089688,55,1,0,1
658064,55,1,1,0
792192,55,1,0,1
517720,55,1,0,1
7092280,55,1,1,0
1365232,55,1,1,0
4457104,55,1,1,0
1279880,55,1,0,1
5439968,55,1,1,0
591904,55,1,1,0
495424,55,1,0,1
6917584,55,1,1,0
2478848,55,1,0,1
7780144,55,1,0,1
3507888,55,1,0,1
4320272,55,1,1,0
7069568,55,1,0,1
1878744,55,1,0,1
1853192,55,1,1,0
1371056,55,1,1,0
3562008,55,1,0,1
1420104,55,1,0,1
545520,55,1,1,0
863296,55,1,0,1
2577616,55,1,0,1
2520392,55,1,0,1
172616,55,1,0,1
6948248,55,1,1,0
1083216,55,1,1,0
967968,55,1,0,1
2097296,55,1,1,0
6210072,55,1,1,0
3210056,55,1,0,1
656000,55,1,0,1
440592,55,1,0,1
5304352,55,1,1,0
678256,55,1,0,1
4183960,55,1,0,1
6634056,55,1,0,1
3155872,55,1,1,0
1794272,55,1,0,1
7198880,55,1,1,0
5696752,55,1,0,1
3054216,55,1,0,1
5267576,55,1,1,0
782744,55,1,0,1
160152,55,1,0,1
902856,55,1,1,0
1417888,55,1,1,0
950896,55,1,0,1
5911288,55,1,0,1
3095312,55,1,1,0
1651152,55,1,0,1
2129600,55,1,0,1
3769704,55,1,1,0
676632,55,1,0,1
446344,55,1,1,0
3861464,55,1,0,1
4381464,55,1,1,0
6936512,55,1,1,0
866776,55,1,1,0
255584,55,1,1,0
1793960,55,1,0,1
253000,55,1,1,0
6835112,55,1,1,0
3086904,55,1,0,1
2678352,55,1,1,0
1333936,55,1,0,1
2238344,55,1,0,1
1803120,55,1,0,1
1005824,55,1,0,1
4328424,55,1,1,0
370432,55,1,1,0
2816400,55,1,1,0
2000200,55,1,1,0
1492736,55,1,0,1
2096272,55,1,0,1
2340016,55,1,0,1
1984208,55,1,0,1
7746416,55,1,1,0
5759536,55,1,1,0
2666416,55,1,0,1
4888400,55,1,1,0
7729888,55,1,1,0
1466232,55,1,1,0
6819408,55,1,0,1
7773512,55,1,0,1
1790912,55,1,0,1
3081880,55,1,0,1
1027320,55,1,0,1
3250328,55,1,1,0
1272168,55,1,1,0
4377568,55,1,1,0
981520,55,1,0,1
128632,55,1,0,1
542776,55,1,1,0
4352448,55,1,1,0
446112,55,1,0,1
6204912,55,1,1,0
2786352,55,1,1,0
1081408,55,1,0,1
774480,55,1,0,1
944472,55,1,1,0
1774960,55,1,0,1
3286560,55,1,0,1
3207232,55,1,1,0
432432,55,1,0,1
935632,55,1,0,1
499136,55,1,1,0
6845928,55,1,0,1
2318080,55,1,1,0
4324552,55,1,1,0
6865872,55,1,0,1
2892168,55,1,0,1
936064,55,1,0,1
1901016,55,1,0,1
1040088,55,1,0,1
2077360,55,1,1,0
1779672,55,1,0,1
766880,55,1,1,0
5358848,55,1,1,0
4101080,55,1,0,1
4561816,55,1,0,1
1287192,55,1,0,1
879296,55,1,0,1
1707704,55,1,0,1
3376736,55,1,0,1
6045256,55,1,0,1
4041400,55,1,0,1
6699200,55,1,0,1
5934536,55,1,1,0
4970704,55,1,1,0
4221440,55,1,0,1
1086744,55,1,0,1
1749824,55,1,0,1
470536,55,1,0,1
1189872,55,1,1,0
1902872,55,1,1,0
926664,55,1,0,1
854688,55,1,1,0
2052432,55,1,1,0
3458104,55,1,1,0
629672,55,1,1,0
1323616,55,1,0,1
4486736,55,1,0,1
4184464,55,1,0,1
2005496,55,1,1,0
4048968,55,1,1,0
814344,55,1,0,1
1927392,55,1,1,0
644632,55,1,0,1
2434128,55,1,0,1
1908136,55,1,0,1
573656,55,1,1,0
204336,55,1,1,0
2490608,55,1,0,1
2292120,55,1,0,1
746280,55,1,1,0
1860064,55,1,0,1
7324408,55,1,1,0
697600,55,1,1,0
2843304,55,1,0,1
1115000,55,1,1,0
1164336,55,1,0,1
4731992,55,1,1,0
1904312,55,1,0,1
6915240,55,1,0,1
906808,55,1,0,1
3265184,55,1,1,0
1382968,55,1,0,1
752832,55,1,0,1
1215928,55,1,1,0
3219584,55,1,0,1
7263744,55,1,1,0
1457032,55,1,0,1
1969224,55,1,1,0
4610032,55,1,1,0
1524248,55,1,1,0
4914272,55,1,0,1
2614528,55,1,0,1
4132632,55,1,0,1
483232,55,1,1,0
683368,55,1,1,0
1060152,55,1,1,0
3668320,55,1,0,1
6064568,55,1,0,1
619272,55,1,0,1
4265120,55,1,1,0
3833360,55,1,0,1
531440,55,1,1,0
1788936,55,1,1,0
5413280,55,1,0,1
148672,55,1,0,1
761376,55,1,0,1
3010520,55,1,0,1
1936072,55,1,1,0
5969120,55,1,1,0
5279600,55,1,1,0
367952,55,1,1,0
6122376,55,1,1,0
1097928,55,1,0,1
411544,55,1,0,1
494648,55,1,0,1
4796200,55,1,0,1
5561760,55,1,1,0
1606128,55,1,1,0
481256,55,1,0,1
641432,55,1,1,0
4718328,55,1,0,1
4010440,55,1,1,0
1296928,55,1,0,1
1890768,55,1,1,0
5535408,55,1,1,0
722184,55,1,1,0
1334000,55,1,1,0
1188984,55,1,0,1
5306032,55,1,0,1
3312824,55,1,0,1
2851728,55,1,1,0
3030800,55,1,1,0
1239472,55,1,0,1
3428344,55,1,0,1
7998216,55,1,0,1
1103568,55,1,1,0
2731472,55,1,0,1
739528,55,1,1,0
3301824,55,1,0,1
226200,55,1,1,0
1818392,55,1,1,0
182912,55,1,0,1
1606344,55,1,0,1
3834608,55,1,1,0
7906904,55,1,0,1
6642504,55,1,0,1
214648,55,1,0,1
1571680,55,1,1,0
846616,55,1,1,0
3450664,55,1,1,0
5663088,55,1,1,0
3595808,55,1,1,0
6563432,55,1,1,0
3754848,55,1,0,1
4119992,55,1,0,1
1479208,55,1,1,0
793368,55,1,0,1
1181240,55,1,0,1
4993640,56,1,1,0
465904,56,1,0,1
1067152,56,1,1,0
4408664,56,1,1,0
7864008,56,1,0,1
2247680,56,1,0,1
644848,56,1,0,1
7550688,56,1,0,1
4413344,56,1,0,1
4651896,56,1,0,1
1824816,56,1,0,1
1213272,56,1,0,1
4918424,56,1,1,0
2469024,56,1,0,1
2522536,56,1,0,1
6003472,56,1,0,1
6522624,56,1,0,1
964208,56,1,1,0
500408,56,1,1,0
5419944,56,1,0,1
1405472,56,1,0,1
6360440,56,1,1,0
1980664,56,1,0,1
2998520,56,1,1,0
2700840,56,1,0,1
3206736,56,1,0,1
680792,56,1,0,1
387816,56,1,1,0
928392,56,1,1,0
4606320,56,1,0,1
654736,56,1,0,1
8223072,56,1,1,0
1879864,56,1,1,0
3555568,56,1,1,0
3243400,56,1,0,1
1589656,56,1,1,0
1905464,56,1,0,1
558064,56,1,1,0
550608,56,1,0,1
3750520,56,1,0,1
7482520,56,1,1,0
3821712,56,1,1,0
3835568,56,1,0,1
336808,56,1,0,1
181648,56,1,1,0
1752408,56,1,1,0
3420272,56,1,0,1
3171136,56,1,1,0
937776,56,1,1,0
6870784,56,1,0,1
3712184,56,1,0,1
2090304,56,1,0,1
590424,56,1,0,1
1584792,56,1,0,1
1320792,56,1,0,1
3175008,56,1,0,1
784520,56,1,1,0
808424,56,1,0,1
6149128,56,1,1,0
663496,56,1,0,1
1173976,56,1,0,1
6219808,56,1,0,1
321800,56,1,0,1
8150936,56,1,1,0
1476400,56,1,1,0
705120,56,1,0,1
7489264,56,1,1,0
874352,56,1,1,0
1162072,56,1,0,1
2415520,56,1,1,0
6791352,56,1,0,1
5381512,56,1,0,1
1296024,56,1,1,0
4007896,56,1,1,0
7539768,56,1,0,1
1334464,56,1,0,1
4252152,56,1,0,1
73144,56,1,0,1
1435608,56,1,1,0
880056,56,1,1,0
1813824,56,1,0,1
6569320,56,1,1,0
7895528,56,1,1,0
370680,56,1,0,1
6462704,56,1,1,0
4998512,56,1,0,1
374336,56,1,1,0
1584480,56,1,1,0
3184584,56,1,1,0
3675720,56,1,1,0
1273048,56,1,0,1
5590232,56,1,0,1
7884216,56,1,0,1
5346888,56,1,1,0
1660152,56,1,1,0
5555968,56,1,1,0
1984432,56,1,1,0
3374352,56,1,1,0
343640,56,1,0,1
489488,56,1,1,0
7617184,56,1,1,0
966696,56,1,1,0
825496,56,1,1,0
3861616,56,1,1,0
1539216,56,1,0,1
3647616,56,1,0,1
5085640,56,1,1,0
4395136,56,1,0,1
4685816,56,1,1,0
5963488,56,1,1,0
4353088,56,1,0,1
2456776,56,1,0,1
3943528,56,1,1,0
1338528,56,1,0,1
1092576,56,1,1,0
352176,56,1,0,1
784256,56,1,0,1
4043360,56,1,1,0
432968,56,1,1,0
4441200,56,1,1,0
4023168,56,1,1,0
454816,56,1,1,0
1470400,56,1,1,0
1891976,56,1,0,1
7438048,56,1,0,1
378248,56,1,0,1
4272920,56,1,1,0
4166136,56,1,1,0
968888,56,1,0,1
134312,56,1,1,0
1428448,56,1,1,0
918248,56,1,0,1
434528,56,1,1,0
492496,56,1,1,0
724640,56,1,0,1
5167336,56,1,1,0
5799664,56,1,1,0
575336,56,1,1,0
2968672,56,1,1,0
2853720,56,1,0,1
375408,56,1,0,1
1763096,56,1,1,0
2709632,56,1,0,1
3927632,56,1,0,1
4386648,56,1,1,0
1055696,56,1,0,1
2485464,56,1,0,1
1291760,56,1,0,1
452440,56,1,0,1
6127192,56,1,0,1
6216896,56,1,1,0
8277496,56,1,0,1
5695072,56,1,1,0
6746080,56,1,1,0
2234752,56,1,0,1
396384,56,1,1,0
1077440,56,1,0,1
4123408,56,1,1,0
6188184,56,1,1,0
710448,56,1,0,1
298136,56,1,0,1
3937320,56,1,0,1
2307504,56,1,1,0
1506608,56,1,0,1
1268792,56,1,0,1
5786704,56,1,1,0
314160,56,1,0,1
6685800,56,1,1,0
5900552,56,1,1,0
1209888,56,1,0,1
788904,56,1,1,0
1243952,56,1,0,1
5963792,56,1,0,1
710200,56,1,0,1
1821552,56,1,1,0
4536144,56,1,0,1
4456864,56,1,1,0
2260648,56,1,0,1
4394280,56,1,0,1
2081840,56,1,0,1
4646968,56,1,0,1
6099504,56,1,1,0
538240,56,1,0,1
1352656,56,1,1,0
216176,56,1,0,1
5836280,56,1,0,1
1030896,56,1,0,1
362784,56,1,1,0
1538888,56,1,0,1
1533912,56,1,1,0
6885600,56,1,1,0
7599408,56,1,0,1
329544,56,1,1,0
2220864,56,1,1,0
5421400,56,1,0,1
8387504,56,1,1,0
6165496,56,1,1,0
4755800,56,1,0,1
1623432,56,1,0,1
8085016,56,1,0,1
798240,56,1,1,0
2610144,56,1,0,1
344696,56,1,1,0
2945880,56,1,0,1
1981456,56,1,0,1
1566624,56,1,1,0
1536040,56,1,1,0
5783608,56,1,1,0
972888,56,1,1,0
1842080,56,1,1,0
3625400,56,1,1,0
1251912,56,1,0,1
856464,56,1,0,1
2798272,56,1,0,1
249944,56,1,0,1
2989904,56,1,1,0
2411840,56,1,0,1
3544984,56,1,1,0
7902184,56,1,0,1
4409576,56,1,1,0
1357792,56,1,1,0
1901040,56,1,1,0
437560,56,1,0,1
5958872,56,1,0,1
160344,56,1,1,0
4497608,56,1,1,0
469408,56,1,1,0
5749232,56,1,1,0
3036624,56,1,0,1
250600,56,1,0,1
308176,56,1,0,1
7017392,56,1,0,1
1279696,56,1,0,1
2332264,56,1,1,0
1517264,56,1,1,0
4342440,56,1,0,1
4506504,56,1,0,1
439744,56,1,0,1
576824,56,1,0,1
5250136,56,1,0,1
1657984,56,1,0,1
3690152,56,1,1,0
1947272,56,1,1,0
2724104,56,1,1,0
6302208,56,1,0,1
1398800,56,1,0,1
1725944,56,1,0,1
1731792,56,1,1,0
4156712,56,1,0,1
699392,56,1,1,0
421952,56,1,0,1
1620648,56,1,1,0
1144808,56,1,0,1
326824,56,1,0,1
459136,56,1,0,1
136216,56,1,1,0
1303984,56,1,1,0
1056720,56,1,0,1
8204744,56,1,0,1
2954792,56,1,0,1
2136768,56,1,1,0
2156312,56,1,0,1
4032152,56,1,0,1
5277832,56,1,1,0
457576,56,1,0,1
4150816,56,1,0,1
390192,56,1,1,0
5649800,56,1,1,0
960744,56,1,0,1
4253976,56,1,1,0
3339248,56,1,0,1
5920824,56,1,0,1
746768,56,1,0,1
1766920,56,1,1,0
3538552,56,1,0,1
7102840,56,1,0,1
5787720,56,1,0,1
2008416,56,1,1,0
7180560,56,1,0,1
7511768,56,1,1,0
952536,56,1,0,1
668568,56,1,1,0
2336696,56,1,0,1
1107464,56,1,0,1
3297744,56,1,1,0
2988392,56,1,1,0
1050368,56,1,0,1
495696,56,1,1,0
3402680,56,1,1,0
738288,56,1,1,0
6251984,56,1,0,1
2914136,56,1,0,1
697016,56,1,1,0
1769584,56,1,0,1
3191776,56,1,0,1
5426472,56,1,0,1
690640,56,1,1,0
5104208,56,1,1,0
252008,56,1,0,1
5111352,56,1,1,0
2597200,56,1,1,0
3654328,56,1,1,0
3245936,56,1,0,1
1235096,56,1,0,1
1170272,56,1,0,1
1866304,56,1,0,1
3377976,56,1,1,0
3713432,56,1,1,0
3154944,56,1,0,1
2767600,56,1,0,1
258928,56,1,1,0
6839120,56,1,0,1
2313896,56,1,0,1
2918880,56,1,0,1
4487904,56,1,1,0
1605040,56,1,0,1
7155824,56,1,1,0
1007200,56,1,1,0
681576,56,1,0,1
2328112,56,1,0,1
4880232,56,1,1,0
1318184,56,1,1,0
5249768,56,1,1,0
3733952,56,1,1,0
5988176,56,1,1,0
5944448,56,1,0,1
2113344,56,1,0,1
883600,56,1,1,0
999400,56,1,1,0
509552,56,1,1,0
919984,56,1,1,0
6072840,56,1,1,0
1216096,56,1,0,1
1279888,56,1,1,0
691904,56,1,0,1
1337512,56,1,1,0
236928,56,1,0,1
224680,56,1,0,1
2167496,56,1,0,1
3148552,56,1,0,1
397224,56,1,0,1
626992,56,1,0,1
2056440,56,1,1,0
2123776,56,1,1,0
5195208,56,1,1,0
7955840,56,1,0,1
4696760,56,1,0,1
304488,56,1,0,1
1025360,56,1,1,0
3607688,56,1,0,1
570056,56,1,0,1
513352,56,1,0,1
8327272,56,1,0,1
725896,56,1,1,0
6315520,56,1,0,1
2175616,56,1,0,1
457504,56,1,0,1
433288,56,1,1,0
704008,56,1,1,0
923768,56,1,0,1
1291672,56,1,1,0
4149568,56,1,0,1
494208,56,1,1,0
363888,56,1,1,0
5721392,56,1,0,1
830472,56,1,0,1
1808456,56,1,1,0
281088,56,1,1,0
4630816,56,1,1,0
3880776,56,1,1,0
2376632,56,1,0,1
174160,56,1,0,1
608624,56,1,1,0
4903104,56,1,1,0
1139360,56,1,0,1
3269584,56,1,1,0
2139992,56,1,1,0
940256,56,1,1,0
3412392,56,1,1,0
832584,56,1,0,1
621080,56,1,1,0
1757536,56,1,1,0
2125032,56,1,1,0
388376,56,1,1,0
2001168,56,1,0,1
451296,56,1,1,0
5795144,56,1,1,0
6478264,56,1,0,1
1480040,56,1,1,0
2514104,56,1,0,1
2214088,56,1,1,0
5920240,56,1,0,1
4131600,56,1,0,1
5447248,56,1,0,1
948424,56,1,1,0
5301072,56,1,1,0
3908112,56,1,0,1
503192,56,1,1,0
629992,56,1,1,0
6340872,56,1,1,0
4241360,56,1,0,1
1952464,56,1,0,1
7718600,56,1,0,1
7868976,56,1,1,0
3834592,56,1,1,0
4960744,56,1,0,1
5856000,56,1,1,0
8235544,56,1,1,0
3507144,56,1,1,0
8186192,56,1,0,1
5835448,56,1,0,1
1693960,56,1,1,0
602176,56,1,1,0
7237488,56,1,1,0
750024,56,1,1,0
8196320,56,1,1,0
1647480,56,1,0,1
6352392,56,1,1,0
4666704,56,1,0,1
4956320,56,1,0,1
3890656,56,1,1,0
3290648,56,1,1,0
2147912,56,1,0,1
3643080,56,1,0,1
413592,56,1,1,0
3865000,56,1,1,0
1092920,56,1,0,1
4143240,56,1,1,0
2560032,56,1,0,1
423544,56,1,1,0
212688,56,1,1,0
2070760,56,1,1,0
7899504,56,1,1,0
2524864,56,1,1,0
1856064,56,1,1,0
464808,56,1,0,1
3344064,56,1,0,1
2182112,56,1,0,1
4969296,56,1,0,1
6055040,56,1,1,0
1250808,56,1,1,0
1772720,56,1,1,0
7361920,56,1,0,1
648544,56,1,1,0
909328,56,1,1,0
1339088,56,1,0,1
702968,56,1,1,0
3177976,56,1,1,0
1623336,56,1,0,1
6823704,56,1,1,0
1632552,56,1,1,0
2969136,56,1,1,0
2483944,56,1,1,0
4465768,56,1,0,1
2227680,56,1,0,1
2597288,56,1,0,1
8325464,56,1,0,1
7448744,56,1,0,1
7057752,56,1,1,0
7622560,56,1,0,1
960752,56,1,0,1
4135352,56,1,0,1
3189176,56,1,0,1
157152,56,1,1,0
2309584,56,1,1,0
3955344,56,1,0,1
7139504,56,1,0,1
5416760,56,1,1,0
2702024,56,1,0,1
1697496,56,1,0,1
4540080,56,1,1,0
470200,56,1,0,1
7349192,56,1,0,1
1955824,56,1,1,0
3916816,56,1,0,1
653000,56,1,0,1
462048,56,1,0,1
3058720,56,1,0,1
306704,56,1,1,0
5682584,56,1,1,0
7226032,56,1,1,0
135320,56,1,0,1
374152,56,1,1,0
1315344,56,1,1,0
937104,56,1,1,0
796632,56,1,1,0
5942944,56,1,1,0
772208,56,1,1,0
906296,56,1,0,1
3524552,56,1,0,1
3715168,56,1,0,1
2433616,56,1,1,0
2945864,56,1,1,0
3109552,56,1,1,0
6612416,56,1,0,1
2673376,56,1,0,1
1594520,56,1,0,1
1373000,56,1,1,0
1224888,56,1,1,0
6549064,56,1,1,0
1035744,56,1,1,0
759120,56,1,0,1
6477656,56,1,0,1
4369584,56,1,0,1
5167656,56,1,0,1
6941056,56,1,1,0
3405496,56,1,1,0
5911392,56,1,1,0
1690328,56,1,0,1
1323368,56,1,1,0
3293392,56,1,1,0
4346584,56,1,1,0
4146000,56,1,1,0
1663680,56,1,1,0
2085184,56,1,1,0
768872,56,1,0,1
1249104,56,1,0,1
3179296,56,1,0,1
3406640,56,1,1,0
1670560,56,1,1,0
2644952,56,1,1,0
2140576,56,1,0,1
6310208,56,1,0,1
1741912,56,1,1,0
437032,56,1,0,1
2155792,56,1,0,1
2640080,56,1,0,1
2746728,56,1,1,0
5068896,56,1,0,1
977096,56,1,0,1
4250880,56,1,0,1
464240,56,1,1,0
2464456,56,1,0,1
1324536,56,1,0,1
6431416,56,1,0,1
2199584,56,1,0,1
4782328,56,1,1,0
507848,56,1,1,0
4287496,56,1,1,0
89016,56,1,0,1
3645224,56,1,0,1
704032,56,1,1,0
2095264,56,1,1,0
5321864,56,1,1,0
621400,56,1,1,0
2200184,56,1,0,1
4703120,56,1,0,1
5379400,56,1,1,0
885592,56,1,0,1
2638648,56,1,0,1
2087288,56,1,1,0
2319536,56,1,0,1
6748544,56,1,0,1
7466608,56,1,1,0
2940752,56,1,1,0
7331248,56,1,1,0
7684048,56,1,0,1
4283656,56,1,1,0
1256184,56,1,1,0
4753128,56,1,1,0
1885456,56,1,1,0
2104208,56,1,1,0
650424,56,1,0,1
1232072,56,1,0,1
1572160,56,1,1,0
559112,56,1,1,0
6807392,56,1,0,1
1231744,56,1,0,1
2285960,56,1,1,0
465584,56,1,1,0
1291704,56,1,0,1
3451960,56,1,0,1
1204832,56,1,1,0
1071104,56,1,0,1
1123760,56,1,0,1
3604832,56,1,1,0
4045232,56,1,0,1
1767776,56,1,1,0
1196560,56,1,0,1
1708448,56,1,0,1
3750448,56,1,1,0
1608224,56,1,0,1
1795504,56,1,1,0
5834344,56,1,0,1
4321296,56,1,0,1
8032992,56,1,1,0
4040560,56,1,1,0
3417304,56,1,1,0
7548632,56,1,0,1
6848024,56,1,1,0
3879768,56,1,0,1
265112,56,1,0,1
2255040,56,1,1,0
1336504,56,1,1,0
2569136,56,1,0,1
1149896,56,1,1,0
7360656,56,1,0,1
3672184,56,1,0,1
5486744,56,1,1,0
4731448,56,1,0,1
1701888,56,1,1,0
299912,56,1,0,1
1951968,56,1,1,0
3194864,56,1,0,1
1714744,56,1,0,1
595840,56,1,0,1
3522688,56,1,0,1
7389992,56,1,1,0
2700104,56,1,0,1
4826784,56,1,0,1
534144,56,1,1,0
3386968,56,1,0,1
2152280,56,1,1,0
1346744,56,1,1,0
1914368,56,1,1,0
7133120,56,1,0,1
4160984,56,1,1,0
7615440,56,1,1,0
1368584,56,1,1,0
956568,56,1,0,1
1071112,56,1,1,0
7179096,56,1,0,1
787272,56,1,0,1
5301328,56,1,1,0
3495272,56,1,0,1
913168,56,1,1,0
1700488,56,1,1,0
2061936,56,1,0,1
7409400,56,1,0,1
1330320,56,1,1,0
553112,56,1,1,0
275424,56,1,1,0
4876432,56,1,0,1
272784,56,1,1,0
1160224,56,1,0,1
927120,56,1,1,0
1274896,56,1,1,0
1706280,56,1,0,1
1136144,56,1,0,1
2212288,56,1,1,0
424520,56,1,1,0
4149136,56,1,0,1
2985096,56,1,1,0
1377952,56,1,0,1
3212376,56,1,1,0
1266184,56,1,1,0
844672,56,1,0,1
3102736,56,1,0,1
2119136,56,1,0,1
1728792,56,1,0,1
449272,56,1,1,0
1249112,56,1,1,0
396800,56,1,0,1
3870384,56,1,1,0
721576,56,1,1,0
322496,56,1,0,1
1332112,56,1,0,1
1705328,56,1,0,1
409880,56,1,0,1
2443352,56,1,1,0
8010408,56,1,1,0
3116488,56,1,1,0
1406080,56,1,1,0
5050816,56,1,0,1
1004144,56,1,0,1
1938656,56,1,0,1
528552,56,1,0,1
2523744,56,1,1,0
3385808,56,1,0,1
3696600,56,1,1,0
757680,56,1,1,0
1528120,56,1,0,1
235536,56,1,1,0
1889880,56,1,0,1
1430232,56,1,1,0
1627488,56,1,0,1
2419640,56,1,0,1
3261176,56,1,0,1
1046856,56,1,0,1
1198280,56,1,0,1
5096792,56,1,1,0
1190648,56,1,1,0
927168,56,1,1,0
158840,56,1,0,1
1736808,56,1,0,1
6555832,56,1,0,1
2557144,56,1,0,1
7975504,56,1,0,1
7554328,56,1,1,0
671504,56,1,1,0
3926480,56,1,0,1
716576,56,1,1,0
814664,56,1,1,0
1242552,56,1,1,0
5444576,56,1,1,0
688536,56,1,1,0
991656,56,1,0,1
1849680,56,1,0,1
6860056,56,1,0,1
2431128,56,1,1,0
3001352,56,1,1,0
1245224,56,1,1,0
2425624,56,1,0,1
275728,56,1,0,1
1355544,56,1,1,0
1965848,56,1,1,0
904928,56,1,1,0
8072704,56,1,1,0
1445160,56,1,0,1
4299856,56,1,1,0
7087296,56,1,1,0
505264,56,1,0,1
142776,56,1,1,0
1113544,56,1,0,1
3712352,56,1,1,0
3274112,56,1,0,1
4981056,56,1,1,0
848184,56,1,1,0
4235160,56,1,1,0
731752,56,1,0,1
689568,56,1,0,1
8097224,56,1,1,0
1002408,56,1,0,1
124296,56,1,1,0
1463928,56,1,0,1
1451504,56,1,0,1
4699416,56,1,1,0
7537432,56,1,1,0
3819584,56,1,1,0
438744,56,1,1,0
2537576,56,1,1,0
4508952,56,1,1,0
1773864,56,1,0,1
5470784,56,1,0,1
710256,56,1,0,1
1495216,56,1,1,0
5728712,56,1,1,0
435048,56,1,0,1
4194512,56,1,1,0
1283264,56,1,1,0
1825872,56,1,1,0
3300224,56,1,1,0
1710992,56,1,0,1
1744992,56,1,0,1
3591720,56,1,1,0
7423128,56,1,1,0
3603504,56,1,0,1
7553256,56,1,0,1
1746400,56,1,1,0
619592,56,1,0,1
423288,56,1,1,0
1033344,56,1,0,1
765720,56,1,1,0
908000,56,1,0,1
3943920,56,1,1,0
2731552,56,1,0,1
2343432,56,1,1,0
6311184,56,1,0,1
1172624,56,1,1,0
4390776,56,1,1,0
1502992,56,1,1,0
409688,56,1,1,0
6452680,56,1,1,0
5068208,56,1,0,1
1912288,56,1,1,0
2179560,56,1,0,1
869824,56,1,1,0
4721088,56,1,1,0
2059624,56,1,0,1
391568,56,1,1,0
1969024,56,1,0,1
2025632,56,1,0,1
453272,56,1,1,0
4567128,56,1,0,1
618736,56,1,1,0
2091392,56,1,0,1
1895656,56,1,1,0
5023616,56,1,0,1
3613872,56,1,0,1
2702776,56,1,1,0
361368,56,1,0,1
797552,56,1,1,0
320672,56,1,1,0
6950896,56,1,1,0
7039416,56,1,1,0
1441408,56,1,1,0
5426944,56,1,0,1
6548008,56,1,0,1
7974816,56,1,1,0
665944,56,1,1,0
258320,56,1,0,1
1116384,56,1,1,0
249392,56,1,0,1
274192,56,1,0,1
2770672,56,1,1,0
279184,56,1,1,0
5910296,56,1,0,1
1753368,56,1,1,0
272696,56,1,0,1
1170664,56,1,0,1
171432,56,1,1,0
4228848,56,1,1,0
3318040,56,1,0,1
4864416,56,1,0,1
3069120,56,1,0,1
924968,56,1,0,1
5310096,56,1,0,1
2119344,56,1,1,0
781616,56,1,0,1
7341344,56,1,0,1
86816,56,1,1,0
5669696,56,1,0,1
207864,56,1,0,1
872488,56,1,0,1
5799960,56,1,1,0
6195208,56,1,1,0
5787608,56,1,0,1
1533144,56,1,1,0
2138584,56,1,1,0
8070816,56,1,1,0
320920,56,1,1,0
1660496,56,1,1,0
624928,56,1,1,0
3518160,56,1,0,1
1727848,56,1,1,0
722000,56,1,1,0
624832,56,1,0,1
311944,56,1,0,1
173216,56,1,1,0
630872,56,1,1,0
4182808,56,1,0,1
1811040,56,1,0,1
540408,56,1,0,1
6517576,56,1,1,0
514424,56,1,0,1
323936,56,1,0,1
2247824,56,1,0,1
2131632,56,1,0,1
777240,56,1,0,1
283936,56,1,0,1
6476888,56,1,1,0
2767080,56,1,0,1
2269384,56,1,0,1
655888,56,1,0,1
891560,56,1,0,1
3315032,56,1,1,0
8030360,56,1,1,0
2825760,56,1,1,0
797704,56,1,0,1
202456,56,1,0,1
1711080,56,1,0,1
4081000,56,1,0,1
378080,56,1,0,1
3755856,56,1,0,1
2317168,56,1,0,1
1021784,56,1,0,1
2506632,56,1,1,0
6458544,56,1,1,0
565744,56,1,1,0
3656552,56,1,1,0
5715016,56,1,1,0
6613328,56,1,0,1
5451968,56,1,0,1
504160,56,1,1,0
6275464,56,1,1,0
765112,56,1,1,0
341096,56,1,0,1
1178440,56,1,0,1
206184,56,1,0,1
314928,56,1,0,1
7298912,56,1,1,0
657416,56,1,0,1
4544224,56,1,0,1
1799896,56,1,0,1
315832,56,1,0,1
1485344,56,1,0,1
2306992,56,1,1,0
3170704,56,1,0,1
1005848,56,1,1,0
2851472,56,1,1,0
6443432,56,1,0,1
3918568,56,1,0,1
6980456,56,1,0,1
1952704,56,1,0,1
2509648,56,1,0,1
6173120,56,1,1,0
76888,56,1,0,1
1361008,56,1,1,0
2287224,56,1,1,0
3261856,56,1,0,1
3350760,56,1,0,1
774064,56,1,1,0
7677960,56,1,0,1
1030848,56,1,0,1
1885552,56,1,1,0
855592,56,1,1,0
1370456,56,1,1,0
440840,56,1,0,1
5822512,56,1,0,1
2412152,56,1,0,1
2414992,56,1,1,0
6036216,56,1,0,1
6874384,56,1,0,1
7300880,56,1,0,1
6417864,56,1,1,0
1410544,56,1,0,1
160656,56,1,0,1
1711304,56,1,0,1
991632,56,1,1,0
5634728,56,1,1,0
145600,56,1,0,1
2206656,56,1,1,0
1915720,56,1,1,0
3091600,56,1,1,0
2780192,56,1,1,0
1517736,56,1,1,0
3498704,56,1,0,1
6747736,56,1,1,0
7137888,56,1,0,1
2561504,56,1,1,0
1060752,56,1,0,1
317592,56,1,1,0
2323872,56,1,0,1
975096,56,1,1,0
174368,56,1,1,0
1177376,56,1,0,1
3012568,56,1,1,0
2620664,56,1,1,0
473336,56,1,1,0
766168,56,1,1,0
5066112,56,1,0,1
1335200,56,1,0,1
928096,56,1,0,1
3474680,56,1,1,0
2919312,56,1,1,0
407816,56,1,1,0
1142360,56,1,0,1
6740528,56,1,1,0
2579984,56,1,1,0
528440,56,1,0,1
8114512,56,1,0,1
5106944,56,1,0,1
5915104,56,1,0,1
882896,56,1,1,0
426312,56,1,0,1
853360,56,1,1,0
2645440,56,1,1,0
67432,56,1,1,0
7059376,56,1,1,0
1067728,56,1,0,1
1662016,56,1,1,0
5388552,56,1,1,0
2247312,56,1,1,0
1474376,56,1,1,0
869024,56,1,0,1
8109400,56,1,1,0
178784,56,1,0,1
1146840,56,1,0,1
967416,56,1,1,0
8201728,56,1,1,0
3682456,56,1,1,0
7337232,56,1,0,1
1039896,56,1,1,0
1604792,56,1,1,0
1359936,56,1,1,0
1353232,56,1,1,0
8177056,56,1,1,0
776576,56,1,1,0
2891688,56,1,1,0
5538496,56,1,1,0
3237632,56,1,1,0
6939400,56,1,1,0
1489184,56,1,1,0
2623896,56,1,0,1
5796840,56,1,0,1
1905472,56,1,0,1
4884408,56,1,0,1
2413456,56,1,0,1
2714160,56,1,1,0
501504,56,1,1,0
1998320,56,1,1,0
1564384,56,1,1,0
6401992,56,1,1,0
687296,56,1,0,1
828896,56,1,1,0
1308368,56,1,0,1
783680,56,1,0,1
2492256,56,1,1,0
153920,56,1,0,1
951264,56,1,0,1
1196336,56,1,0,1
8244528,56,1,1,0
2514224,56,1,1,0
1626800,56,1,1,0
7337448,56,1,0,1
5177280,56,1,0,1
7402288,56,1,1,0
1380560,56,1,0,1
2896000,56,1,1,0
1697032,56,1,1,0
2611280,56,1,0,1
2330056,56,1,0,1
1479128,56,1,1,0
498568,56,1,0,1
907648,56,1,0,1
8168008,56,1,1,0
1288832,56,1,1,0
906088,56,1,0,1
844360,56,1,0,1
1483560,56,1,1,0
5647232,56,1,1,0
4657360,56,1,1,0
2901472,56,1,0,1
6591520,56,1,1,0
718888,56,1,1,0
1604000,56,1,0,1
2122584,56,1,0,1
390072,56,1,1,0
2380792,56,1,1,0
860912,56,1,0,1
1107288,56,1,0,1
402088,56,1,1,0
345432,56,1,0,1
6250744,56,1,1,0
7986760,56,1,1,0
1316984,56,1,0,1
5023280,56,1,0,1
2052896,56,1,0,1
5080096,56,1,0,1
3447240,56,1,0,1
3953432,56,1,1,0
7819808,56,1,1,0
3671456,56,1,0,1
4185960,56,1,0,1
243192,56,1,0,1
585488,56,1,0,1
6878136,56,1,1,0
4414464,56,1,1,0
2637728,56,1,1,0
1367728,56,1,1,0
1254040,56,1,0,1
3502976,56,1,0,1
820024,56,1,0,1
1635432,56,1,0,1
3237512,56,1,1,0
4787304,56,1,1,0
1128176,56,1,0,1
4723104,56,1,0,1
1609544,56,1,1,0
8170200,56,1,1,0
3257384,56,1,0,1
829568,56,1,0,1
1678424,56,1,1,0
1021088,56,1,0,1
1133576,56,1,0,1
346168,56,1,1,0
1802696,56,1,0,1
7810584,56,1,0,1
2969144,56,1,0,1
3531712,56,1,1,0
1074416,56,1,0,1
5178288,56,1,0,1
2520976,56,1,1,0
220576,56,1,1,0
1229208,56,1,1,0
3131624,56,1,1,0
1980696,56,1,0,1
261856,56,1,0,1
4273160,56,1,0,1
5906848,56,1,1,0
2517128,56,1,0,1
333880,56,1,0,1
516616,56,1,1,0
79008,56,1,1,0
1334608,56,1,0,1
2608576,56,1,1,0
5531752,56,1,1,0
5841600,56,1,1,0
3628608,56,1,0,1
753528,56,1,1,0
2245904,56,1,0,1
5232416,56,1,0,1
3041304,56,1,0,1
5170064,56,1,0,1
283104,56,1,0,1
3747160,56,1,1,0
1534696,56,1,0,1
2377672,56,1,1,0
723240,56,1,0,1
1987272,56,1,1,0
6221608,56,1,0,1
801072,56,1,1,0
6062224,56,1,0,1
4808480,56,1,0,1
1483848,56,1,0,1
4454768,56,1,0,1
2193672,56,1,1,0
7151912,56,1,1,0
163160,56,1,0,1
1205448,56,1,1,0
5444960,56,1,0,1
5110352,56,1,0,1
4596976,56,1,1,0
2996576,56,1,1,0
6478968,56,1,1,0
2036184,56,1,0,1
1038160,56,1,1,0
2162768,56,1,1,0
7170912,56,1,0,1
3498472,56,1,1,0
3247320,56,1,0,1
5516496,56,1,0,1
6563928,56,1,0,1
239760,56,1,0,1
847880,56,1,1,0
693000,56,1,0,1
1549488,56,1,0,1
8015248,56,1,0,1
1020984,56,1,0,1
1772360,56,1,1,0
6346000,56,1,1,0
2608648,56,1,0,1
3505264,56,1,0,1
1028368,56,1,0,1
2209144,56,1,0,1
341336,56,1,1,0
322928,56,1,1,0
2819736,56,1,0,1
6823744,56,1,1,0
5986184,56,1,0,1
810504,56,1,0,1
758976,56,1,0,1
812896,56,1,1,0
293520,56,1,0,1
6305216,56,1,1,0
2887408,56,1,0,1
2263752,56,1,0,1
6085768,56,1,0,1
255448,56,1,1,0
4886232,56,1,0,1
1011184,56,1,0,1
314576,56,1,0,1
1870368,56,1,1,0
1893008,56,1,1,0
961232,56,1,1,0
1770912,56,1,0,1
467712,56,1,1,0
6667608,56,1,1,0
955800,56,1,1,0
5520520,56,1,0,1
1540448,56,1,1,0
5212544,56,1,1,0
1378584,56,1,0,1
7382808,56,1,1,0
1510336,56,1,0,1
1902808,56,1,1,0
1049192,56,1,1,0
5667288,56,1,1,0
768824,56,1,1,0
6171448,56,1,0,1
699144,56,1,0,1
2585736,56,1,1,0
5831448,56,1,1,0
1962656,56,1,0,1
2098776,56,1,0,1
735696,56,1,0,1
5011536,56,1,0,1
1586408,56,1,0,1
434744,56,1,1,0
8138672,56,1,0,1
1099016,56,1,0,1
2670800,56,1,1,0
2080824,56,1,1,0
2452264,56,1,1,0
1592016,56,1,1,0
6117336,56,1,1,0
6319864,56,1,1,0
224912,56,1,1,0
2894144,56,1,0,1
1339992,56,1,1,0
8279296,56,1,1,0
1901696,56,1,0,1
2314592,56,1,0,1
4159152,56,1,0,1
1069512,56,1,1,0
2019936,56,1,0,1
4276840,56,1,1,0
1741424,56,1,1,0
4383368,56,1,1,0
5837344,56,1,1,0
3237200,56,1,1,0
472328,56,1,0,1
1064088,56,1,1,0
148040,56,1,1,0
2700880,56,1,0,1
8082328,56,1,0,1
3088032,56,1,0,1
4377528,56,1,1,0
830144,56,1,1,0
1496400,56,1,1,0
558040,56,1,0,1
7315512,56,1,0,1
4166880,56,1,0,1
6913072,56,1,0,1
3121352,56,1,0,1
3704776,56,1,1,0
5190352,56,1,0,1
467744,56,1,1,0
3432264,56,1,1,0
8363744,56,1,0,1
1145224,56,1,0,1
2057728,56,1,0,1
701576,56,1,1,0
463440,56,1,1,0
7152048,56,1,1,0
1148496,56,1,1,0
4832456,56,1,0,1
8023480,56,1,1,0
4556592,56,1,0,1
7501000,56,1,1,0
1775816,56,1,1,0
83184,56,1,0,1
597360,56,1,0,1
8336520,56,1,1,0
421216,56,1,1,0
5937800,56,1,0,1
330040,56,1,1,0
1612728,56,1,0,1
8103880,56,1,0,1
820856,56,1,1,0
894216,56,1,1,0
6626144,56,1,0,1
4384080,56,1,0,1
1700064,56,1,0,1
149608,56,1,1,0
8026712,56,1,0,1
6223280,56,1,0,1
201200,56,1,1,0
208752,56,1,1,0
7416696,56,1,0,1
644472,56,1,1,0
799992,56,1,0,1
845568,56,1,0,1
8165512,56,1,0,1
1483440,56,1,1,0
3553008,56,1,0,1
478112,56,1,1,0
3745040,56,1,1,0
2214576,56,1,0,1
2082912,56,1,1,0
5496424,56,1,0,1
5828760,56,1,1,0
2728800,56,1,1,0
3340024,56,1,1,0
6278616,56,1,0,1
2250760,56,1,1,0
710952,56,1,0,1
6401104,56,1,0,1
106592,56,1,0,1
1745368,56,1,1,0
657568,56,1,0,1
8178056,56,1,0,1
3059632,56,1,0,1
5992216,56,1,1,0
269000,56,1,1,0
7772832,56,1,0,1
2686168,56,1,1,0
3588856,56,1,0,1
1490384,56,1,1,0
3661744,56,1,0,1
1752992,56,1,0,1
4992888,56,1,1,0
1150848,56,1,1,0
6521496,56,1,0,1
2632072,56,1,1,0
2869568,56,1,0,1
2774464,56,1,1,0
1089312,56,1,1,0
601096,56,1,0,1
755848,56,1,1,0
511920,56,1,1,0
2801480,56,1,1,0
7272608,56,1,1,0
1821424,56,1,0,1
2196792,56,1,0,1
315320,56,1,0,1
5459920,56,1,1,0
4413072,56,1,0,1
7075120,56,1,1,0
5328112,56,1,0,1
3612920,56,1,0,1
2854456,56,1,0,1
199584,56,1,0,1
5099864,56,1,0,1
1933848,56,1,0,1
2244568,56,1,1,0
392392,56,1,0,1
1200384,56,1,1,0
1901608,56,1,0,1
723048,56,1,1,0
5765464,56,1,0,1
2978120,56,1,0,1
4111704,56,1,1,0
558432,56,1,1,0
7500072,56,1,0,1
2782080,56,1,1,0
682768,56,1,1,0
1897544,56,1,0,1
6723960,56,1,1,0
5301152,56,1,1,0
2817504,56,1,0,1
6626520,56,1,0,1
4218080,56,1,1,0
367904,56,1,0,1
2853928,56,1,1,0
2034080,56,1,0,1
6522832,56,1,1,0
938352,56,1,0,1
4979736,56,1,0,1
807344,56,1,1,0
2041520,56,1,0,1
552472,56,1,1,0
988192,56,1,0,1
1002840,56,1,1,0
6015264,56,1,1,0
322072,56,1,1,0
2367048,56,1,1,0
5892344,56,1,0,1
4752856,56,1,0,1
3983112,56,1,1,0
2064024,56,1,0,1
4034808,56,1,1,0
720800,56,1,0,1
4451824,56,1,0,1
6464520,56,1,1,0
6562024,56,1,0,1
3373440,56,1,0,1
2721376,56,1,0,1
6036336,56,1,1,0
2260000,56,1,1,0
5498888,56,1,1,0
3694456,56,1,0,1
2577936,56,1,1,0
546944,56,1,0,1
301744,56,1,1,0
594712,56,1,1,0
164728,56,1,0,1
3149512,56,1,0,1
2819448,56,1,1,0
7920384,56,1,1,0
2305744,56,1,1,0
332192,56,1,1,0
545840,56,1,0,1
4886832,56,1,0,1
1342200,56,1,0,1
3645152,56,1,0,1
6772192,56,1,0,1
2023328,56,1,0,1
719144,56,1,0,1
2198752,56,1,0,1
1721536,56,1,1,0
391312,56,1,0,1
817840,56,1,0,1
5671056,56,1,0,1
7036536,56,1,0,1
1531720,56,1,1,0
3924824,56,1,0,1
4975432,56,1,0,1
363344,56,1,1,0
4010840,56,1,1,0
3587368,56,1,0,1
1808208,56,1,0,1
1399176,56,1,0,1
6312544,56,1,1,0
6432152,56,1,0,1
869072,56,1,1,0
5618328,56,1,0,1
5040616,56,1,1,0
2726656,56,1,1,0
5785776,56,1,1,0
633536,56,1,0,1
237696,56,1,0,1
251432,56,1,0,1
3497528,56,1,0,1
2068976,56,1,1,0
1252936,56,1,0,1
2711856,56,1,0,1
5927544,56,1,1,0
137848,56,1,0,1
373064,56,1,0,1
1155920,56,1,1,0
1712544,56,1,1,0
4536816,56,1,1,0
2939632,56,1,1,0
6643320,56,1,1,0
1689688,56,1,1,0
4434000,56,1,0,1
2741624,56,1,1,0
2317352,56,1,1,0
447376,56,1,0,1
1497088,56,1,0,1
3245400,56,1,1,0
3444576,56,1,0,1
864632,56,1,0,1
1677912,56,1,0,1
3916888,56,1,1,0
1245016,56,1,0,1
4362696,56,1,0,1
784968,56,1,0,1
70632,56,1,0,1
4603976,56,1,0,1
6535728,56,1,0,1
2977424,56,1,1,0
6046744,56,1,0,1
523368,56,1,1,0
2409040,56,1,1,0
3687936,56,1,0,1
1616056,56,1,1,0
8116544,56,1,0,1
2893880,56,1,1,0
2083032,56,1,0,1
1270320,56,1,0,1
6907672,56,1,0,1
3667088,56,1,0,1
926800,56,1,1,0
218632,56,1,1,0
7420800,56,1,0,1
3236488,56,1,0,1
5891248,56,1,0,1
298864,56,1,1,0
5394416,56,1,0,1
4822544,56,1,1,0
3397200,56,1,0,1
1530896,56,1,0,1
1367608,56,1,0,1
5713224,56,1,0,1
579792,56,1,0,1
2532592,56,1,1,0
705016,56,1,1,0
2524328,56,1,1,0
85336,56,1,0,1
1632784,56,1,0,1
239856,56,1,0,1
5921736,56,1,0,1
3030672,56,1,0,1
7031792,56,1,1,0
2946024,56,1,0,1
1671000,56,1,0,1
968624,56,1,1,0
7609520,56,1,0,1
6413736,56,1,1,0
3762880,56,1,1,0
324720,56,1,1,0
2901264,56,1,0,1
2651136,56,1,0,1
1018144,56,1,0,1
2348848,56,1,1,0
3576664,56,1,1,0
1917464,56,1,1,0
149664,56,1,0,1
1584128,56,1,1,0
4904560,56,1,0,1
213992,56,1,0,1
4895384,56,1,0,1
2440912,56,1,1,0
1860920,56,1,1,0
439512,56,1,0,1
3734544,56,1,1,0
1939456,56,1,0,1
1112144,56,1,0,1
213720,56,1,1,0
2188168,56,1,0,1
3124304,56,1,0,1
2720144,56,1,1,0
449024,56,1,1,0
6883792,56,1,1,0
3019176,56,1,0,1
4783056,56,1,1,0
3952736,56,1,1,0
4303288,56,1,1,0
8328088,56,1,1,0
4418856,56,1,0,1
5949032,56,1,1,0
345448,56,1,1,0
1071128,56,1,1,0
565080,56,1,0,1
3540560,56,1,0,1
2434168,56,1,1,0
4558336,56,1,1,0
769448,56,1,1,0
378536,56,1,1,0
1107736,56,1,1,0
3005888,56,1,1,0
3688296,56,1,1,0
929200,56,1,1,0
3259728,56,1,1,0
2451224,56,1,1,0
6201232,56,1,1,0
3397568,56,1,0,1
6828712,56,1,1,0
748272,56,1,1,0
217592,56,1,1,0
1390992,56,1,1,0
3135976,56,1,0,1
7938480,56,1,0,1
7141792,56,1,0,1
5745384,56,1,1,0
561744,56,1,0,1
5406024,56,1,0,1
179360,56,1,0,1
2025184,56,1,1,0
678568,56,1,0,1
542960,56,1,0,1
5388480,56,1,0,1
2060952,56,1,1,0
1325928,56,1,1,0
5836448,56,1,1,0
5311456,56,1,1,0
3746776,56,1,1,0
757360,56,1,0,1
1492424,56,1,1,0
1044736,56,1,1,0
5587432,56,1,0,1
2086448,56,1,1,0
314464,56,1,0,1
651712,56,1,1,0
195616,56,1,1,0
3673584,56,1,0,1
4515656,56,1,0,1
4385376,56,1,1,0
788352,56,1,1,0
6094000,56,1,1,0
248848,56,1,0,1
6514872,56,1,0,1
3073568,56,1,0,1
1990640,56,1,0,1
1974176,56,1,0,1
1962744,56,1,1,0
2816568,56,1,0,1
3156048,56,1,0,1
937216,56,1,1,0
105896,56,1,1,0
1395576,56,1,0,1
704680,56,1,1,0
7237680,56,1,0,1
1248592,56,1,1,0
816896,56,1,0,1
1793632,56,1,1,0
354000,56,1,0,1
3337928,56,1,1,0
2490248,56,1,0,1
760856,56,1,1,0
2839832,56,1,0,1
367584,56,1,1,0
478616,56,1,0,1
1851648,56,1,1,0
853832,56,1,1,0
3804536,56,1,0,1
1014264,56,1,0,1
1812240,56,1,1,0
961040,56,1,1,0
1280560,56,1,1,0
4686584,56,1,0,1
4530160,56,1,0,1
612256,56,1,0,1
1563528,56,1,1,0
918728,56,1,0,1
6347456,56,1,0,1
1912016,56,1,0,1
1600360,56,1,0,1
4609104,56,1,1,0
2546888,56,1,0,1
1925096,56,1,1,0
513504,56,1,0,1
2118944,56,1,0,1
1613232,56,1,0,1
866720,56,1,0,1
7606048,56,1,0,1
3991112,56,1,1,0
964016,56,1,0,1
5877720,56,1,1,0
3402016,56,1,0,1
6941328,56,1,1,0
196496,56,1,0,1
3299344,56,1,1,0
4161176,56,1,1,0
1323184,56,1,0,1
358232,56,1,1,0
4474760,56,1,0,1
1665024,56,1,1,0
4012096,56,1,0,1
1960256,56,1,0,1
859208,56,1,0,1
7545896,56,1,1,0
187568,56,1,0,1
1360376,56,1,1,0
1450896,56,1,0,1
7520320,56,1,1,0
4099920,56,1,0,1
189592,56,1,1,0
4387952,56,1,0,1
3211808,56,1,0,1
4078600,56,1,1,0
102192,56,1,0,1
1118504,56,1,1,0
4593936,56,1,1,0
54744,56,1,1,0
397752,56,1,1,0
3717736,56,1,1,0
81784,56,1,0,1
722224,56,1,0,1
4784024,56,1,0,1
904232,56,1,1,0
3754856,56,1,1,0
7645064,56,1,1,0
4264872,56,1,0,1
914336,56,1,1,0
594232,56,1,1,0
1382288,56,1,0,1
3729144,56,1,1,0
2022696,56,1,0,1
6877368,56,1,1,0
7068760,56,1,1,0
3028272,56,1,1,0
2800712,56,1,0,1
4355536,56,1,0,1
598176,56,1,1,0
1388944,56,1,0,1
1726200,56,1,1,0
1522528,56,1,0,1
5286104,56,1,0,1
6900952,56,1,1,0
7416200,56,1,0,1
5718672,56,1,0,1
2123200,56,1,1,0
2510064,56,1,0,1
6572168,56,1,0,1
2715560,56,1,0,1
1086808,56,1,1,0
1628792,56,1,0,1
2213632,56,1,0,1
1212808,56,1,1,0
3365160,56,1,1,0
283112,56,1,0,1
3707960,56,1,0,1
657520,56,1,1,0
6352560,56,1,0,1
701160,56,1,1,0
832000,56,1,1,0
4278624,56,1,1,0
276400,56,1,0,1
387064,56,1,0,1
4071928,56,1,1,0
725536,56,1,1,0
244568,56,1,1,0
2432208,56,1,0,1
618304,56,1,0,1
1149576,56,1,0,1
7716576,56,1,0,1
302448,56,1,0,1
5638912,56,1,1,0
2621472,56,1,1,0
2878968,56,1,1,0
2280736,56,1,0,1
3483272,56,1,1,0
6648592,56,1,1,0
4477272,56,1,1,0
1349080,56,1,0,1
2177424,56,1,1,0
6095192,56,1,0,1
2098520,56,1,0,1
1452456,56,1,1,0
2288896,56,1,0,1
1883160,56,1,0,1
800312,56,1,1,0
4804504,56,1,0,1
1689960,56,1,1,0
605136,56,1,0,1
2190280,56,1,0,1
246664,56,1,0,1
219840,56,1,0,1
3756848,56,1,1,0
7055032,56,1,0,1
7942664,56,1,1,0
6582872,56,1,0,1
4267744,56,1,0,1
1300824,56,1,0,1
7398216,56,1,0,1
2706816,56,1,0,1
215816,56,1,0,1
384800,56,1,1,0
759632,56,1,0,1
1130448,56,1,1,0
3846312,56,1,1,0
869736,56,1,1,0
1549736,56,1,0,1
6562448,56,1,1,0
785328,56,1,1,0
293376,56,1,1,0
1193920,56,1,0,1
3425344,56,1,1,0
3294832,56,1,1,0
5527912,56,1,1,0
191800,56,1,0,1
5545440,56,1,0,1
1579296,56,1,0,1
7968272,56,1,1,0
6590320,56,1,1,0
3346368,56,1,1,0
485712,56,1,0,1
7242488,56,1,0,1
3053000,56,1,1,0
2074696,56,1,1,0
2957504,56,1,0,1
2790640,56,1,1,0
6747160,56,1,0,1
6644648,56,1,0,1
415240,56,1,0,1
2742088,56,1,1,0
3671664,56,1,1,0
1333816,56,1,0,1
5357048,56,1,0,1
811800,56,1,0,1
480544,56,1,1,0
422544,56,1,1,0
3990312,56,1,0,1
1749960,56,1,0,1
1165752,56,1,1,0
602024,56,1,0,1
1425088,56,1,1,0
1839152,56,1,0,1
4914464,56,1,1,0
2215216,56,1,0,1
7169464,56,1,0,1
692456,56,1,0,1
4335872,56,1,0,1
1099528,56,1,0,1
7296960,56,1,1,0
4515832,56,1,0,1
3180760,56,1,0,1
1850096,56,1,1,0
4161776,56,1,1,0
6853408,56,1,1,0
1667528,56,1,0,1
433168,56,1,0,1
330696,56,1,1,0
5390616,56,1,0,1
3630616,56,1,1,0
1894680,56,1,1,0
3381496,56,1,1,0
3415824,56,1,0,1
1321616,56,1,0,1
4486888,56,1,0,1
5838992,56,1,1,0
4495296,56,1,0,1
6928056,56,1,1,0
2751112,56,1,0,1
1226496,56,1,0,1
2831712,56,1,0,1
4287648,56,1,1,0
7805544,56,1,0,1
624904,56,1,0,1
351240,56,1,0,1
1371120,56,1,0,1
4665288,56,1,1,0
4596496,56,1,1,0
619184,56,1,0,1
3490080,56,1,1,0
1558344,56,1,1,0
734848,56,1,0,1
566144,56,1,1,0
3304296,56,1,0,1
2820296,56,1,0,1
3556824,56,1,0,1
8388328,56,1,1,0
7492728,56,1,1,0
1621168,56,1,0,1
6485984,56,1,1,0
876040,56,1,1,0
1997760,56,1,1,0
3274080,56,1,0,1
4973936,56,1,1,0
7721496,56,1,0,1
6365320,56,1,1,0
2232792,56,1,1,0
6459904,56,1,1,0
1780128,56,1,1,0
1594456,56,1,1,0
1129232,56,1,1,0
8011136,56,1,0,1
4284272,56,1,0,1
3876496,56,1,1,0
116880,56,1,0,1
805528,56,1,0,1
6698728,56,1,1,0
4715248,56,1,0,1
4929712,56,1,0,1
1924296,56,1,0,1
4223064,56,1,0,1
785888,56,1,0,1
1703752,56,1,0,1
1653992,56,1,1,0
5523960,56,1,1,0
480024,56,1,1,0
941344,56,1,1,0
6075696,56,1,1,0
1240184,56,1,1,0
3265656,56,1,1,0
275640,56,1,1,0
4768624,56,1,1,0
3281760,56,1,0,1
6910248,56,1,1,0
342488,56,1,0,1
8371904,56,1,0,1
1167800,56,1,0,1
6272168,56,1,1,0
5489184,56,1,0,1
2408328,56,1,1,0
431152,56,1,1,0
989456,56,1,0,1
2141208,56,1,0,1
1241896,56,1,0,1
4955808,56,1,1,0
677576,56,1,0,1
584888,56,1,1,0
1261736,56,1,0,1
171544,56,1,1,0
5089424,56,1,0,1
7488464,56,1,0,1
1788768,56,1,1,0
1038864,56,1,0,1
745104,56,1,1,0
2077320,56,1,0,1
5491880,56,1,1,0
1916176,56,1,1,0
373720,56,1,0,1
516968,56,1,0,1
194048,56,1,1,0
1980816,56,1,1,0
6804960,56,1,1,0
2086704,56,1,1,0
5462376,56,1,1,0
4236064,56,1,1,0
3483456,56,1,1,0
5159040,56,1,1,0
796240,56,1,1,0
5973680,56,1,1,0
1881168,56,1,1,0
7536624,56,1,1,0
347656,56,1,0,1
4686112,56,1,0,1
643448,56,1,1,0
124160,56,1,1,0
8292152,56,1,0,1
7418096,56,1,0,1
1723624,56,1,0,1
1669424,56,1,0,1
6362392,56,1,0,1
207384,56,1,0,1
117776,56,1,1,0
4281168,56,1,1,0
2912728,56,1,0,1
4381152,56,1,0,1
1177632,56,1,1,0
2166744,56,1,1,0
2264224,56,1,0,1
2701584,56,1,0,1
2605632,56,1,0,1
262936,56,1,0,1
4871648,56,1,0,1
4906960,56,1,0,1
3887728,56,1,1,0
5897408,56,1,0,1
1119352,56,1,1,0
124512,56,1,0,1
5124536,56,1,0,1
605672,56,1,1,0
5795440,56,1,0,1
2025608,56,1,1,0
5792448,56,1,1,0
5004416,56,1,0,1
1046176,56,1,1,0
1159368,56,1,0,1
358064,56,1,0,1
238536,56,1,1,0
3047000,56,1,0,1
696544,56,1,1,0
1854568,56,1,0,1
268920,56,1,0,1
2408712,56,1,0,1
1103376,56,1,1,0
2347136,56,1,1,0
3178792,56,1,1,0
1470520,56,1,1,0
6456944,56,1,1,0
911512,56,1,1,0
1991016,56,1,0,1
5632040,56,1,1,0
610992,56,1,1,0
1008624,56,1,0,1
1524408,56,1,1,0
7295688,57,1,0,1
534648,57,1,0,1
570008,57,1,1,0
2016752,57,1,1,0
8227936,57,1,1,0
2131024,57,1,0,1
958872,57,1,1,0
7305544,57,1,0,1
2309872,57,1,0,1
5799944,57,1,0,1
749832,57,1,0,1
1137672,57,1,0,1
577264,57,1,1,0
3583328,57,1,0,1
1304552,57,1,0,1
222008,57,1,1,0
2206688,57,1,1,0
1022696,57,1,1,0
6187080,57,1,1,0
1852560,57,1,0,1
8306776,57,1,0,1
1083176,57,1,1,0
2843312,57,1,1,0
790352,57,1,1,0
6093584,57,1,1,0
2529872,57,1,0,1
1762088,57,1,1,0
5861432,57,1,1,0
552768,57,1,0,1
3758008,57,1,0,1
600544,57,1,0,1
1376016,57,1,1,0
6001496,57,1,0,1
1000032,57,1,0,1
5246024,57,1,0,1
2874120,57,1,1,0
6955992,57,1,0,1
610304,57,1,0,1
5628368,57,1,1,0
569232,57,1,1,0
6112128,57,1,0,1
6491408,57,1,1,0
4856896,57,1,1,0
6724896,57,1,1,0
6815536,57,1,1,0
1117040,57,1,0,1
3813920,57,1,1,0
491264,57,1,1,0
7412992,57,1,1,0
7458224,57,1,0,1
4660016,57,1,1,0
3232608,57,1,0,1
793208,57,1,1,0
761136,57,1,1,0
1125264,57,1,1,0
815016,57,1,1,0
7086576,57,1,1,0
522736,57,1,0,1
5510344,57,1,1,0
2096352,57,1,0,1
433304,57,1,0,1
2055712,57,1,1,0
7620440,57,1,0,1
615800,57,1,1,0
7442712,57,1,0,1
5198840,57,1,0,1
4751464,57,1,1,0
1659152,57,1,1,0
396504,57,1,1,0
1651080,57,1,1,0
1072024,57,1,1,0
6494000,57,1,0,1
711880,57,1,0,1
6919664,57,1,0,1
1974016,57,1,1,0
5055256,57,1,1,0
6194432,57,1,1,0
2247088,57,1,0,1
570768,57,1,1,0
6658440,57,1,1,0
7219832,57,1,1,0
7550672,57,1,1,0
4898984,57,1,0,1
3767672,57,1,0,1
1448952,57,1,0,1
3968008,57,1,0,1
1884928,57,1,1,0
1410712,57,1,0,1
2044256,57,1,0,1
6086624,57,1,1,0
1106952,57,1,1,0
5574040,57,1,1,0
728264,57,1,0,1
703944,57,1,1,0
6503824,57,1,1,0
634368,57,1,1,0
2934008,57,1,1,0
5435328,57,1,1,0
1091936,57,1,1,0
2612248,57,1,1,0
3910432,57,1,1,0
6450232,57,1,1,0
5929392,57,1,1,0
1300608,57,1,0,1
1526664,57,1,1,0
331184,57,1,1,0
7265376,57,1,0,1
3075200,57,1,0,1
2885504,57,1,0,1
1849640,57,1,0,1
6452696,57,1,0,1
3200512,57,1,0,1
7334544,57,1,0,1
1274536,57,1,1,0
1772936,57,1,0,1
2271152,57,1,0,1
3349784,57,1,1,0
8316752,57,1,0,1
6902976,57,1,0,1
999600,57,1,1,0
871464,57,1,1,0
2489464,57,1,1,0
620360,57,1,0,1
1446072,57,1,1,0
8299456,57,1,0,1
2198248,57,1,0,1
505544,57,1,1,0
989664,57,1,1,0
2885744,57,1,0,1
455152,57,1,1,0
1411200,57,1,0,1
7933344,57,1,1,0
1359296,57,1,0,1
6828240,57,1,0,1
1910688,57,1,0,1
7208944,57,1,1,0
1670856,57,1,0,1
2437792,57,1,0,1
768184,57,1,1,0
421808,57,1,0,1
711192,57,1,1,0
8038056,57,1,0,1
618552,57,1,0,1
4652072,57,1,0,1
6660872,57,1,1,0
1471120,57,1,1,0
1398400,57,1,1,0
6073736,57,1,1,0
7903696,57,1,0,1
5780480,57,1,1,0
2911208,57,1,0,1
7900608,57,1,0,1
1283040,57,1,1,0
1849832,57,1,0,1
7598872,57,1,0,1
690968,57,1,1,0
8200360,57,1,0,1
2744080,57,1,0,1
2997256,57,1,1,0
2307816,57,1,0,1
297792,57,1,1,0
3164896,57,1,0,1
764320,57,1,1,0
1668584,57,1,0,1
2482176,57,1,0,1
933984,57,1,1,0
5332536,57,1,1,0
1461896,57,1,1,0
448408,57,1,1,0
328168,57,1,0,1
1559264,57,1,0,1
6317240,57,1,0,1
974560,57,1,0,1
8103096,57,1,1,0
989736,57,1,1,0
4497600,57,1,0,1
3143960,57,1,0,1
3478624,57,1,1,0
7409672,57,1,1,0
4573824,57,1,1,0
6672280,57,1,1,0
4102504,57,1,0,1
1608408,57,1,1,0
7444672,57,1,1,0
173936,57,1,0,1
645952,57,1,1,0
497072,57,1,1,0
780856,57,1,0,1
965776,57,1,0,1
949328,57,1,0,1
1613088,57,1,0,1
3967840,57,1,0,1
2008192,57,1,1,0
1616640,57,1,0,1
8073744,57,1,1,0
982752,57,1,0,1
3298248,57,1,1,0
839152,57,1,0,1
2171440,57,1,1,0
3079840,57,1,0,1
2012496,57,1,0,1
5874912,57,1,0,1
1056104,57,1,0,1
315448,57,1,1,0
2461856,57,1,0,1
4154552,57,1,1,0
6257456,57,1,0,1
2022904,57,1,1,0
742048,57,1,0,1
7665112,57,1,1,0
451248,57,1,1,0
2273192,57,1,1,0
4585160,57,1,1,0
1280184,57,1,1,0
8004184,57,1,0,1
2948736,57,1,0,1
1772832,57,1,1,0
1462704,57,1,0,1
4375520,57,1,1,0
3532904,57,1,0,1
1483992,57,1,1,0
1672424,57,1,0,1
160776,57,1,1,0
1566752,57,1,1,0
6926552,57,1,1,0
493704,57,1,1,0
7689784,57,1,1,0
693144,57,1,0,1
5828120,57,1,0,1
1797640,57,1,1,0
2794416,57,1,0,1
2659672,57,1,1,0
3308160,57,1,1,0
2118424,57,1,0,1
7702808,57,1,1,0
857832,57,1,1,0
2590096,57,1,0,1
4199376,57,1,1,0
1167864,57,1,0,1
1070472,57,1,0,1
1003944,57,1,0,1
1169248,57,1,1,0
3145840,57,1,1,0
2958976,57,1,0,1
229816,57,1,1,0
229904,57,1,1,0
3033984,57,1,0,1
889616,57,1,0,1
630336,57,1,1,0
498800,57,1,1,0
6237384,57,1,1,0
162992,57,1,0,1
4615568,57,1,1,0
2178848,57,1,1,0
7726168,57,1,1,0
1183832,57,1,1,0
1128128,57,1,1,0
2179672,57,1,0,1
1859600,57,1,0,1
7100744,57,1,0,1
4754360,57,1,0,1
71200,57,1,1,0
297936,57,1,0,1
3575640,57,1,1,0
2468624,57,1,1,0
1589104,57,1,0,1
6338592,57,1,1,0
393712,57,1,1,0
4374368,57,1,1,0
3575088,57,1,0,1
5886136,57,1,0,1
1026928,57,1,1,0
209712,57,1,1,0
1268248,57,1,0,1
5477112,57,1,0,1
4163160,57,1,0,1
4279512,57,1,1,0
402576,57,1,1,0
5123632,57,1,1,0
992376,57,1,1,0
3181656,57,1,0,1
295456,57,1,1,0
648408,57,1,0,1
663080,57,1,1,0
2974920,57,1,1,0
4497776,57,1,0,1
4140408,57,1,1,0
850648,57,1,0,1
3270456,57,1,0,1
1482384,57,1,1,0
8041864,57,1,1,0
2886664,57,1,0,1
5520448,57,1,1,0
1182968,57,1,1,0
648144,57,1,1,0
3518864,57,1,1,0
433848,57,1,0,1
758096,57,1,1,0
2654048,57,1,0,1
7080128,57,1,0,1
2100400,57,1,1,0
98976,57,1,1,0
3508512,57,1,1,0
764384,57,1,0,1
4212064,57,1,0,1
6246672,57,1,1,0
1600096,57,1,0,1
6255992,57,1,0,1
334352,57,1,0,1
2153680,57,1,1,0
6029336,57,1,0,1
4485064,57,1,1,0
5200640,57,1,1,0
213072,57,1,1,0
2638416,57,1,0,1
440760,57,1,1,0
6252512,57,1,1,0
2414904,57,1,1,0
2703448,57,1,1,0
3530296,57,1,0,1
2231544,57,1,0,1
3161288,57,1,0,1
597384,57,1,1,0
457424,57,1,1,0
502136,57,1,0,1
4667720,57,1,1,0
1271976,57,1,0,1
987168,57,1,0,1
675616,57,1,1,0
5564912,57,1,0,1
2956024,57,1,1,0
2050040,57,1,1,0
6435128,57,1,0,1
549712,57,1,1,0
1020624,57,1,0,1
2823408,57,1,1,0
3348984,57,1,1,0
2323840,57,1,1,0
2212224,57,1,1,0
5691064,57,1,1,0
5279368,57,1,0,1
236728,57,1,1,0
3773192,57,1,0,1
1395216,57,1,0,1
4120760,57,1,1,0
597704,57,1,0,1
6775744,57,1,1,0
830160,57,1,1,0
3540864,57,1,0,1
3589688,57,1,0,1
1132880,57,1,0,1
1387960,57,1,0,1
4187488,57,1,1,0
241296,57,1,0,1
1064240,57,1,1,0
553192,57,1,0,1
4081736,57,1,0,1
4205720,57,1,1,0
4944512,57,1,1,0
1489496,57,1,1,0
2060496,57,1,0,1
6211248,57,1,1,0
1058584,57,1,1,0
1311920,57,1,1,0
765472,57,1,1,0
525368,57,1,1,0
427184,57,1,0,1
679392,57,1,0,1
7324552,57,1,1,0
4354232,57,1,1,0
8201768,57,1,0,1
2029240,57,1,1,0
4482216,57,1,1,0
2794080,57,1,1,0
1626552,57,1,0,1
3661032,57,1,0,1
7530480,57,1,0,1
7316976,57,1,1,0
1620992,57,1,0,1
650184,57,1,0,1
850944,57,1,1,0
4272864,57,1,0,1
5471976,57,1,0,1
459584,57,1,1,0
708776,57,1,0,1
145208,57,1,1,0
3858352,57,1,1,0
994088,57,1,1,0
2884592,57,1,1,0
746296,57,1,0,1
1709648,57,1,1,0
892808,57,1,0,1
470296,57,1,1,0
614152,57,1,1,0
883592,57,1,1,0
159400,57,1,0,1
1115872,57,1,0,1
1228200,57,1,0,1
4348200,57,1,1,0
2509520,57,1,0,1
2944776,57,1,0,1
8205312,57,1,0,1
329008,57,1,0,1
3702192,57,1,0,1
5489208,57,1,0,1
839112,57,1,0,1
3463968,57,1,1,0
5641816,57,1,1,0
2980992,57,1,1,0
366992,57,1,0,1
4395864,57,1,1,0
1719376,57,1,0,1
1713224,57,1,0,1
884480,57,1,1,0
442328,57,1,0,1
634384,57,1,0,1
3527344,57,1,1,0
7426544,57,1,0,1
6863680,57,1,0,1
2727512,57,1,0,1
522480,57,1,0,1
7068576,57,1,0,1
257912,57,1,1,0
5102576,57,1,1,0
1053576,57,1,0,1
169392,57,1,1,0
4103464,57,1,1,0
8004648,57,1,0,1
1378832,57,1,0,1
3339480,57,1,1,0
2172864,57,1,0,1
1531472,57,1,0,1
788664,57,1,0,1
5231600,57,1,1,0
563000,57,1,0,1
1754888,57,1,0,1
7477368,57,1,0,1
1936424,57,1,0,1
4037520,57,1,1,0
6260832,57,1,0,1
1522496,57,1,1,0
515768,57,1,1,0
1644344,57,1,0,1
5328560,57,1,1,0
7133584,57,1,0,1
2646168,57,1,0,1
1968264,57,1,1,0
917680,57,1,0,1
3972440,57,1,0,1
373184,57,1,0,1
8325528,57,1,0,1
8365176,57,1,1,0
573888,57,1,0,1
787280,57,1,1,0
962152,57,1,1,0
630496,57,1,0,1
1673920,57,1,0,1
4673952,57,1,0,1
1844264,57,1,1,0
651168,57,1,1,0
4474160,57,1,1,0
3916456,57,1,0,1
2027136,57,1,0,1
342392,57,1,1,0
8115808,57,1,0,1
4799120,57,1,0,1
677056,57,1,0,1
1354160,57,1,1,0
1689816,57,1,1,0
3600808,57,1,0,1
599960,57,1,0,1
3257832,57,1,1,0
1807248,57,1,0,1
328280,57,1,0,1
3939160,57,1,0,1
2275640,57,1,1,0
847504,57,1,0,1
3329000,57,1,1,0
1050200,57,1,1,0
673032,57,1,1,0
639520,57,1,1,0
3219872,57,1,1,0
1119616,57,1,0,1
4180000,57,1,1,0
6081512,57,1,1,0
6897256,57,1,1,0
2053120,57,1,1,0
7518712,57,1,1,0
4258304,57,1,1,0
7195720,57,1,1,0
5533656,57,1,1,0
957232,57,1,0,1
4403328,57,1,0,1
3264144,57,1,0,1
6920672,57,1,0,1
1371928,57,1,1,0
221696,57,1,0,1
3196424,57,1,1,0
1483088,57,1,0,1
912400,57,1,0,1
5117160,57,1,0,1
2053928,57,1,1,0
1180320,57,1,1,0
2606248,57,1,1,0
6724888,57,1,0,1
6877032,57,1,1,0
7438088,57,1,1,0
3166824,57,1,0,1
287216,57,1,1,0
132768,57,1,1,0
2949256,57,1,1,0
3011888,57,1,0,1
1466224,57,1,1,0
3444432,57,1,0,1
459984,57,1,0,1
4134192,57,1,0,1
238336,57,1,1,0
6340544,57,1,0,1
4678432,57,1,1,0
1690720,57,1,1,0
1233976,57,1,0,1
5414400,57,1,0,1
2838648,57,1,1,0
7860360,57,1,1,0
3541968,57,1,1,0
639088,57,1,0,1
7794336,57,1,0,1
6817216,57,1,0,1
2841784,57,1,1,0
246512,57,1,0,1
1791496,57,1,0,1
2259040,57,1,0,1
452376,57,1,0,1
161472,57,1,0,1
3578952,57,1,1,0
4977368,57,1,1,0
2948968,57,1,0,1
1698848,57,1,0,1
938016,57,1,1,0
719080,57,1,0,1
805456,57,1,0,1
3007128,57,1,0,1
1010192,57,1,1,0
2929320,57,1,0,1
5693688,57,1,1,0
2326744,57,1,1,0
705648,57,1,1,0
4077416,57,1,0,1
544328,57,1,1,0
1134456,57,1,0,1
5091904,57,1,1,0
4349760,57,1,1,0
7349336,57,1,0,1
2812312,57,1,0,1
595456,57,1,1,0
4158968,57,1,1,0
1540912,57,1,1,0
7942720,57,1,0,1
1212888,57,1,1,0
5673544,57,1,0,1
1788320,57,1,1,0
1326312,57,1,1,0
4179520,57,1,1,0
617624,57,1,0,1
4619592,57,1,0,1
571616,57,1,1,0
5138584,57,1,0,1
399912,57,1,0,1
1753520,57,1,0,1
2096824,57,1,1,0
474296,57,1,1,0
4071752,57,1,1,0
6715952,57,1,1,0
2508912,57,1,0,1
7976904,57,1,0,1
5466808,57,1,1,0
5014288,57,1,0,1
322344,57,1,0,1
7439128,57,1,1,0
1400728,57,1,0,1
1119368,57,1,1,0
6920392,57,1,0,1
133312,57,1,0,1
2504344,57,1,0,1
4604384,57,1,1,0
682464,57,1,1,0
5790320,57,1,1,0
2016296,57,1,1,0
987408,57,1,1,0
6181480,57,1,0,1
1066976,57,1,0,1
123528,57,1,0,1
5327152,57,1,1,0
281784,57,1,1,0
3978712,57,1,1,0
894848,57,1,1,0
246768,57,1,0,1
3798408,57,1,1,0
3922712,57,1,1,0
1168600,57,1,0,1
2122872,57,1,0,1
4090888,57,1,1,0
1693480,57,1,0,1
5523328,57,1,0,1
5403168,57,1,1,0
1585456,57,1,1,0
8123680,57,1,1,0
4027952,57,1,1,0
2570504,57,1,0,1
7539224,57,1,0,1
1998056,57,1,0,1
1277488,57,1,0,1
1476112,57,1,0,1
3014944,57,1,1,0
722608,57,1,1,0
6456104,57,1,0,1
649008,57,1,0,1
1531328,57,1,0,1
4301096,57,1,0,1
921744,57,1,0,1
4777400,57,1,0,1
5249416,57,1,0,1
276864,57,1,1,0
5155208,57,1,0,1
3867008,57,1,1,0
1080448,57,1,1,0
4617720,57,1,0,1
6632824,57,1,0,1
2383992,57,1,1,0
6732384,57,1,1,0
1540784,57,1,0,1
4689640,57,1,1,0
1958920,57,1,1,0
8015936,57,1,1,0
333064,57,1,0,1
2376888,57,1,1,0
5851904,57,1,0,1
3373472,57,1,1,0
738512,57,1,0,1
935424,57,1,1,0
2343032,57,1,0,1
278584,57,1,1,0
6266880,57,1,1,0
4927896,57,1,0,1
3698776,57,1,1,0
5937496,57,1,0,1
8120056,57,1,1,0
209552,57,1,0,1
7197992,57,1,1,0
5501440,57,1,1,0
525312,57,1,1,0
440696,57,1,1,0
4750280,57,1,0,1
8161384,57,1,0,1
847368,57,1,1,0
7612712,57,1,1,0
4623224,57,1,1,0
1664896,57,1,0,1
3027056,57,1,0,1
955040,57,1,1,0
4736456,57,1,0,1
1085096,57,1,1,0
2176608,57,1,1,0
1655472,57,1,1,0
4347944,57,1,0,1
1227672,57,1,1,0
899736,57,1,0,1
4025232,57,1,0,1
562736,57,1,1,0
2315888,57,1,1,0
6871688,57,1,1,0
2524304,57,1,1,0
2139216,57,1,0,1
2872440,57,1,0,1
7037384,57,1,0,1
4034392,57,1,0,1
5040912,57,1,0,1
7570464,57,1,0,1
4389504,57,1,0,1
4183792,57,1,1,0
1422144,57,1,0,1
623624,57,1,0,1
1415864,57,1,1,0
8304848,57,1,1,0
2970232,57,1,1,0
709632,57,1,1,0
2822184,57,1,0,1
4485848,57,1,1,0
5524640,57,1,1,0
6678512,57,1,0,1
616920,57,1,0,1
6124896,57,1,1,0
533488,57,1,0,1
228048,57,1,1,0
1214480,57,1,0,1
702832,57,1,0,1
298264,57,1,1,0
2561800,57,1,1,0
3978720,57,1,1,0
667352,57,1,1,0
3051576,57,1,1,0
1121840,57,1,0,1
3291568,57,1,0,1
7560752,57,1,0,1
2693896,57,1,0,1
4533136,57,1,1,0
2988824,57,1,0,1
5062776,57,1,1,0
3643072,57,1,0,1
4303768,57,1,0,1
6211144,57,1,1,0
1331808,57,1,1,0
7620112,57,1,0,1
2383152,57,1,1,0
125904,57,1,1,0
7188000,57,1,0,1
528488,57,1,1,0
149864,57,1,0,1
4993592,57,1,0,1
7876448,57,1,0,1
1310040,57,1,1,0
3878960,57,1,0,1
6818664,57,1,0,1
6868440,57,1,0,1
1074472,57,1,1,0
5195016,57,1,1,0
5552872,57,1,0,1
4195792,57,1,0,1
6966240,57,1,1,0
1515344,57,1,0,1
739248,57,1,0,1
903608,57,1,1,0
3457056,57,1,0,1
514544,57,1,0,1
383408,57,1,0,1
2859608,57,1,1,0
1639912,57,1,1,0
3437416,57,1,0,1
1870096,57,1,0,1
192136,57,1,0,1
1003136,57,1,1,0
180232,57,1,0,1
5793240,57,1,0,1
1069824,57,1,1,0
2760928,57,1,1,0
945928,57,1,1,0
572568,57,1,0,1
3889416,57,1,0,1
1293432,57,1,0,1
1590704,57,1,1,0
5950416,57,1,1,0
7471208,57,1,1,0
1699880,57,1,1,0
2415824,57,1,1,0
2206344,57,1,1,0
4154688,57,1,1,0
7321672,57,1,1,0
297352,57,1,1,0
919064,57,1,1,0
7034656,57,1,1,0
419992,57,1,0,1
851464,57,1,0,1
1745224,57,1,1,0
3089304,57,1,0,1
6242768,57,1,0,1
2232288,57,1,1,0
7918160,57,1,1,0
1131184,57,1,0,1
5217480,57,1,1,0
1547256,57,1,0,1
114088,57,1,0,1
6529256,57,1,1,0
5388544,57,1,1,0
588136,57,1,1,0
3644040,57,1,1,0
2845464,57,1,0,1
2587320,57,1,0,1
1263648,57,1,1,0
4344504,57,1,0,1
1578432,57,1,1,0
1748656,57,1,1,0
2545168,57,1,0,1
6985680,57,1,1,0
6932536,57,1,0,1
3132632,57,1,0,1
2733048,57,1,0,1
1099912,57,1,0,1
3769032,57,1,1,0
266016,57,1,1,0
5278520,57,1,1,0
213672,57,1,1,0
3374928,57,1,1,0
403512,57,1,0,1
1746888,57,1,1,0
330992,57,1,1,0
309688,57,1,1,0
2534200,57,1,0,1
8007216,57,1,0,1
4583656,57,1,1,0
1455640,57,1,1,0
5319168,57,1,1,0
285720,57,1,1,0
2810616,57,1,0,1
2529632,57,1,0,1
2582080,57,1,1,0
2720488,57,1,0,1
6354040,57,1,0,1
1775344,57,1,0,1
7763816,57,1,1,0
3098944,57,1,0,1
2979904,57,1,0,1
2003664,57,1,1,0
6650792,57,1,1,0
1543088,57,1,1,0
1131592,57,1,0,1
2469920,57,1,1,0
5416888,57,1,0,1
253768,57,1,1,0
2786440,57,1,1,0
7913712,57,1,0,1
198096,57,1,0,1
2321072,57,1,0,1
626472,57,1,0,1
7492456,57,1,1,0
931176,57,1,0,1
3869496,57,1,0,1
1303800,57,1,1,0
1117192,57,1,0,1
6424904,57,1,1,0
3656464,57,1,0,1
574472,57,1,1,0
4431736,57,1,1,0
581416,57,1,1,0
1982104,57,1,1,0
268328,57,1,1,0
877720,57,1,1,0
1262904,57,1,0,1
6236760,57,1,0,1
1913304,57,1,1,0
1791480,57,1,0,1
3596224,57,1,0,1
4985288,57,1,0,1
3393920,57,1,1,0
293512,57,1,1,0
1587368,57,1,0,1
730848,57,1,1,0
7483016,57,1,0,1
444944,57,1,0,1
6389960,57,1,1,0
7346904,57,1,1,0
3026264,57,1,0,1
2193488,57,1,1,0
7055464,57,1,0,1
976120,57,1,1,0
1176296,57,1,0,1
8131328,57,1,1,0
697800,57,1,0,1
2361944,57,1,0,1
5726536,57,1,0,1
367312,57,1,0,1
266992,57,1,0,1
4077216,57,1,0,1
3392048,57,1,0,1
4959776,57,1,0,1
627320,57,1,0,1
1991664,57,1,1,0
1359048,57,1,0,1
1426848,57,1,1,0
1667872,57,1,0,1
456000,57,1,1,0
5416296,57,1,1,0
634336,57,1,1,0
6140952,57,1,0,1
594584,57,1,0,1
3445568,57,1,1,0
6774656,57,1,0,1
188888,57,1,0,1
7937064,57,1,0,1
526528,57,1,0,1
2331032,57,1,1,0
2585240,57,1,1,0
5109760,57,1,0,1
3935560,57,1,0,1
3733280,57,1,1,0
6196672,57,1,1,0
820728,57,1,1,0
4394832,57,1,0,1
2975288,57,1,1,0
1549560,57,1,1,0
3650928,57,1,1,0
7263176,57,1,0,1
942720,57,1,0,1
295968,57,1,0,1
828752,57,1,0,1
315168,57,1,0,1
300208,57,1,0,1
5513912,57,1,0,1
7973496,57,1,0,1
1876896,57,1,1,0
4695264,57,1,1,0
1936048,57,1,1,0
984576,57,1,1,0
3788592,57,1,0,1
1251616,57,1,0,1
7734160,57,1,0,1
1345208,57,1,1,0
5242568,57,1,1,0
2548608,57,1,0,1
2813144,57,1,0,1
5115784,57,1,0,1
6255720,57,1,0,1
1421144,57,1,1,0
7945416,57,1,0,1
185744,57,1,1,0
3713240,57,1,0,1
5971872,57,1,1,0
228536,57,1,1,0
5575424,57,1,1,0
7533672,57,1,1,0
4714384,57,1,1,0
4027160,57,1,1,0
3654048,57,1,0,1
1522152,57,1,0,1
3596960,57,1,0,1
3048448,57,1,0,1
447224,57,1,0,1
1944832,57,1,1,0
1704384,57,1,0,1
1316904,57,1,0,1
231584,57,1,1,0
1823176,57,1,0,1
2467496,57,1,0,1
714336,57,1,0,1
1866896,57,1,1,0
8118384,57,1,1,0
6113960,57,1,0,1
1431280,57,1,0,1
2524712,57,1,0,1
6788696,57,1,0,1
951168,57,1,0,1
2383768,57,1,1,0
1057952,57,1,1,0
6028688,57,1,0,1
2714232,57,1,0,1
170576,57,1,0,1
1555776,57,1,1,0
1863664,57,1,1,0
3068992,57,1,1,0
879544,57,1,1,0
225152,57,1,0,1
2686328,57,1,0,1
5041264,57,1,0,1
3649096,57,1,0,1
5648440,57,1,0,1
559520,57,1,1,0
1157856,57,1,0,1
3752224,57,1,1,0
1213072,57,1,1,0
579640,57,1,0,1
4461064,57,1,0,1
1926040,57,1,0,1
7825328,57,1,1,0
3709992,57,1,1,0
6878736,57,1,1,0
3186808,57,1,1,0
6149384,57,1,0,1
2365976,57,1,0,1
1791248,57,1,0,1
775040,57,1,0,1
8376080,57,1,1,0
841728,57,1,1,0
1235536,57,1,0,1
1808352,57,1,1,0
3444224,57,1,0,1
2538968,57,1,0,1
1710688,57,1,1,0
584016,57,1,0,1
763560,57,1,1,0
4310944,57,1,0,1
6232960,57,1,0,1
2780352,57,1,1,0
907152,57,1,0,1
2115952,57,1,1,0
3622912,57,1,0,1
6942880,57,1,1,0
5780824,57,1,1,0
424104,57,1,1,0
4063688,57,1,0,1
5683920,57,1,0,1
2061112,57,1,1,0
1481504,57,1,0,1
3513624,57,1,0,1
6656104,57,1,0,1
6449856,57,1,0,1
5799872,57,1,0,1
4774432,57,1,0,1
5540112,57,1,0,1
1148976,57,1,0,1
2538168,57,1,1,0
5077928,57,1,0,1
8008648,57,1,0,1
6841808,57,1,1,0
758720,57,1,0,1
4472032,57,1,1,0
2276704,57,1,1,0
3320672,57,1,0,1
678832,57,1,1,0
1425888,57,1,1,0
4962696,57,1,1,0
283920,57,1,0,1
2219088,57,1,0,1
925248,57,1,1,0
3224664,57,1,0,1
714800,57,1,1,0
7841592,57,1,1,0
505744,57,1,0,1
520960,57,1,0,1
304720,57,1,1,0
6417712,57,1,0,1
7563064,57,1,0,1
7809672,57,1,1,0
4661920,57,1,0,1
2667360,57,1,1,0
6669824,57,1,1,0
784928,57,1,1,0
4661808,57,1,0,1
1675712,57,1,1,0
6193544,57,1,0,1
295576,57,1,0,1
321296,57,1,1,0
936232,57,1,1,0
4161072,57,1,0,1
3221624,57,1,0,1
7491664,57,1,1,0
738504,57,1,1,0
3825576,57,1,1,0
5385032,57,1,0,1
388328,57,1,1,0
1525056,57,1,0,1
587440,57,1,1,0
2304288,57,1,1,0
4094176,57,1,1,0
5562328,57,1,0,1
4083016,57,1,1,0
403912,57,1,0,1
4061160,57,1,1,0
302824,57,1,1,0
4864936,57,1,1,0
1687792,57,1,0,1
1938408,57,1,1,0
1594848,57,1,0,1
1837288,57,1,0,1
933080,57,1,0,1
3110256,57,1,1,0
4271184,57,1,1,0
580008,57,1,0,1
2853232,57,1,0,1
555080,57,1,1,0
2210352,57,1,1,0
1887824,57,1,0,1
1384416,57,1,1,0
3978400,57,1,0,1
4983568,57,1,1,0
2725288,57,1,1,0
3785192,57,1,0,1
2388560,57,1,1,0
3449080,57,1,1,0
6765344,57,1,1,0
179904,57,1,1,0
366064,57,1,0,1
2902904,57,1,1,0
243800,57,1,1,0
7914552,57,1,1,0
436936,57,1,0,1
4629408,57,1,0,1
2210864,57,1,0,1
3246168,57,1,0,1
873016,57,1,1,0
328648,57,1,1,0
1480440,57,1,0,1
3176696,57,1,1,0
1792424,57,1,1,0
131256,57,1,1,0
6584176,57,1,0,1
1786016,57,1,1,0
189416,57,1,1,0
7322496,57,1,1,0
5901440,57,1,1,0
4506464,57,1,1,0
1875560,57,1,1,0
1158144,57,1,1,0
2319104,57,1,0,1
238256,57,1,0,1
3393600,57,1,1,0
1123928,57,1,1,0
1068504,57,1,0,1
6400896,57,1,1,0
359464,57,1,0,1
1857024,57,1,0,1
318568,57,1,0,1
1106720,57,1,1,0
3024152,57,1,1,0
1660016,57,1,1,0
5679848,57,1,1,0
1335944,57,1,1,0
984296,57,1,0,1
823872,57,1,1,0
851112,57,1,0,1
1091976,57,1,0,1
1904992,57,1,1,0
1392840,57,1,0,1
2208008,57,1,1,0
456032,57,1,1,0
1452216,57,1,1,0
1643576,57,1,1,0
3423408,57,1,1,0
936928,57,1,0,1
1281984,57,1,1,0
1407832,57,1,1,0
574368,57,1,0,1
4199752,57,1,1,0
2424536,57,1,0,1
1778704,57,1,0,1
7583408,57,1,1,0
1423000,57,1,0,1
1920656,57,1,1,0
7644704,57,1,1,0
7739280,57,1,1,0
994984,57,1,1,0
2032800,57,1,1,0
624576,57,1,1,0
723968,57,1,0,1
1771408,57,1,0,1
827904,57,1,0,1
7376328,57,1,0,1
7759640,57,1,0,1
1975072,57,1,0,1
5047776,57,1,1,0
2548032,57,1,1,0
1236864,57,1,1,0
643128,57,1,0,1
2215008,57,1,1,0
3137280,57,1,1,0
4837104,57,1,0,1
702016,57,1,1,0
2030400,57,1,1,0
127040,57,1,0,1
1505880,57,1,0,1
2112944,57,1,0,1
615872,57,1,1,0
747832,57,1,0,1
7373192,57,1,0,1
2358760,57,1,0,1
3873576,57,1,1,0
1369560,57,1,1,0
3798960,57,1,0,1
5036832,57,1,0,1
1780224,57,1,0,1
7266864,57,1,1,0
4164176,57,1,0,1
5348888,57,1,0,1
7648376,57,1,0,1
1368864,57,1,1,0
340400,57,1,1,0
4652448,57,1,0,1
1591200,57,1,0,1
2959808,57,1,0,1
1423200,57,1,1,0
2507352,57,1,1,0
7454128,57,1,1,0
635208,57,1,1,0
5488800,57,1,0,1
341848,57,1,1,0
951224,57,1,0,1
321840,57,1,0,1
238656,57,1,0,1
791136,57,1,1,0
2774072,57,1,1,0
338680,57,1,0,1
443008,57,1,0,1
3217504,57,1,0,1
8221536,57,1,0,1
6536472,57,1,0,1
1545472,57,1,0,1
2095128,57,1,0,1
534216,57,1,0,1
89384,57,1,0,1
2825512,57,1,0,1
320960,57,1,0,1
303360,57,1,1,0
4764352,57,1,1,0
8114384,57,1,1,0
1867264,57,1,0,1
831240,57,1,1,0
2024928,57,1,1,0
1194896,57,1,0,1
1907400,57,1,0,1
323904,57,1,1,0
868816,57,1,1,0
587040,57,1,1,0
508488,57,1,1,0
1868152,57,1,1,0
833208,57,1,1,0
2727656,57,1,0,1
741112,57,1,0,1
301872,57,1,0,1
1619384,57,1,1,0
741232,57,1,1,0
1218304,57,1,1,0
3697608,57,1,0,1
323976,57,1,1,0
2481504,57,1,1,0
907368,57,1,1,0
5859360,57,1,0,1
3915656,57,1,1,0
5203560,57,1,1,0
1517696,57,1,1,0
944088,57,1,0,1
4009896,57,1,0,1
7420552,57,1,1,0
926840,57,1,1,0
318096,57,1,0,1
3677792,57,1,1,0
5251128,57,1,0,1
5471008,57,1,1,0
3251224,57,1,1,0
3609528,57,1,0,1
4342024,57,1,0,1
1080640,57,1,1,0
4443576,57,1,0,1
258768,57,1,1,0
1326456,57,1,1,0
4802232,57,1,0,1
628408,57,1,0,1
7135040,57,1,1,0
3682336,57,1,0,1
4539520,57,1,1,0
3950448,57,1,0,1
680416,57,1,0,1
2603648,57,1,1,0
986928,57,1,0,1
997456,57,1,0,1
1027104,57,1,0,1
1974816,57,1,1,0
4830200,57,1,1,0
154096,57,1,0,1
3125888,57,1,1,0
1872672,57,1,1,0
4181352,57,1,1,0
3404784,57,1,1,0
6975592,57,1,1,0
5861712,57,1,1,0
5920800,57,1,0,1
1593736,57,1,1,0
5505312,57,1,1,0
459936,57,1,0,1
5544752,57,1,0,1
3494456,57,1,0,1
1274992,57,1,0,1
212032,57,1,0,1
293224,57,1,0,1
4564272,57,1,0,1
560168,57,1,0,1
1266240,57,1,1,0
3548128,57,1,0,1
6064504,57,1,0,1
1306784,57,1,1,0
2143040,57,1,1,0
2747456,57,1,0,1
563072,57,1,0,1
4628672,57,1,0,1
2867616,57,1,1,0
697728,57,1,1,0
5098912,57,1,0,1
2867264,57,1,1,0
2174648,57,1,1,0
883016,57,1,1,0
921288,57,1,1,0
3457496,57,1,0,1
1051568,57,1,1,0
1431944,57,1,1,0
8115552,57,1,0,1
3136280,57,1,1,0
3428496,57,1,0,1
6949016,57,1,0,1
2895944,57,1,1,0
5948760,57,1,1,0
792728,57,1,0,1
714792,57,1,0,1
2097880,57,1,0,1
599176,57,1,1,0
2693720,57,1,1,0
595200,57,1,1,0
2468744,57,1,0,1
2902360,57,1,1,0
1734224,57,1,1,0
3531224,57,1,0,1
5509680,57,1,1,0
3732936,57,1,0,1
6679528,57,1,1,0
3038912,57,1,1,0
6602280,57,1,0,1
536624,57,1,0,1
6733488,57,1,1,0
2093464,57,1,0,1
7095792,57,1,1,0
242024,57,1,0,1
653464,57,1,0,1
6611112,57,1,0,1
3718888,57,1,1,0
197904,57,1,0,1
5003088,57,1,1,0
4100896,57,1,1,0
452840,57,1,0,1
531760,57,1,1,0
1504392,57,1,1,0
578568,57,1,0,1
5808264,57,1,1,0
7730976,57,1,1,0
4440216,57,1,0,1
693456,57,1,1,0
1472704,57,1,1,0
3286832,57,1,0,1
4095344,57,1,0,1
273608,57,1,1,0
854248,57,1,1,0
514024,57,1,0,1
202264,57,1,0,1
395112,57,1,1,0
1116440,57,1,0,1
2176184,57,1,0,1
4944360,57,1,0,1
2675744,57,1,1,0
4257840,57,1,0,1
3892896,57,1,0,1
5298896,57,1,1,0
803400,57,1,1,0
2287680,57,1,1,0
430656,57,1,0,1
979416,57,1,0,1
1512648,57,1,0,1
542096,57,1,1,0
2479872,57,1,1,0
6425712,57,1,0,1
1133064,57,1,1,0
3348864,57,1,0,1
7883680,57,1,0,1
4736384,57,1,1,0
2476488,57,1,0,1
163584,57,1,1,0
170472,57,1,0,1
5120024,57,1,0,1
1991536,57,1,1,0
725048,57,1,0,1
4268152,57,1,0,1
916488,57,1,0,1
2492992,57,1,0,1
982576,57,1,0,1
337208,57,1,1,0
2059784,57,1,0,1
1909080,57,1,1,0
776872,57,1,0,1
472208,57,1,0,1
628696,57,1,0,1
3677840,57,1,1,0
6850736,57,1,0,1
787928,57,1,1,0
108576,57,1,1,0
5500848,57,1,1,0
789216,57,1,0,1
1742432,57,1,0,1
4449936,57,1,1,0
4932832,57,1,0,1
786928,57,1,1,0
1238456,57,1,1,0
3420312,57,1,1,0
1604048,57,1,1,0
856880,57,1,1,0
2732080,57,1,0,1
1129040,57,1,0,1
653224,57,1,0,1
261744,57,1,0,1
971304,57,1,0,1
2787880,57,1,1,0
5688560,57,1,0,1
601672,57,1,0,1
1671168,57,1,0,1
979784,57,1,1,0
1135864,57,1,0,1
7953368,57,1,1,0
3012912,57,1,1,0
270560,57,1,1,0
5165864,57,1,0,1
7649320,57,1,0,1
5565296,57,1,1,0
1277936,57,1,1,0
1291352,57,1,1,0
3545504,57,1,1,0
3216808,57,1,0,1
5561680,57,1,0,1
303040,57,1,1,0
2055752,57,1,1,0
8037880,57,1,1,0
6597944,57,1,1,0
2319312,57,1,1,0
2220888,57,1,1,0
5781984,57,1,0,1
1244888,57,1,0,1
1277144,57,1,0,1
539488,57,1,0,1
3273024,57,1,0,1
545304,57,1,1,0
1991768,57,1,0,1
4287256,57,1,1,0
1320816,57,1,0,1
3124752,57,1,1,0
480680,57,1,0,1
2044248,57,1,0,1
1344688,57,1,1,0
2962712,57,1,0,1
3124832,57,1,1,0
2711048,57,1,0,1
5829032,57,1,0,1
866048,57,1,0,1
1244520,57,1,1,0
2065928,57,1,0,1
3740000,57,1,1,0
1711208,57,1,0,1
1446536,57,1,1,0
1639816,57,1,0,1
3880104,57,1,0,1
5299248,57,1,0,1
2428752,57,1,1,0
632640,57,1,0,1
8277344,57,1,0,1
6736296,57,1,1,0
6680448,57,1,1,0
293184,57,1,1,0
2971872,57,1,1,0
2513232,57,1,0,1
281896,57,1,1,0
2748528,57,1,0,1
1882080,57,1,0,1
821936,57,1,0,1
5096944,57,1,1,0
2481920,57,1,1,0
3405208,57,1,1,0
1162152,57,1,0,1
4636488,57,1,0,1
1943720,57,1,1,0
503640,57,1,0,1
79616,57,1,0,1
6042912,57,1,1,0
938504,57,1,0,1
2101664,57,1,1,0
3248256,57,1,0,1
864552,57,1,1,0
1926032,57,1,1,0
2141048,57,1,0,1
980392,57,1,0,1
3395576,57,1,0,1
892720,57,1,0,1
1496824,57,1,0,1
287456,57,1,0,1
460096,57,1,1,0
322128,57,1,0,1
3220656,57,1,1,0
2923144,57,1,0,1
6810008,57,1,1,0
4914704,57,1,0,1
5194648,57,1,1,0
188544,57,1,1,0
1573800,57,1,0,1
3041456,57,1,0,1
6407112,57,1,1,0
304048,57,1,1,0
6745936,57,1,0,1
6630728,57,1,1,0
8042376,57,1,1,0
2455840,57,1,1,0
5372320,57,1,1,0
1071008,57,1,0,1
339744,57,1,1,0
8338632,57,1,0,1
3070960,57,1,1,0
1079408,57,1,0,1
1269056,57,1,1,0
7712848,57,1,0,1
397264,57,1,0,1
2257904,57,1,1,0
550272,57,1,1,0
6341248,57,1,1,0
5543584,57,1,1,0
8145664,57,1,1,0
1111224,57,1,0,1
1183152,57,1,0,1
865784,57,1,0,1
2084128,57,1,0,1
1146888,57,1,0,1
365248,57,1,1,0
749248,57,1,1,0
6823112,57,1,0,1
1234048,57,1,1,0
3325376,57,1,0,1
7809304,57,1,0,1
698824,57,1,0,1
2103624,57,1,1,0
4765976,57,1,0,1
1434088,57,1,0,1
1055944,57,1,1,0
1668352,57,1,1,0
5213424,57,1,0,1
2155728,57,1,1,0
2532944,57,1,0,1
1384848,57,1,1,0
6781744,57,1,1,0
3398656,57,1,1,0
382104,57,1,0,1
2676296,57,1,0,1
2274784,57,1,1,0
232800,57,1,0,1
1885912,57,1,0,1
1174008,57,1,1,0
6111088,57,1,0,1
2318440,57,1,0,1
232264,57,1,0,1
4575200,57,1,1,0
680712,57,1,1,0
1653224,57,1,0,1
2600216,57,1,1,0
6608904,57,1,1,0
3155328,57,1,0,1
3667392,57,1,1,0
6183192,57,1,1,0
1092040,57,1,0,1
2103504,57,1,1,0
5438232,57,1,1,0
4615800,57,1,1,0
7088672,57,1,0,1
5522672,57,1,0,1
2604888,57,1,0,1
1970680,57,1,1,0
6478632,57,1,1,0
4401056,57,1,1,0
7894632,57,1,1,0
1153904,57,1,0,1
1572984,57,1,0,1
548496,57,1,0,1
176920,57,1,0,1
1253120,57,1,0,1
1632176,57,1,0,1
1012056,57,1,0,1
6022088,57,1,1,0
1265656,57,1,1,0
7210376,57,1,0,1
8082296,57,1,0,1
727952,57,1,0,1
559704,57,1,1,0
6033272,57,1,0,1
7254872,57,1,0,1
2854072,57,1,1,0
2271680,57,1,1,0
6291248,57,1,1,0
1983824,57,1,1,0
304184,57,1,1,0
172336,57,1,0,1
1191520,57,1,0,1
2933488,57,1,1,0
1015112,57,1,1,0
461056,57,1,0,1
930496,57,1,1,0
2479216,57,1,1,0
7648992,57,1,1,0
102616,57,1,1,0
5147912,57,1,1,0
3300208,57,1,0,1
3375976,57,1,0,1
196448,57,1,0,1
2182832,57,1,0,1
7148392,57,1,0,1
598576,57,1,0,1
312368,57,1,1,0
4480416,57,1,1,0
3364832,57,1,1,0
2046064,57,1,1,0
1633528,57,1,1,0
2761248,57,1,1,0
3377560,57,1,1,0
880984,57,1,1,0
380568,57,1,1,0
3699912,57,1,0,1
1700344,57,1,0,1
7500632,57,1,0,1
4735544,57,1,0,1
1192656,57,1,1,0
2004952,57,1,1,0
6999160,57,1,0,1
311088,57,1,0,1
3761200,57,1,0,1
3331584,57,1,0,1
3045272,57,1,0,1
3048784,57,1,0,1
6286096,57,1,0,1
3301536,57,1,1,0
348592,57,1,1,0
526792,57,1,1,0
1913856,57,1,1,0
8264024,57,1,0,1
1236976,57,1,1,0
2900416,57,1,1,0
3160256,57,1,1,0
659608,57,1,0,1
1569984,57,1,0,1
3253968,57,1,1,0
1103848,57,1,1,0
6736904,57,1,0,1
1448408,57,1,0,1
1464480,57,1,1,0
1343944,57,1,1,0
7318656,57,1,0,1
8142832,57,1,0,1
526648,57,1,1,0
1852688,57,1,0,1
7127896,57,1,0,1
4476480,57,1,0,1
7104496,57,1,1,0
6978128,57,1,1,0
7676736,57,1,1,0
6639184,57,1,1,0
6722528,57,1,1,0
1709600,57,1,0,1
7588048,57,1,0,1
2482984,57,1,1,0
4047552,57,1,0,1
3968392,57,1,0,1
6215984,57,1,0,1
2826496,57,1,0,1
3119664,57,1,0,1
5176696,57,1,0,1
1383928,57,1,1,0
5434704,57,1,1,0
2674760,57,1,1,0
3059144,57,1,1,0
2608904,57,1,1,0
2313152,57,1,0,1
433824,57,1,0,1
624240,57,1,0,1
1121224,57,1,0,1
2059352,57,1,0,1
426824,57,1,0,1
1426912,57,1,1,0
2887056,57,1,1,0
1464928,57,1,1,0
4483840,57,1,0,1
3053488,57,1,0,1
1685232,57,1,0,1
1068672,57,1,1,0
1364184,57,1,1,0
1406768,57,1,0,1
2109536,57,1,1,0
927144,57,1,1,0
2176088,57,1,0,1
2954120,57,1,0,1
1383160,57,1,1,0
6306624,57,1,0,1
458424,57,1,1,0
8054384,57,1,1,0
6014496,57,1,1,0
3722408,57,1,0,1
7915336,57,1,0,1
4156032,57,1,0,1
1550320,57,1,1,0
3809024,57,1,0,1
628976,57,1,0,1
152008,57,1,0,1
8229960,57,1,1,0
580184,57,1,0,1
914904,57,1,1,0
453032,57,1,1,0
2058392,57,1,0,1
870936,57,1,1,0
2121752,57,1,1,0
1514112,57,1,0,1
414856,57,1,1,0
4491160,57,1,1,0
2156280,57,1,0,1
237728,57,1,1,0
243112,57,1,1,0
3375848,57,1,1,0
724752,57,1,1,0
388000,57,1,0,1
489712,57,1,1,0
812920,57,1,1,0
4131032,57,1,1,0
711704,57,1,0,1
4250672,57,1,0,1
3590384,57,1,1,0
5867432,57,1,1,0
5336792,57,1,1,0
3073008,57,1,1,0
4424008,57,1,0,1
207584,57,1,1,0
3294136,57,1,1,0
2471984,57,1,0,1
1603720,57,1,1,0
7278432,57,1,0,1
767080,57,1,0,1
5740232,57,1,1,0
696064,57,1,1,0
935064,57,1,0,1
6146408,57,1,0,1
798256,57,1,1,0
1751328,57,1,1,0
930704,57,1,1,0
1180104,57,1,1,0
865440,57,1,0,1
891256,57,1,0,1
2704136,57,1,0,1
1684544,57,1,0,1
4708912,57,1,1,0
580680,57,1,0,1
421896,57,1,0,1
3282464,57,1,1,0
2511664,57,1,0,1
451392,57,1,1,0
4306200,57,1,0,1
4824048,57,1,1,0
6380224,57,1,0,1
1450104,57,1,0,1
7230192,57,1,1,0
323032,57,1,0,1
8273776,57,1,0,1
1227288,57,1,1,0
5686224,57,1,1,0
1184208,57,1,0,1
2371088,57,1,1,0
617160,57,1,1,0
2083072,57,1,1,0
1654424,57,1,0,1
1454344,57,1,0,1
3328040,57,1,1,0
6230392,57,1,0,1
1461000,57,1,1,0
978320,57,1,0,1
2125040,57,1,1,0
1128688,57,1,1,0
1154760,57,1,1,0
2914448,57,1,0,1
2423296,57,1,1,0
1996872,57,1,1,0
2976920,57,1,0,1
298560,57,1,0,1
467728,57,1,0,1
454616,57,1,1,0
6842808,57,1,0,1
3384392,57,1,0,1
1442472,57,1,0,1
3925176,57,1,0,1
2735896,57,1,1,0
7513000,57,1,0,1
3575264,57,1,0,1
1343176,57,1,0,1
1248432,57,1,0,1
1954232,57,1,0,1
186744,57,1,1,0
2130976,57,1,1,0
1155880,57,1,1,0
5811136,57,1,0,1
2545424,57,1,0,1
2076616,57,1,0,1
2089816,57,1,1,0
544648,57,1,0,1
2725256,57,1,1,0
2862096,57,1,0,1
849504,57,1,1,0
1956536,57,1,0,1
1924336,57,1,1,0
1345960,57,1,0,1
6524512,57,1,1,0
420480,57,1,1,0
1360952,57,1,0,1
638152,57,1,0,1
1655168,57,1,0,1
763496,57,1,0,1
996464,57,1,0,1
510848,57,1,0,1
339144,57,1,1,0
1428920,57,1,0,1
2434056,57,1,0,1
1483480,57,1,1,0
3346688,57,1,0,1
1667064,57,1,1,0
3045880,57,1,1,0
4522976,57,1,0,1
624304,57,1,1,0
3561080,57,1,0,1
4140768,57,1,0,1
1366032,57,1,1,0
276912,57,1,1,0
675728,57,1,0,1
5760328,57,1,0,1
272656,57,1,1,0
3216744,57,1,1,0
2659584,57,1,1,0
6039040,57,1,0,1
3176008,57,1,1,0
1931792,57,1,1,0
3603384,57,1,0,1
1680256,57,1,0,1
1165088,57,1,0,1
1117960,57,1,1,0
1583384,57,1,1,0
4038664,57,1,1,0
6359760,57,1,0,1
1664376,57,1,0,1
758656,57,1,1,0
946456,57,1,1,0
4426352,57,1,1,0
4706344,57,1,0,1
561680,57,1,0,1
6504240,57,1,1,0
2309448,57,1,1,0
4972864,57,1,0,1
3875456,57,1,0,1
732736,57,1,0,1
7380768,57,1,0,1
785280,57,1,0,1
485944,57,1,0,1
343968,57,1,0,1
6391792,57,1,1,0
1237448,57,1,0,1
7438864,57,1,0,1
3355496,57,1,0,1
723952,57,1,1,0
6747272,57,1,1,0
351016,57,1,1,0
2154032,57,1,0,1
2971888,57,1,1,0
7389736,57,1,1,0
453920,57,1,1,0
1456432,57,1,1,0
871624,57,1,0,1
4953216,57,1,0,1
5878344,57,1,0,1
6356344,57,1,1,0
1272968,57,1,1,0
6910664,57,1,1,0
2828544,57,1,0,1
483456,57,1,0,1
2536040,57,1,0,1
1551024,57,1,1,0
714016,57,1,0,1
1847408,57,1,1,0
3105088,57,1,1,0
946104,57,1,1,0
887600,57,1,1,0
1527504,57,1,0,1
91672,57,1,0,1
3325960,57,1,0,1
5633592,57,1,0,1
412536,57,1,0,1
6274056,57,1,0,1
207640,57,1,0,1
3670872,57,1,1,0
3799880,57,1,0,1
1153424,57,1,1,0
5297488,57,1,0,1
787760,57,1,1,0
4022320,57,1,0,1
1579696,57,1,1,0
4687032,57,1,0,1
7461384,57,1,0,1
2741768,57,1,1,0
992528,57,1,0,1
3558008,57,1,1,0
1445408,57,1,1,0
5413216,57,1,1,0
859528,57,1,0,1
672960,57,1,0,1
1106792,57,1,0,1
2887072,57,1,1,0
4096344,57,1,0,1
601384,57,1,1,0
2721296,57,1,1,0
950920,57,1,0,1
114696,57,1,0,1
476040,57,1,1,0
619176,57,1,1,0
407056,57,1,0,1
2376792,57,1,0,1
648904,57,1,0,1
686696,57,1,0,1
1095880,57,1,1,0
5941040,57,1,0,1
4442616,57,1,0,1
371976,57,1,1,0
961576,57,1,1,0
2347312,57,1,0,1
5406984,57,1,0,1
1953280,57,1,0,1
7051704,57,1,0,1
3573880,58,1,0,1
7783320,58,1,1,0
4955736,58,1,1,0
5150224,58,1,0,1
2618728,58,1,1,0
2832904,58,1,0,1
5502736,58,1,1,0
6895560,58,1,1,0
6732968,58,1,0,1
624784,58,1,0,1
5947248,58,1,0,1
5381680,58,1,1,0
327736,58,1,1,0
1222144,58,1,1,0
769360,58,1,1,0
5314968,58,1,1,0
1256168,58,1,1,0
6368552,58,1,1,0
4648920,58,1,0,1
1206376,58,1,1,0
2694360,58,1,0,1
6206536,58,1,0,1
428040,58,1,1,0
7645560,58,1,1,0
3820592,58,1,0,1
108400,58,1,0,1
388384,58,1,1,0
3509264,58,1,0,1
4729808,58,1,0,1
862472,58,1,0,1
1704168,58,1,1,0
4164168,58,1,0,1
3475016,58,1,1,0
7494056,58,1,0,1
378704,58,1,0,1
7274192,58,1,0,1
1650080,58,1,0,1
2220792,58,1,1,0
2098328,58,1,0,1
2323632,58,1,1,0
296400,58,1,1,0
5562616,58,1,0,1
394328,58,1,1,0
2326416,58,1,0,1
731968,58,1,1,0
2833872,58,1,0,1
647768,58,1,0,1
2243368,58,1,0,1
1256384,58,1,1,0
1963736,58,1,0,1
455920,58,1,1,0
632680,58,1,1,0
6650664,58,1,0,1
461352,58,1,0,1
325712,58,1,0,1
1009848,58,1,1,0
3914368,58,1,0,1
682432,58,1,0,1
5717728,58,1,1,0
3125512,58,1,0,1
5995000,58,1,0,1
5242248,58,1,0,1
1148024,58,1,1,0
5576144,58,1,1,0
545944,58,1,0,1
915256,58,1,1,0
2760840,58,1,1,0
5977208,58,1,1,0
6406520,58,1,0,1
2477680,58,1,1,0
5255216,58,1,0,1
508088,58,1,1,0
5705464,58,1,1,0
7202864,58,1,0,1
2254944,58,1,1,0
2483248,58,1,1,0
277992,58,1,1,0
5504704,58,1,1,0
2007544,58,1,0,1
5353584,58,1,1,0
418696,58,1,1,0
327248,58,1,0,1
7556376,58,1,0,1
1402872,58,1,0,1
7824360,58,1,0,1
1648784,58,1,1,0
2162760,58,1,1,0
5424392,58,1,0,1
3127656,58,1,1,0
790712,58,1,1,0
1171888,58,1,1,0
2730968,58,1,1,0
6233592,58,1,1,0
816048,58,1,1,0
256008,58,1,1,0
6545160,58,1,0,1
6234968,58,1,0,1
3338928,58,1,0,1
2174040,58,1,1,0
3381232,58,1,0,1
7186936,58,1,1,0
5950864,58,1,1,0
6056760,58,1,1,0
1017032,58,1,0,1
1698952,58,1,0,1
2664736,58,1,1,0
5708088,58,1,0,1
979912,58,1,0,1
5885768,58,1,1,0
826344,58,1,1,0
3637976,58,1,0,1
2303488,58,1,1,0
385336,58,1,0,1
1162848,58,1,1,0
3630800,58,1,1,0
6138488,58,1,0,1
3517504,58,1,1,0
1651528,58,1,0,1
5816120,58,1,1,0
1597512,58,1,1,0
4295016,58,1,0,1
2444080,58,1,0,1
5700616,58,1,1,0
1766832,58,1,1,0
3230792,58,1,1,0
504856,58,1,1,0
1858760,58,1,0,1
324480,58,1,1,0
5684464,58,1,0,1
103368,58,1,1,0
4565264,58,1,1,0
399880,58,1,0,1
2574448,58,1,1,0
2149576,58,1,0,1
5009656,58,1,1,0
5515984,58,1,1,0
6904368,58,1,0,1
916016,58,1,1,0
7033512,58,1,0,1
3126728,58,1,0,1
2571272,58,1,0,1
1655680,58,1,1,0
338952,58,1,1,0
2944056,58,1,1,0
341728,58,1,1,0
1861888,58,1,0,1
2689288,58,1,0,1
1592448,58,1,0,1
2082072,58,1,0,1
2167208,58,1,0,1
3918312,58,1,0,1
479872,58,1,1,0
717992,58,1,0,1
2101584,58,1,0,1
3908624,58,1,0,1
1006520,58,1,0,1
98960,58,1,1,0
435592,58,1,0,1
4489912,58,1,0,1
2897616,58,1,1,0
6854704,58,1,0,1
366784,58,1,0,1
2112360,58,1,1,0
3082968,58,1,0,1
1219656,58,1,1,0
6005880,58,1,0,1
5418640,58,1,0,1
900608,58,1,1,0
6778072,58,1,1,0
226752,58,1,0,1
2876864,58,1,0,1
2390520,58,1,1,0
965808,58,1,1,0
7359752,58,1,1,0
1198224,58,1,1,0
8017832,58,1,1,0
3366296,58,1,0,1
5059112,58,1,1,0
7900232,58,1,1,0
1792224,58,1,0,1
2400096,58,1,1,0
5071168,58,1,1,0
5241112,58,1,0,1
1921368,58,1,1,0
7264528,58,1,0,1
5107224,58,1,1,0
6658000,58,1,0,1
1055760,58,1,1,0
3935160,58,1,1,0
438624,58,1,1,0
2355808,58,1,1,0
2326912,58,1,1,0
2077544,58,1,0,1
7105496,58,1,1,0
1221912,58,1,1,0
4826120,58,1,1,0
2630024,58,1,0,1
6629808,58,1,1,0
270504,58,1,0,1
1218632,58,1,0,1
1821856,58,1,0,1
4726216,58,1,1,0
7738216,58,1,0,1
2382288,58,1,0,1
2794448,58,1,0,1
6268440,58,1,1,0
5343400,58,1,1,0
999352,58,1,0,1
5096888,58,1,1,0
480896,58,1,1,0
3855096,58,1,1,0
7887760,58,1,1,0
5258616,58,1,0,1
3809592,58,1,0,1
3069312,58,1,0,1
173088,58,1,1,0
7361136,58,1,1,0
6752960,58,1,0,1
3335712,58,1,0,1
953648,58,1,1,0
1199488,58,1,0,1
3680472,58,1,0,1
5711144,58,1,0,1
2556752,58,1,1,0
2080432,58,1,0,1
1816056,58,1,0,1
1632952,58,1,0,1
6590472,58,1,0,1
2606280,58,1,1,0
2820040,58,1,0,1
5935960,58,1,0,1
8066856,58,1,0,1
1850504,58,1,0,1
3227584,58,1,1,0
8234592,58,1,1,0
4862904,58,1,0,1
1771744,58,1,1,0
7706976,58,1,1,0
4614800,58,1,1,0
3626256,58,1,1,0
5664296,58,1,1,0
81800,58,1,0,1
607672,58,1,0,1
839760,58,1,1,0
1732112,58,1,0,1
2413992,58,1,1,0
5992720,58,1,0,1
6981872,58,1,1,0
132480,58,1,0,1
458408,58,1,1,0
5314256,58,1,0,1
1500048,58,1,0,1
4582096,58,1,1,0
1422480,58,1,1,0
227224,58,1,0,1
5053200,58,1,0,1
1000280,58,1,0,1
912392,58,1,0,1
7766744,58,1,1,0
369456,58,1,0,1
3225456,58,1,0,1
771952,58,1,1,0
7543280,58,1,1,0
3328000,58,1,1,0
2770264,58,1,1,0
756712,58,1,0,1
672264,58,1,1,0
6643952,58,1,0,1
2003520,58,1,0,1
1813552,58,1,1,0
948272,58,1,0,1
4944288,58,1,0,1
313792,58,1,1,0
653672,58,1,0,1
2156776,58,1,1,0
6300408,58,1,0,1
841680,58,1,0,1
568048,58,1,0,1
662912,58,1,0,1
1492192,58,1,0,1
7641504,58,1,0,1
460944,58,1,0,1
2040128,58,1,1,0
5607016,58,1,1,0
1421960,58,1,1,0
4750912,58,1,1,0
612488,58,1,1,0
955488,58,1,0,1
4322784,58,1,0,1
3686112,58,1,0,1
4136832,58,1,1,0
601104,58,1,0,1
4792000,58,1,1,0
3473408,58,1,0,1
1279144,58,1,1,0
700224,58,1,1,0
3923560,58,1,1,0
5595528,58,1,1,0
3671440,58,1,1,0
337096,58,1,0,1
7571272,58,1,1,0
1436616,58,1,1,0
2382680,58,1,1,0
102280,58,1,0,1
938272,58,1,0,1
6036440,58,1,1,0
5401960,58,1,1,0
3260280,58,1,0,1
1586216,58,1,0,1
1631640,58,1,0,1
3549736,58,1,1,0
3866368,58,1,1,0
992880,58,1,1,0
2359816,58,1,1,0
2830776,58,1,0,1
1917136,58,1,0,1
557840,58,1,0,1
343536,58,1,0,1
3999984,58,1,1,0
2491616,58,1,0,1
4148536,58,1,1,0
2714152,58,1,1,0
332432,58,1,1,0
7196968,58,1,0,1
2586248,58,1,1,0
4212728,58,1,1,0
1205880,58,1,0,1
4204760,58,1,1,0
1511680,58,1,1,0
6262936,58,1,0,1
2270576,58,1,0,1
2466712,58,1,1,0
3913536,58,1,0,1
1456728,58,1,0,1
3491312,58,1,0,1
1780392,58,1,0,1
661400,58,1,1,0
680352,58,1,0,1
977744,58,1,1,0
5527424,58,1,1,0
2595232,58,1,0,1
213832,58,1,1,0
6174320,58,1,1,0
819552,58,1,1,0
6544456,58,1,0,1
758560,58,1,1,0
1123352,58,1,0,1
1787864,58,1,1,0
7237008,58,1,1,0
2544440,58,1,1,0
1859280,58,1,0,1
2553656,58,1,0,1
2358376,58,1,1,0
6766592,58,1,0,1
2444344,58,1,0,1
539912,58,1,1,0
7540096,58,1,1,0
7118800,58,1,1,0
7683344,58,1,0,1
2127768,58,1,1,0
1011792,58,1,0,1
241912,58,1,0,1
978416,58,1,1,0
4544296,58,1,0,1
4591912,58,1,0,1
1211248,58,1,1,0
333608,58,1,1,0
5190304,58,1,1,0
3838768,58,1,0,1
4403512,58,1,0,1
519536,58,1,0,1
5143168,58,1,1,0
7419976,58,1,0,1
354592,58,1,0,1
5233376,58,1,1,0
3476248,58,1,0,1
7591864,58,1,0,1
2173208,58,1,1,0
8250848,58,1,1,0
6922680,58,1,1,0
1362288,58,1,1,0
2622616,58,1,1,0
1867656,58,1,0,1
6567968,58,1,0,1
2445040,58,1,0,1
2621448,58,1,1,0
1829600,58,1,0,1
1225128,58,1,0,1
4502672,58,1,1,0
725120,58,1,0,1
875848,58,1,0,1
2504936,58,1,1,0
912992,58,1,0,1
402352,58,1,0,1
766648,58,1,1,0
1024512,58,1,0,1
1152032,58,1,1,0
2314304,58,1,1,0
4204336,58,1,1,0
1706448,58,1,1,0
4177168,58,1,1,0
4975440,58,1,1,0
1298176,58,1,1,0
5650192,58,1,1,0
489736,58,1,1,0
4550016,58,1,1,0
6955856,58,1,0,1
6511416,58,1,0,1
1092752,58,1,1,0
4049128,58,1,1,0
1734928,58,1,0,1
473464,58,1,1,0
2731752,58,1,1,0
8271480,58,1,1,0
3204384,58,1,0,1
1605400,58,1,0,1
6211528,58,1,0,1
928832,58,1,0,1
1118224,58,1,0,1
396688,58,1,1,0
341120,58,1,1,0
269656,58,1,0,1
3026872,58,1,0,1
1885032,58,1,0,1
1159736,58,1,0,1
4574592,58,1,1,0
1300392,58,1,0,1
5805952,58,1,1,0
300856,58,1,1,0
2283728,58,1,0,1
3618128,58,1,0,1
1218200,58,1,1,0
1173912,58,1,0,1
6467656,58,1,0,1
83856,58,1,0,1
5471232,58,1,0,1
5687184,58,1,1,0
1333824,58,1,1,0
4060280,58,1,0,1
365208,58,1,1,0
5926976,58,1,1,0
2627248,58,1,0,1
588208,58,1,1,0
787936,58,1,0,1
1206464,58,1,1,0
328976,58,1,1,0
929520,58,1,0,1
5263216,58,1,0,1
3481872,58,1,0,1
452080,58,1,1,0
2355888,58,1,1,0
6143336,58,1,1,0
862120,58,1,1,0
522184,58,1,1,0
1384712,58,1,1,0
182048,58,1,0,1
2591088,58,1,0,1
5439416,58,1,0,1
7074944,58,1,1,0
716872,58,1,0,1
1204528,58,1,1,0
238000,58,1,1,0
2033416,58,1,0,1
4042248,58,1,0,1
937248,58,1,1,0
973080,58,1,1,0
231384,58,1,1,0
273384,58,1,0,1
3578520,58,1,0,1
5744808,58,1,0,1
1000064,58,1,1,0
1056752,58,1,1,0
5296408,58,1,1,0
694280,58,1,1,0
4587624,58,1,1,0
6946592,58,1,0,1
981704,58,1,0,1
2248136,58,1,1,0
8149208,58,1,0,1
1265920,58,1,0,1
636616,58,1,1,0
7537504,58,1,0,1
700272,58,1,1,0
940368,58,1,0,1
508264,58,1,0,1
1126888,58,1,0,1
896920,58,1,0,1
2844048,58,1,0,1
6003200,58,1,0,1
6740272,58,1,0,1
2303872,58,1,0,1
6232504,58,1,0,1
3816880,58,1,0,1
4657704,58,1,1,0
3093000,58,1,0,1
3093184,58,1,1,0
7894552,58,1,1,0
1395512,58,1,1,0
940304,58,1,0,1
3353152,58,1,1,0
1178208,58,1,0,1
2195552,58,1,1,0
3751024,58,1,0,1
4958128,58,1,0,1
1785744,58,1,1,0
2051664,58,1,1,0
3858088,58,1,0,1
4546400,58,1,0,1
4831632,58,1,1,0
345512,58,1,1,0
2230272,58,1,1,0
3428440,58,1,0,1
675856,58,1,1,0
5576792,58,1,0,1
3250032,58,1,1,0
1869592,58,1,0,1
328000,58,1,1,0
665352,58,1,0,1
1102296,58,1,0,1
5964672,58,1,1,0
3574792,58,1,0,1
1279440,58,1,1,0
1640720,58,1,0,1
7282424,58,1,0,1
1091424,58,1,1,0
246960,58,1,1,0
474792,58,1,0,1
6525408,58,1,1,0
3179184,58,1,1,0
821336,58,1,1,0
1615712,58,1,1,0
3988744,58,1,0,1
2448312,58,1,1,0
1073432,58,1,0,1
369920,58,1,0,1
5889752,58,1,1,0
725504,58,1,0,1
2715168,58,1,1,0
3547392,58,1,1,0
2147336,58,1,0,1
1105992,58,1,1,0
1306136,58,1,1,0
997120,58,1,1,0
2788656,58,1,0,1
5153176,58,1,1,0
2184312,58,1,0,1
2825544,58,1,0,1
1073168,58,1,0,1
4581272,58,1,0,1
4184024,58,1,0,1
1764152,58,1,0,1
440224,58,1,0,1
677384,58,1,0,1
2376024,58,1,1,0
2437432,58,1,0,1
3852216,58,1,1,0
205560,58,1,0,1
2670640,58,1,0,1
1699304,58,1,0,1
1259136,58,1,1,0
6843512,58,1,1,0
332448,58,1,1,0
265200,58,1,1,0
1057472,58,1,1,0
4203632,58,1,0,1
7496664,58,1,1,0
4436904,58,1,1,0
2140448,58,1,1,0
1634344,58,1,1,0
1534888,58,1,1,0
6990272,58,1,0,1
7332712,58,1,0,1
848104,58,1,1,0
4869032,58,1,1,0
7728584,58,1,1,0
677648,58,1,0,1
1468832,58,1,1,0
3017584,58,1,0,1
642904,58,1,0,1
125048,58,1,0,1
1225408,58,1,1,0
266720,58,1,1,0
2316448,58,1,1,0
3843464,58,1,1,0
3432408,58,1,1,0
6529608,58,1,0,1
5347120,58,1,1,0
2928728,58,1,1,0
7433544,58,1,0,1
6362248,58,1,0,1
910752,58,1,1,0
4325856,58,1,0,1
2957800,58,1,1,0
2603144,58,1,1,0
7533480,58,1,1,0
2016456,58,1,1,0
5036792,58,1,0,1
8033440,58,1,0,1
3577224,58,1,0,1
439176,58,1,0,1
2804696,58,1,0,1
2173920,58,1,1,0
1301000,58,1,0,1
5045328,58,1,1,0
2631008,58,1,0,1
1676360,58,1,0,1
2082424,58,1,0,1
5851144,58,1,1,0
5350568,58,1,1,0
1636664,58,1,1,0
564248,58,1,0,1
2248176,58,1,1,0
6072392,58,1,1,0
245792,58,1,1,0
3121864,58,1,0,1
6924160,58,1,1,0
8164024,58,1,1,0
5138392,58,1,1,0
3206128,58,1,0,1
4757584,58,1,0,1
675904,58,1,0,1
3903624,58,1,1,0
291896,58,1,0,1
7918088,58,1,0,1
2049984,58,1,1,0
7734008,58,1,1,0
486064,58,1,0,1
7940072,58,1,1,0
6046168,58,1,1,0
1898224,58,1,1,0
1608200,58,1,1,0
1235264,58,1,0,1
711264,58,1,1,0
2179248,58,1,1,0
5391912,58,1,0,1
186712,58,1,0,1
2130088,58,1,0,1
7328344,58,1,0,1
8339688,58,1,1,0
901688,58,1,1,0
1432832,58,1,1,0
4027656,58,1,0,1
721240,58,1,0,1
2670608,58,1,0,1
5006528,58,1,1,0
6215048,58,1,1,0
72968,58,1,1,0
6604200,58,1,0,1
6947704,58,1,1,0
701336,58,1,1,0
2924528,58,1,1,0
3001056,58,1,0,1
3381080,58,1,1,0
3002808,58,1,1,0
4006368,58,1,1,0
3025848,58,1,0,1
6008720,58,1,0,1
5968800,58,1,1,0
712128,58,1,0,1
5173088,58,1,0,1
2133104,58,1,0,1
4338816,58,1,1,0
2241216,58,1,0,1
535024,58,1,0,1
7801008,58,1,1,0
5057408,58,1,1,0
5400960,58,1,0,1
2891024,58,1,1,0
5057560,58,1,0,1
98584,58,1,1,0
4832984,58,1,1,0
5382808,58,1,0,1
2132936,58,1,1,0
1532008,58,1,0,1
503712,58,1,1,0
1314352,58,1,1,0
4113544,58,1,0,1
707960,58,1,0,1
1792096,58,1,1,0
7334808,58,1,0,1
4668136,58,1,0,1
7814192,58,1,0,1
1717496,58,1,0,1
2910216,58,1,1,0
4325296,58,1,0,1
7205856,58,1,1,0
424280,58,1,0,1
5664672,58,1,1,0
690680,58,1,1,0
4221736,58,1,1,0
7496616,58,1,0,1
3408168,58,1,0,1
3999328,58,1,1,0
4343840,58,1,1,0
5348112,58,1,0,1
3696992,58,1,0,1
2988960,58,1,1,0
1422976,58,1,1,0
6437184,58,1,0,1
893984,58,1,0,1
129888,58,1,0,1
415008,58,1,1,0
3160016,58,1,1,0
778848,58,1,1,0
966736,58,1,1,0
2649048,58,1,1,0
7702304,58,1,1,0
4318296,58,1,0,1
4085704,58,1,0,1
627072,58,1,1,0
4276456,58,1,0,1
4297032,58,1,1,0
1506080,58,1,0,1
4213928,58,1,0,1
4791824,58,1,1,0
5369960,58,1,1,0
6113800,58,1,0,1
3737296,58,1,1,0
2801472,58,1,1,0
380152,58,1,1,0
4664616,58,1,1,0
5316608,58,1,0,1
8063304,58,1,1,0
5105920,58,1,0,1
589648,58,1,1,0
841672,58,1,1,0
5127616,58,1,1,0
1064936,58,1,1,0
458248,58,1,0,1
426352,58,1,0,1
4368592,58,1,1,0
2315728,58,1,0,1
6987416,58,1,0,1
449840,58,1,1,0
469296,58,1,0,1
655048,58,1,1,0
3746848,58,1,0,1
5868464,58,1,0,1
5404744,58,1,1,0
6514016,58,1,1,0
2114792,58,1,1,0
2943296,58,1,0,1
7217736,58,1,1,0
7238456,58,1,1,0
1395984,58,1,0,1
1987536,58,1,0,1
1275656,58,1,0,1
2729984,58,1,1,0
2245856,58,1,1,0
452968,58,1,1,0
441888,58,1,0,1
608984,58,1,1,0
4711376,58,1,0,1
3182944,58,1,0,1
599784,58,1,1,0
8364184,58,1,1,0
419664,58,1,0,1
4414040,58,1,0,1
5785800,58,1,1,0
4733848,58,1,1,0
326000,58,1,1,0
2947552,58,1,0,1
4556728,58,1,1,0
756224,58,1,0,1
3264464,58,1,0,1
3833128,58,1,1,0
7483656,58,1,0,1
1223768,58,1,0,1
3542680,58,1,0,1
2937656,58,1,1,0
4860232,58,1,0,1
7664560,58,1,0,1
1298576,58,1,1,0
7648328,58,1,1,0
2438216,58,1,0,1
386768,58,1,1,0
668864,58,1,0,1
617232,58,1,1,0
186080,58,1,0,1
1786024,58,1,0,1
6606952,58,1,1,0
2757536,58,1,0,1
144792,58,1,1,0
5530656,58,1,0,1
2314280,58,1,0,1
3170072,58,1,0,1
619512,58,1,1,0
2455560,58,1,0,1
955848,58,1,0,1
474536,58,1,1,0
870984,58,1,0,1
3669752,58,1,1,0
6188104,58,1,1,0
1703640,58,1,1,0
6347176,58,1,0,1
267736,58,1,0,1
1560544,58,1,1,0
704272,58,1,1,0
433592,58,1,0,1
2288128,58,1,0,1
8255304,58,1,0,1
2694456,58,1,0,1
467560,58,1,0,1
536304,58,1,0,1
835192,58,1,0,1
615048,58,1,1,0
2304096,58,1,0,1
6897000,58,1,1,0
563624,58,1,1,0
7801064,58,1,0,1
2691968,58,1,1,0
2870368,58,1,0,1
1289872,58,1,1,0
3945328,58,1,0,1
5929440,58,1,0,1
6761096,58,1,0,1
812736,58,1,0,1
195104,58,1,0,1
467952,58,1,0,1
1044928,58,1,0,1
1926440,58,1,1,0
7230448,58,1,1,0
408368,58,1,0,1
1717472,58,1,1,0
2219976,58,1,1,0
5346872,58,1,0,1
5994632,58,1,0,1
4040392,58,1,0,1
7391584,58,1,1,0
5134232,58,1,0,1
1467616,58,1,1,0
5492656,58,1,1,0
5169664,58,1,0,1
288520,58,1,0,1
5491232,58,1,0,1
7733392,58,1,0,1
844072,58,1,0,1
499336,58,1,1,0
3831024,58,1,0,1
4824384,58,1,1,0
737528,58,1,0,1
6580544,58,1,1,0
3929984,58,1,1,0
414880,58,1,0,1
500184,58,1,0,1
7293344,58,1,0,1
3158928,58,1,1,0
3773816,58,1,1,0
1849064,58,1,0,1
3917216,58,1,1,0
3113776,58,1,1,0
1356896,58,1,1,0
907440,58,1,1,0
6554312,58,1,0,1
3170048,58,1,1,0
2365840,58,1,1,0
5641736,58,1,0,1
3072360,58,1,0,1
3129360,58,1,1,0
4529792,58,1,1,0
548408,58,1,1,0
5392864,58,1,0,1
1830280,58,1,0,1
7802432,58,1,1,0
252144,58,1,1,0
2640320,58,1,1,0
2332040,58,1,0,1
1231072,58,1,1,0
7402168,58,1,0,1
7475440,58,1,0,1
1764536,58,1,0,1
68544,58,1,0,1
3207440,58,1,1,0
7988072,58,1,0,1
5945792,58,1,0,1
8215840,58,1,0,1
2966496,58,1,0,1
2225328,58,1,1,0
799640,58,1,1,0
1122840,58,1,1,0
6875080,58,1,1,0
7815976,58,1,0,1
2385616,58,1,0,1
3434968,58,1,1,0
2643568,58,1,0,1
1405344,58,1,1,0
1254552,58,1,1,0
1211456,58,1,0,1
1035040,58,1,1,0
1746440,58,1,1,0
3871464,58,1,0,1
7639624,58,1,1,0
4673168,58,1,1,0
5804728,58,1,0,1
524176,58,1,0,1
6895864,58,1,1,0
7067952,58,1,0,1
5897480,58,1,0,1
1402032,58,1,0,1
4705000,58,1,1,0
533840,58,1,1,0
1092600,58,1,1,0
4130464,58,1,1,0
1320112,58,1,0,1
7029248,58,1,1,0
2186184,58,1,0,1
1028608,58,1,1,0
1599936,58,1,0,1
5585096,58,1,0,1
3843608,58,1,0,1
536152,58,1,0,1
7143856,58,1,0,1
5711112,58,1,1,0
3683840,58,1,0,1
2537072,58,1,0,1
394424,58,1,0,1
3275040,58,1,1,0
825680,58,1,0,1
606696,58,1,1,0
5154720,58,1,1,0
425952,58,1,0,1
1291152,58,1,1,0
3535736,58,1,1,0
3225216,58,1,1,0
6754168,58,1,0,1
477224,58,1,1,0
3401528,58,1,1,0
3268488,58,1,0,1
932264,58,1,0,1
7723352,58,1,1,0
158440,58,1,1,0
3091944,58,1,0,1
1000240,58,1,0,1
2455288,58,1,1,0
1186392,58,1,0,1
890944,58,1,0,1
1255352,58,1,1,0
2387144,58,1,1,0
6377896,58,1,0,1
1234560,58,1,1,0
4446352,58,1,0,1
2458608,58,1,1,0
354352,58,1,0,1
268024,58,1,0,1
3055752,58,1,1,0
1273568,58,1,1,0
5211168,58,1,1,0
1783680,58,1,1,0
1642552,58,1,1,0
1844544,58,1,0,1
3627872,58,1,1,0
3412976,58,1,0,1
6900528,58,1,0,1
3363512,58,1,0,1
4744616,58,1,0,1
3267320,58,1,1,0
766848,58,1,0,1
4845992,58,1,1,0
7750704,58,1,0,1
625848,58,1,0,1
683800,58,1,1,0
1321352,58,1,1,0
8116040,58,1,1,0
5907408,58,1,0,1
701024,58,1,0,1
2977808,58,1,0,1
5340568,58,1,0,1
6962768,58,1,1,0
289624,58,1,0,1
648048,58,1,1,0
4030176,58,1,1,0
3916792,58,1,1,0
1703512,58,1,0,1
6372496,58,1,0,1
231912,58,1,0,1
4106328,58,1,0,1
6494592,58,1,1,0
1062856,58,1,1,0
4043416,58,1,1,0
2609080,58,1,0,1
1150496,58,1,1,0
5032264,58,1,1,0
5263264,58,1,0,1
4049304,58,1,0,1
1311416,58,1,0,1
2196216,58,1,0,1
4956328,58,1,0,1
5433992,58,1,0,1
660200,58,1,1,0
2162696,58,1,1,0
379296,58,1,1,0
284792,58,1,1,0
7833472,58,1,0,1
7950496,58,1,0,1
5345256,58,1,1,0
8222640,58,1,1,0
1637464,58,1,0,1
315064,58,1,0,1
7452896,58,1,0,1
1707768,58,1,1,0
5618440,58,1,0,1
3283888,58,1,0,1
3852472,58,1,1,0
405072,58,1,1,0
1192976,58,1,0,1
688264,58,1,1,0
381112,58,1,0,1
1562736,58,1,0,1
1951280,58,1,0,1
863216,58,1,1,0
6786928,58,1,0,1
3668696,58,1,1,0
2405104,58,1,1,0
792944,58,1,1,0
2671880,58,1,1,0
332744,58,1,0,1
1412496,58,1,0,1
2980936,58,1,1,0
4218488,58,1,0,1
1091600,58,1,0,1
4547968,58,1,0,1
5822752,58,1,0,1
226896,58,1,0,1
3204648,58,1,1,0
195096,58,1,0,1
437776,58,1,0,1
6996120,58,1,1,0
5893040,58,1,0,1
1367424,58,1,0,1
218008,58,1,1,0
545600,58,1,0,1
2588424,58,1,0,1
1801328,58,1,0,1
2408792,58,1,0,1
2326888,58,1,0,1
1598264,58,1,1,0
4523984,58,1,0,1
1650960,58,1,0,1
1093568,58,1,1,0
7759544,58,1,0,1
7956632,58,1,0,1
3372368,58,1,1,0
714944,58,1,0,1
967344,58,1,1,0
1250888,58,1,1,0
1194808,58,1,0,1
127592,58,1,0,1
5109816,58,1,1,0
812976,58,1,1,0
174904,58,1,0,1
7875672,58,1,1,0
1541864,58,1,0,1
1416352,58,1,1,0
277248,58,1,1,0
847696,58,1,1,0
3637864,58,1,1,0
4126264,58,1,1,0
2264312,58,1,0,1
650288,58,1,1,0
1131232,58,1,0,1
3575920,58,1,1,0
2406840,58,1,1,0
458472,58,1,1,0
897408,58,1,1,0
1390824,58,1,0,1
4416072,58,1,1,0
2722648,58,1,1,0
747864,58,1,0,1
1053600,58,1,1,0
4295896,58,1,1,0
1761160,58,1,0,1
1355632,58,1,1,0
297200,58,1,1,0
423960,58,1,0,1
2515536,58,1,1,0
6373632,58,1,1,0
3496440,58,1,0,1
119088,58,1,0,1
1784576,58,1,0,1
3965672,58,1,1,0
959040,58,1,1,0
3309680,58,1,1,0
2944176,58,1,0,1
2288624,58,1,1,0
1882168,58,1,0,1
3617400,58,1,0,1
763656,58,1,1,0
3564336,58,1,0,1
261336,58,1,0,1
852056,58,1,0,1
6314512,58,1,0,1
8184456,58,1,0,1
3970856,58,1,1,0
3761184,58,1,0,1
1427576,58,1,1,0
7715640,58,1,1,0
446808,58,1,0,1
2129424,58,1,0,1
1236888,58,1,0,1
4748816,58,1,1,0
5628464,58,1,0,1
1713288,58,1,0,1
442680,58,1,0,1
1968456,58,1,0,1
2448560,58,1,0,1
5301448,58,1,0,1
2784408,58,1,1,0
2052880,58,1,1,0
354848,58,1,0,1
7206256,58,1,0,1
2894824,58,1,1,0
5601552,58,1,1,0
1260888,58,1,0,1
1148088,58,1,1,0
4686040,58,1,1,0
375328,58,1,0,1
4920240,58,1,1,0
5411048,58,1,0,1
3539496,58,1,1,0
2393760,58,1,1,0
830256,58,1,0,1
7497216,58,1,0,1
7166664,58,1,1,0
5192080,58,1,0,1
1376824,58,1,1,0
2347024,58,1,0,1
2890168,58,1,0,1
265008,58,1,1,0
5063256,58,1,1,0
2288392,58,1,0,1
6203424,58,1,0,1
965584,58,1,0,1
2452472,58,1,0,1
2904728,58,1,0,1
4312928,58,1,0,1
187280,58,1,1,0
4631536,58,1,0,1
4427368,58,1,0,1
1407776,58,1,0,1
3405168,58,1,0,1
332120,58,1,0,1
3030680,58,1,1,0
224296,58,1,0,1
2155232,58,1,0,1
2818264,58,1,0,1
419880,58,1,0,1
3136840,58,1,1,0
1509912,58,1,0,1
1339696,58,1,1,0
2364048,58,1,1,0
1335256,58,1,1,0
4373704,58,1,0,1
1567536,58,1,0,1
1445312,58,1,0,1
6225560,58,1,0,1
667416,58,1,1,0
413832,58,1,0,1
4516240,58,1,0,1
3919688,58,1,0,1
355024,58,1,1,0
247640,58,1,1,0
278160,58,1,0,1
348576,58,1,0,1
4464808,58,1,1,0
3853960,58,1,1,0
955808,58,1,1,0
1240056,58,1,1,0
1316696,58,1,0,1
3505304,58,1,0,1
3182768,58,1,0,1
2322168,58,1,1,0
4661976,58,1,1,0
1459360,58,1,0,1
908872,58,1,0,1
907712,58,1,1,0
5356984,58,1,1,0
690568,58,1,1,0
4297000,58,1,1,0
7029776,58,1,1,0
1909360,58,1,0,1
7155352,58,1,0,1
1503656,58,1,1,0
787176,58,1,0,1
5019112,58,1,0,1
3337200,58,1,1,0
379224,58,1,1,0
5326224,58,1,0,1
6209592,58,1,1,0
252368,58,1,0,1
347704,58,1,0,1
303672,58,1,0,1
3523192,58,1,1,0
7382944,58,1,1,0
258216,58,1,1,0
408296,58,1,0,1
1045552,58,1,1,0
2241296,58,1,1,0
5482712,58,1,0,1
3071080,58,1,0,1
278784,58,1,1,0
7356344,58,1,1,0
2260280,58,1,0,1
3363864,58,1,0,1
1993576,58,1,1,0
1186152,58,1,0,1
3366576,58,1,1,0
1483240,58,1,0,1
1140336,58,1,1,0
1173136,58,1,1,0
7716760,58,1,1,0
4528640,58,1,1,0
3433368,58,1,0,1
3164736,58,1,1,0
576576,58,1,1,0
3250976,58,1,0,1
247944,58,1,1,0
7101872,58,1,0,1
7875536,58,1,1,0
1427520,58,1,1,0
2335328,58,1,1,0
3547104,58,1,0,1
7555568,58,1,0,1
966792,58,1,0,1
6926320,58,1,0,1
1341968,58,1,1,0
1228440,58,1,1,0
1435272,58,1,1,0
3252144,58,1,0,1
2826072,58,1,1,0
2290480,58,1,1,0
1189824,58,1,1,0
628600,58,1,1,0
1939152,58,1,1,0
2342200,58,1,0,1
7064288,58,1,1,0
1741680,58,1,1,0
202936,58,1,0,1
3828456,58,1,1,0
4408424,58,1,1,0
982984,58,1,1,0
1379560,58,1,0,1
357168,58,1,0,1
7091416,58,1,0,1
4829600,58,1,0,1
703512,58,1,1,0
2360296,58,1,1,0
515976,58,1,0,1
4536000,58,1,1,0
185232,58,1,0,1
1756880,58,1,1,0
1906456,58,1,1,0
6300200,58,1,0,1
3627656,58,1,0,1
2496064,58,1,0,1
6220584,58,1,1,0
1504464,58,1,0,1
2580320,58,1,1,0
404440,58,1,0,1
797632,58,1,0,1
792344,58,1,0,1
2675088,58,1,1,0
1096016,58,1,1,0
2735032,58,1,0,1
589368,58,1,0,1
8152440,58,1,1,0
1597904,58,1,0,1
6628096,58,1,1,0
1672336,58,1,0,1
2212472,58,1,1,0
5766568,58,1,1,0
272896,58,1,1,0
6048312,58,1,0,1
2615664,58,1,0,1
4801104,58,1,0,1
1096688,58,1,0,1
7837296,58,1,0,1
1481520,58,1,0,1
2744736,58,1,0,1
2401600,58,1,0,1
2950176,58,1,0,1
205048,58,1,0,1
1300816,58,1,0,1
7641928,58,1,0,1
6064592,58,1,1,0
5108784,58,1,1,0
737160,58,1,1,0
2289872,58,1,1,0
3366392,58,1,0,1
1143520,58,1,0,1
270296,58,1,1,0
1174896,58,1,1,0
1376360,58,1,0,1
971584,58,1,1,0
4755184,58,1,0,1
849208,58,1,0,1
446912,58,1,1,0
3559840,58,1,1,0
1209008,58,1,0,1
4534216,58,1,0,1
4944128,58,1,0,1
1643416,58,1,1,0
2014808,58,1,1,0
2230048,58,1,0,1
1858984,58,1,0,1
6416184,58,1,0,1
3520856,58,1,0,1
1780880,58,1,0,1
2461360,58,1,1,0
620272,58,1,0,1
1844232,58,1,0,1
409008,58,1,0,1
683320,58,1,0,1
5342456,58,1,0,1
1154048,58,1,0,1
4649240,58,1,1,0
938992,58,1,0,1
2417760,58,1,1,0
7467016,58,1,1,0
2044704,58,1,1,0
2891064,58,1,0,1
4594864,58,1,0,1
2303832,58,1,0,1
5209320,58,1,0,1
260544,58,1,0,1
6175224,58,1,0,1
3182328,58,1,1,0
4736224,58,1,1,0
1415752,58,1,1,0
585152,58,1,1,0
3892976,58,1,1,0
1758864,58,1,1,0
3178208,58,1,0,1
1282320,58,1,1,0
7785024,58,1,1,0
342408,58,1,1,0
7019640,58,1,0,1
3207024,58,1,1,0
1171192,58,1,1,0
1023920,58,1,1,0
2219736,58,1,1,0
4981360,58,1,1,0
357896,58,1,0,1
2433464,58,1,1,0
6475528,58,1,0,1
498720,58,1,0,1
393384,58,1,0,1
427392,58,1,0,1
5768600,58,1,0,1
674928,58,1,1,0
6122176,58,1,0,1
1658312,58,1,0,1
4548768,58,1,1,0
3865520,58,1,1,0
5625072,58,1,0,1
7492624,58,1,0,1
5818816,58,1,1,0
1952792,58,1,0,1
2424688,58,1,1,0
3441048,58,1,0,1
5114512,58,1,0,1
2731896,58,1,0,1
6719400,58,1,1,0
407992,58,1,0,1
3678472,58,1,0,1
7023312,58,1,0,1
1928304,58,1,0,1
5112744,58,1,0,1
294208,58,1,1,0
767248,58,1,0,1
6513664,58,1,1,0
2415064,58,1,0,1
180656,58,1,0,1
97352,58,1,1,0
7326024,58,1,0,1
3320984,58,1,0,1
1279584,58,1,1,0
1043360,58,1,0,1
1765576,58,1,1,0
2335192,58,1,1,0
866496,58,1,0,1
7516400,58,1,0,1
1491520,58,1,0,1
2212344,58,1,1,0
291352,58,1,1,0
944608,58,1,0,1
688544,58,1,0,1
3916280,58,1,1,0
278272,58,1,0,1
2738088,58,1,1,0
1750584,58,1,0,1
888408,58,1,0,1
2511944,58,1,0,1
7663520,58,1,1,0
3351112,58,1,0,1
1800968,58,1,1,0
4460464,58,1,1,0
1600408,58,1,1,0
2389216,58,1,1,0
1110192,58,1,0,1
1710744,58,1,0,1
467992,58,1,0,1
710120,58,1,1,0
1296480,58,1,0,1
879304,58,1,0,1
540664,58,1,0,1
321648,58,1,0,1
3158736,58,1,1,0
4797776,58,1,0,1
535000,58,1,0,1
3070000,58,1,1,0
574056,58,1,1,0
4530096,58,1,1,0
2852912,58,1,0,1
4362144,58,1,1,0
303808,58,1,1,0
2256240,58,1,1,0
690088,58,1,1,0
1959128,58,1,0,1
985240,58,1,1,0
3449280,58,1,1,0
7476744,58,1,1,0
6522160,58,1,0,1
1157000,58,1,0,1
651176,58,1,0,1
373360,58,1,0,1
758640,58,1,1,0
4389104,58,1,1,0
5833496,58,1,0,1
4936888,58,1,1,0
1935192,58,1,1,0
3115264,58,1,1,0
6645056,58,1,0,1
836512,58,1,0,1
4302632,58,1,0,1
176080,58,1,0,1
476152,58,1,1,0
3502808,58,1,0,1
4443432,58,1,0,1
3947400,58,1,0,1
313992,58,1,1,0
2348336,58,1,0,1
4132408,58,1,0,1
2329616,58,1,0,1
4577872,58,1,0,1
2574840,58,1,0,1
5364040,58,1,0,1
2167776,58,1,0,1
201104,58,1,1,0
4245928,58,1,1,0
6299400,58,1,0,1
1133504,58,1,1,0
3906088,58,1,0,1
1697744,58,1,1,0
329160,58,1,0,1
1241432,58,1,1,0
6718680,58,1,0,1
616488,58,1,0,1
3078504,58,1,1,0
1346216,58,1,0,1
1181264,58,1,1,0
867536,58,1,0,1
1151496,58,1,1,0
3225736,58,1,0,1
635968,58,1,1,0
2261768,58,1,0,1
4298288,58,1,0,1
469920,58,1,1,0
7166088,58,1,1,0
650256,58,1,1,0
3705048,58,1,1,0
709936,58,1,0,1
5086688,58,1,0,1
5162504,58,1,0,1
4599400,58,1,1,0
2112584,58,1,1,0
290800,58,1,0,1
6718296,58,1,0,1
3278592,58,1,1,0
1290632,58,1,0,1
588864,58,1,0,1
6072528,58,1,0,1
8174264,58,1,1,0
4586224,58,1,1,0
2525280,58,1,0,1
4310464,58,1,0,1
7047056,58,1,0,1
256504,58,1,1,0
3615904,58,1,0,1
7046248,58,1,1,0
553008,58,1,1,0
120488,58,1,0,1
1561504,58,1,1,0
382960,58,1,1,0
3681176,58,1,0,1
2479880,58,1,0,1
3447776,58,1,1,0
2303840,58,1,0,1
2536224,58,1,0,1
4890416,58,1,0,1
6336416,58,1,1,0
600728,58,1,1,0
5072296,58,1,0,1
970960,58,1,0,1
1735944,58,1,0,1
2017736,58,1,1,0
906760,58,1,0,1
1746256,58,1,0,1
902016,58,1,1,0
6615520,58,1,1,0
5902488,58,1,0,1
619672,58,1,1,0
3232224,58,1,1,0
6109264,58,1,0,1
1299584,58,1,1,0
4348592,58,1,1,0
2382328,58,1,1,0
999208,58,1,1,0
7116528,58,1,1,0
4415592,58,1,1,0
727808,58,1,0,1
1172656,58,1,1,0
4771904,58,1,0,1
1627984,58,1,0,1
3661992,58,1,0,1
869240,58,1,1,0
5002640,58,1,0,1
1515264,58,1,0,1
3482744,58,1,0,1
1443992,58,1,1,0
125736,58,1,0,1
4221376,58,1,1,0
3450584,58,1,0,1
5299656,58,1,1,0
2198896,58,1,1,0
597864,58,1,1,0
5016472,58,1,0,1
849336,58,1,0,1
4445920,58,1,1,0
2976544,58,1,1,0
3350560,58,1,1,0
5123128,58,1,1,0
501584,58,1,0,1
2737296,58,1,0,1
4006944,58,1,0,1
4750624,58,1,1,0
3020104,58,1,0,1
7524144,58,1,0,1
3478104,58,1,1,0
523088,58,1,1,0
6872896,58,1,0,1
4347536,58,1,0,1
4421560,58,1,0,1
3041472,58,1,1,0
1068224,58,1,0,1
693744,58,1,0,1
1900424,58,1,0,1
1040440,58,1,1,0
4247872,58,1,0,1
1443440,58,1,0,1
1975816,58,1,1,0
3177752,58,1,0,1
272736,58,1,0,1
2551240,58,1,1,0
2807512,58,1,1,0
546768,58,1,1,0
6873432,58,1,0,1
430144,58,1,1,0
3456152,58,1,1,0
6957856,58,1,1,0
5019096,58,1,0,1
4467968,58,1,1,0
7370344,58,1,1,0
3200496,58,1,0,1
1831224,58,1,1,0
1080488,58,1,0,1
149464,58,1,1,0
1328096,58,1,1,0
4626040,58,1,1,0
1213648,58,1,0,1
1213944,58,1,1,0
5737720,58,1,1,0
2944768,58,1,0,1
1537984,58,1,0,1
6714296,58,1,1,0
3552128,58,1,0,1
1774704,58,1,0,1
312560,58,1,1,0
378432,58,1,1,0
484088,58,1,1,0
5433032,58,1,1,0
7010544,58,1,0,1
1533544,58,1,0,1
4630048,58,1,1,0
2028832,58,1,1,0
725384,58,1,1,0
820400,58,1,0,1
225336,58,1,1,0
2309472,58,1,0,1
1498640,58,1,0,1
303936,58,1,0,1
468352,58,1,1,0
499040,58,1,1,0
1446520,58,1,1,0
496832,58,1,0,1
1970648,58,1,0,1
7428040,58,1,1,0
2779712,58,1,1,0
3625304,58,1,0,1
1747112,58,1,1,0
593272,58,1,1,0
6602008,58,1,0,1
6515936,58,1,1,0
6108416,58,1,0,1
996280,58,1,0,1
146288,58,1,0,1
1899384,58,1,1,0
4857808,58,1,0,1
8206184,58,1,0,1
622952,58,1,0,1
5753184,58,1,1,0
6446560,58,1,0,1
3033200,58,1,0,1
4527192,58,1,1,0
583440,58,1,0,1
1269280,58,1,1,0
526312,58,1,1,0
2304072,58,1,0,1
3046600,58,1,0,1
3164904,58,1,0,1
5749264,58,1,1,0
546336,58,1,1,0
3684240,58,1,1,0
536280,58,1,0,1
1712176,58,1,0,1
4287584,58,1,1,0
758920,58,1,0,1
1787808,58,1,1,0
4295064,58,1,0,1
4951832,58,1,0,1
1548864,58,1,0,1
1247136,58,1,1,0
6474680,58,1,1,0
7222256,58,1,1,0
6744792,58,1,1,0
509840,58,1,1,0
987352,58,1,1,0
1605624,58,1,1,0
1882592,58,1,1,0
5654680,58,1,0,1
3348304,58,1,1,0
2472264,58,1,0,1
1029472,58,1,1,0
718432,58,1,0,1
3141520,58,1,0,1
1762032,58,1,1,0
7856792,58,1,1,0
5353312,58,1,1,0
410192,58,1,0,1
6422480,58,1,1,0
8353672,58,1,0,1
7460992,58,1,1,0
282904,58,1,1,0
418936,58,1,1,0
2774576,58,1,1,0
6232384,58,1,1,0
639000,58,1,1,0
6239440,58,1,1,0
4484720,58,1,1,0
542024,58,1,0,1
2225744,58,1,0,1
3756608,58,1,0,1
1242440,58,1,0,1
314936,58,1,1,0
3764184,58,1,0,1
2586992,58,1,0,1
7061704,58,1,1,0
4959496,58,1,0,1
3396976,58,1,0,1
5880352,58,1,0,1
3232352,58,1,1,0
5795640,58,1,0,1
6324960,58,1,0,1
7292232,58,1,1,0
740320,58,1,0,1
3035216,58,1,1,0
1535352,58,1,0,1
979776,58,1,1,0
4290392,58,1,1,0
938568,58,1,1,0
1635392,58,1,0,1
8023032,58,1,0,1
7117136,58,1,0,1
2944168,58,1,1,0
7907280,58,1,1,0
3465608,58,1,1,0
2068208,58,1,1,0
1991088,58,1,0,1
1108056,58,1,0,1
8028744,58,1,0,1
3954112,58,1,1,0
7305472,58,1,1,0
7085416,58,1,0,1
2129800,58,1,0,1
618680,58,1,1,0
3530872,58,1,1,0
4197688,58,1,1,0
3392592,58,1,1,0
3329944,58,1,1,0
1748320,58,1,0,1
2867168,58,1,0,1
1642936,58,1,0,1
2151472,58,1,1,0
3981232,58,1,1,0
3972536,58,1,0,1
955752,58,1,1,0
6154336,58,1,0,1
7005504,58,1,1,0
4195544,58,1,0,1
5927216,58,1,1,0
944072,58,1,1,0
7935632,58,1,1,0
2078168,58,1,0,1
261064,58,1,0,1
3077288,58,1,0,1
4846624,58,1,1,0
4899464,58,1,0,1
1705264,58,1,1,0
1004064,58,1,0,1
2999576,58,1,1,0
8023384,58,1,1,0
6509696,58,1,0,1
796640,58,1,1,0
527664,58,1,1,0
5888576,58,1,1,0
3209416,58,1,0,1
5514568,58,1,0,1
3116112,58,1,1,0
482904,58,1,0,1
390584,58,1,1,0
7740432,58,1,0,1
2141488,58,1,1,0
5827752,58,1,0,1
434664,58,1,1,0
3334672,58,1,0,1
6093136,58,1,0,1
805760,58,1,0,1
407376,58,1,1,0
2047112,58,1,1,0
4829608,58,1,0,1
1075368,58,1,1,0
3941232,58,1,0,1
7593208,58,1,0,1
1739992,58,1,0,1
158240,58,1,1,0
370648,58,1,1,0
4982272,58,1,1,0
485928,58,1,1,0
6361272,58,1,1,0
314136,58,1,1,0
617296,58,1,1,0
6404544,58,1,0,1
1788008,58,1,0,1
2058152,58,1,0,1
1783640,58,1,1,0
6077224,58,1,1,0
761608,58,1,0,1
551168,58,1,1,0
1375584,58,1,1,0
1170024,58,1,1,0
5178592,58,1,1,0
1486440,58,1,0,1
3488224,58,1,1,0
8223488,58,1,1,0
4887728,58,1,0,1
2742024,58,1,0,1
322104,58,1,0,1
3134536,58,1,1,0
3868144,58,1,0,1
82552,58,1,1,0
2148928,58,1,0,1
4730848,58,1,1,0
4950664,58,1,0,1
1407240,58,1,1,0
509248,58,1,0,1
6566488,58,1,0,1
3869408,58,1,0,1
859512,58,1,1,0
802904,58,1,0,1
8140368,58,1,1,0
380056,58,1,0,1
2143936,58,1,1,0
2829632,58,1,1,0
3015232,58,1,0,1
3445872,58,1,0,1
1350056,58,1,0,1
4744904,58,1,0,1
1255056,58,1,1,0
231104,58,1,0,1
1582880,58,1,0,1
5403840,58,1,0,1
827984,58,1,1,0
7471152,58,1,0,1
6535104,58,1,1,0
1276528,58,1,1,0
2068216,58,1,1,0
6379136,58,1,1,0
6530912,58,1,0,1
2011560,58,1,0,1
5421392,58,1,0,1
7903360,58,1,0,1
1303088,58,1,1,0
1411872,58,1,0,1
6136896,58,1,1,0
463664,58,1,1,0
171704,58,1,1,0
2659728,58,1,1,0
7503952,58,1,1,0
642000,58,1,1,0
1079296,58,1,0,1
721424,58,1,1,0
2691904,58,1,0,1
2713872,58,1,0,1
656624,58,1,0,1
3284560,58,1,1,0
1309008,58,1,0,1
2744744,58,1,1,0
7891272,58,1,0,1
1280008,58,1,1,0
2117096,58,1,1,0
385432,58,1,0,1
1393264,58,1,1,0
1520984,58,1,0,1
2502960,58,1,0,1
3157800,58,1,1,0
4011880,58,1,0,1
746448,58,1,1,0
5128240,58,1,1,0
2258688,58,1,1,0
1535816,58,1,1,0
4447600,58,1,1,0
3488264,58,1,1,0
5133392,58,1,1,0
8156880,58,1,1,0
1550712,58,1,0,1
5608416,58,1,0,1
613896,58,1,1,0
699600,58,1,1,0
7489568,58,1,1,0
1083224,58,1,1,0
4331888,58,1,0,1
1329264,58,1,0,1
2759424,58,1,1,0
5528896,58,1,1,0
1169632,58,1,0,1
6022104,58,1,1,0
1526256,58,1,0,1
3729456,58,1,0,1
3464032,58,1,1,0
2094976,58,1,1,0
424856,58,1,0,1
692672,58,1,0,1
5260384,58,1,1,0
1280536,58,1,0,1
3972888,58,1,1,0
6298320,58,1,0,1
2424408,58,1,1,0
1137488,58,1,1,0
3349192,58,1,0,1
6469008,58,1,1,0
2363272,58,1,1,0
1134096,58,1,1,0
1717240,58,1,1,0
2330024,58,1,0,1
360912,58,1,0,1
1441560,58,1,0,1
1011208,58,1,0,1
433392,58,1,1,0
7970288,58,1,0,1
2259112,58,1,1,0
1950240,58,1,1,0
2929152,58,1,1,0
118504,58,1,0,1
2088760,58,1,1,0
6817656,58,1,1,0
1829744,58,1,0,1
6164648,58,1,0,1
7572768,58,1,0,1
6932208,58,1,0,1
4480832,58,1,1,0
2671168,58,1,0,1
284832,58,1,1,0
1176080,58,1,0,1
290984,58,1,1,0
4043200,58,1,0,1
762296,58,1,0,1
1070008,58,1,0,1
5445456,58,1,0,1
5300336,58,1,1,0
3205592,58,1,0,1
3227624,58,1,0,1
6426928,58,1,1,0
8184072,59,1,1,0
1527496,59,1,1,0
580080,59,1,1,0
4046136,59,1,1,0
2439144,59,1,0,1
5604672,59,1,0,1
8224768,59,1,0,1
7570808,59,1,0,1
1732976,59,1,1,0
765344,59,1,1,0
4066120,59,1,0,1
209720,59,1,1,0
1789008,59,1,1,0
1819664,59,1,0,1
7501312,59,1,0,1
6973032,59,1,1,0
2133240,59,1,0,1
1213664,59,1,1,0
2719896,59,1,0,1
543376,59,1,1,0
5115336,59,1,1,0
1570592,59,1,1,0
8370232,59,1,0,1
438080,59,1,0,1
2069832,59,1,0,1
1702144,59,1,1,0
811608,59,1,1,0
4464648,59,1,0,1
1604840,59,1,1,0
3509160,59,1,1,0
2155104,59,1,1,0
3180248,59,1,1,0
1513272,59,1,0,1
7543592,59,1,1,0
652152,59,1,1,0
1692072,59,1,1,0
5620408,59,1,0,1
2589384,59,1,0,1
1705552,59,1,1,0
5912544,59,1,1,0
910672,59,1,0,1
3856536,59,1,0,1
816736,59,1,1,0
3343552,59,1,1,0
5714088,59,1,0,1
6946912,59,1,1,0
1773656,59,1,0,1
1782120,59,1,0,1
1432720,59,1,0,1
2042568,59,1,0,1
3382648,59,1,0,1
1279800,59,1,1,0
1357720,59,1,1,0
2312744,59,1,0,1
526216,59,1,0,1
2432480,59,1,0,1
947736,59,1,0,1
6031664,59,1,1,0
956624,59,1,0,1
1706984,59,1,1,0
3289312,59,1,1,0
6731968,59,1,1,0
6294248,59,1,1,0
6997048,59,1,0,1
6221352,59,1,1,0
2661352,59,1,0,1
5556008,59,1,1,0
1463856,59,1,0,1
2057776,59,1,0,1
2851880,59,1,1,0
1350352,59,1,0,1
484744,59,1,1,0
2338640,59,1,1,0
863824,59,1,1,0
1776280,59,1,0,1
3080712,59,1,1,0
6189112,59,1,1,0
2813560,59,1,0,1
706128,59,1,1,0
2917624,59,1,0,1
1721544,59,1,0,1
1711560,59,1,0,1
742664,59,1,0,1
5531728,59,1,0,1
1132304,59,1,0,1
2875736,59,1,0,1
244304,59,1,1,0
2917216,59,1,0,1
1963464,59,1,0,1
6471448,59,1,1,0
5704328,59,1,0,1
1462872,59,1,0,1
1690480,59,1,0,1
5803424,59,1,1,0
3220216,59,1,0,1
2658608,59,1,0,1
2088848,59,1,1,0
3785128,59,1,0,1
2975112,59,1,1,0
6892880,59,1,0,1
3472376,59,1,1,0
7566960,59,1,1,0
1011680,59,1,1,0
5627256,59,1,0,1
2243072,59,1,0,1
4518384,59,1,0,1
1515792,59,1,0,1
3150424,59,1,1,0
6896808,59,1,0,1
457864,59,1,0,1
7514336,59,1,1,0
535408,59,1,1,0
4325280,59,1,1,0
8041256,59,1,1,0
1082912,59,1,1,0
6385672,59,1,1,0
306840,59,1,0,1
641248,59,1,1,0
146008,59,1,1,0
1485320,59,1,1,0
254760,59,1,1,0
3719640,59,1,1,0
5229952,59,1,0,1
4096464,59,1,0,1
2815312,59,1,0,1
4685560,59,1,1,0
8352472,59,1,1,0
7548968,59,1,1,0
1065096,59,1,0,1
3812336,59,1,0,1
4468456,59,1,0,1
2389296,59,1,1,0
1446352,59,1,1,0
639576,59,1,1,0
684040,59,1,0,1
4303432,59,1,0,1
429136,59,1,1,0
5054536,59,1,1,0
911368,59,1,0,1
1774832,59,1,0,1
821800,59,1,0,1
766968,59,1,0,1
6298272,59,1,0,1
1261496,59,1,0,1
4892168,59,1,1,0
681816,59,1,1,0
3605760,59,1,1,0
2395520,59,1,0,1
1597064,59,1,0,1
5635560,59,1,1,0
5173328,59,1,1,0
6689728,59,1,0,1
7186792,59,1,1,0
8146088,59,1,0,1
2025728,59,1,1,0
955832,59,1,1,0
5446112,59,1,0,1
147224,59,1,1,0
942736,59,1,1,0
5363264,59,1,1,0
4666992,59,1,1,0
7074992,59,1,1,0
1336672,59,1,0,1
3094320,59,1,1,0
4327392,59,1,1,0
5688912,59,1,0,1
7470640,59,1,0,1
4401472,59,1,1,0
249880,59,1,0,1
8209208,59,1,0,1
1580424,59,1,1,0
738104,59,1,0,1
928224,59,1,1,0
2683976,59,1,1,0
645488,59,1,1,0
2275432,59,1,0,1
6519384,59,1,0,1
4861912,59,1,1,0
2626560,59,1,0,1
7175856,59,1,1,0
320768,59,1,0,1
4032128,59,1,1,0
5072104,59,1,1,0
5046896,59,1,0,1
2707584,59,1,1,0
6079160,59,1,0,1
7966192,59,1,0,1
286544,59,1,1,0
1164400,59,1,1,0
2201296,59,1,1,0
2259088,59,1,1,0
3876080,59,1,0,1
1021432,59,1,1,0
7762392,59,1,1,0
2875600,59,1,0,1
2924016,59,1,0,1
1919168,59,1,0,1
389680,59,1,1,0
1158992,59,1,0,1
1153720,59,1,1,0
2777000,59,1,0,1
1242008,59,1,1,0
223120,59,1,1,0
6645120,59,1,0,1
5010936,59,1,1,0
3065304,59,1,0,1
5677656,59,1,1,0
4008048,59,1,0,1
3533992,59,1,1,0
5166168,59,1,0,1
4056304,59,1,0,1
808768,59,1,1,0
3065224,59,1,0,1
2149312,59,1,0,1
5193792,59,1,0,1
4214032,59,1,1,0
746584,59,1,1,0
445664,59,1,1,0
274792,59,1,0,1
1791040,59,1,0,1
726752,59,1,1,0
223192,59,1,0,1
7994016,59,1,1,0
5071400,59,1,1,0
2940640,59,1,1,0
2748120,59,1,1,0
7761280,59,1,1,0
1063856,59,1,1,0
5186896,59,1,0,1
3043240,59,1,1,0
1507936,59,1,0,1
3626104,59,1,1,0
2128368,59,1,1,0
1303336,59,1,1,0
5981072,59,1,1,0
888160,59,1,1,0
7353272,59,1,0,1
3000464,59,1,0,1
684384,59,1,1,0
2199712,59,1,1,0
388544,59,1,1,0
4397624,59,1,1,0
6559048,59,1,0,1
942528,59,1,0,1
1294312,59,1,1,0
1994040,59,1,1,0
174040,59,1,1,0
5531024,59,1,1,0
3030760,59,1,0,1
770816,59,1,0,1
1713464,59,1,1,0
5887104,59,1,0,1
6019160,59,1,1,0
596584,59,1,0,1
102008,59,1,0,1
1823248,59,1,1,0
2987904,59,1,0,1
925992,59,1,0,1
533088,59,1,0,1
1860256,59,1,1,0
8283880,59,1,0,1
7438976,59,1,0,1
4600984,59,1,1,0
419064,59,1,1,0
3286336,59,1,1,0
764056,59,1,0,1
5613592,59,1,0,1
1568760,59,1,1,0
446304,59,1,1,0
439440,59,1,1,0
8067056,59,1,0,1
5249496,59,1,1,0
7243392,59,1,0,1
3574744,59,1,1,0
986208,59,1,1,0
336304,59,1,0,1
638512,59,1,0,1
4644928,59,1,1,0
988480,59,1,1,0
7830480,59,1,0,1
296544,59,1,0,1
3547640,59,1,1,0
6030048,59,1,1,0
2664536,59,1,0,1
4974784,59,1,1,0
4639432,59,1,1,0
2822960,59,1,1,0
5964592,59,1,1,0
1382664,59,1,0,1
1359000,59,1,1,0
3861424,59,1,0,1
7653520,59,1,0,1
4820400,59,1,1,0
3274160,59,1,0,1
3068256,59,1,0,1
3945856,59,1,1,0
4447576,59,1,0,1
548368,59,1,1,0
1642032,59,1,0,1
3579576,59,1,0,1
4602040,59,1,1,0
3219120,59,1,0,1
1346896,59,1,1,0
4953176,59,1,0,1
3488840,59,1,0,1
3459776,59,1,0,1
444168,59,1,0,1
2629304,59,1,0,1
776792,59,1,0,1
937424,59,1,1,0
755512,59,1,0,1
2249592,59,1,0,1
152792,59,1,1,0
7829768,59,1,0,1
1695904,59,1,0,1
2816904,59,1,0,1
948312,59,1,1,0
1086080,59,1,0,1
5269576,59,1,1,0
6751928,59,1,0,1
746968,59,1,0,1
5123008,59,1,0,1
331136,59,1,1,0
2912824,59,1,1,0
199472,59,1,0,1
816360,59,1,1,0
1397296,59,1,0,1
5515544,59,1,0,1
372400,59,1,1,0
4707536,59,1,1,0
1553624,59,1,1,0
429168,59,1,1,0
2342696,59,1,1,0
5954272,59,1,0,1
2906456,59,1,1,0
273784,59,1,0,1
4918400,59,1,1,0
1613728,59,1,0,1
436368,59,1,1,0
3595656,59,1,0,1
7315464,59,1,0,1
8145184,59,1,0,1
5895256,59,1,1,0
209408,59,1,1,0
8185736,59,1,0,1
906600,59,1,0,1
1769552,59,1,1,0
2282272,59,1,1,0
1941616,59,1,1,0
177296,59,1,1,0
7628248,59,1,0,1
968080,59,1,0,1
1593304,59,1,0,1
380288,59,1,1,0
8003032,59,1,0,1
2664056,59,1,1,0
346704,59,1,0,1
8044248,59,1,1,0
138304,59,1,0,1
822136,59,1,0,1
1639864,59,1,1,0
7113608,59,1,1,0
2086144,59,1,0,1
4245568,59,1,0,1
1423424,59,1,1,0
230248,59,1,1,0
1190320,59,1,1,0
2495752,59,1,0,1
1421648,59,1,0,1
3627184,59,1,0,1
289208,59,1,0,1
7587808,59,1,1,0
4511424,59,1,0,1
654512,59,1,1,0
1863768,59,1,0,1
5575616,59,1,1,0
2410144,59,1,1,0
1553288,59,1,1,0
499856,59,1,1,0
1923040,59,1,1,0
1332320,59,1,0,1
2628120,59,1,1,0
856968,59,1,0,1
3592112,59,1,0,1
3626432,59,1,1,0
3236056,59,1,1,0
2725704,59,1,1,0
4671648,59,1,1,0
2868328,59,1,0,1
5802464,59,1,1,0
1420856,59,1,0,1
1366944,59,1,0,1
588792,59,1,1,0
3756080,59,1,0,1
7424384,59,1,0,1
683968,59,1,1,0
8231464,59,1,0,1
1353552,59,1,1,0
3215856,59,1,1,0
598200,59,1,0,1
4163288,59,1,0,1
291848,59,1,1,0
2142496,59,1,0,1
2367976,59,1,0,1
669128,59,1,0,1
1088296,59,1,0,1
2642392,59,1,1,0
4622832,59,1,1,0
8109864,59,1,0,1
709712,59,1,0,1
707312,59,1,0,1
7889312,59,1,1,0
230200,59,1,0,1
488440,59,1,0,1
5501944,59,1,1,0
5852216,59,1,1,0
3748840,59,1,0,1
7756656,59,1,0,1
5025616,59,1,0,1
3412384,59,1,1,0
1089936,59,1,0,1
1404024,59,1,1,0
6695608,59,1,0,1
1326064,59,1,0,1
538872,59,1,0,1
2323328,59,1,0,1
5602576,59,1,0,1
2964032,59,1,1,0
5397568,59,1,0,1
388064,59,1,0,1
3587064,59,1,0,1
449352,59,1,1,0
3674688,59,1,1,0
417808,59,1,1,0
5409128,59,1,1,0
3939072,59,1,1,0
2035448,59,1,0,1
4481360,59,1,0,1
7757392,59,1,1,0
3132944,59,1,0,1
3847848,59,1,0,1
4681416,59,1,1,0
3727592,59,1,1,0
7765656,59,1,0,1
1075656,59,1,1,0
807032,59,1,0,1
518384,59,1,0,1
1911256,59,1,0,1
2275080,59,1,1,0
1895008,59,1,0,1
1332808,59,1,1,0
3088112,59,1,1,0
1134912,59,1,0,1
129048,59,1,0,1
4046592,59,1,0,1
631680,59,1,0,1
3528400,59,1,0,1
416808,59,1,0,1
355664,59,1,0,1
1119672,59,1,0,1
6501104,59,1,1,0
3511088,59,1,0,1
644984,59,1,1,0
1042408,59,1,0,1
2292736,59,1,0,1
377936,59,1,0,1
1650800,59,1,1,0
901536,59,1,0,1
4185648,59,1,0,1
4777864,59,1,0,1
1064456,59,1,0,1
1648648,59,1,1,0
4018312,59,1,1,0
3898984,59,1,0,1
3324144,59,1,0,1
1971448,59,1,0,1
894912,59,1,0,1
1715704,59,1,0,1
1928976,59,1,1,0
2421352,59,1,0,1
392984,59,1,0,1
1348768,59,1,0,1
107712,59,1,1,0
6544176,59,1,0,1
3396128,59,1,0,1
954400,59,1,1,0
1589488,59,1,1,0
1007688,59,1,0,1
1751648,59,1,0,1
2191176,59,1,1,0
1263016,59,1,0,1
340768,59,1,0,1
1758512,59,1,0,1
727824,59,1,1,0
3632904,59,1,1,0
5113328,59,1,0,1
834552,59,1,0,1
5066720,59,1,1,0
3735344,59,1,1,0
2890496,59,1,0,1
2284456,59,1,0,1
419688,59,1,1,0
567904,59,1,1,0
1103800,59,1,0,1
1368520,59,1,0,1
6111528,59,1,1,0
1987384,59,1,1,0
5000016,59,1,1,0
2316744,59,1,0,1
1395120,59,1,1,0
1547848,59,1,0,1
5592912,59,1,0,1
4556216,59,1,1,0
304248,59,1,1,0
3016848,59,1,1,0
1320728,59,1,0,1
558128,59,1,1,0
674288,59,1,1,0
1859368,59,1,1,0
1330984,59,1,0,1
2636624,59,1,0,1
1266096,59,1,1,0
1385608,59,1,0,1
7128936,59,1,1,0
1045520,59,1,0,1
6431240,59,1,0,1
2150968,59,1,0,1
1072712,59,1,0,1
5638160,59,1,1,0
223416,59,1,0,1
244080,59,1,0,1
699664,59,1,0,1
561136,59,1,1,0
1884200,59,1,0,1
1274864,59,1,1,0
4668912,59,1,1,0
5930304,59,1,0,1
1081512,59,1,0,1
4494688,59,1,0,1
2350128,59,1,0,1
961656,59,1,0,1
3434136,59,1,0,1
932544,59,1,0,1
5171224,59,1,1,0
369472,59,1,0,1
1038584,59,1,1,0
7564248,59,1,0,1
4496216,59,1,1,0
1796368,59,1,1,0
3750808,59,1,0,1
1375056,59,1,0,1
2111912,59,1,0,1
1036736,59,1,1,0
4774960,59,1,1,0
6437600,59,1,0,1
5922408,59,1,1,0
584632,59,1,1,0
919136,59,1,0,1
491800,59,1,0,1
518168,59,1,0,1
2056888,59,1,1,0
1909864,59,1,0,1
473856,59,1,1,0
1341368,59,1,0,1
3237304,59,1,0,1
1713432,59,1,1,0
1231248,59,1,1,0
7352824,59,1,0,1
2147168,59,1,0,1
4796800,59,1,0,1
4263520,59,1,0,1
869680,59,1,1,0
4050656,59,1,0,1
3084520,59,1,1,0
1128728,59,1,0,1
1964464,59,1,1,0
87352,59,1,0,1
1879408,59,1,1,0
317296,59,1,1,0
5400928,59,1,1,0
3297304,59,1,1,0
1836960,59,1,1,0
4256896,59,1,1,0
6320280,59,1,1,0
2714512,59,1,0,1
1871216,59,1,1,0
720584,59,1,1,0
4169720,59,1,0,1
788120,59,1,1,0
4416344,59,1,0,1
2483552,59,1,0,1
1763312,59,1,1,0
1922176,59,1,1,0
494032,59,1,0,1
6255856,59,1,0,1
601912,59,1,0,1
2405056,59,1,1,0
3006112,59,1,0,1
322744,59,1,1,0
1965232,59,1,1,0
6156312,59,1,0,1
1246520,59,1,1,0
2563152,59,1,0,1
1191536,59,1,0,1
2948336,59,1,1,0
3048872,59,1,1,0
4116912,59,1,0,1
2466216,59,1,1,0
2223440,59,1,0,1
927352,59,1,0,1
396704,59,1,1,0
6003584,59,1,1,0
3618704,59,1,1,0
6992504,59,1,0,1
266288,59,1,1,0
4727280,59,1,0,1
1131640,59,1,0,1
3986448,59,1,0,1
869224,59,1,1,0
934368,59,1,1,0
4793344,59,1,0,1
7775160,59,1,0,1
2078952,59,1,1,0
5609408,59,1,1,0
209608,59,1,0,1
560048,59,1,1,0
1569656,59,1,0,1
277560,59,1,0,1
1225856,59,1,1,0
454240,59,1,0,1
3399760,59,1,1,0
7186824,59,1,1,0
3656120,59,1,0,1
410600,59,1,0,1
1175776,59,1,1,0
1369192,59,1,1,0
7677472,59,1,1,0
2071440,59,1,0,1
1072352,59,1,0,1
2790008,59,1,1,0
6456792,59,1,1,0
3314976,59,1,0,1
1109352,59,1,0,1
3938584,59,1,0,1
1131816,59,1,1,0
7211648,59,1,0,1
1811448,59,1,1,0
4606688,59,1,1,0
342344,59,1,0,1
4977440,59,1,1,0
900016,59,1,1,0
3229160,59,1,0,1
4840888,59,1,1,0
380496,59,1,1,0
269872,59,1,1,0
6331592,59,1,0,1
6407992,59,1,1,0
3488976,59,1,0,1
490480,59,1,0,1
1241856,59,1,1,0
1062864,59,1,0,1
5684208,59,1,0,1
862104,59,1,1,0
3880240,59,1,0,1
698568,59,1,0,1
1214728,59,1,0,1
1931968,59,1,1,0
1532248,59,1,1,0
4395040,59,1,0,1
7500992,59,1,0,1
2920152,59,1,0,1
705968,59,1,0,1
7299488,59,1,0,1
452800,59,1,0,1
1762248,59,1,0,1
4167768,59,1,0,1
1659896,59,1,0,1
589080,59,1,1,0
712848,59,1,0,1
4182656,59,1,1,0
5145544,59,1,1,0
175768,59,1,0,1
7315120,59,1,1,0
366768,59,1,1,0
3865264,59,1,1,0
1044336,59,1,0,1
7343528,59,1,0,1
1766280,59,1,0,1
2254640,59,1,1,0
1570968,59,1,1,0
449072,59,1,0,1
863576,59,1,0,1
7010328,59,1,1,0
939584,59,1,0,1
3052832,59,1,0,1
453424,59,1,0,1
286312,59,1,1,0
970272,59,1,1,0
6492936,59,1,0,1
4729872,59,1,1,0
1539728,59,1,0,1
1761432,59,1,0,1
7220440,59,1,1,0
8252960,59,1,1,0
967840,59,1,1,0
151104,59,1,0,1
1718904,59,1,0,1
4138160,59,1,1,0
1559408,59,1,0,1
5776752,59,1,1,0
410400,59,1,0,1
1928320,59,1,1,0
1089608,59,1,0,1
2973160,59,1,1,0
794464,59,1,1,0
6925944,59,1,0,1
1755832,59,1,1,0
3017856,59,1,0,1
3932128,59,1,1,0
310832,59,1,0,1
1662112,59,1,1,0
1396376,59,1,0,1
1783176,59,1,0,1
1834152,59,1,0,1
382432,59,1,0,1
335664,59,1,0,1
194040,59,1,0,1
7971704,59,1,0,1
2480256,59,1,1,0
4787584,59,1,1,0
1735216,59,1,1,0
3659496,59,1,1,0
3245568,59,1,0,1
6812136,59,1,0,1
5612440,59,1,0,1
8072224,59,1,1,0
4349088,59,1,1,0
5576808,59,1,1,0
1485560,59,1,1,0
4602816,59,1,1,0
129328,59,1,1,0
2289944,59,1,0,1
669312,59,1,0,1
7553176,59,1,0,1
4173976,59,1,1,0
917312,59,1,1,0
2052592,59,1,1,0
519936,59,1,0,1
3558056,59,1,0,1
2976440,59,1,1,0
392144,59,1,1,0
2593320,59,1,1,0
5376648,59,1,1,0
3386864,59,1,0,1
4633136,59,1,0,1
8375016,59,1,1,0
302640,59,1,1,0
606144,59,1,1,0
1158376,59,1,0,1
7832296,59,1,1,0
671712,59,1,1,0
3065208,59,1,0,1
8112944,59,1,1,0
878344,59,1,1,0
4178072,59,1,1,0
3098456,59,1,0,1
7249360,59,1,0,1
1227592,59,1,0,1
5016224,59,1,1,0
863872,59,1,0,1
8197984,59,1,1,0
443736,59,1,1,0
487400,59,1,0,1
428520,59,1,0,1
3544248,59,1,0,1
1558376,59,1,1,0
5246880,59,1,0,1
648232,59,1,1,0
4704512,59,1,1,0
5520728,59,1,0,1
5633080,59,1,1,0
5495136,59,1,0,1
2323192,59,1,0,1
1051992,59,1,1,0
3203544,59,1,0,1
5422888,59,1,1,0
1484096,59,1,0,1
4121720,59,1,0,1
1607296,59,1,1,0
643688,59,1,1,0
1479904,59,1,0,1
765200,59,1,1,0
326432,59,1,0,1
534168,59,1,1,0
1093456,59,1,0,1
3807256,59,1,1,0
624760,59,1,0,1
1991280,59,1,0,1
7059448,59,1,1,0
2177880,59,1,1,0
235984,59,1,1,0
7425992,59,1,1,0
1573584,59,1,1,0
198264,59,1,1,0
7098632,59,1,1,0
113832,59,1,1,0
7026264,59,1,1,0
4523648,59,1,1,0
4427960,59,1,0,1
209536,59,1,1,0
8153432,59,1,0,1
558920,59,1,1,0
351328,59,1,1,0
1623424,59,1,1,0
3832392,59,1,0,1
425032,59,1,0,1
4814800,59,1,0,1
3050784,59,1,0,1
6668296,59,1,0,1
1353184,59,1,0,1
3863632,59,1,0,1
302440,59,1,1,0
4024816,59,1,1,0
6113592,59,1,1,0
3031112,59,1,1,0
6541256,59,1,1,0
8314920,59,1,1,0
2519432,59,1,0,1
2954824,59,1,1,0
1227544,59,1,1,0
276632,59,1,1,0
1162560,59,1,1,0
3369496,59,1,0,1
2013400,59,1,1,0
5822424,59,1,0,1
3388744,59,1,1,0
4766368,59,1,1,0
7149672,59,1,0,1
977464,59,1,0,1
5819536,59,1,0,1
3009368,59,1,1,0
532184,59,1,1,0
211304,59,1,0,1
4000416,59,1,1,0
1372472,59,1,1,0
1209928,59,1,0,1
3719376,59,1,1,0
2421824,59,1,1,0
776544,59,1,0,1
353960,59,1,0,1
7034280,59,1,0,1
812904,59,1,0,1
464544,59,1,1,0
1350448,59,1,1,0
231608,59,1,0,1
688960,59,1,1,0
203864,59,1,0,1
3911720,59,1,1,0
2740920,59,1,0,1
5828136,59,1,0,1
136224,59,1,0,1
7337760,59,1,1,0
1789408,59,1,1,0
333272,59,1,0,1
4831832,59,1,1,0
3339256,59,1,0,1
348112,59,1,1,0
416136,59,1,0,1
6168512,59,1,0,1
5788320,59,1,1,0
5349328,59,1,0,1
697960,59,1,0,1
436584,59,1,1,0
5786728,59,1,1,0
1539464,59,1,0,1
6934936,59,1,1,0
1646736,59,1,0,1
456408,59,1,1,0
6005304,59,1,0,1
3334488,59,1,0,1
6049488,59,1,1,0
624256,59,1,1,0
1767656,59,1,0,1
240816,59,1,1,0
107992,59,1,1,0
1558720,59,1,1,0
2556160,59,1,1,0
5455056,59,1,1,0
6450104,59,1,0,1
6337000,59,1,1,0
807168,59,1,0,1
398576,59,1,0,1
839632,59,1,0,1
198576,59,1,1,0
467456,59,1,1,0
2155136,59,1,0,1
8135032,59,1,1,0
2138480,59,1,1,0
990768,59,1,0,1
389872,59,1,1,0
2352704,59,1,0,1
4727888,59,1,1,0
5332992,59,1,1,0
6391656,59,1,0,1
6613600,59,1,0,1
6853856,59,1,1,0
2807728,59,1,0,1
5082872,59,1,0,1
7012744,59,1,1,0
98632,59,1,1,0
5540920,59,1,1,0
6615120,59,1,1,0
2087664,59,1,1,0
5036664,59,1,1,0
315984,59,1,0,1
107880,59,1,0,1
1148568,59,1,1,0
1769056,59,1,1,0
522704,59,1,0,1
514680,59,1,1,0
1407528,59,1,0,1
3136384,59,1,1,0
6352808,59,1,0,1
4930800,59,1,0,1
5309584,59,1,1,0
1868272,59,1,0,1
1837608,59,1,0,1
2747816,59,1,1,0
3109232,59,1,1,0
918824,59,1,0,1
192040,59,1,1,0
2306104,59,1,1,0
3750080,59,1,0,1
4038048,59,1,1,0
4784880,59,1,1,0
528984,59,1,1,0
4830344,59,1,1,0
2326264,59,1,0,1
3487048,59,1,1,0
7057832,59,1,0,1
3002872,59,1,0,1
6900992,59,1,1,0
2402496,59,1,1,0
6892600,59,1,0,1
807648,59,1,1,0
4314496,59,1,1,0
5786968,59,1,0,1
1365424,59,1,1,0
907824,59,1,0,1
5969160,59,1,1,0
1433936,59,1,0,1
533824,59,1,1,0
2129224,59,1,1,0
3495360,59,1,0,1
3280704,59,1,0,1
2758176,59,1,1,0
2794656,59,1,1,0
189296,59,1,1,0
8084000,59,1,1,0
916552,59,1,1,0
4566416,59,1,0,1
2142072,59,1,0,1
1498904,59,1,1,0
559088,59,1,1,0
6424824,59,1,0,1
1927248,59,1,0,1
765840,59,1,1,0
1088600,59,1,0,1
522552,59,1,0,1
759144,59,1,0,1
199096,59,1,0,1
1836816,59,1,1,0
4101800,59,1,1,0
2676840,59,1,1,0
114256,59,1,0,1
596472,59,1,1,0
6050304,59,1,0,1
917432,59,1,0,1
815896,59,1,1,0
1446984,59,1,1,0
257824,59,1,0,1
1639472,59,1,0,1
199776,59,1,1,0
6093680,59,1,1,0
648216,59,1,1,0
3737112,59,1,0,1
6810656,59,1,0,1
585728,59,1,0,1
4743640,59,1,0,1
1763368,59,1,1,0
438312,59,1,1,0
2461672,59,1,1,0
2986552,59,1,1,0
2742376,59,1,1,0
479392,59,1,1,0
759600,59,1,1,0
4122768,59,1,0,1
446792,59,1,1,0
856576,59,1,0,1
1688480,59,1,1,0
4718008,59,1,1,0
3984360,59,1,1,0
3604352,59,1,0,1
3068680,59,1,1,0
4259320,59,1,0,1
1321312,59,1,0,1
2050528,59,1,0,1
6218144,59,1,1,0
683840,59,1,1,0
5277184,59,1,1,0
3156104,59,1,1,0
1035520,59,1,1,0
3445528,59,1,1,0
657560,59,1,0,1
1837136,59,1,1,0
3725976,59,1,0,1
481016,59,1,1,0
680856,59,1,1,0
680816,59,1,0,1
482592,59,1,1,0
4485320,59,1,0,1
5073992,59,1,0,1
6339568,59,1,1,0
6188520,59,1,1,0
6606064,59,1,0,1
1500912,59,1,0,1
4362096,59,1,1,0
845176,59,1,1,0
7531152,59,1,0,1
5090096,59,1,0,1
756304,59,1,0,1
425984,59,1,0,1
2624632,59,1,1,0
5292672,59,1,0,1
5700880,59,1,0,1
4006072,59,1,1,0
5816432,59,1,1,0
1941400,59,1,1,0
4668296,59,1,1,0
729608,59,1,0,1
2062736,59,1,1,0
2208440,59,1,1,0
1722320,59,1,1,0
6243040,59,1,1,0
1722112,59,1,1,0
2554624,59,1,0,1
1707104,59,1,0,1
1459880,59,1,0,1
596776,59,1,0,1
5334256,59,1,0,1
538768,59,1,0,1
6540176,59,1,1,0
4159016,59,1,1,0
2455440,59,1,0,1
1076536,59,1,0,1
3974568,59,1,0,1
2872752,59,1,0,1
2858256,59,1,0,1
5473512,59,1,1,0
527008,59,1,0,1
423416,59,1,1,0
1372128,59,1,1,0
2914432,59,1,1,0
3846792,59,1,0,1
383376,59,1,1,0
3685472,59,1,1,0
1522488,59,1,0,1
1395096,59,1,1,0
2291544,59,1,0,1
1550392,59,1,1,0
6457192,59,1,0,1
2524232,59,1,1,0
5293984,59,1,1,0
3088320,59,1,1,0
2100088,59,1,1,0
6381872,59,1,1,0
1571504,59,1,0,1
2293560,59,1,1,0
5310608,59,1,0,1
2381664,59,1,0,1
3881688,59,1,1,0
2241760,59,1,1,0
2672856,59,1,0,1
5242184,59,1,1,0
1487424,59,1,0,1
6775512,59,1,0,1
867552,59,1,0,1
4010376,59,1,0,1
1765616,59,1,0,1
362440,59,1,0,1
219088,59,1,1,0
788184,59,1,1,0
2814224,59,1,0,1
6008336,59,1,1,0
448632,59,1,0,1
5067672,59,1,0,1
8352544,59,1,0,1
879184,59,1,1,0
5953048,59,1,0,1
1396448,59,1,0,1
838936,59,1,0,1
5209040,59,1,1,0
1507648,59,1,1,0
1445232,59,1,0,1
4914600,59,1,1,0
527264,59,1,1,0
661000,59,1,0,1
1389336,59,1,1,0
3205216,59,1,0,1
652520,59,1,1,0
2058376,59,1,1,0
5087136,59,1,1,0
2124136,59,1,1,0
145136,59,1,1,0
1663456,59,1,0,1
3324432,59,1,1,0
420232,59,1,0,1
1567576,59,1,1,0
3395968,59,1,0,1
1142352,59,1,1,0
309832,59,1,0,1
5112488,59,1,0,1
902888,59,1,0,1
610528,59,1,0,1
5453640,59,1,0,1
4602592,59,1,1,0
3096776,59,1,1,0
5203232,59,1,0,1
6968592,59,1,0,1
838128,59,1,0,1
1345688,59,1,0,1
8074896,59,1,0,1
285176,59,1,0,1
790832,59,1,1,0
6591904,59,1,0,1
4134824,59,1,1,0
3056840,59,1,1,0
1644808,59,1,0,1
6001624,59,1,1,0
2367712,59,1,1,0
664064,59,1,1,0
4765816,59,1,1,0
7948600,59,1,1,0
4681976,59,1,1,0
3766984,59,1,0,1
513392,59,1,1,0
2193416,59,1,0,1
841240,59,1,0,1
4962784,59,1,0,1
831480,59,1,0,1
946232,59,1,0,1
3452160,59,1,1,0
600664,59,1,0,1
652192,59,1,1,0
3026720,59,1,1,0
6723976,59,1,0,1
1154248,59,1,0,1
7770064,59,1,1,0
5093904,59,1,0,1
2026680,59,1,0,1
3909688,59,1,1,0
2001088,59,1,0,1
212488,59,1,0,1
236512,59,1,1,0
3405184,59,1,0,1
1787672,59,1,1,0
3026984,59,1,1,0
1784184,59,1,1,0
1177808,59,1,0,1
320568,59,1,1,0
629368,59,1,1,0
1430720,59,1,1,0
4559440,59,1,1,0
996168,59,1,0,1
1937608,59,1,0,1
1314592,59,1,0,1
768792,59,1,0,1
1106336,59,1,1,0
3057872,59,1,0,1
2993736,59,1,0,1
7582440,59,1,1,0
5814376,59,1,1,0
1635336,59,1,1,0
2832888,59,1,1,0
329752,59,1,0,1
1851064,59,1,1,0
1482096,59,1,1,0
5316912,59,1,0,1
8386728,59,1,1,0
3714272,59,1,1,0
455864,59,1,1,0
2644464,59,1,0,1
903936,59,1,1,0
4443136,59,1,1,0
1234488,59,1,0,1
4200000,59,1,1,0
646656,59,1,1,0
781176,59,1,1,0
672128,59,1,1,0
4652024,59,1,1,0
892120,59,1,1,0
625504,59,1,1,0
1974040,59,1,0,1
3431584,59,1,0,1
1286168,59,1,0,1
1678624,59,1,1,0
194760,59,1,0,1
656656,59,1,0,1
8078960,59,1,0,1
642384,59,1,1,0
1988456,59,1,1,0
7324184,59,1,0,1
6917840,59,1,0,1
4318912,59,1,1,0
2817384,59,1,1,0
2044040,59,1,0,1
346848,59,1,0,1
1609184,59,1,0,1
555496,59,1,1,0
5799848,59,1,1,0
3284280,59,1,1,0
7524080,59,1,0,1
1781952,59,1,1,0
3142680,59,1,0,1
124992,59,1,1,0
2122504,59,1,0,1
1900904,59,1,1,0
3472032,59,1,1,0
1604544,59,1,1,0
1948664,59,1,0,1
2859704,59,1,0,1
5838896,59,1,0,1
895320,59,1,0,1
6474280,59,1,0,1
3871120,59,1,1,0
4435496,59,1,0,1
1071488,59,1,0,1
4676208,59,1,0,1
332912,59,1,1,0
4194344,59,1,0,1
4924776,59,1,1,0
6729512,59,1,0,1
876536,59,1,1,0
4094600,59,1,1,0
778400,59,1,1,0
6360856,59,1,1,0
600752,59,1,1,0
2973088,59,1,0,1
4788416,59,1,0,1
4898712,59,1,0,1
1454104,59,1,0,1
841248,59,1,1,0
5838888,59,1,1,0
4173416,59,1,1,0
3170608,59,1,0,1
2956368,59,1,0,1
2039688,59,1,0,1
2268848,59,1,1,0
2288320,59,1,1,0
4487408,59,1,0,1
7427512,59,1,0,1
6121928,59,1,0,1
2564416,59,1,0,1
1514600,59,1,0,1
299760,59,1,0,1
2461288,59,1,0,1
2119664,59,1,0,1
888136,59,1,1,0
1282992,59,1,0,1
433704,59,1,1,0
5178424,59,1,1,0
3091920,59,1,0,1
975952,59,1,0,1
2280056,59,1,0,1
4841792,59,1,1,0
1273480,59,1,0,1
2095248,59,1,1,0
3433912,59,1,0,1
827928,59,1,1,0
1024920,59,1,1,0
1781984,59,1,1,0
6433088,59,1,0,1
1616824,59,1,1,0
362392,59,1,1,0
7686592,59,1,1,0
2178024,59,1,1,0
1038528,59,1,1,0
2649568,59,1,1,0
5445416,59,1,0,1
2755776,59,1,0,1
6368792,59,1,1,0
1061840,59,1,1,0
3419832,59,1,1,0
3732656,59,1,1,0
4137344,59,1,0,1
5270760,59,1,0,1
369384,59,1,0,1
3303680,59,1,0,1
577824,59,1,1,0
3366992,59,1,1,0
6654432,59,1,1,0
2298872,59,1,1,0
2962384,59,1,1,0
555656,59,1,0,1
317448,59,1,0,1
612176,59,1,0,1
392528,59,1,0,1
1011544,59,1,0,1
231016,59,1,0,1
1367880,59,1,0,1
7010648,59,1,0,1
2258592,59,1,1,0
459048,59,1,0,1
1154024,59,1,1,0
128672,59,1,1,0
5258568,59,1,1,0
953552,59,1,1,0
2449488,59,1,1,0
8238568,59,1,1,0
5006040,59,1,0,1
2492016,59,1,1,0
7517848,59,1,1,0
7032800,59,1,0,1
687680,59,1,1,0
1357208,59,1,1,0
2193552,59,1,1,0
6834680,59,1,0,1
3051672,59,1,0,1
831304,59,1,1,0
243088,59,1,0,1
3958216,59,1,1,0
8291176,59,1,1,0
935656,59,1,0,1
3076240,59,1,0,1
7341512,59,1,1,0
3154336,59,1,0,1
1619928,59,1,1,0
5406384,59,1,0,1
4992784,59,1,1,0
160864,59,1,0,1
652640,59,1,1,0
520712,59,1,1,0
8196648,59,1,0,1
1111488,59,1,0,1
280992,59,1,0,1
2482264,59,1,0,1
513264,59,1,1,0
7747584,59,1,1,0
1118800,59,1,1,0
910776,59,1,1,0
1960568,59,1,0,1
7538680,59,1,1,0
1586800,59,1,0,1
8111152,59,1,0,1
351488,59,1,1,0
7414504,59,1,1,0
3592848,59,1,0,1
6547800,59,1,0,1
378872,59,1,1,0
2142928,59,1,0,1
7242424,59,1,0,1
1316808,59,1,0,1
1215736,59,1,1,0
384056,59,1,0,1
5978776,59,1,1,0
6492776,59,1,1,0
6107536,59,1,1,0
1650488,59,1,1,0
5424008,59,1,1,0
3612608,59,1,1,0
2826112,59,1,0,1
2663432,59,1,1,0
209064,59,1,0,1
6558760,59,1,0,1
2976600,59,1,0,1
3904184,59,1,1,0
3140088,59,1,0,1
860080,59,1,1,0
643744,59,1,1,0
833064,59,1,1,0
6864784,59,1,0,1
7973192,59,1,0,1
455992,59,1,0,1
7699352,59,1,1,0
373512,59,1,0,1
5107168,59,1,0,1
699192,59,1,0,1
2583000,59,1,0,1
1347296,59,1,0,1
1318448,59,1,1,0
3487728,59,1,1,0
2418960,59,1,0,1
7526384,59,1,1,0
300240,59,1,1,0
1839752,59,1,0,1
4421296,59,1,0,1
679064,59,1,1,0
154144,59,1,0,1
4907312,59,1,0,1
4964296,59,1,0,1
583728,59,1,0,1
7085896,59,1,0,1
6498720,59,1,1,0
4244528,59,1,1,0
7693408,59,1,1,0
4699008,59,1,1,0
146808,59,1,1,0
3727120,59,1,1,0
3637416,59,1,0,1
3617752,59,1,0,1
4502520,59,1,0,1
7868616,59,1,0,1
7061184,59,1,0,1
2312528,59,1,1,0
1047952,59,1,0,1
228648,59,1,1,0
7547328,59,1,1,0
3363464,59,1,0,1
1110424,59,1,1,0
5337712,59,1,0,1
8160480,59,1,0,1
448824,59,1,1,0
3960584,59,1,0,1
5872992,59,1,1,0
693768,59,1,0,1
759048,59,1,0,1
3348904,59,1,0,1
5233848,59,1,0,1
1943592,59,1,0,1
1908024,59,1,1,0
2942728,59,1,0,1
5050128,59,1,1,0
2264864,59,1,1,0
163728,59,1,0,1
152640,59,1,1,0
1305680,59,1,1,0
6048248,59,1,1,0
2132696,59,1,0,1
3167416,59,1,1,0
4322464,59,1,0,1
1036880,59,1,0,1
6071640,59,1,0,1
2819112,59,1,0,1
5688528,59,1,0,1
781576,59,1,1,0
964152,59,1,1,0
757464,59,1,0,1
1253176,59,1,1,0
4489192,59,1,0,1
5688280,59,1,0,1
6129112,59,1,0,1
2466128,59,1,1,0
3731816,59,1,1,0
3197536,59,1,1,0
6432720,59,1,1,0
6975320,59,1,1,0
3547840,59,1,0,1
983144,59,1,0,1
718448,59,1,0,1
3727360,59,1,0,1
3990344,59,1,1,0
835136,59,1,0,1
269880,59,1,0,1
3707032,59,1,1,0
1271392,59,1,0,1
5392368,59,1,1,0
2344728,59,1,0,1
2033104,59,1,0,1
4244152,59,1,0,1
7829536,59,1,1,0
3995320,59,1,1,0
3091736,59,1,0,1
2054920,59,1,1,0
3432272,59,1,1,0
638672,59,1,1,0
1312280,59,1,1,0
1268008,59,1,0,1
2800424,59,1,0,1
662264,59,1,0,1
5028656,59,1,0,1
3040896,59,1,0,1
7724112,59,1,1,0
5929720,59,1,0,1
6549664,59,1,0,1
4490872,59,1,1,0
789352,59,1,1,0
1444760,59,1,0,1
8058192,59,1,1,0
3446752,59,1,1,0
2492280,59,1,0,1
882240,59,1,1,0
2263312,59,1,1,0
577496,59,1,1,0
3898232,59,1,1,0
2078984,59,1,0,1
2917384,59,1,1,0
3834496,59,1,1,0
4857544,59,1,1,0
6576656,59,1,1,0
1234760,59,1,0,1
3390344,59,1,0,1
254664,59,1,1,0
1787384,59,1,1,0
491712,59,1,1,0
4743488,59,1,1,0
958952,59,1,1,0
3819248,59,1,0,1
1704568,59,1,0,1
4974464,59,1,0,1
5187528,59,1,0,1
652992,59,1,1,0
3583744,59,1,1,0
1501240,59,1,1,0
1442992,59,1,1,0
1210760,59,1,1,0
2472776,59,1,1,0
4162280,59,1,0,1
2846520,59,1,0,1
7638048,59,1,0,1
7768848,59,1,1,0
628608,59,1,1,0
3181992,59,1,0,1
1928472,59,1,0,1
823256,59,1,1,0
681248,59,1,0,1
7158320,59,1,0,1
1925360,59,1,1,0
4486320,59,1,0,1
227416,59,1,1,0
1460184,59,1,0,1
703256,59,1,1,0
584184,59,1,1,0
7657752,59,1,0,1
6900680,59,1,1,0
1078720,59,1,0,1
208072,59,1,1,0
922424,59,1,0,1
2237160,59,1,1,0
963616,59,1,0,1
1612352,59,1,1,0
970112,59,1,0,1
5136784,59,1,1,0
3050368,59,1,0,1
1350600,59,1,0,1
606456,59,1,0,1
2709776,59,1,1,0
4093224,59,1,0,1
8291552,59,1,0,1
859840,59,1,1,0
8144424,59,1,1,0
481720,59,1,0,1
3176664,59,1,0,1
8210600,59,1,1,0
1707800,59,1,1,0
5708016,59,1,0,1
2834632,59,1,0,1
4782968,59,1,1,0
3847752,59,1,0,1
3046120,59,1,0,1
2579616,59,1,1,0
692664,59,1,0,1
373080,59,1,0,1
1682160,59,1,0,1
737624,59,1,1,0
6084896,59,1,1,0
3256760,59,1,1,0
2309328,59,1,0,1
747856,59,1,1,0
3918744,59,1,1,0
2528760,59,1,1,0
2361760,59,1,1,0
1598712,59,1,1,0
2132400,59,1,1,0
638424,59,1,0,1
2505184,59,1,0,1
2312664,59,1,0,1
7614184,59,1,0,1
4120024,59,1,1,0
5553784,59,1,0,1
2903416,59,1,1,0
3007720,59,1,1,0
7356960,59,1,1,0
6001784,59,1,1,0
5656056,59,1,1,0
3974440,59,1,0,1
3251176,59,1,0,1
485088,59,1,1,0
2520616,59,1,0,1
2118696,59,1,1,0
281168,59,1,1,0
1083400,59,1,0,1
213200,59,1,0,1
2936304,59,1,1,0
3281712,59,1,1,0
1448904,59,1,1,0
5670376,59,1,1,0
3294864,59,1,1,0
3252584,59,1,1,0
743968,59,1,0,1
1216736,59,1,1,0
383872,59,1,0,1
1996544,59,1,0,1
4938560,59,1,1,0
8280888,59,1,1,0
805432,59,1,0,1
1266928,59,1,0,1
803848,59,1,1,0
8302600,59,1,1,0
1034128,59,1,0,1
5218360,59,1,1,0
1617280,59,1,1,0
7443648,59,1,1,0
812208,59,1,1,0
5108224,59,1,0,1
857672,59,1,0,1
3863688,59,1,1,0
586624,59,1,1,0
8030152,59,1,0,1
5487624,59,1,0,1
1048720,59,1,0,1
774400,59,1,0,1
3321584,59,1,0,1
2604192,59,1,0,1
5395744,59,1,1,0
3013336,59,1,0,1
3528416,59,1,1,0
1062504,59,1,0,1
7771136,59,1,1,0
2269560,59,1,1,0
2195328,59,1,1,0
8234712,59,1,1,0
5663896,59,1,0,1
2160600,59,1,0,1
2494504,59,1,0,1
6959016,59,1,0,1
3824360,59,1,0,1
2548632,59,1,1,0
1210360,59,1,1,0
2019600,59,1,1,0
3142392,59,1,0,1
1492504,59,1,0,1
4150912,59,1,1,0
4125440,59,1,1,0
6370096,59,1,0,1
2381832,59,1,1,0
6737216,59,1,1,0
3820312,59,1,1,0
956440,59,1,0,1
395704,59,1,1,0
4853888,59,1,0,1
1447720,59,1,0,1
4680912,59,1,1,0
1781144,59,1,1,0
697896,59,1,1,0
1299528,59,1,1,0
2526584,59,1,1,0
7763272,59,1,1,0
986832,59,1,1,0
848024,59,1,1,0
3045528,59,1,1,0
3713992,59,1,1,0
3042136,59,1,0,1
2790096,59,1,1,0
1844696,59,1,0,1
1175976,59,1,0,1
4902056,59,1,1,0
229512,59,1,1,0
1323304,59,1,0,1
6505584,59,1,1,0
1692104,59,1,1,0
7272096,59,1,0,1
606040,59,1,0,1
708624,59,1,0,1
969608,59,1,0,1
1337824,59,1,0,1
4810104,59,1,1,0
3993184,59,1,0,1
2542840,59,1,0,1
4174888,59,1,1,0
8080672,59,1,0,1
6511632,59,1,1,0
3228216,59,1,1,0
2157912,59,1,0,1
887544,59,1,0,1
5150616,59,1,1,0
1395256,59,1,1,0
315008,59,1,1,0
970008,59,1,1,0
712528,59,1,0,1
638136,59,1,0,1
6410976,59,1,0,1
7586472,59,1,1,0
1225936,59,1,0,1
349336,59,1,0,1
5651232,59,1,1,0
231080,59,1,1,0
5392744,59,1,1,0
1072224,59,1,1,0
912936,59,1,0,1
1184512,59,1,0,1
1635760,59,1,0,1
1580760,59,1,1,0
511560,59,1,1,0
1285192,59,1,1,0
1247024,59,1,0,1
1375544,59,1,0,1
3792320,59,1,0,1
997568,59,1,1,0
93184,59,1,1,0
935600,59,1,0,1
8083104,59,1,0,1
274368,59,1,1,0
4758816,59,1,0,1
2818696,59,1,1,0
3128864,59,1,1,0
3594376,59,1,1,0
7482384,59,1,1,0
3006976,59,1,1,0
5674272,59,1,1,0
888120,59,1,1,0
2873232,59,1,0,1
1547248,59,1,1,0
1340480,59,1,0,1
580104,59,1,1,0
537800,59,1,0,1
6511856,59,1,0,1
2118856,59,1,0,1
357088,59,1,1,0
8123400,59,1,0,1
1897824,59,1,1,0
2825232,59,1,0,1
610416,59,1,0,1
676520,59,1,0,1
906304,59,1,0,1
2817320,59,1,1,0
1378984,59,1,0,1
560152,59,1,0,1
1905968,59,1,1,0
5138376,59,1,0,1
3999928,59,1,0,1
310696,59,1,1,0
4098344,59,1,0,1
248248,59,1,1,0
1102960,59,1,0,1
241960,59,1,0,1
151024,59,1,0,1
8149024,59,1,1,0
3724216,59,1,0,1
1157888,59,1,1,0
1936160,59,1,1,0
326960,59,1,1,0
523448,59,1,0,1
774512,59,1,0,1
2893960,59,1,1,0
2156880,59,1,1,0
6984520,59,1,0,1
3098376,59,1,1,0
3243792,59,1,1,0
569600,59,1,1,0
1105200,59,1,1,0
4948200,59,1,0,1
4713944,59,1,0,1
1822760,59,1,0,1
708400,59,1,1,0
482376,59,1,0,1
8163584,59,1,0,1
1046624,59,1,0,1
695440,59,1,1,0
2906560,59,1,0,1
5484384,59,1,0,1
1594696,59,1,0,1
1124672,59,1,1,0
193624,59,1,1,0
6465312,59,1,0,1
5833072,59,1,1,0
1992184,59,1,1,0
2323440,59,1,0,1
5230552,59,1,1,0
4637720,59,1,0,1
4529144,59,1,1,0
4040072,59,1,0,1
6168784,59,1,1,0
7405280,59,1,0,1
3172440,59,1,0,1
2699520,59,1,0,1
5448400,59,1,1,0
8184224,59,1,1,0
603608,59,1,1,0
4885272,59,1,0,1
1588360,59,1,1,0
2944208,59,1,0,1
2352144,59,1,1,0
5108920,59,1,1,0
4747856,59,1,1,0
672704,59,1,0,1
831168,59,1,1,0
3186048,59,1,0,1
896616,59,1,1,0
1927744,59,1,1,0
1220088,59,1,1,0
2513960,59,1,1,0
1492568,59,1,0,1
1564736,59,1,0,1
4191464,59,1,0,1
1861976,59,1,0,1
8174312,59,1,1,0
2802136,59,1,0,1
7313736,59,1,0,1
7688968,59,1,0,1
6017896,59,1,0,1
6478136,59,1,1,0
7784528,59,1,1,0
175008,59,1,1,0
1688192,59,1,1,0
633680,59,1,0,1
7923328,59,1,1,0
693448,59,1,1,0
2804416,59,1,1,0
1239104,59,1,0,1
2168312,59,1,0,1
533888,59,1,1,0
282080,59,1,0,1
993344,59,1,1,0
596872,59,1,0,1
362376,59,1,0,1
670640,59,1,1,0
5130336,59,1,1,0
6311552,59,1,0,1
2957688,59,1,1,0
6601432,59,1,1,0
412104,59,1,0,1
6468848,59,1,0,1
534192,59,1,0,1
1864472,59,1,0,1
944408,59,1,1,0
1124128,59,1,1,0
3128816,59,1,1,0
351040,59,1,1,0
7260096,59,1,1,0
2939736,59,1,1,0
2935560,59,1,1,0
1558072,59,1,0,1
3202416,59,1,1,0
644840,59,1,0,1
6661176,59,1,0,1
600824,59,1,1,0
3369656,59,1,1,0
6405112,59,1,1,0
2670704,59,1,1,0
1926176,59,1,0,1
7975448,59,1,0,1
3419248,59,1,1,0
1693016,59,1,0,1
900584,59,1,0,1
410328,59,1,0,1
3172416,59,1,1,0
8348512,59,1,1,0
1896704,59,1,1,0
768840,59,1,1,0
4332248,59,1,0,1
6202664,59,1,0,1
1407024,59,1,1,0
1343064,59,1,1,0
2530288,59,1,1,0
375032,59,1,1,0
2801184,59,1,0,1
2644672,59,1,0,1
5788952,59,1,0,1
6606760,59,1,1,0
182256,59,1,0,1
1471608,59,1,0,1
3621984,59,1,1,0
3335352,59,1,1,0
7547672,59,1,0,1
5579784,59,1,0,1
1425920,59,1,0,1
2350096,59,1,1,0
6947408,59,1,0,1
2551784,59,1,1,0
574792,59,1,1,0
8201344,59,1,1,0
6499152,59,1,0,1
685784,59,1,0,1
1008808,59,1,1,0
3743856,59,1,1,0
2219296,59,1,1,0
3174248,59,1,1,0
5663672,59,1,0,1
2505496,59,1,1,0
2390536,59,1,0,1
7835776,59,1,0,1
658472,59,1,1,0
2320440,59,1,1,0
4131744,59,1,1,0
2763168,59,1,0,1
1367784,59,1,1,0
3167176,59,1,1,0
4344352,59,1,1,0
2409808,59,1,1,0
847888,59,1,0,1
7440920,59,1,1,0
453608,60,1,0,1
6232096,60,1,1,0
777936,60,1,0,1
5596616,60,1,1,0
1398824,60,1,1,0
2286504,60,1,0,1
5161688,60,1,0,1
440032,60,1,0,1
1973832,60,1,0,1
208840,60,1,1,0
3093872,60,1,1,0
1899944,60,1,1,0
5633112,60,1,1,0
3394816,60,1,0,1
1266440,60,1,1,0
2983760,60,1,1,0
7416752,60,1,1,0
358888,60,1,1,0
2698912,60,1,1,0
1038360,60,1,0,1
1747576,60,1,1,0
5838408,60,1,0,1
1588104,60,1,0,1
6538408,60,1,1,0
3341224,60,1,1,0
5273432,60,1,0,1
4286960,60,1,1,0
280664,60,1,0,1
754376,60,1,1,0
1568264,60,1,0,1
652344,60,1,0,1
2834792,60,1,1,0
1444216,60,1,1,0
6411272,60,1,1,0
5030016,60,1,0,1
7984248,60,1,0,1
1684832,60,1,1,0
2049064,60,1,1,0
2116016,60,1,0,1
5189768,60,1,1,0
547288,60,1,1,0
6524400,60,1,1,0
2275528,60,1,0,1
2130480,60,1,0,1
4274096,60,1,0,1
1213640,60,1,1,0
1209216,60,1,0,1
7346792,60,1,1,0
7195128,60,1,1,0
5523336,60,1,1,0
5604208,60,1,0,1
1984992,60,1,1,0
6380504,60,1,1,0
4479576,60,1,1,0
6373440,60,1,0,1
4263696,60,1,0,1
3645672,60,1,0,1
493248,60,1,0,1
5197680,60,1,1,0
3256816,60,1,1,0
7047936,60,1,1,0
4126080,60,1,0,1
703568,60,1,0,1
4921664,60,1,0,1
3082808,60,1,1,0
5258112,60,1,0,1
2704440,60,1,0,1
1235432,60,1,0,1
2615256,60,1,0,1
695960,60,1,1,0
2591480,60,1,0,1
2977392,60,1,0,1
3921120,60,1,0,1
2419808,60,1,0,1
1013776,60,1,0,1
6343544,60,1,0,1
1041088,60,1,1,0
1151576,60,1,0,1
3053192,60,1,0,1
5936608,60,1,1,0
5849824,60,1,1,0
1483016,60,1,1,0
2231568,60,1,0,1
3475600,60,1,0,1
3675744,60,1,1,0
1056432,60,1,1,0
1398368,60,1,0,1
7509528,60,1,1,0
1263672,60,1,1,0
728184,60,1,0,1
6406672,60,1,0,1
2200048,60,1,0,1
998624,60,1,1,0
3071640,60,1,1,0
1493424,60,1,1,0
390352,60,1,0,1
671912,60,1,1,0
660608,60,1,1,0
193800,60,1,0,1
4668472,60,1,1,0
4646960,60,1,1,0
2966192,60,1,0,1
7786648,60,1,1,0
444328,60,1,0,1
228584,60,1,0,1
548872,60,1,0,1
1097456,60,1,0,1
3852456,60,1,1,0
4306608,60,1,1,0
1447656,60,1,0,1
251096,60,1,1,0
6160016,60,1,0,1
1611008,60,1,0,1
5130512,60,1,0,1
1988280,60,1,0,1
5023880,60,1,0,1
1424688,60,1,0,1
704512,60,1,0,1
1762504,60,1,1,0
7323576,60,1,1,0
4873552,60,1,1,0
1312304,60,1,0,1
1310592,60,1,0,1
364048,60,1,0,1
459000,60,1,1,0
6216696,60,1,1,0
3603864,60,1,1,0
7573280,60,1,1,0
1097768,60,1,0,1
4588200,60,1,0,1
1829728,60,1,0,1
449768,60,1,1,0
1884632,60,1,1,0
3504936,60,1,0,1
576984,60,1,0,1
1725096,60,1,1,0
4656720,60,1,1,0
217344,60,1,0,1
4607152,60,1,0,1
1190664,60,1,1,0
1022280,60,1,0,1
4245856,60,1,1,0
477680,60,1,0,1
1424056,60,1,0,1
276720,60,1,1,0
2598560,60,1,1,0
4814296,60,1,1,0
1634800,60,1,1,0
375216,60,1,0,1
807672,60,1,0,1
3422600,60,1,1,0
941656,60,1,0,1
6500104,60,1,0,1
2067320,60,1,0,1
2104704,60,1,1,0
1170216,60,1,0,1
1639416,60,1,1,0
6974288,60,1,0,1
8187928,60,1,0,1
1610912,60,1,0,1
2294008,60,1,1,0
2690856,60,1,1,0
515080,60,1,0,1
360888,60,1,0,1
6792880,60,1,1,0
427432,60,1,1,0
1955688,60,1,0,1
1684584,60,1,1,0
681000,60,1,0,1
5229760,60,1,0,1
482488,60,1,1,0
4560080,60,1,1,0
1234608,60,1,1,0
401928,60,1,0,1
1241008,60,1,0,1
2748184,60,1,1,0
7586024,60,1,1,0
1786000,60,1,1,0
7504816,60,1,0,1
2079000,60,1,1,0
3485040,60,1,1,0
454536,60,1,1,0
1297408,60,1,0,1
5451056,60,1,0,1
5011072,60,1,0,1
6466712,60,1,1,0
2801872,60,1,1,0
132832,60,1,0,1
1815056,60,1,0,1
1546480,60,1,0,1
2756808,60,1,1,0
4776208,60,1,1,0
1043664,60,1,0,1
3476952,60,1,0,1
7824368,60,1,0,1
2450024,60,1,1,0
2626296,60,1,1,0
2910016,60,1,1,0
582008,60,1,1,0
3002032,60,1,1,0
1465984,60,1,0,1
672456,60,1,1,0
2004304,60,1,1,0
4085168,60,1,0,1
2866320,60,1,0,1
3430184,60,1,1,0
3355952,60,1,1,0
770672,60,1,1,0
805280,60,1,0,1
307104,60,1,1,0
1272240,60,1,0,1
4463048,60,1,0,1
2487240,60,1,1,0
1627120,60,1,1,0
5845456,60,1,0,1
8127968,60,1,0,1
2252200,60,1,0,1
4570800,60,1,1,0
4125752,60,1,0,1
6244944,60,1,0,1
4563792,60,1,1,0
6039104,60,1,0,1
479144,60,1,1,0
2476896,60,1,1,0
465216,60,1,0,1
5166944,60,1,1,0
2442704,60,1,1,0
2249816,60,1,0,1
584784,60,1,1,0
144216,60,1,1,0
968656,60,1,0,1
2639520,60,1,1,0
287248,60,1,1,0
2864392,60,1,1,0
7332648,60,1,0,1
969192,60,1,1,0
3212896,60,1,0,1
812792,60,1,1,0
1284488,60,1,1,0
2257872,60,1,0,1
3597040,60,1,1,0
6859320,60,1,1,0
1114960,60,1,0,1
5105488,60,1,0,1
2021096,60,1,0,1
148160,60,1,1,0
1741800,60,1,0,1
3661712,60,1,0,1
7175040,60,1,1,0
3642952,60,1,0,1
6569424,60,1,0,1
1863400,60,1,1,0
1533368,60,1,0,1
3918168,60,1,0,1
5593544,60,1,0,1
2534016,60,1,0,1
5085320,60,1,1,0
3670400,60,1,0,1
3023552,60,1,1,0
4816192,60,1,1,0
1846616,60,1,1,0
1410088,60,1,0,1
6590768,60,1,0,1
2377072,60,1,1,0
3412248,60,1,1,0
490392,60,1,0,1
3018008,60,1,0,1
1652720,60,1,1,0
1779784,60,1,1,0
934144,60,1,1,0
306496,60,1,0,1
5070952,60,1,1,0
2916008,60,1,1,0
1092152,60,1,1,0
4629976,60,1,0,1
4002632,60,1,0,1
3220856,60,1,1,0
691872,60,1,1,0
6369072,60,1,0,1
1921744,60,1,0,1
77968,60,1,1,0
250776,60,1,1,0
1961728,60,1,0,1
559968,60,1,1,0
7075584,60,1,0,1
769352,60,1,1,0
4867864,60,1,0,1
3281632,60,1,1,0
2787424,60,1,1,0
1814024,60,1,0,1
326864,60,1,0,1
463280,60,1,1,0
1119512,60,1,1,0
8043904,60,1,0,1
243352,60,1,1,0
2706368,60,1,0,1
3929832,60,1,1,0
6202352,60,1,0,1
280504,60,1,0,1
3873608,60,1,0,1
6355048,60,1,0,1
7512136,60,1,1,0
197848,60,1,1,0
3965208,60,1,1,0
4307328,60,1,0,1
624168,60,1,1,0
2747200,60,1,0,1
739632,60,1,1,0
3096312,60,1,1,0
426264,60,1,0,1
634600,60,1,1,0
7722016,60,1,0,1
3021232,60,1,0,1
3344232,60,1,1,0
360104,60,1,1,0
1145464,60,1,1,0
7726928,60,1,1,0
1354232,60,1,1,0
1387984,60,1,1,0
816432,60,1,0,1
5342576,60,1,1,0
3906888,60,1,1,0
1511008,60,1,0,1
6237336,60,1,0,1
5063912,60,1,1,0
1842768,60,1,1,0
7904120,60,1,0,1
1883592,60,1,1,0
1706128,60,1,1,0
5057808,60,1,1,0
1120808,60,1,1,0
5385776,60,1,0,1
1454712,60,1,1,0
1903688,60,1,1,0
6061776,60,1,1,0
2711344,60,1,1,0
629152,60,1,0,1
337512,60,1,0,1
170352,60,1,1,0
7152264,60,1,1,0
479568,60,1,0,1
2410376,60,1,1,0
4100184,60,1,0,1
1186360,60,1,1,0
2443560,60,1,0,1
1707192,60,1,0,1
1370384,60,1,0,1
368488,60,1,1,0
1521784,60,1,0,1
1970728,60,1,1,0
3913232,60,1,1,0
2248272,60,1,0,1
800152,60,1,0,1
5394120,60,1,1,0
1327840,60,1,1,0
6752272,60,1,1,0
765800,60,1,1,0
307504,60,1,1,0
2513472,60,1,1,0
3169352,60,1,0,1
4151376,60,1,1,0
291720,60,1,1,0
5060680,60,1,1,0
842136,60,1,1,0
6084968,60,1,1,0
4896608,60,1,0,1
693104,60,1,0,1
2847544,60,1,0,1
495168,60,1,1,0
437224,60,1,0,1
2767688,60,1,1,0
436168,60,1,1,0
3409264,60,1,0,1
6443192,60,1,1,0
146136,60,1,0,1
560792,60,1,1,0
2645032,60,1,1,0
7701152,60,1,1,0
2449992,60,1,1,0
1859576,60,1,1,0
6186496,60,1,0,1
3625888,60,1,1,0
4782776,60,1,1,0
7522904,60,1,0,1
3924328,60,1,0,1
1589216,60,1,1,0
4046920,60,1,1,0
1314704,60,1,0,1
4890936,60,1,1,0
2255176,60,1,1,0
76264,60,1,1,0
4819888,60,1,1,0
428704,60,1,1,0
2640288,60,1,0,1
1553424,60,1,0,1
7587880,60,1,1,0
399112,60,1,0,1
3511288,60,1,1,0
2021752,60,1,0,1
6125392,60,1,1,0
1289256,60,1,1,0
2265328,60,1,0,1
2144888,60,1,1,0
1875240,60,1,0,1
1072624,60,1,0,1
1781704,60,1,0,1
1108760,60,1,1,0
4080472,60,1,0,1
202544,60,1,1,0
2400176,60,1,1,0
840952,60,1,0,1
7753000,60,1,0,1
2355328,60,1,0,1
4091200,60,1,0,1
1237320,60,1,1,0
6649400,60,1,0,1
3294608,60,1,0,1
700376,60,1,1,0
2499776,60,1,1,0
916408,60,1,0,1
5708584,60,1,0,1
2936528,60,1,0,1
7046560,60,1,1,0
5584616,60,1,1,0
1445960,60,1,1,0
4655736,60,1,1,0
2742040,60,1,0,1
153808,60,1,0,1
2790792,60,1,0,1
3792888,60,1,0,1
509504,60,1,0,1
7846824,60,1,1,0
3071232,60,1,0,1
2197768,60,1,1,0
5344632,60,1,0,1
2426064,60,1,0,1
5051480,60,1,1,0
5669992,60,1,0,1
973368,60,1,1,0
2336312,60,1,1,0
234976,60,1,0,1
1911056,60,1,1,0
7017552,60,1,0,1
875272,60,1,0,1
3994840,60,1,1,0
460448,60,1,1,0
380848,60,1,0,1
878920,60,1,1,0
88176,60,1,1,0
418704,60,1,0,1
1771672,60,1,0,1
1866936,60,1,0,1
2325424,60,1,0,1
8089160,60,1,0,1
1834480,60,1,0,1
150216,60,1,1,0
2801360,60,1,1,0
2456000,60,1,1,0
3574952,60,1,0,1
462568,60,1,0,1
5923312,60,1,1,0
343096,60,1,0,1
225392,60,1,0,1
5558840,60,1,1,0
4627184,60,1,1,0
5908472,60,1,1,0
3348616,60,1,0,1
696856,60,1,0,1
1528912,60,1,1,0
4044456,60,1,1,0
7224360,60,1,1,0
403600,60,1,1,0
805192,60,1,1,0
1532368,60,1,0,1
1553912,60,1,1,0
834864,60,1,0,1
6154240,60,1,1,0
2256824,60,1,0,1
1809736,60,1,0,1
375896,60,1,0,1
2295280,60,1,1,0
3127464,60,1,1,0
1853528,60,1,1,0
4477376,60,1,0,1
1625048,60,1,1,0
2061232,60,1,0,1
340096,60,1,0,1
99952,60,1,0,1
6640488,60,1,0,1
4797040,60,1,1,0
4817960,60,1,1,0
590888,60,1,0,1
697608,60,1,1,0
8364040,60,1,0,1
5472632,60,1,1,0
2998920,60,1,0,1
2540696,60,1,0,1
3868840,60,1,1,0
2903816,60,1,0,1
4649344,60,1,1,0
5153064,60,1,1,0
4333424,60,1,1,0
5856352,60,1,1,0
1779496,60,1,0,1
3076288,60,1,1,0
1513432,60,1,1,0
4316664,60,1,0,1
5821448,60,1,1,0
5179408,60,1,0,1
4609128,60,1,1,0
496120,60,1,0,1
748640,60,1,0,1
1322712,60,1,0,1
3801536,60,1,0,1
757304,60,1,1,0
1797600,60,1,0,1
3913760,60,1,0,1
4135488,60,1,1,0
3597640,60,1,0,1
6646768,60,1,1,0
7691368,60,1,0,1
3954368,60,1,0,1
186096,60,1,0,1
153480,60,1,0,1
766328,60,1,1,0
312520,60,1,0,1
5398440,60,1,1,0
3099144,60,1,1,0
6586224,60,1,0,1
339344,60,1,1,0
1036056,60,1,1,0
798488,60,1,1,0
4404584,60,1,0,1
353024,60,1,0,1
5641048,60,1,1,0
3642080,60,1,0,1
6511840,60,1,0,1
743832,60,1,0,1
922568,60,1,0,1
3301616,60,1,0,1
7309352,60,1,0,1
2711760,60,1,1,0
912600,60,1,0,1
7523016,60,1,0,1
810912,60,1,1,0
3306384,60,1,0,1
7330992,60,1,1,0
1294872,60,1,1,0
6266352,60,1,0,1
1826144,60,1,1,0
576960,60,1,1,0
2119544,60,1,1,0
724264,60,1,1,0
3190704,60,1,0,1
3803224,60,1,1,0
5326040,60,1,0,1
4125464,60,1,0,1
844808,60,1,0,1
793488,60,1,1,0
5464104,60,1,0,1
4657848,60,1,0,1
2605608,60,1,1,0
6386728,60,1,0,1
1523712,60,1,1,0
2409240,60,1,0,1
1946000,60,1,1,0
2870048,60,1,1,0
8250920,60,1,1,0
3703584,60,1,1,0
1930200,60,1,0,1
2270632,60,1,1,0
2328056,60,1,0,1
1196352,60,1,0,1
1831376,60,1,0,1
5154304,60,1,1,0
6432160,60,1,0,1
898736,60,1,1,0
6601544,60,1,1,0
1484808,60,1,0,1
949576,60,1,0,1
409680,60,1,1,0
2039984,60,1,1,0
1212688,60,1,1,0
7800496,60,1,1,0
6409704,60,1,1,0
2145160,60,1,1,0
1656608,60,1,1,0
988048,60,1,0,1
4924680,60,1,0,1
5455104,60,1,0,1
378136,60,1,0,1
1960784,60,1,1,0
6438032,60,1,1,0
2180904,60,1,1,0
947616,60,1,0,1
546016,60,1,0,1
6213544,60,1,0,1
1710576,60,1,1,0
4155680,60,1,1,0
958168,60,1,0,1
3081848,60,1,0,1
3439616,60,1,1,0
1077224,60,1,1,0
2715016,60,1,1,0
3345768,60,1,1,0
1737920,60,1,0,1
832984,60,1,1,0
7680816,60,1,0,1
3324368,60,1,1,0
526608,60,1,1,0
342480,60,1,0,1
1565336,60,1,1,0
3536392,60,1,0,1
4403960,60,1,0,1
1402344,60,1,1,0
5675656,60,1,1,0
1882152,60,1,0,1
561048,60,1,1,0
1897216,60,1,1,0
2792256,60,1,0,1
627976,60,1,0,1
3405248,60,1,0,1
6280392,60,1,0,1
7668528,60,1,1,0
2765224,60,1,1,0
2559408,60,1,0,1
6952456,60,1,1,0
783384,60,1,1,0
2016640,60,1,0,1
438648,60,1,0,1
2712576,60,1,0,1
1023080,60,1,0,1
7499096,60,1,1,0
7866256,60,1,0,1
5552320,60,1,0,1
949888,60,1,1,0
1926504,60,1,0,1
861208,60,1,1,0
227968,60,1,0,1
4006288,60,1,1,0
5807736,60,1,0,1
6206352,60,1,0,1
3903432,60,1,0,1
7854960,60,1,1,0
1336024,60,1,1,0
1196304,60,1,0,1
559576,60,1,0,1
4884456,60,1,0,1
2338592,60,1,1,0
302296,60,1,1,0
625728,60,1,0,1
1068712,60,1,0,1
1266600,60,1,1,0
4909360,60,1,1,0
2018784,60,1,1,0
4533928,60,1,1,0
761936,60,1,0,1
548816,60,1,1,0
6595024,60,1,1,0
6445096,60,1,1,0
3258160,60,1,1,0
792656,60,1,0,1
4593256,60,1,1,0
2197064,60,1,1,0
2079952,60,1,1,0
703912,60,1,1,0
2507320,60,1,0,1
2517584,60,1,1,0
456272,60,1,1,0
4138248,60,1,1,0
1777384,60,1,1,0
2002056,60,1,0,1
955664,60,1,0,1
2592728,60,1,1,0
711808,60,1,1,0
417288,60,1,0,1
3294952,60,1,1,0
197240,60,1,0,1
7537872,60,1,0,1
2723528,60,1,0,1
2184256,60,1,0,1
1129416,60,1,0,1
3005456,60,1,1,0
3544344,60,1,1,0
508240,60,1,1,0
2226048,60,1,0,1
7107720,60,1,1,0
4219744,60,1,1,0
1193808,60,1,1,0
363592,60,1,0,1
391080,60,1,1,0
586128,60,1,0,1
4006984,60,1,0,1
426424,60,1,1,0
3781416,60,1,0,1
7454632,60,1,1,0
1360448,60,1,1,0
7321096,60,1,1,0
1044872,60,1,1,0
1907336,60,1,1,0
6371496,60,1,0,1
1281864,60,1,1,0
3969256,60,1,1,0
3449320,60,1,1,0
1911600,60,1,1,0
874752,60,1,0,1
5053664,60,1,0,1
5066072,60,1,1,0
8269192,60,1,0,1
489616,60,1,0,1
809128,60,1,0,1
4867480,60,1,0,1
336504,60,1,0,1
4134504,60,1,0,1
4437496,60,1,0,1
777512,60,1,1,0
2516792,60,1,1,0
1695552,60,1,1,0
3001992,60,1,1,0
8049016,60,1,1,0
4692560,60,1,0,1
1606560,60,1,1,0
3134768,60,1,1,0
3549520,60,1,0,1
6489880,60,1,1,0
4817736,60,1,1,0
3087984,60,1,1,0
6575072,60,1,0,1
3607936,60,1,1,0
1681680,60,1,1,0
1058392,60,1,1,0
5006504,60,1,0,1
5628968,60,1,0,1
2486400,60,1,1,0
1879608,60,1,0,1
187328,60,1,0,1
415936,60,1,1,0
2937848,60,1,1,0
4714552,60,1,0,1
566448,60,1,1,0
4241336,60,1,0,1
1146200,60,1,0,1
1831544,60,1,1,0
1593328,60,1,1,0
7585360,60,1,1,0
2076552,60,1,1,0
2688248,60,1,0,1
3402152,60,1,1,0
4188032,60,1,1,0
1592544,60,1,0,1
6453248,60,1,0,1
3551176,60,1,1,0
727688,60,1,0,1
4379688,60,1,0,1
1883640,60,1,0,1
8022840,60,1,0,1
5966096,60,1,1,0
4879376,60,1,0,1
474256,60,1,1,0
3409160,60,1,0,1
322976,60,1,0,1
134088,60,1,1,0
8102584,60,1,1,0
7939040,60,1,1,0
4073200,60,1,1,0
1362848,60,1,0,1
4532080,60,1,1,0
808472,60,1,1,0
1323584,60,1,0,1
514408,60,1,1,0
5372200,60,1,1,0
1286520,60,1,0,1
7635864,60,1,0,1
5812544,60,1,0,1
122688,60,1,1,0
682824,60,1,1,0
4475152,60,1,0,1
401264,60,1,1,0
1044912,60,1,0,1
620840,60,1,0,1
6515360,60,1,1,0
4841904,60,1,0,1
3872960,60,1,0,1
444800,60,1,0,1
1389240,60,1,1,0
395384,60,1,1,0
4064704,60,1,0,1
7479888,60,1,1,0
6322376,60,1,0,1
2308744,60,1,1,0
8241424,60,1,0,1
3363336,60,1,0,1
5585744,60,1,1,0
3443664,60,1,0,1
6089688,60,1,0,1
1979800,60,1,1,0
3717800,60,1,1,0
3199128,60,1,1,0
7109944,60,1,1,0
1401496,60,1,0,1
1326080,60,1,1,0
3261408,60,1,0,1
3134000,60,1,0,1
4493720,60,1,1,0
1794584,60,1,0,1
6829352,60,1,1,0
287912,60,1,0,1
7070320,60,1,1,0
4241760,60,1,1,0
692352,60,1,0,1
1818992,60,1,0,1
206440,60,1,0,1
1357192,60,1,0,1
6948280,60,1,1,0
1580592,60,1,1,0
7292576,60,1,1,0
2815760,60,1,0,1
2242480,60,1,1,0
1109528,60,1,0,1
2445080,60,1,0,1
1483608,60,1,0,1
1677048,60,1,1,0
5525744,60,1,1,0
5247216,60,1,1,0
585192,60,1,1,0
1145328,60,1,1,0
2666032,60,1,1,0
2691040,60,1,0,1
1649560,60,1,1,0
3440296,60,1,1,0
167904,60,1,1,0
435344,60,1,0,1
247496,60,1,0,1
1255696,60,1,1,0
820432,60,1,0,1
4207552,60,1,0,1
7010664,60,1,0,1
2818864,60,1,1,0
8274584,60,1,1,0
6112360,60,1,0,1
404648,60,1,1,0
4402504,60,1,1,0
8051656,60,1,1,0
7693336,60,1,1,0
1993256,60,1,0,1
2160192,60,1,1,0
2619552,60,1,1,0
611432,60,1,0,1
3548072,60,1,1,0
4362680,60,1,1,0
2583760,60,1,0,1
3099744,60,1,1,0
413032,60,1,1,0
417824,60,1,0,1
1717032,60,1,1,0
1345088,60,1,0,1
7631832,60,1,1,0
1696456,60,1,1,0
3284016,60,1,1,0
1842752,60,1,0,1
2556432,60,1,0,1
2937576,60,1,0,1
6734624,60,1,0,1
6894392,60,1,1,0
152368,60,1,1,0
2561208,60,1,1,0
7725888,60,1,0,1
1607792,60,1,1,0
506120,60,1,1,0
554232,60,1,0,1
1702544,60,1,1,0
982344,60,1,0,1
7668448,60,1,0,1
1906072,60,1,0,1
2210224,60,1,1,0
2341600,60,1,0,1
5836432,60,1,0,1
2257304,60,1,1,0
2297840,60,1,0,1
972496,60,1,1,0
5346928,60,1,0,1
2315000,60,1,1,0
1713424,60,1,1,0
1609776,60,1,1,0
4851816,60,1,0,1
1026840,60,1,1,0
3432488,60,1,1,0
5692760,60,1,0,1
1481448,60,1,0,1
3339792,60,1,1,0
1902136,60,1,1,0
5518048,60,1,1,0
911400,60,1,1,0
1145648,60,1,1,0
6799800,60,1,0,1
5431352,60,1,0,1
3136648,60,1,1,0
4540520,60,1,1,0
1448528,60,1,1,0
2901800,60,1,0,1
5005848,60,1,0,1
3282472,60,1,0,1
1703968,60,1,0,1
791960,60,1,0,1
2019984,60,1,0,1
817816,60,1,1,0
6568232,60,1,1,0
8107592,60,1,0,1
332704,60,1,1,0
624696,60,1,0,1
7290592,60,1,0,1
1605840,60,1,1,0
6776552,60,1,1,0
2722176,60,1,0,1
3291624,60,1,1,0
4421584,60,1,0,1
385544,60,1,1,0
2277872,60,1,1,0
5079552,60,1,1,0
6991680,60,1,0,1
2792512,60,1,0,1
7820512,60,1,0,1
7215096,60,1,1,0
1696608,60,1,0,1
2484576,60,1,1,0
3292808,60,1,1,0
868024,60,1,0,1
4303424,60,1,1,0
1533456,60,1,1,0
1098800,60,1,0,1
400816,60,1,1,0
1303504,60,1,0,1
2482064,60,1,0,1
2037544,60,1,1,0
5896776,60,1,1,0
599464,60,1,1,0
4965944,60,1,1,0
4853248,60,1,1,0
7130088,60,1,0,1
1641152,60,1,0,1
1404776,60,1,0,1
2791760,60,1,0,1
4355328,60,1,0,1
566640,60,1,1,0
1125440,60,1,1,0
3404408,60,1,1,0
432784,60,1,1,0
3108384,60,1,0,1
1327768,60,1,1,0
2648688,60,1,0,1
1542696,60,1,0,1
6841576,60,1,1,0
96040,60,1,0,1
5664552,60,1,1,0
2628584,60,1,1,0
4892536,60,1,1,0
1124304,60,1,1,0
337376,60,1,0,1
8280528,60,1,0,1
721128,60,1,0,1
2076368,60,1,0,1
4076432,60,1,1,0
7844536,60,1,0,1
6749192,60,1,1,0
192712,60,1,1,0
1201736,60,1,0,1
3495064,60,1,0,1
1351104,60,1,1,0
3832424,60,1,1,0
311736,60,1,1,0
6546904,60,1,1,0
429488,60,1,0,1
1066544,60,1,1,0
5367912,60,1,1,0
4042488,60,1,1,0
1507888,60,1,1,0
450616,60,1,1,0
863856,60,1,0,1
840848,60,1,0,1
7855744,60,1,0,1
6417192,60,1,0,1
5115120,60,1,1,0
1851552,60,1,1,0
5451384,60,1,1,0
5384176,60,1,1,0
6914712,60,1,1,0
4819992,60,1,1,0
131688,60,1,1,0
1510056,60,1,1,0
8170000,60,1,1,0
1409184,60,1,1,0
979936,60,1,0,1
176432,60,1,1,0
692264,60,1,0,1
1423896,60,1,1,0
736016,60,1,0,1
6684552,60,1,0,1
4655712,60,1,0,1
4133288,60,1,1,0
2002424,60,1,0,1
463104,60,1,1,0
2616920,60,1,1,0
1376840,60,1,0,1
4904776,60,1,0,1
4047560,60,1,0,1
607288,60,1,0,1
557560,60,1,0,1
4508104,60,1,1,0
3523816,60,1,1,0
2053112,60,1,0,1
73720,60,1,1,0
1814960,60,1,0,1
3150576,60,1,1,0
4499608,60,1,0,1
1480104,60,1,1,0
2503512,60,1,0,1
472664,60,1,1,0
956456,60,1,0,1
717928,60,1,1,0
192736,60,1,0,1
838024,60,1,0,1
3737736,60,1,0,1
3531048,60,1,0,1
6273376,60,1,1,0
536384,60,1,0,1
1048472,60,1,0,1
1572944,60,1,0,1
262288,60,1,1,0
2904216,60,1,1,0
2506312,60,1,1,0
4198112,60,1,0,1
3054760,60,1,0,1
913208,60,1,1,0
1659888,60,1,1,0
4718320,60,1,1,0
1845960,60,1,1,0
2442984,60,1,1,0
1239600,60,1,1,0
578680,60,1,1,0
2734984,60,1,0,1
4672360,60,1,0,1
2098440,60,1,1,0
1051088,60,1,1,0
4208744,60,1,1,0
1721480,60,1,0,1
1348240,60,1,0,1
215496,60,1,1,0
3837856,60,1,0,1
6983008,60,1,1,0
6920944,60,1,1,0
2942816,60,1,1,0
3892136,60,1,1,0
4068720,60,1,0,1
5487384,60,1,0,1
2177096,60,1,1,0
2312136,60,1,0,1
7223224,60,1,1,0
1078624,60,1,0,1
2210816,60,1,1,0
2734816,60,1,0,1
1638392,60,1,0,1
324224,60,1,1,0
6207088,60,1,1,0
7562488,60,1,1,0
5118832,60,1,1,0
863048,60,1,0,1
6688960,60,1,1,0
801616,60,1,1,0
2686712,60,1,1,0
6678416,60,1,1,0
1345880,60,1,0,1
1996712,60,1,1,0
3596752,60,1,0,1
7927032,60,1,0,1
4837320,60,1,0,1
330520,60,1,0,1
6046568,60,1,0,1
1363240,60,1,1,0
1066112,60,1,0,1
1760792,60,1,1,0
6950400,60,1,0,1
300992,60,1,0,1
6680184,60,1,1,0
123144,60,1,0,1
765104,60,1,0,1
1553992,60,1,0,1
5210264,60,1,1,0
7439072,60,1,0,1
663920,60,1,0,1
126840,60,1,1,0
4206904,60,1,0,1
3722792,60,1,0,1
4539896,60,1,1,0
1281464,60,1,0,1
6320064,60,1,0,1
5842200,60,1,0,1
4927632,60,1,1,0
906144,60,1,0,1
8040096,60,1,1,0
3905960,60,1,1,0
2089472,60,1,0,1
5055584,60,1,1,0
1189704,60,1,0,1
2630520,60,1,1,0
4921840,60,1,0,1
3545512,60,1,1,0
1786688,60,1,0,1
212976,60,1,0,1
8200752,60,1,1,0
2616416,60,1,0,1
761824,60,1,1,0
2111672,60,1,0,1
629928,60,1,0,1
7198568,60,1,1,0
3770528,60,1,0,1
449096,60,1,0,1
526128,60,1,1,0
6743280,60,1,1,0
5131840,60,1,0,1
1126872,60,1,0,1
3552872,60,1,0,1
1128104,60,1,1,0
4389416,60,1,1,0
7389616,60,1,1,0
1001744,60,1,0,1
5392680,60,1,0,1
1567224,60,1,0,1
8338256,60,1,1,0
1175400,60,1,1,0
320744,60,1,0,1
5859976,60,1,1,0
4258488,60,1,0,1
1549864,60,1,0,1
5400664,60,1,0,1
319624,60,1,1,0
1988232,60,1,0,1
6338032,60,1,0,1
2759520,60,1,0,1
7751832,60,1,0,1
386912,60,1,1,0
2286656,60,1,0,1
6374416,60,1,1,0
166936,60,1,0,1
3408688,60,1,0,1
2838896,60,1,0,1
1225896,60,1,1,0
5819632,60,1,1,0
4925256,60,1,0,1
1004944,60,1,1,0
1327016,60,1,1,0
1924648,60,1,1,0
2488544,60,1,0,1
2736264,60,1,1,0
1605216,60,1,0,1
2728336,60,1,0,1
2863248,60,1,0,1
1543824,60,1,1,0
7228264,60,1,1,0
2498352,60,1,0,1
1551344,60,1,1,0
1573168,60,1,0,1
5747640,60,1,0,1
2233792,60,1,0,1
5755264,60,1,0,1
1563592,60,1,1,0
1719024,60,1,0,1
1565768,60,1,1,0
2305088,60,1,0,1
98536,60,1,0,1
5639408,60,1,0,1
3340872,60,1,0,1
5186384,60,1,1,0
686664,60,1,1,0
6049712,60,1,1,0
3312000,60,1,0,1
4051912,60,1,0,1
4629656,60,1,0,1
6716848,60,1,1,0
3634144,60,1,1,0
2526392,60,1,1,0
4301904,60,1,0,1
2487496,60,1,1,0
7787336,60,1,1,0
3622184,60,1,0,1
6568216,60,1,0,1
7460360,60,1,0,1
2876928,60,1,1,0
461912,60,1,1,0
5135440,60,1,0,1
4673928,60,1,0,1
1628032,60,1,0,1
2101496,60,1,1,0
4647576,60,1,0,1
3578064,60,1,1,0
724360,60,1,0,1
7238960,60,1,0,1
3152736,60,1,1,0
3717832,60,1,1,0
4518192,60,1,0,1
936384,60,1,0,1
309568,60,1,1,0
6463192,60,1,1,0
324520,60,1,0,1
4971632,60,1,0,1
3656400,60,1,0,1
335256,60,1,0,1
1808152,60,1,1,0
6042248,60,1,0,1
524208,60,1,0,1
2831096,60,1,1,0
1094520,60,1,1,0
6667032,60,1,0,1
8275512,60,1,0,1
1689928,60,1,1,0
2254768,60,1,0,1
6645272,60,1,0,1
3178544,60,1,0,1
3439760,60,1,0,1
4185616,60,1,1,0
7214544,60,1,0,1
3155800,60,1,0,1
7383344,60,1,1,0
3435888,60,1,0,1
584840,60,1,0,1
3347080,60,1,0,1
2755192,60,1,0,1
517776,60,1,0,1
7712440,60,1,0,1
6413328,60,1,1,0
7195728,60,1,0,1
754656,60,1,0,1
490600,60,1,0,1
6588968,60,1,1,0
1941976,60,1,0,1
223280,60,1,1,0
698872,60,1,0,1
1715296,60,1,1,0
532208,60,1,0,1
454152,60,1,1,0
1161008,60,1,1,0
5114952,60,1,0,1
864672,60,1,1,0
989968,60,1,0,1
1883768,60,1,0,1
7072896,60,1,1,0
1410896,60,1,1,0
575240,60,1,0,1
4594408,60,1,1,0
789376,60,1,1,0
2369176,60,1,0,1
3934064,60,1,0,1
7690344,60,1,0,1
4041776,60,1,0,1
4493008,60,1,1,0
2268112,60,1,1,0
1445576,60,1,1,0
461648,60,1,1,0
1026376,60,1,0,1
2204816,60,1,0,1
3692648,60,1,1,0
6527688,60,1,0,1
4839136,60,1,0,1
1184072,60,1,1,0
1962320,60,1,0,1
589000,60,1,0,1
4968016,60,1,0,1
7470480,60,1,1,0
2517248,60,1,0,1
874656,60,1,1,0
957824,60,1,1,0
875672,60,1,0,1
5279816,60,1,0,1
643528,60,1,0,1
859456,60,1,0,1
2549440,60,1,1,0
2431680,60,1,0,1
5224784,60,1,1,0
3099072,60,1,1,0
2312680,60,1,1,0
362624,60,1,0,1
7351664,60,1,0,1
4637168,60,1,0,1
680232,60,1,0,1
1639368,60,1,1,0
745592,60,1,0,1
3312336,60,1,0,1
1358640,60,1,1,0
2320944,60,1,0,1
299232,60,1,1,0
4839696,60,1,1,0
3517920,60,1,0,1
6300528,60,1,1,0
5570128,60,1,0,1
620744,60,1,1,0
608232,60,1,1,0
2351304,60,1,0,1
367656,60,1,1,0
5057200,60,1,0,1
134616,60,1,1,0
6437160,60,1,0,1
2603128,60,1,1,0
8198584,60,1,1,0
4440832,60,1,0,1
5585728,60,1,0,1
1041768,60,1,0,1
3767736,60,1,0,1
3532624,60,1,0,1
7517120,60,1,0,1
386696,60,1,0,1
653568,60,1,0,1
422896,60,1,1,0
3772400,60,1,1,0
7275496,60,1,1,0
4735056,60,1,1,0
827744,60,1,1,0
3387232,60,1,1,0
5832744,60,1,1,0
1864352,60,1,0,1
3280648,60,1,0,1
3713344,60,1,0,1
7099488,60,1,1,0
3421792,60,1,0,1
3549608,60,1,0,1
669008,60,1,1,0
620904,60,1,0,1
5290696,60,1,0,1
2281296,60,1,0,1
2272496,60,1,1,0
744672,60,1,0,1
1073808,60,1,0,1
981360,60,1,1,0
2923744,60,1,0,1
1035896,60,1,1,0
2928136,60,1,1,0
1085192,60,1,1,0
455800,60,1,1,0
290096,60,1,1,0
3025384,60,1,0,1
947904,60,1,0,1
2137784,60,1,1,0
2508432,60,1,0,1
4588944,60,1,0,1
8126288,60,1,1,0
518976,60,1,0,1
1608352,60,1,0,1
3019704,60,1,0,1
6944584,60,1,1,0
3677904,60,1,1,0
7899480,60,1,0,1
2011456,60,1,1,0
4127200,60,1,1,0
654760,60,1,1,0
3016448,60,1,0,1
1994080,60,1,0,1
1258696,60,1,1,0
488680,60,1,0,1
4067792,60,1,0,1
5188808,60,1,1,0
155360,60,1,1,0
2992824,60,1,1,0
1657720,60,1,0,1
669040,60,1,0,1
1183440,60,1,0,1
556192,60,1,1,0
603096,60,1,1,0
2874080,60,1,0,1
921448,60,1,0,1
6635536,60,1,1,0
1026592,60,1,0,1
4928264,60,1,1,0
1720168,60,1,0,1
6305696,60,1,0,1
117168,60,1,0,1
3133688,60,1,1,0
2251056,60,1,0,1
3527688,60,1,0,1
3256992,60,1,0,1
7484432,60,1,0,1
3292176,60,1,1,0
7948416,60,1,1,0
916792,60,1,1,0
1004280,60,1,1,0
4450624,60,1,1,0
525944,60,1,0,1
2800448,60,1,0,1
1287152,60,1,1,0
1140512,60,1,1,0
3701072,60,1,1,0
2905664,60,1,0,1
1015960,60,1,1,0
2847384,60,1,0,1
1659904,60,1,1,0
866640,60,1,1,0
3634504,60,1,0,1
6651096,60,1,0,1
1106184,60,1,0,1
783672,60,1,0,1
600656,60,1,0,1
1382904,60,1,1,0
4613328,60,1,1,0
3238000,60,1,0,1
7219464,60,1,1,0
2541040,60,1,0,1
3806192,60,1,0,1
289216,60,1,1,0
6811456,60,1,1,0
6579304,60,1,1,0
1967664,60,1,0,1
4458616,60,1,1,0
1371352,60,1,0,1
1585672,60,1,0,1
1119064,60,1,0,1
5100504,60,1,1,0
390712,60,1,0,1
266528,60,1,1,0
6011184,60,1,1,0
6232728,60,1,0,1
3554704,60,1,0,1
2121432,60,1,0,1
1170896,60,1,0,1
4376896,60,1,1,0
4248944,60,1,1,0
352008,60,1,0,1
615376,60,1,0,1
404776,60,1,0,1
5902624,60,1,1,0
6161584,60,1,0,1
2207744,60,1,1,0
2756744,60,1,1,0
8362728,60,1,1,0
1670600,60,1,1,0
5888552,60,1,0,1
1084080,60,1,0,1
8158104,60,1,1,0
876528,60,1,1,0
141456,60,1,1,0
995584,60,1,0,1
2109240,60,1,0,1
1687568,60,1,1,0
383152,60,1,0,1
4165264,60,1,1,0
7045176,60,1,1,0
598688,60,1,0,1
3136864,60,1,0,1
6755304,60,1,1,0
536912,60,1,0,1
445264,60,1,1,0
781160,60,1,0,1
2879952,60,1,1,0
465744,60,1,0,1
6101512,60,1,1,0
176632,60,1,1,0
3532176,60,1,1,0
4936424,60,1,1,0
5987984,60,1,1,0
507392,60,1,1,0
3083256,60,1,0,1
514048,60,1,1,0
731816,60,1,1,0
2846248,60,1,1,0
5636536,60,1,1,0
3966960,60,1,0,1
1580496,60,1,0,1
1416328,60,1,0,1
547504,60,1,1,0
790504,60,1,0,1
499272,60,1,1,0
429016,60,1,1,0
6644968,60,1,1,0
4146272,60,1,1,0
1158792,60,1,1,0
816936,60,1,1,0
3180272,60,1,0,1
7606344,60,1,0,1
1785048,60,1,0,1
2761544,60,1,0,1
620712,60,1,0,1
109592,60,1,1,0
1674768,60,1,0,1
1506584,60,1,0,1
697744,60,1,0,1
2575736,60,1,0,1
1563288,60,1,1,0
7354304,60,1,1,0
1721448,60,1,0,1
1078088,60,1,1,0
3541440,60,1,1,0
1838232,60,1,0,1
1641256,60,1,0,1
783992,60,1,1,0
1126288,60,1,0,1
1539528,60,1,0,1
2616104,60,1,0,1
6396136,60,1,0,1
5861800,60,1,0,1
7966216,60,1,0,1
4747680,60,1,1,0
1615688,60,1,0,1
2801072,60,1,1,0
1460656,60,1,0,1
563240,60,1,0,1
1883032,60,1,0,1
7097016,60,1,1,0
2135128,60,1,1,0
408896,60,1,0,1
897504,60,1,1,0
2721208,60,1,1,0
7603696,60,1,0,1
6536880,60,1,1,0
4982696,60,1,0,1
501000,60,1,1,0
577888,60,1,0,1
3098136,60,1,0,1
775616,60,1,0,1
874480,60,1,0,1
1472080,60,1,1,0
8062152,60,1,1,0
2134760,60,1,0,1
5785344,60,1,0,1
4380472,60,1,1,0
757136,60,1,0,1
4150832,60,1,0,1
725768,60,1,1,0
632912,60,1,1,0
1475648,60,1,1,0
3220128,60,1,1,0
7769824,60,1,1,0
4137168,60,1,0,1
265736,60,1,1,0
6124472,60,1,1,0
8050584,60,1,1,0
2109952,60,1,1,0
3719056,60,1,0,1
3692040,60,1,0,1
5569944,60,1,0,1
3057400,60,1,1,0
539848,60,1,1,0
1203344,60,1,1,0
7226104,60,1,0,1
7644632,60,1,0,1
636432,60,1,1,0
3029816,60,1,1,0
6836264,60,1,1,0
650456,60,1,1,0
7954848,60,1,0,1
1077728,60,1,1,0
1483352,60,1,0,1
7180016,60,1,0,1
4389400,60,1,1,0
252984,60,1,0,1
5238208,60,1,1,0
1932760,60,1,1,0
667648,60,1,0,1
3553072,60,1,1,0
252088,60,1,1,0
2315864,60,1,0,1
2354184,60,1,0,1
2433928,60,1,1,0
2146240,60,1,0,1
2079800,60,1,1,0
647224,60,1,1,0
216352,60,1,0,1
556328,60,1,1,0
612280,60,1,0,1
261784,60,1,1,0
2088368,60,1,1,0
8056792,60,1,0,1
3744240,60,1,0,1
5102080,60,1,1,0
4931152,60,1,0,1
850424,60,1,0,1
1951664,60,1,1,0
231248,60,1,0,1
2347728,60,1,1,0
3560424,60,1,1,0
922352,60,1,0,1
1268520,60,1,0,1
2726544,60,1,0,1
2674520,60,1,0,1
3016760,60,1,1,0
1719168,60,1,0,1
4588592,60,1,0,1
5465608,60,1,1,0
2867128,60,1,1,0
7851208,60,1,0,1
8095168,60,1,0,1
1874360,60,1,1,0
243120,60,1,1,0
4700264,60,1,1,0
5375632,60,1,1,0
1000504,60,1,1,0
1676552,60,1,1,0
505520,60,1,0,1
1092640,60,1,1,0
1583096,60,1,1,0
4808728,60,1,0,1
1292304,60,1,1,0
1312592,60,1,0,1
5242816,60,1,1,0
4978136,60,1,0,1
7053216,60,1,1,0
5853488,60,1,0,1
225472,60,1,0,1
4854640,60,1,0,1
2216888,60,1,0,1
2455312,60,1,1,0
1468824,60,1,0,1
2364872,60,1,0,1
4945120,60,1,0,1
4015792,60,1,1,0
3466416,60,1,0,1
4220248,60,1,0,1
5507016,60,1,1,0
2646672,60,1,0,1
7816992,60,1,0,1
6082136,60,1,0,1
1526704,60,1,1,0
7530496,60,1,0,1
3089088,60,1,1,0
6015184,60,1,1,0
257200,60,1,0,1
3021144,60,1,0,1
4431224,60,1,0,1
1687016,60,1,0,1
263072,60,1,0,1
1070824,60,1,0,1
425312,60,1,1,0
4848064,60,1,1,0
7113904,60,1,0,1
326816,60,1,1,0
1783872,60,1,1,0
3358096,60,1,1,0
1156456,60,1,0,1
6749232,60,1,0,1
4383176,60,1,1,0
6594928,60,1,0,1
930784,60,1,0,1
4446104,60,1,0,1
1677184,60,1,1,0
1750752,60,1,0,1
1521272,60,1,1,0
4237272,60,1,0,1
3495496,60,1,1,0
5502920,60,1,0,1
3798744,60,1,0,1
371216,60,1,0,1
504736,60,1,0,1
2766264,60,1,1,0
8296056,60,1,1,0
8268680,60,1,0,1
5162744,60,1,0,1
869112,60,1,0,1
1723488,60,1,0,1
130344,60,1,0,1
1788760,60,1,1,0
2747048,60,1,1,0
320864,60,1,1,0
322192,60,1,0,1
4237112,60,1,1,0
5980216,60,1,0,1
4261392,60,1,0,1
4275224,60,1,1,0
7498928,60,1,1,0
332528,60,1,0,1
1543376,60,1,1,0
201928,60,1,0,1
938416,60,1,0,1
4165432,60,1,1,0
2067376,60,1,0,1
4804552,60,1,1,0
1623848,60,1,0,1
4800480,60,1,1,0
275256,60,1,0,1
2031200,60,1,1,0
122552,60,1,0,1
5038488,60,1,1,0
468720,60,1,0,1
2332328,60,1,1,0
4634840,60,1,1,0
1464104,60,1,1,0
5822592,60,1,1,0
3018448,60,1,1,0
4202336,60,1,0,1
244504,60,1,0,1
4516216,60,1,1,0
487968,60,1,0,1
4314344,60,1,1,0
563416,60,1,0,1
1138024,60,1,0,1
1369032,60,1,0,1
3471624,60,1,1,0
7787896,60,1,0,1
4541792,60,1,0,1
3672024,60,1,0,1
513208,60,1,0,1
4208352,60,1,0,1
3331992,60,1,0,1
1289464,60,1,1,0
4725592,60,1,1,0
1833672,60,1,0,1
913064,60,1,1,0
2335840,60,1,0,1
7120728,60,1,0,1
5808064,60,1,1,0
6446312,60,1,0,1
537984,60,1,0,1
5687688,60,1,0,1
3451072,60,1,1,0
3128544,60,1,0,1
4418360,60,1,1,0
1400144,60,1,1,0
3487552,60,1,0,1
932480,60,1,0,1
794568,60,1,1,0
6480280,60,1,0,1
1722016,60,1,1,0
4262848,60,1,0,1
2890600,60,1,0,1
4824040,60,1,1,0
7703952,60,1,0,1
5994776,60,1,0,1
7431400,60,1,0,1
854560,60,1,0,1
1714728,60,1,1,0
1519112,60,1,0,1
6306016,60,1,0,1
546104,60,1,1,0
1263192,60,1,0,1
7398208,60,1,1,0
6898896,60,1,1,0
688104,60,1,1,0
2090752,60,1,0,1
700624,60,1,0,1
782528,60,1,0,1
5744376,60,1,1,0
5637032,60,1,1,0
1351968,60,1,1,0
7384360,60,1,1,0
4234368,60,1,0,1
1991080,60,1,0,1
3218136,60,1,1,0
1223712,60,1,1,0
5228168,60,1,1,0
3345000,60,1,1,0
320352,60,1,1,0
2612128,60,1,0,1
1908248,60,1,0,1
469928,60,1,1,0
167400,60,1,0,1
4726744,60,1,1,0
8340392,60,1,1,0
1177656,60,1,0,1
3162592,60,1,1,0
615896,60,1,0,1
7932296,60,1,1,0
8227464,60,1,1,0
3909656,60,1,0,1
1206648,60,1,1,0
507736,60,1,1,0
3868192,60,1,1,0
1812616,60,1,1,0
532000,60,1,1,0
2452976,60,1,0,1
610096,60,1,1,0
6575848,60,1,1,0
569632,60,1,1,0
1148720,60,1,1,0
276568,60,1,0,1
1656280,60,1,0,1
3016288,60,1,1,0
1476848,60,1,0,1
8047984,60,1,0,1
735192,60,1,0,1
1345376,60,1,0,1
843888,60,1,1,0
4781152,60,1,0,1
863920,60,1,0,1
4612656,60,1,1,0
217240,60,1,0,1
3268016,60,1,0,1
1328720,60,1,1,0
2060264,60,1,1,0
4739704,60,1,0,1
1226648,60,1,1,0
7407848,60,1,1,0
557824,60,1,0,1
2540016,60,1,1,0
7076688,60,1,1,0
5292496,60,1,0,1
2225552,60,1,1,0
3024496,60,1,1,0
943176,60,1,1,0
7190560,60,1,1,0
6659048,60,1,0,1
447368,60,1,1,0
4361152,60,1,1,0
2066416,60,1,0,1
160912,60,1,1,0
2097528,60,1,0,1
6615832,60,1,0,1
4621056,60,1,1,0
4503544,60,1,1,0
3552344,60,1,0,1
3135352,60,1,0,1
3866008,60,1,1,0
1383424,60,1,0,1
4424416,60,1,0,1
4092760,60,1,0,1
87936,60,1,1,0
1309640,60,1,1,0
1054400,60,1,1,0
2348536,60,1,1,0
4680256,60,1,0,1
2523400,60,1,1,0
5158816,60,1,1,0
2786008,60,1,1,0
486768,60,1,0,1
3685816,60,1,0,1
7760608,60,1,1,0
7577080,60,1,1,0
602608,60,1,0,1
4566168,60,1,0,1
976592,60,1,1,0
567536,60,1,1,0
7617672,60,1,1,0
1232840,60,1,1,0
3600392,60,1,1,0
1440912,60,1,1,0
4315288,60,1,0,1
4753144,60,1,1,0
7053560,60,1,1,0
6482936,60,1,1,0
771016,60,1,1,0
2076792,60,1,1,0
7031352,60,1,1,0
7938576,60,1,1,0
179168,60,1,0,1
2988544,60,1,0,1
187928,60,1,1,0
443608,60,1,1,0
203856,60,1,1,0
5172736,60,1,0,1
236408,60,1,0,1
419320,60,1,0,1
4547640,60,1,0,1
970184,60,1,1,0
3464344,60,1,1,0
5184624,60,1,1,0
1818280,60,1,1,0
1082816,60,1,1,0
751064,60,1,0,1
1235280,60,1,1,0
500440,60,1,0,1
712048,60,1,1,0
2087024,60,1,1,0
7826176,60,1,1,0
1693744,60,1,0,1
1702400,60,1,1,0
962384,60,1,1,0
3174096,60,1,1,0
1607136,60,1,0,1
5964976,60,1,0,1
2905848,60,1,0,1
4175112,60,1,1,0
1621312,60,1,0,1
2471000,60,1,0,1
747560,60,1,0,1
3811296,60,1,1,0
2306856,60,1,0,1
868128,60,1,0,1
4622168,60,1,0,1
919360,60,1,0,1
390432,60,1,1,0
3747696,60,1,0,1
393768,60,1,1,0
2110128,60,1,1,0
5988136,60,1,1,0
5068352,60,1,1,0
6480856,60,1,0,1
447192,60,1,1,0
6820136,60,1,0,1
956664,60,1,0,1
4025072,60,1,0,1
5833472,60,1,1,0
367040,60,1,0,1
5494136,60,1,0,1
1303024,60,1,0,1
5156328,60,1,1,0
1589888,60,1,0,1
6880192,60,1,1,0
1831552,60,1,1,0
1110392,60,1,1,0
1337584,60,1,1,0
3845920,60,1,1,0
2216688,60,1,0,1
5128872,60,1,1,0
611672,60,1,0,1
213416,60,1,1,0
6171440,60,1,0,1
2102576,60,1,1,0
3134056,60,1,0,1
954936,61,1,0,1
176176,61,1,1,0
2704824,61,1,0,1
1046016,61,1,0,1
923944,61,1,0,1
3343376,61,1,1,0
2026096,61,1,0,1
1437320,61,1,0,1
1851920,61,1,1,0
645208,61,1,1,0
2842064,61,1,1,0
4794464,61,1,0,1
2517752,61,1,1,0
5530976,61,1,1,0
3866424,61,1,1,0
749688,61,1,0,1
934896,61,1,1,0
846744,61,1,0,1
321472,61,1,0,1
2093752,61,1,0,1
943928,61,1,0,1
2446560,61,1,1,0
233336,61,1,1,0
561560,61,1,1,0
1362248,61,1,1,0
6752280,61,1,1,0
681712,61,1,1,0
1911440,61,1,0,1
3384016,61,1,1,0
1191808,61,1,1,0
2810168,61,1,1,0
4602824,61,1,0,1
1360768,61,1,1,0
2137808,61,1,1,0
4170184,61,1,0,1
5748024,61,1,0,1
147896,61,1,0,1
1256672,61,1,1,0
761560,61,1,0,1
890016,61,1,0,1
640832,61,1,0,1
922152,61,1,1,0
1346600,61,1,0,1
2684360,61,1,1,0
783376,61,1,1,0
2114032,61,1,1,0
1955888,61,1,1,0
2421456,61,1,0,1
5678864,61,1,1,0
6723448,61,1,1,0
2743952,61,1,1,0
1739768,61,1,0,1
6285280,61,1,1,0
7981240,61,1,1,0
4955920,61,1,1,0
925304,61,1,1,0
6183232,61,1,1,0
2667440,61,1,0,1
1383040,61,1,1,0
5726408,61,1,1,0
453392,61,1,0,1
5728008,61,1,1,0
525048,61,1,0,1
7818560,61,1,0,1
6067912,61,1,1,0
553904,61,1,1,0
230840,61,1,0,1
383800,61,1,0,1
646208,61,1,0,1
5873800,61,1,0,1
2861320,61,1,0,1
3267736,61,1,0,1
777360,61,1,0,1
1848296,61,1,0,1
280528,61,1,1,0
3104104,61,1,1,0
7284288,61,1,0,1
3828568,61,1,1,0
2904280,61,1,1,0
1648392,61,1,1,0
2941928,61,1,1,0
99664,61,1,1,0
952960,61,1,0,1
559312,61,1,1,0
678752,61,1,0,1
4458128,61,1,1,0
1107888,61,1,1,0
3010376,61,1,1,0
1156912,61,1,1,0
3454288,61,1,1,0
1111680,61,1,0,1
1162504,61,1,0,1
2985560,61,1,0,1
7681920,61,1,0,1
1786792,61,1,0,1
4336616,61,1,1,0
3529984,61,1,0,1
4135944,61,1,1,0
2320240,61,1,0,1
297632,61,1,1,0
3701256,61,1,0,1
552408,61,1,0,1
2524144,61,1,0,1
258112,61,1,0,1
6087544,61,1,1,0
1553032,61,1,0,1
1281344,61,1,1,0
608288,61,1,0,1
3918608,61,1,0,1
5907872,61,1,0,1
1715024,61,1,0,1
7101760,61,1,1,0
6839832,61,1,0,1
1119608,61,1,0,1
3731592,61,1,1,0
6091592,61,1,0,1
3615328,61,1,0,1
480944,61,1,1,0
5937552,61,1,1,0
1970752,61,1,1,0
4776784,61,1,1,0
1662496,61,1,1,0
2455944,61,1,1,0
1544432,61,1,1,0
440560,61,1,1,0
1137336,61,1,0,1
971320,61,1,1,0
6323048,61,1,1,0
6485216,61,1,0,1
2062136,61,1,0,1
5123720,61,1,1,0
5779768,61,1,0,1
3264312,61,1,0,1
8293152,61,1,0,1
4191928,61,1,0,1
7383456,61,1,0,1
1499032,61,1,1,0
8270568,61,1,1,0
3891840,61,1,1,0
1072416,61,1,0,1
8119680,61,1,0,1
208008,61,1,1,0
805264,61,1,0,1
4018112,61,1,1,0
5821944,61,1,0,1
4259088,61,1,1,0
1787088,61,1,0,1
8185328,61,1,0,1
292048,61,1,0,1
7105640,61,1,1,0
192272,61,1,0,1
3221208,61,1,1,0
1812432,61,1,1,0
6179768,61,1,1,0
3539760,61,1,0,1
1941848,61,1,0,1
737080,61,1,1,0
2224296,61,1,0,1
120984,61,1,0,1
262840,61,1,1,0
1761728,61,1,0,1
1677336,61,1,0,1
1677776,61,1,1,0
5499944,61,1,0,1
2535128,61,1,1,0
4118912,61,1,1,0
2872776,61,1,0,1
2720680,61,1,1,0
830776,61,1,1,0
3151024,61,1,1,0
3977176,61,1,0,1
1470944,61,1,1,0
5016488,61,1,0,1
3897520,61,1,1,0
5622704,61,1,1,0
7128864,61,1,1,0
2013696,61,1,0,1
2247632,61,1,0,1
2773312,61,1,0,1
1189440,61,1,0,1
3329080,61,1,1,0
1201368,61,1,1,0
1911184,61,1,0,1
400856,61,1,0,1
6714856,61,1,0,1
5609024,61,1,1,0
4065568,61,1,0,1
642688,61,1,0,1
3813856,61,1,0,1
3572928,61,1,0,1
522456,61,1,0,1
1580168,61,1,0,1
793816,61,1,1,0
3009792,61,1,1,0
839552,61,1,1,0
6337544,61,1,0,1
7826560,61,1,0,1
1316032,61,1,0,1
815928,61,1,1,0
1391528,61,1,0,1
1425568,61,1,0,1
6352936,61,1,1,0
376008,61,1,0,1
6584848,61,1,0,1
1116672,61,1,1,0
811552,61,1,1,0
7506096,61,1,0,1
422608,61,1,0,1
3731512,61,1,0,1
1273736,61,1,1,0
2027192,61,1,0,1
1862032,61,1,1,0
757128,61,1,0,1
4488024,61,1,0,1
1374752,61,1,0,1
119184,61,1,0,1
894544,61,1,1,0
7412744,61,1,1,0
6352384,61,1,0,1
3745760,61,1,1,0
2598784,61,1,0,1
4797520,61,1,1,0
417640,61,1,0,1
996536,61,1,0,1
5655800,61,1,1,0
1619824,61,1,1,0
5407816,61,1,0,1
1210064,61,1,1,0
2582096,61,1,1,0
4176112,61,1,0,1
6774048,61,1,0,1
1562216,61,1,1,0
3144160,61,1,0,1
196880,61,1,0,1
1942456,61,1,0,1
4557720,61,1,0,1
438520,61,1,0,1
5081600,61,1,0,1
224400,61,1,1,0
5116928,61,1,1,0
539696,61,1,0,1
4342664,61,1,1,0
5706200,61,1,1,0
2407992,61,1,1,0
1702176,61,1,1,0
7312584,61,1,1,0
5956592,61,1,0,1
6604352,61,1,1,0
3744616,61,1,0,1
475208,61,1,1,0
4287344,61,1,1,0
343472,61,1,0,1
119912,61,1,1,0
2376296,61,1,1,0
2612160,61,1,1,0
696992,61,1,1,0
3056376,61,1,0,1
301536,61,1,1,0
254112,61,1,0,1
5193144,61,1,0,1
5817504,61,1,0,1
7254376,61,1,1,0
1027360,61,1,0,1
2859552,61,1,0,1
6838832,61,1,1,0
1489544,61,1,0,1
1988880,61,1,1,0
1364544,61,1,0,1
6839368,61,1,1,0
3018504,61,1,1,0
8117784,61,1,0,1
8275720,61,1,1,0
5833872,61,1,0,1
4523696,61,1,1,0
3077720,61,1,1,0
485296,61,1,1,0
1366704,61,1,1,0
2876600,61,1,0,1
1415576,61,1,0,1
159024,61,1,0,1
3766800,61,1,1,0
3586712,61,1,1,0
695392,61,1,1,0
2608280,61,1,0,1
4973328,61,1,0,1
1415280,61,1,1,0
2139256,61,1,1,0
2811080,61,1,0,1
1607704,61,1,0,1
421240,61,1,0,1
2877424,61,1,0,1
3282040,61,1,1,0
726072,61,1,0,1
1243504,61,1,0,1
5930984,61,1,0,1
834104,61,1,1,0
7517400,61,1,0,1
1159768,61,1,1,0
879704,61,1,0,1
258440,61,1,1,0
1115312,61,1,1,0
5689904,61,1,0,1
6702056,61,1,1,0
262136,61,1,1,0
2408632,61,1,1,0
2181416,61,1,0,1
704800,61,1,1,0
6344344,61,1,1,0
643024,61,1,1,0
557920,61,1,1,0
1428224,61,1,1,0
4035320,61,1,1,0
2754056,61,1,1,0
6906168,61,1,1,0
365088,61,1,0,1
417464,61,1,1,0
5240712,61,1,1,0
3381840,61,1,0,1
2623392,61,1,0,1
191304,61,1,1,0
2748344,61,1,1,0
452544,61,1,1,0
6264176,61,1,0,1
1626088,61,1,0,1
2681936,61,1,0,1
375728,61,1,1,0
3671408,61,1,1,0
328032,61,1,0,1
525896,61,1,1,0
1348656,61,1,0,1
3347408,61,1,0,1
1226576,61,1,1,0
3240648,61,1,0,1
2294216,61,1,1,0
1958232,61,1,1,0
906952,61,1,0,1
2764064,61,1,1,0
1773368,61,1,0,1
1693656,61,1,1,0
2953008,61,1,0,1
1899312,61,1,1,0
7011624,61,1,1,0
67472,61,1,1,0
5697088,61,1,0,1
1452680,61,1,0,1
1136360,61,1,0,1
1579680,61,1,0,1
3453736,61,1,0,1
4357416,61,1,0,1
2776024,61,1,1,0
1934272,61,1,1,0
1292168,61,1,0,1
2079104,61,1,0,1
1324816,61,1,1,0
2254184,61,1,1,0
6447440,61,1,0,1
1080864,61,1,1,0
3430144,61,1,1,0
904768,61,1,1,0
1230120,61,1,1,0
5003344,61,1,1,0
946088,61,1,1,0
323408,61,1,0,1
502656,61,1,1,0
2643744,61,1,1,0
267712,61,1,1,0
1534968,61,1,1,0
3412080,61,1,0,1
1251872,61,1,0,1
1849776,61,1,0,1
326544,61,1,1,0
5194280,61,1,0,1
817416,61,1,1,0
2672936,61,1,1,0
683584,61,1,0,1
1225520,61,1,0,1
5683072,61,1,1,0
1363736,61,1,1,0
1158976,61,1,0,1
190576,61,1,1,0
386200,61,1,0,1
2103448,61,1,0,1
2693904,61,1,0,1
623056,61,1,1,0
2815552,61,1,0,1
1976136,61,1,1,0
6264192,61,1,0,1
1396976,61,1,0,1
4230552,61,1,0,1
1730128,61,1,0,1
781968,61,1,1,0
7113408,61,1,1,0
2284368,61,1,0,1
880136,61,1,1,0
890720,61,1,1,0
1600816,61,1,0,1
751408,61,1,1,0
992736,61,1,0,1
4188488,61,1,0,1
2952816,61,1,1,0
5335584,61,1,0,1
2034880,61,1,1,0
669288,61,1,1,0
5348936,61,1,1,0
2016888,61,1,0,1
2204320,61,1,0,1
8169544,61,1,1,0
2445632,61,1,0,1
355824,61,1,0,1
1714792,61,1,1,0
1014440,61,1,0,1
6747832,61,1,1,0
2534288,61,1,1,0
3718000,61,1,0,1
271632,61,1,1,0
2328952,61,1,0,1
1980128,61,1,0,1
1678056,61,1,0,1
3355184,61,1,0,1
1884376,61,1,0,1
183352,61,1,0,1
1612784,61,1,1,0
3643448,61,1,0,1
4300912,61,1,0,1
3916248,61,1,0,1
7772488,61,1,1,0
3090072,61,1,1,0
316928,61,1,1,0
3709008,61,1,0,1
4079040,61,1,1,0
1286784,61,1,0,1
1600320,61,1,0,1
913008,61,1,1,0
6396656,61,1,1,0
1925976,61,1,1,0
5241408,61,1,1,0
556760,61,1,1,0
3576576,61,1,0,1
4465880,61,1,1,0
2835744,61,1,0,1
1028000,61,1,1,0
201344,61,1,1,0
7399944,61,1,0,1
4478832,61,1,0,1
1709424,61,1,1,0
3201936,61,1,1,0
4241344,61,1,0,1
2996288,61,1,0,1
1758280,61,1,1,0
5612240,61,1,0,1
1208872,61,1,0,1
1788488,61,1,0,1
1165136,61,1,1,0
244904,61,1,0,1
3405688,61,1,1,0
579840,61,1,0,1
777776,61,1,1,0
1990000,61,1,0,1
1287648,61,1,0,1
5641168,61,1,1,0
6602120,61,1,0,1
255488,61,1,1,0
4072680,61,1,0,1
4133856,61,1,0,1
1845472,61,1,1,0
1176592,61,1,0,1
8246656,61,1,1,0
300832,61,1,0,1
2762016,61,1,0,1
847896,61,1,1,0
2041312,61,1,0,1
1446168,61,1,0,1
4451408,61,1,1,0
3092448,61,1,0,1
6491712,61,1,1,0
1145592,61,1,1,0
5336808,61,1,0,1
4400384,61,1,1,0
1969832,61,1,0,1
6365160,61,1,0,1
5550760,61,1,0,1
239296,61,1,0,1
6863072,61,1,1,0
1134168,61,1,1,0
7736592,61,1,0,1
138120,61,1,0,1
2008760,61,1,0,1
936856,61,1,0,1
7223368,61,1,0,1
5249016,61,1,1,0
1859144,61,1,0,1
1183648,61,1,1,0
5420480,61,1,1,0
2152360,61,1,0,1
566664,61,1,1,0
596336,61,1,0,1
219776,61,1,1,0
5467968,61,1,0,1
1561368,61,1,1,0
1904872,61,1,1,0
8192528,61,1,1,0
202424,61,1,1,0
532536,61,1,1,0
2422336,61,1,0,1
463288,61,1,0,1
1755392,61,1,0,1
6124720,61,1,1,0
1978496,61,1,1,0
8016456,61,1,1,0
8283144,61,1,1,0
7914240,61,1,1,0
6198896,61,1,0,1
1274200,61,1,0,1
673280,61,1,1,0
4574968,61,1,0,1
4541256,61,1,1,0
806776,61,1,0,1
3299688,61,1,1,0
767584,61,1,1,0
6004312,61,1,0,1
7670160,61,1,1,0
3499928,61,1,0,1
2744928,61,1,1,0
2533800,61,1,1,0
5771824,61,1,1,0
1375600,61,1,0,1
6888776,61,1,0,1
7487064,61,1,0,1
260624,61,1,0,1
1524272,61,1,1,0
270536,61,1,0,1
2154928,61,1,1,0
2577976,61,1,0,1
5700704,61,1,0,1
1423992,61,1,0,1
2161456,61,1,0,1
1375024,61,1,0,1
907376,61,1,0,1
413568,61,1,1,0
424552,61,1,0,1
962552,61,1,1,0
904200,61,1,0,1
2130208,61,1,1,0
2709928,61,1,1,0
311712,61,1,0,1
1667344,61,1,0,1
1827904,61,1,1,0
1953856,61,1,0,1
916384,61,1,0,1
1074904,61,1,0,1
2090096,61,1,1,0
4335280,61,1,0,1
91512,61,1,0,1
1015912,61,1,1,0
8339392,61,1,0,1
1452656,61,1,0,1
2906776,61,1,0,1
1669080,61,1,0,1
7417240,61,1,1,0
1156472,61,1,1,0
6819344,61,1,0,1
641528,61,1,0,1
1497528,61,1,1,0
4786800,61,1,0,1
7461608,61,1,0,1
3706608,61,1,1,0
1873584,61,1,0,1
4849824,61,1,1,0
7541184,61,1,0,1
1400296,61,1,0,1
8040736,61,1,0,1
3119992,61,1,1,0
6561248,61,1,0,1
7163568,61,1,1,0
502744,61,1,1,0
2502168,61,1,1,0
309544,61,1,0,1
7048384,61,1,1,0
3463024,61,1,0,1
464520,61,1,1,0
3976024,61,1,1,0
4914832,61,1,1,0
1173816,61,1,0,1
829536,61,1,1,0
7465568,61,1,0,1
7727848,61,1,1,0
5586664,61,1,0,1
4359272,61,1,0,1
1094544,61,1,1,0
3184112,61,1,1,0
1064952,61,1,1,0
3633168,61,1,0,1
838984,61,1,0,1
7884480,61,1,1,0
729888,61,1,0,1
2122336,61,1,1,0
1394320,61,1,0,1
6980976,61,1,1,0
277184,61,1,1,0
5119240,61,1,0,1
1663736,61,1,0,1
5668296,61,1,1,0
1914096,61,1,0,1
4831760,61,1,1,0
4935152,61,1,0,1
4934976,61,1,0,1
4282984,61,1,1,0
5673232,61,1,0,1
5070768,61,1,0,1
3159520,61,1,0,1
647088,61,1,0,1
323616,61,1,1,0
3419784,61,1,0,1
1889928,61,1,1,0
7063520,61,1,0,1
7708840,61,1,1,0
460832,61,1,0,1
2568616,61,1,1,0
1089656,61,1,0,1
687944,61,1,1,0
266624,61,1,0,1
459104,61,1,1,0
3649632,61,1,0,1
650736,61,1,1,0
430456,61,1,1,0
1079256,61,1,1,0
5777760,61,1,0,1
1022656,61,1,1,0
1224384,61,1,0,1
2133248,61,1,1,0
2870712,61,1,0,1
6446432,61,1,1,0
1058664,61,1,0,1
5637256,61,1,1,0
2697064,61,1,0,1
5120872,61,1,1,0
233776,61,1,1,0
3528160,61,1,1,0
869016,61,1,1,0
1570432,61,1,1,0
2580584,61,1,0,1
1208056,61,1,0,1
1507320,61,1,1,0
549632,61,1,0,1
1960792,61,1,1,0
4204928,61,1,1,0
5871232,61,1,0,1
6240944,61,1,0,1
1904168,61,1,1,0
8221864,61,1,0,1
7751640,61,1,1,0
6592552,61,1,1,0
3579392,61,1,0,1
3176392,61,1,0,1
424504,61,1,0,1
2491424,61,1,0,1
3197928,61,1,1,0
2911600,61,1,1,0
5894136,61,1,0,1
2241032,61,1,1,0
3414192,61,1,0,1
4614144,61,1,1,0
2302344,61,1,1,0
2354240,61,1,1,0
1547776,61,1,1,0
678280,61,1,1,0
5536800,61,1,0,1
932640,61,1,1,0
6868672,61,1,0,1
7941288,61,1,0,1
1411368,61,1,0,1
4807048,61,1,0,1
6340152,61,1,1,0
635184,61,1,1,0
2514608,61,1,0,1
8149592,61,1,1,0
1751312,61,1,1,0
902760,61,1,1,0
1703856,61,1,1,0
586992,61,1,1,0
7965424,61,1,0,1
6635944,61,1,0,1
4839808,61,1,1,0
4045048,61,1,0,1
5570088,61,1,0,1
6658048,61,1,0,1
2293936,61,1,0,1
480224,61,1,0,1
791968,61,1,1,0
431840,61,1,1,0
3387616,61,1,0,1
1590168,61,1,0,1
1210264,61,1,0,1
2824720,61,1,0,1
4509584,61,1,0,1
2651840,61,1,1,0
1212128,61,1,0,1
1271936,61,1,1,0
736968,61,1,0,1
907336,61,1,1,0
811736,61,1,1,0
6852432,61,1,0,1
3377408,61,1,1,0
368304,61,1,0,1
7593880,61,1,1,0
1638424,61,1,1,0
1899448,61,1,1,0
5839288,61,1,1,0
1129896,61,1,0,1
1185384,61,1,1,0
877672,61,1,1,0
2315272,61,1,0,1
3013816,61,1,1,0
7412728,61,1,0,1
3937816,61,1,0,1
479240,61,1,0,1
6276584,61,1,0,1
5115808,61,1,0,1
2818424,61,1,1,0
794536,61,1,0,1
6201376,61,1,1,0
636856,61,1,1,0
3092640,61,1,1,0
6011352,61,1,0,1
1706264,61,1,0,1
1125240,61,1,0,1
626008,61,1,0,1
7244256,61,1,0,1
237928,61,1,1,0
1773456,61,1,1,0
207992,61,1,0,1
3864824,61,1,0,1
540184,61,1,0,1
1039880,61,1,1,0
5760448,61,1,0,1
6575448,61,1,1,0
5537384,61,1,1,0
671576,61,1,0,1
6352336,61,1,0,1
6929008,61,1,0,1
4849664,61,1,1,0
3159656,61,1,0,1
287280,61,1,0,1
314312,61,1,0,1
967456,61,1,0,1
5036232,61,1,1,0
3803632,61,1,0,1
5026144,61,1,1,0
821880,61,1,1,0
4702304,61,1,0,1
4703216,61,1,1,0
3740992,61,1,0,1
5921776,61,1,0,1
519688,61,1,0,1
2879368,61,1,1,0
4893240,61,1,0,1
484320,61,1,1,0
357544,61,1,1,0
4382120,61,1,0,1
409936,61,1,0,1
642184,61,1,0,1
3912704,61,1,1,0
2505432,61,1,1,0
3279184,61,1,0,1
5594040,61,1,0,1
4561488,61,1,1,0
637688,61,1,0,1
1918560,61,1,1,0
1216776,61,1,1,0
8044600,61,1,1,0
950216,61,1,1,0
3102624,61,1,1,0
305824,61,1,0,1
2836480,61,1,0,1
3671448,61,1,0,1
5271584,61,1,1,0
2570528,61,1,1,0
622472,61,1,0,1
4126272,61,1,1,0
4961000,61,1,1,0
257400,61,1,1,0
7147968,61,1,0,1
5014512,61,1,1,0
2787976,61,1,0,1
5074296,61,1,0,1
1118448,61,1,1,0
1947968,61,1,0,1
3494784,61,1,0,1
2422320,61,1,0,1
3701080,61,1,0,1
545104,61,1,1,0
4963616,61,1,1,0
875112,61,1,0,1
445576,61,1,0,1
7668144,61,1,1,0
2426056,61,1,0,1
2233104,61,1,0,1
4503504,61,1,0,1
584112,61,1,0,1
2916328,61,1,0,1
341768,61,1,1,0
376704,61,1,1,0
435296,61,1,0,1
1482272,61,1,1,0
139880,61,1,0,1
2119840,61,1,1,0
685000,61,1,0,1
3715648,61,1,1,0
5111928,61,1,1,0
2293656,61,1,1,0
6441304,61,1,0,1
1285872,61,1,0,1
3291296,61,1,0,1
7634744,61,1,1,0
423472,61,1,1,0
2421280,61,1,1,0
886344,61,1,0,1
2135968,61,1,1,0
782232,61,1,1,0
6605912,61,1,0,1
3551160,61,1,0,1
6997784,61,1,1,0
469304,61,1,0,1
1165448,61,1,0,1
1144424,61,1,1,0
1333304,61,1,1,0
3886024,61,1,0,1
618016,61,1,1,0
5654040,61,1,0,1
1962376,61,1,0,1
1840040,61,1,0,1
2215232,61,1,0,1
294056,61,1,1,0
3087480,61,1,1,0
8214184,61,1,1,0
5057384,61,1,1,0
7056360,61,1,1,0
6189832,61,1,1,0
1016072,61,1,0,1
5970528,61,1,1,0
1142464,61,1,0,1
4341728,61,1,1,0
2915728,61,1,1,0
5092688,61,1,1,0
1186680,61,1,0,1
5254104,61,1,1,0
2014920,61,1,1,0
773544,61,1,1,0
5329128,61,1,1,0
5502856,61,1,1,0
862976,61,1,1,0
6090160,61,1,0,1
525336,61,1,1,0
5717080,61,1,1,0
687264,61,1,1,0
7704856,61,1,1,0
416312,61,1,1,0
117584,61,1,0,1
496608,61,1,0,1
197176,61,1,1,0
344224,61,1,0,1
980464,61,1,1,0
1759824,61,1,1,0
3890296,61,1,1,0
901856,61,1,1,0
2407200,61,1,1,0
1706584,61,1,0,1
851528,61,1,1,0
2709736,61,1,1,0
1996880,61,1,0,1
1612128,61,1,1,0
959000,61,1,1,0
516344,61,1,0,1
1381392,61,1,1,0
914160,61,1,1,0
788568,61,1,0,1
6607904,61,1,0,1
5066400,61,1,0,1
2873768,61,1,0,1
3206072,61,1,0,1
7841008,61,1,1,0
1971120,61,1,0,1
362136,61,1,1,0
1000736,61,1,1,0
6986720,61,1,1,0
2698648,61,1,1,0
4068584,61,1,1,0
3733000,61,1,1,0
4913344,61,1,0,1
1445992,61,1,1,0
590080,61,1,1,0
5645120,61,1,0,1
6307096,61,1,0,1
2799856,61,1,1,0
2320224,61,1,1,0
6544912,61,1,0,1
343792,61,1,1,0
265848,61,1,1,0
2199752,61,1,1,0
1017816,61,1,1,0
7062264,61,1,1,0
2523320,61,1,1,0
5936576,61,1,1,0
1236160,61,1,0,1
212336,61,1,1,0
7548288,61,1,1,0
1551072,61,1,1,0
2747832,61,1,1,0
563672,61,1,0,1
6631712,61,1,0,1
1437496,61,1,0,1
7700232,61,1,1,0
359528,61,1,0,1
7051872,61,1,1,0
7413760,61,1,1,0
6199664,61,1,1,0
5230472,61,1,1,0
5049912,61,1,0,1
3013328,61,1,1,0
3556800,61,1,0,1
3075328,61,1,1,0
5808312,61,1,1,0
2837448,61,1,1,0
3733008,61,1,0,1
1233576,61,1,0,1
408760,61,1,1,0
4902288,61,1,0,1
2123984,61,1,0,1
384560,61,1,1,0
489576,61,1,0,1
3572032,61,1,0,1
4469608,61,1,0,1
8273360,61,1,0,1
4853008,61,1,0,1
5727408,61,1,0,1
7920944,61,1,1,0
2312824,61,1,1,0
5797672,61,1,1,0
3751200,61,1,1,0
1263992,61,1,1,0
1519736,61,1,0,1
1659984,61,1,0,1
459568,61,1,1,0
2749176,61,1,1,0
1120104,61,1,1,0
304680,61,1,1,0
5913928,61,1,0,1
810312,61,1,0,1
1125112,61,1,1,0
5438808,61,1,1,0
5537936,61,1,0,1
4012544,61,1,0,1
4753768,61,1,1,0
2541680,61,1,1,0
275768,61,1,1,0
5406992,61,1,1,0
7079320,61,1,0,1
3343432,61,1,1,0
3832920,61,1,0,1
1178232,61,1,0,1
451632,61,1,0,1
1756672,61,1,1,0
3164808,61,1,0,1
7344032,61,1,1,0
815624,61,1,0,1
3664800,61,1,1,0
329352,61,1,1,0
3070688,61,1,1,0
2796776,61,1,0,1
908240,61,1,1,0
2726616,61,1,0,1
865368,61,1,1,0
7442528,61,1,1,0
357488,61,1,1,0
4346248,61,1,1,0
5777312,61,1,0,1
1469136,61,1,1,0
3542256,61,1,1,0
387856,61,1,1,0
4241904,61,1,0,1
2505328,61,1,0,1
3427048,61,1,1,0
3194664,61,1,1,0
5157664,61,1,1,0
127864,61,1,1,0
691312,61,1,1,0
722304,61,1,0,1
5757296,61,1,1,0
2985344,61,1,0,1
2181392,61,1,1,0
1582536,61,1,1,0
1220728,61,1,1,0
2243528,61,1,1,0
5752952,61,1,1,0
452120,61,1,0,1
4825000,61,1,0,1
1169120,61,1,1,0
1646704,61,1,1,0
236672,61,1,1,0
7242264,61,1,1,0
4249552,61,1,1,0
1287480,61,1,0,1
6979816,61,1,1,0
7902056,61,1,0,1
1902384,61,1,1,0
1088560,61,1,1,0
1031960,61,1,0,1
3819128,61,1,0,1
3471968,61,1,1,0
2066448,61,1,0,1
1029440,61,1,0,1
3662160,61,1,0,1
4143144,61,1,0,1
1192576,61,1,0,1
2776000,61,1,0,1
8239336,61,1,1,0
4290800,61,1,1,0
3385872,61,1,0,1
601808,61,1,0,1
2109280,61,1,1,0
7128784,61,1,0,1
3545880,61,1,0,1
3612968,61,1,1,0
367976,61,1,1,0
3634456,61,1,0,1
2673472,61,1,1,0
5629008,61,1,1,0
3676768,61,1,1,0
2141560,61,1,0,1
5322880,61,1,0,1
2819024,61,1,0,1
2560168,61,1,1,0
423968,61,1,1,0
2227104,61,1,1,0
555408,61,1,1,0
1903248,61,1,1,0
2843776,61,1,0,1
1323512,61,1,0,1
4303056,61,1,0,1
2388208,61,1,1,0
4805232,61,1,1,0
2852656,61,1,0,1
405056,61,1,0,1
2749000,61,1,0,1
2052864,61,1,0,1
4853880,61,1,1,0
2550968,61,1,0,1
3772528,61,1,1,0
4000088,61,1,1,0
849104,61,1,0,1
2420528,61,1,0,1
166648,61,1,0,1
3669264,61,1,0,1
2489784,61,1,1,0
6147232,61,1,1,0
170184,61,1,0,1
5159544,61,1,0,1
1425848,61,1,0,1
211088,61,1,0,1
3309800,61,1,1,0
4155032,61,1,1,0
3656744,61,1,0,1
4444384,61,1,1,0
863168,61,1,0,1
2775312,61,1,1,0
3492408,61,1,0,1
1294360,61,1,1,0
1349256,61,1,1,0
4243776,61,1,0,1
423736,61,1,1,0
4989656,61,1,0,1
1938520,61,1,1,0
6904400,61,1,0,1
393472,61,1,1,0
6434584,61,1,1,0
2401192,61,1,1,0
1388984,61,1,0,1
105880,61,1,0,1
1902800,61,1,0,1
4116752,61,1,0,1
2858632,61,1,1,0
3462600,61,1,1,0
804200,61,1,1,0
2856064,61,1,1,0
283904,61,1,1,0
4329640,61,1,0,1
2751016,61,1,1,0
503480,61,1,0,1
4027728,61,1,0,1
2889480,61,1,1,0
2242896,61,1,1,0
5192464,61,1,0,1
3904024,61,1,0,1
957576,61,1,0,1
436288,61,1,1,0
3372736,61,1,0,1
4690400,61,1,0,1
374744,61,1,1,0
4962160,61,1,0,1
2054008,61,1,1,0
243296,61,1,1,0
5404960,61,1,0,1
2197128,61,1,0,1
5895176,61,1,0,1
3235040,61,1,0,1
157288,61,1,0,1
3546488,61,1,1,0
687792,61,1,1,0
659984,61,1,0,1
309464,61,1,0,1
3333480,61,1,0,1
1251256,61,1,0,1
1854328,61,1,1,0
1368184,61,1,0,1
2058656,61,1,1,0
6719960,61,1,1,0
4136584,61,1,1,0
745680,61,1,1,0
879000,61,1,0,1
4325264,61,1,1,0
3113744,61,1,0,1
295800,61,1,0,1
386144,61,1,1,0
7146072,61,1,1,0
749200,61,1,1,0
766696,61,1,1,0
3332168,61,1,0,1
1255256,61,1,0,1
479880,61,1,1,0
531872,61,1,0,1
1307944,61,1,1,0
1899416,61,1,1,0
2417544,61,1,0,1
968536,61,1,0,1
5844984,61,1,1,0
857920,61,1,1,0
8065512,61,1,1,0
1357336,61,1,1,0
1779512,61,1,0,1
3759488,61,1,1,0
1487216,61,1,1,0
1639704,61,1,0,1
3078432,61,1,1,0
3533504,61,1,1,0
726600,61,1,0,1
1138392,61,1,1,0
1569344,61,1,1,0
2176160,61,1,0,1
2467536,61,1,1,0
2694960,61,1,0,1
1550920,61,1,0,1
3553048,61,1,0,1
4451864,61,1,1,0
3146560,61,1,1,0
8126312,61,1,1,0
8328144,61,1,0,1
75848,61,1,0,1
7471384,61,1,0,1
7556840,61,1,1,0
1136256,61,1,0,1
737472,61,1,0,1
829960,61,1,1,0
2269240,61,1,1,0
1458560,61,1,1,0
378496,61,1,1,0
1490424,61,1,1,0
6476104,61,1,0,1
472384,61,1,0,1
574080,61,1,1,0
1088328,61,1,0,1
2348800,61,1,1,0
6758632,61,1,0,1
3188048,61,1,0,1
1693648,61,1,1,0
413976,61,1,1,0
4489712,61,1,1,0
3652856,61,1,0,1
4394672,61,1,1,0
2871384,61,1,1,0
1917032,61,1,0,1
811904,61,1,0,1
429528,61,1,0,1
710928,61,1,1,0
3496464,61,1,1,0
890400,61,1,0,1
537632,61,1,0,1
1063528,61,1,0,1
2044520,61,1,0,1
2733488,61,1,1,0
386312,61,1,0,1
1687592,61,1,1,0
6047384,61,1,1,0
766136,61,1,1,0
925432,61,1,1,0
3515608,61,1,0,1
4450712,61,1,0,1
4710080,61,1,1,0
423336,61,1,1,0
1934928,61,1,0,1
1899768,61,1,1,0
1139032,61,1,1,0
3323616,61,1,0,1
7384264,61,1,0,1
759184,61,1,0,1
559248,61,1,0,1
8318552,61,1,0,1
446184,61,1,0,1
7123704,61,1,0,1
2085816,61,1,1,0
465448,61,1,0,1
5298848,61,1,1,0
1195744,61,1,1,0
934400,61,1,1,0
2380536,61,1,0,1
8368736,61,1,0,1
7817264,61,1,1,0
5577224,61,1,0,1
8278784,61,1,1,0
5839752,61,1,1,0
514352,61,1,0,1
191688,61,1,1,0
1765864,61,1,1,0
5267064,61,1,1,0
1864920,61,1,1,0
2770704,61,1,1,0
5717672,61,1,1,0
8183360,61,1,1,0
4512240,61,1,1,0
1051144,61,1,0,1
2443424,61,1,1,0
200320,61,1,0,1
2813816,61,1,1,0
6687312,61,1,0,1
5227232,61,1,0,1
4848024,61,1,0,1
3567176,61,1,1,0
2864744,61,1,0,1
2691592,61,1,0,1
1671976,61,1,1,0
638760,61,1,0,1
1263720,61,1,0,1
5079520,61,1,0,1
7463856,61,1,0,1
5726680,61,1,1,0
5107760,61,1,0,1
3141256,61,1,1,0
3479560,61,1,1,0
4570592,61,1,1,0
2600848,61,1,1,0
4112128,61,1,0,1
4124472,61,1,1,0
1335160,61,1,0,1
1063072,61,1,0,1
527184,61,1,1,0
3516728,61,1,0,1
345896,61,1,1,0
4014632,61,1,0,1
3559072,61,1,1,0
2601200,61,1,0,1
2128592,61,1,1,0
1894480,61,1,1,0
6761848,61,1,1,0
3222344,61,1,1,0
812720,61,1,0,1
672440,61,1,1,0
1824568,61,1,0,1
6578488,61,1,0,1
6257288,61,1,1,0
1053584,61,1,1,0
2219840,61,1,0,1
2643808,61,1,1,0
4577896,61,1,1,0
2057080,61,1,0,1
6866688,61,1,0,1
7001544,61,1,1,0
2983824,61,1,0,1
1980232,61,1,1,0
5629464,61,1,1,0
4276632,61,1,0,1
812784,61,1,1,0
2511512,61,1,0,1
8262680,61,1,0,1
160960,61,1,0,1
2043272,61,1,1,0
152632,61,1,0,1
4772904,61,1,0,1
1035368,61,1,0,1
711008,61,1,1,0
7873024,61,1,0,1
3387192,61,1,0,1
7420856,61,1,0,1
429440,61,1,0,1
6570776,61,1,1,0
3602024,61,1,0,1
4020672,61,1,0,1
687976,61,1,1,0
2072128,61,1,0,1
248112,61,1,0,1
527400,61,1,0,1
334520,61,1,1,0
929376,61,1,1,0
5114448,61,1,1,0
425696,61,1,0,1
6763320,61,1,1,0
1154384,61,1,0,1
2048256,61,1,0,1
295616,61,1,1,0
2470872,61,1,1,0
4093216,61,1,0,1
854792,61,1,0,1
654696,61,1,1,0
1050584,61,1,1,0
5295712,61,1,0,1
567264,61,1,0,1
5282392,61,1,1,0
5388248,61,1,0,1
1114200,61,1,1,0
2769328,61,1,1,0
626416,61,1,1,0
177592,61,1,0,1
4040648,61,1,0,1
4022144,61,1,1,0
5586496,61,1,0,1
7643760,61,1,1,0
2399512,61,1,0,1
840696,61,1,1,0
939624,61,1,1,0
4332912,61,1,1,0
3306048,61,1,1,0
1437976,61,1,0,1
2377560,61,1,0,1
4068080,61,1,0,1
7529176,61,1,1,0
4410880,61,1,1,0
2158344,61,1,1,0
5612992,61,1,0,1
915488,61,1,0,1
6628976,61,1,0,1
4642696,61,1,0,1
332736,61,1,1,0
2223432,61,1,0,1
3834736,61,1,0,1
5984792,61,1,1,0
1834520,61,1,0,1
380736,61,1,1,0
3848472,61,1,0,1
4550248,61,1,0,1
4209216,61,1,1,0
4418576,61,1,0,1
498240,61,1,0,1
157352,61,1,0,1
5968008,61,1,0,1
6574832,61,1,0,1
6928880,61,1,1,0
342712,61,1,1,0
749800,61,1,1,0
6035560,61,1,1,0
1835512,61,1,1,0
346208,61,1,0,1
3884984,61,1,0,1
5482048,61,1,1,0
3159648,61,1,1,0
1936088,61,1,0,1
2103120,61,1,1,0
425640,61,1,0,1
1913456,61,1,1,0
8331832,61,1,0,1
5285560,61,1,1,0
731472,61,1,0,1
2570856,61,1,1,0
1004472,61,1,0,1
6820696,61,1,1,0
2211776,61,1,0,1
2535712,61,1,1,0
2284016,61,1,0,1
898880,61,1,0,1
2772904,61,1,0,1
715320,61,1,0,1
4896320,61,1,0,1
3017792,61,1,0,1
643768,61,1,0,1
1188864,61,1,0,1
7270744,61,1,0,1
1614416,61,1,1,0
5542056,61,1,1,0
1245992,61,1,0,1
6762464,61,1,1,0
5408464,61,1,1,0
1281688,61,1,1,0
614696,61,1,0,1
2183904,61,1,0,1
3906608,61,1,1,0
2059104,61,1,0,1
5451824,61,1,1,0
2074432,61,1,0,1
1545864,61,1,0,1
579208,61,1,0,1
2197240,61,1,1,0
234016,61,1,1,0
471000,61,1,0,1
3845320,61,1,0,1
570352,61,1,0,1
4907272,61,1,0,1
3623000,61,1,1,0
8312896,61,1,0,1
1725152,61,1,0,1
1606656,61,1,0,1
5932880,61,1,1,0
3576848,61,1,0,1
779032,61,1,0,1
1126344,61,1,0,1
7409512,61,1,1,0
778752,61,1,1,0
2337944,61,1,1,0
3050352,61,1,0,1
3986088,61,1,0,1
1899720,61,1,0,1
1283384,61,1,1,0
1859864,61,1,1,0
1476216,61,1,1,0
2081056,61,1,1,0
1567344,61,1,1,0
1720928,61,1,0,1
889920,61,1,0,1
4477536,61,1,0,1
1180088,61,1,1,0
2109864,61,1,1,0
1088672,61,1,1,0
467760,61,1,1,0
579920,61,1,1,0
548208,61,1,0,1
1394968,61,1,1,0
828184,61,1,0,1
700368,61,1,1,0
1097880,61,1,0,1
2371704,61,1,0,1
5633936,61,1,0,1
4386224,61,1,0,1
3582016,61,1,0,1
4186880,61,1,0,1
1436464,61,1,0,1
1757016,61,1,0,1
3194784,61,1,0,1
5409280,61,1,0,1
186248,61,1,1,0
873328,61,1,1,0
909640,61,1,1,0
2335936,61,1,0,1
7163672,61,1,1,0
528880,61,1,1,0
3248528,61,1,1,0
227376,61,1,0,1
847432,61,1,0,1
1326776,61,1,0,1
7837016,61,1,0,1
2109304,61,1,0,1
4813176,61,1,0,1
4773568,61,1,1,0
4452784,61,1,0,1
3439896,61,1,0,1
854528,61,1,1,0
1237768,61,1,1,0
234880,61,1,0,1
6084216,61,1,1,0
1653512,61,1,0,1
359504,61,1,0,1
770552,61,1,1,0
3780592,61,1,1,0
3633088,61,1,0,1
1237296,61,1,0,1
7253800,61,1,0,1
6900976,61,1,1,0
1715976,61,1,1,0
5111664,61,1,0,1
1130176,61,1,0,1
1698704,61,1,0,1
1021600,61,1,0,1
1336272,61,1,1,0
282344,61,1,1,0
842232,61,1,1,0
258008,61,1,1,0
1998512,61,1,0,1
552712,61,1,0,1
5711664,61,1,0,1
888448,61,1,1,0
1505560,61,1,0,1
6206200,61,1,0,1
296320,61,1,1,0
2178384,61,1,1,0
5397176,61,1,0,1
1536376,61,1,0,1
918072,61,1,1,0
1058048,61,1,0,1
2620496,61,1,1,0
2621976,61,1,1,0
7909288,61,1,1,0
567376,61,1,0,1
704848,61,1,0,1
7316200,61,1,0,1
2583456,61,1,0,1
1685480,61,1,0,1
6411824,61,1,0,1
1793000,61,1,1,0
2392024,61,1,1,0
338488,61,1,1,0
6581624,61,1,0,1
1380288,61,1,1,0
2257928,61,1,1,0
216768,61,1,0,1
1964320,61,1,1,0
1631984,61,1,0,1
1243808,61,1,1,0
1816144,61,1,1,0
6364664,61,1,0,1
400840,61,1,0,1
3050208,61,1,0,1
7573240,61,1,0,1
677424,61,1,0,1
5942288,61,1,1,0
7259616,61,1,0,1
638208,61,1,0,1
3067376,61,1,1,0
945568,61,1,1,0
681304,61,1,0,1
2678440,61,1,1,0
7616984,61,1,1,0
488512,61,1,0,1
5284696,61,1,0,1
3758888,61,1,1,0
4481928,61,1,0,1
1017984,61,1,1,0
1691448,61,1,1,0
539240,61,1,1,0
484384,61,1,0,1
6514840,61,1,0,1
3877128,61,1,0,1
6915424,61,1,0,1
6212048,61,1,0,1
1786640,61,1,0,1
1214536,61,1,1,0
3618992,61,1,0,1
5770688,61,1,1,0
499120,61,1,0,1
4376808,61,1,1,0
3166504,61,1,0,1
644496,61,1,1,0
3151528,61,1,0,1
4244424,61,1,0,1
1324736,61,1,1,0
3627112,61,1,1,0
3646568,61,1,1,0
516064,61,1,0,1
1685688,61,1,0,1
2130216,61,1,1,0
717064,61,1,1,0
288512,61,1,1,0
958048,61,1,1,0
592536,61,1,1,0
4222312,61,1,0,1
3637672,61,1,1,0
298952,61,1,0,1
5872376,61,1,1,0
371672,61,1,1,0
282624,61,1,1,0
2108072,61,1,0,1
1648456,61,1,0,1
3737064,61,1,0,1
3118480,61,1,1,0
2735904,61,1,0,1
1213568,61,1,0,1
2367504,61,1,1,0
7764088,61,1,1,0
3584072,61,1,1,0
384544,61,1,1,0
3728200,61,1,0,1
3986792,61,1,0,1
3457840,61,1,0,1
2601976,61,1,1,0
5751296,61,1,1,0
140920,61,1,0,1
268608,61,1,1,0
1227368,61,1,1,0
6325480,61,1,0,1
6147000,61,1,1,0
1994304,61,1,0,1
2392512,61,1,0,1
5718008,61,1,0,1
8230280,61,1,1,0
3039152,61,1,0,1
1689752,61,1,1,0
1784880,61,1,0,1
722128,61,1,1,0
717952,61,1,0,1
908184,61,1,0,1
1737320,61,1,0,1
3952112,61,1,0,1
6585376,61,1,0,1
194408,61,1,1,0
2136368,61,1,1,0
699808,61,1,1,0
396360,61,1,0,1
3197344,61,1,0,1
1849032,61,1,0,1
4652184,61,1,1,0
797384,61,1,1,0
551584,61,1,0,1
5085768,61,1,1,0
2434960,61,1,1,0
3200680,61,1,0,1
215352,61,1,0,1
752928,61,1,1,0
3244616,61,1,1,0
1214568,61,1,1,0
1314152,61,1,1,0
306360,61,1,1,0
1051160,61,1,0,1
1551912,61,1,1,0
3058640,61,1,0,1
1823432,61,1,1,0
504496,61,1,0,1
4362136,61,1,1,0
281816,61,1,1,0
4211696,61,1,1,0
2044952,61,1,1,0
1449456,61,1,0,1
2814736,61,1,1,0
1864280,61,1,0,1
2978464,61,1,0,1
1126832,61,1,1,0
579304,61,1,1,0
2784872,61,1,0,1
5715176,61,1,1,0
7511712,61,1,1,0
5609952,61,1,1,0
401680,61,1,1,0
893456,61,1,1,0
5693736,61,1,0,1
7247496,61,1,1,0
1663440,61,1,1,0
3995264,61,1,0,1
8346112,61,1,1,0
5572328,61,1,0,1
2885112,61,1,1,0
4938312,61,1,1,0
2231208,61,1,1,0
1927424,61,1,0,1
5502384,61,1,1,0
7520472,61,1,0,1
5223024,61,1,1,0
5393040,61,1,1,0
374144,61,1,0,1
7470632,61,1,0,1
1020656,61,1,0,1
6468912,61,1,1,0
3431800,61,1,1,0
1868664,61,1,1,0
2712512,61,1,1,0
3776968,61,1,0,1
342056,61,1,0,1
375992,61,1,0,1
5323312,61,1,1,0
6421032,61,1,0,1
4357392,61,1,0,1
247760,61,1,1,0
203200,61,1,1,0
7810960,61,1,0,1
954576,61,1,1,0
460488,61,1,1,0
1048600,61,1,0,1
880864,61,1,0,1
1228000,61,1,1,0
1585208,61,1,1,0
2027592,61,1,1,0
2311312,61,1,1,0
3019496,61,1,0,1
555672,61,1,1,0
4001200,61,1,1,0
650632,61,1,0,1
1821080,61,1,1,0
276448,61,1,1,0
3226664,61,1,0,1
4932544,61,1,0,1
3581344,61,1,1,0
3450504,61,1,1,0
2272888,61,1,1,0
663024,61,1,0,1
863128,61,1,1,0
4732592,61,1,1,0
6623376,61,1,0,1
612112,61,1,1,0
4947376,61,1,0,1
4674912,61,1,1,0
654224,61,1,0,1
2220776,61,1,0,1
795504,61,1,0,1
2906816,61,1,1,0
188624,61,1,1,0
6534600,61,1,0,1
1546352,61,1,0,1
2151576,61,1,1,0
4434648,61,1,0,1
1767264,61,1,0,1
5013744,61,1,0,1
3408248,61,1,0,1
5258488,61,1,0,1
1351672,61,1,1,0
1621448,61,1,1,0
2290656,61,1,1,0
5866656,61,1,1,0
2570008,61,1,0,1
5911968,61,1,0,1
3870000,61,1,1,0
1050856,61,1,0,1
2290144,61,1,0,1
995840,61,1,1,0
3744752,61,1,1,0
2340272,61,1,0,1
226320,61,1,0,1
3208904,61,1,0,1
204032,61,1,0,1
454008,61,1,0,1
6209384,61,1,1,0
496384,61,1,0,1
2271512,61,1,0,1
4114984,61,1,1,0
2938256,61,1,1,0
4381704,61,1,1,0
5667984,61,1,0,1
1711944,61,1,0,1
409040,61,1,0,1
3971152,61,1,1,0
5232872,61,1,1,0
2105392,61,1,0,1
4487608,61,1,1,0
5245160,61,1,0,1
8178304,61,1,0,1
2249920,61,1,1,0
75528,61,1,1,0
6944208,61,1,0,1
395216,61,1,1,0
2273128,61,1,1,0
363152,61,1,0,1
1118512,61,1,0,1
6375256,61,1,0,1
1279072,61,1,0,1
4511976,61,1,1,0
5507728,61,1,1,0
7616896,61,1,1,0
2950320,61,1,1,0
388720,61,1,0,1
4984120,61,1,0,1
3404888,61,1,0,1
1834696,61,1,1,0
1888696,61,1,0,1
8369096,61,1,1,0
5474472,61,1,0,1
3222112,61,1,1,0
6376968,61,1,1,0
2046368,61,1,0,1
8065192,61,1,1,0
2970040,61,1,1,0
5287704,61,1,1,0
3940808,61,1,0,1
2207968,61,1,1,0
350584,61,1,1,0
2183224,61,1,0,1
220528,61,1,0,1
2121496,61,1,0,1
7019832,61,1,0,1
1302064,61,1,1,0
4793800,61,1,0,1
4625592,61,1,0,1
7775120,61,1,0,1
4667000,61,1,1,0
328224,61,1,1,0
2660144,61,1,0,1
8140064,61,1,1,0
8182608,61,1,1,0
1433608,61,1,1,0
5615360,61,1,1,0
1451640,61,1,1,0
207976,61,1,1,0
1867128,61,1,0,1
5894112,61,1,0,1
4051360,61,1,0,1
700192,61,1,1,0
814544,61,1,0,1
279504,61,1,1,0
4173168,61,1,1,0
4242632,61,1,1,0
8198592,61,1,0,1
2229352,61,1,1,0
707104,61,1,1,0
191808,61,1,0,1
2870344,61,1,1,0
2287240,61,1,1,0
6659936,61,1,0,1
8278496,61,1,0,1
7956864,61,1,1,0
3709320,61,1,0,1
188256,61,1,1,0
5784384,61,1,1,0
1482216,61,1,1,0
7505920,61,1,1,0
1024904,61,1,1,0
459560,61,1,0,1
6856696,61,1,1,0
290328,61,1,0,1
977512,61,1,0,1
2297648,61,1,0,1
7411744,61,1,1,0
695024,61,1,1,0
2868472,61,1,0,1
1665160,61,1,1,0
5821208,61,1,1,0
374880,61,1,0,1
7021888,61,1,0,1
5133408,61,1,1,0
3443192,61,1,0,1
445248,61,1,1,0
1956056,61,1,1,0
7145512,61,1,1,0
1064576,61,1,1,0
7026720,61,1,0,1
1928632,61,1,1,0
2035792,61,1,1,0
1527192,61,1,1,0
2084088,61,1,1,0
198016,61,1,1,0
1329456,61,1,1,0
3976576,61,1,0,1
2051904,61,1,0,1
2311328,61,1,0,1
310168,61,1,0,1
7330784,61,1,1,0
5124680,61,1,1,0
333248,61,1,0,1
3565704,61,1,1,0
5178112,61,1,1,0
818904,61,1,0,1
2428544,61,1,1,0
3275720,61,1,1,0
2709016,61,1,0,1
4361624,61,1,0,1
3940504,61,1,1,0
1169592,61,1,1,0
854104,61,1,0,1
762680,61,1,0,1
3525704,61,1,0,1
7780344,61,1,0,1
2214152,61,1,0,1
3583168,61,1,1,0
2021904,61,1,1,0
709976,61,1,0,1
1722888,61,1,1,0
1815376,61,1,0,1
3266368,61,1,1,0
3598936,61,1,1,0
483720,61,1,1,0
3530504,61,1,1,0
1725824,61,1,1,0
589552,61,1,1,0
3288152,61,1,1,0
3064432,61,1,1,0
1611048,61,1,1,0
4241552,61,1,0,1
3258296,61,1,0,1
8023608,61,1,1,0
3089696,61,1,1,0
7625064,61,1,1,0
2491976,61,1,0,1
509704,61,1,0,1
565120,61,1,0,1
4553432,61,1,0,1
479704,61,1,1,0
6608496,61,1,0,1
559928,61,1,1,0
6754752,61,1,0,1
2519080,61,1,1,0
324088,61,1,1,0
3414096,61,1,1,0
1544856,61,1,0,1
1446728,61,1,1,0
2103048,61,1,1,0
6939296,61,1,0,1
6155680,61,1,1,0
2654864,61,1,1,0
1627104,61,1,0,1
7356848,61,1,0,1
3955336,61,1,1,0
4753280,61,1,1,0
237192,61,1,1,0
3939624,61,1,1,0
6678728,61,1,1,0
8257840,61,1,0,1
3978352,61,1,0,1
1052360,61,1,0,1
4972448,61,1,1,0
6651416,61,1,0,1
1506296,61,1,0,1
2816392,61,1,0,1
2266736,62,1,1,0
456504,62,1,1,0
1532168,62,1,1,0
4119456,62,1,1,0
1094192,62,1,0,1
6905776,62,1,0,1
770344,62,1,0,1
1236952,62,1,0,1
1877952,62,1,0,1
5631712,62,1,1,0
3179136,62,1,0,1
2725880,62,1,1,0
480776,62,1,1,0
855584,62,1,1,0
1045160,62,1,1,0
592200,62,1,0,1
5474408,62,1,1,0
7750904,62,1,1,0
810632,62,1,0,1
1961928,62,1,0,1
5767616,62,1,1,0
5653056,62,1,0,1
1200488,62,1,0,1
984648,62,1,0,1
2260168,62,1,0,1
1681960,62,1,0,1
3261520,62,1,1,0
3306920,62,1,0,1
3521664,62,1,0,1
1749008,62,1,0,1
1521584,62,1,0,1
4095840,62,1,0,1
679352,62,1,0,1
986568,62,1,0,1
3417608,62,1,0,1
1326528,62,1,0,1
5374208,62,1,1,0
3211656,62,1,0,1
419264,62,1,1,0
1821520,62,1,1,0
2734096,62,1,0,1
3904392,62,1,1,0
4823632,62,1,0,1
366224,62,1,0,1
7128616,62,1,1,0
5116192,62,1,1,0
2913304,62,1,1,0
4766296,62,1,0,1
1383960,62,1,1,0
2942184,62,1,1,0
992808,62,1,1,0
7240360,62,1,1,0
479792,62,1,0,1
7711720,62,1,1,0
689616,62,1,1,0
6035656,62,1,0,1
138488,62,1,1,0
186888,62,1,0,1
730840,62,1,0,1
537536,62,1,1,0
7218760,62,1,1,0
1749792,62,1,1,0
4906712,62,1,1,0
1128832,62,1,1,0
2674320,62,1,1,0
463512,62,1,1,0
457240,62,1,1,0
3442440,62,1,0,1
4968568,62,1,1,0
7957224,62,1,1,0
3744488,62,1,1,0
1911504,62,1,1,0
2357088,62,1,1,0
468928,62,1,1,0
3363112,62,1,0,1
4784120,62,1,0,1
760112,62,1,1,0
5567928,62,1,1,0
5372240,62,1,1,0
2090336,62,1,0,1
448104,62,1,1,0
3658856,62,1,0,1
1037176,62,1,1,0
693728,62,1,1,0
1350400,62,1,0,1
2683888,62,1,1,0
1223552,62,1,0,1
5280624,62,1,0,1
1722792,62,1,0,1
4875368,62,1,0,1
3049800,62,1,0,1
6087504,62,1,1,0
284304,62,1,0,1
556008,62,1,0,1
3509808,62,1,1,0
4428280,62,1,1,0
1842224,62,1,0,1
8095600,62,1,1,0
7822400,62,1,1,0
1295848,62,1,1,0
1070656,62,1,0,1
1492752,62,1,0,1
6571256,62,1,0,1
620584,62,1,0,1
2309216,62,1,1,0
4469360,62,1,0,1
943568,62,1,0,1
6155632,62,1,0,1
6695368,62,1,1,0
5729456,62,1,1,0
1996656,62,1,0,1
2558056,62,1,1,0
6395064,62,1,0,1
1369744,62,1,0,1
1868976,62,1,0,1
552384,62,1,1,0
675040,62,1,0,1
2055912,62,1,1,0
492768,62,1,0,1
1225912,62,1,0,1
1447944,62,1,1,0
756896,62,1,0,1
1522664,62,1,0,1
1274120,62,1,0,1
1901472,62,1,1,0
760056,62,1,1,0
6049112,62,1,0,1
1967792,62,1,1,0
1927984,62,1,1,0
4331736,62,1,1,0
7184144,62,1,1,0
5065048,62,1,1,0
3285560,62,1,0,1
6877840,62,1,0,1
359624,62,1,1,0
1098200,62,1,0,1
218120,62,1,1,0
381072,62,1,0,1
1259264,62,1,1,0
4450296,62,1,0,1
769784,62,1,0,1
3252320,62,1,0,1
6964200,62,1,0,1
6083360,62,1,1,0
2082928,62,1,1,0
190296,62,1,1,0
628872,62,1,0,1
1711752,62,1,1,0
1276800,62,1,0,1
2503584,62,1,1,0
1025480,62,1,0,1
4752960,62,1,0,1
2882096,62,1,1,0
725224,62,1,0,1
1751360,62,1,1,0
2432096,62,1,0,1
727728,62,1,0,1
285456,62,1,0,1
7969488,62,1,1,0
7806360,62,1,1,0
697464,62,1,0,1
3821888,62,1,0,1
3110664,62,1,0,1
5544216,62,1,0,1
847072,62,1,1,0
731488,62,1,0,1
5515704,62,1,0,1
251360,62,1,1,0
514624,62,1,1,0
4180152,62,1,0,1
373880,62,1,1,0
1102624,62,1,1,0
1556352,62,1,0,1
674056,62,1,1,0
598856,62,1,0,1
2270760,62,1,0,1
5849120,62,1,1,0
5890776,62,1,0,1
697912,62,1,0,1
1793696,62,1,1,0
3848672,62,1,0,1
1029144,62,1,1,0
2511088,62,1,1,0
1993328,62,1,1,0
3989440,62,1,0,1
2604904,62,1,0,1
6726048,62,1,0,1
3353400,62,1,0,1
5906784,62,1,0,1
2077704,62,1,1,0
7576712,62,1,1,0
7723136,62,1,0,1
6010472,62,1,1,0
687552,62,1,1,0
3391152,62,1,0,1
3379384,62,1,1,0
2824768,62,1,0,1
3472600,62,1,0,1
2348920,62,1,1,0
1909344,62,1,1,0
1625800,62,1,0,1
1338032,62,1,1,0
2194848,62,1,1,0
6299040,62,1,0,1
4021280,62,1,0,1
5335648,62,1,1,0
2227600,62,1,1,0
1097720,62,1,0,1
1729088,62,1,1,0
4651720,62,1,1,0
8027072,62,1,1,0
3928312,62,1,0,1
2083656,62,1,0,1
1725328,62,1,1,0
3734720,62,1,0,1
3650736,62,1,1,0
3731016,62,1,0,1
328712,62,1,1,0
6758192,62,1,1,0
1725560,62,1,0,1
1369416,62,1,0,1
1669464,62,1,0,1
4658336,62,1,1,0
5576216,62,1,1,0
225608,62,1,1,0
3844840,62,1,0,1
226592,62,1,1,0
447256,62,1,0,1
3139048,62,1,0,1
3735000,62,1,0,1
312184,62,1,1,0
1048424,62,1,0,1
1774632,62,1,1,0
4190536,62,1,1,0
2064032,62,1,0,1
5047752,62,1,0,1
911080,62,1,1,0
425088,62,1,0,1
2391072,62,1,1,0
2811536,62,1,1,0
1268712,62,1,1,0
2765624,62,1,0,1
3837672,62,1,0,1
1466264,62,1,0,1
6003712,62,1,1,0
864232,62,1,1,0
5588016,62,1,1,0
7743904,62,1,1,0
3543928,62,1,1,0
1104568,62,1,0,1
1687936,62,1,1,0
624200,62,1,1,0
3147024,62,1,0,1
4991336,62,1,0,1
1215840,62,1,1,0
5288064,62,1,1,0
2474080,62,1,1,0
1046208,62,1,0,1
4288256,62,1,0,1
4445888,62,1,1,0
1488016,62,1,1,0
2351960,62,1,0,1
596784,62,1,0,1
2250032,62,1,0,1
1575656,62,1,0,1
1716128,62,1,0,1
1019848,62,1,1,0
2557360,62,1,1,0
276520,62,1,1,0
409264,62,1,0,1
4097128,62,1,1,0
2442432,62,1,0,1
907800,62,1,0,1
7505816,62,1,0,1
3124512,62,1,0,1
5677240,62,1,1,0
1588112,62,1,1,0
6657632,62,1,0,1
4684616,62,1,1,0
349080,62,1,0,1
2546096,62,1,1,0
4956832,62,1,1,0
677944,62,1,0,1
2543120,62,1,0,1
717896,62,1,1,0
463056,62,1,0,1
2650904,62,1,0,1
204176,62,1,0,1
1694408,62,1,1,0
8064032,62,1,0,1
2175568,62,1,0,1
5436944,62,1,1,0
907128,62,1,0,1
994752,62,1,0,1
6710640,62,1,1,0
1791840,62,1,1,0
128224,62,1,0,1
5358944,62,1,1,0
568496,62,1,0,1
3079120,62,1,1,0
2307968,62,1,1,0
178792,62,1,1,0
4464040,62,1,0,1
1159168,62,1,0,1
5082368,62,1,0,1
5358576,62,1,0,1
6584352,62,1,1,0
1011336,62,1,0,1
4562216,62,1,1,0
1861824,62,1,0,1
5141368,62,1,0,1
864864,62,1,0,1
949368,62,1,1,0
482312,62,1,0,1
7354216,62,1,0,1
2823432,62,1,1,0
2269352,62,1,0,1
837800,62,1,0,1
6329768,62,1,1,0
6417232,62,1,0,1
3264104,62,1,1,0
2187680,62,1,0,1
525496,62,1,0,1
3763888,62,1,1,0
2649440,62,1,1,0
3954048,62,1,0,1
1404040,62,1,1,0
1868944,62,1,1,0
4878568,62,1,0,1
692048,62,1,1,0
288688,62,1,1,0
8265984,62,1,0,1
1254288,62,1,1,0
3627040,62,1,1,0
558872,62,1,0,1
4913888,62,1,0,1
4728600,62,1,1,0
3978976,62,1,0,1
2435224,62,1,0,1
1910880,62,1,0,1
5442760,62,1,0,1
1223840,62,1,1,0
1164808,62,1,1,0
259240,62,1,1,0
5848432,62,1,0,1
3778936,62,1,0,1
6865488,62,1,0,1
2764248,62,1,0,1
2108064,62,1,0,1
2664632,62,1,1,0
3136472,62,1,1,0
551936,62,1,0,1
1347264,62,1,0,1
4517584,62,1,1,0
8120912,62,1,1,0
254864,62,1,0,1
1020416,62,1,1,0
5072656,62,1,0,1
7853928,62,1,1,0
3595112,62,1,0,1
737800,62,1,1,0
1026960,62,1,0,1
2206424,62,1,0,1
8030912,62,1,1,0
624392,62,1,0,1
8253168,62,1,0,1
946896,62,1,0,1
6313296,62,1,1,0
1275992,62,1,0,1
478736,62,1,0,1
4122256,62,1,0,1
4696944,62,1,1,0
1465200,62,1,0,1
393624,62,1,1,0
3503368,62,1,0,1
5306328,62,1,0,1
557200,62,1,1,0
2993760,62,1,0,1
2061104,62,1,0,1
222984,62,1,1,0
8231072,62,1,0,1
7890224,62,1,0,1
6686656,62,1,0,1
6102440,62,1,1,0
630304,62,1,1,0
2413640,62,1,0,1
7122512,62,1,1,0
7407344,62,1,1,0
7296000,62,1,0,1
862616,62,1,0,1
6948768,62,1,0,1
2755592,62,1,1,0
819080,62,1,1,0
2695984,62,1,0,1
7050688,62,1,0,1
5454880,62,1,1,0
3729664,62,1,1,0
4686304,62,1,0,1
3133312,62,1,1,0
4193744,62,1,0,1
4466176,62,1,0,1
7368168,62,1,1,0
207936,62,1,0,1
5304408,62,1,1,0
3817096,62,1,0,1
1060576,62,1,0,1
1258216,62,1,0,1
1203992,62,1,1,0
2190024,62,1,1,0
1608208,62,1,0,1
346416,62,1,1,0
1654024,62,1,1,0
750208,62,1,1,0
2402488,62,1,0,1
782224,62,1,1,0
3933184,62,1,0,1
2218104,62,1,0,1
2677368,62,1,1,0
745264,62,1,0,1
8056104,62,1,1,0
106080,62,1,0,1
6088728,62,1,1,0
128120,62,1,0,1
2445760,62,1,1,0
2168288,62,1,0,1
1876648,62,1,0,1
6401512,62,1,0,1
2977792,62,1,0,1
1852824,62,1,0,1
2372504,62,1,1,0
703616,62,1,0,1
5873544,62,1,0,1
346720,62,1,1,0
201128,62,1,1,0
5229896,62,1,0,1
4972576,62,1,1,0
1353400,62,1,1,0
3510400,62,1,0,1
6587280,62,1,1,0
5610080,62,1,1,0
2084056,62,1,1,0
1864992,62,1,1,0
2831832,62,1,1,0
1322848,62,1,0,1
906920,62,1,0,1
7642104,62,1,1,0
271512,62,1,0,1
1297544,62,1,0,1
1315520,62,1,1,0
1947136,62,1,1,0
4930528,62,1,1,0
7083904,62,1,1,0
630744,62,1,0,1
2877928,62,1,1,0
3582416,62,1,1,0
529592,62,1,0,1
1408640,62,1,1,0
687736,62,1,0,1
497352,62,1,0,1
1054536,62,1,0,1
4479584,62,1,1,0
2522448,62,1,1,0
3493664,62,1,1,0
503032,62,1,1,0
699448,62,1,0,1
758448,62,1,1,0
5659928,62,1,1,0
687720,62,1,1,0
3371064,62,1,1,0
1198544,62,1,0,1
3518592,62,1,0,1
6712072,62,1,1,0
2386512,62,1,1,0
2709136,62,1,0,1
6477240,62,1,1,0
1261528,62,1,1,0
6502168,62,1,1,0
1011352,62,1,1,0
1978312,62,1,0,1
1723504,62,1,0,1
1257720,62,1,0,1
329144,62,1,1,0
216992,62,1,0,1
1535840,62,1,1,0
4503112,62,1,0,1
4265088,62,1,0,1
725520,62,1,1,0
1363520,62,1,0,1
1396680,62,1,0,1
304816,62,1,1,0
98664,62,1,0,1
6860624,62,1,1,0
5589912,62,1,1,0
1020088,62,1,0,1
2979240,62,1,1,0
2083600,62,1,0,1
3241360,62,1,1,0
404304,62,1,1,0
787600,62,1,1,0
7488144,62,1,0,1
187984,62,1,0,1
275760,62,1,1,0
1013624,62,1,1,0
3498512,62,1,1,0
4107256,62,1,0,1
407800,62,1,0,1
3081272,62,1,1,0
6656528,62,1,0,1
1592360,62,1,0,1
177520,62,1,0,1
530032,62,1,1,0
1347472,62,1,1,0
1077768,62,1,1,0
932608,62,1,0,1
633728,62,1,1,0
285848,62,1,0,1
1366464,62,1,0,1
2310184,62,1,0,1
872048,62,1,1,0
6155304,62,1,1,0
488304,62,1,1,0
1600672,62,1,1,0
172560,62,1,1,0
7727424,62,1,1,0
626512,62,1,0,1
1592704,62,1,0,1
6975408,62,1,1,0
3273496,62,1,0,1
1081472,62,1,0,1
3267992,62,1,0,1
165664,62,1,1,0
3974656,62,1,0,1
3275152,62,1,0,1
1787208,62,1,1,0
6685912,62,1,0,1
2612296,62,1,1,0
6908168,62,1,0,1
3713024,62,1,0,1
2431352,62,1,1,0
1478608,62,1,0,1
413368,62,1,0,1
1220296,62,1,0,1
4789032,62,1,0,1
2476184,62,1,1,0
895352,62,1,1,0
5767456,62,1,1,0
2649744,62,1,0,1
271720,62,1,1,0
140944,62,1,1,0
2780952,62,1,1,0
170384,62,1,1,0
721784,62,1,0,1
235344,62,1,0,1
8086704,62,1,0,1
1953464,62,1,1,0
2133688,62,1,1,0
3458000,62,1,1,0
1345736,62,1,1,0
5916904,62,1,0,1
7029824,62,1,0,1
7256448,62,1,1,0
786560,62,1,1,0
491480,62,1,1,0
264976,62,1,1,0
1040464,62,1,1,0
1111336,62,1,0,1
392720,62,1,1,0
2784784,62,1,1,0
777864,62,1,1,0
6612640,62,1,1,0
333536,62,1,0,1
2897048,62,1,0,1
2314144,62,1,1,0
2491296,62,1,0,1
4160184,62,1,1,0
3542240,62,1,1,0
5184472,62,1,1,0
7681424,62,1,1,0
637416,62,1,1,0
1124136,62,1,1,0
851872,62,1,0,1
4814520,62,1,0,1
7505200,62,1,0,1
353952,62,1,1,0
738328,62,1,0,1
587256,62,1,1,0
301160,62,1,0,1
3692016,62,1,1,0
7826184,62,1,0,1
557768,62,1,0,1
1671448,62,1,1,0
844488,62,1,0,1
750360,62,1,1,0
7126264,62,1,0,1
2027264,62,1,1,0
8161944,62,1,0,1
6520968,62,1,1,0
3054488,62,1,1,0
1745624,62,1,1,0
5223520,62,1,0,1
2634752,62,1,0,1
189056,62,1,1,0
1970040,62,1,1,0
7659952,62,1,0,1
1561472,62,1,0,1
2070872,62,1,0,1
5722880,62,1,0,1
1132136,62,1,1,0
1887936,62,1,1,0
1694960,62,1,0,1
2381472,62,1,1,0
5843336,62,1,1,0
458640,62,1,1,0
6301016,62,1,1,0
2561792,62,1,1,0
998984,62,1,0,1
1661360,62,1,1,0
5827832,62,1,0,1
1318544,62,1,1,0
172208,62,1,0,1
6753024,62,1,0,1
558168,62,1,0,1
6545168,62,1,0,1
5036560,62,1,0,1
872792,62,1,1,0
1384032,62,1,1,0
5047136,62,1,1,0
1023752,62,1,0,1
486824,62,1,0,1
680128,62,1,1,0
7982632,62,1,0,1
2934512,62,1,0,1
1338136,62,1,1,0
219848,62,1,0,1
4455320,62,1,1,0
2682552,62,1,0,1
4259160,62,1,1,0
1683864,62,1,0,1
183664,62,1,0,1
5188728,62,1,0,1
966800,62,1,0,1
2014912,62,1,1,0
3336256,62,1,0,1
6172648,62,1,1,0
2711648,62,1,1,0
1348040,62,1,1,0
506664,62,1,1,0
1932928,62,1,0,1
2060088,62,1,0,1
166984,62,1,1,0
409520,62,1,0,1
7058920,62,1,0,1
1384776,62,1,1,0
5486832,62,1,1,0
1516256,62,1,0,1
1918176,62,1,0,1
99648,62,1,0,1
924848,62,1,0,1
3786872,62,1,0,1
1171416,62,1,1,0
3271856,62,1,0,1
5045400,62,1,1,0
643016,62,1,0,1
2588984,62,1,1,0
1641832,62,1,0,1
981736,62,1,0,1
1550024,62,1,0,1
945256,62,1,0,1
439064,62,1,1,0
2073968,62,1,1,0
471840,62,1,1,0
1694368,62,1,0,1
5629136,62,1,0,1
864464,62,1,1,0
4495872,62,1,1,0
2350376,62,1,0,1
6398056,62,1,0,1
1756512,62,1,1,0
353400,62,1,1,0
3787864,62,1,1,0
73712,62,1,1,0
3693496,62,1,1,0
777008,62,1,1,0
212096,62,1,1,0
4540616,62,1,1,0
3301488,62,1,0,1
1180752,62,1,1,0
3099416,62,1,1,0
380416,62,1,1,0
2710480,62,1,1,0
8162952,62,1,0,1
1400720,62,1,1,0
8010144,62,1,1,0
2396904,62,1,1,0
967760,62,1,0,1
1439696,62,1,0,1
4781928,62,1,1,0
3333336,62,1,0,1
6915544,62,1,1,0
2426984,62,1,0,1
2563312,62,1,1,0
2582504,62,1,0,1
5035832,62,1,0,1
3238896,62,1,1,0
2936056,62,1,0,1
7937400,62,1,0,1
3679896,62,1,0,1
4040640,62,1,0,1
473520,62,1,0,1
757320,62,1,1,0
2938416,62,1,0,1
817776,62,1,1,0
803984,62,1,0,1
572224,62,1,1,0
3497120,62,1,0,1
2230128,62,1,0,1
968016,62,1,1,0
3423352,62,1,1,0
451968,62,1,1,0
967904,62,1,0,1
1525664,62,1,0,1
7836840,62,1,1,0
1505496,62,1,1,0
1612840,62,1,0,1
387520,62,1,0,1
2946560,62,1,1,0
1014336,62,1,0,1
6211176,62,1,1,0
4185680,62,1,1,0
2062208,62,1,0,1
4024976,62,1,1,0
2630336,62,1,0,1
2908456,62,1,1,0
5843464,62,1,0,1
1762336,62,1,0,1
356672,62,1,1,0
2475952,62,1,0,1
4523592,62,1,1,0
1975224,62,1,1,0
2319256,62,1,1,0
1634208,62,1,1,0
4363464,62,1,1,0
346680,62,1,1,0
5626176,62,1,1,0
2883840,62,1,0,1
2792536,62,1,1,0
3181880,62,1,0,1
5648016,62,1,0,1
1973456,62,1,1,0
2562384,62,1,0,1
2248608,62,1,1,0
854072,62,1,0,1
1527544,62,1,1,0
460776,62,1,1,0
3243768,62,1,0,1
2100208,62,1,1,0
6830344,62,1,1,0
2518096,62,1,0,1
379080,62,1,1,0
4499952,62,1,0,1
203960,62,1,1,0
5642336,62,1,0,1
480600,62,1,1,0
1106432,62,1,0,1
2729904,62,1,0,1
5437584,62,1,0,1
1188552,62,1,0,1
2655680,62,1,1,0
3935832,62,1,0,1
6670688,62,1,0,1
5617560,62,1,0,1
3485776,62,1,1,0
2575968,62,1,1,0
1133096,62,1,1,0
1666784,62,1,1,0
549336,62,1,0,1
798712,62,1,1,0
2810592,62,1,1,0
3912168,62,1,0,1
2905048,62,1,0,1
2179352,62,1,1,0
739048,62,1,1,0
334256,62,1,0,1
5392968,62,1,0,1
857064,62,1,0,1
3034568,62,1,1,0
253528,62,1,1,0
2251272,62,1,1,0
215096,62,1,0,1
263720,62,1,1,0
3557368,62,1,1,0
182192,62,1,1,0
3031056,62,1,1,0
5273224,62,1,1,0
445496,62,1,0,1
7842104,62,1,0,1
2072752,62,1,0,1
1606496,62,1,0,1
317064,62,1,1,0
161928,62,1,0,1
4999184,62,1,1,0
7310104,62,1,0,1
5948688,62,1,1,0
1099024,62,1,0,1
899960,62,1,1,0
5670016,62,1,0,1
3703416,62,1,1,0
686544,62,1,0,1
2094968,62,1,1,0
3620904,62,1,0,1
1254192,62,1,1,0
5562048,62,1,0,1
4962664,62,1,0,1
1933464,62,1,0,1
607472,62,1,0,1
2904120,62,1,0,1
2928920,62,1,1,0
7827344,62,1,1,0
2395544,62,1,1,0
3555992,62,1,1,0
356360,62,1,0,1
3463664,62,1,0,1
3704624,62,1,0,1
354840,62,1,0,1
3319104,62,1,0,1
1020256,62,1,0,1
2676696,62,1,0,1
292952,62,1,0,1
4019592,62,1,0,1
373176,62,1,0,1
1816224,62,1,1,0
690688,62,1,1,0
1469376,62,1,0,1
612992,62,1,0,1
2418640,62,1,1,0
1571336,62,1,0,1
4402944,62,1,0,1
4835720,62,1,0,1
1131856,62,1,1,0
3096680,62,1,0,1
7243528,62,1,0,1
900232,62,1,0,1
629248,62,1,0,1
117792,62,1,0,1
3385256,62,1,1,0
3135824,62,1,0,1
1539648,62,1,0,1
3031872,62,1,1,0
2927824,62,1,1,0
1869328,62,1,1,0
2797744,62,1,1,0
1216752,62,1,0,1
6697160,62,1,0,1
994952,62,1,1,0
7254552,62,1,0,1
7054712,62,1,1,0
110464,62,1,0,1
2170272,62,1,0,1
718008,62,1,1,0
7192008,62,1,0,1
660176,62,1,0,1
5123768,62,1,1,0
1044944,62,1,1,0
896080,62,1,0,1
483128,62,1,1,0
3116200,62,1,0,1
3061232,62,1,0,1
1037280,62,1,0,1
2779832,62,1,1,0
235800,62,1,0,1
2341960,62,1,0,1
4508856,62,1,1,0
6118280,62,1,1,0
108792,62,1,1,0
4778048,62,1,1,0
1467128,62,1,1,0
6549824,62,1,1,0
988784,62,1,0,1
563256,62,1,1,0
4215232,62,1,1,0
823496,62,1,1,0
1865432,62,1,0,1
4146600,62,1,1,0
1064848,62,1,0,1
2919832,62,1,1,0
445808,62,1,0,1
1975944,62,1,0,1
5132160,62,1,1,0
882912,62,1,1,0
6211984,62,1,1,0
4378600,62,1,1,0
5709264,62,1,0,1
1560432,62,1,0,1
705608,62,1,1,0
5954256,62,1,0,1
2625984,62,1,0,1
4272176,62,1,0,1
6188000,62,1,0,1
224736,62,1,0,1
4073432,62,1,0,1
695552,62,1,0,1
4841352,62,1,1,0
1492128,62,1,1,0
7265560,62,1,1,0
1408344,62,1,0,1
917456,62,1,1,0
2213280,62,1,0,1
520288,62,1,1,0
2548848,62,1,1,0
3748016,62,1,1,0
642040,62,1,0,1
5225632,62,1,0,1
3010904,62,1,0,1
5702832,62,1,0,1
1521976,62,1,1,0
4969136,62,1,0,1
1327080,62,1,0,1
1850776,62,1,0,1
167896,62,1,1,0
4451496,62,1,1,0
5740760,62,1,0,1
469120,62,1,1,0
2454448,62,1,1,0
474232,62,1,1,0
602760,62,1,1,0
7896488,62,1,0,1
1261560,62,1,1,0
6134048,62,1,0,1
911280,62,1,0,1
656672,62,1,0,1
188104,62,1,0,1
2342456,62,1,0,1
6336152,62,1,0,1
3589400,62,1,0,1
1364344,62,1,0,1
548288,62,1,0,1
6558064,62,1,1,0
1736608,62,1,0,1
923344,62,1,0,1
2030496,62,1,1,0
4867352,62,1,0,1
697408,62,1,0,1
3044648,62,1,0,1
5668480,62,1,1,0
7637408,62,1,1,0
680320,62,1,0,1
2672216,62,1,0,1
976104,62,1,1,0
783536,62,1,0,1
3766864,62,1,1,0
195928,62,1,1,0
5728656,62,1,1,0
2677832,62,1,0,1
4376040,62,1,1,0
5575632,62,1,1,0
760120,62,1,0,1
1849088,62,1,1,0
5527512,62,1,1,0
2239272,62,1,1,0
5723824,62,1,1,0
4320056,62,1,1,0
2840280,62,1,1,0
2528312,62,1,1,0
2857408,62,1,1,0
724992,62,1,1,0
5134392,62,1,1,0
265696,62,1,1,0
6493408,62,1,1,0
1488008,62,1,1,0
71040,62,1,0,1
6219912,62,1,1,0
867448,62,1,0,1
872360,62,1,0,1
6143760,62,1,0,1
3675728,62,1,0,1
4513032,62,1,0,1
2744528,62,1,0,1
1071240,62,1,0,1
2011160,62,1,0,1
8024168,62,1,1,0
1315032,62,1,0,1
679536,62,1,0,1
8358296,62,1,1,0
4968376,62,1,0,1
5465464,62,1,0,1
1100640,62,1,1,0
1818888,62,1,1,0
8237040,62,1,1,0
1073592,62,1,1,0
5820920,62,1,1,0
3273688,62,1,1,0
2594984,62,1,1,0
461264,62,1,0,1
1946256,62,1,1,0
4283312,62,1,1,0
1315064,62,1,0,1
1714256,62,1,0,1
7919456,62,1,0,1
7873584,62,1,1,0
3748216,62,1,0,1
2347248,62,1,0,1
4569312,62,1,0,1
6607288,62,1,1,0
1218048,62,1,0,1
4143848,62,1,1,0
3102984,62,1,0,1
4883624,62,1,0,1
2812592,62,1,1,0
1009664,62,1,0,1
3265000,62,1,0,1
8324864,62,1,1,0
3566088,62,1,0,1
235416,62,1,1,0
3080888,62,1,0,1
2389768,62,1,0,1
579096,62,1,1,0
5272992,62,1,1,0
5321208,62,1,1,0
2233016,62,1,0,1
728952,62,1,1,0
1978952,62,1,1,0
5608608,62,1,1,0
3569440,62,1,1,0
4041272,62,1,0,1
1482056,62,1,1,0
645880,62,1,0,1
488000,62,1,1,0
2631392,62,1,1,0
4094096,62,1,0,1
519656,62,1,1,0
4378048,62,1,1,0
4020712,62,1,0,1
739672,62,1,1,0
2962520,62,1,0,1
4904904,62,1,1,0
705656,62,1,0,1
2128144,62,1,1,0
856048,62,1,0,1
2670112,62,1,0,1
311208,62,1,1,0
6195928,62,1,1,0
1395936,62,1,1,0
1314840,62,1,1,0
1252472,62,1,0,1
1206568,62,1,1,0
1936504,62,1,0,1
2925656,62,1,0,1
2232352,62,1,0,1
3508976,62,1,1,0
728936,62,1,0,1
1514344,62,1,1,0
1454664,62,1,0,1
2000016,62,1,1,0
2182640,62,1,0,1
533960,62,1,0,1
1833480,62,1,0,1
3774904,62,1,1,0
8121920,62,1,0,1
1240616,62,1,1,0
4826144,62,1,0,1
1159632,62,1,0,1
2987136,62,1,0,1
2081672,62,1,1,0
3961128,62,1,0,1
5723880,62,1,0,1
6820680,62,1,1,0
2887992,62,1,1,0
1604560,62,1,1,0
892544,62,1,0,1
4174272,62,1,0,1
1458608,62,1,1,0
275024,62,1,1,0
715896,62,1,0,1
2031512,62,1,0,1
326768,62,1,0,1
370168,62,1,0,1
773552,62,1,1,0
1833648,62,1,1,0
153592,62,1,1,0
1195840,62,1,0,1
3994832,62,1,1,0
299320,62,1,1,0
2871856,62,1,1,0
2088296,62,1,0,1
455760,62,1,0,1
4086752,62,1,0,1
8131144,62,1,0,1
7495288,62,1,1,0
1670624,62,1,1,0
6246776,62,1,1,0
361632,62,1,0,1
4155024,62,1,0,1
942648,62,1,1,0
731040,62,1,1,0
7708280,62,1,0,1
4051616,62,1,0,1
558016,62,1,1,0
3975680,62,1,1,0
724128,62,1,0,1
3239568,62,1,1,0
6839656,62,1,0,1
5774696,62,1,1,0
1192496,62,1,0,1
5951600,62,1,1,0
4255616,62,1,1,0
4062192,62,1,1,0
388520,62,1,1,0
4870752,62,1,1,0
1737768,62,1,0,1
1540288,62,1,0,1
1059816,62,1,1,0
3016888,62,1,0,1
1148736,62,1,0,1
3079384,62,1,0,1
4817152,62,1,1,0
1373984,62,1,0,1
7037584,62,1,0,1
3232440,62,1,0,1
238544,62,1,0,1
4207512,62,1,1,0
3948432,62,1,0,1
400296,62,1,0,1
6718952,62,1,1,0
2417984,62,1,0,1
7362928,62,1,0,1
528920,62,1,0,1
1581624,62,1,0,1
1176160,62,1,0,1
381832,62,1,1,0
6833616,62,1,1,0
945296,62,1,1,0
395536,62,1,1,0
998240,62,1,1,0
5928960,62,1,0,1
859304,62,1,1,0
1525480,62,1,0,1
4315392,62,1,0,1
943584,62,1,0,1
4613584,62,1,1,0
4087592,62,1,1,0
2764048,62,1,0,1
815024,62,1,1,0
2066704,62,1,0,1
5433000,62,1,1,0
2035888,62,1,1,0
193144,62,1,1,0
3399264,62,1,0,1
4344936,62,1,1,0
7926336,62,1,1,0
1527568,62,1,0,1
5873496,62,1,1,0
695136,62,1,0,1
4348480,62,1,0,1
1455784,62,1,0,1
6924720,62,1,1,0
146496,62,1,0,1
3851152,62,1,1,0
4228008,62,1,0,1
5301592,62,1,0,1
4017488,62,1,1,0
8287304,62,1,0,1
195208,62,1,0,1
1247768,62,1,1,0
3640904,62,1,1,0
789872,62,1,1,0
311856,62,1,0,1
1812992,62,1,0,1
1419288,62,1,0,1
2557112,62,1,1,0
772264,62,1,0,1
7972032,62,1,0,1
638096,62,1,0,1
207608,62,1,1,0
1644048,62,1,0,1
699928,62,1,1,0
6787720,62,1,0,1
4769760,62,1,1,0
7179128,62,1,1,0
1632976,62,1,1,0
6713608,62,1,0,1
857408,62,1,1,0
286992,62,1,1,0
653048,62,1,1,0
5150312,62,1,1,0
3548912,62,1,1,0
6742744,62,1,1,0
762976,62,1,1,0
6524344,62,1,0,1
1006568,62,1,0,1
1656096,62,1,1,0
4556144,62,1,1,0
5968040,62,1,0,1
1153328,62,1,1,0
1826568,62,1,0,1
2226128,62,1,1,0
328952,62,1,1,0
5223192,62,1,1,0
7218928,62,1,1,0
584392,62,1,1,0
2867520,62,1,1,0
2635504,62,1,0,1
231272,62,1,1,0
4053728,62,1,0,1
780840,62,1,0,1
5588120,62,1,1,0
362176,62,1,1,0
5852224,62,1,1,0
8067160,62,1,1,0
3999360,62,1,0,1
2598920,62,1,1,0
3062840,62,1,1,0
138600,62,1,0,1
5845136,62,1,0,1
7347440,62,1,1,0
288936,62,1,0,1
263304,62,1,1,0
6609272,62,1,0,1
3589368,62,1,1,0
3308560,62,1,0,1
5189600,62,1,1,0
535616,62,1,1,0
5330816,62,1,1,0
1085512,62,1,0,1
707864,62,1,1,0
3507616,62,1,0,1
203248,62,1,1,0
2413168,62,1,0,1
958264,62,1,1,0
6621432,62,1,1,0
862064,62,1,1,0
820304,62,1,1,0
3695816,62,1,1,0
3778088,62,1,1,0
3556120,62,1,1,0
976208,62,1,0,1
1050416,62,1,1,0
4003064,62,1,0,1
399408,62,1,0,1
406128,62,1,1,0
3260488,62,1,1,0
4420616,62,1,1,0
3757488,62,1,1,0
4940912,62,1,1,0
143872,62,1,0,1
6734456,62,1,0,1
374120,62,1,0,1
1761240,62,1,1,0
6835592,62,1,1,0
266360,62,1,1,0
2710912,62,1,1,0
1551952,62,1,0,1
80376,62,1,0,1
6719136,62,1,0,1
1607160,62,1,0,1
166208,62,1,1,0
1361184,62,1,1,0
3566728,62,1,1,0
253320,62,1,1,0
5673664,62,1,1,0
2896856,62,1,1,0
592464,62,1,1,0
2922368,62,1,1,0
1063128,62,1,0,1
3799920,62,1,1,0
331056,62,1,1,0
4070392,62,1,0,1
2432000,62,1,0,1
1602344,62,1,1,0
6490872,62,1,0,1
931464,62,1,0,1
725792,62,1,1,0
805040,62,1,1,0
4752832,62,1,0,1
750296,62,1,0,1
3356200,62,1,0,1
2043296,62,1,1,0
3749696,62,1,1,0
534048,62,1,0,1
8089328,62,1,0,1
3390088,62,1,1,0
3373344,62,1,0,1
6017800,62,1,0,1
2951168,62,1,1,0
989280,62,1,0,1
783272,62,1,0,1
787776,62,1,0,1
5146288,62,1,0,1
8318888,62,1,0,1
1249800,62,1,1,0
5200496,62,1,0,1
1304808,62,1,0,1
1563392,62,1,1,0
2914184,62,1,0,1
3170496,62,1,0,1
7224416,62,1,0,1
850208,62,1,1,0
606680,62,1,1,0
3131880,62,1,0,1
5414592,62,1,1,0
1657568,62,1,0,1
2812240,62,1,0,1
1751664,62,1,1,0
5594224,62,1,0,1
3751752,62,1,0,1
1646072,62,1,0,1
7360184,62,1,1,0
2005120,62,1,0,1
6063976,62,1,1,0
4950712,62,1,1,0
7984880,62,1,0,1
7984952,62,1,0,1
2434072,62,1,1,0
2868496,62,1,0,1
4546680,62,1,1,0
6696816,62,1,1,0
5685840,62,1,0,1
7415512,62,1,1,0
6969320,62,1,1,0
2745472,62,1,0,1
1248032,62,1,1,0
1270072,62,1,1,0
3735312,62,1,1,0
7634464,62,1,1,0
4531408,62,1,1,0
2490584,62,1,1,0
472416,62,1,1,0
4254360,62,1,1,0
3150304,62,1,0,1
862824,62,1,1,0
1029672,62,1,0,1
2368424,62,1,0,1
633832,62,1,1,0
4540032,62,1,0,1
2493744,62,1,1,0
1092080,62,1,0,1
2921912,62,1,1,0
597552,62,1,1,0
2196208,62,1,0,1
1212288,62,1,1,0
435016,62,1,1,0
4116560,62,1,1,0
802936,62,1,0,1
6795616,62,1,1,0
648968,62,1,0,1
531976,62,1,1,0
1116120,62,1,0,1
7288216,62,1,1,0
1190000,62,1,1,0
3774816,62,1,1,0
1082640,62,1,0,1
6658016,62,1,0,1
3016016,62,1,1,0
4357656,62,1,1,0
4729472,62,1,1,0
5028776,62,1,0,1
2078896,62,1,1,0
3170936,62,1,0,1
1438360,62,1,0,1
2867248,62,1,0,1
1263304,62,1,0,1
4244768,62,1,0,1
3556072,62,1,1,0
6162336,62,1,0,1
1525896,62,1,0,1
3358352,62,1,0,1
7741856,62,1,0,1
1858480,62,1,0,1
6834800,62,1,0,1
7674864,62,1,0,1
842248,62,1,1,0
6638504,62,1,0,1
5290288,62,1,0,1
1580072,62,1,0,1
650152,62,1,1,0
6630416,62,1,1,0
7394528,62,1,0,1
4996928,62,1,0,1
7980208,62,1,1,0
326720,62,1,1,0
7729560,62,1,0,1
4174744,62,1,0,1
7468536,62,1,0,1
8196168,62,1,1,0
6648088,62,1,0,1
3300768,62,1,0,1
4196968,62,1,1,0
7072352,62,1,1,0
330928,62,1,0,1
1543336,62,1,0,1
241984,62,1,0,1
289240,62,1,1,0
3526280,62,1,1,0
267600,62,1,1,0
3016992,62,1,0,1
7781424,62,1,0,1
2015560,62,1,0,1
5400752,62,1,1,0
309296,62,1,0,1
3612792,62,1,0,1
7153768,62,1,1,0
881848,62,1,0,1
2990320,62,1,1,0
1218280,62,1,1,0
6767088,62,1,0,1
174824,62,1,0,1
1657216,62,1,0,1
2360968,62,1,0,1
4607048,62,1,0,1
563184,62,1,1,0
402608,62,1,1,0
928416,62,1,1,0
261960,62,1,0,1
2801064,62,1,0,1
2773136,62,1,1,0
4168200,62,1,1,0
1333864,62,1,0,1
462464,62,1,0,1
3480224,62,1,1,0
728840,62,1,0,1
4660560,62,1,0,1
4712944,62,1,0,1
1117032,62,1,1,0
258088,62,1,1,0
4021440,62,1,0,1
4064368,62,1,1,0
7850576,62,1,1,0
3735296,62,1,1,0
1594144,62,1,0,1
356968,62,1,1,0
3199064,62,1,0,1
3331512,62,1,1,0
999232,62,1,1,0
4350616,62,1,1,0
3265416,62,1,0,1
972832,62,1,1,0
1566296,62,1,0,1
3234928,62,1,1,0
429072,62,1,0,1
816296,62,1,1,0
878936,62,1,0,1
156160,62,1,0,1
4118336,62,1,1,0
1481104,62,1,0,1
6694080,62,1,1,0
3124344,62,1,0,1
361184,62,1,1,0
4414896,62,1,1,0
2225456,62,1,1,0
4569832,62,1,0,1
3287768,62,1,0,1
5161624,62,1,0,1
7893384,62,1,1,0
611416,62,1,1,0
5575448,62,1,0,1
3567688,62,1,1,0
6180480,62,1,0,1
5274600,62,1,0,1
1373512,62,1,1,0
594152,62,1,0,1
1130664,62,1,1,0
3510832,62,1,0,1
3351504,62,1,0,1
6862432,62,1,1,0
7155744,62,1,1,0
407368,62,1,1,0
3847960,62,1,1,0
2689696,62,1,1,0
3082992,62,1,1,0
506520,62,1,0,1
694616,62,1,0,1
498856,62,1,0,1
2913472,62,1,1,0
112832,62,1,0,1
2623744,62,1,0,1
1288856,62,1,1,0
770616,62,1,0,1
6296616,62,1,0,1
2874200,62,1,0,1
6403336,62,1,0,1
1478896,62,1,1,0
1326152,62,1,1,0
61976,62,1,0,1
3929928,62,1,0,1
375888,62,1,0,1
1052160,62,1,1,0
449712,62,1,1,0
5236088,62,1,0,1
5993144,62,1,1,0
1432032,62,1,1,0
6509264,62,1,0,1
1925936,62,1,0,1
7358792,62,1,0,1
997264,62,1,1,0
2485920,62,1,1,0
1947304,62,1,1,0
4420192,62,1,1,0
2887696,62,1,0,1
2295512,62,1,0,1
3360752,62,1,0,1
6219488,62,1,1,0
3178928,62,1,1,0
1398376,62,1,0,1
952120,62,1,0,1
810192,62,1,1,0
4766840,62,1,0,1
422952,62,1,1,0
335568,62,1,0,1
4621072,62,1,0,1
2651456,62,1,0,1
2015176,62,1,0,1
7563392,62,1,1,0
7690680,62,1,0,1
825328,62,1,1,0
4761656,62,1,1,0
3660856,62,1,0,1
1668424,62,1,1,0
1313576,62,1,1,0
3175664,62,1,0,1
3340016,62,1,0,1
7482408,62,1,0,1
3995296,62,1,0,1
695168,62,1,0,1
1182216,62,1,0,1
1040256,62,1,0,1
1345096,62,1,0,1
1716256,62,1,1,0
4898544,62,1,0,1
5316176,62,1,1,0
1806368,62,1,0,1
2236840,62,1,0,1
1393760,62,1,0,1
7802456,62,1,1,0
6409792,62,1,1,0
838104,62,1,1,0
3652328,62,1,1,0
151768,62,1,1,0
4777872,62,1,1,0
8147008,62,1,1,0
4535000,62,1,0,1
281480,62,1,0,1
1482248,62,1,1,0
8145880,62,1,1,0
1224768,62,1,1,0
3515984,62,1,0,1
142880,62,1,1,0
5878280,62,1,1,0
2718904,62,1,0,1
169384,62,1,0,1
345136,62,1,0,1
211664,62,1,1,0
5240912,62,1,1,0
6621832,62,1,0,1
3924184,62,1,1,0
7093376,62,1,1,0
622440,62,1,0,1
2817096,62,1,0,1
3611224,62,1,1,0
1303728,62,1,0,1
4639064,62,1,0,1
1002152,62,1,0,1
2680328,62,1,0,1
2173768,62,1,1,0
5764264,62,1,0,1
4412064,62,1,0,1
896824,62,1,1,0
768960,62,1,1,0
1574840,62,1,1,0
1844784,62,1,1,0
479224,62,1,0,1
2040544,62,1,1,0
995152,62,1,0,1
6098432,62,1,1,0
3212960,62,1,1,0
4866056,62,1,1,0
1933736,62,1,0,1
550408,62,1,0,1
1445664,62,1,0,1
7766704,62,1,0,1
4315928,62,1,0,1
6607016,62,1,0,1
8222872,62,1,0,1
687936,62,1,0,1
2841664,62,1,1,0
6200168,62,1,1,0
1146856,62,1,0,1
181808,62,1,0,1
7824728,62,1,0,1
4080792,62,1,1,0
4636080,62,1,0,1
1473984,62,1,1,0
939288,62,1,1,0
2126024,62,1,0,1
3075680,62,1,1,0
150664,62,1,1,0
7378648,62,1,1,0
1792640,62,1,1,0
5740488,62,1,0,1
7304584,62,1,0,1
977952,62,1,1,0
324968,62,1,0,1
1755384,62,1,0,1
2134320,62,1,1,0
2592408,62,1,1,0
7628704,62,1,1,0
1377688,62,1,0,1
4798448,62,1,1,0
894784,62,1,1,0
2404072,62,1,0,1
7964688,62,1,1,0
2029992,62,1,0,1
848664,62,1,1,0
6318600,62,1,0,1
466440,62,1,0,1
1990080,62,1,1,0
8214192,62,1,0,1
963104,62,1,1,0
277112,62,1,0,1
1466928,62,1,0,1
1044904,62,1,1,0
6125200,62,1,0,1
409376,62,1,0,1
1229928,62,1,1,0
7257488,62,1,0,1
5707728,62,1,0,1
3021984,62,1,0,1
960320,62,1,1,0
5754688,62,1,1,0
4374512,62,1,1,0
5979608,62,1,1,0
1449368,62,1,0,1
7655040,62,1,0,1
2926392,62,1,0,1
6688040,62,1,1,0
679376,62,1,0,1
4483912,62,1,0,1
1964448,62,1,1,0
5988248,62,1,0,1
3672008,62,1,1,0
2506088,62,1,0,1
7681280,62,1,0,1
5604048,62,1,1,0
3890624,62,1,1,0
395400,62,1,0,1
157120,62,1,0,1
3633784,62,1,0,1
2617888,62,1,1,0
6130880,62,1,1,0
198400,62,1,1,0
3593600,62,1,1,0
5759560,62,1,1,0
486464,62,1,0,1
2860712,62,1,0,1
1312488,62,1,1,0
3459856,62,1,1,0
2315496,62,1,1,0
5023984,62,1,1,0
695576,62,1,1,0
527688,62,1,0,1
1905496,62,1,1,0
4104616,62,1,1,0
7902856,62,1,1,0
1155856,62,1,0,1
5931616,62,1,0,1
5317056,62,1,1,0
1874736,62,1,0,1
1799856,62,1,1,0
5618584,62,1,1,0
1397536,62,1,0,1
159064,62,1,1,0
2995992,62,1,1,0
1743936,62,1,0,1
5431112,62,1,0,1
7229464,62,1,0,1
1657064,62,1,1,0
4916360,62,1,1,0
2552728,62,1,0,1
1928544,62,1,0,1
404424,62,1,1,0
379728,62,1,0,1
2718824,62,1,1,0
6323080,62,1,1,0
5267608,62,1,0,1
255208,62,1,1,0
4441104,62,1,0,1
1435352,62,1,0,1
2070016,62,1,1,0
1274912,62,1,1,0
1188288,62,1,1,0
6566280,62,1,1,0
1397400,62,1,0,1
897072,62,1,0,1
5930032,62,1,0,1
5535568,62,1,0,1
2946104,62,1,1,0
1003592,62,1,0,1
2389976,62,1,0,1
1393288,62,1,0,1
223536,62,1,1,0
2225432,62,1,0,1
1553016,62,1,0,1
528080,62,1,1,0
696480,62,1,0,1
4013712,62,1,1,0
3974632,62,1,0,1
4990808,62,1,1,0
1187656,62,1,0,1
464784,62,1,1,0
1399912,62,1,0,1
3668744,62,1,1,0
4236776,62,1,0,1
786008,62,1,0,1
2352080,62,1,1,0
2536552,62,1,1,0
7964032,62,1,1,0
1736040,62,1,1,0
5940024,62,1,1,0
793360,62,1,1,0
767256,62,1,0,1
1656112,62,1,1,0
1452736,62,1,1,0
810240,62,1,0,1
6976040,62,1,1,0
1574088,62,1,0,1
3251336,62,1,1,0
820520,62,1,0,1
8291632,62,1,0,1
6033904,62,1,1,0
2863568,62,1,0,1
1047024,62,1,1,0
1670744,62,1,1,0
760352,62,1,1,0
5895680,62,1,0,1
3024128,62,1,1,0
96296,62,1,1,0
651400,62,1,0,1
2323704,62,1,0,1
5280864,62,1,1,0
5896768,62,1,0,1
6698328,62,1,0,1
7846912,62,1,1,0
789632,62,1,0,1
4789792,62,1,1,0
1306104,62,1,1,0
322880,62,1,0,1
664240,62,1,0,1
164040,62,1,1,0
5101368,62,1,1,0
6392896,62,1,0,1
6315664,62,1,1,0
2985104,62,1,1,0
905888,62,1,0,1
1064856,62,1,1,0
3255240,62,1,1,0
7554984,62,1,1,0
1257080,62,1,0,1
405240,62,1,0,1
100528,62,1,0,1
3524976,62,1,0,1
1054216,62,1,1,0
149648,62,1,1,0
5274432,62,1,0,1
2670192,62,1,0,1
2332664,62,1,0,1
2969432,62,1,0,1
745296,62,1,1,0
338040,62,1,0,1
1896240,62,1,0,1
6435808,62,1,0,1
2134912,62,1,0,1
3188464,62,1,0,1
2271088,62,1,1,0
4365088,62,1,0,1
3698976,62,1,1,0
8013832,62,1,0,1
926384,62,1,1,0
5256272,62,1,1,0
324496,62,1,0,1
544656,62,1,1,0
2255768,62,1,1,0
3859592,62,1,1,0
2245232,62,1,1,0
6407176,62,1,1,0
1958176,62,1,1,0
683696,62,1,0,1
7190080,62,1,1,0
1154288,62,1,1,0
5299480,62,1,0,1
515112,62,1,0,1
2916704,62,1,1,0
4725056,62,1,0,1
5260888,62,1,1,0
2961552,62,1,1,0
7001088,62,1,0,1
4440608,62,1,0,1
4254720,62,1,1,0
4728632,62,1,0,1
3083520,62,1,0,1
1084136,62,1,1,0
1284048,62,1,1,0
1370336,62,1,1,0
1029112,62,1,0,1
3498880,62,1,0,1
172912,62,1,1,0
249760,62,1,0,1
4599176,62,1,1,0
1715464,62,1,0,1
3341664,62,1,0,1
166408,62,1,0,1
5518152,62,1,0,1
444232,62,1,1,0
3187032,62,1,1,0
683904,62,1,1,0
5252136,62,1,1,0
667680,62,1,0,1
1602232,62,1,1,0
1985000,62,1,0,1
5682256,62,1,0,1
5691392,62,1,1,0
4535312,62,1,0,1
4031752,62,1,0,1
1789368,62,1,0,1
1039296,62,1,1,0
988128,62,1,0,1
703200,62,1,1,0
1372784,62,1,0,1
298048,62,1,1,0
623648,62,1,1,0
6113032,62,1,0,1
212328,62,1,1,0
5668488,62,1,1,0
5033456,62,1,0,1
1101640,62,1,0,1
1916408,62,1,0,1
6145064,62,1,0,1
4513104,62,1,0,1
6584472,62,1,0,1
5802416,62,1,1,0
2408680,62,1,0,1
940528,62,1,0,1
388768,62,1,0,1
1076544,62,1,0,1
3459192,62,1,1,0
600160,62,1,1,0
6971984,62,1,1,0
241968,62,1,1,0
3377264,62,1,0,1
833632,62,1,1,0
1089992,62,1,0,1
943056,62,1,0,1
6310408,62,1,1,0
1180352,62,1,1,0
6573696,62,1,1,0
1275312,62,1,1,0
1229984,62,1,0,1
378696,62,1,1,0
7165440,62,1,0,1
4736288,62,1,1,0
5511496,62,1,0,1
2072960,62,1,0,1
3834016,62,1,0,1
1828592,62,1,0,1
3551840,62,1,1,0
633400,62,1,0,1
207696,62,1,0,1
3536688,62,1,1,0
150640,62,1,0,1
1162496,62,1,1,0
337312,62,1,1,0
6059400,62,1,0,1
3183264,62,1,1,0
4414728,62,1,1,0
1717320,62,1,1,0
5503848,62,1,0,1
7222584,62,1,0,1
2571800,62,1,0,1
266768,62,1,1,0
2652368,62,1,1,0
3645232,62,1,0,1
2669104,62,1,1,0
1304240,62,1,1,0
2152600,62,1,1,0
7705800,62,1,0,1
6321672,62,1,1,0
1685240,62,1,1,0
848088,62,1,0,1
438800,62,1,0,1
6493304,62,1,1,0
7745760,62,1,1,0
702584,62,1,1,0
1080856,62,1,0,1
889512,62,1,1,0
4469328,62,1,1,0
2817328,62,1,1,0
1451248,62,1,1,0
489760,62,1,1,0
5545544,62,1,1,0
379392,62,1,1,0
6701384,62,1,0,1
7315568,62,1,0,1
358624,62,1,0,1
1253744,62,1,0,1
2437552,63,1,0,1
7555952,63,1,1,0
2260600,63,1,0,1
3439352,63,1,0,1
5296544,63,1,1,0
388824,63,1,0,1
5963248,63,1,1,0
6412992,63,1,0,1
7596320,63,1,1,0
7690104,63,1,1,0
4827376,63,1,0,1
8302728,63,1,0,1
506984,63,1,0,1
4606152,63,1,0,1
260352,63,1,1,0
241224,63,1,0,1
145928,63,1,0,1
7239008,63,1,0,1
1813912,63,1,1,0
1755344,63,1,0,1
761024,63,1,0,1
6823288,63,1,1,0
307296,63,1,1,0
3085704,63,1,0,1
3154720,63,1,0,1
6692672,63,1,0,1
2269488,63,1,1,0
6379320,63,1,0,1
445640,63,1,0,1
4030592,63,1,1,0
3349592,63,1,0,1
7845608,63,1,0,1
8164904,63,1,1,0
1145248,63,1,0,1
5863928,63,1,1,0
7665992,63,1,0,1
3734952,63,1,1,0
4795672,63,1,1,0
1279512,63,1,1,0
3915336,63,1,0,1
2794648,63,1,1,0
6604192,63,1,0,1
8349696,63,1,0,1
789456,63,1,1,0
205768,63,1,0,1
3183208,63,1,1,0
472720,63,1,0,1
3945624,63,1,0,1
742224,63,1,0,1
322512,63,1,0,1
2338920,63,1,0,1
5190920,63,1,1,0
3990616,63,1,0,1
351336,63,1,0,1
6009576,63,1,1,0
4458656,63,1,0,1
1307296,63,1,0,1
5494608,63,1,1,0
6279544,63,1,1,0
818384,63,1,0,1
2054832,63,1,1,0
3721320,63,1,1,0
5638816,63,1,0,1
376736,63,1,1,0
2613552,63,1,0,1
3834416,63,1,1,0
162832,63,1,1,0
4066800,63,1,0,1
417248,63,1,0,1
1030904,63,1,1,0
1953928,63,1,1,0
570032,63,1,0,1
3935872,63,1,1,0
3204216,63,1,0,1
1224952,63,1,0,1
1302264,63,1,0,1
2625376,63,1,0,1
664232,63,1,1,0
368360,63,1,1,0
1781040,63,1,0,1
3656544,63,1,0,1
2185264,63,1,1,0
2625784,63,1,0,1
1468056,63,1,0,1
4085376,63,1,1,0
5209584,63,1,1,0
8176336,63,1,1,0
7114632,63,1,1,0
1090296,63,1,1,0
104656,63,1,0,1
116400,63,1,1,0
456512,63,1,0,1
1573088,63,1,1,0
737304,63,1,1,0
4951576,63,1,1,0
8185720,63,1,1,0
1497480,63,1,1,0
590600,63,1,0,1
3272432,63,1,1,0
2138056,63,1,1,0
1903008,63,1,0,1
4837352,63,1,1,0
3518296,63,1,1,0
2720040,63,1,1,0
3384480,63,1,0,1
1854944,63,1,1,0
2699208,63,1,1,0
3842992,63,1,1,0
6987824,63,1,0,1
259464,63,1,0,1
748072,63,1,1,0
5770952,63,1,0,1
6981576,63,1,1,0
1638840,63,1,1,0
5162376,63,1,0,1
6242440,63,1,0,1
394472,63,1,1,0
7453416,63,1,1,0
3706160,63,1,1,0
5268056,63,1,0,1
1224456,63,1,0,1
3812184,63,1,0,1
4370272,63,1,0,1
2055528,63,1,1,0
4990872,63,1,0,1
912776,63,1,0,1
1063408,63,1,0,1
5380472,63,1,0,1
3410672,63,1,0,1
4379984,63,1,1,0
628136,63,1,0,1
414688,63,1,1,0
1651824,63,1,0,1
1730144,63,1,1,0
3074352,63,1,0,1
4515912,63,1,1,0
4204960,63,1,0,1
4324104,63,1,1,0
2044160,63,1,1,0
1785392,63,1,1,0
2568976,63,1,1,0
7960776,63,1,1,0
7028136,63,1,0,1
3332224,63,1,0,1
3175456,63,1,1,0
2632640,63,1,0,1
2390288,63,1,0,1
5572072,63,1,1,0
855728,63,1,1,0
1117264,63,1,1,0
3088600,63,1,1,0
1796248,63,1,1,0
985784,63,1,1,0
3187368,63,1,0,1
5758576,63,1,0,1
4372368,63,1,0,1
2146272,63,1,0,1
7855064,63,1,1,0
91608,63,1,1,0
816312,63,1,1,0
997656,63,1,1,0
1734720,63,1,0,1
4866472,63,1,0,1
1005448,63,1,1,0
6371104,63,1,0,1
2564024,63,1,1,0
2774936,63,1,1,0
4036504,63,1,1,0
4645032,63,1,1,0
1182256,63,1,1,0
1410264,63,1,1,0
4225088,63,1,1,0
6256280,63,1,0,1
1010224,63,1,0,1
354696,63,1,1,0
2705032,63,1,0,1
576360,63,1,0,1
5774400,63,1,0,1
4476904,63,1,1,0
5422552,63,1,0,1
1213576,63,1,1,0
1357856,63,1,0,1
1399792,63,1,1,0
3261360,63,1,0,1
1744960,63,1,0,1
4150192,63,1,1,0
1890240,63,1,0,1
3494152,63,1,1,0
3322344,63,1,0,1
1661040,63,1,1,0
7748648,63,1,1,0
1760056,63,1,0,1
613464,63,1,1,0
1447584,63,1,1,0
4771552,63,1,1,0
2742944,63,1,0,1
3053448,63,1,0,1
7340656,63,1,1,0
7090312,63,1,0,1
1807888,63,1,1,0
1089192,63,1,1,0
198120,63,1,0,1
3712728,63,1,1,0
2414088,63,1,0,1
1087408,63,1,1,0
2698552,63,1,0,1
4169016,63,1,1,0
1280848,63,1,1,0
1001512,63,1,0,1
7254424,63,1,0,1
3207312,63,1,1,0
4024016,63,1,0,1
921216,63,1,0,1
2291912,63,1,1,0
7294520,63,1,1,0
2506256,63,1,1,0
3825656,63,1,0,1
2683432,63,1,1,0
2012160,63,1,1,0
4147688,63,1,1,0
7734432,63,1,0,1
6045240,63,1,0,1
1301248,63,1,0,1
5296928,63,1,1,0
1276464,63,1,0,1
2489768,63,1,0,1
585056,63,1,0,1
292800,63,1,0,1
1268784,63,1,1,0
4479216,63,1,0,1
1647792,63,1,1,0
488248,63,1,1,0
973592,63,1,1,0
688816,63,1,0,1
8114336,63,1,1,0
956696,63,1,1,0
4856704,63,1,1,0
6499512,63,1,0,1
1060984,63,1,0,1
182632,63,1,0,1
3224560,63,1,0,1
1667216,63,1,1,0
676912,63,1,0,1
772952,63,1,1,0
2860816,63,1,1,0
268392,63,1,0,1
818736,63,1,1,0
1718760,63,1,0,1
1170336,63,1,0,1
5371304,63,1,1,0
3910272,63,1,0,1
91792,63,1,1,0
1924992,63,1,0,1
1493696,63,1,1,0
240752,63,1,1,0
1015744,63,1,0,1
6506912,63,1,0,1
2823776,63,1,1,0
4089072,63,1,0,1
4082352,63,1,1,0
310128,63,1,1,0
326920,63,1,1,0
2623312,63,1,0,1
2175920,63,1,1,0
721072,63,1,1,0
3912792,63,1,1,0
2999648,63,1,0,1
5042720,63,1,0,1
6376584,63,1,1,0
1466976,63,1,1,0
3863960,63,1,0,1
1420960,63,1,1,0
2139352,63,1,0,1
1559344,63,1,0,1
5698896,63,1,0,1
1592912,63,1,0,1
1315408,63,1,1,0
1591408,63,1,0,1
8227272,63,1,1,0
3233944,63,1,0,1
2193840,63,1,1,0
3611368,63,1,1,0
3152200,63,1,1,0
2712144,63,1,1,0
1556040,63,1,1,0
6735048,63,1,0,1
747792,63,1,0,1
1109360,63,1,0,1
1477560,63,1,0,1
235776,63,1,0,1
2201600,63,1,1,0
1990320,63,1,0,1
2867024,63,1,1,0
1150632,63,1,1,0
621000,63,1,0,1
4607200,63,1,0,1
4714576,63,1,0,1
427160,63,1,1,0
3692400,63,1,1,0
5962216,63,1,0,1
5515424,63,1,1,0
3975920,63,1,1,0
7126320,63,1,1,0
5286176,63,1,0,1
2689432,63,1,1,0
4138800,63,1,1,0
1178760,63,1,0,1
3551296,63,1,0,1
2017608,63,1,1,0
2368904,63,1,1,0
7659392,63,1,1,0
1413064,63,1,0,1
4626864,63,1,0,1
5147216,63,1,0,1
2284752,63,1,0,1
760752,63,1,1,0
3021432,63,1,1,0
2379640,63,1,0,1
451104,63,1,0,1
2969576,63,1,0,1
5190288,63,1,1,0
328536,63,1,1,0
134896,63,1,1,0
6117560,63,1,0,1
3015056,63,1,1,0
525400,63,1,1,0
1487576,63,1,1,0
2397472,63,1,1,0
119792,63,1,1,0
6374128,63,1,0,1
967072,63,1,0,1
2639920,63,1,1,0
1792568,63,1,0,1
3526224,63,1,1,0
591088,63,1,1,0
293656,63,1,1,0
1570280,63,1,0,1
7056840,63,1,0,1
1333496,63,1,1,0
2990352,63,1,0,1
2861248,63,1,0,1
3895760,63,1,0,1
1906448,63,1,0,1
408280,63,1,0,1
1293000,63,1,0,1
8112032,63,1,0,1
3185032,63,1,0,1
566088,63,1,0,1
831208,63,1,0,1
1405264,63,1,1,0
5465304,63,1,0,1
3059392,63,1,1,0
741576,63,1,1,0
6275880,63,1,1,0
2610976,63,1,0,1
2868912,63,1,0,1
4191200,63,1,1,0
1647984,63,1,1,0
718832,63,1,0,1
2418568,63,1,0,1
1744536,63,1,0,1
8045080,63,1,1,0
410576,63,1,0,1
5471376,63,1,0,1
515280,63,1,0,1
733840,63,1,0,1
543464,63,1,1,0
5952408,63,1,1,0
201048,63,1,0,1
1249904,63,1,1,0
6352544,63,1,0,1
3785968,63,1,1,0
478248,63,1,1,0
2286024,63,1,1,0
603064,63,1,0,1
676280,63,1,1,0
1564600,63,1,1,0
3502776,63,1,1,0
2720568,63,1,1,0
1291736,63,1,1,0
3203632,63,1,0,1
3560232,63,1,0,1
5490400,63,1,1,0
7337304,63,1,0,1
1715360,63,1,1,0
6468304,63,1,0,1
6563176,63,1,0,1
2042704,63,1,0,1
7301072,63,1,0,1
2631936,63,1,1,0
512632,63,1,1,0
5548360,63,1,1,0
6886928,63,1,0,1
1425376,63,1,0,1
160384,63,1,0,1
3814720,63,1,0,1
2833464,63,1,0,1
562240,63,1,1,0
731360,63,1,0,1
6390928,63,1,1,0
2905056,63,1,1,0
2825488,63,1,0,1
3528976,63,1,1,0
988032,63,1,1,0
3590456,63,1,0,1
341272,63,1,1,0
5756760,63,1,1,0
383656,63,1,0,1
2143624,63,1,1,0
6926904,63,1,1,0
752448,63,1,1,0
1965128,63,1,0,1
1869920,63,1,0,1
3884320,63,1,0,1
6040088,63,1,0,1
3670272,63,1,0,1
3724712,63,1,0,1
494808,63,1,0,1
2165952,63,1,1,0
259848,63,1,1,0
411160,63,1,0,1
2382408,63,1,0,1
6135832,63,1,1,0
345520,63,1,1,0
252536,63,1,1,0
1237248,63,1,0,1
767600,63,1,0,1
6712288,63,1,0,1
5822200,63,1,0,1
7733440,63,1,0,1
298816,63,1,1,0
307368,63,1,1,0
4140176,63,1,0,1
710960,63,1,1,0
967248,63,1,1,0
1067824,63,1,0,1
1351048,63,1,1,0
5518840,63,1,1,0
3275272,63,1,0,1
6730024,63,1,0,1
6109128,63,1,1,0
1452920,63,1,1,0
926768,63,1,0,1
1038960,63,1,1,0
495856,63,1,1,0
3595296,63,1,0,1
4457136,63,1,1,0
4922704,63,1,0,1
2254264,63,1,0,1
519720,63,1,1,0
5715632,63,1,1,0
1073128,63,1,1,0
174272,63,1,0,1
3334736,63,1,0,1
928488,63,1,0,1
6485536,63,1,0,1
1090600,63,1,0,1
6009200,63,1,0,1
5182952,63,1,1,0
7716136,63,1,0,1
3876200,63,1,0,1
2071312,63,1,0,1
3414560,63,1,0,1
4720760,63,1,1,0
2412000,63,1,0,1
4717296,63,1,0,1
637600,63,1,1,0
294048,63,1,0,1
3094592,63,1,0,1
2468344,63,1,1,0
5581720,63,1,1,0
1731168,63,1,1,0
2244736,63,1,1,0
1627456,63,1,0,1
580480,63,1,1,0
897920,63,1,1,0
480520,63,1,0,1
5086936,63,1,0,1
437048,63,1,1,0
6906824,63,1,0,1
1981776,63,1,0,1
3352120,63,1,0,1
828328,63,1,0,1
4174072,63,1,0,1
965344,63,1,1,0
446160,63,1,0,1
1796928,63,1,0,1
936016,63,1,0,1
2865664,63,1,1,0
210680,63,1,1,0
769904,63,1,1,0
5619808,63,1,0,1
4150824,63,1,0,1
1127320,63,1,0,1
841952,63,1,1,0
994472,63,1,0,1
3880840,63,1,1,0
5605104,63,1,1,0
391712,63,1,1,0
655136,63,1,0,1
2019128,63,1,0,1
8075592,63,1,0,1
1311800,63,1,0,1
189976,63,1,0,1
3821000,63,1,1,0
4501744,63,1,1,0
6899800,63,1,1,0
2886944,63,1,1,0
2695888,63,1,1,0
1077848,63,1,1,0
7980416,63,1,1,0
916280,63,1,1,0
217832,63,1,1,0
3299080,63,1,1,0
1190416,63,1,1,0
530784,63,1,0,1
1744048,63,1,0,1
408472,63,1,0,1
1993312,63,1,0,1
6476584,63,1,0,1
1069680,63,1,1,0
2105568,63,1,1,0
6272696,63,1,0,1
1979720,63,1,1,0
742928,63,1,1,0
7813264,63,1,1,0
468384,63,1,0,1
736408,63,1,1,0
1236152,63,1,0,1
819672,63,1,1,0
8233752,63,1,1,0
2295336,63,1,0,1
5261440,63,1,0,1
3604608,63,1,0,1
3485552,63,1,0,1
5906624,63,1,1,0
747360,63,1,1,0
4980600,63,1,0,1
1888928,63,1,1,0
2433224,63,1,0,1
2628704,63,1,1,0
657992,63,1,1,0
4515664,63,1,1,0
7636008,63,1,1,0
1478328,63,1,1,0
1956696,63,1,0,1
303768,63,1,1,0
1810976,63,1,0,1
3662136,63,1,0,1
2016016,63,1,1,0
3093296,63,1,0,1
4646592,63,1,1,0
1394248,63,1,0,1
3751448,63,1,0,1
190064,63,1,1,0
5030368,63,1,1,0
4381456,63,1,1,0
261608,63,1,0,1
693256,63,1,1,0
2195944,63,1,1,0
2132312,63,1,1,0
2742752,63,1,0,1
4565960,63,1,1,0
1445592,63,1,1,0
2117056,63,1,1,0
8236424,63,1,0,1
1412696,63,1,1,0
5840896,63,1,1,0
2130152,63,1,1,0
6276352,63,1,0,1
1884800,63,1,0,1
7864264,63,1,1,0
1779632,63,1,1,0
1622216,63,1,0,1
3425520,63,1,0,1
1385824,63,1,1,0
323568,63,1,0,1
7848872,63,1,1,0
7865640,63,1,0,1
524744,63,1,1,0
4640576,63,1,1,0
2291208,63,1,1,0
6922600,63,1,0,1
941432,63,1,0,1
970224,63,1,1,0
2973680,63,1,1,0
1425984,63,1,1,0
2608000,63,1,1,0
7827984,63,1,0,1
1693264,63,1,1,0
564384,63,1,0,1
1388112,63,1,1,0
4216280,63,1,0,1
2106880,63,1,1,0
1614624,63,1,1,0
250632,63,1,0,1
577072,63,1,0,1
6917624,63,1,1,0
2714136,63,1,1,0
5062000,63,1,0,1
2435240,63,1,1,0
3364496,63,1,0,1
4083960,63,1,0,1
198744,63,1,1,0
7317800,63,1,0,1
1604376,63,1,0,1
1323416,63,1,0,1
768144,63,1,1,0
1863728,63,1,1,0
4590632,63,1,0,1
7251952,63,1,1,0
693488,63,1,0,1
3350072,63,1,1,0
774792,63,1,1,0
1462776,63,1,0,1
5157000,63,1,0,1
922944,63,1,0,1
7591104,63,1,1,0
4567808,63,1,0,1
7929808,63,1,0,1
2384136,63,1,0,1
5584648,63,1,1,0
2254136,63,1,0,1
1122544,63,1,1,0
1677744,63,1,0,1
667080,63,1,1,0
7768448,63,1,0,1
1353136,63,1,0,1
736648,63,1,0,1
689888,63,1,0,1
2903072,63,1,0,1
526072,63,1,0,1
350288,63,1,1,0
1438792,63,1,0,1
7562544,63,1,0,1
7462760,63,1,0,1
2296424,63,1,1,0
4738760,63,1,0,1
1181088,63,1,0,1
442144,63,1,0,1
954496,63,1,0,1
1135400,63,1,1,0
397624,63,1,0,1
1677088,63,1,0,1
7050384,63,1,0,1
397952,63,1,1,0
3999088,63,1,1,0
3748968,63,1,1,0
5100832,63,1,0,1
1125744,63,1,1,0
2153320,63,1,1,0
3044448,63,1,1,0
5267384,63,1,0,1
518608,63,1,1,0
262880,63,1,1,0
1658384,63,1,0,1
3613696,63,1,0,1
4559288,63,1,0,1
3190752,63,1,0,1
7992560,63,1,0,1
6455432,63,1,1,0
2868720,63,1,0,1
849040,63,1,0,1
110184,63,1,0,1
2703744,63,1,1,0
271056,63,1,1,0
2136016,63,1,1,0
3621360,63,1,0,1
1617144,63,1,0,1
2803240,63,1,1,0
1763608,63,1,1,0
7975952,63,1,0,1
674136,63,1,0,1
4878232,63,1,1,0
481856,63,1,0,1
1136008,63,1,1,0
6066616,63,1,0,1
904736,63,1,1,0
3263400,63,1,0,1
2242880,63,1,1,0
2404032,63,1,0,1
810968,63,1,0,1
564168,63,1,0,1
8378912,63,1,1,0
3221888,63,1,1,0
1160800,63,1,0,1
1856720,63,1,1,0
5447280,63,1,1,0
1184680,63,1,0,1
2064464,63,1,0,1
263032,63,1,1,0
320240,63,1,1,0
2702824,63,1,0,1
2163352,63,1,1,0
680256,63,1,1,0
7309800,63,1,0,1
1503096,63,1,1,0
1335544,63,1,1,0
6053128,63,1,1,0
2798504,63,1,0,1
589160,63,1,1,0
573144,63,1,1,0
804128,63,1,0,1
902624,63,1,0,1
3597504,63,1,1,0
1521904,63,1,0,1
1024032,63,1,1,0
844104,63,1,0,1
394176,63,1,1,0
868336,63,1,0,1
4543384,63,1,0,1
628168,63,1,0,1
670936,63,1,0,1
1364872,63,1,0,1
6286408,63,1,1,0
5147432,63,1,1,0
2073200,63,1,1,0
920104,63,1,0,1
6037800,63,1,0,1
1608232,63,1,1,0
5369552,63,1,1,0
5412240,63,1,0,1
148544,63,1,1,0
6243112,63,1,0,1
6341192,63,1,1,0
8294392,63,1,1,0
5211072,63,1,0,1
3197288,63,1,1,0
2102592,63,1,1,0
1096752,63,1,1,0
8149672,63,1,1,0
3710008,63,1,1,0
715144,63,1,0,1
5610656,63,1,0,1
4498872,63,1,0,1
2273080,63,1,1,0
2566672,63,1,0,1
6365888,63,1,1,0
7427040,63,1,0,1
1142904,63,1,0,1
2497304,63,1,0,1
626088,63,1,1,0
999920,63,1,0,1
2696112,63,1,0,1
1735584,63,1,1,0
6170408,63,1,0,1
1044960,63,1,1,0
2829256,63,1,1,0
3489048,63,1,1,0
1714856,63,1,1,0
233048,63,1,0,1
2715256,63,1,0,1
4329472,63,1,0,1
1289528,63,1,1,0
5298912,63,1,1,0
539112,63,1,0,1
5099176,63,1,0,1
2051176,63,1,1,0
6135968,63,1,1,0
239440,63,1,0,1
7966368,63,1,1,0
2034200,63,1,1,0
113312,63,1,1,0
1418152,63,1,1,0
588648,63,1,0,1
4053760,63,1,1,0
3114024,63,1,0,1
1956584,63,1,0,1
3625664,63,1,1,0
233352,63,1,1,0
1925168,63,1,1,0
1272560,63,1,0,1
2109064,63,1,1,0
1464272,63,1,0,1
274872,63,1,1,0
3089080,63,1,1,0
4023752,63,1,0,1
7712240,63,1,0,1
1401688,63,1,1,0
833528,63,1,0,1
2855856,63,1,1,0
1332728,63,1,0,1
441256,63,1,1,0
6005856,63,1,0,1
7204464,63,1,1,0
3894608,63,1,0,1
3804752,63,1,1,0
2472200,63,1,0,1
368536,63,1,0,1
4957504,63,1,0,1
682672,63,1,0,1
670792,63,1,1,0
5806040,63,1,0,1
505256,63,1,0,1
3124920,63,1,0,1
2006000,63,1,1,0
1327960,63,1,0,1
6777152,63,1,1,0
764272,63,1,1,0
3809992,63,1,1,0
1371184,63,1,0,1
5363128,63,1,1,0
2598640,63,1,0,1
4863544,63,1,0,1
1163704,63,1,0,1
177536,63,1,0,1
2267600,63,1,1,0
2624792,63,1,0,1
2141496,63,1,0,1
7830760,63,1,0,1
2861488,63,1,1,0
5603720,63,1,1,0
885384,63,1,1,0
5512264,63,1,1,0
309968,63,1,0,1
442752,63,1,1,0
1449888,63,1,1,0
8346120,63,1,1,0
722792,63,1,1,0
560408,63,1,1,0
2831384,63,1,0,1
2774536,63,1,1,0
3836600,63,1,1,0
1260432,63,1,0,1
944160,63,1,1,0
3111912,63,1,1,0
1788112,63,1,1,0
609816,63,1,0,1
662000,63,1,1,0
4628400,63,1,1,0
1670344,63,1,1,0
4472656,63,1,1,0
342464,63,1,0,1
1735704,63,1,0,1
360600,63,1,1,0
3102336,63,1,0,1
582952,63,1,1,0
2303216,63,1,0,1
6785656,63,1,0,1
2635728,63,1,1,0
5616480,63,1,1,0
206216,63,1,0,1
1814224,63,1,1,0
2447912,63,1,1,0
6553784,63,1,1,0
1782312,63,1,1,0
4162576,63,1,0,1
7095864,63,1,0,1
4229768,63,1,1,0
905080,63,1,1,0
6931472,63,1,1,0
1787456,63,1,1,0
3338688,63,1,0,1
886896,63,1,1,0
4365160,63,1,1,0
1646440,63,1,0,1
1781864,63,1,1,0
3969608,63,1,1,0
1488656,63,1,1,0
6634240,63,1,1,0
4293016,63,1,0,1
4705488,63,1,0,1
5054352,63,1,1,0
2385896,63,1,1,0
5248488,63,1,1,0
299120,63,1,0,1
1694384,63,1,0,1
3193824,63,1,1,0
4614696,63,1,0,1
1400488,63,1,0,1
979200,63,1,1,0
740800,63,1,1,0
7051128,63,1,1,0
1715240,63,1,1,0
6157672,63,1,0,1
4244336,63,1,0,1
1765912,63,1,1,0
4037464,63,1,0,1
1531496,63,1,1,0
748560,63,1,1,0
3506160,63,1,1,0
5408088,63,1,0,1
876104,63,1,0,1
8115464,63,1,0,1
5749424,63,1,0,1
3822960,63,1,1,0
2533504,63,1,1,0
1950360,63,1,0,1
2482328,63,1,0,1
1053968,63,1,1,0
378336,63,1,0,1
2267968,63,1,1,0
454712,63,1,1,0
5141000,63,1,0,1
3611648,63,1,0,1
344232,63,1,1,0
3929352,63,1,1,0
301752,63,1,0,1
4399232,63,1,1,0
4561392,63,1,0,1
3515056,63,1,0,1
306712,63,1,1,0
1598968,63,1,0,1
1502120,63,1,0,1
4835096,63,1,0,1
457544,63,1,1,0
7149184,63,1,1,0
4940384,63,1,0,1
924160,63,1,1,0
7787648,63,1,1,0
451424,63,1,0,1
1274552,63,1,1,0
876632,63,1,0,1
1518256,63,1,0,1
384840,63,1,0,1
748928,63,1,1,0
1040080,63,1,1,0
6053632,63,1,0,1
264456,63,1,1,0
370440,63,1,0,1
3977560,63,1,0,1
1322952,63,1,1,0
7091624,63,1,0,1
2847344,63,1,1,0
2035656,63,1,1,0
668472,63,1,0,1
2885376,63,1,0,1
274464,63,1,0,1
5656864,63,1,0,1
900592,63,1,0,1
5337688,63,1,0,1
1431224,63,1,0,1
841888,63,1,0,1
6088616,63,1,1,0
3447048,63,1,1,0
1276488,63,1,1,0
2282232,63,1,1,0
3070720,63,1,1,0
5486272,63,1,1,0
2238832,63,1,1,0
899840,63,1,1,0
1748144,63,1,1,0
1146368,63,1,1,0
7319840,63,1,0,1
7526512,63,1,1,0
3238856,63,1,1,0
1273512,63,1,0,1
1195872,63,1,0,1
3855664,63,1,0,1
1332960,63,1,1,0
838320,63,1,1,0
2225848,63,1,1,0
7135136,63,1,1,0
8209240,63,1,1,0
1433056,63,1,0,1
2169064,63,1,0,1
944008,63,1,0,1
436680,63,1,1,0
1880776,63,1,1,0
6432840,63,1,1,0
4288712,63,1,0,1
2772336,63,1,0,1
5153056,63,1,0,1
5595032,63,1,1,0
7288344,63,1,1,0
145288,63,1,0,1
4622176,63,1,1,0
3608608,63,1,1,0
2534808,63,1,1,0
2911336,63,1,0,1
4470288,63,1,0,1
1082704,63,1,1,0
301144,63,1,1,0
4179344,63,1,0,1
2549320,63,1,1,0
848920,63,1,1,0
2725928,63,1,1,0
233792,63,1,1,0
3701552,63,1,1,0
1170392,63,1,0,1
1630496,63,1,1,0
2688312,63,1,1,0
1075088,63,1,1,0
564280,63,1,1,0
7680360,63,1,1,0
2896312,63,1,0,1
412800,63,1,0,1
402040,63,1,1,0
2554312,63,1,0,1
6991888,63,1,0,1
1858704,63,1,0,1
7363232,63,1,1,0
4366168,63,1,0,1
6275912,63,1,1,0
743400,63,1,0,1
4573280,63,1,0,1
4578048,63,1,1,0
7592512,63,1,1,0
1572288,63,1,1,0
1704280,63,1,0,1
2851184,63,1,0,1
555384,63,1,0,1
935368,63,1,1,0
372648,63,1,0,1
1986920,63,1,1,0
2330424,63,1,1,0
539680,63,1,0,1
8360728,63,1,1,0
521840,63,1,0,1
1458240,63,1,0,1
4661624,63,1,0,1
1139576,63,1,1,0
6470904,63,1,0,1
2887432,63,1,1,0
6552040,63,1,0,1
1094840,63,1,0,1
856568,63,1,1,0
1246200,63,1,0,1
420328,63,1,1,0
2500520,63,1,1,0
1774272,63,1,0,1
6953024,63,1,0,1
2588176,63,1,0,1
197824,63,1,0,1
5804400,63,1,1,0
2205304,63,1,1,0
1366904,63,1,0,1
6015624,63,1,0,1
5772464,63,1,1,0
131880,63,1,0,1
1417016,63,1,1,0
8325824,63,1,0,1
179520,63,1,1,0
3741128,63,1,1,0
4777928,63,1,0,1
2969504,63,1,1,0
2224464,63,1,0,1
916928,63,1,0,1
2201640,63,1,0,1
6372832,63,1,1,0
2293112,63,1,0,1
6433488,63,1,1,0
1346832,63,1,0,1
522240,63,1,0,1
2149112,63,1,1,0
2106664,63,1,0,1
830656,63,1,0,1
379920,63,1,0,1
734528,63,1,1,0
2085192,63,1,1,0
2056328,63,1,0,1
785168,63,1,1,0
3258728,63,1,1,0
2284512,63,1,0,1
1068424,63,1,0,1
4486056,63,1,1,0
2941824,63,1,1,0
234832,63,1,1,0
1488072,63,1,1,0
651040,63,1,1,0
3414648,63,1,1,0
8036128,63,1,0,1
4893552,63,1,1,0
436816,63,1,0,1
4820408,63,1,1,0
347640,63,1,0,1
1327384,63,1,0,1
3667304,63,1,1,0
336544,63,1,1,0
4858928,63,1,0,1
2405096,63,1,0,1
7051640,63,1,1,0
1355336,63,1,1,0
4973888,63,1,0,1
661168,63,1,0,1
1218288,63,1,0,1
3721176,63,1,0,1
1028448,63,1,0,1
147960,63,1,0,1
6708584,63,1,0,1
7944976,63,1,1,0
3120992,63,1,0,1
1295312,63,1,1,0
2572864,63,1,1,0
1870960,63,1,0,1
7299384,63,1,1,0
3801840,63,1,1,0
367536,63,1,1,0
5298840,63,1,0,1
1299872,63,1,0,1
3003104,63,1,1,0
2121688,63,1,0,1
7490400,63,1,0,1
5344936,63,1,0,1
2021216,63,1,0,1
690872,63,1,1,0
7500792,63,1,1,0
660920,63,1,1,0
1089184,63,1,0,1
1815336,63,1,1,0
3385712,63,1,1,0
7181744,63,1,1,0
1267048,63,1,1,0
1272616,63,1,0,1
1343184,63,1,1,0
4731024,63,1,1,0
8145264,63,1,1,0
2872656,63,1,1,0
391112,63,1,1,0
7929192,63,1,1,0
2032032,63,1,0,1
2393744,63,1,0,1
4509504,63,1,1,0
796848,63,1,0,1
967712,63,1,1,0
5412024,63,1,0,1
8098328,63,1,0,1
757824,63,1,1,0
2131832,63,1,0,1
318928,63,1,1,0
3662728,63,1,1,0
4642936,63,1,1,0
1208312,63,1,0,1
6141464,63,1,0,1
7131856,63,1,1,0
2853904,63,1,0,1
6997152,63,1,0,1
756960,63,1,1,0
2740904,63,1,0,1
2893096,63,1,1,0
460064,63,1,1,0
3132224,63,1,0,1
6325880,63,1,1,0
2609256,63,1,0,1
1283488,63,1,0,1
8082648,63,1,1,0
4880296,63,1,1,0
3665040,63,1,0,1
498064,63,1,0,1
2527544,63,1,0,1
570248,63,1,0,1
2071656,63,1,0,1
3040608,63,1,0,1
5653384,63,1,0,1
5622968,63,1,0,1
4407464,63,1,0,1
4603992,63,1,0,1
916992,63,1,0,1
4834760,63,1,0,1
1916984,63,1,0,1
2761032,63,1,1,0
314400,63,1,1,0
3410816,63,1,0,1
7665088,63,1,0,1
1483768,63,1,0,1
2372528,63,1,0,1
4394928,63,1,1,0
722344,63,1,0,1
4921328,63,1,1,0
511200,63,1,0,1
674704,63,1,0,1
2475448,63,1,1,0
480336,63,1,1,0
3715376,63,1,0,1
263880,63,1,0,1
3651736,63,1,1,0
2351896,63,1,0,1
2074680,63,1,1,0
481560,63,1,0,1
280312,63,1,1,0
7725920,63,1,1,0
4774032,63,1,1,0
4321128,63,1,1,0
4072616,63,1,1,0
3273784,63,1,1,0
3412760,63,1,0,1
748968,63,1,0,1
1035664,63,1,0,1
1965584,63,1,0,1
1629848,63,1,0,1
5974304,63,1,0,1
7051408,63,1,0,1
8236352,63,1,0,1
256840,63,1,1,0
1176768,63,1,1,0
939768,63,1,0,1
2864104,63,1,1,0
3605984,63,1,0,1
3591648,63,1,0,1
5039120,63,1,1,0
7701096,63,1,0,1
6726064,63,1,1,0
3643336,63,1,1,0
1872368,63,1,0,1
2140720,63,1,1,0
5803112,63,1,0,1
2788744,63,1,0,1
1059736,63,1,0,1
7984984,63,1,1,0
6490352,63,1,1,0
5402560,63,1,1,0
1883920,63,1,0,1
501424,63,1,0,1
983816,63,1,0,1
3922080,63,1,1,0
628320,63,1,0,1
658216,63,1,1,0
4577328,63,1,0,1
3944248,63,1,0,1
513848,63,1,1,0
615888,63,1,1,0
6806792,63,1,1,0
814688,63,1,0,1
1128768,63,1,1,0
1343720,63,1,1,0
865688,63,1,1,0
78616,63,1,1,0
4472400,63,1,1,0
1041024,63,1,1,0
2781176,63,1,0,1
863264,63,1,1,0
7253872,63,1,1,0
878576,63,1,0,1
5068768,63,1,1,0
2756736,63,1,1,0
1678160,63,1,0,1
4352352,63,1,0,1
1415816,63,1,0,1
5536640,63,1,0,1
54408,63,1,0,1
1203104,63,1,0,1
7641216,63,1,0,1
1943320,63,1,1,0
4442336,63,1,1,0
4827688,63,1,1,0
2160696,63,1,1,0
1101928,63,1,0,1
1091888,63,1,0,1
6559528,63,1,1,0
6569152,63,1,1,0
1170296,63,1,0,1
1788912,63,1,0,1
1825600,63,1,0,1
1251432,63,1,0,1
1782248,63,1,0,1
7804304,63,1,1,0
3061568,63,1,1,0
6651656,63,1,1,0
150872,63,1,1,0
5994064,63,1,0,1
646032,63,1,1,0
4234128,63,1,0,1
4780248,63,1,0,1
538152,63,1,0,1
458384,63,1,1,0
1078064,63,1,0,1
3089000,63,1,1,0
3622472,63,1,0,1
3307384,63,1,1,0
2305112,63,1,0,1
473736,63,1,0,1
383528,63,1,0,1
2827264,63,1,0,1
1307112,63,1,0,1
1134856,63,1,0,1
4093344,63,1,0,1
599952,63,1,0,1
1285736,63,1,0,1
2887672,63,1,1,0
622176,63,1,1,0
2766384,63,1,1,0
4894672,63,1,1,0
1693032,63,1,1,0
4840944,63,1,1,0
881792,63,1,1,0
3893680,63,1,1,0
228392,63,1,0,1
2568560,63,1,0,1
1271264,63,1,1,0
7793672,63,1,1,0
403496,63,1,1,0
1273248,63,1,0,1
622312,63,1,0,1
7215976,63,1,1,0
1887048,63,1,1,0
1092384,63,1,0,1
1997416,63,1,0,1
1017464,63,1,0,1
3154480,63,1,0,1
1737152,63,1,1,0
1893488,63,1,1,0
810472,63,1,0,1
2884128,63,1,1,0
899168,63,1,0,1
1488880,63,1,1,0
1598920,63,1,1,0
558936,63,1,1,0
7642616,63,1,1,0
3887528,63,1,1,0
1216064,63,1,1,0
4798720,63,1,1,0
173648,63,1,1,0
466632,63,1,1,0
3916936,63,1,1,0
605112,63,1,1,0
3116264,63,1,1,0
7496312,63,1,1,0
4439288,63,1,0,1
1530800,63,1,0,1
4153504,63,1,0,1
3901736,63,1,1,0
1606104,63,1,0,1
396048,63,1,0,1
339128,63,1,1,0
251112,63,1,0,1
5658952,63,1,0,1
558584,63,1,1,0
851840,63,1,1,0
3896920,63,1,1,0
5132912,63,1,1,0
4158992,63,1,1,0
278968,63,1,1,0
5367016,63,1,1,0
3453192,63,1,1,0
7121592,63,1,0,1
8258256,63,1,1,0
8375144,63,1,0,1
659648,63,1,0,1
4067704,63,1,0,1
6505632,63,1,1,0
3566784,63,1,1,0
3028592,63,1,0,1
1599912,63,1,1,0
4969816,63,1,0,1
3260224,63,1,0,1
1343736,63,1,0,1
2067272,63,1,1,0
1684656,63,1,0,1
2822600,63,1,1,0
948808,63,1,0,1
8101888,63,1,0,1
4161488,63,1,1,0
5238080,63,1,0,1
6891152,63,1,1,0
1047688,63,1,1,0
3003288,63,1,1,0
5185728,63,1,0,1
3952048,63,1,0,1
383928,63,1,0,1
211032,63,1,1,0
1171752,63,1,1,0
1049976,63,1,0,1
3853120,63,1,0,1
3741384,63,1,1,0
930120,63,1,0,1
1802784,63,1,0,1
567040,63,1,0,1
2482936,63,1,1,0
1463616,63,1,1,0
6237808,63,1,0,1
4379896,63,1,1,0
795848,63,1,0,1
2405544,63,1,0,1
2540328,63,1,0,1
3135072,63,1,0,1
3059928,63,1,0,1
3188792,63,1,0,1
3391800,63,1,0,1
1984064,63,1,1,0
732616,63,1,0,1
4772392,63,1,1,0
6606056,63,1,0,1
1329368,63,1,1,0
8160032,63,1,0,1
7915216,63,1,1,0
588376,63,1,1,0
1791200,63,1,0,1
233216,63,1,0,1
482520,63,1,0,1
231576,63,1,0,1
484920,63,1,0,1
7619904,63,1,1,0
3420624,63,1,1,0
4222624,63,1,1,0
4419496,63,1,1,0
7968320,63,1,0,1
5957296,63,1,1,0
1313960,63,1,0,1
881608,63,1,1,0
7057928,63,1,0,1
2495496,63,1,0,1
613104,63,1,1,0
4233096,63,1,1,0
1988528,63,1,0,1
1173216,63,1,0,1
5009512,63,1,0,1
2982648,63,1,0,1
719960,63,1,1,0
407592,63,1,1,0
963992,63,1,1,0
658144,63,1,0,1
3579960,63,1,0,1
3147736,63,1,1,0
2879248,63,1,1,0
3814896,63,1,1,0
1191296,63,1,0,1
1079496,63,1,0,1
5064920,63,1,0,1
1180776,63,1,0,1
8374488,63,1,1,0
2777624,63,1,0,1
885376,63,1,1,0
1007928,63,1,0,1
5571088,63,1,1,0
1076736,63,1,0,1
4925904,63,1,1,0
7365064,63,1,0,1
3236760,63,1,0,1
5440336,63,1,1,0
1763240,63,1,0,1
2004912,63,1,0,1
976920,63,1,1,0
3201552,63,1,1,0
1929640,63,1,0,1
2059448,63,1,0,1
5775112,63,1,1,0
1798584,63,1,0,1
1801480,63,1,0,1
6118224,63,1,0,1
1570240,63,1,0,1
3093824,63,1,0,1
5663208,63,1,0,1
1435368,63,1,0,1
3106488,63,1,0,1
3315816,63,1,0,1
1926888,63,1,1,0
8330408,63,1,1,0
649128,63,1,1,0
3514592,63,1,0,1
1437840,63,1,0,1
4662224,63,1,1,0
6563032,63,1,0,1
493024,63,1,1,0
643928,63,1,0,1
2972728,63,1,0,1
1762344,63,1,1,0
677248,63,1,0,1
4483048,63,1,0,1
5085672,63,1,0,1
790144,63,1,1,0
8145824,63,1,1,0
423624,63,1,0,1
5847024,63,1,0,1
361480,63,1,0,1
7971320,63,1,1,0
1510520,63,1,0,1
1135416,63,1,0,1
1677008,63,1,1,0
585880,63,1,1,0
6053472,63,1,0,1
7423088,63,1,0,1
2318864,63,1,1,0
1015944,63,1,1,0
1327912,63,1,0,1
3043720,63,1,0,1
7566336,63,1,1,0
3539864,63,1,0,1
4989392,63,1,0,1
1210256,63,1,1,0
4419992,63,1,1,0
4624136,63,1,1,0
591056,63,1,1,0
3843800,63,1,0,1
915960,63,1,0,1
5493544,63,1,0,1
4805664,63,1,1,0
2428832,63,1,1,0
6737048,63,1,0,1
2337008,63,1,0,1
2026368,63,1,1,0
1496368,63,1,1,0
6724264,63,1,0,1
6525648,63,1,1,0
1408896,63,1,1,0
7826896,63,1,0,1
649976,63,1,1,0
2278616,63,1,1,0
4090112,63,1,0,1
3021368,63,1,1,0
1546656,63,1,0,1
7714736,63,1,0,1
820584,63,1,1,0
538376,63,1,1,0
1515952,63,1,0,1
6567480,63,1,1,0
2557832,63,1,1,0
2014856,63,1,1,0
2191832,63,1,0,1
936320,63,1,1,0
1890712,63,1,1,0
1249688,63,1,0,1
4868240,63,1,1,0
1056632,63,1,1,0
3827184,63,1,0,1
7050936,63,1,0,1
143040,63,1,1,0
901840,63,1,1,0
510024,63,1,1,0
2405696,63,1,1,0
795736,63,1,1,0
366704,63,1,0,1
948624,63,1,1,0
2676312,63,1,1,0
4464304,63,1,0,1
1649648,63,1,1,0
6599496,63,1,0,1
515288,63,1,1,0
5395672,63,1,0,1
3468904,63,1,1,0
1126464,63,1,0,1
8309256,63,1,0,1
162712,63,1,1,0
4737240,63,1,1,0
724544,63,1,1,0
106368,63,1,1,0
6471144,63,1,0,1
654440,63,1,1,0
1752456,63,1,0,1
7551488,63,1,0,1
1530960,63,1,0,1
1029808,63,1,1,0
4893016,63,1,1,0
8070344,63,1,0,1
5176624,63,1,0,1
291904,63,1,0,1
1647096,63,1,1,0
1872760,63,1,0,1
4179352,63,1,1,0
1122296,63,1,0,1
1227912,63,1,1,0
3832384,63,1,1,0
1331360,63,1,1,0
785008,63,1,1,0
1042424,63,1,1,0
946992,63,1,1,0
1115360,63,1,1,0
2572056,63,1,1,0
4247136,63,1,1,0
956848,63,1,0,1
3069336,63,1,1,0
6537792,63,1,0,1
5441800,63,1,1,0
816752,63,1,0,1
475688,63,1,0,1
7171264,63,1,1,0
727128,63,1,1,0
2229560,63,1,1,0
557432,63,1,0,1
675896,63,1,0,1
2397328,63,1,0,1
758472,63,1,0,1
3407360,63,1,1,0
1573816,63,1,0,1
4308200,63,1,1,0
5152472,63,1,0,1
1590736,63,1,1,0
1264584,63,1,0,1
3156400,63,1,0,1
190872,63,1,1,0
793288,63,1,0,1
3320400,63,1,0,1
300752,63,1,1,0
1720960,63,1,0,1
782016,63,1,0,1
5421696,63,1,1,0
8258312,63,1,0,1
5871864,63,1,0,1
391040,63,1,0,1
272568,63,1,0,1
7265312,63,1,1,0
4565696,63,1,0,1
1959888,63,1,0,1
988840,63,1,1,0
3864448,63,1,0,1
1608776,63,1,1,0
1857448,63,1,0,1
1890344,63,1,1,0
1688264,63,1,1,0
1168440,63,1,0,1
1234600,63,1,1,0
2727016,63,1,0,1
6351016,63,1,0,1
4516064,63,1,1,0
785016,63,1,0,1
4360168,63,1,1,0
1261992,63,1,0,1
2758952,63,1,1,0
6242976,63,1,1,0
5801688,63,1,1,0
4190720,63,1,1,0
7489152,63,1,1,0
2153312,63,1,0,1
7303560,63,1,1,0
6418112,63,1,0,1
363528,63,1,1,0
4519224,63,1,0,1
4563416,63,1,0,1
219472,63,1,0,1
7144664,63,1,1,0
6408920,63,1,0,1
191016,63,1,1,0
1484272,63,1,0,1
4349000,63,1,1,0
826416,63,1,1,0
5206408,63,1,1,0
3682040,63,1,1,0
141944,63,1,0,1
1593632,63,1,1,0
668872,63,1,1,0
684952,63,1,0,1
766640,63,1,0,1
4679832,63,1,1,0
320144,63,1,1,0
2747648,63,1,0,1
912768,63,1,0,1
6820176,63,1,0,1
765296,63,1,1,0
1014456,63,1,1,0
660792,63,1,0,1
7791616,63,1,1,0
3460904,63,1,0,1
5954152,63,1,0,1
119776,63,1,1,0
5423064,63,1,0,1
1137384,63,1,1,0
1539448,63,1,0,1
6702552,63,1,1,0
1024536,63,1,1,0
1953064,63,1,0,1
5573272,63,1,0,1
5955000,63,1,1,0
5605000,63,1,1,0
5108472,63,1,1,0
1174664,63,1,1,0
1868904,63,1,0,1
5937104,63,1,1,0
1219080,63,1,1,0
82120,63,1,0,1
717008,63,1,1,0
4970752,63,1,0,1
2901208,63,1,1,0
2396832,63,1,1,0
627312,63,1,0,1
972320,63,1,1,0
6135200,63,1,1,0
1123896,63,1,0,1
979688,63,1,1,0
1022128,63,1,0,1
2193528,63,1,0,1
7634344,63,1,0,1
663376,63,1,0,1
3414704,63,1,0,1
273208,63,1,0,1
2798480,63,1,0,1
4015360,63,1,1,0
583632,63,1,1,0
729656,63,1,1,0
1270856,63,1,0,1
4006728,63,1,0,1
2596776,63,1,1,0
4142544,63,1,0,1
3566952,63,1,0,1
7924520,63,1,0,1
458696,63,1,1,0
1977152,63,1,1,0
615192,63,1,1,0
298528,63,1,1,0
3030496,63,1,1,0
1600736,63,1,0,1
3699216,63,1,0,1
4471576,63,1,1,0
2181744,63,1,0,1
5973688,63,1,0,1
2165608,63,1,1,0
2995912,63,1,0,1
2295856,63,1,1,0
2253584,63,1,0,1
990712,63,1,1,0
272680,63,1,0,1
2502200,63,1,0,1
1657816,63,1,0,1
5672320,63,1,0,1
6871912,63,1,0,1
658360,63,1,0,1
4042576,63,1,0,1
1522072,63,1,0,1
3663248,63,1,0,1
894968,63,1,0,1
3919096,63,1,1,0
3556912,63,1,1,0
3778512,63,1,1,0
1382040,63,1,0,1
152352,63,1,0,1
5647120,63,1,1,0
376328,63,1,0,1
2215128,63,1,1,0
538992,63,1,1,0
2013992,63,1,0,1
7589624,63,1,1,0
7878272,63,1,1,0
2149656,63,1,1,0
1879072,63,1,1,0
1635512,63,1,0,1
903160,63,1,0,1
3060168,63,1,0,1
4026552,63,1,1,0
2459936,63,1,1,0
7526032,63,1,0,1
1642352,63,1,0,1
1586160,63,1,0,1
2737216,63,1,1,0
1914752,63,1,1,0
2900072,63,1,1,0
4067520,63,1,1,0
1297104,63,1,1,0
1822784,63,1,1,0
8197112,63,1,1,0
7652000,63,1,0,1
5738112,63,1,0,1
481968,63,1,1,0
2087816,63,1,1,0
4820600,63,1,1,0
2432648,63,1,1,0
7745608,63,1,1,0
2638088,63,1,0,1
4319528,63,1,0,1
7076136,63,1,0,1
1316432,63,1,1,0
119768,63,1,0,1
796832,63,1,0,1
849392,63,1,0,1
4395424,63,1,1,0
399872,63,1,1,0
7050664,63,1,0,1
923584,63,1,0,1
2957064,63,1,0,1
5778904,63,1,0,1
2819496,63,1,1,0
8108784,63,1,1,0
2249128,63,1,1,0
2713536,63,1,1,0
456128,63,1,1,0
198440,63,1,1,0
562384,63,1,1,0
3979800,63,1,0,1
1561656,63,1,1,0
7312168,63,1,0,1
8349752,63,1,0,1
483112,63,1,1,0
5658752,63,1,0,1
4410720,63,1,1,0
585496,63,1,0,1
147128,63,1,1,0
8226640,63,1,0,1
533672,63,1,0,1
3560952,63,1,1,0
193176,63,1,0,1
2908088,63,1,0,1
369104,63,1,0,1
1585560,63,1,0,1
1162224,63,1,0,1
4071096,63,1,1,0
526136,63,1,0,1
1899840,63,1,0,1
7041024,63,1,1,0
7369728,63,1,0,1
587672,63,1,1,0
3622864,63,1,0,1
7763200,63,1,1,0
1381136,63,1,0,1
1225384,63,1,1,0
623920,63,1,1,0
157696,63,1,1,0
4399552,63,1,1,0
3637488,63,1,1,0
7917328,63,1,1,0
1540656,63,1,0,1
3839992,63,1,0,1
708064,63,1,0,1
3211512,63,1,0,1
2195992,63,1,0,1
4814656,63,1,1,0
2610912,63,1,1,0
2210000,63,1,1,0
4886008,63,1,1,0
4755912,63,1,1,0
2865272,63,1,1,0
1063240,63,1,0,1
356688,63,1,1,0
3383848,63,1,0,1
416416,63,1,0,1
2224072,63,1,0,1
6124520,63,1,0,1
3164280,63,1,0,1
5792848,63,1,0,1
874296,63,1,1,0
2012056,63,1,0,1
313832,63,1,1,0
3208824,63,1,1,0
1383312,63,1,0,1
3636640,63,1,1,0
5611112,63,1,1,0
463904,63,1,1,0
3891984,63,1,0,1
184144,63,1,0,1
533024,63,1,0,1
4021712,63,1,1,0
373688,63,1,1,0
3135672,63,1,0,1
1803136,63,1,0,1
759176,63,1,1,0
877896,63,1,1,0
883056,63,1,0,1
2875280,63,1,0,1
1148288,63,1,1,0
1459832,63,1,0,1
2118368,63,1,0,1
431968,63,1,1,0
2564592,63,1,0,1
1004360,63,1,1,0
5123928,63,1,1,0
4715360,63,1,0,1
1539320,63,1,1,0
1317296,63,1,0,1
2067240,63,1,0,1
2046168,63,1,1,0
271032,63,1,0,1
819816,63,1,1,0
619488,63,1,1,0
2694104,63,1,0,1
1394768,63,1,0,1
7474152,63,1,0,1
7265208,63,1,0,1
5576296,63,1,0,1
672632,63,1,1,0
2180592,63,1,0,1
7094056,63,1,1,0
5532952,63,1,0,1
6104416,63,1,1,0
3667640,63,1,0,1
8190664,63,1,1,0
1711576,63,1,1,0
3904288,63,1,0,1
3882576,63,1,1,0
4281360,63,1,0,1
2684888,63,1,1,0
377504,63,1,0,1
1673392,63,1,0,1
2233624,63,1,1,0
181184,63,1,0,1
744712,63,1,0,1
1640560,63,1,0,1
6828424,63,1,0,1
1502776,63,1,1,0
1226944,63,1,0,1
3285368,63,1,1,0
2931552,63,1,1,0
1130504,63,1,0,1
6638624,63,1,0,1
1406616,63,1,1,0
7757688,63,1,0,1
696456,63,1,1,0
5594544,63,1,1,0
6280624,63,1,1,0
4216456,63,1,1,0
158632,63,1,1,0
1403688,63,1,0,1
6154656,63,1,0,1
747872,63,1,0,1
3691648,63,1,1,0
8091184,63,1,0,1
6646688,63,1,1,0
838624,63,1,0,1
1741048,63,1,1,0
662728,63,1,1,0
3318848,63,1,0,1
461088,63,1,0,1
4717600,63,1,0,1
5669752,63,1,0,1
5402976,63,1,1,0
3305744,63,1,1,0
375096,63,1,1,0
5413400,63,1,1,0
2437472,63,1,1,0
4828088,63,1,0,1
2921288,63,1,1,0
7127632,63,1,0,1
378408,63,1,0,1
7651088,63,1,1,0
665712,63,1,1,0
7257064,63,1,0,1
6710072,64,1,1,0
2655608,64,1,0,1
6135856,64,1,1,0
5221440,64,1,1,0
3731208,64,1,0,1
5066728,64,1,1,0
4524304,64,1,0,1
318240,64,1,0,1
1096872,64,1,1,0
5902048,64,1,0,1
4927816,64,1,0,1
5224704,64,1,0,1
3614760,64,1,0,1
2967560,64,1,0,1
1627168,64,1,1,0
3409632,64,1,1,0
889200,64,1,1,0
1320280,64,1,0,1
2878000,64,1,1,0
795560,64,1,1,0
1360824,64,1,0,1
4498832,64,1,0,1
994824,64,1,0,1
3147744,64,1,0,1
6939016,64,1,1,0
1164576,64,1,1,0
4999824,64,1,0,1
4516912,64,1,1,0
6503528,64,1,0,1
2206464,64,1,0,1
6907392,64,1,1,0
616464,64,1,0,1
528064,64,1,1,0
581840,64,1,1,0
8254272,64,1,0,1
3589240,64,1,0,1
159304,64,1,1,0
1042368,64,1,0,1
611456,64,1,1,0
1748240,64,1,1,0
245720,64,1,0,1
3108920,64,1,1,0
352160,64,1,1,0
646536,64,1,1,0
7862584,64,1,1,0
1096056,64,1,0,1
892096,64,1,1,0
3589344,64,1,0,1
2873912,64,1,0,1
6438152,64,1,0,1
763976,64,1,1,0
4250960,64,1,1,0
1690752,64,1,1,0
1593368,64,1,0,1
3479424,64,1,0,1
503232,64,1,0,1
608696,64,1,1,0
4627704,64,1,0,1
2134456,64,1,1,0
6306728,64,1,1,0
7705568,64,1,1,0
87560,64,1,1,0
2224712,64,1,1,0
2384384,64,1,0,1
526976,64,1,1,0
7633968,64,1,0,1
1089984,64,1,0,1
2035752,64,1,0,1
7530392,64,1,0,1
764360,64,1,1,0
5064112,64,1,1,0
3384264,64,1,0,1
4794616,64,1,0,1
5665832,64,1,1,0
4078824,64,1,1,0
1079696,64,1,0,1
1281664,64,1,0,1
4080856,64,1,1,0
7126952,64,1,1,0
2133344,64,1,0,1
1669432,64,1,1,0
2100424,64,1,0,1
3679368,64,1,0,1
5848376,64,1,0,1
2284024,64,1,0,1
2390088,64,1,1,0
5405192,64,1,0,1
4470608,64,1,1,0
1346088,64,1,0,1
651016,64,1,0,1
3641552,64,1,1,0
3658056,64,1,0,1
4439920,64,1,1,0
561632,64,1,1,0
4585696,64,1,0,1
2254376,64,1,1,0
6000320,64,1,1,0
2558896,64,1,0,1
7036392,64,1,1,0
8160976,64,1,1,0
231512,64,1,1,0
4220328,64,1,1,0
349624,64,1,1,0
3422816,64,1,0,1
4187792,64,1,1,0
4331440,64,1,1,0
609800,64,1,1,0
161408,64,1,1,0
731272,64,1,0,1
2872832,64,1,0,1
173424,64,1,0,1
1388704,64,1,1,0
4571496,64,1,0,1
1951984,64,1,1,0
1395232,64,1,1,0
3765192,64,1,1,0
6883200,64,1,1,0
6209904,64,1,0,1
4395696,64,1,0,1
3233040,64,1,1,0
7142832,64,1,0,1
771472,64,1,1,0
4109232,64,1,0,1
5785184,64,1,0,1
881592,64,1,1,0
3226240,64,1,0,1
2280320,64,1,0,1
4976104,64,1,1,0
487024,64,1,0,1
4994736,64,1,1,0
3899144,64,1,1,0
4885424,64,1,0,1
2153592,64,1,0,1
1801232,64,1,0,1
4633960,64,1,1,0
1636240,64,1,1,0
6698520,64,1,1,0
1085064,64,1,0,1
3929624,64,1,0,1
939552,64,1,1,0
820816,64,1,0,1
4078072,64,1,1,0
2956000,64,1,0,1
3580464,64,1,1,0
1780696,64,1,0,1
6811256,64,1,1,0
440200,64,1,1,0
2738688,64,1,1,0
544280,64,1,1,0
4786544,64,1,1,0
2949000,64,1,1,0
2123824,64,1,0,1
6837792,64,1,0,1
5008016,64,1,0,1
2228496,64,1,1,0
2192776,64,1,0,1
2897640,64,1,1,0
2447936,64,1,0,1
5818936,64,1,0,1
4115104,64,1,0,1
544888,64,1,1,0
1932440,64,1,0,1
1239272,64,1,0,1
5082040,64,1,1,0
1068976,64,1,0,1
2344024,64,1,0,1
5807264,64,1,0,1
7363088,64,1,1,0
5682176,64,1,0,1
352288,64,1,0,1
379360,64,1,0,1
2974152,64,1,0,1
8343072,64,1,1,0
2489840,64,1,0,1
3949520,64,1,1,0
3387488,64,1,1,0
5109408,64,1,1,0
3254256,64,1,0,1
4568648,64,1,0,1
4343632,64,1,1,0
1695136,64,1,1,0
533352,64,1,0,1
8002088,64,1,0,1
2603784,64,1,1,0
4150704,64,1,0,1
1772992,64,1,1,0
7068152,64,1,1,0
1100560,64,1,0,1
2831704,64,1,1,0
2539424,64,1,0,1
1816800,64,1,0,1
4686816,64,1,1,0
2938560,64,1,0,1
4234488,64,1,1,0
3443472,64,1,1,0
1301032,64,1,0,1
6284040,64,1,1,0
2188056,64,1,1,0
3891816,64,1,1,0
2904552,64,1,0,1
1523112,64,1,0,1
211440,64,1,0,1
1637552,64,1,0,1
7609512,64,1,1,0
6895896,64,1,1,0
427304,64,1,0,1
135992,64,1,0,1
6667992,64,1,0,1
146752,64,1,1,0
4424448,64,1,0,1
1005984,64,1,1,0
1670840,64,1,0,1
141584,64,1,0,1
4530048,64,1,1,0
5862024,64,1,1,0
4730928,64,1,0,1
4049688,64,1,0,1
2007424,64,1,1,0
6582128,64,1,0,1
5368840,64,1,1,0
3821824,64,1,0,1
4824272,64,1,0,1
1868888,64,1,1,0
4279304,64,1,1,0
7296464,64,1,0,1
1495080,64,1,0,1
776384,64,1,1,0
6153656,64,1,0,1
4052016,64,1,0,1
2076464,64,1,1,0
802824,64,1,1,0
5435560,64,1,0,1
7505488,64,1,0,1
7750376,64,1,1,0
348680,64,1,1,0
7822864,64,1,1,0
7991968,64,1,1,0
3790520,64,1,1,0
5178536,64,1,1,0
844896,64,1,0,1
1651872,64,1,0,1
3499784,64,1,0,1
4082176,64,1,0,1
2061912,64,1,1,0
6762920,64,1,1,0
690928,64,1,1,0
580840,64,1,0,1
1335344,64,1,1,0
3624456,64,1,0,1
1690864,64,1,1,0
2548904,64,1,0,1
240872,64,1,1,0
1121704,64,1,1,0
2869624,64,1,0,1
840576,64,1,0,1
1014192,64,1,1,0
6037640,64,1,0,1
571688,64,1,1,0
8143752,64,1,0,1
1797752,64,1,1,0
829816,64,1,1,0
5872800,64,1,0,1
2466576,64,1,1,0
5151240,64,1,0,1
193856,64,1,0,1
2265048,64,1,1,0
4994744,64,1,0,1
4993376,64,1,0,1
7570896,64,1,0,1
358176,64,1,1,0
3740736,64,1,1,0
257488,64,1,0,1
7919240,64,1,0,1
6482152,64,1,1,0
2473368,64,1,0,1
8013256,64,1,1,0
396480,64,1,1,0
407744,64,1,0,1
1227696,64,1,1,0
1616200,64,1,0,1
768944,64,1,1,0
3129192,64,1,0,1
6020584,64,1,1,0
1648216,64,1,1,0
2166960,64,1,0,1
7806392,64,1,0,1
3145448,64,1,1,0
1147656,64,1,1,0
583144,64,1,0,1
1461112,64,1,0,1
2173736,64,1,1,0
353760,64,1,0,1
784784,64,1,0,1
734024,64,1,1,0
5613640,64,1,0,1
6472480,64,1,0,1
3167296,64,1,1,0
1499664,64,1,1,0
3195536,64,1,1,0
2916184,64,1,0,1
694408,64,1,1,0
675224,64,1,1,0
2343056,64,1,1,0
242904,64,1,0,1
3037960,64,1,1,0
1634216,64,1,0,1
469912,64,1,1,0
2434088,64,1,1,0
1968688,64,1,1,0
578528,64,1,0,1
1596608,64,1,0,1
5431728,64,1,0,1
4497656,64,1,1,0
1807488,64,1,1,0
7006352,64,1,1,0
1723840,64,1,1,0
843728,64,1,1,0
4443680,64,1,1,0
7852664,64,1,0,1
641440,64,1,1,0
859568,64,1,0,1
7817152,64,1,1,0
1674856,64,1,1,0
771928,64,1,1,0
2401080,64,1,0,1
2063904,64,1,1,0
760688,64,1,0,1
524976,64,1,1,0
370280,64,1,1,0
2625272,64,1,1,0
3460888,64,1,0,1
6559304,64,1,1,0
2677472,64,1,1,0
4711008,64,1,1,0
3419904,64,1,0,1
491688,64,1,1,0
118384,64,1,0,1
657952,64,1,0,1
3452656,64,1,1,0
5320744,64,1,1,0
793632,64,1,0,1
533760,64,1,0,1
683504,64,1,1,0
579600,64,1,0,1
1989064,64,1,1,0
6459464,64,1,1,0
970800,64,1,1,0
1585544,64,1,1,0
427800,64,1,0,1
2430800,64,1,1,0
2854704,64,1,0,1
4417192,64,1,0,1
1776904,64,1,0,1
1503152,64,1,1,0
585672,64,1,0,1
3849048,64,1,0,1
2564616,64,1,1,0
2176968,64,1,0,1
669448,64,1,0,1
2911224,64,1,1,0
8362888,64,1,1,0
2371200,64,1,0,1
1033768,64,1,0,1
171256,64,1,1,0
1577112,64,1,1,0
7666200,64,1,0,1
4420624,64,1,1,0
2017672,64,1,1,0
4576248,64,1,0,1
1583496,64,1,1,0
6901784,64,1,1,0
6349664,64,1,0,1
4895120,64,1,1,0
3698584,64,1,1,0
4434952,64,1,0,1
4546056,64,1,0,1
987760,64,1,1,0
2633440,64,1,1,0
3062656,64,1,0,1
592816,64,1,0,1
4432352,64,1,1,0
3785960,64,1,1,0
3068152,64,1,1,0
874040,64,1,0,1
6577288,64,1,0,1
5307616,64,1,0,1
3248992,64,1,0,1
243424,64,1,1,0
6240560,64,1,1,0
1595672,64,1,0,1
2419680,64,1,1,0
6981568,64,1,0,1
711496,64,1,1,0
580744,64,1,0,1
852800,64,1,0,1
1836056,64,1,0,1
4342048,64,1,0,1
1168136,64,1,0,1
2495656,64,1,1,0
7611208,64,1,0,1
4144184,64,1,0,1
811872,64,1,1,0
2269424,64,1,0,1
568992,64,1,1,0
1802448,64,1,1,0
2896200,64,1,0,1
2184648,64,1,0,1
3984936,64,1,1,0
949160,64,1,0,1
8147976,64,1,0,1
2106312,64,1,1,0
1655728,64,1,0,1
5765480,64,1,0,1
755856,64,1,1,0
2078280,64,1,1,0
659560,64,1,1,0
2553920,64,1,1,0
4197344,64,1,0,1
491160,64,1,1,0
306256,64,1,1,0
2409848,64,1,1,0
696200,64,1,0,1
508888,64,1,1,0
3007016,64,1,0,1
658528,64,1,1,0
2879456,64,1,1,0
278560,64,1,1,0
6189712,64,1,1,0
7047984,64,1,1,0
3420448,64,1,0,1
1141352,64,1,1,0
4910848,64,1,1,0
7292568,64,1,0,1
74592,64,1,0,1
3957888,64,1,0,1
3138168,64,1,1,0
1859648,64,1,1,0
672920,64,1,1,0
207152,64,1,0,1
2903344,64,1,0,1
3962376,64,1,0,1
370464,64,1,0,1
7773952,64,1,1,0
2282064,64,1,0,1
3156376,64,1,1,0
251264,64,1,0,1
7171688,64,1,1,0
7741136,64,1,0,1
1703792,64,1,0,1
6160320,64,1,1,0
2446656,64,1,1,0
2834288,64,1,1,0
1881608,64,1,1,0
1685728,64,1,0,1
2618008,64,1,0,1
8179040,64,1,0,1
5158104,64,1,1,0
5207056,64,1,0,1
1272056,64,1,1,0
650600,64,1,0,1
1373816,64,1,1,0
2010200,64,1,1,0
277384,64,1,0,1
3739736,64,1,0,1
1180256,64,1,1,0
758536,64,1,1,0
4207608,64,1,1,0
1193952,64,1,1,0
2503656,64,1,1,0
566752,64,1,0,1
1120432,64,1,1,0
867152,64,1,0,1
523168,64,1,0,1
2279536,64,1,0,1
1230944,64,1,1,0
1356904,64,1,0,1
1565432,64,1,0,1
3100384,64,1,1,0
893328,64,1,0,1
724704,64,1,0,1
1724248,64,1,0,1
6039424,64,1,0,1
8064328,64,1,1,0
2002928,64,1,0,1
3088328,64,1,0,1
2740120,64,1,1,0
220920,64,1,0,1
1542280,64,1,0,1
1380712,64,1,1,0
3206296,64,1,1,0
2799952,64,1,1,0
3647584,64,1,1,0
6989016,64,1,0,1
2132552,64,1,1,0
8229856,64,1,0,1
270320,64,1,0,1
1047592,64,1,0,1
838528,64,1,1,0
163136,64,1,0,1
2141448,64,1,1,0
1896984,64,1,0,1
1335648,64,1,0,1
4654984,64,1,1,0
455144,64,1,0,1
6121744,64,1,1,0
1554048,64,1,0,1
6161160,64,1,0,1
556304,64,1,1,0
94512,64,1,0,1
3362304,64,1,0,1
4312120,64,1,1,0
1343664,64,1,1,0
4304760,64,1,0,1
4221880,64,1,1,0
1939496,64,1,1,0
1351928,64,1,1,0
5535672,64,1,1,0
677824,64,1,0,1
586024,64,1,0,1
2195032,64,1,0,1
6277832,64,1,1,0
4654184,64,1,1,0
609552,64,1,1,0
4922568,64,1,0,1
1035568,64,1,1,0
4927624,64,1,0,1
699952,64,1,1,0
106288,64,1,1,0
379792,64,1,1,0
836816,64,1,0,1
5360464,64,1,1,0
647960,64,1,1,0
2061576,64,1,1,0
1596024,64,1,0,1
4735192,64,1,0,1
5434080,64,1,1,0
4126064,64,1,1,0
4003368,64,1,1,0
796480,64,1,0,1
1205024,64,1,0,1
2594656,64,1,0,1
1391424,64,1,0,1
8341080,64,1,1,0
2911144,64,1,0,1
129912,64,1,0,1
6411640,64,1,1,0
310416,64,1,1,0
1214408,64,1,0,1
3652920,64,1,0,1
1152888,64,1,0,1
351480,64,1,0,1
1596128,64,1,0,1
1161264,64,1,1,0
490688,64,1,0,1
784360,64,1,1,0
5032808,64,1,0,1
2527328,64,1,1,0
181952,64,1,1,0
5075800,64,1,0,1
2201680,64,1,0,1
174296,64,1,0,1
7072688,64,1,1,0
398288,64,1,1,0
1397504,64,1,0,1
518472,64,1,1,0
7334776,64,1,0,1
4748600,64,1,1,0
1304104,64,1,1,0
2225728,64,1,0,1
398096,64,1,0,1
4214296,64,1,0,1
8174624,64,1,1,0
7538848,64,1,0,1
1435016,64,1,1,0
1721248,64,1,0,1
3526576,64,1,0,1
3765440,64,1,1,0
4659688,64,1,0,1
5181504,64,1,0,1
2588288,64,1,1,0
1490000,64,1,1,0
8262640,64,1,1,0
4317896,64,1,0,1
1463944,64,1,0,1
963792,64,1,0,1
5766000,64,1,0,1
2608416,64,1,1,0
1130808,64,1,1,0
7014504,64,1,0,1
1410400,64,1,0,1
2349112,64,1,1,0
7020424,64,1,0,1
3443024,64,1,1,0
741784,64,1,0,1
1095088,64,1,0,1
3870336,64,1,1,0
290872,64,1,0,1
508000,64,1,0,1
1824472,64,1,1,0
460160,64,1,1,0
7040520,64,1,1,0
2358624,64,1,0,1
3822888,64,1,1,0
1730696,64,1,0,1
1642608,64,1,1,0
176656,64,1,0,1
4023008,64,1,0,1
3991320,64,1,1,0
1078960,64,1,1,0
463584,64,1,0,1
339880,64,1,0,1
5471248,64,1,0,1
2340960,64,1,0,1
1076200,64,1,1,0
508688,64,1,1,0
400024,64,1,1,0
4444504,64,1,0,1
2996336,64,1,1,0
292936,64,1,0,1
3085008,64,1,1,0
1127744,64,1,1,0
6995712,64,1,1,0
4141024,64,1,1,0
164280,64,1,0,1
1777224,64,1,1,0
7563968,64,1,1,0
2072600,64,1,1,0
1168920,64,1,0,1
223744,64,1,0,1
606280,64,1,1,0
4219576,64,1,1,0
3903232,64,1,1,0
2694232,64,1,1,0
1773984,64,1,1,0
374944,64,1,1,0
8362712,64,1,0,1
5984520,64,1,0,1
1160432,64,1,0,1
4240432,64,1,0,1
371184,64,1,0,1
7923392,64,1,0,1
1970120,64,1,1,0
7959784,64,1,0,1
4351344,64,1,0,1
2432952,64,1,0,1
7822272,64,1,1,0
4197336,64,1,1,0
636144,64,1,0,1
159536,64,1,0,1
2875432,64,1,1,0
913904,64,1,0,1
6866072,64,1,0,1
1392008,64,1,1,0
3263672,64,1,0,1
3820584,64,1,1,0
1649888,64,1,1,0
3516392,64,1,0,1
737248,64,1,1,0
159752,64,1,0,1
1489664,64,1,0,1
1342312,64,1,0,1
193568,64,1,0,1
686072,64,1,1,0
6518600,64,1,0,1
2951336,64,1,0,1
1675320,64,1,1,0
949136,64,1,1,0
7105000,64,1,0,1
2595488,64,1,1,0
459848,64,1,1,0
1354096,64,1,1,0
5538448,64,1,0,1
133704,64,1,1,0
465912,64,1,0,1
418808,64,1,0,1
1753464,64,1,0,1
6409824,64,1,1,0
4706792,64,1,0,1
369032,64,1,0,1
6799072,64,1,1,0
1046320,64,1,1,0
354440,64,1,1,0
103408,64,1,0,1
2277384,64,1,1,0
3397280,64,1,0,1
1369856,64,1,1,0
2755176,64,1,0,1
1025632,64,1,0,1
714184,64,1,0,1
1067608,64,1,1,0
2393840,64,1,0,1
290288,64,1,0,1
391944,64,1,0,1
1793192,64,1,0,1
2295080,64,1,1,0
5948160,64,1,1,0
4638912,64,1,0,1
2124824,64,1,1,0
4402120,64,1,1,0
6234520,64,1,1,0
6384552,64,1,1,0
410248,64,1,1,0
4395360,64,1,0,1
342888,64,1,0,1
1980896,64,1,1,0
1074448,64,1,0,1
933928,64,1,1,0
3052784,64,1,0,1
6366328,64,1,1,0
3295416,64,1,0,1
457184,64,1,1,0
1150568,64,1,0,1
7010320,64,1,0,1
5722160,64,1,1,0
926160,64,1,0,1
4183920,64,1,0,1
600768,64,1,0,1
4637520,64,1,0,1
4165160,64,1,0,1
7636520,64,1,1,0
2362928,64,1,1,0
1591912,64,1,0,1
1714448,64,1,1,0
4221936,64,1,1,0
1364048,64,1,1,0
970928,64,1,0,1
5205352,64,1,0,1
549120,64,1,0,1
4350072,64,1,0,1
4047952,64,1,1,0
3612136,64,1,0,1
5278304,64,1,0,1
1090096,64,1,0,1
2303040,64,1,0,1
539048,64,1,1,0
1655352,64,1,1,0
2030960,64,1,1,0
7140832,64,1,0,1
4539472,64,1,1,0
231040,64,1,0,1
1091056,64,1,0,1
3311808,64,1,1,0
747640,64,1,1,0
8077720,64,1,1,0
479320,64,1,0,1
1079392,64,1,0,1
3829512,64,1,1,0
752624,64,1,0,1
2065768,64,1,0,1
1588536,64,1,0,1
675968,64,1,0,1
2064320,64,1,1,0
2640024,64,1,0,1
1049856,64,1,0,1
281384,64,1,1,0
2882256,64,1,1,0
2312880,64,1,1,0
2240664,64,1,1,0
181400,64,1,0,1
2715904,64,1,1,0
6484640,64,1,1,0
537880,64,1,1,0
3123384,64,1,0,1
5807752,64,1,0,1
618040,64,1,0,1
1866416,64,1,1,0
2426600,64,1,1,0
2994520,64,1,0,1
3546072,64,1,1,0
3018920,64,1,0,1
1504096,64,1,1,0
7853264,64,1,0,1
534016,64,1,1,0
3154264,64,1,1,0
705896,64,1,1,0
487720,64,1,0,1
5506928,64,1,1,0
5591488,64,1,0,1
2101656,64,1,1,0
3183168,64,1,1,0
4736248,64,1,1,0
1563024,64,1,0,1
7976040,64,1,1,0
1001640,64,1,0,1
4656672,64,1,1,0
513888,64,1,1,0
1814880,64,1,1,0
3403400,64,1,0,1
6779312,64,1,1,0
2082680,64,1,1,0
4462328,64,1,0,1
1043536,64,1,0,1
4847280,64,1,0,1
6660808,64,1,0,1
2473488,64,1,0,1
1142528,64,1,1,0
6502368,64,1,0,1
4864424,64,1,1,0
2628256,64,1,1,0
6689984,64,1,0,1
4090760,64,1,0,1
5726856,64,1,1,0
6167024,64,1,0,1
596160,64,1,0,1
1749160,64,1,1,0
831624,64,1,1,0
7476152,64,1,1,0
1964744,64,1,0,1
1171296,64,1,0,1
2748920,64,1,1,0
6865048,64,1,0,1
3512472,64,1,1,0
3871016,64,1,0,1
573088,64,1,0,1
7812360,64,1,0,1
3081736,64,1,1,0
135720,64,1,0,1
937456,64,1,1,0
1318912,64,1,0,1
5085696,64,1,1,0
332784,64,1,1,0
2833856,64,1,0,1
5965832,64,1,0,1
638128,64,1,0,1
1112864,64,1,0,1
4835904,64,1,1,0
7430552,64,1,1,0
7292224,64,1,1,0
154304,64,1,1,0
5071312,64,1,1,0
1833288,64,1,1,0
597488,64,1,0,1
237536,64,1,0,1
640736,64,1,0,1
1291224,64,1,1,0
3722072,64,1,1,0
5481288,64,1,0,1
3005944,64,1,0,1
1805664,64,1,1,0
6285296,64,1,1,0
7356984,64,1,1,0
5450232,64,1,1,0
1474912,64,1,1,0
2447392,64,1,0,1
2007024,64,1,0,1
2869232,64,1,1,0
2719920,64,1,0,1
4160528,64,1,1,0
528968,64,1,1,0
1380760,64,1,1,0
5913728,64,1,0,1
7666880,64,1,1,0
2826256,64,1,0,1
2533768,64,1,0,1
1011088,64,1,1,0
1656248,64,1,1,0
702000,64,1,1,0
7238008,64,1,1,0
2984288,64,1,1,0
703664,64,1,0,1
1638944,64,1,0,1
508104,64,1,1,0
3788888,64,1,0,1
779648,64,1,1,0
2467456,64,1,1,0
2728448,64,1,0,1
686528,64,1,1,0
566400,64,1,0,1
4251400,64,1,1,0
4560096,64,1,0,1
3534784,64,1,1,0
4481072,64,1,0,1
7705928,64,1,0,1
3999352,64,1,1,0
357920,64,1,1,0
3202768,64,1,0,1
1866096,64,1,0,1
1967360,64,1,1,0
347936,64,1,1,0
7329208,64,1,1,0
2239232,64,1,0,1
5075392,64,1,0,1
8058888,64,1,0,1
1613592,64,1,1,0
2234536,64,1,1,0
845088,64,1,0,1
7447384,64,1,1,0
1028904,64,1,1,0
557640,64,1,0,1
5513840,64,1,0,1
7152000,64,1,0,1
2071576,64,1,0,1
571608,64,1,1,0
529088,64,1,0,1
4129064,64,1,0,1
3552480,64,1,0,1
1952960,64,1,0,1
3284296,64,1,1,0
2253544,64,1,1,0
7902800,64,1,0,1
1427736,64,1,1,0
678448,64,1,1,0
8223736,64,1,0,1
4868456,64,1,1,0
3148784,64,1,0,1
3074160,64,1,0,1
2152408,64,1,1,0
5372720,64,1,1,0
4421152,64,1,1,0
4650264,64,1,0,1
3679952,64,1,1,0
5331288,64,1,0,1
8153576,64,1,0,1
314240,64,1,0,1
3418080,64,1,0,1
1263056,64,1,1,0
4140392,64,1,1,0
2176736,64,1,0,1
2204384,64,1,1,0
3285632,64,1,0,1
334960,64,1,1,0
1072168,64,1,1,0
295832,64,1,1,0
2948480,64,1,0,1
614904,64,1,1,0
349456,64,1,0,1
1528616,64,1,0,1
4425848,64,1,1,0
3296568,64,1,0,1
1473944,64,1,1,0
4664544,64,1,0,1
4967240,64,1,0,1
5459384,64,1,1,0
3127968,64,1,0,1
1194136,64,1,0,1
629176,64,1,1,0
280904,64,1,0,1
3249272,64,1,1,0
7363680,64,1,0,1
6546624,64,1,0,1
662632,64,1,0,1
5722032,64,1,1,0
2294344,64,1,0,1
969512,64,1,0,1
6045648,64,1,0,1
1843272,64,1,0,1
3121704,64,1,0,1
565480,64,1,1,0
790648,64,1,0,1
922376,64,1,1,0
8102648,64,1,1,0
3853504,64,1,1,0
1012112,64,1,0,1
610736,64,1,1,0
2054632,64,1,0,1
4679240,64,1,0,1
493880,64,1,0,1
3635792,64,1,1,0
3032624,64,1,1,0
940664,64,1,1,0
2179344,64,1,0,1
5703032,64,1,1,0
1986096,64,1,1,0
617008,64,1,1,0
1190032,64,1,1,0
2419464,64,1,1,0
2807864,64,1,0,1
1879352,64,1,1,0
2564960,64,1,1,0
1984320,64,1,0,1
765744,64,1,0,1
5683992,64,1,0,1
706104,64,1,0,1
255984,64,1,1,0
1436352,64,1,0,1
4843432,64,1,0,1
3331792,64,1,0,1
3649408,64,1,0,1
3353080,64,1,1,0
317032,64,1,0,1
1896888,64,1,0,1
597424,64,1,0,1
5184432,64,1,0,1
653072,64,1,0,1
833712,64,1,0,1
1283296,64,1,0,1
7311560,64,1,0,1
4124744,64,1,1,0
7126192,64,1,0,1
6471792,64,1,0,1
8060752,64,1,0,1
2253752,64,1,0,1
5107808,64,1,1,0
1969328,64,1,1,0
4759008,64,1,1,0
1237424,64,1,1,0
1688056,64,1,0,1
4371608,64,1,1,0
2661664,64,1,1,0
5080720,64,1,1,0
654560,64,1,0,1
729760,64,1,1,0
3279760,64,1,0,1
1826552,64,1,0,1
3565624,64,1,1,0
1180424,64,1,1,0
4072928,64,1,0,1
672160,64,1,0,1
6360048,64,1,1,0
1511640,64,1,1,0
1416392,64,1,0,1
2088424,64,1,0,1
723080,64,1,0,1
569040,64,1,0,1
2765848,64,1,0,1
7717192,64,1,0,1
863336,64,1,1,0
5036856,64,1,0,1
1019752,64,1,1,0
4368856,64,1,1,0
5368248,64,1,0,1
2582416,64,1,0,1
5393480,64,1,1,0
1360360,64,1,1,0
3800984,64,1,0,1
6698480,64,1,0,1
459336,64,1,0,1
848608,64,1,1,0
2107536,64,1,0,1
2498712,64,1,1,0
2595408,64,1,1,0
7381240,64,1,1,0
5248672,64,1,1,0
2035920,64,1,1,0
3053384,64,1,1,0
587472,64,1,0,1
4412464,64,1,0,1
1261264,64,1,0,1
3303328,64,1,0,1
2546272,64,1,1,0
1615384,64,1,1,0
5268216,64,1,1,0
5839112,64,1,0,1
1960992,64,1,0,1
7817792,64,1,0,1
5875440,64,1,1,0
6629800,64,1,1,0
419672,64,1,0,1
5618512,64,1,0,1
2532312,64,1,0,1
1969824,64,1,1,0
8317264,64,1,0,1
4251816,64,1,1,0
445136,64,1,0,1
3831176,64,1,1,0
749016,64,1,1,0
6179920,64,1,1,0
3002600,64,1,0,1
3439864,64,1,0,1
638712,64,1,0,1
3047952,64,1,0,1
633768,64,1,1,0
4015704,64,1,0,1
1148688,64,1,0,1
940832,64,1,1,0
4664800,64,1,0,1
2660888,64,1,1,0
6872120,64,1,0,1
6532984,64,1,0,1
4734832,64,1,0,1
1105648,64,1,0,1
4640480,64,1,0,1
6587376,64,1,0,1
776272,64,1,1,0
601248,64,1,1,0
7014192,64,1,1,0
3265104,64,1,0,1
449288,64,1,1,0
4224624,64,1,1,0
3767872,64,1,0,1
2420488,64,1,1,0
4162304,64,1,0,1
336256,64,1,1,0
985480,64,1,1,0
2655032,64,1,0,1
4252808,64,1,0,1
5695376,64,1,1,0
5407112,64,1,0,1
5216232,64,1,0,1
4763704,64,1,1,0
3768200,64,1,1,0
4882616,64,1,1,0
554632,64,1,0,1
2516888,64,1,1,0
5611160,64,1,1,0
1285672,64,1,0,1
316960,64,1,0,1
1470688,64,1,1,0
7809296,64,1,0,1
122760,64,1,0,1
1164736,64,1,0,1
1051592,64,1,1,0
5106760,64,1,0,1
8348056,64,1,1,0
5008488,64,1,0,1
766304,64,1,0,1
1937136,64,1,1,0
2756096,64,1,1,0
5996464,64,1,1,0
306352,64,1,1,0
1036288,64,1,0,1
1348560,64,1,1,0
814672,64,1,0,1
1843032,64,1,0,1
1929552,64,1,1,0
2276816,64,1,0,1
3852016,64,1,0,1
3952624,64,1,0,1
318408,64,1,0,1
603176,64,1,0,1
315560,64,1,1,0
3380616,64,1,1,0
2380440,64,1,0,1
516120,64,1,1,0
3171048,64,1,1,0
701664,64,1,0,1
4200168,64,1,1,0
3195176,64,1,0,1
1050440,64,1,1,0
3965768,64,1,1,0
210160,64,1,1,0
1199856,64,1,1,0
6981456,64,1,0,1
963488,64,1,1,0
2724912,64,1,1,0
908280,64,1,0,1
537256,64,1,1,0
1828952,64,1,1,0
4945232,64,1,0,1
7728984,64,1,0,1
457688,64,1,0,1
2525760,64,1,0,1
2610320,64,1,0,1
2644456,64,1,0,1
1140736,64,1,1,0
653624,64,1,0,1
457904,64,1,1,0
8205600,64,1,1,0
5917296,64,1,1,0
1563784,64,1,0,1
260016,64,1,0,1
5782640,64,1,0,1
7754008,64,1,1,0
2007720,64,1,1,0
5163344,64,1,0,1
403072,64,1,0,1
2889624,64,1,0,1
5328040,64,1,1,0
728104,64,1,1,0
8234880,64,1,1,0
2927352,64,1,0,1
3337488,64,1,0,1
2303976,64,1,0,1
7677704,64,1,0,1
2040456,64,1,0,1
369608,64,1,0,1
7028256,64,1,1,0
1999448,64,1,0,1
1123952,64,1,0,1
4094000,64,1,1,0
710720,64,1,1,0
6393736,64,1,0,1
1117696,64,1,1,0
3041272,64,1,0,1
1019728,64,1,0,1
372088,64,1,0,1
1333272,64,1,0,1
5754648,64,1,0,1
791248,64,1,1,0
1682576,64,1,1,0
6244040,64,1,1,0
868048,64,1,0,1
1166272,64,1,0,1
1602136,64,1,0,1
5521960,64,1,0,1
802280,64,1,0,1
7103688,64,1,0,1
3898712,64,1,0,1
1158592,64,1,1,0
5715024,64,1,1,0
6631168,64,1,0,1
504928,64,1,1,0
4002224,64,1,0,1
2446216,64,1,0,1
1911784,64,1,0,1
7334216,64,1,0,1
7986568,64,1,1,0
7698856,64,1,0,1
433080,64,1,1,0
1118864,64,1,1,0
317624,64,1,0,1
2800344,64,1,0,1
894040,64,1,0,1
7246416,64,1,0,1
1769168,64,1,0,1
5413824,64,1,0,1
3856232,64,1,1,0
293816,64,1,0,1
7481408,64,1,1,0
242392,64,1,1,0
947000,64,1,0,1
6834000,64,1,0,1
1606400,64,1,1,0
3073840,64,1,1,0
3443016,64,1,0,1
5915440,64,1,0,1
980152,64,1,0,1
4833264,64,1,0,1
310200,64,1,0,1
934952,64,1,1,0
3668832,64,1,0,1
787248,64,1,1,0
4114208,64,1,1,0
1395184,64,1,1,0
728312,64,1,1,0
3980944,64,1,0,1
4333736,64,1,0,1
3684968,64,1,1,0
7985840,64,1,1,0
3390432,64,1,1,0
5602392,64,1,1,0
1289320,64,1,1,0
2432336,64,1,1,0
960464,64,1,1,0
2737400,64,1,0,1
3173152,64,1,0,1
3294392,64,1,0,1
6464968,64,1,1,0
5511256,64,1,1,0
2921408,64,1,1,0
211672,64,1,0,1
708288,64,1,0,1
4760120,64,1,0,1
4521160,64,1,0,1
6034888,64,1,0,1
3997704,64,1,1,0
1196400,64,1,1,0
2168712,64,1,1,0
3604664,64,1,1,0
2948624,64,1,0,1
1003560,64,1,1,0
2148968,64,1,0,1
2333720,64,1,1,0
1904528,64,1,1,0
705288,64,1,0,1
1239984,64,1,0,1
3272576,64,1,1,0
1123400,64,1,0,1
474688,64,1,1,0
2752416,64,1,0,1
358800,64,1,1,0
2514616,64,1,0,1
3142608,64,1,0,1
4163112,64,1,0,1
1799464,64,1,1,0
2048816,64,1,0,1
480464,64,1,1,0
853112,64,1,1,0
2132488,64,1,0,1
7049992,64,1,0,1
254560,64,1,1,0
414032,64,1,0,1
851000,64,1,0,1
218744,64,1,0,1
3626496,64,1,1,0
3314808,64,1,1,0
4068664,64,1,0,1
689408,64,1,0,1
245712,64,1,1,0
1951696,64,1,1,0
2365648,64,1,0,1
2932200,64,1,0,1
745928,64,1,0,1
1150096,64,1,0,1
509408,64,1,1,0
8169440,64,1,0,1
1065632,64,1,0,1
859368,64,1,0,1
1245112,64,1,1,0
869120,64,1,1,0
849384,64,1,0,1
5616088,64,1,1,0
157264,64,1,0,1
1915416,64,1,0,1
900088,64,1,1,0
8185608,64,1,1,0
4840512,64,1,0,1
3952840,64,1,0,1
744640,64,1,0,1
528376,64,1,0,1
4389752,64,1,1,0
1763008,64,1,1,0
352640,64,1,1,0
4977184,64,1,1,0
311472,64,1,0,1
3265392,64,1,1,0
5628208,64,1,1,0
7949248,64,1,1,0
1388368,64,1,1,0
4073384,64,1,0,1
4817632,64,1,1,0
389112,64,1,0,1
1129488,64,1,0,1
1259352,64,1,0,1
3214280,64,1,0,1
6652184,64,1,0,1
591656,64,1,0,1
4542032,64,1,0,1
1008216,64,1,0,1
1644376,64,1,0,1
1311256,64,1,0,1
1025744,64,1,0,1
617144,64,1,1,0
5314584,64,1,1,0
1904024,64,1,0,1
103944,64,1,0,1
398016,64,1,0,1
7935968,64,1,1,0
839776,64,1,0,1
2901336,64,1,1,0
654528,64,1,1,0
369360,64,1,0,1
610608,64,1,1,0
2181272,64,1,1,0
2489240,64,1,0,1
776168,64,1,0,1
1999608,64,1,1,0
5790312,64,1,0,1
5002776,64,1,1,0
898608,64,1,0,1
1995336,64,1,1,0
1104856,64,1,0,1
6779248,64,1,0,1
405768,64,1,0,1
2791048,64,1,0,1
673928,64,1,0,1
909288,64,1,1,0
2107056,64,1,1,0
317088,64,1,0,1
7914264,64,1,1,0
3877720,64,1,0,1
102792,64,1,1,0
848272,64,1,0,1
7051016,64,1,0,1
2223928,64,1,1,0
5195312,64,1,1,0
749464,64,1,0,1
3335824,64,1,0,1
331224,64,1,1,0
1415800,64,1,1,0
7566776,64,1,1,0
357152,64,1,0,1
2581672,64,1,0,1
749624,64,1,0,1
3874360,64,1,0,1
1903760,64,1,0,1
2977368,64,1,1,0
3449120,64,1,0,1
111144,64,1,1,0
2310496,64,1,1,0
1913208,64,1,0,1
3542008,64,1,0,1
4282096,64,1,1,0
450328,64,1,1,0
7882160,64,1,1,0
906008,64,1,1,0
1789632,64,1,1,0
2611616,64,1,1,0
1549520,64,1,1,0
7796440,64,1,0,1
1385256,64,1,1,0
805888,64,1,1,0
2444032,64,1,0,1
7953400,64,1,0,1
439552,64,1,0,1
4062016,64,1,0,1
203472,64,1,1,0
2190832,64,1,1,0
5512312,64,1,1,0
7922096,64,1,1,0
2099136,64,1,0,1
729992,64,1,0,1
980088,64,1,1,0
1282280,64,1,0,1
1623080,64,1,0,1
4567664,64,1,1,0
1562248,64,1,0,1
3921512,64,1,0,1
3868928,64,1,1,0
222512,64,1,0,1
1002752,64,1,1,0
1040008,64,1,0,1
3773536,64,1,0,1
231976,64,1,0,1
472560,64,1,1,0
3865168,64,1,1,0
493576,64,1,1,0
4446720,64,1,1,0
6709664,64,1,1,0
5618264,64,1,0,1
703952,64,1,0,1
4013864,64,1,1,0
8285968,64,1,0,1
318456,64,1,1,0
533856,64,1,1,0
297584,64,1,1,0
6065936,64,1,1,0
2712160,64,1,1,0
5524376,64,1,0,1
3458984,64,1,1,0
5277280,64,1,1,0
7479392,64,1,0,1
2200960,64,1,0,1
4578224,64,1,1,0
1175816,64,1,0,1
2297736,64,1,0,1
2282624,64,1,1,0
1029136,64,1,0,1
2939200,64,1,0,1
1627552,64,1,0,1
4332976,64,1,1,0
638624,64,1,0,1
3278536,64,1,0,1
737216,64,1,0,1
7871320,64,1,0,1
2361584,64,1,1,0
6506464,64,1,1,0
6856920,64,1,0,1
1266328,64,1,0,1
2546992,64,1,0,1
7498888,64,1,0,1
6558480,64,1,1,0
468472,64,1,1,0
617872,64,1,0,1
1171080,64,1,0,1
2372808,64,1,0,1
389248,64,1,0,1
184568,64,1,1,0
3926928,64,1,1,0
908176,64,1,0,1
452712,64,1,0,1
767152,64,1,0,1
4124560,64,1,0,1
463368,64,1,0,1
2206136,64,1,0,1
816088,64,1,0,1
4932480,64,1,1,0
979528,64,1,1,0
280064,64,1,0,1
4654520,64,1,0,1
1115640,64,1,0,1
1060264,64,1,1,0
509672,64,1,1,0
828856,64,1,0,1
2716992,64,1,0,1
5513168,64,1,0,1
7141904,64,1,1,0
3274296,64,1,0,1
530328,64,1,0,1
365728,64,1,1,0
580032,64,1,0,1
1530400,64,1,0,1
4399632,64,1,1,0
3089672,64,1,1,0
3978280,64,1,0,1
2306264,64,1,1,0
2589720,64,1,1,0
5097424,64,1,1,0
2951240,64,1,1,0
5733736,64,1,1,0
3122056,64,1,1,0
1215656,64,1,0,1
671728,64,1,0,1
3076176,64,1,1,0
1927920,64,1,1,0
5424896,64,1,1,0
1278496,64,1,1,0
862440,64,1,1,0
6356752,64,1,0,1
2836568,64,1,0,1
4235400,64,1,1,0
2095376,64,1,0,1
319512,64,1,0,1
6962256,64,1,1,0
1349688,64,1,1,0
923120,64,1,1,0
399496,64,1,1,0
222968,64,1,0,1
1044072,64,1,1,0
4282816,64,1,0,1
652888,64,1,0,1
2078520,64,1,1,0
439992,64,1,0,1
480448,64,1,0,1
4394064,64,1,0,1
733280,64,1,0,1
7641392,64,1,1,0
1836720,64,1,1,0
7157832,64,1,0,1
2680872,64,1,1,0
2408704,64,1,1,0
414960,64,1,0,1
2697856,64,1,0,1
5032640,64,1,0,1
1321280,64,1,1,0
6945832,64,1,1,0
560568,64,1,1,0
4050184,64,1,1,0
726536,64,1,0,1
6320760,64,1,1,0
3749976,64,1,1,0
2395336,64,1,1,0
580792,64,1,0,1
1927456,64,1,1,0
5048600,64,1,0,1
1360696,64,1,0,1
1967920,64,1,0,1
613544,64,1,1,0
2334136,64,1,0,1
164952,64,1,0,1
8173040,64,1,1,0
5157312,64,1,1,0
1738304,64,1,1,0
1966928,64,1,0,1
1132424,64,1,1,0
853224,64,1,1,0
5481432,64,1,1,0
668496,64,1,0,1
332072,64,1,1,0
4864112,64,1,1,0
955072,64,1,1,0
745712,64,1,1,0
3401408,64,1,0,1
1458272,64,1,1,0
1248272,64,1,0,1
2621880,64,1,0,1
7853960,64,1,0,1
5157376,64,1,0,1
7906760,64,1,1,0
2557248,64,1,0,1
7576664,64,1,1,0
939376,64,1,1,0
3460200,64,1,1,0
262952,64,1,0,1
405448,64,1,1,0
2637176,64,1,1,0
2405848,64,1,1,0
3082288,64,1,1,0
4997792,64,1,1,0
1604848,64,1,0,1
1235344,64,1,1,0
7516312,64,1,0,1
3586472,64,1,1,0
898128,64,1,0,1
2410648,64,1,1,0
734296,64,1,1,0
2743064,64,1,0,1
4010048,64,1,0,1
1809384,64,1,0,1
3564016,64,1,1,0
2754784,64,1,1,0
3662792,64,1,0,1
7959656,64,1,1,0
4262576,64,1,1,0
3915568,64,1,0,1
1134768,64,1,1,0
5501992,64,1,0,1
598640,64,1,1,0
2331576,64,1,0,1
7991536,64,1,0,1
4362512,64,1,1,0
560104,64,1,0,1
6326488,64,1,0,1
8200960,64,1,0,1
548112,64,1,1,0
1171600,64,1,1,0
8336272,64,1,0,1
3872840,64,1,1,0
253912,64,1,1,0
3634936,64,1,1,0
2254000,64,1,0,1
6331800,64,1,0,1
4988576,64,1,0,1
3330752,64,1,1,0
422048,64,1,1,0
4739912,64,1,0,1
308728,64,1,1,0
5444440,64,1,0,1
8074744,64,1,1,0
1157760,64,1,1,0
1427984,64,1,1,0
3358256,64,1,1,0
1539328,64,1,0,1
789584,64,1,0,1
6217792,64,1,0,1
2523368,64,1,0,1
303600,64,1,0,1
3250552,64,1,0,1
764712,64,1,1,0
993488,64,1,0,1
469096,64,1,1,0
5217544,64,1,1,0
767008,64,1,1,0
8188904,64,1,0,1
1052272,64,1,1,0
874888,64,1,0,1
175752,64,1,1,0
1691232,64,1,1,0
7433032,64,1,1,0
3669728,64,1,1,0
2445808,64,1,1,0
1083968,64,1,0,1
1121624,64,1,0,1
2322736,64,1,0,1
4525688,64,1,0,1
5079848,64,1,0,1
550560,64,1,0,1
8101872,64,1,1,0
519408,64,1,1,0
1964224,64,1,0,1
6142984,64,1,1,0
5391552,64,1,0,1
428456,64,1,0,1
2142792,64,1,1,0
5455496,64,1,1,0
4511040,64,1,1,0
4666648,64,1,0,1
1036640,64,1,1,0
3855232,64,1,1,0
1494496,64,1,0,1
460824,64,1,0,1
2276784,64,1,0,1
6043840,64,1,0,1
6483896,64,1,1,0
227488,64,1,0,1
400328,64,1,1,0
2979624,64,1,0,1
940472,64,1,1,0
232760,64,1,1,0
437024,64,1,1,0
541888,64,1,1,0
1250824,64,1,0,1
6941048,64,1,0,1
715232,64,1,1,0
3493864,64,1,1,0
2419352,64,1,1,0
792040,64,1,1,0
3046640,64,1,0,1
572496,64,1,1,0
1206480,64,1,1,0
3989504,64,1,0,1
1031336,64,1,1,0
5021600,64,1,1,0
2925088,64,1,0,1
2101376,64,1,0,1
201056,64,1,0,1
5034680,64,1,1,0
4558016,64,1,1,0
4241008,64,1,0,1
2114520,64,1,1,0
936472,64,1,1,0
1161192,64,1,0,1
6248736,64,1,0,1
626648,64,1,0,1
4087360,64,1,1,0
789832,64,1,1,0
5175936,64,1,1,0
390856,64,1,0,1
5673960,64,1,1,0
1410784,64,1,1,0
1139200,64,1,0,1
866336,64,1,0,1
928856,64,1,0,1
8374808,64,1,1,0
561208,64,1,1,0
512184,64,1,1,0
4198512,64,1,0,1
1667536,64,1,0,1
6188872,64,1,0,1
8210432,64,1,1,0
4439432,64,1,0,1
415792,64,1,0,1
481456,64,1,1,0
3482536,64,1,1,0
2564896,64,1,1,0
273888,64,1,1,0
6752392,64,1,0,1
3599064,64,1,1,0
1676784,64,1,0,1
6784504,64,1,0,1
4354784,64,1,0,1
3621120,64,1,0,1
3881752,64,1,1,0
757808,64,1,1,0
696552,64,1,1,0
612520,64,1,0,1
978560,64,1,0,1
4061912,64,1,1,0
4671752,64,1,1,0
4946096,64,1,0,1
6691016,64,1,0,1
77120,64,1,0,1
3401936,64,1,0,1
1918256,64,1,1,0
3786760,64,1,0,1
1778344,64,1,1,0
2146168,64,1,1,0
998144,64,1,0,1
4265808,64,1,0,1
7737112,64,1,1,0
1001128,64,1,1,0
1211048,64,1,1,0
143904,64,1,0,1
3531336,64,1,1,0
4451048,64,1,1,0
2319880,64,1,1,0
662248,64,1,0,1
1870064,64,1,1,0
1968776,64,1,0,1
4605600,64,1,1,0
1197176,64,1,0,1
510784,64,1,0,1
613816,64,1,1,0
3363064,64,1,1,0
793704,64,1,1,0
1500144,64,1,1,0
5106304,64,1,0,1
1676968,64,1,1,0
4816160,64,1,1,0
4876216,64,1,0,1
1374336,64,1,1,0
1318696,64,1,0,1
2734736,64,1,1,0
6920912,64,1,0,1
5278064,64,1,1,0
5126688,64,1,1,0
7590920,64,1,0,1
4547360,64,1,0,1
1913128,64,1,1,0
4888976,64,1,0,1
3632192,64,1,1,0
3191264,64,1,1,0
1870224,64,1,1,0
1643592,64,1,1,0
6485120,64,1,0,1
301976,64,1,0,1
1919008,64,1,0,1
1333472,64,1,0,1
1117096,64,1,0,1
3237208,64,1,1,0
1850200,64,1,1,0
888392,64,1,1,0
1959760,64,1,1,0
6841128,64,1,0,1
227064,64,1,1,0
7684392,64,1,1,0
1092168,64,1,0,1
6230728,64,1,0,1
5293376,64,1,0,1
7052416,64,1,1,0
2841616,64,1,0,1
5576312,64,1,0,1
4901504,64,1,0,1
508632,64,1,0,1
1639152,64,1,0,1
2433408,64,1,0,1
1942472,64,1,0,1
4184088,64,1,0,1
4988200,64,1,1,0
160048,64,1,0,1
2447648,64,1,1,0
7387488,64,1,1,0
595160,64,1,0,1
6049696,64,1,1,0
1293008,64,1,0,1
2147440,64,1,0,1
4030384,64,1,1,0
3143824,64,1,0,1
5556848,64,1,0,1
686592,64,1,1,0
2729176,64,1,1,0
961688,64,1,1,0
858456,64,1,1,0
1057360,64,1,0,1
7020392,64,1,1,0
2725856,64,1,1,0
2568416,64,1,1,0
1645808,64,1,1,0
3015696,64,1,0,1
721560,64,1,1,0
2316512,64,1,1,0
2427784,64,1,0,1
4816056,64,1,1,0
952240,64,1,1,0
8225904,64,1,0,1
1080760,64,1,0,1
3514808,64,1,0,1
8095352,64,1,1,0
3660952,64,1,1,0
2497024,64,1,1,0
254368,64,1,0,1
7276480,64,1,0,1
5771224,64,1,1,0
254496,64,1,1,0
5348944,64,1,1,0
1009680,64,1,0,1
3086560,64,1,0,1
3733560,64,1,1,0
3031176,64,1,1,0
505592,64,1,0,1
5213440,64,1,1,0
5373952,64,1,0,1
6641184,64,1,1,0
928904,64,1,1,0
2136656,64,1,1,0
7123080,64,1,1,0
2157728,64,1,1,0
692360,64,1,0,1
1811544,64,1,1,0
1357616,64,1,1,0
5572176,64,1,0,1
1489928,64,1,1,0
5215280,64,1,1,0
167808,64,1,0,1
3764144,64,1,0,1
5963312,64,1,0,1
7144752,64,1,0,1
1879000,64,1,1,0
142912,64,1,0,1
1728656,64,1,1,0
4046312,64,1,1,0
2332392,64,1,1,0
2525016,64,1,1,0
185088,64,1,1,0
3319912,64,1,1,0
8299792,64,1,1,0
346696,64,1,1,0
3657144,64,1,0,1
4663768,64,1,0,1
1149200,64,1,0,1
1288240,64,1,1,0
5750224,64,1,1,0
2545240,64,1,0,1
1701696,64,1,0,1
1863672,64,1,0,1
1807776,64,1,1,0
6068064,64,1,0,1
378416,64,1,1,0
7566280,64,1,0,1
3905648,64,1,1,0
8082112,64,1,1,0
5077016,64,1,0,1
4979808,64,1,1,0
1340464,64,1,1,0
7701688,64,1,0,1
7519344,64,1,0,1
3690824,64,1,0,1
7905240,64,1,0,1
1559768,64,1,0,1
6670000,64,1,1,0
3360016,64,1,1,0
6470336,64,1,1,0
826792,64,1,0,1
4732768,64,1,1,0
327328,64,1,0,1
1750872,64,1,0,1
8300584,64,1,1,0
5272424,64,1,1,0
1508568,64,1,0,1
871864,64,1,1,0
2877376,64,1,1,0
2186928,64,1,1,0
2670376,64,1,0,1
1550664,64,1,0,1
1945496,64,1,1,0
3816432,64,1,1,0
2810312,64,1,0,1
7449120,64,1,1,0
537952,64,1,1,0
4051552,64,1,0,1
2620760,64,1,1,0
5296288,64,1,1,0
3839472,64,1,1,0
2840352,64,1,0,1
2454592,64,1,1,0
5938936,64,1,0,1
2989656,64,1,0,1
4860824,64,1,0,1
7994312,64,1,1,0
905224,64,1,1,0
3550992,64,1,1,0
880600,65,1,0,1
5778816,65,1,0,1
873128,65,1,1,0
3200968,65,1,0,1
1008344,65,1,0,1
1592120,65,1,0,1
619800,65,1,1,0
2192336,65,1,0,1
1779120,65,1,0,1
4494456,65,1,0,1
608048,65,1,1,0
1984160,65,1,0,1
2697888,65,1,0,1
1544328,65,1,0,1
2053904,65,1,0,1
349176,65,1,0,1
124560,65,1,0,1
1904176,65,1,1,0
3464928,65,1,1,0
3905744,65,1,0,1
7446552,65,1,1,0
3115120,65,1,1,0
7783776,65,1,0,1
2877992,65,1,1,0
1461328,65,1,1,0
6677368,65,1,1,0
8007424,65,1,1,0
2757552,65,1,1,0
344192,65,1,1,0
1100680,65,1,1,0
7882704,65,1,1,0
4470544,65,1,0,1
157824,65,1,0,1
890616,65,1,1,0
397072,65,1,1,0
3032720,65,1,1,0
1217600,65,1,0,1
7627864,65,1,1,0
808576,65,1,1,0
802336,65,1,1,0
3311040,65,1,0,1
4429520,65,1,0,1
6631320,65,1,1,0
178016,65,1,1,0
6246824,65,1,1,0
1043048,65,1,1,0
1541544,65,1,1,0
1570056,65,1,1,0
2409744,65,1,1,0
2391360,65,1,0,1
4027624,65,1,0,1
149480,65,1,1,0
7247272,65,1,0,1
1966544,65,1,0,1
298112,65,1,1,0
5410552,65,1,1,0
5388696,65,1,1,0
1803056,65,1,1,0
2325304,65,1,0,1
852664,65,1,0,1
154568,65,1,0,1
700344,65,1,1,0
5913632,65,1,1,0
675936,65,1,0,1
1467328,65,1,1,0
213840,65,1,1,0
6738896,65,1,1,0
3503344,65,1,1,0
4270072,65,1,1,0
58400,65,1,1,0
305848,65,1,1,0
997200,65,1,1,0
1362280,65,1,1,0
1991592,65,1,0,1
2972176,65,1,1,0
1118552,65,1,0,1
2533184,65,1,1,0
3539904,65,1,0,1
2373448,65,1,1,0
1189464,65,1,1,0
1374784,65,1,1,0
2340776,65,1,0,1
625552,65,1,0,1
2789632,65,1,1,0
1265088,65,1,0,1
1431000,65,1,1,0
5848976,65,1,0,1
8071560,65,1,0,1
3380960,65,1,0,1
568912,65,1,1,0
992848,65,1,1,0
738248,65,1,1,0
626520,65,1,0,1
810144,65,1,0,1
2177992,65,1,0,1
4270624,65,1,0,1
1995872,65,1,1,0
7574928,65,1,1,0
413168,65,1,0,1
5008960,65,1,1,0
1613056,65,1,0,1
239680,65,1,0,1
1973576,65,1,0,1
6640904,65,1,0,1
8028448,65,1,0,1
1108672,65,1,0,1
6301984,65,1,0,1
3077840,65,1,0,1
3020720,65,1,0,1
3488648,65,1,1,0
3596304,65,1,1,0
463264,65,1,0,1
6915728,65,1,0,1
1415792,65,1,1,0
7750104,65,1,0,1
649424,65,1,0,1
3465744,65,1,0,1
543664,65,1,1,0
297344,65,1,1,0
2405920,65,1,1,0
1746824,65,1,0,1
3188840,65,1,0,1
424848,65,1,1,0
2992568,65,1,1,0
3507096,65,1,0,1
542184,65,1,0,1
689232,65,1,1,0
3316336,65,1,0,1
1624656,65,1,0,1
6878760,65,1,1,0
3222256,65,1,0,1
2226080,65,1,1,0
1121512,65,1,1,0
3648528,65,1,1,0
4715808,65,1,0,1
1284560,65,1,0,1
1008432,65,1,0,1
3006576,65,1,0,1
5697752,65,1,0,1
875640,65,1,1,0
584048,65,1,0,1
3238744,65,1,0,1
966920,65,1,0,1
2548624,65,1,0,1
1612968,65,1,0,1
5696592,65,1,0,1
1195832,65,1,0,1
1630248,65,1,1,0
1480824,65,1,0,1
1185792,65,1,0,1
5061720,65,1,0,1
1053800,65,1,1,0
1839512,65,1,1,0
7309888,65,1,1,0
3484288,65,1,0,1
3274616,65,1,0,1
5469400,65,1,0,1
3055368,65,1,1,0
4697776,65,1,0,1
273656,65,1,0,1
7420824,65,1,0,1
2766200,65,1,0,1
393904,65,1,1,0
1495640,65,1,1,0
3744016,65,1,0,1
4136688,65,1,1,0
972600,65,1,1,0
2703056,65,1,0,1
6093352,65,1,0,1
1699040,65,1,0,1
841632,65,1,1,0
3439168,65,1,1,0
6991824,65,1,1,0
3365360,65,1,0,1
2616112,65,1,0,1
5359824,65,1,1,0
2840552,65,1,0,1
2909920,65,1,1,0
618104,65,1,1,0
1813496,65,1,0,1
3411696,65,1,0,1
1138408,65,1,0,1
1049336,65,1,1,0
429808,65,1,1,0
547824,65,1,1,0
1430568,65,1,0,1
1328880,65,1,0,1
4374000,65,1,1,0
3175088,65,1,1,0
802616,65,1,1,0
968440,65,1,1,0
531576,65,1,1,0
777496,65,1,0,1
4646512,65,1,1,0
2508136,65,1,0,1
1667384,65,1,0,1
2505728,65,1,0,1
3583184,65,1,0,1
1583160,65,1,1,0
1771168,65,1,1,0
4350800,65,1,0,1
267840,65,1,1,0
4537264,65,1,1,0
5637616,65,1,0,1
2665928,65,1,1,0
174288,65,1,0,1
5532960,65,1,1,0
4617496,65,1,1,0
232696,65,1,0,1
290960,65,1,0,1
4662136,65,1,1,0
3592560,65,1,1,0
969272,65,1,1,0
507408,65,1,0,1
272368,65,1,1,0
8334328,65,1,0,1
1830560,65,1,1,0
1083984,65,1,1,0
354640,65,1,0,1
1295480,65,1,1,0
691216,65,1,1,0
3193072,65,1,0,1
2282824,65,1,0,1
6723064,65,1,0,1
182816,65,1,0,1
563936,65,1,0,1
2643224,65,1,1,0
262472,65,1,0,1
5047920,65,1,1,0
3184320,65,1,0,1
4136136,65,1,1,0
2368272,65,1,1,0
4464664,65,1,0,1
1210040,65,1,0,1
819296,65,1,1,0
968728,65,1,1,0
885872,65,1,1,0
1765648,65,1,0,1
200480,65,1,0,1
6519496,65,1,0,1
1535392,65,1,1,0
3700104,65,1,0,1
7533864,65,1,1,0
2472304,65,1,0,1
462704,65,1,1,0
4416848,65,1,1,0
736792,65,1,1,0
1453408,65,1,0,1
4127000,65,1,0,1
2458728,65,1,0,1
6854584,65,1,1,0
1868936,65,1,0,1
706856,65,1,1,0
4415584,65,1,0,1
1307208,65,1,0,1
1826064,65,1,1,0
754952,65,1,0,1
8353832,65,1,0,1
1150312,65,1,1,0
2234400,65,1,0,1
4131440,65,1,0,1
4919088,65,1,1,0
464144,65,1,1,0
7476472,65,1,1,0
8133648,65,1,0,1
228712,65,1,0,1
552728,65,1,0,1
1910032,65,1,1,0
6195328,65,1,0,1
4881936,65,1,0,1
5781736,65,1,0,1
2650136,65,1,0,1
5104744,65,1,1,0
222688,65,1,1,0
3130688,65,1,0,1
1096008,65,1,1,0
3988208,65,1,1,0
1933352,65,1,1,0
1689432,65,1,0,1
2184720,65,1,1,0
728280,65,1,1,0
6052096,65,1,1,0
2463760,65,1,1,0
1900256,65,1,0,1
6907024,65,1,0,1
552952,65,1,1,0
2457632,65,1,1,0
1476184,65,1,1,0
79440,65,1,1,0
1377312,65,1,1,0
533704,65,1,0,1
8149608,65,1,1,0
3035864,65,1,0,1
670088,65,1,1,0
525288,65,1,0,1
1746384,65,1,0,1
2442656,65,1,1,0
8329592,65,1,0,1
8320896,65,1,0,1
7699600,65,1,0,1
4936088,65,1,0,1
2539440,65,1,1,0
2893592,65,1,0,1
6057080,65,1,1,0
4694528,65,1,1,0
183568,65,1,1,0
1411160,65,1,0,1
5234032,65,1,0,1
1685440,65,1,1,0
1284320,65,1,1,0
918344,65,1,0,1
2891992,65,1,1,0
3872192,65,1,0,1
789400,65,1,0,1
8195504,65,1,1,0
472352,65,1,1,0
1991880,65,1,0,1
5595776,65,1,1,0
8066192,65,1,1,0
8223768,65,1,0,1
494776,65,1,1,0
1875744,65,1,1,0
1447984,65,1,0,1
2915800,65,1,1,0
2566824,65,1,1,0
5931336,65,1,0,1
3708600,65,1,1,0
750448,65,1,0,1
2768176,65,1,0,1
539784,65,1,0,1
6283664,65,1,1,0
5064024,65,1,1,0
2072104,65,1,0,1
319656,65,1,1,0
654656,65,1,0,1
1394592,65,1,1,0
4047968,65,1,1,0
3010664,65,1,0,1
2705960,65,1,1,0
462544,65,1,1,0
1833296,65,1,0,1
5513096,65,1,1,0
282440,65,1,0,1
2966448,65,1,1,0
1962432,65,1,1,0
6268352,65,1,1,0
7225264,65,1,1,0
815440,65,1,0,1
5100344,65,1,1,0
650368,65,1,1,0
481368,65,1,0,1
7730072,65,1,0,1
4919240,65,1,0,1
8292880,65,1,0,1
836408,65,1,0,1
572760,65,1,1,0
7541416,65,1,1,0
2475968,65,1,0,1
3817736,65,1,0,1
6418888,65,1,1,0
3238976,65,1,0,1
4544920,65,1,1,0
578040,65,1,1,0
6340112,65,1,1,0
1796280,65,1,0,1
2926856,65,1,0,1
1259624,65,1,1,0
3492976,65,1,0,1
259552,65,1,0,1
5178728,65,1,1,0
8190928,65,1,0,1
3838480,65,1,0,1
433920,65,1,0,1
2817664,65,1,0,1
3985032,65,1,0,1
2578056,65,1,0,1
4163776,65,1,1,0
3393352,65,1,0,1
2476624,65,1,1,0
1767448,65,1,0,1
7956392,65,1,1,0
1397424,65,1,1,0
2738784,65,1,1,0
746312,65,1,1,0
3206512,65,1,1,0
710144,65,1,1,0
5856232,65,1,0,1
594512,65,1,1,0
3697000,65,1,0,1
1547744,65,1,1,0
539816,65,1,0,1
5360184,65,1,1,0
5862128,65,1,0,1
5251664,65,1,1,0
3761848,65,1,1,0
3815616,65,1,0,1
6165952,65,1,0,1
224744,65,1,0,1
7209648,65,1,1,0
225264,65,1,0,1
206144,65,1,1,0
3397288,65,1,1,0
567432,65,1,0,1
6819328,65,1,1,0
878960,65,1,0,1
5320792,65,1,1,0
226968,65,1,0,1
647600,65,1,0,1
2436368,65,1,1,0
1529792,65,1,0,1
1314968,65,1,1,0
3739704,65,1,0,1
353296,65,1,0,1
3341616,65,1,1,0
1917696,65,1,0,1
1902344,65,1,1,0
4765400,65,1,0,1
5146312,65,1,1,0
1019032,65,1,1,0
4734592,65,1,0,1
4633384,65,1,0,1
2010144,65,1,1,0
1190184,65,1,0,1
1637640,65,1,1,0
591328,65,1,0,1
574016,65,1,1,0
7803888,65,1,1,0
1658856,65,1,0,1
5363840,65,1,1,0
1723912,65,1,1,0
3210408,65,1,0,1
3217888,65,1,1,0
4778752,65,1,1,0
1381504,65,1,1,0
2180280,65,1,0,1
1148008,65,1,1,0
5651320,65,1,1,0
177080,65,1,0,1
1402632,65,1,0,1
768504,65,1,0,1
5264912,65,1,1,0
1686200,65,1,0,1
334168,65,1,1,0
2455568,65,1,0,1
1800120,65,1,1,0
5783944,65,1,1,0
2562128,65,1,1,0
254848,65,1,0,1
7891840,65,1,0,1
2456512,65,1,1,0
644056,65,1,0,1
5509664,65,1,1,0
4285480,65,1,0,1
289960,65,1,0,1
839968,65,1,1,0
432880,65,1,1,0
2584968,65,1,0,1
1354984,65,1,1,0
1446184,65,1,1,0
541968,65,1,1,0
1519456,65,1,0,1
7083944,65,1,0,1
8028560,65,1,0,1
3365448,65,1,1,0
2157288,65,1,0,1
707168,65,1,0,1
268456,65,1,0,1
3188832,65,1,0,1
1486376,65,1,1,0
545648,65,1,0,1
3241904,65,1,1,0
1136200,65,1,0,1
7036592,65,1,0,1
4354520,65,1,1,0
165968,65,1,0,1
680448,65,1,1,0
1043728,65,1,0,1
124728,65,1,1,0
3528992,65,1,1,0
126920,65,1,1,0
1787648,65,1,1,0
1204416,65,1,0,1
8374208,65,1,0,1
6713464,65,1,0,1
4737184,65,1,1,0
3937456,65,1,0,1
4672928,65,1,1,0
1304632,65,1,0,1
4280128,65,1,1,0
7550712,65,1,1,0
5719592,65,1,1,0
3033512,65,1,1,0
651888,65,1,0,1
318144,65,1,0,1
7068336,65,1,0,1
1898840,65,1,0,1
5634800,65,1,1,0
2923856,65,1,0,1
1429760,65,1,0,1
6014784,65,1,1,0
1267144,65,1,1,0
2242568,65,1,1,0
5200680,65,1,0,1
340968,65,1,0,1
6348288,65,1,0,1
1459720,65,1,1,0
7451968,65,1,1,0
2713944,65,1,0,1
588640,65,1,1,0
5813792,65,1,0,1
1907976,65,1,0,1
2648200,65,1,0,1
1788392,65,1,0,1
337056,65,1,1,0
6458616,65,1,1,0
4511248,65,1,0,1
7001304,65,1,0,1
1334552,65,1,0,1
1088152,65,1,0,1
3452184,65,1,1,0
1752864,65,1,1,0
3731064,65,1,1,0
2987312,65,1,0,1
3405448,65,1,0,1
2907184,65,1,1,0
2317744,65,1,1,0
5268720,65,1,0,1
3353448,65,1,1,0
6075720,65,1,1,0
1761048,65,1,1,0
271312,65,1,1,0
6438496,65,1,0,1
2450360,65,1,1,0
4994864,65,1,1,0
1616048,65,1,1,0
376024,65,1,0,1
2333544,65,1,0,1
8230656,65,1,0,1
522656,65,1,0,1
990792,65,1,1,0
2709944,65,1,0,1
6558112,65,1,0,1
7240376,65,1,0,1
678144,65,1,1,0
1653464,65,1,0,1
713712,65,1,0,1
767000,65,1,0,1
1670952,65,1,0,1
1764560,65,1,0,1
3726832,65,1,1,0
1560000,65,1,1,0
2021704,65,1,1,0
1098392,65,1,1,0
8368976,65,1,0,1
2451064,65,1,1,0
3840800,65,1,1,0
448648,65,1,1,0
6801784,65,1,1,0
7188280,65,1,0,1
1238448,65,1,0,1
2634944,65,1,1,0
3353048,65,1,1,0
533200,65,1,0,1
1211424,65,1,1,0
5115728,65,1,0,1
2210088,65,1,0,1
7421520,65,1,1,0
3566304,65,1,0,1
494704,65,1,0,1
273824,65,1,1,0
618656,65,1,1,0
7724936,65,1,1,0
7189120,65,1,0,1
7723944,65,1,1,0
5451560,65,1,0,1
1617832,65,1,0,1
5185672,65,1,1,0
2448160,65,1,1,0
2668056,65,1,1,0
3872808,65,1,1,0
7994752,65,1,0,1
7999136,65,1,1,0
1407704,65,1,0,1
2844776,65,1,0,1
694432,65,1,1,0
8102080,65,1,0,1
327680,65,1,1,0
386336,65,1,0,1
3127192,65,1,1,0
1049688,65,1,1,0
1803856,65,1,1,0
379088,65,1,1,0
3824792,65,1,1,0
5534568,65,1,0,1
1957792,65,1,0,1
5143880,65,1,1,0
1248248,65,1,0,1
899560,65,1,0,1
6887584,65,1,1,0
5295456,65,1,1,0
1409680,65,1,0,1
285576,65,1,0,1
3161624,65,1,1,0
4447880,65,1,1,0
182488,65,1,1,0
2545888,65,1,1,0
884544,65,1,1,0
1901352,65,1,1,0
374616,65,1,0,1
4224320,65,1,0,1
1351432,65,1,1,0
6443400,65,1,0,1
800040,65,1,0,1
2565376,65,1,0,1
8132432,65,1,0,1
2431416,65,1,1,0
1854984,65,1,1,0
8058424,65,1,1,0
1905024,65,1,1,0
2781888,65,1,0,1
3845096,65,1,1,0
1600952,65,1,1,0
2518328,65,1,0,1
6119816,65,1,0,1
831752,65,1,1,0
6735384,65,1,0,1
1835888,65,1,1,0
5253144,65,1,0,1
420032,65,1,0,1
1596232,65,1,0,1
2373880,65,1,1,0
7519432,65,1,1,0
670472,65,1,1,0
2736816,65,1,0,1
4186520,65,1,0,1
4358000,65,1,0,1
1004696,65,1,0,1
3554304,65,1,1,0
382208,65,1,0,1
2456080,65,1,0,1
3056760,65,1,1,0
3034040,65,1,1,0
1600600,65,1,0,1
6564096,65,1,0,1
1301656,65,1,1,0
848856,65,1,1,0
931016,65,1,1,0
3606600,65,1,1,0
1189552,65,1,1,0
3394464,65,1,1,0
6900440,65,1,0,1
261384,65,1,0,1
3295232,65,1,0,1
583368,65,1,0,1
7506984,65,1,0,1
1131912,65,1,0,1
7004784,65,1,0,1
1211288,65,1,1,0
3103080,65,1,1,0
1012256,65,1,0,1
861968,65,1,0,1
583984,65,1,1,0
2018592,65,1,1,0
591616,65,1,0,1
1286008,65,1,0,1
1007296,65,1,0,1
5876728,65,1,0,1
412320,65,1,0,1
8166072,65,1,1,0
995496,65,1,1,0
3400848,65,1,1,0
2905600,65,1,1,0
8354848,65,1,1,0
6560168,65,1,0,1
177952,65,1,1,0
8240184,65,1,0,1
4392888,65,1,0,1
6217360,65,1,1,0
98032,65,1,1,0
749576,65,1,1,0
1656616,65,1,0,1
5727624,65,1,0,1
1106016,65,1,1,0
1805744,65,1,0,1
2724136,65,1,0,1
5223072,65,1,0,1
693672,65,1,0,1
227368,65,1,1,0
6111616,65,1,0,1
3055784,65,1,0,1
8256256,65,1,0,1
4099784,65,1,1,0
4580864,65,1,1,0
1916840,65,1,0,1
4013080,65,1,0,1
549464,65,1,0,1
1353816,65,1,0,1
1365144,65,1,1,0
5964464,65,1,0,1
1003912,65,1,1,0
6415048,65,1,0,1
1759784,65,1,1,0
2412328,65,1,1,0
5719760,65,1,0,1
538496,65,1,0,1
3240672,65,1,0,1
5390888,65,1,1,0
4811360,65,1,0,1
6492984,65,1,0,1
846408,65,1,1,0
1063688,65,1,1,0
169632,65,1,0,1
3042088,65,1,1,0
457928,65,1,1,0
2289056,65,1,0,1
904128,65,1,0,1
269088,65,1,1,0
695232,65,1,1,0
7324880,65,1,1,0
3081632,65,1,1,0
327472,65,1,0,1
8348496,65,1,1,0
827376,65,1,1,0
7975776,65,1,1,0
2192008,65,1,1,0
4525792,65,1,0,1
395984,65,1,1,0
5331680,65,1,1,0
347984,65,1,0,1
7619760,65,1,1,0
739040,65,1,1,0
4404320,65,1,0,1
4268272,65,1,1,0
640112,65,1,1,0
2417184,65,1,0,1
1167288,65,1,1,0
8383216,65,1,1,0
7036152,65,1,0,1
4001776,65,1,0,1
4640696,65,1,0,1
3169656,65,1,0,1
3659728,65,1,0,1
1666248,65,1,1,0
5797176,65,1,1,0
1092400,65,1,0,1
4349376,65,1,1,0
1409048,65,1,1,0
1065480,65,1,0,1
3325536,65,1,0,1
1494784,65,1,1,0
2833256,65,1,1,0
288224,65,1,1,0
8147968,65,1,1,0
5571944,65,1,0,1
1490720,65,1,0,1
6876224,65,1,1,0
4934312,65,1,1,0
1004240,65,1,0,1
5662360,65,1,0,1
2460320,65,1,0,1
4894376,65,1,0,1
4922384,65,1,0,1
1009424,65,1,0,1
180048,65,1,0,1
2798320,65,1,1,0
2927112,65,1,1,0
2265024,65,1,0,1
1544152,65,1,0,1
2767968,65,1,0,1
2889856,65,1,1,0
5106912,65,1,1,0
319024,65,1,0,1
858968,65,1,0,1
4989864,65,1,0,1
3707272,65,1,1,0
2066984,65,1,1,0
5927568,65,1,0,1
5940872,65,1,1,0
1446568,65,1,0,1
8284536,65,1,1,0
5369944,65,1,1,0
2033048,65,1,1,0
1180152,65,1,1,0
1349856,65,1,0,1
6418784,65,1,1,0
8349624,65,1,1,0
1017640,65,1,1,0
2332776,65,1,1,0
1613696,65,1,1,0
2158760,65,1,0,1
5344504,65,1,1,0
1255432,65,1,0,1
1357704,65,1,0,1
782216,65,1,1,0
6823240,65,1,0,1
4817176,65,1,1,0
7960360,65,1,0,1
486856,65,1,0,1
1089392,65,1,1,0
1745032,65,1,0,1
1513808,65,1,1,0
281552,65,1,0,1
7096040,65,1,0,1
2100272,65,1,1,0
7365920,65,1,0,1
5481656,65,1,1,0
5607048,65,1,0,1
808416,65,1,1,0
270896,65,1,1,0
302808,65,1,0,1
324448,65,1,0,1
4724624,65,1,0,1
361496,65,1,0,1
2233056,65,1,0,1
434864,65,1,0,1
1462392,65,1,0,1
1870752,65,1,0,1
5595088,65,1,0,1
1443248,65,1,0,1
2437680,65,1,0,1
229984,65,1,0,1
2411120,65,1,1,0
572120,65,1,1,0
2807624,65,1,0,1
1782992,65,1,0,1
2711408,65,1,0,1
780736,65,1,1,0
3547816,65,1,1,0
8118608,65,1,0,1
1325664,65,1,0,1
1324112,65,1,1,0
2953464,65,1,1,0
4848512,65,1,0,1
3900712,65,1,0,1
6114632,65,1,0,1
1163016,65,1,1,0
3024960,65,1,1,0
1530488,65,1,1,0
7236696,65,1,1,0
289080,65,1,1,0
6987944,65,1,1,0
489040,65,1,1,0
2004808,65,1,1,0
1154904,65,1,0,1
3103296,65,1,0,1
882712,65,1,0,1
3919952,65,1,1,0
923816,65,1,1,0
3795832,65,1,0,1
3585680,65,1,0,1
6687296,65,1,0,1
191616,65,1,1,0
3781048,65,1,0,1
6953728,65,1,1,0
2642912,65,1,0,1
2067776,65,1,0,1
584656,65,1,1,0
1847392,65,1,0,1
534104,65,1,0,1
6836416,65,1,0,1
2166568,65,1,0,1
6954808,65,1,1,0
6616480,65,1,0,1
3612504,65,1,0,1
1027688,65,1,0,1
6477568,65,1,0,1
870824,65,1,1,0
608480,65,1,0,1
2388592,65,1,0,1
6096496,65,1,1,0
4585136,65,1,0,1
911408,65,1,1,0
1013792,65,1,0,1
6267976,65,1,1,0
2738632,65,1,0,1
5055176,65,1,0,1
6534208,65,1,0,1
1503400,65,1,0,1
480080,65,1,1,0
651784,65,1,1,0
4021072,65,1,1,0
1865280,65,1,1,0
950568,65,1,0,1
535960,65,1,0,1
1228024,65,1,1,0
914472,65,1,0,1
4190040,65,1,0,1
953264,65,1,1,0
612024,65,1,0,1
7705904,65,1,1,0
2447568,65,1,1,0
8229872,65,1,1,0
6871056,65,1,1,0
3926384,65,1,0,1
7582544,65,1,0,1
1445528,65,1,1,0
265512,65,1,1,0
150808,65,1,0,1
4439296,65,1,1,0
1742976,65,1,0,1
899672,65,1,0,1
1370944,65,1,0,1
1514648,65,1,1,0
2952448,65,1,1,0
3157344,65,1,0,1
4237384,65,1,1,0
408576,65,1,0,1
7135584,65,1,0,1
4804784,65,1,0,1
6168520,65,1,1,0
145504,65,1,0,1
1688328,65,1,0,1
837928,65,1,0,1
5377160,65,1,0,1
821440,65,1,1,0
2716088,65,1,0,1
6154360,65,1,0,1
1699280,65,1,0,1
1067960,65,1,0,1
1307000,65,1,1,0
5074704,65,1,1,0
3288896,65,1,0,1
4446912,65,1,0,1
5219112,65,1,0,1
446776,65,1,0,1
824912,65,1,1,0
4939952,65,1,1,0
5321048,65,1,1,0
773256,65,1,0,1
398944,65,1,1,0
4324296,65,1,1,0
8277304,65,1,0,1
7895952,65,1,0,1
4160136,65,1,1,0
984248,65,1,0,1
8116536,65,1,0,1
3760384,65,1,1,0
3115728,65,1,0,1
929624,65,1,1,0
4544712,65,1,0,1
4309752,65,1,0,1
1678928,65,1,0,1
199904,65,1,1,0
4846464,65,1,1,0
7571904,65,1,1,0
829008,65,1,1,0
6042784,65,1,1,0
1918648,65,1,0,1
1032584,65,1,1,0
174176,65,1,1,0
4541216,65,1,0,1
367808,65,1,0,1
420768,65,1,0,1
447688,65,1,0,1
2771768,65,1,1,0
863424,65,1,1,0
5453064,65,1,0,1
1619936,65,1,1,0
5481584,65,1,0,1
989360,65,1,0,1
5691176,65,1,1,0
1385128,65,1,0,1
1036552,65,1,0,1
872824,65,1,1,0
1874144,65,1,1,0
4345536,65,1,0,1
4517888,65,1,0,1
7296120,65,1,0,1
3134656,65,1,0,1
4812224,65,1,0,1
4544008,65,1,0,1
359400,65,1,0,1
1056176,65,1,1,0
1913656,65,1,0,1
1852384,65,1,1,0
2079944,65,1,1,0
2091112,65,1,0,1
1089816,65,1,1,0
2038904,65,1,0,1
7024496,65,1,1,0
1978336,65,1,0,1
3864000,65,1,1,0
2245304,65,1,0,1
7255168,65,1,1,0
3895008,65,1,0,1
377712,65,1,0,1
327656,65,1,0,1
495208,65,1,1,0
4022216,65,1,1,0
1739288,65,1,1,0
983440,65,1,0,1
2993896,65,1,1,0
2056448,65,1,0,1
976512,65,1,1,0
184400,65,1,0,1
3609448,65,1,1,0
2852432,65,1,1,0
902832,65,1,0,1
2360328,65,1,1,0
4087008,65,1,0,1
2435128,65,1,0,1
2762832,65,1,0,1
3099856,65,1,0,1
4959168,65,1,0,1
1361592,65,1,0,1
933736,65,1,1,0
3931552,65,1,1,0
6474256,65,1,0,1
3809504,65,1,1,0
1879664,65,1,1,0
746376,65,1,1,0
2999432,65,1,0,1
696304,65,1,0,1
8031576,65,1,1,0
3361784,65,1,0,1
3939640,65,1,0,1
1590880,65,1,0,1
4539120,65,1,1,0
1540032,65,1,1,0
1442608,65,1,0,1
4012344,65,1,0,1
7886112,65,1,0,1
1922216,65,1,0,1
399672,65,1,1,0
3868416,65,1,1,0
809392,65,1,0,1
1956824,65,1,1,0
4386808,65,1,1,0
2147960,65,1,1,0
7494168,65,1,0,1
2296824,65,1,0,1
1609000,65,1,0,1
671336,65,1,0,1
4275592,65,1,0,1
4725824,65,1,1,0
794528,65,1,1,0
4779736,65,1,1,0
797888,65,1,0,1
964072,65,1,1,0
1855144,65,1,1,0
661696,65,1,1,0
6658480,65,1,0,1
3844856,65,1,0,1
468592,65,1,0,1
3977896,65,1,0,1
235784,65,1,1,0
3413896,65,1,0,1
766216,65,1,0,1
1559936,65,1,0,1
2764456,65,1,1,0
6678904,65,1,0,1
4460912,65,1,1,0
230224,65,1,1,0
1942544,65,1,1,0
2708368,65,1,0,1
7502560,65,1,1,0
522984,65,1,1,0
1077248,65,1,1,0
5834032,65,1,1,0
318960,65,1,1,0
2775544,65,1,0,1
6361040,65,1,1,0
5748176,65,1,1,0
4349488,65,1,0,1
5132640,65,1,0,1
4386048,65,1,1,0
2973584,65,1,0,1
4743960,65,1,1,0
6297704,65,1,1,0
6723704,65,1,0,1
5764760,65,1,0,1
201232,65,1,0,1
3631000,65,1,1,0
2374680,65,1,1,0
1898368,65,1,1,0
2964240,65,1,1,0
691640,65,1,1,0
488400,65,1,1,0
405288,65,1,0,1
471600,65,1,0,1
6157360,65,1,0,1
519496,65,1,0,1
5894152,65,1,1,0
2859536,65,1,0,1
1229496,65,1,0,1
227152,65,1,0,1
3449304,65,1,1,0
2495440,65,1,1,0
361920,65,1,0,1
2592640,65,1,1,0
612888,65,1,1,0
1690592,65,1,0,1
796248,65,1,0,1
638080,65,1,0,1
3829352,65,1,0,1
946216,65,1,0,1
2122864,65,1,0,1
703560,65,1,0,1
3271576,65,1,1,0
982232,65,1,1,0
365960,65,1,0,1
573816,65,1,1,0
2918608,65,1,0,1
2366544,65,1,1,0
3616376,65,1,0,1
4578952,65,1,1,0
2648936,65,1,1,0
3204080,65,1,1,0
3146432,65,1,0,1
359800,65,1,0,1
798520,65,1,1,0
1669832,65,1,0,1
2631584,65,1,1,0
5199064,65,1,0,1
2052024,65,1,1,0
708336,65,1,1,0
6713456,65,1,1,0
7793952,65,1,1,0
2938120,65,1,1,0
5983632,65,1,0,1
1212800,65,1,0,1
412288,65,1,0,1
1364104,65,1,1,0
5628608,65,1,0,1
7355656,65,1,1,0
435840,65,1,1,0
5941192,65,1,0,1
8190592,65,1,0,1
51992,65,1,1,0
2310672,65,1,1,0
3311568,65,1,1,0
5122224,65,1,0,1
1904632,65,1,1,0
1980432,65,1,1,0
1746592,65,1,0,1
1612896,65,1,1,0
211400,65,1,1,0
3251504,65,1,0,1
3766488,65,1,1,0
5142312,65,1,1,0
418104,65,1,0,1
7263320,65,1,0,1
2289424,65,1,1,0
2901960,65,1,1,0
1443840,65,1,0,1
5444032,65,1,1,0
5909712,65,1,1,0
6319968,65,1,0,1
7302904,65,1,0,1
3505392,65,1,1,0
974344,65,1,0,1
1594024,65,1,0,1
1962680,65,1,1,0
5523392,65,1,1,0
3295064,65,1,1,0
163008,65,1,0,1
601856,65,1,1,0
218024,65,1,0,1
1689936,65,1,1,0
5828592,65,1,1,0
5149192,65,1,1,0
5237016,65,1,1,0
1030528,65,1,0,1
628936,65,1,0,1
272312,65,1,1,0
7507040,65,1,0,1
550848,65,1,0,1
594448,65,1,1,0
3793664,65,1,1,0
604808,65,1,0,1
591160,65,1,0,1
2903560,65,1,1,0
2072296,65,1,0,1
3983920,65,1,0,1
1805360,65,1,1,0
422632,65,1,0,1
8292432,65,1,0,1
2213400,65,1,1,0
8372464,65,1,1,0
3264504,65,1,1,0
2766248,65,1,0,1
404672,65,1,1,0
3565440,65,1,1,0
873024,65,1,0,1
589792,65,1,1,0
1622032,65,1,0,1
2292296,65,1,0,1
1704160,65,1,0,1
4384400,65,1,1,0
5248776,65,1,1,0
869872,65,1,1,0
2566560,65,1,0,1
705080,65,1,1,0
631024,65,1,1,0
3572904,65,1,0,1
4949576,65,1,1,0
2501200,65,1,1,0
999912,65,1,1,0
6278928,65,1,1,0
1759944,65,1,1,0
2514184,65,1,1,0
2389600,65,1,0,1
6149632,65,1,0,1
4254880,65,1,1,0
1331760,65,1,0,1
4633680,65,1,0,1
3476136,65,1,0,1
2694240,65,1,1,0
2977872,65,1,0,1
1914208,65,1,1,0
821496,65,1,1,0
1526424,65,1,0,1
1596256,65,1,0,1
1719160,65,1,1,0
1454752,65,1,1,0
1399640,65,1,1,0
300384,65,1,1,0
2985856,65,1,1,0
2851456,65,1,1,0
1847960,65,1,1,0
4973168,65,1,1,0
7740288,65,1,1,0
5041208,65,1,1,0
2572040,65,1,1,0
530832,65,1,0,1
637088,65,1,1,0
269272,65,1,1,0
7042720,65,1,0,1
2574112,65,1,1,0
2671160,65,1,0,1
1990232,65,1,1,0
7867176,65,1,0,1
2209528,65,1,0,1
2720912,65,1,1,0
5067304,65,1,1,0
1304120,65,1,1,0
3994600,65,1,1,0
7210248,65,1,1,0
2365728,65,1,0,1
5208544,65,1,0,1
7997592,65,1,1,0
1211152,65,1,0,1
4328608,65,1,0,1
2315536,65,1,1,0
5435408,65,1,0,1
7404672,65,1,0,1
739848,65,1,0,1
449608,65,1,0,1
7970560,65,1,0,1
2237720,65,1,1,0
1761176,65,1,0,1
6867152,65,1,0,1
3352528,65,1,1,0
2169192,65,1,1,0
4293864,65,1,0,1
761048,65,1,1,0
7380800,65,1,0,1
548192,65,1,0,1
4335512,65,1,0,1
5277728,65,1,0,1
7568072,65,1,0,1
1567272,65,1,1,0
2273176,65,1,1,0
6362568,65,1,0,1
3337056,65,1,0,1
6104008,65,1,0,1
5114928,65,1,0,1
5158456,65,1,1,0
2263304,65,1,1,0
1212064,65,1,1,0
3293832,65,1,0,1
288800,65,1,0,1
653944,65,1,0,1
3028648,65,1,1,0
1299736,65,1,1,0
5987992,65,1,1,0
6600632,65,1,1,0
7787328,65,1,0,1
6408976,65,1,1,0
929896,65,1,1,0
935120,65,1,0,1
3076960,65,1,0,1
1887488,65,1,0,1
1629256,65,1,1,0
1846576,65,1,1,0
7547480,65,1,0,1
1311384,65,1,0,1
6288176,65,1,0,1
47192,65,1,0,1
1340744,65,1,0,1
1528144,65,1,1,0
5795944,65,1,1,0
204088,65,1,1,0
2127168,65,1,0,1
1829048,65,1,0,1
3148216,65,1,0,1
876000,65,1,1,0
642896,65,1,1,0
5825704,65,1,1,0
887736,65,1,0,1
4673968,65,1,0,1
5277136,65,1,1,0
2371048,65,1,0,1
1065064,65,1,1,0
1620848,65,1,0,1
1730336,65,1,0,1
565888,65,1,0,1
508504,65,1,1,0
512976,65,1,0,1
4258368,65,1,0,1
791240,65,1,0,1
1508800,65,1,0,1
2488656,65,1,0,1
1061824,65,1,0,1
266304,65,1,1,0
5425760,65,1,0,1
2130632,65,1,0,1
2861888,65,1,0,1
1336760,65,1,0,1
4253848,65,1,0,1
1255328,65,1,1,0
5369504,65,1,0,1
853416,65,1,0,1
1491664,65,1,1,0
388488,65,1,1,0
2209552,65,1,1,0
5915856,65,1,0,1
4856784,65,1,0,1
1460064,65,1,0,1
664040,65,1,0,1
617960,65,1,0,1
3902648,65,1,0,1
836952,65,1,1,0
5464224,65,1,0,1
1252656,65,1,1,0
7413984,65,1,0,1
3151464,65,1,0,1
3967760,65,1,0,1
4985392,65,1,1,0
692320,65,1,1,0
301728,65,1,0,1
2682264,65,1,0,1
7671720,65,1,1,0
6681656,65,1,0,1
1676416,65,1,1,0
1191696,65,1,1,0
3943576,65,1,1,0
6693872,65,1,0,1
1484600,65,1,0,1
6391304,65,1,1,0
627776,65,1,1,0
7534144,65,1,1,0
7369312,65,1,1,0
3719088,65,1,1,0
5872144,65,1,0,1
3209520,65,1,0,1
7873432,65,1,0,1
2439696,65,1,1,0
3926584,65,1,0,1
1388056,65,1,0,1
3199944,65,1,0,1
1118296,65,1,1,0
1707336,65,1,0,1
2517744,65,1,1,0
5742720,65,1,1,0
302416,65,1,1,0
217680,65,1,1,0
6860024,65,1,0,1
2361632,65,1,0,1
350552,65,1,0,1
7400408,65,1,0,1
3511648,65,1,0,1
6827880,65,1,1,0
4459184,65,1,1,0
498224,65,1,0,1
6182160,65,1,1,0
654288,65,1,1,0
3439496,65,1,0,1
6815216,65,1,0,1
4930480,65,1,1,0
141008,65,1,1,0
2843216,65,1,0,1
1512256,65,1,1,0
2636760,65,1,0,1
2375976,65,1,0,1
4363936,65,1,1,0
163904,65,1,1,0
2525864,65,1,1,0
1080176,65,1,0,1
1237312,65,1,0,1
2949592,65,1,0,1
3486288,65,1,0,1
7161352,65,1,0,1
5576088,65,1,0,1
949056,65,1,0,1
1021928,65,1,0,1
2828360,65,1,0,1
4159776,65,1,1,0
4466104,65,1,0,1
8164392,65,1,1,0
869088,65,1,1,0
3789184,65,1,1,0
4792784,65,1,1,0
7087944,65,1,1,0
3696344,65,1,1,0
3721168,65,1,1,0
712504,65,1,0,1
6006248,65,1,0,1
970992,65,1,1,0
219872,65,1,0,1
2423776,65,1,1,0
1022352,65,1,1,0
1364760,65,1,1,0
5213136,65,1,0,1
1790352,65,1,1,0
642032,65,1,1,0
3752952,65,1,0,1
4572056,65,1,0,1
3266592,65,1,0,1
1974648,65,1,0,1
6249856,65,1,0,1
1853616,65,1,0,1
8284240,65,1,1,0
3066232,65,1,1,0
1470216,65,1,0,1
1299560,65,1,1,0
474544,65,1,0,1
5654392,65,1,1,0
347872,65,1,0,1
742640,65,1,0,1
1196168,65,1,0,1
1892224,65,1,1,0
2831688,65,1,0,1
4915456,65,1,1,0
1776392,65,1,1,0
1539656,65,1,1,0
4538936,65,1,1,0
273312,65,1,1,0
620968,65,1,1,0
729936,65,1,0,1
631192,65,1,1,0
7642632,65,1,1,0
6105560,65,1,0,1
2531288,65,1,0,1
1562560,65,1,1,0
7816864,65,1,0,1
559416,65,1,0,1
1246624,65,1,0,1
2833320,65,1,0,1
8060504,65,1,1,0
809056,65,1,1,0
849808,65,1,1,0
193792,65,1,0,1
7777952,65,1,0,1
4320448,65,1,0,1
4038440,65,1,1,0
4246184,65,1,0,1
2700984,65,1,0,1
3268736,65,1,1,0
7608664,65,1,0,1
760416,65,1,1,0
3042432,65,1,0,1
1350328,65,1,1,0
1278232,65,1,0,1
2066768,65,1,0,1
6391976,65,1,0,1
4065264,65,1,0,1
1307248,65,1,1,0
626744,65,1,1,0
7388808,65,1,1,0
6990776,65,1,1,0
397960,65,1,1,0
7859440,65,1,1,0
790136,65,1,0,1
4475728,65,1,1,0
7543984,65,1,0,1
1305440,65,1,0,1
8098344,65,1,1,0
239600,65,1,1,0
5482168,65,1,1,0
1627632,65,1,0,1
673848,65,1,1,0
7415344,65,1,0,1
1757648,65,1,1,0
1479256,65,1,0,1
4503176,65,1,1,0
5606104,65,1,0,1
874280,65,1,1,0
5148128,65,1,1,0
2522472,65,1,1,0
2101488,65,1,0,1
161176,65,1,0,1
7076480,65,1,1,0
7344360,65,1,0,1
5586120,65,1,0,1
592232,65,1,1,0
1543416,65,1,1,0
212304,65,1,0,1
5263328,65,1,1,0
1169024,65,1,0,1
946944,65,1,0,1
2269568,65,1,0,1
3596608,65,1,0,1
2630744,65,1,0,1
277440,65,1,0,1
3725080,65,1,1,0
1149688,65,1,0,1
5402064,65,1,1,0
5775360,65,1,0,1
903744,65,1,0,1
742864,65,1,0,1
3306856,65,1,1,0
148224,65,1,0,1
1243128,65,1,0,1
2610056,65,1,0,1
543808,65,1,1,0
1930064,65,1,1,0
291760,65,1,1,0
7022392,65,1,0,1
463776,65,1,1,0
5719536,65,1,1,0
1853632,65,1,1,0
624488,65,1,0,1
434968,65,1,1,0
2060504,65,1,0,1
3174112,65,1,0,1
2308104,65,1,1,0
1559000,65,1,1,0
4416488,65,1,0,1
2223792,65,1,0,1
3925648,65,1,1,0
780776,65,1,1,0
5411432,65,1,1,0
711408,65,1,1,0
687960,65,1,1,0
2872880,65,1,1,0
987824,65,1,0,1
709152,65,1,0,1
3044328,65,1,1,0
361328,65,1,1,0
688864,65,1,1,0
464624,65,1,0,1
1421472,65,1,1,0
544040,65,1,1,0
1956864,65,1,1,0
424872,65,1,0,1
3800200,65,1,0,1
7723288,65,1,1,0
4705784,65,1,1,0
189088,65,1,0,1
3645216,65,1,0,1
1512432,65,1,0,1
8278440,65,1,1,0
3335328,65,1,1,0
909720,65,1,0,1
729952,65,1,1,0
454640,65,1,1,0
1211520,65,1,1,0
7329376,65,1,1,0
7148176,65,1,0,1
2696544,65,1,1,0
2137736,65,1,1,0
2845008,65,1,1,0
550640,65,1,0,1
623784,65,1,0,1
1264648,65,1,0,1
3286792,65,1,1,0
4792296,65,1,0,1
491352,65,1,1,0
3128904,65,1,0,1
3083720,65,1,0,1
1493168,65,1,0,1
1130656,65,1,1,0
1222720,65,1,0,1
4120328,65,1,1,0
750072,65,1,1,0
578448,65,1,0,1
5534720,65,1,0,1
2601688,65,1,0,1
1492384,65,1,0,1
1289192,65,1,0,1
665232,65,1,1,0
3413960,65,1,1,0
7232600,65,1,0,1
304312,65,1,0,1
2028768,65,1,0,1
138160,65,1,1,0
1188400,65,1,1,0
3211584,65,1,0,1
2694624,65,1,1,0
1386472,65,1,0,1
1610832,65,1,0,1
1721408,65,1,1,0
1008168,65,1,1,0
266672,65,1,0,1
3928136,65,1,1,0
3480488,65,1,0,1
4799864,65,1,0,1
1258232,65,1,1,0
5928120,65,1,1,0
196472,65,1,1,0
1568176,65,1,1,0
7000112,65,1,0,1
1558232,65,1,1,0
5255424,65,1,1,0
3747888,65,1,1,0
1122584,65,1,1,0
759888,65,1,1,0
8075840,65,1,1,0
129184,65,1,1,0
600000,65,1,0,1
521648,65,1,1,0
3550600,65,1,1,0
6905552,65,1,0,1
568296,65,1,0,1
2784768,65,1,1,0
594320,65,1,0,1
1313048,65,1,1,0
421264,65,1,1,0
985952,65,1,0,1
3826472,65,1,0,1
2216960,65,1,1,0
2607808,65,1,1,0
1007424,65,1,0,1
1826728,65,1,1,0
2624720,65,1,1,0
5724216,65,1,0,1
578464,65,1,1,0
256208,65,1,1,0
443800,65,1,0,1
1550656,65,1,0,1
2262560,65,1,0,1
5229008,65,1,0,1
2461160,65,1,0,1
1350272,65,1,0,1
4999488,65,1,0,1
2880040,65,1,1,0
252080,65,1,0,1
3628760,65,1,1,0
576048,65,1,1,0
3205104,65,1,1,0
6556320,65,1,1,0
1907520,65,1,1,0
5482000,65,1,1,0
803840,65,1,0,1
1752320,65,1,1,0
138424,65,1,0,1
301968,65,1,0,1
4364904,65,1,1,0
1197968,65,1,0,1
1419240,65,1,0,1
1267056,65,1,1,0
2327048,65,1,0,1
6508160,65,1,1,0
603944,65,1,1,0
3606320,65,1,0,1
2908840,65,1,0,1
2814104,65,1,1,0
2252248,65,1,1,0
5249400,65,1,1,0
4523832,65,1,1,0
2684328,65,1,0,1
3663752,65,1,0,1
2479648,65,1,1,0
1857560,65,1,1,0
5478336,65,1,0,1
971552,65,1,1,0
5417536,65,1,0,1
4253232,65,1,0,1
1785728,65,1,0,1
6175784,65,1,1,0
1043984,65,1,1,0
1716680,65,1,0,1
3498416,65,1,0,1
7665712,65,1,0,1
2170600,65,1,0,1
4949008,65,1,1,0
3548720,65,1,0,1
6491000,65,1,1,0
1151840,65,1,0,1
1525792,65,1,1,0
291544,65,1,1,0
3494856,65,1,0,1
1223336,65,1,0,1
140960,65,1,1,0
4783536,65,1,0,1
6441024,65,1,1,0
4691736,65,1,1,0
4956648,65,1,0,1
5452376,65,1,0,1
199920,65,1,1,0
7321384,65,1,0,1
2342000,65,1,1,0
4306728,65,1,1,0
1735832,65,1,1,0
3320128,65,1,0,1
6954632,65,1,0,1
779936,65,1,0,1
2039160,65,1,0,1
2773384,65,1,0,1
3752608,65,1,0,1
1054448,65,1,0,1
2515104,65,1,0,1
5491184,65,1,0,1
2400304,65,1,1,0
813816,65,1,0,1
1802960,65,1,1,0
5906296,65,1,1,0
1112200,65,1,1,0
5662728,65,1,0,1
5945016,65,1,0,1
852416,65,1,0,1
6772008,65,1,1,0
6567792,65,1,0,1
6109816,65,1,0,1
1008136,65,1,0,1
4093288,65,1,0,1
370624,65,1,0,1
2578592,65,1,1,0
179536,65,1,1,0
2066904,65,1,1,0
933504,65,1,0,1
461448,65,1,0,1
2672104,65,1,1,0
1358192,65,1,1,0
5803608,65,1,0,1
537432,65,1,1,0
2647416,65,1,0,1
6554704,65,1,1,0
6932608,65,1,0,1
1870520,65,1,0,1
3847272,65,1,0,1
316392,65,1,1,0
1677712,65,1,0,1
406800,65,1,0,1
7663160,65,1,0,1
2811728,65,1,0,1
3642408,65,1,0,1
217608,65,1,1,0
6961216,65,1,1,0
6161000,65,1,0,1
300984,65,1,0,1
1111416,65,1,1,0
4013608,65,1,1,0
1042392,65,1,1,0
1095664,65,1,1,0
4691784,65,1,1,0
1848912,65,1,0,1
2832728,65,1,1,0
1293560,65,1,1,0
1413968,65,1,0,1
5318608,65,1,1,0
7967240,65,1,1,0
1045872,65,1,1,0
2153920,65,1,0,1
1604880,65,1,0,1
973088,65,1,1,0
966080,65,1,0,1
2452424,65,1,0,1
3622728,65,1,1,0
873952,65,1,0,1
1148184,65,1,0,1
2225472,65,1,1,0
852440,65,1,0,1
1755144,65,1,0,1
2368696,65,1,0,1
1106576,65,1,1,0
1031992,65,1,1,0
7795264,65,1,1,0
5606208,65,1,1,0
8048216,65,1,0,1
3537744,65,1,0,1
3326464,65,1,1,0
345736,65,1,1,0
7185560,65,1,0,1
585584,65,1,1,0
5877432,65,1,1,0
1609808,65,1,0,1
3759672,65,1,0,1
1784000,65,1,0,1
2481288,65,1,1,0
2574800,65,1,1,0
496064,65,1,0,1
1200912,65,1,1,0
1235632,65,1,1,0
944544,65,1,1,0
665312,65,1,0,1
7224624,65,1,0,1
1170520,65,1,1,0
1505232,65,1,1,0
394744,65,1,1,0
2003480,65,1,1,0
881616,65,1,0,1
3705088,65,1,1,0
3181648,65,1,1,0
3975760,65,1,0,1
1098632,65,1,0,1
2124696,65,1,1,0
6758536,65,1,0,1
6655600,65,1,1,0
99240,65,1,0,1
4894128,65,1,1,0
7294344,65,1,0,1
4775984,65,1,0,1
3923664,65,1,1,0
3974416,65,1,1,0
1640232,65,1,0,1
1636872,65,1,1,0
3306064,65,1,0,1
7753176,65,1,1,0
898672,65,1,0,1
256832,65,1,1,0
3639712,65,1,1,0
5314912,65,1,0,1
338648,65,1,0,1
2650912,65,1,1,0
6151848,65,1,1,0
2243384,65,1,1,0
168176,65,1,0,1
3277040,65,1,1,0
6708712,65,1,1,0
1388640,65,1,0,1
4450952,65,1,0,1
1772952,65,1,1,0
1389008,65,1,1,0
3621848,65,1,0,1
547520,65,1,1,0
4835016,65,1,0,1
615632,65,1,0,1
6906744,65,1,0,1
3528952,65,1,1,0
4638744,65,1,1,0
1461096,65,1,1,0
1863296,65,1,1,0
4420728,65,1,1,0
3147040,65,1,1,0
3929144,65,1,0,1
660968,65,1,1,0
470640,65,1,1,0
733744,65,1,0,1
7996320,65,1,1,0
2082672,65,1,0,1
4757832,65,1,1,0
424224,65,1,1,0
333744,65,1,1,0
1212136,65,1,1,0
636288,65,1,1,0
288568,65,1,0,1
4052576,65,1,1,0
5092224,65,1,0,1
5742840,65,1,0,1
132568,65,1,0,1
4702672,65,1,1,0
6561760,65,1,0,1
170704,65,1,0,1
6477072,65,1,1,0
6437304,65,1,1,0
2220288,65,1,0,1
366040,65,1,1,0
5855720,65,1,1,0
3987000,65,1,1,0
1087096,65,1,1,0
2420520,65,1,0,1
1263832,65,1,1,0
670144,65,1,0,1
1981552,65,1,0,1
833024,65,1,1,0
3428432,65,1,0,1
1327096,65,1,0,1
4203704,65,1,1,0
6806560,65,1,1,0
6779408,65,1,1,0
2240120,65,1,0,1
2112064,65,1,1,0
4626240,65,1,0,1
5972080,65,1,0,1
1737888,65,1,0,1
181576,65,1,0,1
449056,65,1,0,1
395688,65,1,0,1
709368,65,1,0,1
4432040,65,1,1,0
5827864,65,1,1,0
1599008,65,1,1,0
732456,65,1,1,0
3754384,65,1,1,0
4913280,65,1,1,0
6547752,65,1,1,0
3706096,65,1,1,0
324272,65,1,1,0
2330408,65,1,0,1
5903208,65,1,0,1
7905792,65,1,1,0
2068264,65,1,0,1
7365232,65,1,1,0
2535760,65,1,0,1
2647696,65,1,1,0
1743680,65,1,0,1
6589504,65,1,0,1
1252720,65,1,0,1
967384,65,1,1,0
1754536,66,1,1,0
3195072,66,1,1,0
79464,66,1,1,0
6060128,66,1,0,1
5111784,66,1,1,0
5321984,66,1,0,1
1348824,66,1,0,1
3532880,66,1,1,0
944520,66,1,0,1
2626424,66,1,0,1
2035712,66,1,1,0
5349736,66,1,0,1
2087840,66,1,1,0
506528,66,1,1,0
3498216,66,1,1,0
3425624,66,1,1,0
997176,66,1,0,1
3673696,66,1,0,1
1818896,66,1,0,1
2980240,66,1,0,1
399000,66,1,0,1
1170240,66,1,0,1
6316320,66,1,0,1
500520,66,1,1,0
3878648,66,1,0,1
569224,66,1,1,0
2764840,66,1,1,0
2470880,66,1,0,1
1980880,66,1,1,0
6918432,66,1,0,1
643536,66,1,0,1
826120,66,1,0,1
3671072,66,1,1,0
1564624,66,1,1,0
7144920,66,1,0,1
4029912,66,1,0,1
999720,66,1,1,0
3753224,66,1,0,1
2051608,66,1,1,0
304568,66,1,0,1
137744,66,1,1,0
5901056,66,1,1,0
1955072,66,1,1,0
5209384,66,1,1,0
854112,66,1,1,0
612048,66,1,0,1
4933504,66,1,0,1
1254304,66,1,0,1
6022008,66,1,0,1
128824,66,1,0,1
2217592,66,1,0,1
408904,66,1,0,1
2104680,66,1,1,0
7665424,66,1,1,0
1325280,66,1,0,1
3674552,66,1,0,1
6468784,66,1,0,1
7216312,66,1,1,0
6794920,66,1,1,0
498424,66,1,0,1
734928,66,1,0,1
145920,66,1,0,1
452632,66,1,1,0
2791880,66,1,1,0
1997992,66,1,1,0
3014656,66,1,0,1
2704320,66,1,0,1
1037584,66,1,0,1
8178944,66,1,0,1
7938064,66,1,1,0
3565856,66,1,0,1
1345672,66,1,1,0
3867248,66,1,0,1
6594208,66,1,0,1
6465400,66,1,1,0
7769712,66,1,1,0
4448664,66,1,0,1
5124048,66,1,0,1
595152,66,1,1,0
1220408,66,1,1,0
2101352,66,1,1,0
1755336,66,1,1,0
5766440,66,1,0,1
3797264,66,1,1,0
875560,66,1,0,1
3312752,66,1,0,1
458976,66,1,0,1
323888,66,1,0,1
4668496,66,1,0,1
1234688,66,1,0,1
359632,66,1,0,1
1397272,66,1,0,1
2718072,66,1,0,1
2783656,66,1,1,0
4155800,66,1,0,1
5147592,66,1,1,0
1284704,66,1,1,0
138856,66,1,1,0
1743040,66,1,0,1
445928,66,1,0,1
4652640,66,1,0,1
766312,66,1,0,1
2523680,66,1,0,1
2685760,66,1,1,0
4073232,66,1,1,0
1685648,66,1,1,0
6153144,66,1,1,0
6702536,66,1,1,0
2210656,66,1,0,1
2105168,66,1,0,1
6973400,66,1,1,0
967848,66,1,1,0
1668800,66,1,1,0
1850016,66,1,1,0
1904384,66,1,0,1
1517480,66,1,1,0
1147760,66,1,1,0
5973552,66,1,0,1
2537152,66,1,0,1
642344,66,1,1,0
3052048,66,1,0,1
4417600,66,1,0,1
2093744,66,1,0,1
5446544,66,1,0,1
8360208,66,1,1,0
1590528,66,1,0,1
4509432,66,1,1,0
457600,66,1,1,0
5009936,66,1,0,1
2684992,66,1,0,1
238856,66,1,1,0
3059552,66,1,0,1
777528,66,1,1,0
1421792,66,1,0,1
3797640,66,1,0,1
2770112,66,1,1,0
3073904,66,1,0,1
6951704,66,1,0,1
5341904,66,1,1,0
3052696,66,1,1,0
594032,66,1,1,0
1680816,66,1,0,1
2611128,66,1,1,0
7860416,66,1,1,0
5528928,66,1,0,1
1156304,66,1,0,1
7220400,66,1,1,0
2067184,66,1,1,0
3915040,66,1,0,1
446208,66,1,1,0
1092112,66,1,0,1
2647144,66,1,1,0
7355840,66,1,1,0
227816,66,1,1,0
4612352,66,1,1,0
5677448,66,1,0,1
412424,66,1,0,1
8305720,66,1,1,0
8261760,66,1,0,1
1679656,66,1,1,0
5553368,66,1,0,1
1512800,66,1,0,1
4703464,66,1,0,1
3167904,66,1,0,1
6040840,66,1,0,1
5313280,66,1,1,0
2684784,66,1,0,1
1492136,66,1,0,1
1093896,66,1,1,0
1524944,66,1,0,1
5328192,66,1,1,0
4141440,66,1,1,0
6116272,66,1,0,1
8379152,66,1,0,1
1163072,66,1,0,1
3893232,66,1,0,1
3353344,66,1,0,1
3993152,66,1,0,1
8045888,66,1,1,0
3052488,66,1,0,1
265656,66,1,0,1
1880400,66,1,1,0
324792,66,1,0,1
6405136,66,1,0,1
377464,66,1,1,0
3268216,66,1,0,1
1146256,66,1,1,0
811896,66,1,1,0
5463968,66,1,1,0
1173864,66,1,0,1
8177280,66,1,1,0
388672,66,1,1,0
303264,66,1,0,1
2931336,66,1,0,1
554760,66,1,0,1
4138600,66,1,1,0
239824,66,1,0,1
669856,66,1,1,0
191472,66,1,0,1
2389784,66,1,0,1
864968,66,1,1,0
6606720,66,1,0,1
414056,66,1,0,1
2771904,66,1,1,0
4468496,66,1,1,0
3669240,66,1,0,1
3692232,66,1,0,1
1288144,66,1,0,1
145032,66,1,1,0
846936,66,1,0,1
2440600,66,1,0,1
3442616,66,1,0,1
5208528,66,1,0,1
3513184,66,1,1,0
6689832,66,1,0,1
2198056,66,1,1,0
917728,66,1,0,1
2087408,66,1,1,0
4019048,66,1,1,0
572168,66,1,0,1
7941840,66,1,0,1
4228040,66,1,1,0
5061328,66,1,1,0
1772536,66,1,0,1
305400,66,1,0,1
1821392,66,1,0,1
1501432,66,1,1,0
6512384,66,1,0,1
2381144,66,1,1,0
8310360,66,1,0,1
1605496,66,1,1,0
4156544,66,1,1,0
2121128,66,1,0,1
1476344,66,1,1,0
500704,66,1,0,1
1414504,66,1,0,1
7684848,66,1,1,0
1862640,66,1,0,1
866136,66,1,1,0
8145888,66,1,0,1
7767856,66,1,0,1
702080,66,1,1,0
6343072,66,1,1,0
2014160,66,1,0,1
1137048,66,1,0,1
205736,66,1,0,1
3009512,66,1,1,0
1065112,66,1,1,0
8328704,66,1,0,1
1621800,66,1,0,1
1315768,66,1,1,0
373368,66,1,0,1
4349264,66,1,1,0
1520352,66,1,0,1
811024,66,1,0,1
2125392,66,1,0,1
7452928,66,1,1,0
5167424,66,1,0,1
5639264,66,1,1,0
2614976,66,1,1,0
484752,66,1,0,1
5332528,66,1,1,0
1559336,66,1,1,0
5208640,66,1,1,0
2342520,66,1,1,0
7866016,66,1,0,1
1235464,66,1,0,1
7127904,66,1,0,1
1163320,66,1,1,0
4757880,66,1,1,0
319552,66,1,1,0
5485776,66,1,1,0
6305080,66,1,0,1
1023472,66,1,1,0
1977968,66,1,0,1
4617984,66,1,1,0
5345904,66,1,1,0
8250728,66,1,0,1
1942552,66,1,0,1
1578080,66,1,0,1
4962992,66,1,0,1
646712,66,1,1,0
6753624,66,1,1,0
601048,66,1,0,1
818656,66,1,0,1
446104,66,1,1,0
6130536,66,1,1,0
524496,66,1,0,1
4522232,66,1,1,0
364768,66,1,1,0
1674784,66,1,0,1
2270584,66,1,1,0
1457840,66,1,0,1
458208,66,1,1,0
7140192,66,1,1,0
1428160,66,1,0,1
7228376,66,1,0,1
4667896,66,1,0,1
3483088,66,1,0,1
4815888,66,1,1,0
5531168,66,1,1,0
1019664,66,1,1,0
4051904,66,1,0,1
1166440,66,1,1,0
1300088,66,1,0,1
4476608,66,1,1,0
209888,66,1,1,0
468656,66,1,1,0
2196592,66,1,0,1
1612920,66,1,0,1
4425488,66,1,0,1
5816456,66,1,0,1
1181064,66,1,0,1
5384712,66,1,0,1
6269976,66,1,0,1
1483040,66,1,0,1
7794184,66,1,0,1
1298096,66,1,1,0
3125032,66,1,1,0
2120576,66,1,0,1
135784,66,1,0,1
3397664,66,1,0,1
7700872,66,1,1,0
3375296,66,1,1,0
500896,66,1,0,1
6140424,66,1,1,0
616904,66,1,0,1
6482160,66,1,1,0
6594568,66,1,0,1
1858776,66,1,0,1
5709472,66,1,1,0
1513264,66,1,0,1
8371384,66,1,1,0
3628728,66,1,0,1
2054184,66,1,0,1
1338448,66,1,1,0
1940088,66,1,1,0
7712744,66,1,1,0
672056,66,1,0,1
5959968,66,1,1,0
2794168,66,1,0,1
1747528,66,1,0,1
2938368,66,1,1,0
2682968,66,1,0,1
7188480,66,1,0,1
520424,66,1,1,0
222648,66,1,0,1
2657248,66,1,0,1
6543792,66,1,1,0
3317784,66,1,0,1
460848,66,1,1,0
4679224,66,1,0,1
864448,66,1,0,1
1675848,66,1,1,0
1833232,66,1,1,0
185064,66,1,1,0
567224,66,1,0,1
316944,66,1,0,1
1981208,66,1,0,1
952528,66,1,0,1
6555776,66,1,1,0
3182912,66,1,0,1
757488,66,1,1,0
5506768,66,1,1,0
993464,66,1,0,1
3931520,66,1,0,1
3803288,66,1,1,0
3293336,66,1,0,1
4297272,66,1,0,1
1798760,66,1,0,1
839312,66,1,0,1
5196888,66,1,0,1
491744,66,1,1,0
1596240,66,1,1,0
397880,66,1,0,1
6651904,66,1,0,1
5431784,66,1,1,0
1929256,66,1,1,0
2880984,66,1,1,0
4540880,66,1,0,1
866200,66,1,1,0
1835840,66,1,0,1
846328,66,1,1,0
1496512,66,1,0,1
7442616,66,1,1,0
1815816,66,1,0,1
520624,66,1,1,0
392552,66,1,0,1
397888,66,1,1,0
998232,66,1,0,1
7390240,66,1,0,1
514520,66,1,1,0
1115560,66,1,1,0
611520,66,1,0,1
412648,66,1,0,1
4746816,66,1,1,0
351712,66,1,1,0
312016,66,1,1,0
2374128,66,1,1,0
686504,66,1,1,0
4062752,66,1,1,0
812440,66,1,1,0
3581632,66,1,0,1
2184200,66,1,1,0
2037720,66,1,0,1
433992,66,1,0,1
5143552,66,1,0,1
7697928,66,1,0,1
4141688,66,1,1,0
3941192,66,1,0,1
300272,66,1,1,0
567600,66,1,0,1
7825872,66,1,1,0
5505592,66,1,1,0
7551896,66,1,0,1
1080696,66,1,0,1
325032,66,1,1,0
6312512,66,1,1,0
3680384,66,1,1,0
2610384,66,1,1,0
8033952,66,1,1,0
3625720,66,1,0,1
1423912,66,1,1,0
1102808,66,1,0,1
4276512,66,1,0,1
3095528,66,1,0,1
7190072,66,1,0,1
3015704,66,1,0,1
6013272,66,1,1,0
7180848,66,1,1,0
2782480,66,1,1,0
3103632,66,1,1,0
5597248,66,1,0,1
3997688,66,1,1,0
3318200,66,1,1,0
3771632,66,1,0,1
377824,66,1,1,0
2872112,66,1,0,1
4176192,66,1,0,1
8002440,66,1,0,1
729480,66,1,1,0
4024584,66,1,1,0
241744,66,1,1,0
106176,66,1,1,0
3195272,66,1,0,1
5165400,66,1,0,1
1495512,66,1,1,0
348976,66,1,1,0
2513792,66,1,1,0
528400,66,1,0,1
165840,66,1,1,0
4772248,66,1,1,0
3580976,66,1,1,0
1788480,66,1,0,1
1278072,66,1,0,1
2968760,66,1,0,1
6832512,66,1,0,1
2889008,66,1,0,1
4655664,66,1,0,1
1496288,66,1,1,0
3145760,66,1,1,0
2927720,66,1,1,0
2470608,66,1,1,0
1108432,66,1,0,1
532632,66,1,1,0
6309720,66,1,0,1
1994936,66,1,1,0
2128384,66,1,1,0
5393528,66,1,1,0
2649488,66,1,0,1
7330568,66,1,0,1
1307912,66,1,0,1
880952,66,1,0,1
440752,66,1,0,1
2199336,66,1,0,1
1362176,66,1,1,0
726280,66,1,0,1
4791208,66,1,0,1
2363248,66,1,0,1
3065312,66,1,1,0
3311872,66,1,1,0
1081992,66,1,1,0
926592,66,1,0,1
1736160,66,1,0,1
1094400,66,1,1,0
2180072,66,1,1,0
2474192,66,1,1,0
1838416,66,1,0,1
803936,66,1,0,1
7218768,66,1,1,0
2850696,66,1,0,1
5128736,66,1,0,1
4170704,66,1,1,0
966664,66,1,1,0
884352,66,1,0,1
1800384,66,1,0,1
1096536,66,1,0,1
3084512,66,1,1,0
1558896,66,1,0,1
6601896,66,1,1,0
1892632,66,1,1,0
1849240,66,1,1,0
1656824,66,1,0,1
1314872,66,1,0,1
1360104,66,1,1,0
2403360,66,1,1,0
973352,66,1,1,0
7906712,66,1,1,0
4729368,66,1,0,1
3469376,66,1,1,0
4494232,66,1,1,0
495256,66,1,1,0
4059728,66,1,0,1
2866528,66,1,1,0
4080648,66,1,1,0
4871688,66,1,0,1
1018496,66,1,0,1
6922912,66,1,0,1
8187280,66,1,1,0
980552,66,1,1,0
4464512,66,1,1,0
765424,66,1,0,1
2633592,66,1,1,0
2937208,66,1,0,1
1340912,66,1,1,0
499792,66,1,0,1
539160,66,1,0,1
7219848,66,1,0,1
315824,66,1,0,1
6875096,66,1,1,0
8331848,66,1,0,1
3091512,66,1,0,1
6146712,66,1,1,0
8236664,66,1,1,0
2990560,66,1,1,0
2069288,66,1,1,0
3260736,66,1,1,0
1055392,66,1,0,1
1152104,66,1,0,1
1917808,66,1,0,1
6543144,66,1,0,1
4392240,66,1,1,0
4251104,66,1,1,0
1765856,66,1,1,0
915280,66,1,1,0
1024072,66,1,1,0
1388936,66,1,1,0
5428256,66,1,1,0
423432,66,1,0,1
6406224,66,1,1,0
679688,66,1,0,1
1072992,66,1,0,1
892840,66,1,1,0
7233344,66,1,0,1
940616,66,1,0,1
551696,66,1,0,1
813360,66,1,0,1
5117952,66,1,0,1
626912,66,1,0,1
896680,66,1,0,1
6829960,66,1,1,0
8216752,66,1,1,0
5086472,66,1,0,1
6050496,66,1,1,0
4433448,66,1,0,1
4003608,66,1,0,1
652984,66,1,0,1
3548928,66,1,0,1
1569328,66,1,0,1
470080,66,1,0,1
2827352,66,1,0,1
4184592,66,1,1,0
4027048,66,1,1,0
1955296,66,1,0,1
205104,66,1,1,0
485072,66,1,1,0
2887840,66,1,1,0
175088,66,1,1,0
767544,66,1,0,1
429336,66,1,1,0
2660568,66,1,0,1
6927056,66,1,0,1
1215608,66,1,0,1
449368,66,1,0,1
5858672,66,1,0,1
2371936,66,1,1,0
1290328,66,1,0,1
3861920,66,1,0,1
3338112,66,1,0,1
349424,66,1,0,1
545880,66,1,1,0
1577728,66,1,0,1
201808,66,1,1,0
652320,66,1,1,0
2375384,66,1,1,0
665824,66,1,0,1
6971360,66,1,0,1
176640,66,1,1,0
5395696,66,1,1,0
8063440,66,1,1,0
1059176,66,1,1,0
6367928,66,1,0,1
3668192,66,1,0,1
748176,66,1,1,0
7987960,66,1,1,0
4895712,66,1,0,1
3079448,66,1,0,1
1534104,66,1,1,0
5740600,66,1,0,1
513288,66,1,1,0
2993296,66,1,0,1
4855224,66,1,1,0
174224,66,1,1,0
3249576,66,1,0,1
690336,66,1,0,1
1967848,66,1,1,0
1768640,66,1,0,1
2141528,66,1,1,0
502072,66,1,1,0
1225184,66,1,1,0
1638768,66,1,0,1
2547168,66,1,1,0
482688,66,1,0,1
4346288,66,1,1,0
135144,66,1,0,1
2263208,66,1,0,1
1101440,66,1,1,0
4219488,66,1,1,0
2135032,66,1,1,0
6920928,66,1,0,1
597480,66,1,0,1
7600520,66,1,0,1
389720,66,1,0,1
652352,66,1,1,0
8120848,66,1,1,0
2135400,66,1,0,1
6541744,66,1,0,1
7616568,66,1,0,1
256240,66,1,1,0
5924488,66,1,0,1
3337288,66,1,0,1
4285312,66,1,0,1
2631528,66,1,0,1
179608,66,1,1,0
7490192,66,1,0,1
2866680,66,1,0,1
1151400,66,1,0,1
2563728,66,1,0,1
4493320,66,1,1,0
370424,66,1,0,1
1231048,66,1,1,0
427264,66,1,0,1
2048624,66,1,1,0
3141936,66,1,1,0
2623496,66,1,1,0
6478336,66,1,1,0
685344,66,1,0,1
2345472,66,1,1,0
771528,66,1,0,1
4237296,66,1,0,1
5735976,66,1,0,1
5110064,66,1,0,1
3260680,66,1,1,0
5391104,66,1,0,1
1261352,66,1,0,1
8256192,66,1,1,0
2402592,66,1,0,1
1304640,66,1,0,1
2489312,66,1,0,1
6895768,66,1,0,1
1471504,66,1,1,0
230720,66,1,1,0
2000960,66,1,1,0
7157624,66,1,1,0
4965832,66,1,1,0
150432,66,1,1,0
484080,66,1,0,1
2379520,66,1,0,1
996832,66,1,0,1
2470456,66,1,1,0
2498456,66,1,1,0
1915864,66,1,0,1
4594928,66,1,1,0
2839896,66,1,0,1
2271136,66,1,0,1
4680216,66,1,0,1
2258104,66,1,1,0
660808,66,1,1,0
532944,66,1,1,0
1695712,66,1,1,0
97280,66,1,1,0
804424,66,1,0,1
1145080,66,1,0,1
3415808,66,1,1,0
4090288,66,1,0,1
6379824,66,1,1,0
8106224,66,1,0,1
4477760,66,1,1,0
6513456,66,1,0,1
4918672,66,1,1,0
1774856,66,1,1,0
6802984,66,1,0,1
3575960,66,1,0,1
877520,66,1,1,0
837848,66,1,1,0
200544,66,1,0,1
2714832,66,1,1,0
625176,66,1,0,1
6692472,66,1,1,0
1876832,66,1,0,1
803920,66,1,1,0
7011744,66,1,1,0
5188312,66,1,0,1
6480456,66,1,0,1
769800,66,1,1,0
7421168,66,1,1,0
1699016,66,1,0,1
842816,66,1,1,0
727600,66,1,1,0
5572440,66,1,0,1
766512,66,1,1,0
3533784,66,1,0,1
1142104,66,1,1,0
825504,66,1,0,1
932056,66,1,0,1
1552656,66,1,1,0
185400,66,1,0,1
5884624,66,1,1,0
1457000,66,1,0,1
6029416,66,1,0,1
1522512,66,1,0,1
5947912,66,1,0,1
1018832,66,1,1,0
473920,66,1,1,0
2620800,66,1,1,0
3570128,66,1,1,0
1237848,66,1,0,1
799632,66,1,1,0
2697808,66,1,0,1
643624,66,1,1,0
3927328,66,1,0,1
3157480,66,1,1,0
3466912,66,1,0,1
2038064,66,1,0,1
1931296,66,1,0,1
2045016,66,1,0,1
1553048,66,1,0,1
1391416,66,1,1,0
6990720,66,1,1,0
490720,66,1,1,0
2493872,66,1,0,1
5325960,66,1,1,0
1780776,66,1,0,1
1995800,66,1,0,1
7775016,66,1,1,0
1447312,66,1,0,1
398496,66,1,1,0
168592,66,1,1,0
1149528,66,1,0,1
6908960,66,1,0,1
730240,66,1,0,1
2963312,66,1,0,1
8242696,66,1,1,0
7830800,66,1,1,0
2891632,66,1,1,0
640176,66,1,0,1
1031792,66,1,0,1
5106352,66,1,0,1
2408496,66,1,0,1
7270816,66,1,1,0
400848,66,1,1,0
2072248,66,1,1,0
4971976,66,1,1,0
1154824,66,1,0,1
6350376,66,1,1,0
2042824,66,1,1,0
1598048,66,1,1,0
1715672,66,1,1,0
2099560,66,1,1,0
7725200,66,1,0,1
8032872,66,1,0,1
2922840,66,1,1,0
1800008,66,1,0,1
1614088,66,1,1,0
1755048,66,1,0,1
1085800,66,1,0,1
8240296,66,1,1,0
5799240,66,1,1,0
257448,66,1,1,0
1724776,66,1,1,0
6291504,66,1,0,1
576568,66,1,1,0
767680,66,1,1,0
1368496,66,1,1,0
1026152,66,1,0,1
2140960,66,1,1,0
5914648,66,1,1,0
1012264,66,1,0,1
4782480,66,1,1,0
1235456,66,1,1,0
2480912,66,1,1,0
6870528,66,1,1,0
1010424,66,1,0,1
660008,66,1,0,1
920560,66,1,1,0
401168,66,1,0,1
2284528,66,1,1,0
551184,66,1,1,0
4478896,66,1,1,0
5984888,66,1,0,1
504256,66,1,1,0
5832520,66,1,0,1
1055328,66,1,1,0
5619392,66,1,0,1
1843752,66,1,0,1
8178088,66,1,0,1
427344,66,1,0,1
2450848,66,1,0,1
1748992,66,1,0,1
226072,66,1,1,0
734264,66,1,0,1
7433896,66,1,1,0
1807824,66,1,1,0
869168,66,1,1,0
3476912,66,1,0,1
448808,66,1,1,0
4009888,66,1,1,0
1489368,66,1,1,0
6781136,66,1,0,1
1472248,66,1,0,1
1631416,66,1,0,1
8367344,66,1,0,1
414320,66,1,0,1
4609136,66,1,1,0
5776712,66,1,1,0
6675696,66,1,1,0
5977312,66,1,0,1
765512,66,1,0,1
6697576,66,1,0,1
3500416,66,1,0,1
3945496,66,1,1,0
3539392,66,1,0,1
1981016,66,1,0,1
999072,66,1,0,1
8046576,66,1,1,0
2097648,66,1,1,0
7014096,66,1,0,1
7723368,66,1,1,0
407544,66,1,0,1
6176160,66,1,1,0
5342792,66,1,0,1
1234168,66,1,1,0
5095504,66,1,1,0
961784,66,1,0,1
3907024,66,1,1,0
2519888,66,1,0,1
474104,66,1,0,1
6274704,66,1,0,1
1301944,66,1,0,1
1363656,66,1,0,1
1762608,66,1,1,0
172040,66,1,1,0
703680,66,1,1,0
7021376,66,1,0,1
413928,66,1,1,0
4853200,66,1,0,1
1720776,66,1,1,0
936960,66,1,0,1
6312032,66,1,1,0
1489992,66,1,0,1
428752,66,1,1,0
6697768,66,1,1,0
2455760,66,1,0,1
320264,66,1,0,1
517072,66,1,1,0
1697104,66,1,1,0
99376,66,1,0,1
291344,66,1,0,1
1986152,66,1,1,0
1458256,66,1,0,1
710264,66,1,1,0
1273096,66,1,0,1
186904,66,1,0,1
2710976,66,1,1,0
3273136,66,1,0,1
1505640,66,1,1,0
580848,66,1,0,1
7980224,66,1,0,1
4277264,66,1,0,1
1294008,66,1,1,0
445528,66,1,1,0
630088,66,1,1,0
2890472,66,1,1,0
322664,66,1,1,0
5368120,66,1,0,1
6844472,66,1,1,0
2624072,66,1,1,0
737000,66,1,0,1
3167592,66,1,0,1
199408,66,1,1,0
610176,66,1,0,1
1588232,66,1,1,0
2515600,66,1,1,0
1787768,66,1,0,1
7298160,66,1,0,1
8205584,66,1,0,1
1576680,66,1,1,0
1183768,66,1,1,0
1712080,66,1,0,1
1420344,66,1,1,0
3495504,66,1,1,0
6029360,66,1,1,0
852936,66,1,1,0
4727464,66,1,0,1
6073544,66,1,0,1
4617256,66,1,0,1
6845840,66,1,0,1
5268264,66,1,1,0
1584032,66,1,1,0
869272,66,1,0,1
3822136,66,1,0,1
2470392,66,1,1,0
4715104,66,1,1,0
2388416,66,1,1,0
3241840,66,1,0,1
4244712,66,1,1,0
6955280,66,1,0,1
5118024,66,1,1,0
2487352,66,1,0,1
475024,66,1,1,0
3105640,66,1,1,0
5308344,66,1,0,1
455888,66,1,0,1
384960,66,1,0,1
695088,66,1,1,0
1082208,66,1,1,0
3984000,66,1,1,0
2260496,66,1,1,0
155888,66,1,1,0
5477696,66,1,0,1
1891832,66,1,1,0
2172944,66,1,1,0
1645464,66,1,1,0
1280656,66,1,0,1
1511872,66,1,1,0
1902880,66,1,1,0
4080424,66,1,1,0
4339080,66,1,0,1
509496,66,1,1,0
1567072,66,1,0,1
7347152,66,1,1,0
1893496,66,1,0,1
2025856,66,1,1,0
1114384,66,1,0,1
2087760,66,1,0,1
5207632,66,1,1,0
558696,66,1,1,0
3453088,66,1,1,0
5351336,66,1,0,1
5920808,66,1,0,1
6563480,66,1,0,1
3752536,66,1,0,1
2427336,66,1,0,1
513176,66,1,1,0
3863848,66,1,1,0
182000,66,1,1,0
2311040,66,1,1,0
593768,66,1,1,0
2479928,66,1,1,0
6482320,66,1,1,0
1176000,66,1,0,1
496672,66,1,0,1
920688,66,1,0,1
7201344,66,1,0,1
496992,66,1,0,1
3657616,66,1,0,1
5611896,66,1,1,0
6410656,66,1,0,1
5861544,66,1,0,1
3013992,66,1,1,0
1062040,66,1,0,1
283080,66,1,1,0
3778464,66,1,0,1
3258512,66,1,0,1
8125312,66,1,0,1
6711800,66,1,1,0
3773120,66,1,0,1
4935520,66,1,0,1
1767056,66,1,1,0
3147464,66,1,1,0
1011080,66,1,1,0
7458872,66,1,1,0
3373616,66,1,0,1
3257592,66,1,0,1
6818512,66,1,0,1
5093672,66,1,0,1
4464832,66,1,1,0
3084288,66,1,1,0
2144456,66,1,0,1
1213088,66,1,0,1
1047672,66,1,1,0
7422560,66,1,1,0
6374000,66,1,1,0
5143312,66,1,0,1
7229448,66,1,0,1
1044440,66,1,0,1
1678984,66,1,0,1
7919504,66,1,0,1
3211312,66,1,1,0
6881560,66,1,1,0
1096896,66,1,1,0
6211520,66,1,0,1
422448,66,1,0,1
575736,66,1,0,1
6979544,66,1,1,0
566408,66,1,0,1
5218616,66,1,1,0
5626344,66,1,1,0
3109176,66,1,0,1
4724688,66,1,0,1
2342920,66,1,0,1
2044240,66,1,1,0
1469000,66,1,0,1
7559864,66,1,0,1
8290168,66,1,0,1
1993400,66,1,0,1
612224,66,1,0,1
521288,66,1,0,1
1161840,66,1,1,0
1261832,66,1,0,1
1464152,66,1,1,0
6482920,66,1,1,0
3720568,66,1,1,0
775536,66,1,0,1
5655424,66,1,1,0
779256,66,1,1,0
6273496,66,1,1,0
1604608,66,1,1,0
4012512,66,1,0,1
2462360,66,1,1,0
588608,66,1,0,1
1231344,66,1,1,0
1102328,66,1,1,0
488136,66,1,0,1
2463432,66,1,1,0
519048,66,1,1,0
763328,66,1,0,1
185080,66,1,1,0
1327848,66,1,0,1
117664,66,1,1,0
1385792,66,1,0,1
3868176,66,1,0,1
1434080,66,1,0,1
328472,66,1,1,0
4474464,66,1,1,0
5986616,66,1,0,1
1062736,66,1,1,0
473432,66,1,0,1
851248,66,1,1,0
3461408,66,1,0,1
1490568,66,1,0,1
1325952,66,1,1,0
3428696,66,1,0,1
269808,66,1,1,0
2555056,66,1,0,1
5648360,66,1,0,1
3894120,66,1,0,1
7035560,66,1,1,0
502216,66,1,0,1
2522320,66,1,1,0
4811872,66,1,1,0
6642664,66,1,0,1
7720752,66,1,0,1
805744,66,1,1,0
1738576,66,1,1,0
910408,66,1,1,0
2105648,66,1,0,1
7410792,66,1,0,1
1819976,66,1,1,0
7235344,66,1,0,1
3656904,66,1,0,1
8017104,66,1,0,1
5725208,66,1,1,0
7664952,66,1,0,1
4777568,66,1,0,1
2142824,66,1,0,1
1800376,66,1,1,0
2333920,66,1,1,0
1361896,66,1,1,0
2326072,66,1,0,1
1199400,66,1,1,0
1879816,66,1,0,1
3565504,66,1,1,0
3661288,66,1,1,0
741400,66,1,1,0
6019648,66,1,0,1
4114936,66,1,0,1
7523440,66,1,0,1
3952368,66,1,0,1
1142184,66,1,1,0
6810448,66,1,1,0
1200304,66,1,1,0
985608,66,1,1,0
395656,66,1,0,1
6764456,66,1,1,0
598416,66,1,1,0
6210192,66,1,0,1
1533624,66,1,1,0
7771304,66,1,1,0
8174368,66,1,1,0
2397264,66,1,0,1
613352,66,1,1,0
183632,66,1,1,0
620816,66,1,0,1
892312,66,1,1,0
5725544,66,1,0,1
2445768,66,1,0,1
3677256,66,1,0,1
1194424,66,1,1,0
162176,66,1,1,0
587632,66,1,0,1
475776,66,1,0,1
1598776,66,1,1,0
966624,66,1,1,0
7682512,66,1,1,0
5875896,66,1,1,0
853240,66,1,1,0
575528,66,1,0,1
1815088,66,1,0,1
5818176,66,1,1,0
2118432,66,1,1,0
1422672,66,1,1,0
4200928,66,1,0,1
2252840,66,1,1,0
3718040,66,1,1,0
521448,66,1,0,1
468368,66,1,0,1
861016,66,1,1,0
302528,66,1,1,0
2535064,66,1,1,0
1809104,66,1,1,0
4838664,66,1,1,0
1302896,66,1,0,1
4364984,66,1,0,1
2165056,66,1,1,0
2973640,66,1,0,1
1708288,66,1,0,1
387888,66,1,1,0
1409568,66,1,1,0
3196336,66,1,1,0
800488,66,1,0,1
1190504,66,1,0,1
603544,66,1,1,0
2545864,66,1,0,1
3765032,66,1,0,1
4877648,66,1,1,0
379264,66,1,1,0
2427840,66,1,1,0
5108192,66,1,0,1
1568648,66,1,1,0
5044840,66,1,0,1
4761112,66,1,1,0
2639264,66,1,0,1
2029840,66,1,0,1
2315128,66,1,1,0
3859584,66,1,0,1
7998976,66,1,0,1
749752,66,1,1,0
378992,66,1,0,1
1407600,66,1,1,0
246440,66,1,1,0
543504,66,1,1,0
556496,66,1,1,0
3903216,66,1,0,1
1026328,66,1,1,0
989008,66,1,1,0
462920,66,1,1,0
1481680,66,1,1,0
5064424,66,1,1,0
2847984,66,1,0,1
2415032,66,1,1,0
468032,66,1,1,0
101160,66,1,1,0
5409656,66,1,1,0
1735712,66,1,0,1
3365608,66,1,0,1
6223528,66,1,1,0
1196328,66,1,1,0
486696,66,1,1,0
2203512,66,1,0,1
2678424,66,1,0,1
358872,66,1,1,0
788136,66,1,0,1
421792,66,1,1,0
1404432,66,1,0,1
1662472,66,1,0,1
7577568,66,1,0,1
594816,66,1,1,0
1453928,66,1,1,0
3973200,66,1,1,0
1705912,66,1,0,1
1686704,66,1,1,0
5713848,66,1,0,1
454352,66,1,0,1
5441712,66,1,0,1
4682504,66,1,1,0
2543008,66,1,0,1
7226192,66,1,0,1
963608,66,1,0,1
999424,66,1,0,1
4554232,66,1,0,1
1656744,66,1,1,0
5194064,66,1,0,1
2934096,66,1,1,0
2034912,66,1,1,0
4488976,66,1,0,1
2300720,66,1,0,1
1670648,66,1,1,0
1507128,66,1,0,1
1086152,66,1,1,0
3076712,66,1,0,1
3298912,66,1,0,1
3451944,66,1,1,0
6946384,66,1,1,0
429768,66,1,0,1
933768,66,1,1,0
2324296,66,1,0,1
377480,66,1,0,1
553392,66,1,0,1
4231432,66,1,0,1
1033448,66,1,0,1
6493648,66,1,0,1
928728,66,1,1,0
5411296,66,1,1,0
3741512,66,1,1,0
357888,66,1,1,0
3129128,66,1,0,1
2192856,66,1,0,1
3513536,66,1,0,1
1777944,66,1,0,1
3601464,66,1,1,0
442672,66,1,0,1
7667432,66,1,0,1
3668912,66,1,0,1
6958264,66,1,0,1
305488,66,1,0,1
3345256,66,1,1,0
4199976,66,1,0,1
2231240,66,1,0,1
967368,66,1,0,1
2440544,66,1,1,0
7688840,66,1,1,0
6205312,66,1,0,1
7595752,66,1,1,0
1363960,66,1,0,1
853760,66,1,0,1
541632,66,1,1,0
5502928,66,1,0,1
7495944,66,1,0,1
1120736,66,1,0,1
7885712,66,1,1,0
2249360,66,1,0,1
6765296,66,1,0,1
866784,66,1,0,1
281528,66,1,0,1
390096,66,1,0,1
4773424,66,1,0,1
4521872,66,1,0,1
379216,66,1,1,0
3498088,66,1,1,0
3958320,66,1,0,1
3868096,66,1,1,0
3313368,66,1,1,0
2606896,66,1,0,1
1277736,66,1,0,1
7365008,66,1,1,0
4383440,66,1,1,0
191648,66,1,0,1
2250496,66,1,0,1
528904,66,1,0,1
5629424,66,1,1,0
7126976,66,1,0,1
493168,66,1,0,1
129280,66,1,1,0
7173976,66,1,0,1
548080,66,1,1,0
253816,66,1,0,1
827848,66,1,0,1
1356120,66,1,0,1
807152,66,1,1,0
7796760,66,1,0,1
2338016,66,1,1,0
1152856,66,1,1,0
1153480,66,1,0,1
5912088,66,1,0,1
2710120,66,1,1,0
1968632,66,1,0,1
1381624,66,1,1,0
3258400,66,1,1,0
3335288,66,1,1,0
2327952,66,1,0,1
5758784,66,1,1,0
4823120,66,1,1,0
1141120,66,1,1,0
3706040,66,1,1,0
3106904,66,1,1,0
131680,66,1,1,0
148984,66,1,1,0
3230480,66,1,1,0
7628568,66,1,0,1
7814672,66,1,0,1
423984,66,1,1,0
5174232,66,1,0,1
3890248,66,1,1,0
3548968,66,1,0,1
3973520,66,1,0,1
493616,66,1,0,1
1085488,66,1,1,0
1233600,66,1,1,0
2763064,66,1,1,0
1427720,66,1,0,1
2269120,66,1,0,1
6370376,66,1,1,0
3620104,66,1,1,0
430520,66,1,1,0
4439856,66,1,0,1
807448,66,1,1,0
7845192,66,1,0,1
1575032,66,1,0,1
5260456,66,1,1,0
1505392,66,1,0,1
4363400,66,1,1,0
1093400,66,1,1,0
367080,66,1,0,1
619984,66,1,0,1
7864840,66,1,1,0
1775632,66,1,1,0
404592,66,1,0,1
2457504,66,1,1,0
1585448,66,1,0,1
5220000,66,1,0,1
299944,66,1,1,0
1965096,66,1,1,0
4916344,66,1,1,0
3293496,66,1,0,1
4620184,66,1,1,0
275344,66,1,0,1
7312848,66,1,0,1
3565528,66,1,1,0
6751728,66,1,1,0
4242048,66,1,0,1
1149856,66,1,0,1
4918912,66,1,1,0
742624,66,1,1,0
1818664,66,1,1,0
4283728,66,1,0,1
3215936,66,1,1,0
510576,66,1,0,1
227256,66,1,1,0
4543288,66,1,0,1
2042496,66,1,0,1
4388808,66,1,1,0
655240,66,1,0,1
244040,66,1,1,0
986848,66,1,0,1
1613360,66,1,0,1
1248528,66,1,1,0
4299392,66,1,0,1
1680248,66,1,0,1
5176200,66,1,1,0
5417336,66,1,0,1
2684872,66,1,1,0
5719984,66,1,1,0
632120,66,1,1,0
1174080,66,1,1,0
7996728,66,1,0,1
4845152,66,1,1,0
2761776,66,1,1,0
6221376,66,1,1,0
1618216,66,1,1,0
1653288,66,1,1,0
2070704,66,1,0,1
643280,66,1,1,0
3078856,66,1,1,0
882928,66,1,1,0
200384,66,1,0,1
438408,66,1,1,0
1502192,66,1,0,1
4859144,66,1,0,1
1246304,66,1,1,0
380752,66,1,0,1
740704,66,1,1,0
974888,66,1,1,0
5446360,66,1,1,0
1151584,66,1,0,1
899728,66,1,0,1
5349616,66,1,1,0
2283744,66,1,1,0
1123312,66,1,1,0
1736200,66,1,0,1
6016216,66,1,1,0
1510848,66,1,0,1
6867560,66,1,1,0
1281400,66,1,1,0
6417696,66,1,1,0
998864,66,1,1,0
515512,66,1,1,0
2735000,66,1,1,0
3271528,66,1,1,0
416432,66,1,1,0
162096,66,1,0,1
6201984,66,1,1,0
3548496,66,1,0,1
435416,66,1,1,0
997000,66,1,1,0
7861320,66,1,1,0
367280,66,1,0,1
3026736,66,1,0,1
2801016,66,1,0,1
3068272,66,1,0,1
2950448,66,1,0,1
690816,66,1,1,0
3626800,66,1,1,0
6488640,66,1,1,0
672208,66,1,1,0
5430344,66,1,0,1
416824,66,1,1,0
2480728,66,1,0,1
2441488,66,1,0,1
4553192,66,1,1,0
1396232,66,1,0,1
5275672,66,1,0,1
6547472,66,1,0,1
7446856,66,1,0,1
3596336,66,1,1,0
4332208,66,1,1,0
390448,66,1,1,0
196248,66,1,1,0
2312728,66,1,0,1
1607568,66,1,0,1
5405344,66,1,1,0
1605096,66,1,0,1
2040904,66,1,0,1
838152,66,1,0,1
2294040,66,1,1,0
1885816,66,1,0,1
1763584,66,1,0,1
192152,66,1,0,1
4927328,66,1,1,0
452008,66,1,0,1
757088,66,1,1,0
4633504,66,1,1,0
1575144,66,1,0,1
2993808,66,1,0,1
7203304,66,1,0,1
4200720,66,1,1,0
2061488,66,1,0,1
515216,66,1,0,1
4780056,66,1,1,0
736040,66,1,1,0
4852600,66,1,0,1
206360,66,1,0,1
2827304,66,1,0,1
787672,66,1,1,0
3209160,66,1,0,1
8291656,66,1,0,1
4541960,66,1,1,0
1387320,66,1,0,1
6275480,66,1,0,1
3648224,66,1,1,0
2021480,66,1,0,1
5031592,66,1,1,0
2871440,66,1,0,1
1126096,66,1,1,0
6044920,66,1,0,1
1152360,66,1,0,1
1839736,66,1,1,0
79128,66,1,1,0
5083248,66,1,0,1
2192136,66,1,1,0
1060656,66,1,0,1
7766128,66,1,0,1
2985896,66,1,0,1
766928,66,1,1,0
1292632,66,1,0,1
1959944,66,1,1,0
2120736,66,1,1,0
3549448,66,1,1,0
1078984,66,1,0,1
3327952,66,1,1,0
5949728,66,1,1,0
2260488,66,1,0,1
243832,66,1,1,0
4845240,66,1,0,1
4169144,66,1,1,0
1376272,66,1,1,0
5300824,66,1,1,0
3837952,66,1,0,1
3344224,66,1,1,0
1851736,66,1,0,1
2739728,66,1,1,0
3921840,66,1,1,0
1202856,66,1,1,0
6562560,66,1,0,1
1492224,66,1,0,1
4518848,66,1,1,0
813200,66,1,1,0
806816,66,1,1,0
1096520,66,1,1,0
4673520,66,1,1,0
845528,66,1,0,1
1321760,66,1,1,0
6538944,66,1,1,0
2377120,66,1,0,1
5130384,66,1,1,0
6186760,66,1,1,0
809904,66,1,0,1
6226976,66,1,1,0
2448768,66,1,1,0
609152,66,1,0,1
8365608,66,1,1,0
1210328,66,1,0,1
5203176,66,1,1,0
1300408,66,1,0,1
431752,66,1,1,0
367568,66,1,1,0
1130456,66,1,0,1
2925256,66,1,1,0
1450560,66,1,0,1
4996448,66,1,0,1
2973528,66,1,1,0
2235080,66,1,1,0
626504,66,1,0,1
4368456,66,1,0,1
1999824,66,1,0,1
480000,66,1,0,1
4894888,66,1,1,0
985312,66,1,1,0
7354224,66,1,1,0
97848,66,1,0,1
7129536,66,1,1,0
1765168,66,1,0,1
428296,66,1,0,1
3170576,66,1,0,1
3344640,66,1,0,1
3138384,66,1,1,0
6489240,66,1,0,1
4145736,66,1,0,1
5234904,66,1,0,1
7842160,66,1,1,0
737464,66,1,0,1
3319184,66,1,1,0
1140824,66,1,1,0
4117496,66,1,1,0
520080,66,1,1,0
3000856,66,1,1,0
832488,66,1,0,1
762752,66,1,1,0
4159544,66,1,1,0
3930800,66,1,0,1
589752,66,1,1,0
2315944,66,1,1,0
3440416,66,1,0,1
600368,66,1,1,0
1611952,66,1,1,0
565272,66,1,0,1
952256,66,1,0,1
5951704,66,1,1,0
6897792,66,1,0,1
678712,66,1,1,0
5640320,66,1,0,1
202376,66,1,1,0
3778840,66,1,1,0
186392,66,1,0,1
6983184,66,1,1,0
2030904,66,1,0,1
2292568,66,1,1,0
396528,66,1,1,0
1263592,66,1,0,1
1829680,66,1,0,1
6238328,66,1,1,0
264960,66,1,1,0
5522440,66,1,0,1
5050200,66,1,1,0
353144,66,1,0,1
1501808,66,1,0,1
8330464,66,1,1,0
1314680,66,1,1,0
246632,66,1,1,0
162752,66,1,0,1
846032,66,1,1,0
4023592,66,1,1,0
4349320,66,1,0,1
5510072,66,1,1,0
840176,66,1,0,1
3818152,66,1,0,1
7616944,66,1,0,1
7823080,66,1,0,1
2224664,66,1,0,1
2440872,66,1,1,0
4817424,66,1,1,0
5149072,66,1,1,0
589800,66,1,1,0
4408832,66,1,1,0
955944,66,1,0,1
2793856,66,1,1,0
5368760,66,1,0,1
793464,66,1,1,0
2748512,66,1,1,0
547760,66,1,0,1
1464128,66,1,1,0
1903232,66,1,1,0
2409304,66,1,1,0
2985784,66,1,0,1
3848984,66,1,0,1
394136,66,1,1,0
1241952,66,1,0,1
4533016,66,1,1,0
1993624,66,1,0,1
1028768,66,1,1,0
790496,66,1,0,1
2648792,66,1,0,1
6177168,66,1,1,0
5863744,66,1,0,1
1465104,66,1,1,0
3507592,66,1,0,1
8229888,66,1,1,0
921496,66,1,1,0
163272,66,1,1,0
983624,66,1,0,1
3178160,66,1,1,0
2559392,66,1,1,0
7431456,66,1,1,0
1215496,66,1,0,1
1365608,66,1,1,0
5778584,66,1,0,1
7443696,66,1,0,1
1747096,66,1,0,1
695904,66,1,1,0
2510520,66,1,1,0
1506952,66,1,0,1
4068528,66,1,1,0
660408,66,1,1,0
1338576,66,1,0,1
2676864,66,1,0,1
3529320,66,1,0,1
2747688,66,1,1,0
3152072,66,1,1,0
2763088,66,1,0,1
497512,66,1,1,0
4971304,66,1,0,1
2958376,66,1,0,1
3712752,66,1,1,0
2053544,66,1,1,0
2229816,66,1,0,1
348072,66,1,1,0
3917440,66,1,0,1
3883760,66,1,1,0
8231488,66,1,0,1
1754176,66,1,0,1
76952,66,1,1,0
453008,66,1,1,0
4773848,66,1,1,0
7333000,66,1,1,0
4270936,66,1,0,1
5023512,66,1,0,1
3829624,66,1,1,0
7501320,66,1,0,1
2677232,66,1,0,1
7333720,66,1,0,1
7286312,66,1,0,1
2488848,66,1,1,0
436704,66,1,1,0
2507112,66,1,1,0
2098888,66,1,0,1
848224,66,1,1,0
2312888,66,1,0,1
3665320,66,1,0,1
5337040,66,1,0,1
7079536,66,1,1,0
7019472,66,1,0,1
695120,66,1,1,0
1107408,66,1,0,1
7244248,66,1,0,1
769240,66,1,1,0
1048192,66,1,1,0
4340344,66,1,1,0
7234952,66,1,0,1
2195664,66,1,0,1
1812792,66,1,0,1
6707760,66,1,1,0
1487280,66,1,0,1
1643464,66,1,1,0
3006960,66,1,0,1
2784656,66,1,1,0
559280,66,1,1,0
1944040,66,1,1,0
389936,66,1,1,0
1846888,66,1,1,0
2712984,66,1,1,0
2111304,66,1,0,1
285616,66,1,0,1
2331064,66,1,1,0
1288256,66,1,1,0
950864,66,1,0,1
7953048,66,1,1,0
1429064,66,1,0,1
5831000,66,1,0,1
6497328,66,1,1,0
1213552,66,1,0,1
101352,66,1,0,1
856152,66,1,0,1
6793192,66,1,1,0
1974608,66,1,1,0
1581808,66,1,1,0
1496896,66,1,1,0
4981824,66,1,0,1
1823272,66,1,0,1
2921960,66,1,1,0
2050160,66,1,1,0
3637328,66,1,1,0
4170768,66,1,0,1
191112,66,1,0,1
170904,66,1,1,0
1466560,66,1,1,0
1848744,66,1,0,1
641200,66,1,1,0
7578952,66,1,0,1
2430240,66,1,1,0
4394704,66,1,0,1
1067656,66,1,0,1
333560,66,1,0,1
4669840,66,1,0,1
317952,66,1,0,1
8065312,66,1,1,0
4306704,66,1,1,0
766400,66,1,1,0
1756456,66,1,1,0
8344792,66,1,0,1
1950840,66,1,0,1
528800,66,1,1,0
1242736,66,1,0,1
2404360,66,1,1,0
7143568,66,1,0,1
1483472,66,1,0,1
3985456,66,1,1,0
2013112,66,1,1,0
228784,66,1,1,0
6601608,66,1,1,0
4144952,66,1,0,1
1616704,66,1,1,0
5127824,66,1,0,1
3019952,66,1,1,0
471520,66,1,0,1
2346032,66,1,0,1
2088888,66,1,1,0
167584,66,1,0,1
890896,66,1,0,1
527736,66,1,0,1
6224912,66,1,1,0
2292112,66,1,1,0
509360,66,1,1,0
2473256,66,1,1,0
3098248,66,1,0,1
1413872,66,1,1,0
1256008,66,1,1,0
7785232,66,1,0,1
4956760,66,1,1,0
3281728,66,1,1,0
406704,66,1,0,1
1976712,66,1,1,0
2930104,66,1,0,1
483056,66,1,0,1
487576,66,1,1,0
6248592,66,1,0,1
7856672,66,1,1,0
5825936,66,1,0,1
6476464,66,1,0,1
1075752,66,1,1,0
2651528,66,1,0,1
2608928,66,1,1,0
757424,66,1,1,0
771224,66,1,0,1
4872864,66,1,1,0
436744,66,1,0,1
3054040,66,1,1,0
589656,66,1,1,0
6446904,66,1,1,0
6321128,66,1,0,1
2433592,66,1,1,0
6652312,66,1,1,0
3901072,66,1,0,1
1895328,66,1,0,1
3272208,66,1,0,1
1036448,66,1,1,0
1784680,66,1,0,1
1711000,66,1,0,1
609856,66,1,0,1
3314392,66,1,1,0
4423864,66,1,1,0
2687208,66,1,0,1
1004840,66,1,1,0
256360,66,1,0,1
7846992,66,1,0,1
2470432,66,1,1,0
1499744,66,1,1,0
4971464,66,1,0,1
6755576,66,1,0,1
3347768,66,1,1,0
597208,66,1,1,0
8030960,66,1,0,1
412696,66,1,1,0
2143568,66,1,1,0
2068568,66,1,0,1
3041504,66,1,1,0
3431184,66,1,0,1
7102480,66,1,1,0
2249560,66,1,1,0
1049736,66,1,0,1
1972872,66,1,0,1
3127608,66,1,1,0
1076120,66,1,1,0
503496,66,1,1,0
4482824,66,1,1,0
2475360,66,1,0,1
1723296,66,1,0,1
2283832,66,1,1,0
6254520,66,1,1,0
1207000,66,1,0,1
6213576,66,1,0,1
7304904,66,1,0,1
2966664,66,1,0,1
6035216,66,1,1,0
6184272,66,1,1,0
792720,66,1,0,1
668816,66,1,0,1
424040,66,1,0,1
4809432,66,1,0,1
7128376,66,1,0,1
2537408,66,1,0,1
3826496,66,1,1,0
5818288,66,1,0,1
248536,66,1,0,1
6429376,66,1,0,1
1841072,66,1,1,0
464200,66,1,1,0
164144,66,1,1,0
2336200,66,1,1,0
2290352,66,1,0,1
2616376,66,1,0,1
2147848,66,1,0,1
582888,66,1,1,0
3113168,66,1,1,0
1888944,66,1,1,0
1040240,66,1,0,1
4873360,66,1,1,0
4476232,66,1,1,0
2194976,66,1,0,1
500624,66,1,0,1
2651520,66,1,0,1
2347808,66,1,1,0
6865752,66,1,1,0
2538112,66,1,1,0
2598968,66,1,0,1
2849360,66,1,0,1
941864,66,1,0,1
890320,66,1,1,0
496432,66,1,0,1
3284328,66,1,1,0
1004832,66,1,1,0
3474696,66,1,1,0
5843720,66,1,1,0
3561944,66,1,0,1
2612520,66,1,1,0
380256,66,1,1,0
328832,66,1,0,1
1808832,66,1,1,0
256000,66,1,1,0
7157216,66,1,0,1
4421472,66,1,1,0
819848,66,1,0,1
1808160,66,1,1,0
7939920,66,1,0,1
864024,66,1,0,1
4460184,66,1,1,0
6236600,66,1,0,1
5521360,66,1,1,0
1611632,66,1,0,1
1114696,66,1,0,1
5096976,66,1,1,0
1581296,66,1,0,1
6715824,66,1,0,1
2124856,66,1,0,1
1129824,66,1,1,0
6238504,66,1,0,1
2962224,66,1,0,1
1410216,66,1,1,0
1153272,66,1,1,0
2098472,66,1,1,0
4124480,66,1,0,1
7013064,66,1,1,0
493760,67,1,1,0
184808,67,1,0,1
979240,67,1,1,0
7583776,67,1,1,0
4977496,67,1,1,0
7825840,67,1,1,0
7853304,67,1,1,0
6033800,67,1,0,1
5324280,67,1,1,0
585480,67,1,1,0
7307208,67,1,0,1
528632,67,1,0,1
235096,67,1,1,0
1160688,67,1,0,1
5215168,67,1,0,1
3593672,67,1,0,1
6757760,67,1,1,0
266104,67,1,0,1
441744,67,1,0,1
6525128,67,1,1,0
4302808,67,1,0,1
3595648,67,1,1,0
4618968,67,1,1,0
2153480,67,1,0,1
2203624,67,1,0,1
912824,67,1,0,1
1273928,67,1,0,1
501968,67,1,0,1
1648968,67,1,1,0
1091656,67,1,0,1
1489880,67,1,1,0
1221248,67,1,1,0
1636920,67,1,1,0
375712,67,1,1,0
8386656,67,1,0,1
6459376,67,1,0,1
7985928,67,1,1,0
2815104,67,1,0,1
1479944,67,1,0,1
4225680,67,1,0,1
4203568,67,1,1,0
3755352,67,1,1,0
5076216,67,1,1,0
997624,67,1,0,1
660840,67,1,0,1
6827824,67,1,1,0
1575360,67,1,0,1
2360552,67,1,1,0
4066496,67,1,1,0
599120,67,1,1,0
631104,67,1,1,0
337672,67,1,1,0
1878256,67,1,1,0
1053432,67,1,1,0
670280,67,1,0,1
2128232,67,1,0,1
5889584,67,1,0,1
4812728,67,1,1,0
848352,67,1,1,0
2179576,67,1,0,1
3442040,67,1,0,1
4290328,67,1,1,0
824096,67,1,0,1
1698672,67,1,1,0
2324928,67,1,0,1
6623928,67,1,1,0
442440,67,1,1,0
7421512,67,1,0,1
2951680,67,1,0,1
8269928,67,1,1,0
408416,67,1,1,0
3629816,67,1,1,0
7882544,67,1,1,0
5907968,67,1,1,0
326416,67,1,1,0
505408,67,1,0,1
1888744,67,1,0,1
3008472,67,1,1,0
1727424,67,1,0,1
7828248,67,1,0,1
2310552,67,1,1,0
1268672,67,1,1,0
589888,67,1,0,1
1909920,67,1,0,1
6917072,67,1,0,1
1946608,67,1,0,1
2387232,67,1,0,1
7453480,67,1,0,1
4254792,67,1,0,1
782304,67,1,0,1
299840,67,1,0,1
431696,67,1,0,1
644616,67,1,1,0
7335664,67,1,0,1
3782616,67,1,0,1
212176,67,1,0,1
2022888,67,1,0,1
871720,67,1,1,0
1303824,67,1,0,1
943472,67,1,1,0
3520616,67,1,1,0
3872248,67,1,0,1
371272,67,1,1,0
1006408,67,1,1,0
4400120,67,1,0,1
1131152,67,1,0,1
1526984,67,1,0,1
2435312,67,1,0,1
2573728,67,1,0,1
113736,67,1,1,0
2067176,67,1,0,1
2995688,67,1,0,1
948280,67,1,0,1
7947456,67,1,0,1
1908200,67,1,1,0
4553232,67,1,0,1
605960,67,1,0,1
1857992,67,1,1,0
586080,67,1,1,0
2930416,67,1,1,0
4552192,67,1,1,0
322392,67,1,0,1
7915832,67,1,1,0
7004056,67,1,0,1
6736160,67,1,1,0
761104,67,1,0,1
494088,67,1,1,0
5906640,67,1,0,1
4910112,67,1,0,1
4581856,67,1,0,1
740392,67,1,0,1
6226656,67,1,0,1
616968,67,1,0,1
5858712,67,1,0,1
1636992,67,1,0,1
5323768,67,1,1,0
2127744,67,1,0,1
2583968,67,1,1,0
4076712,67,1,0,1
711368,67,1,1,0
5461216,67,1,0,1
1496712,67,1,1,0
6465344,67,1,0,1
750928,67,1,0,1
377928,67,1,0,1
378120,67,1,0,1
2921184,67,1,0,1
2295936,67,1,1,0
164760,67,1,0,1
7055368,67,1,1,0
3188272,67,1,1,0
514928,67,1,1,0
1952784,67,1,1,0
1189256,67,1,0,1
4361944,67,1,0,1
5602592,67,1,0,1
1614488,67,1,1,0
2692336,67,1,1,0
341552,67,1,1,0
2055560,67,1,1,0
3664376,67,1,0,1
1273592,67,1,1,0
1096744,67,1,1,0
2394048,67,1,0,1
1003400,67,1,1,0
4870736,67,1,1,0
4811024,67,1,0,1
1791272,67,1,1,0
1954136,67,1,1,0
2846728,67,1,1,0
716864,67,1,0,1
1397992,67,1,1,0
6691096,67,1,1,0
2133784,67,1,0,1
3018736,67,1,0,1
2837160,67,1,0,1
432560,67,1,0,1
4846952,67,1,0,1
7883632,67,1,1,0
1545608,67,1,1,0
4535624,67,1,1,0
3186944,67,1,0,1
1665224,67,1,0,1
5111400,67,1,0,1
2016712,67,1,0,1
1546232,67,1,0,1
685400,67,1,0,1
1449064,67,1,0,1
6201120,67,1,0,1
6514920,67,1,0,1
8377176,67,1,0,1
7252456,67,1,0,1
5803904,67,1,1,0
6630272,67,1,1,0
1775856,67,1,1,0
1087344,67,1,0,1
2177792,67,1,0,1
261736,67,1,1,0
590744,67,1,0,1
3585616,67,1,0,1
677600,67,1,0,1
5150704,67,1,1,0
1923248,67,1,0,1
461600,67,1,1,0
809568,67,1,0,1
1344464,67,1,1,0
6003984,67,1,1,0
939080,67,1,1,0
1674976,67,1,0,1
1283496,67,1,0,1
5849640,67,1,1,0
1161680,67,1,0,1
1404616,67,1,0,1
1357400,67,1,1,0
6658160,67,1,1,0
606520,67,1,0,1
445512,67,1,0,1
60392,67,1,0,1
5471696,67,1,1,0
5542240,67,1,0,1
5648048,67,1,0,1
2406256,67,1,0,1
3173440,67,1,1,0
2888616,67,1,1,0
2009096,67,1,0,1
2814416,67,1,1,0
430576,67,1,1,0
4033264,67,1,0,1
7246584,67,1,1,0
2953144,67,1,1,0
504984,67,1,1,0
763832,67,1,1,0
439584,67,1,1,0
8296008,67,1,1,0
8196816,67,1,0,1
2796824,67,1,0,1
893120,67,1,1,0
4554648,67,1,1,0
1619784,67,1,0,1
2386928,67,1,0,1
2803824,67,1,0,1
8169592,67,1,0,1
1113760,67,1,1,0
1709448,67,1,1,0
1558408,67,1,1,0
4250544,67,1,1,0
5435736,67,1,1,0
163304,67,1,1,0
6963992,67,1,1,0
3144784,67,1,0,1
522192,67,1,1,0
640312,67,1,1,0
4222880,67,1,1,0
73200,67,1,1,0
5229488,67,1,0,1
5713384,67,1,0,1
1164264,67,1,0,1
5561384,67,1,0,1
431544,67,1,0,1
6101304,67,1,0,1
308128,67,1,0,1
2785640,67,1,0,1
2046360,67,1,1,0
4620656,67,1,1,0
6469024,67,1,1,0
2713336,67,1,1,0
2037216,67,1,1,0
3123152,67,1,0,1
6056992,67,1,0,1
182920,67,1,0,1
6008976,67,1,0,1
2057016,67,1,1,0
2966280,67,1,0,1
3711152,67,1,1,0
943000,67,1,1,0
3964080,67,1,1,0
5212528,67,1,0,1
1394856,67,1,0,1
6108768,67,1,1,0
702896,67,1,0,1
3105912,67,1,1,0
3012048,67,1,0,1
5869272,67,1,0,1
5634488,67,1,0,1
257744,67,1,1,0
2330160,67,1,0,1
562584,67,1,0,1
1563728,67,1,0,1
3309184,67,1,1,0
2973128,67,1,1,0
1286360,67,1,1,0
2230112,67,1,1,0
8162808,67,1,1,0
6217888,67,1,0,1
1365728,67,1,0,1
6478048,67,1,1,0
2317224,67,1,0,1
1221880,67,1,1,0
1984040,67,1,1,0
3391696,67,1,0,1
6856856,67,1,1,0
7416208,67,1,0,1
3061368,67,1,1,0
6909048,67,1,0,1
2644168,67,1,1,0
607168,67,1,1,0
512576,67,1,0,1
1720560,67,1,0,1
816424,67,1,0,1
2313504,67,1,1,0
1093280,67,1,0,1
4578120,67,1,1,0
6354536,67,1,1,0
3711552,67,1,1,0
2234664,67,1,1,0
6950776,67,1,0,1
5971584,67,1,1,0
1612296,67,1,0,1
907216,67,1,1,0
7241208,67,1,0,1
350576,67,1,1,0
1476904,67,1,0,1
991200,67,1,1,0
5612688,67,1,1,0
2381512,67,1,0,1
3621944,67,1,0,1
2247616,67,1,0,1
7786944,67,1,0,1
6705544,67,1,0,1
3408480,67,1,1,0
2210136,67,1,1,0
651752,67,1,1,0
440816,67,1,1,0
3579416,67,1,0,1
6982976,67,1,1,0
382800,67,1,0,1
780008,67,1,1,0
3992248,67,1,0,1
2748464,67,1,0,1
5242304,67,1,1,0
7242496,67,1,0,1
4066736,67,1,0,1
748952,67,1,0,1
3752008,67,1,1,0
6704336,67,1,0,1
3605568,67,1,1,0
1591928,67,1,1,0
1144064,67,1,1,0
8163832,67,1,1,0
5999928,67,1,0,1
598320,67,1,0,1
4720976,67,1,1,0
813056,67,1,1,0
246432,67,1,1,0
2922504,67,1,0,1
4848160,67,1,0,1
337496,67,1,1,0
622040,67,1,0,1
4308336,67,1,1,0
4160968,67,1,1,0
581320,67,1,0,1
1619584,67,1,1,0
5797272,67,1,1,0
7528648,67,1,0,1
444960,67,1,0,1
6476896,67,1,1,0
3886976,67,1,1,0
1000272,67,1,1,0
2914288,67,1,0,1
1558352,67,1,1,0
546008,67,1,0,1
5093984,67,1,1,0
1354008,67,1,0,1
2710832,67,1,0,1
4695720,67,1,1,0
5120456,67,1,1,0
2401800,67,1,0,1
2596080,67,1,0,1
7398816,67,1,1,0
1210448,67,1,0,1
592304,67,1,1,0
832344,67,1,1,0
266784,67,1,0,1
377696,67,1,0,1
2768448,67,1,0,1
3800024,67,1,0,1
5579064,67,1,0,1
2091856,67,1,1,0
4881600,67,1,1,0
2738280,67,1,0,1
7003808,67,1,0,1
887072,67,1,1,0
579320,67,1,0,1
3862704,67,1,0,1
4896824,67,1,1,0
1296264,67,1,0,1
5410360,67,1,1,0
467824,67,1,0,1
197792,67,1,0,1
2826288,67,1,1,0
1392032,67,1,0,1
936160,67,1,0,1
743008,67,1,1,0
8126768,67,1,0,1
7231872,67,1,0,1
862624,67,1,0,1
1403304,67,1,0,1
2675648,67,1,0,1
5046768,67,1,1,0
2930496,67,1,1,0
5292576,67,1,0,1
3872616,67,1,1,0
3231264,67,1,0,1
7196440,67,1,0,1
677048,67,1,0,1
701968,67,1,1,0
1403272,67,1,1,0
1935448,67,1,0,1
2373968,67,1,0,1
2023032,67,1,0,1
1428584,67,1,0,1
4470040,67,1,0,1
1797136,67,1,0,1
4314272,67,1,0,1
2845624,67,1,1,0
4143040,67,1,1,0
906240,67,1,0,1
1674688,67,1,1,0
3318888,67,1,0,1
2234560,67,1,1,0
1155064,67,1,0,1
5697080,67,1,0,1
6666896,67,1,1,0
127888,67,1,1,0
4530800,67,1,1,0
6185800,67,1,0,1
6452952,67,1,0,1
422768,67,1,1,0
360320,67,1,0,1
1001112,67,1,0,1
4862776,67,1,0,1
5475280,67,1,1,0
4292504,67,1,1,0
6632960,67,1,0,1
2991304,67,1,0,1
1395504,67,1,0,1
289112,67,1,0,1
1918192,67,1,1,0
1719632,67,1,0,1
6695744,67,1,1,0
2547424,67,1,1,0
762464,67,1,1,0
1773744,67,1,1,0
914784,67,1,0,1
4006232,67,1,1,0
372416,67,1,1,0
2925808,67,1,0,1
3976568,67,1,1,0
2987848,67,1,0,1
121456,67,1,1,0
257928,67,1,0,1
497264,67,1,0,1
328776,67,1,0,1
5081728,67,1,0,1
3868384,67,1,1,0
474712,67,1,0,1
344304,67,1,0,1
2166704,67,1,1,0
2277736,67,1,1,0
1481352,67,1,0,1
4202264,67,1,1,0
454432,67,1,1,0
4180144,67,1,1,0
1426384,67,1,0,1
1047400,67,1,0,1
1879112,67,1,1,0
2293872,67,1,0,1
2075192,67,1,1,0
7083112,67,1,0,1
1027864,67,1,1,0
766864,67,1,1,0
5691192,67,1,1,0
1077144,67,1,1,0
182872,67,1,0,1
6254168,67,1,1,0
6279856,67,1,1,0
7644600,67,1,1,0
3551392,67,1,1,0
6889832,67,1,1,0
1571040,67,1,1,0
5322264,67,1,0,1
5245112,67,1,1,0
6653168,67,1,0,1
3936064,67,1,0,1
1058464,67,1,0,1
4925168,67,1,1,0
4281856,67,1,1,0
1996096,67,1,1,0
8284416,67,1,1,0
7112200,67,1,0,1
1063512,67,1,0,1
1013200,67,1,0,1
3913936,67,1,1,0
1262632,67,1,0,1
672184,67,1,1,0
446568,67,1,0,1
217800,67,1,1,0
3912768,67,1,0,1
3165960,67,1,0,1
4432768,67,1,1,0
1089080,67,1,1,0
2637752,67,1,1,0
6393664,67,1,0,1
7395952,67,1,1,0
3687432,67,1,0,1
3054056,67,1,1,0
2067928,67,1,0,1
7710568,67,1,1,0
1927816,67,1,0,1
774944,67,1,1,0
3011936,67,1,0,1
5097456,67,1,0,1
2570400,67,1,0,1
6687848,67,1,1,0
919272,67,1,0,1
354256,67,1,0,1
4470064,67,1,0,1
894872,67,1,0,1
4241416,67,1,0,1
1724768,67,1,0,1
4678592,67,1,1,0
1062488,67,1,1,0
1055312,67,1,0,1
2437264,67,1,1,0
2217224,67,1,0,1
4575824,67,1,0,1
2065192,67,1,0,1
6489520,67,1,1,0
639808,67,1,0,1
326144,67,1,0,1
3441920,67,1,1,0
1357448,67,1,1,0
1738376,67,1,0,1
7145232,67,1,0,1
5271008,67,1,0,1
5156912,67,1,1,0
507344,67,1,0,1
5675888,67,1,0,1
1462376,67,1,0,1
6781440,67,1,1,0
827032,67,1,0,1
151224,67,1,1,0
1067552,67,1,1,0
1117296,67,1,1,0
4968672,67,1,1,0
6902408,67,1,1,0
3738016,67,1,0,1
4794496,67,1,1,0
1642200,67,1,1,0
563728,67,1,1,0
456824,67,1,1,0
414480,67,1,0,1
1807112,67,1,1,0
984832,67,1,0,1
1194776,67,1,1,0
4280432,67,1,1,0
1447472,67,1,1,0
2550784,67,1,1,0
3439256,67,1,1,0
5101952,67,1,0,1
2459416,67,1,0,1
576176,67,1,1,0
1822072,67,1,0,1
3080360,67,1,0,1
480272,67,1,0,1
407848,67,1,1,0
4156128,67,1,1,0
7873960,67,1,1,0
3950048,67,1,1,0
1337480,67,1,0,1
241040,67,1,0,1
223408,67,1,1,0
1142376,67,1,0,1
3510952,67,1,1,0
3508536,67,1,1,0
383696,67,1,1,0
3762392,67,1,1,0
1113264,67,1,1,0
2559752,67,1,1,0
255880,67,1,1,0
837600,67,1,1,0
414272,67,1,1,0
2758400,67,1,0,1
497904,67,1,1,0
1054744,67,1,0,1
581016,67,1,1,0
3205096,67,1,0,1
671392,67,1,0,1
8259032,67,1,0,1
3001536,67,1,1,0
2248120,67,1,0,1
6060392,67,1,1,0
3242608,67,1,1,0
7406680,67,1,1,0
2992192,67,1,1,0
197152,67,1,0,1
5614776,67,1,1,0
2542496,67,1,0,1
4454712,67,1,1,0
3259384,67,1,0,1
4374720,67,1,0,1
3061808,67,1,1,0
475680,67,1,0,1
3406208,67,1,1,0
6724920,67,1,0,1
2591832,67,1,0,1
315088,67,1,0,1
858304,67,1,1,0
4955464,67,1,0,1
173904,67,1,1,0
5689464,67,1,1,0
5071808,67,1,1,0
675912,67,1,1,0
1268424,67,1,0,1
7323456,67,1,0,1
234944,67,1,0,1
1948688,67,1,1,0
855888,67,1,1,0
1260688,67,1,0,1
7358752,67,1,0,1
5553400,67,1,1,0
4107128,67,1,0,1
249800,67,1,0,1
584496,67,1,1,0
646488,67,1,0,1
846888,67,1,0,1
1396344,67,1,1,0
1427448,67,1,0,1
4228296,67,1,1,0
340504,67,1,1,0
1263000,67,1,1,0
2496432,67,1,0,1
1751264,67,1,1,0
2157800,67,1,0,1
3290416,67,1,1,0
493568,67,1,0,1
530128,67,1,1,0
2884912,67,1,1,0
4885392,67,1,1,0
2900872,67,1,1,0
844352,67,1,1,0
571448,67,1,0,1
2099184,67,1,0,1
511840,67,1,0,1
7525144,67,1,1,0
2075880,67,1,0,1
2805400,67,1,0,1
1467520,67,1,0,1
346544,67,1,0,1
7820624,67,1,0,1
342728,67,1,0,1
796128,67,1,1,0
7772072,67,1,0,1
419176,67,1,0,1
988320,67,1,0,1
478008,67,1,0,1
2290616,67,1,0,1
1440512,67,1,1,0
160752,67,1,0,1
832160,67,1,0,1
2206840,67,1,0,1
2408800,67,1,1,0
2868128,67,1,0,1
796272,67,1,0,1
5188904,67,1,0,1
4346400,67,1,1,0
487144,67,1,0,1
1110944,67,1,0,1
1275128,67,1,1,0
6440048,67,1,0,1
2028120,67,1,0,1
665544,67,1,0,1
1131992,67,1,0,1
4722000,67,1,1,0
4561216,67,1,0,1
2296792,67,1,0,1
2915656,67,1,1,0
3519264,67,1,0,1
722656,67,1,0,1
4054848,67,1,0,1
5532648,67,1,0,1
604064,67,1,0,1
672032,67,1,1,0
5080872,67,1,1,0
1027400,67,1,0,1
671152,67,1,1,0
2397600,67,1,1,0
4931880,67,1,0,1
5957392,67,1,0,1
241352,67,1,1,0
3099800,67,1,1,0
2159368,67,1,0,1
1394384,67,1,0,1
4289208,67,1,1,0
827872,67,1,0,1
788888,67,1,1,0
4429280,67,1,1,0
2983688,67,1,0,1
3356624,67,1,0,1
5045832,67,1,0,1
1001736,67,1,0,1
6278392,67,1,1,0
357840,67,1,1,0
1005480,67,1,0,1
1020840,67,1,1,0
1421824,67,1,0,1
1895376,67,1,0,1
1515832,67,1,0,1
200552,67,1,1,0
1061640,67,1,1,0
1994616,67,1,1,0
3997448,67,1,0,1
5766736,67,1,1,0
911752,67,1,1,0
5382536,67,1,0,1
686296,67,1,0,1
3143704,67,1,0,1
7949224,67,1,1,0
1855720,67,1,0,1
6944568,67,1,1,0
8282112,67,1,0,1
954352,67,1,1,0
3229352,67,1,0,1
4399792,67,1,0,1
5702296,67,1,0,1
6577976,67,1,1,0
6598880,67,1,0,1
5555152,67,1,1,0
3806760,67,1,0,1
1045400,67,1,1,0
3148904,67,1,1,0
5688776,67,1,0,1
6897816,67,1,1,0
3735632,67,1,1,0
4824816,67,1,1,0
3271032,67,1,1,0
2651376,67,1,1,0
3932400,67,1,0,1
803224,67,1,1,0
3887768,67,1,0,1
2032760,67,1,1,0
4373096,67,1,1,0
1300456,67,1,0,1
614136,67,1,1,0
6494416,67,1,1,0
6286144,67,1,0,1
1360120,67,1,1,0
1923368,67,1,0,1
3463056,67,1,0,1
741384,67,1,0,1
4244640,67,1,1,0
2912656,67,1,0,1
5169960,67,1,1,0
3544104,67,1,0,1
5748976,67,1,1,0
1838192,67,1,0,1
1206880,67,1,1,0
2402760,67,1,0,1
521784,67,1,0,1
999888,67,1,0,1
6193704,67,1,1,0
2538320,67,1,1,0
7578408,67,1,0,1
4888784,67,1,1,0
3715016,67,1,0,1
7701368,67,1,1,0
5059336,67,1,1,0
1411240,67,1,1,0
3446480,67,1,0,1
7377264,67,1,1,0
2339680,67,1,1,0
613624,67,1,1,0
4927704,67,1,0,1
1545744,67,1,1,0
2614176,67,1,1,0
1875728,67,1,0,1
356432,67,1,1,0
1168448,67,1,0,1
2504072,67,1,1,0
2330232,67,1,1,0
1610520,67,1,1,0
2529000,67,1,1,0
1167408,67,1,1,0
3022776,67,1,1,0
2847896,67,1,0,1
1002136,67,1,0,1
633608,67,1,0,1
3474768,67,1,1,0
1088448,67,1,0,1
3269880,67,1,1,0
3139360,67,1,0,1
433696,67,1,0,1
2296160,67,1,1,0
7428920,67,1,1,0
5914544,67,1,1,0
3835536,67,1,1,0
4355448,67,1,0,1
2309944,67,1,0,1
804296,67,1,0,1
5281904,67,1,1,0
1626224,67,1,1,0
6733800,67,1,0,1
262648,67,1,0,1
216816,67,1,1,0
3042408,67,1,0,1
2785760,67,1,1,0
1304344,67,1,1,0
836048,67,1,0,1
3357456,67,1,0,1
8329216,67,1,0,1
1495440,67,1,1,0
3564376,67,1,1,0
219904,67,1,0,1
3810440,67,1,0,1
4649120,67,1,0,1
684736,67,1,1,0
7256208,67,1,1,0
1158952,67,1,0,1
2433400,67,1,1,0
6381384,67,1,1,0
1628040,67,1,1,0
514184,67,1,1,0
3636800,67,1,1,0
2931216,67,1,0,1
5872808,67,1,0,1
5236808,67,1,1,0
3931128,67,1,0,1
6701304,67,1,0,1
7463896,67,1,0,1
4469480,67,1,0,1
1046032,67,1,0,1
794592,67,1,1,0
2591968,67,1,0,1
440072,67,1,1,0
2624136,67,1,1,0
341224,67,1,1,0
1948968,67,1,1,0
7265960,67,1,0,1
2497920,67,1,0,1
921584,67,1,1,0
5465712,67,1,0,1
574072,67,1,1,0
2411104,67,1,1,0
3249344,67,1,0,1
2786216,67,1,1,0
1444848,67,1,1,0
5380800,67,1,0,1
5007752,67,1,0,1
3644144,67,1,0,1
3003240,67,1,0,1
351584,67,1,1,0
1127488,67,1,1,0
5980792,67,1,0,1
1679912,67,1,1,0
698120,67,1,0,1
4234696,67,1,0,1
2987208,67,1,1,0
3904088,67,1,0,1
1015176,67,1,0,1
2100696,67,1,1,0
7619928,67,1,1,0
1194888,67,1,0,1
5543280,67,1,1,0
457744,67,1,1,0
607824,67,1,1,0
365320,67,1,1,0
598664,67,1,1,0
4599312,67,1,1,0
2228600,67,1,0,1
1569968,67,1,1,0
3040736,67,1,1,0
2301568,67,1,1,0
3445752,67,1,0,1
5996776,67,1,0,1
4005912,67,1,0,1
637224,67,1,1,0
2727392,67,1,0,1
802672,67,1,1,0
939304,67,1,0,1
2165144,67,1,1,0
3466696,67,1,0,1
4173176,67,1,0,1
942424,67,1,0,1
1724984,67,1,1,0
4113320,67,1,0,1
4712408,67,1,1,0
465776,67,1,1,0
969048,67,1,1,0
2890376,67,1,1,0
3706304,67,1,1,0
3530408,67,1,0,1
6021480,67,1,0,1
243816,67,1,1,0
2939616,67,1,0,1
3758816,67,1,0,1
3890528,67,1,1,0
1574880,67,1,0,1
239536,67,1,1,0
3417760,67,1,1,0
4076288,67,1,0,1
267152,67,1,1,0
110840,67,1,1,0
2229264,67,1,0,1
5020504,67,1,1,0
7512800,67,1,0,1
5813496,67,1,1,0
1665776,67,1,1,0
494720,67,1,0,1
532856,67,1,1,0
1726952,67,1,1,0
5889800,67,1,1,0
1265944,67,1,1,0
5979424,67,1,0,1
2390104,67,1,1,0
3402728,67,1,1,0
742768,67,1,0,1
5294272,67,1,1,0
5557920,67,1,1,0
2167872,67,1,1,0
4465296,67,1,1,0
2955536,67,1,0,1
4160920,67,1,0,1
4074552,67,1,1,0
1284456,67,1,1,0
8378608,67,1,1,0
1562624,67,1,1,0
3858240,67,1,1,0
2184136,67,1,1,0
5055680,67,1,1,0
1245264,67,1,0,1
1084144,67,1,1,0
2254240,67,1,1,0
4691672,67,1,0,1
4109088,67,1,1,0
378544,67,1,0,1
3284208,67,1,1,0
4546200,67,1,0,1
284296,67,1,0,1
5057272,67,1,0,1
1027504,67,1,1,0
3905152,67,1,0,1
3217952,67,1,0,1
2152328,67,1,0,1
4252768,67,1,1,0
1605128,67,1,1,0
4417968,67,1,0,1
3130168,67,1,1,0
5882688,67,1,1,0
649880,67,1,1,0
1019192,67,1,0,1
4798544,67,1,1,0
1225680,67,1,0,1
252800,67,1,0,1
4171232,67,1,1,0
2573184,67,1,1,0
1332856,67,1,1,0
514688,67,1,1,0
1070960,67,1,0,1
6672352,67,1,1,0
4985464,67,1,1,0
212248,67,1,1,0
800744,67,1,1,0
479520,67,1,1,0
646416,67,1,1,0
7415104,67,1,1,0
507784,67,1,0,1
1771600,67,1,0,1
1769448,67,1,1,0
1867208,67,1,1,0
6111064,67,1,0,1
1098152,67,1,0,1
774896,67,1,0,1
5902376,67,1,0,1
3794048,67,1,0,1
6382120,67,1,0,1
7093600,67,1,1,0
2640688,67,1,0,1
2495136,67,1,1,0
174424,67,1,1,0
324560,67,1,0,1
351080,67,1,0,1
4816208,67,1,1,0
3252552,67,1,1,0
2819760,67,1,0,1
792808,67,1,1,0
274248,67,1,1,0
790256,67,1,0,1
7419944,67,1,0,1
5594448,67,1,1,0
1286152,67,1,0,1
3894848,67,1,0,1
3295336,67,1,1,0
8291544,67,1,0,1
3449360,67,1,1,0
6950096,67,1,1,0
320816,67,1,1,0
4443232,67,1,0,1
202688,67,1,1,0
5806872,67,1,0,1
3968472,67,1,0,1
7946616,67,1,0,1
5253320,67,1,1,0
966376,67,1,0,1
1682016,67,1,1,0
2703080,67,1,1,0
8256952,67,1,0,1
2502840,67,1,1,0
1713048,67,1,0,1
8158616,67,1,1,0
7010672,67,1,1,0
6930552,67,1,0,1
6299200,67,1,0,1
2592024,67,1,0,1
3890688,67,1,0,1
513512,67,1,0,1
5821048,67,1,1,0
1286512,67,1,1,0
1360288,67,1,1,0
6441336,67,1,0,1
7947960,67,1,1,0
5934552,67,1,0,1
7781160,67,1,0,1
4355128,67,1,0,1
995328,67,1,0,1
858392,67,1,0,1
4299752,67,1,1,0
3877584,67,1,1,0
7082856,67,1,0,1
1972856,67,1,0,1
4631464,67,1,1,0
2348008,67,1,1,0
5986880,67,1,0,1
2440896,67,1,1,0
1685680,67,1,0,1
4150560,67,1,0,1
7141272,67,1,1,0
4070096,67,1,0,1
1637880,67,1,1,0
1537352,67,1,1,0
3710032,67,1,1,0
7359384,67,1,0,1
4159648,67,1,0,1
6297584,67,1,0,1
471344,67,1,0,1
6863464,67,1,0,1
6377232,67,1,1,0
3993840,67,1,0,1
572360,67,1,0,1
1375888,67,1,1,0
2892256,67,1,1,0
1775680,67,1,1,0
7827600,67,1,0,1
2583080,67,1,0,1
1084960,67,1,1,0
5925944,67,1,0,1
2327328,67,1,1,0
1917488,67,1,1,0
737040,67,1,0,1
5500416,67,1,1,0
1302480,67,1,0,1
851488,67,1,0,1
6847328,67,1,1,0
6575080,67,1,1,0
4466752,67,1,1,0
630376,67,1,1,0
3523104,67,1,1,0
206296,67,1,0,1
4326072,67,1,1,0
2758592,67,1,0,1
2257632,67,1,0,1
763424,67,1,1,0
6822480,67,1,0,1
1304008,67,1,1,0
8310840,67,1,1,0
6636928,67,1,0,1
1726272,67,1,0,1
719096,67,1,0,1
2863888,67,1,1,0
6858736,67,1,0,1
7527448,67,1,1,0
1581288,67,1,1,0
356960,67,1,0,1
1312416,67,1,0,1
4645512,67,1,1,0
1524016,67,1,0,1
4159984,67,1,0,1
7013496,67,1,0,1
2007208,67,1,1,0
2128800,67,1,0,1
1301600,67,1,0,1
2230072,67,1,1,0
1613496,67,1,0,1
2931632,67,1,0,1
224048,67,1,0,1
849128,67,1,1,0
4317216,67,1,0,1
1923360,67,1,1,0
309136,67,1,1,0
5452352,67,1,1,0
891016,67,1,0,1
7768136,67,1,1,0
537328,67,1,0,1
7759360,67,1,1,0
897120,67,1,0,1
1173232,67,1,0,1
6210504,67,1,0,1
2224536,67,1,1,0
1227784,67,1,0,1
1301504,67,1,0,1
280040,67,1,1,0
2308560,67,1,1,0
3368040,67,1,1,0
6909840,67,1,1,0
356376,67,1,1,0
2045904,67,1,0,1
97680,67,1,0,1
1224320,67,1,0,1
4044440,67,1,0,1
199760,67,1,0,1
6501560,67,1,0,1
750920,67,1,1,0
2405656,67,1,1,0
5154504,67,1,1,0
1341360,67,1,1,0
8000960,67,1,1,0
1437848,67,1,1,0
3096792,67,1,0,1
1850640,67,1,0,1
7606296,67,1,1,0
3528512,67,1,1,0
2494120,67,1,0,1
2240976,67,1,1,0
1251680,67,1,1,0
2801224,67,1,0,1
2732664,67,1,1,0
6524728,67,1,1,0
1222408,67,1,0,1
2119808,67,1,0,1
4912656,67,1,1,0
2211360,67,1,0,1
7850040,67,1,1,0
212128,67,1,1,0
2788848,67,1,1,0
316016,67,1,1,0
643112,67,1,0,1
7811424,67,1,1,0
1334880,67,1,0,1
2357528,67,1,0,1
6827144,67,1,1,0
777200,67,1,1,0
2118072,67,1,1,0
2861256,67,1,1,0
7140488,67,1,0,1
743928,67,1,1,0
6953568,67,1,0,1
764416,67,1,0,1
3317176,67,1,0,1
558856,67,1,1,0
2469312,67,1,0,1
1219536,67,1,0,1
356240,67,1,0,1
6375992,67,1,1,0
4244368,67,1,1,0
1988816,67,1,1,0
2053008,67,1,1,0
5142672,67,1,1,0
483792,67,1,1,0
1314248,67,1,1,0
530760,67,1,1,0
686776,67,1,0,1
6730624,67,1,1,0
5397488,67,1,0,1
1315880,67,1,0,1
4159264,67,1,0,1
8259456,67,1,1,0
576808,67,1,1,0
4440704,67,1,1,0
2311304,67,1,0,1
2906384,67,1,0,1
351856,67,1,1,0
5373208,67,1,0,1
8232840,67,1,0,1
2160784,67,1,1,0
7862208,67,1,1,0
2533336,67,1,0,1
956472,67,1,0,1
1949992,67,1,0,1
645536,67,1,1,0
8382072,67,1,0,1
6901648,67,1,1,0
5753576,67,1,0,1
4478640,67,1,1,0
2047392,67,1,1,0
827328,67,1,0,1
5939232,67,1,1,0
694688,67,1,0,1
1106824,67,1,0,1
2131904,67,1,1,0
8136368,67,1,1,0
779224,67,1,1,0
1793520,67,1,1,0
4070600,67,1,0,1
1599560,67,1,0,1
1294816,67,1,0,1
1205680,67,1,1,0
5146760,67,1,1,0
3429536,67,1,1,0
3193112,67,1,1,0
1397936,67,1,0,1
6426232,67,1,0,1
172096,67,1,0,1
479072,67,1,0,1
6043904,67,1,0,1
4715672,67,1,1,0
592336,67,1,1,0
2366064,67,1,1,0
4978976,67,1,1,0
1471432,67,1,1,0
4967528,67,1,1,0
534880,67,1,0,1
5655040,67,1,0,1
7502624,67,1,1,0
713776,67,1,1,0
3602000,67,1,0,1
4910400,67,1,1,0
3358616,67,1,1,0
728680,67,1,0,1
169312,67,1,1,0
8124880,67,1,1,0
588576,67,1,1,0
4387440,67,1,0,1
550464,67,1,0,1
4429480,67,1,0,1
6469360,67,1,0,1
90224,67,1,0,1
4428560,67,1,1,0
2326384,67,1,0,1
2034056,67,1,0,1
913160,67,1,0,1
4038960,67,1,1,0
6053656,67,1,0,1
1384632,67,1,0,1
439376,67,1,0,1
1359152,67,1,1,0
1266776,67,1,1,0
1447016,67,1,1,0
2527448,67,1,1,0
2344392,67,1,0,1
5351016,67,1,1,0
2554304,67,1,1,0
2807736,67,1,0,1
6557168,67,1,1,0
3204888,67,1,1,0
1405824,67,1,1,0
3745840,67,1,1,0
2100656,67,1,1,0
1829872,67,1,1,0
1244368,67,1,1,0
3781256,67,1,0,1
817680,67,1,1,0
2446088,67,1,1,0
1921792,67,1,0,1
1275072,67,1,1,0
1029296,67,1,0,1
4915928,67,1,1,0
1247328,67,1,1,0
3587288,67,1,0,1
650984,67,1,0,1
5444944,67,1,1,0
2687512,67,1,1,0
4606512,67,1,0,1
4694320,67,1,0,1
6897768,67,1,0,1
2559920,67,1,1,0
1915800,67,1,1,0
3145184,67,1,1,0
5808880,67,1,1,0
450824,67,1,0,1
3957528,67,1,0,1
8228848,67,1,0,1
541056,67,1,1,0
421656,67,1,0,1
835520,67,1,1,0
6668872,67,1,0,1
2364024,67,1,0,1
4579792,67,1,0,1
3045616,67,1,1,0
2646024,67,1,0,1
3677976,67,1,0,1
3015864,67,1,1,0
7780784,67,1,0,1
372328,67,1,0,1
7192000,67,1,0,1
471584,67,1,0,1
3711288,67,1,0,1
1278152,67,1,1,0
6929088,67,1,0,1
3952248,67,1,0,1
871320,67,1,0,1
5418632,67,1,0,1
4798528,67,1,1,0
3026512,67,1,1,0
799104,67,1,1,0
1967224,67,1,1,0
1620568,67,1,0,1
654096,67,1,0,1
3830728,67,1,0,1
129752,67,1,0,1
1421688,67,1,0,1
397064,67,1,0,1
7783480,67,1,0,1
379944,67,1,1,0
4536656,67,1,1,0
1302832,67,1,0,1
5744832,67,1,1,0
8313888,67,1,1,0
137704,67,1,0,1
6703048,67,1,0,1
1860088,67,1,1,0
7364584,67,1,0,1
255824,67,1,1,0
982128,67,1,0,1
6749736,67,1,1,0
916568,67,1,0,1
8162824,67,1,0,1
4685144,67,1,0,1
1242824,67,1,0,1
838208,67,1,0,1
4700768,67,1,0,1
495672,67,1,0,1
6212464,67,1,0,1
1121232,67,1,0,1
4144416,67,1,1,0
1797320,67,1,0,1
226232,67,1,1,0
363824,67,1,0,1
2574128,67,1,1,0
2800304,67,1,1,0
1905592,67,1,0,1
7034704,67,1,0,1
446760,67,1,1,0
2981408,67,1,0,1
1989568,67,1,0,1
8345808,67,1,1,0
587560,67,1,1,0
3604344,67,1,0,1
2608488,67,1,0,1
822904,67,1,0,1
2009856,67,1,0,1
216680,67,1,0,1
7810136,67,1,0,1
2241104,67,1,1,0
7570040,67,1,1,0
6714104,67,1,0,1
1825496,67,1,0,1
6739984,67,1,0,1
2822784,67,1,0,1
2856544,67,1,1,0
4374656,67,1,1,0
5183264,67,1,1,0
6399480,67,1,1,0
2531104,67,1,1,0
188536,67,1,0,1
3245152,67,1,1,0
2295176,67,1,1,0
1865720,67,1,0,1
3151952,67,1,1,0
1058920,67,1,1,0
4091800,67,1,0,1
5725704,67,1,1,0
6768960,67,1,0,1
679176,67,1,1,0
671888,67,1,0,1
5924288,67,1,0,1
6178328,67,1,1,0
644896,67,1,0,1
1910528,67,1,0,1
5474000,67,1,0,1
7837024,67,1,0,1
1559280,67,1,0,1
1465080,67,1,0,1
8333648,67,1,1,0
578624,67,1,1,0
1413976,67,1,1,0
8339584,67,1,0,1
5449832,67,1,0,1
4176768,67,1,1,0
2172952,67,1,1,0
7192528,67,1,0,1
2099056,67,1,0,1
7338200,67,1,1,0
1923136,67,1,0,1
1127496,67,1,0,1
1131720,67,1,1,0
1168032,67,1,1,0
227688,67,1,0,1
5419392,67,1,1,0
6771776,67,1,1,0
3755088,67,1,0,1
6355280,67,1,1,0
531816,67,1,1,0
675128,67,1,0,1
3068416,67,1,0,1
673888,67,1,1,0
2069632,67,1,1,0
6865976,67,1,1,0
236488,67,1,1,0
3059536,67,1,0,1
5222280,67,1,0,1
2934648,67,1,0,1
644248,67,1,1,0
3272264,67,1,0,1
2868592,67,1,0,1
3135192,67,1,1,0
411832,67,1,0,1
2892456,67,1,0,1
2606016,67,1,0,1
197552,67,1,1,0
1933400,67,1,0,1
657760,67,1,0,1
3780480,67,1,0,1
1151864,67,1,1,0
8212976,67,1,1,0
770840,67,1,1,0
6276088,67,1,1,0
4436416,67,1,0,1
5973304,67,1,1,0
2429920,67,1,1,0
1271688,67,1,1,0
5217584,67,1,0,1
464424,67,1,1,0
2629488,67,1,1,0
793184,67,1,1,0
7605016,67,1,0,1
7550520,67,1,1,0
2825872,67,1,0,1
2270792,67,1,1,0
2155360,67,1,1,0
4883112,67,1,1,0
1882656,67,1,0,1
1756984,67,1,0,1
1036400,67,1,1,0
3207304,67,1,1,0
398776,67,1,0,1
1284264,67,1,0,1
6514176,67,1,0,1
5513440,67,1,1,0
3404048,67,1,1,0
241648,67,1,1,0
466144,67,1,1,0
352200,67,1,0,1
7498288,67,1,1,0
7811824,67,1,1,0
1073680,67,1,0,1
6382848,67,1,1,0
436880,67,1,0,1
5550832,67,1,1,0
5018744,67,1,1,0
1867344,67,1,0,1
3200432,67,1,1,0
2034376,67,1,0,1
7492816,67,1,0,1
8327688,67,1,0,1
918568,67,1,1,0
3289976,67,1,1,0
1134208,67,1,1,0
2784952,67,1,1,0
3350992,67,1,0,1
753920,67,1,0,1
1724208,67,1,0,1
5465408,67,1,1,0
5951424,67,1,1,0
1638480,67,1,1,0
2132560,67,1,1,0
1757928,67,1,1,0
242216,67,1,0,1
2779640,67,1,1,0
7173744,67,1,0,1
535944,67,1,1,0
6254464,67,1,0,1
3820456,67,1,0,1
802832,67,1,1,0
3084360,67,1,0,1
7981848,67,1,0,1
3925872,67,1,1,0
336888,67,1,0,1
430184,67,1,1,0
4104152,67,1,1,0
4006504,67,1,0,1
3591600,67,1,0,1
6816272,67,1,0,1
947560,67,1,0,1
1436064,67,1,1,0
5481440,67,1,0,1
2240080,67,1,1,0
823720,67,1,1,0
236952,67,1,0,1
820928,67,1,1,0
2375920,67,1,1,0
1731024,67,1,1,0
4877232,67,1,0,1
1230440,67,1,1,0
431128,67,1,0,1
2552936,67,1,0,1
5717008,67,1,0,1
983752,67,1,1,0
315800,67,1,0,1
2918928,67,1,0,1
2193392,67,1,0,1
1061512,67,1,0,1
3598152,67,1,1,0
3486632,67,1,1,0
326616,67,1,1,0
558048,67,1,1,0
194352,67,1,0,1
2191384,67,1,1,0
1931384,67,1,1,0
7660112,67,1,0,1
5176392,67,1,1,0
3370048,67,1,0,1
1465208,67,1,0,1
3349448,67,1,1,0
6896840,67,1,1,0
7461808,67,1,1,0
2116360,67,1,0,1
595240,67,1,1,0
905896,67,1,0,1
4911880,67,1,1,0
536464,67,1,0,1
767048,67,1,0,1
3285840,67,1,1,0
327048,67,1,0,1
1723184,67,1,1,0
1829128,67,1,0,1
2094016,67,1,1,0
7806920,67,1,0,1
7906184,67,1,1,0
859880,67,1,1,0
2808320,67,1,0,1
8298600,67,1,1,0
1644072,67,1,0,1
2903064,67,1,0,1
480160,67,1,1,0
2912776,67,1,0,1
122224,67,1,1,0
5024368,67,1,0,1
2146544,67,1,1,0
1864880,67,1,0,1
4237160,67,1,1,0
1502688,67,1,1,0
319776,67,1,1,0
7753128,67,1,1,0
6654600,67,1,0,1
492896,67,1,1,0
6874152,67,1,0,1
2057368,67,1,1,0
1097080,67,1,0,1
647392,67,1,0,1
6707408,67,1,0,1
7090968,67,1,0,1
1688072,67,1,1,0
4321488,67,1,1,0
1658352,67,1,1,0
2313064,67,1,0,1
6089520,67,1,1,0
545760,67,1,0,1
4937888,67,1,1,0
601200,67,1,1,0
753728,67,1,0,1
1522872,67,1,0,1
949736,67,1,1,0
888960,67,1,1,0
6014016,67,1,1,0
5753744,67,1,0,1
546776,67,1,0,1
3249072,67,1,1,0
5228672,67,1,0,1
5477032,67,1,0,1
8300768,67,1,0,1
7523144,67,1,0,1
1844776,67,1,1,0
307216,67,1,0,1
88192,67,1,1,0
146896,67,1,1,0
5323024,67,1,1,0
1557136,67,1,0,1
645040,67,1,1,0
4606128,67,1,1,0
2893520,67,1,1,0
343680,67,1,1,0
3273840,67,1,1,0
1921904,67,1,1,0
2433880,67,1,0,1
697104,67,1,0,1
6658328,67,1,1,0
3307656,67,1,1,0
84256,67,1,0,1
1155456,67,1,0,1
710680,67,1,0,1
4551648,67,1,0,1
6314648,67,1,1,0
191296,67,1,0,1
4712416,67,1,0,1
603368,67,1,0,1
2422272,67,1,1,0
3533144,67,1,0,1
4717336,67,1,1,0
1432920,67,1,0,1
7134440,67,1,1,0
5257800,67,1,1,0
5051016,67,1,0,1
181360,67,1,1,0
4318696,67,1,1,0
6715272,67,1,1,0
5501640,67,1,1,0
4138736,67,1,1,0
5237928,67,1,0,1
2168616,67,1,0,1
4995728,67,1,0,1
1773848,67,1,0,1
1759088,67,1,0,1
6408632,67,1,0,1
545488,67,1,0,1
7875152,67,1,0,1
353768,67,1,1,0
1762848,67,1,1,0
1424680,67,1,1,0
5612920,67,1,0,1
6606592,67,1,1,0
420056,67,1,1,0
133696,67,1,0,1
1917888,67,1,1,0
2029152,67,1,1,0
2818016,67,1,0,1
7804424,67,1,1,0
85680,67,1,0,1
2849512,67,1,1,0
270368,67,1,1,0
7425360,67,1,1,0
1552800,67,1,0,1
1118752,67,1,1,0
5719256,67,1,0,1
7548304,67,1,0,1
1652360,67,1,0,1
7817272,67,1,0,1
2379432,67,1,1,0
3654456,67,1,1,0
1080744,67,1,0,1
6363504,67,1,0,1
7601152,67,1,0,1
3905256,67,1,0,1
4913400,67,1,0,1
2436520,67,1,1,0
1977384,67,1,0,1
272504,67,1,1,0
2424968,67,1,0,1
1578688,67,1,0,1
1361056,67,1,0,1
8195600,67,1,1,0
909816,67,1,1,0
690936,67,1,0,1
5182368,67,1,0,1
8077248,67,1,0,1
149824,67,1,0,1
401312,67,1,1,0
314424,67,1,1,0
562896,67,1,1,0
294904,67,1,0,1
6954176,67,1,0,1
1318024,67,1,1,0
4945280,67,1,1,0
816328,67,1,0,1
6360720,67,1,1,0
3566912,67,1,1,0
2250112,67,1,1,0
528368,67,1,0,1
4046536,67,1,1,0
3546560,67,1,1,0
4163168,67,1,1,0
3455960,67,1,0,1
2116912,67,1,1,0
4848040,67,1,0,1
953088,67,1,1,0
2124952,67,1,0,1
4558776,67,1,1,0
3251320,67,1,1,0
2816208,67,1,0,1
884320,67,1,0,1
2097872,67,1,1,0
518224,67,1,1,0
1790184,67,1,0,1
5627824,67,1,1,0
7265200,67,1,0,1
1156544,67,1,1,0
4682536,67,1,0,1
2888440,67,1,0,1
7962816,67,1,0,1
1689800,67,1,1,0
4533128,67,1,0,1
7317008,67,1,0,1
6828992,67,1,0,1
4686120,67,1,1,0
3872304,67,1,0,1
556432,67,1,1,0
4531104,67,1,1,0
1584728,67,1,0,1
628784,67,1,0,1
2363496,67,1,0,1
6019904,67,1,0,1
388288,67,1,1,0
8163272,67,1,0,1
4799496,67,1,1,0
1283760,67,1,1,0
1301704,67,1,0,1
4227952,67,1,0,1
751280,67,1,0,1
5166936,67,1,0,1
1248912,67,1,1,0
1523224,67,1,0,1
3764312,67,1,0,1
504184,67,1,0,1
4402016,67,1,1,0
1441584,67,1,1,0
4649728,67,1,1,0
2761944,67,1,1,0
1322512,67,1,1,0
2879272,67,1,1,0
1347088,67,1,0,1
7738056,67,1,1,0
578944,67,1,0,1
2711040,67,1,0,1
851544,67,1,1,0
5378224,67,1,0,1
8080480,67,1,0,1
2438656,67,1,1,0
1738232,67,1,0,1
1338000,67,1,0,1
6214808,67,1,0,1
1669816,67,1,1,0
773616,67,1,1,0
860864,67,1,0,1
1214976,67,1,0,1
3132320,67,1,1,0
2494272,67,1,1,0
5232304,67,1,0,1
4386936,67,1,1,0
268120,67,1,1,0
1306824,67,1,1,0
3600640,67,1,0,1
8034536,67,1,0,1
1923216,67,1,1,0
295288,67,1,0,1
516960,67,1,0,1
3780656,67,1,1,0
2982400,67,1,0,1
7991872,67,1,0,1
6919088,67,1,0,1
1622448,67,1,0,1
3479352,67,1,1,0
6593200,67,1,1,0
1313808,67,1,0,1
300024,67,1,0,1
1564976,67,1,0,1
2109816,67,1,0,1
3645240,67,1,0,1
230416,67,1,1,0
477504,67,1,1,0
1490576,67,1,1,0
3815208,67,1,0,1
4481480,67,1,1,0
6973264,67,1,1,0
137928,67,1,1,0
777896,67,1,1,0
716064,67,1,0,1
2628160,67,1,0,1
806880,67,1,0,1
505352,67,1,0,1
6362360,67,1,1,0
1259912,67,1,0,1
7886672,67,1,0,1
576112,67,1,0,1
412616,67,1,0,1
1466040,67,1,1,0
4769080,67,1,1,0
1856600,67,1,1,0
3239056,67,1,0,1
1797480,67,1,1,0
2389736,67,1,1,0
965136,67,1,0,1
2577096,67,1,1,0
3776944,67,1,0,1
1208608,67,1,1,0
7166600,67,1,0,1
2475400,67,1,0,1
4818528,67,1,1,0
2588136,67,1,1,0
2215600,67,1,0,1
1213896,67,1,1,0
2533600,67,1,0,1
7076320,67,1,0,1
5461536,67,1,0,1
358328,67,1,0,1
5055744,67,1,1,0
1866208,67,1,0,1
1066160,67,1,1,0
2019768,67,1,1,0
283240,67,1,0,1
2218368,67,1,1,0
795304,67,1,0,1
4653912,67,1,1,0
4120456,67,1,1,0
522048,67,1,1,0
249992,67,1,0,1
5224048,67,1,0,1
302928,67,1,1,0
4673536,67,1,0,1
2774904,67,1,0,1
1410768,67,1,1,0
361816,67,1,0,1
7142696,67,1,0,1
3168024,67,1,0,1
4122920,67,1,1,0
2080672,67,1,0,1
3312280,67,1,1,0
813488,67,1,0,1
714848,67,1,0,1
1450408,67,1,0,1
530616,67,1,0,1
2603384,67,1,1,0
2443480,67,1,1,0
4373528,67,1,1,0
4899352,67,1,1,0
2702400,67,1,0,1
2751912,67,1,0,1
1058328,67,1,1,0
649360,67,1,0,1
303328,67,1,1,0
817568,67,1,1,0
1593752,67,1,0,1
746408,67,1,1,0
2292376,67,1,0,1
1953120,67,1,1,0
6246856,67,1,1,0
5910272,67,1,1,0
1283448,67,1,1,0
4803384,67,1,0,1
196064,67,1,0,1
736872,67,1,1,0
836808,67,1,1,0
4298120,67,1,0,1
1773352,67,1,1,0
473120,67,1,0,1
854584,67,1,1,0
257480,67,1,0,1
4089728,67,1,1,0
105576,67,1,1,0
1022704,67,1,0,1
8018320,67,1,1,0
834384,67,1,0,1
1854504,67,1,1,0
2515064,67,1,0,1
3430240,67,1,0,1
2244320,67,1,0,1
1224472,67,1,0,1
1583536,67,1,1,0
4654584,67,1,0,1
1226040,67,1,1,0
2064360,67,1,0,1
7996912,67,1,0,1
793264,67,1,0,1
721248,67,1,0,1
1428496,67,1,1,0
3052296,67,1,1,0
694224,67,1,1,0
443328,67,1,0,1
1901672,67,1,0,1
7103200,67,1,1,0
5278368,67,1,0,1
4571584,67,1,1,0
1183048,67,1,0,1
614912,67,1,1,0
4658640,67,1,0,1
7250232,67,1,1,0
5384240,67,1,1,0
7163968,67,1,0,1
1384384,67,1,0,1
2849728,67,1,1,0
775504,67,1,0,1
5403224,67,1,0,1
8046296,67,1,0,1
1466552,67,1,0,1
5075432,68,1,0,1
3385504,68,1,0,1
2137232,68,1,1,0
4231472,68,1,0,1
4464816,68,1,0,1
7151688,68,1,0,1
6696872,68,1,1,0
267464,68,1,0,1
7772152,68,1,0,1
2251512,68,1,0,1
5927280,68,1,1,0
1688736,68,1,0,1
955112,68,1,0,1
4383904,68,1,1,0
7198352,68,1,1,0
227840,68,1,1,0
1425952,68,1,0,1
4086904,68,1,1,0
224952,68,1,1,0
247512,68,1,1,0
4772640,68,1,1,0
744496,68,1,1,0
2051328,68,1,1,0
1460496,68,1,1,0
3328416,68,1,0,1
529928,68,1,1,0
4669648,68,1,1,0
1574944,68,1,1,0
324784,68,1,0,1
6743704,68,1,1,0
7375000,68,1,0,1
3130416,68,1,1,0
2477648,68,1,1,0
3356384,68,1,0,1
7151256,68,1,0,1
2274648,68,1,1,0
6749312,68,1,0,1
6657656,68,1,1,0
4242792,68,1,1,0
3517008,68,1,0,1
2991592,68,1,1,0
1314656,68,1,0,1
1272712,68,1,0,1
2998720,68,1,0,1
3860400,68,1,0,1
604736,68,1,1,0
2129760,68,1,1,0
783056,68,1,0,1
1022560,68,1,0,1
5180504,68,1,1,0
1461168,68,1,0,1
362944,68,1,1,0
5943160,68,1,0,1
5004952,68,1,0,1
262888,68,1,1,0
6980656,68,1,0,1
8061720,68,1,0,1
836960,68,1,1,0
4447520,68,1,0,1
2438376,68,1,1,0
1566744,68,1,0,1
1472896,68,1,0,1
8172128,68,1,1,0
5707280,68,1,1,0
3745160,68,1,1,0
6678176,68,1,0,1
5693064,68,1,0,1
678264,68,1,1,0
1841448,68,1,0,1
5221344,68,1,1,0
4963952,68,1,0,1
7110440,68,1,0,1
4065480,68,1,1,0
2213352,68,1,0,1
782496,68,1,0,1
398600,68,1,0,1
919952,68,1,0,1
3230616,68,1,0,1
1444960,68,1,1,0
4105624,68,1,1,0
992432,68,1,0,1
4465400,68,1,1,0
7135144,68,1,1,0
5283776,68,1,1,0
7884688,68,1,0,1
3310240,68,1,0,1
332352,68,1,1,0
381176,68,1,1,0
4075776,68,1,0,1
7132520,68,1,1,0
1441104,68,1,0,1
275744,68,1,1,0
1762472,68,1,0,1
5952224,68,1,0,1
2033008,68,1,0,1
3600360,68,1,1,0
3175584,68,1,0,1
7422736,68,1,0,1
1015784,68,1,1,0
2170120,68,1,0,1
202312,68,1,1,0
1296384,68,1,1,0
7969928,68,1,1,0
7015632,68,1,0,1
3832256,68,1,1,0
6667064,68,1,0,1
816552,68,1,1,0
7445120,68,1,0,1
6967440,68,1,1,0
5118384,68,1,0,1
8327768,68,1,0,1
353416,68,1,0,1
475056,68,1,1,0
1511776,68,1,1,0
1442800,68,1,0,1
739008,68,1,0,1
1491504,68,1,1,0
1685672,68,1,1,0
2445368,68,1,1,0
1644496,68,1,1,0
2571960,68,1,0,1
2002040,68,1,1,0
1495936,68,1,0,1
820808,68,1,1,0
3869728,68,1,1,0
194600,68,1,1,0
237216,68,1,0,1
8035456,68,1,0,1
3525560,68,1,1,0
4337872,68,1,0,1
7893192,68,1,0,1
622656,68,1,0,1
3362144,68,1,0,1
908512,68,1,0,1
2340872,68,1,1,0
900920,68,1,1,0
5159560,68,1,0,1
3545272,68,1,1,0
6921312,68,1,1,0
1298608,68,1,0,1
3644944,68,1,0,1
2665136,68,1,0,1
839424,68,1,1,0
2039248,68,1,0,1
4259096,68,1,0,1
1331472,68,1,1,0
2976040,68,1,1,0
6549568,68,1,0,1
893712,68,1,1,0
425936,68,1,0,1
1770296,68,1,0,1
1142608,68,1,1,0
2405408,68,1,1,0
542616,68,1,1,0
5493704,68,1,0,1
1641632,68,1,0,1
573000,68,1,0,1
8329840,68,1,1,0
799728,68,1,1,0
3424144,68,1,1,0
2571888,68,1,1,0
5248784,68,1,1,0
2828296,68,1,0,1
2907592,68,1,1,0
2290592,68,1,1,0
7272304,68,1,1,0
5726160,68,1,0,1
710096,68,1,1,0
227896,68,1,0,1
710824,68,1,1,0
2754904,68,1,0,1
3508312,68,1,0,1
1017080,68,1,1,0
4645496,68,1,1,0
1652288,68,1,1,0
1421912,68,1,1,0
1368088,68,1,1,0
2324520,68,1,1,0
1619760,68,1,1,0
1217152,68,1,0,1
5823192,68,1,1,0
5768656,68,1,0,1
792672,68,1,0,1
417176,68,1,0,1
5841080,68,1,0,1
2694912,68,1,1,0
8070904,68,1,0,1
8134208,68,1,0,1
2090120,68,1,1,0
6359000,68,1,0,1
6282288,68,1,0,1
4782056,68,1,0,1
5957032,68,1,0,1
3245688,68,1,0,1
224176,68,1,1,0
5644680,68,1,1,0
3709208,68,1,1,0
2631264,68,1,1,0
746896,68,1,1,0
746864,68,1,1,0
1503552,68,1,0,1
706784,68,1,1,0
3516040,68,1,1,0
186112,68,1,0,1
3894184,68,1,0,1
7245000,68,1,1,0
4570360,68,1,1,0
7452584,68,1,1,0
3528080,68,1,0,1
116008,68,1,0,1
1208168,68,1,1,0
2471160,68,1,0,1
4167864,68,1,1,0
2932432,68,1,0,1
6102552,68,1,1,0
683360,68,1,1,0
661144,68,1,0,1
351144,68,1,0,1
2309040,68,1,1,0
7180536,68,1,0,1
357720,68,1,1,0
6012976,68,1,0,1
245896,68,1,1,0
794560,68,1,1,0
195408,68,1,0,1
1460592,68,1,1,0
383728,68,1,0,1
3240024,68,1,0,1
1832944,68,1,1,0
1692024,68,1,0,1
4075320,68,1,1,0
1884224,68,1,0,1
484360,68,1,0,1
1282656,68,1,0,1
3301136,68,1,1,0
599792,68,1,1,0
1349528,68,1,1,0
7120704,68,1,1,0
622376,68,1,0,1
450144,68,1,1,0
5761352,68,1,1,0
2817440,68,1,0,1
1147168,68,1,1,0
3532640,68,1,0,1
5822880,68,1,0,1
1219136,68,1,1,0
2451896,68,1,0,1
6125912,68,1,0,1
738840,68,1,0,1
4204680,68,1,1,0
1241384,68,1,1,0
7539112,68,1,0,1
915040,68,1,0,1
6012224,68,1,1,0
6899072,68,1,1,0
6310632,68,1,1,0
933272,68,1,1,0
789904,68,1,0,1
1895040,68,1,1,0
651776,68,1,0,1
1142384,68,1,0,1
3192200,68,1,1,0
175016,68,1,0,1
587928,68,1,1,0
1287696,68,1,0,1
2894256,68,1,1,0
1947912,68,1,1,0
3473704,68,1,1,0
963680,68,1,0,1
4034056,68,1,0,1
2876120,68,1,0,1
470792,68,1,0,1
522072,68,1,0,1
2796144,68,1,1,0
1266448,68,1,1,0
2349904,68,1,0,1
1193600,68,1,0,1
5150024,68,1,0,1
5297640,68,1,1,0
333584,68,1,0,1
5867880,68,1,0,1
2674696,68,1,1,0
2155624,68,1,0,1
235008,68,1,1,0
2093128,68,1,0,1
3300032,68,1,0,1
7546048,68,1,1,0
4622336,68,1,0,1
577976,68,1,1,0
2054936,68,1,1,0
1704528,68,1,0,1
1641712,68,1,0,1
7528672,68,1,1,0
2020472,68,1,1,0
270192,68,1,1,0
2030224,68,1,0,1
4198528,68,1,0,1
591336,68,1,0,1
2403232,68,1,0,1
3136416,68,1,1,0
1668632,68,1,1,0
3925832,68,1,0,1
7708928,68,1,0,1
1121024,68,1,1,0
1422224,68,1,0,1
972288,68,1,1,0
5564248,68,1,0,1
2895536,68,1,0,1
1603872,68,1,1,0
2385624,68,1,1,0
1012616,68,1,0,1
4208752,68,1,1,0
6905296,68,1,1,0
4853920,68,1,0,1
525328,68,1,0,1
8047976,68,1,0,1
6584656,68,1,1,0
4071728,68,1,0,1
688976,68,1,1,0
3733944,68,1,1,0
7673264,68,1,0,1
3960864,68,1,1,0
8007848,68,1,0,1
3613280,68,1,0,1
6854232,68,1,0,1
5391040,68,1,0,1
1193832,68,1,1,0
1338456,68,1,0,1
1646288,68,1,0,1
3188760,68,1,0,1
5727736,68,1,1,0
953688,68,1,1,0
574288,68,1,0,1
2307064,68,1,1,0
2291232,68,1,0,1
2867104,68,1,0,1
1386392,68,1,1,0
1698104,68,1,1,0
3670016,68,1,1,0
2936184,68,1,1,0
2233768,68,1,0,1
819872,68,1,0,1
1338664,68,1,0,1
2018096,68,1,0,1
4449352,68,1,1,0
1106112,68,1,0,1
885288,68,1,0,1
2166496,68,1,1,0
1527072,68,1,1,0
5846464,68,1,0,1
3907160,68,1,0,1
5748064,68,1,1,0
609232,68,1,0,1
6569232,68,1,0,1
543384,68,1,1,0
931248,68,1,1,0
4679080,68,1,0,1
798808,68,1,1,0
1326384,68,1,1,0
6673376,68,1,1,0
2440864,68,1,1,0
271216,68,1,1,0
5386344,68,1,1,0
1857880,68,1,0,1
1139792,68,1,1,0
1621624,68,1,1,0
166792,68,1,1,0
5020208,68,1,0,1
939840,68,1,0,1
2846192,68,1,1,0
2458232,68,1,0,1
4476632,68,1,0,1
7933064,68,1,0,1
3027664,68,1,1,0
4350776,68,1,0,1
1796088,68,1,0,1
2865456,68,1,0,1
7440000,68,1,0,1
371896,68,1,1,0
5291968,68,1,0,1
4526968,68,1,1,0
945368,68,1,1,0
8066000,68,1,0,1
961696,68,1,1,0
3593272,68,1,0,1
267288,68,1,0,1
3271496,68,1,1,0
3622752,68,1,1,0
1868920,68,1,1,0
707184,68,1,1,0
1910136,68,1,1,0
1812672,68,1,0,1
6519768,68,1,1,0
2008312,68,1,1,0
4013192,68,1,0,1
4846568,68,1,1,0
389456,68,1,0,1
1496768,68,1,1,0
3885960,68,1,0,1
3283872,68,1,0,1
2862136,68,1,1,0
869008,68,1,1,0
7075472,68,1,1,0
5464936,68,1,0,1
772976,68,1,1,0
2893808,68,1,1,0
730608,68,1,1,0
4962744,68,1,0,1
4684216,68,1,0,1
463608,68,1,1,0
3196152,68,1,0,1
2625712,68,1,1,0
3125776,68,1,1,0
2299008,68,1,1,0
1106872,68,1,0,1
1844752,68,1,0,1
333648,68,1,0,1
356280,68,1,0,1
2651432,68,1,0,1
634256,68,1,0,1
577840,68,1,0,1
429432,68,1,1,0
1970296,68,1,0,1
1034568,68,1,1,0
2013344,68,1,0,1
2266872,68,1,1,0
1927544,68,1,1,0
539904,68,1,1,0
2090200,68,1,1,0
229208,68,1,1,0
5292440,68,1,1,0
6031856,68,1,0,1
1554544,68,1,1,0
2715848,68,1,1,0
3994128,68,1,1,0
4617184,68,1,1,0
499512,68,1,0,1
3098744,68,1,0,1
844608,68,1,1,0
383416,68,1,0,1
649720,68,1,1,0
1492408,68,1,0,1
1481776,68,1,1,0
1297416,68,1,1,0
5583232,68,1,0,1
1068592,68,1,0,1
398640,68,1,1,0
522536,68,1,1,0
3780056,68,1,0,1
657592,68,1,1,0
5844920,68,1,0,1
1843512,68,1,0,1
381576,68,1,0,1
1285760,68,1,1,0
737944,68,1,0,1
2121824,68,1,0,1
556752,68,1,0,1
2179568,68,1,1,0
1804744,68,1,1,0
4570416,68,1,1,0
6035112,68,1,0,1
2597632,68,1,1,0
3357544,68,1,1,0
1833208,68,1,0,1
6659264,68,1,1,0
330224,68,1,1,0
221616,68,1,1,0
3728168,68,1,0,1
645056,68,1,1,0
2061992,68,1,1,0
883848,68,1,0,1
7260944,68,1,0,1
3643456,68,1,0,1
7624240,68,1,0,1
702256,68,1,1,0
4968648,68,1,0,1
8176744,68,1,1,0
844096,68,1,0,1
815640,68,1,0,1
8083312,68,1,1,0
3496328,68,1,1,0
5902136,68,1,0,1
1992576,68,1,1,0
3731376,68,1,1,0
1978040,68,1,0,1
1812848,68,1,1,0
6664672,68,1,0,1
2760424,68,1,0,1
1928648,68,1,0,1
4297808,68,1,0,1
6984800,68,1,0,1
3371104,68,1,0,1
8031848,68,1,1,0
7643224,68,1,1,0
1148392,68,1,0,1
5155416,68,1,0,1
250736,68,1,1,0
2279984,68,1,1,0
2132344,68,1,1,0
7032672,68,1,0,1
444928,68,1,1,0
5060016,68,1,1,0
8262608,68,1,1,0
582112,68,1,1,0
5894696,68,1,1,0
2909960,68,1,0,1
8322960,68,1,1,0
1219968,68,1,1,0
1004824,68,1,1,0
5743480,68,1,1,0
4230488,68,1,1,0
4378680,68,1,0,1
1600168,68,1,1,0
1576632,68,1,0,1
4816712,68,1,1,0
823912,68,1,0,1
677208,68,1,1,0
1058984,68,1,1,0
674096,68,1,0,1
5158648,68,1,0,1
3171728,68,1,1,0
3670128,68,1,0,1
2491624,68,1,0,1
1324208,68,1,0,1
903896,68,1,1,0
1825336,68,1,1,0
7633880,68,1,0,1
5749688,68,1,1,0
1482600,68,1,1,0
273976,68,1,1,0
851832,68,1,1,0
1227024,68,1,1,0
1616392,68,1,0,1
5973160,68,1,0,1
5519472,68,1,0,1
871064,68,1,0,1
1734360,68,1,1,0
5197392,68,1,0,1
3139728,68,1,1,0
622416,68,1,0,1
189472,68,1,0,1
1633272,68,1,0,1
939024,68,1,0,1
1426504,68,1,1,0
5727192,68,1,0,1
4576952,68,1,0,1
980512,68,1,0,1
1494896,68,1,1,0
1471000,68,1,0,1
3754712,68,1,1,0
7108680,68,1,1,0
477000,68,1,0,1
1174304,68,1,0,1
1748664,68,1,1,0
4797856,68,1,1,0
4207800,68,1,0,1
811376,68,1,1,0
631600,68,1,0,1
8250712,68,1,0,1
4706576,68,1,1,0
2574480,68,1,0,1
2712384,68,1,1,0
1833768,68,1,0,1
549384,68,1,1,0
2528520,68,1,1,0
6028904,68,1,0,1
2437664,68,1,0,1
6062520,68,1,0,1
3607112,68,1,1,0
119648,68,1,0,1
4778368,68,1,1,0
4302208,68,1,1,0
1570824,68,1,0,1
1118128,68,1,1,0
1692088,68,1,1,0
7839584,68,1,1,0
595544,68,1,0,1
2764424,68,1,1,0
254552,68,1,0,1
7094264,68,1,0,1
2875016,68,1,0,1
1326120,68,1,1,0
79944,68,1,1,0
4328632,68,1,1,0
4551696,68,1,0,1
2995736,68,1,0,1
2450400,68,1,0,1
4028384,68,1,1,0
2259184,68,1,1,0
3560592,68,1,0,1
3760616,68,1,1,0
4862296,68,1,1,0
860880,68,1,1,0
789136,68,1,0,1
2623552,68,1,1,0
6121816,68,1,0,1
1979760,68,1,0,1
3861272,68,1,1,0
2093192,68,1,1,0
7881296,68,1,1,0
527320,68,1,0,1
4275944,68,1,1,0
421120,68,1,0,1
2812424,68,1,0,1
5445976,68,1,1,0
1632600,68,1,0,1
288304,68,1,1,0
2861656,68,1,1,0
647040,68,1,0,1
6422352,68,1,0,1
5427240,68,1,0,1
989200,68,1,1,0
3314888,68,1,1,0
7560264,68,1,1,0
2288408,68,1,0,1
5111872,68,1,0,1
460176,68,1,1,0
681984,68,1,1,0
332416,68,1,0,1
1505072,68,1,1,0
2754304,68,1,1,0
485016,68,1,1,0
619256,68,1,1,0
1159544,68,1,1,0
1578800,68,1,0,1
2113608,68,1,0,1
3433128,68,1,0,1
8230024,68,1,0,1
6625096,68,1,0,1
4534176,68,1,1,0
7297968,68,1,0,1
1627904,68,1,1,0
6713784,68,1,0,1
98176,68,1,1,0
1729000,68,1,1,0
2976000,68,1,0,1
3042560,68,1,0,1
5111344,68,1,0,1
4029400,68,1,1,0
864472,68,1,0,1
4801000,68,1,0,1
1794624,68,1,0,1
4778912,68,1,1,0
7857864,68,1,0,1
875968,68,1,1,0
1359072,68,1,1,0
2256864,68,1,1,0
976144,68,1,0,1
673800,68,1,1,0
1528744,68,1,1,0
568216,68,1,0,1
1442024,68,1,1,0
2112016,68,1,1,0
3743216,68,1,1,0
6148136,68,1,0,1
3548056,68,1,0,1
2849608,68,1,1,0
2078824,68,1,0,1
296912,68,1,0,1
1305272,68,1,0,1
3095176,68,1,1,0
5568376,68,1,0,1
4671432,68,1,1,0
7530176,68,1,1,0
7680688,68,1,1,0
585536,68,1,0,1
325840,68,1,0,1
2720592,68,1,1,0
498712,68,1,0,1
1130208,68,1,0,1
1386712,68,1,1,0
312824,68,1,1,0
1296104,68,1,1,0
701288,68,1,0,1
1116008,68,1,0,1
680528,68,1,0,1
2006672,68,1,1,0
2024240,68,1,1,0
6426880,68,1,1,0
2503024,68,1,1,0
527312,68,1,1,0
753464,68,1,1,0
248480,68,1,0,1
2661128,68,1,0,1
6057256,68,1,1,0
429240,68,1,0,1
2544424,68,1,1,0
6235528,68,1,0,1
3116544,68,1,0,1
1041808,68,1,0,1
3410536,68,1,1,0
852216,68,1,0,1
298008,68,1,1,0
8319408,68,1,1,0
1072488,68,1,1,0
675752,68,1,1,0
288208,68,1,0,1
255912,68,1,0,1
5826400,68,1,1,0
1524552,68,1,0,1
1625720,68,1,1,0
1922472,68,1,0,1
552912,68,1,1,0
4985200,68,1,1,0
5459536,68,1,0,1
8160752,68,1,1,0
1047232,68,1,0,1
3684440,68,1,1,0
815216,68,1,0,1
1118928,68,1,1,0
3817832,68,1,1,0
1129584,68,1,0,1
2675184,68,1,0,1
1086032,68,1,0,1
3491640,68,1,1,0
1109824,68,1,0,1
768064,68,1,0,1
2670184,68,1,1,0
2523976,68,1,0,1
659888,68,1,0,1
1102048,68,1,1,0
725464,68,1,0,1
2681528,68,1,1,0
6437336,68,1,1,0
2340248,68,1,1,0
172000,68,1,0,1
5772080,68,1,0,1
4863224,68,1,0,1
6115488,68,1,1,0
5893480,68,1,1,0
985304,68,1,1,0
940488,68,1,0,1
2180640,68,1,1,0
2961456,68,1,1,0
5788944,68,1,0,1
1223888,68,1,1,0
437152,68,1,0,1
1873256,68,1,1,0
188600,68,1,0,1
560584,68,1,0,1
303136,68,1,0,1
99192,68,1,0,1
1758464,68,1,1,0
6244456,68,1,0,1
3848616,68,1,0,1
490904,68,1,1,0
3301272,68,1,1,0
806536,68,1,1,0
1137360,68,1,0,1
5487864,68,1,1,0
632584,68,1,1,0
909128,68,1,0,1
2982232,68,1,0,1
194752,68,1,0,1
367416,68,1,1,0
1720840,68,1,1,0
3801848,68,1,0,1
107408,68,1,0,1
6494856,68,1,1,0
944792,68,1,0,1
1551288,68,1,1,0
6911992,68,1,0,1
7444272,68,1,0,1
1413016,68,1,1,0
5390776,68,1,0,1
1570800,68,1,0,1
6581376,68,1,1,0
823352,68,1,1,0
2213944,68,1,0,1
7199808,68,1,0,1
8080688,68,1,0,1
7494768,68,1,1,0
3210448,68,1,1,0
1453560,68,1,0,1
5043864,68,1,0,1
1330880,68,1,1,0
1210000,68,1,1,0
3023064,68,1,1,0
1975048,68,1,0,1
6233728,68,1,0,1
6066432,68,1,0,1
1728968,68,1,1,0
7417000,68,1,0,1
6508632,68,1,1,0
4991024,68,1,0,1
1575056,68,1,1,0
2018016,68,1,0,1
2050896,68,1,1,0
2534248,68,1,0,1
3151936,68,1,0,1
1796184,68,1,1,0
295056,68,1,1,0
776632,68,1,1,0
583240,68,1,0,1
4835912,68,1,0,1
4010672,68,1,0,1
1136776,68,1,1,0
140792,68,1,0,1
5600504,68,1,1,0
474248,68,1,0,1
593360,68,1,0,1
3635760,68,1,0,1
118408,68,1,1,0
73584,68,1,0,1
4349512,68,1,0,1
2468768,68,1,0,1
2942776,68,1,1,0
3502104,68,1,1,0
5100568,68,1,1,0
1132144,68,1,0,1
1149520,68,1,1,0
628496,68,1,1,0
1363024,68,1,1,0
861600,68,1,0,1
6509176,68,1,1,0
364344,68,1,0,1
132000,68,1,0,1
497728,68,1,1,0
4032840,68,1,0,1
761624,68,1,1,0
863176,68,1,0,1
2378328,68,1,0,1
6991280,68,1,1,0
388664,68,1,1,0
5208368,68,1,1,0
5398400,68,1,0,1
6869016,68,1,1,0
757504,68,1,1,0
527872,68,1,1,0
1620528,68,1,0,1
3387328,68,1,0,1
441960,68,1,0,1
1028920,68,1,1,0
7318192,68,1,0,1
4344048,68,1,1,0
689384,68,1,0,1
490080,68,1,1,0
1893232,68,1,1,0
666784,68,1,1,0
4087736,68,1,1,0
1117256,68,1,1,0
427488,68,1,1,0
250568,68,1,0,1
906112,68,1,0,1
2428080,68,1,0,1
4699352,68,1,0,1
288120,68,1,0,1
2564856,68,1,1,0
6621400,68,1,1,0
4642432,68,1,0,1
1428720,68,1,1,0
4260256,68,1,1,0
1296032,68,1,1,0
3475328,68,1,1,0
632016,68,1,0,1
5131032,68,1,0,1
362368,68,1,1,0
4484576,68,1,1,0
818328,68,1,1,0
7896128,68,1,0,1
271016,68,1,1,0
5307768,68,1,0,1
1669336,68,1,0,1
4826184,68,1,0,1
1626760,68,1,0,1
2938608,68,1,1,0
2777824,68,1,1,0
4756520,68,1,1,0
1504744,68,1,0,1
1878224,68,1,1,0
2474600,68,1,0,1
1589240,68,1,0,1
842048,68,1,1,0
5171984,68,1,1,0
2441832,68,1,1,0
7608536,68,1,1,0
6124048,68,1,1,0
4437072,68,1,1,0
7931512,68,1,0,1
1045104,68,1,1,0
282272,68,1,1,0
8182080,68,1,1,0
2375664,68,1,0,1
8163872,68,1,1,0
978032,68,1,0,1
1409464,68,1,0,1
1508032,68,1,0,1
632160,68,1,0,1
1667048,68,1,0,1
1084744,68,1,0,1
169144,68,1,0,1
1655984,68,1,1,0
1278800,68,1,0,1
475360,68,1,0,1
3448696,68,1,1,0
318472,68,1,1,0
3095000,68,1,0,1
5753136,68,1,0,1
2940072,68,1,0,1
1414896,68,1,1,0
6293128,68,1,1,0
555240,68,1,0,1
610432,68,1,1,0
1095168,68,1,0,1
3600064,68,1,1,0
2549632,68,1,0,1
5597608,68,1,0,1
7637240,68,1,0,1
473360,68,1,0,1
1084200,68,1,0,1
427456,68,1,1,0
4475608,68,1,1,0
1398448,68,1,0,1
6873504,68,1,1,0
1031880,68,1,0,1
589272,68,1,1,0
5054008,68,1,1,0
1544464,68,1,1,0
1156448,68,1,0,1
4945288,68,1,1,0
536792,68,1,1,0
235736,68,1,0,1
2318032,68,1,0,1
6033768,68,1,1,0
4050032,68,1,0,1
2556168,68,1,1,0
4811312,68,1,1,0
242072,68,1,1,0
6141208,68,1,1,0
334224,68,1,1,0
642552,68,1,0,1
3561800,68,1,1,0
4902264,68,1,1,0
2803088,68,1,0,1
1346384,68,1,1,0
1403904,68,1,1,0
1081608,68,1,1,0
5122632,68,1,1,0
1884384,68,1,1,0
1702824,68,1,1,0
1464840,68,1,1,0
1002536,68,1,0,1
1427424,68,1,1,0
825296,68,1,1,0
6384112,68,1,1,0
4803072,68,1,0,1
124776,68,1,1,0
2731704,68,1,0,1
216568,68,1,0,1
3142752,68,1,0,1
5132888,68,1,1,0
997616,68,1,1,0
1565392,68,1,0,1
1145296,68,1,1,0
2861992,68,1,0,1
3996040,68,1,1,0
372832,68,1,0,1
275864,68,1,0,1
7947152,68,1,0,1
2868248,68,1,0,1
3143920,68,1,0,1
1054480,68,1,1,0
584720,68,1,0,1
6815952,68,1,1,0
5461776,68,1,0,1
4863880,68,1,0,1
2493848,68,1,0,1
6319144,68,1,0,1
1270184,68,1,1,0
3358072,68,1,1,0
235152,68,1,1,0
863384,68,1,1,0
3562264,68,1,0,1
1937704,68,1,1,0
2829304,68,1,1,0
7226384,68,1,1,0
1387808,68,1,0,1
588472,68,1,1,0
1066008,68,1,0,1
3552712,68,1,0,1
1277896,68,1,1,0
1118440,68,1,1,0
1200536,68,1,1,0
1433208,68,1,0,1
722296,68,1,0,1
1040576,68,1,1,0
1468600,68,1,0,1
2204160,68,1,1,0
1260256,68,1,0,1
2462512,68,1,1,0
6698408,68,1,1,0
1178560,68,1,0,1
1249432,68,1,0,1
805488,68,1,1,0
4432104,68,1,0,1
7770256,68,1,1,0
746304,68,1,1,0
546600,68,1,1,0
3156352,68,1,1,0
941184,68,1,1,0
4565616,68,1,1,0
4629144,68,1,0,1
1551656,68,1,1,0
5908752,68,1,0,1
2231920,68,1,1,0
235728,68,1,1,0
2079456,68,1,0,1
4882768,68,1,0,1
328264,68,1,1,0
1503976,68,1,0,1
4110616,68,1,1,0
7445792,68,1,1,0
559096,68,1,1,0
1203600,68,1,1,0
2484432,68,1,0,1
2960464,68,1,0,1
5530816,68,1,1,0
405872,68,1,0,1
4503712,68,1,0,1
3822608,68,1,0,1
2939760,68,1,1,0
6941264,68,1,1,0
6952280,68,1,1,0
754840,68,1,1,0
518944,68,1,1,0
1122336,68,1,1,0
333112,68,1,1,0
1225512,68,1,1,0
1000336,68,1,1,0
1245912,68,1,1,0
3629336,68,1,0,1
3669320,68,1,1,0
590312,68,1,1,0
6359936,68,1,1,0
2729264,68,1,1,0
2965776,68,1,1,0
853096,68,1,1,0
5717600,68,1,0,1
429912,68,1,1,0
2648296,68,1,0,1
7348648,68,1,0,1
4600008,68,1,0,1
5475536,68,1,1,0
2654528,68,1,1,0
1124000,68,1,0,1
1556376,68,1,1,0
3326112,68,1,1,0
1247984,68,1,0,1
923664,68,1,1,0
6895424,68,1,0,1
1410880,68,1,0,1
481032,68,1,0,1
1197456,68,1,0,1
631576,68,1,1,0
1371992,68,1,0,1
2069088,68,1,1,0
536448,68,1,0,1
990016,68,1,0,1
951448,68,1,1,0
791312,68,1,1,0
665632,68,1,0,1
989536,68,1,1,0
1319720,68,1,1,0
6962552,68,1,1,0
1395472,68,1,0,1
567360,68,1,0,1
7787312,68,1,0,1
3115400,68,1,1,0
3103264,68,1,0,1
2469840,68,1,0,1
851224,68,1,0,1
359728,68,1,1,0
1294408,68,1,0,1
2935360,68,1,0,1
6693064,68,1,0,1
3116984,68,1,1,0
286744,68,1,0,1
1183376,68,1,1,0
1275344,68,1,1,0
5036088,68,1,0,1
7959640,68,1,0,1
4238928,68,1,1,0
1658328,68,1,0,1
438752,68,1,1,0
4382696,68,1,1,0
6066944,68,1,1,0
3540880,68,1,1,0
2301920,68,1,1,0
3899808,68,1,0,1
1551040,68,1,0,1
1237304,68,1,1,0
5027288,68,1,0,1
8196992,68,1,1,0
810376,68,1,0,1
5625232,68,1,0,1
626096,68,1,1,0
2564136,68,1,1,0
134344,68,1,1,0
297048,68,1,0,1
1616696,68,1,0,1
692896,68,1,1,0
6848104,68,1,1,0
7144392,68,1,0,1
8090952,68,1,0,1
3384568,68,1,1,0
3308760,68,1,1,0
6282000,68,1,1,0
2693192,68,1,1,0
380032,68,1,0,1
8315992,68,1,0,1
2074048,68,1,1,0
678224,68,1,0,1
3101424,68,1,0,1
239992,68,1,0,1
3408240,68,1,1,0
1998656,68,1,1,0
616320,68,1,0,1
3168832,68,1,1,0
1574912,68,1,0,1
163704,68,1,1,0
2964336,68,1,1,0
3331296,68,1,1,0
591008,68,1,1,0
1379120,68,1,1,0
408264,68,1,0,1
3503424,68,1,1,0
6836432,68,1,1,0
5584856,68,1,1,0
316560,68,1,0,1
317144,68,1,0,1
922248,68,1,1,0
611264,68,1,0,1
140152,68,1,1,0
3557920,68,1,1,0
5229256,68,1,0,1
5434152,68,1,1,0
7071568,68,1,0,1
1388720,68,1,1,0
596176,68,1,0,1
912880,68,1,0,1
894656,68,1,0,1
6931016,68,1,1,0
1464704,68,1,1,0
234456,68,1,0,1
7605064,68,1,1,0
5101432,68,1,0,1
2582816,68,1,1,0
314416,68,1,1,0
6818768,68,1,0,1
1078816,68,1,0,1
6206832,68,1,0,1
991912,68,1,0,1
2062680,68,1,0,1
3884464,68,1,0,1
1741312,68,1,1,0
640632,68,1,0,1
2112000,68,1,0,1
1304200,68,1,0,1
4543808,68,1,0,1
2120504,68,1,0,1
1029824,68,1,0,1
2297416,68,1,1,0
1556512,68,1,1,0
2001560,68,1,1,0
2575576,68,1,0,1
756336,68,1,1,0
290104,68,1,0,1
2149648,68,1,0,1
7570720,68,1,1,0
7427560,68,1,1,0
5100704,68,1,0,1
3019064,68,1,0,1
788536,68,1,1,0
4188552,68,1,1,0
6142976,68,1,0,1
747016,68,1,0,1
4926208,68,1,0,1
4198744,68,1,1,0
7645520,68,1,0,1
2166136,68,1,1,0
1189832,68,1,0,1
3812744,68,1,0,1
6776456,68,1,0,1
1519896,68,1,1,0
434096,68,1,1,0
2918552,68,1,1,0
1158496,68,1,0,1
5048976,68,1,1,0
3306704,68,1,0,1
4400264,68,1,0,1
1532568,68,1,1,0
1519024,68,1,1,0
3338240,68,1,1,0
1674224,68,1,1,0
1992736,68,1,1,0
1059856,68,1,1,0
3550376,68,1,1,0
8348384,68,1,0,1
3508928,68,1,0,1
7723568,68,1,0,1
174056,68,1,0,1
459184,68,1,1,0
1654760,68,1,0,1
7476184,68,1,1,0
7680368,68,1,1,0
5458336,68,1,0,1
1042200,68,1,0,1
1771136,68,1,1,0
4918336,68,1,1,0
1619728,68,1,0,1
1399840,68,1,0,1
4205024,68,1,1,0
3081584,68,1,1,0
466368,68,1,0,1
6373360,68,1,0,1
5494344,68,1,1,0
114232,68,1,1,0
1851208,68,1,0,1
1191872,68,1,1,0
5842264,68,1,0,1
538216,68,1,1,0
3972784,68,1,1,0
1448352,68,1,0,1
1064520,68,1,0,1
707984,68,1,1,0
675064,68,1,0,1
2957392,68,1,1,0
917960,68,1,0,1
2066800,68,1,0,1
167104,68,1,0,1
1153936,68,1,1,0
2008040,68,1,1,0
7633336,68,1,0,1
3010056,68,1,0,1
5342864,68,1,0,1
6297712,68,1,0,1
4787624,68,1,0,1
676232,68,1,1,0
263064,68,1,1,0
8180184,68,1,1,0
6231336,68,1,1,0
441544,68,1,1,0
1043808,68,1,0,1
618912,68,1,0,1
5221744,68,1,0,1
1631392,68,1,1,0
630504,68,1,1,0
6594784,68,1,0,1
5803776,68,1,0,1
693152,68,1,0,1
2948304,68,1,0,1
2290384,68,1,1,0
6689584,68,1,0,1
1648728,68,1,1,0
5102632,68,1,0,1
462128,68,1,0,1
5904256,68,1,0,1
2597888,68,1,0,1
1068048,68,1,1,0
5984696,68,1,0,1
3776528,68,1,0,1
130720,68,1,0,1
4056672,68,1,1,0
3585960,68,1,0,1
7782448,68,1,1,0
5616064,68,1,1,0
3903864,68,1,0,1
6685840,68,1,1,0
1840208,68,1,1,0
4154288,68,1,0,1
4605464,68,1,1,0
924440,68,1,1,0
871816,68,1,1,0
3953040,68,1,0,1
1266400,68,1,1,0
1124808,68,1,0,1
628144,68,1,1,0
8079720,68,1,1,0
930576,68,1,1,0
2880488,68,1,0,1
1999648,68,1,0,1
5241280,68,1,1,0
294008,68,1,1,0
815328,68,1,0,1
473672,68,1,1,0
3527168,68,1,0,1
2216424,68,1,0,1
5020056,68,1,0,1
7511056,68,1,0,1
8192512,68,1,1,0
3033920,68,1,1,0
2400800,68,1,0,1
474392,68,1,0,1
3334904,68,1,1,0
2589336,68,1,0,1
3231728,68,1,1,0
1922720,68,1,0,1
1487344,68,1,1,0
545080,68,1,0,1
378760,68,1,0,1
2409448,68,1,1,0
1056336,68,1,1,0
3321552,68,1,1,0
8248560,68,1,0,1
2152712,68,1,0,1
756120,68,1,1,0
4739456,68,1,0,1
660376,68,1,0,1
3342032,68,1,1,0
7864632,68,1,0,1
1142968,68,1,1,0
1139112,68,1,1,0
3454024,68,1,1,0
5452712,68,1,1,0
305384,68,1,1,0
5709640,68,1,0,1
3325344,68,1,0,1
446264,68,1,0,1
1190368,68,1,0,1
2267984,68,1,1,0
902184,68,1,1,0
2010336,68,1,1,0
7907624,68,1,1,0
1398128,68,1,0,1
320640,68,1,0,1
5449728,68,1,0,1
3440656,68,1,1,0
862168,68,1,1,0
3364320,68,1,0,1
400584,68,1,1,0
801960,68,1,0,1
6026888,68,1,1,0
566688,68,1,0,1
2752024,68,1,1,0
2771856,68,1,0,1
6597096,68,1,0,1
3599560,68,1,1,0
2027448,68,1,0,1
5809864,68,1,1,0
2898912,68,1,1,0
593280,68,1,1,0
5438744,68,1,1,0
151624,68,1,0,1
1150432,68,1,1,0
669928,68,1,1,0
1223360,68,1,1,0
1105368,68,1,1,0
2164016,68,1,1,0
2357128,68,1,0,1
2379840,68,1,0,1
1180576,68,1,0,1
5985408,68,1,0,1
5701296,68,1,0,1
685848,68,1,0,1
600784,68,1,0,1
4596760,68,1,1,0
437568,68,1,1,0
2103144,68,1,0,1
6124752,68,1,0,1
7064488,68,1,0,1
2364176,68,1,0,1
1092048,68,1,1,0
6213592,68,1,0,1
821080,68,1,0,1
1276712,68,1,1,0
4967832,68,1,0,1
3688656,68,1,1,0
476072,68,1,0,1
5306792,68,1,1,0
5396296,68,1,1,0
315872,68,1,0,1
1957632,68,1,0,1
1113120,68,1,1,0
7061368,68,1,1,0
3877880,68,1,0,1
2417096,68,1,0,1
627432,68,1,1,0
4427136,68,1,0,1
462696,68,1,1,0
670064,68,1,0,1
6903752,68,1,0,1
455232,68,1,0,1
609632,68,1,0,1
7169968,68,1,1,0
4075568,68,1,0,1
786224,68,1,0,1
4055832,68,1,1,0
7819936,68,1,1,0
4316528,68,1,0,1
7539128,68,1,0,1
468232,68,1,0,1
509992,68,1,0,1
6202728,68,1,0,1
692880,68,1,0,1
2809112,68,1,1,0
7332240,68,1,0,1
5056400,68,1,1,0
1120960,68,1,0,1
2678496,68,1,0,1
646496,68,1,0,1
2571408,68,1,1,0
159912,68,1,1,0
718160,68,1,1,0
911160,68,1,0,1
7576160,68,1,1,0
1557888,68,1,1,0
902392,68,1,1,0
69728,68,1,0,1
4910768,68,1,1,0
6486904,68,1,1,0
3352984,68,1,0,1
142160,68,1,0,1
769208,68,1,1,0
7803648,68,1,1,0
761704,68,1,1,0
4677728,68,1,0,1
6737200,68,1,0,1
7522744,68,1,0,1
2066456,68,1,1,0
6998128,68,1,1,0
2641664,68,1,1,0
889680,68,1,1,0
1010088,68,1,0,1
6161840,68,1,1,0
3426160,68,1,0,1
4336664,68,1,0,1
2238680,68,1,1,0
1894320,68,1,1,0
5021136,68,1,0,1
790448,68,1,1,0
5531736,68,1,0,1
77848,68,1,0,1
1123328,68,1,0,1
2383216,68,1,0,1
1071928,68,1,1,0
3664616,68,1,1,0
1202168,68,1,0,1
1069816,68,1,1,0
6341216,68,1,0,1
848064,68,1,0,1
2424376,68,1,0,1
3505680,68,1,1,0
312592,68,1,1,0
4279248,68,1,1,0
2175576,68,1,0,1
5057160,68,1,1,0
4381272,68,1,1,0
4681896,68,1,1,0
4075784,68,1,0,1
5586472,68,1,0,1
4594960,68,1,1,0
5959688,68,1,0,1
2156952,68,1,1,0
227312,68,1,0,1
2249632,68,1,0,1
842544,68,1,0,1
484824,68,1,1,0
943312,68,1,1,0
2966160,68,1,0,1
1646568,68,1,1,0
6551104,68,1,0,1
1310160,68,1,1,0
1726888,68,1,1,0
894096,68,1,0,1
1075104,68,1,0,1
409232,68,1,1,0
2629576,68,1,1,0
988936,68,1,0,1
3477496,68,1,1,0
355944,68,1,0,1
5618856,68,1,0,1
831184,68,1,0,1
1787000,68,1,1,0
4446176,68,1,1,0
4796048,68,1,1,0
4698320,68,1,0,1
2322936,68,1,0,1
1415208,68,1,1,0
5137304,68,1,1,0
1152616,68,1,0,1
900224,68,1,1,0
507712,68,1,0,1
4713624,68,1,0,1
396064,68,1,1,0
799136,68,1,1,0
7509240,68,1,1,0
4868464,68,1,0,1
5586584,68,1,1,0
1284680,68,1,0,1
120624,68,1,1,0
602040,68,1,0,1
4055224,68,1,1,0
2060928,68,1,0,1
485448,68,1,1,0
1337776,68,1,1,0
5024280,68,1,1,0
1466584,68,1,0,1
1966376,68,1,1,0
3954592,68,1,0,1
3839064,68,1,1,0
4105312,68,1,1,0
7975512,68,1,1,0
966888,68,1,0,1
5604944,68,1,1,0
4827256,68,1,0,1
1650032,68,1,0,1
3486312,68,1,1,0
2335384,68,1,0,1
7752008,68,1,1,0
1333048,68,1,0,1
3630920,68,1,0,1
8140000,68,1,0,1
232488,68,1,1,0
1516432,68,1,0,1
452176,68,1,1,0
1437224,68,1,0,1
1094336,68,1,0,1
6604384,68,1,1,0
3231288,68,1,0,1
2560248,68,1,1,0
2019824,68,1,1,0
2648104,68,1,0,1
4341472,68,1,0,1
2763624,68,1,0,1
1937056,68,1,1,0
1556496,68,1,0,1
745944,68,1,1,0
772984,68,1,1,0
482752,68,1,1,0
6198536,68,1,1,0
3101920,68,1,0,1
3950592,68,1,0,1
1117896,68,1,1,0
4607464,68,1,1,0
1999280,68,1,1,0
744472,68,1,1,0
328824,68,1,1,0
1778232,68,1,0,1
92032,68,1,0,1
4953024,68,1,0,1
2772968,68,1,0,1
243208,68,1,0,1
499152,68,1,1,0
733808,68,1,1,0
2773928,68,1,1,0
2312104,68,1,0,1
2995632,68,1,1,0
3123528,68,1,1,0
379968,68,1,0,1
1069112,68,1,1,0
1514832,68,1,0,1
825528,68,1,1,0
5053944,68,1,0,1
335392,68,1,0,1
235336,68,1,1,0
421736,68,1,0,1
409048,68,1,0,1
147144,68,1,1,0
693496,68,1,1,0
2001448,68,1,1,0
5783072,68,1,0,1
4170928,68,1,0,1
1038416,68,1,1,0
442216,68,1,1,0
1978512,68,1,1,0
735536,68,1,1,0
1035248,68,1,1,0
2948128,68,1,0,1
7328416,68,1,0,1
183120,68,1,0,1
5217680,68,1,1,0
5593232,68,1,1,0
5322888,68,1,0,1
424608,68,1,1,0
2336144,68,1,0,1
4180704,68,1,1,0
1265496,68,1,1,0
4408032,68,1,0,1
504336,68,1,1,0
2245152,68,1,0,1
6114832,68,1,0,1
4931024,68,1,0,1
646000,68,1,0,1
2377880,68,1,1,0
1029248,68,1,1,0
1946704,68,1,0,1
2423168,68,1,1,0
3707304,68,1,1,0
2407528,68,1,0,1
2180336,68,1,0,1
381728,68,1,0,1
6341448,68,1,0,1
1152848,68,1,0,1
3298968,68,1,1,0
7702416,68,1,0,1
1378288,68,1,1,0
395632,68,1,1,0
354576,68,1,0,1
684256,68,1,0,1
5082952,68,1,1,0
4620352,68,1,1,0
5906744,68,1,1,0
477520,68,1,1,0
290120,68,1,0,1
7990440,68,1,0,1
5264744,68,1,0,1
653008,68,1,1,0
301520,68,1,0,1
989920,68,1,0,1
3052272,68,1,0,1
1519992,68,1,0,1
1278808,68,1,0,1
3420904,68,1,0,1
7952504,68,1,0,1
1347656,68,1,1,0
2613384,68,1,0,1
1159048,68,1,1,0
2977976,68,1,1,0
372336,68,1,1,0
1660456,68,1,1,0
5020096,68,1,0,1
2360816,68,1,0,1
3393536,68,1,0,1
1497744,68,1,0,1
8308136,68,1,0,1
913016,68,1,1,0
5688184,68,1,1,0
3392600,68,1,0,1
2610288,68,1,1,0
1474864,68,1,1,0
5140520,68,1,0,1
1972680,68,1,0,1
85088,68,1,0,1
3933048,68,1,1,0
2477168,68,1,0,1
2129968,68,1,1,0
117368,68,1,1,0
3249368,68,1,0,1
2851984,68,1,0,1
1861072,68,1,1,0
3028456,68,1,1,0
145944,68,1,0,1
434848,68,1,0,1
3577448,68,1,0,1
4150976,68,1,1,0
810864,68,1,1,0
1074728,68,1,1,0
6551152,68,1,0,1
1783472,68,1,0,1
6308344,68,1,0,1
5134040,68,1,0,1
895896,68,1,1,0
6417376,68,1,1,0
3568984,68,1,1,0
702400,68,1,1,0
1598800,68,1,0,1
177144,68,1,1,0
4818400,68,1,0,1
2762544,68,1,0,1
6996408,68,1,1,0
2221480,68,1,1,0
1656392,68,1,1,0
463136,68,1,0,1
2436088,68,1,0,1
7184360,68,1,0,1
806696,68,1,0,1
2695240,68,1,1,0
2260368,68,1,1,0
7977208,68,1,1,0
409016,68,1,1,0
8038192,68,1,0,1
296704,68,1,0,1
5213672,68,1,0,1
770584,68,1,1,0
4706480,68,1,0,1
1328432,68,1,0,1
1328736,68,1,1,0
2196944,68,1,0,1
467208,68,1,0,1
969960,68,1,1,0
986008,68,1,0,1
4739240,68,1,0,1
378680,68,1,1,0
8276976,68,1,1,0
1036672,68,1,1,0
2237808,68,1,0,1
4834616,68,1,0,1
3078384,68,1,0,1
3141576,68,1,0,1
3911928,68,1,1,0
1024648,68,1,0,1
4235280,68,1,1,0
3404256,68,1,0,1
2366928,68,1,0,1
1230272,68,1,0,1
2962656,68,1,1,0
5659208,68,1,0,1
8193944,68,1,1,0
1328488,68,1,0,1
4935856,68,1,1,0
131464,68,1,0,1
7792872,68,1,1,0
7619544,68,1,1,0
7108352,68,1,1,0
1592592,68,1,1,0
5440184,68,1,0,1
2157128,68,1,1,0
1179264,68,1,0,1
2629904,68,1,0,1
5032672,68,1,1,0
3211688,68,1,1,0
5589328,68,1,1,0
6048200,68,1,1,0
7706160,68,1,0,1
313576,68,1,1,0
411616,68,1,1,0
4716360,68,1,1,0
1162608,68,1,0,1
262216,68,1,0,1
2460216,68,1,0,1
4117656,68,1,0,1
7450816,68,1,0,1
3589488,68,1,1,0
2791888,68,1,0,1
6404576,68,1,1,0
360616,68,1,1,0
4049088,68,1,1,0
318432,68,1,0,1
5616280,68,1,0,1
286896,68,1,0,1
567448,68,1,0,1
2936792,68,1,0,1
1878856,68,1,0,1
7715488,68,1,0,1
8316032,68,1,1,0
1497592,68,1,1,0
4246832,68,1,0,1
371912,68,1,1,0
7161240,68,1,0,1
5257992,68,1,1,0
878248,68,1,1,0
153536,68,1,1,0
3692352,68,1,1,0
131696,68,1,0,1
5708456,68,1,0,1
2762672,68,1,1,0
1719176,68,1,0,1
1794016,68,1,1,0
2794296,68,1,0,1
2201664,68,1,1,0
1961584,68,1,1,0
296192,68,1,1,0
711552,68,1,0,1
1912848,68,1,1,0
7928728,68,1,1,0
4860704,68,1,0,1
3505288,68,1,0,1
3772640,68,1,0,1
566176,68,1,1,0
1752888,68,1,1,0
514856,68,1,0,1
3180960,68,1,1,0
4344960,68,1,1,0
786688,68,1,0,1
7132712,68,1,0,1
703176,68,1,1,0
7857656,68,1,0,1
3300792,68,1,1,0
2090624,68,1,1,0
408744,68,1,0,1
3651192,68,1,0,1
396240,68,1,1,0
3270848,68,1,1,0
1222552,68,1,0,1
6412776,68,1,0,1
3647488,68,1,1,0
4033448,68,1,1,0
3010648,68,1,0,1
1625320,68,1,0,1
639912,68,1,0,1
4125432,68,1,1,0
792360,68,1,0,1
5487328,68,1,0,1
4961232,68,1,1,0
743032,68,1,1,0
7070248,68,1,1,0
7136264,68,1,1,0
4413352,68,1,0,1
2010312,68,1,1,0
223496,68,1,1,0
245976,68,1,1,0
1374512,68,1,0,1
808912,68,1,1,0
7338096,68,1,1,0
589408,68,1,1,0
7303848,68,1,1,0
3238136,68,1,1,0
5673104,68,1,0,1
8236400,68,1,0,1
8342592,68,1,0,1
516248,68,1,1,0
2396000,68,1,1,0
515048,68,1,1,0
5629032,68,1,0,1
1959344,68,1,1,0
1362944,68,1,0,1
3563856,68,1,1,0
5789128,68,1,1,0
1113600,68,1,0,1
1745536,68,1,1,0
681256,68,1,0,1
516528,68,1,0,1
1293408,68,1,1,0
315272,68,1,1,0
3723792,68,1,0,1
3194368,68,1,1,0
2120816,68,1,1,0
439936,68,1,1,0
7511504,68,1,0,1
186880,68,1,0,1
4855080,68,1,0,1
174536,68,1,1,0
782448,68,1,1,0
3629568,68,1,1,0
2442504,68,1,1,0
3533584,68,1,1,0
796216,68,1,1,0
5576480,68,1,0,1
747536,68,1,1,0
4434544,68,1,1,0
775656,68,1,1,0
5252824,68,1,0,1
1551064,68,1,0,1
6241280,68,1,0,1
2931792,68,1,0,1
1116544,68,1,1,0
1028832,68,1,0,1
3803864,68,1,0,1
3511264,68,1,1,0
4303736,68,1,1,0
2850880,68,1,0,1
1371096,68,1,0,1
264888,68,1,1,0
5862176,68,1,0,1
3213336,68,1,1,0
6868384,68,1,1,0
3413672,68,1,0,1
141712,68,1,0,1
1641136,68,1,1,0
447560,68,1,0,1
4224376,68,1,1,0
2864880,68,1,1,0
4080048,68,1,1,0
587896,68,1,1,0
1754216,68,1,1,0
3774888,68,1,0,1
2001056,68,1,1,0
2831984,68,1,1,0
4681000,68,1,0,1
2813344,68,1,1,0
2265928,68,1,0,1
3992448,68,1,0,1
1934632,68,1,0,1
5010032,68,1,1,0
2061752,68,1,0,1
5537464,68,1,0,1
2745344,68,1,0,1
2780296,68,1,0,1
1705600,68,1,1,0
5603496,68,1,1,0
3561864,68,1,0,1
285160,68,1,1,0
1115752,68,1,1,0
4746336,68,1,1,0
171016,68,1,1,0
5971496,68,1,1,0
338552,68,1,0,1
7146224,68,1,1,0
458848,68,1,0,1
508040,68,1,0,1
2965648,68,1,1,0
7473928,68,1,0,1
5143528,68,1,0,1
6520064,68,1,0,1
2030032,68,1,1,0
846304,68,1,0,1
1556152,68,1,0,1
3665776,68,1,0,1
396848,68,1,1,0
2270416,68,1,1,0
972480,68,1,0,1
336632,68,1,0,1
561888,68,1,1,0
5057784,68,1,1,0
5648576,68,1,0,1
7994784,68,1,1,0
2627632,68,1,1,0
3659184,68,1,0,1
1444192,68,1,0,1
2769480,68,1,0,1
451376,68,1,0,1
1313464,69,1,0,1
354104,69,1,1,0
2024544,69,1,1,0
714464,69,1,1,0
4429832,69,1,1,0
1027264,69,1,0,1
2014472,69,1,1,0
470528,69,1,1,0
5899032,69,1,0,1
483944,69,1,0,1
2203848,69,1,0,1
5437384,69,1,1,0
2551408,69,1,0,1
5423560,69,1,1,0
2662872,69,1,1,0
490976,69,1,0,1
5285328,69,1,0,1
2189320,69,1,0,1
7340952,69,1,1,0
567752,69,1,1,0
3749384,69,1,0,1
4918664,69,1,0,1
5697352,69,1,0,1
880840,69,1,1,0
571248,69,1,0,1
3089408,69,1,0,1
716320,69,1,0,1
7685584,69,1,1,0
144192,69,1,0,1
403280,69,1,1,0
539224,69,1,0,1
779816,69,1,1,0
4752544,69,1,1,0
1952280,69,1,0,1
2413824,69,1,1,0
2216416,69,1,0,1
7290080,69,1,1,0
892784,69,1,0,1
2208960,69,1,0,1
8355232,69,1,1,0
4202152,69,1,1,0
301864,69,1,0,1
327800,69,1,0,1
2657192,69,1,0,1
3930392,69,1,0,1
6860152,69,1,1,0
1100224,69,1,0,1
4492208,69,1,0,1
4795624,69,1,0,1
3580088,69,1,1,0
962448,69,1,1,0
7674264,69,1,1,0
921896,69,1,1,0
7849136,69,1,0,1
1695336,69,1,0,1
289288,69,1,1,0
262584,69,1,0,1
3202432,69,1,0,1
1965728,69,1,0,1
2331008,69,1,1,0
1265360,69,1,0,1
3652768,69,1,1,0
7627992,69,1,1,0
7394280,69,1,0,1
4543144,69,1,0,1
1715504,69,1,1,0
5884528,69,1,0,1
1805288,69,1,1,0
1240824,69,1,0,1
5919648,69,1,0,1
7624344,69,1,1,0
618856,69,1,1,0
4254080,69,1,1,0
4367832,69,1,1,0
4319816,69,1,0,1
3124296,69,1,0,1
6724208,69,1,1,0
6877080,69,1,0,1
3568456,69,1,1,0
4358552,69,1,0,1
273256,69,1,1,0
1272096,69,1,0,1
3540928,69,1,1,0
2791792,69,1,1,0
734456,69,1,0,1
669648,69,1,0,1
1157976,69,1,1,0
2630864,69,1,1,0
6609976,69,1,1,0
513656,69,1,1,0
868632,69,1,1,0
276528,69,1,0,1
5376344,69,1,0,1
1727584,69,1,0,1
1117408,69,1,0,1
5724184,69,1,0,1
6824952,69,1,0,1
1481880,69,1,1,0
7306216,69,1,1,0
1975368,69,1,0,1
2668224,69,1,0,1
248808,69,1,0,1
2614728,69,1,1,0
7774472,69,1,1,0
507632,69,1,0,1
2579216,69,1,1,0
315080,69,1,0,1
5875512,69,1,1,0
5634952,69,1,1,0
1646480,69,1,0,1
8067920,69,1,0,1
1372168,69,1,1,0
2203272,69,1,0,1
7903992,69,1,1,0
444680,69,1,1,0
1216496,69,1,1,0
2536584,69,1,0,1
1387376,69,1,1,0
1618936,69,1,0,1
1981296,69,1,1,0
5957816,69,1,1,0
795296,69,1,0,1
3596576,69,1,1,0
2152448,69,1,1,0
2582352,69,1,0,1
997152,69,1,1,0
7999464,69,1,0,1
8020520,69,1,1,0
284144,69,1,1,0
2062720,69,1,1,0
326672,69,1,1,0
2338728,69,1,1,0
3627472,69,1,0,1
3025520,69,1,0,1
1369160,69,1,1,0
885552,69,1,0,1
5169320,69,1,0,1
1970464,69,1,1,0
3340880,69,1,0,1
2412192,69,1,1,0
766448,69,1,0,1
7030000,69,1,1,0
2351792,69,1,1,0
3026584,69,1,1,0
2237416,69,1,0,1
6486896,69,1,1,0
2074536,69,1,1,0
3477680,69,1,1,0
420072,69,1,1,0
5715720,69,1,0,1
3070744,69,1,0,1
7598768,69,1,0,1
1501472,69,1,1,0
1151200,69,1,0,1
6342648,69,1,1,0
1604400,69,1,1,0
2101152,69,1,0,1
446576,69,1,1,0
1956960,69,1,1,0
6836488,69,1,0,1
2241232,69,1,1,0
2851040,69,1,1,0
3979624,69,1,0,1
1070848,69,1,1,0
726880,69,1,1,0
1863064,69,1,0,1
534696,69,1,1,0
406872,69,1,1,0
149688,69,1,0,1
3762448,69,1,1,0
7811024,69,1,1,0
2593528,69,1,1,0
651800,69,1,0,1
2814616,69,1,1,0
7967360,69,1,0,1
707000,69,1,0,1
2504528,69,1,1,0
886008,69,1,0,1
1892976,69,1,0,1
4861720,69,1,0,1
5804504,69,1,0,1
1617608,69,1,1,0
7411832,69,1,1,0
5745976,69,1,1,0
1973000,69,1,0,1
3832240,69,1,0,1
1874488,69,1,0,1
824192,69,1,0,1
506600,69,1,0,1
459240,69,1,1,0
4603496,69,1,1,0
680168,69,1,0,1
1259520,69,1,0,1
2669680,69,1,1,0
3088232,69,1,0,1
3679648,69,1,1,0
3888944,69,1,1,0
5716192,69,1,1,0
1998168,69,1,0,1
1455840,69,1,1,0
827368,69,1,0,1
3031000,69,1,1,0
6310232,69,1,1,0
4927304,69,1,1,0
873560,69,1,0,1
1220032,69,1,1,0
2707520,69,1,0,1
1242696,69,1,1,0
6275440,69,1,0,1
598864,69,1,1,0
6277184,69,1,0,1
2859080,69,1,0,1
1108624,69,1,0,1
1005024,69,1,1,0
5791728,69,1,1,0
3522120,69,1,1,0
470472,69,1,1,0
386896,69,1,0,1
778768,69,1,0,1
619144,69,1,1,0
406968,69,1,0,1
121152,69,1,1,0
1130584,69,1,1,0
4980888,69,1,0,1
990800,69,1,0,1
675136,69,1,1,0
626048,69,1,1,0
6227288,69,1,0,1
487512,69,1,1,0
5473792,69,1,0,1
3354152,69,1,0,1
4315448,69,1,0,1
1563264,69,1,1,0
488504,69,1,1,0
7910672,69,1,1,0
1600632,69,1,0,1
1109000,69,1,0,1
1469440,69,1,1,0
4187400,69,1,1,0
1175360,69,1,1,0
5883272,69,1,1,0
2952456,69,1,1,0
1387296,69,1,0,1
895488,69,1,0,1
650792,69,1,0,1
8123296,69,1,0,1
2397160,69,1,0,1
8264472,69,1,1,0
1013392,69,1,0,1
1050072,69,1,0,1
7521192,69,1,1,0
5656408,69,1,1,0
2415456,69,1,0,1
1576232,69,1,0,1
4455104,69,1,0,1
592056,69,1,0,1
384816,69,1,1,0
3237648,69,1,0,1
201536,69,1,1,0
476872,69,1,0,1
1711312,69,1,0,1
5282560,69,1,0,1
2880296,69,1,0,1
4274784,69,1,1,0
6528216,69,1,1,0
1176144,69,1,1,0
1419312,69,1,0,1
404840,69,1,0,1
3411072,69,1,1,0
6572640,69,1,1,0
863752,69,1,1,0
7904608,69,1,0,1
934088,69,1,1,0
8311456,69,1,0,1
1660312,69,1,1,0
3022160,69,1,1,0
1460112,69,1,0,1
4856808,69,1,0,1
491640,69,1,0,1
861304,69,1,0,1
3531088,69,1,0,1
6458064,69,1,1,0
7003512,69,1,0,1
5091744,69,1,0,1
934440,69,1,0,1
1215568,69,1,0,1
317528,69,1,1,0
7793664,69,1,0,1
7927416,69,1,0,1
255648,69,1,1,0
5601616,69,1,1,0
4126832,69,1,1,0
1869832,69,1,0,1
4660176,69,1,0,1
3193800,69,1,1,0
1019856,69,1,0,1
276872,69,1,1,0
788840,69,1,1,0
3908608,69,1,1,0
2374040,69,1,1,0
1091000,69,1,1,0
1232296,69,1,0,1
814744,69,1,0,1
3472016,69,1,1,0
490024,69,1,1,0
1634624,69,1,1,0
1635688,69,1,0,1
1044520,69,1,0,1
367856,69,1,0,1
899296,69,1,0,1
285968,69,1,1,0
314896,69,1,0,1
1312152,69,1,1,0
8375800,69,1,0,1
2304136,69,1,0,1
4035936,69,1,1,0
5028248,69,1,1,0
134776,69,1,1,0
4774464,69,1,1,0
3329672,69,1,0,1
1059944,69,1,0,1
3745344,69,1,0,1
8020872,69,1,0,1
1043824,69,1,1,0
504368,69,1,1,0
3045080,69,1,1,0
6621792,69,1,1,0
7997680,69,1,1,0
1612280,69,1,0,1
4115048,69,1,0,1
452288,69,1,1,0
478864,69,1,1,0
1651784,69,1,0,1
1074320,69,1,1,0
2656616,69,1,0,1
853504,69,1,1,0
6060952,69,1,1,0
716040,69,1,0,1
1453688,69,1,0,1
5666792,69,1,0,1
6206672,69,1,1,0
6037808,69,1,1,0
4213576,69,1,0,1
3515224,69,1,0,1
2692136,69,1,1,0
2928528,69,1,0,1
5952384,69,1,0,1
4448880,69,1,0,1
2101392,69,1,0,1
6296480,69,1,1,0
212752,69,1,0,1
1395480,69,1,1,0
1692232,69,1,0,1
7682552,69,1,0,1
564680,69,1,0,1
2587472,69,1,0,1
4476752,69,1,1,0
1766160,69,1,0,1
2240752,69,1,1,0
4430784,69,1,0,1
793640,69,1,0,1
7596016,69,1,1,0
3070840,69,1,1,0
1462816,69,1,0,1
4548168,69,1,1,0
2745424,69,1,0,1
3038960,69,1,0,1
264808,69,1,1,0
5764944,69,1,1,0
4329336,69,1,0,1
3008408,69,1,0,1
478640,69,1,0,1
5939800,69,1,0,1
1692368,69,1,1,0
1658448,69,1,1,0
2396896,69,1,0,1
3316128,69,1,1,0
2696824,69,1,1,0
7521232,69,1,0,1
578864,69,1,0,1
7206728,69,1,0,1
3627024,69,1,1,0
1896096,69,1,0,1
2507968,69,1,0,1
7948584,69,1,1,0
8097376,69,1,1,0
722712,69,1,1,0
3301080,69,1,1,0
790736,69,1,1,0
7072504,69,1,1,0
4492832,69,1,0,1
1625208,69,1,1,0
926040,69,1,0,1
1151520,69,1,1,0
1653896,69,1,0,1
3813200,69,1,1,0
5896064,69,1,1,0
2565224,69,1,1,0
739232,69,1,0,1
224560,69,1,1,0
3276696,69,1,1,0
225416,69,1,0,1
3833048,69,1,1,0
7854520,69,1,0,1
1038336,69,1,0,1
1779440,69,1,1,0
5174120,69,1,0,1
6969968,69,1,1,0
4779512,69,1,0,1
8252832,69,1,0,1
7477744,69,1,0,1
690832,69,1,0,1
1034256,69,1,1,0
380928,69,1,0,1
577536,69,1,1,0
5609744,69,1,1,0
3702960,69,1,0,1
7410080,69,1,0,1
565200,69,1,1,0
1509680,69,1,1,0
443456,69,1,0,1
941016,69,1,0,1
1652824,69,1,1,0
2352960,69,1,1,0
2554376,69,1,0,1
1454720,69,1,0,1
5252264,69,1,0,1
2345784,69,1,1,0
391008,69,1,0,1
2357848,69,1,1,0
7203136,69,1,0,1
2800112,69,1,0,1
3236176,69,1,1,0
1652024,69,1,0,1
3301208,69,1,1,0
809448,69,1,1,0
8309928,69,1,0,1
597912,69,1,1,0
548488,69,1,0,1
4037688,69,1,0,1
3769064,69,1,0,1
8336600,69,1,1,0
319528,69,1,1,0
773704,69,1,1,0
1276368,69,1,0,1
2591712,69,1,0,1
1721200,69,1,0,1
6483160,69,1,1,0
338128,69,1,1,0
2112488,69,1,0,1
418280,69,1,0,1
5793400,69,1,0,1
368456,69,1,1,0
1022648,69,1,0,1
6333848,69,1,0,1
6290680,69,1,1,0
681336,69,1,0,1
1858232,69,1,0,1
7248664,69,1,0,1
8365640,69,1,1,0
7416640,69,1,0,1
666928,69,1,0,1
5569504,69,1,1,0
8121672,69,1,0,1
976000,69,1,1,0
2082800,69,1,1,0
2690248,69,1,0,1
6312600,69,1,0,1
6290384,69,1,0,1
310016,69,1,0,1
4500208,69,1,1,0
1232656,69,1,0,1
2508536,69,1,0,1
294016,69,1,0,1
2264728,69,1,0,1
5089520,69,1,0,1
2116216,69,1,0,1
3337128,69,1,0,1
7815440,69,1,1,0
1892848,69,1,0,1
892056,69,1,0,1
1886904,69,1,0,1
3727584,69,1,0,1
4554952,69,1,1,0
2133272,69,1,1,0
3474040,69,1,0,1
8109024,69,1,1,0
1774360,69,1,0,1
6217824,69,1,1,0
1324416,69,1,0,1
978400,69,1,0,1
5460912,69,1,1,0
2703360,69,1,1,0
1617760,69,1,1,0
813872,69,1,1,0
838848,69,1,0,1
829176,69,1,1,0
883304,69,1,1,0
810384,69,1,1,0
2175784,69,1,0,1
1369704,69,1,0,1
1807968,69,1,1,0
8174464,69,1,0,1
3710648,69,1,0,1
737312,69,1,1,0
3883288,69,1,0,1
7750984,69,1,1,0
2023704,69,1,1,0
2260360,69,1,0,1
1837392,69,1,0,1
6175936,69,1,1,0
4416136,69,1,0,1
4056992,69,1,0,1
3708376,69,1,1,0
1466680,69,1,1,0
2347960,69,1,1,0
3317288,69,1,0,1
1772376,69,1,0,1
5148064,69,1,1,0
992208,69,1,0,1
334208,69,1,1,0
1163920,69,1,0,1
2233656,69,1,1,0
234312,69,1,0,1
972928,69,1,0,1
6435176,69,1,1,0
3181424,69,1,1,0
6685168,69,1,1,0
1232992,69,1,0,1
2839368,69,1,1,0
3224160,69,1,0,1
2330464,69,1,0,1
478712,69,1,0,1
5360960,69,1,0,1
1300288,69,1,1,0
2942248,69,1,0,1
1598864,69,1,0,1
4956888,69,1,0,1
368720,69,1,1,0
4266392,69,1,0,1
343496,69,1,1,0
3065712,69,1,0,1
7627624,69,1,0,1
6559856,69,1,0,1
3173656,69,1,1,0
2817432,69,1,1,0
1563200,69,1,0,1
407480,69,1,0,1
2876480,69,1,0,1
6395912,69,1,1,0
6551912,69,1,0,1
3708864,69,1,0,1
3248464,69,1,0,1
6244144,69,1,1,0
1828712,69,1,1,0
902672,69,1,1,0
3942648,69,1,1,0
797432,69,1,1,0
8198424,69,1,1,0
805920,69,1,0,1
5119464,69,1,1,0
183336,69,1,1,0
2433712,69,1,0,1
3116224,69,1,0,1
4548256,69,1,0,1
2338160,69,1,0,1
4342824,69,1,0,1
3523032,69,1,1,0
1222208,69,1,1,0
623232,69,1,1,0
3952520,69,1,1,0
1274584,69,1,1,0
7286192,69,1,1,0
2573152,69,1,1,0
1452696,69,1,0,1
1532096,69,1,0,1
1176048,69,1,1,0
5733152,69,1,1,0
963600,69,1,1,0
5073752,69,1,0,1
2938448,69,1,0,1
923696,69,1,1,0
519640,69,1,1,0
665472,69,1,1,0
482200,69,1,1,0
1221392,69,1,1,0
2201208,69,1,1,0
6372560,69,1,1,0
2877920,69,1,0,1
1276744,69,1,1,0
6558552,69,1,0,1
1421240,69,1,1,0
315720,69,1,1,0
4928872,69,1,1,0
2528848,69,1,1,0
1571056,69,1,1,0
242808,69,1,0,1
1261952,69,1,1,0
3922528,69,1,1,0
1406416,69,1,0,1
961936,69,1,1,0
3632160,69,1,1,0
3918560,69,1,0,1
6549296,69,1,0,1
1440608,69,1,1,0
1154224,69,1,1,0
1636192,69,1,1,0
4999096,69,1,1,0
3831344,69,1,0,1
429504,69,1,0,1
2409424,69,1,1,0
1454384,69,1,0,1
2800576,69,1,0,1
855168,69,1,1,0
752752,69,1,0,1
280768,69,1,1,0
648376,69,1,0,1
6817712,69,1,1,0
3079056,69,1,1,0
919600,69,1,1,0
5145152,69,1,0,1
6254256,69,1,1,0
1172424,69,1,0,1
5039112,69,1,1,0
4962600,69,1,0,1
1019864,69,1,0,1
2855448,69,1,1,0
587208,69,1,0,1
2259160,69,1,1,0
2763960,69,1,0,1
969664,69,1,1,0
1950808,69,1,0,1
7229792,69,1,0,1
5770288,69,1,1,0
5734304,69,1,0,1
5896328,69,1,1,0
745880,69,1,0,1
1071192,69,1,1,0
5983264,69,1,0,1
2842288,69,1,0,1
2162288,69,1,0,1
629936,69,1,1,0
2254528,69,1,1,0
2209760,69,1,1,0
3853368,69,1,1,0
7790576,69,1,0,1
201160,69,1,1,0
8306224,69,1,0,1
279992,69,1,0,1
1853008,69,1,0,1
2012096,69,1,1,0
3800944,69,1,0,1
167280,69,1,0,1
3114648,69,1,1,0
1288424,69,1,1,0
157144,69,1,0,1
4427312,69,1,0,1
4231048,69,1,0,1
1295200,69,1,0,1
3008712,69,1,1,0
1111016,69,1,0,1
2094760,69,1,1,0
1162920,69,1,0,1
1829232,69,1,1,0
5265056,69,1,0,1
4958072,69,1,1,0
4629112,69,1,0,1
1506792,69,1,0,1
1941752,69,1,1,0
246592,69,1,1,0
771808,69,1,0,1
1543968,69,1,0,1
7002808,69,1,1,0
6740176,69,1,0,1
7502688,69,1,1,0
2851864,69,1,0,1
492952,69,1,1,0
2821008,69,1,1,0
2177784,69,1,1,0
249808,69,1,1,0
3972704,69,1,0,1
3226792,69,1,0,1
858000,69,1,1,0
451648,69,1,1,0
194936,69,1,0,1
2039152,69,1,0,1
4451336,69,1,1,0
3717912,69,1,1,0
4196752,69,1,0,1
6287080,69,1,0,1
7213696,69,1,1,0
4808392,69,1,0,1
4962792,69,1,1,0
3982528,69,1,0,1
137080,69,1,1,0
1627328,69,1,0,1
833744,69,1,1,0
6350576,69,1,1,0
912800,69,1,0,1
3454224,69,1,0,1
189760,69,1,0,1
6446472,69,1,0,1
1550360,69,1,1,0
2850856,69,1,1,0
5078536,69,1,1,0
7602344,69,1,0,1
3319352,69,1,0,1
4678416,69,1,1,0
5659888,69,1,0,1
3772480,69,1,1,0
3550192,69,1,1,0
7972520,69,1,0,1
3087944,69,1,0,1
4332336,69,1,1,0
1508320,69,1,1,0
2637376,69,1,0,1
1751432,69,1,1,0
6350008,69,1,0,1
405944,69,1,1,0
2429008,69,1,0,1
4049432,69,1,1,0
4824296,69,1,1,0
5376304,69,1,1,0
2846560,69,1,0,1
2397008,69,1,1,0
2614112,69,1,1,0
3108864,69,1,1,0
358768,69,1,0,1
384016,69,1,0,1
6994968,69,1,1,0
2916344,69,1,1,0
8142336,69,1,0,1
1529800,69,1,1,0
792288,69,1,1,0
589128,69,1,1,0
2177256,69,1,0,1
1965536,69,1,0,1
729736,69,1,1,0
252912,69,1,1,0
1179416,69,1,1,0
165280,69,1,0,1
2184408,69,1,1,0
1553192,69,1,0,1
2683792,69,1,1,0
6556568,69,1,1,0
76024,69,1,1,0
1185240,69,1,1,0
2118744,69,1,0,1
5629192,69,1,0,1
1231944,69,1,0,1
3099184,69,1,0,1
4789432,69,1,0,1
7887448,69,1,0,1
563568,69,1,0,1
594600,69,1,0,1
797072,69,1,0,1
313048,69,1,1,0
3738504,69,1,1,0
3591504,69,1,0,1
2414648,69,1,1,0
3345840,69,1,1,0
1587840,69,1,0,1
1655080,69,1,1,0
1884752,69,1,0,1
1597672,69,1,0,1
6884912,69,1,0,1
960704,69,1,1,0
4686896,69,1,0,1
4493344,69,1,0,1
4111480,69,1,0,1
1877672,69,1,0,1
870224,69,1,1,0
3022352,69,1,0,1
995856,69,1,0,1
772680,69,1,1,0
1040032,69,1,0,1
5736760,69,1,1,0
288264,69,1,1,0
1112376,69,1,1,0
3742456,69,1,1,0
7633392,69,1,1,0
731256,69,1,0,1
731944,69,1,0,1
3551576,69,1,0,1
1787104,69,1,1,0
3364224,69,1,0,1
1329824,69,1,1,0
2385296,69,1,1,0
2801200,69,1,0,1
5547888,69,1,0,1
725760,69,1,1,0
315680,69,1,0,1
1292320,69,1,1,0
311424,69,1,0,1
6436416,69,1,0,1
824864,69,1,0,1
64168,69,1,1,0
2039256,69,1,0,1
5568608,69,1,1,0
281736,69,1,0,1
6330464,69,1,0,1
3472704,69,1,1,0
1324640,69,1,0,1
2654584,69,1,0,1
5532704,69,1,0,1
126312,69,1,0,1
2346856,69,1,1,0
315120,69,1,1,0
3678224,69,1,1,0
1321696,69,1,1,0
709504,69,1,1,0
1687952,69,1,1,0
2870568,69,1,1,0
4977296,69,1,1,0
1812264,69,1,1,0
3856816,69,1,1,0
1769296,69,1,1,0
4165752,69,1,1,0
6600608,69,1,0,1
6433872,69,1,0,1
3783792,69,1,0,1
2106024,69,1,0,1
7070032,69,1,0,1
3208240,69,1,0,1
4680920,69,1,1,0
1018360,69,1,1,0
7609240,69,1,1,0
811704,69,1,0,1
1554632,69,1,1,0
7874064,69,1,1,0
3599272,69,1,1,0
679240,69,1,1,0
1112256,69,1,1,0
932848,69,1,1,0
1141744,69,1,0,1
1932304,69,1,0,1
305200,69,1,1,0
923800,69,1,1,0
563080,69,1,1,0
4800760,69,1,0,1
5492024,69,1,1,0
5887624,69,1,1,0
2219744,69,1,0,1
6915416,69,1,0,1
2007296,69,1,0,1
3288856,69,1,0,1
6924848,69,1,1,0
1951408,69,1,1,0
5919112,69,1,0,1
511152,69,1,0,1
2679000,69,1,0,1
2116992,69,1,1,0
4363784,69,1,0,1
7956520,69,1,0,1
851912,69,1,0,1
1439952,69,1,1,0
1730104,69,1,1,0
1066960,69,1,1,0
7833632,69,1,0,1
366072,69,1,0,1
6746664,69,1,1,0
133632,69,1,0,1
5042536,69,1,1,0
6610880,69,1,1,0
1201296,69,1,1,0
2951152,69,1,1,0
1355496,69,1,0,1
339368,69,1,0,1
7260056,69,1,0,1
5664520,69,1,1,0
2171816,69,1,0,1
969624,69,1,0,1
1004688,69,1,1,0
7499064,69,1,0,1
680944,69,1,0,1
6907080,69,1,0,1
3111184,69,1,1,0
2308416,69,1,0,1
4524368,69,1,0,1
6792528,69,1,1,0
720680,69,1,1,0
3059856,69,1,1,0
1645000,69,1,0,1
3403960,69,1,0,1
1682080,69,1,1,0
2491064,69,1,0,1
3278472,69,1,1,0
2372632,69,1,1,0
634240,69,1,1,0
5216912,69,1,0,1
5453968,69,1,0,1
642200,69,1,0,1
958240,69,1,0,1
5140696,69,1,1,0
6142368,69,1,0,1
7767176,69,1,0,1
148376,69,1,0,1
6422632,69,1,0,1
915536,69,1,0,1
3757680,69,1,0,1
1203240,69,1,0,1
3394368,69,1,1,0
736816,69,1,0,1
954728,69,1,1,0
2632168,69,1,1,0
5349432,69,1,0,1
7194912,69,1,0,1
3032048,69,1,0,1
1916168,69,1,0,1
93520,69,1,0,1
3099096,69,1,1,0
3239904,69,1,1,0
951240,69,1,1,0
482344,69,1,1,0
1963528,69,1,1,0
6855064,69,1,0,1
439720,69,1,0,1
5246600,69,1,0,1
3839648,69,1,0,1
6379384,69,1,1,0
3118440,69,1,0,1
7650240,69,1,0,1
6197592,69,1,1,0
3008480,69,1,0,1
3550408,69,1,1,0
2018856,69,1,0,1
1972120,69,1,1,0
1481696,69,1,0,1
1044384,69,1,0,1
8187480,69,1,1,0
261000,69,1,1,0
1736848,69,1,0,1
954464,69,1,1,0
364888,69,1,1,0
564584,69,1,1,0
1519360,69,1,0,1
6458160,69,1,0,1
2099384,69,1,0,1
4127440,69,1,1,0
137984,69,1,0,1
1421352,69,1,0,1
3709472,69,1,1,0
179504,69,1,1,0
4069872,69,1,1,0
477096,69,1,1,0
2826944,69,1,0,1
3163376,69,1,1,0
6002160,69,1,0,1
156832,69,1,0,1
1711048,69,1,0,1
293248,69,1,0,1
8012400,69,1,0,1
1419760,69,1,0,1
5859016,69,1,1,0
8262376,69,1,1,0
7946184,69,1,0,1
274512,69,1,1,0
1302080,69,1,1,0
3818472,69,1,0,1
4191096,69,1,1,0
1696568,69,1,1,0
871152,69,1,1,0
6938992,69,1,0,1
5053040,69,1,0,1
4880304,69,1,0,1
1605744,69,1,0,1
323224,69,1,1,0
431304,69,1,0,1
1611088,69,1,1,0
1999576,69,1,1,0
5965600,69,1,1,0
788680,69,1,1,0
2572248,69,1,1,0
2123912,69,1,1,0
395296,69,1,0,1
6237912,69,1,0,1
3690624,69,1,0,1
3807080,69,1,0,1
3717112,69,1,1,0
1510640,69,1,1,0
687008,69,1,0,1
4954120,69,1,1,0
5943696,69,1,0,1
3595592,69,1,1,0
1967744,69,1,0,1
3879320,69,1,1,0
2270520,69,1,1,0
988504,69,1,0,1
651296,69,1,1,0
6313552,69,1,0,1
2273424,69,1,1,0
382792,69,1,0,1
515808,69,1,1,0
3865744,69,1,1,0
3411840,69,1,1,0
4292000,69,1,0,1
4499472,69,1,1,0
687392,69,1,0,1
3032688,69,1,1,0
4243200,69,1,1,0
1493072,69,1,1,0
4239344,69,1,1,0
4547904,69,1,1,0
3288928,69,1,1,0
1619608,69,1,0,1
4237224,69,1,1,0
5250856,69,1,0,1
179632,69,1,1,0
4813304,69,1,0,1
5671568,69,1,0,1
7854000,69,1,1,0
6384456,69,1,1,0
2488928,69,1,1,0
401728,69,1,1,0
1115176,69,1,0,1
3311008,69,1,0,1
6143144,69,1,1,0
3603552,69,1,0,1
780272,69,1,0,1
1080832,69,1,1,0
577664,69,1,0,1
4539824,69,1,1,0
1580160,69,1,0,1
2750280,69,1,1,0
2632344,69,1,0,1
3533440,69,1,1,0
693320,69,1,1,0
1913232,69,1,0,1
2723712,69,1,0,1
451728,69,1,0,1
406168,69,1,1,0
4443160,69,1,1,0
4504520,69,1,1,0
5172392,69,1,0,1
1049016,69,1,1,0
8353888,69,1,1,0
5571384,69,1,1,0
7214992,69,1,0,1
4215264,69,1,0,1
414696,69,1,0,1
583680,69,1,1,0
3607776,69,1,0,1
3499288,69,1,1,0
4428928,69,1,0,1
686328,69,1,1,0
326552,69,1,1,0
1158888,69,1,0,1
583336,69,1,1,0
5946680,69,1,1,0
1065288,69,1,0,1
126712,69,1,0,1
5194216,69,1,1,0
6513392,69,1,1,0
1645392,69,1,0,1
172960,69,1,1,0
3740504,69,1,1,0
777976,69,1,1,0
1344088,69,1,0,1
8018376,69,1,0,1
1542056,69,1,1,0
2907176,69,1,1,0
888008,69,1,1,0
3225528,69,1,1,0
6742472,69,1,0,1
1795856,69,1,1,0
293144,69,1,1,0
786408,69,1,0,1
2122656,69,1,0,1
3290120,69,1,1,0
4536296,69,1,1,0
1936744,69,1,1,0
4659280,69,1,0,1
2292600,69,1,0,1
5548080,69,1,0,1
3880696,69,1,1,0
4577664,69,1,0,1
675568,69,1,1,0
1243560,69,1,1,0
3274568,69,1,0,1
1166600,69,1,1,0
562752,69,1,1,0
5700360,69,1,0,1
8215464,69,1,1,0
1987664,69,1,0,1
486320,69,1,1,0
727272,69,1,0,1
7378936,69,1,0,1
400392,69,1,1,0
5559272,69,1,0,1
3553984,69,1,0,1
2966272,69,1,1,0
351416,69,1,0,1
2818192,69,1,0,1
3113584,69,1,0,1
181472,69,1,1,0
130616,69,1,1,0
6550768,69,1,0,1
680768,69,1,1,0
7931040,69,1,1,0
2539040,69,1,0,1
3370872,69,1,1,0
7164920,69,1,0,1
2000288,69,1,1,0
7559728,69,1,1,0
4978872,69,1,0,1
605240,69,1,0,1
5596816,69,1,1,0
1048504,69,1,0,1
2544200,69,1,1,0
1809488,69,1,0,1
1378432,69,1,0,1
4699640,69,1,1,0
3796448,69,1,1,0
429960,69,1,1,0
3631088,69,1,1,0
347216,69,1,1,0
2976736,69,1,1,0
4920344,69,1,0,1
721648,69,1,1,0
379912,69,1,0,1
2702496,69,1,1,0
1216240,69,1,1,0
1251848,69,1,0,1
5902352,69,1,1,0
3028288,69,1,1,0
3272408,69,1,1,0
706328,69,1,1,0
3003080,69,1,1,0
2006848,69,1,1,0
349960,69,1,0,1
2737896,69,1,0,1
943696,69,1,0,1
1635104,69,1,1,0
890480,69,1,0,1
892000,69,1,0,1
3158056,69,1,1,0
384200,69,1,0,1
2080592,69,1,1,0
2329720,69,1,0,1
429616,69,1,0,1
1081096,69,1,1,0
4462128,69,1,1,0
5462224,69,1,0,1
3138056,69,1,1,0
863056,69,1,1,0
6891248,69,1,1,0
535312,69,1,1,0
7116608,69,1,0,1
2745336,69,1,0,1
6132272,69,1,1,0
1655504,69,1,1,0
6868840,69,1,0,1
3128536,69,1,1,0
577800,69,1,1,0
3247560,69,1,0,1
248672,69,1,0,1
4669336,69,1,1,0
7549424,69,1,0,1
6562264,69,1,0,1
461624,69,1,0,1
6015848,69,1,0,1
2208936,69,1,1,0
642064,69,1,0,1
3713408,69,1,0,1
1848544,69,1,0,1
3610424,69,1,0,1
4939904,69,1,0,1
3395544,69,1,0,1
4831328,69,1,0,1
281720,69,1,0,1
8194216,69,1,0,1
1373104,69,1,1,0
5110864,69,1,0,1
4338856,69,1,1,0
5034272,69,1,0,1
4180464,69,1,0,1
341504,69,1,0,1
1536248,69,1,0,1
7580440,69,1,1,0
1633328,69,1,1,0
2956680,69,1,0,1
6208632,69,1,0,1
4816464,69,1,0,1
1518376,69,1,0,1
158768,69,1,0,1
2133168,69,1,0,1
2243048,69,1,1,0
2039096,69,1,0,1
4479232,69,1,1,0
1859072,69,1,1,0
1144624,69,1,1,0
425080,69,1,1,0
5315184,69,1,1,0
7244408,69,1,0,1
5547176,69,1,1,0
2574688,69,1,1,0
3139568,69,1,0,1
2686912,69,1,1,0
1994968,69,1,0,1
1451800,69,1,0,1
3817440,69,1,1,0
1061440,69,1,0,1
1711264,69,1,1,0
6813720,69,1,1,0
2354384,69,1,1,0
4544680,69,1,0,1
2209936,69,1,0,1
751512,69,1,1,0
6968824,69,1,1,0
3247000,69,1,0,1
2107592,69,1,1,0
1436336,69,1,1,0
1070800,69,1,0,1
227424,69,1,1,0
802656,69,1,0,1
1484216,69,1,0,1
1614016,69,1,1,0
938616,69,1,0,1
2447256,69,1,0,1
963384,69,1,1,0
841960,69,1,1,0
3824000,69,1,0,1
678456,69,1,1,0
3669984,69,1,0,1
2876184,69,1,1,0
3325512,69,1,0,1
3655784,69,1,1,0
4342848,69,1,1,0
5242768,69,1,1,0
2146704,69,1,1,0
2151976,69,1,1,0
4761272,69,1,1,0
269128,69,1,1,0
762224,69,1,0,1
5096144,69,1,1,0
1888000,69,1,1,0
2411352,69,1,0,1
448856,69,1,1,0
565408,69,1,1,0
881768,69,1,0,1
6653304,69,1,0,1
5248856,69,1,0,1
5306568,69,1,0,1
2867488,69,1,1,0
1109080,69,1,1,0
395104,69,1,1,0
4709456,69,1,0,1
769640,69,1,1,0
1044352,69,1,0,1
965648,69,1,1,0
1455736,69,1,1,0
334464,69,1,1,0
4528480,69,1,0,1
7274120,69,1,0,1
3639664,69,1,1,0
2017640,69,1,0,1
5634312,69,1,1,0
3952064,69,1,1,0
670552,69,1,0,1
2566632,69,1,0,1
715984,69,1,0,1
849344,69,1,0,1
1575640,69,1,0,1
2917840,69,1,1,0
2604448,69,1,1,0
280920,69,1,0,1
121912,69,1,1,0
584528,69,1,1,0
6984504,69,1,0,1
2666720,69,1,0,1
1724688,69,1,1,0
1315336,69,1,1,0
1823496,69,1,0,1
8338072,69,1,0,1
1758112,69,1,1,0
5050840,69,1,1,0
1064832,69,1,1,0
1676224,69,1,1,0
587480,69,1,0,1
2492032,69,1,0,1
3557312,69,1,0,1
2132888,69,1,0,1
145344,69,1,1,0
1228920,69,1,0,1
4608808,69,1,1,0
3064232,69,1,0,1
4714152,69,1,1,0
685384,69,1,0,1
4104200,69,1,1,0
183864,69,1,1,0
2413120,69,1,0,1
6345192,69,1,1,0
1816656,69,1,1,0
1265032,69,1,1,0
160896,69,1,0,1
1626712,69,1,1,0
7301712,69,1,0,1
604152,69,1,1,0
2156024,69,1,0,1
608440,69,1,1,0
1733184,69,1,0,1
4810296,69,1,1,0
3839296,69,1,0,1
4879528,69,1,1,0
1639352,69,1,0,1
628184,69,1,0,1
782000,69,1,1,0
530712,69,1,1,0
1551872,69,1,0,1
322920,69,1,1,0
5078656,69,1,1,0
504584,69,1,0,1
1324744,69,1,0,1
7851080,69,1,1,0
706304,69,1,1,0
661480,69,1,0,1
1497264,69,1,1,0
6089304,69,1,0,1
7486640,69,1,0,1
1912920,69,1,0,1
1025600,69,1,1,0
200912,69,1,1,0
2641528,69,1,0,1
4730776,69,1,0,1
7240192,69,1,1,0
95416,69,1,1,0
594864,69,1,0,1
6475384,69,1,0,1
2875160,69,1,0,1
6980608,69,1,1,0
1407864,69,1,1,0
3239504,69,1,0,1
2697816,69,1,1,0
7914640,69,1,1,0
2018848,69,1,0,1
1365456,69,1,1,0
6187488,69,1,0,1
3320888,69,1,1,0
1728184,69,1,0,1
1241240,69,1,1,0
749592,69,1,1,0
1560504,69,1,1,0
1446808,69,1,1,0
3026824,69,1,1,0
2642728,69,1,0,1
1979784,69,1,1,0
795080,69,1,1,0
5122920,69,1,1,0
1261232,69,1,1,0
640568,69,1,0,1
720168,69,1,0,1
1323480,69,1,1,0
7314976,69,1,0,1
1097776,69,1,0,1
5315768,69,1,1,0
5801512,69,1,1,0
6042776,69,1,0,1
3619584,69,1,0,1
1258000,69,1,1,0
4476504,69,1,0,1
4730056,69,1,0,1
2715968,69,1,0,1
1514608,69,1,0,1
1227000,69,1,1,0
764344,69,1,0,1
2334864,69,1,1,0
2274408,69,1,0,1
3058504,69,1,0,1
3092752,69,1,1,0
4487368,69,1,1,0
997832,69,1,1,0
657040,69,1,1,0
187608,69,1,0,1
6947128,69,1,0,1
2945584,69,1,1,0
1721664,69,1,1,0
3599552,69,1,1,0
382664,69,1,0,1
5934352,69,1,1,0
7962648,69,1,0,1
984848,69,1,0,1
8287816,69,1,0,1
6596208,69,1,0,1
1943336,69,1,0,1
611840,69,1,1,0
4347312,69,1,0,1
279816,69,1,1,0
5119808,69,1,1,0
3855808,69,1,1,0
3361952,69,1,1,0
1083272,69,1,1,0
415288,69,1,0,1
2832368,69,1,1,0
1994808,69,1,0,1
419832,69,1,1,0
3216376,69,1,1,0
407416,69,1,1,0
1520360,69,1,1,0
1168472,69,1,1,0
1640944,69,1,1,0
1171048,69,1,1,0
1280200,69,1,1,0
3331936,69,1,0,1
761384,69,1,0,1
3649160,69,1,1,0
350240,69,1,0,1
6381512,69,1,1,0
2727672,69,1,1,0
179848,69,1,0,1
630064,69,1,1,0
881344,69,1,1,0
6465064,69,1,1,0
1273920,69,1,0,1
1494952,69,1,0,1
7438616,69,1,1,0
1094792,69,1,0,1
3685304,69,1,0,1
398856,69,1,1,0
634416,69,1,0,1
3259376,69,1,1,0
1584448,69,1,1,0
1217456,69,1,1,0
2294080,69,1,1,0
5782256,69,1,1,0
2095104,69,1,1,0
8071288,69,1,0,1
6177520,69,1,0,1
6502776,69,1,0,1
7484616,69,1,0,1
3398320,69,1,1,0
3597128,69,1,1,0
2330376,69,1,1,0
6465096,69,1,0,1
575512,69,1,1,0
1533384,69,1,0,1
3203680,69,1,0,1
2366856,69,1,1,0
5626824,69,1,1,0
8070000,69,1,0,1
1827432,69,1,0,1
7915168,69,1,1,0
294304,69,1,1,0
4109824,69,1,0,1
4860664,69,1,1,0
325944,69,1,0,1
1166816,69,1,0,1
4662152,69,1,0,1
7959368,69,1,0,1
947624,69,1,1,0
1907488,69,1,1,0
6698872,69,1,1,0
1071664,69,1,0,1
733696,69,1,0,1
720256,69,1,1,0
2287376,69,1,1,0
926024,69,1,0,1
3222248,69,1,1,0
2056112,69,1,0,1
7451912,69,1,1,0
2286472,69,1,0,1
843656,69,1,0,1
992368,69,1,0,1
3879624,69,1,1,0
7427056,69,1,1,0
4988416,69,1,0,1
465688,69,1,1,0
739768,69,1,0,1
5077728,69,1,1,0
1018224,69,1,0,1
3699800,69,1,1,0
618384,69,1,0,1
1339864,69,1,0,1
7348240,69,1,1,0
7909176,69,1,0,1
1213176,69,1,1,0
6606944,69,1,1,0
1448720,69,1,0,1
6456928,69,1,1,0
6720408,69,1,0,1
663272,69,1,0,1
2924696,69,1,0,1
1584952,69,1,1,0
4390992,69,1,1,0
409112,69,1,1,0
2922896,69,1,1,0
6719336,69,1,0,1
7256816,69,1,1,0
3056448,69,1,1,0
3295088,69,1,0,1
309312,69,1,1,0
846248,69,1,0,1
2409704,69,1,0,1
2588064,69,1,0,1
2381528,69,1,0,1
730664,69,1,0,1
1942088,69,1,0,1
5740408,69,1,1,0
589592,69,1,0,1
1919616,69,1,0,1
806376,69,1,1,0
993672,69,1,0,1
2083904,69,1,1,0
1044056,69,1,0,1
769944,69,1,0,1
3535552,69,1,0,1
4642024,69,1,1,0
568696,69,1,1,0
2640328,69,1,0,1
5641632,69,1,0,1
883152,69,1,0,1
3200960,69,1,0,1
5573456,69,1,0,1
5281816,69,1,1,0
7837808,69,1,1,0
2604360,69,1,0,1
804720,69,1,0,1
4059192,69,1,1,0
1402264,69,1,0,1
2692032,69,1,1,0
1427992,69,1,0,1
625080,69,1,0,1
4589520,69,1,1,0
291240,69,1,1,0
206776,69,1,1,0
514800,69,1,1,0
2182448,69,1,1,0
773296,69,1,1,0
1618960,69,1,0,1
93680,69,1,1,0
1422688,69,1,1,0
7163264,69,1,0,1
8025240,69,1,1,0
1093408,69,1,0,1
661192,69,1,0,1
3879040,69,1,1,0
4347848,69,1,1,0
355624,69,1,0,1
3178272,69,1,0,1
5612600,69,1,1,0
3594448,69,1,1,0
3542040,69,1,0,1
1902944,69,1,1,0
3874872,69,1,0,1
4602144,69,1,0,1
1384096,69,1,1,0
2540200,69,1,1,0
2046016,69,1,0,1
1201000,69,1,1,0
505696,69,1,0,1
1913416,69,1,1,0
6453952,69,1,0,1
920224,69,1,1,0
1527392,69,1,1,0
321312,69,1,1,0
2527040,69,1,1,0
3029080,69,1,1,0
6496616,69,1,0,1
3969504,69,1,0,1
1450960,69,1,1,0
4967704,69,1,1,0
413360,69,1,1,0
1199136,69,1,1,0
679664,69,1,0,1
7173136,69,1,0,1
3995160,69,1,1,0
745520,69,1,0,1
822376,69,1,0,1
560200,69,1,0,1
2216176,69,1,0,1
6537136,69,1,0,1
8014824,69,1,1,0
5125360,69,1,0,1
567288,69,1,0,1
410352,69,1,1,0
4787032,69,1,0,1
2522664,69,1,0,1
7527232,69,1,0,1
456624,69,1,1,0
1946136,69,1,0,1
284992,69,1,0,1
2237336,69,1,1,0
863280,69,1,0,1
310240,69,1,0,1
478520,69,1,0,1
269016,69,1,0,1
718968,69,1,1,0
955456,69,1,1,0
4646328,69,1,0,1
5587024,69,1,0,1
2648072,69,1,0,1
7799408,69,1,0,1
389600,69,1,1,0
7631904,69,1,1,0
4353672,69,1,0,1
5261840,69,1,1,0
1347392,69,1,1,0
3552112,69,1,0,1
2070472,69,1,0,1
7659192,69,1,1,0
396728,69,1,1,0
747064,69,1,0,1
5402184,69,1,0,1
352456,69,1,1,0
3486600,69,1,1,0
7210688,69,1,1,0
3539432,69,1,0,1
2337040,69,1,1,0
1037392,69,1,1,0
2011880,69,1,1,0
4025896,69,1,1,0
4186208,69,1,0,1
544512,69,1,1,0
7212544,69,1,0,1
486080,69,1,0,1
1488536,69,1,1,0
7552120,69,1,1,0
1062784,69,1,0,1
822432,69,1,1,0
448312,69,1,0,1
2874064,69,1,1,0
1549024,69,1,1,0
4482208,69,1,1,0
2909904,69,1,1,0
4203200,69,1,1,0
4102496,69,1,1,0
525712,69,1,0,1
2721544,69,1,0,1
5069464,69,1,1,0
4213944,69,1,1,0
1887736,69,1,1,0
4459704,69,1,1,0
1830584,69,1,1,0
398992,69,1,0,1
585352,69,1,0,1
8283272,69,1,1,0
2448200,69,1,1,0
4635392,69,1,0,1
1399008,69,1,0,1
1504280,69,1,0,1
1658824,69,1,1,0
1495024,69,1,1,0
490560,69,1,0,1
2878456,69,1,0,1
8336360,69,1,1,0
1349888,69,1,1,0
6235672,69,1,1,0
756648,69,1,0,1
726024,69,1,1,0
4517760,69,1,1,0
1873040,69,1,1,0
6029200,69,1,1,0
8166232,69,1,1,0
7191496,69,1,1,0
3431776,69,1,1,0
5054224,69,1,1,0
4141768,69,1,1,0
457984,69,1,0,1
5125280,69,1,1,0
419344,69,1,1,0
793768,69,1,1,0
7889704,69,1,0,1
207160,69,1,0,1
1559624,69,1,0,1
1551176,69,1,0,1
2744440,69,1,0,1
6608824,69,1,0,1
1189904,69,1,1,0
3963632,69,1,1,0
6512880,69,1,1,0
5743608,69,1,0,1
6213736,69,1,1,0
4076376,69,1,1,0
325920,69,1,0,1
2973888,69,1,1,0
1226032,69,1,0,1
1871384,69,1,0,1
1034816,69,1,1,0
824920,69,1,1,0
360176,69,1,0,1
1419608,69,1,1,0
1743968,69,1,0,1
6588024,69,1,1,0
764736,69,1,0,1
6288472,69,1,0,1
4416000,69,1,0,1
1203232,69,1,1,0
598544,69,1,0,1
1894432,69,1,1,0
356560,69,1,1,0
2373136,69,1,1,0
2057424,69,1,1,0
507512,69,1,1,0
1040672,69,1,0,1
437144,69,1,0,1
5105576,69,1,0,1
1017864,69,1,1,0
3655248,69,1,0,1
2029104,69,1,1,0
2457408,69,1,0,1
824568,69,1,0,1
813064,69,1,0,1
797008,69,1,0,1
1120440,69,1,0,1
1388864,69,1,0,1
3457344,69,1,1,0
322408,69,1,1,0
2114400,69,1,1,0
6995080,69,1,0,1
1352080,69,1,1,0
2868016,69,1,0,1
2142560,69,1,1,0
3632144,69,1,1,0
355760,69,1,0,1
3808408,69,1,1,0
626528,69,1,1,0
6612920,69,1,0,1
2873608,69,1,1,0
1953584,69,1,1,0
2096536,69,1,0,1
7635320,69,1,0,1
924720,69,1,1,0
2032656,69,1,0,1
230312,69,1,1,0
4622280,69,1,1,0
274640,69,1,0,1
4298672,69,1,0,1
1562440,69,1,1,0
4212336,69,1,1,0
5513704,69,1,0,1
7764984,69,1,0,1
3905640,69,1,1,0
2847432,69,1,0,1
1860112,69,1,0,1
455104,69,1,0,1
5719440,69,1,1,0
2039040,69,1,1,0
543312,69,1,1,0
6748064,69,1,0,1
2151888,69,1,0,1
1558536,69,1,0,1
1256936,69,1,1,0
7206960,69,1,0,1
959848,69,1,0,1
7671184,69,1,0,1
1342120,69,1,1,0
2013136,69,1,1,0
2980176,69,1,1,0
1406472,69,1,1,0
6365992,69,1,1,0
2970424,69,1,1,0
1244552,69,1,0,1
828672,69,1,1,0
2475616,69,1,1,0
6782376,69,1,1,0
3330576,69,1,1,0
1126824,69,1,0,1
1341416,69,1,0,1
3586320,69,1,0,1
7636232,69,1,0,1
125624,69,1,0,1
441424,69,1,1,0
5028528,69,1,1,0
5742976,69,1,0,1
417232,69,1,0,1
724056,69,1,1,0
3870928,69,1,1,0
5365952,69,1,0,1
1369504,69,1,0,1
5025400,69,1,0,1
2780144,69,1,1,0
857960,69,1,0,1
2407856,69,1,1,0
831176,69,1,1,0
1668976,69,1,1,0
2048832,69,1,0,1
1429304,69,1,0,1
1866968,69,1,0,1
6756080,69,1,0,1
375592,69,1,0,1
4577360,69,1,1,0
1615744,69,1,0,1
1106456,69,1,1,0
1737048,69,1,0,1
5680832,69,1,1,0
4993216,69,1,1,0
8005848,69,1,0,1
4556544,69,1,0,1
4711144,69,1,1,0
6632104,69,1,0,1
5366056,69,1,0,1
386048,69,1,0,1
364096,69,1,0,1
1918664,69,1,0,1
5653720,69,1,0,1
220432,69,1,1,0
822688,69,1,1,0
4429368,69,1,1,0
5980488,69,1,0,1
3833824,69,1,1,0
7330896,69,1,0,1
5655600,69,1,1,0
1209664,69,1,1,0
5334456,69,1,1,0
4646088,69,1,1,0
3136008,69,1,0,1
573592,69,1,0,1
812400,69,1,0,1
7230664,69,1,0,1
7049984,69,1,1,0
1384080,69,1,0,1
2896600,69,1,1,0
418672,69,1,0,1
1006272,69,1,0,1
1675696,69,1,0,1
761016,69,1,0,1
455496,69,1,1,0
1266488,69,1,0,1
1670824,69,1,0,1
4500304,69,1,0,1
3742712,69,1,1,0
5915752,69,1,0,1
132280,69,1,1,0
2510744,69,1,0,1
880792,69,1,1,0
588512,69,1,1,0
216520,69,1,1,0
5630784,69,1,0,1
2572368,69,1,1,0
961976,69,1,0,1
1211768,69,1,0,1
1490160,69,1,1,0
5472672,69,1,0,1
4189184,69,1,0,1
503688,69,1,1,0
2827560,69,1,1,0
5176688,69,1,1,0
933064,69,1,1,0
8263312,69,1,0,1
2686272,69,1,1,0
2475712,69,1,0,1
541856,69,1,1,0
652240,69,1,0,1
245208,69,1,0,1
1777416,69,1,0,1
4066112,69,1,0,1
714392,69,1,1,0
5041496,69,1,1,0
1356536,69,1,1,0
3811640,69,1,1,0
1060664,69,1,1,0
4401312,69,1,1,0
314696,69,1,0,1
1601528,69,1,0,1
2695872,69,1,1,0
2452488,69,1,1,0
229992,69,1,0,1
6074104,69,1,0,1
7307552,69,1,0,1
3171528,69,1,1,0
6011504,69,1,1,0
5306960,69,1,1,0
574984,69,1,1,0
1983832,69,1,0,1
357344,69,1,1,0
402488,69,1,0,1
694848,69,1,0,1
6248800,69,1,1,0
3062696,69,1,1,0
1048880,69,1,0,1
215656,69,1,0,1
7539872,69,1,1,0
196712,69,1,1,0
574264,69,1,1,0
1307424,69,1,1,0
4230112,69,1,0,1
4634832,69,1,1,0
2852608,69,1,0,1
5774600,69,1,0,1
354472,69,1,1,0
904160,69,1,0,1
2321488,69,1,0,1
2066688,69,1,0,1
3384976,69,1,1,0
4055232,69,1,0,1
5666640,69,1,1,0
1939624,69,1,0,1
954000,69,1,1,0
830752,69,1,0,1
1395376,69,1,0,1
996712,69,1,0,1
4530480,69,1,1,0
1663688,69,1,0,1
868168,69,1,0,1
2334464,69,1,0,1
862264,69,1,1,0
1812408,69,1,0,1
508728,69,1,1,0
1239072,69,1,1,0
745328,69,1,0,1
2096664,69,1,1,0
7378016,69,1,1,0
1501576,70,1,1,0
6887152,70,1,1,0
3119472,70,1,1,0
1735136,70,1,1,0
2745688,70,1,1,0
1869200,70,1,0,1
2664920,70,1,0,1
2484376,70,1,0,1
364896,70,1,0,1
1300104,70,1,1,0
5375248,70,1,1,0
1686120,70,1,1,0
1636296,70,1,1,0
166064,70,1,1,0
4676528,70,1,0,1
5608392,70,1,0,1
1261152,70,1,1,0
1394568,70,1,1,0
2155936,70,1,0,1
337960,70,1,0,1
3522016,70,1,1,0
4092160,70,1,0,1
417544,70,1,1,0
2417416,70,1,0,1
1073672,70,1,0,1
2610408,70,1,1,0
2695296,70,1,1,0
489344,70,1,0,1
6615080,70,1,0,1
2791064,70,1,1,0
3310248,70,1,1,0
1257576,70,1,1,0
6567432,70,1,0,1
1279680,70,1,0,1
6729016,70,1,0,1
275600,70,1,1,0
381600,70,1,1,0
3410480,70,1,1,0
1786152,70,1,0,1
1150672,70,1,0,1
4751544,70,1,1,0
5594176,70,1,0,1
6873080,70,1,1,0
6162408,70,1,0,1
5702824,70,1,0,1
4885520,70,1,1,0
131416,70,1,1,0
2428152,70,1,0,1
352040,70,1,0,1
5977888,70,1,0,1
2195784,70,1,1,0
1135272,70,1,0,1
1328192,70,1,1,0
5891216,70,1,0,1
6521344,70,1,0,1
4778944,70,1,0,1
2143816,70,1,1,0
7984192,70,1,0,1
4305528,70,1,1,0
1533992,70,1,1,0
3986600,70,1,0,1
2054424,70,1,0,1
7453368,70,1,1,0
1437272,70,1,0,1
3620800,70,1,0,1
4590408,70,1,0,1
1065736,70,1,1,0
5044632,70,1,0,1
1372352,70,1,1,0
7900400,70,1,1,0
416776,70,1,1,0
2098904,70,1,1,0
5005096,70,1,1,0
3089632,70,1,1,0
1803256,70,1,1,0
3319032,70,1,1,0
5439632,70,1,0,1
900896,70,1,0,1
804992,70,1,1,0
1714888,70,1,0,1
680288,70,1,1,0
5796976,70,1,1,0
6951824,70,1,1,0
7619832,70,1,1,0
3546600,70,1,1,0
4482120,70,1,0,1
215888,70,1,1,0
722192,70,1,1,0
133416,70,1,0,1
1465296,70,1,0,1
2177168,70,1,1,0
2542144,70,1,1,0
5589144,70,1,1,0
906712,70,1,1,0
410000,70,1,1,0
988728,70,1,0,1
7404872,70,1,0,1
1732064,70,1,1,0
5265800,70,1,1,0
5312240,70,1,0,1
7131512,70,1,1,0
1823816,70,1,0,1
3740392,70,1,1,0
522712,70,1,0,1
3021712,70,1,0,1
773488,70,1,1,0
2685904,70,1,1,0
2337760,70,1,0,1
1161552,70,1,0,1
451608,70,1,1,0
2068888,70,1,0,1
3122480,70,1,0,1
6788656,70,1,1,0
3219072,70,1,1,0
3382520,70,1,1,0
624816,70,1,1,0
2618880,70,1,1,0
955328,70,1,0,1
6843704,70,1,1,0
4470808,70,1,1,0
6100504,70,1,1,0
5270592,70,1,0,1
5953080,70,1,0,1
2645704,70,1,0,1
8302560,70,1,0,1
5576016,70,1,0,1
362800,70,1,1,0
2660824,70,1,1,0
1357376,70,1,0,1
8232648,70,1,0,1
6896504,70,1,0,1
1648488,70,1,0,1
417904,70,1,1,0
4972584,70,1,1,0
240048,70,1,0,1
687288,70,1,0,1
1436456,70,1,0,1
4752680,70,1,0,1
565968,70,1,0,1
3710800,70,1,0,1
6246336,70,1,0,1
719464,70,1,0,1
2369416,70,1,0,1
2258976,70,1,0,1
675424,70,1,1,0
1135952,70,1,0,1
1436784,70,1,0,1
3330248,70,1,1,0
149112,70,1,0,1
6185456,70,1,1,0
1113720,70,1,0,1
5114064,70,1,0,1
6953640,70,1,1,0
1375192,70,1,1,0
1008728,70,1,0,1
354336,70,1,1,0
726856,70,1,1,0
5049376,70,1,0,1
1172304,70,1,1,0
539592,70,1,1,0
1729328,70,1,1,0
6970504,70,1,1,0
1065712,70,1,1,0
514344,70,1,1,0
7351976,70,1,0,1
3453520,70,1,1,0
1053808,70,1,0,1
4728472,70,1,0,1
731664,70,1,1,0
2586648,70,1,1,0
1277688,70,1,0,1
2743720,70,1,0,1
2787664,70,1,1,0
7669984,70,1,1,0
3845016,70,1,1,0
6947424,70,1,1,0
993376,70,1,1,0
4546432,70,1,1,0
5403776,70,1,0,1
4376832,70,1,0,1
6986512,70,1,0,1
4838520,70,1,0,1
1139664,70,1,1,0
201640,70,1,1,0
4977096,70,1,0,1
5452272,70,1,0,1
8381968,70,1,1,0
7833640,70,1,1,0
5667464,70,1,1,0
2026944,70,1,0,1
3715656,70,1,0,1
1732368,70,1,0,1
1517368,70,1,1,0
7174064,70,1,1,0
1825648,70,1,0,1
816568,70,1,0,1
6822464,70,1,1,0
1639832,70,1,1,0
7099416,70,1,1,0
796608,70,1,1,0
1768920,70,1,1,0
3665288,70,1,0,1
1532784,70,1,1,0
1727408,70,1,0,1
6707920,70,1,1,0
1246144,70,1,0,1
1987688,70,1,1,0
1237128,70,1,1,0
1230408,70,1,0,1
2417488,70,1,0,1
4932712,70,1,0,1
2745984,70,1,1,0
1531560,70,1,1,0
3387392,70,1,1,0
1986608,70,1,1,0
7244992,70,1,1,0
5324712,70,1,1,0
4786256,70,1,1,0
5836784,70,1,1,0
1510864,70,1,1,0
202824,70,1,0,1
8079760,70,1,0,1
457376,70,1,1,0
8176440,70,1,1,0
4361120,70,1,1,0
2449800,70,1,0,1
111472,70,1,0,1
2692144,70,1,1,0
1175968,70,1,0,1
623144,70,1,1,0
3325528,70,1,0,1
3371568,70,1,1,0
1437184,70,1,0,1
3311264,70,1,0,1
3611656,70,1,0,1
596536,70,1,1,0
7590544,70,1,0,1
227360,70,1,0,1
6397760,70,1,1,0
447232,70,1,0,1
1219032,70,1,1,0
5125320,70,1,0,1
1223448,70,1,1,0
2285968,70,1,1,0
1898280,70,1,1,0
1156488,70,1,0,1
667200,70,1,1,0
1028168,70,1,1,0
4627640,70,1,0,1
4795328,70,1,1,0
343632,70,1,1,0
1440024,70,1,0,1
217312,70,1,1,0
3757176,70,1,1,0
6634600,70,1,1,0
1616208,70,1,0,1
4848992,70,1,1,0
4146936,70,1,1,0
902944,70,1,0,1
513280,70,1,0,1
317736,70,1,1,0
1176424,70,1,0,1
968144,70,1,1,0
5241352,70,1,0,1
462064,70,1,0,1
8074864,70,1,0,1
4843504,70,1,0,1
5361608,70,1,1,0
2640640,70,1,0,1
712952,70,1,1,0
6363872,70,1,0,1
1491312,70,1,0,1
4894368,70,1,1,0
739536,70,1,1,0
576480,70,1,1,0
3887480,70,1,1,0
394224,70,1,1,0
3151632,70,1,1,0
6951808,70,1,0,1
284472,70,1,0,1
7259496,70,1,1,0
6745368,70,1,0,1
5713048,70,1,1,0
2456704,70,1,0,1
985056,70,1,1,0
6538976,70,1,1,0
6059864,70,1,1,0
2183304,70,1,0,1
1643480,70,1,1,0
852656,70,1,0,1
2733160,70,1,0,1
4658248,70,1,1,0
3901440,70,1,1,0
2535024,70,1,0,1
2529544,70,1,1,0
839680,70,1,0,1
1081776,70,1,0,1
5678208,70,1,0,1
2368352,70,1,0,1
483336,70,1,0,1
1081912,70,1,1,0
338360,70,1,0,1
472888,70,1,0,1
964488,70,1,1,0
1246288,70,1,0,1
2156032,70,1,1,0
916048,70,1,0,1
600128,70,1,0,1
5722288,70,1,1,0
5398280,70,1,1,0
1079448,70,1,1,0
1170320,70,1,0,1
782440,70,1,1,0
4331896,70,1,1,0
1216920,70,1,0,1
4376944,70,1,0,1
699544,70,1,0,1
473536,70,1,1,0
396560,70,1,1,0
1531768,70,1,0,1
6861984,70,1,0,1
3218520,70,1,0,1
1110320,70,1,0,1
5891488,70,1,0,1
2566136,70,1,1,0
1669504,70,1,1,0
2671920,70,1,1,0
2171296,70,1,1,0
308656,70,1,1,0
3329208,70,1,0,1
363704,70,1,1,0
773992,70,1,0,1
4074112,70,1,0,1
780872,70,1,1,0
720504,70,1,0,1
2876208,70,1,1,0
5462968,70,1,1,0
5709008,70,1,0,1
1664200,70,1,1,0
1195824,70,1,1,0
6160712,70,1,0,1
696888,70,1,0,1
939072,70,1,1,0
1290968,70,1,1,0
274472,70,1,1,0
234152,70,1,1,0
1978824,70,1,0,1
403840,70,1,0,1
535208,70,1,1,0
1977336,70,1,1,0
1882752,70,1,1,0
6439680,70,1,1,0
4260608,70,1,0,1
605000,70,1,1,0
666632,70,1,0,1
4871432,70,1,0,1
1787032,70,1,0,1
4657208,70,1,1,0
1373352,70,1,0,1
6803256,70,1,1,0
4160216,70,1,0,1
588528,70,1,1,0
184416,70,1,1,0
2382560,70,1,0,1
3372952,70,1,0,1
1715536,70,1,1,0
8372552,70,1,1,0
3703960,70,1,0,1
319432,70,1,1,0
7326368,70,1,1,0
313088,70,1,1,0
305144,70,1,0,1
3405136,70,1,0,1
1709200,70,1,1,0
2393624,70,1,1,0
1171488,70,1,0,1
6505576,70,1,1,0
6666376,70,1,0,1
3637040,70,1,0,1
1975592,70,1,1,0
403016,70,1,0,1
856640,70,1,1,0
543488,70,1,1,0
1528080,70,1,1,0
854096,70,1,1,0
4670800,70,1,1,0
1657616,70,1,0,1
5666984,70,1,1,0
1168704,70,1,0,1
2519744,70,1,1,0
1219904,70,1,0,1
3242368,70,1,1,0
801112,70,1,1,0
1606152,70,1,0,1
7848656,70,1,0,1
5327328,70,1,0,1
387600,70,1,1,0
2630080,70,1,1,0
298000,70,1,1,0
2977432,70,1,1,0
2898688,70,1,0,1
4557392,70,1,0,1
1350888,70,1,0,1
2923312,70,1,1,0
5699592,70,1,0,1
3004488,70,1,1,0
6826584,70,1,0,1
804680,70,1,1,0
4867496,70,1,0,1
4237576,70,1,0,1
2902272,70,1,0,1
1585472,70,1,1,0
5135152,70,1,0,1
327368,70,1,1,0
536112,70,1,0,1
824496,70,1,0,1
962136,70,1,1,0
949792,70,1,0,1
750648,70,1,1,0
504120,70,1,1,0
2738848,70,1,1,0
4165760,70,1,0,1
6950816,70,1,0,1
2299752,70,1,1,0
7588008,70,1,1,0
4392504,70,1,0,1
994160,70,1,0,1
4520632,70,1,0,1
3274360,70,1,1,0
532072,70,1,1,0
387240,70,1,0,1
1921432,70,1,0,1
399984,70,1,1,0
4167608,70,1,0,1
381720,70,1,0,1
4594848,70,1,1,0
5263136,70,1,1,0
2240064,70,1,0,1
1500544,70,1,1,0
1860912,70,1,0,1
6965312,70,1,1,0
5083112,70,1,1,0
4459936,70,1,0,1
2443888,70,1,1,0
6018952,70,1,0,1
1318720,70,1,1,0
2291008,70,1,1,0
799208,70,1,0,1
7774528,70,1,1,0
4416992,70,1,0,1
556992,70,1,0,1
949280,70,1,0,1
4425080,70,1,0,1
5232952,70,1,0,1
5851992,70,1,0,1
2079200,70,1,0,1
3474688,70,1,1,0
1008896,70,1,1,0
265232,70,1,1,0
388784,70,1,1,0
4399048,70,1,0,1
484688,70,1,0,1
164632,70,1,1,0
443320,70,1,0,1
1218016,70,1,1,0
8098768,70,1,1,0
1898664,70,1,1,0
3843440,70,1,0,1
7394696,70,1,1,0
5230088,70,1,1,0
2481864,70,1,0,1
6986816,70,1,1,0
4730792,70,1,0,1
1637144,70,1,1,0
846464,70,1,1,0
7920248,70,1,1,0
783128,70,1,0,1
5580960,70,1,0,1
465672,70,1,1,0
681144,70,1,1,0
1386968,70,1,0,1
3641208,70,1,0,1
865288,70,1,1,0
2214600,70,1,0,1
7960488,70,1,1,0
1418544,70,1,1,0
3001192,70,1,0,1
2448576,70,1,1,0
1842320,70,1,0,1
391240,70,1,1,0
4500120,70,1,1,0
5952872,70,1,0,1
2609280,70,1,0,1
7642688,70,1,1,0
2500256,70,1,0,1
1588072,70,1,1,0
4758608,70,1,1,0
5716088,70,1,1,0
6404216,70,1,0,1
6441776,70,1,0,1
7189184,70,1,1,0
405488,70,1,0,1
5120232,70,1,0,1
726408,70,1,0,1
1402408,70,1,0,1
1717968,70,1,0,1
1637232,70,1,1,0
5297680,70,1,1,0
975328,70,1,1,0
5344784,70,1,1,0
5328448,70,1,0,1
2608952,70,1,0,1
963256,70,1,1,0
714936,70,1,1,0
8157416,70,1,1,0
928480,70,1,0,1
1873592,70,1,0,1
1693880,70,1,0,1
464816,70,1,1,0
7713992,70,1,0,1
482624,70,1,1,0
6911608,70,1,1,0
2003920,70,1,1,0
2244064,70,1,0,1
5087016,70,1,0,1
1504976,70,1,1,0
1782304,70,1,0,1
236568,70,1,0,1
6046680,70,1,0,1
738872,70,1,1,0
5434696,70,1,1,0
718544,70,1,1,0
359064,70,1,1,0
6167160,70,1,1,0
261816,70,1,0,1
7436600,70,1,1,0
1954328,70,1,1,0
374376,70,1,0,1
3282720,70,1,1,0
1105488,70,1,1,0
5893064,70,1,1,0
1248720,70,1,0,1
1762048,70,1,0,1
7776144,70,1,0,1
1225824,70,1,1,0
1784824,70,1,0,1
2087512,70,1,0,1
5743760,70,1,1,0
1145216,70,1,1,0
7369256,70,1,1,0
789304,70,1,0,1
5479504,70,1,1,0
1077336,70,1,0,1
229880,70,1,1,0
2831224,70,1,1,0
2481576,70,1,1,0
673696,70,1,0,1
5432928,70,1,0,1
3027168,70,1,1,0
7606480,70,1,1,0
681152,70,1,1,0
903648,70,1,0,1
1002696,70,1,0,1
1472824,70,1,0,1
7999688,70,1,0,1
643120,70,1,1,0
752640,70,1,1,0
4473168,70,1,1,0
1538968,70,1,1,0
4584472,70,1,0,1
2731544,70,1,0,1
1039456,70,1,1,0
6666688,70,1,1,0
4142064,70,1,1,0
7618056,70,1,1,0
8386496,70,1,1,0
102256,70,1,0,1
288576,70,1,1,0
7795368,70,1,0,1
3749592,70,1,1,0
1376184,70,1,0,1
5272088,70,1,0,1
2732928,70,1,0,1
4123992,70,1,1,0
834904,70,1,1,0
572320,70,1,1,0
3961616,70,1,0,1
2564656,70,1,1,0
898928,70,1,0,1
2713112,70,1,1,0
1189600,70,1,0,1
1132984,70,1,1,0
3250968,70,1,0,1
2171984,70,1,0,1
340088,70,1,0,1
941968,70,1,0,1
1845592,70,1,0,1
973112,70,1,0,1
1669480,70,1,0,1
878664,70,1,0,1
2699440,70,1,1,0
3578720,70,1,1,0
5706776,70,1,1,0
210736,70,1,1,0
2137488,70,1,0,1
1333952,70,1,0,1
2086288,70,1,1,0
813040,70,1,0,1
5065944,70,1,1,0
2369680,70,1,1,0
2507136,70,1,1,0
1031496,70,1,0,1
532216,70,1,1,0
561472,70,1,0,1
1023400,70,1,0,1
494408,70,1,0,1
5305272,70,1,0,1
1070808,70,1,0,1
279016,70,1,1,0
777464,70,1,0,1
5892968,70,1,1,0
3693352,70,1,0,1
1379224,70,1,1,0
1871232,70,1,1,0
3041024,70,1,0,1
2371464,70,1,0,1
7457512,70,1,0,1
2856168,70,1,1,0
4554224,70,1,1,0
2707872,70,1,0,1
239640,70,1,0,1
6820024,70,1,0,1
2167832,70,1,1,0
915832,70,1,1,0
2574592,70,1,1,0
327976,70,1,1,0
3871800,70,1,1,0
3034336,70,1,0,1
3732544,70,1,1,0
1321824,70,1,1,0
987112,70,1,1,0
511872,70,1,1,0
3201464,70,1,1,0
1346664,70,1,0,1
1658432,70,1,1,0
2046440,70,1,0,1
1189144,70,1,1,0
2711896,70,1,1,0
7077784,70,1,1,0
4190392,70,1,0,1
2301760,70,1,0,1
461856,70,1,1,0
2623160,70,1,1,0
2265088,70,1,0,1
548440,70,1,0,1
7482928,70,1,0,1
319000,70,1,1,0
6592632,70,1,0,1
3509328,70,1,1,0
2058432,70,1,0,1
3211704,70,1,0,1
6097208,70,1,0,1
1395336,70,1,0,1
2302704,70,1,0,1
1647288,70,1,0,1
250520,70,1,1,0
553720,70,1,0,1
2558480,70,1,1,0
3422080,70,1,1,0
252880,70,1,1,0
6152272,70,1,0,1
4321440,70,1,1,0
8339672,70,1,0,1
486360,70,1,1,0
3491336,70,1,0,1
4646736,70,1,0,1
558544,70,1,0,1
327968,70,1,1,0
1075432,70,1,0,1
582192,70,1,0,1
6055808,70,1,0,1
3420144,70,1,1,0
4604448,70,1,1,0
3505720,70,1,0,1
3472728,70,1,0,1
1329712,70,1,0,1
2419280,70,1,1,0
1298568,70,1,0,1
1213040,70,1,1,0
4325392,70,1,0,1
617328,70,1,0,1
708384,70,1,0,1
142080,70,1,0,1
1635576,70,1,0,1
6204680,70,1,1,0
457144,70,1,1,0
173456,70,1,0,1
397512,70,1,1,0
7966768,70,1,0,1
3342688,70,1,1,0
694008,70,1,1,0
5659360,70,1,0,1
490208,70,1,0,1
780192,70,1,1,0
2243224,70,1,0,1
3497680,70,1,1,0
1469192,70,1,1,0
3328208,70,1,1,0
1750272,70,1,1,0
7826048,70,1,0,1
1430784,70,1,1,0
1014944,70,1,0,1
2402240,70,1,0,1
6918408,70,1,0,1
7316360,70,1,1,0
3269320,70,1,0,1
2889704,70,1,1,0
614192,70,1,1,0
3286640,70,1,0,1
4052504,70,1,1,0
4787048,70,1,1,0
2411384,70,1,0,1
3828552,70,1,0,1
6270256,70,1,1,0
377568,70,1,0,1
201288,70,1,1,0
1999680,70,1,1,0
836520,70,1,0,1
4426528,70,1,1,0
302496,70,1,1,0
1411664,70,1,1,0
387304,70,1,1,0
1009016,70,1,1,0
1702088,70,1,1,0
8056880,70,1,1,0
4111904,70,1,0,1
2849856,70,1,0,1
7452544,70,1,0,1
1327944,70,1,0,1
4969032,70,1,0,1
301840,70,1,1,0
364440,70,1,0,1
1223368,70,1,1,0
293616,70,1,1,0
5667664,70,1,0,1
291152,70,1,0,1
411336,70,1,0,1
2008216,70,1,1,0
2848680,70,1,0,1
1181488,70,1,1,0
1871344,70,1,0,1
805144,70,1,1,0
1074768,70,1,0,1
109848,70,1,0,1
3365944,70,1,0,1
3798672,70,1,1,0
3087840,70,1,0,1
3196096,70,1,1,0
884016,70,1,0,1
2794464,70,1,1,0
801040,70,1,1,0
1428744,70,1,0,1
359352,70,1,0,1
1562880,70,1,0,1
1539736,70,1,0,1
1128480,70,1,1,0
1474824,70,1,0,1
1292936,70,1,0,1
5796344,70,1,0,1
285568,70,1,0,1
1217528,70,1,0,1
2939544,70,1,0,1
523552,70,1,1,0
4587120,70,1,1,0
2153464,70,1,0,1
197840,70,1,1,0
3440424,70,1,1,0
5247648,70,1,0,1
3681432,70,1,0,1
5979024,70,1,1,0
1808232,70,1,0,1
3159728,70,1,0,1
6562792,70,1,1,0
3866080,70,1,0,1
4597288,70,1,1,0
709648,70,1,0,1
1515160,70,1,1,0
460360,70,1,0,1
753592,70,1,1,0
1303832,70,1,1,0
2590552,70,1,1,0
550256,70,1,0,1
8061136,70,1,1,0
7230832,70,1,1,0
2977656,70,1,1,0
310248,70,1,0,1
1760696,70,1,1,0
3306656,70,1,1,0
686280,70,1,0,1
1762216,70,1,0,1
5630816,70,1,0,1
509592,70,1,1,0
5046624,70,1,0,1
6225920,70,1,1,0
3832304,70,1,1,0
2902200,70,1,1,0
664840,70,1,0,1
3650528,70,1,1,0
5014944,70,1,0,1
6988656,70,1,0,1
167760,70,1,0,1
716696,70,1,0,1
683736,70,1,0,1
588624,70,1,0,1
694608,70,1,1,0
319928,70,1,1,0
6762648,70,1,1,0
4454296,70,1,1,0
7551296,70,1,1,0
401968,70,1,0,1
1479760,70,1,0,1
349744,70,1,0,1
1481200,70,1,1,0
2340288,70,1,1,0
322456,70,1,1,0
4289048,70,1,1,0
1346336,70,1,0,1
3910160,70,1,0,1
233080,70,1,1,0
2843736,70,1,0,1
517312,70,1,0,1
1799352,70,1,1,0
3554240,70,1,1,0
1424848,70,1,1,0
955768,70,1,1,0
5839480,70,1,0,1
6309360,70,1,1,0
3331776,70,1,0,1
145824,70,1,1,0
7532696,70,1,0,1
4326512,70,1,0,1
2526744,70,1,1,0
4209920,70,1,0,1
5820584,70,1,1,0
4493408,70,1,1,0
3525624,70,1,1,0
7973352,70,1,1,0
4092920,70,1,1,0
714616,70,1,0,1
2675376,70,1,0,1
797944,70,1,0,1
1168272,70,1,1,0
5370184,70,1,0,1
1555520,70,1,1,0
455200,70,1,1,0
3928056,70,1,0,1
8315688,70,1,1,0
2199944,70,1,0,1
2808080,70,1,0,1
960224,70,1,1,0
2252920,70,1,1,0
3833312,70,1,1,0
1122608,70,1,0,1
703208,70,1,0,1
4587592,70,1,1,0
7887664,70,1,1,0
1406024,70,1,0,1
928744,70,1,0,1
5187056,70,1,1,0
1931992,70,1,1,0
920800,70,1,0,1
5833080,70,1,1,0
7653192,70,1,0,1
368112,70,1,1,0
635576,70,1,1,0
2532624,70,1,1,0
7967120,70,1,1,0
2799816,70,1,1,0
3284592,70,1,0,1
5210064,70,1,1,0
6689464,70,1,0,1
7728504,70,1,1,0
389528,70,1,0,1
779600,70,1,1,0
8262304,70,1,0,1
8293192,70,1,1,0
3858912,70,1,1,0
6060848,70,1,1,0
1266544,70,1,0,1
2841976,70,1,1,0
8335544,70,1,0,1
4336056,70,1,0,1
4811544,70,1,1,0
1445376,70,1,1,0
650416,70,1,0,1
2429160,70,1,1,0
1338120,70,1,0,1
726296,70,1,0,1
1237928,70,1,0,1
366240,70,1,1,0
2830192,70,1,0,1
5057960,70,1,1,0
966704,70,1,0,1
614896,70,1,1,0
8111016,70,1,1,0
1264840,70,1,0,1
1056224,70,1,0,1
3065968,70,1,1,0
5083976,70,1,1,0
6503784,70,1,1,0
3144520,70,1,0,1
7043288,70,1,1,0
4926864,70,1,0,1
6925552,70,1,0,1
3354712,70,1,1,0
2590056,70,1,0,1
2808336,70,1,1,0
259424,70,1,1,0
5902928,70,1,1,0
6867848,70,1,1,0
3736000,70,1,0,1
8125240,70,1,1,0
8056424,70,1,1,0
592976,70,1,0,1
818000,70,1,0,1
6026632,70,1,0,1
1308568,70,1,1,0
292008,70,1,0,1
601304,70,1,1,0
2615904,70,1,1,0
812728,70,1,0,1
3016656,70,1,0,1
1509984,70,1,0,1
3251464,70,1,1,0
347696,70,1,1,0
2097976,70,1,0,1
3042192,70,1,1,0
299952,70,1,1,0
5172008,70,1,1,0
775848,70,1,0,1
171024,70,1,0,1
2204248,70,1,1,0
215176,70,1,1,0
930232,70,1,1,0
6532528,70,1,1,0
2252336,70,1,0,1
1427368,70,1,1,0
468488,70,1,1,0
4748800,70,1,0,1
5698304,70,1,1,0
2720744,70,1,1,0
2350544,70,1,1,0
1073936,70,1,0,1
672016,70,1,0,1
5064848,70,1,0,1
3121136,70,1,1,0
774296,70,1,1,0
5776432,70,1,1,0
353320,70,1,1,0
966416,70,1,1,0
544208,70,1,1,0
6809344,70,1,0,1
2133488,70,1,1,0
234072,70,1,0,1
1181688,70,1,1,0
1707456,70,1,0,1
5147160,70,1,0,1
6461992,70,1,1,0
364072,70,1,1,0
5576952,70,1,0,1
7645904,70,1,0,1
2345736,70,1,0,1
152744,70,1,1,0
1401720,70,1,1,0
1486472,70,1,0,1
2431832,70,1,1,0
2295272,70,1,0,1
3616480,70,1,1,0
5807224,70,1,1,0
3418136,70,1,1,0
7900368,70,1,1,0
1311936,70,1,1,0
4076280,70,1,1,0
3638800,70,1,1,0
591144,70,1,1,0
3031136,70,1,0,1
1086432,70,1,1,0
1740608,70,1,0,1
845312,70,1,0,1
2495344,70,1,0,1
1759184,70,1,1,0
802448,70,1,0,1
3260392,70,1,0,1
4624608,70,1,0,1
902688,70,1,1,0
2164208,70,1,1,0
5039872,70,1,0,1
762336,70,1,0,1
150016,70,1,1,0
679016,70,1,1,0
3073456,70,1,0,1
1596952,70,1,0,1
4524464,70,1,1,0
2568320,70,1,0,1
785400,70,1,0,1
7336200,70,1,1,0
5166824,70,1,0,1
4189592,70,1,0,1
659784,70,1,0,1
374272,70,1,0,1
2250632,70,1,1,0
3815200,70,1,1,0
7512624,70,1,1,0
2912504,70,1,1,0
6426512,70,1,0,1
5562928,70,1,1,0
1157576,70,1,1,0
746472,70,1,0,1
1401288,70,1,0,1
3739688,70,1,1,0
3242936,70,1,1,0
234344,70,1,0,1
183712,70,1,0,1
2825024,70,1,0,1
615096,70,1,0,1
1487096,70,1,0,1
7928640,70,1,0,1
7095384,70,1,0,1
4970280,70,1,1,0
5667616,70,1,0,1
457080,70,1,0,1
2354112,70,1,1,0
1518112,70,1,1,0
1060072,70,1,1,0
415120,70,1,1,0
1010072,70,1,1,0
3465320,70,1,0,1
5388464,70,1,0,1
937000,70,1,0,1
751592,70,1,0,1
4523304,70,1,0,1
1697016,70,1,0,1
519680,70,1,0,1
6916848,70,1,1,0
858328,70,1,0,1
1314176,70,1,1,0
2381152,70,1,0,1
286888,70,1,0,1
988432,70,1,1,0
3562400,70,1,0,1
7754056,70,1,1,0
1524736,70,1,0,1
7807408,70,1,1,0
1585712,70,1,1,0
3867824,70,1,0,1
597792,70,1,1,0
382120,70,1,1,0
725040,70,1,0,1
889832,70,1,1,0
6269912,70,1,1,0
2399896,70,1,0,1
3199928,70,1,0,1
8017704,70,1,1,0
289760,70,1,0,1
7637888,70,1,1,0
3091136,70,1,0,1
2910840,70,1,0,1
5999800,70,1,0,1
1576568,70,1,1,0
2645592,70,1,0,1
981776,70,1,1,0
8250160,70,1,1,0
5039096,70,1,0,1
3887376,70,1,1,0
1700832,70,1,1,0
1888480,70,1,0,1
3847296,70,1,0,1
7396104,70,1,1,0
1714272,70,1,0,1
743184,70,1,1,0
562416,70,1,1,0
1108904,70,1,1,0
552840,70,1,1,0
7561008,70,1,0,1
501760,70,1,1,0
4714240,70,1,0,1
3383088,70,1,1,0
874120,70,1,0,1
2847080,70,1,0,1
4857088,70,1,1,0
6754456,70,1,1,0
2465872,70,1,1,0
322352,70,1,1,0
1207688,70,1,0,1
3956272,70,1,0,1
1532936,70,1,1,0
2296368,70,1,1,0
495512,70,1,1,0
5645160,70,1,1,0
947024,70,1,1,0
697592,70,1,0,1
3207424,70,1,0,1
1365560,70,1,1,0
1877240,70,1,0,1
2234304,70,1,0,1
2310176,70,1,1,0
1697176,70,1,0,1
2461432,70,1,1,0
2436040,70,1,1,0
531584,70,1,1,0
7419472,70,1,1,0
6476080,70,1,1,0
1291728,70,1,0,1
629016,70,1,1,0
263408,70,1,0,1
4893056,70,1,0,1
804376,70,1,1,0
793784,70,1,0,1
1896176,70,1,0,1
1308640,70,1,1,0
2179728,70,1,0,1
3860800,70,1,0,1
367816,70,1,1,0
3830504,70,1,1,0
5326192,70,1,1,0
6572368,70,1,1,0
4454232,70,1,1,0
2135408,70,1,0,1
1545224,70,1,1,0
381904,70,1,0,1
308840,70,1,1,0
1749384,70,1,0,1
337608,70,1,0,1
406832,70,1,0,1
938280,70,1,1,0
1372528,70,1,0,1
7244928,70,1,0,1
311640,70,1,0,1
425064,70,1,1,0
4242752,70,1,1,0
1148880,70,1,1,0
1255936,70,1,1,0
5843200,70,1,0,1
295440,70,1,0,1
411400,70,1,0,1
1979208,70,1,1,0
7249456,70,1,0,1
4973760,70,1,0,1
2051784,70,1,1,0
4873528,70,1,1,0
659160,70,1,0,1
6493272,70,1,0,1
165816,70,1,0,1
3624176,70,1,0,1
237720,70,1,1,0
6124528,70,1,0,1
1020536,70,1,0,1
665464,70,1,1,0
5031968,70,1,0,1
7892648,70,1,0,1
7289992,70,1,0,1
1285552,70,1,0,1
3456784,70,1,1,0
1464144,70,1,1,0
6689360,70,1,1,0
1529816,70,1,1,0
1781336,70,1,1,0
2956344,70,1,1,0
2021504,70,1,0,1
490464,70,1,0,1
1051752,70,1,0,1
6226760,70,1,0,1
1499880,70,1,1,0
3747136,70,1,1,0
1261728,70,1,0,1
8187136,70,1,0,1
6539104,70,1,0,1
2109344,70,1,1,0
230752,70,1,0,1
3511776,70,1,0,1
1995536,70,1,0,1
2458624,70,1,1,0
7446048,70,1,0,1
2892224,70,1,0,1
3715952,70,1,1,0
623496,70,1,1,0
1468752,70,1,0,1
116272,70,1,0,1
410688,70,1,1,0
7232880,70,1,1,0
235792,70,1,0,1
429520,70,1,0,1
1488288,70,1,1,0
5099672,70,1,0,1
347352,70,1,0,1
3471312,70,1,1,0
7795624,70,1,1,0
1246392,70,1,1,0
5169256,70,1,1,0
5598528,70,1,1,0
5151448,70,1,0,1
154904,70,1,0,1
7361624,70,1,1,0
368664,70,1,1,0
323216,70,1,1,0
143232,70,1,1,0
3275728,70,1,1,0
906064,70,1,1,0
6726600,70,1,1,0
4441392,70,1,1,0
7453720,70,1,1,0
216272,70,1,1,0
2551200,70,1,0,1
5381288,70,1,0,1
2880896,70,1,1,0
3079360,70,1,0,1
2240584,70,1,1,0
2508296,70,1,0,1
296848,70,1,1,0
6447944,70,1,0,1
1353936,70,1,0,1
6624240,70,1,1,0
339512,70,1,1,0
4253376,70,1,0,1
108424,70,1,0,1
1329440,70,1,1,0
2628768,70,1,1,0
2403744,70,1,0,1
8172800,70,1,1,0
5415456,70,1,0,1
115288,70,1,0,1
1958888,70,1,0,1
1144376,70,1,0,1
3566640,70,1,0,1
4485496,70,1,0,1
2636240,70,1,0,1
362232,70,1,0,1
199928,70,1,1,0
7610408,70,1,0,1
855704,70,1,1,0
192808,70,1,1,0
170136,70,1,0,1
8044848,70,1,1,0
5118392,70,1,0,1
3079328,70,1,1,0
3009672,70,1,1,0
6216168,70,1,0,1
7094784,70,1,1,0
1745080,70,1,0,1
3844624,70,1,0,1
1660096,70,1,0,1
8104520,70,1,1,0
3318904,70,1,0,1
1242072,70,1,0,1
5061736,70,1,0,1
3205560,70,1,0,1
1522096,70,1,1,0
3013120,70,1,0,1
303960,70,1,1,0
2110600,70,1,1,0
7185712,70,1,0,1
1323016,70,1,0,1
1543280,70,1,0,1
6072120,70,1,0,1
683096,70,1,1,0
4805544,70,1,1,0
828424,70,1,0,1
982672,70,1,0,1
2644744,70,1,0,1
600792,70,1,1,0
853208,70,1,1,0
584952,70,1,1,0
6407480,70,1,0,1
2490640,70,1,0,1
1133464,70,1,1,0
2510472,70,1,1,0
7341616,70,1,1,0
2099472,70,1,1,0
8108992,70,1,0,1
3128264,70,1,0,1
4066648,70,1,0,1
232304,70,1,1,0
337416,70,1,0,1
602464,70,1,0,1
5546464,70,1,0,1
3751672,70,1,1,0
7871064,70,1,0,1
2961880,70,1,0,1
922040,70,1,0,1
7381216,70,1,1,0
3503016,70,1,0,1
8087016,70,1,0,1
4778320,70,1,0,1
859312,70,1,1,0
4674224,70,1,1,0
5421744,70,1,1,0
6993552,70,1,1,0
217808,70,1,1,0
3768280,70,1,0,1
4152848,70,1,0,1
1741752,70,1,1,0
835944,70,1,1,0
4313504,70,1,0,1
349512,70,1,0,1
4397864,70,1,0,1
812544,70,1,0,1
6281688,70,1,1,0
613584,70,1,0,1
266000,70,1,1,0
2654448,70,1,1,0
8065840,70,1,0,1
1814752,70,1,1,0
5365376,70,1,1,0
6996432,70,1,1,0
189832,70,1,0,1
879256,70,1,1,0
2779760,70,1,0,1
680680,70,1,0,1
2678384,70,1,1,0
7263352,70,1,0,1
267960,70,1,0,1
673168,70,1,1,0
1158312,70,1,1,0
766984,70,1,0,1
2282856,70,1,1,0
171616,70,1,0,1
4333320,70,1,0,1
532128,70,1,0,1
546112,70,1,1,0
1158488,70,1,0,1
8016288,70,1,0,1
323672,70,1,0,1
2061392,70,1,1,0
4609376,70,1,0,1
5836152,70,1,1,0
4179704,70,1,1,0
593504,70,1,0,1
3467344,70,1,0,1
497872,70,1,1,0
1795664,70,1,0,1
2080080,70,1,1,0
6206032,70,1,0,1
3538392,70,1,1,0
142016,70,1,0,1
828864,70,1,1,0
455840,70,1,0,1
4760920,70,1,1,0
1516224,70,1,1,0
804536,70,1,0,1
379200,70,1,0,1
583176,70,1,0,1
2438864,70,1,0,1
117216,70,1,0,1
1730680,70,1,0,1
1690960,70,1,0,1
6874704,70,1,0,1
1234464,70,1,0,1
5120752,70,1,0,1
5309536,70,1,1,0
3950768,70,1,1,0
2055488,70,1,1,0
2854872,70,1,0,1
3145008,70,1,0,1
5523200,70,1,1,0
1684520,70,1,1,0
295344,70,1,0,1
2507984,70,1,1,0
4104296,70,1,1,0
715416,70,1,1,0
3189848,70,1,0,1
453992,70,1,0,1
5102888,70,1,1,0
2491256,70,1,1,0
5665480,70,1,1,0
3073800,70,1,0,1
4137568,70,1,0,1
4774176,70,1,0,1
465832,70,1,0,1
3792384,70,1,0,1
1460792,70,1,0,1
3003848,70,1,1,0
7399328,70,1,1,0
241552,70,1,0,1
297976,70,1,1,0
535504,70,1,1,0
289336,70,1,1,0
6680576,70,1,0,1
3263656,70,1,1,0
158888,70,1,0,1
1767968,70,1,0,1
367752,70,1,0,1
836944,70,1,0,1
2109720,70,1,1,0
694904,70,1,1,0
8366592,70,1,0,1
2032080,70,1,0,1
3178312,70,1,1,0
1081208,70,1,1,0
6201264,70,1,1,0
3568432,70,1,1,0
1105888,70,1,1,0
2816440,70,1,0,1
7736816,70,1,0,1
1376968,70,1,1,0
661704,70,1,0,1
7548520,70,1,0,1
2917824,70,1,0,1
8213248,70,1,0,1
6128224,70,1,0,1
863000,70,1,0,1
6224656,70,1,1,0
566680,70,1,0,1
6175448,70,1,0,1
7819480,70,1,1,0
1262656,70,1,0,1
3608376,70,1,0,1
499008,70,1,1,0
939472,70,1,1,0
1107608,70,1,1,0
1455800,70,1,0,1
3624168,70,1,1,0
746872,70,1,1,0
4560136,70,1,0,1
6253128,70,1,1,0
3449128,70,1,0,1
1495888,70,1,1,0
5791600,70,1,0,1
2430912,70,1,0,1
4951928,70,1,1,0
6460312,70,1,1,0
492944,70,1,1,0
3142784,70,1,1,0
2768616,70,1,0,1
3470856,70,1,0,1
357976,70,1,0,1
3594272,70,1,0,1
948480,70,1,0,1
4772840,70,1,0,1
1030488,70,1,0,1
814000,70,1,0,1
511176,70,1,0,1
3297344,70,1,1,0
1527480,70,1,0,1
1780272,70,1,1,0
5777048,70,1,1,0
8067496,70,1,0,1
1806680,70,1,1,0
258864,70,1,1,0
1610664,70,1,0,1
2433424,70,1,1,0
685752,70,1,0,1
2528984,70,1,0,1
8169352,70,1,1,0
417632,70,1,1,0
2409328,70,1,1,0
4322544,70,1,1,0
6663648,70,1,0,1
5092760,70,1,0,1
8312880,70,1,1,0
102976,70,1,0,1
62448,70,1,1,0
579688,70,1,1,0
8110856,70,1,0,1
8160984,70,1,1,0
5840640,70,1,1,0
455544,70,1,0,1
526568,70,1,0,1
7094520,70,1,0,1
4008712,70,1,1,0
6129856,70,1,0,1
411824,70,1,0,1
566896,70,1,0,1
1983904,70,1,0,1
6222096,70,1,0,1
2741256,70,1,0,1
252768,70,1,1,0
2535248,70,1,1,0
1683496,70,1,0,1
1116744,70,1,0,1
751072,70,1,0,1
4735976,70,1,1,0
1974656,70,1,0,1
914168,70,1,0,1
6432792,70,1,1,0
4311704,70,1,1,0
2153664,70,1,0,1
1028840,70,1,0,1
5713952,70,1,0,1
3662496,70,1,1,0
1295296,70,1,0,1
573688,70,1,1,0
5594968,70,1,1,0
3257104,70,1,1,0
3514216,70,1,1,0
1747360,70,1,1,0
4969936,70,1,1,0
2057584,70,1,0,1
1886192,70,1,1,0
3225832,70,1,0,1
273240,70,1,1,0
835824,70,1,0,1
212512,70,1,1,0
790744,70,1,1,0
2350912,70,1,1,0
7283488,70,1,0,1
5789856,70,1,0,1
927320,70,1,0,1
3394600,70,1,1,0
1738728,70,1,0,1
446816,70,1,1,0
972240,70,1,1,0
1216648,70,1,1,0
437504,70,1,1,0
3120888,70,1,0,1
990488,70,1,1,0
2597408,70,1,1,0
2814560,70,1,0,1
7707808,70,1,0,1
1671848,70,1,0,1
2370368,70,1,0,1
1106568,70,1,0,1
4373848,70,1,0,1
3920600,70,1,0,1
2208808,70,1,1,0
2768712,70,1,1,0
565368,70,1,1,0
7011640,70,1,0,1
2624184,70,1,1,0
1836752,70,1,0,1
8232984,70,1,1,0
2597376,70,1,1,0
1806256,70,1,0,1
2519224,70,1,0,1
2118664,70,1,0,1
1178720,70,1,0,1
733256,70,1,0,1
2529680,70,1,1,0
1618480,70,1,0,1
8365496,70,1,0,1
5153752,70,1,0,1
3759216,70,1,1,0
7736384,70,1,1,0
7537184,70,1,0,1
595864,70,1,1,0
1225576,70,1,1,0
1912416,70,1,0,1
1591600,70,1,1,0
2530864,70,1,1,0
5319544,70,1,1,0
1383104,70,1,1,0
1231032,70,1,0,1
641808,70,1,0,1
365592,70,1,1,0
788280,70,1,0,1
5032496,70,1,0,1
2986712,70,1,1,0
7672960,70,1,0,1
6768768,70,1,0,1
1354624,70,1,0,1
927552,70,1,0,1
6165592,70,1,1,0
412352,70,1,1,0
3396816,70,1,1,0
3469160,70,1,1,0
1902784,70,1,1,0
1200416,70,1,1,0
1152280,70,1,0,1
2346912,70,1,0,1
5925936,70,1,1,0
131936,70,1,1,0
1601008,70,1,0,1
3097592,70,1,0,1
575328,70,1,0,1
143600,70,1,1,0
3238656,70,1,1,0
842664,70,1,1,0
2863144,70,1,0,1
862136,70,1,1,0
4531368,70,1,0,1
4722048,70,1,0,1
4550864,70,1,0,1
1482080,70,1,0,1
2606264,70,1,0,1
5991016,70,1,1,0
693096,70,1,1,0
3087304,70,1,1,0
1152704,70,1,1,0
234504,70,1,0,1
3177000,70,1,0,1
141336,70,1,0,1
505808,70,1,0,1
6154160,70,1,0,1
5245328,70,1,0,1
150920,70,1,0,1
3545632,70,1,1,0
2568464,70,1,0,1
2060880,70,1,0,1
1455464,70,1,1,0
6938928,70,1,1,0
1341880,70,1,1,0
4145360,70,1,0,1
3938560,70,1,0,1
2038832,70,1,1,0
1346552,70,1,0,1
257352,70,1,0,1
5474632,70,1,0,1
2887664,70,1,0,1
7300376,70,1,0,1
4286216,70,1,1,0
1923736,70,1,0,1
6094984,70,1,1,0
6727128,70,1,1,0
217856,70,1,1,0
1628928,70,1,0,1
4250856,70,1,1,0
4292672,70,1,0,1
7832424,70,1,0,1
4443128,70,1,1,0
5378424,70,1,0,1
1214048,70,1,1,0
139504,70,1,1,0
7681816,70,1,1,0
3345544,70,1,1,0
558600,70,1,0,1
628304,70,1,1,0
878560,70,1,1,0
2014432,70,1,1,0
405592,70,1,1,0
616712,70,1,1,0
1418048,70,1,1,0
2915696,70,1,1,0
957048,70,1,0,1
1754720,70,1,1,0
364968,70,1,1,0
2068120,70,1,0,1
2279376,70,1,1,0
6790664,70,1,0,1
2623888,70,1,0,1
5976272,70,1,1,0
500688,70,1,0,1
1132968,70,1,1,0
858680,70,1,1,0
3340600,70,1,1,0
212208,70,1,1,0
4484128,70,1,0,1
5193520,70,1,0,1
5046632,70,1,0,1
1130472,70,1,0,1
1385368,70,1,1,0
930928,70,1,1,0
1786872,70,1,1,0
5523576,70,1,0,1
2055128,70,1,0,1
73400,70,1,0,1
3559128,70,1,0,1
2612432,70,1,0,1
1762584,70,1,1,0
915168,70,1,0,1
7703472,70,1,0,1
1056784,70,1,0,1
4271032,70,1,0,1
2112104,70,1,0,1
2122000,70,1,1,0
4768968,70,1,0,1
3549088,70,1,0,1
7265864,70,1,1,0
2447016,70,1,0,1
6509824,70,1,1,0
1512568,70,1,1,0
1787368,70,1,1,0
624056,70,1,1,0
4067592,70,1,1,0
1409968,70,1,0,1
2737000,70,1,0,1
8076224,70,1,1,0
379928,70,1,1,0
4038392,70,1,0,1
256792,70,1,0,1
796040,70,1,0,1
1865816,70,1,1,0
4005712,70,1,1,0
1117456,70,1,0,1
7190096,70,1,0,1
1689624,70,1,0,1
1113128,70,1,1,0
2887240,70,1,1,0
3179200,70,1,0,1
1858192,70,1,0,1
2081776,70,1,0,1
1871568,70,1,0,1
128136,70,1,1,0
1493272,70,1,0,1
5207736,70,1,1,0
4787616,70,1,0,1
6283904,70,1,1,0
682720,70,1,1,0
3361768,70,1,1,0
649064,70,1,0,1
2600592,70,1,1,0
4527504,70,1,1,0
3595096,70,1,1,0
1685888,70,1,0,1
6969912,70,1,0,1
426168,70,1,0,1
2044176,70,1,1,0
1469976,70,1,1,0
4891240,70,1,0,1
4613664,70,1,1,0
698352,70,1,1,0
446416,70,1,0,1
1458008,70,1,0,1
2549832,70,1,0,1
991232,70,1,0,1
2724032,70,1,1,0
2655752,70,1,0,1
7512840,70,1,0,1
4617080,70,1,0,1
3681952,70,1,0,1
872560,70,1,0,1
1091480,70,1,1,0
113760,70,1,1,0
465696,70,1,0,1
6875416,70,1,1,0
5664336,70,1,1,0
2081944,70,1,0,1
2028592,70,1,0,1
4996936,70,1,0,1
3097792,70,1,0,1
5512816,70,1,0,1
2053024,70,1,0,1
851744,70,1,1,0
1919552,70,1,0,1
5114624,70,1,1,0
5560320,70,1,0,1
6658824,70,1,1,0
594216,70,1,0,1
1155136,70,1,0,1
6625416,70,1,0,1
390288,70,1,0,1
5379936,70,1,0,1
278128,70,1,1,0
7352320,70,1,0,1
407608,70,1,1,0
4548176,70,1,1,0
2297408,70,1,1,0
860096,70,1,0,1
1923784,70,1,0,1
3104632,70,1,0,1
3777656,70,1,1,0
492352,70,1,1,0
2189704,70,1,0,1
5418064,70,1,0,1
2330600,70,1,0,1
2730840,70,1,0,1
1733272,70,1,0,1
3271096,70,1,1,0
5302560,70,1,0,1
1961296,70,1,0,1
477752,70,1,0,1
4193752,70,1,1,0
1008184,70,1,0,1
1615456,70,1,0,1
7259344,70,1,1,0
181432,70,1,1,0
1325448,70,1,1,0
6583000,70,1,1,0
5177632,70,1,0,1
6343624,70,1,1,0
149136,70,1,0,1
5851216,70,1,1,0
577392,70,1,0,1
180216,70,1,1,0
133536,70,1,0,1
6204568,70,1,1,0
7667328,70,1,1,0
2358128,70,1,0,1
1417384,70,1,1,0
5889152,70,1,1,0
1785920,70,1,1,0
359328,70,1,1,0
3519232,70,1,1,0
1075560,70,1,0,1
872432,70,1,0,1
2143168,70,1,0,1
2240512,70,1,0,1
3183400,70,1,1,0
5295064,70,1,0,1
3840712,70,1,1,0
3140096,70,1,1,0
891352,70,1,0,1
2076640,70,1,1,0
213504,70,1,0,1
322000,70,1,0,1
7312280,70,1,1,0
445920,70,1,0,1
2024264,70,1,0,1
240840,70,1,0,1
268880,70,1,0,1
1891536,70,1,0,1
1156896,70,1,1,0
2031920,70,1,0,1
609296,70,1,0,1
2686592,70,1,0,1
1370992,70,1,0,1
1810632,70,1,0,1
2354312,70,1,1,0
2791832,70,1,0,1
1198024,70,1,1,0
1230016,70,1,1,0
454960,70,1,1,0
7450280,70,1,1,0
2934784,70,1,0,1
935096,70,1,0,1
7684280,70,1,1,0
587856,70,1,1,0
968288,70,1,1,0
3431952,70,1,1,0
4484928,70,1,1,0
5929144,70,1,0,1
1853344,70,1,0,1
1139592,70,1,0,1
5049560,70,1,0,1
6838576,70,1,1,0
937552,70,1,1,0
2525944,70,1,0,1
363992,70,1,1,0
5799560,70,1,1,0
957472,70,1,0,1
3201448,70,1,1,0
2139112,70,1,0,1
400976,70,1,0,1
4510472,70,1,0,1
2991960,70,1,1,0
1158368,70,1,0,1
421632,70,1,1,0
765152,70,1,1,0
7159032,70,1,0,1
659656,70,1,0,1
794352,70,1,0,1
465888,70,1,1,0
4842960,70,1,0,1
6150264,70,1,0,1
6458440,70,1,1,0
251920,70,1,0,1
988736,70,1,0,1
1262144,70,1,0,1
3072744,70,1,0,1
1558728,70,1,1,0
3166376,70,1,1,0
1275752,70,1,0,1
5213496,70,1,1,0
3749464,70,1,0,1
1279280,70,1,0,1
622496,70,1,1,0
591688,70,1,1,0
4140576,70,1,1,0
1213888,70,1,0,1
5162088,70,1,1,0
3959952,70,1,1,0
3256272,70,1,1,0
567768,70,1,1,0
2521656,70,1,0,1
1296640,70,1,0,1
2132576,70,1,0,1
3377200,70,1,0,1
7614160,70,1,0,1
1194608,70,1,1,0
3694072,70,1,1,0
7237864,70,1,0,1
1673736,70,1,0,1
1857816,70,1,1,0
605160,70,1,0,1
3189856,70,1,1,0
1043208,70,1,0,1
462040,70,1,1,0
4274768,70,1,0,1
5697432,70,1,1,0
4499840,70,1,0,1
4691320,70,1,0,1
451720,70,1,0,1
277304,70,1,1,0
4676296,70,1,0,1
3973808,70,1,1,0
4793920,70,1,1,0
381024,70,1,0,1
4183952,70,1,0,1
645608,70,1,0,1
4632880,70,1,1,0
4994848,70,1,1,0
3759464,70,1,0,1
302168,70,1,0,1
3280192,70,1,0,1
1369456,70,1,0,1
359456,70,1,0,1
763016,70,1,1,0
3804552,70,1,0,1
6197400,70,1,0,1
4472304,70,1,0,1
6930144,70,1,1,0
2737136,70,1,1,0
4908928,70,1,1,0
1298984,71,1,0,1
6179424,71,1,1,0
4516848,71,1,1,0
7860712,71,1,0,1
1214560,71,1,0,1
6630056,71,1,1,0
654520,71,1,0,1
976016,71,1,1,0
1379832,71,1,1,0
948560,71,1,1,0
421336,71,1,1,0
1329696,71,1,0,1
1378448,71,1,0,1
495376,71,1,0,1
3418560,71,1,1,0
2689056,71,1,1,0
1990776,71,1,0,1
895936,71,1,1,0
3167952,71,1,1,0
1467784,71,1,0,1
3384880,71,1,0,1
509864,71,1,0,1
6186960,71,1,0,1
588040,71,1,1,0
633632,71,1,0,1
5692416,71,1,1,0
657120,71,1,1,0
1209672,71,1,1,0
3522192,71,1,0,1
1455808,71,1,1,0
1225352,71,1,0,1
2324336,71,1,1,0
3153200,71,1,1,0
266552,71,1,0,1
2568392,71,1,0,1
1828616,71,1,0,1
5210224,71,1,1,0
4439880,71,1,1,0
211776,71,1,0,1
945264,71,1,1,0
1320184,71,1,1,0
5828928,71,1,0,1
2902680,71,1,1,0
1108736,71,1,1,0
5518936,71,1,0,1
5348296,71,1,0,1
1274904,71,1,1,0
3904000,71,1,1,0
2757896,71,1,1,0
1325368,71,1,0,1
216728,71,1,1,0
6939856,71,1,0,1
3619192,71,1,1,0
4755720,71,1,1,0
815632,71,1,1,0
1807712,71,1,0,1
8065704,71,1,0,1
7133928,71,1,1,0
1040064,71,1,1,0
4316240,71,1,0,1
5475040,71,1,0,1
2640096,71,1,0,1
1980016,71,1,0,1
3113336,71,1,0,1
383648,71,1,1,0
8056256,71,1,0,1
412560,71,1,1,0
2305184,71,1,0,1
380960,71,1,0,1
5141392,71,1,1,0
6929744,71,1,1,0
424376,71,1,0,1
1859064,71,1,0,1
4301328,71,1,0,1
7828576,71,1,0,1
5878632,71,1,0,1
310824,71,1,0,1
364816,71,1,1,0
3015080,71,1,0,1
5305432,71,1,0,1
2565776,71,1,0,1
505152,71,1,0,1
1587848,71,1,1,0
2628056,71,1,1,0
1639304,71,1,0,1
509472,71,1,0,1
2329520,71,1,0,1
5259808,71,1,0,1
3815512,71,1,0,1
2744160,71,1,0,1
1526568,71,1,1,0
6555432,71,1,0,1
4209392,71,1,0,1
415392,71,1,1,0
230152,71,1,0,1
1898624,71,1,0,1
2065176,71,1,1,0
2190592,71,1,1,0
2227000,71,1,1,0
1678664,71,1,1,0
1117240,71,1,1,0
6973528,71,1,0,1
7337256,71,1,0,1
6346568,71,1,0,1
2004744,71,1,1,0
534840,71,1,0,1
2878512,71,1,0,1
1671864,71,1,1,0
556824,71,1,0,1
8353488,71,1,0,1
7068824,71,1,0,1
194664,71,1,1,0
5274496,71,1,0,1
64616,71,1,1,0
1138696,71,1,0,1
437616,71,1,1,0
394984,71,1,1,0
7283032,71,1,1,0
983656,71,1,1,0
945960,71,1,0,1
1752304,71,1,1,0
1802176,71,1,0,1
1796488,71,1,0,1
5516512,71,1,1,0
3366976,71,1,0,1
2070896,71,1,0,1
516232,71,1,1,0
838272,71,1,1,0
618000,71,1,0,1
3485784,71,1,0,1
8250936,71,1,0,1
2409936,71,1,1,0
5242592,71,1,0,1
3714896,71,1,1,0
2424072,71,1,0,1
1941184,71,1,0,1
1539304,71,1,0,1
8074560,71,1,1,0
2042104,71,1,1,0
3196480,71,1,0,1
775960,71,1,0,1
3966432,71,1,1,0
7315248,71,1,1,0
2009168,71,1,1,0
812688,71,1,0,1
2907400,71,1,1,0
1223296,71,1,1,0
1761136,71,1,1,0
8116112,71,1,0,1
578296,71,1,0,1
1739440,71,1,0,1
584992,71,1,0,1
4296400,71,1,0,1
2525936,71,1,1,0
2944696,71,1,1,0
930952,71,1,1,0
1356640,71,1,1,0
913032,71,1,0,1
3873120,71,1,1,0
6216144,71,1,0,1
1485408,71,1,1,0
8201912,71,1,1,0
471648,71,1,0,1
7737784,71,1,1,0
3654160,71,1,1,0
701768,71,1,0,1
4077864,71,1,1,0
7416120,71,1,0,1
2436144,71,1,0,1
592432,71,1,0,1
5013424,71,1,0,1
1582160,71,1,1,0
1001464,71,1,1,0
304432,71,1,0,1
393912,71,1,0,1
4084432,71,1,1,0
3243720,71,1,0,1
935640,71,1,1,0
6705984,71,1,1,0
1213656,71,1,1,0
2022728,71,1,0,1
1808680,71,1,0,1
626672,71,1,0,1
2293280,71,1,0,1
1922336,71,1,0,1
6296776,71,1,1,0
4698464,71,1,0,1
1567000,71,1,0,1
5071944,71,1,0,1
830232,71,1,0,1
557232,71,1,0,1
1627048,71,1,0,1
702168,71,1,0,1
7189224,71,1,1,0
430152,71,1,0,1
6787016,71,1,0,1
6581704,71,1,0,1
2014976,71,1,0,1
5483512,71,1,0,1
1658816,71,1,1,0
866192,71,1,0,1
4006152,71,1,0,1
1217808,71,1,0,1
161544,71,1,0,1
5368608,71,1,1,0
720232,71,1,1,0
1336744,71,1,1,0
2219568,71,1,1,0
4764304,71,1,1,0
2234208,71,1,1,0
179736,71,1,1,0
726792,71,1,0,1
3971864,71,1,1,0
4214760,71,1,1,0
706176,71,1,0,1
6713472,71,1,1,0
6304008,71,1,1,0
593032,71,1,1,0
6491304,71,1,1,0
1790024,71,1,0,1
1183936,71,1,0,1
2882968,71,1,0,1
1423072,71,1,0,1
6143568,71,1,1,0
4079896,71,1,1,0
625752,71,1,0,1
5550344,71,1,0,1
2885792,71,1,0,1
1405200,71,1,1,0
4528552,71,1,0,1
3518640,71,1,1,0
4360320,71,1,0,1
469840,71,1,0,1
3935792,71,1,0,1
4974912,71,1,1,0
3190888,71,1,1,0
4636592,71,1,1,0
1540608,71,1,0,1
4222120,71,1,1,0
857992,71,1,1,0
2210632,71,1,0,1
204384,71,1,0,1
7679384,71,1,0,1
1774168,71,1,1,0
529816,71,1,1,0
3700704,71,1,1,0
2143832,71,1,1,0
3654096,71,1,0,1
93208,71,1,1,0
4649672,71,1,1,0
578536,71,1,0,1
4866832,71,1,1,0
1365744,71,1,1,0
5197584,71,1,0,1
878304,71,1,0,1
1003488,71,1,0,1
3045632,71,1,0,1
1176272,71,1,1,0
3299208,71,1,0,1
4815712,71,1,1,0
178240,71,1,0,1
1852072,71,1,1,0
607992,71,1,0,1
3200168,71,1,1,0
4385640,71,1,0,1
1012344,71,1,0,1
2640240,71,1,0,1
1342776,71,1,1,0
465248,71,1,1,0
1428640,71,1,0,1
2384856,71,1,1,0
475480,71,1,0,1
509416,71,1,1,0
7205536,71,1,0,1
3038064,71,1,1,0
502184,71,1,0,1
5595704,71,1,0,1
6245928,71,1,0,1
966600,71,1,1,0
710432,71,1,0,1
6736336,71,1,0,1
1386336,71,1,1,0
5330640,71,1,1,0
360400,71,1,0,1
357104,71,1,1,0
1282056,71,1,1,0
377136,71,1,1,0
6530544,71,1,0,1
3561424,71,1,0,1
3383760,71,1,0,1
4948376,71,1,0,1
450440,71,1,0,1
247520,71,1,0,1
328432,71,1,1,0
1848136,71,1,0,1
3888560,71,1,1,0
2541400,71,1,1,0
5682864,71,1,0,1
5657968,71,1,0,1
324696,71,1,1,0
7857008,71,1,1,0
6211264,71,1,0,1
957672,71,1,1,0
6459512,71,1,0,1
965568,71,1,1,0
1412104,71,1,0,1
863160,71,1,1,0
3183136,71,1,1,0
372080,71,1,0,1
483024,71,1,0,1
873504,71,1,1,0
4520496,71,1,1,0
3141632,71,1,0,1
1075768,71,1,1,0
809080,71,1,1,0
6622688,71,1,0,1
497768,71,1,0,1
622600,71,1,1,0
4219856,71,1,1,0
2655712,71,1,1,0
4217576,71,1,0,1
5499584,71,1,1,0
608168,71,1,1,0
5096488,71,1,1,0
5066088,71,1,1,0
4149616,71,1,0,1
855832,71,1,0,1
4469808,71,1,0,1
1890864,71,1,1,0
921544,71,1,1,0
4340032,71,1,0,1
6086200,71,1,0,1
483856,71,1,1,0
644736,71,1,1,0
6162448,71,1,0,1
1331112,71,1,0,1
904624,71,1,0,1
4314320,71,1,0,1
2836544,71,1,0,1
1908176,71,1,1,0
1291472,71,1,1,0
1585072,71,1,0,1
5796880,71,1,1,0
6335368,71,1,0,1
6123200,71,1,1,0
439448,71,1,1,0
7132744,71,1,1,0
2082360,71,1,0,1
2598616,71,1,0,1
815800,71,1,0,1
6158088,71,1,0,1
3322672,71,1,0,1
2957176,71,1,1,0
420432,71,1,1,0
907680,71,1,0,1
4678656,71,1,0,1
3925808,71,1,0,1
2889968,71,1,1,0
4934160,71,1,1,0
5344320,71,1,0,1
1543848,71,1,1,0
2805832,71,1,1,0
1771344,71,1,1,0
4811440,71,1,0,1
444384,71,1,0,1
3087880,71,1,0,1
6057920,71,1,1,0
710136,71,1,1,0
3054592,71,1,0,1
5725736,71,1,1,0
556440,71,1,0,1
471624,71,1,0,1
4164944,71,1,0,1
6472456,71,1,1,0
4561600,71,1,0,1
7674168,71,1,0,1
5056824,71,1,1,0
4945928,71,1,1,0
4875992,71,1,0,1
3387032,71,1,0,1
2443960,71,1,0,1
3030664,71,1,1,0
971864,71,1,0,1
6003688,71,1,0,1
796192,71,1,0,1
4027248,71,1,1,0
7542112,71,1,0,1
33400,71,1,1,0
2330240,71,1,1,0
7425616,71,1,0,1
423648,71,1,0,1
2181024,71,1,1,0
6308512,71,1,0,1
555768,71,1,1,0
5361440,71,1,0,1
2669016,71,1,0,1
2167328,71,1,1,0
4064408,71,1,0,1
2368848,71,1,0,1
2862744,71,1,0,1
5821168,71,1,1,0
602392,71,1,1,0
1701800,71,1,0,1
1003976,71,1,0,1
238488,71,1,1,0
1568920,71,1,0,1
843584,71,1,1,0
1512040,71,1,1,0
3146224,71,1,1,0
2864848,71,1,1,0
234064,71,1,0,1
2486472,71,1,0,1
2199248,71,1,1,0
5889440,71,1,0,1
1397696,71,1,1,0
2439200,71,1,0,1
702952,71,1,0,1
6698080,71,1,1,0
5839416,71,1,1,0
624456,71,1,0,1
6189856,71,1,0,1
2821112,71,1,1,0
323040,71,1,0,1
120008,71,1,0,1
6562344,71,1,1,0
2736048,71,1,0,1
650488,71,1,0,1
2527744,71,1,0,1
6090344,71,1,1,0
1032168,71,1,0,1
976544,71,1,1,0
3735568,71,1,1,0
4039504,71,1,1,0
2555672,71,1,0,1
415352,71,1,1,0
2926704,71,1,0,1
1937496,71,1,0,1
6050952,71,1,1,0
216280,71,1,0,1
7534976,71,1,0,1
853960,71,1,0,1
8004600,71,1,1,0
1379280,71,1,1,0
1325008,71,1,0,1
737616,71,1,1,0
392688,71,1,0,1
2352168,71,1,1,0
845560,71,1,0,1
4030096,71,1,0,1
890648,71,1,1,0
1637680,71,1,1,0
294408,71,1,1,0
2665184,71,1,0,1
3288248,71,1,0,1
7946296,71,1,1,0
3660888,71,1,0,1
1059528,71,1,1,0
866272,71,1,0,1
415928,71,1,1,0
1966120,71,1,0,1
6715712,71,1,0,1
4963808,71,1,0,1
5612344,71,1,1,0
1633896,71,1,1,0
5347608,71,1,0,1
472072,71,1,1,0
5952048,71,1,1,0
772080,71,1,1,0
7321792,71,1,1,0
1747824,71,1,1,0
1409336,71,1,0,1
2100312,71,1,0,1
5260376,71,1,0,1
4722200,71,1,1,0
3504992,71,1,0,1
1200064,71,1,0,1
7646472,71,1,1,0
1031320,71,1,1,0
3569720,71,1,1,0
1159704,71,1,0,1
2887080,71,1,1,0
584816,71,1,1,0
3094576,71,1,0,1
1583184,71,1,0,1
128040,71,1,1,0
5525632,71,1,0,1
3421208,71,1,1,0
3409640,71,1,1,0
7745768,71,1,0,1
5436520,71,1,0,1
7466400,71,1,1,0
953256,71,1,0,1
260704,71,1,0,1
8295048,71,1,0,1
1133672,71,1,1,0
303088,71,1,1,0
6270504,71,1,0,1
757208,71,1,0,1
6262264,71,1,0,1
219520,71,1,0,1
4392048,71,1,0,1
654472,71,1,1,0
151672,71,1,1,0
2218856,71,1,1,0
903592,71,1,1,0
3647632,71,1,0,1
3942736,71,1,1,0
6842776,71,1,0,1
1290136,71,1,1,0
214296,71,1,0,1
4544928,71,1,0,1
7766160,71,1,1,0
2131736,71,1,0,1
1349240,71,1,1,0
1606368,71,1,0,1
549944,71,1,0,1
3918264,71,1,1,0
810656,71,1,1,0
641472,71,1,0,1
637472,71,1,0,1
845224,71,1,1,0
1836304,71,1,0,1
1743032,71,1,1,0
2382808,71,1,0,1
3108368,71,1,0,1
8067552,71,1,0,1
2969808,71,1,1,0
6985784,71,1,0,1
3838256,71,1,0,1
176848,71,1,1,0
3977104,71,1,1,0
8383776,71,1,1,0
3660528,71,1,1,0
2285232,71,1,1,0
517920,71,1,1,0
1525248,71,1,0,1
2675920,71,1,1,0
5794672,71,1,0,1
1901640,71,1,1,0
3422208,71,1,1,0
3270232,71,1,1,0
264392,71,1,1,0
8015888,71,1,0,1
641136,71,1,1,0
4355720,71,1,1,0
3265256,71,1,1,0
1202640,71,1,0,1
7622896,71,1,0,1
3657320,71,1,1,0
524048,71,1,0,1
7019248,71,1,0,1
5130016,71,1,1,0
879480,71,1,1,0
2499392,71,1,1,0
2774192,71,1,0,1
3259792,71,1,1,0
5664608,71,1,0,1
2342208,71,1,0,1
533624,71,1,1,0
235720,71,1,0,1
3620448,71,1,1,0
4349752,71,1,1,0
528040,71,1,0,1
962072,71,1,1,0
1463000,71,1,1,0
7328600,71,1,0,1
1448496,71,1,1,0
857456,71,1,0,1
4403264,71,1,0,1
2023864,71,1,1,0
4368472,71,1,0,1
3913152,71,1,0,1
1969352,71,1,0,1
1603736,71,1,0,1
2393064,71,1,0,1
6889792,71,1,0,1
6631296,71,1,0,1
3289784,71,1,0,1
1120152,71,1,0,1
6736216,71,1,0,1
3780336,71,1,1,0
5709648,71,1,0,1
402160,71,1,0,1
2072688,71,1,0,1
884928,71,1,1,0
551968,71,1,1,0
1713672,71,1,1,0
247392,71,1,1,0
4896960,71,1,0,1
7160872,71,1,1,0
3663968,71,1,1,0
5625008,71,1,1,0
244392,71,1,0,1
1141480,71,1,0,1
2517496,71,1,1,0
754456,71,1,0,1
7039312,71,1,0,1
6747464,71,1,0,1
2584584,71,1,0,1
4319320,71,1,0,1
2065104,71,1,1,0
464704,71,1,0,1
702120,71,1,1,0
3471144,71,1,1,0
1746424,71,1,1,0
5483288,71,1,0,1
5496160,71,1,0,1
5114728,71,1,0,1
3164664,71,1,1,0
287792,71,1,0,1
2184448,71,1,0,1
3691808,71,1,0,1
2628944,71,1,0,1
2084216,71,1,1,0
7651296,71,1,0,1
2899248,71,1,0,1
4621744,71,1,0,1
3317920,71,1,0,1
1823296,71,1,1,0
4293816,71,1,0,1
2529784,71,1,1,0
4170344,71,1,1,0
753248,71,1,0,1
2026480,71,1,1,0
1514328,71,1,1,0
1954984,71,1,1,0
445480,71,1,1,0
3016816,71,1,0,1
2857008,71,1,0,1
4864024,71,1,0,1
6817152,71,1,0,1
6763064,71,1,1,0
3088984,71,1,1,0
4403152,71,1,0,1
525784,71,1,1,0
992672,71,1,1,0
215144,71,1,1,0
141528,71,1,0,1
674688,71,1,0,1
839360,71,1,1,0
1372960,71,1,0,1
380576,71,1,0,1
5292712,71,1,1,0
3259528,71,1,0,1
1389448,71,1,0,1
5110168,71,1,0,1
1183136,71,1,1,0
4084880,71,1,1,0
4885456,71,1,1,0
3352400,71,1,1,0
3288424,71,1,1,0
5221816,71,1,1,0
5187376,71,1,0,1
204856,71,1,0,1
4534240,71,1,1,0
1773176,71,1,1,0
3127616,71,1,1,0
4562280,71,1,1,0
2029344,71,1,0,1
1470376,71,1,1,0
7935120,71,1,1,0
5016864,71,1,0,1
1204152,71,1,1,0
2960104,71,1,1,0
1463744,71,1,1,0
5737728,71,1,0,1
2906488,71,1,0,1
1267696,71,1,0,1
6724632,71,1,0,1
1236088,71,1,0,1
4316296,71,1,0,1
1379608,71,1,0,1
2694656,71,1,1,0
5726368,71,1,0,1
1188592,71,1,0,1
743680,71,1,1,0
2012568,71,1,0,1
4766112,71,1,0,1
3643608,71,1,0,1
1201528,71,1,1,0
1045776,71,1,0,1
1029952,71,1,0,1
2637136,71,1,0,1
3818000,71,1,1,0
5234880,71,1,1,0
5159648,71,1,0,1
703360,71,1,0,1
1987632,71,1,0,1
2238152,71,1,1,0
343808,71,1,0,1
7119768,71,1,0,1
631968,71,1,0,1
4114552,71,1,1,0
6682152,71,1,1,0
2836424,71,1,1,0
1728240,71,1,0,1
562304,71,1,1,0
314368,71,1,1,0
3448296,71,1,1,0
1331328,71,1,0,1
1955288,71,1,1,0
422384,71,1,1,0
553184,71,1,1,0
1271632,71,1,1,0
1948120,71,1,1,0
4102136,71,1,1,0
2846264,71,1,0,1
4153264,71,1,1,0
981256,71,1,0,1
3199256,71,1,0,1
743288,71,1,0,1
6081944,71,1,0,1
2266160,71,1,1,0
6567744,71,1,0,1
8212952,71,1,0,1
3832688,71,1,1,0
1087232,71,1,0,1
1236632,71,1,1,0
1459480,71,1,0,1
4931952,71,1,1,0
138592,71,1,0,1
8168520,71,1,1,0
1370352,71,1,1,0
2630808,71,1,1,0
3452928,71,1,1,0
596984,71,1,0,1
986128,71,1,0,1
410848,71,1,1,0
1082888,71,1,0,1
6189128,71,1,1,0
3234464,71,1,1,0
1836024,71,1,1,0
7074960,71,1,0,1
3261992,71,1,1,0
3552248,71,1,0,1
5164416,71,1,0,1
364904,71,1,0,1
637264,71,1,1,0
493752,71,1,1,0
533288,71,1,1,0
922056,71,1,1,0
7122856,71,1,1,0
2295696,71,1,0,1
1843112,71,1,1,0
609896,71,1,1,0
7148472,71,1,0,1
2260008,71,1,0,1
5383816,71,1,1,0
7677720,71,1,0,1
8154912,71,1,0,1
397344,71,1,0,1
759024,71,1,0,1
6638272,71,1,1,0
2622640,71,1,1,0
6589936,71,1,0,1
6093984,71,1,0,1
6517496,71,1,1,0
4392000,71,1,1,0
5875480,71,1,0,1
7562504,71,1,1,0
1479096,71,1,0,1
1050344,71,1,0,1
3032224,71,1,0,1
5714432,71,1,1,0
5176592,71,1,0,1
1455872,71,1,1,0
455432,71,1,0,1
437256,71,1,1,0
1543072,71,1,0,1
3722448,71,1,0,1
929456,71,1,0,1
1517400,71,1,0,1
3036784,71,1,1,0
2489000,71,1,1,0
629816,71,1,1,0
3537368,71,1,1,0
3441320,71,1,1,0
4318256,71,1,0,1
489992,71,1,0,1
5285880,71,1,0,1
4680792,71,1,1,0
2117784,71,1,1,0
3569952,71,1,1,0
4484752,71,1,0,1
1221872,71,1,0,1
2025456,71,1,0,1
5474984,71,1,0,1
2151312,71,1,0,1
2234296,71,1,1,0
1786576,71,1,1,0
2318480,71,1,1,0
952856,71,1,1,0
4459128,71,1,1,0
1035768,71,1,0,1
3896056,71,1,1,0
2932984,71,1,1,0
3798880,71,1,0,1
6612864,71,1,1,0
2082712,71,1,1,0
3465696,71,1,1,0
860776,71,1,0,1
5476512,71,1,0,1
2034240,71,1,1,0
5380584,71,1,1,0
7166272,71,1,1,0
946144,71,1,0,1
3845432,71,1,1,0
1024456,71,1,1,0
5048272,71,1,1,0
2946760,71,1,1,0
4306472,71,1,1,0
6277760,71,1,1,0
1992296,71,1,0,1
6187952,71,1,0,1
4600560,71,1,1,0
384464,71,1,1,0
1035720,71,1,0,1
650352,71,1,0,1
803008,71,1,1,0
572024,71,1,1,0
1980624,71,1,1,0
5079536,71,1,0,1
1813104,71,1,1,0
713792,71,1,1,0
4167984,71,1,0,1
1745016,71,1,0,1
324064,71,1,0,1
5330280,71,1,1,0
1841552,71,1,1,0
1706000,71,1,1,0
3316296,71,1,0,1
7416184,71,1,1,0
5740552,71,1,1,0
636560,71,1,1,0
1970008,71,1,0,1
816144,71,1,0,1
647928,71,1,0,1
1980120,71,1,0,1
5425648,71,1,1,0
3124088,71,1,0,1
2073344,71,1,1,0
5231584,71,1,1,0
1665096,71,1,1,0
3549560,71,1,1,0
380688,71,1,1,0
4407048,71,1,1,0
575264,71,1,0,1
2205576,71,1,0,1
1681704,71,1,1,0
4147600,71,1,1,0
3195872,71,1,1,0
276000,71,1,0,1
1449448,71,1,0,1
685648,71,1,0,1
4016064,71,1,1,0
7970800,71,1,0,1
1531008,71,1,1,0
547800,71,1,0,1
8001592,71,1,0,1
1279896,71,1,1,0
465504,71,1,1,0
955920,71,1,1,0
3313320,71,1,0,1
5188688,71,1,0,1
725360,71,1,0,1
3639416,71,1,1,0
1275336,71,1,1,0
3627432,71,1,0,1
3646248,71,1,1,0
1075376,71,1,0,1
4125264,71,1,0,1
4069208,71,1,0,1
5938504,71,1,1,0
763984,71,1,1,0
3406240,71,1,1,0
4611592,71,1,1,0
8273056,71,1,1,0
2121776,71,1,1,0
1189048,71,1,0,1
875976,71,1,0,1
7905656,71,1,1,0
408728,71,1,0,1
838792,71,1,0,1
2267784,71,1,1,0
352064,71,1,1,0
188752,71,1,1,0
1615664,71,1,0,1
7547784,71,1,0,1
683520,71,1,1,0
7071824,71,1,1,0
5539216,71,1,1,0
6407216,71,1,0,1
2918144,71,1,1,0
2602576,71,1,0,1
1149864,71,1,0,1
7187808,71,1,0,1
8010664,71,1,1,0
4432848,71,1,1,0
1264320,71,1,1,0
609848,71,1,1,0
3424656,71,1,0,1
7764288,71,1,0,1
2070720,71,1,1,0
4256576,71,1,1,0
321576,71,1,1,0
1240016,71,1,1,0
5669744,71,1,1,0
721664,71,1,0,1
5935704,71,1,0,1
6318720,71,1,0,1
263976,71,1,1,0
6845128,71,1,0,1
1089328,71,1,0,1
1822864,71,1,1,0
3564280,71,1,1,0
4536072,71,1,1,0
498272,71,1,1,0
368280,71,1,1,0
992552,71,1,1,0
7943544,71,1,0,1
2035344,71,1,0,1
6444504,71,1,0,1
1255952,71,1,1,0
7623192,71,1,1,0
3722360,71,1,1,0
3342984,71,1,1,0
1794984,71,1,1,0
844856,71,1,1,0
1689200,71,1,1,0
2026400,71,1,1,0
6184240,71,1,0,1
5113032,71,1,1,0
1157816,71,1,1,0
733024,71,1,0,1
1269576,71,1,1,0
2749720,71,1,0,1
922000,71,1,1,0
5831568,71,1,0,1
5918728,71,1,1,0
5750864,71,1,1,0
2098752,71,1,1,0
983224,71,1,1,0
464256,71,1,0,1
5423704,71,1,0,1
405296,71,1,1,0
5039768,71,1,1,0
3562864,71,1,0,1
1791848,71,1,0,1
4095152,71,1,1,0
4387720,71,1,1,0
1375728,71,1,1,0
4920872,71,1,1,0
2611200,71,1,1,0
1647264,71,1,0,1
1582712,71,1,0,1
1880536,71,1,1,0
1245120,71,1,0,1
1103280,71,1,1,0
6668048,71,1,1,0
2200128,71,1,1,0
5112568,71,1,1,0
6263080,71,1,0,1
2409096,71,1,1,0
364640,71,1,1,0
6382712,71,1,0,1
2862328,71,1,1,0
3089552,71,1,1,0
755288,71,1,0,1
1119640,71,1,0,1
2859624,71,1,1,0
1390848,71,1,0,1
1851512,71,1,1,0
8067416,71,1,1,0
261976,71,1,0,1
1895320,71,1,1,0
1998040,71,1,1,0
1808248,71,1,1,0
6511464,71,1,1,0
2015488,71,1,1,0
5918888,71,1,0,1
6891880,71,1,0,1
1183616,71,1,0,1
4678408,71,1,1,0
984840,71,1,0,1
1936528,71,1,1,0
2111432,71,1,0,1
6174040,71,1,0,1
5087280,71,1,1,0
5661072,71,1,1,0
5526168,71,1,1,0
6081064,71,1,1,0
630056,71,1,0,1
595504,71,1,1,0
6709888,71,1,1,0
1203360,71,1,0,1
2489448,71,1,1,0
6059744,71,1,1,0
717680,71,1,0,1
3025936,71,1,1,0
3961336,71,1,0,1
3818304,71,1,1,0
227000,71,1,0,1
6911816,71,1,1,0
1652152,71,1,0,1
3274632,71,1,0,1
4591096,71,1,0,1
167784,71,1,0,1
992080,71,1,0,1
1088496,71,1,0,1
2640736,71,1,0,1
1011872,71,1,0,1
3138856,71,1,0,1
305160,71,1,1,0
3834280,71,1,1,0
2625800,71,1,1,0
2166232,71,1,0,1
1149760,71,1,0,1
2173752,71,1,1,0
923656,71,1,0,1
2344664,71,1,1,0
475344,71,1,0,1
2737976,71,1,0,1
7039680,71,1,1,0
3725800,71,1,1,0
1584000,71,1,1,0
1091104,71,1,1,0
1518296,71,1,0,1
857008,71,1,1,0
3240008,71,1,1,0
4334288,71,1,0,1
1085416,71,1,1,0
7816392,71,1,1,0
2166992,71,1,0,1
2102288,71,1,0,1
2324152,71,1,1,0
4134384,71,1,1,0
903480,71,1,1,0
3289808,71,1,0,1
492296,71,1,1,0
693248,71,1,0,1
1321776,71,1,0,1
2734272,71,1,1,0
937040,71,1,1,0
2810104,71,1,0,1
2463600,71,1,1,0
847568,71,1,0,1
3158808,71,1,1,0
3531656,71,1,1,0
1538464,71,1,0,1
1122880,71,1,0,1
515728,71,1,1,0
1664904,71,1,1,0
1075016,71,1,0,1
1606840,71,1,0,1
2901824,71,1,1,0
2792080,71,1,1,0
694112,71,1,0,1
6695800,71,1,0,1
3164688,71,1,0,1
149360,71,1,0,1
1108456,71,1,1,0
1256904,71,1,1,0
636640,71,1,1,0
411864,71,1,1,0
691480,71,1,1,0
3773488,71,1,0,1
1973704,71,1,0,1
2710584,71,1,1,0
2347944,71,1,1,0
925008,71,1,1,0
929080,71,1,0,1
2318048,71,1,0,1
7356904,71,1,1,0
863304,71,1,0,1
7274768,71,1,0,1
1298064,71,1,0,1
310496,71,1,1,0
333192,71,1,0,1
2213272,71,1,0,1
3106744,71,1,1,0
145184,71,1,1,0
2641936,71,1,1,0
1641392,71,1,0,1
1345304,71,1,1,0
2361600,71,1,1,0
1737528,71,1,1,0
2129328,71,1,0,1
3677928,71,1,0,1
2964936,71,1,0,1
7111488,71,1,0,1
1573384,71,1,0,1
721776,71,1,0,1
1242448,71,1,0,1
5077952,71,1,1,0
1900344,71,1,0,1
931272,71,1,0,1
458000,71,1,1,0
467856,71,1,1,0
975720,71,1,0,1
2162544,71,1,1,0
2076392,71,1,0,1
5045344,71,1,0,1
1137576,71,1,1,0
585368,71,1,0,1
963824,71,1,1,0
544912,71,1,0,1
1983728,71,1,1,0
7448064,71,1,0,1
1728352,71,1,0,1
193880,71,1,0,1
2884528,71,1,0,1
1665576,71,1,0,1
2110656,71,1,0,1
1290488,71,1,0,1
2276104,71,1,1,0
1856560,71,1,0,1
1025464,71,1,0,1
1221352,71,1,0,1
8279136,71,1,1,0
946648,71,1,0,1
2066568,71,1,0,1
1105336,71,1,1,0
7289312,71,1,1,0
4988992,71,1,1,0
3997848,71,1,1,0
6543392,71,1,0,1
1307840,71,1,0,1
7691816,71,1,0,1
7257584,71,1,1,0
1113472,71,1,0,1
3251208,71,1,1,0
1267416,71,1,0,1
4285736,71,1,0,1
3725808,71,1,0,1
727720,71,1,1,0
550520,71,1,0,1
764472,71,1,1,0
651064,71,1,1,0
5618808,71,1,1,0
251344,71,1,1,0
3794800,71,1,0,1
1252072,71,1,0,1
4029384,71,1,1,0
4437088,71,1,0,1
4199384,71,1,1,0
5463256,71,1,0,1
647384,71,1,0,1
2661016,71,1,0,1
2524224,71,1,0,1
3488704,71,1,0,1
1452128,71,1,0,1
663232,71,1,0,1
193360,71,1,0,1
2665464,71,1,0,1
1879224,71,1,0,1
1390544,71,1,0,1
647552,71,1,1,0
929640,71,1,0,1
5490736,71,1,1,0
878136,71,1,1,0
5258288,71,1,1,0
469520,71,1,0,1
273760,71,1,0,1
1506104,71,1,1,0
1238624,71,1,1,0
5726360,71,1,0,1
685968,71,1,1,0
989304,71,1,0,1
1775096,71,1,1,0
4112592,71,1,1,0
1619000,71,1,1,0
5248560,71,1,0,1
1502664,71,1,0,1
7173432,71,1,1,0
3519616,71,1,1,0
1194288,71,1,0,1
907944,71,1,0,1
1113512,71,1,1,0
4020296,71,1,0,1
3596504,71,1,1,0
1832448,71,1,0,1
1351024,71,1,0,1
3301896,71,1,1,0
3876208,71,1,0,1
3214360,71,1,0,1
2847096,71,1,0,1
4416104,71,1,0,1
6781568,71,1,0,1
1602432,71,1,1,0
2004064,71,1,0,1
1621264,71,1,1,0
1178112,71,1,0,1
542472,71,1,1,0
2787376,71,1,0,1
1364744,71,1,1,0
800112,71,1,0,1
8091008,71,1,1,0
574176,71,1,1,0
2432192,71,1,0,1
4419608,71,1,0,1
471456,71,1,1,0
3219216,71,1,1,0
4002416,71,1,1,0
2460056,71,1,1,0
3119832,71,1,0,1
148808,71,1,0,1
2464128,71,1,0,1
755192,71,1,1,0
3126128,71,1,0,1
6945120,71,1,1,0
1541032,71,1,0,1
395800,71,1,1,0
7580624,71,1,1,0
3676872,71,1,0,1
1217032,71,1,1,0
175528,71,1,0,1
1264096,71,1,1,0
8135584,71,1,0,1
5234808,71,1,1,0
1531128,71,1,1,0
656224,71,1,0,1
3928048,71,1,0,1
1160080,71,1,0,1
7970360,71,1,1,0
2023136,71,1,0,1
3872928,71,1,1,0
108896,71,1,0,1
1155360,71,1,0,1
2854360,71,1,0,1
5124896,71,1,0,1
543528,71,1,0,1
3235512,71,1,1,0
168896,71,1,1,0
4446456,71,1,0,1
6921616,71,1,0,1
450792,71,1,0,1
3134592,71,1,1,0
839240,71,1,1,0
4338584,71,1,1,0
549760,71,1,1,0
1147368,71,1,0,1
4813680,71,1,1,0
420376,71,1,0,1
975080,71,1,1,0
766344,71,1,0,1
238568,71,1,1,0
4672416,71,1,1,0
2462736,71,1,1,0
500448,71,1,0,1
1436560,71,1,0,1
3739008,71,1,0,1
1105040,71,1,0,1
3506776,71,1,1,0
4234720,71,1,0,1
2303016,71,1,1,0
4064224,71,1,0,1
3223224,71,1,1,0
964712,71,1,1,0
1915120,71,1,0,1
544344,71,1,1,0
4239616,71,1,1,0
282104,71,1,0,1
731128,71,1,0,1
2770856,71,1,0,1
3944568,71,1,0,1
2448232,71,1,0,1
1523496,71,1,1,0
172648,71,1,0,1
4466184,71,1,0,1
1091544,71,1,0,1
2625168,71,1,1,0
5054688,71,1,1,0
2320536,71,1,0,1
4983264,71,1,1,0
6188816,71,1,0,1
1767504,71,1,1,0
1328784,71,1,1,0
6856984,71,1,1,0
7809560,71,1,1,0
618280,71,1,0,1
3798920,71,1,0,1
1507232,71,1,0,1
6176432,71,1,1,0
294256,71,1,0,1
3703888,71,1,0,1
1208424,71,1,1,0
3139800,71,1,1,0
1247816,71,1,0,1
7968072,71,1,1,0
4319344,71,1,0,1
255384,71,1,1,0
2860896,71,1,0,1
1445144,71,1,0,1
383920,71,1,0,1
960200,71,1,0,1
5348632,71,1,1,0
7797024,71,1,0,1
207592,71,1,1,0
938552,71,1,0,1
744408,71,1,1,0
1506880,71,1,1,0
1540536,71,1,0,1
875888,71,1,0,1
7278240,71,1,1,0
3961264,71,1,0,1
4542368,71,1,1,0
6904480,71,1,0,1
306904,71,1,1,0
1013632,71,1,1,0
4885336,71,1,1,0
5222512,71,1,1,0
6233064,71,1,0,1
8139600,71,1,0,1
3589352,71,1,0,1
1518792,71,1,1,0
1779224,71,1,0,1
3728888,71,1,0,1
2223544,71,1,0,1
1232128,71,1,0,1
2358152,71,1,1,0
2694560,71,1,0,1
4262416,71,1,1,0
1720888,71,1,0,1
259248,71,1,0,1
469048,71,1,0,1
6523072,71,1,0,1
2209688,71,1,1,0
3552168,71,1,0,1
5934376,71,1,0,1
2131576,71,1,0,1
1166136,71,1,1,0
5231848,71,1,1,0
1008320,71,1,1,0
3785824,71,1,1,0
4435032,71,1,0,1
1533080,71,1,1,0
1708080,71,1,1,0
3720840,71,1,0,1
4879224,71,1,0,1
3686584,71,1,1,0
225536,71,1,1,0
1189240,71,1,1,0
2997544,71,1,1,0
6278504,71,1,0,1
5157744,71,1,1,0
7231120,71,1,1,0
1244928,71,1,1,0
1251744,71,1,1,0
1138480,71,1,0,1
8078896,71,1,1,0
145272,71,1,0,1
4198192,71,1,1,0
3874888,71,1,0,1
5185072,71,1,0,1
900296,71,1,0,1
1768224,71,1,1,0
2043968,71,1,0,1
7028096,71,1,0,1
2275992,71,1,1,0
793080,71,1,1,0
1557488,71,1,0,1
6192664,71,1,1,0
3739216,71,1,1,0
146576,71,1,1,0
945312,71,1,1,0
8034744,71,1,1,0
666536,71,1,0,1
2108272,71,1,0,1
6884072,71,1,0,1
683496,71,1,0,1
445744,71,1,0,1
735912,71,1,1,0
3566960,71,1,0,1
466344,71,1,1,0
1110008,71,1,1,0
8193488,71,1,1,0
7440192,71,1,0,1
2975032,71,1,0,1
367264,71,1,1,0
6491392,71,1,0,1
375056,71,1,0,1
2805808,71,1,0,1
6082352,71,1,0,1
2177896,71,1,0,1
966768,71,1,1,0
1050784,71,1,1,0
5445440,71,1,0,1
2024472,71,1,1,0
1910056,71,1,1,0
8131752,71,1,0,1
2449976,71,1,1,0
1863200,71,1,1,0
4554944,71,1,1,0
7493984,71,1,0,1
975152,71,1,0,1
7552336,71,1,1,0
363776,71,1,1,0
1230240,71,1,1,0
487696,71,1,0,1
3635512,71,1,1,0
7955448,71,1,0,1
8096872,71,1,1,0
2630872,71,1,1,0
6564480,71,1,1,0
5634992,71,1,0,1
648728,71,1,0,1
4652960,71,1,1,0
353176,71,1,1,0
433568,71,1,1,0
2512032,71,1,1,0
7370120,71,1,0,1
2800264,71,1,0,1
619312,71,1,1,0
351648,71,1,0,1
1741656,71,1,0,1
520320,71,1,0,1
2352520,71,1,1,0
5252272,71,1,1,0
2693512,71,1,1,0
3255968,71,1,0,1
1297984,71,1,0,1
1079112,71,1,1,0
2084456,71,1,0,1
6000624,71,1,0,1
2069280,71,1,1,0
689432,71,1,1,0
3116528,71,1,1,0
1564008,71,1,0,1
3466224,71,1,0,1
947520,71,1,1,0
1615264,71,1,0,1
762784,71,1,0,1
4781728,71,1,1,0
7521272,71,1,1,0
1929488,71,1,1,0
1374192,71,1,0,1
818496,71,1,1,0
1633256,71,1,0,1
5533592,71,1,0,1
3564496,71,1,1,0
3065960,71,1,1,0
3368488,71,1,0,1
219024,71,1,1,0
4466400,71,1,1,0
4132368,71,1,1,0
2720504,71,1,1,0
1576752,71,1,1,0
1679856,71,1,1,0
3378912,71,1,0,1
312320,71,1,0,1
4131384,71,1,1,0
3764592,71,1,0,1
4077744,71,1,1,0
1910168,71,1,1,0
1783840,71,1,0,1
5383872,71,1,1,0
1186288,71,1,1,0
594904,71,1,1,0
6901720,71,1,1,0
412768,71,1,1,0
6446856,71,1,0,1
211264,71,1,1,0
1047064,71,1,1,0
6853136,71,1,1,0
922200,71,1,1,0
3886936,71,1,1,0
5274368,71,1,1,0
6207336,71,1,0,1
1860080,71,1,1,0
1233224,71,1,1,0
3965944,71,1,1,0
3373392,71,1,1,0
476144,71,1,0,1
789088,71,1,0,1
1857368,71,1,0,1
319664,71,1,1,0
366648,71,1,1,0
5878024,71,1,1,0
3295696,71,1,0,1
2349016,71,1,0,1
2137448,71,1,1,0
3409944,71,1,0,1
2268856,71,1,1,0
1094360,71,1,0,1
2696168,71,1,1,0
5663664,71,1,0,1
7614464,71,1,1,0
349880,71,1,0,1
6949032,71,1,0,1
3166968,71,1,0,1
670752,71,1,1,0
2565848,71,1,1,0
7078792,71,1,0,1
1587688,71,1,1,0
723464,71,1,1,0
352072,71,1,0,1
1466088,71,1,0,1
6286032,71,1,0,1
5863616,71,1,1,0
6037120,71,1,1,0
1486360,71,1,0,1
614024,71,1,0,1
1311888,71,1,0,1
4816896,71,1,1,0
1121000,71,1,0,1
711512,71,1,1,0
927768,71,1,1,0
1397632,71,1,1,0
884416,71,1,0,1
1939688,71,1,1,0
1266000,71,1,0,1
1548680,71,1,1,0
3840808,71,1,0,1
5558024,71,1,0,1
286816,71,1,1,0
4117064,71,1,0,1
7362520,71,1,1,0
4711408,71,1,1,0
450456,71,1,1,0
3031472,71,1,1,0
4049704,71,1,1,0
1630448,71,1,0,1
1506256,71,1,0,1
1340728,71,1,0,1
985472,71,1,0,1
6512808,71,1,1,0
4259000,71,1,0,1
680056,71,1,1,0
3811488,71,1,0,1
4152776,71,1,1,0
2678792,71,1,1,0
173136,71,1,0,1
1179872,71,1,0,1
4402648,71,1,1,0
5515624,71,1,0,1
2242576,71,1,1,0
560976,71,1,1,0
5202120,71,1,0,1
6088168,71,1,1,0
3811752,71,1,0,1
7201728,71,1,1,0
1777088,71,1,0,1
2825240,71,1,0,1
1747264,71,1,0,1
712328,71,1,1,0
7705960,71,1,0,1
3574944,71,1,0,1
269136,71,1,1,0
2137648,71,1,0,1
1772584,71,1,0,1
183504,71,1,1,0
2906552,71,1,0,1
4810672,71,1,0,1
7746632,71,1,0,1
1533840,71,1,0,1
3287624,71,1,1,0
252232,71,1,0,1
3822536,71,1,0,1
5652792,71,1,1,0
341760,71,1,1,0
315616,71,1,1,0
2428280,71,1,0,1
7360296,71,1,0,1
2054496,71,1,1,0
1150584,71,1,1,0
5802360,71,1,0,1
4262392,71,1,0,1
1012592,71,1,0,1
7700440,71,1,1,0
2190576,71,1,1,0
1476256,71,1,1,0
2952424,71,1,1,0
461208,71,1,0,1
526808,71,1,0,1
304792,71,1,1,0
6327032,71,1,1,0
7055848,71,1,1,0
1169136,71,1,1,0
4098320,71,1,1,0
367920,71,1,1,0
1719464,71,1,1,0
1985824,71,1,1,0
3813808,71,1,1,0
313696,71,1,0,1
1093968,71,1,1,0
444648,71,1,1,0
4314064,71,1,1,0
1787560,71,1,0,1
2824208,71,1,1,0
594648,71,1,1,0
539760,71,1,0,1
5747840,71,1,0,1
1026968,71,1,0,1
6559136,71,1,1,0
2040832,71,1,1,0
2133216,71,1,1,0
2121800,71,1,1,0
7337680,71,1,0,1
789120,71,1,1,0
7903056,71,1,1,0
1153032,71,1,0,1
3072776,71,1,0,1
2387032,71,1,1,0
4817576,71,1,1,0
1023264,71,1,0,1
415144,71,1,1,0
558184,71,1,1,0
2438952,71,1,1,0
369488,71,1,1,0
2400696,71,1,0,1
8085080,71,1,1,0
6582824,71,1,1,0
2702848,71,1,0,1
694312,71,1,0,1
1064944,71,1,1,0
6597656,71,1,1,0
3682272,71,1,1,0
3704376,71,1,1,0
459296,71,1,0,1
348184,71,1,1,0
1902160,71,1,0,1
581328,71,1,0,1
641464,71,1,1,0
5870312,71,1,0,1
3119704,71,1,1,0
6840968,71,1,1,0
2006984,71,1,0,1
5548904,71,1,1,0
5537560,71,1,1,0
142416,71,1,0,1
815968,71,1,1,0
826672,71,1,1,0
5820496,71,1,1,0
823688,71,1,1,0
3905544,71,1,0,1
2328824,71,1,1,0
4633160,71,1,1,0
1607512,71,1,1,0
2520792,71,1,1,0
1895880,71,1,1,0
1580464,71,1,0,1
212360,71,1,0,1
766336,71,1,1,0
3804656,71,1,1,0
721368,71,1,0,1
1323720,71,1,0,1
766576,71,1,0,1
3112688,71,1,0,1
2564984,71,1,1,0
4031456,71,1,0,1
1200160,71,1,0,1
3836536,71,1,0,1
7642056,71,1,1,0
1849544,71,1,1,0
5944696,71,1,0,1
906360,71,1,0,1
402528,71,1,1,0
4273848,71,1,0,1
5056416,71,1,1,0
7797064,71,1,0,1
1175608,71,1,1,0
1676832,71,1,1,0
1971624,71,1,1,0
1389288,71,1,1,0
6837488,71,1,1,0
1583640,71,1,1,0
5464360,71,1,0,1
664904,71,1,0,1
1398792,71,1,0,1
4770760,71,1,0,1
2360800,71,1,1,0
3068304,71,1,0,1
154560,71,1,1,0
7821144,71,1,0,1
459968,71,1,1,0
5678824,71,1,0,1
2278064,71,1,1,0
1552952,71,1,0,1
4447368,71,1,1,0
1101832,71,1,1,0
1591392,71,1,1,0
393976,71,1,1,0
239200,71,1,0,1
5290136,71,1,1,0
8238760,71,1,0,1
668016,71,1,0,1
4876536,71,1,1,0
7842768,71,1,1,0
612144,71,1,1,0
1265424,71,1,1,0
556840,71,1,1,0
630488,71,1,0,1
6997872,71,1,1,0
2954184,71,1,1,0
877256,71,1,0,1
3928864,71,1,0,1
6757272,71,1,1,0
1789536,71,1,1,0
2420576,71,1,1,0
8160936,71,1,1,0
4388744,71,1,1,0
1030992,71,1,1,0
1950520,71,1,0,1
3822072,71,1,0,1
1904864,71,1,0,1
1433368,71,1,0,1
1270176,71,1,1,0
2517432,71,1,1,0
5912216,71,1,0,1
1980208,71,1,1,0
3144984,71,1,1,0
2164128,71,1,1,0
1190296,71,1,0,1
492536,71,1,0,1
4539912,71,1,1,0
7513784,71,1,0,1
4658160,71,1,0,1
401008,71,1,1,0
602224,71,1,1,0
1445848,71,1,1,0
1791688,71,1,0,1
4883256,71,1,1,0
1367856,71,1,1,0
4405232,71,1,1,0
1834048,71,1,1,0
982880,71,1,0,1
6444112,71,1,1,0
2472344,71,1,1,0
560080,71,1,0,1
923976,71,1,1,0
1066600,71,1,0,1
482056,71,1,1,0
1670752,71,1,1,0
7800328,71,1,0,1
1830904,71,1,1,0
820840,71,1,1,0
450680,71,1,0,1
454408,71,1,0,1
1934832,71,1,1,0
8138592,71,1,1,0
1341728,71,1,0,1
1837832,71,1,1,0
5730576,71,1,0,1
1971368,71,1,0,1
3881248,71,1,0,1
3024528,71,1,0,1
1713600,71,1,0,1
5247656,71,1,1,0
3714224,71,1,0,1
3458632,71,1,0,1
1234912,71,1,1,0
3031600,71,1,1,0
920616,71,1,1,0
349280,71,1,1,0
165248,71,1,1,0
331400,71,1,1,0
6978360,71,1,1,0
5860968,71,1,1,0
237296,71,1,1,0
1196216,71,1,1,0
7062392,71,1,0,1
2698776,71,1,1,0
747448,71,1,1,0
2385224,71,1,0,1
4149448,71,1,1,0
2515480,71,1,1,0
2724096,71,1,0,1
2649136,71,1,1,0
3642472,71,1,0,1
5434496,71,1,1,0
5388336,71,1,1,0
631160,71,1,0,1
5255240,71,1,1,0
4422984,71,1,1,0
501072,71,1,1,0
1270752,71,1,1,0
6734600,71,1,1,0
1967496,71,1,0,1
455080,71,1,0,1
849752,71,1,1,0
7744944,71,1,1,0
5719712,71,1,0,1
4501448,71,1,1,0
1047360,71,1,0,1
7058176,71,1,0,1
730360,71,1,1,0
3789384,71,1,1,0
1436176,71,1,0,1
2338984,71,1,1,0
3582832,71,1,0,1
1936904,71,1,0,1
558352,71,1,1,0
1218448,71,1,0,1
4153904,71,1,1,0
6270432,71,1,0,1
594920,71,1,1,0
1313240,71,1,0,1
6260528,71,1,1,0
2903528,71,1,1,0
347336,71,1,0,1
1005176,71,1,0,1
849928,71,1,0,1
2666640,71,1,1,0
5628776,71,1,1,0
4219376,71,1,1,0
289056,71,1,1,0
4547008,71,1,0,1
1079544,71,1,1,0
4108408,71,1,0,1
448360,71,1,0,1
3857808,71,1,1,0
4525992,71,1,1,0
6530736,71,1,0,1
361656,71,1,1,0
964160,71,1,0,1
4945152,71,1,1,0
6801400,71,1,1,0
7564928,71,1,1,0
838072,71,1,1,0
1543520,71,1,0,1
2430904,71,1,1,0
1590512,71,1,0,1
2230928,71,1,0,1
1705168,71,1,0,1
7944664,71,1,0,1
4022704,71,1,1,0
4931888,71,1,1,0
446736,71,1,1,0
1064136,71,1,1,0
3376496,71,1,0,1
1300336,71,1,0,1
265296,71,1,0,1
1672360,71,1,0,1
493824,71,1,1,0
1396192,71,1,0,1
3468896,71,1,1,0
7161808,71,1,1,0
1795600,71,1,1,0
2375760,71,1,0,1
5238376,71,1,1,0
7180696,71,1,1,0
4504144,71,1,0,1
1883608,71,1,0,1
4059576,71,1,0,1
4974504,71,1,0,1
122128,71,1,1,0
741880,71,1,1,0
1060200,71,1,0,1
3176376,71,1,1,0
1927208,71,1,0,1
1571408,71,1,0,1
4834104,71,1,1,0
1812976,71,1,0,1
4932512,71,1,0,1
6819088,71,1,1,0
271104,71,1,0,1
2972632,71,1,0,1
510960,71,1,1,0
5775640,71,1,0,1
4912856,71,1,1,0
458608,71,1,0,1
7208984,71,1,0,1
1136952,71,1,1,0
1986344,71,1,1,0
124528,71,1,1,0
207832,71,1,1,0
3099616,71,1,0,1
415656,71,1,0,1
1776464,71,1,1,0
3724240,71,1,0,1
320848,71,1,1,0
4565272,71,1,0,1
353704,71,1,0,1
3895552,71,1,1,0
1467448,71,1,0,1
4195416,71,1,1,0
5414184,71,1,1,0
1679960,71,1,1,0
5880888,71,1,1,0
1134432,71,1,1,0
1673168,71,1,0,1
4857240,71,1,0,1
675816,71,1,1,0
5196520,71,1,1,0
399368,71,1,1,0
1095928,71,1,0,1
2323856,71,1,1,0
2425256,71,1,1,0
1783248,71,1,0,1
1761024,71,1,0,1
5647600,71,1,1,0
5070680,71,1,1,0
204224,71,1,0,1
7646144,71,1,0,1
534632,71,1,0,1
950672,71,1,0,1
829928,71,1,0,1
2894904,71,1,0,1
4858976,71,1,1,0
4111120,71,1,0,1
8319912,71,1,0,1
4471472,72,1,0,1
6230792,72,1,0,1
1242520,72,1,0,1
2886464,72,1,0,1
1239344,72,1,0,1
1704392,72,1,1,0
1320368,72,1,0,1
8035248,72,1,0,1
1373936,72,1,1,0
2261208,72,1,0,1
7730624,72,1,1,0
3120704,72,1,0,1
1080424,72,1,0,1
2593048,72,1,0,1
1362400,72,1,1,0
5051544,72,1,1,0
4567520,72,1,1,0
6025856,72,1,0,1
2902496,72,1,1,0
3463112,72,1,0,1
5492104,72,1,0,1
1057736,72,1,1,0
2389120,72,1,1,0
4247768,72,1,1,0
5716296,72,1,1,0
221888,72,1,1,0
421864,72,1,1,0
3208280,72,1,1,0
6594376,72,1,0,1
2164040,72,1,0,1
3830024,72,1,1,0
663616,72,1,0,1
6335384,72,1,0,1
324440,72,1,0,1
2425736,72,1,0,1
1416608,72,1,1,0
4597432,72,1,1,0
2764144,72,1,0,1
872720,72,1,0,1
1252416,72,1,1,0
6809032,72,1,1,0
3834752,72,1,0,1
704984,72,1,0,1
501256,72,1,0,1
2340400,72,1,0,1
860800,72,1,1,0
1227768,72,1,0,1
8306528,72,1,0,1
3825472,72,1,0,1
743568,72,1,1,0
662984,72,1,0,1
4050088,72,1,1,0
1492784,72,1,1,0
3499896,72,1,0,1
6246992,72,1,0,1
728520,72,1,1,0
4998272,72,1,0,1
6405920,72,1,0,1
3779024,72,1,0,1
7787608,72,1,0,1
2477728,72,1,0,1
2787400,72,1,0,1
5077472,72,1,1,0
2080064,72,1,1,0
2135392,72,1,1,0
5512192,72,1,0,1
892176,72,1,1,0
468552,72,1,1,0
253736,72,1,0,1
4569176,72,1,0,1
3435912,72,1,0,1
1045848,72,1,0,1
1556816,72,1,1,0
3618600,72,1,0,1
8286304,72,1,1,0
2170392,72,1,0,1
1286344,72,1,0,1
444472,72,1,1,0
275920,72,1,0,1
6907088,72,1,1,0
435128,72,1,1,0
6336216,72,1,0,1
3357328,72,1,1,0
3794400,72,1,0,1
2423200,72,1,1,0
1608136,72,1,1,0
997376,72,1,1,0
1780480,72,1,0,1
1428600,72,1,0,1
6979824,72,1,0,1
5034392,72,1,1,0
3680608,72,1,1,0
5921848,72,1,1,0
1440336,72,1,0,1
1831288,72,1,0,1
7681928,72,1,0,1
1952232,72,1,0,1
426184,72,1,0,1
6070264,72,1,0,1
6351576,72,1,0,1
534184,72,1,1,0
6207544,72,1,0,1
1267064,72,1,1,0
8115736,72,1,0,1
6229528,72,1,0,1
5831376,72,1,1,0
976064,72,1,1,0
1022104,72,1,1,0
3673080,72,1,1,0
1692608,72,1,1,0
7715432,72,1,1,0
4347176,72,1,1,0
2304520,72,1,0,1
612912,72,1,0,1
1893352,72,1,1,0
3672080,72,1,0,1
4239936,72,1,1,0
3116032,72,1,1,0
5135672,72,1,1,0
4083848,72,1,0,1
5001944,72,1,1,0
3867144,72,1,1,0
2507000,72,1,1,0
2803760,72,1,0,1
3452376,72,1,0,1
1178648,72,1,1,0
5466032,72,1,1,0
917064,72,1,1,0
8274456,72,1,0,1
1169768,72,1,1,0
1979568,72,1,0,1
7601128,72,1,0,1
1010856,72,1,1,0
231072,72,1,1,0
4080240,72,1,0,1
1806648,72,1,0,1
3635072,72,1,1,0
727280,72,1,1,0
2265216,72,1,0,1
1927520,72,1,0,1
1271224,72,1,0,1
2029640,72,1,0,1
161080,72,1,1,0
491552,72,1,1,0
2522264,72,1,1,0
1377304,72,1,0,1
2353064,72,1,0,1
2260576,72,1,0,1
3509624,72,1,1,0
6376304,72,1,0,1
197456,72,1,0,1
1757464,72,1,0,1
1108120,72,1,1,0
1300176,72,1,0,1
117304,72,1,0,1
3386880,72,1,1,0
6781376,72,1,1,0
1189640,72,1,0,1
730712,72,1,0,1
374920,72,1,1,0
1396056,72,1,0,1
793712,72,1,1,0
290888,72,1,0,1
503016,72,1,0,1
757048,72,1,1,0
7289720,72,1,1,0
443880,72,1,1,0
3044120,72,1,1,0
273688,72,1,0,1
2340704,72,1,1,0
5160256,72,1,1,0
466584,72,1,0,1
6112256,72,1,1,0
2606464,72,1,0,1
726360,72,1,0,1
454440,72,1,0,1
1801816,72,1,0,1
4464768,72,1,1,0
6107688,72,1,1,0
391600,72,1,1,0
1354328,72,1,1,0
3033256,72,1,0,1
629288,72,1,1,0
5781272,72,1,0,1
1756048,72,1,0,1
3132448,72,1,0,1
2930528,72,1,1,0
479592,72,1,1,0
225112,72,1,1,0
1592696,72,1,1,0
1991448,72,1,1,0
7662168,72,1,1,0
2215360,72,1,1,0
619304,72,1,1,0
1138824,72,1,1,0
6617288,72,1,0,1
6093592,72,1,0,1
2824496,72,1,0,1
1169360,72,1,0,1
1768008,72,1,1,0
871088,72,1,0,1
7627704,72,1,1,0
4731720,72,1,1,0
5417088,72,1,1,0
1546088,72,1,1,0
1000944,72,1,0,1
5123384,72,1,0,1
819504,72,1,0,1
525568,72,1,0,1
1706504,72,1,0,1
299464,72,1,1,0
7211888,72,1,0,1
1931376,72,1,0,1
4729384,72,1,1,0
5020536,72,1,0,1
2683424,72,1,1,0
3984240,72,1,1,0
1227336,72,1,0,1
966040,72,1,1,0
256648,72,1,1,0
1681240,72,1,1,0
1888736,72,1,1,0
5286672,72,1,1,0
7960160,72,1,1,0
2096152,72,1,0,1
7287944,72,1,1,0
3026768,72,1,0,1
6315944,72,1,1,0
851736,72,1,0,1
660152,72,1,1,0
8178640,72,1,0,1
138920,72,1,1,0
7552800,72,1,0,1
8348624,72,1,0,1
2973608,72,1,0,1
679856,72,1,1,0
1760248,72,1,0,1
726864,72,1,0,1
963720,72,1,0,1
1222016,72,1,1,0
1523280,72,1,0,1
2552288,72,1,1,0
816272,72,1,0,1
1545088,72,1,0,1
3799024,72,1,1,0
3215104,72,1,0,1
469128,72,1,1,0
8259152,72,1,1,0
552568,72,1,1,0
7549936,72,1,0,1
2431448,72,1,1,0
759208,72,1,0,1
4502288,72,1,0,1
1277176,72,1,0,1
6926264,72,1,1,0
4785560,72,1,1,0
3293584,72,1,1,0
6915360,72,1,1,0
1078528,72,1,0,1
1474880,72,1,1,0
726416,72,1,1,0
6454704,72,1,1,0
7269416,72,1,0,1
2011744,72,1,0,1
598584,72,1,1,0
249832,72,1,0,1
1133840,72,1,1,0
486400,72,1,1,0
4952584,72,1,0,1
1961704,72,1,1,0
595696,72,1,0,1
2124200,72,1,0,1
6529872,72,1,1,0
2426928,72,1,1,0
1176992,72,1,1,0
3190272,72,1,0,1
4174184,72,1,1,0
573160,72,1,0,1
706216,72,1,1,0
3795288,72,1,1,0
1149008,72,1,0,1
3260464,72,1,1,0
4058648,72,1,0,1
2234800,72,1,1,0
6949744,72,1,1,0
7462448,72,1,0,1
6890592,72,1,1,0
5264816,72,1,1,0
1960160,72,1,0,1
4894528,72,1,0,1
1234440,72,1,1,0
929392,72,1,0,1
3170616,72,1,1,0
968416,72,1,1,0
4343168,72,1,1,0
4643928,72,1,1,0
5174568,72,1,1,0
1669304,72,1,0,1
1125712,72,1,0,1
2116456,72,1,1,0
2106792,72,1,0,1
606160,72,1,0,1
6227456,72,1,1,0
2298664,72,1,1,0
837048,72,1,0,1
1793576,72,1,1,0
1969056,72,1,0,1
1086728,72,1,1,0
1737200,72,1,1,0
2314704,72,1,0,1
2180272,72,1,1,0
337104,72,1,1,0
1602528,72,1,1,0
3901376,72,1,1,0
6805456,72,1,0,1
4590016,72,1,1,0
2155312,72,1,0,1
5989768,72,1,1,0
2605120,72,1,1,0
829304,72,1,1,0
7239616,72,1,1,0
5008008,72,1,0,1
6423064,72,1,1,0
802992,72,1,1,0
683192,72,1,1,0
2015112,72,1,0,1
1307128,72,1,1,0
4580216,72,1,1,0
236160,72,1,1,0
1362688,72,1,0,1
936392,72,1,1,0
551432,72,1,0,1
7560672,72,1,0,1
733928,72,1,1,0
7362504,72,1,0,1
4758144,72,1,1,0
708864,72,1,0,1
1777328,72,1,1,0
3199640,72,1,0,1
1113800,72,1,1,0
2285352,72,1,0,1
793952,72,1,1,0
6253528,72,1,1,0
5781912,72,1,0,1
7974664,72,1,1,0
977264,72,1,0,1
8178168,72,1,1,0
357968,72,1,0,1
5102896,72,1,0,1
3197520,72,1,1,0
426088,72,1,1,0
1146576,72,1,1,0
2886640,72,1,1,0
6974624,72,1,1,0
4911936,72,1,1,0
2139088,72,1,1,0
1812928,72,1,0,1
7061520,72,1,0,1
969104,72,1,0,1
5314504,72,1,1,0
617288,72,1,1,0
5063056,72,1,0,1
1450592,72,1,1,0
1368872,72,1,0,1
2406072,72,1,1,0
8014152,72,1,1,0
5899192,72,1,0,1
1419768,72,1,0,1
1605320,72,1,0,1
4963976,72,1,1,0
1310928,72,1,1,0
1162640,72,1,0,1
741168,72,1,1,0
2526536,72,1,1,0
839672,72,1,0,1
2921640,72,1,0,1
4913872,72,1,0,1
7346232,72,1,0,1
1375424,72,1,1,0
1013576,72,1,0,1
1798712,72,1,1,0
1794536,72,1,0,1
3889832,72,1,0,1
938464,72,1,0,1
1473528,72,1,0,1
1244664,72,1,0,1
1466048,72,1,0,1
236544,72,1,1,0
1738912,72,1,0,1
1081944,72,1,1,0
4101824,72,1,1,0
1287288,72,1,1,0
2799288,72,1,0,1
1799488,72,1,1,0
7033464,72,1,0,1
731384,72,1,1,0
485144,72,1,1,0
2879496,72,1,0,1
1337856,72,1,0,1
2435808,72,1,0,1
5253728,72,1,1,0
6609344,72,1,1,0
4930384,72,1,1,0
1297728,72,1,1,0
3414880,72,1,1,0
4357672,72,1,1,0
697184,72,1,1,0
1408256,72,1,1,0
1628448,72,1,1,0
2153416,72,1,1,0
4507024,72,1,1,0
170496,72,1,0,1
2096416,72,1,1,0
739960,72,1,0,1
1147808,72,1,1,0
4597976,72,1,0,1
7065584,72,1,1,0
4428856,72,1,1,0
4936528,72,1,0,1
4034232,72,1,0,1
3463368,72,1,1,0
4754080,72,1,0,1
6551456,72,1,1,0
2928432,72,1,0,1
1628072,72,1,0,1
1206232,72,1,1,0
5796408,72,1,1,0
3581448,72,1,1,0
1025592,72,1,1,0
2530144,72,1,1,0
1229624,72,1,1,0
416192,72,1,1,0
4507624,72,1,1,0
3053664,72,1,1,0
2300168,72,1,1,0
899304,72,1,0,1
6913384,72,1,1,0
5342992,72,1,1,0
769272,72,1,1,0
312896,72,1,0,1
7988440,72,1,1,0
3086752,72,1,1,0
1776232,72,1,1,0
248664,72,1,1,0
444192,72,1,1,0
8346136,72,1,0,1
3842960,72,1,1,0
2130928,72,1,0,1
7147864,72,1,1,0
7991680,72,1,0,1
4165072,72,1,0,1
3504664,72,1,0,1
5602368,72,1,1,0
1076160,72,1,1,0
5213376,72,1,1,0
4934144,72,1,0,1
3161136,72,1,0,1
3096032,72,1,0,1
1021480,72,1,1,0
395640,72,1,0,1
2755752,72,1,1,0
3526776,72,1,0,1
857848,72,1,1,0
5177584,72,1,0,1
767616,72,1,1,0
4344624,72,1,0,1
1135480,72,1,1,0
7109496,72,1,1,0
2903352,72,1,0,1
955424,72,1,1,0
5002288,72,1,1,0
5408880,72,1,1,0
487664,72,1,1,0
2984032,72,1,1,0
1403296,72,1,0,1
3222848,72,1,0,1
2250736,72,1,1,0
1334984,72,1,0,1
8285592,72,1,1,0
1858432,72,1,0,1
356864,72,1,0,1
3613272,72,1,1,0
371192,72,1,1,0
5135408,72,1,1,0
2269808,72,1,1,0
4916736,72,1,0,1
681080,72,1,0,1
5571152,72,1,0,1
6808760,72,1,1,0
747232,72,1,1,0
1293920,72,1,0,1
2905528,72,1,1,0
2900568,72,1,1,0
2239280,72,1,0,1
568480,72,1,1,0
167592,72,1,0,1
7538320,72,1,1,0
3607344,72,1,0,1
2030984,72,1,0,1
1670976,72,1,0,1
1225632,72,1,1,0
487744,72,1,1,0
3676128,72,1,0,1
5867208,72,1,0,1
7017984,72,1,1,0
626376,72,1,1,0
847872,72,1,0,1
2167336,72,1,1,0
4408872,72,1,1,0
2438536,72,1,1,0
381936,72,1,0,1
1050016,72,1,1,0
3201816,72,1,1,0
2005096,72,1,0,1
658824,72,1,0,1
728856,72,1,0,1
5194408,72,1,0,1
2950000,72,1,0,1
576600,72,1,0,1
2356368,72,1,0,1
3443224,72,1,0,1
4380784,72,1,1,0
1966048,72,1,1,0
7923592,72,1,0,1
931416,72,1,1,0
4944952,72,1,0,1
8059192,72,1,0,1
4996160,72,1,0,1
890368,72,1,1,0
1184248,72,1,0,1
4532240,72,1,0,1
1233112,72,1,1,0
3452792,72,1,1,0
575368,72,1,0,1
4023632,72,1,1,0
1781032,72,1,1,0
245424,72,1,0,1
219456,72,1,1,0
7688424,72,1,0,1
7023432,72,1,1,0
1306088,72,1,0,1
4049856,72,1,1,0
884768,72,1,0,1
3645208,72,1,0,1
1265736,72,1,0,1
1371920,72,1,1,0
459728,72,1,1,0
5519568,72,1,1,0
5973568,72,1,0,1
314952,72,1,1,0
4457528,72,1,0,1
5593960,72,1,1,0
740472,72,1,0,1
4186584,72,1,0,1
614176,72,1,1,0
2314472,72,1,1,0
2160632,72,1,1,0
823016,72,1,0,1
4309296,72,1,1,0
831312,72,1,1,0
730072,72,1,0,1
2462400,72,1,0,1
3828608,72,1,0,1
7625128,72,1,1,0
4237528,72,1,1,0
1839392,72,1,0,1
3844056,72,1,0,1
1037816,72,1,0,1
6431440,72,1,0,1
6647352,72,1,0,1
5184552,72,1,0,1
313200,72,1,1,0
739552,72,1,1,0
6019624,72,1,0,1
1824224,72,1,0,1
895800,72,1,0,1
2418080,72,1,0,1
2711920,72,1,1,0
4632528,72,1,0,1
2622096,72,1,0,1
6149832,72,1,0,1
745992,72,1,0,1
673728,72,1,0,1
1485752,72,1,0,1
202712,72,1,1,0
4932408,72,1,0,1
367376,72,1,1,0
268168,72,1,1,0
5458184,72,1,0,1
7789600,72,1,1,0
3585368,72,1,1,0
5024992,72,1,1,0
6252608,72,1,0,1
4970960,72,1,0,1
4088312,72,1,1,0
4816784,72,1,0,1
3339368,72,1,0,1
4666344,72,1,1,0
886696,72,1,0,1
3751216,72,1,0,1
7176952,72,1,0,1
2682584,72,1,1,0
843096,72,1,1,0
3707376,72,1,0,1
1067088,72,1,0,1
3567776,72,1,1,0
940328,72,1,1,0
740232,72,1,0,1
5125744,72,1,1,0
1549352,72,1,1,0
390440,72,1,0,1
2350464,72,1,0,1
353624,72,1,1,0
6041616,72,1,0,1
5706096,72,1,1,0
2481232,72,1,1,0
4232824,72,1,1,0
3838080,72,1,0,1
197888,72,1,1,0
4321680,72,1,0,1
734112,72,1,0,1
168264,72,1,0,1
1379792,72,1,1,0
1131344,72,1,1,0
1384976,72,1,0,1
5699712,72,1,1,0
2103408,72,1,1,0
2458504,72,1,0,1
396824,72,1,0,1
604336,72,1,1,0
305072,72,1,1,0
4343424,72,1,0,1
1813128,72,1,1,0
443944,72,1,1,0
1490408,72,1,0,1
6456416,72,1,1,0
5210384,72,1,0,1
4000272,72,1,0,1
998528,72,1,0,1
1193024,72,1,1,0
2394240,72,1,0,1
4470200,72,1,1,0
2755112,72,1,0,1
2593744,72,1,1,0
5166152,72,1,1,0
4257752,72,1,0,1
924864,72,1,0,1
633448,72,1,1,0
3518104,72,1,1,0
1201784,72,1,1,0
4950392,72,1,1,0
5369696,72,1,0,1
669952,72,1,1,0
7599200,72,1,1,0
456360,72,1,0,1
3119800,72,1,0,1
5622744,72,1,1,0
6755152,72,1,1,0
5971400,72,1,0,1
4328048,72,1,1,0
965272,72,1,1,0
4519048,72,1,1,0
1191240,72,1,1,0
4655656,72,1,0,1
263536,72,1,0,1
968896,72,1,0,1
2292824,72,1,0,1
1536528,72,1,1,0
1480240,72,1,1,0
6749016,72,1,1,0
1060376,72,1,1,0
2352120,72,1,1,0
766728,72,1,0,1
2187864,72,1,0,1
5547512,72,1,0,1
549880,72,1,0,1
862704,72,1,0,1
4345984,72,1,1,0
773784,72,1,0,1
547568,72,1,0,1
1005768,72,1,0,1
2774416,72,1,1,0
575160,72,1,1,0
2381048,72,1,1,0
2393984,72,1,0,1
8129448,72,1,0,1
3242784,72,1,1,0
2325272,72,1,0,1
868648,72,1,1,0
569552,72,1,0,1
2090208,72,1,0,1
2981112,72,1,0,1
8023072,72,1,0,1
608992,72,1,0,1
2605912,72,1,0,1
8330344,72,1,0,1
2273088,72,1,1,0
3557488,72,1,0,1
1140984,72,1,1,0
4387920,72,1,1,0
1618968,72,1,0,1
265824,72,1,1,0
1522040,72,1,1,0
263600,72,1,0,1
1701360,72,1,1,0
7804112,72,1,0,1
2321544,72,1,1,0
1320360,72,1,0,1
2501416,72,1,0,1
244600,72,1,1,0
2375120,72,1,1,0
1136608,72,1,1,0
2111144,72,1,1,0
7653728,72,1,1,0
443064,72,1,0,1
5529240,72,1,0,1
3698632,72,1,0,1
797896,72,1,1,0
6139968,72,1,1,0
5075496,72,1,0,1
1350192,72,1,1,0
1024096,72,1,0,1
1621456,72,1,0,1
2706448,72,1,1,0
4703296,72,1,1,0
7292440,72,1,1,0
1815552,72,1,0,1
1937424,72,1,0,1
1549304,72,1,1,0
220728,72,1,1,0
2205552,72,1,0,1
1217168,72,1,1,0
525888,72,1,0,1
3121960,72,1,1,0
3515488,72,1,0,1
3282144,72,1,0,1
1306056,72,1,1,0
2334912,72,1,1,0
6446192,72,1,1,0
7016312,72,1,0,1
7390248,72,1,0,1
1601016,72,1,1,0
2631728,72,1,1,0
1034752,72,1,1,0
7015520,72,1,1,0
7283832,72,1,0,1
2008840,72,1,1,0
4897312,72,1,0,1
1656592,72,1,1,0
4472000,72,1,1,0
195248,72,1,0,1
1724416,72,1,1,0
1324960,72,1,1,0
249048,72,1,1,0
1178920,72,1,0,1
477336,72,1,1,0
7605824,72,1,0,1
4631712,72,1,1,0
661680,72,1,1,0
3791928,72,1,0,1
1853032,72,1,0,1
1015904,72,1,1,0
5108008,72,1,1,0
2736680,72,1,0,1
188496,72,1,1,0
7226136,72,1,0,1
2820416,72,1,0,1
4817312,72,1,0,1
1180160,72,1,1,0
3285208,72,1,1,0
1815288,72,1,0,1
368048,72,1,1,0
3556048,72,1,0,1
3717480,72,1,0,1
6130400,72,1,0,1
4158032,72,1,1,0
6626320,72,1,0,1
7381200,72,1,1,0
632080,72,1,1,0
7467552,72,1,0,1
149584,72,1,1,0
1842208,72,1,1,0
5795896,72,1,0,1
284856,72,1,1,0
3950400,72,1,1,0
3808944,72,1,1,0
157784,72,1,0,1
1191064,72,1,0,1
1009552,72,1,0,1
2469112,72,1,1,0
7320368,72,1,0,1
1089640,72,1,1,0
2617112,72,1,1,0
164944,72,1,1,0
1896264,72,1,1,0
2539136,72,1,0,1
1666536,72,1,0,1
1038760,72,1,1,0
2452160,72,1,1,0
6648696,72,1,1,0
6759608,72,1,1,0
108384,72,1,1,0
4428464,72,1,0,1
748312,72,1,0,1
3719064,72,1,0,1
1720384,72,1,0,1
7262632,72,1,0,1
2393472,72,1,0,1
1326840,72,1,0,1
3204264,72,1,0,1
4665504,72,1,0,1
2728328,72,1,1,0
2223880,72,1,1,0
8006704,72,1,1,0
577832,72,1,1,0
6946304,72,1,1,0
2719216,72,1,1,0
411712,72,1,1,0
545096,72,1,1,0
6774088,72,1,1,0
2686152,72,1,1,0
916776,72,1,1,0
171072,72,1,0,1
5122232,72,1,1,0
2916728,72,1,1,0
537600,72,1,0,1
1138608,72,1,1,0
4657800,72,1,1,0
6932488,72,1,0,1
3467888,72,1,1,0
315136,72,1,1,0
1538056,72,1,1,0
4916808,72,1,1,0
3524264,72,1,0,1
5255752,72,1,0,1
1982896,72,1,0,1
5277088,72,1,0,1
285888,72,1,1,0
1988960,72,1,0,1
340544,72,1,1,0
311592,72,1,0,1
4430144,72,1,0,1
1334824,72,1,1,0
6063368,72,1,1,0
1081032,72,1,1,0
6487568,72,1,1,0
6020224,72,1,0,1
1324072,72,1,1,0
923152,72,1,1,0
2657856,72,1,0,1
2731176,72,1,0,1
569280,72,1,0,1
778968,72,1,1,0
2309560,72,1,0,1
3270656,72,1,1,0
1421072,72,1,0,1
5385224,72,1,0,1
4991248,72,1,1,0
5609504,72,1,1,0
7275432,72,1,0,1
5020632,72,1,0,1
1281848,72,1,1,0
350096,72,1,0,1
6348304,72,1,1,0
980800,72,1,1,0
2680440,72,1,0,1
768104,72,1,1,0
1276072,72,1,1,0
730024,72,1,0,1
511696,72,1,1,0
5841648,72,1,0,1
4818008,72,1,0,1
483784,72,1,0,1
852824,72,1,1,0
5852872,72,1,0,1
8044888,72,1,1,0
2490912,72,1,1,0
1195704,72,1,1,0
471320,72,1,1,0
3090888,72,1,0,1
4267848,72,1,0,1
2310376,72,1,0,1
5344344,72,1,0,1
706616,72,1,0,1
226904,72,1,1,0
4726576,72,1,1,0
1268296,72,1,1,0
1957352,72,1,1,0
862480,72,1,1,0
1534272,72,1,0,1
848440,72,1,1,0
1167232,72,1,1,0
1601672,72,1,0,1
2495856,72,1,0,1
4923880,72,1,1,0
1052168,72,1,0,1
3516048,72,1,0,1
1503112,72,1,1,0
6108672,72,1,1,0
1868624,72,1,0,1
652176,72,1,1,0
880920,72,1,0,1
7982768,72,1,1,0
507768,72,1,0,1
4713368,72,1,1,0
3695424,72,1,1,0
6270536,72,1,1,0
7420864,72,1,0,1
2682136,72,1,1,0
2625624,72,1,1,0
933328,72,1,1,0
1407792,72,1,0,1
3074424,72,1,0,1
1261048,72,1,1,0
530184,72,1,0,1
1339224,72,1,0,1
2201240,72,1,1,0
5397360,72,1,0,1
792648,72,1,0,1
1601408,72,1,1,0
3646696,72,1,0,1
361488,72,1,0,1
446336,72,1,1,0
4396240,72,1,1,0
442120,72,1,0,1
1166904,72,1,1,0
2034696,72,1,0,1
4602504,72,1,1,0
5843624,72,1,0,1
7724968,72,1,0,1
1145040,72,1,0,1
6206360,72,1,1,0
1501264,72,1,0,1
2193368,72,1,0,1
248832,72,1,1,0
6643104,72,1,0,1
1783568,72,1,1,0
1580696,72,1,0,1
727928,72,1,1,0
3161952,72,1,1,0
2230544,72,1,1,0
4447784,72,1,1,0
4825584,72,1,1,0
8030224,72,1,0,1
2981232,72,1,0,1
1160112,72,1,0,1
2069736,72,1,1,0
593152,72,1,0,1
1255016,72,1,1,0
672696,72,1,0,1
1555320,72,1,1,0
5164568,72,1,0,1
2585232,72,1,0,1
2020296,72,1,0,1
1941808,72,1,1,0
648352,72,1,0,1
2655224,72,1,0,1
6149224,72,1,0,1
4406752,72,1,0,1
640128,72,1,1,0
1695880,72,1,1,0
5179832,72,1,1,0
1548992,72,1,1,0
650944,72,1,0,1
6562152,72,1,1,0
6060528,72,1,1,0
4676616,72,1,1,0
2997296,72,1,1,0
7390152,72,1,1,0
4962760,72,1,1,0
6203736,72,1,0,1
5993808,72,1,1,0
495336,72,1,0,1
5394776,72,1,1,0
3321200,72,1,0,1
384624,72,1,0,1
7085488,72,1,1,0
484096,72,1,1,0
3724560,72,1,1,0
726064,72,1,0,1
3415648,72,1,0,1
5613184,72,1,0,1
2734504,72,1,1,0
3879952,72,1,0,1
5126288,72,1,0,1
2616512,72,1,0,1
5316304,72,1,1,0
659912,72,1,0,1
3298368,72,1,1,0
1915200,72,1,1,0
1794360,72,1,1,0
148400,72,1,0,1
1251328,72,1,1,0
4253320,72,1,1,0
935296,72,1,0,1
1715384,72,1,1,0
3863616,72,1,1,0
3929424,72,1,1,0
3249832,72,1,1,0
3979192,72,1,0,1
3000792,72,1,0,1
3610640,72,1,1,0
1279688,72,1,1,0
2959056,72,1,0,1
6790768,72,1,0,1
5507536,72,1,0,1
2981048,72,1,1,0
3957760,72,1,1,0
3568312,72,1,0,1
5291128,72,1,0,1
4839480,72,1,1,0
5485512,72,1,1,0
6135448,72,1,1,0
3440232,72,1,1,0
790704,72,1,1,0
1464088,72,1,1,0
1823592,72,1,0,1
2360072,72,1,0,1
2390944,72,1,1,0
259992,72,1,0,1
1410616,72,1,0,1
1992504,72,1,1,0
8104600,72,1,1,0
2846008,72,1,0,1
2599992,72,1,1,0
1879976,72,1,0,1
1454800,72,1,0,1
1675360,72,1,1,0
5295696,72,1,0,1
1602120,72,1,0,1
6004248,72,1,1,0
807888,72,1,1,0
1359680,72,1,1,0
3467432,72,1,0,1
587512,72,1,1,0
5050608,72,1,1,0
1950376,72,1,1,0
5847488,72,1,0,1
6301952,72,1,1,0
2278040,72,1,0,1
3187440,72,1,1,0
1378640,72,1,0,1
768928,72,1,1,0
1945304,72,1,1,0
1706992,72,1,0,1
883912,72,1,0,1
7314104,72,1,1,0
2953808,72,1,0,1
4493512,72,1,1,0
4192536,72,1,0,1
2433632,72,1,0,1
1139456,72,1,0,1
7382216,72,1,0,1
449912,72,1,1,0
5931224,72,1,1,0
1004296,72,1,0,1
6933536,72,1,0,1
2998440,72,1,0,1
1931128,72,1,0,1
1631976,72,1,1,0
3240120,72,1,0,1
255848,72,1,0,1
368880,72,1,0,1
2151656,72,1,0,1
6478920,72,1,0,1
5388432,72,1,0,1
3607760,72,1,1,0
432192,72,1,1,0
4192928,72,1,1,0
606064,72,1,1,0
3131464,72,1,0,1
844056,72,1,0,1
1678520,72,1,0,1
5136008,72,1,0,1
858448,72,1,0,1
755752,72,1,1,0
421512,72,1,1,0
7934712,72,1,0,1
190416,72,1,0,1
1920888,72,1,1,0
6039016,72,1,1,0
7436160,72,1,0,1
6377384,72,1,1,0
1435992,72,1,1,0
585944,72,1,1,0
5034104,72,1,0,1
1293640,72,1,1,0
719624,72,1,1,0
4076912,72,1,0,1
971096,72,1,1,0
8321248,72,1,1,0
4999536,72,1,0,1
6283048,72,1,1,0
5055000,72,1,0,1
5840888,72,1,1,0
3237112,72,1,0,1
536104,72,1,0,1
1256664,72,1,0,1
675528,72,1,1,0
1250816,72,1,1,0
337304,72,1,0,1
1334304,72,1,1,0
2730904,72,1,1,0
524200,72,1,0,1
1633632,72,1,0,1
2050264,72,1,1,0
368448,72,1,1,0
6109472,72,1,0,1
6356528,72,1,1,0
8076408,72,1,0,1
6603736,72,1,1,0
2712232,72,1,1,0
1864728,72,1,1,0
545424,72,1,1,0
2283200,72,1,0,1
1825680,72,1,0,1
338840,72,1,0,1
4150496,72,1,0,1
4262032,72,1,0,1
1288496,72,1,0,1
3909696,72,1,1,0
7994552,72,1,1,0
2886296,72,1,0,1
7970672,72,1,1,0
1876576,72,1,1,0
7888120,72,1,1,0
768936,72,1,1,0
181976,72,1,1,0
3504752,72,1,0,1
4945560,72,1,1,0
5093256,72,1,0,1
474896,72,1,1,0
2443200,72,1,1,0
1267720,72,1,1,0
3116320,72,1,0,1
3978600,72,1,0,1
1014856,72,1,1,0
367232,72,1,0,1
5919336,72,1,0,1
468568,72,1,0,1
8350744,72,1,1,0
592584,72,1,1,0
2605272,72,1,0,1
8364832,72,1,0,1
4785152,72,1,0,1
3708536,72,1,0,1
517456,72,1,0,1
2980856,72,1,0,1
453104,72,1,0,1
7848808,72,1,1,0
976160,72,1,0,1
4222056,72,1,0,1
7356512,72,1,0,1
1956560,72,1,0,1
1702976,72,1,0,1
3904544,72,1,0,1
656960,72,1,0,1
1380544,72,1,0,1
4518392,72,1,0,1
7102232,72,1,0,1
6375864,72,1,1,0
1485984,72,1,1,0
2746504,72,1,0,1
4130936,72,1,1,0
3022152,72,1,0,1
3760104,72,1,1,0
5834536,72,1,0,1
844632,72,1,1,0
1037760,72,1,1,0
3314512,72,1,0,1
272424,72,1,1,0
3050816,72,1,1,0
1579312,72,1,0,1
3053136,72,1,1,0
1419424,72,1,1,0
3425736,72,1,1,0
756872,72,1,1,0
4466424,72,1,0,1
6418368,72,1,1,0
5768816,72,1,1,0
2281312,72,1,0,1
938120,72,1,1,0
1560320,72,1,1,0
1674880,72,1,1,0
6099640,72,1,1,0
5340856,72,1,0,1
657800,72,1,0,1
1672776,72,1,1,0
745864,72,1,0,1
1119472,72,1,0,1
2192328,72,1,1,0
1558104,72,1,0,1
4269000,72,1,1,0
819768,72,1,1,0
1658696,72,1,1,0
4712496,72,1,0,1
988624,72,1,1,0
901792,72,1,1,0
4999400,72,1,0,1
242728,72,1,1,0
253288,72,1,0,1
521416,72,1,1,0
2660776,72,1,1,0
1191112,72,1,0,1
2180352,72,1,0,1
335008,72,1,1,0
4786304,72,1,1,0
3904920,72,1,0,1
4574616,72,1,0,1
5872784,72,1,0,1
4788824,72,1,1,0
5916296,72,1,0,1
1963824,72,1,0,1
6823560,72,1,1,0
5758432,72,1,1,0
1011432,72,1,0,1
3374568,72,1,0,1
1129776,72,1,1,0
3598576,72,1,1,0
605320,72,1,1,0
5014984,72,1,1,0
7850368,72,1,0,1
636064,72,1,1,0
7543176,72,1,1,0
922080,72,1,1,0
1504360,72,1,1,0
5357768,72,1,1,0
4109504,72,1,0,1
1214456,72,1,0,1
934392,72,1,0,1
2796440,72,1,0,1
3118376,72,1,0,1
4291112,72,1,1,0
4066640,72,1,1,0
392432,72,1,0,1
7664824,72,1,1,0
942040,72,1,1,0
2203768,72,1,1,0
2532120,72,1,1,0
889936,72,1,0,1
5307400,72,1,1,0
3035168,72,1,1,0
1589672,72,1,0,1
3100560,72,1,0,1
346936,72,1,1,0
2473224,72,1,1,0
6991376,72,1,1,0
2828176,72,1,1,0
1045880,72,1,0,1
1393960,72,1,1,0
1081736,72,1,1,0
7812464,72,1,1,0
5879888,72,1,1,0
99776,72,1,1,0
125368,72,1,0,1
3405416,72,1,0,1
7794792,72,1,0,1
6189480,72,1,1,0
7835472,72,1,0,1
6236592,72,1,1,0
4570488,72,1,0,1
2677712,72,1,1,0
5586096,72,1,1,0
1522952,72,1,0,1
1126080,72,1,0,1
3390064,72,1,0,1
6502800,72,1,0,1
590504,72,1,0,1
231696,72,1,0,1
5465864,72,1,0,1
6762232,72,1,1,0
2013536,72,1,0,1
4518960,72,1,0,1
1021096,72,1,0,1
1927216,72,1,1,0
5501744,72,1,0,1
1797104,72,1,1,0
2447848,72,1,1,0
4942424,72,1,1,0
89192,72,1,0,1
1844360,72,1,0,1
2872152,72,1,1,0
468264,72,1,0,1
440248,72,1,1,0
1423144,72,1,0,1
1764720,72,1,1,0
4415064,72,1,1,0
824952,72,1,1,0
4786896,72,1,1,0
955552,72,1,1,0
1282648,72,1,1,0
799184,72,1,0,1
6846424,72,1,1,0
4410016,72,1,1,0
3938312,72,1,0,1
861512,72,1,0,1
3957880,72,1,1,0
2610704,72,1,0,1
428616,72,1,1,0
1960664,72,1,1,0
4569016,72,1,1,0
5374296,72,1,1,0
7884992,72,1,0,1
1323848,72,1,0,1
1028888,72,1,1,0
5613200,72,1,0,1
5221160,72,1,0,1
567088,72,1,1,0
1567496,72,1,0,1
1425976,72,1,1,0
599504,72,1,0,1
54416,72,1,1,0
2301744,72,1,0,1
6449120,72,1,0,1
8156096,72,1,0,1
2123960,72,1,1,0
1669136,72,1,1,0
6397848,72,1,0,1
4135840,72,1,1,0
3826256,72,1,0,1
4745424,72,1,0,1
5670032,72,1,0,1
8098064,72,1,0,1
949440,72,1,1,0
1585032,72,1,0,1
2045256,72,1,0,1
7583488,72,1,0,1
2926352,72,1,1,0
141080,72,1,1,0
2279352,72,1,1,0
628992,72,1,0,1
2665248,72,1,0,1
763856,72,1,0,1
3496192,72,1,0,1
6036320,72,1,0,1
667168,72,1,0,1
226632,72,1,0,1
431112,72,1,1,0
1110888,72,1,1,0
6282016,72,1,1,0
142128,72,1,0,1
700456,72,1,1,0
939808,72,1,1,0
4199272,72,1,1,0
3567608,72,1,0,1
4406928,72,1,0,1
2362144,72,1,1,0
4905552,72,1,1,0
3650776,72,1,1,0
142616,72,1,1,0
603744,72,1,0,1
2837480,72,1,1,0
7690840,72,1,0,1
422352,72,1,1,0
1347384,72,1,0,1
1676096,72,1,0,1
5066504,72,1,1,0
1382216,72,1,1,0
5669032,72,1,0,1
3329808,72,1,1,0
391832,72,1,1,0
2873424,72,1,1,0
8248728,72,1,1,0
449032,72,1,0,1
3292384,72,1,0,1
800016,72,1,0,1
2617648,72,1,1,0
313304,72,1,0,1
8133832,72,1,1,0
6025736,72,1,1,0
1233872,72,1,1,0
397648,72,1,0,1
4238456,72,1,0,1
3578896,72,1,1,0
1467704,72,1,0,1
6759304,72,1,0,1
8123576,72,1,1,0
5610624,72,1,1,0
2057344,72,1,0,1
574808,72,1,1,0
1232344,72,1,1,0
422216,72,1,0,1
1479520,72,1,1,0
5481912,72,1,1,0
1241888,72,1,0,1
282184,72,1,1,0
8071128,72,1,1,0
3864072,72,1,0,1
3877376,72,1,0,1
4515096,72,1,1,0
582792,72,1,1,0
3295304,72,1,0,1
5253648,72,1,0,1
675624,72,1,1,0
2286608,72,1,0,1
2529360,72,1,1,0
5762968,72,1,0,1
920344,72,1,1,0
946768,72,1,0,1
521752,72,1,1,0
2123344,72,1,1,0
2006008,72,1,0,1
1575272,72,1,1,0
8061128,72,1,0,1
1479168,72,1,0,1
2916480,72,1,0,1
4356024,72,1,0,1
7434896,72,1,0,1
2192832,72,1,0,1
3087176,72,1,1,0
1902584,72,1,0,1
6710248,72,1,1,0
1701104,72,1,0,1
250104,72,1,1,0
5671264,72,1,1,0
6440840,72,1,0,1
1617448,72,1,1,0
4621512,72,1,1,0
188728,72,1,0,1
3798816,72,1,1,0
1430504,72,1,0,1
6801016,72,1,1,0
1345664,72,1,0,1
1227264,72,1,0,1
8032240,72,1,0,1
1147960,72,1,1,0
6345296,72,1,1,0
568176,72,1,1,0
160144,72,1,0,1
159312,72,1,1,0
3225720,72,1,0,1
1567600,72,1,1,0
4046808,72,1,0,1
2583208,72,1,0,1
8020976,72,1,0,1
317400,72,1,0,1
7191776,72,1,1,0
7147496,72,1,1,0
518128,72,1,1,0
3655472,72,1,0,1
190336,72,1,1,0
1089160,72,1,1,0
428632,72,1,0,1
669728,72,1,1,0
7269768,72,1,0,1
2697096,72,1,0,1
1072240,72,1,0,1
1462680,72,1,0,1
3141368,72,1,1,0
570896,72,1,1,0
1052616,72,1,0,1
2078144,72,1,0,1
1620968,72,1,1,0
2282056,72,1,0,1
749544,72,1,0,1
620208,72,1,0,1
1943600,72,1,1,0
4825696,72,1,1,0
312040,72,1,0,1
446896,72,1,0,1
2064496,72,1,0,1
1400000,72,1,0,1
507112,72,1,0,1
4589360,72,1,1,0
3653288,72,1,1,0
2383816,72,1,1,0
640608,72,1,1,0
3944776,72,1,1,0
251832,72,1,1,0
8301880,72,1,0,1
728496,72,1,1,0
425880,72,1,0,1
6806768,72,1,0,1
1046816,72,1,1,0
3298416,72,1,0,1
3389496,72,1,1,0
328056,72,1,1,0
587384,72,1,0,1
2150408,72,1,0,1
122608,72,1,0,1
2311376,72,1,1,0
3617080,72,1,0,1
2525800,72,1,1,0
440064,72,1,0,1
1959096,72,1,1,0
5702592,72,1,1,0
4678072,72,1,0,1
4512312,72,1,1,0
2138208,72,1,1,0
6983784,72,1,1,0
292976,72,1,1,0
595744,72,1,1,0
1268200,72,1,1,0
1803248,72,1,1,0
301904,72,1,0,1
2028632,72,1,0,1
2402288,72,1,0,1
353672,72,1,0,1
546680,72,1,1,0
2477056,72,1,1,0
5283312,72,1,1,0
425400,72,1,0,1
508464,72,1,1,0
983800,72,1,1,0
7206264,72,1,1,0
1596088,72,1,1,0
3569472,72,1,0,1
240168,72,1,0,1
4079680,72,1,0,1
5498328,72,1,1,0
2973064,72,1,0,1
6659024,72,1,1,0
2753472,72,1,0,1
173504,72,1,0,1
2871344,72,1,0,1
1530560,72,1,0,1
2150608,72,1,1,0
1170728,72,1,0,1
5344848,72,1,0,1
1863560,72,1,0,1
579488,72,1,0,1
1631104,72,1,0,1
5158688,72,1,0,1
186272,72,1,0,1
1056408,72,1,0,1
7474504,72,1,1,0
2863816,72,1,0,1
1540728,72,1,0,1
2640680,72,1,1,0
5774112,72,1,0,1
1122440,72,1,1,0
6252672,72,1,0,1
3533064,72,1,1,0
1124696,72,1,0,1
2212616,72,1,1,0
134440,72,1,1,0
2779384,72,1,0,1
2572272,72,1,1,0
4738616,72,1,0,1
1812200,72,1,1,0
7131504,72,1,1,0
729320,72,1,0,1
4619416,72,1,1,0
365144,72,1,0,1
7001368,72,1,1,0
1053144,72,1,1,0
3525600,72,1,1,0
4978328,72,1,0,1
2653696,72,1,0,1
3438176,72,1,0,1
7077288,72,1,0,1
7687104,72,1,1,0
352776,72,1,0,1
1616792,72,1,1,0
497096,72,1,1,0
3931408,72,1,1,0
1107256,72,1,0,1
1000976,72,1,0,1
495304,72,1,1,0
3796584,72,1,0,1
6924072,72,1,1,0
1090608,72,1,0,1
5905608,72,1,0,1
3641960,72,1,0,1
3698968,72,1,0,1
1769216,72,1,0,1
2010256,72,1,1,0
5662352,72,1,1,0
1648280,72,1,0,1
3350144,72,1,0,1
3756440,72,1,0,1
6286568,72,1,0,1
7065816,72,1,1,0
2893840,72,1,1,0
7610944,72,1,1,0
853424,72,1,1,0
4679176,72,1,0,1
5527248,72,1,1,0
671224,72,1,1,0
1179000,72,1,1,0
3561640,72,1,1,0
4741528,72,1,0,1
516128,72,1,0,1
7627912,72,1,1,0
4501008,72,1,0,1
4632728,72,1,0,1
151312,72,1,0,1
3779448,72,1,0,1
1966536,72,1,1,0
3049680,72,1,0,1
4830592,72,1,1,0
2307480,72,1,0,1
861712,72,1,1,0
4457368,72,1,1,0
3184024,72,1,0,1
2487312,72,1,1,0
3210288,72,1,0,1
6435856,72,1,0,1
399304,72,1,1,0
582968,72,1,0,1
5696176,72,1,0,1
6734760,72,1,1,0
2648856,72,1,1,0
376256,72,1,0,1
1190128,72,1,0,1
485856,72,1,0,1
5324672,72,1,0,1
3607464,72,1,0,1
4982128,72,1,0,1
7576080,72,1,1,0
2344464,72,1,0,1
5947160,72,1,0,1
5496104,72,1,1,0
522224,72,1,0,1
1227224,72,1,1,0
7340328,72,1,1,0
7841224,72,1,0,1
3131312,72,1,1,0
4615200,72,1,1,0
6252120,72,1,0,1
7638488,72,1,0,1
178464,72,1,0,1
324624,72,1,0,1
331520,72,1,1,0
5272960,72,1,0,1
571416,72,1,0,1
5400080,72,1,0,1
273704,72,1,0,1
3954896,72,1,1,0
6071976,72,1,1,0
7338256,72,1,1,0
3046584,72,1,1,0
1618832,72,1,1,0
575672,72,1,1,0
3765736,72,1,0,1
497840,72,1,0,1
348776,72,1,1,0
208488,72,1,0,1
4802664,72,1,0,1
2819696,72,1,0,1
4849192,72,1,0,1
449360,72,1,0,1
770136,72,1,0,1
950192,72,1,1,0
1626984,72,1,1,0
639952,72,1,1,0
5883608,72,1,1,0
3922824,72,1,1,0
4070000,72,1,0,1
804824,72,1,0,1
4042976,72,1,1,0
6132688,72,1,0,1
563480,72,1,1,0
8208936,72,1,1,0
1501200,72,1,0,1
2634224,72,1,0,1
337736,72,1,0,1
2643616,72,1,1,0
4864384,72,1,0,1
3644232,72,1,1,0
603472,72,1,1,0
608184,72,1,1,0
1201712,72,1,0,1
803032,72,1,0,1
1991296,72,1,1,0
3636264,72,1,0,1
1254736,72,1,0,1
5681144,72,1,1,0
1256280,72,1,1,0
1031776,72,1,0,1
5316080,72,1,0,1
669192,72,1,0,1
7992984,72,1,1,0
814616,72,1,0,1
4929816,72,1,0,1
3978416,72,1,0,1
683672,72,1,0,1
1913104,72,1,0,1
1817120,72,1,1,0
479736,72,1,0,1
4849720,72,1,0,1
5636592,72,1,1,0
1385912,72,1,1,0
2458664,72,1,0,1
6607232,72,1,1,0
5239592,72,1,0,1
2369408,72,1,1,0
2865520,72,1,0,1
1513192,72,1,0,1
1427504,72,1,0,1
137336,72,1,1,0
1079320,72,1,0,1
3541232,72,1,1,0
1461768,72,1,1,0
231904,72,1,0,1
1198840,72,1,1,0
4295376,72,1,1,0
825624,72,1,1,0
1244560,72,1,0,1
4798728,72,1,0,1
1311584,72,1,0,1
2268680,72,1,1,0
3985384,72,1,0,1
3225424,72,1,1,0
677176,72,1,0,1
3223336,72,1,0,1
1341512,72,1,0,1
5740216,72,1,0,1
3209816,72,1,0,1
7519088,72,1,1,0
657496,72,1,0,1
196040,72,1,1,0
2590848,72,1,0,1
3094296,72,1,1,0
6934768,72,1,1,0
1773928,72,1,1,0
3298952,72,1,0,1
482088,72,1,1,0
4687376,72,1,1,0
697968,72,1,1,0
5738280,72,1,1,0
138536,72,1,0,1
2769336,72,1,1,0
1851872,72,1,1,0
342960,72,1,1,0
5569776,72,1,0,1
6109456,72,1,1,0
2645464,72,1,0,1
7920744,72,1,0,1
2820216,72,1,1,0
1842024,72,1,1,0
2891216,72,1,0,1
248400,72,1,1,0
2570568,72,1,1,0
3370848,72,1,1,0
1301272,72,1,0,1
3869488,72,1,0,1
7743968,72,1,0,1
2974008,72,1,1,0
5248224,72,1,1,0
3712656,72,1,1,0
1070208,72,1,1,0
1747536,72,1,1,0
5842864,72,1,1,0
1979904,72,1,0,1
5615120,72,1,0,1
6359840,72,1,0,1
676608,72,1,0,1
3254304,72,1,0,1
2237888,72,1,0,1
6101776,72,1,1,0
1343160,72,1,0,1
530136,72,1,1,0
416864,72,1,1,0
7219272,72,1,0,1
4236432,72,1,1,0
152272,72,1,0,1
2437904,72,1,1,0
1479696,72,1,1,0
607616,72,1,1,0
2547952,72,1,0,1
3303016,72,1,1,0
7737480,72,1,1,0
4299968,72,1,0,1
4733896,72,1,0,1
2536776,72,1,0,1
1766704,72,1,1,0
8052224,72,1,1,0
1087824,72,1,0,1
8028776,72,1,1,0
4507240,72,1,1,0
5588728,72,1,0,1
433896,72,1,1,0
2335464,72,1,0,1
4743952,72,1,1,0
7876360,72,1,1,0
2429696,72,1,0,1
5656464,72,1,0,1
2245536,72,1,1,0
364792,72,1,1,0
308136,72,1,0,1
3693024,72,1,1,0
1380704,72,1,1,0
6135568,72,1,0,1
5066296,72,1,1,0
180856,72,1,1,0
1796648,72,1,1,0
645992,72,1,0,1
3568944,72,1,0,1
1972184,72,1,1,0
257296,72,1,0,1
613496,72,1,0,1
4578144,72,1,0,1
859120,72,1,1,0
700056,72,1,0,1
5283936,72,1,0,1
951800,72,1,1,0
445776,72,1,0,1
6081704,72,1,0,1
430224,72,1,0,1
3639720,72,1,0,1
555592,72,1,0,1
365952,72,1,1,0
2397448,72,1,1,0
5433152,72,1,0,1
3273312,72,1,0,1
1275880,72,1,1,0
524152,72,1,0,1
1038696,72,1,0,1
7239064,72,1,0,1
1051512,72,1,1,0
1359232,72,1,0,1
2194992,72,1,1,0
1497432,72,1,1,0
4953976,72,1,0,1
2592904,72,1,1,0
3563688,72,1,0,1
2906232,72,1,1,0
3900528,72,1,1,0
919184,72,1,0,1
297168,72,1,0,1
2653992,72,1,0,1
2881992,72,1,1,0
4068624,72,1,1,0
4889216,72,1,1,0
7562088,72,1,0,1
5001640,72,1,1,0
1066912,72,1,1,0
7784704,72,1,0,1
7453232,72,1,0,1
1766040,72,1,1,0
3255320,72,1,0,1
7708544,72,1,1,0
800896,72,1,0,1
2838424,72,1,0,1
1925800,72,1,1,0
3864728,72,1,1,0
3211200,72,1,0,1
4145216,72,1,0,1
6037776,72,1,1,0
3596536,72,1,1,0
6176272,72,1,0,1
2857680,72,1,0,1
247328,72,1,0,1
7257776,72,1,1,0
1127048,72,1,0,1
862384,72,1,1,0
7238872,72,1,1,0
4359480,72,1,0,1
7012760,72,1,1,0
8358816,72,1,0,1
219136,72,1,0,1
2109584,72,1,1,0
3330848,72,1,1,0
1874496,72,1,1,0
7571240,72,1,0,1
8091448,72,1,1,0
7444616,72,1,0,1
784904,72,1,0,1
3256032,72,1,1,0
1066048,72,1,0,1
7514928,72,1,0,1
2415712,72,1,0,1
6630032,72,1,1,0
1967976,72,1,1,0
817464,72,1,0,1
2743152,72,1,0,1
4213848,72,1,0,1
7036256,72,1,1,0
4737496,72,1,1,0
5806464,72,1,1,0
3611752,72,1,0,1
348880,72,1,1,0
5404144,72,1,1,0
5588944,72,1,0,1
4949904,72,1,1,0
1250088,72,1,1,0
3197872,72,1,0,1
193104,72,1,1,0
7161824,72,1,1,0
7674632,72,1,0,1
2877952,72,1,1,0
1386552,72,1,1,0
1177640,72,1,1,0
2605152,72,1,0,1
176312,72,1,0,1
2842152,72,1,0,1
208160,72,1,0,1
4051240,72,1,1,0
4402376,72,1,0,1
1504544,72,1,0,1
1672176,72,1,1,0
4878872,72,1,1,0
359544,72,1,0,1
2994384,72,1,1,0
252440,72,1,0,1
3441280,72,1,0,1
8180496,72,1,0,1
7755248,72,1,1,0
7522208,72,1,1,0
3371816,72,1,0,1
485192,73,1,1,0
1185864,73,1,1,0
8130000,73,1,1,0
7258696,73,1,0,1
1316448,73,1,0,1
1124880,73,1,0,1
4989400,73,1,0,1
4300928,73,1,1,0
2942056,73,1,0,1
1508672,73,1,1,0
166464,73,1,1,0
3066952,73,1,1,0
273944,73,1,0,1
5575352,73,1,1,0
7979096,73,1,1,0
1639136,73,1,1,0
269408,73,1,1,0
1035432,73,1,0,1
1033928,73,1,0,1
7522624,73,1,0,1
6986192,73,1,1,0
3683968,73,1,0,1
4868992,73,1,0,1
122664,73,1,0,1
636936,73,1,0,1
3337280,73,1,1,0
4252672,73,1,1,0
2168144,73,1,0,1
5870464,73,1,0,1
1758616,73,1,0,1
2506832,73,1,1,0
5561928,73,1,1,0
2787512,73,1,0,1
4991888,73,1,1,0
7851784,73,1,1,0
358976,73,1,1,0
6928704,73,1,1,0
4777720,73,1,1,0
2193208,73,1,0,1
7664456,73,1,0,1
1281872,73,1,0,1
7918472,73,1,1,0
7511624,73,1,1,0
6410384,73,1,0,1
220472,73,1,0,1
3498832,73,1,1,0
6483752,73,1,0,1
8006408,73,1,1,0
367400,73,1,1,0
295536,73,1,0,1
566856,73,1,1,0
3179488,73,1,1,0
2755040,73,1,1,0
6833896,73,1,1,0
3993736,73,1,1,0
579088,73,1,1,0
2265528,73,1,1,0
6748896,73,1,1,0
6829200,73,1,1,0
2264120,73,1,0,1
197520,73,1,1,0
720976,73,1,1,0
3200136,73,1,1,0
1537408,73,1,0,1
6220352,73,1,0,1
7159800,73,1,1,0
391408,73,1,0,1
635816,73,1,0,1
426304,73,1,1,0
5867568,73,1,0,1
481192,73,1,1,0
2604224,73,1,1,0
8239768,73,1,1,0
1707760,73,1,1,0
6830752,73,1,1,0
677632,73,1,0,1
1088392,73,1,1,0
5269960,73,1,0,1
941688,73,1,1,0
7317488,73,1,0,1
350512,73,1,1,0
888768,73,1,1,0
1416560,73,1,0,1
5712032,73,1,0,1
4630152,73,1,0,1
6720584,73,1,1,0
679368,73,1,1,0
1439544,73,1,0,1
1584408,73,1,0,1
4473568,73,1,0,1
2550448,73,1,1,0
4210296,73,1,0,1
6428648,73,1,0,1
7579496,73,1,0,1
2316552,73,1,0,1
3374856,73,1,1,0
4064120,73,1,1,0
5371664,73,1,1,0
435120,73,1,0,1
714864,73,1,0,1
2734896,73,1,1,0
5585840,73,1,1,0
6748536,73,1,1,0
1818632,73,1,0,1
4698472,73,1,1,0
1863696,73,1,0,1
2334496,73,1,0,1
1590840,73,1,0,1
1011992,73,1,0,1
4143888,73,1,1,0
1383360,73,1,0,1
4392480,73,1,1,0
432952,73,1,0,1
2044368,73,1,1,0
3273408,73,1,1,0
282776,73,1,1,0
1636272,73,1,0,1
2581432,73,1,0,1
4171696,73,1,0,1
586736,73,1,0,1
2975720,73,1,1,0
2563680,73,1,1,0
527784,73,1,1,0
3442944,73,1,0,1
2142568,73,1,0,1
192904,73,1,0,1
367192,73,1,0,1
2069384,73,1,1,0
4947312,73,1,1,0
4318760,73,1,1,0
793016,73,1,0,1
974976,73,1,0,1
1346752,73,1,1,0
2463776,73,1,1,0
4297704,73,1,0,1
2478240,73,1,1,0
2848280,73,1,1,0
1327496,73,1,0,1
348448,73,1,0,1
1120656,73,1,0,1
7667168,73,1,0,1
3358960,73,1,1,0
3097904,73,1,1,0
89344,73,1,1,0
835680,73,1,1,0
163504,73,1,0,1
1258432,73,1,1,0
1081528,73,1,0,1
7487376,73,1,0,1
1188256,73,1,0,1
3152832,73,1,0,1
4150184,73,1,1,0
1382240,73,1,1,0
2613240,73,1,0,1
6075328,73,1,0,1
1341040,73,1,0,1
6530080,73,1,0,1
3409608,73,1,1,0
8089928,73,1,1,0
5207856,73,1,1,0
1967760,73,1,0,1
3145824,73,1,1,0
8338040,73,1,1,0
4932208,73,1,0,1
8029984,73,1,1,0
1180552,73,1,0,1
8088224,73,1,0,1
2107504,73,1,0,1
3774608,73,1,0,1
4349640,73,1,1,0
695184,73,1,0,1
3058696,73,1,0,1
518080,73,1,1,0
7166208,73,1,0,1
5989816,73,1,0,1
944872,73,1,1,0
3812360,73,1,0,1
6900112,73,1,0,1
4995536,73,1,0,1
1497096,73,1,0,1
6715632,73,1,1,0
4448616,73,1,0,1
2519816,73,1,1,0
7155144,73,1,1,0
4037736,73,1,1,0
1478976,73,1,0,1
5996328,73,1,1,0
7819288,73,1,1,0
3890096,73,1,1,0
1467336,73,1,0,1
7747696,73,1,0,1
1213744,73,1,1,0
2589488,73,1,1,0
3936352,73,1,0,1
660664,73,1,0,1
3794288,73,1,0,1
575680,73,1,0,1
4086552,73,1,1,0
6928744,73,1,1,0
7809576,73,1,0,1
6339400,73,1,0,1
5887936,73,1,1,0
661784,73,1,1,0
886176,73,1,0,1
2276264,73,1,0,1
912672,73,1,1,0
460240,73,1,0,1
3105176,73,1,1,0
3586920,73,1,1,0
5979376,73,1,1,0
6495512,73,1,0,1
411392,73,1,0,1
1556920,73,1,1,0
211856,73,1,1,0
2984864,73,1,1,0
1946728,73,1,1,0
5390208,73,1,0,1
6292152,73,1,0,1
2402280,73,1,0,1
6129216,73,1,0,1
2251528,73,1,1,0
7068680,73,1,1,0
1692552,73,1,1,0
3769640,73,1,0,1
1706072,73,1,1,0
286944,73,1,0,1
138680,73,1,0,1
2665896,73,1,1,0
8137872,73,1,1,0
4488072,73,1,1,0
7441408,73,1,0,1
2610816,73,1,0,1
2492216,73,1,0,1
8043048,73,1,1,0
1122000,73,1,1,0
379024,73,1,0,1
183096,73,1,1,0
5704208,73,1,1,0
2304840,73,1,1,0
6758736,73,1,0,1
1411536,73,1,1,0
2110768,73,1,0,1
2251256,73,1,1,0
947104,73,1,1,0
1809392,73,1,1,0
4601912,73,1,1,0
3363176,73,1,1,0
6123024,73,1,0,1
5830432,73,1,0,1
850976,73,1,0,1
5606152,73,1,0,1
7963560,73,1,0,1
3338896,73,1,0,1
4504288,73,1,1,0
1181840,73,1,1,0
3596840,73,1,0,1
511304,73,1,0,1
4032496,73,1,0,1
805496,73,1,1,0
406384,73,1,0,1
473240,73,1,0,1
1449512,73,1,1,0
7904992,73,1,0,1
2996936,73,1,0,1
4747536,73,1,0,1
5926368,73,1,0,1
2077856,73,1,0,1
5706984,73,1,0,1
6375504,73,1,0,1
8066464,73,1,0,1
2628664,73,1,1,0
386712,73,1,0,1
3141488,73,1,0,1
682528,73,1,1,0
126480,73,1,1,0
6794328,73,1,0,1
173960,73,1,0,1
3286240,73,1,0,1
4238672,73,1,0,1
6806360,73,1,0,1
146368,73,1,0,1
3842976,73,1,0,1
673608,73,1,1,0
7077248,73,1,1,0
486160,73,1,0,1
6671984,73,1,1,0
2083392,73,1,0,1
2914256,73,1,1,0
1272944,73,1,0,1
5360632,73,1,1,0
1824056,73,1,0,1
1215600,73,1,1,0
3178960,73,1,0,1
1654936,73,1,0,1
5615080,73,1,0,1
3971056,73,1,1,0
1891056,73,1,1,0
3710232,73,1,1,0
2066808,73,1,0,1
4324312,73,1,0,1
5004120,73,1,0,1
666560,73,1,1,0
4808848,73,1,1,0
1188280,73,1,1,0
534720,73,1,1,0
6891736,73,1,1,0
5734328,73,1,1,0
203024,73,1,0,1
431296,73,1,0,1
3583512,73,1,1,0
2320920,73,1,1,0
5708960,73,1,1,0
4282288,73,1,1,0
3357680,73,1,1,0
3469928,73,1,0,1
3734112,73,1,1,0
1371168,73,1,0,1
5311584,73,1,1,0
1023456,73,1,0,1
1762808,73,1,1,0
3983840,73,1,0,1
2896912,73,1,1,0
1065280,73,1,1,0
1645528,73,1,0,1
3957560,73,1,1,0
1609896,73,1,1,0
7753552,73,1,1,0
920712,73,1,1,0
2961336,73,1,1,0
3447000,73,1,1,0
250280,73,1,0,1
882744,73,1,0,1
2397584,73,1,0,1
4301760,73,1,1,0
8243704,73,1,0,1
1124312,73,1,1,0
6265144,73,1,1,0
4577808,73,1,1,0
1734304,73,1,1,0
2027904,73,1,1,0
469648,73,1,0,1
543360,73,1,1,0
313912,73,1,0,1
523816,73,1,1,0
6757112,73,1,1,0
623800,73,1,1,0
803664,73,1,0,1
3225000,73,1,1,0
4775608,73,1,0,1
3177880,73,1,1,0
2294400,73,1,0,1
1695792,73,1,0,1
6266936,73,1,0,1
677544,73,1,0,1
6987440,73,1,0,1
4573272,73,1,1,0
1265104,73,1,1,0
2659464,73,1,1,0
1734784,73,1,0,1
4073992,73,1,0,1
937208,73,1,1,0
3454744,73,1,1,0
4061224,73,1,0,1
7822560,73,1,0,1
3518616,73,1,0,1
511480,73,1,1,0
592664,73,1,1,0
734792,73,1,0,1
7180768,73,1,0,1
2853824,73,1,1,0
3334152,73,1,1,0
690064,73,1,1,0
1994488,73,1,0,1
1664208,73,1,0,1
707376,73,1,0,1
7615096,73,1,0,1
5833648,73,1,0,1
3069168,73,1,0,1
308216,73,1,0,1
2709048,73,1,1,0
1515896,73,1,1,0
4699720,73,1,0,1
1184752,73,1,0,1
1205624,73,1,1,0
184576,73,1,0,1
1620904,73,1,1,0
7845656,73,1,0,1
2741656,73,1,0,1
1441544,73,1,0,1
2485168,73,1,1,0
1270496,73,1,1,0
1010024,73,1,1,0
6144136,73,1,0,1
412640,73,1,1,0
3445144,73,1,0,1
1708104,73,1,0,1
2121936,73,1,1,0
2329136,73,1,1,0
996408,73,1,1,0
1519720,73,1,1,0
1604392,73,1,0,1
3560056,73,1,0,1
1151704,73,1,1,0
1255320,73,1,0,1
4142568,73,1,1,0
571168,73,1,1,0
343016,73,1,0,1
6095264,73,1,1,0
4354760,73,1,1,0
1126368,73,1,0,1
2681816,73,1,0,1
7308656,73,1,1,0
1389152,73,1,0,1
2973824,73,1,1,0
2642264,73,1,1,0
5448728,73,1,1,0
1056664,73,1,1,0
1893160,73,1,0,1
1498528,73,1,0,1
1175040,73,1,1,0
2189520,73,1,1,0
1107760,73,1,0,1
144136,73,1,0,1
5118728,73,1,0,1
937080,73,1,0,1
623360,73,1,1,0
6229448,73,1,1,0
374432,73,1,0,1
1645648,73,1,0,1
3124152,73,1,1,0
3807120,73,1,0,1
1176880,73,1,1,0
4521704,73,1,1,0
290896,73,1,0,1
2347616,73,1,0,1
1348192,73,1,0,1
3885216,73,1,0,1
2827000,73,1,1,0
7148280,73,1,1,0
4316408,73,1,0,1
2954480,73,1,1,0
5849448,73,1,1,0
6887320,73,1,0,1
516936,73,1,0,1
4646304,73,1,0,1
5083456,73,1,0,1
6958240,73,1,1,0
1101536,73,1,1,0
590448,73,1,0,1
2283096,73,1,1,0
3852736,73,1,1,0
2127912,73,1,1,0
1168480,73,1,0,1
1479968,73,1,0,1
5825216,73,1,1,0
3629888,73,1,0,1
5170232,73,1,1,0
6622432,73,1,1,0
224800,73,1,1,0
6553776,73,1,1,0
653328,73,1,1,0
344712,73,1,0,1
4378208,73,1,1,0
3456328,73,1,1,0
455160,73,1,0,1
7300424,73,1,1,0
1135160,73,1,1,0
5895984,73,1,0,1
2742656,73,1,1,0
4823136,73,1,1,0
2560784,73,1,1,0
4113232,73,1,1,0
6117208,73,1,0,1
5266880,73,1,0,1
472024,73,1,1,0
3127848,73,1,1,0
2143080,73,1,1,0
3201760,73,1,1,0
2163944,73,1,1,0
4714656,73,1,1,0
6769224,73,1,0,1
1030656,73,1,1,0
1783424,73,1,0,1
442352,73,1,0,1
726000,73,1,1,0
5294496,73,1,0,1
577088,73,1,1,0
1348208,73,1,1,0
572800,73,1,0,1
1541944,73,1,1,0
2824640,73,1,0,1
2170032,73,1,0,1
421712,73,1,1,0
1459240,73,1,1,0
1510544,73,1,0,1
7074320,73,1,0,1
1864896,73,1,1,0
490520,73,1,1,0
1718816,73,1,1,0
1144392,73,1,1,0
1352640,73,1,0,1
1087992,73,1,1,0
7226184,73,1,0,1
7935480,73,1,0,1
3149800,73,1,1,0
3542568,73,1,1,0
158256,73,1,0,1
1082128,73,1,1,0
6018648,73,1,1,0
375184,73,1,0,1
652288,73,1,1,0
2980056,73,1,1,0
533560,73,1,0,1
2329304,73,1,0,1
7062104,73,1,0,1
418240,73,1,0,1
1528984,73,1,1,0
6803056,73,1,0,1
481600,73,1,0,1
1171552,73,1,1,0
5215960,73,1,0,1
1078672,73,1,0,1
2964792,73,1,0,1
590096,73,1,1,0
266144,73,1,1,0
2450256,73,1,1,0
4053528,73,1,0,1
8006632,73,1,0,1
4758600,73,1,1,0
4242648,73,1,1,0
1214128,73,1,1,0
5674496,73,1,1,0
1186544,73,1,1,0
1255680,73,1,0,1
7164664,73,1,1,0
2087136,73,1,1,0
1259840,73,1,0,1
2914704,73,1,0,1
2543296,73,1,0,1
4476568,73,1,0,1
1870104,73,1,0,1
1099440,73,1,0,1
658768,73,1,1,0
1560344,73,1,0,1
523048,73,1,1,0
4128360,73,1,0,1
7658536,73,1,0,1
536360,73,1,1,0
615952,73,1,1,0
1063936,73,1,1,0
4122312,73,1,0,1
573456,73,1,0,1
7565408,73,1,1,0
5389840,73,1,0,1
1189176,73,1,0,1
7239736,73,1,0,1
297920,73,1,1,0
1047416,73,1,1,0
2211840,73,1,0,1
1863168,73,1,1,0
1691592,73,1,0,1
572784,73,1,0,1
2505696,73,1,0,1
3890704,73,1,0,1
1183256,73,1,1,0
3789456,73,1,1,0
5336496,73,1,0,1
4728088,73,1,1,0
3634208,73,1,0,1
5170224,73,1,1,0
3283288,73,1,0,1
275528,73,1,1,0
2929480,73,1,1,0
6847024,73,1,1,0
6975272,73,1,1,0
4074408,73,1,0,1
1317392,73,1,1,0
1011664,73,1,0,1
8160072,73,1,0,1
626160,73,1,0,1
4875928,73,1,1,0
5757264,73,1,1,0
398368,73,1,1,0
2897576,73,1,1,0
4338976,73,1,1,0
1151480,73,1,0,1
1062168,73,1,0,1
656928,73,1,1,0
496936,73,1,0,1
4578280,73,1,1,0
168104,73,1,0,1
380856,73,1,1,0
4200016,73,1,1,0
513008,73,1,0,1
1862192,73,1,1,0
2301560,73,1,1,0
2774096,73,1,0,1
3779104,73,1,0,1
200376,73,1,1,0
3029128,73,1,1,0
4184568,73,1,1,0
644040,73,1,1,0
2321384,73,1,0,1
1348952,73,1,1,0
823824,73,1,1,0
853992,73,1,0,1
3187200,73,1,0,1
5524456,73,1,0,1
533552,73,1,1,0
4003536,73,1,0,1
2961080,73,1,0,1
889288,73,1,1,0
2630656,73,1,0,1
376856,73,1,0,1
4088128,73,1,1,0
2305944,73,1,0,1
784248,73,1,0,1
5332168,73,1,0,1
505960,73,1,1,0
699576,73,1,1,0
250232,73,1,1,0
2664880,73,1,1,0
1648640,73,1,0,1
1537360,73,1,0,1
1109776,73,1,1,0
512752,73,1,1,0
2287432,73,1,1,0
3851320,73,1,1,0
867288,73,1,0,1
977472,73,1,0,1
620152,73,1,1,0
512736,73,1,0,1
7720584,73,1,1,0
416856,73,1,0,1
3943336,73,1,0,1
1759808,73,1,1,0
384752,73,1,0,1
5912472,73,1,1,0
2554800,73,1,1,0
6375144,73,1,0,1
304112,73,1,1,0
6382544,73,1,0,1
694832,73,1,1,0
6576328,73,1,1,0
693088,73,1,1,0
6630904,73,1,1,0
1217216,73,1,1,0
1700240,73,1,1,0
725096,73,1,0,1
2245840,73,1,0,1
451432,73,1,1,0
3427448,73,1,0,1
961016,73,1,0,1
746696,73,1,0,1
6744432,73,1,1,0
2275520,73,1,1,0
3922616,73,1,0,1
589312,73,1,1,0
5496640,73,1,0,1
440000,73,1,1,0
3361272,73,1,0,1
3621568,73,1,1,0
6775712,73,1,0,1
1709736,73,1,0,1
4814504,73,1,0,1
886392,73,1,1,0
1210632,73,1,1,0
8069120,73,1,1,0
920880,73,1,1,0
814768,73,1,0,1
1601888,73,1,0,1
3942504,73,1,0,1
4153408,73,1,1,0
966256,73,1,0,1
911352,73,1,1,0
2211696,73,1,1,0
514120,73,1,1,0
960088,73,1,0,1
7511080,73,1,0,1
1033880,73,1,0,1
1591584,73,1,0,1
762760,73,1,1,0
1044480,73,1,1,0
4509264,73,1,0,1
2297920,73,1,0,1
4965920,73,1,0,1
955320,73,1,0,1
1621240,73,1,0,1
1411416,73,1,1,0
6113976,73,1,0,1
3010992,73,1,0,1
1306888,73,1,0,1
2192072,73,1,0,1
6587176,73,1,0,1
4390280,73,1,0,1
3203976,73,1,1,0
6282240,73,1,0,1
3840176,73,1,0,1
6726816,73,1,0,1
1218424,73,1,0,1
1765344,73,1,0,1
2137240,73,1,1,0
313008,73,1,0,1
5404600,73,1,0,1
267552,73,1,0,1
339456,73,1,0,1
993864,73,1,0,1
2046888,73,1,1,0
1155200,73,1,1,0
1244144,73,1,0,1
1392360,73,1,1,0
510128,73,1,1,0
1895104,73,1,1,0
356760,73,1,0,1
4067576,73,1,1,0
3049152,73,1,0,1
3171056,73,1,0,1
612376,73,1,0,1
1937672,73,1,0,1
973272,73,1,0,1
3750824,73,1,1,0
6819224,73,1,1,0
3502080,73,1,0,1
8106656,73,1,1,0
5229176,73,1,1,0
1319024,73,1,0,1
1298296,73,1,1,0
706528,73,1,1,0
3355104,73,1,0,1
4480704,73,1,1,0
8067232,73,1,0,1
2766872,73,1,1,0
542112,73,1,0,1
2768096,73,1,1,0
7868160,73,1,1,0
2983816,73,1,1,0
5981600,73,1,0,1
2905872,73,1,1,0
3513768,73,1,1,0
1636720,73,1,1,0
2448488,73,1,0,1
6266976,73,1,0,1
2454480,73,1,1,0
827784,73,1,1,0
1389496,73,1,1,0
5147096,73,1,1,0
192720,73,1,1,0
705200,73,1,1,0
3704408,73,1,0,1
2319448,73,1,0,1
128616,73,1,1,0
1060840,73,1,1,0
164600,73,1,0,1
3236368,73,1,1,0
241072,73,1,1,0
8139280,73,1,1,0
293960,73,1,0,1
1137424,73,1,0,1
5756648,73,1,0,1
7339232,73,1,1,0
433072,73,1,0,1
2149800,73,1,0,1
6500912,73,1,0,1
2735680,73,1,0,1
472848,73,1,1,0
736840,73,1,0,1
704656,73,1,1,0
1960288,73,1,1,0
4231384,73,1,0,1
1955392,73,1,0,1
175200,73,1,1,0
1936920,73,1,1,0
1154968,73,1,1,0
568192,73,1,1,0
7902224,73,1,1,0
1784152,73,1,1,0
7986488,73,1,0,1
3550248,73,1,0,1
1050232,73,1,0,1
699056,73,1,1,0
3122536,73,1,1,0
3070032,73,1,0,1
191864,73,1,0,1
5882344,73,1,0,1
993392,73,1,0,1
803160,73,1,0,1
1073112,73,1,0,1
4313160,73,1,1,0
2017040,73,1,0,1
637048,73,1,1,0
1021032,73,1,0,1
1314616,73,1,1,0
2032840,73,1,1,0
2475464,73,1,1,0
4744808,73,1,1,0
191480,73,1,1,0
6627736,73,1,1,0
1554472,73,1,1,0
1026400,73,1,1,0
274800,73,1,0,1
1291984,73,1,0,1
907504,73,1,0,1
1053200,73,1,1,0
3914184,73,1,0,1
1813504,73,1,0,1
6926792,73,1,0,1
5562864,73,1,0,1
323192,73,1,1,0
533208,73,1,0,1
1751512,73,1,1,0
7246184,73,1,1,0
7746648,73,1,1,0
8073048,73,1,1,0
625680,73,1,0,1
974936,73,1,0,1
3543320,73,1,1,0
2689184,73,1,1,0
3503104,73,1,1,0
745384,73,1,0,1
6314832,73,1,1,0
870728,73,1,1,0
5035952,73,1,0,1
1427784,73,1,1,0
4603264,73,1,1,0
1971888,73,1,0,1
6961960,73,1,0,1
213472,73,1,0,1
1541256,73,1,0,1
5942448,73,1,1,0
1682272,73,1,1,0
6844928,73,1,1,0
4165616,73,1,1,0
3476232,73,1,0,1
5692304,73,1,1,0
3268544,73,1,1,0
4522632,73,1,1,0
366272,73,1,1,0
6037992,73,1,0,1
786728,73,1,0,1
2039384,73,1,0,1
2180896,73,1,1,0
2692168,73,1,1,0
373504,73,1,0,1
3584296,73,1,1,0
2479040,73,1,0,1
475160,73,1,0,1
5017232,73,1,1,0
5757640,73,1,0,1
740864,73,1,1,0
2643632,73,1,0,1
1002672,73,1,1,0
597544,73,1,0,1
3886992,73,1,1,0
1177328,73,1,1,0
6586608,73,1,0,1
2550896,73,1,1,0
2034984,73,1,0,1
1690224,73,1,1,0
2302224,73,1,1,0
6755928,73,1,0,1
4847064,73,1,0,1
6098192,73,1,0,1
3498800,73,1,0,1
1371304,73,1,0,1
1820016,73,1,1,0
1501344,73,1,1,0
2905632,73,1,0,1
3641120,73,1,1,0
7671512,73,1,1,0
497568,73,1,0,1
5622408,73,1,0,1
1701880,73,1,1,0
5037552,73,1,0,1
2700864,73,1,0,1
1487912,73,1,1,0
1107552,73,1,1,0
1471080,73,1,0,1
1041680,73,1,0,1
1685200,73,1,1,0
7567048,73,1,0,1
2159848,73,1,0,1
1051152,73,1,1,0
1610320,73,1,1,0
4172112,73,1,1,0
6519488,73,1,1,0
1636776,73,1,0,1
4055296,73,1,1,0
3068032,73,1,0,1
660160,73,1,1,0
300424,73,1,0,1
1330296,73,1,1,0
312400,73,1,1,0
1413448,73,1,0,1
2981320,73,1,0,1
629592,73,1,1,0
1299336,73,1,1,0
6474168,73,1,1,0
4163736,73,1,0,1
2462968,73,1,0,1
552160,73,1,1,0
4757552,73,1,0,1
5787216,73,1,1,0
977984,73,1,1,0
1298680,73,1,1,0
1071208,73,1,1,0
5703536,73,1,0,1
3763288,73,1,1,0
7987928,73,1,0,1
1532720,73,1,1,0
1222560,73,1,1,0
463688,73,1,0,1
5477328,73,1,1,0
1331944,73,1,1,0
2224304,73,1,0,1
210112,73,1,1,0
4421840,73,1,0,1
6091744,73,1,1,0
8335864,73,1,1,0
5149776,73,1,1,0
1432680,73,1,1,0
663056,73,1,0,1
715592,73,1,1,0
5550584,73,1,0,1
667960,73,1,0,1
7518152,73,1,1,0
4594512,73,1,1,0
623328,73,1,1,0
226816,73,1,0,1
5177760,73,1,0,1
2237136,73,1,0,1
805096,73,1,1,0
550672,73,1,0,1
2941416,73,1,1,0
1503296,73,1,1,0
4363480,73,1,1,0
1418752,73,1,0,1
2553168,73,1,0,1
4345112,73,1,0,1
149768,73,1,1,0
5076160,73,1,0,1
1087760,73,1,1,0
6615464,73,1,0,1
393216,73,1,1,0
1014808,73,1,1,0
2153384,73,1,0,1
1473632,73,1,1,0
382000,73,1,1,0
3326872,73,1,1,0
679784,73,1,1,0
655976,73,1,1,0
1406168,73,1,1,0
3717592,73,1,1,0
1576184,73,1,0,1
7220080,73,1,0,1
4367104,73,1,1,0
820968,73,1,1,0
1638672,73,1,1,0
3251896,73,1,0,1
3815160,73,1,1,0
5586072,73,1,0,1
5870320,73,1,0,1
2134504,73,1,1,0
2155344,73,1,1,0
3229440,73,1,1,0
1531184,73,1,1,0
3477704,73,1,1,0
2009600,73,1,1,0
202896,73,1,1,0
1000328,73,1,1,0
2587016,73,1,0,1
1470240,73,1,0,1
2637648,73,1,1,0
1134472,73,1,0,1
6687272,73,1,0,1
3211960,73,1,0,1
2952360,73,1,0,1
5364032,73,1,1,0
5829880,73,1,0,1
5392944,73,1,0,1
3086248,73,1,0,1
1257184,73,1,1,0
1283072,73,1,0,1
4105000,73,1,1,0
2757776,73,1,0,1
217864,73,1,0,1
1033944,73,1,1,0
270664,73,1,0,1
3117888,73,1,1,0
4356744,73,1,0,1
3863728,73,1,1,0
6301736,73,1,1,0
3069040,73,1,0,1
939928,73,1,1,0
2386864,73,1,1,0
1346864,73,1,1,0
3446496,73,1,1,0
460384,73,1,0,1
5877256,73,1,0,1
1351864,73,1,1,0
1388168,73,1,1,0
295240,73,1,0,1
6300056,73,1,1,0
2182104,73,1,1,0
4015672,73,1,0,1
4670496,73,1,0,1
1760384,73,1,0,1
398336,73,1,0,1
4004000,73,1,0,1
5662768,73,1,0,1
6717512,73,1,1,0
523032,73,1,0,1
3553568,73,1,1,0
2067792,73,1,1,0
5503336,73,1,0,1
4383024,73,1,1,0
4756504,73,1,0,1
1619416,73,1,1,0
1158288,73,1,0,1
2601752,73,1,1,0
5149928,73,1,1,0
2151136,73,1,1,0
3605504,73,1,0,1
800648,73,1,0,1
357264,73,1,0,1
4188680,73,1,0,1
1917120,73,1,0,1
4262184,73,1,0,1
2250352,73,1,1,0
2537712,73,1,1,0
2573048,73,1,1,0
4631168,73,1,0,1
4742664,73,1,1,0
270240,73,1,1,0
1224688,73,1,0,1
7851232,73,1,0,1
1645360,73,1,1,0
533632,73,1,0,1
421344,73,1,1,0
1316832,73,1,0,1
5031456,73,1,0,1
1252280,73,1,0,1
813968,73,1,0,1
1832160,73,1,1,0
7362384,73,1,0,1
986560,73,1,1,0
1450352,73,1,0,1
558496,73,1,1,0
511392,73,1,1,0
5774784,73,1,1,0
2365968,73,1,0,1
327120,73,1,1,0
6976080,73,1,1,0
139256,73,1,1,0
3346512,73,1,0,1
1411032,73,1,0,1
381440,73,1,0,1
5948456,73,1,0,1
2666760,73,1,0,1
2782384,73,1,1,0
1340336,73,1,1,0
826280,73,1,0,1
2287248,73,1,1,0
1829184,73,1,0,1
6662360,73,1,0,1
2046280,73,1,0,1
4727912,73,1,1,0
434160,73,1,0,1
90560,73,1,1,0
4664792,73,1,1,0
4868072,73,1,1,0
639816,73,1,0,1
951464,73,1,0,1
781976,73,1,0,1
1825192,73,1,1,0
4887488,73,1,1,0
882888,73,1,0,1
4716496,73,1,0,1
6786792,73,1,1,0
3940784,73,1,1,0
4655752,73,1,0,1
2281008,73,1,1,0
4956504,73,1,0,1
4195440,73,1,1,0
2299336,73,1,0,1
2660880,73,1,0,1
2009976,73,1,0,1
4040056,73,1,0,1
4520712,73,1,1,0
935528,73,1,1,0
2247048,73,1,1,0
2071200,73,1,0,1
761440,73,1,1,0
2338952,73,1,1,0
5141488,73,1,0,1
409792,73,1,0,1
1500528,73,1,0,1
5079792,73,1,0,1
2544192,73,1,0,1
1370320,73,1,1,0
2197304,73,1,1,0
6383008,73,1,1,0
360800,73,1,0,1
1659576,73,1,1,0
2337080,73,1,0,1
586632,73,1,1,0
358696,73,1,1,0
2957536,73,1,1,0
1745800,73,1,1,0
579008,73,1,1,0
5625416,73,1,0,1
736928,73,1,0,1
1744176,73,1,0,1
5295176,73,1,1,0
6271368,73,1,1,0
4881896,73,1,1,0
6370568,73,1,1,0
1262560,73,1,0,1
3055464,73,1,1,0
696928,73,1,1,0
2291688,73,1,0,1
818320,73,1,0,1
8264280,73,1,1,0
7362656,73,1,0,1
7556424,73,1,1,0
1153552,73,1,1,0
6135664,73,1,1,0
5929944,73,1,1,0
5868104,73,1,1,0
1032392,73,1,0,1
2665592,73,1,0,1
1893032,73,1,0,1
1704368,73,1,1,0
493864,73,1,1,0
7380728,73,1,1,0
2038160,73,1,0,1
1147016,73,1,1,0
51760,73,1,1,0
1035800,73,1,0,1
3826032,73,1,0,1
837664,73,1,1,0
6310656,73,1,0,1
1699136,73,1,1,0
540344,73,1,0,1
2317752,73,1,0,1
2940664,73,1,0,1
772312,73,1,0,1
8156600,73,1,1,0
3606056,73,1,1,0
3227632,73,1,0,1
6855536,73,1,0,1
5769336,73,1,1,0
1817240,73,1,1,0
421568,73,1,0,1
3567448,73,1,0,1
1411704,73,1,0,1
617688,73,1,1,0
1214944,73,1,1,0
312200,73,1,1,0
5737640,73,1,0,1
5813440,73,1,0,1
2061360,73,1,0,1
2236240,73,1,0,1
5597776,73,1,1,0
3015840,73,1,0,1
501464,73,1,1,0
1547632,73,1,1,0
8069096,73,1,0,1
1487920,73,1,1,0
6134360,73,1,1,0
739440,73,1,0,1
1446512,73,1,1,0
2582960,73,1,1,0
4703664,73,1,0,1
698376,73,1,1,0
1496480,73,1,1,0
390808,73,1,0,1
3757896,73,1,0,1
1224144,73,1,0,1
228616,73,1,1,0
632192,73,1,0,1
994024,73,1,0,1
6300944,73,1,1,0
364336,73,1,1,0
948616,73,1,0,1
4711760,73,1,0,1
1383472,73,1,0,1
3580240,73,1,0,1
574712,73,1,1,0
4548304,73,1,1,0
1702576,73,1,1,0
451008,73,1,0,1
2599512,73,1,1,0
4698568,73,1,0,1
5263032,73,1,0,1
642392,73,1,0,1
3518712,73,1,1,0
1226608,73,1,0,1
8355376,73,1,0,1
5154192,73,1,1,0
727536,73,1,0,1
425832,73,1,1,0
758592,73,1,1,0
3835760,73,1,0,1
7626384,73,1,0,1
448840,73,1,0,1
8177480,73,1,1,0
1312408,73,1,1,0
5252128,73,1,0,1
3213280,73,1,0,1
1019016,73,1,0,1
189792,73,1,0,1
669888,73,1,0,1
4029192,73,1,0,1
3927192,73,1,0,1
6177960,73,1,1,0
1037720,73,1,0,1
2989168,73,1,0,1
3221688,73,1,1,0
2356768,73,1,0,1
1147424,73,1,0,1
2415536,73,1,1,0
7603616,73,1,1,0
789416,73,1,1,0
5983320,73,1,0,1
3949032,73,1,0,1
7040400,73,1,1,0
7698408,73,1,1,0
896728,73,1,1,0
1114752,73,1,0,1
384240,73,1,0,1
7848336,73,1,0,1
420112,73,1,1,0
2120400,73,1,1,0
2746072,73,1,1,0
3538656,73,1,0,1
1813880,73,1,0,1
1536032,73,1,1,0
2093048,73,1,0,1
481208,73,1,0,1
7238328,73,1,1,0
2257584,73,1,0,1
5003376,73,1,1,0
7257320,73,1,0,1
5555192,73,1,1,0
1137080,73,1,0,1
1411984,73,1,1,0
2307976,73,1,1,0
1374616,73,1,0,1
1649800,73,1,0,1
2981120,73,1,0,1
7165008,73,1,1,0
1713856,73,1,0,1
1350360,73,1,1,0
734584,73,1,1,0
516072,73,1,0,1
751744,73,1,0,1
306792,73,1,1,0
6418944,73,1,0,1
3630400,73,1,1,0
638480,73,1,0,1
4774024,73,1,1,0
1208488,73,1,1,0
2066560,73,1,0,1
824368,73,1,1,0
1316416,73,1,0,1
2427616,73,1,0,1
951040,73,1,0,1
4189016,73,1,0,1
6340424,73,1,1,0
697376,73,1,1,0
740304,73,1,0,1
528696,73,1,0,1
543840,73,1,0,1
1445584,73,1,0,1
1137920,73,1,1,0
998376,73,1,0,1
2367648,73,1,1,0
3881808,73,1,1,0
1334752,73,1,0,1
445312,73,1,0,1
5142208,73,1,1,0
1893608,73,1,1,0
223784,73,1,1,0
1770464,73,1,1,0
2904720,73,1,1,0
3772040,73,1,1,0
1072600,73,1,1,0
1151936,73,1,0,1
3393360,73,1,1,0
606320,73,1,1,0
1214144,73,1,1,0
2674256,73,1,1,0
7208584,73,1,1,0
340392,73,1,0,1
4035632,73,1,1,0
539080,73,1,1,0
7243256,73,1,1,0
4448928,73,1,1,0
1534008,73,1,0,1
1401832,73,1,1,0
2342584,73,1,1,0
1553480,73,1,0,1
4533952,73,1,0,1
2000624,73,1,1,0
2328320,73,1,1,0
5619128,73,1,0,1
4464408,73,1,0,1
1707280,73,1,0,1
8035648,73,1,1,0
2415144,73,1,0,1
1048232,73,1,1,0
1305824,73,1,1,0
5300272,73,1,0,1
4196824,73,1,1,0
2552960,73,1,1,0
1051344,73,1,0,1
1856360,73,1,0,1
6708304,73,1,0,1
3460408,73,1,0,1
1809808,73,1,1,0
8012072,73,1,1,0
1895288,73,1,0,1
862080,73,1,0,1
378504,73,1,1,0
6822744,73,1,1,0
2075496,73,1,1,0
7854600,73,1,0,1
7947672,73,1,0,1
5793576,73,1,1,0
2336744,73,1,0,1
4665336,73,1,0,1
659760,73,1,1,0
4911072,73,1,0,1
7921312,73,1,1,0
1797880,73,1,1,0
6750440,73,1,1,0
3064448,73,1,0,1
238728,73,1,1,0
7897304,73,1,0,1
452856,73,1,0,1
2433200,73,1,0,1
1477056,73,1,0,1
697496,73,1,1,0
778304,73,1,0,1
8108824,73,1,0,1
1399152,73,1,1,0
4044264,73,1,0,1
6346608,73,1,1,0
903408,73,1,1,0
1499280,73,1,1,0
2372728,73,1,0,1
2083728,73,1,0,1
2453568,73,1,0,1
5214264,73,1,0,1
3675016,73,1,1,0
1448008,73,1,1,0
2814232,73,1,0,1
3024888,73,1,1,0
3907960,73,1,1,0
107296,73,1,1,0
118296,73,1,0,1
1424616,73,1,0,1
1383120,73,1,0,1
4622504,73,1,1,0
301224,73,1,1,0
3648400,73,1,1,0
6066064,73,1,0,1
2816224,73,1,1,0
153800,73,1,0,1
341480,73,1,1,0
8137024,73,1,0,1
8133352,73,1,0,1
3770616,73,1,0,1
4254656,73,1,1,0
2805760,73,1,1,0
205680,73,1,0,1
2046512,73,1,0,1
2941336,73,1,1,0
922144,73,1,1,0
752424,73,1,0,1
1032784,73,1,0,1
5357968,73,1,0,1
7831504,73,1,1,0
6902688,73,1,0,1
2428704,73,1,0,1
459176,73,1,1,0
7633840,73,1,0,1
377296,73,1,1,0
1694880,73,1,1,0
7222232,73,1,0,1
1132656,73,1,1,0
2579144,73,1,0,1
910768,73,1,1,0
3185136,73,1,1,0
3677224,73,1,0,1
720600,73,1,0,1
2116672,73,1,1,0
1551016,73,1,1,0
285280,73,1,0,1
1933088,73,1,1,0
3115360,73,1,1,0
2659016,73,1,1,0
3837304,73,1,0,1
515760,73,1,1,0
257656,73,1,1,0
645416,73,1,0,1
451232,73,1,1,0
1690576,73,1,1,0
3789264,73,1,1,0
472776,73,1,1,0
6331584,73,1,1,0
8191216,73,1,0,1
6316712,73,1,1,0
912360,73,1,1,0
2661656,73,1,0,1
2845904,73,1,0,1
5963136,73,1,1,0
2509280,73,1,1,0
7123752,73,1,0,1
7913928,73,1,1,0
4687568,73,1,1,0
839488,73,1,0,1
259064,73,1,0,1
3880232,73,1,0,1
2153736,73,1,0,1
971632,73,1,0,1
8331992,73,1,0,1
1317080,73,1,1,0
6868056,73,1,0,1
6919888,73,1,1,0
2245712,73,1,1,0
880464,73,1,0,1
386408,73,1,1,0
641016,73,1,1,0
380016,73,1,0,1
939272,73,1,1,0
4229600,73,1,0,1
6026488,73,1,0,1
1349520,73,1,1,0
2928680,73,1,1,0
5141704,73,1,0,1
1919352,73,1,0,1
4246696,73,1,0,1
7808320,73,1,1,0
912912,73,1,0,1
2942224,73,1,1,0
2354656,73,1,0,1
1891440,73,1,1,0
1215136,73,1,1,0
243584,73,1,0,1
281960,73,1,1,0
369160,73,1,1,0
1598328,73,1,0,1
239512,73,1,1,0
2791864,73,1,0,1
993480,73,1,0,1
3683248,73,1,0,1
7639816,73,1,0,1
5722192,73,1,1,0
2289976,73,1,1,0
2137824,73,1,1,0
832856,73,1,0,1
4653216,73,1,0,1
951784,73,1,0,1
6049416,73,1,1,0
7349800,73,1,0,1
4666112,73,1,1,0
2374104,73,1,0,1
4554240,73,1,0,1
1338768,73,1,0,1
467320,73,1,1,0
1837712,73,1,0,1
3576648,73,1,0,1
1050104,73,1,0,1
1492440,73,1,1,0
3301600,73,1,1,0
2898224,73,1,1,0
2819976,73,1,0,1
3370728,73,1,1,0
8333352,73,1,1,0
1649552,73,1,0,1
1658376,73,1,0,1
588800,73,1,0,1
3678168,73,1,1,0
771848,73,1,1,0
2501312,73,1,1,0
1461920,73,1,1,0
3635736,73,1,0,1
714360,73,1,0,1
4552712,73,1,1,0
5237656,73,1,0,1
824728,73,1,0,1
1648024,73,1,1,0
824056,73,1,1,0
2189784,73,1,1,0
4167024,73,1,1,0
2666848,73,1,0,1
661616,73,1,1,0
1109696,73,1,0,1
5264944,73,1,0,1
5044568,73,1,0,1
6998824,73,1,1,0
3061920,73,1,1,0
786000,73,1,0,1
1027008,73,1,1,0
3310200,73,1,1,0
195504,73,1,0,1
981240,73,1,1,0
2898120,73,1,0,1
2265992,73,1,1,0
357040,73,1,0,1
6810640,73,1,1,0
656896,73,1,1,0
1347216,73,1,0,1
4200992,73,1,0,1
701280,73,1,1,0
3858592,73,1,1,0
7146784,73,1,0,1
6876400,73,1,1,0
4834344,73,1,1,0
1932560,73,1,0,1
206072,73,1,0,1
115088,73,1,0,1
2105696,73,1,1,0
1390112,73,1,1,0
2214064,73,1,1,0
2178488,73,1,1,0
1905808,73,1,1,0
899472,73,1,1,0
1263504,73,1,0,1
1409456,73,1,0,1
4790408,73,1,1,0
3559696,73,1,0,1
545040,73,1,0,1
7368904,73,1,1,0
5454760,73,1,1,0
1632704,73,1,1,0
1119336,73,1,0,1
1811120,73,1,1,0
523240,73,1,1,0
64680,73,1,0,1
5430056,73,1,0,1
700496,73,1,0,1
2979640,73,1,0,1
7669136,73,1,0,1
4942024,73,1,1,0
1324192,73,1,1,0
123184,73,1,0,1
5560728,73,1,1,0
5800736,73,1,0,1
3836000,73,1,1,0
858856,73,1,1,0
6463960,73,1,1,0
1648592,73,1,1,0
741456,73,1,1,0
1120016,73,1,1,0
2408000,73,1,0,1
627992,73,1,1,0
5483560,73,1,1,0
2902824,73,1,0,1
1618576,73,1,0,1
4601064,73,1,0,1
4936800,73,1,0,1
504776,73,1,1,0
409888,73,1,1,0
1012944,73,1,1,0
1165392,73,1,1,0
7968616,73,1,1,0
4403648,73,1,0,1
567896,73,1,0,1
7353496,73,1,0,1
1888360,73,1,0,1
7048544,73,1,0,1
7682768,73,1,0,1
1321272,73,1,1,0
697632,73,1,0,1
912648,73,1,1,0
907784,73,1,0,1
4106560,73,1,0,1
5863960,73,1,0,1
5798104,73,1,0,1
172288,73,1,1,0
2628328,73,1,0,1
698696,73,1,1,0
1316800,73,1,1,0
98184,73,1,1,0
1145944,73,1,0,1
1288600,73,1,0,1
7610112,73,1,0,1
2095608,73,1,1,0
7595256,73,1,0,1
2689632,73,1,1,0
3429512,73,1,0,1
708240,73,1,0,1
3003696,73,1,0,1
1679248,73,1,0,1
411736,73,1,0,1
1351880,73,1,1,0
703056,73,1,1,0
1558656,73,1,0,1
561896,73,1,1,0
7073400,73,1,1,0
7489096,73,1,0,1
1707152,73,1,0,1
7810576,73,1,0,1
5171592,73,1,1,0
1163216,73,1,1,0
1447952,73,1,0,1
2995552,73,1,0,1
2724560,73,1,0,1
7878808,73,1,1,0
3453328,73,1,1,0
1636952,73,1,1,0
7831584,73,1,1,0
893808,73,1,1,0
1320208,73,1,0,1
696072,73,1,0,1
2432408,73,1,1,0
167056,73,1,0,1
1090576,73,1,1,0
2386496,73,1,0,1
2790312,73,1,0,1
583920,73,1,0,1
2059136,73,1,0,1
757568,73,1,1,0
1003336,73,1,1,0
4035704,73,1,0,1
4654952,73,1,0,1
7393656,73,1,0,1
1474480,73,1,1,0
586464,73,1,1,0
4198888,73,1,0,1
579512,73,1,1,0
962280,73,1,0,1
4313112,73,1,0,1
1649488,73,1,0,1
2517968,73,1,1,0
6080624,73,1,1,0
6579552,73,1,1,0
1661896,73,1,0,1
298392,73,1,1,0
812576,73,1,1,0
3012624,73,1,0,1
2451592,73,1,1,0
2246336,73,1,1,0
5978936,73,1,0,1
1102400,73,1,1,0
1492160,73,1,1,0
8182992,73,1,0,1
1386792,73,1,0,1
7513824,73,1,1,0
3474936,73,1,0,1
3428704,73,1,1,0
8335048,73,1,0,1
3329152,73,1,0,1
2667488,73,1,0,1
1584520,73,1,1,0
4964640,73,1,0,1
973984,73,1,0,1
6825440,73,1,1,0
134960,73,1,1,0
2289232,73,1,0,1
5844360,73,1,0,1
473632,73,1,0,1
1088752,73,1,0,1
4842016,73,1,1,0
1235384,73,1,1,0
178520,73,1,0,1
3824032,73,1,0,1
329240,73,1,0,1
2797160,73,1,1,0
3340616,73,1,1,0
2497672,73,1,1,0
1217120,73,1,1,0
4591968,73,1,0,1
1868496,73,1,1,0
1179136,73,1,0,1
3059800,73,1,1,0
777520,73,1,1,0
1242304,73,1,1,0
854032,73,1,0,1
3726416,73,1,1,0
6708840,73,1,0,1
3520064,73,1,1,0
4364000,73,1,1,0
4149576,73,1,1,0
255064,73,1,0,1
7583048,73,1,0,1
6781848,73,1,1,0
1637544,73,1,0,1
6711760,73,1,0,1
7837704,73,1,0,1
2635552,73,1,1,0
4286608,73,1,1,0
5793624,73,1,0,1
85832,73,1,1,0
3888600,73,1,0,1
1032064,73,1,0,1
6052792,73,1,1,0
4024648,73,1,1,0
6585600,73,1,1,0
4577344,73,1,0,1
2077384,73,1,1,0
638088,73,1,0,1
3648296,73,1,1,0
1415360,73,1,0,1
3488448,73,1,1,0
5542272,73,1,1,0
189192,73,1,0,1
5548800,73,1,1,0
1610064,73,1,0,1
5460040,73,1,1,0
965056,73,1,0,1
7400856,73,1,0,1
2237312,73,1,0,1
835496,73,1,0,1
2696744,73,1,1,0
2784912,73,1,1,0
2488192,73,1,0,1
2082488,73,1,0,1
1543920,73,1,1,0
285104,73,1,1,0
2164616,73,1,0,1
6048456,73,1,0,1
2019336,73,1,0,1
3722368,73,1,1,0
5034464,73,1,0,1
6332048,73,1,0,1
6584936,73,1,1,0
263200,73,1,1,0
2774480,73,1,1,0
2336816,73,1,1,0
1512320,73,1,0,1
3703120,73,1,0,1
432000,73,1,0,1
3585792,73,1,1,0
3555256,73,1,0,1
1043336,73,1,0,1
3997904,73,1,0,1
2326936,73,1,0,1
2374760,73,1,0,1
4757784,73,1,1,0
1146384,73,1,0,1
1347040,73,1,1,0
4286984,73,1,1,0
1510792,73,1,0,1
1105816,73,1,0,1
3343472,73,1,1,0
2399672,73,1,1,0
1466816,73,1,0,1
3438360,73,1,1,0
1286704,73,1,1,0
1742920,73,1,0,1
2003376,73,1,0,1
2966704,73,1,1,0
2898104,73,1,0,1
1147200,73,1,0,1
5691400,73,1,1,0
5379600,73,1,0,1
110544,73,1,0,1
1483392,73,1,0,1
1722136,73,1,1,0
2686600,73,1,1,0
2496528,73,1,1,0
3894584,73,1,0,1
2414368,73,1,0,1
2676160,73,1,0,1
8238360,73,1,1,0
1433720,73,1,0,1
4156368,73,1,0,1
1668568,73,1,1,0
3962416,73,1,0,1
4929536,73,1,1,0
1789608,73,1,0,1
2750424,73,1,1,0
716480,73,1,0,1
4244896,73,1,1,0
5716352,73,1,1,0
5069872,73,1,1,0
899312,73,1,1,0
6571680,73,1,0,1
4288832,73,1,1,0
565944,73,1,0,1
7048968,73,1,1,0
957328,73,1,1,0
691672,73,1,1,0
4037968,73,1,0,1
3471248,73,1,0,1
907448,73,1,0,1
3795920,73,1,1,0
3694360,73,1,0,1
1349096,73,1,1,0
8227592,73,1,1,0
1203248,73,1,1,0
403592,73,1,1,0
4028160,73,1,1,0
7233160,73,1,1,0
3484928,73,1,0,1
664200,73,1,0,1
2413424,73,1,0,1
4934496,73,1,0,1
403784,73,1,0,1
3303904,73,1,0,1
194096,73,1,0,1
4014472,73,1,0,1
1451632,73,1,1,0
1532952,73,1,0,1
900648,73,1,0,1
5628808,73,1,1,0
4334400,73,1,1,0
250904,73,1,1,0
5803392,73,1,1,0
5165008,73,1,1,0
428024,73,1,1,0
863600,73,1,1,0
1074640,73,1,1,0
856760,73,1,1,0
4368048,73,1,1,0
1790648,73,1,1,0
1078632,73,1,1,0
1424176,73,1,1,0
7049328,73,1,0,1
1937768,73,1,1,0
3298040,73,1,1,0
670592,73,1,1,0
6154728,73,1,1,0
4611144,73,1,1,0
741040,73,1,1,0
7009832,73,1,1,0
865456,73,1,0,1
3471080,73,1,0,1
1353720,73,1,0,1
1474512,73,1,1,0
5003464,73,1,1,0
1450808,73,1,1,0
4634312,73,1,0,1
3260816,73,1,0,1
1879008,73,1,0,1
366480,73,1,0,1
1049912,73,1,1,0
3341760,73,1,0,1
7212120,73,1,0,1
3237792,73,1,0,1
396896,73,1,0,1
7845128,73,1,1,0
4339920,73,1,1,0
785928,73,1,0,1
5393760,73,1,0,1
3522792,73,1,0,1
1520304,73,1,0,1
263640,73,1,1,0
6589200,73,1,0,1
3393768,73,1,1,0
5918976,73,1,1,0
8107848,73,1,1,0
7164744,73,1,0,1
3593016,73,1,0,1
460376,73,1,0,1
873256,73,1,1,0
4496136,73,1,1,0
661296,73,1,0,1
2391408,73,1,1,0
1042872,73,1,0,1
3057584,73,1,0,1
214576,73,1,1,0
5021968,73,1,1,0
3511344,73,1,0,1
7505736,73,1,0,1
943408,73,1,0,1
2696816,73,1,1,0
3516904,73,1,1,0
255040,73,1,1,0
5911680,73,1,1,0
2798584,73,1,1,0
6126592,73,1,1,0
1471032,73,1,0,1
940584,73,1,0,1
582680,73,1,1,0
2123080,73,1,1,0
6830160,73,1,1,0
5914008,73,1,1,0
552240,73,1,1,0
5278584,73,1,1,0
3402928,73,1,0,1
1192648,73,1,1,0
2727976,73,1,1,0
2989312,73,1,0,1
632488,73,1,0,1
442464,73,1,0,1
617440,73,1,1,0
7401648,73,1,0,1
539280,73,1,1,0
2034040,73,1,0,1
541264,73,1,1,0
226376,73,1,0,1
2633608,73,1,0,1
7277512,73,1,0,1
5887000,73,1,1,0
676560,73,1,1,0
654992,73,1,1,0
550888,73,1,0,1
8182736,74,1,1,0
276072,74,1,1,0
363032,74,1,1,0
5196608,74,1,1,0
581768,74,1,0,1
702600,74,1,0,1
1987992,74,1,1,0
4272968,74,1,0,1
678648,74,1,0,1
3194504,74,1,1,0
114632,74,1,1,0
1352352,74,1,0,1
6652104,74,1,0,1
2641592,74,1,1,0
3205408,74,1,1,0
1162520,74,1,1,0
3237072,74,1,1,0
7713048,74,1,1,0
3179944,74,1,0,1
4839120,74,1,1,0
794304,74,1,0,1
538000,74,1,1,0
1379480,74,1,0,1
682184,74,1,0,1
502224,74,1,1,0
1549656,74,1,0,1
2995952,74,1,1,0
1033216,74,1,1,0
207328,74,1,0,1
717504,74,1,1,0
5927344,74,1,0,1
543440,74,1,0,1
672416,74,1,1,0
6111072,74,1,0,1
3397016,74,1,0,1
1569128,74,1,1,0
166544,74,1,0,1
585112,74,1,0,1
6636736,74,1,1,0
1644656,74,1,1,0
3621744,74,1,0,1
4169904,74,1,1,0
1841120,74,1,0,1
1465840,74,1,1,0
6352256,74,1,1,0
724072,74,1,1,0
1711328,74,1,1,0
1796528,74,1,0,1
5779480,74,1,1,0
2257328,74,1,0,1
4320568,74,1,1,0
7526240,74,1,0,1
1530456,74,1,1,0
1150176,74,1,0,1
5321240,74,1,1,0
5882504,74,1,0,1
6984856,74,1,0,1
3478080,74,1,1,0
1215648,74,1,1,0
3850080,74,1,0,1
6236336,74,1,0,1
565128,74,1,1,0
4910944,74,1,0,1
8093072,74,1,1,0
486240,74,1,1,0
388800,74,1,1,0
5404104,74,1,0,1
309184,74,1,1,0
4610008,74,1,1,0
3414328,74,1,0,1
296464,74,1,0,1
2304768,74,1,1,0
2097024,74,1,0,1
5860352,74,1,1,0
925600,74,1,1,0
538456,74,1,1,0
636824,74,1,1,0
2961480,74,1,1,0
2100464,74,1,1,0
1776016,74,1,0,1
3127784,74,1,0,1
1271584,74,1,0,1
3194944,74,1,0,1
2133264,74,1,1,0
1992888,74,1,1,0
7344072,74,1,0,1
1511576,74,1,0,1
514776,74,1,1,0
5135088,74,1,1,0
4291168,74,1,1,0
6028000,74,1,0,1
1412984,74,1,0,1
750088,74,1,1,0
361952,74,1,1,0
5564872,74,1,1,0
7398832,74,1,1,0
7229112,74,1,1,0
763272,74,1,0,1
2771976,74,1,0,1
8099056,74,1,0,1
2484712,74,1,0,1
1035144,74,1,1,0
735984,74,1,0,1
6438472,74,1,1,0
647968,74,1,0,1
3400744,74,1,0,1
1813528,74,1,1,0
3004072,74,1,0,1
530928,74,1,0,1
7088112,74,1,1,0
2391712,74,1,0,1
804512,74,1,0,1
1094104,74,1,1,0
2568488,74,1,0,1
1173464,74,1,1,0
1317776,74,1,0,1
5458832,74,1,0,1
3566880,74,1,0,1
3716720,74,1,1,0
1649920,74,1,1,0
7554992,74,1,1,0
3991392,74,1,1,0
2491048,74,1,1,0
4334208,74,1,1,0
637880,74,1,0,1
1287872,74,1,0,1
1438928,74,1,0,1
7869712,74,1,0,1
7521600,74,1,0,1
7362232,74,1,0,1
3058208,74,1,0,1
6886968,74,1,0,1
2180544,74,1,1,0
8212184,74,1,0,1
1121560,74,1,0,1
751136,74,1,0,1
7619952,74,1,1,0
990120,74,1,0,1
1108584,74,1,1,0
3450096,74,1,1,0
4286848,74,1,0,1
3030104,74,1,0,1
1615224,74,1,0,1
2286512,74,1,1,0
596272,74,1,0,1
467688,74,1,0,1
2981272,74,1,0,1
4209672,74,1,0,1
916448,74,1,1,0
7390096,74,1,0,1
3225376,74,1,0,1
1927000,74,1,1,0
2960168,74,1,0,1
420824,74,1,1,0
5931312,74,1,0,1
5265184,74,1,1,0
5288736,74,1,0,1
8369864,74,1,0,1
1371320,74,1,1,0
6853800,74,1,1,0
188016,74,1,1,0
5682400,74,1,0,1
729064,74,1,0,1
1661072,74,1,1,0
2404400,74,1,1,0
775824,74,1,0,1
5884536,74,1,1,0
868760,74,1,0,1
1563904,74,1,1,0
4484640,74,1,0,1
1794000,74,1,1,0
1950408,74,1,0,1
7199896,74,1,1,0
754176,74,1,0,1
5687576,74,1,1,0
8182272,74,1,0,1
4991344,74,1,1,0
4073528,74,1,0,1
1597368,74,1,0,1
6957480,74,1,0,1
4208072,74,1,1,0
1313160,74,1,0,1
4108888,74,1,1,0
5611040,74,1,0,1
1136496,74,1,0,1
810704,74,1,1,0
5968440,74,1,0,1
8117232,74,1,0,1
679712,74,1,1,0
8252216,74,1,0,1
258288,74,1,1,0
658008,74,1,1,0
3085936,74,1,1,0
5930528,74,1,1,0
2669160,74,1,0,1
1542376,74,1,0,1
1632968,74,1,0,1
229216,74,1,1,0
1589184,74,1,1,0
8368792,74,1,0,1
690704,74,1,0,1
661624,74,1,1,0
622712,74,1,1,0
1371824,74,1,0,1
1025736,74,1,0,1
1062704,74,1,0,1
2874992,74,1,0,1
437648,74,1,1,0
360968,74,1,0,1
2772352,74,1,1,0
1457968,74,1,0,1
1981816,74,1,1,0
2451552,74,1,0,1
1943960,74,1,1,0
1689040,74,1,1,0
2272424,74,1,1,0
1386240,74,1,1,0
1803360,74,1,1,0
4425872,74,1,0,1
2030344,74,1,0,1
3688720,74,1,1,0
582160,74,1,0,1
1423976,74,1,0,1
7269952,74,1,1,0
4020872,74,1,1,0
166112,74,1,1,0
3097576,74,1,1,0
6575976,74,1,1,0
1544824,74,1,1,0
7207368,74,1,0,1
6073560,74,1,0,1
7579080,74,1,1,0
323968,74,1,1,0
6416448,74,1,0,1
2477888,74,1,0,1
2601952,74,1,0,1
1433864,74,1,1,0
5640216,74,1,1,0
3416208,74,1,1,0
729592,74,1,0,1
748632,74,1,1,0
4104528,74,1,0,1
416304,74,1,1,0
4728672,74,1,1,0
2552384,74,1,1,0
8017248,74,1,1,0
814008,74,1,1,0
663936,74,1,1,0
655160,74,1,0,1
7633536,74,1,0,1
610408,74,1,1,0
4113464,74,1,0,1
6031288,74,1,1,0
6888296,74,1,0,1
7580712,74,1,1,0
7899912,74,1,0,1
2281280,74,1,0,1
220360,74,1,0,1
2485040,74,1,0,1
5070016,74,1,0,1
2761608,74,1,0,1
7427312,74,1,1,0
6184544,74,1,1,0
253968,74,1,1,0
1612648,74,1,0,1
6637592,74,1,1,0
2102704,74,1,0,1
1746960,74,1,0,1
7301552,74,1,1,0
247280,74,1,0,1
229256,74,1,0,1
2192944,74,1,0,1
2861336,74,1,0,1
655696,74,1,0,1
978472,74,1,1,0
1823472,74,1,1,0
1304312,74,1,1,0
4886920,74,1,1,0
317216,74,1,0,1
1597520,74,1,0,1
3173760,74,1,1,0
1132736,74,1,1,0
8087784,74,1,1,0
864288,74,1,1,0
295528,74,1,1,0
368472,74,1,0,1
905792,74,1,0,1
1436344,74,1,0,1
1863896,74,1,1,0
1170408,74,1,0,1
2517896,74,1,1,0
583600,74,1,1,0
2437520,74,1,1,0
2353752,74,1,1,0
6323192,74,1,0,1
851936,74,1,0,1
113800,74,1,0,1
5313936,74,1,0,1
219256,74,1,1,0
5126656,74,1,0,1
2301832,74,1,0,1
2293248,74,1,1,0
4431600,74,1,1,0
4036320,74,1,1,0
5752008,74,1,1,0
5111600,74,1,0,1
7471616,74,1,1,0
233856,74,1,1,0
711920,74,1,1,0
7649376,74,1,0,1
3312120,74,1,0,1
519312,74,1,1,0
5640224,74,1,1,0
902288,74,1,1,0
6007824,74,1,0,1
1078824,74,1,0,1
1578824,74,1,0,1
4660976,74,1,0,1
5376136,74,1,1,0
427736,74,1,1,0
900680,74,1,0,1
4464200,74,1,0,1
577144,74,1,0,1
7378240,74,1,1,0
4946728,74,1,1,0
489416,74,1,1,0
1062240,74,1,0,1
2232184,74,1,0,1
5081048,74,1,0,1
1907696,74,1,0,1
1431008,74,1,1,0
1205744,74,1,0,1
3808904,74,1,1,0
2018832,74,1,0,1
2646632,74,1,1,0
4070328,74,1,1,0
5602296,74,1,1,0
1302680,74,1,1,0
645744,74,1,0,1
8325744,74,1,1,0
479408,74,1,0,1
2653136,74,1,0,1
6336632,74,1,1,0
2867864,74,1,0,1
1421680,74,1,0,1
6310392,74,1,1,0
7485144,74,1,1,0
546544,74,1,1,0
3027144,74,1,1,0
5222464,74,1,0,1
1970152,74,1,0,1
5166000,74,1,0,1
220656,74,1,0,1
2062600,74,1,0,1
5120656,74,1,0,1
2774736,74,1,1,0
7919272,74,1,1,0
5475800,74,1,1,0
406224,74,1,0,1
6972496,74,1,1,0
7047600,74,1,0,1
1339784,74,1,0,1
2978040,74,1,0,1
3430824,74,1,0,1
1199920,74,1,0,1
526344,74,1,0,1
386256,74,1,0,1
129120,74,1,1,0
795088,74,1,1,0
1761776,74,1,0,1
1160848,74,1,0,1
6213256,74,1,0,1
2905472,74,1,1,0
1181144,74,1,1,0
3199048,74,1,1,0
4731296,74,1,0,1
2758040,74,1,0,1
2370896,74,1,1,0
7225128,74,1,0,1
5965456,74,1,0,1
4500424,74,1,1,0
2884560,74,1,0,1
1188336,74,1,0,1
726112,74,1,0,1
4697768,74,1,1,0
633080,74,1,0,1
1278608,74,1,1,0
158312,74,1,1,0
1658880,74,1,0,1
3943408,74,1,0,1
1380528,74,1,0,1
6842920,74,1,0,1
5105208,74,1,1,0
2796928,74,1,1,0
562840,74,1,1,0
3565512,74,1,0,1
1400064,74,1,0,1
739824,74,1,0,1
4175776,74,1,1,0
2771624,74,1,1,0
6661984,74,1,1,0
1931864,74,1,0,1
5533528,74,1,1,0
7400176,74,1,1,0
1196784,74,1,1,0
3202264,74,1,1,0
2432992,74,1,1,0
2943176,74,1,1,0
7278424,74,1,1,0
380088,74,1,0,1
6355312,74,1,0,1
6419624,74,1,1,0
1305080,74,1,0,1
2422256,74,1,1,0
3896128,74,1,1,0
1709000,74,1,1,0
3634376,74,1,1,0
4130976,74,1,0,1
400488,74,1,0,1
694104,74,1,1,0
7626656,74,1,0,1
672488,74,1,0,1
3469312,74,1,1,0
587864,74,1,1,0
2541120,74,1,1,0
7647024,74,1,1,0
8308016,74,1,1,0
3353320,74,1,1,0
2698608,74,1,0,1
473048,74,1,0,1
2536904,74,1,0,1
4788512,74,1,1,0
2461656,74,1,1,0
1740416,74,1,0,1
2642624,74,1,1,0
8312600,74,1,1,0
3474408,74,1,1,0
4833248,74,1,1,0
1077936,74,1,1,0
483512,74,1,1,0
2797376,74,1,0,1
2054208,74,1,0,1
1590104,74,1,1,0
3960376,74,1,0,1
384736,74,1,1,0
4395688,74,1,1,0
3451224,74,1,1,0
1664680,74,1,1,0
5969928,74,1,0,1
5800576,74,1,1,0
5392264,74,1,0,1
5221272,74,1,0,1
7653480,74,1,0,1
6403624,74,1,0,1
3782512,74,1,0,1
1608088,74,1,0,1
516272,74,1,0,1
4038024,74,1,0,1
701136,74,1,1,0
454000,74,1,0,1
3425848,74,1,0,1
1039200,74,1,1,0
7805512,74,1,1,0
6519400,74,1,1,0
1966696,74,1,1,0
3183520,74,1,0,1
1518856,74,1,0,1
4866392,74,1,1,0
1145424,74,1,1,0
2359544,74,1,1,0
4240032,74,1,0,1
2995984,74,1,1,0
2595392,74,1,0,1
437000,74,1,1,0
4207680,74,1,1,0
4187704,74,1,0,1
4988536,74,1,0,1
1683544,74,1,0,1
802728,74,1,1,0
3365952,74,1,1,0
573208,74,1,0,1
259624,74,1,0,1
2458464,74,1,0,1
853376,74,1,0,1
305248,74,1,0,1
877440,74,1,0,1
4351072,74,1,1,0
1315784,74,1,1,0
1301696,74,1,0,1
1429024,74,1,0,1
5908656,74,1,0,1
1476520,74,1,1,0
118344,74,1,0,1
1229360,74,1,0,1
765896,74,1,0,1
3303152,74,1,1,0
1035304,74,1,0,1
453232,74,1,0,1
1855120,74,1,1,0
2116040,74,1,1,0
4950632,74,1,1,0
6144912,74,1,0,1
1398480,74,1,0,1
674448,74,1,0,1
342824,74,1,0,1
517368,74,1,0,1
1753896,74,1,0,1
2019056,74,1,0,1
893672,74,1,0,1
1436848,74,1,0,1
2266064,74,1,1,0
555392,74,1,1,0
2691128,74,1,1,0
6449136,74,1,0,1
6166896,74,1,0,1
617568,74,1,1,0
1625656,74,1,0,1
1135976,74,1,1,0
5840104,74,1,0,1
437064,74,1,1,0
4771072,74,1,0,1
2287904,74,1,1,0
2640992,74,1,1,0
314600,74,1,1,0
2447112,74,1,0,1
3875120,74,1,0,1
1529616,74,1,1,0
3870552,74,1,0,1
8312088,74,1,1,0
7801280,74,1,0,1
911536,74,1,1,0
3278336,74,1,1,0
5532024,74,1,1,0
2089264,74,1,0,1
4269664,74,1,1,0
5152696,74,1,1,0
1041704,74,1,1,0
4738048,74,1,1,0
8024648,74,1,1,0
3414048,74,1,1,0
292160,74,1,0,1
7253344,74,1,1,0
702608,74,1,1,0
4103248,74,1,0,1
1472424,74,1,0,1
1418680,74,1,0,1
758320,74,1,1,0
6930216,74,1,1,0
8243464,74,1,1,0
3543560,74,1,1,0
1203712,74,1,0,1
911920,74,1,1,0
1714552,74,1,0,1
7948968,74,1,0,1
775464,74,1,1,0
7085048,74,1,0,1
5701152,74,1,0,1
256560,74,1,0,1
3744400,74,1,0,1
64672,74,1,0,1
2236488,74,1,0,1
6971696,74,1,1,0
4531128,74,1,0,1
2632912,74,1,0,1
3816464,74,1,1,0
269112,74,1,1,0
2242424,74,1,1,0
622688,74,1,0,1
2688352,74,1,0,1
3125720,74,1,0,1
3830768,74,1,1,0
3816512,74,1,0,1
7047656,74,1,0,1
835048,74,1,0,1
2996704,74,1,1,0
1667128,74,1,1,0
518160,74,1,1,0
1577120,74,1,0,1
222392,74,1,0,1
7090760,74,1,0,1
4658360,74,1,0,1
638120,74,1,1,0
508288,74,1,0,1
7194392,74,1,0,1
6339752,74,1,1,0
2526008,74,1,1,0
2058584,74,1,1,0
739992,74,1,1,0
3045440,74,1,0,1
821864,74,1,1,0
2763256,74,1,1,0
7852424,74,1,0,1
598680,74,1,0,1
6710056,74,1,1,0
3415344,74,1,0,1
2975712,74,1,0,1
1583856,74,1,1,0
1963184,74,1,0,1
534080,74,1,1,0
1487616,74,1,1,0
6180720,74,1,1,0
3574360,74,1,1,0
4895768,74,1,1,0
1575456,74,1,1,0
1984944,74,1,0,1
909840,74,1,1,0
1152072,74,1,0,1
7950640,74,1,0,1
4713400,74,1,0,1
363792,74,1,0,1
2883936,74,1,1,0
1315664,74,1,1,0
387640,74,1,0,1
3689528,74,1,0,1
7568824,74,1,0,1
1010256,74,1,0,1
1865752,74,1,1,0
7016608,74,1,1,0
1372432,74,1,1,0
6424760,74,1,1,0
947064,74,1,1,0
5540872,74,1,0,1
1014880,74,1,1,0
1981928,74,1,1,0
550424,74,1,0,1
3521928,74,1,1,0
2593712,74,1,1,0
5026784,74,1,0,1
970872,74,1,0,1
3005936,74,1,0,1
456920,74,1,0,1
637168,74,1,1,0
7258656,74,1,1,0
8179352,74,1,0,1
292888,74,1,1,0
304992,74,1,0,1
220352,74,1,0,1
2755008,74,1,0,1
3129560,74,1,0,1
1393064,74,1,0,1
426688,74,1,0,1
145584,74,1,0,1
3574088,74,1,1,0
1401352,74,1,1,0
6705312,74,1,1,0
591304,74,1,0,1
3577408,74,1,1,0
2653816,74,1,1,0
331448,74,1,0,1
2178192,74,1,1,0
1170288,74,1,1,0
4132680,74,1,1,0
939016,74,1,1,0
1121944,74,1,1,0
6192672,74,1,0,1
1035384,74,1,0,1
4633904,74,1,1,0
1278360,74,1,1,0
1797008,74,1,0,1
1872016,74,1,1,0
218968,74,1,1,0
2767464,74,1,0,1
521112,74,1,1,0
715368,74,1,1,0
6987264,74,1,1,0
822728,74,1,1,0
2062472,74,1,0,1
6720208,74,1,0,1
459480,74,1,0,1
2465712,74,1,1,0
1071320,74,1,1,0
422736,74,1,1,0
4693680,74,1,0,1
826976,74,1,1,0
3307552,74,1,0,1
6625680,74,1,1,0
436784,74,1,1,0
3054920,74,1,0,1
1226696,74,1,0,1
2923000,74,1,1,0
3282264,74,1,0,1
8215944,74,1,0,1
1306032,74,1,1,0
5980296,74,1,1,0
682976,74,1,0,1
1767560,74,1,0,1
5361072,74,1,1,0
1388504,74,1,0,1
266968,74,1,1,0
366440,74,1,1,0
1274728,74,1,0,1
1831472,74,1,1,0
2179160,74,1,1,0
1925112,74,1,0,1
2233464,74,1,1,0
932160,74,1,0,1
1519216,74,1,0,1
1386032,74,1,1,0
7395432,74,1,1,0
2766408,74,1,1,0
967136,74,1,1,0
6050112,74,1,0,1
726032,74,1,0,1
195496,74,1,1,0
3460840,74,1,0,1
638456,74,1,1,0
3211128,74,1,1,0
603144,74,1,1,0
3729400,74,1,1,0
429552,74,1,1,0
1063216,74,1,0,1
422784,74,1,1,0
1315024,74,1,0,1
3854392,74,1,0,1
1874744,74,1,0,1
1115472,74,1,1,0
1468480,74,1,1,0
8292464,74,1,0,1
5399240,74,1,1,0
2881320,74,1,1,0
6353464,74,1,0,1
2325016,74,1,0,1
761312,74,1,0,1
2357440,74,1,1,0
1322944,74,1,0,1
547584,74,1,0,1
1944776,74,1,1,0
1336528,74,1,0,1
5515648,74,1,1,0
4475648,74,1,1,0
1540264,74,1,0,1
1271968,74,1,0,1
5434632,74,1,1,0
5045080,74,1,0,1
984472,74,1,1,0
2650304,74,1,1,0
3116968,74,1,1,0
2094720,74,1,0,1
7505696,74,1,1,0
3687952,74,1,0,1
8060200,74,1,1,0
2192520,74,1,0,1
2579056,74,1,1,0
6356944,74,1,1,0
943896,74,1,1,0
4076352,74,1,1,0
3128632,74,1,1,0
2347888,74,1,1,0
1945664,74,1,0,1
735752,74,1,0,1
704064,74,1,1,0
139576,74,1,1,0
265808,74,1,1,0
341488,74,1,0,1
253168,74,1,1,0
540216,74,1,1,0
1463776,74,1,1,0
2115432,74,1,0,1
682752,74,1,1,0
8093736,74,1,1,0
2357736,74,1,1,0
3249184,74,1,1,0
6941776,74,1,1,0
175168,74,1,0,1
919504,74,1,0,1
3909352,74,1,0,1
2242888,74,1,1,0
6993216,74,1,1,0
503744,74,1,0,1
769096,74,1,0,1
976616,74,1,1,0
1881320,74,1,1,0
384096,74,1,1,0
238560,74,1,0,1
2287688,74,1,1,0
1127528,74,1,1,0
1577600,74,1,0,1
3147176,74,1,1,0
2702752,74,1,1,0
338864,74,1,0,1
1014304,74,1,1,0
559744,74,1,1,0
1759216,74,1,1,0
1897928,74,1,1,0
7430824,74,1,1,0
569776,74,1,1,0
1354088,74,1,1,0
3910424,74,1,1,0
4685392,74,1,0,1
917864,74,1,1,0
3596032,74,1,0,1
7100712,74,1,1,0
1424472,74,1,0,1
1354344,74,1,1,0
6970824,74,1,1,0
8141424,74,1,1,0
7196256,74,1,1,0
1440240,74,1,0,1
7285072,74,1,0,1
229128,74,1,0,1
4950608,74,1,1,0
7429368,74,1,0,1
4055480,74,1,0,1
2565288,74,1,0,1
3714192,74,1,1,0
4285136,74,1,1,0
7418552,74,1,0,1
3722528,74,1,1,0
2645568,74,1,0,1
1178584,74,1,0,1
7225560,74,1,0,1
333312,74,1,1,0
3167584,74,1,0,1
1576960,74,1,1,0
6073904,74,1,0,1
2033728,74,1,0,1
7129776,74,1,0,1
5966720,74,1,0,1
559128,74,1,1,0
3167392,74,1,0,1
1875328,74,1,0,1
4947112,74,1,1,0
367640,74,1,1,0
7276632,74,1,0,1
3967704,74,1,1,0
593432,74,1,1,0
612600,74,1,1,0
7102288,74,1,0,1
4575760,74,1,1,0
2032400,74,1,1,0
1648704,74,1,0,1
5168216,74,1,0,1
1159720,74,1,0,1
3731448,74,1,0,1
1257024,74,1,0,1
1477968,74,1,0,1
1608168,74,1,0,1
591360,74,1,1,0
6706720,74,1,0,1
7780240,74,1,1,0
7619664,74,1,0,1
1800744,74,1,0,1
413016,74,1,0,1
669472,74,1,0,1
5483312,74,1,0,1
4495256,74,1,1,0
5013768,74,1,1,0
1750128,74,1,0,1
3040208,74,1,1,0
984984,74,1,0,1
7762640,74,1,1,0
214608,74,1,0,1
7112064,74,1,1,0
7973416,74,1,0,1
2099176,74,1,0,1
925832,74,1,0,1
407264,74,1,0,1
3851544,74,1,1,0
5200072,74,1,1,0
979008,74,1,1,0
372744,74,1,1,0
8325496,74,1,1,0
243400,74,1,1,0
2497824,74,1,1,0
487592,74,1,0,1
5591432,74,1,1,0
7970776,74,1,1,0
1869520,74,1,0,1
5907120,74,1,0,1
5038312,74,1,0,1
4701200,74,1,1,0
7689448,74,1,1,0
1495472,74,1,1,0
885088,74,1,1,0
469696,74,1,1,0
547080,74,1,0,1
3053080,74,1,0,1
421368,74,1,0,1
2420728,74,1,0,1
2073280,74,1,1,0
5395008,74,1,0,1
1797240,74,1,1,0
6044392,74,1,1,0
3234520,74,1,0,1
392800,74,1,1,0
2053000,74,1,1,0
3463312,74,1,1,0
3991936,74,1,0,1
102144,74,1,0,1
526760,74,1,1,0
7544200,74,1,0,1
3699184,74,1,1,0
4621760,74,1,0,1
4807600,74,1,0,1
2383848,74,1,0,1
384152,74,1,0,1
828432,74,1,1,0
4427168,74,1,1,0
7991504,74,1,0,1
7712056,74,1,0,1
7429704,74,1,0,1
1127328,74,1,1,0
7045808,74,1,1,0
2501248,74,1,1,0
1281648,74,1,0,1
1928800,74,1,1,0
1751856,74,1,1,0
3184656,74,1,0,1
414672,74,1,1,0
3971464,74,1,1,0
2479848,74,1,0,1
7224136,74,1,0,1
1030176,74,1,1,0
2264400,74,1,1,0
4857136,74,1,1,0
1332432,74,1,1,0
6924240,74,1,1,0
66936,74,1,0,1
2340856,74,1,1,0
682776,74,1,1,0
1529456,74,1,1,0
1772088,74,1,0,1
3200944,74,1,1,0
6377392,74,1,0,1
1794912,74,1,0,1
3782976,74,1,1,0
1410992,74,1,1,0
427424,74,1,1,0
2454024,74,1,1,0
7355376,74,1,0,1
1498488,74,1,0,1
484912,74,1,1,0
926120,74,1,0,1
3600040,74,1,0,1
3319600,74,1,0,1
2676784,74,1,0,1
4038680,74,1,0,1
2309296,74,1,1,0
2464512,74,1,1,0
6090128,74,1,1,0
150376,74,1,0,1
4482656,74,1,1,0
5865480,74,1,0,1
5367096,74,1,0,1
1016032,74,1,0,1
1546992,74,1,1,0
2127616,74,1,0,1
4209264,74,1,1,0
1322336,74,1,1,0
2315376,74,1,1,0
2328168,74,1,1,0
242048,74,1,0,1
6656472,74,1,1,0
1127792,74,1,0,1
4655640,74,1,0,1
1910704,74,1,0,1
5279200,74,1,1,0
5187792,74,1,1,0
917096,74,1,0,1
874760,74,1,0,1
697824,74,1,0,1
7844016,74,1,0,1
1012808,74,1,0,1
6607408,74,1,0,1
408848,74,1,1,0
440104,74,1,1,0
421104,74,1,1,0
3495288,74,1,1,0
5334864,74,1,1,0
5377336,74,1,1,0
1096480,74,1,1,0
1133296,74,1,0,1
2198192,74,1,0,1
6069640,74,1,1,0
1177728,74,1,1,0
5532816,74,1,1,0
4135224,74,1,1,0
2439472,74,1,0,1
348440,74,1,1,0
4837496,74,1,1,0
4738936,74,1,0,1
991720,74,1,0,1
187016,74,1,1,0
4191840,74,1,1,0
1485296,74,1,0,1
2899024,74,1,0,1
3982792,74,1,1,0
3446136,74,1,0,1
1695272,74,1,0,1
1214840,74,1,0,1
5258032,74,1,1,0
8215160,74,1,0,1
361112,74,1,0,1
860272,74,1,0,1
5868096,74,1,0,1
5467040,74,1,0,1
2593544,74,1,0,1
349096,74,1,1,0
3196648,74,1,1,0
794856,74,1,0,1
2911592,74,1,1,0
1473088,74,1,1,0
364280,74,1,1,0
291008,74,1,0,1
1904672,74,1,1,0
1693664,74,1,1,0
2701160,74,1,0,1
2991320,74,1,1,0
205352,74,1,1,0
355056,74,1,1,0
7372832,74,1,0,1
5926168,74,1,1,0
7441344,74,1,0,1
1149968,74,1,0,1
632728,74,1,1,0
7276496,74,1,0,1
3998000,74,1,0,1
684272,74,1,1,0
7988584,74,1,0,1
2851288,74,1,1,0
4099144,74,1,0,1
2153576,74,1,0,1
2142664,74,1,0,1
727992,74,1,0,1
373752,74,1,0,1
1918352,74,1,1,0
2752520,74,1,0,1
6812888,74,1,1,0
1946592,74,1,0,1
516360,74,1,1,0
7388480,74,1,1,0
982976,74,1,1,0
6160096,74,1,1,0
5850408,74,1,0,1
2041888,74,1,1,0
4996168,74,1,0,1
2785472,74,1,0,1
5060784,74,1,1,0
2044488,74,1,1,0
4638600,74,1,0,1
3843976,74,1,0,1
711480,74,1,0,1
164152,74,1,1,0
5539120,74,1,1,0
6765632,74,1,1,0
309520,74,1,1,0
5753832,74,1,1,0
115280,74,1,0,1
573240,74,1,0,1
6143792,74,1,1,0
4233504,74,1,0,1
1817584,74,1,0,1
8225952,74,1,1,0
623768,74,1,1,0
7397696,74,1,1,0
5179112,74,1,1,0
4916632,74,1,1,0
4804184,74,1,1,0
1905032,74,1,0,1
4884608,74,1,1,0
1275856,74,1,1,0
1581368,74,1,0,1
1626032,74,1,1,0
2882752,74,1,0,1
3188608,74,1,0,1
322136,74,1,1,0
1561056,74,1,1,0
3189248,74,1,0,1
1254136,74,1,1,0
5200248,74,1,1,0
8301712,74,1,0,1
3809256,74,1,1,0
1554000,74,1,0,1
1065400,74,1,1,0
341328,74,1,1,0
4215976,74,1,0,1
7619304,74,1,1,0
4618528,74,1,0,1
7111288,74,1,1,0
7445496,74,1,0,1
3047984,74,1,0,1
8079712,74,1,1,0
6298632,74,1,0,1
7115592,74,1,0,1
3217248,74,1,1,0
2879896,74,1,0,1
7021616,74,1,0,1
709752,74,1,0,1
3302360,74,1,1,0
114200,74,1,1,0
256824,74,1,0,1
985584,74,1,0,1
2784424,74,1,0,1
1014720,74,1,1,0
317056,74,1,0,1
981328,74,1,0,1
3477536,74,1,0,1
4400192,74,1,1,0
325664,74,1,1,0
313624,74,1,0,1
269672,74,1,0,1
482880,74,1,1,0
7338288,74,1,1,0
1381512,74,1,0,1
1987616,74,1,1,0
374784,74,1,0,1
1106152,74,1,1,0
943280,74,1,0,1
1524624,74,1,0,1
3319696,74,1,1,0
883808,74,1,1,0
1012248,74,1,0,1
6132360,74,1,0,1
153840,74,1,0,1
4398640,74,1,1,0
2839432,74,1,1,0
142832,74,1,1,0
3428856,74,1,1,0
1035712,74,1,0,1
385216,74,1,0,1
1511592,74,1,1,0
5936296,74,1,0,1
2133880,74,1,0,1
4220176,74,1,0,1
5134304,74,1,0,1
2108168,74,1,0,1
657744,74,1,0,1
5400048,74,1,0,1
2045792,74,1,1,0
7902760,74,1,0,1
1031408,74,1,0,1
4064960,74,1,1,0
2026240,74,1,0,1
2170656,74,1,0,1
2359336,74,1,0,1
4285840,74,1,0,1
330424,74,1,1,0
6327536,74,1,0,1
1313008,74,1,0,1
6773544,74,1,0,1
4233208,74,1,0,1
351936,74,1,0,1
1300872,74,1,0,1
1193192,74,1,1,0
2904416,74,1,1,0
2042208,74,1,1,0
7815480,74,1,1,0
1751816,74,1,1,0
547240,74,1,0,1
1110088,74,1,1,0
1615448,74,1,0,1
304560,74,1,1,0
764848,74,1,0,1
4336840,74,1,1,0
1852672,74,1,1,0
1269784,74,1,0,1
1957664,74,1,0,1
6408824,74,1,1,0
1473784,74,1,1,0
7591432,74,1,1,0
5841432,74,1,1,0
7140216,74,1,1,0
4550320,74,1,0,1
2178416,74,1,0,1
7671304,74,1,1,0
7217936,74,1,1,0
2533032,74,1,0,1
813024,74,1,1,0
1670000,74,1,1,0
1059888,74,1,0,1
1315856,74,1,0,1
1923392,74,1,1,0
384472,74,1,0,1
3783440,74,1,1,0
2077312,74,1,0,1
5043048,74,1,0,1
7640624,74,1,1,0
8186760,74,1,1,0
7880968,74,1,0,1
5768928,74,1,0,1
1333000,74,1,1,0
5209056,74,1,1,0
3697328,74,1,1,0
1658176,74,1,0,1
1744872,74,1,0,1
5878672,74,1,0,1
5681736,74,1,0,1
684936,74,1,1,0
1835264,74,1,1,0
906320,74,1,0,1
4488464,74,1,1,0
2005224,74,1,1,0
608536,74,1,1,0
2336792,74,1,0,1
3184984,74,1,1,0
259912,74,1,0,1
4381912,74,1,0,1
1594576,74,1,0,1
924248,74,1,0,1
5268736,74,1,1,0
1174056,74,1,0,1
2635400,74,1,1,0
3268816,74,1,0,1
1527336,74,1,0,1
4279432,74,1,1,0
577272,74,1,0,1
931064,74,1,0,1
3426304,74,1,1,0
7412424,74,1,0,1
1508784,74,1,0,1
7447920,74,1,0,1
1229488,74,1,1,0
2780608,74,1,0,1
926368,74,1,1,0
2537160,74,1,1,0
2731272,74,1,0,1
1582840,74,1,1,0
2543192,74,1,0,1
295680,74,1,1,0
7434712,74,1,1,0
5435480,74,1,1,0
294368,74,1,0,1
2464240,74,1,0,1
278352,74,1,1,0
6785704,74,1,0,1
8353096,74,1,0,1
2568792,74,1,0,1
1638056,74,1,0,1
3632064,74,1,0,1
252424,74,1,1,0
8136192,74,1,1,0
1027160,74,1,1,0
150896,74,1,1,0
7865904,74,1,1,0
4303688,74,1,0,1
4024792,74,1,1,0
715448,74,1,0,1
614944,74,1,0,1
1848888,74,1,0,1
7247880,74,1,0,1
878656,74,1,0,1
1142768,74,1,0,1
5063736,74,1,0,1
1848032,74,1,0,1
2654456,74,1,0,1
4032864,74,1,1,0
3341248,74,1,0,1
5050688,74,1,0,1
6794776,74,1,0,1
2632672,74,1,0,1
5646080,74,1,0,1
369768,74,1,1,0
3995176,74,1,1,0
1542960,74,1,1,0
2675976,74,1,0,1
4665296,74,1,1,0
5809128,74,1,1,0
1953600,74,1,0,1
5133016,74,1,0,1
3459120,74,1,1,0
7615360,74,1,1,0
894920,74,1,0,1
1066248,74,1,1,0
528336,74,1,0,1
3018800,74,1,1,0
1105920,74,1,0,1
604512,74,1,1,0
261776,74,1,0,1
5238736,74,1,1,0
1782736,74,1,0,1
4657568,74,1,1,0
3470720,74,1,0,1
717040,74,1,0,1
2039920,74,1,0,1
836920,74,1,1,0
5793232,74,1,1,0
3903992,74,1,1,0
338144,74,1,0,1
1429384,74,1,0,1
4619800,74,1,1,0
1543704,74,1,0,1
6580936,74,1,1,0
7556984,74,1,1,0
2784984,74,1,1,0
2210808,74,1,0,1
268616,74,1,1,0
6148032,74,1,1,0
1998000,74,1,0,1
3061552,74,1,1,0
3666248,74,1,0,1
3956416,74,1,1,0
1830672,74,1,1,0
1058128,74,1,1,0
4874024,74,1,0,1
1563704,74,1,0,1
2848672,74,1,0,1
808144,74,1,1,0
2360144,74,1,1,0
364704,74,1,0,1
4391288,74,1,0,1
4750976,74,1,1,0
4231168,74,1,0,1
321496,74,1,0,1
92168,74,1,0,1
4694216,74,1,1,0
2123632,74,1,1,0
5275512,74,1,1,0
7337064,74,1,1,0
2509704,74,1,1,0
153664,74,1,0,1
1980840,74,1,1,0
569528,74,1,1,0
3711176,74,1,1,0
4701112,74,1,1,0
1096960,74,1,1,0
2278696,74,1,1,0
1053720,74,1,1,0
3323448,74,1,1,0
5978784,74,1,1,0
5971856,74,1,0,1
5356880,74,1,0,1
2935520,74,1,1,0
6424736,74,1,0,1
4537312,74,1,0,1
4305752,74,1,0,1
532976,74,1,1,0
8152992,74,1,1,0
6773880,74,1,0,1
5386824,74,1,1,0
7516920,74,1,1,0
3654016,74,1,1,0
4914056,74,1,0,1
2723704,74,1,1,0
5141216,74,1,0,1
5165224,74,1,1,0
5877240,74,1,1,0
7842176,74,1,0,1
3109136,74,1,0,1
2555872,74,1,0,1
404232,74,1,0,1
125768,74,1,0,1
900632,74,1,1,0
2669800,74,1,1,0
6656536,74,1,0,1
7067440,74,1,0,1
2019520,74,1,0,1
2684016,74,1,0,1
6056384,74,1,0,1
1460832,74,1,1,0
2578976,74,1,0,1
4914672,74,1,0,1
4640088,74,1,0,1
3743616,74,1,1,0
5181544,74,1,0,1
5365680,74,1,0,1
6376896,74,1,1,0
2096240,74,1,0,1
694240,74,1,0,1
1656368,74,1,1,0
177392,74,1,0,1
552080,74,1,0,1
6660864,74,1,1,0
449184,74,1,0,1
2615504,74,1,0,1
2083272,74,1,0,1
1705008,74,1,1,0
5949424,74,1,1,0
666088,74,1,1,0
4535536,74,1,1,0
883120,74,1,0,1
7209376,74,1,0,1
296896,74,1,0,1
2095768,74,1,1,0
376672,74,1,1,0
7467272,74,1,0,1
489224,74,1,1,0
805728,74,1,1,0
112512,74,1,1,0
814320,74,1,1,0
479288,74,1,0,1
7137848,74,1,0,1
3078664,74,1,0,1
1487384,74,1,1,0
6276856,74,1,0,1
2291944,74,1,1,0
789224,74,1,1,0
4342360,74,1,1,0
2664296,74,1,1,0
3501024,74,1,1,0
1913968,74,1,0,1
970192,74,1,0,1
3490936,74,1,0,1
4312064,74,1,0,1
6141480,74,1,1,0
338256,74,1,1,0
571944,74,1,0,1
1745328,74,1,0,1
4644696,74,1,1,0
5252432,74,1,1,0
2365200,74,1,0,1
2494728,74,1,1,0
3518600,74,1,1,0
7921720,74,1,1,0
3045952,74,1,1,0
238112,74,1,1,0
4722144,74,1,0,1
423032,74,1,1,0
4113840,74,1,1,0
4200504,74,1,1,0
4003592,74,1,0,1
364408,74,1,0,1
6330984,74,1,0,1
3558304,74,1,0,1
414128,74,1,1,0
1733416,74,1,0,1
1065728,74,1,1,0
4372952,74,1,0,1
7189312,74,1,0,1
6810528,74,1,0,1
1422208,74,1,0,1
5852880,74,1,1,0
3757272,74,1,0,1
1786712,74,1,0,1
1616456,74,1,1,0
851144,74,1,1,0
2646912,74,1,1,0
1154656,74,1,0,1
6168728,74,1,0,1
5375184,74,1,0,1
2138288,74,1,1,0
4711064,74,1,1,0
4614856,74,1,0,1
4109592,74,1,0,1
5681120,74,1,0,1
3450592,74,1,1,0
492464,74,1,1,0
1061760,74,1,1,0
4814856,74,1,0,1
1154096,74,1,0,1
2997792,74,1,1,0
4152792,74,1,0,1
4743008,74,1,1,0
5984384,74,1,1,0
6497848,74,1,0,1
1051808,74,1,1,0
5005280,74,1,1,0
3723024,74,1,0,1
377264,74,1,0,1
461640,74,1,1,0
1561624,74,1,1,0
1184024,74,1,1,0
7421472,74,1,1,0
219648,74,1,1,0
6785616,74,1,1,0
4053880,74,1,1,0
612544,74,1,1,0
4101408,74,1,0,1
4561328,74,1,0,1
3955936,74,1,0,1
1633872,74,1,1,0
1853096,74,1,0,1
2046504,74,1,1,0
459040,74,1,0,1
7106328,74,1,0,1
1251032,74,1,0,1
2960440,74,1,1,0
3223832,74,1,1,0
1770800,74,1,1,0
3599488,74,1,1,0
1482712,74,1,1,0
1503848,74,1,0,1
3244640,74,1,0,1
3918584,74,1,0,1
1199864,74,1,0,1
4821352,74,1,1,0
2176880,74,1,1,0
2155032,74,1,1,0
6188328,74,1,1,0
424816,74,1,0,1
1797584,74,1,0,1
971904,74,1,1,0
4635336,74,1,0,1
651384,74,1,1,0
811920,74,1,1,0
2420240,74,1,0,1
6394184,74,1,1,0
5220648,74,1,1,0
5306584,74,1,0,1
1742912,74,1,1,0
693704,74,1,0,1
838448,74,1,0,1
2985384,74,1,1,0
433952,74,1,0,1
1001848,74,1,1,0
138664,74,1,0,1
383744,74,1,0,1
634520,74,1,0,1
328360,74,1,0,1
448168,74,1,1,0
1732240,74,1,0,1
2551480,74,1,1,0
2484336,74,1,1,0
5369136,74,1,0,1
1213736,74,1,1,0
2705224,74,1,1,0
614792,74,1,1,0
1569280,74,1,0,1
6447568,74,1,0,1
7803848,74,1,1,0
3559368,74,1,0,1
1258352,74,1,1,0
1825232,74,1,0,1
2966224,74,1,1,0
1088104,74,1,1,0
287768,74,1,0,1
966112,74,1,0,1
1365064,74,1,0,1
1148824,74,1,1,0
1026168,74,1,1,0
2137176,74,1,0,1
4627360,74,1,0,1
1554160,74,1,0,1
174328,74,1,0,1
2274680,74,1,0,1
527376,74,1,0,1
5785664,74,1,0,1
4007952,74,1,0,1
7119512,74,1,0,1
5300400,74,1,0,1
4225672,74,1,0,1
7854168,74,1,0,1
956136,74,1,1,0
657920,74,1,0,1
261088,74,1,1,0
6091808,74,1,1,0
7671472,74,1,0,1
3567320,74,1,0,1
1223496,74,1,0,1
611848,74,1,0,1
2095704,74,1,1,0
5014192,74,1,1,0
603168,74,1,0,1
1418376,74,1,1,0
6235640,74,1,1,0
4036152,74,1,0,1
8261056,74,1,1,0
751160,74,1,1,0
5324224,74,1,1,0
4565536,74,1,0,1
1431488,74,1,0,1
1689128,74,1,0,1
1147096,74,1,1,0
947224,74,1,0,1
5029904,74,1,0,1
257112,74,1,0,1
1181456,74,1,1,0
2211536,74,1,0,1
336400,74,1,0,1
5149872,74,1,1,0
368960,74,1,0,1
8260512,74,1,0,1
1100504,74,1,0,1
2951120,74,1,1,0
393536,74,1,0,1
5156480,74,1,0,1
7344688,74,1,0,1
2837600,74,1,0,1
1044144,74,1,0,1
2435248,74,1,1,0
469896,74,1,1,0
6438256,74,1,0,1
7147064,74,1,1,0
1688248,74,1,1,0
3336832,74,1,0,1
3711720,74,1,0,1
4612376,74,1,0,1
912272,74,1,1,0
2847840,74,1,0,1
6323848,74,1,0,1
5856368,74,1,0,1
1401776,74,1,1,0
2016864,74,1,0,1
212592,74,1,1,0
1702072,74,1,0,1
639128,74,1,1,0
2108640,74,1,0,1
556016,74,1,0,1
592024,74,1,1,0
2427472,74,1,1,0
904576,74,1,1,0
5041328,74,1,0,1
5779552,74,1,1,0
1870920,74,1,1,0
597216,74,1,0,1
4188320,74,1,1,0
519240,74,1,1,0
951952,74,1,1,0
891480,74,1,1,0
1866544,74,1,1,0
906736,74,1,0,1
5147168,74,1,0,1
6613616,74,1,1,0
8223640,74,1,0,1
399808,74,1,0,1
180592,74,1,1,0
3293464,74,1,1,0
1424480,74,1,0,1
1691440,74,1,1,0
6971328,74,1,1,0
7417032,74,1,0,1
3648616,74,1,1,0
934920,74,1,1,0
4071272,74,1,0,1
4496424,74,1,1,0
100232,74,1,1,0
1261856,74,1,1,0
1418160,74,1,1,0
5565312,74,1,1,0
3277744,74,1,0,1
8310784,74,1,0,1
2935976,74,1,1,0
2029824,74,1,0,1
4804840,74,1,0,1
1675416,74,1,0,1
6871168,74,1,0,1
1375264,74,1,0,1
307072,74,1,0,1
7373112,74,1,0,1
6684304,74,1,1,0
551664,74,1,0,1
763296,74,1,1,0
1830224,74,1,0,1
667952,74,1,1,0
1458896,74,1,1,0
4713760,74,1,1,0
3533136,74,1,0,1
1249816,74,1,1,0
521440,74,1,0,1
324144,74,1,0,1
5176480,74,1,0,1
1147568,74,1,1,0
1659608,74,1,1,0
7284568,74,1,0,1
700480,74,1,0,1
751704,74,1,1,0
2402624,74,1,1,0
4979200,74,1,0,1
1199328,74,1,0,1
3651568,74,1,0,1
1414000,74,1,0,1
3228464,74,1,1,0
2087544,74,1,1,0
2488752,74,1,0,1
1897848,74,1,0,1
1483192,74,1,1,0
4258968,74,1,1,0
4260960,74,1,1,0
5749648,74,1,0,1
169504,74,1,1,0
83304,74,1,0,1
3471192,74,1,1,0
672152,74,1,0,1
6211336,74,1,0,1
445872,74,1,1,0
504232,74,1,1,0
4852664,74,1,0,1
383792,74,1,0,1
6244880,74,1,1,0
2534816,74,1,0,1
460432,74,1,1,0
3953048,74,1,1,0
412888,74,1,1,0
5756088,74,1,0,1
1040336,74,1,1,0
873000,74,1,1,0
1877840,74,1,0,1
3284696,74,1,1,0
1034504,74,1,1,0
6673120,74,1,0,1
4907248,74,1,0,1
6573344,74,1,0,1
1255872,74,1,1,0
1765920,74,1,0,1
6473592,74,1,1,0
713920,74,1,0,1
1437152,74,1,1,0
287104,74,1,0,1
878144,74,1,1,0
540776,74,1,0,1
939128,74,1,1,0
1495392,74,1,0,1
3327000,74,1,0,1
653424,74,1,0,1
1432664,74,1,1,0
7736000,74,1,0,1
614512,74,1,1,0
656904,74,1,1,0
224136,74,1,0,1
4126176,74,1,1,0
3163552,74,1,0,1
5107288,74,1,0,1
1233208,74,1,0,1
3924736,74,1,1,0
6537592,74,1,0,1
8113528,74,1,1,0
222632,74,1,0,1
1642736,74,1,1,0
741216,74,1,0,1
1243472,74,1,1,0
1413008,74,1,0,1
2106560,74,1,0,1
7821752,74,1,1,0
2270168,74,1,0,1
506760,74,1,1,0
1536192,74,1,0,1
6247064,74,1,1,0
211016,74,1,0,1
6942032,74,1,0,1
2736848,74,1,1,0
4359576,74,1,0,1
1473224,74,1,0,1
3993608,74,1,1,0
6028400,74,1,0,1
2735992,74,1,0,1
4585112,74,1,0,1
1251984,74,1,0,1
4339168,74,1,1,0
4677304,74,1,0,1
4362576,74,1,0,1
3005016,74,1,0,1
1502624,74,1,1,0
834712,74,1,1,0
1093320,74,1,1,0
8277600,74,1,0,1
601288,74,1,1,0
2174568,74,1,0,1
6746384,74,1,1,0
1328064,74,1,0,1
800240,74,1,1,0
2899440,74,1,1,0
3878328,74,1,0,1
2867008,74,1,0,1
343208,74,1,0,1
3830552,74,1,0,1
126800,74,1,0,1
474096,74,1,0,1
814448,74,1,0,1
2291640,74,1,0,1
1401856,74,1,1,0
238392,74,1,1,0
3649976,74,1,1,0
2283048,74,1,1,0
2378248,74,1,1,0
3935840,74,1,1,0
853088,74,1,1,0
489280,74,1,0,1
6827992,74,1,0,1
2683112,74,1,1,0
571296,74,1,0,1
8258784,74,1,1,0
320464,74,1,1,0
7558640,74,1,1,0
1710960,74,1,0,1
332064,74,1,0,1
7302032,74,1,0,1
753952,74,1,0,1
3610624,74,1,0,1
6450824,74,1,0,1
8364608,74,1,0,1
2750904,74,1,1,0
1225144,74,1,1,0
6169400,74,1,0,1
289832,74,1,1,0
7608896,74,1,0,1
6593472,74,1,0,1
1831008,74,1,1,0
6995160,74,1,0,1
3081160,74,1,0,1
5968816,74,1,1,0
1644688,74,1,1,0
2768640,74,1,1,0
5208656,74,1,0,1
6398760,74,1,1,0
399192,74,1,0,1
1023872,74,1,0,1
4522936,74,1,1,0
4183072,74,1,1,0
265496,74,1,1,0
4141608,74,1,0,1
4836912,74,1,0,1
1410640,74,1,0,1
1320928,74,1,1,0
3956448,74,1,0,1
366616,74,1,1,0
5984544,74,1,0,1
551808,74,1,1,0
3112992,74,1,0,1
549600,74,1,0,1
4571960,74,1,1,0
686720,74,1,0,1
4465672,74,1,1,0
1109376,74,1,1,0
3505712,74,1,0,1
7961640,74,1,1,0
5040464,74,1,0,1
5420368,74,1,0,1
1822360,74,1,1,0
394696,74,1,0,1
3693728,74,1,0,1
6748744,74,1,1,0
2117200,74,1,0,1
2841328,74,1,0,1
2663336,74,1,0,1
3271840,74,1,0,1
4437992,74,1,0,1
6835504,74,1,0,1
3311128,74,1,1,0
1923000,74,1,0,1
6162512,74,1,1,0
879784,74,1,0,1
948944,74,1,0,1
773088,74,1,0,1
5670960,74,1,1,0
2518008,74,1,1,0
686872,74,1,0,1
320552,74,1,0,1
158808,74,1,1,0
1564240,74,1,1,0
98240,74,1,0,1
4064824,74,1,1,0
490832,74,1,0,1
6259520,74,1,1,0
3358408,74,1,0,1
1156720,74,1,1,0
1466664,74,1,1,0
751768,74,1,1,0
4860360,74,1,1,0
3242800,74,1,0,1
2591768,74,1,1,0
7589816,74,1,1,0
1910744,74,1,0,1
109216,74,1,1,0
7921120,74,1,0,1
1934456,74,1,0,1
721320,74,1,0,1
5837376,74,1,0,1
1873616,74,1,1,0
4414448,74,1,0,1
4078064,74,1,0,1
2654512,74,1,1,0
776448,74,1,0,1
1209832,74,1,0,1
6497424,74,1,1,0
588120,74,1,0,1
6852720,74,1,0,1
234816,74,1,0,1
3880944,74,1,1,0
1589904,74,1,0,1
473296,74,1,1,0
652184,74,1,1,0
8059840,74,1,1,0
2780800,74,1,1,0
2338488,74,1,1,0
6555760,74,1,1,0
1254176,74,1,0,1
4895704,74,1,1,0
5591448,74,1,1,0
2937600,74,1,0,1
5696648,74,1,0,1
7435720,74,1,1,0
1693680,74,1,0,1
1205016,74,1,0,1
1101912,74,1,0,1
622800,74,1,1,0
5196872,74,1,0,1
3338096,74,1,0,1
1764784,74,1,0,1
458136,74,1,0,1
107456,74,1,0,1
1031616,74,1,0,1
605512,74,1,0,1
2866720,74,1,0,1
277368,74,1,0,1
4481720,74,1,0,1
1455472,74,1,1,0
4280080,74,1,0,1
6101808,74,1,1,0
2434376,74,1,0,1
7665136,74,1,1,0
2308120,74,1,1,0
191992,74,1,0,1
5621768,74,1,0,1
980752,74,1,1,0
2646064,74,1,0,1
2832432,74,1,1,0
1402936,74,1,0,1
860480,74,1,1,0
760576,74,1,0,1
7757616,74,1,1,0
4768232,74,1,0,1
6211240,74,1,0,1
5758960,75,1,1,0
3861592,75,1,1,0
453384,75,1,1,0
2301872,75,1,1,0
2228840,75,1,0,1
486176,75,1,1,0
6187712,75,1,1,0
822232,75,1,1,0
822784,75,1,0,1
1901512,75,1,0,1
7075960,75,1,1,0
872448,75,1,1,0
2290552,75,1,0,1
6648656,75,1,1,0
3721064,75,1,1,0
616792,75,1,1,0
822736,75,1,1,0
8345728,75,1,1,0
4598288,75,1,1,0
7311872,75,1,0,1
278536,75,1,1,0
4786112,75,1,0,1
116224,75,1,1,0
1055128,75,1,0,1
2725352,75,1,0,1
2864368,75,1,0,1
6736720,75,1,0,1
2630064,75,1,0,1
4491568,75,1,1,0
579224,75,1,0,1
292736,75,1,0,1
6487728,75,1,1,0
5464624,75,1,0,1
4213728,75,1,1,0
8084896,75,1,1,0
1954504,75,1,1,0
315176,75,1,1,0
6212960,75,1,0,1
2582576,75,1,0,1
263872,75,1,0,1
5596552,75,1,0,1
8019400,75,1,1,0
566464,75,1,0,1
437408,75,1,0,1
1540736,75,1,0,1
1366192,75,1,0,1
1225944,75,1,0,1
3397688,75,1,1,0
6529704,75,1,1,0
3602288,75,1,1,0
7010312,75,1,1,0
5122136,75,1,0,1
1347944,75,1,0,1
1580600,75,1,0,1
2182504,75,1,0,1
1868608,75,1,0,1
1284192,75,1,1,0
6559488,75,1,0,1
1308304,75,1,1,0
532472,75,1,1,0
4268016,75,1,0,1
522600,75,1,0,1
838976,75,1,1,0
1348600,75,1,0,1
3218728,75,1,0,1
6982232,75,1,1,0
1378344,75,1,0,1
3328784,75,1,0,1
2341368,75,1,0,1
2838664,75,1,0,1
759912,75,1,1,0
3947128,75,1,1,0
2530616,75,1,0,1
1630376,75,1,1,0
8149472,75,1,1,0
5939768,75,1,0,1
3028112,75,1,1,0
4615984,75,1,1,0
1824680,75,1,1,0
4934760,75,1,1,0
4735528,75,1,1,0
589072,75,1,1,0
922840,75,1,1,0
5422944,75,1,0,1
2519608,75,1,1,0
1600840,75,1,1,0
482664,75,1,0,1
1607384,75,1,0,1
2618680,75,1,0,1
380264,75,1,0,1
2396048,75,1,0,1
5956304,75,1,1,0
288896,75,1,1,0
3776656,75,1,1,0
991152,75,1,0,1
2178272,75,1,0,1
6172488,75,1,0,1
408632,75,1,1,0
1669416,75,1,1,0
855920,75,1,0,1
612336,75,1,0,1
224352,75,1,1,0
517592,75,1,1,0
2067960,75,1,1,0
1945600,75,1,1,0
2513072,75,1,0,1
335920,75,1,0,1
649328,75,1,0,1
7780488,75,1,0,1
3015832,75,1,1,0
1879808,75,1,1,0
6782176,75,1,0,1
1484512,75,1,1,0
2353024,75,1,0,1
3315056,75,1,1,0
2360024,75,1,1,0
5563672,75,1,1,0
7470120,75,1,1,0
217160,75,1,0,1
5958064,75,1,1,0
1441696,75,1,1,0
2703424,75,1,1,0
288704,75,1,1,0
733056,75,1,1,0
2793448,75,1,1,0
873616,75,1,0,1
7981640,75,1,0,1
1298816,75,1,1,0
1782936,75,1,1,0
487872,75,1,0,1
462096,75,1,1,0
4794888,75,1,1,0
891912,75,1,0,1
2689312,75,1,1,0
1182304,75,1,0,1
1983928,75,1,1,0
310440,75,1,0,1
3901344,75,1,1,0
1282536,75,1,1,0
1022848,75,1,1,0
6862152,75,1,1,0
4163672,75,1,1,0
3516352,75,1,1,0
2502016,75,1,1,0
2415784,75,1,0,1
621776,75,1,1,0
2518768,75,1,0,1
8291624,75,1,0,1
2595496,75,1,0,1
2507248,75,1,1,0
1632792,75,1,0,1
2009272,75,1,1,0
2784568,75,1,0,1
2616856,75,1,0,1
4649168,75,1,1,0
504704,75,1,0,1
565328,75,1,1,0
882992,75,1,0,1
827024,75,1,1,0
7108784,75,1,1,0
4446792,75,1,0,1
3676632,75,1,0,1
6757192,75,1,0,1
1220440,75,1,1,0
1428312,75,1,0,1
218848,75,1,1,0
8043304,75,1,1,0
741440,75,1,1,0
1084232,75,1,1,0
7335720,75,1,1,0
1617880,75,1,0,1
864152,75,1,1,0
3599464,75,1,1,0
628640,75,1,1,0
1400512,75,1,0,1
1464824,75,1,1,0
1508216,75,1,0,1
1127824,75,1,0,1
679112,75,1,0,1
484976,75,1,1,0
860920,75,1,0,1
510216,75,1,1,0
641336,75,1,1,0
1168608,75,1,1,0
1551416,75,1,1,0
1850952,75,1,1,0
166288,75,1,1,0
5524816,75,1,0,1
1042840,75,1,1,0
4275648,75,1,1,0
3022896,75,1,0,1
733304,75,1,1,0
3063096,75,1,0,1
420352,75,1,0,1
8014288,75,1,1,0
551208,75,1,1,0
156168,75,1,1,0
6062976,75,1,1,0
6992256,75,1,1,0
7976920,75,1,0,1
1431920,75,1,1,0
2655632,75,1,0,1
1675792,75,1,1,0
932176,75,1,1,0
6315440,75,1,0,1
4774216,75,1,0,1
1569064,75,1,0,1
2353616,75,1,1,0
2654168,75,1,1,0
530656,75,1,1,0
2464928,75,1,0,1
1953520,75,1,0,1
753280,75,1,0,1
1178336,75,1,0,1
6081168,75,1,1,0
252256,75,1,0,1
1075608,75,1,0,1
386776,75,1,1,0
3125808,75,1,0,1
1667768,75,1,0,1
621504,75,1,0,1
917888,75,1,0,1
4485536,75,1,1,0
3948128,75,1,0,1
3419312,75,1,1,0
1953008,75,1,0,1
1218728,75,1,0,1
4293808,75,1,1,0
4443088,75,1,0,1
3388800,75,1,1,0
904304,75,1,0,1
859864,75,1,1,0
989240,75,1,1,0
6036448,75,1,0,1
278424,75,1,0,1
4002240,75,1,1,0
769616,75,1,1,0
6012824,75,1,0,1
2376968,75,1,1,0
783784,75,1,1,0
382040,75,1,1,0
4957704,75,1,0,1
1138864,75,1,0,1
6846504,75,1,0,1
3529672,75,1,0,1
7718920,75,1,0,1
1129176,75,1,1,0
85480,75,1,1,0
1412232,75,1,0,1
874944,75,1,1,0
5964968,75,1,0,1
396864,75,1,1,0
2006576,75,1,1,0
1280400,75,1,0,1
7250304,75,1,1,0
3800680,75,1,0,1
1335760,75,1,0,1
229520,75,1,1,0
1302704,75,1,1,0
4966904,75,1,1,0
6425960,75,1,1,0
2706784,75,1,1,0
814736,75,1,0,1
906872,75,1,1,0
2812528,75,1,1,0
804888,75,1,1,0
1711040,75,1,1,0
479480,75,1,0,1
1385976,75,1,1,0
502584,75,1,0,1
2946000,75,1,1,0
1187960,75,1,0,1
5387488,75,1,0,1
2628656,75,1,1,0
2906744,75,1,1,0
1428632,75,1,0,1
4604944,75,1,0,1
3769472,75,1,0,1
6227928,75,1,0,1
1427320,75,1,1,0
473440,75,1,0,1
3156152,75,1,1,0
575904,75,1,0,1
7426304,75,1,0,1
7570544,75,1,1,0
2161528,75,1,1,0
5432800,75,1,0,1
6047520,75,1,0,1
1754880,75,1,1,0
1727136,75,1,1,0
6987128,75,1,1,0
7823768,75,1,0,1
5206880,75,1,0,1
3785024,75,1,0,1
2003832,75,1,1,0
1002600,75,1,0,1
4912392,75,1,0,1
2216096,75,1,0,1
2864336,75,1,0,1
354720,75,1,0,1
213464,75,1,1,0
575536,75,1,1,0
5440936,75,1,0,1
1726744,75,1,1,0
2824048,75,1,0,1
1359312,75,1,1,0
1874792,75,1,1,0
3162184,75,1,0,1
3295856,75,1,0,1
7056968,75,1,0,1
3745264,75,1,0,1
2486864,75,1,0,1
2287200,75,1,1,0
6145848,75,1,0,1
617760,75,1,1,0
1688008,75,1,1,0
2632048,75,1,0,1
3457656,75,1,0,1
1499184,75,1,0,1
538840,75,1,1,0
6762824,75,1,1,0
2110592,75,1,1,0
371064,75,1,0,1
587456,75,1,0,1
252680,75,1,1,0
434768,75,1,0,1
3763784,75,1,1,0
389904,75,1,0,1
4461088,75,1,1,0
1891712,75,1,0,1
7718568,75,1,0,1
781544,75,1,1,0
4475096,75,1,1,0
4975792,75,1,0,1
6464736,75,1,0,1
6837112,75,1,0,1
1189840,75,1,1,0
4705240,75,1,1,0
2819256,75,1,0,1
1868216,75,1,0,1
7830896,75,1,0,1
5480976,75,1,0,1
8182240,75,1,0,1
4151928,75,1,1,0
4143176,75,1,1,0
4167368,75,1,1,0
6268656,75,1,0,1
1313992,75,1,0,1
219656,75,1,1,0
2503944,75,1,0,1
7200248,75,1,1,0
1119600,75,1,0,1
81896,75,1,0,1
4912168,75,1,0,1
4261096,75,1,0,1
7020488,75,1,0,1
7586440,75,1,1,0
270704,75,1,0,1
5613080,75,1,1,0
1336032,75,1,1,0
2218984,75,1,0,1
2684896,75,1,1,0
744240,75,1,0,1
2531800,75,1,0,1
3024256,75,1,0,1
6311656,75,1,0,1
692608,75,1,1,0
2726496,75,1,1,0
8371632,75,1,0,1
4577056,75,1,1,0
1701896,75,1,1,0
904520,75,1,1,0
3523808,75,1,1,0
1674600,75,1,0,1
927488,75,1,0,1
4344464,75,1,0,1
658592,75,1,0,1
6163448,75,1,0,1
4585072,75,1,0,1
381592,75,1,0,1
1672240,75,1,0,1
1554600,75,1,1,0
5932896,75,1,1,0
1902768,75,1,0,1
1332872,75,1,1,0
2192888,75,1,1,0
1239936,75,1,1,0
778184,75,1,0,1
386904,75,1,1,0
1970960,75,1,1,0
1568088,75,1,0,1
6639888,75,1,1,0
1924848,75,1,1,0
7572176,75,1,0,1
243304,75,1,1,0
2143088,75,1,0,1
7677208,75,1,1,0
911864,75,1,1,0
5896608,75,1,1,0
4767944,75,1,0,1
388808,75,1,0,1
1911664,75,1,1,0
1001784,75,1,0,1
2748760,75,1,1,0
171272,75,1,0,1
2011800,75,1,0,1
187864,75,1,1,0
4236768,75,1,1,0
262672,75,1,1,0
2551816,75,1,1,0
3891344,75,1,1,0
1458024,75,1,0,1
635392,75,1,1,0
90952,75,1,0,1
6176592,75,1,0,1
7144656,75,1,1,0
3645888,75,1,0,1
527056,75,1,1,0
3637544,75,1,1,0
2923544,75,1,0,1
4149320,75,1,0,1
2131000,75,1,0,1
8386864,75,1,1,0
3357784,75,1,1,0
6310768,75,1,0,1
1552288,75,1,0,1
749336,75,1,1,0
2513040,75,1,1,0
1944440,75,1,1,0
3299352,75,1,0,1
7828392,75,1,1,0
649192,75,1,0,1
180800,75,1,0,1
3515944,75,1,1,0
783864,75,1,0,1
5805072,75,1,0,1
1003520,75,1,1,0
316768,75,1,1,0
2968648,75,1,1,0
1723832,75,1,0,1
1622960,75,1,0,1
921944,75,1,0,1
274840,75,1,0,1
6134528,75,1,0,1
3065448,75,1,0,1
2424904,75,1,1,0
7089544,75,1,0,1
2662888,75,1,0,1
312696,75,1,1,0
2241624,75,1,0,1
607600,75,1,0,1
1910088,75,1,1,0
1922616,75,1,0,1
995272,75,1,1,0
2108944,75,1,0,1
4613184,75,1,1,0
2567856,75,1,1,0
170248,75,1,1,0
399384,75,1,1,0
883792,75,1,1,0
417256,75,1,1,0
1102976,75,1,1,0
1996912,75,1,1,0
4975568,75,1,1,0
303432,75,1,1,0
2750768,75,1,1,0
4308592,75,1,1,0
3820576,75,1,0,1
2050768,75,1,0,1
1811728,75,1,0,1
2065000,75,1,0,1
1246000,75,1,0,1
6223952,75,1,1,0
3863184,75,1,1,0
8257752,75,1,0,1
6359600,75,1,0,1
1258064,75,1,0,1
4704616,75,1,1,0
362680,75,1,0,1
2980400,75,1,1,0
7389232,75,1,0,1
1786008,75,1,1,0
8213264,75,1,1,0
1841688,75,1,1,0
2734112,75,1,0,1
3533592,75,1,0,1
4208520,75,1,1,0
472800,75,1,1,0
3499208,75,1,0,1
457800,75,1,1,0
6420568,75,1,0,1
689456,75,1,0,1
6370952,75,1,1,0
240120,75,1,1,0
3391024,75,1,0,1
5917808,75,1,1,0
5108912,75,1,0,1
4806576,75,1,1,0
1723592,75,1,1,0
5601088,75,1,1,0
2082032,75,1,0,1
159104,75,1,0,1
223272,75,1,0,1
5929520,75,1,0,1
508704,75,1,1,0
437304,75,1,1,0
1585224,75,1,0,1
3188168,75,1,0,1
6062824,75,1,1,0
5692360,75,1,0,1
2915648,75,1,0,1
1695400,75,1,1,0
669456,75,1,1,0
7751256,75,1,0,1
512840,75,1,0,1
6699440,75,1,1,0
2319952,75,1,0,1
463992,75,1,1,0
4124288,75,1,0,1
3112640,75,1,1,0
3470056,75,1,0,1
3340856,75,1,0,1
2132496,75,1,0,1
1153456,75,1,0,1
459552,75,1,1,0
7282904,75,1,0,1
2275696,75,1,0,1
1935128,75,1,0,1
1640488,75,1,1,0
5045032,75,1,0,1
5224392,75,1,1,0
1321792,75,1,1,0
7175200,75,1,1,0
5950760,75,1,1,0
6306992,75,1,0,1
3366712,75,1,1,0
4359912,75,1,0,1
4166408,75,1,1,0
4829848,75,1,1,0
930976,75,1,0,1
5202616,75,1,0,1
7715216,75,1,1,0
4675952,75,1,0,1
7689712,75,1,0,1
2917304,75,1,1,0
181040,75,1,0,1
1320128,75,1,0,1
8367232,75,1,0,1
1149600,75,1,0,1
2806784,75,1,0,1
4916752,75,1,1,0
542592,75,1,1,0
289360,75,1,0,1
1270976,75,1,1,0
2619784,75,1,0,1
2561184,75,1,1,0
672536,75,1,1,0
558840,75,1,1,0
185168,75,1,1,0
399528,75,1,0,1
2239872,75,1,0,1
6337256,75,1,0,1
5879480,75,1,1,0
879800,75,1,0,1
8206144,75,1,0,1
1943328,75,1,1,0
1760488,75,1,1,0
2115832,75,1,0,1
376664,75,1,0,1
678992,75,1,1,0
1797784,75,1,0,1
7223176,75,1,1,0
2307704,75,1,0,1
4608424,75,1,1,0
5214792,75,1,1,0
6537080,75,1,0,1
1325920,75,1,1,0
4174160,75,1,0,1
3530712,75,1,0,1
4405592,75,1,1,0
335104,75,1,1,0
1731304,75,1,0,1
3478160,75,1,1,0
2245384,75,1,1,0
350560,75,1,0,1
4603376,75,1,0,1
535568,75,1,1,0
4162416,75,1,0,1
376496,75,1,0,1
5238368,75,1,1,0
1248424,75,1,1,0
3423128,75,1,0,1
8086624,75,1,0,1
260496,75,1,1,0
2169624,75,1,0,1
3072520,75,1,0,1
1024040,75,1,1,0
1925920,75,1,0,1
7102568,75,1,1,0
5704768,75,1,1,0
2629656,75,1,0,1
802384,75,1,0,1
401000,75,1,0,1
1803224,75,1,1,0
296408,75,1,0,1
3489216,75,1,0,1
3377904,75,1,0,1
356448,75,1,0,1
1275872,75,1,1,0
6321512,75,1,0,1
3015200,75,1,1,0
1617664,75,1,0,1
2370720,75,1,1,0
3476832,75,1,0,1
2342784,75,1,0,1
7537944,75,1,0,1
586552,75,1,1,0
5402600,75,1,0,1
3652648,75,1,0,1
4854808,75,1,0,1
7272456,75,1,1,0
5018344,75,1,0,1
3604952,75,1,1,0
5705816,75,1,1,0
2833560,75,1,0,1
146184,75,1,0,1
4033624,75,1,0,1
5905216,75,1,0,1
1554408,75,1,0,1
2785808,75,1,0,1
762552,75,1,1,0
6439928,75,1,0,1
1321496,75,1,1,0
2858144,75,1,0,1
1673512,75,1,0,1
1432768,75,1,1,0
7206296,75,1,1,0
3279352,75,1,1,0
952360,75,1,1,0
3108376,75,1,1,0
2567128,75,1,0,1
4951616,75,1,1,0
5118040,75,1,1,0
2031744,75,1,1,0
1248112,75,1,1,0
728248,75,1,0,1
1339872,75,1,1,0
796976,75,1,0,1
1354184,75,1,1,0
2045936,75,1,1,0
4676888,75,1,0,1
6613792,75,1,1,0
1691640,75,1,0,1
355384,75,1,0,1
2746984,75,1,0,1
6986632,75,1,0,1
131816,75,1,0,1
5137328,75,1,1,0
732944,75,1,1,0
7151440,75,1,1,0
772848,75,1,1,0
5470400,75,1,0,1
2887016,75,1,1,0
6503088,75,1,0,1
841544,75,1,0,1
5994024,75,1,1,0
2552536,75,1,0,1
1921472,75,1,1,0
7502336,75,1,0,1
1095760,75,1,1,0
2264600,75,1,1,0
331952,75,1,1,0
2904336,75,1,0,1
7317680,75,1,0,1
608656,75,1,1,0
8062648,75,1,1,0
1061064,75,1,1,0
5505136,75,1,1,0
1011224,75,1,0,1
1809512,75,1,1,0
5139800,75,1,0,1
2402672,75,1,0,1
1205832,75,1,1,0
432400,75,1,1,0
3545184,75,1,0,1
6169664,75,1,0,1
7904056,75,1,1,0
4661704,75,1,0,1
6329032,75,1,1,0
2039480,75,1,1,0
6555480,75,1,1,0
7089744,75,1,0,1
4255224,75,1,0,1
842480,75,1,1,0
806952,75,1,0,1
495640,75,1,1,0
1440064,75,1,0,1
7057232,75,1,0,1
542360,75,1,1,0
1566856,75,1,0,1
392040,75,1,0,1
7875744,75,1,1,0
1591040,75,1,1,0
371640,75,1,0,1
1526960,75,1,1,0
662864,75,1,0,1
7924168,75,1,1,0
1835544,75,1,1,0
1550000,75,1,1,0
1439720,75,1,0,1
6644368,75,1,1,0
1455024,75,1,1,0
6072456,75,1,1,0
7068888,75,1,1,0
5725992,75,1,0,1
3190976,75,1,1,0
3601504,75,1,1,0
1796112,75,1,1,0
1058696,75,1,1,0
856336,75,1,0,1
1512528,75,1,1,0
2751656,75,1,1,0
969872,75,1,0,1
5355720,75,1,1,0
6727320,75,1,1,0
5077648,75,1,1,0
3009840,75,1,0,1
6423840,75,1,0,1
945680,75,1,1,0
5028392,75,1,1,0
2673352,75,1,0,1
8236720,75,1,0,1
768680,75,1,1,0
880408,75,1,1,0
277240,75,1,0,1
591992,75,1,0,1
3292688,75,1,1,0
2440136,75,1,1,0
2144592,75,1,0,1
1136912,75,1,1,0
4941320,75,1,0,1
8237048,75,1,0,1
312768,75,1,1,0
525864,75,1,0,1
1183160,75,1,1,0
4443928,75,1,1,0
3728096,75,1,0,1
1415008,75,1,1,0
262032,75,1,1,0
750272,75,1,0,1
3688608,75,1,1,0
623000,75,1,0,1
6501520,75,1,1,0
1538608,75,1,0,1
2994968,75,1,0,1
1511152,75,1,1,0
627880,75,1,0,1
910064,75,1,0,1
978544,75,1,1,0
4327576,75,1,0,1
283424,75,1,1,0
229488,75,1,0,1
1852056,75,1,1,0
5179944,75,1,0,1
2393392,75,1,1,0
2690208,75,1,0,1
2092112,75,1,0,1
1489296,75,1,1,0
1478144,75,1,0,1
1629168,75,1,1,0
4347072,75,1,1,0
696136,75,1,1,0
1235400,75,1,0,1
2115704,75,1,0,1
1123216,75,1,0,1
2672888,75,1,0,1
7637384,75,1,1,0
2194928,75,1,0,1
2160208,75,1,0,1
1435232,75,1,0,1
7374128,75,1,1,0
1331128,75,1,1,0
5652240,75,1,0,1
1738288,75,1,1,0
7821120,75,1,0,1
520456,75,1,0,1
714248,75,1,0,1
372600,75,1,1,0
4361856,75,1,1,0
154752,75,1,1,0
4218392,75,1,1,0
2500384,75,1,0,1
793416,75,1,0,1
433112,75,1,1,0
198848,75,1,1,0
1054624,75,1,1,0
2623016,75,1,0,1
7243240,75,1,0,1
839856,75,1,0,1
5749504,75,1,1,0
3648576,75,1,1,0
7091024,75,1,1,0
5032880,75,1,0,1
5715728,75,1,0,1
6195896,75,1,1,0
3496048,75,1,1,0
324112,75,1,0,1
243168,75,1,0,1
5595512,75,1,0,1
462584,75,1,1,0
718024,75,1,1,0
3508752,75,1,1,0
1631232,75,1,1,0
415424,75,1,1,0
3954384,75,1,1,0
1220096,75,1,1,0
415992,75,1,1,0
444352,75,1,1,0
6580720,75,1,1,0
601064,75,1,0,1
198552,75,1,0,1
4660728,75,1,1,0
2769936,75,1,1,0
381968,75,1,1,0
3421424,75,1,0,1
1066904,75,1,1,0
307064,75,1,0,1
2280064,75,1,0,1
244712,75,1,0,1
890728,75,1,0,1
2568136,75,1,0,1
224488,75,1,0,1
403976,75,1,1,0
556656,75,1,1,0
244192,75,1,0,1
4738848,75,1,1,0
7122712,75,1,1,0
1644776,75,1,0,1
2885400,75,1,1,0
5660128,75,1,1,0
7120112,75,1,1,0
5139464,75,1,0,1
3050432,75,1,0,1
648784,75,1,0,1
4195456,75,1,1,0
5406568,75,1,1,0
2118144,75,1,1,0
2499048,75,1,0,1
284648,75,1,1,0
2864832,75,1,0,1
2623768,75,1,1,0
1213368,75,1,1,0
1852616,75,1,1,0
363672,75,1,0,1
382704,75,1,0,1
6983064,75,1,1,0
2352640,75,1,1,0
7605248,75,1,1,0
3637456,75,1,0,1
4069360,75,1,0,1
1296560,75,1,1,0
1672616,75,1,0,1
6480120,75,1,1,0
2453976,75,1,0,1
182624,75,1,0,1
3756224,75,1,1,0
2389176,75,1,1,0
7318928,75,1,0,1
5050792,75,1,0,1
3117928,75,1,0,1
622208,75,1,1,0
3900168,75,1,0,1
372408,75,1,1,0
139712,75,1,1,0
4305856,75,1,0,1
3521616,75,1,0,1
5240936,75,1,1,0
4451136,75,1,1,0
2409592,75,1,0,1
3390864,75,1,0,1
3901336,75,1,0,1
774176,75,1,0,1
409152,75,1,1,0
1773432,75,1,1,0
4702280,75,1,1,0
3107480,75,1,0,1
1884624,75,1,1,0
400920,75,1,1,0
295880,75,1,1,0
324352,75,1,0,1
1314832,75,1,1,0
258520,75,1,0,1
991256,75,1,1,0
5063848,75,1,0,1
2405864,75,1,0,1
7908160,75,1,1,0
1261016,75,1,1,0
4436312,75,1,1,0
842960,75,1,0,1
1668592,75,1,1,0
5583176,75,1,0,1
4794712,75,1,1,0
214136,75,1,1,0
8326232,75,1,0,1
1015280,75,1,1,0
751952,75,1,1,0
1606976,75,1,1,0
860208,75,1,0,1
3725720,75,1,1,0
1457064,75,1,0,1
2147232,75,1,1,0
2455536,75,1,0,1
1656856,75,1,0,1
1581736,75,1,1,0
3929200,75,1,1,0
2375232,75,1,0,1
1878872,75,1,1,0
5877392,75,1,1,0
3202856,75,1,1,0
3388504,75,1,1,0
6762320,75,1,0,1
456688,75,1,0,1
3438640,75,1,0,1
4739696,75,1,1,0
6279984,75,1,0,1
530152,75,1,1,0
370048,75,1,1,0
1203392,75,1,0,1
754336,75,1,1,0
4467208,75,1,0,1
1788312,75,1,1,0
6426704,75,1,1,0
275288,75,1,0,1
1342840,75,1,1,0
2557400,75,1,0,1
5776936,75,1,1,0
489016,75,1,0,1
743248,75,1,0,1
237136,75,1,1,0
190816,75,1,1,0
2653736,75,1,0,1
5853736,75,1,1,0
6650424,75,1,0,1
551816,75,1,1,0
475728,75,1,1,0
809728,75,1,0,1
5563504,75,1,1,0
413088,75,1,0,1
2764792,75,1,0,1
544336,75,1,0,1
3023984,75,1,1,0
1717192,75,1,1,0
7045736,75,1,0,1
613208,75,1,1,0
1328872,75,1,0,1
236200,75,1,0,1
5126632,75,1,1,0
154016,75,1,1,0
3135064,75,1,1,0
3959488,75,1,1,0
1177824,75,1,1,0
3206536,75,1,1,0
4428720,75,1,1,0
2767384,75,1,0,1
522440,75,1,1,0
6040936,75,1,0,1
6394608,75,1,1,0
7563872,75,1,1,0
7737672,75,1,1,0
5161192,75,1,1,0
543728,75,1,1,0
2721904,75,1,0,1
182272,75,1,1,0
4985120,75,1,0,1
118528,75,1,0,1
1092368,75,1,1,0
1138456,75,1,0,1
2366720,75,1,1,0
2923496,75,1,1,0
1172288,75,1,0,1
3720928,75,1,1,0
5917040,75,1,1,0
737344,75,1,1,0
775592,75,1,0,1
1882992,75,1,1,0
515872,75,1,0,1
2770344,75,1,1,0
4145472,75,1,1,0
367328,75,1,0,1
6039816,75,1,0,1
7036760,75,1,0,1
3925312,75,1,1,0
904464,75,1,0,1
1379880,75,1,1,0
1679464,75,1,0,1
2640488,75,1,1,0
856648,75,1,0,1
708544,75,1,1,0
5310120,75,1,0,1
7187504,75,1,0,1
713496,75,1,0,1
1485888,75,1,0,1
2577032,75,1,1,0
3691088,75,1,1,0
3001288,75,1,0,1
2846240,75,1,1,0
3824600,75,1,1,0
1957448,75,1,1,0
6702632,75,1,0,1
4871928,75,1,0,1
328528,75,1,0,1
6742424,75,1,1,0
3186792,75,1,1,0
933976,75,1,0,1
1083200,75,1,0,1
7697592,75,1,0,1
181256,75,1,0,1
1680304,75,1,1,0
3640272,75,1,0,1
3109304,75,1,1,0
7919312,75,1,0,1
4052976,75,1,1,0
678592,75,1,1,0
3942848,75,1,1,0
622936,75,1,1,0
1239888,75,1,1,0
2559224,75,1,0,1
6026848,75,1,0,1
1962696,75,1,1,0
1717920,75,1,1,0
1354704,75,1,0,1
5239296,75,1,1,0
7390128,75,1,1,0
2476976,75,1,1,0
402344,75,1,1,0
1522384,75,1,1,0
8298792,75,1,1,0
7430288,75,1,1,0
275664,75,1,0,1
381520,75,1,1,0
879288,75,1,1,0
1088376,75,1,1,0
1047560,75,1,1,0
849488,75,1,1,0
7795360,75,1,1,0
398792,75,1,0,1
5706640,75,1,0,1
1141192,75,1,1,0
1413384,75,1,0,1
296616,75,1,1,0
1656104,75,1,1,0
633960,75,1,0,1
2943648,75,1,1,0
4747648,75,1,1,0
889872,75,1,0,1
600360,75,1,0,1
1138768,75,1,0,1
2562408,75,1,0,1
7599968,75,1,1,0
5704064,75,1,1,0
3483960,75,1,1,0
436200,75,1,0,1
1567104,75,1,0,1
1542984,75,1,1,0
3920344,75,1,1,0
142432,75,1,0,1
3770920,75,1,0,1
3977088,75,1,0,1
2341808,75,1,0,1
1671288,75,1,1,0
6046792,75,1,1,0
422424,75,1,1,0
2053336,75,1,1,0
7110632,75,1,0,1
5173504,75,1,1,0
8097024,75,1,0,1
433224,75,1,1,0
1036712,75,1,0,1
4694784,75,1,0,1
2987960,75,1,0,1
3299192,75,1,1,0
5377424,75,1,1,0
2331240,75,1,1,0
455456,75,1,1,0
2290664,75,1,0,1
222128,75,1,1,0
2390904,75,1,1,0
4176600,75,1,1,0
2362032,75,1,0,1
305552,75,1,0,1
886544,75,1,0,1
2663408,75,1,1,0
7099504,75,1,0,1
2432632,75,1,0,1
530192,75,1,1,0
4150944,75,1,1,0
1615752,75,1,0,1
629392,75,1,0,1
2857424,75,1,0,1
7774840,75,1,1,0
702216,75,1,1,0
8164192,75,1,0,1
982432,75,1,0,1
384232,75,1,1,0
2913880,75,1,1,0
4602088,75,1,0,1
4599848,75,1,1,0
4797056,75,1,1,0
159560,75,1,0,1
5735256,75,1,1,0
5928424,75,1,0,1
3249472,75,1,1,0
389176,75,1,0,1
5678120,75,1,1,0
436696,75,1,0,1
3302728,75,1,0,1
7852944,75,1,1,0
1060384,75,1,1,0
3329544,75,1,0,1
2245000,75,1,1,0
7140112,75,1,0,1
4373792,75,1,0,1
3918920,75,1,1,0
2717112,75,1,0,1
2503792,75,1,0,1
2093640,75,1,1,0
7877344,75,1,1,0
1506016,75,1,0,1
6127816,75,1,0,1
760368,75,1,0,1
4812936,75,1,0,1
525184,75,1,1,0
3831896,75,1,0,1
5416048,75,1,1,0
1586208,75,1,1,0
1289648,75,1,1,0
840584,75,1,1,0
5424440,75,1,1,0
632576,75,1,1,0
1620584,75,1,0,1
4893384,75,1,1,0
2082640,75,1,0,1
5294392,75,1,1,0
1799680,75,1,1,0
8045928,75,1,0,1
2310128,75,1,0,1
4318384,75,1,1,0
1961856,75,1,0,1
1925752,75,1,0,1
2216336,75,1,1,0
3305720,75,1,1,0
655720,75,1,1,0
7278488,75,1,1,0
3402096,75,1,0,1
4734120,75,1,0,1
983032,75,1,1,0
2294168,75,1,1,0
4208856,75,1,1,0
2381872,75,1,0,1
2884392,75,1,1,0
911680,75,1,0,1
1958488,75,1,0,1
227248,75,1,0,1
217528,75,1,0,1
1868816,75,1,0,1
104976,75,1,0,1
804696,75,1,1,0
4698072,75,1,0,1
5768304,75,1,0,1
5005968,75,1,0,1
2725984,75,1,1,0
2713328,75,1,0,1
286760,75,1,0,1
6416304,75,1,0,1
461040,75,1,1,0
913152,75,1,1,0
1249192,75,1,0,1
5793704,75,1,0,1
2790584,75,1,1,0
2769088,75,1,1,0
4879472,75,1,1,0
775712,75,1,0,1
1631560,75,1,0,1
916136,75,1,0,1
1214280,75,1,1,0
4755256,75,1,0,1
7108400,75,1,1,0
1049672,75,1,1,0
46592,75,1,0,1
6377400,75,1,1,0
2075152,75,1,0,1
3289968,75,1,1,0
501624,75,1,1,0
2170416,75,1,0,1
1490072,75,1,1,0
2904656,75,1,1,0
1265936,75,1,0,1
1223184,75,1,1,0
981368,75,1,0,1
5057728,75,1,0,1
6579824,75,1,0,1
1041616,75,1,0,1
1344176,75,1,1,0
777120,75,1,0,1
5657312,75,1,1,0
5010280,75,1,1,0
4066568,75,1,1,0
4212840,75,1,0,1
4344216,75,1,1,0
5480656,75,1,1,0
5520192,75,1,1,0
3319928,75,1,0,1
755040,75,1,1,0
4456536,75,1,0,1
3786256,75,1,0,1
8382808,75,1,0,1
3375032,75,1,0,1
7434856,75,1,1,0
3686144,75,1,0,1
615040,75,1,1,0
2544736,75,1,0,1
5153992,75,1,1,0
327904,75,1,0,1
5740344,75,1,1,0
2352912,75,1,0,1
822384,75,1,1,0
1511088,75,1,0,1
3653280,75,1,0,1
4190072,75,1,1,0
7039920,75,1,0,1
1782152,75,1,1,0
8103576,75,1,0,1
198496,75,1,1,0
367632,75,1,1,0
2429272,75,1,1,0
763232,75,1,0,1
7897616,75,1,1,0
3100840,75,1,1,0
5830920,75,1,1,0
5864000,75,1,1,0
2559480,75,1,1,0
6236752,75,1,1,0
1658968,75,1,1,0
3713400,75,1,1,0
751320,75,1,0,1
6222448,75,1,1,0
5444152,75,1,0,1
1260344,75,1,0,1
664968,75,1,1,0
7390008,75,1,1,0
997360,75,1,0,1
1150080,75,1,1,0
3859888,75,1,1,0
198568,75,1,0,1
2654256,75,1,0,1
1657328,75,1,1,0
2800320,75,1,1,0
3914112,75,1,1,0
365832,75,1,0,1
787320,75,1,1,0
5998416,75,1,1,0
7290536,75,1,1,0
3155976,75,1,1,0
6523616,75,1,1,0
6038168,75,1,1,0
2644224,75,1,0,1
514920,75,1,0,1
1730240,75,1,1,0
1965032,75,1,1,0
4164744,75,1,1,0
2457048,75,1,1,0
685528,75,1,0,1
2483304,75,1,1,0
3131856,75,1,1,0
428016,75,1,1,0
1096328,75,1,0,1
4718672,75,1,0,1
105608,75,1,1,0
1345488,75,1,0,1
1799128,75,1,0,1
986048,75,1,0,1
2749928,75,1,0,1
1529384,75,1,1,0
1186088,75,1,0,1
7064888,75,1,1,0
1699424,75,1,1,0
1690952,75,1,0,1
5073768,75,1,0,1
5846088,75,1,0,1
4689528,75,1,0,1
1156232,75,1,0,1
4759576,75,1,1,0
2417912,75,1,0,1
1528712,75,1,0,1
6444744,75,1,0,1
1211696,75,1,1,0
698200,75,1,0,1
6106936,75,1,1,0
3723912,75,1,0,1
2490200,75,1,0,1
4749160,75,1,0,1
604856,75,1,0,1
3498840,75,1,1,0
3543904,75,1,0,1
288432,75,1,0,1
953944,75,1,0,1
1827240,75,1,0,1
712400,75,1,0,1
3274312,75,1,0,1
360704,75,1,0,1
292760,75,1,0,1
1873704,75,1,0,1
4987216,75,1,0,1
5202952,75,1,1,0
2193440,75,1,0,1
2825904,75,1,0,1
327928,75,1,0,1
431552,75,1,0,1
295120,75,1,1,0
4325640,75,1,1,0
3858840,75,1,1,0
8078944,75,1,1,0
6189568,75,1,0,1
617640,75,1,0,1
502328,75,1,0,1
340960,75,1,1,0
2517984,75,1,0,1
1317312,75,1,1,0
794256,75,1,0,1
4230336,75,1,1,0
5736192,75,1,1,0
1979328,75,1,0,1
5383088,75,1,1,0
2686856,75,1,1,0
655784,75,1,1,0
1099936,75,1,0,1
784872,75,1,0,1
3518192,75,1,1,0
7591288,75,1,1,0
4990208,75,1,1,0
1569616,75,1,1,0
7105560,75,1,1,0
5597384,75,1,1,0
2159024,75,1,0,1
200880,75,1,0,1
846088,75,1,0,1
2068440,75,1,1,0
1382536,75,1,1,0
8384856,75,1,0,1
585008,75,1,0,1
842752,75,1,0,1
6966456,75,1,1,0
967064,75,1,1,0
432472,75,1,0,1
6564776,75,1,1,0
1468920,75,1,1,0
2745536,75,1,1,0
593256,75,1,0,1
3804248,75,1,0,1
6666664,75,1,1,0
1070216,75,1,0,1
2358608,75,1,0,1
422848,75,1,0,1
4394840,75,1,0,1
873144,75,1,0,1
866464,75,1,0,1
4630208,75,1,1,0
1726808,75,1,1,0
782312,75,1,1,0
483376,75,1,1,0
1610112,75,1,1,0
4851016,75,1,0,1
3113808,75,1,1,0
750120,75,1,1,0
333792,75,1,1,0
888664,75,1,0,1
1244304,75,1,1,0
214840,75,1,0,1
1603584,75,1,1,0
3841624,75,1,1,0
469624,75,1,0,1
3097552,75,1,0,1
2155680,75,1,1,0
1798568,75,1,1,0
4807808,75,1,0,1
1697728,75,1,0,1
437240,75,1,1,0
684840,75,1,0,1
680744,75,1,0,1
612008,75,1,0,1
4967680,75,1,0,1
468920,75,1,0,1
565760,75,1,1,0
3849056,75,1,1,0
4200312,75,1,0,1
8222624,75,1,0,1
1796552,75,1,0,1
1005064,75,1,0,1
7629128,75,1,1,0
3265048,75,1,0,1
3948424,75,1,0,1
6286160,75,1,0,1
1562920,75,1,1,0
1397752,75,1,1,0
467256,75,1,1,0
5633288,75,1,0,1
1109992,75,1,0,1
541976,75,1,0,1
7945448,75,1,0,1
7827152,75,1,1,0
950800,75,1,0,1
6791800,75,1,0,1
8172816,75,1,0,1
7907864,75,1,1,0
288880,75,1,1,0
787232,75,1,1,0
1003072,75,1,1,0
4485640,75,1,0,1
1196208,75,1,1,0
1642784,75,1,0,1
294944,75,1,0,1
4557576,75,1,1,0
5457128,75,1,0,1
894328,75,1,1,0
656072,75,1,0,1
1171680,75,1,0,1
546888,75,1,0,1
2559296,75,1,0,1
2284464,75,1,0,1
3966416,75,1,0,1
6053448,75,1,1,0
3730696,75,1,0,1
231288,75,1,0,1
7925520,75,1,0,1
249968,75,1,0,1
932664,75,1,0,1
1176016,75,1,0,1
6033888,75,1,1,0
3878680,75,1,0,1
3331384,75,1,0,1
2915560,75,1,0,1
1370056,75,1,1,0
2443640,75,1,0,1
1545728,75,1,0,1
2992032,75,1,1,0
1298184,75,1,1,0
358280,75,1,1,0
1692720,75,1,0,1
7098944,75,1,0,1
1724392,75,1,1,0
4545624,75,1,0,1
1467904,75,1,1,0
2345792,75,1,0,1
1228256,75,1,1,0
1922504,75,1,0,1
6590552,75,1,1,0
2086080,75,1,0,1
7073752,75,1,0,1
643296,75,1,1,0
2767920,75,1,0,1
5673248,75,1,1,0
4105384,75,1,1,0
3676016,75,1,0,1
7100400,75,1,0,1
1165648,75,1,0,1
459792,75,1,0,1
6894912,75,1,1,0
690264,75,1,1,0
5669280,75,1,1,0
453816,75,1,0,1
5903088,75,1,0,1
7725872,75,1,0,1
686248,75,1,1,0
820704,75,1,0,1
319120,75,1,1,0
546880,75,1,0,1
8037864,75,1,1,0
511128,75,1,0,1
4970024,75,1,1,0
3082384,75,1,0,1
6346208,75,1,1,0
7608944,75,1,0,1
3998416,75,1,1,0
5194024,75,1,0,1
6404760,75,1,1,0
3954568,75,1,1,0
3949136,75,1,0,1
4903232,75,1,0,1
884336,75,1,0,1
6049312,75,1,0,1
345968,75,1,1,0
532376,75,1,0,1
5063456,75,1,1,0
3177360,75,1,1,0
1906520,75,1,1,0
3545336,75,1,1,0
1314648,75,1,0,1
3001600,75,1,1,0
4037144,75,1,1,0
303112,75,1,1,0
210168,75,1,0,1
1032272,75,1,0,1
5620464,75,1,1,0
2222112,75,1,0,1
3930136,75,1,0,1
1343856,75,1,0,1
2070600,75,1,1,0
1328368,75,1,0,1
729040,75,1,0,1
3018712,75,1,1,0
1274416,75,1,1,0
3353496,75,1,1,0
4727008,75,1,0,1
2971272,75,1,0,1
484768,75,1,1,0
3067200,75,1,1,0
1139208,75,1,0,1
2189184,75,1,0,1
2247872,75,1,1,0
3456816,75,1,1,0
546592,75,1,0,1
3131568,75,1,1,0
2857392,75,1,1,0
2225528,75,1,1,0
4803048,75,1,0,1
1603760,75,1,0,1
3636760,75,1,1,0
254912,75,1,0,1
5843280,75,1,0,1
317464,75,1,0,1
5973928,75,1,0,1
5531808,75,1,1,0
5923008,75,1,1,0
8222072,75,1,0,1
156552,75,1,1,0
2659760,75,1,1,0
996336,75,1,0,1
1966624,75,1,0,1
6525752,75,1,0,1
757104,75,1,0,1
6425464,75,1,1,0
761800,75,1,1,0
4866408,75,1,0,1
2792632,75,1,1,0
7587912,75,1,0,1
1489288,75,1,1,0
953096,75,1,0,1
1712736,75,1,1,0
1647760,75,1,0,1
4211104,75,1,0,1
3262696,75,1,0,1
840480,75,1,0,1
1677512,75,1,0,1
3798552,75,1,1,0
2481024,75,1,1,0
361576,75,1,0,1
2582168,75,1,0,1
4694304,75,1,0,1
1335376,75,1,1,0
1864808,75,1,0,1
2020984,75,1,0,1
1559048,75,1,1,0
2477760,75,1,0,1
5243168,75,1,0,1
719056,75,1,0,1
2810856,75,1,1,0
896560,75,1,0,1
870296,75,1,0,1
3943096,75,1,0,1
2864032,75,1,1,0
731232,75,1,0,1
1099632,75,1,1,0
4885136,75,1,1,0
5218440,75,1,0,1
8190016,75,1,0,1
5061600,75,1,0,1
2491600,75,1,1,0
4994376,75,1,0,1
1118616,75,1,1,0
1959464,75,1,0,1
3234328,75,1,1,0
1230664,75,1,1,0
475696,75,1,1,0
3773160,75,1,1,0
4203288,75,1,1,0
2574432,75,1,1,0
702992,75,1,0,1
4401592,75,1,1,0
171344,75,1,1,0
1129528,75,1,1,0
3670640,75,1,1,0
5065480,75,1,1,0
2938632,75,1,0,1
1747056,75,1,0,1
3710344,75,1,0,1
1234128,75,1,1,0
2745968,75,1,1,0
1697720,75,1,0,1
325264,75,1,0,1
2133792,75,1,1,0
1637688,75,1,0,1
7401528,75,1,1,0
3048544,75,1,1,0
4879544,75,1,0,1
1034872,75,1,1,0
3372568,75,1,0,1
1013960,75,1,1,0
6368104,75,1,0,1
877088,75,1,0,1
1177560,75,1,1,0
5646360,75,1,0,1
2331792,75,1,0,1
3175160,75,1,1,0
1022584,75,1,1,0
1210088,75,1,0,1
2817544,75,1,0,1
310392,75,1,1,0
1621568,75,1,1,0
8315224,75,1,1,0
4783568,75,1,1,0
7804536,75,1,1,0
6096080,75,1,1,0
7077368,75,1,0,1
207040,75,1,0,1
1078592,75,1,1,0
4591608,75,1,1,0
563048,75,1,1,0
5686368,75,1,0,1
1219888,75,1,0,1
633392,75,1,0,1
571600,75,1,0,1
499144,75,1,0,1
2566160,75,1,0,1
118336,75,1,1,0
2308352,75,1,0,1
4002488,75,1,1,0
1055000,75,1,0,1
497744,75,1,1,0
494072,75,1,1,0
7398648,75,1,1,0
2220312,75,1,1,0
572064,75,1,0,1
264616,75,1,0,1
400464,75,1,0,1
4638464,75,1,1,0
2714304,75,1,0,1
1115768,75,1,0,1
630600,75,1,0,1
742960,75,1,1,0
6962960,75,1,1,0
2609464,75,1,0,1
533816,75,1,1,0
5935512,75,1,1,0
2350632,75,1,1,0
1804288,75,1,1,0
700144,75,1,0,1
751368,75,1,1,0
1927112,75,1,1,0
5245232,75,1,0,1
6308104,75,1,1,0
830240,75,1,0,1
1576544,75,1,1,0
4889320,75,1,1,0
2488856,75,1,0,1
1344896,75,1,1,0
4300664,75,1,1,0
6356880,75,1,0,1
1511608,75,1,0,1
1754408,75,1,1,0
3094712,75,1,1,0
1306336,75,1,0,1
1287544,75,1,1,0
337968,75,1,1,0
1699160,75,1,1,0
7831400,75,1,0,1
864240,75,1,1,0
1389264,75,1,0,1
1121032,75,1,0,1
2508936,75,1,1,0
1032072,75,1,1,0
2413728,75,1,0,1
2937392,75,1,0,1
1342824,75,1,1,0
1172024,75,1,0,1
2204080,75,1,0,1
1562584,75,1,0,1
6807480,75,1,1,0
3600168,75,1,1,0
380704,75,1,1,0
5540184,75,1,0,1
3777912,75,1,1,0
1465096,75,1,0,1
537312,75,1,0,1
2135416,75,1,0,1
4353944,75,1,1,0
2501536,75,1,0,1
588392,75,1,1,0
7237240,75,1,1,0
6530472,75,1,0,1
704208,75,1,0,1
6001616,75,1,1,0
7592128,75,1,1,0
915080,75,1,1,0
3111616,75,1,1,0
2347056,75,1,1,0
4254704,75,1,0,1
5743600,75,1,0,1
3302632,75,1,0,1
865008,75,1,1,0
544808,75,1,1,0
3331728,75,1,1,0
2482944,75,1,0,1
1345496,75,1,0,1
3442960,75,1,1,0
8099408,75,1,1,0
5017096,75,1,1,0
1352904,75,1,0,1
1267960,75,1,0,1
556712,75,1,0,1
4080688,75,1,0,1
560720,75,1,0,1
3759600,75,1,1,0
1138088,75,1,0,1
5337168,75,1,0,1
816376,75,1,0,1
5670384,75,1,1,0
841016,75,1,0,1
254184,75,1,1,0
2367592,75,1,0,1
512552,75,1,1,0
3566272,75,1,1,0
5930632,75,1,0,1
1029016,75,1,0,1
4793888,75,1,1,0
3291200,75,1,0,1
1921104,75,1,0,1
765128,75,1,0,1
5194952,75,1,0,1
4193952,75,1,1,0
628344,75,1,1,0
6092976,75,1,0,1
5930920,75,1,0,1
1762784,75,1,1,0
2005080,75,1,1,0
5281320,75,1,1,0
2575920,75,1,1,0
5136848,75,1,0,1
2086200,75,1,0,1
301304,75,1,1,0
391176,75,1,0,1
569056,75,1,1,0
272688,75,1,1,0
7424928,75,1,1,0
6910144,75,1,0,1
789984,75,1,1,0
1535976,75,1,0,1
6910296,75,1,0,1
7578312,75,1,0,1
251176,75,1,1,0
1827032,75,1,1,0
1630632,75,1,1,0
1804536,75,1,1,0
2574312,75,1,1,0
497936,75,1,1,0
779448,75,1,0,1
4547672,75,1,0,1
7788096,75,1,0,1
4503912,75,1,0,1
704320,75,1,1,0
590776,75,1,0,1
1154416,75,1,1,0
523408,75,1,1,0
2726928,75,1,0,1
2464184,75,1,0,1
7121232,75,1,0,1
617408,75,1,0,1
5908808,75,1,0,1
7133800,75,1,1,0
85696,75,1,0,1
6760776,75,1,1,0
8294664,75,1,1,0
104328,75,1,0,1
3259536,75,1,0,1
643704,75,1,0,1
235616,75,1,1,0
8103144,75,1,1,0
485472,75,1,0,1
7696968,75,1,0,1
263832,75,1,1,0
742072,75,1,0,1
230424,75,1,0,1
1836128,75,1,0,1
7844144,75,1,0,1
6991792,75,1,0,1
966776,75,1,0,1
4211624,75,1,1,0
8365400,75,1,0,1
3650080,75,1,1,0
5627656,75,1,0,1
5469592,75,1,0,1
7061600,75,1,0,1
2150016,75,1,1,0
242680,75,1,1,0
441720,75,1,1,0
2582760,75,1,0,1
2555352,75,1,0,1
6934280,75,1,0,1
1849288,75,1,0,1
6605728,75,1,1,0
701984,75,1,1,0
3044888,75,1,1,0
3999272,75,1,1,0
2496648,75,1,1,0
2747392,75,1,0,1
6006200,75,1,0,1
7262104,75,1,0,1
4656712,75,1,1,0
4217512,75,1,0,1
995472,75,1,0,1
333408,75,1,1,0
4514992,75,1,0,1
3201976,75,1,1,0
4737088,75,1,0,1
1031232,75,1,0,1
8006120,75,1,0,1
626448,75,1,1,0
4983744,75,1,0,1
598960,75,1,0,1
8073960,75,1,0,1
291800,75,1,0,1
463504,75,1,1,0
534544,75,1,1,0
3406512,75,1,0,1
251816,75,1,0,1
4459880,75,1,1,0
3727864,75,1,0,1
6520864,75,1,1,0
1095912,75,1,0,1
3407936,75,1,1,0
8010216,75,1,1,0
875056,75,1,1,0
5719544,75,1,1,0
620624,75,1,0,1
5190856,75,1,0,1
1500776,75,1,1,0
900496,75,1,0,1
4044848,75,1,0,1
7090744,75,1,0,1
2144952,75,1,0,1
4023952,75,1,0,1
6146992,75,1,0,1
5263128,75,1,0,1
274592,75,1,0,1
4431344,75,1,1,0
3712680,75,1,1,0
2004544,75,1,1,0
674768,75,1,0,1
453248,75,1,0,1
1578872,75,1,1,0
551952,75,1,0,1
1498096,75,1,1,0
4166992,75,1,1,0
484568,75,1,1,0
6917400,75,1,0,1
3331440,75,1,0,1
5437056,75,1,0,1
601968,75,1,1,0
4661896,75,1,0,1
6612712,75,1,0,1
2225136,75,1,0,1
368320,75,1,1,0
5875912,75,1,0,1
3338712,75,1,1,0
1253424,75,1,0,1
3493688,75,1,0,1
475896,75,1,0,1
752408,75,1,0,1
5210136,75,1,1,0
329672,75,1,0,1
4108784,75,1,0,1
902280,75,1,0,1
1357784,75,1,0,1
2885768,75,1,1,0
7845072,75,1,0,1
7109864,75,1,0,1
6265456,75,1,1,0
1077568,75,1,0,1
5458032,75,1,0,1
283304,75,1,1,0
1452568,75,1,0,1
284312,75,1,0,1
1436496,75,1,1,0
3498552,75,1,1,0
5602184,75,1,1,0
6883368,75,1,1,0
1207304,75,1,0,1
8171184,75,1,1,0
5782408,75,1,0,1
364784,75,1,1,0
4863952,75,1,1,0
7305480,75,1,0,1
2131664,76,1,0,1
3041920,76,1,0,1
513344,76,1,1,0
291016,76,1,1,0
3149616,76,1,0,1
4292440,76,1,0,1
1792048,76,1,1,0
821896,76,1,1,0
1502768,76,1,0,1
1598448,76,1,1,0
4143104,76,1,0,1
3254384,76,1,1,0
1410336,76,1,1,0
1223520,76,1,1,0
5070248,76,1,1,0
498936,76,1,1,0
4286280,76,1,1,0
1905232,76,1,1,0
3604888,76,1,0,1
6835984,76,1,1,0
7334528,76,1,1,0
256928,76,1,1,0
7240368,76,1,1,0
3107592,76,1,1,0
6252096,76,1,0,1
6977944,76,1,0,1
148624,76,1,0,1
5145672,76,1,0,1
161656,76,1,1,0
3967608,76,1,1,0
158720,76,1,0,1
1279720,76,1,0,1
720816,76,1,1,0
2613704,76,1,0,1
180696,76,1,1,0
2008728,76,1,1,0
6289376,76,1,0,1
830328,76,1,1,0
5176112,76,1,1,0
4813960,76,1,0,1
1640960,76,1,1,0
1255536,76,1,0,1
283976,76,1,1,0
446032,76,1,0,1
1414640,76,1,0,1
249568,76,1,0,1
468144,76,1,1,0
6659912,76,1,0,1
1146336,76,1,0,1
917712,76,1,0,1
1925664,76,1,1,0
3351896,76,1,1,0
2040840,76,1,1,0
3605456,76,1,0,1
789744,76,1,0,1
500392,76,1,1,0
3951304,76,1,0,1
2842032,76,1,0,1
947280,76,1,0,1
7032200,76,1,1,0
2311232,76,1,1,0
1286176,76,1,1,0
1415400,76,1,1,0
184320,76,1,1,0
843912,76,1,1,0
6038112,76,1,0,1
1877472,76,1,1,0
944800,76,1,0,1
5228384,76,1,1,0
590712,76,1,0,1
185712,76,1,0,1
7587320,76,1,1,0
3162448,76,1,1,0
4936928,76,1,1,0
717984,76,1,1,0
62600,76,1,1,0
1124584,76,1,0,1
491176,76,1,1,0
1839952,76,1,1,0
1186896,76,1,0,1
999104,76,1,1,0
1315160,76,1,0,1
5150624,76,1,1,0
3336160,76,1,0,1
1617248,76,1,1,0
2749416,76,1,1,0
2940784,76,1,0,1
7634088,76,1,1,0
7346512,76,1,1,0
573992,76,1,1,0
5052656,76,1,1,0
4683752,76,1,0,1
1722640,76,1,0,1
93120,76,1,0,1
5813400,76,1,1,0
3360120,76,1,1,0
1337336,76,1,1,0
794296,76,1,1,0
1248280,76,1,1,0
7198056,76,1,1,0
6182240,76,1,1,0
789840,76,1,1,0
301392,76,1,1,0
2184168,76,1,0,1
1789240,76,1,0,1
642512,76,1,1,0
2781920,76,1,1,0
7346968,76,1,1,0
2857400,76,1,0,1
6884456,76,1,1,0
6799048,76,1,1,0
951704,76,1,1,0
2336208,76,1,1,0
2308928,76,1,1,0
277360,76,1,0,1
280536,76,1,1,0
954752,76,1,1,0
1357608,76,1,0,1
3422024,76,1,0,1
1119696,76,1,0,1
1121312,76,1,1,0
1330608,76,1,1,0
2668784,76,1,1,0
4099952,76,1,0,1
5668952,76,1,1,0
5607264,76,1,0,1
2407768,76,1,1,0
699872,76,1,0,1
7227040,76,1,0,1
6070488,76,1,1,0
5766008,76,1,1,0
8101120,76,1,1,0
1884360,76,1,1,0
1212184,76,1,0,1
564904,76,1,1,0
545328,76,1,1,0
3417776,76,1,1,0
1971328,76,1,0,1
2773272,76,1,0,1
3823456,76,1,0,1
769504,76,1,1,0
2869024,76,1,1,0
3500080,76,1,0,1
4231928,76,1,1,0
3313264,76,1,1,0
6745712,76,1,0,1
4767200,76,1,1,0
236104,76,1,0,1
4942720,76,1,0,1
8307832,76,1,0,1
1822512,76,1,0,1
5413160,76,1,0,1
1302328,76,1,0,1
680432,76,1,0,1
5259624,76,1,0,1
1233152,76,1,0,1
7467736,76,1,0,1
4195392,76,1,1,0
2164904,76,1,1,0
7668232,76,1,0,1
2979448,76,1,0,1
2017864,76,1,0,1
2168920,76,1,0,1
177584,76,1,1,0
375392,76,1,1,0
7092800,76,1,1,0
2994616,76,1,0,1
514456,76,1,1,0
7592488,76,1,1,0
4943168,76,1,1,0
305080,76,1,0,1
6274392,76,1,1,0
4252136,76,1,1,0
7703960,76,1,1,0
2496296,76,1,1,0
191536,76,1,1,0
6151400,76,1,1,0
366680,76,1,0,1
1797048,76,1,0,1
1267752,76,1,1,0
1760240,76,1,1,0
590112,76,1,1,0
5268240,76,1,0,1
3862032,76,1,0,1
358744,76,1,1,0
6042232,76,1,0,1
374672,76,1,0,1
3575816,76,1,1,0
1580664,76,1,0,1
1372568,76,1,1,0
8285088,76,1,1,0
600608,76,1,0,1
3145096,76,1,1,0
739856,76,1,1,0
3521592,76,1,0,1
2557176,76,1,0,1
6283280,76,1,0,1
1894848,76,1,1,0
5537576,76,1,1,0
3400264,76,1,1,0
2078128,76,1,0,1
5325968,76,1,1,0
3737336,76,1,0,1
3617448,76,1,1,0
4554208,76,1,0,1
5869248,76,1,1,0
3741744,76,1,0,1
1848608,76,1,1,0
1391168,76,1,0,1
5627568,76,1,0,1
1981648,76,1,0,1
1759936,76,1,0,1
506744,76,1,1,0
1126848,76,1,1,0
361744,76,1,1,0
5547256,76,1,0,1
4483456,76,1,1,0
5722736,76,1,0,1
2240248,76,1,0,1
7180640,76,1,1,0
6013392,76,1,1,0
1719656,76,1,1,0
2305976,76,1,0,1
7740840,76,1,1,0
3940680,76,1,0,1
5826008,76,1,0,1
978144,76,1,1,0
5917992,76,1,0,1
219496,76,1,1,0
3725872,76,1,0,1
1151600,76,1,1,0
655360,76,1,0,1
4566864,76,1,0,1
6132648,76,1,0,1
601424,76,1,1,0
2683928,76,1,0,1
2631376,76,1,0,1
6135384,76,1,1,0
5912384,76,1,0,1
5140112,76,1,1,0
1902960,76,1,1,0
749648,76,1,0,1
610424,76,1,1,0
2320728,76,1,0,1
2119912,76,1,0,1
1616064,76,1,1,0
7945608,76,1,0,1
886480,76,1,0,1
1063568,76,1,0,1
3469152,76,1,1,0
4343816,76,1,0,1
454344,76,1,0,1
3797864,76,1,0,1
2159320,76,1,0,1
5974488,76,1,1,0
4894360,76,1,1,0
322200,76,1,1,0
2843176,76,1,1,0
3244416,76,1,0,1
4577768,76,1,1,0
2949232,76,1,0,1
4873760,76,1,1,0
5967920,76,1,1,0
2502904,76,1,0,1
1082616,76,1,0,1
846368,76,1,1,0
771040,76,1,1,0
1917856,76,1,1,0
8319352,76,1,1,0
666320,76,1,1,0
5381496,76,1,0,1
4706432,76,1,0,1
2661432,76,1,0,1
2632832,76,1,0,1
3468448,76,1,1,0
4609016,76,1,0,1
763144,76,1,0,1
2325784,76,1,1,0
2281096,76,1,0,1
1833416,76,1,0,1
7729728,76,1,0,1
775560,76,1,1,0
8064128,76,1,1,0
7523224,76,1,0,1
2092024,76,1,1,0
3883120,76,1,0,1
1506768,76,1,1,0
3372128,76,1,1,0
2199560,76,1,0,1
1867552,76,1,1,0
734696,76,1,1,0
568400,76,1,1,0
2024688,76,1,0,1
2111976,76,1,0,1
8218056,76,1,0,1
374456,76,1,1,0
4466448,76,1,1,0
1381072,76,1,0,1
6975200,76,1,0,1
2806752,76,1,0,1
5841680,76,1,1,0
4549320,76,1,0,1
4009360,76,1,1,0
371632,76,1,0,1
3076512,76,1,0,1
3932672,76,1,0,1
974752,76,1,1,0
1536280,76,1,0,1
524168,76,1,0,1
3409656,76,1,0,1
5599056,76,1,1,0
4852856,76,1,1,0
7210856,76,1,0,1
1184240,76,1,1,0
7786440,76,1,1,0
887616,76,1,1,0
1835960,76,1,1,0
3413152,76,1,1,0
1899480,76,1,1,0
596728,76,1,0,1
1383440,76,1,1,0
5415752,76,1,0,1
5315320,76,1,0,1
3878984,76,1,0,1
1098528,76,1,0,1
1846944,76,1,0,1
791112,76,1,1,0
845352,76,1,1,0
809304,76,1,0,1
3150080,76,1,0,1
1908488,76,1,0,1
8276640,76,1,1,0
3080128,76,1,0,1
4642448,76,1,0,1
2588080,76,1,1,0
822200,76,1,0,1
4350968,76,1,1,0
5976896,76,1,0,1
2212824,76,1,0,1
371960,76,1,1,0
1043312,76,1,1,0
5290240,76,1,0,1
8117352,76,1,0,1
1002176,76,1,1,0
6906232,76,1,0,1
3098336,76,1,0,1
1899336,76,1,0,1
6339000,76,1,1,0
911016,76,1,0,1
4513904,76,1,1,0
2036144,76,1,1,0
3177096,76,1,1,0
441176,76,1,1,0
1832376,76,1,0,1
1597736,76,1,0,1
5057288,76,1,1,0
360728,76,1,1,0
443576,76,1,0,1
1900272,76,1,0,1
6466096,76,1,0,1
1255080,76,1,1,0
5825000,76,1,0,1
2370640,76,1,1,0
2813072,76,1,1,0
6788232,76,1,0,1
7551088,76,1,0,1
2609864,76,1,0,1
3281432,76,1,1,0
6125144,76,1,1,0
673368,76,1,0,1
1350552,76,1,1,0
1097896,76,1,1,0
911776,76,1,0,1
562576,76,1,0,1
4872632,76,1,1,0
1409264,76,1,0,1
4546256,76,1,0,1
382520,76,1,0,1
4917192,76,1,1,0
6838792,76,1,0,1
1469360,76,1,0,1
1455544,76,1,0,1
2946488,76,1,0,1
4032928,76,1,1,0
360560,76,1,1,0
875152,76,1,0,1
5448128,76,1,0,1
5121624,76,1,0,1
6423232,76,1,1,0
138584,76,1,0,1
3067040,76,1,0,1
1162312,76,1,1,0
3116872,76,1,0,1
105360,76,1,0,1
2070488,76,1,0,1
167216,76,1,0,1
4344992,76,1,0,1
158848,76,1,1,0
1334408,76,1,0,1
3993328,76,1,0,1
4020376,76,1,0,1
2511712,76,1,1,0
4899272,76,1,0,1
1615152,76,1,1,0
98000,76,1,0,1
4121944,76,1,1,0
5732552,76,1,1,0
5365008,76,1,0,1
597000,76,1,1,0
6805752,76,1,1,0
7340736,76,1,0,1
161000,76,1,1,0
1423824,76,1,0,1
1891352,76,1,0,1
667368,76,1,1,0
1800232,76,1,1,0
222120,76,1,0,1
1987696,76,1,1,0
1736768,76,1,1,0
4532992,76,1,1,0
1427384,76,1,1,0
6739776,76,1,1,0
2954520,76,1,0,1
2039200,76,1,1,0
1519056,76,1,1,0
977712,76,1,0,1
6612792,76,1,1,0
790232,76,1,0,1
294296,76,1,1,0
213952,76,1,1,0
1695952,76,1,0,1
4015008,76,1,0,1
6492848,76,1,1,0
190152,76,1,0,1
6234096,76,1,1,0
1335064,76,1,1,0
893840,76,1,0,1
1672648,76,1,0,1
5133736,76,1,0,1
4966968,76,1,0,1
4367824,76,1,0,1
2532584,76,1,0,1
4700056,76,1,0,1
557896,76,1,0,1
5217096,76,1,0,1
1510200,76,1,1,0
462744,76,1,1,0
1821536,76,1,1,0
1930392,76,1,1,0
242552,76,1,1,0
3390112,76,1,0,1
7738816,76,1,1,0
1248096,76,1,0,1
1438648,76,1,0,1
2607744,76,1,1,0
2958928,76,1,1,0
577592,76,1,1,0
7758344,76,1,0,1
771200,76,1,1,0
3137392,76,1,1,0
331328,76,1,0,1
2789720,76,1,1,0
3130840,76,1,0,1
6940104,76,1,1,0
1186256,76,1,0,1
1964160,76,1,1,0
2068176,76,1,0,1
8378360,76,1,1,0
4422472,76,1,0,1
2100720,76,1,0,1
3164640,76,1,0,1
8113936,76,1,1,0
813176,76,1,1,0
1399280,76,1,0,1
2944040,76,1,0,1
5864288,76,1,1,0
446872,76,1,0,1
6915072,76,1,1,0
2935240,76,1,1,0
1938136,76,1,1,0
4978248,76,1,1,0
2356904,76,1,0,1
4000296,76,1,0,1
1043816,76,1,1,0
856952,76,1,0,1
2977272,76,1,1,0
7161624,76,1,1,0
7499728,76,1,1,0
713280,76,1,0,1
346136,76,1,1,0
1518368,76,1,1,0
673840,76,1,0,1
671976,76,1,0,1
529248,76,1,0,1
2310256,76,1,0,1
2955208,76,1,0,1
1214088,76,1,0,1
4953464,76,1,0,1
798040,76,1,1,0
1566928,76,1,0,1
1345840,76,1,0,1
1878184,76,1,1,0
2233208,76,1,1,0
2378720,76,1,0,1
2617280,76,1,1,0
651472,76,1,0,1
853008,76,1,0,1
121648,76,1,0,1
215544,76,1,0,1
1635032,76,1,1,0
2173376,76,1,0,1
4317112,76,1,1,0
2377152,76,1,1,0
220280,76,1,0,1
168496,76,1,0,1
1322592,76,1,0,1
7464808,76,1,0,1
6770088,76,1,0,1
4354592,76,1,0,1
3295896,76,1,0,1
815352,76,1,1,0
2013000,76,1,0,1
2638008,76,1,0,1
6911496,76,1,1,0
7142368,76,1,0,1
548448,76,1,1,0
7564432,76,1,0,1
268760,76,1,0,1
7937424,76,1,1,0
887096,76,1,0,1
2385816,76,1,0,1
205984,76,1,1,0
194264,76,1,0,1
3379816,76,1,1,0
481376,76,1,0,1
845392,76,1,1,0
7240840,76,1,1,0
4970496,76,1,0,1
8084776,76,1,0,1
3081952,76,1,0,1
4180928,76,1,1,0
4176024,76,1,1,0
7209056,76,1,1,0
3648392,76,1,0,1
333888,76,1,0,1
810976,76,1,1,0
3711848,76,1,0,1
3018360,76,1,0,1
570512,76,1,1,0
1296520,76,1,1,0
4537592,76,1,0,1
2352776,76,1,0,1
378840,76,1,0,1
1109056,76,1,0,1
5743632,76,1,1,0
3405456,76,1,1,0
893192,76,1,0,1
3149856,76,1,1,0
6926512,76,1,0,1
1924736,76,1,0,1
5383904,76,1,0,1
873664,76,1,1,0
1153800,76,1,0,1
1967576,76,1,1,0
2392328,76,1,0,1
373760,76,1,0,1
769312,76,1,0,1
1126968,76,1,1,0
432480,76,1,0,1
7471504,76,1,1,0
5867936,76,1,1,0
1119080,76,1,1,0
4232112,76,1,1,0
6892432,76,1,0,1
1850744,76,1,0,1
578240,76,1,0,1
4523656,76,1,1,0
1724512,76,1,0,1
6653424,76,1,0,1
267656,76,1,1,0
7990400,76,1,0,1
508400,76,1,0,1
1486712,76,1,1,0
719976,76,1,1,0
6060240,76,1,1,0
4983768,76,1,0,1
5863304,76,1,0,1
281176,76,1,0,1
556944,76,1,0,1
2982000,76,1,1,0
1336048,76,1,1,0
7155944,76,1,0,1
741208,76,1,1,0
3730792,76,1,1,0
4885744,76,1,0,1
2766608,76,1,1,0
3977272,76,1,1,0
1473264,76,1,1,0
761760,76,1,1,0
850192,76,1,1,0
7024760,76,1,0,1
519872,76,1,0,1
791936,76,1,0,1
6346544,76,1,1,0
270432,76,1,1,0
6834240,76,1,1,0
5276120,76,1,0,1
3741888,76,1,1,0
3738304,76,1,0,1
583832,76,1,0,1
2550768,76,1,1,0
4355352,76,1,1,0
3059672,76,1,1,0
4671608,76,1,1,0
3455392,76,1,0,1
2673840,76,1,0,1
273736,76,1,1,0
319968,76,1,0,1
1095040,76,1,1,0
1236256,76,1,0,1
3521192,76,1,1,0
4981264,76,1,0,1
580784,76,1,0,1
6425128,76,1,1,0
1438488,76,1,0,1
2167320,76,1,0,1
5586408,76,1,0,1
675184,76,1,0,1
3013800,76,1,1,0
6961272,76,1,1,0
5394088,76,1,1,0
811776,76,1,0,1
143464,76,1,1,0
891200,76,1,0,1
217792,76,1,1,0
1126328,76,1,0,1
508568,76,1,1,0
3633264,76,1,1,0
3458864,76,1,0,1
8099192,76,1,0,1
1306864,76,1,0,1
1356128,76,1,0,1
803856,76,1,0,1
3607976,76,1,1,0
7113392,76,1,0,1
225240,76,1,1,0
3456656,76,1,1,0
3118704,76,1,0,1
1074776,76,1,0,1
2974160,76,1,0,1
2859280,76,1,1,0
5847816,76,1,0,1
2593160,76,1,1,0
780672,76,1,0,1
4764008,76,1,1,0
5336240,76,1,0,1
855992,76,1,0,1
785608,76,1,0,1
965784,76,1,1,0
1067480,76,1,1,0
5345144,76,1,1,0
2132616,76,1,0,1
6735344,76,1,1,0
2201896,76,1,1,0
2380336,76,1,1,0
6141472,76,1,0,1
6685112,76,1,1,0
3494728,76,1,1,0
6440216,76,1,1,0
317272,76,1,1,0
1957544,76,1,0,1
2851360,76,1,1,0
2852320,76,1,1,0
1896896,76,1,0,1
4077840,76,1,1,0
5783176,76,1,1,0
864072,76,1,0,1
1785752,76,1,1,0
54872,76,1,0,1
804792,76,1,1,0
1859936,76,1,0,1
3811424,76,1,1,0
7979696,76,1,0,1
6818160,76,1,0,1
4188832,76,1,1,0
5362104,76,1,1,0
863144,76,1,1,0
842568,76,1,1,0
1036328,76,1,0,1
3066248,76,1,0,1
1479456,76,1,0,1
7312240,76,1,0,1
173584,76,1,0,1
4733328,76,1,1,0
4838576,76,1,1,0
7052000,76,1,1,0
140040,76,1,1,0
5129448,76,1,1,0
848472,76,1,0,1
2384016,76,1,1,0
6885328,76,1,1,0
5406576,76,1,1,0
525064,76,1,1,0
386264,76,1,1,0
5093848,76,1,0,1
3888832,76,1,1,0
1879736,76,1,1,0
3484184,76,1,0,1
7764848,76,1,0,1
3604248,76,1,1,0
982760,76,1,1,0
915600,76,1,1,0
4715136,76,1,1,0
5951880,76,1,1,0
1543560,76,1,0,1
2203600,76,1,0,1
454320,76,1,0,1
104512,76,1,1,0
2360616,76,1,0,1
228280,76,1,0,1
6549080,76,1,1,0
1258168,76,1,0,1
2425704,76,1,1,0
372672,76,1,1,0
4604040,76,1,1,0
4052832,76,1,0,1
722816,76,1,1,0
1294704,76,1,1,0
944744,76,1,1,0
1447504,76,1,1,0
4817528,76,1,1,0
1612496,76,1,1,0
736000,76,1,0,1
1455744,76,1,1,0
4385728,76,1,1,0
2243112,76,1,0,1
2057760,76,1,1,0
402296,76,1,0,1
607216,76,1,1,0
2556096,76,1,0,1
5700096,76,1,0,1
1940328,76,1,1,0
2410880,76,1,0,1
565952,76,1,1,0
731056,76,1,1,0
5226240,76,1,0,1
755200,76,1,1,0
6077424,76,1,0,1
2499080,76,1,1,0
6308912,76,1,1,0
1738400,76,1,0,1
2573000,76,1,0,1
2985984,76,1,0,1
1050144,76,1,1,0
2038712,76,1,1,0
1743016,76,1,0,1
3107176,76,1,0,1
198840,76,1,0,1
1676616,76,1,0,1
6130128,76,1,1,0
731336,76,1,1,0
1579280,76,1,1,0
5526776,76,1,1,0
8084912,76,1,0,1
635240,76,1,0,1
832848,76,1,1,0
3605176,76,1,1,0
2065408,76,1,1,0
1321672,76,1,0,1
122944,76,1,0,1
7562936,76,1,0,1
2434824,76,1,0,1
7133160,76,1,0,1
881064,76,1,1,0
2158144,76,1,1,0
2805072,76,1,0,1
2154440,76,1,0,1
3961856,76,1,1,0
7783592,76,1,0,1
8170336,76,1,1,0
2053072,76,1,0,1
2798904,76,1,1,0
4212104,76,1,0,1
605048,76,1,1,0
907888,76,1,0,1
1157272,76,1,1,0
5651480,76,1,1,0
3832112,76,1,1,0
6270680,76,1,1,0
1143552,76,1,1,0
2623880,76,1,1,0
828264,76,1,1,0
3180848,76,1,1,0
1835272,76,1,1,0
3598784,76,1,1,0
1011504,76,1,0,1
392624,76,1,1,0
514472,76,1,1,0
7029040,76,1,0,1
2963552,76,1,1,0
147088,76,1,0,1
2302960,76,1,1,0
534488,76,1,1,0
1873976,76,1,1,0
5492424,76,1,1,0
760920,76,1,1,0
785992,76,1,0,1
3848896,76,1,1,0
2843360,76,1,0,1
2055120,76,1,1,0
220184,76,1,1,0
6066048,76,1,1,0
980992,76,1,1,0
5600064,76,1,1,0
783472,76,1,0,1
1395104,76,1,0,1
825240,76,1,0,1
2471944,76,1,0,1
959928,76,1,0,1
2549240,76,1,1,0
5557936,76,1,1,0
1100928,76,1,0,1
375144,76,1,0,1
4837664,76,1,0,1
1496672,76,1,0,1
1420448,76,1,0,1
1607488,76,1,1,0
753072,76,1,1,0
1698176,76,1,1,0
1742248,76,1,0,1
2700776,76,1,1,0
535192,76,1,1,0
744096,76,1,1,0
368256,76,1,0,1
834024,76,1,0,1
1971400,76,1,0,1
587496,76,1,0,1
4500888,76,1,1,0
1120560,76,1,0,1
697152,76,1,0,1
1003312,76,1,0,1
5799968,76,1,1,0
2635672,76,1,0,1
1246808,76,1,1,0
4473864,76,1,0,1
8257088,76,1,1,0
751288,76,1,0,1
2213480,76,1,0,1
6962464,76,1,0,1
3649048,76,1,1,0
1243648,76,1,1,0
5069704,76,1,1,0
1047504,76,1,0,1
349312,76,1,0,1
2728816,76,1,0,1
1122728,76,1,0,1
1107184,76,1,0,1
2421296,76,1,0,1
3507312,76,1,0,1
1714120,76,1,1,0
7570224,76,1,0,1
1929984,76,1,0,1
717152,76,1,1,0
348400,76,1,0,1
1094120,76,1,1,0
6029120,76,1,0,1
3488568,76,1,1,0
528848,76,1,0,1
5935624,76,1,1,0
7207720,76,1,0,1
2749352,76,1,1,0
350520,76,1,1,0
1444256,76,1,0,1
683264,76,1,0,1
1787976,76,1,0,1
1803424,76,1,0,1
1973408,76,1,0,1
3225968,76,1,0,1
4146208,76,1,0,1
1654888,76,1,1,0
2714440,76,1,1,0
2555176,76,1,0,1
2594480,76,1,0,1
549904,76,1,1,0
2081584,76,1,1,0
5819664,76,1,1,0
1526944,76,1,0,1
845656,76,1,1,0
1746336,76,1,0,1
7911168,76,1,0,1
1182152,76,1,1,0
1172248,76,1,0,1
3585448,76,1,1,0
364720,76,1,1,0
443408,76,1,1,0
913744,76,1,0,1
403392,76,1,1,0
5366912,76,1,0,1
3982280,76,1,1,0
6354320,76,1,0,1
4782296,76,1,1,0
905720,76,1,0,1
1041240,76,1,0,1
1553856,76,1,0,1
87656,76,1,1,0
7404120,76,1,1,0
1745776,76,1,0,1
2177128,76,1,0,1
1708672,76,1,1,0
487464,76,1,0,1
3752320,76,1,0,1
1011296,76,1,1,0
1304072,76,1,1,0
3984504,76,1,0,1
5695288,76,1,1,0
3228664,76,1,1,0
4557776,76,1,1,0
58904,76,1,1,0
4666880,76,1,0,1
3649848,76,1,1,0
1921296,76,1,1,0
3957472,76,1,0,1
3026576,76,1,0,1
444456,76,1,1,0
1013824,76,1,0,1
2895736,76,1,0,1
1283536,76,1,0,1
7547000,76,1,0,1
1252664,76,1,1,0
574336,76,1,1,0
809504,76,1,1,0
739400,76,1,1,0
3431888,76,1,1,0
1841616,76,1,1,0
2347920,76,1,0,1
1777808,76,1,0,1
6046856,76,1,0,1
3575616,76,1,1,0
2946536,76,1,1,0
863664,76,1,0,1
222800,76,1,0,1
3300808,76,1,0,1
7783864,76,1,0,1
930184,76,1,0,1
3054088,76,1,0,1
2241328,76,1,1,0
1943496,76,1,1,0
2853688,76,1,0,1
504064,76,1,0,1
6947864,76,1,1,0
395040,76,1,0,1
8263672,76,1,0,1
7995744,76,1,0,1
2021264,76,1,1,0
408928,76,1,1,0
1140616,76,1,1,0
1183232,76,1,0,1
567048,76,1,1,0
6396048,76,1,0,1
653648,76,1,1,0
4434464,76,1,1,0
5369128,76,1,0,1
6558304,76,1,1,0
1705592,76,1,0,1
8324984,76,1,1,0
2507232,76,1,0,1
1222256,76,1,0,1
1055856,76,1,1,0
6179584,76,1,1,0
108696,76,1,0,1
2979512,76,1,1,0
1360432,76,1,0,1
2182416,76,1,1,0
1153200,76,1,0,1
129536,76,1,1,0
805824,76,1,0,1
4762752,76,1,0,1
2617528,76,1,1,0
2252488,76,1,1,0
4823192,76,1,1,0
232792,76,1,0,1
887480,76,1,0,1
8094744,76,1,1,0
5024176,76,1,0,1
6458008,76,1,1,0
4852168,76,1,0,1
5980592,76,1,0,1
7316576,76,1,0,1
762232,76,1,1,0
255752,76,1,0,1
3730168,76,1,1,0
5040832,76,1,0,1
5745784,76,1,0,1
2428848,76,1,0,1
1631216,76,1,0,1
4902840,76,1,0,1
7484664,76,1,0,1
250920,76,1,0,1
363280,76,1,1,0
813416,76,1,1,0
3760488,76,1,0,1
868328,76,1,0,1
1447160,76,1,0,1
2490080,76,1,0,1
4432496,76,1,1,0
586800,76,1,0,1
4148368,76,1,0,1
198712,76,1,1,0
3700744,76,1,0,1
1911368,76,1,1,0
2125192,76,1,0,1
7511304,76,1,1,0
392304,76,1,0,1
6896720,76,1,1,0
5987280,76,1,0,1
1770768,76,1,1,0
418392,76,1,1,0
2775216,76,1,1,0
3335448,76,1,0,1
2863728,76,1,1,0
217760,76,1,1,0
1312200,76,1,0,1
1101168,76,1,0,1
3654816,76,1,1,0
470024,76,1,0,1
6217120,76,1,1,0
7850096,76,1,0,1
7573648,76,1,1,0
1454224,76,1,0,1
1950000,76,1,0,1
2994096,76,1,0,1
7039456,76,1,0,1
3571944,76,1,1,0
353912,76,1,0,1
1356848,76,1,0,1
906552,76,1,1,0
952816,76,1,1,0
5945672,76,1,1,0
437816,76,1,0,1
733296,76,1,0,1
5093760,76,1,0,1
839456,76,1,0,1
582096,76,1,1,0
3678704,76,1,1,0
6464688,76,1,1,0
2298480,76,1,0,1
5218008,76,1,1,0
3279976,76,1,0,1
5778520,76,1,0,1
801456,76,1,0,1
3824248,76,1,0,1
2611336,76,1,1,0
1838320,76,1,0,1
544032,76,1,1,0
1192312,76,1,1,0
811496,76,1,0,1
1000176,76,1,1,0
4305440,76,1,1,0
573168,76,1,0,1
888624,76,1,0,1
3039440,76,1,1,0
535064,76,1,0,1
3652040,76,1,1,0
5052520,76,1,1,0
1255064,76,1,1,0
4232568,76,1,1,0
2395048,76,1,0,1
1515312,76,1,0,1
4629504,76,1,0,1
725440,76,1,1,0
5455312,76,1,1,0
2896664,76,1,0,1
3322408,76,1,1,0
925112,76,1,0,1
8129120,76,1,1,0
165544,76,1,1,0
7132160,76,1,0,1
3363032,76,1,0,1
7007776,76,1,1,0
1649760,76,1,0,1
2241680,76,1,0,1
6999216,76,1,1,0
4307440,76,1,1,0
978304,76,1,0,1
676048,76,1,0,1
5805200,76,1,0,1
2700856,76,1,0,1
871416,76,1,1,0
2154168,76,1,1,0
1000760,76,1,1,0
7621360,76,1,0,1
1081632,76,1,0,1
2605552,76,1,0,1
765040,76,1,1,0
6230432,76,1,1,0
1985480,76,1,1,0
1053128,76,1,1,0
3920472,76,1,0,1
844408,76,1,0,1
519296,76,1,0,1
6795064,76,1,0,1
7886256,76,1,1,0
6131528,76,1,0,1
3402400,76,1,0,1
3409352,76,1,0,1
3014304,76,1,1,0
2713248,76,1,1,0
3981912,76,1,0,1
1833560,76,1,1,0
5572984,76,1,0,1
3084176,76,1,1,0
1074408,76,1,0,1
5754304,76,1,1,0
129808,76,1,1,0
615344,76,1,1,0
1232616,76,1,0,1
4019744,76,1,0,1
3427408,76,1,1,0
2527256,76,1,1,0
1613904,76,1,1,0
3071960,76,1,0,1
533720,76,1,1,0
3079096,76,1,1,0
429648,76,1,1,0
588960,76,1,0,1
2216128,76,1,0,1
2756504,76,1,0,1
7646120,76,1,1,0
7396536,76,1,0,1
779840,76,1,0,1
3810624,76,1,0,1
4978896,76,1,0,1
508944,76,1,0,1
425096,76,1,1,0
2961448,76,1,1,0
6404608,76,1,0,1
7016928,76,1,1,0
1673256,76,1,0,1
3071872,76,1,1,0
4356312,76,1,1,0
237608,76,1,0,1
1573208,76,1,1,0
1572584,76,1,1,0
2051424,76,1,1,0
4841216,76,1,0,1
5956904,76,1,0,1
4077136,76,1,0,1
800320,76,1,1,0
2630232,76,1,1,0
1029768,76,1,1,0
4583504,76,1,1,0
180784,76,1,0,1
479168,76,1,1,0
1697040,76,1,1,0
4227384,76,1,1,0
1459304,76,1,1,0
712136,76,1,1,0
898376,76,1,0,1
1131288,76,1,1,0
1543616,76,1,0,1
1868392,76,1,0,1
368592,76,1,0,1
6922840,76,1,1,0
1428296,76,1,1,0
2680256,76,1,1,0
422440,76,1,0,1
751536,76,1,0,1
4301960,76,1,0,1
881432,76,1,0,1
3800856,76,1,1,0
1250176,76,1,1,0
586448,76,1,0,1
7546360,76,1,1,0
343408,76,1,1,0
3225792,76,1,1,0
4873168,76,1,0,1
4983376,76,1,0,1
3129928,76,1,0,1
1126320,76,1,0,1
7023776,76,1,1,0
1481008,76,1,0,1
7410344,76,1,1,0
1919728,76,1,1,0
6480888,76,1,0,1
1163504,76,1,1,0
2656656,76,1,1,0
1279120,76,1,0,1
4127624,76,1,0,1
823800,76,1,0,1
4125552,76,1,0,1
1042856,76,1,0,1
1415048,76,1,1,0
8027512,76,1,1,0
2337792,76,1,0,1
6699952,76,1,0,1
163432,76,1,1,0
3936712,76,1,0,1
4176312,76,1,1,0
480744,76,1,1,0
1813536,76,1,1,0
6444704,76,1,0,1
6243560,76,1,0,1
921488,76,1,1,0
970776,76,1,1,0
2496288,76,1,1,0
4969096,76,1,1,0
228744,76,1,1,0
663656,76,1,0,1
7951760,76,1,0,1
970936,76,1,1,0
1965368,76,1,1,0
2981952,76,1,0,1
6422136,76,1,0,1
3925888,76,1,0,1
4643664,76,1,0,1
2404872,76,1,0,1
4322000,76,1,0,1
152040,76,1,0,1
313944,76,1,0,1
7833656,76,1,1,0
5076768,76,1,0,1
877288,76,1,1,0
1620456,76,1,1,0
1286936,76,1,1,0
321568,76,1,0,1
5721872,76,1,0,1
1532056,76,1,1,0
3774496,76,1,0,1
480904,76,1,0,1
599680,76,1,0,1
593776,76,1,0,1
3887600,76,1,0,1
550128,76,1,0,1
510952,76,1,0,1
1284032,76,1,0,1
1746088,76,1,1,0
7366696,76,1,1,0
7833112,76,1,0,1
3289040,76,1,0,1
1190880,76,1,0,1
4649176,76,1,1,0
711000,76,1,1,0
786472,76,1,0,1
1592240,76,1,0,1
2947320,76,1,0,1
6779952,76,1,1,0
3197112,76,1,1,0
2843856,76,1,1,0
7989120,76,1,1,0
7669296,76,1,1,0
2139392,76,1,1,0
662528,76,1,0,1
304616,76,1,1,0
6023128,76,1,0,1
2821944,76,1,1,0
3888480,76,1,1,0
2104984,76,1,0,1
1586432,76,1,0,1
1204336,76,1,0,1
6740856,76,1,0,1
629216,76,1,1,0
5099224,76,1,1,0
5081704,76,1,0,1
3924560,76,1,0,1
6481440,76,1,0,1
2907160,76,1,0,1
5095312,76,1,1,0
3097024,76,1,0,1
5294784,76,1,0,1
906704,76,1,0,1
4770376,76,1,0,1
733232,76,1,0,1
2805840,76,1,1,0
2836184,76,1,1,0
464944,76,1,0,1
2523216,76,1,0,1
856056,76,1,1,0
3331624,76,1,0,1
328936,76,1,1,0
390640,76,1,1,0
4440472,76,1,0,1
7895216,76,1,1,0
3791568,76,1,1,0
2451648,76,1,0,1
817000,76,1,0,1
549304,76,1,1,0
1241544,76,1,1,0
380744,76,1,0,1
291832,76,1,1,0
3477192,76,1,0,1
6706024,76,1,1,0
4847856,76,1,1,0
5071704,76,1,0,1
7593752,76,1,1,0
1862448,76,1,1,0
750304,76,1,1,0
1150416,76,1,0,1
939368,76,1,0,1
2523104,76,1,0,1
878768,76,1,0,1
2174112,76,1,0,1
6437152,76,1,0,1
3072584,76,1,1,0
367000,76,1,1,0
290072,76,1,1,0
4964328,76,1,0,1
5035792,76,1,1,0
4113360,76,1,1,0
8156576,76,1,1,0
2168192,76,1,1,0
7349648,76,1,0,1
4620248,76,1,1,0
6823568,76,1,0,1
1058472,76,1,1,0
2142944,76,1,0,1
5223376,76,1,0,1
6218872,76,1,1,0
2866728,76,1,1,0
2482576,76,1,0,1
3659848,76,1,1,0
7623672,76,1,0,1
1020696,76,1,1,0
624072,76,1,0,1
6404864,76,1,1,0
781496,76,1,1,0
3420016,76,1,1,0
7176208,76,1,1,0
4843608,76,1,1,0
635920,76,1,1,0
4415576,76,1,0,1
2335520,76,1,0,1
4198152,76,1,0,1
2854144,76,1,0,1
220640,76,1,0,1
239136,76,1,0,1
5964880,76,1,0,1
7249600,76,1,0,1
1764912,76,1,0,1
7986688,76,1,0,1
2465968,76,1,1,0
239904,76,1,0,1
1093928,76,1,1,0
972360,76,1,1,0
698640,76,1,0,1
901496,76,1,0,1
6309808,76,1,0,1
1418024,76,1,1,0
454288,76,1,1,0
6857880,76,1,1,0
1593128,76,1,1,0
2525600,76,1,1,0
1817488,76,1,1,0
2052648,76,1,0,1
3715496,76,1,0,1
830080,76,1,0,1
2869712,76,1,1,0
1324168,76,1,1,0
776624,76,1,1,0
6076248,76,1,0,1
990696,76,1,0,1
1098656,76,1,0,1
5164848,76,1,1,0
1884584,76,1,0,1
765144,76,1,0,1
1335752,76,1,1,0
7262944,76,1,1,0
494512,76,1,1,0
4219040,76,1,1,0
7300952,76,1,1,0
4859696,76,1,1,0
1887168,76,1,1,0
359312,76,1,0,1
1563456,76,1,0,1
5599472,76,1,1,0
1107496,76,1,0,1
3390896,76,1,0,1
2254696,76,1,1,0
1010328,76,1,0,1
973976,76,1,1,0
292552,76,1,1,0
166920,76,1,0,1
3524432,76,1,0,1
3501912,76,1,1,0
1965328,76,1,1,0
1630336,76,1,0,1
7672904,76,1,0,1
2219072,76,1,1,0
1747336,76,1,1,0
2355080,76,1,0,1
4390008,76,1,0,1
744616,76,1,1,0
3673688,76,1,0,1
4222232,76,1,1,0
1687488,76,1,0,1
6942920,76,1,0,1
3467400,76,1,0,1
1389936,76,1,1,0
956752,76,1,1,0
756928,76,1,1,0
1587672,76,1,0,1
4583688,76,1,1,0
1583512,76,1,1,0
6523536,76,1,1,0
900328,76,1,1,0
5831384,76,1,1,0
682496,76,1,0,1
3105376,76,1,0,1
4031608,76,1,0,1
1420232,76,1,0,1
2495664,76,1,0,1
5035392,76,1,0,1
1232560,76,1,1,0
2534168,76,1,1,0
2040368,76,1,0,1
137696,76,1,1,0
486448,76,1,1,0
5917032,76,1,1,0
3532672,76,1,1,0
1999640,76,1,0,1
2428680,76,1,0,1
3346200,76,1,0,1
5772504,76,1,1,0
2596400,76,1,0,1
3331672,76,1,0,1
7408680,76,1,1,0
2253016,76,1,0,1
4118344,76,1,1,0
1600152,76,1,0,1
1248072,76,1,0,1
501544,76,1,1,0
5313536,76,1,1,0
1289848,76,1,1,0
1280040,76,1,1,0
2456920,76,1,0,1
1010520,76,1,1,0
994712,76,1,1,0
6109512,76,1,1,0
2045440,76,1,1,0
4452800,76,1,1,0
640136,76,1,1,0
7042760,76,1,1,0
6095520,76,1,1,0
5160120,76,1,0,1
3026712,76,1,0,1
1144816,76,1,0,1
6889048,76,1,1,0
7134456,76,1,0,1
1443696,76,1,0,1
3691976,76,1,0,1
8273688,76,1,0,1
1119256,76,1,1,0
1651608,76,1,1,0
4631888,76,1,0,1
6868928,76,1,1,0
5041608,76,1,0,1
2012048,76,1,0,1
1392288,76,1,0,1
4599296,76,1,1,0
2348312,76,1,1,0
771872,76,1,1,0
1535608,76,1,0,1
5929088,76,1,0,1
3026256,76,1,0,1
5284064,76,1,0,1
4390664,76,1,0,1
1104232,76,1,0,1
8132744,76,1,1,0
3929648,76,1,1,0
606536,76,1,1,0
5368744,76,1,1,0
2832312,76,1,0,1
667624,76,1,0,1
6880176,76,1,1,0
476912,76,1,0,1
992424,76,1,1,0
213728,76,1,1,0
4310696,76,1,0,1
1292176,76,1,1,0
4394496,76,1,0,1
1296008,76,1,1,0
879008,76,1,1,0
2104064,76,1,1,0
6304400,76,1,0,1
2100536,76,1,1,0
8189136,76,1,1,0
2534352,76,1,0,1
4614656,76,1,1,0
682296,76,1,1,0
401288,76,1,0,1
2419760,76,1,1,0
4315456,76,1,0,1
1348104,76,1,1,0
560696,76,1,1,0
8231784,76,1,0,1
334376,76,1,0,1
652960,76,1,1,0
6010288,76,1,0,1
4589216,76,1,1,0
2511984,76,1,1,0
276936,76,1,1,0
178080,76,1,0,1
6924512,76,1,1,0
7108952,76,1,0,1
6030232,76,1,0,1
7979656,76,1,1,0
1121104,76,1,1,0
814856,76,1,1,0
5308584,76,1,1,0
3675232,76,1,1,0
2369048,76,1,0,1
4678320,76,1,0,1
8310464,76,1,0,1
1000576,76,1,0,1
922128,76,1,0,1
1733328,76,1,1,0
3570312,76,1,0,1
2145496,76,1,0,1
2385144,76,1,0,1
6546048,76,1,1,0
1760224,76,1,0,1
2365640,76,1,0,1
1399320,76,1,0,1
826264,76,1,0,1
1930136,76,1,1,0
1484848,76,1,0,1
4981704,76,1,1,0
1975952,76,1,0,1
579368,76,1,1,0
2654784,76,1,0,1
7860032,76,1,1,0
3372896,76,1,1,0
250224,76,1,0,1
2060240,76,1,0,1
7726144,76,1,0,1
5783968,76,1,1,0
3906464,76,1,0,1
8343344,76,1,0,1
538064,76,1,0,1
2659112,76,1,1,0
8090336,76,1,0,1
3834208,76,1,1,0
454120,76,1,0,1
6344416,76,1,0,1
2665000,76,1,1,0
3688584,76,1,1,0
1457464,76,1,0,1
2816808,76,1,1,0
1437136,76,1,0,1
4140400,76,1,0,1
5797424,76,1,1,0
6762064,76,1,1,0
3037224,76,1,1,0
1517896,76,1,0,1
4554544,76,1,0,1
3819312,76,1,0,1
5921480,76,1,0,1
634880,76,1,1,0
2736464,76,1,1,0
667056,76,1,0,1
621624,76,1,0,1
4471848,76,1,0,1
1393832,76,1,0,1
4035304,76,1,0,1
1160568,76,1,1,0
6586632,76,1,1,0
4625584,76,1,0,1
889232,76,1,0,1
1235880,76,1,0,1
381184,76,1,1,0
5399528,76,1,0,1
5496056,76,1,1,0
3961696,76,1,0,1
214312,76,1,1,0
6760712,76,1,1,0
146856,76,1,1,0
6458136,76,1,0,1
1259328,76,1,0,1
306608,76,1,1,0
8388192,76,1,0,1
6342808,76,1,1,0
7181640,76,1,0,1
7828592,76,1,1,0
3860208,76,1,1,0
1283320,76,1,1,0
112592,76,1,1,0
331376,76,1,1,0
7994240,76,1,0,1
5896152,76,1,0,1
2458824,76,1,1,0
844024,76,1,1,0
2319552,76,1,0,1
2030128,76,1,0,1
2863880,76,1,1,0
5813512,76,1,1,0
1546176,76,1,1,0
609640,76,1,1,0
1886008,76,1,0,1
2302768,76,1,0,1
5033936,76,1,0,1
3083800,76,1,0,1
5161464,76,1,1,0
4500400,76,1,0,1
3986328,76,1,0,1
3776456,76,1,1,0
2727008,76,1,0,1
7851488,76,1,1,0
2689256,76,1,1,0
3942832,76,1,0,1
1170552,76,1,0,1
2214464,76,1,0,1
1778640,76,1,1,0
7838008,76,1,1,0
1343792,76,1,0,1
5969096,76,1,0,1
804688,76,1,0,1
3066136,76,1,0,1
5341496,76,1,0,1
2625848,76,1,1,0
3287696,76,1,1,0
6792448,76,1,1,0
6712032,76,1,1,0
5644408,76,1,0,1
5361648,76,1,1,0
4906752,76,1,1,0
5332096,76,1,0,1
1263744,76,1,1,0
2242848,76,1,1,0
3926224,76,1,0,1
2363296,76,1,1,0
530976,76,1,0,1
1564584,76,1,0,1
377320,76,1,1,0
2735832,76,1,1,0
6318680,76,1,0,1
4767464,76,1,1,0
2125544,76,1,0,1
4514240,76,1,1,0
877008,76,1,1,0
256256,76,1,1,0
189104,76,1,1,0
6377520,76,1,1,0
628568,76,1,1,0
5198184,76,1,0,1
5020328,76,1,0,1
658352,76,1,0,1
3808816,76,1,1,0
1683760,76,1,0,1
518560,76,1,1,0
465224,76,1,0,1
434112,76,1,1,0
807112,76,1,0,1
221064,76,1,1,0
2124208,76,1,1,0
2074848,76,1,0,1
6242096,76,1,1,0
1840440,76,1,1,0
3328744,76,1,1,0
2727344,76,1,0,1
476592,76,1,1,0
5070256,76,1,0,1
234736,76,1,1,0
5235912,76,1,0,1
6490024,76,1,1,0
2529528,76,1,1,0
3557304,76,1,0,1
951048,76,1,0,1
1032712,76,1,0,1
6290344,76,1,1,0
3342808,76,1,1,0
960352,76,1,0,1
225032,76,1,0,1
4526128,76,1,0,1
3528904,76,1,1,0
2382320,76,1,1,0
8082576,76,1,0,1
1215088,76,1,0,1
964888,76,1,0,1
1653912,76,1,0,1
7700072,76,1,0,1
1902256,76,1,0,1
1274288,76,1,0,1
6219448,76,1,1,0
5273896,76,1,1,0
5095360,76,1,0,1
4978496,76,1,1,0
2820016,76,1,1,0
4715960,76,1,0,1
3129784,76,1,1,0
234264,76,1,0,1
4081064,76,1,1,0
408000,76,1,0,1
1349072,76,1,1,0
8228296,76,1,1,0
7893800,76,1,1,0
5235304,76,1,1,0
703968,76,1,1,0
7632440,76,1,0,1
992040,76,1,0,1
3542480,76,1,0,1
658016,76,1,0,1
1605832,76,1,1,0
1014800,76,1,1,0
5773072,76,1,1,0
541344,76,1,1,0
2086712,76,1,1,0
5190896,76,1,1,0
5325520,76,1,0,1
2132448,76,1,1,0
814968,76,1,0,1
6078040,76,1,1,0
2519736,76,1,1,0
2642320,76,1,1,0
5363344,76,1,1,0
3121384,76,1,1,0
944992,76,1,1,0
2867856,76,1,0,1
152224,76,1,1,0
402960,76,1,0,1
291496,76,1,1,0
471392,76,1,0,1
6650960,76,1,1,0
210496,76,1,0,1
1173120,76,1,0,1
629192,76,1,1,0
4870080,76,1,1,0
4934584,76,1,0,1
1164744,76,1,1,0
1091112,76,1,0,1
2994400,76,1,1,0
2448352,76,1,1,0
3378968,76,1,1,0
2439072,76,1,1,0
527464,76,1,1,0
1629640,76,1,1,0
1810568,76,1,0,1
4516112,76,1,0,1
3470328,76,1,0,1
4568968,76,1,0,1
1236768,76,1,0,1
6068928,76,1,1,0
8077520,76,1,1,0
6359048,76,1,0,1
742040,76,1,0,1
5012984,76,1,0,1
4303464,76,1,1,0
8186152,76,1,0,1
582024,76,1,0,1
1840336,76,1,1,0
3433944,76,1,1,0
2812936,76,1,0,1
754704,76,1,1,0
1138384,76,1,0,1
3451560,76,1,1,0
707784,76,1,1,0
3206352,76,1,0,1
566904,76,1,0,1
5346696,76,1,1,0
3391248,76,1,0,1
1029968,76,1,1,0
343240,76,1,1,0
1092624,76,1,1,0
122568,76,1,1,0
6493664,76,1,1,0
312160,76,1,1,0
4460000,76,1,0,1
2555880,76,1,1,0
538536,76,1,1,0
7890640,76,1,0,1
517520,76,1,1,0
1144512,76,1,0,1
1107144,76,1,1,0
307456,76,1,0,1
958352,76,1,0,1
1966400,76,1,0,1
2059488,76,1,0,1
861544,76,1,1,0
6543032,76,1,0,1
887728,76,1,1,0
361448,76,1,0,1
3768880,76,1,0,1
6620272,76,1,0,1
6283040,76,1,1,0
1255600,76,1,0,1
2299160,76,1,0,1
1354080,76,1,1,0
2615848,76,1,0,1
2267952,76,1,0,1
581456,76,1,0,1
6690176,76,1,1,0
1180608,76,1,0,1
3938648,76,1,1,0
3396296,76,1,0,1
1584752,76,1,1,0
487264,76,1,0,1
5515296,76,1,1,0
3953080,76,1,1,0
7278912,76,1,0,1
1074976,76,1,0,1
1157400,76,1,1,0
695896,76,1,0,1
2746712,76,1,1,0
2066944,76,1,1,0
588352,76,1,0,1
975672,76,1,0,1
7089400,76,1,0,1
7668296,76,1,0,1
4667456,76,1,1,0
2020176,76,1,1,0
1279944,76,1,1,0
268312,76,1,0,1
1387528,76,1,1,0
7412936,76,1,1,0
3324400,76,1,1,0
7402136,76,1,1,0
774360,76,1,1,0
5300744,76,1,1,0
754872,76,1,0,1
1684176,76,1,0,1
383240,76,1,1,0
6559752,76,1,0,1
745752,76,1,0,1
4570864,76,1,1,0
1413424,76,1,0,1
6367632,76,1,0,1
2103848,76,1,0,1
325896,76,1,0,1
3614832,76,1,0,1
1312080,76,1,1,0
1851016,76,1,0,1
6682832,76,1,1,0
2749936,76,1,1,0
4151896,76,1,1,0
336416,76,1,0,1
5783712,76,1,1,0
1067784,76,1,1,0
568784,76,1,1,0
194920,76,1,0,1
2560240,76,1,1,0
1874944,76,1,0,1
3835616,76,1,1,0
3225512,76,1,1,0
5740200,76,1,1,0
3242912,76,1,0,1
477320,76,1,1,0
1329560,76,1,1,0
7674720,76,1,1,0
1324832,76,1,1,0
1089848,76,1,1,0
7683112,76,1,0,1
4353032,76,1,0,1
764768,76,1,1,0
2711544,76,1,0,1
1184784,76,1,0,1
4541192,76,1,1,0
3237864,76,1,0,1
389624,76,1,1,0
291856,76,1,1,0
3479464,76,1,1,0
285096,76,1,0,1
2911176,76,1,1,0
5765400,76,1,1,0
7466808,76,1,1,0
2911960,76,1,1,0
7085848,76,1,0,1
6620632,76,1,0,1
2543160,76,1,0,1
332776,76,1,1,0
1591880,76,1,1,0
2302232,76,1,0,1
503928,76,1,1,0
1770248,76,1,1,0
7049216,76,1,1,0
3948848,76,1,0,1
167696,76,1,0,1
2049256,76,1,1,0
1248016,76,1,0,1
2219144,76,1,1,0
8124080,76,1,1,0
318848,76,1,1,0
2442008,76,1,1,0
5458856,76,1,1,0
347648,76,1,1,0
3429888,76,1,1,0
3266296,76,1,1,0
1665144,76,1,0,1
1985288,76,1,0,1
974224,76,1,1,0
1110208,76,1,1,0
5490488,76,1,0,1
6633632,76,1,0,1
3883016,76,1,1,0
6734344,76,1,0,1
2644624,76,1,1,0
1289896,76,1,0,1
8146808,76,1,0,1
570400,76,1,1,0
457512,76,1,0,1
2035536,76,1,0,1
6350352,76,1,0,1
5490728,76,1,0,1
5328688,76,1,0,1
406584,77,1,0,1
3963800,77,1,1,0
2737736,77,1,0,1
188056,77,1,0,1
3366984,77,1,1,0
1655848,77,1,0,1
5792592,77,1,1,0
8345592,77,1,0,1
1076352,77,1,1,0
370856,77,1,0,1
8260352,77,1,1,0
2180120,77,1,1,0
611816,77,1,1,0
592144,77,1,0,1
306400,77,1,1,0
951712,77,1,0,1
201360,77,1,1,0
701080,77,1,1,0
8240312,77,1,0,1
2120240,77,1,1,0
7576736,77,1,1,0
952416,77,1,0,1
5911872,77,1,0,1
918688,77,1,1,0
254312,77,1,0,1
3396832,77,1,1,0
1422888,77,1,1,0
4905320,77,1,0,1
8072520,77,1,1,0
384896,77,1,1,0
555160,77,1,1,0
416968,77,1,0,1
1965752,77,1,1,0
3417944,77,1,0,1
1146592,77,1,0,1
8025488,77,1,0,1
5481664,77,1,0,1
7358048,77,1,1,0
6660504,77,1,1,0
2371736,77,1,1,0
4090000,77,1,0,1
1392528,77,1,1,0
4719080,77,1,0,1
1017736,77,1,0,1
2365456,77,1,1,0
3776056,77,1,1,0
262816,77,1,0,1
4131912,77,1,0,1
2273000,77,1,1,0
2895904,77,1,1,0
1030112,77,1,1,0
380432,77,1,1,0
313504,77,1,1,0
4090160,77,1,1,0
2114408,77,1,0,1
5029680,77,1,1,0
1034696,77,1,1,0
8063504,77,1,1,0
2696416,77,1,0,1
3314488,77,1,0,1
260872,77,1,1,0
3217264,77,1,1,0
598376,77,1,0,1
949488,77,1,1,0
3217280,77,1,0,1
4681168,77,1,1,0
1097240,77,1,1,0
4227848,77,1,0,1
249096,77,1,1,0
1219248,77,1,1,0
3295288,77,1,0,1
1398536,77,1,1,0
3441336,77,1,0,1
1071016,77,1,0,1
275648,77,1,0,1
4776760,77,1,1,0
2238200,77,1,0,1
298688,77,1,0,1
537024,77,1,0,1
472432,77,1,0,1
2630912,77,1,1,0
2304360,77,1,0,1
1648760,77,1,0,1
1336200,77,1,1,0
3140856,77,1,0,1
609560,77,1,1,0
935000,77,1,0,1
5985952,77,1,0,1
1607040,77,1,0,1
3476080,77,1,0,1
2593824,77,1,1,0
3001040,77,1,1,0
3754408,77,1,0,1
5878848,77,1,0,1
848792,77,1,1,0
1008680,77,1,0,1
1177280,77,1,0,1
919776,77,1,1,0
5738992,77,1,1,0
1055480,77,1,0,1
472896,77,1,1,0
2078016,77,1,1,0
3271952,77,1,1,0
1110752,77,1,1,0
7139216,77,1,1,0
453016,77,1,0,1
7551016,77,1,1,0
1554024,77,1,1,0
1303896,77,1,1,0
5252528,77,1,1,0
886336,77,1,0,1
3254216,77,1,1,0
1167240,77,1,0,1
627896,77,1,1,0
589896,77,1,1,0
191488,77,1,1,0
386512,77,1,1,0
2715176,77,1,0,1
6133376,77,1,0,1
4782944,77,1,1,0
751656,77,1,1,0
4169384,77,1,0,1
6982352,77,1,0,1
5771784,77,1,0,1
943064,77,1,1,0
1012184,77,1,0,1
902120,77,1,0,1
6181312,77,1,0,1
788776,77,1,1,0
5599184,77,1,1,0
3099600,77,1,1,0
4401232,77,1,0,1
6506760,77,1,0,1
3053392,77,1,0,1
7981592,77,1,0,1
2042512,77,1,0,1
5304416,77,1,0,1
2168880,77,1,1,0
2807600,77,1,0,1
2903232,77,1,0,1
1003096,77,1,0,1
2913792,77,1,0,1
114816,77,1,1,0
1350224,77,1,0,1
555048,77,1,0,1
627152,77,1,0,1
944816,77,1,0,1
3961816,77,1,1,0
2485208,77,1,0,1
3947880,77,1,0,1
1242968,77,1,0,1
2680752,77,1,1,0
4013632,77,1,0,1
3428784,77,1,1,0
633512,77,1,1,0
348040,77,1,0,1
139704,77,1,1,0
947832,77,1,0,1
4564080,77,1,1,0
1364856,77,1,0,1
1723936,77,1,1,0
5515368,77,1,1,0
5741144,77,1,0,1
4347528,77,1,1,0
845424,77,1,0,1
7060376,77,1,1,0
7650384,77,1,0,1
434960,77,1,1,0
2440432,77,1,1,0
932680,77,1,1,0
5848440,77,1,0,1
1424224,77,1,1,0
1071064,77,1,1,0
3446744,77,1,1,0
407528,77,1,0,1
2882640,77,1,0,1
2029440,77,1,0,1
7700200,77,1,0,1
3393760,77,1,0,1
4101000,77,1,1,0
1950160,77,1,1,0
4274064,77,1,1,0
7043512,77,1,1,0
2000656,77,1,1,0
1232968,77,1,1,0
1100248,77,1,0,1
4766336,77,1,0,1
539352,77,1,0,1
3001752,77,1,0,1
3533760,77,1,0,1
8100672,77,1,1,0
3283112,77,1,1,0
3465104,77,1,0,1
438232,77,1,1,0
4488472,77,1,1,0
530504,77,1,0,1
874800,77,1,1,0
319240,77,1,1,0
6650416,77,1,1,0
2427552,77,1,0,1
1022784,77,1,1,0
324632,77,1,0,1
717088,77,1,1,0
454216,77,1,0,1
294088,77,1,1,0
1460728,77,1,1,0
1818016,77,1,0,1
5334216,77,1,1,0
8309808,77,1,1,0
409672,77,1,0,1
194968,77,1,1,0
1888512,77,1,0,1
2616760,77,1,1,0
5268072,77,1,1,0
7855576,77,1,0,1
264224,77,1,1,0
2963976,77,1,1,0
2039328,77,1,1,0
7199272,77,1,0,1
6269192,77,1,1,0
1473712,77,1,1,0
2023320,77,1,0,1
3273392,77,1,1,0
562144,77,1,0,1
1044192,77,1,1,0
198592,77,1,1,0
2459144,77,1,1,0
898336,77,1,0,1
2330192,77,1,1,0
4936264,77,1,0,1
1351696,77,1,0,1
512104,77,1,0,1
883688,77,1,1,0
1557816,77,1,0,1
5792824,77,1,0,1
1034880,77,1,0,1
3749272,77,1,1,0
3892048,77,1,0,1
1134496,77,1,0,1
3840456,77,1,0,1
173448,77,1,0,1
177640,77,1,1,0
631200,77,1,1,0
2999416,77,1,1,0
2423632,77,1,0,1
6469840,77,1,1,0
3792640,77,1,1,0
736280,77,1,1,0
4042064,77,1,1,0
3808760,77,1,1,0
4115232,77,1,1,0
2161600,77,1,0,1
1068320,77,1,1,0
919152,77,1,1,0
2738520,77,1,1,0
2847752,77,1,0,1
4999816,77,1,1,0
2738512,77,1,0,1
553752,77,1,0,1
4704176,77,1,1,0
619896,77,1,0,1
3943416,77,1,0,1
1252224,77,1,0,1
5059800,77,1,0,1
6373160,77,1,1,0
4047256,77,1,1,0
7463776,77,1,1,0
3757336,77,1,0,1
3005352,77,1,1,0
4849904,77,1,0,1
5115592,77,1,0,1
1531136,77,1,1,0
2996712,77,1,1,0
4136216,77,1,1,0
529488,77,1,1,0
612040,77,1,1,0
199344,77,1,1,0
1064312,77,1,0,1
1988152,77,1,1,0
5602792,77,1,0,1
8285336,77,1,0,1
2271808,77,1,0,1
364288,77,1,0,1
324728,77,1,1,0
5058336,77,1,0,1
1858624,77,1,1,0
7946352,77,1,0,1
1447776,77,1,0,1
4505232,77,1,0,1
1200216,77,1,1,0
302232,77,1,0,1
1388176,77,1,0,1
580576,77,1,0,1
2565728,77,1,1,0
5361512,77,1,1,0
2737480,77,1,0,1
1507552,77,1,1,0
746192,77,1,1,0
3588736,77,1,1,0
1048800,77,1,1,0
8010328,77,1,0,1
281776,77,1,1,0
1080168,77,1,1,0
1533784,77,1,0,1
324416,77,1,1,0
1637904,77,1,1,0
673968,77,1,1,0
605968,77,1,1,0
5928080,77,1,0,1
1722240,77,1,0,1
6741592,77,1,1,0
899552,77,1,1,0
506328,77,1,0,1
605792,77,1,1,0
4279832,77,1,1,0
608120,77,1,0,1
3101624,77,1,1,0
4700120,77,1,0,1
7215784,77,1,1,0
5878552,77,1,0,1
329128,77,1,0,1
1771368,77,1,0,1
1664384,77,1,1,0
1918056,77,1,1,0
2487192,77,1,1,0
5765880,77,1,0,1
1607064,77,1,0,1
6702232,77,1,0,1
5788472,77,1,1,0
792456,77,1,1,0
5979992,77,1,1,0
3371352,77,1,0,1
4503536,77,1,1,0
8224904,77,1,0,1
5261264,77,1,1,0
742352,77,1,0,1
5258424,77,1,1,0
154608,77,1,1,0
3678072,77,1,0,1
2386736,77,1,0,1
4768032,77,1,0,1
629128,77,1,1,0
5302096,77,1,1,0
4495288,77,1,1,0
1458448,77,1,1,0
4822408,77,1,1,0
4132768,77,1,0,1
4423488,77,1,1,0
1966648,77,1,0,1
7264736,77,1,1,0
1596768,77,1,0,1
172784,77,1,1,0
278632,77,1,1,0
3447248,77,1,1,0
1910712,77,1,1,0
7998088,77,1,1,0
492040,77,1,1,0
360744,77,1,0,1
312424,77,1,0,1
4163440,77,1,1,0
5190224,77,1,0,1
8175608,77,1,1,0
1808336,77,1,1,0
7803408,77,1,0,1
1766312,77,1,1,0
2723600,77,1,0,1
4574872,77,1,0,1
4053768,77,1,0,1
2222768,77,1,1,0
5749152,77,1,0,1
5720560,77,1,1,0
1577984,77,1,0,1
1051552,77,1,0,1
4346216,77,1,0,1
6626048,77,1,1,0
2395528,77,1,0,1
3613184,77,1,0,1
1465184,77,1,1,0
6636088,77,1,1,0
2864512,77,1,1,0
3547480,77,1,1,0
6563984,77,1,0,1
1172824,77,1,1,0
4947992,77,1,0,1
157392,77,1,0,1
4357400,77,1,1,0
1309576,77,1,0,1
3841696,77,1,1,0
4400784,77,1,1,0
6578784,77,1,0,1
8222256,77,1,1,0
6002184,77,1,0,1
4083176,77,1,0,1
796752,77,1,0,1
1442704,77,1,0,1
1361752,77,1,0,1
639032,77,1,1,0
5649264,77,1,1,0
7253504,77,1,0,1
7209480,77,1,0,1
816008,77,1,1,0
804400,77,1,1,0
2597752,77,1,1,0
229248,77,1,1,0
3130312,77,1,1,0
3581976,77,1,0,1
3010568,77,1,0,1
6689264,77,1,0,1
3666736,77,1,1,0
341920,77,1,0,1
88416,77,1,0,1
1926464,77,1,0,1
1344528,77,1,0,1
7230728,77,1,1,0
2919320,77,1,0,1
459888,77,1,0,1
1309904,77,1,1,0
3422992,77,1,0,1
694672,77,1,1,0
2841392,77,1,0,1
4168016,77,1,0,1
7348536,77,1,0,1
645216,77,1,1,0
5135016,77,1,1,0
547680,77,1,1,0
404416,77,1,0,1
2106680,77,1,1,0
7924776,77,1,0,1
8362360,77,1,0,1
4091968,77,1,0,1
1659000,77,1,0,1
267864,77,1,1,0
5027248,77,1,0,1
3867520,77,1,0,1
385392,77,1,1,0
474160,77,1,0,1
2449384,77,1,0,1
961520,77,1,1,0
4110080,77,1,1,0
753424,77,1,1,0
1655072,77,1,0,1
1322072,77,1,0,1
1050088,77,1,1,0
2824024,77,1,1,0
3490216,77,1,1,0
3642056,77,1,0,1
8279064,77,1,1,0
877024,77,1,0,1
3689432,77,1,1,0
1629528,77,1,1,0
1000488,77,1,1,0
325648,77,1,0,1
7541232,77,1,1,0
7222976,77,1,0,1
7538376,77,1,0,1
2139248,77,1,0,1
2964848,77,1,0,1
7178224,77,1,1,0
660352,77,1,0,1
261904,77,1,1,0
816648,77,1,1,0
6982240,77,1,0,1
2460368,77,1,0,1
1135296,77,1,1,0
4966512,77,1,1,0
4184664,77,1,1,0
7567840,77,1,1,0
1623560,77,1,1,0
1172160,77,1,0,1
549576,77,1,0,1
2274952,77,1,0,1
8164368,77,1,0,1
3214064,77,1,1,0
4273432,77,1,0,1
2421024,77,1,1,0
1717024,77,1,1,0
1776592,77,1,0,1
4974864,77,1,1,0
1908512,77,1,0,1
5409568,77,1,1,0
1189160,77,1,1,0
2139568,77,1,0,1
647424,77,1,0,1
1411312,77,1,0,1
3823192,77,1,0,1
1395744,77,1,0,1
365288,77,1,1,0
1641744,77,1,0,1
1318728,77,1,0,1
7735504,77,1,1,0
3055664,77,1,1,0
2134880,77,1,0,1
316800,77,1,0,1
264368,77,1,1,0
693056,77,1,1,0
2148744,77,1,1,0
150568,77,1,0,1
2638840,77,1,1,0
1069392,77,1,0,1
423744,77,1,0,1
220752,77,1,1,0
707384,77,1,1,0
585520,77,1,1,0
6470976,77,1,1,0
6163040,77,1,1,0
2776264,77,1,0,1
5623592,77,1,1,0
8022160,77,1,1,0
1954696,77,1,1,0
6764992,77,1,0,1
3684808,77,1,1,0
1815488,77,1,1,0
252360,77,1,1,0
5128760,77,1,0,1
2099552,77,1,0,1
1431064,77,1,1,0
2228504,77,1,0,1
966104,77,1,0,1
595904,77,1,1,0
4703288,77,1,1,0
4022912,77,1,1,0
3211184,77,1,1,0
4450872,77,1,1,0
2859096,77,1,1,0
875232,77,1,1,0
2208544,77,1,0,1
2018064,77,1,1,0
3712248,77,1,1,0
6285352,77,1,1,0
2433272,77,1,0,1
2429472,77,1,1,0
1287736,77,1,0,1
5304024,77,1,1,0
4249272,77,1,1,0
4231688,77,1,1,0
2799672,77,1,1,0
965704,77,1,1,0
1699896,77,1,0,1
249280,77,1,0,1
1855128,77,1,1,0
2051648,77,1,1,0
1219496,77,1,0,1
3853296,77,1,0,1
2316152,77,1,0,1
2878192,77,1,0,1
3424944,77,1,1,0
3392296,77,1,1,0
302152,77,1,0,1
3334752,77,1,0,1
617984,77,1,0,1
782520,77,1,1,0
507704,77,1,1,0
5223256,77,1,0,1
7511440,77,1,0,1
6314672,77,1,1,0
5524104,77,1,0,1
1601208,77,1,0,1
3117424,77,1,1,0
466512,77,1,0,1
402624,77,1,0,1
2577272,77,1,1,0
7908992,77,1,1,0
4827712,77,1,1,0
6473544,77,1,1,0
2468072,77,1,1,0
6513296,77,1,0,1
5259856,77,1,1,0
525080,77,1,0,1
2010240,77,1,1,0
567176,77,1,1,0
837320,77,1,0,1
4006168,77,1,0,1
485272,77,1,1,0
569656,77,1,1,0
1739408,77,1,0,1
2519592,77,1,0,1
1277968,77,1,1,0
650952,77,1,0,1
2126232,77,1,1,0
2221872,77,1,0,1
6484824,77,1,1,0
5965096,77,1,1,0
4384384,77,1,1,0
4609240,77,1,0,1
5862120,77,1,1,0
7868024,77,1,1,0
4786768,77,1,1,0
2594128,77,1,0,1
215584,77,1,0,1
3727424,77,1,1,0
3295752,77,1,1,0
392512,77,1,0,1
2352440,77,1,0,1
5363832,77,1,0,1
1075992,77,1,1,0
1696880,77,1,1,0
5504440,77,1,0,1
6691816,77,1,0,1
85920,77,1,1,0
1463792,77,1,0,1
1756032,77,1,1,0
885576,77,1,1,0
3810320,77,1,0,1
4838704,77,1,0,1
6186712,77,1,1,0
1876008,77,1,1,0
4881144,77,1,1,0
1548520,77,1,0,1
4094432,77,1,0,1
1418016,77,1,1,0
5403512,77,1,1,0
3382536,77,1,1,0
7704600,77,1,0,1
552792,77,1,1,0
2279688,77,1,1,0
2751608,77,1,0,1
1397952,77,1,1,0
3906192,77,1,0,1
502960,77,1,1,0
4212544,77,1,1,0
4827160,77,1,0,1
185216,77,1,1,0
3693720,77,1,0,1
356976,77,1,0,1
2544664,77,1,1,0
2464064,77,1,1,0
5736640,77,1,0,1
6759848,77,1,1,0
112080,77,1,1,0
3672760,77,1,1,0
770864,77,1,0,1
5816736,77,1,1,0
2720976,77,1,0,1
692640,77,1,0,1
2390976,77,1,0,1
1048728,77,1,1,0
5463288,77,1,0,1
847512,77,1,1,0
3228200,77,1,1,0
728064,77,1,0,1
3029824,77,1,1,0
1341736,77,1,1,0
3162952,77,1,1,0
2485088,77,1,1,0
1828776,77,1,0,1
2838568,77,1,0,1
7918104,77,1,1,0
1135920,77,1,1,0
6123336,77,1,1,0
3036704,77,1,0,1
869944,77,1,1,0
1013440,77,1,1,0
1944120,77,1,0,1
6367776,77,1,1,0
305952,77,1,0,1
1455008,77,1,1,0
430816,77,1,1,0
2556976,77,1,1,0
6405504,77,1,1,0
3634432,77,1,0,1
1770240,77,1,0,1
7226080,77,1,1,0
663288,77,1,0,1
1548416,77,1,0,1
3947904,77,1,0,1
2988248,77,1,0,1
3172400,77,1,1,0
1631832,77,1,0,1
4385176,77,1,0,1
2179272,77,1,1,0
6580504,77,1,1,0
2611832,77,1,0,1
1232536,77,1,1,0
2974272,77,1,0,1
2891536,77,1,0,1
7409008,77,1,0,1
1334200,77,1,1,0
129472,77,1,1,0
546568,77,1,0,1
6583408,77,1,1,0
4406480,77,1,0,1
6143264,77,1,0,1
2108328,77,1,1,0
2683064,77,1,1,0
390208,77,1,1,0
351632,77,1,1,0
7735568,77,1,1,0
2967000,77,1,0,1
7416296,77,1,1,0
1276696,77,1,0,1
6472128,77,1,0,1
2382456,77,1,1,0
701448,77,1,0,1
959728,77,1,1,0
3614056,77,1,1,0
5309400,77,1,0,1
1385096,77,1,0,1
2155880,77,1,1,0
873720,77,1,0,1
7191440,77,1,0,1
516320,77,1,0,1
297600,77,1,0,1
1596440,77,1,0,1
1239144,77,1,1,0
3662344,77,1,0,1
3862000,77,1,1,0
729808,77,1,1,0
1022168,77,1,0,1
1147928,77,1,0,1
7462176,77,1,0,1
2006088,77,1,1,0
2030416,77,1,0,1
3804832,77,1,0,1
890064,77,1,0,1
4910976,77,1,0,1
292216,77,1,0,1
1803752,77,1,1,0
1721696,77,1,1,0
1504800,77,1,0,1
1242016,77,1,1,0
1762408,77,1,0,1
1726328,77,1,1,0
855424,77,1,1,0
1218216,77,1,0,1
2638672,77,1,0,1
376440,77,1,1,0
2942104,77,1,0,1
4784448,77,1,0,1
5373840,77,1,1,0
3908096,77,1,1,0
1458688,77,1,1,0
3331064,77,1,1,0
4597536,77,1,1,0
1487184,77,1,1,0
750568,77,1,0,1
4416456,77,1,0,1
2537272,77,1,1,0
4112600,77,1,0,1
696088,77,1,1,0
5689952,77,1,1,0
5138120,77,1,1,0
3531192,77,1,1,0
2930336,77,1,0,1
1695888,77,1,1,0
1641128,77,1,1,0
1400184,77,1,0,1
4587112,77,1,1,0
1738120,77,1,1,0
2394080,77,1,1,0
3257984,77,1,1,0
7375136,77,1,0,1
857968,77,1,0,1
671000,77,1,1,0
5058824,77,1,1,0
3113544,77,1,1,0
1201664,77,1,0,1
3956352,77,1,1,0
4200704,77,1,1,0
4294096,77,1,1,0
737752,77,1,0,1
2656536,77,1,1,0
561464,77,1,0,1
1449216,77,1,0,1
2013040,77,1,0,1
773320,77,1,0,1
5289272,77,1,1,0
3532320,77,1,0,1
6461064,77,1,0,1
1697416,77,1,0,1
6251336,77,1,1,0
6865032,77,1,0,1
561768,77,1,1,0
6747704,77,1,0,1
581360,77,1,0,1
5529424,77,1,0,1
1523880,77,1,1,0
1392096,77,1,1,0
1565096,77,1,0,1
2783520,77,1,1,0
2068512,77,1,1,0
4432984,77,1,1,0
863328,77,1,0,1
293672,77,1,0,1
3003160,77,1,0,1
3123056,77,1,0,1
4267768,77,1,1,0
8051888,77,1,1,0
5306632,77,1,0,1
3973288,77,1,0,1
2328384,77,1,0,1
288152,77,1,1,0
1252624,77,1,0,1
7238968,77,1,0,1
2558888,77,1,1,0
4933704,77,1,0,1
3674536,77,1,0,1
1516736,77,1,1,0
454696,77,1,1,0
5770616,77,1,0,1
6043208,77,1,0,1
2477416,77,1,1,0
782920,77,1,0,1
8068096,77,1,0,1
1295832,77,1,0,1
360296,77,1,1,0
438288,77,1,0,1
2508688,77,1,0,1
595184,77,1,0,1
646568,77,1,1,0
3520736,77,1,1,0
6139208,77,1,0,1
1182224,77,1,0,1
1611784,77,1,0,1
235856,77,1,1,0
6043592,77,1,0,1
1983720,77,1,1,0
7310136,77,1,1,0
349904,77,1,1,0
7443536,77,1,1,0
6194472,77,1,1,0
591248,77,1,0,1
2046856,77,1,1,0
7701672,77,1,0,1
439544,77,1,1,0
2013448,77,1,0,1
4589280,77,1,0,1
2408984,77,1,0,1
3081488,77,1,1,0
1116832,77,1,0,1
8085592,77,1,0,1
1220584,77,1,1,0
282552,77,1,0,1
2215640,77,1,1,0
3715208,77,1,0,1
4187128,77,1,1,0
1435664,77,1,1,0
5425248,77,1,0,1
368800,77,1,0,1
4107136,77,1,1,0
468728,77,1,0,1
729288,77,1,0,1
7465400,77,1,1,0
957512,77,1,0,1
2496784,77,1,0,1
3741592,77,1,1,0
3092728,77,1,1,0
4101728,77,1,0,1
337880,77,1,1,0
1439840,77,1,1,0
2994776,77,1,0,1
1437920,77,1,1,0
7464160,77,1,0,1
274448,77,1,0,1
270632,77,1,1,0
1954248,77,1,1,0
1540672,77,1,0,1
6398656,77,1,1,0
342160,77,1,0,1
562192,77,1,1,0
3050192,77,1,0,1
2169656,77,1,1,0
1123048,77,1,1,0
2661888,77,1,1,0
1675176,77,1,0,1
6317712,77,1,0,1
857840,77,1,1,0
4336648,77,1,0,1
8250456,77,1,0,1
293152,77,1,1,0
4917392,77,1,1,0
829528,77,1,0,1
3167256,77,1,1,0
1302440,77,1,0,1
1619496,77,1,0,1
1134176,77,1,0,1
2471720,77,1,0,1
8202408,77,1,0,1
450024,77,1,0,1
5826376,77,1,0,1
2980456,77,1,0,1
470304,77,1,0,1
239408,77,1,0,1
3801776,77,1,0,1
391304,77,1,1,0
4185520,77,1,0,1
1751376,77,1,0,1
4010704,77,1,1,0
1813856,77,1,0,1
6407432,77,1,1,0
1613552,77,1,1,0
2956848,77,1,1,0
1935752,77,1,0,1
1420768,77,1,1,0
3083912,77,1,1,0
2438280,77,1,1,0
1236744,77,1,1,0
6858056,77,1,0,1
773976,77,1,0,1
7716408,77,1,1,0
6476560,77,1,1,0
4510464,77,1,0,1
1099600,77,1,1,0
1610128,77,1,0,1
1140464,77,1,1,0
334496,77,1,1,0
5752736,77,1,1,0
5697688,77,1,1,0
6804672,77,1,1,0
200760,77,1,1,0
174000,77,1,1,0
906152,77,1,1,0
6859896,77,1,1,0
456048,77,1,0,1
344752,77,1,1,0
7260440,77,1,0,1
7465576,77,1,0,1
295328,77,1,1,0
2834832,77,1,0,1
7213728,77,1,1,0
2753904,77,1,1,0
2269680,77,1,0,1
795776,77,1,0,1
382928,77,1,1,0
1699624,77,1,0,1
1429744,77,1,0,1
557048,77,1,1,0
859912,77,1,1,0
935560,77,1,0,1
4771984,77,1,0,1
1584248,77,1,0,1
1550968,77,1,1,0
1782824,77,1,0,1
1837968,77,1,1,0
1610880,77,1,1,0
3654648,77,1,1,0
541304,77,1,1,0
1204264,77,1,1,0
3960808,77,1,0,1
190440,77,1,1,0
136016,77,1,1,0
5746976,77,1,1,0
3318016,77,1,1,0
7049672,77,1,1,0
973936,77,1,1,0
2835728,77,1,1,0
1520456,77,1,1,0
819752,77,1,1,0
4986648,77,1,1,0
5068648,77,1,1,0
220272,77,1,0,1
6960048,77,1,1,0
2498248,77,1,1,0
218096,77,1,1,0
1607616,77,1,1,0
4077296,77,1,0,1
7368376,77,1,0,1
6676320,77,1,0,1
5062912,77,1,1,0
4673272,77,1,0,1
4732736,77,1,0,1
831424,77,1,1,0
5533680,77,1,1,0
2341216,77,1,0,1
5792792,77,1,1,0
1171456,77,1,0,1
5744040,77,1,0,1
3846224,77,1,1,0
3110720,77,1,0,1
1637568,77,1,0,1
6011128,77,1,0,1
613152,77,1,0,1
3476600,77,1,0,1
3290160,77,1,1,0
4072288,77,1,0,1
1283456,77,1,1,0
1704592,77,1,1,0
8289440,77,1,1,0
2953792,77,1,1,0
3777000,77,1,0,1
2788112,77,1,1,0
5215248,77,1,0,1
134576,77,1,1,0
7349784,77,1,1,0
1630920,77,1,1,0
4411584,77,1,1,0
1694184,77,1,1,0
2541632,77,1,0,1
876912,77,1,1,0
5263832,77,1,1,0
3369456,77,1,1,0
6864936,77,1,0,1
249128,77,1,0,1
5096040,77,1,1,0
6131096,77,1,1,0
6624392,77,1,1,0
4113008,77,1,0,1
2637032,77,1,0,1
2761000,77,1,0,1
1279744,77,1,0,1
763200,77,1,1,0
7915064,77,1,1,0
338808,77,1,0,1
462088,77,1,1,0
224256,77,1,0,1
2629224,77,1,0,1
2157512,77,1,0,1
1095776,77,1,1,0
639944,77,1,1,0
7323328,77,1,1,0
704120,77,1,0,1
628288,77,1,1,0
4538592,77,1,0,1
6120720,77,1,1,0
295248,77,1,1,0
1349616,77,1,1,0
6340440,77,1,1,0
7872064,77,1,0,1
400448,77,1,0,1
316848,77,1,1,0
1242136,77,1,0,1
826984,77,1,0,1
2003088,77,1,1,0
1166728,77,1,1,0
3028800,77,1,1,0
216128,77,1,0,1
1176712,77,1,1,0
2624688,77,1,0,1
2791928,77,1,0,1
1496136,77,1,1,0
5717312,77,1,0,1
3327192,77,1,1,0
5214112,77,1,0,1
4491104,77,1,1,0
2462472,77,1,0,1
1592792,77,1,0,1
2835632,77,1,1,0
107648,77,1,0,1
901160,77,1,1,0
1430176,77,1,1,0
919896,77,1,0,1
2408816,77,1,1,0
6650256,77,1,0,1
5992688,77,1,0,1
3240904,77,1,1,0
912696,77,1,1,0
6412288,77,1,1,0
6336480,77,1,0,1
196392,77,1,0,1
6409032,77,1,0,1
341128,77,1,0,1
867424,77,1,1,0
754688,77,1,1,0
1062584,77,1,0,1
1770320,77,1,0,1
1234480,77,1,1,0
3001184,77,1,1,0
2218120,77,1,0,1
6263808,77,1,1,0
1253136,77,1,0,1
3238480,77,1,1,0
1729552,77,1,1,0
5033096,77,1,1,0
3575832,77,1,0,1
3156728,77,1,1,0
4158488,77,1,1,0
614784,77,1,1,0
384880,77,1,0,1
1660144,77,1,1,0
3520784,77,1,0,1
382496,77,1,0,1
914968,77,1,0,1
4464680,77,1,1,0
1713496,77,1,1,0
2513016,77,1,1,0
1282240,77,1,1,0
4212248,77,1,0,1
2483560,77,1,1,0
5608280,77,1,1,0
3079080,77,1,0,1
4545216,77,1,1,0
7967688,77,1,0,1
2124880,77,1,0,1
834416,77,1,1,0
3485424,77,1,1,0
322736,77,1,0,1
3058120,77,1,1,0
248440,77,1,0,1
2592856,77,1,0,1
3170296,77,1,1,0
574872,77,1,0,1
3604696,77,1,0,1
608704,77,1,1,0
8173696,77,1,0,1
962320,77,1,1,0
846520,77,1,1,0
1754920,77,1,1,0
1857520,77,1,0,1
935696,77,1,0,1
361096,77,1,1,0
3923936,77,1,1,0
6949048,77,1,0,1
5315744,77,1,1,0
3419024,77,1,0,1
2036592,77,1,0,1
4736640,77,1,0,1
2705664,77,1,0,1
2690792,77,1,1,0
244488,77,1,0,1
1161056,77,1,1,0
490440,77,1,1,0
985736,77,1,0,1
3051008,77,1,1,0
6325728,77,1,0,1
1324592,77,1,0,1
5638864,77,1,0,1
5005360,77,1,1,0
3055448,77,1,0,1
7315184,77,1,0,1
6638344,77,1,0,1
1492840,77,1,1,0
665576,77,1,0,1
810712,77,1,0,1
993840,77,1,0,1
475808,77,1,0,1
949608,77,1,0,1
6766616,77,1,1,0
214368,77,1,1,0
704448,77,1,0,1
389016,77,1,1,0
1956912,77,1,0,1
3202496,77,1,0,1
1657440,77,1,0,1
3109648,77,1,1,0
2942168,77,1,0,1
263672,77,1,0,1
7395080,77,1,1,0
304880,77,1,1,0
7181864,77,1,1,0
3562200,77,1,1,0
3040024,77,1,0,1
4512008,77,1,0,1
7693216,77,1,1,0
195624,77,1,0,1
7342768,77,1,0,1
4579224,77,1,1,0
1092672,77,1,0,1
7228464,77,1,0,1
451016,77,1,1,0
6874424,77,1,0,1
1139312,77,1,1,0
3472328,77,1,1,0
269816,77,1,1,0
1031200,77,1,1,0
934240,77,1,0,1
2552056,77,1,1,0
5036296,77,1,0,1
458080,77,1,0,1
1016104,77,1,0,1
81976,77,1,1,0
3563928,77,1,1,0
4527576,77,1,1,0
218664,77,1,0,1
2939960,77,1,0,1
3662920,77,1,1,0
2017472,77,1,1,0
5131864,77,1,0,1
970488,77,1,1,0
2639528,77,1,1,0
1632136,77,1,1,0
7996624,77,1,0,1
6560352,77,1,1,0
8267536,77,1,0,1
5905984,77,1,0,1
2184760,77,1,1,0
6130216,77,1,0,1
723792,77,1,1,0
4441704,77,1,1,0
7259080,77,1,0,1
2421224,77,1,1,0
2357480,77,1,0,1
1266120,77,1,0,1
6539536,77,1,0,1
7484808,77,1,1,0
5953712,77,1,1,0
7753200,77,1,1,0
3607472,77,1,0,1
1805800,77,1,1,0
1093992,77,1,1,0
1609760,77,1,1,0
7764224,77,1,0,1
1607344,77,1,1,0
2204424,77,1,0,1
539376,77,1,1,0
1134072,77,1,0,1
2169896,77,1,1,0
8328520,77,1,1,0
2265008,77,1,0,1
745976,77,1,1,0
4351264,77,1,0,1
6273000,77,1,1,0
2991976,77,1,0,1
493800,77,1,0,1
946832,77,1,0,1
3966936,77,1,1,0
3954216,77,1,1,0
1086368,77,1,1,0
393048,77,1,1,0
3803624,77,1,1,0
6200760,77,1,0,1
232856,77,1,1,0
1091168,77,1,1,0
2503040,77,1,0,1
4493648,77,1,1,0
514152,77,1,0,1
2646160,77,1,1,0
299496,77,1,0,1
903032,77,1,0,1
6411992,77,1,0,1
761736,77,1,1,0
2158232,77,1,0,1
5415960,77,1,0,1
4036480,77,1,1,0
3964120,77,1,1,0
7941192,77,1,0,1
3391608,77,1,1,0
2010112,77,1,0,1
3536840,77,1,0,1
589776,77,1,0,1
5528992,77,1,0,1
6420672,77,1,0,1
5850400,77,1,1,0
2278256,77,1,1,0
1422896,77,1,1,0
1217920,77,1,1,0
1460288,77,1,0,1
4477808,77,1,1,0
1983240,77,1,0,1
3933264,77,1,1,0
5718248,77,1,0,1
1677800,77,1,0,1
5294320,77,1,1,0
730456,77,1,0,1
7306480,77,1,0,1
1352568,77,1,1,0
5460736,77,1,1,0
4837840,77,1,1,0
8025688,77,1,0,1
517360,77,1,0,1
2489632,77,1,0,1
942784,77,1,1,0
349352,77,1,0,1
5381408,77,1,1,0
6567224,77,1,0,1
6981344,77,1,0,1
1808008,77,1,1,0
2678272,77,1,1,0
2561384,77,1,0,1
2917776,77,1,0,1
2610032,77,1,0,1
6386808,77,1,0,1
338192,77,1,1,0
3533808,77,1,1,0
4541752,77,1,0,1
8255624,77,1,0,1
2522696,77,1,0,1
3934856,77,1,0,1
2947984,77,1,1,0
2194056,77,1,0,1
998976,77,1,1,0
1647632,77,1,1,0
3122240,77,1,1,0
622976,77,1,0,1
3185768,77,1,1,0
753840,77,1,0,1
2783784,77,1,1,0
6516448,77,1,1,0
2092368,77,1,1,0
2608328,77,1,1,0
1898968,77,1,1,0
1012552,77,1,0,1
5528960,77,1,1,0
159112,77,1,0,1
1134064,77,1,1,0
572440,77,1,0,1
7352952,77,1,0,1
321704,77,1,1,0
5577576,77,1,0,1
5749976,77,1,0,1
454768,77,1,0,1
1736568,77,1,0,1
6503184,77,1,0,1
3393472,77,1,0,1
3122256,77,1,0,1
4522440,77,1,0,1
1328976,77,1,0,1
4856776,77,1,1,0
5977448,77,1,0,1
1036808,77,1,0,1
903776,77,1,0,1
767096,77,1,1,0
562712,77,1,0,1
149104,77,1,0,1
1804464,77,1,1,0
5312312,77,1,0,1
1083784,77,1,1,0
8213752,77,1,1,0
5253696,77,1,1,0
1399424,77,1,0,1
504520,77,1,0,1
2885824,77,1,1,0
3453864,77,1,0,1
752824,77,1,1,0
3276752,77,1,1,0
3443800,77,1,1,0
1088384,77,1,0,1
5418192,77,1,0,1
339984,77,1,1,0
3623728,77,1,1,0
1144664,77,1,0,1
2336080,77,1,1,0
2607624,77,1,1,0
3083936,77,1,0,1
745432,77,1,1,0
488288,77,1,1,0
4020144,77,1,0,1
465992,77,1,0,1
977480,77,1,0,1
2344432,77,1,1,0
636848,77,1,0,1
4466032,77,1,1,0
1236792,77,1,1,0
1532328,77,1,0,1
6655568,77,1,1,0
473472,77,1,0,1
3822048,77,1,1,0
6961832,77,1,1,0
6654264,77,1,0,1
979848,77,1,0,1
2584832,77,1,1,0
6659184,77,1,1,0
3008352,77,1,0,1
1785648,77,1,0,1
5066944,77,1,0,1
2550936,77,1,1,0
8145744,77,1,0,1
3270088,77,1,0,1
3419352,77,1,1,0
427496,77,1,0,1
956464,77,1,0,1
2072768,77,1,1,0
986552,77,1,1,0
181904,77,1,0,1
2144208,77,1,1,0
2806456,77,1,1,0
464712,77,1,1,0
1139088,77,1,0,1
3371832,77,1,0,1
4485424,77,1,1,0
5751680,77,1,1,0
1202328,77,1,1,0
3291136,77,1,0,1
2586136,77,1,1,0
7195624,77,1,0,1
7384392,77,1,0,1
3278856,77,1,0,1
1352208,77,1,0,1
5162712,77,1,0,1
6438744,77,1,0,1
7993320,77,1,1,0
3197472,77,1,1,0
1931416,77,1,0,1
4641392,77,1,0,1
2742384,77,1,1,0
1363664,77,1,1,0
3642216,77,1,1,0
257568,77,1,0,1
1626464,77,1,0,1
6922952,77,1,0,1
5099424,77,1,1,0
1582144,77,1,1,0
7698448,77,1,0,1
1768152,77,1,1,0
871576,77,1,0,1
7417520,77,1,1,0
7480448,77,1,1,0
3741176,77,1,1,0
597136,77,1,1,0
1601736,77,1,0,1
3364184,77,1,1,0
3824216,77,1,1,0
6769208,77,1,1,0
2300992,77,1,0,1
867040,77,1,1,0
916216,77,1,1,0
1767168,77,1,0,1
5073464,77,1,0,1
1134128,77,1,0,1
2737688,77,1,0,1
4770512,77,1,0,1
2402296,77,1,1,0
840816,77,1,0,1
531088,77,1,0,1
2331088,77,1,0,1
315544,77,1,1,0
2437976,77,1,1,0
3161648,77,1,1,0
6483496,77,1,0,1
693240,77,1,1,0
1692216,77,1,1,0
7356624,77,1,0,1
7229568,77,1,1,0
944352,77,1,0,1
2301424,77,1,1,0
5654456,77,1,0,1
5081560,77,1,0,1
2113784,77,1,0,1
294896,77,1,1,0
374328,77,1,1,0
4913824,77,1,1,0
4720184,77,1,1,0
2577104,77,1,0,1
316824,77,1,1,0
4300808,77,1,0,1
3812672,77,1,0,1
3066768,77,1,1,0
4198208,77,1,1,0
2175480,77,1,0,1
4585856,77,1,1,0
7381176,77,1,0,1
561968,77,1,0,1
909632,77,1,0,1
2141936,77,1,0,1
696648,77,1,1,0
407040,77,1,1,0
2840456,77,1,1,0
2404496,77,1,1,0
451088,77,1,0,1
256752,77,1,0,1
279704,77,1,0,1
888656,77,1,0,1
2532192,77,1,0,1
824888,77,1,0,1
3926344,77,1,1,0
1287944,77,1,1,0
931904,77,1,0,1
8010336,77,1,1,0
511776,77,1,1,0
469856,77,1,1,0
291328,77,1,0,1
598024,77,1,0,1
667984,77,1,1,0
595056,77,1,0,1
228448,77,1,1,0
1541712,77,1,1,0
179304,77,1,1,0
956824,77,1,1,0
7553536,77,1,1,0
4815552,77,1,0,1
1766720,77,1,0,1
2877152,77,1,1,0
1590824,77,1,0,1
2267744,77,1,1,0
5748240,77,1,1,0
1966584,77,1,0,1
2143872,77,1,1,0
1729376,77,1,0,1
2844144,77,1,1,0
2923904,77,1,0,1
6920448,77,1,0,1
246800,77,1,1,0
3871400,77,1,0,1
2729208,77,1,0,1
5326664,77,1,0,1
6997104,77,1,1,0
5086992,77,1,1,0
4280136,77,1,0,1
979288,77,1,0,1
3022592,77,1,0,1
682232,77,1,1,0
961072,77,1,1,0
202192,77,1,1,0
5801328,77,1,0,1
182280,77,1,1,0
552464,77,1,1,0
4714928,77,1,0,1
5016120,77,1,0,1
552496,77,1,1,0
4173384,77,1,1,0
4672480,77,1,1,0
5424992,77,1,1,0
2020568,77,1,1,0
4794624,77,1,1,0
1906440,77,1,0,1
6146976,77,1,0,1
3923040,77,1,1,0
3013728,77,1,0,1
3024992,77,1,0,1
5653352,77,1,0,1
2067144,77,1,0,1
4068960,77,1,1,0
8283504,77,1,0,1
1075224,77,1,1,0
8125152,77,1,0,1
5275552,77,1,1,0
4442648,77,1,1,0
6870352,77,1,1,0
1518016,77,1,1,0
835088,77,1,0,1
4501824,77,1,0,1
6515328,77,1,0,1
1142832,77,1,0,1
326872,77,1,1,0
2976272,77,1,1,0
6535496,77,1,0,1
7644000,77,1,1,0
1946096,77,1,1,0
694792,77,1,0,1
2319080,77,1,1,0
316160,77,1,1,0
1129952,77,1,1,0
4009240,77,1,0,1
1154600,77,1,0,1
2118528,77,1,1,0
4021648,77,1,1,0
1980976,77,1,0,1
1718008,77,1,1,0
276784,77,1,1,0
2387856,77,1,1,0
1071024,77,1,1,0
207576,77,1,0,1
372056,77,1,1,0
3779016,77,1,0,1
512848,77,1,1,0
3063584,77,1,0,1
4277344,77,1,0,1
2876880,77,1,1,0
7581984,77,1,0,1
6798248,77,1,1,0
1486688,77,1,1,0
3240168,77,1,1,0
3346888,77,1,0,1
5998592,77,1,1,0
1933536,77,1,1,0
1513984,77,1,0,1
1276128,77,1,0,1
971376,77,1,0,1
968848,77,1,0,1
2297080,77,1,0,1
1010288,77,1,1,0
378632,77,1,1,0
654256,77,1,0,1
2204760,77,1,0,1
1032224,77,1,0,1
6753496,77,1,0,1
5449936,77,1,1,0
7181112,77,1,1,0
3070832,77,1,0,1
132216,77,1,1,0
340512,77,1,0,1
5695408,77,1,1,0
435904,77,1,1,0
5867920,77,1,0,1
7600680,77,1,0,1
7733424,77,1,1,0
2661816,77,1,1,0
715408,77,1,0,1
2875048,77,1,0,1
1139616,77,1,1,0
334504,77,1,0,1
8109664,77,1,1,0
718848,77,1,1,0
1659824,77,1,0,1
2032880,77,1,0,1
7325960,77,1,1,0
3778608,77,1,0,1
2579328,77,1,1,0
2391208,77,1,1,0
1118488,77,1,0,1
8054952,77,1,0,1
2067096,77,1,1,0
475768,77,1,0,1
1838760,77,1,1,0
7073160,77,1,0,1
364352,77,1,0,1
1331712,77,1,0,1
2519032,77,1,0,1
5899208,77,1,1,0
6328968,77,1,1,0
4561704,77,1,1,0
962856,77,1,0,1
2003568,77,1,0,1
4511096,77,1,0,1
6462528,77,1,0,1
1542208,77,1,1,0
3093432,77,1,1,0
1299784,77,1,0,1
7030064,77,1,1,0
1976976,77,1,1,0
6376016,77,1,1,0
2354880,77,1,1,0
3559744,77,1,1,0
326808,77,1,1,0
1388376,77,1,0,1
517432,77,1,1,0
3066432,77,1,0,1
1481544,77,1,0,1
237752,77,1,1,0
1102504,77,1,1,0
6667240,77,1,0,1
604672,77,1,1,0
785040,77,1,1,0
5668032,77,1,0,1
3059304,77,1,1,0
8355952,77,1,0,1
1715832,77,1,1,0
3181704,77,1,0,1
2043800,77,1,0,1
786104,77,1,1,0
5744800,77,1,0,1
631400,77,1,1,0
6157464,77,1,1,0
4294456,77,1,0,1
300200,77,1,1,0
7355344,77,1,0,1
623600,77,1,1,0
1494272,77,1,0,1
689136,77,1,1,0
1158608,77,1,0,1
912528,77,1,0,1
6996384,77,1,1,0
2407176,77,1,0,1
791512,77,1,1,0
2344160,77,1,0,1
853584,77,1,1,0
2698200,77,1,0,1
863072,77,1,0,1
6949216,77,1,0,1
1612024,77,1,1,0
5745576,77,1,0,1
2045472,77,1,0,1
3402104,77,1,0,1
943824,77,1,1,0
4038600,77,1,1,0
5375736,77,1,0,1
6143968,77,1,0,1
7547584,77,1,1,0
1467120,77,1,0,1
286648,77,1,1,0
4304088,77,1,0,1
1908088,77,1,1,0
1612720,77,1,1,0
5229344,77,1,1,0
1678104,77,1,1,0
3283856,77,1,0,1
78936,77,1,1,0
742792,77,1,0,1
327584,77,1,1,0
331144,77,1,0,1
3615632,77,1,0,1
6199048,77,1,0,1
2608024,77,1,0,1
3134456,77,1,1,0
5893640,77,1,0,1
2258552,77,1,1,0
555008,77,1,1,0
2868856,77,1,0,1
1968952,77,1,1,0
4874576,77,1,1,0
2863336,77,1,1,0
1442904,77,1,1,0
3312664,77,1,0,1
1160576,77,1,0,1
3342696,77,1,0,1
446928,77,1,1,0
1577968,77,1,1,0
865584,77,1,0,1
458160,77,1,0,1
4242496,77,1,1,0
2780768,77,1,1,0
3194024,77,1,0,1
5722416,77,1,1,0
3326968,77,1,1,0
266752,77,1,0,1
2539744,77,1,1,0
4521392,77,1,1,0
4447144,77,1,0,1
8353296,77,1,1,0
666976,77,1,0,1
5473456,77,1,1,0
6268936,77,1,1,0
1872320,77,1,1,0
6305896,77,1,0,1
6336112,77,1,1,0
384936,77,1,1,0
7003872,77,1,1,0
576672,77,1,1,0
5613456,77,1,0,1
5883296,77,1,0,1
1505808,77,1,0,1
3317248,77,1,1,0
376544,77,1,0,1
1942584,77,1,0,1
7964288,77,1,0,1
5353696,77,1,1,0
2260592,77,1,0,1
1214592,77,1,1,0
7970568,77,1,0,1
1739776,77,1,1,0
3467120,77,1,0,1
978504,77,1,0,1
3828960,77,1,1,0
8308744,77,1,0,1
3458744,77,1,1,0
6532584,77,1,1,0
777904,77,1,0,1
299360,77,1,1,0
301704,77,1,0,1
4837784,77,1,1,0
415456,77,1,0,1
3190176,77,1,0,1
6654872,77,1,0,1
4733160,77,1,1,0
732408,77,1,1,0
1030408,77,1,1,0
2322848,77,1,1,0
3891224,77,1,1,0
3264320,77,1,0,1
1029168,77,1,0,1
1457696,77,1,0,1
616952,77,1,0,1
397256,77,1,0,1
7742600,77,1,1,0
997440,77,1,0,1
6684584,77,1,0,1
2566456,77,1,1,0
1395408,77,1,1,0
3139024,77,1,1,0
3997176,77,1,0,1
4636088,77,1,0,1
4066256,77,1,1,0
694456,77,1,1,0
605784,77,1,1,0
567784,77,1,0,1
6342544,77,1,0,1
5042248,77,1,1,0
5123952,77,1,0,1
6970272,77,1,1,0
747344,77,1,0,1
2073048,77,1,0,1
145704,77,1,1,0
6971848,77,1,1,0
3033776,77,1,1,0
365440,77,1,0,1
639720,77,1,0,1
4942080,77,1,1,0
562168,77,1,1,0
5504800,77,1,1,0
7496232,77,1,1,0
6721032,77,1,1,0
2117912,77,1,1,0
6785168,77,1,0,1
377608,77,1,0,1
1086976,77,1,1,0
3078784,77,1,0,1
3666456,77,1,0,1
1855584,77,1,0,1
2488464,77,1,0,1
2952240,77,1,0,1
1141520,77,1,0,1
975816,77,1,1,0
8101840,77,1,0,1
1204808,77,1,1,0
3344592,77,1,1,0
920664,77,1,1,0
287688,77,1,1,0
390264,77,1,0,1
4591152,77,1,1,0
3104776,77,1,1,0
1986712,77,1,0,1
5113200,77,1,1,0
4483744,77,1,1,0
6806152,77,1,1,0
197808,77,1,0,1
2603952,77,1,1,0
6249624,77,1,0,1
5845464,77,1,1,0
2622536,77,1,0,1
5747456,77,1,0,1
3637128,77,1,1,0
3623016,77,1,1,0
1402680,77,1,0,1
5572304,77,1,1,0
2830320,77,1,1,0
3065360,77,1,0,1
396024,77,1,0,1
1606592,77,1,1,0
5935832,77,1,1,0
2010992,77,1,0,1
2568288,77,1,0,1
5510440,77,1,1,0
8263712,77,1,1,0
3270768,77,1,0,1
1625952,77,1,1,0
6045368,77,1,1,0
6006584,77,1,1,0
1105608,77,1,0,1
565864,77,1,0,1
7487952,77,1,0,1
938920,77,1,1,0
145776,77,1,1,0
590672,77,1,1,0
874992,77,1,1,0
819544,77,1,0,1
2055392,77,1,1,0
4135704,77,1,1,0
1137536,77,1,1,0
4323696,77,1,0,1
3221072,77,1,1,0
327000,77,1,0,1
1153568,77,1,1,0
6062120,77,1,1,0
1697448,77,1,0,1
2351928,77,1,1,0
2159056,77,1,1,0
5616128,77,1,1,0
7695264,77,1,0,1
296080,77,1,0,1
2479704,77,1,0,1
580560,77,1,0,1
564512,77,1,1,0
251200,77,1,1,0
8046088,77,1,1,0
3100832,77,1,0,1
1497384,77,1,1,0
1812344,77,1,0,1
617736,77,1,1,0
2946592,77,1,0,1
2783064,77,1,0,1
2482168,77,1,1,0
1196592,77,1,0,1
5175144,77,1,0,1
1304496,77,1,1,0
384568,77,1,1,0
6137168,77,1,0,1
3449112,77,1,0,1
7088096,77,1,1,0
4953856,77,1,0,1
139976,77,1,0,1
1729768,77,1,0,1
1363416,77,1,0,1
7664296,77,1,1,0
4406632,77,1,0,1
703576,77,1,1,0
833008,77,1,0,1
2905536,77,1,0,1
5375904,77,1,1,0
3819056,77,1,1,0
1835600,77,1,1,0
2281840,77,1,1,0
3057640,77,1,1,0
3842392,77,1,1,0
3975576,77,1,0,1
583192,77,1,0,1
2971920,77,1,0,1
5640528,77,1,1,0
1029184,77,1,0,1
7851776,77,1,0,1
3750272,77,1,1,0
4321520,77,1,1,0
4739104,77,1,1,0
1174688,77,1,0,1
488848,77,1,1,0
2926768,77,1,1,0
1593104,77,1,0,1
802248,77,1,0,1
3551088,77,1,0,1
1595272,77,1,0,1
6114144,77,1,0,1
1833904,77,1,0,1
6047192,77,1,0,1
3641536,77,1,1,0
1348520,77,1,0,1
3408696,77,1,0,1
2330872,77,1,1,0
620688,77,1,1,0
3680344,77,1,1,0
5018408,77,1,1,0
4014656,77,1,1,0
1293824,77,1,1,0
3539048,77,1,1,0
7884456,77,1,1,0
4257144,77,1,1,0
906672,77,1,0,1
3236656,77,1,0,1
5377968,77,1,0,1
2649016,77,1,1,0
1125880,77,1,1,0
6404416,77,1,0,1
3210048,77,1,0,1
231336,77,1,1,0
3572664,77,1,0,1
1023112,78,1,1,0
2186168,78,1,0,1
177944,78,1,0,1
1878432,78,1,1,0
6345728,78,1,1,0
1692248,78,1,1,0
996728,78,1,1,0
4732848,78,1,0,1
2597104,78,1,1,0
4147704,78,1,0,1
713896,78,1,0,1
6992424,78,1,0,1
152720,78,1,0,1
5286936,78,1,0,1
6014048,78,1,0,1
6932672,78,1,0,1
3294032,78,1,1,0
881800,78,1,1,0
1201520,78,1,0,1
546048,78,1,0,1
474112,78,1,0,1
598120,78,1,0,1
1738704,78,1,1,0
3918968,78,1,0,1
3397736,78,1,1,0
3521792,78,1,1,0
2055432,78,1,1,0
383544,78,1,1,0
3998456,78,1,0,1
4620296,78,1,1,0
136512,78,1,0,1
3564864,78,1,1,0
1330848,78,1,1,0
1039624,78,1,0,1
3675568,78,1,1,0
1204608,78,1,1,0
7867976,78,1,0,1
476616,78,1,1,0
537544,78,1,1,0
4085752,78,1,0,1
3441608,78,1,1,0
6728728,78,1,1,0
594224,78,1,0,1
524384,78,1,1,0
741720,78,1,1,0
636496,78,1,0,1
593664,78,1,0,1
1400264,78,1,0,1
641328,78,1,1,0
236704,78,1,0,1
3212048,78,1,0,1
4610736,78,1,0,1
2997312,78,1,0,1
692152,78,1,0,1
3555800,78,1,0,1
4233464,78,1,1,0
8094368,78,1,0,1
320480,78,1,1,0
389496,78,1,0,1
6846496,78,1,0,1
4294024,78,1,0,1
2522416,78,1,1,0
2550216,78,1,1,0
404736,78,1,0,1
1936216,78,1,0,1
405008,78,1,1,0
6694568,78,1,0,1
527560,78,1,0,1
7464640,78,1,1,0
1624352,78,1,1,0
228432,78,1,0,1
346744,78,1,0,1
1001456,78,1,0,1
923168,78,1,0,1
2225336,78,1,0,1
900960,78,1,0,1
2440880,78,1,0,1
3682160,78,1,1,0
8371936,78,1,0,1
2014768,78,1,0,1
4875792,78,1,0,1
3254688,78,1,1,0
385952,78,1,0,1
565336,78,1,1,0
1592368,78,1,0,1
1066616,78,1,0,1
3843560,78,1,1,0
7046824,78,1,1,0
5319144,78,1,1,0
1818136,78,1,1,0
397088,78,1,1,0
5809512,78,1,0,1
1765720,78,1,1,0
3664088,78,1,1,0
736560,78,1,1,0
4178144,78,1,1,0
867000,78,1,0,1
533472,78,1,0,1
4919880,78,1,1,0
5530776,78,1,0,1
453336,78,1,0,1
8355944,78,1,1,0
5030168,78,1,1,0
1038616,78,1,0,1
2569752,78,1,1,0
4779824,78,1,0,1
8172704,78,1,0,1
2524600,78,1,0,1
1037304,78,1,1,0
7122640,78,1,0,1
658840,78,1,1,0
958592,78,1,0,1
414200,78,1,1,0
1776824,78,1,1,0
2002688,78,1,0,1
5063520,78,1,0,1
5285408,78,1,1,0
1790528,78,1,0,1
246136,78,1,1,0
99312,78,1,1,0
296608,78,1,0,1
318656,78,1,0,1
3652824,78,1,0,1
681840,78,1,0,1
4940184,78,1,1,0
6617632,78,1,1,0
372432,78,1,1,0
290976,78,1,1,0
2506168,78,1,1,0
5796600,78,1,0,1
2449832,78,1,0,1
2414096,78,1,1,0
3530808,78,1,1,0
8375184,78,1,1,0
4091432,78,1,0,1
3046872,78,1,0,1
570696,78,1,0,1
2499464,78,1,0,1
478136,78,1,0,1
2234672,78,1,0,1
6083840,78,1,0,1
4222192,78,1,1,0
2639304,78,1,0,1
476376,78,1,0,1
746688,78,1,1,0
146816,78,1,0,1
2732328,78,1,1,0
7057856,78,1,0,1
5910120,78,1,1,0
597144,78,1,1,0
2170728,78,1,0,1
1941520,78,1,1,0
6301384,78,1,0,1
636184,78,1,1,0
8077160,78,1,1,0
1869824,78,1,1,0
1490840,78,1,1,0
632296,78,1,1,0
765440,78,1,0,1
1921560,78,1,1,0
1478632,78,1,1,0
6896312,78,1,0,1
3750496,78,1,0,1
979424,78,1,0,1
4080152,78,1,1,0
7015872,78,1,1,0
1503224,78,1,0,1
5155544,78,1,0,1
1540624,78,1,0,1
979208,78,1,1,0
2008176,78,1,0,1
1063472,78,1,0,1
149704,78,1,0,1
6533184,78,1,1,0
4379584,78,1,0,1
3088424,78,1,1,0
845520,78,1,1,0
193640,78,1,1,0
6577160,78,1,1,0
4046776,78,1,1,0
987840,78,1,1,0
1341216,78,1,1,0
457000,78,1,1,0
5202912,78,1,0,1
1187864,78,1,0,1
2724520,78,1,0,1
996352,78,1,1,0
4783776,78,1,0,1
4078008,78,1,1,0
622728,78,1,1,0
1788456,78,1,0,1
1007368,78,1,0,1
882496,78,1,1,0
8123656,78,1,0,1
6208304,78,1,1,0
3960744,78,1,0,1
5532912,78,1,0,1
756376,78,1,1,0
8008088,78,1,0,1
159856,78,1,0,1
3444440,78,1,0,1
1720432,78,1,1,0
764424,78,1,1,0
4573224,78,1,0,1
6156936,78,1,1,0
1159008,78,1,0,1
4770736,78,1,1,0
6123152,78,1,1,0
5183480,78,1,1,0
953048,78,1,0,1
2255376,78,1,0,1
5250752,78,1,1,0
232992,78,1,0,1
1900936,78,1,1,0
6030456,78,1,0,1
1394632,78,1,0,1
938056,78,1,0,1
1960032,78,1,0,1
384952,78,1,1,0
2437456,78,1,1,0
7844456,78,1,1,0
591128,78,1,1,0
7560288,78,1,1,0
8140392,78,1,1,0
195824,78,1,0,1
3393064,78,1,1,0
2510632,78,1,1,0
1715104,78,1,1,0
6842952,78,1,1,0
828952,78,1,1,0
403528,78,1,0,1
682816,78,1,1,0
2842992,78,1,0,1
1003528,78,1,0,1
4258352,78,1,1,0
2775304,78,1,0,1
5420744,78,1,0,1
1105944,78,1,0,1
3236640,78,1,1,0
2817256,78,1,0,1
1959672,78,1,1,0
3927416,78,1,1,0
789024,78,1,1,0
502400,78,1,0,1
1432848,78,1,0,1
4284120,78,1,1,0
1056552,78,1,1,0
6169352,78,1,1,0
760272,78,1,1,0
700472,78,1,0,1
2266600,78,1,1,0
460328,78,1,1,0
441784,78,1,1,0
4874112,78,1,0,1
3283696,78,1,0,1
1648384,78,1,1,0
4180280,78,1,1,0
1279344,78,1,0,1
221624,78,1,0,1
889768,78,1,1,0
992968,78,1,0,1
3705944,78,1,0,1
3503552,78,1,1,0
407136,78,1,0,1
6584168,78,1,1,0
3501536,78,1,1,0
4188432,78,1,0,1
3401112,78,1,0,1
8293360,78,1,0,1
1061584,78,1,1,0
692144,78,1,1,0
750136,78,1,0,1
575784,78,1,0,1
3181448,78,1,1,0
2849480,78,1,0,1
2032360,78,1,0,1
5508128,78,1,0,1
1237560,78,1,0,1
5580144,78,1,1,0
5016592,78,1,1,0
4638648,78,1,1,0
4151520,78,1,0,1
3980032,78,1,0,1
5761104,78,1,1,0
7322720,78,1,1,0
3327088,78,1,1,0
927944,78,1,0,1
2722592,78,1,0,1
3935640,78,1,0,1
1121792,78,1,0,1
1567640,78,1,0,1
3626216,78,1,1,0
1034096,78,1,1,0
86272,78,1,0,1
825936,78,1,1,0
281968,78,1,1,0
317152,78,1,1,0
227704,78,1,1,0
1434512,78,1,0,1
8249344,78,1,1,0
640104,78,1,1,0
1868832,78,1,1,0
6874592,78,1,0,1
625424,78,1,1,0
3304904,78,1,1,0
5763008,78,1,0,1
2082432,78,1,0,1
773352,78,1,1,0
6522320,78,1,0,1
7564048,78,1,1,0
1337568,78,1,1,0
1110608,78,1,0,1
7400808,78,1,1,0
777280,78,1,0,1
209088,78,1,0,1
3097344,78,1,0,1
4414992,78,1,1,0
7904072,78,1,0,1
4357104,78,1,0,1
7515656,78,1,1,0
1222448,78,1,0,1
2052232,78,1,0,1
3039880,78,1,1,0
839144,78,1,0,1
661968,78,1,1,0
2903368,78,1,0,1
1675752,78,1,0,1
2764392,78,1,1,0
189560,78,1,0,1
3210904,78,1,0,1
421848,78,1,1,0
691704,78,1,0,1
3729304,78,1,0,1
1586568,78,1,1,0
3431752,78,1,0,1
4214728,78,1,0,1
6395872,78,1,1,0
440552,78,1,0,1
1143712,78,1,0,1
1217880,78,1,1,0
2738240,78,1,1,0
2091024,78,1,1,0
385312,78,1,0,1
4027264,78,1,1,0
2445256,78,1,1,0
416440,78,1,0,1
4016480,78,1,1,0
3866464,78,1,1,0
775296,78,1,0,1
6562136,78,1,1,0
159952,78,1,1,0
4282104,78,1,1,0
7354720,78,1,1,0
1741136,78,1,0,1
1154432,78,1,1,0
3989248,78,1,1,0
5441424,78,1,0,1
597736,78,1,0,1
650768,78,1,0,1
1071992,78,1,0,1
1383624,78,1,1,0
1610472,78,1,0,1
3616968,78,1,1,0
8370392,78,1,0,1
313664,78,1,0,1
114888,78,1,0,1
2522624,78,1,0,1
530464,78,1,1,0
292176,78,1,1,0
784328,78,1,0,1
3116072,78,1,0,1
5181800,78,1,0,1
1263480,78,1,0,1
1471440,78,1,0,1
1123296,78,1,1,0
6468392,78,1,1,0
7066776,78,1,1,0
572104,78,1,0,1
1492728,78,1,0,1
222296,78,1,0,1
2037840,78,1,1,0
2155128,78,1,1,0
7596440,78,1,0,1
3855928,78,1,1,0
637376,78,1,1,0
1498968,78,1,1,0
4250608,78,1,0,1
6775320,78,1,0,1
555600,78,1,0,1
1708584,78,1,0,1
6296312,78,1,1,0
2082168,78,1,0,1
433176,78,1,1,0
5602808,78,1,0,1
2346728,78,1,1,0
1120184,78,1,1,0
1726840,78,1,0,1
1700504,78,1,0,1
1240584,78,1,0,1
817048,78,1,1,0
5569856,78,1,0,1
432776,78,1,1,0
284400,78,1,0,1
193680,78,1,1,0
1200656,78,1,1,0
4085576,78,1,1,0
3065792,78,1,1,0
707192,78,1,1,0
818928,78,1,0,1
2751424,78,1,0,1
2327416,78,1,0,1
2607192,78,1,1,0
4501000,78,1,1,0
6298064,78,1,0,1
1076472,78,1,1,0
400072,78,1,1,0
350912,78,1,0,1
2710352,78,1,0,1
2529216,78,1,0,1
3854296,78,1,0,1
832464,78,1,0,1
1422352,78,1,0,1
8204592,78,1,1,0
1416600,78,1,0,1
2737728,78,1,0,1
8015760,78,1,0,1
1391288,78,1,0,1
4242360,78,1,1,0
1293144,78,1,1,0
3637624,78,1,1,0
3881040,78,1,1,0
7804856,78,1,0,1
3825816,78,1,1,0
7732760,78,1,1,0
4695240,78,1,0,1
2433512,78,1,0,1
1394824,78,1,0,1
2341592,78,1,0,1
1372896,78,1,0,1
2524960,78,1,1,0
1008208,78,1,0,1
2729616,78,1,0,1
1999528,78,1,1,0
2737040,78,1,0,1
3557760,78,1,0,1
1475200,78,1,0,1
961264,78,1,1,0
980632,78,1,1,0
1459264,78,1,0,1
835064,78,1,0,1
4346176,78,1,0,1
7293520,78,1,0,1
378176,78,1,1,0
6660920,78,1,1,0
1101000,78,1,0,1
7737368,78,1,0,1
2301136,78,1,1,0
2560712,78,1,0,1
417312,78,1,0,1
2538160,78,1,1,0
4220480,78,1,1,0
1233584,78,1,1,0
2421336,78,1,1,0
868608,78,1,0,1
4011088,78,1,1,0
3614744,78,1,0,1
1086672,78,1,1,0
4343560,78,1,1,0
1899616,78,1,0,1
2476992,78,1,1,0
2290784,78,1,1,0
6425232,78,1,0,1
3095976,78,1,1,0
7322400,78,1,0,1
6489560,78,1,0,1
1821768,78,1,0,1
3600632,78,1,1,0
5117384,78,1,0,1
2714728,78,1,1,0
8178144,78,1,1,0
3419184,78,1,1,0
955472,78,1,1,0
5982784,78,1,1,0
254232,78,1,0,1
986416,78,1,1,0
5769824,78,1,0,1
3561744,78,1,1,0
504288,78,1,1,0
6875952,78,1,0,1
5701640,78,1,0,1
473976,78,1,0,1
2030648,78,1,1,0
859096,78,1,1,0
258736,78,1,0,1
1006928,78,1,1,0
6264336,78,1,1,0
401824,78,1,0,1
2463888,78,1,0,1
2347440,78,1,0,1
131168,78,1,1,0
1184856,78,1,0,1
1350432,78,1,0,1
2402728,78,1,1,0
7196000,78,1,0,1
932616,78,1,1,0
4683080,78,1,0,1
3029408,78,1,0,1
2201656,78,1,0,1
2691368,78,1,1,0
8156144,78,1,1,0
7075608,78,1,0,1
2351320,78,1,1,0
706744,78,1,0,1
1264760,78,1,0,1
931592,78,1,0,1
5054792,78,1,1,0
1186816,78,1,0,1
67832,78,1,1,0
2499472,78,1,0,1
428968,78,1,0,1
1510008,78,1,0,1
3236896,78,1,1,0
3631872,78,1,0,1
998104,78,1,1,0
3215176,78,1,0,1
5805984,78,1,0,1
1169336,78,1,1,0
2015968,78,1,1,0
2043920,78,1,0,1
5775136,78,1,0,1
2722392,78,1,0,1
869648,78,1,1,0
1002664,78,1,1,0
8364024,78,1,0,1
3157856,78,1,1,0
1051352,78,1,0,1
1205368,78,1,1,0
1131704,78,1,0,1
1514264,78,1,0,1
7171944,78,1,0,1
892760,78,1,0,1
3664912,78,1,0,1
1164136,78,1,1,0
1280016,78,1,1,0
8208176,78,1,0,1
2630424,78,1,0,1
765952,78,1,1,0
6123728,78,1,0,1
2181376,78,1,0,1
4449240,78,1,0,1
4612464,78,1,1,0
1720624,78,1,1,0
7567024,78,1,0,1
939536,78,1,0,1
1829848,78,1,0,1
4219560,78,1,1,0
2006744,78,1,1,0
526896,78,1,0,1
1082200,78,1,1,0
1769360,78,1,1,0
1412448,78,1,0,1
6983328,78,1,1,0
2959128,78,1,1,0
6560176,78,1,1,0
3285040,78,1,1,0
236464,78,1,1,0
1237264,78,1,0,1
3280136,78,1,1,0
5299864,78,1,0,1
176576,78,1,0,1
4575152,78,1,0,1
902848,78,1,0,1
155384,78,1,1,0
3760720,78,1,0,1
1625384,78,1,1,0
325984,78,1,0,1
421544,78,1,0,1
7324072,78,1,0,1
3515960,78,1,0,1
618120,78,1,1,0
3384200,78,1,0,1
737720,78,1,0,1
2960560,78,1,1,0
390152,78,1,0,1
619864,78,1,1,0
1697896,78,1,1,0
2221064,78,1,0,1
1061472,78,1,1,0
923624,78,1,1,0
512464,78,1,0,1
5571184,78,1,0,1
185808,78,1,0,1
216920,78,1,1,0
8072464,78,1,0,1
3943968,78,1,1,0
4863024,78,1,1,0
4214664,78,1,1,0
7785520,78,1,1,0
4820936,78,1,1,0
4803672,78,1,1,0
7699112,78,1,1,0
1220120,78,1,0,1
3213056,78,1,1,0
7860552,78,1,1,0
3291192,78,1,0,1
3320144,78,1,0,1
2638960,78,1,1,0
8185928,78,1,1,0
1042528,78,1,0,1
5824536,78,1,1,0
5615040,78,1,0,1
3685832,78,1,0,1
827584,78,1,0,1
1875688,78,1,0,1
345792,78,1,1,0
777840,78,1,1,0
940648,78,1,1,0
508416,78,1,0,1
7892768,78,1,1,0
186688,78,1,1,0
1119152,78,1,1,0
241320,78,1,1,0
1783456,78,1,0,1
1260536,78,1,1,0
1885120,78,1,1,0
5685080,78,1,0,1
6216320,78,1,1,0
7916640,78,1,1,0
1886968,78,1,0,1
5319800,78,1,0,1
1824576,78,1,1,0
5192320,78,1,1,0
2114848,78,1,1,0
476392,78,1,0,1
251184,78,1,0,1
1221200,78,1,0,1
2005448,78,1,0,1
1973512,78,1,1,0
4281744,78,1,1,0
1099112,78,1,1,0
3977704,78,1,1,0
866680,78,1,1,0
2438528,78,1,0,1
5552000,78,1,0,1
1579176,78,1,1,0
4618144,78,1,1,0
6213408,78,1,0,1
2974664,78,1,1,0
6447048,78,1,0,1
3965592,78,1,1,0
1350624,78,1,1,0
380120,78,1,0,1
830496,78,1,1,0
6876544,78,1,0,1
2648360,78,1,0,1
441952,78,1,0,1
8235800,78,1,0,1
1272632,78,1,0,1
2110400,78,1,0,1
4227432,78,1,1,0
1598192,78,1,1,0
1048696,78,1,1,0
5605520,78,1,0,1
8005088,78,1,0,1
808864,78,1,0,1
5546632,78,1,0,1
5025824,78,1,1,0
3868024,78,1,1,0
712984,78,1,0,1
4483152,78,1,0,1
499568,78,1,0,1
4196264,78,1,1,0
8054040,78,1,0,1
2763784,78,1,1,0
733728,78,1,0,1
7045072,78,1,0,1
348328,78,1,1,0
1391472,78,1,1,0
1699448,78,1,0,1
2357816,78,1,1,0
7169240,78,1,1,0
397832,78,1,0,1
5646408,78,1,1,0
2871368,78,1,0,1
7178936,78,1,0,1
3263960,78,1,0,1
412808,78,1,0,1
1163096,78,1,0,1
619288,78,1,0,1
1503544,78,1,0,1
1812184,78,1,0,1
1031736,78,1,1,0
351248,78,1,0,1
2240488,78,1,1,0
1857512,78,1,1,0
1761088,78,1,0,1
531840,78,1,1,0
1745720,78,1,0,1
379840,78,1,1,0
7775240,78,1,1,0
628920,78,1,1,0
444808,78,1,1,0
1806920,78,1,1,0
1703496,78,1,1,0
6238184,78,1,1,0
2226704,78,1,1,0
4194232,78,1,0,1
7178072,78,1,0,1
919264,78,1,0,1
6145648,78,1,0,1
1493408,78,1,0,1
2124776,78,1,0,1
223616,78,1,1,0
3723000,78,1,0,1
3915432,78,1,1,0
3267600,78,1,1,0
6853688,78,1,0,1
449152,78,1,1,0
5631424,78,1,0,1
335632,78,1,1,0
4387576,78,1,1,0
6074672,78,1,0,1
2957056,78,1,0,1
5539704,78,1,0,1
4060528,78,1,0,1
1154712,78,1,1,0
4319928,78,1,1,0
5014248,78,1,0,1
499912,78,1,1,0
4379304,78,1,0,1
3007528,78,1,0,1
7919344,78,1,0,1
4862440,78,1,0,1
1293632,78,1,1,0
3056784,78,1,0,1
176816,78,1,1,0
266248,78,1,0,1
5176144,78,1,1,0
1899816,78,1,1,0
83056,78,1,1,0
1398504,78,1,0,1
1697432,78,1,0,1
1029064,78,1,0,1
6108264,78,1,1,0
3563800,78,1,0,1
139056,78,1,1,0
6586880,78,1,1,0
7058632,78,1,1,0
8320904,78,1,0,1
867456,78,1,0,1
1703656,78,1,1,0
3049224,78,1,0,1
3007112,78,1,0,1
393848,78,1,0,1
1999008,78,1,1,0
5589392,78,1,1,0
1415632,78,1,0,1
5452992,78,1,0,1
6732728,78,1,1,0
296952,78,1,0,1
1214896,78,1,0,1
4918976,78,1,1,0
65592,78,1,1,0
3663144,78,1,0,1
4945096,78,1,1,0
3231128,78,1,1,0
5511232,78,1,0,1
2217848,78,1,1,0
1114080,78,1,1,0
369928,78,1,1,0
2366584,78,1,1,0
5409496,78,1,0,1
688032,78,1,0,1
4731160,78,1,0,1
2508392,78,1,1,0
6585992,78,1,1,0
1150456,78,1,1,0
7964072,78,1,0,1
6680928,78,1,0,1
3358360,78,1,1,0
2802744,78,1,0,1
7198392,78,1,0,1
6498384,78,1,0,1
5322864,78,1,0,1
5540528,78,1,0,1
5109592,78,1,1,0
3953184,78,1,1,0
244520,78,1,0,1
4798608,78,1,1,0
7704488,78,1,1,0
618840,78,1,1,0
514712,78,1,1,0
1205080,78,1,0,1
344800,78,1,1,0
418408,78,1,1,0
621296,78,1,0,1
7343960,78,1,1,0
570736,78,1,0,1
7877240,78,1,0,1
5351640,78,1,0,1
370392,78,1,1,0
6346712,78,1,1,0
4345056,78,1,0,1
391448,78,1,1,0
450696,78,1,0,1
4590240,78,1,1,0
388352,78,1,0,1
3671336,78,1,1,0
874496,78,1,1,0
3569776,78,1,1,0
831128,78,1,0,1
2149536,78,1,0,1
3464872,78,1,1,0
331512,78,1,0,1
4205520,78,1,0,1
490696,78,1,1,0
5138952,78,1,1,0
933392,78,1,0,1
3202216,78,1,0,1
7104760,78,1,1,0
1300928,78,1,0,1
2221624,78,1,1,0
4077000,78,1,1,0
4715768,78,1,0,1
4019792,78,1,0,1
3107552,78,1,0,1
7702064,78,1,0,1
7036144,78,1,1,0
4024296,78,1,1,0
1658104,78,1,1,0
3653752,78,1,0,1
3037968,78,1,0,1
228248,78,1,0,1
3416712,78,1,0,1
1324120,78,1,0,1
5099072,78,1,0,1
7333944,78,1,0,1
2185072,78,1,1,0
711048,78,1,1,0
4805864,78,1,1,0
1191784,78,1,0,1
4639640,78,1,0,1
6637600,78,1,0,1
3003736,78,1,0,1
1522784,78,1,0,1
949048,78,1,0,1
4384152,78,1,0,1
1374056,78,1,1,0
2292072,78,1,0,1
1185056,78,1,1,0
2585616,78,1,0,1
4793696,78,1,0,1
4748968,78,1,0,1
1907184,78,1,0,1
329312,78,1,0,1
2216384,78,1,0,1
3862496,78,1,1,0
6627632,78,1,0,1
1284496,78,1,0,1
695328,78,1,0,1
2728832,78,1,0,1
5622304,78,1,0,1
2575320,78,1,0,1
8141776,78,1,1,0
415888,78,1,1,0
1834176,78,1,0,1
602216,78,1,0,1
2966112,78,1,1,0
7843624,78,1,0,1
936912,78,1,1,0
995976,78,1,0,1
7955864,78,1,1,0
890288,78,1,0,1
2274272,78,1,0,1
7412504,78,1,1,0
2484600,78,1,1,0
3570736,78,1,1,0
2001040,78,1,0,1
459448,78,1,0,1
1589968,78,1,1,0
557544,78,1,0,1
912984,78,1,1,0
1437664,78,1,1,0
784472,78,1,1,0
2283144,78,1,0,1
908096,78,1,0,1
7935096,78,1,1,0
2092464,78,1,0,1
4515456,78,1,0,1
592224,78,1,1,0
515848,78,1,0,1
969704,78,1,1,0
4400168,78,1,0,1
2555568,78,1,1,0
355520,78,1,1,0
813840,78,1,0,1
756152,78,1,1,0
5744640,78,1,0,1
961096,78,1,1,0
2952376,78,1,0,1
1958672,78,1,1,0
2129040,78,1,0,1
6351744,78,1,0,1
2169448,78,1,1,0
4376104,78,1,1,0
4869680,78,1,0,1
7563712,78,1,1,0
984224,78,1,1,0
474528,78,1,0,1
1279632,78,1,0,1
990216,78,1,1,0
1205256,78,1,0,1
2225792,78,1,1,0
1136472,78,1,0,1
273936,78,1,0,1
1088928,78,1,1,0
6415480,78,1,1,0
3550952,78,1,0,1
5948592,78,1,0,1
6480440,78,1,0,1
7630584,78,1,1,0
1455720,78,1,0,1
2030840,78,1,1,0
7752536,78,1,1,0
4105264,78,1,0,1
6897360,78,1,1,0
1092744,78,1,1,0
1026856,78,1,1,0
3848488,78,1,1,0
4558800,78,1,1,0
8014832,78,1,1,0
1003832,78,1,1,0
6706048,78,1,0,1
6704520,78,1,0,1
1215960,78,1,1,0
7409768,78,1,1,0
6047760,78,1,0,1
3356000,78,1,1,0
5363576,78,1,1,0
6495416,78,1,0,1
785824,78,1,0,1
7478368,78,1,0,1
1136672,78,1,0,1
3415040,78,1,1,0
7228960,78,1,1,0
4734944,78,1,0,1
8168584,78,1,1,0
7241240,78,1,1,0
1342984,78,1,1,0
203424,78,1,1,0
1802200,78,1,0,1
6051472,78,1,1,0
3949008,78,1,0,1
6644752,78,1,0,1
569688,78,1,0,1
1825272,78,1,1,0
4393728,78,1,1,0
3244536,78,1,1,0
916472,78,1,0,1
1151272,78,1,0,1
4686104,78,1,0,1
2288552,78,1,0,1
817184,78,1,0,1
3724264,78,1,0,1
3683536,78,1,1,0
370928,78,1,0,1
7805440,78,1,1,0
7664216,78,1,0,1
1887664,78,1,0,1
4602776,78,1,0,1
3378992,78,1,0,1
1600536,78,1,1,0
7777224,78,1,1,0
346496,78,1,1,0
2605064,78,1,0,1
574904,78,1,1,0
2735936,78,1,1,0
799216,78,1,0,1
3054672,78,1,0,1
1861472,78,1,1,0
706480,78,1,1,0
1917064,78,1,0,1
274416,78,1,0,1
1396576,78,1,0,1
2989456,78,1,0,1
1188880,78,1,0,1
3197592,78,1,1,0
559008,78,1,0,1
2956880,78,1,1,0
7386016,78,1,0,1
5734520,78,1,0,1
1603016,78,1,1,0
2560776,78,1,1,0
1289040,78,1,0,1
206784,78,1,1,0
6670472,78,1,1,0
769112,78,1,1,0
769928,78,1,1,0
2068168,78,1,1,0
8029440,78,1,0,1
1230296,78,1,0,1
2853136,78,1,1,0
7582064,78,1,0,1
576368,78,1,1,0
7477144,78,1,1,0
5179416,78,1,0,1
425888,78,1,1,0
1300048,78,1,0,1
634728,78,1,1,0
2326704,78,1,1,0
2527472,78,1,0,1
3009904,78,1,0,1
1238904,78,1,1,0
474944,78,1,0,1
1573024,78,1,1,0
1027520,78,1,0,1
5508728,78,1,1,0
929552,78,1,0,1
7526864,78,1,0,1
433152,78,1,1,0
598000,78,1,1,0
334560,78,1,1,0
565592,78,1,1,0
2901184,78,1,0,1
1258224,78,1,1,0
3952776,78,1,1,0
726808,78,1,0,1
4450552,78,1,0,1
3692256,78,1,1,0
3897976,78,1,0,1
1042448,78,1,1,0
7718536,78,1,1,0
1114576,78,1,1,0
5684968,78,1,1,0
509312,78,1,0,1
976040,78,1,0,1
2922048,78,1,1,0
3102064,78,1,1,0
519056,78,1,0,1
3758336,78,1,1,0
5432344,78,1,0,1
823008,78,1,0,1
5348320,78,1,1,0
4701696,78,1,0,1
4176696,78,1,1,0
5262240,78,1,0,1
7526760,78,1,1,0
1046688,78,1,1,0
2643328,78,1,1,0
5544872,78,1,1,0
1883632,78,1,0,1
565784,78,1,1,0
4465792,78,1,1,0
720776,78,1,0,1
2184216,78,1,0,1
1205176,78,1,0,1
757352,78,1,1,0
5661080,78,1,1,0
892576,78,1,0,1
1309096,78,1,1,0
5600416,78,1,1,0
8359488,78,1,0,1
989600,78,1,1,0
3531176,78,1,0,1
2129512,78,1,0,1
4562160,78,1,0,1
6030336,78,1,1,0
3633464,78,1,0,1
882736,78,1,1,0
3239840,78,1,0,1
7483808,78,1,1,0
2766288,78,1,0,1
4112032,78,1,1,0
160368,78,1,1,0
1317592,78,1,1,0
5361032,78,1,1,0
1598824,78,1,1,0
1055536,78,1,0,1
4316416,78,1,0,1
1071736,78,1,1,0
2405272,78,1,1,0
1112136,78,1,0,1
1130856,78,1,0,1
666984,78,1,1,0
7050872,78,1,0,1
2550712,78,1,0,1
1191024,78,1,1,0
5929920,78,1,0,1
3698264,78,1,1,0
6712432,78,1,1,0
357352,78,1,0,1
1892304,78,1,1,0
1698768,78,1,0,1
334816,78,1,0,1
4511024,78,1,0,1
4331720,78,1,0,1
3334464,78,1,0,1
7289104,78,1,1,0
667152,78,1,1,0
5054808,78,1,0,1
2779024,78,1,1,0
2858800,78,1,1,0
1312704,78,1,0,1
4817984,78,1,0,1
1197576,78,1,0,1
2059296,78,1,1,0
702376,78,1,0,1
3216760,78,1,0,1
1029784,78,1,1,0
1910160,78,1,1,0
3140112,78,1,0,1
5934592,78,1,0,1
589144,78,1,0,1
6082856,78,1,0,1
933512,78,1,1,0
899040,78,1,1,0
3989312,78,1,1,0
1422304,78,1,1,0
5880528,78,1,0,1
2885408,78,1,1,0
7317040,78,1,0,1
3221936,78,1,0,1
864976,78,1,0,1
3133472,78,1,1,0
632888,78,1,0,1
866128,78,1,0,1
780088,78,1,0,1
5685936,78,1,1,0
1609080,78,1,1,0
1055352,78,1,0,1
2058712,78,1,1,0
485240,78,1,0,1
7154744,78,1,1,0
2009456,78,1,1,0
5168968,78,1,0,1
2184496,78,1,1,0
7204304,78,1,0,1
6093832,78,1,0,1
2963560,78,1,1,0
516408,78,1,0,1
6163584,78,1,0,1
671808,78,1,1,0
6247744,78,1,0,1
6655800,78,1,1,0
1843552,78,1,0,1
363424,78,1,0,1
6351848,78,1,0,1
7183152,78,1,1,0
866448,78,1,0,1
755304,78,1,0,1
1360456,78,1,1,0
1067888,78,1,1,0
1845104,78,1,1,0
1979192,78,1,0,1
1654192,78,1,1,0
2841272,78,1,0,1
854000,78,1,0,1
2346464,78,1,0,1
1249576,78,1,0,1
6623400,78,1,0,1
319008,78,1,1,0
7180504,78,1,0,1
726080,78,1,1,0
5521792,78,1,1,0
5574584,78,1,0,1
4252168,78,1,0,1
4470720,78,1,1,0
4124712,78,1,1,0
713936,78,1,1,0
1508152,78,1,0,1
128320,78,1,1,0
741016,78,1,1,0
902952,78,1,0,1
5240608,78,1,0,1
3563600,78,1,0,1
2262328,78,1,1,0
5597376,78,1,0,1
2600928,78,1,1,0
7843448,78,1,1,0
7755816,78,1,1,0
3686400,78,1,0,1
5667536,78,1,0,1
234368,78,1,1,0
1664120,78,1,1,0
4557896,78,1,0,1
877312,78,1,0,1
6505976,78,1,0,1
624504,78,1,1,0
128416,78,1,1,0
1279416,78,1,1,0
6664680,78,1,0,1
5332896,78,1,0,1
1329344,78,1,1,0
5183952,78,1,1,0
4436944,78,1,1,0
561056,78,1,1,0
786568,78,1,0,1
3198248,78,1,1,0
737296,78,1,0,1
2128464,78,1,1,0
6831648,78,1,1,0
459832,78,1,0,1
591720,78,1,0,1
3965080,78,1,1,0
5897168,78,1,0,1
4351440,78,1,1,0
5643888,78,1,0,1
262984,78,1,1,0
143952,78,1,1,0
2614768,78,1,1,0
1288736,78,1,0,1
5191960,78,1,0,1
879016,78,1,1,0
5612376,78,1,1,0
1684608,78,1,0,1
3007872,78,1,0,1
1933288,78,1,0,1
689496,78,1,1,0
5660664,78,1,0,1
6251896,78,1,1,0
3338088,78,1,0,1
7170552,78,1,1,0
101424,78,1,1,0
1527520,78,1,0,1
1090992,78,1,1,0
2267416,78,1,0,1
6982568,78,1,1,0
400696,78,1,0,1
1712328,78,1,1,0
332856,78,1,0,1
2102056,78,1,0,1
1987064,78,1,1,0
3851208,78,1,0,1
2351728,78,1,1,0
2020192,78,1,1,0
1752480,78,1,0,1
5796120,78,1,0,1
1547520,78,1,1,0
1469840,78,1,0,1
6313024,78,1,1,0
7501984,78,1,1,0
2028352,78,1,0,1
3986152,78,1,1,0
4235520,78,1,0,1
7979456,78,1,0,1
4618656,78,1,0,1
3110696,78,1,0,1
918144,78,1,0,1
853552,78,1,1,0
3164456,78,1,0,1
1926656,78,1,0,1
1738184,78,1,1,0
7301408,78,1,1,0
1048976,78,1,1,0
4933448,78,1,0,1
2537680,78,1,1,0
3212328,78,1,1,0
2982760,78,1,1,0
5664416,78,1,0,1
7942760,78,1,1,0
7930128,78,1,1,0
1002856,78,1,0,1
3876216,78,1,1,0
1687896,78,1,1,0
2959376,78,1,0,1
427848,78,1,0,1
1334592,78,1,1,0
2484136,78,1,0,1
586568,78,1,0,1
7364712,78,1,0,1
3374232,78,1,0,1
492176,78,1,1,0
8184656,78,1,1,0
1439112,78,1,1,0
3103736,78,1,1,0
2578656,78,1,1,0
3837904,78,1,1,0
1439976,78,1,0,1
3372752,78,1,1,0
6526176,78,1,1,0
2034856,78,1,1,0
3336456,78,1,1,0
3631984,78,1,0,1
2289104,78,1,1,0
5040112,78,1,0,1
1182824,78,1,1,0
4322864,78,1,1,0
2515944,78,1,0,1
672432,78,1,1,0
4819280,78,1,0,1
2576872,78,1,0,1
5719568,78,1,1,0
3270528,78,1,1,0
6922904,78,1,0,1
2685544,78,1,1,0
5772552,78,1,1,0
4787528,78,1,1,0
2293912,78,1,1,0
1453272,78,1,0,1
1270720,78,1,1,0
3017512,78,1,0,1
552616,78,1,0,1
7296832,78,1,1,0
491360,78,1,0,1
3766712,78,1,0,1
1119144,78,1,1,0
966856,78,1,0,1
5655576,78,1,1,0
7600408,78,1,1,0
357120,78,1,1,0
3393664,78,1,0,1
8192096,78,1,1,0
6096392,78,1,0,1
260784,78,1,0,1
742368,78,1,1,0
2910968,78,1,1,0
1301176,78,1,1,0
1882584,78,1,1,0
8019616,78,1,1,0
651152,78,1,0,1
1184936,78,1,0,1
2954936,78,1,1,0
321168,78,1,0,1
676352,78,1,1,0
1261360,78,1,1,0
8151184,78,1,0,1
697096,78,1,1,0
581288,78,1,0,1
348872,78,1,0,1
267504,78,1,1,0
353056,78,1,0,1
4826248,78,1,0,1
2229048,78,1,0,1
329056,78,1,0,1
2135536,78,1,0,1
3562192,78,1,0,1
1939976,78,1,1,0
344120,78,1,0,1
3103360,78,1,1,0
476728,78,1,1,0
3653896,78,1,0,1
273680,78,1,0,1
4933496,78,1,1,0
734904,78,1,0,1
736448,78,1,0,1
3569528,78,1,1,0
801208,78,1,1,0
768280,78,1,0,1
507824,78,1,1,0
956864,78,1,1,0
573608,78,1,0,1
723272,78,1,0,1
7503560,78,1,1,0
1175000,78,1,1,0
1373960,78,1,1,0
4851288,78,1,0,1
5826216,78,1,0,1
4835088,78,1,1,0
423512,78,1,1,0
276624,78,1,1,0
6297304,78,1,0,1
541592,78,1,0,1
3438352,78,1,0,1
983128,78,1,1,0
1866800,78,1,0,1
5171080,78,1,0,1
1233064,78,1,0,1
371440,78,1,0,1
1493824,78,1,0,1
7941752,78,1,1,0
4574456,78,1,0,1
4647888,78,1,0,1
975656,78,1,0,1
597184,78,1,1,0
1335872,78,1,1,0
1499992,78,1,1,0
1944840,78,1,1,0
7305768,78,1,0,1
347712,78,1,1,0
648480,78,1,1,0
2157304,78,1,0,1
6549216,78,1,0,1
655744,78,1,1,0
434088,78,1,0,1
1832048,78,1,0,1
2693880,78,1,0,1
3611888,78,1,0,1
495232,78,1,1,0
1943632,78,1,0,1
3728816,78,1,1,0
293432,78,1,0,1
3547728,78,1,1,0
793696,78,1,0,1
1139504,78,1,1,0
5184864,78,1,0,1
1256720,78,1,1,0
2800832,78,1,0,1
3614456,78,1,0,1
6869448,78,1,1,0
3006296,78,1,1,0
3487464,78,1,0,1
294112,78,1,0,1
1318592,78,1,1,0
3780520,78,1,0,1
8257560,78,1,0,1
2612456,78,1,0,1
745888,78,1,1,0
605208,78,1,1,0
1123368,78,1,0,1
7518232,78,1,1,0
4135568,78,1,0,1
6780608,78,1,0,1
1494656,78,1,0,1
337696,78,1,1,0
4956856,78,1,1,0
1948752,78,1,1,0
5605496,78,1,1,0
715528,78,1,0,1
4053032,78,1,0,1
2400640,78,1,1,0
1782496,78,1,1,0
2240312,78,1,0,1
4882104,78,1,1,0
1121192,78,1,1,0
3798392,78,1,0,1
2137096,78,1,0,1
4257184,78,1,0,1
2061448,78,1,0,1
4646400,78,1,0,1
1591112,78,1,0,1
1068984,78,1,0,1
3835696,78,1,1,0
2626568,78,1,1,0
701736,78,1,1,0
1332592,78,1,0,1
529768,78,1,0,1
1830928,78,1,1,0
8209608,78,1,0,1
7635856,78,1,1,0
3844456,78,1,0,1
1427112,78,1,0,1
4495624,78,1,1,0
6702592,78,1,0,1
1060592,78,1,1,0
1139720,78,1,1,0
247752,78,1,0,1
1793240,78,1,1,0
2909312,78,1,1,0
1210176,78,1,1,0
2227672,78,1,1,0
637408,78,1,0,1
1531960,78,1,0,1
1783664,78,1,0,1
2465976,78,1,1,0
713560,78,1,1,0
6018656,78,1,0,1
747600,78,1,1,0
6425632,78,1,1,0
1805008,78,1,1,0
1049968,78,1,1,0
3497728,78,1,0,1
2581760,78,1,0,1
2597928,78,1,0,1
3188688,78,1,1,0
3180576,78,1,0,1
4743432,78,1,0,1
250096,78,1,1,0
6915760,78,1,1,0
2829680,78,1,0,1
1600728,78,1,0,1
5332968,78,1,1,0
6002672,78,1,0,1
2586848,78,1,1,0
2278768,78,1,1,0
8021992,78,1,1,0
738320,78,1,1,0
312624,78,1,1,0
1951656,78,1,1,0
551248,78,1,0,1
4000040,78,1,1,0
2300304,78,1,1,0
1679184,78,1,0,1
430632,78,1,0,1
1149776,78,1,0,1
2891704,78,1,1,0
5692728,78,1,0,1
8274320,78,1,0,1
592264,78,1,1,0
1032104,78,1,0,1
2769448,78,1,1,0
682512,78,1,1,0
1691368,78,1,0,1
5554736,78,1,1,0
6546816,78,1,1,0
5022368,78,1,1,0
6431752,78,1,0,1
2249552,78,1,1,0
770632,78,1,0,1
442256,78,1,0,1
6405272,78,1,0,1
347992,78,1,1,0
599632,78,1,1,0
4587896,78,1,0,1
3606288,78,1,0,1
4122584,78,1,1,0
332472,78,1,1,0
937624,78,1,0,1
871240,78,1,1,0
1644080,78,1,0,1
6505504,78,1,1,0
1111840,78,1,0,1
1789672,78,1,1,0
1286536,78,1,0,1
801816,78,1,1,0
954176,78,1,0,1
190776,78,1,0,1
838880,78,1,0,1
823336,78,1,0,1
930960,78,1,0,1
639200,78,1,1,0
5543088,78,1,1,0
1346640,78,1,0,1
1100152,78,1,0,1
7707656,78,1,0,1
6601912,78,1,0,1
1370360,78,1,1,0
1796912,78,1,1,0
4559016,78,1,0,1
2031120,78,1,1,0
6309368,78,1,1,0
3296480,78,1,0,1
1449392,78,1,0,1
5361200,78,1,1,0
2718504,78,1,0,1
2142080,78,1,1,0
1546816,78,1,0,1
2750888,78,1,0,1
6566400,78,1,0,1
6469824,78,1,0,1
521848,78,1,1,0
1876368,78,1,0,1
5611704,78,1,0,1
5419704,78,1,0,1
3380736,78,1,1,0
5578640,78,1,1,0
4528280,78,1,1,0
4262408,78,1,1,0
446392,78,1,1,0
7643488,78,1,1,0
3962208,78,1,0,1
608616,78,1,1,0
3502528,78,1,0,1
4320584,78,1,1,0
7255384,78,1,1,0
3362008,78,1,0,1
5027760,78,1,0,1
6219552,78,1,0,1
5309728,78,1,1,0
744352,78,1,1,0
5464480,78,1,0,1
2187056,78,1,0,1
1128376,78,1,0,1
568528,78,1,1,0
721312,78,1,1,0
3967464,78,1,1,0
670968,78,1,1,0
757928,78,1,1,0
163480,78,1,1,0
6274776,78,1,1,0
8155568,78,1,1,0
1238808,78,1,0,1
349976,78,1,1,0
1170280,78,1,1,0
4635688,78,1,1,0
175128,78,1,0,1
3294664,78,1,1,0
2572152,78,1,1,0
2081680,78,1,1,0
3347352,78,1,0,1
7045304,78,1,0,1
449832,78,1,1,0
525120,78,1,1,0
3960192,78,1,0,1
6099128,78,1,1,0
552280,78,1,0,1
1444000,78,1,1,0
5684240,78,1,1,0
4025928,78,1,1,0
7353928,78,1,0,1
4222016,78,1,0,1
3663272,78,1,0,1
5048624,78,1,0,1
2100224,78,1,0,1
2237992,78,1,0,1
4425928,78,1,1,0
6343840,78,1,0,1
323056,78,1,0,1
4500944,78,1,0,1
1975616,78,1,1,0
6192008,78,1,1,0
5356720,78,1,1,0
335992,78,1,0,1
1857968,78,1,1,0
4996016,78,1,0,1
746760,78,1,1,0
4134072,78,1,0,1
785720,78,1,1,0
8166440,78,1,0,1
1622320,78,1,0,1
1160840,78,1,1,0
424600,78,1,0,1
3145560,78,1,1,0
7488216,78,1,0,1
1379944,78,1,1,0
6622288,78,1,1,0
2185840,78,1,1,0
8006088,78,1,1,0
401704,78,1,0,1
841472,78,1,0,1
912664,78,1,0,1
895496,78,1,0,1
2765944,78,1,1,0
3711088,78,1,0,1
129584,78,1,0,1
1653736,78,1,1,0
2952056,78,1,1,0
3561992,78,1,0,1
3199568,78,1,1,0
1294776,78,1,0,1
2117456,78,1,0,1
3953544,78,1,0,1
7021208,78,1,0,1
7094384,78,1,0,1
6436488,78,1,1,0
732520,78,1,1,0
2209488,78,1,0,1
3998984,78,1,0,1
927200,78,1,0,1
2143248,78,1,1,0
5382248,78,1,1,0
555688,78,1,0,1
5358592,78,1,1,0
3106520,78,1,1,0
382480,78,1,0,1
4414080,78,1,0,1
314888,78,1,0,1
3802352,78,1,0,1
208208,78,1,1,0
3723328,78,1,0,1
4867304,78,1,1,0
977656,78,1,0,1
568968,78,1,1,0
2351552,78,1,0,1
3231440,78,1,0,1
853512,78,1,0,1
2106440,78,1,0,1
1917680,78,1,1,0
1109536,78,1,0,1
1289416,78,1,1,0
7505456,78,1,0,1
3988336,78,1,1,0
3403896,78,1,1,0
1845416,78,1,0,1
2000840,78,1,0,1
4430872,78,1,1,0
6610120,78,1,0,1
1344024,78,1,0,1
3880576,78,1,1,0
335856,78,1,0,1
4061392,78,1,1,0
415064,78,1,0,1
2166912,78,1,0,1
5798744,78,1,1,0
7004568,78,1,0,1
7084248,78,1,1,0
580160,78,1,0,1
2455520,78,1,1,0
2217288,78,1,1,0
1209976,78,1,0,1
6780976,78,1,1,0
2354400,78,1,1,0
1086016,78,1,0,1
3029008,78,1,0,1
1039936,78,1,0,1
2667704,78,1,0,1
74912,78,1,0,1
3851688,78,1,0,1
5138832,78,1,0,1
2295672,78,1,0,1
1049328,78,1,0,1
534480,78,1,0,1
5588080,78,1,0,1
2634312,78,1,1,0
5895240,78,1,0,1
579888,78,1,1,0
417056,78,1,1,0
1804928,78,1,0,1
5945552,78,1,0,1
1328744,78,1,1,0
231960,78,1,0,1
1799768,78,1,1,0
7369544,78,1,1,0
4143416,78,1,0,1
319984,78,1,1,0
302752,78,1,1,0
2583144,78,1,1,0
399536,78,1,0,1
3874392,78,1,0,1
3927704,78,1,1,0
808408,78,1,1,0
3194792,78,1,0,1
3268520,78,1,1,0
503344,78,1,1,0
5397096,78,1,0,1
3538408,78,1,0,1
460616,78,1,0,1
142968,78,1,0,1
4475408,78,1,1,0
2143592,78,1,1,0
3593928,78,1,0,1
4697576,78,1,0,1
4948656,78,1,0,1
1720848,78,1,1,0
408160,78,1,1,0
1686904,78,1,1,0
2961592,78,1,1,0
7467936,78,1,1,0
4241528,78,1,0,1
3861096,78,1,0,1
6125768,78,1,0,1
5133496,78,1,0,1
465288,78,1,0,1
665192,78,1,0,1
3848008,78,1,0,1
441272,78,1,0,1
1211432,78,1,0,1
242288,78,1,1,0
781640,78,1,1,0
1780136,78,1,0,1
2648272,78,1,0,1
6237280,78,1,0,1
1811680,78,1,0,1
2012760,78,1,1,0
4750040,78,1,1,0
2002592,78,1,0,1
5219352,78,1,1,0
2208288,78,1,1,0
380608,78,1,1,0
353832,78,1,1,0
793168,78,1,0,1
3244744,78,1,0,1
858896,78,1,1,0
4610080,78,1,1,0
1515704,78,1,0,1
457728,78,1,1,0
2415560,78,1,0,1
1005856,78,1,0,1
7149848,78,1,0,1
4137864,78,1,0,1
5620536,78,1,1,0
5988496,78,1,0,1
1057872,78,1,1,0
2471200,78,1,1,0
7890016,78,1,0,1
1012520,78,1,1,0
913960,78,1,1,0
624592,78,1,0,1
847328,78,1,0,1
2921528,78,1,1,0
1847112,78,1,1,0
7502608,78,1,0,1
5648128,78,1,1,0
8207792,78,1,0,1
463640,78,1,1,0
702512,78,1,1,0
2192552,78,1,1,0
2003248,78,1,0,1
3014048,78,1,1,0
2821576,78,1,1,0
1433800,78,1,1,0
7763560,78,1,1,0
6336448,78,1,0,1
4445896,78,1,1,0
324688,78,1,0,1
3040088,78,1,0,1
8139800,78,1,0,1
5712808,78,1,1,0
4794544,78,1,1,0
1820464,78,1,1,0
5957744,78,1,0,1
431776,78,1,1,0
8368544,78,1,0,1
5468992,78,1,1,0
1741456,78,1,0,1
969376,78,1,1,0
5499592,78,1,0,1
2236504,78,1,1,0
184312,78,1,1,0
305752,78,1,1,0
1347688,78,1,1,0
1443720,78,1,1,0
1971752,78,1,1,0
7163456,78,1,1,0
4366192,78,1,1,0
2611152,78,1,1,0
529896,78,1,1,0
5297584,78,1,1,0
3991024,78,1,1,0
2996048,78,1,1,0
4443568,78,1,0,1
2284824,78,1,0,1
217232,78,1,0,1
2241136,78,1,0,1
2299848,78,1,1,0
2291384,78,1,1,0
8094256,78,1,1,0
4567816,78,1,1,0
869520,78,1,0,1
241768,78,1,1,0
316880,78,1,1,0
3010032,78,1,0,1
944752,78,1,1,0
2528560,78,1,1,0
1375704,78,1,0,1
2818816,78,1,0,1
8271960,78,1,0,1
1925560,78,1,1,0
6152248,78,1,0,1
666176,78,1,0,1
1227512,78,1,0,1
1906264,78,1,1,0
6369600,78,1,1,0
4963760,78,1,0,1
4911784,78,1,1,0
1159824,78,1,1,0
995360,78,1,1,0
2310072,78,1,0,1
3542312,78,1,0,1
979736,78,1,1,0
6187440,78,1,0,1
2386800,78,1,0,1
4684712,78,1,0,1
7261640,78,1,1,0
2138384,78,1,1,0
2356776,78,1,0,1
4690480,78,1,0,1
1742424,78,1,0,1
6978688,78,1,0,1
6756968,78,1,0,1
7027440,78,1,0,1
499888,78,1,0,1
2495560,78,1,1,0
4401216,78,1,0,1
1146240,78,1,0,1
918872,78,1,0,1
284392,78,1,1,0
431488,78,1,1,0
1605112,78,1,0,1
5115024,78,1,0,1
8147568,78,1,1,0
1277432,78,1,1,0
1033848,78,1,0,1
1163184,78,1,1,0
4344152,78,1,0,1
156440,78,1,0,1
2770312,78,1,1,0
8232424,78,1,0,1
1284440,78,1,1,0
2915688,78,1,0,1
1038112,78,1,1,0
7687624,78,1,0,1
3348952,78,1,1,0
2418648,78,1,1,0
2168240,78,1,0,1
4054688,78,1,1,0
5761032,78,1,1,0
363664,78,1,1,0
3191880,78,1,1,0
1185832,78,1,1,0
482808,78,1,0,1
1030976,78,1,0,1
358128,78,1,0,1
1068752,78,1,1,0
844720,78,1,0,1
7181576,78,1,0,1
8129360,78,1,1,0
1073304,78,1,0,1
5821512,78,1,1,0
1084680,78,1,0,1
4623728,78,1,1,0
8169296,78,1,1,0
786200,78,1,1,0
658568,78,1,0,1
4949608,78,1,1,0
6853928,78,1,0,1
1296128,78,1,0,1
4604296,78,1,0,1
4287192,78,1,0,1
214104,78,1,1,0
192872,78,1,0,1
2639360,78,1,0,1
230048,79,1,1,0
2638280,79,1,0,1
8359520,79,1,0,1
4358152,79,1,1,0
4345464,79,1,1,0
1582040,79,1,0,1
1380192,79,1,1,0
1555688,79,1,0,1
375304,79,1,1,0
1188104,79,1,1,0
480216,79,1,0,1
8186368,79,1,1,0
5901176,79,1,0,1
1472568,79,1,1,0
2369264,79,1,0,1
1343296,79,1,0,1
2259144,79,1,0,1
6723464,79,1,1,0
452992,79,1,1,0
854480,79,1,0,1
3104040,79,1,1,0
1989304,79,1,1,0
5456600,79,1,0,1
297520,79,1,1,0
1035008,79,1,1,0
4075480,79,1,1,0
948144,79,1,1,0
4854424,79,1,0,1
1063744,79,1,1,0
1532552,79,1,1,0
2376040,79,1,0,1
3526440,79,1,1,0
6356816,79,1,0,1
3285096,79,1,0,1
804192,79,1,1,0
4587376,79,1,0,1
6560984,79,1,1,0
629488,79,1,0,1
1498632,79,1,0,1
829664,79,1,1,0
4041016,79,1,0,1
6178976,79,1,0,1
759112,79,1,0,1
1670520,79,1,0,1
4199608,79,1,1,0
6699288,79,1,1,0
2904312,79,1,0,1
6778120,79,1,0,1
3538176,79,1,1,0
6877144,79,1,0,1
1530888,79,1,1,0
6885128,79,1,1,0
7508784,79,1,0,1
1674232,79,1,1,0
69688,79,1,0,1
1140424,79,1,1,0
7200136,79,1,1,0
814760,79,1,0,1
6297056,79,1,0,1
1227968,79,1,0,1
3254832,79,1,0,1
485728,79,1,0,1
2148280,79,1,0,1
8207168,79,1,0,1
5741048,79,1,0,1
423528,79,1,1,0
5306080,79,1,0,1
1900848,79,1,1,0
5522192,79,1,0,1
2384496,79,1,0,1
2621656,79,1,0,1
830184,79,1,1,0
850624,79,1,0,1
7937944,79,1,1,0
1210576,79,1,0,1
3957616,79,1,1,0
6259480,79,1,0,1
3275744,79,1,1,0
4913952,79,1,0,1
6703336,79,1,0,1
440336,79,1,0,1
761088,79,1,0,1
4609496,79,1,1,0
751088,79,1,1,0
4714424,79,1,1,0
1352808,79,1,0,1
3607400,79,1,0,1
5518656,79,1,0,1
8044208,79,1,0,1
157888,79,1,1,0
2158104,79,1,1,0
3763744,79,1,1,0
119256,79,1,0,1
4388544,79,1,1,0
3312816,79,1,1,0
463840,79,1,0,1
457496,79,1,1,0
358576,79,1,0,1
1638288,79,1,1,0
5174040,79,1,0,1
6794192,79,1,0,1
5423760,79,1,0,1
4058752,79,1,0,1
3532520,79,1,0,1
183416,79,1,0,1
583328,79,1,1,0
3038288,79,1,1,0
4994368,79,1,0,1
1927440,79,1,0,1
2854232,79,1,0,1
7628376,79,1,0,1
718320,79,1,1,0
103720,79,1,1,0
7107896,79,1,1,0
339896,79,1,1,0
758512,79,1,0,1
1343928,79,1,1,0
5759152,79,1,1,0
1514336,79,1,1,0
8332768,79,1,1,0
5516024,79,1,0,1
538600,79,1,0,1
1190400,79,1,1,0
818664,79,1,1,0
996128,79,1,0,1
3290872,79,1,1,0
455448,79,1,0,1
5942808,79,1,1,0
1669608,79,1,1,0
661136,79,1,1,0
6548128,79,1,1,0
639224,79,1,1,0
2643624,79,1,0,1
2624776,79,1,1,0
7038680,79,1,0,1
5401536,79,1,0,1
3175528,79,1,1,0
1042792,79,1,0,1
2988600,79,1,0,1
975496,79,1,1,0
1195344,79,1,1,0
1356568,79,1,1,0
2886248,79,1,0,1
721216,79,1,1,0
3676664,79,1,0,1
6652904,79,1,1,0
311312,79,1,0,1
240936,79,1,0,1
2549200,79,1,0,1
4489768,79,1,1,0
4845200,79,1,1,0
963032,79,1,1,0
1815840,79,1,1,0
1293800,79,1,0,1
3350264,79,1,1,0
1710560,79,1,0,1
2187464,79,1,0,1
4168840,79,1,0,1
1099152,79,1,1,0
3394808,79,1,0,1
2010776,79,1,0,1
3190488,79,1,1,0
8319640,79,1,1,0
863744,79,1,0,1
235608,79,1,1,0
1300680,79,1,1,0
2091440,79,1,0,1
1915648,79,1,1,0
293240,79,1,1,0
1252216,79,1,0,1
2397776,79,1,0,1
645280,79,1,0,1
1691000,79,1,1,0
564016,79,1,1,0
6739400,79,1,0,1
930440,79,1,1,0
369600,79,1,0,1
4154312,79,1,1,0
1673136,79,1,0,1
6021208,79,1,1,0
7312832,79,1,1,0
223704,79,1,1,0
2363392,79,1,0,1
1113864,79,1,0,1
2638200,79,1,0,1
1250320,79,1,0,1
1842448,79,1,1,0
1643048,79,1,1,0
2160064,79,1,1,0
3773008,79,1,1,0
3132112,79,1,0,1
405304,79,1,0,1
1975928,79,1,0,1
4830584,79,1,0,1
5165168,79,1,1,0
3911088,79,1,1,0
6386408,79,1,0,1
827400,79,1,0,1
3030408,79,1,1,0
1803680,79,1,1,0
421408,79,1,1,0
4043576,79,1,0,1
524128,79,1,0,1
3162664,79,1,0,1
7687920,79,1,1,0
8228072,79,1,1,0
929232,79,1,1,0
2728888,79,1,0,1
3605688,79,1,0,1
2127704,79,1,1,0
808480,79,1,0,1
2491192,79,1,0,1
6360288,79,1,0,1
3725040,79,1,1,0
4507520,79,1,0,1
7758240,79,1,1,0
489352,79,1,0,1
5308088,79,1,1,0
3551768,79,1,1,0
2570288,79,1,0,1
1521352,79,1,1,0
5621512,79,1,0,1
2242736,79,1,0,1
4199888,79,1,0,1
6552224,79,1,0,1
3645344,79,1,0,1
3796976,79,1,0,1
2516456,79,1,0,1
7688272,79,1,1,0
273112,79,1,1,0
305896,79,1,1,0
6933216,79,1,1,0
1375200,79,1,0,1
3887320,79,1,0,1
928032,79,1,1,0
745608,79,1,0,1
1403536,79,1,0,1
606720,79,1,1,0
7800760,79,1,1,0
4839624,79,1,1,0
1354064,79,1,0,1
3007712,79,1,1,0
739544,79,1,1,0
2630392,79,1,1,0
1648920,79,1,0,1
4331480,79,1,1,0
2309600,79,1,0,1
2831504,79,1,1,0
3858144,79,1,1,0
949184,79,1,1,0
4514336,79,1,0,1
3193328,79,1,1,0
1393144,79,1,1,0
2085360,79,1,0,1
691848,79,1,0,1
2496128,79,1,1,0
6422128,79,1,1,0
2872696,79,1,0,1
1754320,79,1,0,1
2537448,79,1,0,1
6978040,79,1,1,0
1906504,79,1,1,0
3889024,79,1,1,0
963736,79,1,1,0
7156392,79,1,0,1
4426656,79,1,0,1
531120,79,1,1,0
1358328,79,1,1,0
1139192,79,1,0,1
663504,79,1,0,1
485672,79,1,0,1
2962984,79,1,1,0
7645648,79,1,0,1
2094336,79,1,1,0
7261648,79,1,1,0
1848712,79,1,1,0
3367336,79,1,0,1
831352,79,1,0,1
5280304,79,1,0,1
480480,79,1,0,1
2814368,79,1,0,1
1202000,79,1,0,1
5603800,79,1,1,0
6576552,79,1,0,1
6833424,79,1,1,0
888416,79,1,1,0
1161864,79,1,0,1
4572192,79,1,0,1
4288592,79,1,1,0
937256,79,1,1,0
546584,79,1,1,0
570080,79,1,1,0
254104,79,1,0,1
1057000,79,1,0,1
5282032,79,1,0,1
5126376,79,1,1,0
6390864,79,1,0,1
526968,79,1,0,1
7525008,79,1,1,0
7576168,79,1,0,1
1182312,79,1,0,1
1183464,79,1,0,1
4831648,79,1,0,1
5284984,79,1,1,0
6239232,79,1,1,0
2358432,79,1,1,0
3973856,79,1,0,1
5370616,79,1,0,1
6115184,79,1,1,0
281920,79,1,0,1
2298016,79,1,0,1
3670224,79,1,1,0
7586272,79,1,0,1
340648,79,1,0,1
3573848,79,1,1,0
1830248,79,1,1,0
2551336,79,1,0,1
322320,79,1,1,0
2140248,79,1,1,0
710616,79,1,0,1
2681256,79,1,0,1
5461808,79,1,1,0
3673232,79,1,1,0
1023216,79,1,1,0
1887080,79,1,0,1
2196168,79,1,1,0
2441680,79,1,0,1
5546280,79,1,0,1
221552,79,1,1,0
733408,79,1,0,1
1056736,79,1,1,0
3847008,79,1,1,0
2064936,79,1,1,0
4826504,79,1,1,0
2942656,79,1,1,0
4235784,79,1,1,0
679992,79,1,0,1
1005904,79,1,0,1
714024,79,1,0,1
78048,79,1,1,0
5756312,79,1,1,0
5801744,79,1,0,1
3371136,79,1,1,0
8206360,79,1,0,1
1650344,79,1,0,1
7388744,79,1,0,1
3626456,79,1,0,1
4005232,79,1,1,0
1457952,79,1,1,0
5788312,79,1,1,0
943912,79,1,1,0
1543976,79,1,0,1
6409776,79,1,1,0
5984064,79,1,0,1
4715624,79,1,1,0
2952984,79,1,0,1
2250608,79,1,0,1
109144,79,1,1,0
8364448,79,1,0,1
5425096,79,1,1,0
906232,79,1,0,1
1571920,79,1,1,0
232832,79,1,0,1
5680880,79,1,1,0
2956912,79,1,0,1
528032,79,1,0,1
1303136,79,1,1,0
7982232,79,1,0,1
1603040,79,1,0,1
6797160,79,1,0,1
4275216,79,1,0,1
468400,79,1,1,0
2849664,79,1,0,1
485680,79,1,0,1
2893048,79,1,1,0
1394496,79,1,0,1
957536,79,1,1,0
3912304,79,1,0,1
1015008,79,1,0,1
3075432,79,1,0,1
2832392,79,1,0,1
1136872,79,1,1,0
8362088,79,1,0,1
1469544,79,1,0,1
324216,79,1,0,1
187064,79,1,0,1
334480,79,1,1,0
3205984,79,1,0,1
973024,79,1,0,1
1947376,79,1,0,1
6272976,79,1,1,0
479728,79,1,0,1
3972688,79,1,1,0
6375064,79,1,0,1
7059608,79,1,1,0
7898808,79,1,1,0
6971680,79,1,0,1
2676072,79,1,1,0
3258952,79,1,1,0
2647816,79,1,1,0
5793680,79,1,1,0
4510040,79,1,1,0
2691504,79,1,1,0
3984952,79,1,1,0
1804144,79,1,0,1
1585648,79,1,1,0
1280112,79,1,1,0
3685464,79,1,0,1
1510040,79,1,1,0
1843568,79,1,1,0
1104136,79,1,0,1
5618248,79,1,0,1
1829152,79,1,0,1
683064,79,1,0,1
6778080,79,1,0,1
1059144,79,1,0,1
3849640,79,1,0,1
3555712,79,1,1,0
196400,79,1,0,1
399048,79,1,1,0
7021512,79,1,1,0
197712,79,1,1,0
2138432,79,1,0,1
726568,79,1,1,0
155720,79,1,1,0
5146176,79,1,1,0
1704448,79,1,1,0
1539376,79,1,1,0
1046360,79,1,0,1
612384,79,1,0,1
2867984,79,1,0,1
7501888,79,1,1,0
2186152,79,1,0,1
6343104,79,1,1,0
4972936,79,1,1,0
2938072,79,1,0,1
5114672,79,1,1,0
2388552,79,1,0,1
4583704,79,1,1,0
1947608,79,1,0,1
572896,79,1,0,1
7455480,79,1,0,1
402808,79,1,1,0
4828320,79,1,1,0
4833464,79,1,1,0
4369328,79,1,0,1
4212680,79,1,1,0
942488,79,1,1,0
178392,79,1,0,1
5845024,79,1,1,0
5255728,79,1,1,0
2778344,79,1,0,1
5481312,79,1,0,1
5889176,79,1,0,1
6143024,79,1,0,1
1605208,79,1,0,1
305168,79,1,1,0
1699728,79,1,0,1
2037776,79,1,0,1
4205160,79,1,0,1
90648,79,1,0,1
2649848,79,1,0,1
1350112,79,1,0,1
5675728,79,1,0,1
2791808,79,1,0,1
396424,79,1,0,1
1600928,79,1,0,1
2274056,79,1,0,1
1181432,79,1,0,1
6133744,79,1,1,0
3219664,79,1,1,0
622248,79,1,1,0
6658320,79,1,1,0
635176,79,1,0,1
916064,79,1,0,1
2838192,79,1,0,1
5914728,79,1,1,0
761520,79,1,0,1
768424,79,1,0,1
584504,79,1,0,1
557192,79,1,1,0
2857120,79,1,1,0
4058808,79,1,1,0
2801488,79,1,0,1
937712,79,1,1,0
520864,79,1,0,1
1230760,79,1,0,1
5492944,79,1,0,1
1878904,79,1,0,1
529208,79,1,0,1
1504832,79,1,1,0
97008,79,1,1,0
914280,79,1,0,1
1651128,79,1,1,0
4979040,79,1,1,0
707248,79,1,0,1
4282696,79,1,0,1
2518744,79,1,0,1
385864,79,1,0,1
5424696,79,1,1,0
252792,79,1,1,0
260800,79,1,1,0
804552,79,1,1,0
7206536,79,1,1,0
1222864,79,1,0,1
6109824,79,1,1,0
662456,79,1,0,1
5201496,79,1,1,0
6639360,79,1,0,1
2951176,79,1,1,0
902048,79,1,0,1
1164296,79,1,0,1
1644176,79,1,1,0
192184,79,1,0,1
838512,79,1,1,0
285000,79,1,1,0
1283960,79,1,0,1
3268088,79,1,1,0
1787568,79,1,1,0
3495896,79,1,0,1
1288824,79,1,0,1
1407232,79,1,0,1
1255720,79,1,0,1
1354520,79,1,0,1
5279592,79,1,1,0
7024120,79,1,0,1
5887400,79,1,1,0
2711464,79,1,0,1
3210000,79,1,0,1
2426328,79,1,1,0
5249680,79,1,0,1
2388808,79,1,0,1
6022488,79,1,0,1
4757568,79,1,0,1
1325488,79,1,0,1
1783312,79,1,0,1
5157128,79,1,0,1
592616,79,1,1,0
1099544,79,1,0,1
4499512,79,1,0,1
3548032,79,1,1,0
586576,79,1,0,1
453408,79,1,0,1
293632,79,1,0,1
1721312,79,1,0,1
4555544,79,1,0,1
943424,79,1,0,1
1694928,79,1,0,1
2075480,79,1,0,1
2658152,79,1,1,0
8285016,79,1,0,1
4689608,79,1,0,1
3737008,79,1,0,1
2175464,79,1,0,1
235320,79,1,1,0
2796104,79,1,1,0
7531320,79,1,1,0
5710200,79,1,0,1
2215720,79,1,1,0
5123728,79,1,1,0
484528,79,1,0,1
1049640,79,1,0,1
4007488,79,1,0,1
689752,79,1,0,1
255520,79,1,0,1
1399872,79,1,1,0
2069392,79,1,1,0
5216800,79,1,1,0
5496304,79,1,1,0
963664,79,1,1,0
4805592,79,1,0,1
1797256,79,1,0,1
780944,79,1,0,1
209480,79,1,0,1
1762704,79,1,1,0
904880,79,1,0,1
8299208,79,1,1,0
4926584,79,1,1,0
4142560,79,1,0,1
7348824,79,1,0,1
6971912,79,1,1,0
3292072,79,1,0,1
6700264,79,1,0,1
3451328,79,1,1,0
627408,79,1,1,0
552056,79,1,0,1
3360680,79,1,0,1
369728,79,1,0,1
6609968,79,1,0,1
1170856,79,1,1,0
692776,79,1,1,0
7867904,79,1,1,0
552480,79,1,1,0
7960672,79,1,0,1
6238400,79,1,0,1
3052440,79,1,1,0
2697680,79,1,1,0
646448,79,1,0,1
1907816,79,1,1,0
5073336,79,1,1,0
973440,79,1,0,1
2660208,79,1,1,0
1209584,79,1,1,0
286800,79,1,1,0
670648,79,1,0,1
1285056,79,1,0,1
5020392,79,1,1,0
1825280,79,1,1,0
3622904,79,1,0,1
4869616,79,1,0,1
1954376,79,1,1,0
453368,79,1,1,0
336760,79,1,1,0
678200,79,1,1,0
1052280,79,1,0,1
4943720,79,1,0,1
393112,79,1,1,0
1042848,79,1,0,1
305872,79,1,0,1
2956872,79,1,1,0
487088,79,1,0,1
579200,79,1,1,0
752776,79,1,1,0
2748304,79,1,1,0
6668968,79,1,1,0
3096000,79,1,1,0
6196008,79,1,1,0
2438504,79,1,0,1
7455920,79,1,0,1
3870912,79,1,1,0
2398544,79,1,0,1
1307320,79,1,0,1
3268232,79,1,0,1
3929504,79,1,0,1
7424856,79,1,1,0
7972296,79,1,0,1
1441744,79,1,0,1
749320,79,1,1,0
1804760,79,1,1,0
1074432,79,1,0,1
71464,79,1,0,1
5538648,79,1,1,0
7280680,79,1,0,1
919256,79,1,1,0
1922784,79,1,0,1
2229896,79,1,1,0
5227408,79,1,0,1
3041016,79,1,0,1
5238024,79,1,1,0
878720,79,1,0,1
4620240,79,1,1,0
665936,79,1,1,0
6016824,79,1,0,1
1809320,79,1,0,1
958400,79,1,1,0
1032240,79,1,0,1
159608,79,1,1,0
907016,79,1,0,1
689960,79,1,0,1
340776,79,1,1,0
2879656,79,1,1,0
5748936,79,1,0,1
7715176,79,1,1,0
7713488,79,1,0,1
2012936,79,1,0,1
1554520,79,1,0,1
443168,79,1,0,1
4333912,79,1,0,1
792112,79,1,1,0
332968,79,1,0,1
887912,79,1,0,1
532264,79,1,1,0
2895480,79,1,0,1
778720,79,1,1,0
6790880,79,1,0,1
217064,79,1,1,0
5091968,79,1,0,1
2492448,79,1,0,1
4738088,79,1,0,1
2208776,79,1,1,0
3304584,79,1,1,0
6315800,79,1,1,0
7628736,79,1,1,0
1141600,79,1,0,1
2228896,79,1,1,0
2571344,79,1,0,1
3999952,79,1,1,0
1744296,79,1,1,0
572000,79,1,0,1
1260088,79,1,0,1
697936,79,1,0,1
405104,79,1,1,0
4144480,79,1,1,0
2597416,79,1,1,0
2282048,79,1,1,0
7274136,79,1,0,1
2838920,79,1,0,1
6054576,79,1,0,1
696976,79,1,1,0
1010416,79,1,0,1
1620896,79,1,0,1
3506656,79,1,0,1
6251464,79,1,0,1
2172808,79,1,0,1
1030392,79,1,0,1
5246280,79,1,0,1
709040,79,1,0,1
1906640,79,1,1,0
435536,79,1,0,1
4374560,79,1,1,0
2263544,79,1,0,1
256704,79,1,1,0
3021688,79,1,0,1
2704584,79,1,0,1
593624,79,1,0,1
91048,79,1,0,1
5310872,79,1,0,1
5857184,79,1,1,0
2415608,79,1,0,1
1971224,79,1,0,1
347256,79,1,0,1
6313080,79,1,0,1
5213880,79,1,1,0
1178128,79,1,1,0
3151832,79,1,0,1
2981176,79,1,1,0
7919872,79,1,1,0
747648,79,1,1,0
387024,79,1,1,0
410992,79,1,0,1
837416,79,1,1,0
3107544,79,1,1,0
2184840,79,1,1,0
3665784,79,1,0,1
219552,79,1,1,0
4059848,79,1,1,0
4539872,79,1,0,1
2264648,79,1,0,1
4224656,79,1,1,0
4495864,79,1,1,0
995816,79,1,1,0
4022648,79,1,1,0
5604472,79,1,1,0
800600,79,1,1,0
4675632,79,1,0,1
5800984,79,1,1,0
5171128,79,1,0,1
2596528,79,1,0,1
611696,79,1,0,1
1208752,79,1,1,0
2423960,79,1,1,0
494816,79,1,0,1
475120,79,1,0,1
5627576,79,1,1,0
367136,79,1,0,1
2153152,79,1,1,0
194880,79,1,0,1
315032,79,1,1,0
4609624,79,1,0,1
3952336,79,1,1,0
6505928,79,1,1,0
2983976,79,1,1,0
878904,79,1,0,1
5380976,79,1,1,0
343056,79,1,0,1
333752,79,1,1,0
7923440,79,1,1,0
524256,79,1,1,0
111480,79,1,1,0
1246136,79,1,0,1
1086224,79,1,1,0
8243736,79,1,0,1
6244624,79,1,1,0
6012016,79,1,0,1
6562408,79,1,1,0
778048,79,1,1,0
7344616,79,1,1,0
4025408,79,1,0,1
199704,79,1,0,1
2617040,79,1,0,1
3117664,79,1,0,1
599264,79,1,1,0
4177656,79,1,0,1
1862088,79,1,0,1
986480,79,1,0,1
1819520,79,1,0,1
1342648,79,1,1,0
7627984,79,1,0,1
517152,79,1,0,1
401592,79,1,0,1
1474032,79,1,0,1
4228360,79,1,0,1
7450768,79,1,1,0
4465408,79,1,0,1
2818944,79,1,1,0
7004920,79,1,1,0
4533728,79,1,0,1
2700832,79,1,1,0
932320,79,1,1,0
6607888,79,1,0,1
710856,79,1,0,1
3419656,79,1,0,1
4153176,79,1,0,1
663072,79,1,1,0
2075768,79,1,1,0
6691536,79,1,1,0
2304432,79,1,0,1
4977944,79,1,1,0
5052104,79,1,1,0
302256,79,1,1,0
704400,79,1,1,0
410904,79,1,0,1
1770992,79,1,0,1
1377376,79,1,1,0
4035552,79,1,0,1
124848,79,1,1,0
643232,79,1,0,1
790912,79,1,0,1
2495184,79,1,0,1
699728,79,1,1,0
5927816,79,1,1,0
3481088,79,1,1,0
973280,79,1,0,1
1450872,79,1,1,0
2754376,79,1,0,1
2401376,79,1,1,0
345848,79,1,0,1
1377128,79,1,0,1
6435904,79,1,1,0
481336,79,1,1,0
141240,79,1,1,0
2194840,79,1,0,1
4268448,79,1,0,1
1799944,79,1,0,1
3511808,79,1,0,1
5798696,79,1,1,0
836856,79,1,0,1
6286240,79,1,1,0
447912,79,1,0,1
1037272,79,1,0,1
2430464,79,1,1,0
3917064,79,1,0,1
482080,79,1,1,0
1631584,79,1,1,0
7679080,79,1,0,1
4868112,79,1,1,0
176608,79,1,0,1
348688,79,1,1,0
291424,79,1,0,1
373400,79,1,1,0
1111920,79,1,0,1
1800296,79,1,0,1
4491208,79,1,0,1
4622000,79,1,1,0
672568,79,1,1,0
6412520,79,1,1,0
3409824,79,1,1,0
4306320,79,1,1,0
1946400,79,1,0,1
7407728,79,1,1,0
7194336,79,1,0,1
500744,79,1,1,0
613080,79,1,1,0
1699056,79,1,0,1
6262576,79,1,0,1
3216584,79,1,1,0
2055368,79,1,0,1
667120,79,1,0,1
2628632,79,1,0,1
3317472,79,1,0,1
871936,79,1,1,0
116200,79,1,0,1
4108040,79,1,1,0
7420080,79,1,0,1
5087680,79,1,1,0
4961880,79,1,1,0
2829568,79,1,1,0
237744,79,1,1,0
2019384,79,1,1,0
230536,79,1,1,0
6999520,79,1,0,1
1889872,79,1,1,0
4458256,79,1,0,1
7183016,79,1,1,0
1522896,79,1,0,1
5213624,79,1,1,0
3355480,79,1,0,1
2376848,79,1,1,0
757016,79,1,0,1
3834784,79,1,1,0
2578576,79,1,0,1
3667880,79,1,1,0
2070800,79,1,1,0
1340504,79,1,1,0
322648,79,1,1,0
7573752,79,1,0,1
3513968,79,1,0,1
5967864,79,1,1,0
6667416,79,1,1,0
4488360,79,1,1,0
332424,79,1,0,1
5399504,79,1,0,1
2471408,79,1,0,1
893896,79,1,0,1
940624,79,1,0,1
5104288,79,1,0,1
1518312,79,1,1,0
3548736,79,1,1,0
2034192,79,1,1,0
2836008,79,1,1,0
2390208,79,1,1,0
4239912,79,1,1,0
6161416,79,1,1,0
2232088,79,1,1,0
453360,79,1,1,0
300088,79,1,0,1
2425768,79,1,0,1
1857232,79,1,1,0
3035600,79,1,0,1
5806432,79,1,0,1
7926920,79,1,1,0
565920,79,1,1,0
838056,79,1,1,0
3487720,79,1,1,0
4437920,79,1,0,1
5878112,79,1,0,1
501472,79,1,1,0
387392,79,1,1,0
1874416,79,1,1,0
2813088,79,1,1,0
7055024,79,1,0,1
6262520,79,1,1,0
3591024,79,1,1,0
6139488,79,1,1,0
2641504,79,1,0,1
1678536,79,1,0,1
887128,79,1,1,0
922072,79,1,1,0
612904,79,1,1,0
4247696,79,1,0,1
1583616,79,1,0,1
7226416,79,1,1,0
884792,79,1,1,0
3239920,79,1,0,1
406024,79,1,0,1
815528,79,1,1,0
750096,79,1,0,1
1758920,79,1,1,0
1006592,79,1,0,1
353336,79,1,0,1
472128,79,1,1,0
399064,79,1,1,0
2275008,79,1,1,0
3020856,79,1,1,0
104184,79,1,1,0
7164344,79,1,1,0
3042064,79,1,1,0
1201960,79,1,0,1
3403584,79,1,1,0
1402592,79,1,0,1
377432,79,1,0,1
4454016,79,1,0,1
1745704,79,1,0,1
1754800,79,1,0,1
3965088,79,1,1,0
4901016,79,1,0,1
4960336,79,1,1,0
2350576,79,1,1,0
3289960,79,1,0,1
253272,79,1,0,1
1630192,79,1,0,1
4916928,79,1,1,0
330816,79,1,1,0
1849880,79,1,0,1
2487488,79,1,1,0
1464976,79,1,1,0
6407208,79,1,1,0
3347320,79,1,0,1
5602152,79,1,1,0
8135432,79,1,0,1
7525024,79,1,0,1
5004776,79,1,0,1
1814032,79,1,0,1
3845208,79,1,0,1
4606328,79,1,1,0
509952,79,1,0,1
358144,79,1,1,0
6992872,79,1,1,0
637760,79,1,0,1
813296,79,1,0,1
490856,79,1,0,1
1528736,79,1,1,0
1252880,79,1,1,0
2534720,79,1,0,1
1673504,79,1,1,0
1665008,79,1,0,1
6611056,79,1,0,1
2567520,79,1,0,1
336528,79,1,0,1
5377944,79,1,0,1
6665912,79,1,1,0
1370960,79,1,0,1
2521808,79,1,1,0
3892096,79,1,0,1
3467096,79,1,1,0
2299712,79,1,0,1
3174592,79,1,1,0
207344,79,1,1,0
6913640,79,1,0,1
4842568,79,1,1,0
7899328,79,1,0,1
1743520,79,1,1,0
1017160,79,1,1,0
4330728,79,1,0,1
3482312,79,1,0,1
1618264,79,1,1,0
1654224,79,1,0,1
3098560,79,1,1,0
366000,79,1,1,0
714288,79,1,1,0
546976,79,1,0,1
2150288,79,1,1,0
7292272,79,1,0,1
950280,79,1,1,0
3230168,79,1,1,0
291208,79,1,1,0
1430992,79,1,0,1
4512736,79,1,0,1
1286272,79,1,1,0
3432056,79,1,1,0
1230208,79,1,0,1
721432,79,1,0,1
493960,79,1,0,1
448376,79,1,1,0
645320,79,1,0,1
8372400,79,1,1,0
4367312,79,1,0,1
4970136,79,1,0,1
2711512,79,1,0,1
1539768,79,1,0,1
1379096,79,1,1,0
369312,79,1,0,1
1579480,79,1,1,0
2617624,79,1,1,0
1383888,79,1,0,1
1189232,79,1,1,0
669504,79,1,1,0
1695192,79,1,1,0
6852032,79,1,0,1
1581176,79,1,0,1
1307144,79,1,0,1
897152,79,1,0,1
5187992,79,1,1,0
1964272,79,1,1,0
1216728,79,1,0,1
638856,79,1,0,1
3586016,79,1,1,0
600504,79,1,0,1
507616,79,1,0,1
8279664,79,1,0,1
1646920,79,1,0,1
1182336,79,1,0,1
5640616,79,1,1,0
755016,79,1,0,1
1356480,79,1,1,0
6166256,79,1,1,0
6924688,79,1,0,1
5505576,79,1,0,1
378280,79,1,0,1
1767536,79,1,0,1
2591600,79,1,0,1
308304,79,1,1,0
7246320,79,1,0,1
4303352,79,1,0,1
4649216,79,1,0,1
1387280,79,1,0,1
6581488,79,1,0,1
2665056,79,1,1,0
563456,79,1,1,0
772000,79,1,1,0
3962584,79,1,0,1
1134304,79,1,0,1
367784,79,1,0,1
979136,79,1,1,0
341568,79,1,0,1
4223008,79,1,1,0
4084632,79,1,0,1
1642456,79,1,1,0
753184,79,1,0,1
3460424,79,1,0,1
2408520,79,1,0,1
2629192,79,1,1,0
193440,79,1,1,0
1238680,79,1,1,0
573056,79,1,0,1
1281208,79,1,1,0
4647544,79,1,1,0
3137960,79,1,1,0
3794576,79,1,1,0
7582272,79,1,1,0
189360,79,1,1,0
5473640,79,1,0,1
1736488,79,1,0,1
599288,79,1,0,1
4325080,79,1,1,0
3677432,79,1,1,0
1459576,79,1,0,1
1879744,79,1,1,0
3314776,79,1,1,0
2472928,79,1,1,0
1977784,79,1,0,1
8017808,79,1,0,1
1127136,79,1,1,0
5554488,79,1,1,0
6067408,79,1,1,0
6612208,79,1,1,0
2014080,79,1,1,0
2309248,79,1,1,0
4375912,79,1,1,0
221216,79,1,0,1
2626048,79,1,1,0
2420200,79,1,1,0
3742912,79,1,1,0
4568312,79,1,0,1
7567744,79,1,0,1
4364032,79,1,1,0
314768,79,1,1,0
1418656,79,1,1,0
1718336,79,1,0,1
6052064,79,1,1,0
1295072,79,1,1,0
3548472,79,1,0,1
2270344,79,1,0,1
7834376,79,1,0,1
1827536,79,1,0,1
8013248,79,1,1,0
1120600,79,1,1,0
267856,79,1,0,1
7270312,79,1,0,1
475304,79,1,1,0
149488,79,1,1,0
4104544,79,1,1,0
277080,79,1,0,1
1657040,79,1,0,1
1612376,79,1,0,1
3198840,79,1,1,0
785752,79,1,0,1
1460848,79,1,0,1
8319528,79,1,1,0
5243408,79,1,1,0
347040,79,1,0,1
5232368,79,1,1,0
909120,79,1,0,1
6393360,79,1,0,1
5640672,79,1,0,1
687952,79,1,1,0
2579480,79,1,0,1
3518024,79,1,1,0
934760,79,1,1,0
1975000,79,1,0,1
315624,79,1,0,1
763136,79,1,0,1
210456,79,1,0,1
431088,79,1,0,1
5313920,79,1,1,0
6095736,79,1,1,0
882056,79,1,1,0
3848136,79,1,0,1
3245944,79,1,0,1
1487240,79,1,0,1
416040,79,1,0,1
1488992,79,1,0,1
6876080,79,1,1,0
1704248,79,1,1,0
586176,79,1,1,0
687776,79,1,1,0
816640,79,1,1,0
2296536,79,1,1,0
2475960,79,1,0,1
4607120,79,1,1,0
1686296,79,1,0,1
1045888,79,1,1,0
5885960,79,1,1,0
1252848,79,1,1,0
848816,79,1,0,1
602840,79,1,1,0
647032,79,1,0,1
3085328,79,1,0,1
1498160,79,1,1,0
896896,79,1,0,1
5494352,79,1,1,0
3450040,79,1,0,1
505864,79,1,0,1
2095864,79,1,1,0
997640,79,1,0,1
4621000,79,1,0,1
3513208,79,1,1,0
606488,79,1,1,0
6442144,79,1,0,1
8025384,79,1,1,0
4094576,79,1,1,0
738384,79,1,0,1
1677376,79,1,1,0
2429456,79,1,1,0
6530096,79,1,1,0
356664,79,1,0,1
1550048,79,1,0,1
417592,79,1,0,1
753536,79,1,0,1
4675288,79,1,1,0
3128600,79,1,0,1
327872,79,1,0,1
286464,79,1,1,0
4677768,79,1,0,1
4291800,79,1,0,1
741864,79,1,1,0
2999616,79,1,1,0
8327136,79,1,1,0
304424,79,1,1,0
402200,79,1,0,1
547024,79,1,1,0
2781296,79,1,1,0
2956840,79,1,0,1
3545624,79,1,0,1
5087328,79,1,1,0
5997432,79,1,0,1
4210776,79,1,1,0
7509000,79,1,1,0
900768,79,1,1,0
2079688,79,1,1,0
6094168,79,1,1,0
1564248,79,1,0,1
379112,79,1,0,1
7681072,79,1,1,0
6785000,79,1,1,0
2073680,79,1,1,0
1081024,79,1,1,0
6559472,79,1,1,0
282288,79,1,1,0
1884808,79,1,1,0
3280832,79,1,1,0
803680,79,1,0,1
587032,79,1,0,1
3726448,79,1,0,1
1870456,79,1,0,1
980528,79,1,0,1
7924752,79,1,1,0
4109576,79,1,1,0
3341936,79,1,1,0
6493584,79,1,0,1
2056096,79,1,0,1
2423992,79,1,1,0
4841024,79,1,1,0
1026088,79,1,0,1
497848,79,1,1,0
1265384,79,1,1,0
1891064,79,1,0,1
3994296,79,1,0,1
859832,79,1,0,1
5214408,79,1,1,0
2606632,79,1,0,1
6590464,79,1,0,1
8344992,79,1,0,1
912584,79,1,1,0
229936,79,1,0,1
3733368,79,1,0,1
4972824,79,1,0,1
4583992,79,1,1,0
4963864,79,1,0,1
3009256,79,1,1,0
2104840,79,1,1,0
724568,79,1,0,1
660984,79,1,0,1
488056,79,1,1,0
7108184,79,1,1,0
5062160,79,1,0,1
331112,79,1,1,0
3571504,79,1,0,1
618088,79,1,1,0
5132488,79,1,1,0
1724696,79,1,1,0
533792,79,1,1,0
1684120,79,1,1,0
6849920,79,1,1,0
2985752,79,1,1,0
1188792,79,1,0,1
715600,79,1,1,0
2978800,79,1,1,0
1016600,79,1,1,0
242088,79,1,0,1
5501496,79,1,1,0
2230424,79,1,1,0
3229104,79,1,1,0
341792,79,1,1,0
4953992,79,1,1,0
2792480,79,1,0,1
2217352,79,1,0,1
2433960,79,1,1,0
3417536,79,1,0,1
5604264,79,1,0,1
1881920,79,1,1,0
663608,79,1,0,1
4929904,79,1,0,1
4130512,79,1,0,1
1434232,79,1,1,0
1844896,79,1,0,1
1407904,79,1,0,1
586704,79,1,0,1
3436752,79,1,1,0
4467392,79,1,1,0
4545256,79,1,0,1
3717064,79,1,1,0
290456,79,1,1,0
1015552,79,1,0,1
460344,79,1,0,1
1294368,79,1,0,1
385616,79,1,1,0
727072,79,1,1,0
1140344,79,1,0,1
4884136,79,1,0,1
8158280,79,1,1,0
3441032,79,1,1,0
3445152,79,1,0,1
5414600,79,1,0,1
229800,79,1,0,1
1656648,79,1,0,1
2391744,79,1,0,1
4467904,79,1,1,0
698288,79,1,0,1
7962128,79,1,1,0
1151376,79,1,1,0
1038800,79,1,0,1
1732512,79,1,0,1
677184,79,1,1,0
414768,79,1,1,0
2472968,79,1,0,1
1561752,79,1,0,1
5342912,79,1,1,0
1618640,79,1,0,1
456288,79,1,1,0
4283064,79,1,1,0
655752,79,1,0,1
3385296,79,1,1,0
4952848,79,1,1,0
1623104,79,1,1,0
2689272,79,1,0,1
840752,79,1,0,1
2719784,79,1,0,1
1409448,79,1,0,1
332200,79,1,1,0
1318952,79,1,1,0
441776,79,1,0,1
1432928,79,1,1,0
1273024,79,1,1,0
531072,79,1,0,1
558824,79,1,0,1
567584,79,1,0,1
663424,79,1,0,1
786616,79,1,0,1
6899256,79,1,0,1
2360208,79,1,0,1
1400032,79,1,1,0
730720,79,1,1,0
768704,79,1,0,1
2417456,79,1,0,1
3724024,79,1,0,1
798168,79,1,1,0
1458496,79,1,0,1
2587328,79,1,0,1
3048576,79,1,1,0
3900752,79,1,1,0
674976,79,1,1,0
1509992,79,1,1,0
806048,79,1,1,0
7710056,79,1,1,0
329648,79,1,0,1
3562608,79,1,0,1
4375216,79,1,0,1
4970656,79,1,0,1
958648,79,1,1,0
1362712,79,1,0,1
5479440,79,1,0,1
1396808,79,1,0,1
560056,79,1,0,1
979920,79,1,0,1
855752,79,1,0,1
568432,79,1,0,1
4807728,79,1,1,0
459600,79,1,0,1
3803872,79,1,0,1
351352,79,1,1,0
1514928,79,1,1,0
670608,79,1,1,0
4331568,79,1,1,0
2290200,79,1,0,1
2156456,79,1,1,0
4817480,79,1,1,0
1449176,79,1,1,0
3939336,79,1,0,1
842736,79,1,1,0
680152,79,1,1,0
6405312,79,1,0,1
4372936,79,1,1,0
2359968,79,1,0,1
7018312,79,1,1,0
3511296,79,1,0,1
6188208,79,1,0,1
739472,79,1,1,0
900552,79,1,1,0
303872,79,1,0,1
1737816,79,1,0,1
742064,79,1,0,1
4674768,79,1,0,1
6325232,79,1,1,0
4755368,79,1,1,0
434392,79,1,0,1
1136560,79,1,0,1
663400,79,1,0,1
4838952,79,1,1,0
736232,79,1,1,0
942328,79,1,0,1
438720,79,1,1,0
4878344,79,1,1,0
1830488,79,1,0,1
290480,79,1,0,1
2943216,79,1,0,1
3231352,79,1,0,1
526288,79,1,1,0
4722352,79,1,0,1
4751344,79,1,1,0
550592,79,1,1,0
6673152,79,1,1,0
642928,79,1,0,1
7954016,79,1,0,1
1285032,79,1,0,1
3704568,79,1,1,0
4457544,79,1,1,0
910192,79,1,0,1
5632800,79,1,0,1
2870720,79,1,0,1
2218552,79,1,1,0
8058560,79,1,0,1
371592,79,1,1,0
1864312,79,1,0,1
1187320,79,1,0,1
3852832,79,1,1,0
8154104,79,1,1,0
3503776,79,1,1,0
5176632,79,1,0,1
7303584,79,1,1,0
499608,79,1,1,0
5888328,79,1,1,0
1703976,79,1,0,1
5333864,79,1,0,1
1366720,79,1,0,1
3546792,79,1,1,0
6909552,79,1,1,0
1033776,79,1,1,0
2056288,79,1,1,0
7974896,79,1,1,0
5947536,79,1,0,1
905496,79,1,1,0
4977248,79,1,0,1
3266672,79,1,0,1
1198144,79,1,0,1
720560,79,1,1,0
887632,79,1,0,1
8336792,79,1,1,0
4208512,79,1,0,1
6994352,79,1,0,1
4372032,79,1,0,1
694200,79,1,1,0
2643352,79,1,0,1
7026488,79,1,1,0
2756624,79,1,0,1
2869368,79,1,0,1
1667864,79,1,1,0
3841184,79,1,1,0
6133584,79,1,1,0
321232,79,1,1,0
5481952,79,1,1,0
653280,79,1,0,1
4241192,79,1,1,0
2465568,79,1,0,1
3443912,79,1,1,0
269344,79,1,1,0
4122864,79,1,0,1
3379904,79,1,0,1
4596832,79,1,0,1
6674040,79,1,0,1
5111104,79,1,1,0
970216,79,1,1,0
5976968,79,1,0,1
2058232,79,1,0,1
637672,79,1,1,0
2232376,79,1,0,1
3354648,79,1,0,1
1313712,79,1,0,1
7143064,79,1,1,0
7268920,79,1,0,1
209200,79,1,1,0
485960,79,1,1,0
651816,79,1,0,1
158072,79,1,1,0
3001384,79,1,1,0
4963992,79,1,1,0
2355024,79,1,1,0
260848,79,1,0,1
6050264,79,1,0,1
3764072,79,1,1,0
590848,79,1,0,1
5941520,79,1,0,1
4346696,79,1,1,0
3312592,79,1,0,1
5548608,79,1,0,1
4455648,79,1,1,0
596320,79,1,0,1
2808624,79,1,1,0
4742120,79,1,0,1
948800,79,1,1,0
2298496,79,1,0,1
768136,79,1,1,0
7473168,79,1,1,0
1710896,79,1,0,1
197264,79,1,1,0
3267064,79,1,0,1
1418984,79,1,0,1
713088,79,1,1,0
661328,79,1,1,0
3211432,79,1,0,1
4440936,79,1,1,0
410744,79,1,1,0
5399352,79,1,0,1
195088,79,1,0,1
7452480,79,1,0,1
3268992,79,1,1,0
7521376,79,1,0,1
637592,79,1,1,0
501112,79,1,0,1
3075344,79,1,0,1
757384,79,1,0,1
670248,79,1,0,1
1196584,79,1,1,0
838552,79,1,0,1
2919000,79,1,0,1
2198144,79,1,1,0
1711864,79,1,0,1
160672,79,1,1,0
410312,79,1,1,0
493064,79,1,0,1
1781328,79,1,0,1
1993944,79,1,1,0
5596840,79,1,1,0
6239624,79,1,1,0
3179088,79,1,1,0
1531736,79,1,1,0
2804808,79,1,1,0
4388088,79,1,0,1
5589840,79,1,0,1
3322664,79,1,0,1
2962608,79,1,0,1
4016904,79,1,0,1
1192400,79,1,0,1
6901296,79,1,1,0
752192,79,1,0,1
1363352,79,1,1,0
553016,79,1,0,1
1471888,79,1,0,1
854712,79,1,0,1
2834024,79,1,1,0
361248,79,1,1,0
4092448,79,1,0,1
2487872,79,1,0,1
315920,79,1,1,0
572808,79,1,1,0
976400,79,1,0,1
2781712,79,1,1,0
2617496,79,1,1,0
1320264,79,1,1,0
839656,79,1,0,1
4477848,79,1,1,0
5936720,79,1,0,1
404568,79,1,1,0
3052360,79,1,0,1
2703696,79,1,1,0
1441728,79,1,1,0
1323656,79,1,1,0
727104,79,1,1,0
8082336,79,1,1,0
777504,79,1,0,1
2750664,79,1,1,0
3451648,79,1,0,1
6664208,79,1,0,1
905248,79,1,0,1
2528816,79,1,0,1
520536,79,1,1,0
544760,79,1,1,0
2187936,79,1,1,0
799808,79,1,0,1
983184,79,1,0,1
3491104,79,1,0,1
734976,79,1,1,0
353352,79,1,1,0
8135696,79,1,0,1
6376064,79,1,1,0
1786560,79,1,1,0
4122736,79,1,1,0
7422080,79,1,1,0
1659416,79,1,0,1
7167296,79,1,1,0
831384,79,1,1,0
2992336,79,1,1,0
6287424,79,1,0,1
4583000,79,1,1,0
215480,79,1,1,0
2633920,79,1,1,0
7113896,79,1,1,0
3143328,79,1,0,1
2064712,79,1,1,0
7347264,79,1,0,1
1231208,79,1,0,1
788416,79,1,1,0
2558784,79,1,0,1
2766520,79,1,1,0
328336,79,1,0,1
4735696,79,1,1,0
3311112,79,1,1,0
442112,79,1,1,0
3986400,79,1,1,0
3071160,79,1,0,1
936192,79,1,0,1
360088,79,1,1,0
8202832,79,1,1,0
4813088,79,1,1,0
7809656,79,1,1,0
6399120,79,1,0,1
511856,79,1,1,0
2526736,79,1,0,1
6496528,79,1,0,1
1582584,79,1,0,1
7300992,79,1,0,1
967048,79,1,1,0
5079752,79,1,0,1
1473480,79,1,1,0
1993208,79,1,0,1
988304,79,1,1,0
7000496,79,1,0,1
2743472,79,1,1,0
848600,79,1,0,1
371104,79,1,0,1
1379232,79,1,0,1
7363072,79,1,1,0
1164944,79,1,0,1
1383096,79,1,1,0
1394936,79,1,0,1
1566528,79,1,0,1
6768200,79,1,0,1
655496,79,1,0,1
7519520,79,1,0,1
5335592,79,1,0,1
4063416,79,1,0,1
1552696,79,1,1,0
6611224,79,1,0,1
761584,79,1,1,0
1758496,79,1,1,0
6434784,79,1,1,0
2542544,79,1,0,1
1000008,79,1,0,1
7402040,79,1,1,0
2663392,79,1,1,0
1711968,79,1,1,0
593392,79,1,0,1
2611352,79,1,1,0
1730312,79,1,0,1
3499000,79,1,0,1
2925832,79,1,1,0
798536,79,1,0,1
2655088,79,1,0,1
791160,79,1,0,1
2004536,79,1,0,1
503648,79,1,1,0
450504,79,1,0,1
700080,79,1,1,0
1129840,79,1,1,0
3042584,79,1,1,0
1670944,79,1,0,1
3495856,79,1,0,1
6452424,79,1,1,0
774608,79,1,0,1
2122568,79,1,0,1
5921320,79,1,0,1
1014520,79,1,1,0
4487504,79,1,1,0
4030336,79,1,1,0
507864,79,1,1,0
4041280,79,1,1,0
7151200,79,1,0,1
292808,79,1,1,0
808336,79,1,1,0
7539344,79,1,0,1
2638288,79,1,1,0
2423792,79,1,0,1
6855752,79,1,1,0
99216,79,1,1,0
319248,79,1,0,1
4161664,79,1,0,1
1509752,79,1,0,1
2017496,79,1,1,0
4632072,79,1,0,1
2516016,79,1,0,1
2362712,79,1,0,1
7073544,79,1,1,0
1605072,79,1,0,1
318856,79,1,0,1
6331384,79,1,1,0
547768,79,1,0,1
772632,79,1,1,0
486744,79,1,1,0
208440,79,1,0,1
1567056,79,1,0,1
1066488,79,1,1,0
776224,79,1,1,0
3068608,79,1,0,1
783736,79,1,1,0
6543264,79,1,1,0
1859400,79,1,0,1
892216,79,1,0,1
2034424,79,1,0,1
4759744,79,1,1,0
3303792,79,1,0,1
620376,79,1,1,0
979520,79,1,1,0
1182128,79,1,1,0
6095392,79,1,1,0
409960,79,1,0,1
2423696,79,1,0,1
1142784,79,1,0,1
6127168,79,1,0,1
6092944,79,1,0,1
1150888,79,1,1,0
534416,79,1,0,1
2912072,79,1,1,0
1934520,79,1,1,0
291024,79,1,0,1
4874984,79,1,0,1
479888,79,1,0,1
6405776,79,1,0,1
1224464,79,1,1,0
7701008,79,1,0,1
1890264,79,1,0,1
4329000,79,1,0,1
6921144,79,1,1,0
305528,79,1,0,1
89624,79,1,1,0
3677208,79,1,0,1
698040,79,1,0,1
3642552,79,1,1,0
1483344,79,1,0,1
2001016,79,1,1,0
3308608,79,1,0,1
281312,79,1,0,1
5306872,79,1,0,1
377352,79,1,0,1
3851600,79,1,1,0
3123040,79,1,0,1
3399312,79,1,1,0
3482528,79,1,0,1
2538192,79,1,1,0
2964216,79,1,1,0
5381976,79,1,1,0
522112,79,1,1,0
4321136,79,1,1,0
2998208,79,1,0,1
2482352,79,1,1,0
3699696,79,1,1,0
6052656,79,1,0,1
6675792,79,1,1,0
999496,79,1,0,1
1050920,79,1,1,0
3368856,79,1,0,1
6494192,79,1,1,0
4627432,79,1,0,1
887952,79,1,0,1
2594968,79,1,0,1
1275000,79,1,1,0
2460536,79,1,0,1
4835832,79,1,1,0
1147472,79,1,0,1
1157304,79,1,1,0
2888560,79,1,1,0
3077264,79,1,1,0
507984,79,1,1,0
5501472,79,1,0,1
1790464,79,1,0,1
276688,79,1,0,1
4173264,79,1,0,1
1842704,79,1,1,0
1824848,79,1,1,0
2017240,79,1,1,0
2734648,79,1,0,1
4714688,79,1,0,1
2198080,79,1,0,1
2929440,79,1,1,0
592160,79,1,1,0
1202240,79,1,1,0
780224,79,1,0,1
1132184,79,1,1,0
7720816,79,1,1,0
7382664,79,1,0,1
3543168,79,1,1,0
3406632,79,1,0,1
869264,79,1,1,0
3238840,79,1,0,1
685360,79,1,0,1
1115856,79,1,1,0
3442200,79,1,1,0
4394416,79,1,0,1
7539336,79,1,1,0
733528,79,1,0,1
551272,79,1,1,0
2870920,79,1,1,0
4914560,79,1,0,1
2044168,79,1,0,1
5325568,79,1,1,0
8027136,79,1,1,0
1656776,79,1,0,1
3993928,79,1,0,1
1010664,79,1,0,1
1756240,79,1,0,1
7066896,79,1,1,0
1406896,79,1,0,1
2790288,79,1,0,1
191904,79,1,1,0
3409712,79,1,0,1
1237984,79,1,1,0
5369344,79,1,0,1
361232,79,1,0,1
1768280,79,1,0,1
7671000,79,1,0,1
491424,79,1,1,0
1580712,79,1,1,0
2605640,79,1,0,1
1285824,79,1,1,0
631920,79,1,0,1
1731472,79,1,0,1
832992,79,1,0,1
2305808,79,1,1,0
2458056,79,1,0,1
1172192,79,1,1,0
2248000,79,1,1,0
814016,79,1,1,0
1291584,79,1,1,0
1560112,79,1,1,0
823112,79,1,0,1
1326256,79,1,0,1
6088784,79,1,1,0
2262048,79,1,0,1
935592,79,1,0,1
3425320,79,1,1,0
2837992,79,1,0,1
6422296,79,1,1,0
1079840,79,1,0,1
1187520,79,1,0,1
363368,79,1,1,0
558120,79,1,1,0
3431024,79,1,1,0
576400,79,1,1,0
2914416,79,1,1,0
916456,79,1,0,1
7704496,79,1,1,0
4139176,79,1,1,0
839600,79,1,0,1
3283352,79,1,0,1
1556136,79,1,1,0
1686224,79,1,0,1
1682176,79,1,0,1
3652984,79,1,0,1
3053848,79,1,1,0
911024,79,1,0,1
6082592,79,1,1,0
5948824,79,1,1,0
3131232,79,1,1,0
5055632,79,1,0,1
2331872,79,1,1,0
1264200,79,1,0,1
6472944,79,1,1,0
6053928,79,1,0,1
2047888,79,1,0,1
6559352,79,1,0,1
3426424,79,1,0,1
714808,79,1,0,1
4718256,79,1,1,0
5477920,79,1,0,1
196104,79,1,1,0
2082664,79,1,0,1
195952,79,1,0,1
3629552,79,1,0,1
5291800,79,1,1,0
2789480,79,1,1,0
2373520,79,1,0,1
2305504,79,1,1,0
321248,80,1,0,1
325064,80,1,0,1
541664,80,1,0,1
3521304,80,1,0,1
271808,80,1,1,0
4106592,80,1,1,0
2908864,80,1,1,0
203704,80,1,1,0
7608152,80,1,1,0
7109592,80,1,0,1
2200784,80,1,1,0
430808,80,1,1,0
461960,80,1,1,0
4837888,80,1,0,1
2630280,80,1,0,1
3544936,80,1,1,0
5132168,80,1,0,1
1506512,80,1,1,0
5753864,80,1,0,1
7899088,80,1,0,1
3144632,80,1,1,0
2437176,80,1,0,1
4432896,80,1,0,1
372048,80,1,0,1
4832520,80,1,1,0
4042944,80,1,0,1
6402656,80,1,0,1
1105152,80,1,0,1
6842032,80,1,0,1
940768,80,1,0,1
241816,80,1,0,1
3220760,80,1,0,1
1329656,80,1,1,0
662880,80,1,0,1
6626848,80,1,0,1
878648,80,1,1,0
1740000,80,1,1,0
7642128,80,1,1,0
8278696,80,1,1,0
3498112,80,1,0,1
3636184,80,1,0,1
558160,80,1,1,0
1682168,80,1,1,0
1443592,80,1,1,0
6465488,80,1,0,1
705160,80,1,1,0
4651208,80,1,1,0
1116568,80,1,1,0
3873984,80,1,1,0
87552,80,1,1,0
4572960,80,1,1,0
924952,80,1,0,1
6294736,80,1,0,1
384608,80,1,0,1
1214888,80,1,0,1
2391096,80,1,0,1
5242648,80,1,1,0
1765872,80,1,1,0
960344,80,1,1,0
898712,80,1,1,0
770968,80,1,1,0
2013432,80,1,1,0
635200,80,1,0,1
740952,80,1,0,1
1106472,80,1,0,1
2114816,80,1,0,1
8348576,80,1,1,0
4289896,80,1,1,0
2924072,80,1,1,0
323896,80,1,0,1
5747096,80,1,0,1
7621968,80,1,1,0
85536,80,1,1,0
3311224,80,1,1,0
1644216,80,1,1,0
635592,80,1,0,1
1041032,80,1,1,0
1453720,80,1,0,1
1166488,80,1,0,1
1179288,80,1,0,1
1224960,80,1,1,0
75960,80,1,0,1
5752176,80,1,0,1
3366488,80,1,1,0
6239520,80,1,1,0
3186904,80,1,0,1
2887200,80,1,0,1
3831976,80,1,1,0
3582536,80,1,1,0
4307536,80,1,1,0
3960416,80,1,0,1
1090200,80,1,1,0
810920,80,1,1,0
6540568,80,1,1,0
476816,80,1,1,0
1342144,80,1,0,1
4406312,80,1,1,0
6675328,80,1,0,1
7005328,80,1,0,1
816824,80,1,1,0
223632,80,1,0,1
5025832,80,1,1,0
2277296,80,1,0,1
1120216,80,1,0,1
4837368,80,1,0,1
1426840,80,1,1,0
870752,80,1,0,1
214720,80,1,0,1
2303816,80,1,1,0
2871024,80,1,1,0
579408,80,1,0,1
1686016,80,1,0,1
1520176,80,1,0,1
156232,80,1,0,1
1252864,80,1,1,0
3669552,80,1,0,1
5453672,80,1,1,0
3457624,80,1,0,1
5401272,80,1,1,0
999528,80,1,1,0
846704,80,1,0,1
6826672,80,1,0,1
1033856,80,1,1,0
480136,80,1,1,0
1348168,80,1,1,0
953120,80,1,1,0
414496,80,1,0,1
1704000,80,1,1,0
665056,80,1,1,0
5068632,80,1,1,0
1370848,80,1,1,0
1280984,80,1,1,0
3308968,80,1,1,0
1669736,80,1,1,0
336792,80,1,1,0
4252376,80,1,0,1
4845856,80,1,0,1
1039664,80,1,1,0
5636064,80,1,0,1
2547392,80,1,1,0
359216,80,1,1,0
4670272,80,1,1,0
3342752,80,1,0,1
1282104,80,1,0,1
3782144,80,1,1,0
323240,80,1,0,1
360368,80,1,0,1
3263016,80,1,1,0
3952592,80,1,0,1
1695928,80,1,0,1
4249280,80,1,1,0
815920,80,1,1,0
1612088,80,1,1,0
4602616,80,1,1,0
612496,80,1,1,0
2295104,80,1,1,0
5046760,80,1,1,0
6840904,80,1,1,0
1218056,80,1,0,1
2669088,80,1,0,1
7205552,80,1,0,1
4351216,80,1,0,1
4336920,80,1,1,0
1005664,80,1,0,1
2979560,80,1,0,1
3637528,80,1,1,0
7213472,80,1,1,0
4195968,80,1,0,1
277784,80,1,0,1
750984,80,1,1,0
479000,80,1,1,0
751120,80,1,1,0
1228400,80,1,1,0
156024,80,1,0,1
3841088,80,1,0,1
7933360,80,1,1,0
373008,80,1,0,1
1891584,80,1,0,1
2172032,80,1,1,0
6596896,80,1,1,0
3106128,80,1,0,1
2488248,80,1,1,0
3119416,80,1,0,1
6968408,80,1,1,0
7732216,80,1,1,0
1959968,80,1,1,0
4986720,80,1,0,1
6575696,80,1,0,1
4502856,80,1,1,0
1384088,80,1,1,0
3828808,80,1,0,1
6996512,80,1,1,0
1729960,80,1,1,0
8342216,80,1,0,1
5413232,80,1,0,1
6112640,80,1,0,1
2836872,80,1,1,0
461256,80,1,1,0
4693632,80,1,0,1
1815656,80,1,0,1
2329440,80,1,0,1
2643608,80,1,1,0
3178768,80,1,0,1
1602568,80,1,0,1
930048,80,1,0,1
427640,80,1,0,1
4993952,80,1,1,0
5229616,80,1,0,1
7633808,80,1,0,1
608176,80,1,1,0
172176,80,1,0,1
3814392,80,1,0,1
3571760,80,1,0,1
2395944,80,1,0,1
607696,80,1,0,1
2720480,80,1,0,1
338856,80,1,1,0
301920,80,1,1,0
4951176,80,1,0,1
2081224,80,1,1,0
3395976,80,1,1,0
445008,80,1,1,0
6218296,80,1,1,0
6657792,80,1,0,1
6527320,80,1,0,1
2462368,80,1,1,0
2333768,80,1,0,1
6992960,80,1,1,0
4766312,80,1,1,0
3220880,80,1,0,1
6191296,80,1,0,1
2192104,80,1,1,0
418928,80,1,0,1
5094232,80,1,1,0
984736,80,1,0,1
2990368,80,1,0,1
297072,80,1,0,1
557936,80,1,1,0
7000304,80,1,1,0
4738256,80,1,1,0
8034664,80,1,0,1
2346016,80,1,0,1
5760176,80,1,1,0
1284904,80,1,1,0
6575440,80,1,0,1
573328,80,1,0,1
1880064,80,1,1,0
871184,80,1,0,1
7130168,80,1,1,0
6038464,80,1,0,1
1385784,80,1,1,0
1609320,80,1,0,1
7222280,80,1,1,0
289024,80,1,0,1
1274248,80,1,1,0
769128,80,1,0,1
405624,80,1,0,1
245368,80,1,1,0
2159040,80,1,0,1
7627440,80,1,1,0
6363016,80,1,1,0
6881720,80,1,0,1
5087248,80,1,1,0
902168,80,1,1,0
1044648,80,1,1,0
1154328,80,1,0,1
1299696,80,1,1,0
2910360,80,1,1,0
427280,80,1,1,0
2009008,80,1,0,1
6849272,80,1,0,1
4132712,80,1,1,0
4743712,80,1,1,0
4144464,80,1,1,0
2522912,80,1,0,1
3441912,80,1,1,0
1229768,80,1,0,1
1258184,80,1,1,0
862856,80,1,1,0
1604536,80,1,1,0
63816,80,1,0,1
4976552,80,1,1,0
293728,80,1,0,1
4153128,80,1,1,0
501008,80,1,0,1
1528960,80,1,0,1
774832,80,1,0,1
1009792,80,1,1,0
3694800,80,1,1,0
5198952,80,1,1,0
6162784,80,1,1,0
4557608,80,1,1,0
1353376,80,1,0,1
477992,80,1,1,0
140512,80,1,0,1
6751152,80,1,1,0
1404896,80,1,1,0
4803816,80,1,0,1
7958368,80,1,1,0
2667792,80,1,0,1
6306240,80,1,0,1
1516872,80,1,0,1
1258336,80,1,0,1
4752240,80,1,0,1
7288648,80,1,0,1
114128,80,1,0,1
5331320,80,1,1,0
704288,80,1,1,0
7462928,80,1,1,0
4678944,80,1,0,1
2607840,80,1,0,1
1006624,80,1,0,1
628024,80,1,0,1
7609424,80,1,0,1
1868528,80,1,1,0
1498408,80,1,1,0
1252160,80,1,0,1
513856,80,1,1,0
1847056,80,1,0,1
407688,80,1,1,0
1747568,80,1,1,0
3341272,80,1,0,1
904504,80,1,0,1
1614504,80,1,0,1
4592136,80,1,0,1
6907728,80,1,1,0
4195576,80,1,0,1
4115448,80,1,0,1
3252072,80,1,0,1
3856968,80,1,1,0
354632,80,1,0,1
1568896,80,1,0,1
1587456,80,1,1,0
3606032,80,1,0,1
1067696,80,1,1,0
1251536,80,1,1,0
1961456,80,1,0,1
4885192,80,1,0,1
5584032,80,1,1,0
6425152,80,1,0,1
7576024,80,1,1,0
247152,80,1,1,0
1208200,80,1,1,0
2559440,80,1,1,0
4695288,80,1,0,1
280624,80,1,0,1
1420840,80,1,0,1
1820888,80,1,0,1
461768,80,1,0,1
366280,80,1,0,1
455096,80,1,1,0
4733624,80,1,1,0
5566808,80,1,1,0
8066392,80,1,1,0
2272752,80,1,0,1
2979480,80,1,1,0
2115488,80,1,1,0
2077728,80,1,0,1
5906440,80,1,0,1
3729320,80,1,1,0
4248864,80,1,1,0
321872,80,1,0,1
367392,80,1,0,1
949224,80,1,1,0
4300992,80,1,0,1
863984,80,1,0,1
7686640,80,1,0,1
7987656,80,1,1,0
7653600,80,1,0,1
944448,80,1,1,0
5204000,80,1,0,1
5227536,80,1,0,1
322016,80,1,1,0
3730096,80,1,1,0
7929064,80,1,0,1
8200496,80,1,1,0
2008992,80,1,1,0
837000,80,1,0,1
6382776,80,1,0,1
846352,80,1,0,1
842512,80,1,1,0
490576,80,1,1,0
2117792,80,1,1,0
7094368,80,1,0,1
3761656,80,1,1,0
2514880,80,1,0,1
5273864,80,1,0,1
4349552,80,1,1,0
2486152,80,1,1,0
8367624,80,1,1,0
5832280,80,1,0,1
2436392,80,1,1,0
2281384,80,1,1,0
2476600,80,1,0,1
4036888,80,1,0,1
1650528,80,1,1,0
7237352,80,1,1,0
1220864,80,1,1,0
1030928,80,1,1,0
3695120,80,1,1,0
2692272,80,1,1,0
785704,80,1,0,1
1973864,80,1,0,1
5830528,80,1,0,1
3446864,80,1,0,1
608352,80,1,1,0
2560632,80,1,1,0
1964648,80,1,1,0
617976,80,1,0,1
4508904,80,1,0,1
376680,80,1,1,0
2874232,80,1,1,0
1365448,80,1,1,0
907256,80,1,0,1
1032408,80,1,0,1
460952,80,1,1,0
1510496,80,1,1,0
6124600,80,1,0,1
4246104,80,1,1,0
4704680,80,1,0,1
4939752,80,1,1,0
1732608,80,1,1,0
1728568,80,1,1,0
935624,80,1,0,1
142688,80,1,1,0
961296,80,1,1,0
1847544,80,1,1,0
1735192,80,1,0,1
115560,80,1,1,0
3164768,80,1,1,0
2491456,80,1,0,1
2519520,80,1,1,0
472824,80,1,1,0
1727080,80,1,0,1
856552,80,1,0,1
135544,80,1,1,0
565392,80,1,0,1
3377144,80,1,0,1
817112,80,1,0,1
1780672,80,1,0,1
1505800,80,1,1,0
1174576,80,1,0,1
3017248,80,1,1,0
2990120,80,1,0,1
7479128,80,1,0,1
1568064,80,1,0,1
1472072,80,1,0,1
2586704,80,1,1,0
2934248,80,1,0,1
2094464,80,1,1,0
193752,80,1,1,0
1074656,80,1,0,1
169920,80,1,0,1
933872,80,1,0,1
2015512,80,1,0,1
737664,80,1,0,1
549776,80,1,1,0
1048152,80,1,0,1
4327808,80,1,0,1
2058024,80,1,1,0
1072472,80,1,0,1
334696,80,1,0,1
6049664,80,1,0,1
2011344,80,1,1,0
942928,80,1,0,1
1830680,80,1,1,0
5027328,80,1,0,1
3128976,80,1,0,1
323016,80,1,0,1
1942320,80,1,0,1
3283784,80,1,1,0
4782408,80,1,1,0
1597424,80,1,0,1
1098608,80,1,0,1
7361792,80,1,0,1
311264,80,1,1,0
139328,80,1,1,0
1776288,80,1,0,1
2812144,80,1,0,1
3778224,80,1,1,0
1640520,80,1,0,1
5027104,80,1,0,1
4822824,80,1,0,1
2904624,80,1,1,0
809216,80,1,0,1
736048,80,1,0,1
6251648,80,1,0,1
396368,80,1,0,1
1790408,80,1,0,1
1815888,80,1,1,0
4905224,80,1,1,0
6438736,80,1,0,1
8378040,80,1,1,0
574432,80,1,0,1
841200,80,1,1,0
3821200,80,1,0,1
5403192,80,1,0,1
7469208,80,1,0,1
7561752,80,1,1,0
7150936,80,1,1,0
1450616,80,1,1,0
2945992,80,1,0,1
1903616,80,1,0,1
1257088,80,1,1,0
3201784,80,1,1,0
6707248,80,1,1,0
6486928,80,1,0,1
1445176,80,1,0,1
1346360,80,1,0,1
5854656,80,1,0,1
5086872,80,1,1,0
429880,80,1,0,1
2589248,80,1,1,0
1590720,80,1,1,0
1759240,80,1,0,1
2317336,80,1,1,0
3204936,80,1,1,0
3901856,80,1,0,1
1799008,80,1,0,1
7483784,80,1,0,1
6812376,80,1,1,0
1253088,80,1,0,1
2594712,80,1,1,0
315024,80,1,0,1
5451352,80,1,1,0
4102952,80,1,0,1
2079704,80,1,1,0
172144,80,1,0,1
3455072,80,1,0,1
2487560,80,1,0,1
2017856,80,1,1,0
3114056,80,1,1,0
499824,80,1,0,1
483832,80,1,1,0
2882928,80,1,1,0
643520,80,1,1,0
6870912,80,1,1,0
3071992,80,1,0,1
2980000,80,1,1,0
422752,80,1,1,0
1294536,80,1,0,1
1967256,80,1,1,0
596008,80,1,0,1
2496376,80,1,0,1
4930920,80,1,1,0
2353160,80,1,1,0
862072,80,1,0,1
275944,80,1,1,0
6739576,80,1,1,0
152768,80,1,1,0
485584,80,1,1,0
2410672,80,1,1,0
1684264,80,1,1,0
5392840,80,1,0,1
819728,80,1,1,0
2534400,80,1,1,0
445288,80,1,0,1
644600,80,1,0,1
164048,80,1,1,0
4434392,80,1,0,1
2888928,80,1,1,0
448048,80,1,0,1
90872,80,1,0,1
622200,80,1,1,0
6276384,80,1,1,0
947936,80,1,1,0
7265856,80,1,1,0
298248,80,1,0,1
1823280,80,1,1,0
352360,80,1,0,1
3100904,80,1,1,0
2841984,80,1,1,0
486056,80,1,0,1
7942288,80,1,1,0
2455784,80,1,0,1
7346528,80,1,1,0
2934752,80,1,1,0
1413720,80,1,1,0
7046416,80,1,1,0
1067112,80,1,1,0
409312,80,1,0,1
2402616,80,1,1,0
4439872,80,1,0,1
457136,80,1,1,0
516152,80,1,0,1
3678680,80,1,1,0
3096328,80,1,0,1
4658680,80,1,1,0
5661552,80,1,0,1
1447392,80,1,1,0
5046856,80,1,1,0
2003416,80,1,1,0
6787424,80,1,0,1
1224096,80,1,0,1
1304616,80,1,1,0
5775152,80,1,1,0
7136504,80,1,0,1
2145968,80,1,0,1
959088,80,1,0,1
2388088,80,1,1,0
869496,80,1,0,1
422360,80,1,0,1
3254168,80,1,1,0
2739000,80,1,1,0
2276120,80,1,0,1
7099984,80,1,0,1
2567568,80,1,0,1
1204440,80,1,1,0
4688680,80,1,0,1
1395280,80,1,1,0
4072488,80,1,1,0
5944016,80,1,1,0
1576624,80,1,0,1
2345600,80,1,0,1
7107488,80,1,1,0
582872,80,1,1,0
4772792,80,1,1,0
630672,80,1,0,1
1519336,80,1,1,0
1228216,80,1,0,1
3105000,80,1,1,0
1014584,80,1,0,1
2714904,80,1,0,1
1511040,80,1,1,0
3748496,80,1,1,0
4942088,80,1,0,1
1512664,80,1,1,0
4537744,80,1,0,1
3767440,80,1,0,1
1417776,80,1,0,1
7601096,80,1,0,1
774752,80,1,1,0
2836640,80,1,0,1
1354464,80,1,1,0
5044504,80,1,0,1
1747016,80,1,1,0
1874592,80,1,0,1
4368064,80,1,1,0
8251992,80,1,1,0
1527696,80,1,1,0
389376,80,1,1,0
1996760,80,1,0,1
3585592,80,1,1,0
2309736,80,1,0,1
1066480,80,1,1,0
734272,80,1,0,1
4204136,80,1,1,0
1020432,80,1,0,1
292960,80,1,1,0
1632648,80,1,1,0
900456,80,1,0,1
1171312,80,1,1,0
2723976,80,1,0,1
890104,80,1,0,1
4822352,80,1,0,1
698848,80,1,0,1
221080,80,1,1,0
373232,80,1,0,1
1641352,80,1,1,0
2392192,80,1,0,1
4772200,80,1,0,1
4562720,80,1,1,0
3842144,80,1,1,0
8334456,80,1,1,0
510776,80,1,0,1
2252680,80,1,0,1
6151008,80,1,1,0
769104,80,1,1,0
2923048,80,1,1,0
4610192,80,1,1,0
949760,80,1,1,0
778592,80,1,1,0
669320,80,1,1,0
5765360,80,1,1,0
2839480,80,1,1,0
2350248,80,1,1,0
114080,80,1,0,1
2128472,80,1,1,0
797864,80,1,1,0
1090672,80,1,1,0
367256,80,1,1,0
720480,80,1,1,0
1680096,80,1,1,0
7521968,80,1,1,0
1897528,80,1,0,1
4904040,80,1,0,1
6103760,80,1,0,1
3344320,80,1,0,1
1200864,80,1,1,0
3592096,80,1,0,1
7267064,80,1,1,0
2927512,80,1,1,0
6526896,80,1,0,1
2247904,80,1,0,1
3880200,80,1,1,0
719424,80,1,1,0
7215776,80,1,1,0
3088632,80,1,1,0
2229840,80,1,0,1
4576896,80,1,0,1
3130088,80,1,0,1
564048,80,1,1,0
3443272,80,1,1,0
931848,80,1,0,1
856560,80,1,1,0
1434144,80,1,0,1
108688,80,1,1,0
7824464,80,1,0,1
4499696,80,1,0,1
989216,80,1,1,0
3696120,80,1,1,0
2882952,80,1,0,1
1192272,80,1,0,1
220536,80,1,0,1
713032,80,1,0,1
2704752,80,1,0,1
654352,80,1,1,0
3568520,80,1,0,1
1050984,80,1,0,1
2054160,80,1,1,0
807392,80,1,1,0
5169928,80,1,0,1
528424,80,1,0,1
959456,80,1,1,0
5094224,80,1,1,0
4052368,80,1,1,0
6880568,80,1,0,1
3063400,80,1,1,0
4862360,80,1,1,0
2588408,80,1,1,0
3684864,80,1,0,1
1447048,80,1,0,1
4488544,80,1,1,0
410792,80,1,0,1
2146040,80,1,1,0
4762784,80,1,0,1
692000,80,1,1,0
3742032,80,1,1,0
2384808,80,1,1,0
3320824,80,1,0,1
88456,80,1,1,0
521152,80,1,0,1
657320,80,1,1,0
2086648,80,1,1,0
3194144,80,1,0,1
694392,80,1,1,0
1767424,80,1,1,0
2642376,80,1,0,1
1734400,80,1,0,1
1390064,80,1,0,1
237080,80,1,0,1
3213264,80,1,0,1
300904,80,1,1,0
7002016,80,1,1,0
465416,80,1,0,1
1971528,80,1,1,0
2494472,80,1,0,1
717728,80,1,0,1
7085976,80,1,1,0
2423552,80,1,1,0
2858384,80,1,0,1
4014992,80,1,0,1
3612520,80,1,1,0
6197632,80,1,0,1
878272,80,1,0,1
2480504,80,1,1,0
882352,80,1,1,0
4394120,80,1,0,1
2390864,80,1,1,0
595600,80,1,1,0
3406872,80,1,1,0
1899896,80,1,0,1
2418728,80,1,0,1
2764136,80,1,1,0
440784,80,1,0,1
7172664,80,1,0,1
2474000,80,1,0,1
5239176,80,1,0,1
600240,80,1,1,0
7807048,80,1,1,0
2741080,80,1,1,0
1636328,80,1,1,0
1970088,80,1,0,1
2483680,80,1,1,0
556648,80,1,1,0
1282296,80,1,1,0
1978416,80,1,1,0
5359128,80,1,1,0
5530480,80,1,0,1
3352672,80,1,1,0
1084896,80,1,1,0
3367272,80,1,0,1
1193184,80,1,0,1
909520,80,1,1,0
2426192,80,1,1,0
696776,80,1,1,0
8300912,80,1,0,1
7915792,80,1,1,0
2367280,80,1,1,0
7656680,80,1,1,0
2675120,80,1,0,1
364152,80,1,0,1
8371176,80,1,0,1
1722672,80,1,1,0
8199168,80,1,0,1
167984,80,1,0,1
4997352,80,1,0,1
2667016,80,1,1,0
961600,80,1,1,0
236528,80,1,0,1
417856,80,1,1,0
7038496,80,1,0,1
3016408,80,1,0,1
475240,80,1,1,0
317080,80,1,0,1
5863632,80,1,1,0
7065376,80,1,0,1
5184968,80,1,0,1
2950240,80,1,0,1
2030016,80,1,0,1
717544,80,1,0,1
2937296,80,1,1,0
213152,80,1,0,1
3097136,80,1,0,1
2945136,80,1,1,0
360200,80,1,1,0
8328256,80,1,1,0
5768992,80,1,0,1
3566384,80,1,1,0
233248,80,1,0,1
672000,80,1,1,0
583256,80,1,0,1
5542560,80,1,1,0
145256,80,1,1,0
7656728,80,1,1,0
5430288,80,1,0,1
8039336,80,1,0,1
988952,80,1,0,1
1170376,80,1,0,1
640688,80,1,0,1
3479768,80,1,0,1
1615048,80,1,0,1
1768680,80,1,0,1
316296,80,1,1,0
1323464,80,1,1,0
478264,80,1,0,1
2208392,80,1,0,1
1365400,80,1,0,1
4406352,80,1,0,1
1722400,80,1,0,1
4595896,80,1,0,1
7168656,80,1,0,1
2334808,80,1,0,1
358496,80,1,0,1
1369720,80,1,1,0
6283672,80,1,1,0
297672,80,1,1,0
3861704,80,1,1,0
3893328,80,1,1,0
4594664,80,1,0,1
4750928,80,1,1,0
1733816,80,1,0,1
6187104,80,1,0,1
7219688,80,1,0,1
586896,80,1,1,0
1163080,80,1,0,1
952208,80,1,0,1
3917312,80,1,0,1
1257432,80,1,1,0
989104,80,1,1,0
5645752,80,1,0,1
1141328,80,1,1,0
5757088,80,1,1,0
2299408,80,1,1,0
337640,80,1,0,1
1406536,80,1,0,1
797344,80,1,0,1
1894824,80,1,1,0
7861840,80,1,0,1
1939200,80,1,0,1
4331272,80,1,0,1
2919512,80,1,0,1
875728,80,1,0,1
7568160,80,1,0,1
118632,80,1,1,0
2343344,80,1,1,0
3118336,80,1,0,1
1475936,80,1,0,1
3710408,80,1,0,1
788192,80,1,0,1
1340312,80,1,1,0
4590784,80,1,0,1
476360,80,1,0,1
5948056,80,1,0,1
305992,80,1,1,0
1246648,80,1,0,1
6279592,80,1,1,0
313616,80,1,1,0
2740800,80,1,1,0
2090544,80,1,1,0
101848,80,1,0,1
3225872,80,1,1,0
1461024,80,1,1,0
8092736,80,1,0,1
5708080,80,1,0,1
3837416,80,1,1,0
2077624,80,1,1,0
6251816,80,1,0,1
2609640,80,1,1,0
222832,80,1,0,1
246888,80,1,1,0
2523328,80,1,1,0
2531016,80,1,0,1
3462448,80,1,1,0
5924944,80,1,0,1
4306192,80,1,1,0
2464072,80,1,1,0
873488,80,1,1,0
1121760,80,1,0,1
293016,80,1,0,1
7039168,80,1,1,0
828336,80,1,1,0
3760840,80,1,1,0
3742064,80,1,1,0
2231536,80,1,0,1
4316160,80,1,0,1
4995992,80,1,0,1
4086664,80,1,0,1
682112,80,1,0,1
1302048,80,1,0,1
3837816,80,1,1,0
3395904,80,1,0,1
4160112,80,1,1,0
2780320,80,1,1,0
2489920,80,1,0,1
830384,80,1,1,0
3316560,80,1,1,0
2105352,80,1,1,0
8276656,80,1,1,0
7997360,80,1,1,0
1800136,80,1,1,0
699224,80,1,0,1
1326096,80,1,1,0
2574520,80,1,0,1
6124504,80,1,1,0
2286264,80,1,1,0
1235496,80,1,0,1
1079792,80,1,1,0
267208,80,1,1,0
647232,80,1,1,0
1895752,80,1,1,0
878432,80,1,1,0
777224,80,1,0,1
4539536,80,1,1,0
1477832,80,1,0,1
1895408,80,1,1,0
1219856,80,1,1,0
1620760,80,1,0,1
2026496,80,1,0,1
1577632,80,1,0,1
602912,80,1,1,0
1122720,80,1,0,1
8019760,80,1,1,0
308352,80,1,0,1
285264,80,1,1,0
1939872,80,1,1,0
8068936,80,1,1,0
371656,80,1,1,0
7045888,80,1,1,0
1599368,80,1,0,1
1781912,80,1,0,1
6640200,80,1,0,1
2416816,80,1,1,0
2245464,80,1,1,0
831080,80,1,0,1
3202736,80,1,0,1
5636208,80,1,0,1
3101320,80,1,1,0
417352,80,1,0,1
4949792,80,1,1,0
2212448,80,1,1,0
461816,80,1,1,0
2844864,80,1,0,1
6282464,80,1,0,1
2266760,80,1,0,1
7827808,80,1,1,0
859016,80,1,0,1
5625576,80,1,0,1
1027936,80,1,1,0
6966776,80,1,0,1
1389064,80,1,0,1
4981536,80,1,0,1
5957584,80,1,0,1
2821952,80,1,1,0
7875712,80,1,0,1
6997248,80,1,1,0
1399704,80,1,1,0
1488416,80,1,0,1
609216,80,1,1,0
1494248,80,1,1,0
353408,80,1,0,1
6101736,80,1,1,0
3661664,80,1,0,1
1633240,80,1,0,1
295592,80,1,0,1
8045672,80,1,1,0
809456,80,1,1,0
440184,80,1,1,0
327344,80,1,1,0
411960,80,1,0,1
829296,80,1,1,0
3637896,80,1,1,0
6482424,80,1,1,0
415904,80,1,0,1
2079248,80,1,0,1
702096,80,1,1,0
1202232,80,1,1,0
1814432,80,1,0,1
1696736,80,1,0,1
723944,80,1,1,0
6416760,80,1,0,1
5285672,80,1,1,0
1966152,80,1,0,1
5606704,80,1,0,1
1677080,80,1,1,0
1764976,80,1,0,1
1384984,80,1,1,0
4145896,80,1,0,1
1571720,80,1,0,1
7916288,80,1,0,1
1272920,80,1,1,0
1209840,80,1,1,0
7355848,80,1,0,1
1650920,80,1,1,0
1779304,80,1,0,1
5917792,80,1,1,0
4832320,80,1,1,0
1985192,80,1,1,0
5371792,80,1,0,1
1048384,80,1,1,0
3695976,80,1,0,1
4586112,80,1,0,1
1208864,80,1,0,1
2127776,80,1,0,1
3690984,80,1,1,0
7089928,80,1,1,0
1821744,80,1,0,1
221768,80,1,1,0
194896,80,1,1,0
3688776,80,1,1,0
2988520,80,1,0,1
766392,80,1,1,0
6028104,80,1,0,1
2606312,80,1,0,1
1131960,80,1,1,0
3416752,80,1,0,1
1450736,80,1,1,0
3446624,80,1,0,1
1477584,80,1,0,1
6635136,80,1,0,1
3497192,80,1,1,0
4125392,80,1,1,0
1661432,80,1,0,1
4660888,80,1,0,1
6127336,80,1,1,0
1041344,80,1,1,0
2127848,80,1,0,1
6743888,80,1,0,1
2583608,80,1,1,0
2282608,80,1,0,1
475640,80,1,0,1
5049840,80,1,1,0
5531712,80,1,0,1
3425184,80,1,0,1
1410576,80,1,1,0
1006976,80,1,1,0
6319000,80,1,0,1
3639768,80,1,1,0
798344,80,1,0,1
2717368,80,1,0,1
3082864,80,1,0,1
143184,80,1,1,0
3646608,80,1,0,1
812624,80,1,0,1
737392,80,1,0,1
253088,80,1,0,1
8215432,80,1,0,1
731032,80,1,1,0
2477704,80,1,1,0
1862992,80,1,0,1
5901616,80,1,1,0
5438488,80,1,0,1
4112232,80,1,0,1
6814720,80,1,0,1
8351488,80,1,0,1
4112680,80,1,0,1
3208832,80,1,1,0
6974480,80,1,1,0
2472136,80,1,0,1
6198496,80,1,0,1
5421728,80,1,1,0
2329264,80,1,1,0
4472176,80,1,1,0
2155272,80,1,0,1
1446496,80,1,1,0
415984,80,1,0,1
1859040,80,1,0,1
6861256,80,1,1,0
1125424,80,1,0,1
365048,80,1,1,0
3287888,80,1,0,1
923760,80,1,1,0
3847936,80,1,1,0
5932224,80,1,1,0
2388248,80,1,0,1
4838192,80,1,1,0
2354208,80,1,1,0
3628928,80,1,1,0
607328,80,1,0,1
1375736,80,1,0,1
1994760,80,1,0,1
587312,80,1,1,0
1672000,80,1,1,0
1791800,80,1,1,0
149896,80,1,0,1
518640,80,1,1,0
1136384,80,1,1,0
3092936,80,1,0,1
1323312,80,1,1,0
1783688,80,1,1,0
3120328,80,1,1,0
6183864,80,1,0,1
3403384,80,1,1,0
123760,80,1,1,0
2962936,80,1,1,0
6102808,80,1,1,0
1055624,80,1,0,1
436648,80,1,0,1
245920,80,1,0,1
2175304,80,1,0,1
4535608,80,1,0,1
222320,80,1,0,1
2384896,80,1,0,1
715640,80,1,1,0
594440,80,1,0,1
1389320,80,1,0,1
1059312,80,1,0,1
4531840,80,1,1,0
307768,80,1,1,0
1780584,80,1,0,1
1029864,80,1,0,1
1644432,80,1,1,0
6446768,80,1,1,0
495720,80,1,1,0
813032,80,1,1,0
1430000,80,1,1,0
5057112,80,1,0,1
1202520,80,1,0,1
1548424,80,1,1,0
2807816,80,1,1,0
148032,80,1,1,0
7725680,80,1,1,0
1125248,80,1,1,0
524752,80,1,1,0
8132544,80,1,1,0
699176,80,1,1,0
3479272,80,1,1,0
492096,80,1,1,0
192648,80,1,0,1
3820784,80,1,1,0
1002912,80,1,1,0
3323744,80,1,1,0
4421824,80,1,1,0
2754672,80,1,1,0
2368920,80,1,1,0
3816368,80,1,0,1
6914736,80,1,1,0
3479320,80,1,0,1
5827648,80,1,0,1
1317816,80,1,0,1
3889584,80,1,0,1
6280880,80,1,0,1
7772672,80,1,0,1
3406704,80,1,1,0
2093760,80,1,1,0
5553224,80,1,1,0
282160,80,1,0,1
7894376,80,1,1,0
1600504,80,1,1,0
1575352,80,1,1,0
7656544,80,1,0,1
114400,80,1,1,0
6860568,80,1,0,1
3312520,80,1,0,1
6643984,80,1,0,1
263544,80,1,0,1
2075832,80,1,1,0
3452064,80,1,1,0
2065160,80,1,1,0
6112888,80,1,0,1
1167480,80,1,1,0
1637616,80,1,0,1
731456,80,1,0,1
1157248,80,1,0,1
2452456,80,1,1,0
610056,80,1,0,1
6210672,80,1,0,1
6728496,80,1,1,0
354200,80,1,1,0
518904,80,1,0,1
308064,80,1,0,1
559888,80,1,1,0
1890008,80,1,1,0
6688192,80,1,0,1
6925608,80,1,0,1
2393200,80,1,0,1
4436872,80,1,0,1
2195296,80,1,1,0
8350584,80,1,1,0
1844480,80,1,1,0
1108688,80,1,1,0
339792,80,1,0,1
327128,80,1,0,1
6728680,80,1,1,0
1426672,80,1,0,1
5618200,80,1,1,0
4060664,80,1,1,0
4501352,80,1,1,0
7250256,80,1,1,0
716112,80,1,1,0
8379304,80,1,0,1
1813632,80,1,0,1
3556080,80,1,0,1
902728,80,1,0,1
5440584,80,1,0,1
3466064,80,1,1,0
1481624,80,1,1,0
3654320,80,1,0,1
6316064,80,1,0,1
4316944,80,1,0,1
574272,80,1,0,1
203520,80,1,1,0
6214608,80,1,1,0
2799424,80,1,1,0
5244328,80,1,1,0
513320,80,1,1,0
1919432,80,1,0,1
4510304,80,1,1,0
5637072,80,1,1,0
7423624,80,1,1,0
1311248,80,1,1,0
196480,80,1,0,1
2653728,80,1,1,0
5895584,80,1,0,1
266408,80,1,0,1
1085272,80,1,0,1
424944,80,1,1,0
4253128,80,1,0,1
5403824,80,1,0,1
6866168,80,1,1,0
3577600,80,1,1,0
1096368,80,1,0,1
6414200,80,1,1,0
1115536,80,1,1,0
5540600,80,1,1,0
5209744,80,1,0,1
246832,80,1,0,1
1831632,80,1,1,0
6339824,80,1,1,0
3164392,80,1,1,0
7158112,80,1,1,0
1328000,80,1,0,1
234552,80,1,0,1
8189040,80,1,1,0
1568712,80,1,1,0
7988520,80,1,1,0
3495960,80,1,0,1
757056,80,1,1,0
698656,80,1,1,0
1236304,80,1,0,1
3881352,80,1,0,1
5015440,80,1,1,0
4922624,80,1,1,0
1048672,80,1,0,1
1060408,80,1,0,1
6979296,80,1,0,1
3924536,80,1,0,1
7082672,80,1,0,1
5574656,80,1,1,0
6406232,80,1,0,1
3737712,80,1,0,1
2102160,80,1,0,1
2047032,80,1,1,0
2046592,80,1,1,0
6506936,80,1,0,1
188392,80,1,0,1
7836384,80,1,0,1
89640,80,1,1,0
589784,80,1,0,1
3542776,80,1,0,1
4730680,80,1,1,0
3465856,80,1,1,0
232000,80,1,1,0
400880,80,1,0,1
1002560,80,1,1,0
584968,80,1,0,1
1045512,80,1,1,0
4364776,80,1,0,1
7773416,80,1,0,1
5461120,80,1,0,1
6579456,80,1,0,1
1677824,80,1,0,1
5300992,80,1,1,0
2553816,80,1,0,1
5400032,80,1,0,1
765768,80,1,0,1
3658224,80,1,1,0
5625744,80,1,1,0
3804584,80,1,0,1
587024,80,1,0,1
2710896,80,1,1,0
820128,80,1,0,1
1732568,80,1,1,0
2116632,80,1,0,1
979280,80,1,1,0
1078344,80,1,0,1
3860256,80,1,0,1
2403472,80,1,0,1
5711632,80,1,1,0
3515600,80,1,1,0
163424,80,1,0,1
571464,80,1,1,0
1456184,80,1,0,1
2135448,80,1,0,1
1193216,80,1,0,1
8005248,80,1,0,1
712904,80,1,0,1
923864,80,1,0,1
3680184,80,1,1,0
6808280,80,1,1,0
972760,80,1,0,1
2419544,80,1,1,0
333016,80,1,1,0
2039424,80,1,1,0
1554440,80,1,1,0
3491808,80,1,1,0
2777392,80,1,0,1
3180128,80,1,1,0
138608,80,1,1,0
265176,80,1,1,0
189376,80,1,0,1
2242864,80,1,0,1
3122472,80,1,0,1
4287064,80,1,0,1
5506248,80,1,0,1
1311720,80,1,0,1
797104,80,1,1,0
4673000,80,1,1,0
1748016,80,1,0,1
1345936,80,1,1,0
2977528,80,1,1,0
1707136,80,1,0,1
3789376,80,1,0,1
7269392,80,1,0,1
1031256,80,1,0,1
444936,80,1,0,1
317576,80,1,1,0
3706488,80,1,0,1
1493232,80,1,0,1
1385416,80,1,1,0
3766744,80,1,1,0
770736,80,1,0,1
3373432,80,1,1,0
6839248,80,1,0,1
5685320,80,1,0,1
3835800,80,1,1,0
6163376,80,1,1,0
1911360,80,1,0,1
1733120,80,1,0,1
5396328,80,1,1,0
2048808,80,1,0,1
6907888,80,1,0,1
271456,80,1,0,1
421392,80,1,0,1
1364904,80,1,1,0
5984936,80,1,0,1
5835112,80,1,1,0
851880,80,1,0,1
209600,80,1,0,1
2705592,80,1,1,0
1365376,80,1,1,0
974664,80,1,1,0
8153600,80,1,1,0
4864128,80,1,0,1
6449312,80,1,1,0
312384,80,1,0,1
1888872,80,1,1,0
8078208,80,1,1,0
4890872,80,1,1,0
2051056,80,1,1,0
5402576,80,1,0,1
2916792,80,1,0,1
628176,80,1,0,1
2897632,80,1,1,0
8075248,80,1,1,0
1099304,80,1,0,1
6233736,80,1,1,0
2135728,80,1,1,0
3501280,80,1,0,1
8204224,80,1,0,1
2795544,80,1,0,1
274264,80,1,0,1
4024512,80,1,1,0
6014872,80,1,1,0
4278640,80,1,1,0
6668664,80,1,1,0
5429920,80,1,0,1
3893976,80,1,0,1
5285576,80,1,0,1
2092376,80,1,0,1
3554376,80,1,1,0
2320472,80,1,1,0
1548896,80,1,0,1
3187792,80,1,1,0
594288,80,1,1,0
2461504,80,1,0,1
496784,80,1,0,1
7905704,80,1,1,0
237320,80,1,1,0
1834256,80,1,1,0
5397832,80,1,1,0
3936272,80,1,0,1
4932520,80,1,0,1
5731992,80,1,1,0
7372056,80,1,1,0
5603136,80,1,0,1
110440,80,1,1,0
1906424,80,1,1,0
453656,80,1,0,1
4278152,80,1,0,1
677216,80,1,1,0
2859888,80,1,0,1
4005576,80,1,1,0
1936312,80,1,1,0
3242192,80,1,1,0
1995304,80,1,1,0
5464464,80,1,1,0
308968,80,1,0,1
510648,80,1,0,1
2279136,80,1,0,1
4343640,80,1,0,1
1963592,80,1,1,0
673512,80,1,0,1
1972496,80,1,1,0
717216,80,1,1,0
782544,80,1,0,1
781080,80,1,1,0
2918568,80,1,1,0
5564720,80,1,0,1
264024,80,1,0,1
448184,80,1,0,1
1680568,80,1,1,0
5784224,80,1,1,0
1125480,80,1,0,1
3756800,80,1,1,0
503312,80,1,1,0
4593792,80,1,1,0
579104,80,1,0,1
1481656,80,1,0,1
4902576,80,1,1,0
7593416,80,1,1,0
455632,80,1,0,1
3347008,80,1,1,0
1873264,80,1,1,0
2210688,80,1,0,1
1137464,80,1,0,1
1200472,80,1,0,1
3510816,80,1,0,1
2089496,80,1,0,1
1373576,80,1,0,1
4832848,80,1,0,1
1253840,80,1,0,1
909736,80,1,1,0
1162128,80,1,1,0
5276696,80,1,1,0
513984,80,1,1,0
1308512,80,1,1,0
2200328,80,1,0,1
1049800,80,1,0,1
7825960,80,1,0,1
6900592,80,1,1,0
4834976,80,1,1,0
3481544,80,1,0,1
2557712,80,1,0,1
4688368,80,1,0,1
1963248,80,1,0,1
1981048,80,1,0,1
2225616,80,1,1,0
5953024,80,1,0,1
5661592,80,1,0,1
307720,80,1,0,1
5064584,80,1,1,0
1438136,80,1,1,0
599904,80,1,1,0
5740912,80,1,1,0
2237152,80,1,0,1
1799864,80,1,0,1
2475296,80,1,0,1
7776768,80,1,1,0
5190904,80,1,0,1
4638880,80,1,0,1
5458704,80,1,0,1
1503920,80,1,1,0
3757808,80,1,0,1
5695424,80,1,1,0
991184,80,1,0,1
3089760,80,1,1,0
1641288,80,1,1,0
251936,80,1,0,1
2193176,80,1,0,1
341288,80,1,0,1
600408,80,1,0,1
1719880,80,1,1,0
3730256,80,1,0,1
2270776,80,1,1,0
3266808,80,1,0,1
1748976,80,1,1,0
6731712,80,1,1,0
3322752,80,1,0,1
855872,80,1,0,1
177632,80,1,0,1
1953096,80,1,0,1
4150784,80,1,1,0
4923344,80,1,1,0
3860104,80,1,1,0
2622576,80,1,1,0
5211400,80,1,1,0
4213880,80,1,1,0
7627616,80,1,1,0
1049592,80,1,1,0
6738864,80,1,0,1
3186072,80,1,0,1
3551096,80,1,1,0
758392,80,1,0,1
5908048,80,1,0,1
5284824,80,1,0,1
640672,80,1,0,1
1488928,80,1,0,1
3673320,80,1,0,1
467312,80,1,1,0
1649896,80,1,1,0
1390176,80,1,0,1
6044376,80,1,0,1
5466704,80,1,0,1
6847952,80,1,0,1
600384,80,1,0,1
1909552,80,1,0,1
977608,80,1,1,0
802176,80,1,0,1
854680,80,1,0,1
7714040,80,1,1,0
1513416,80,1,0,1
845200,80,1,0,1
8179384,80,1,0,1
3083824,80,1,0,1
7112344,80,1,0,1
6642672,80,1,0,1
1885624,80,1,1,0
5528272,80,1,1,0
3626472,80,1,1,0
919448,80,1,1,0
2994240,80,1,1,0
3530640,80,1,0,1
4581544,80,1,1,0
1985664,80,1,1,0
6503288,80,1,0,1
3749104,80,1,1,0
766840,80,1,1,0
2260176,80,1,1,0
5336824,80,1,0,1
7069520,80,1,0,1
1260312,80,1,0,1
6202400,80,1,1,0
1801960,80,1,1,0
6587640,80,1,1,0
6139800,80,1,1,0
1287312,80,1,0,1
6756168,80,1,0,1
283272,80,1,0,1
5012072,80,1,1,0
1929728,80,1,0,1
1374656,80,1,0,1
7069144,80,1,0,1
4256832,80,1,0,1
2708536,80,1,1,0
6723032,80,1,1,0
3749160,80,1,0,1
7185952,80,1,1,0
744736,80,1,0,1
4766800,80,1,0,1
326360,80,1,1,0
3932528,80,1,0,1
552896,80,1,0,1
378664,80,1,0,1
6891360,80,1,1,0
1390224,80,1,0,1
3640712,80,1,0,1
2706080,80,1,0,1
2040312,80,1,1,0
2281520,80,1,1,0
410440,80,1,0,1
3118352,80,1,0,1
3228176,80,1,1,0
230024,80,1,1,0
953480,80,1,0,1
1901432,80,1,0,1
5416832,80,1,1,0
3719928,80,1,0,1
2905968,80,1,0,1
2605776,80,1,1,0
2039392,80,1,0,1
796616,80,1,1,0
487096,80,1,1,0
509088,80,1,1,0
598016,80,1,0,1
3374840,80,1,1,0
560312,80,1,0,1
6677344,80,1,0,1
670328,80,1,1,0
1701112,80,1,1,0
4132120,80,1,0,1
597568,80,1,0,1
5942056,80,1,0,1
7110688,80,1,0,1
8275152,80,1,1,0
7040168,80,1,1,0
7432280,80,1,0,1
6063512,80,1,1,0
4763048,80,1,1,0
7255520,80,1,1,0
1443976,80,1,0,1
4477656,80,1,1,0
401120,80,1,0,1
476208,80,1,1,0
539728,80,1,0,1
2304640,80,1,0,1
1227344,80,1,1,0
4660120,80,1,0,1
2475008,80,1,1,0
2472424,80,1,1,0
2410112,80,1,1,0
1204960,80,1,0,1
398144,80,1,1,0
4564992,80,1,1,0
1190008,80,1,0,1
1012216,80,1,0,1
825656,80,1,0,1
1170064,80,1,0,1
1790176,80,1,0,1
1925312,80,1,1,0
3379456,80,1,1,0
3124776,80,1,1,0
1153840,80,1,1,0
1022384,80,1,0,1
3101080,80,1,0,1
2016240,80,1,1,0
2832576,80,1,0,1
2587720,80,1,1,0
1637824,80,1,1,0
5068912,80,1,0,1
2272688,80,1,1,0
4330680,80,1,1,0
4559840,80,1,1,0
5741272,80,1,1,0
8193824,80,1,1,0
2743736,80,1,0,1
7553344,80,1,1,0
651936,80,1,0,1
6978352,80,1,0,1
4361640,80,1,1,0
2685848,80,1,1,0
2890968,80,1,1,0
343888,80,1,0,1
4693448,80,1,1,0
6096272,80,1,1,0
890456,80,1,0,1
1418488,80,1,1,0
157416,80,1,0,1
2813744,80,1,1,0
6409784,80,1,0,1
933944,80,1,0,1
611960,80,1,0,1
2150416,80,1,0,1
7158328,80,1,0,1
6527384,80,1,1,0
3695512,80,1,1,0
119312,80,1,1,0
1554560,80,1,0,1
1532512,80,1,1,0
6025216,80,1,0,1
1996464,80,1,1,0
5155792,80,1,1,0
3698944,80,1,1,0
913456,80,1,0,1
974984,80,1,0,1
414776,80,1,0,1
2141728,80,1,1,0
3595864,80,1,1,0
2340504,80,1,1,0
4333576,80,1,1,0
7364576,80,1,0,1
1609120,80,1,0,1
6472824,80,1,1,0
237664,80,1,0,1
3864784,80,1,0,1
1569640,80,1,1,0
618568,80,1,0,1
2039896,80,1,1,0
8263408,80,1,1,0
1343320,80,1,1,0
1424352,80,1,0,1
1008352,80,1,1,0
2799616,80,1,0,1
3218768,80,1,0,1
371144,80,1,1,0
1709624,80,1,0,1
2048184,80,1,1,0
7166488,80,1,0,1
6228216,80,1,0,1
750592,80,1,0,1
2276984,80,1,1,0
340328,80,1,0,1
393152,80,1,0,1
2876832,80,1,0,1
8153232,80,1,0,1
2798440,80,1,1,0
6844360,80,1,0,1
4264992,80,1,0,1
3309544,80,1,1,0
4113384,80,1,1,0
530752,80,1,0,1
1528688,80,1,0,1
5961904,80,1,0,1
730232,80,1,0,1
8159328,80,1,0,1
4944904,80,1,0,1
2706672,80,1,0,1
815392,80,1,1,0
921296,80,1,0,1
7677648,80,1,0,1
1171128,80,1,1,0
257064,80,1,1,0
7701336,80,1,0,1
1458216,80,1,1,0
5714768,80,1,0,1
1329328,80,1,0,1
538792,80,1,0,1
953872,80,1,1,0
1174248,80,1,1,0
605840,80,1,1,0
3876464,80,1,1,0
4039144,80,1,0,1
401184,80,1,0,1
1654000,80,1,1,0
1176728,80,1,0,1
3900360,80,1,0,1
4180112,80,1,1,0
1404056,80,1,0,1
3496624,80,1,1,0
734136,80,1,1,0
2912184,80,1,0,1
305904,80,1,1,0
6242360,80,1,1,0
410128,80,1,1,0
867200,80,1,0,1
233736,80,1,0,1
1468976,80,1,1,0
2441872,80,1,1,0
3342088,80,1,1,0
8359792,80,1,1,0
3009832,80,1,0,1
1461312,80,1,0,1
5382176,80,1,0,1
577112,80,1,0,1
1727448,80,1,1,0
6448192,80,1,0,1
513472,80,1,1,0
4477672,80,1,0,1
4919952,80,1,1,0
1184616,80,1,0,1
6355584,80,1,0,1
659752,80,1,1,0
4400016,80,1,0,1
3163192,80,1,0,1
2608568,80,1,0,1
3006464,80,1,1,0
1119560,80,1,0,1
83536,80,1,0,1
265920,80,1,0,1
1257608,80,1,0,1
5622176,80,1,1,0
2596944,80,1,1,0
288376,80,1,0,1
713264,80,1,1,0
4381016,80,1,1,0
7100000,80,1,0,1
190176,80,1,0,1
7490496,80,1,0,1
424448,80,1,1,0
3361080,80,1,0,1
3500120,80,1,1,0
3844952,80,1,0,1
160376,80,1,1,0
420248,80,1,0,1
4705176,80,1,0,1
1006248,80,1,1,0
2956304,80,1,1,0
3314192,80,1,1,0
308992,80,1,1,0
1991208,80,1,1,0
8127440,80,1,0,1
6584232,80,1,0,1
375040,80,1,0,1
312728,80,1,0,1
4750736,80,1,1,0
5158656,80,1,0,1
5597664,80,1,0,1
7142656,80,1,1,0
1560672,80,1,0,1
382392,80,1,0,1
979792,80,1,1,0
69040,80,1,0,1
5931624,80,1,1,0
833496,80,1,1,0
2152016,80,1,1,0
819832,80,1,1,0
4865224,80,1,1,0
1545536,80,1,1,0
484408,80,1,1,0
2502648,80,1,0,1
854568,80,1,0,1
384912,80,1,0,1
4471024,80,1,1,0
3804224,80,1,1,0
1326992,80,1,1,0
1396656,80,1,1,0
3223728,80,1,0,1
1075280,80,1,0,1
240288,80,1,1,0
1512936,80,1,1,0
2917456,80,1,1,0
1042600,80,1,0,1
223576,80,1,0,1
888176,80,1,1,0
5169328,80,1,0,1
1042208,80,1,0,1
1669320,80,1,0,1
863408,80,1,1,0
1584984,80,1,0,1
3150328,80,1,1,0
1729856,80,1,0,1
7021704,80,1,1,0
6579616,80,1,0,1
3800376,80,1,0,1
2997864,80,1,1,0
1428072,80,1,1,0
3498264,80,1,1,0
5728184,80,1,1,0
761776,80,1,1,0
2693944,80,1,0,1
1141688,80,1,1,0
592240,80,1,1,0
1130024,80,1,1,0
723128,80,1,0,1
7156744,80,1,1,0
1234208,80,1,0,1
5248144,80,1,1,0
1434912,80,1,1,0
2683576,80,1,1,0
677816,80,1,0,1
4597360,80,1,1,0
1520320,80,1,0,1
5056024,80,1,0,1
2575648,80,1,1,0
1628600,80,1,1,0
1085208,80,1,0,1
3299800,80,1,1,0
1455512,80,1,1,0
3749456,80,1,1,0
3812552,80,1,1,0
123880,80,1,0,1
3379448,80,1,0,1
3772352,80,1,0,1
2501600,80,1,1,0
1574344,80,1,0,1
1175112,80,1,0,1
5389440,80,1,1,0
7168696,80,1,0,1
590056,80,1,1,0
958184,80,1,0,1
309480,80,1,0,1
4947576,81,1,0,1
4287440,81,1,1,0
394016,81,1,0,1
394352,81,1,1,0
1795888,81,1,1,0
3619656,81,1,1,0
7324752,81,1,0,1
4193432,81,1,1,0
7309896,81,1,1,0
2711072,81,1,0,1
4418304,81,1,0,1
2459616,81,1,1,0
1425912,81,1,1,0
2776128,81,1,1,0
570640,81,1,1,0
3509224,81,1,1,0
1253488,81,1,1,0
2133304,81,1,0,1
522144,81,1,0,1
7877016,81,1,1,0
3423368,81,1,1,0
6343648,81,1,1,0
3133160,81,1,0,1
820360,81,1,0,1
3712576,81,1,1,0
8332336,81,1,1,0
5375784,81,1,0,1
4904592,81,1,0,1
2896968,81,1,1,0
890856,81,1,0,1
2607304,81,1,0,1
442384,81,1,0,1
477936,81,1,0,1
6757368,81,1,0,1
309912,81,1,0,1
3281976,81,1,0,1
5311656,81,1,0,1
1568640,81,1,1,0
3332976,81,1,0,1
662192,81,1,0,1
7059720,81,1,1,0
3623600,81,1,1,0
522200,81,1,0,1
4126968,81,1,1,0
2149464,81,1,0,1
519304,81,1,1,0
5892024,81,1,0,1
1208224,81,1,0,1
1973320,81,1,0,1
659872,81,1,0,1
6888192,81,1,1,0
261696,81,1,0,1
1591656,81,1,1,0
4893976,81,1,0,1
3055872,81,1,0,1
7322360,81,1,1,0
4610272,81,1,0,1
915712,81,1,0,1
3254048,81,1,1,0
2079528,81,1,1,0
2180344,81,1,0,1
1931120,81,1,0,1
7991552,81,1,0,1
1747648,81,1,0,1
3342184,81,1,1,0
4788808,81,1,1,0
853560,81,1,0,1
7704256,81,1,1,0
1588952,81,1,0,1
531656,81,1,1,0
667640,81,1,0,1
1014360,81,1,0,1
2278008,81,1,1,0
3858720,81,1,1,0
881448,81,1,0,1
506656,81,1,0,1
1289056,81,1,1,0
263208,81,1,1,0
853952,81,1,0,1
398832,81,1,1,0
964616,81,1,0,1
6378608,81,1,0,1
1417896,81,1,1,0
1988976,81,1,0,1
4925096,81,1,1,0
8266760,81,1,0,1
1086176,81,1,0,1
5462528,81,1,0,1
2290904,81,1,0,1
1515464,81,1,0,1
4791664,81,1,1,0
1177592,81,1,1,0
631592,81,1,1,0
459696,81,1,1,0
266576,81,1,0,1
2289352,81,1,1,0
1970656,81,1,1,0
6993192,81,1,1,0
673352,81,1,0,1
4207216,81,1,0,1
4794976,81,1,0,1
2353992,81,1,0,1
3886560,81,1,1,0
1703224,81,1,0,1
1534504,81,1,0,1
5327752,81,1,1,0
1792208,81,1,1,0
544456,81,1,0,1
86784,81,1,0,1
7343032,81,1,1,0
4607064,81,1,1,0
5417616,81,1,0,1
7956472,81,1,0,1
301496,81,1,1,0
7291872,81,1,1,0
631872,81,1,0,1
1453648,81,1,1,0
6721856,81,1,1,0
4642992,81,1,0,1
3656648,81,1,0,1
2353576,81,1,1,0
2333912,81,1,0,1
450376,81,1,1,0
3813968,81,1,0,1
2019696,81,1,0,1
940720,81,1,1,0
2424760,81,1,0,1
355912,81,1,0,1
339008,81,1,0,1
248176,81,1,1,0
1070112,81,1,1,0
7335232,81,1,0,1
379696,81,1,0,1
2884024,81,1,1,0
7929984,81,1,1,0
1996968,81,1,1,0
3060648,81,1,0,1
3427720,81,1,1,0
7851448,81,1,0,1
6615192,81,1,0,1
7453680,81,1,0,1
825752,81,1,0,1
3073440,81,1,1,0
3745616,81,1,1,0
180952,81,1,0,1
1698288,81,1,1,0
3711544,81,1,1,0
2593632,81,1,1,0
1185224,81,1,0,1
2695776,81,1,0,1
461160,81,1,0,1
533184,81,1,0,1
3514288,81,1,0,1
3475776,81,1,0,1
5163768,81,1,1,0
7405496,81,1,0,1
1196184,81,1,1,0
1953832,81,1,0,1
3487832,81,1,1,0
2933680,81,1,1,0
1236176,81,1,1,0
6397696,81,1,0,1
1048888,81,1,1,0
230568,81,1,1,0
6014120,81,1,1,0
407584,81,1,0,1
6224128,81,1,0,1
1978144,81,1,0,1
1540232,81,1,0,1
207360,81,1,1,0
1112688,81,1,0,1
1153920,81,1,0,1
1442088,81,1,1,0
2439568,81,1,1,0
1307464,81,1,1,0
6801448,81,1,1,0
3405616,81,1,1,0
903368,81,1,1,0
5429528,81,1,0,1
5013128,81,1,1,0
8225656,81,1,1,0
1011568,81,1,1,0
7124576,81,1,1,0
278008,81,1,1,0
368616,81,1,1,0
4981872,81,1,0,1
7712912,81,1,0,1
424472,81,1,1,0
6504072,81,1,0,1
504712,81,1,0,1
3700880,81,1,0,1
456464,81,1,0,1
624992,81,1,0,1
312352,81,1,0,1
4834504,81,1,0,1
374416,81,1,0,1
1074960,81,1,0,1
8119568,81,1,0,1
1814808,81,1,1,0
8110088,81,1,1,0
454992,81,1,1,0
1379960,81,1,0,1
1313328,81,1,0,1
1949792,81,1,1,0
1432656,81,1,0,1
6384200,81,1,1,0
1059896,81,1,1,0
993856,81,1,1,0
2057240,81,1,0,1
317896,81,1,0,1
5130456,81,1,1,0
1520720,81,1,1,0
5402296,81,1,1,0
2169168,81,1,1,0
6264768,81,1,0,1
3342064,81,1,0,1
5692544,81,1,1,0
1451032,81,1,0,1
3884120,81,1,1,0
1572280,81,1,0,1
5478488,81,1,1,0
637744,81,1,1,0
3414080,81,1,1,0
3149320,81,1,0,1
921312,81,1,1,0
2088536,81,1,1,0
3351576,81,1,1,0
1687728,81,1,0,1
3895576,81,1,1,0
1369432,81,1,1,0
2530264,81,1,1,0
4759256,81,1,1,0
4007064,81,1,0,1
636152,81,1,0,1
6772728,81,1,0,1
6907440,81,1,0,1
5814256,81,1,0,1
1294176,81,1,1,0
7517328,81,1,1,0
3274800,81,1,0,1
126688,81,1,1,0
3033560,81,1,0,1
3533920,81,1,0,1
760168,81,1,0,1
2554560,81,1,1,0
5362720,81,1,1,0
777720,81,1,1,0
7495360,81,1,1,0
3838720,81,1,1,0
3330528,81,1,1,0
1018968,81,1,1,0
891144,81,1,0,1
3312272,81,1,0,1
3563192,81,1,1,0
733168,81,1,0,1
2994536,81,1,0,1
5987592,81,1,1,0
1187648,81,1,1,0
2578112,81,1,1,0
3780048,81,1,1,0
5438776,81,1,1,0
1723312,81,1,0,1
3916184,81,1,1,0
1193096,81,1,0,1
1631144,81,1,0,1
3955984,81,1,0,1
1200920,81,1,0,1
2269968,81,1,0,1
392896,81,1,0,1
1288816,81,1,1,0
962304,81,1,0,1
4909168,81,1,0,1
1440376,81,1,1,0
5206816,81,1,0,1
3203560,81,1,0,1
1277472,81,1,0,1
7369360,81,1,0,1
3792768,81,1,0,1
888904,81,1,1,0
7615368,81,1,0,1
1693496,81,1,0,1
6177840,81,1,0,1
2142040,81,1,1,0
1856448,81,1,1,0
487200,81,1,1,0
357360,81,1,1,0
931680,81,1,0,1
2011176,81,1,0,1
1334952,81,1,0,1
1004272,81,1,1,0
458632,81,1,0,1
427360,81,1,1,0
300976,81,1,1,0
252600,81,1,0,1
738880,81,1,1,0
5327096,81,1,1,0
1541008,81,1,1,0
2438120,81,1,1,0
264384,81,1,0,1
106552,81,1,0,1
1285840,81,1,0,1
6766152,81,1,0,1
5943432,81,1,0,1
1609152,81,1,0,1
3529656,81,1,1,0
1100448,81,1,0,1
6569968,81,1,1,0
4260072,81,1,0,1
269064,81,1,1,0
627256,81,1,0,1
2305312,81,1,0,1
4164784,81,1,0,1
5667992,81,1,1,0
2908672,81,1,1,0
816232,81,1,1,0
6163136,81,1,0,1
1016080,81,1,0,1
4710536,81,1,0,1
179768,81,1,0,1
1668416,81,1,0,1
4843136,81,1,0,1
2167528,81,1,0,1
1701976,81,1,1,0
2972136,81,1,1,0
6923448,81,1,1,0
918816,81,1,1,0
4157760,81,1,1,0
3839960,81,1,1,0
2596112,81,1,0,1
2011128,81,1,1,0
3824528,81,1,1,0
5256496,81,1,1,0
3311960,81,1,1,0
510752,81,1,0,1
4614928,81,1,0,1
214696,81,1,0,1
2266928,81,1,1,0
3317368,81,1,1,0
1779360,81,1,1,0
7796008,81,1,0,1
922024,81,1,0,1
5369456,81,1,0,1
982104,81,1,1,0
1524224,81,1,1,0
1868456,81,1,0,1
6416080,81,1,1,0
1463264,81,1,0,1
7590872,81,1,0,1
445760,81,1,0,1
2197480,81,1,1,0
2578184,81,1,0,1
6136352,81,1,1,0
766704,81,1,0,1
1634832,81,1,0,1
294792,81,1,1,0
369672,81,1,1,0
1136528,81,1,1,0
3089352,81,1,0,1
734048,81,1,1,0
150672,81,1,0,1
1218752,81,1,0,1
3837608,81,1,1,0
2796720,81,1,1,0
1380464,81,1,1,0
518416,81,1,1,0
555208,81,1,0,1
4335952,81,1,0,1
8226224,81,1,0,1
5672752,81,1,0,1
6869544,81,1,0,1
5371632,81,1,0,1
5752328,81,1,0,1
351608,81,1,0,1
4010464,81,1,0,1
8252376,81,1,1,0
5251144,81,1,0,1
959824,81,1,0,1
2159720,81,1,1,0
1226536,81,1,0,1
222328,81,1,0,1
1524920,81,1,1,0
4694704,81,1,0,1
7950240,81,1,1,0
4735504,81,1,1,0
3126344,81,1,1,0
208976,81,1,0,1
500752,81,1,1,0
322816,81,1,0,1
7579624,81,1,0,1
453064,81,1,0,1
7606280,81,1,0,1
1392800,81,1,1,0
747056,81,1,1,0
776976,81,1,0,1
754600,81,1,1,0
3102712,81,1,1,0
4434944,81,1,0,1
761472,81,1,0,1
995992,81,1,1,0
4259624,81,1,0,1
335352,81,1,1,0
3829104,81,1,1,0
3178296,81,1,0,1
430544,81,1,0,1
542056,81,1,1,0
4494928,81,1,0,1
5255536,81,1,1,0
2117280,81,1,0,1
2577600,81,1,0,1
1136176,81,1,0,1
1221208,81,1,0,1
5790240,81,1,1,0
1578528,81,1,1,0
2676120,81,1,0,1
3996088,81,1,1,0
7338088,81,1,1,0
2220016,81,1,0,1
2872808,81,1,0,1
784040,81,1,0,1
8367808,81,1,1,0
2038520,81,1,1,0
489768,81,1,0,1
3853200,81,1,1,0
4272320,81,1,1,0
1017544,81,1,1,0
3087936,81,1,1,0
3829272,81,1,1,0
4827280,81,1,0,1
2117840,81,1,0,1
366304,81,1,1,0
3185760,81,1,1,0
2697600,81,1,1,0
1488808,81,1,1,0
609192,81,1,1,0
1588696,81,1,1,0
316608,81,1,0,1
5282464,81,1,0,1
7638944,81,1,0,1
1417464,81,1,0,1
4120720,81,1,0,1
543824,81,1,1,0
282808,81,1,0,1
4114456,81,1,1,0
579072,81,1,1,0
8341560,81,1,1,0
268640,81,1,1,0
2371528,81,1,0,1
2016896,81,1,0,1
6757680,81,1,1,0
124904,81,1,1,0
1874304,81,1,1,0
4935744,81,1,1,0
676440,81,1,1,0
1526120,81,1,1,0
2225232,81,1,0,1
1813560,81,1,0,1
639368,81,1,0,1
6407712,81,1,0,1
2466376,81,1,1,0
3017816,81,1,0,1
839328,81,1,0,1
1643016,81,1,1,0
143576,81,1,1,0
433640,81,1,0,1
1054944,81,1,1,0
6091896,81,1,1,0
6883400,81,1,1,0
1334896,81,1,0,1
1821960,81,1,0,1
4393608,81,1,1,0
2281400,81,1,1,0
1869968,81,1,0,1
1204792,81,1,1,0
380480,81,1,1,0
5280592,81,1,0,1
2326528,81,1,0,1
805800,81,1,1,0
3102512,81,1,1,0
884504,81,1,1,0
3493792,81,1,1,0
2363712,81,1,0,1
1353424,81,1,0,1
7116752,81,1,1,0
1447712,81,1,0,1
5636072,81,1,1,0
3934448,81,1,0,1
844288,81,1,0,1
6604672,81,1,0,1
894640,81,1,0,1
6095760,81,1,1,0
6704512,81,1,0,1
4204816,81,1,1,0
481504,81,1,0,1
6134264,81,1,1,0
564328,81,1,1,0
6896320,81,1,1,0
1468168,81,1,1,0
480584,81,1,0,1
6953520,81,1,0,1
6285784,81,1,1,0
8154536,81,1,0,1
2400128,81,1,1,0
2946224,81,1,1,0
1534176,81,1,0,1
762896,81,1,0,1
301256,81,1,0,1
5695920,81,1,1,0
1130696,81,1,1,0
409464,81,1,0,1
5766720,81,1,0,1
1358600,81,1,0,1
6620016,81,1,0,1
939448,81,1,1,0
7605704,81,1,1,0
3412560,81,1,0,1
5148624,81,1,0,1
545224,81,1,0,1
2273568,81,1,1,0
3456952,81,1,0,1
6221800,81,1,0,1
4817216,81,1,1,0
584976,81,1,0,1
8056408,81,1,0,1
4944424,81,1,0,1
579312,81,1,1,0
5743152,81,1,1,0
1408088,81,1,0,1
829136,81,1,0,1
2182152,81,1,0,1
1299472,81,1,0,1
1065704,81,1,1,0
198272,81,1,1,0
5789416,81,1,0,1
218656,81,1,0,1
3080824,81,1,0,1
6274456,81,1,1,0
4552104,81,1,0,1
308576,81,1,1,0
901824,81,1,0,1
1665480,81,1,0,1
5954864,81,1,1,0
1632448,81,1,0,1
4616512,81,1,0,1
494128,81,1,1,0
7622528,81,1,0,1
5241664,81,1,0,1
3566048,81,1,1,0
2778192,81,1,0,1
1353000,81,1,0,1
1108528,81,1,0,1
1840856,81,1,0,1
386608,81,1,0,1
6899144,81,1,1,0
3112704,81,1,0,1
901768,81,1,0,1
1114192,81,1,1,0
3607744,81,1,1,0
5628704,81,1,1,0
624864,81,1,0,1
2783440,81,1,1,0
1151688,81,1,0,1
370184,81,1,0,1
797160,81,1,1,0
2453192,81,1,0,1
7149520,81,1,0,1
262040,81,1,0,1
2055224,81,1,1,0
380376,81,1,0,1
8192560,81,1,1,0
3168552,81,1,1,0
881880,81,1,1,0
1028440,81,1,0,1
768320,81,1,1,0
4467496,81,1,0,1
396264,81,1,0,1
306176,81,1,1,0
7541720,81,1,0,1
7912160,81,1,0,1
146352,81,1,1,0
2051272,81,1,1,0
2003032,81,1,0,1
279944,81,1,0,1
2141128,81,1,1,0
4352096,81,1,0,1
3269288,81,1,0,1
3315296,81,1,1,0
764208,81,1,1,0
2437280,81,1,1,0
7937192,81,1,1,0
726152,81,1,1,0
2078712,81,1,0,1
316104,81,1,0,1
466072,81,1,0,1
2026192,81,1,1,0
2927368,81,1,0,1
1496144,81,1,1,0
2861648,81,1,1,0
503584,81,1,1,0
7480680,81,1,1,0
6115872,81,1,0,1
7532832,81,1,0,1
7522176,81,1,0,1
5138984,81,1,1,0
4431864,81,1,0,1
8168184,81,1,1,0
1068008,81,1,1,0
6401672,81,1,1,0
1627064,81,1,0,1
7740232,81,1,1,0
592704,81,1,0,1
6729496,81,1,0,1
6120256,81,1,0,1
3227168,81,1,1,0
214552,81,1,1,0
1598296,81,1,0,1
4378440,81,1,0,1
3378560,81,1,0,1
3116952,81,1,0,1
783016,81,1,1,0
4467688,81,1,0,1
7175432,81,1,1,0
736144,81,1,0,1
5932072,81,1,0,1
5289800,81,1,0,1
1686608,81,1,0,1
606960,81,1,1,0
4496328,81,1,0,1
302696,81,1,0,1
3129920,81,1,0,1
4839336,81,1,1,0
1428008,81,1,1,0
6833176,81,1,0,1
7152576,81,1,1,0
5319320,81,1,0,1
7044144,81,1,1,0
1105328,81,1,0,1
215864,81,1,1,0
1861304,81,1,0,1
595344,81,1,0,1
547944,81,1,0,1
405480,81,1,1,0
7918392,81,1,0,1
1553768,81,1,1,0
276224,81,1,0,1
553888,81,1,0,1
6625160,81,1,1,0
420840,81,1,1,0
160240,81,1,1,0
1120936,81,1,0,1
448040,81,1,1,0
7471832,81,1,1,0
3329248,81,1,1,0
2062120,81,1,0,1
3889776,81,1,0,1
4316184,81,1,1,0
1332512,81,1,0,1
3337936,81,1,0,1
3619600,81,1,1,0
7019768,81,1,1,0
1366864,81,1,1,0
605568,81,1,0,1
284536,81,1,0,1
7051264,81,1,1,0
6681384,81,1,0,1
4906352,81,1,1,0
187648,81,1,1,0
161120,81,1,0,1
1090056,81,1,0,1
1966840,81,1,1,0
6327960,81,1,1,0
4216776,81,1,1,0
7475608,81,1,1,0
164232,81,1,0,1
345984,81,1,0,1
1363296,81,1,0,1
1919696,81,1,0,1
1443776,81,1,1,0
1561480,81,1,1,0
586512,81,1,1,0
893440,81,1,1,0
2022640,81,1,0,1
4605168,81,1,0,1
700432,81,1,1,0
4164016,81,1,1,0
4409208,81,1,0,1
1265784,81,1,0,1
3989296,81,1,0,1
676576,81,1,1,0
2420568,81,1,0,1
7644120,81,1,1,0
2521536,81,1,1,0
5697616,81,1,1,0
1243696,81,1,0,1
2778632,81,1,0,1
557928,81,1,1,0
647056,81,1,0,1
4619696,81,1,0,1
6966024,81,1,0,1
7503648,81,1,0,1
871008,81,1,0,1
752616,81,1,0,1
1183328,81,1,0,1
4547752,81,1,0,1
2784840,81,1,0,1
4855816,81,1,0,1
2223352,81,1,0,1
618392,81,1,0,1
3068136,81,1,0,1
3468616,81,1,1,0
7881504,81,1,1,0
3984256,81,1,1,0
6077768,81,1,0,1
2067024,81,1,0,1
6030528,81,1,0,1
5887208,81,1,0,1
230336,81,1,1,0
5071208,81,1,1,0
1092416,81,1,1,0
3681152,81,1,1,0
1652864,81,1,0,1
2132144,81,1,1,0
3787088,81,1,1,0
4823200,81,1,1,0
225048,81,1,1,0
3083728,81,1,1,0
387912,81,1,1,0
845864,81,1,0,1
3741472,81,1,0,1
511360,81,1,1,0
1575544,81,1,0,1
6840296,81,1,1,0
688432,81,1,1,0
6298992,81,1,1,0
806064,81,1,1,0
4983424,81,1,0,1
6173104,81,1,0,1
1227872,81,1,0,1
2029208,81,1,1,0
2696568,81,1,1,0
3500544,81,1,0,1
590584,81,1,1,0
1092688,81,1,1,0
981024,81,1,1,0
1864464,81,1,1,0
2704864,81,1,0,1
1998960,81,1,1,0
323152,81,1,1,0
7088216,81,1,1,0
6499376,81,1,1,0
5720968,81,1,0,1
6397608,81,1,1,0
3906800,81,1,0,1
7511912,81,1,0,1
460312,81,1,1,0
5332384,81,1,1,0
454920,81,1,0,1
6180000,81,1,1,0
495688,81,1,1,0
6188608,81,1,1,0
155272,81,1,0,1
8159608,81,1,0,1
4944768,81,1,1,0
6886824,81,1,1,0
5903048,81,1,1,0
4947496,81,1,0,1
1555288,81,1,0,1
5437912,81,1,0,1
8156608,81,1,1,0
2482136,81,1,1,0
1488408,81,1,1,0
4023096,81,1,1,0
8121536,81,1,0,1
2065800,81,1,0,1
3678560,81,1,0,1
6138376,81,1,1,0
2759584,81,1,1,0
466656,81,1,0,1
292648,81,1,0,1
427512,81,1,1,0
5742184,81,1,0,1
6059824,81,1,1,0
5387696,81,1,1,0
1039592,81,1,1,0
388496,81,1,1,0
977416,81,1,0,1
3039704,81,1,0,1
4441008,81,1,0,1
1366736,81,1,1,0
5053424,81,1,0,1
2887024,81,1,0,1
1447240,81,1,0,1
2117264,81,1,0,1
255192,81,1,0,1
876048,81,1,1,0
2047752,81,1,1,0
2068096,81,1,1,0
554768,81,1,0,1
837688,81,1,0,1
6292448,81,1,1,0
5230144,81,1,1,0
221232,81,1,0,1
2200192,81,1,0,1
6475608,81,1,0,1
6253704,81,1,0,1
5144792,81,1,1,0
7756216,81,1,1,0
7911760,81,1,1,0
1973840,81,1,0,1
421416,81,1,0,1
974712,81,1,0,1
6805936,81,1,1,0
2076664,81,1,1,0
3634416,81,1,1,0
2714296,81,1,1,0
5545112,81,1,0,1
635072,81,1,0,1
1335208,81,1,1,0
411568,81,1,0,1
1508688,81,1,0,1
2126736,81,1,1,0
425104,81,1,0,1
852904,81,1,0,1
8019176,81,1,0,1
255616,81,1,1,0
6152784,81,1,1,0
2943568,81,1,0,1
1956464,81,1,0,1
750912,81,1,0,1
632976,81,1,0,1
2911344,81,1,1,0
1540792,81,1,1,0
3502632,81,1,0,1
1433272,81,1,1,0
1217672,81,1,0,1
812288,81,1,0,1
6868264,81,1,1,0
2104664,81,1,0,1
2700328,81,1,0,1
6419512,81,1,0,1
2325328,81,1,1,0
589232,81,1,0,1
4106512,81,1,1,0
3769552,81,1,1,0
585592,81,1,1,0
6021808,81,1,0,1
216504,81,1,1,0
1535936,81,1,1,0
1005208,81,1,0,1
555344,81,1,0,1
1862552,81,1,0,1
428936,81,1,0,1
223216,81,1,0,1
2999832,81,1,0,1
736528,81,1,1,0
808984,81,1,0,1
2159896,81,1,1,0
249072,81,1,1,0
299752,81,1,1,0
4425384,81,1,1,0
1578336,81,1,1,0
238008,81,1,0,1
450256,81,1,0,1
882624,81,1,0,1
4510112,81,1,1,0
430296,81,1,1,0
1419272,81,1,1,0
442232,81,1,1,0
7075400,81,1,1,0
2706072,81,1,0,1
1281440,81,1,1,0
7353752,81,1,0,1
8383488,81,1,0,1
1938168,81,1,0,1
2603224,81,1,1,0
1961504,81,1,0,1
2955624,81,1,1,0
832776,81,1,1,0
3681272,81,1,0,1
2356328,81,1,1,0
7564768,81,1,1,0
7370712,81,1,0,1
2568128,81,1,1,0
5988296,81,1,0,1
1466592,81,1,0,1
1761216,81,1,1,0
4473608,81,1,1,0
558200,81,1,0,1
6166392,81,1,1,0
3563808,81,1,1,0
3111216,81,1,0,1
2354472,81,1,1,0
183752,81,1,0,1
6471592,81,1,0,1
6623720,81,1,0,1
2776680,81,1,1,0
1489048,81,1,1,0
3464352,81,1,0,1
3613504,81,1,1,0
3432064,81,1,0,1
3013792,81,1,1,0
3463584,81,1,0,1
5576408,81,1,1,0
5403024,81,1,0,1
3082488,81,1,1,0
2815536,81,1,1,0
379656,81,1,0,1
2065080,81,1,1,0
4116496,81,1,1,0
591952,81,1,0,1
559584,81,1,0,1
3217168,81,1,0,1
8032816,81,1,0,1
3746072,81,1,0,1
4169208,81,1,0,1
4185784,81,1,1,0
2442888,81,1,0,1
212056,81,1,1,0
5194288,81,1,1,0
488800,81,1,1,0
983360,81,1,1,0
4313864,81,1,1,0
1262576,81,1,0,1
6254968,81,1,0,1
255560,81,1,0,1
1805928,81,1,0,1
8011544,81,1,0,1
5211472,81,1,0,1
5183392,81,1,0,1
358208,81,1,0,1
5912312,81,1,0,1
95216,81,1,0,1
354176,81,1,0,1
3604600,81,1,1,0
2118640,81,1,0,1
647208,81,1,0,1
1708256,81,1,1,0
4516104,81,1,0,1
3134496,81,1,1,0
2386464,81,1,0,1
383704,81,1,0,1
2719264,81,1,1,0
3534632,81,1,0,1
3689000,81,1,1,0
1803640,81,1,1,0
1234432,81,1,1,0
6967448,81,1,0,1
2440792,81,1,0,1
591576,81,1,1,0
923784,81,1,0,1
4490560,81,1,0,1
6442064,81,1,0,1
1168696,81,1,1,0
3656872,81,1,1,0
515472,81,1,1,0
495040,81,1,0,1
381032,81,1,0,1
1157208,81,1,0,1
308944,81,1,0,1
723992,81,1,0,1
5034144,81,1,1,0
4302232,81,1,1,0
5276808,81,1,0,1
150104,81,1,1,0
4308648,81,1,1,0
576440,81,1,1,0
4064984,81,1,1,0
4630000,81,1,1,0
3536936,81,1,0,1
1085248,81,1,1,0
7330776,81,1,0,1
1956656,81,1,1,0
3644240,81,1,1,0
4140064,81,1,1,0
967296,81,1,1,0
647736,81,1,0,1
5285256,81,1,1,0
3419536,81,1,0,1
2904320,81,1,1,0
5769640,81,1,1,0
2488624,81,1,0,1
5507392,81,1,0,1
296856,81,1,1,0
796408,81,1,0,1
6254776,81,1,0,1
4525536,81,1,1,0
166640,81,1,1,0
5830080,81,1,0,1
4821344,81,1,0,1
2907912,81,1,0,1
5723048,81,1,1,0
2105912,81,1,1,0
2170360,81,1,0,1
4308440,81,1,0,1
2518160,81,1,1,0
5163448,81,1,0,1
6170424,81,1,1,0
5700024,81,1,1,0
985344,81,1,1,0
1006352,81,1,0,1
578168,81,1,0,1
1716432,81,1,1,0
1942384,81,1,0,1
3509576,81,1,0,1
145048,81,1,0,1
1653320,81,1,0,1
6039848,81,1,1,0
1462504,81,1,1,0
612440,81,1,0,1
3448032,81,1,0,1
7554744,81,1,0,1
2863528,81,1,1,0
3263072,81,1,1,0
1543680,81,1,0,1
1189120,81,1,1,0
7754984,81,1,0,1
453696,81,1,1,0
6002008,81,1,1,0
1487200,81,1,1,0
6233480,81,1,1,0
633992,81,1,0,1
266400,81,1,1,0
918440,81,1,1,0
903752,81,1,1,0
1536912,81,1,1,0
1184272,81,1,1,0
2072536,81,1,0,1
164896,81,1,1,0
2235848,81,1,0,1
7407872,81,1,0,1
3251416,81,1,0,1
5666048,81,1,1,0
1713392,81,1,1,0
235168,81,1,1,0
81768,81,1,1,0
1392480,81,1,0,1
4385664,81,1,0,1
945792,81,1,0,1
640984,81,1,0,1
886528,81,1,1,0
3638472,81,1,1,0
8011000,81,1,1,0
6373336,81,1,0,1
3001000,81,1,0,1
8291472,81,1,0,1
4647680,81,1,0,1
5442744,81,1,1,0
1574608,81,1,1,0
770224,81,1,1,0
3901384,81,1,1,0
2170000,81,1,0,1
1611560,81,1,1,0
3031584,81,1,0,1
415816,81,1,0,1
873136,81,1,0,1
2182120,81,1,0,1
8331032,81,1,0,1
321560,81,1,1,0
4258704,81,1,1,0
2244360,81,1,1,0
2553664,81,1,0,1
1415664,81,1,0,1
1067592,81,1,0,1
910584,81,1,1,0
539176,81,1,1,0
3350536,81,1,1,0
855528,81,1,1,0
1787216,81,1,0,1
3213224,81,1,1,0
1404520,81,1,1,0
4805120,81,1,0,1
1160152,81,1,0,1
8141456,81,1,1,0
8350080,81,1,1,0
1374968,81,1,0,1
3147280,81,1,1,0
1329352,81,1,0,1
247688,81,1,1,0
4983968,81,1,0,1
657016,81,1,1,0
2721072,81,1,0,1
1004744,81,1,0,1
1325032,81,1,0,1
7922216,81,1,1,0
1084104,81,1,0,1
2424416,81,1,1,0
2797336,81,1,1,0
6237584,81,1,1,0
344184,81,1,1,0
3427944,81,1,1,0
1103408,81,1,0,1
1764512,81,1,0,1
7820880,81,1,1,0
7553040,81,1,0,1
8043808,81,1,0,1
983392,81,1,1,0
270696,81,1,1,0
7168496,81,1,1,0
884704,81,1,0,1
772128,81,1,0,1
2349760,81,1,1,0
1293240,81,1,1,0
2478248,81,1,0,1
3743472,81,1,1,0
968968,81,1,0,1
2211096,81,1,0,1
726344,81,1,0,1
2579680,81,1,0,1
319112,81,1,1,0
1361376,81,1,0,1
1054680,81,1,1,0
529720,81,1,0,1
5779040,81,1,0,1
5555240,81,1,1,0
415304,81,1,0,1
215784,81,1,1,0
4200808,81,1,0,1
1987624,81,1,0,1
2442408,81,1,1,0
2617544,81,1,0,1
6554144,81,1,0,1
420616,81,1,0,1
4199584,81,1,0,1
7731104,81,1,1,0
4612480,81,1,0,1
1742952,81,1,1,0
2602696,81,1,0,1
529504,81,1,1,0
1589624,81,1,1,0
3431672,81,1,1,0
346904,81,1,0,1
1469552,81,1,0,1
6018152,81,1,0,1
180728,81,1,1,0
3940000,81,1,1,0
1196904,81,1,0,1
4429424,81,1,1,0
5663656,81,1,0,1
8140032,81,1,1,0
557136,81,1,1,0
4387032,81,1,1,0
877880,81,1,1,0
1454552,81,1,1,0
4291336,81,1,0,1
248048,81,1,1,0
826760,81,1,0,1
675952,81,1,0,1
825088,81,1,0,1
3462608,81,1,1,0
1855272,81,1,0,1
2354296,81,1,0,1
1066568,81,1,1,0
360344,81,1,0,1
3878096,81,1,0,1
1850368,81,1,1,0
4108672,81,1,0,1
2352496,81,1,0,1
454888,81,1,1,0
2334712,81,1,1,0
1396168,81,1,1,0
990704,81,1,1,0
3937272,81,1,0,1
150072,81,1,1,0
521216,81,1,1,0
3783872,81,1,0,1
7771928,81,1,1,0
520488,81,1,0,1
5739328,81,1,1,0
8283176,81,1,1,0
984688,81,1,0,1
1924240,81,1,0,1
636360,81,1,1,0
3825640,81,1,1,0
7392280,81,1,0,1
2501760,81,1,0,1
532584,81,1,1,0
3407880,81,1,1,0
731048,81,1,0,1
2032600,81,1,0,1
731584,81,1,1,0
1645752,81,1,1,0
1078008,81,1,0,1
260808,81,1,1,0
4472080,81,1,0,1
619584,81,1,0,1
1170208,81,1,1,0
1708376,81,1,1,0
1157328,81,1,1,0
1264976,81,1,1,0
4385712,81,1,1,0
186024,81,1,1,0
3053904,81,1,0,1
1126664,81,1,0,1
864608,81,1,1,0
977240,81,1,1,0
876488,81,1,0,1
918104,81,1,0,1
2354624,81,1,1,0
5412424,81,1,1,0
1906296,81,1,0,1
2091368,81,1,0,1
3158584,81,1,0,1
8089440,81,1,1,0
2593360,81,1,1,0
1593664,81,1,0,1
1408024,81,1,1,0
3545304,81,1,0,1
493032,81,1,1,0
1968224,81,1,1,0
3029224,81,1,0,1
1460864,81,1,1,0
235296,81,1,0,1
8363000,81,1,0,1
4825008,81,1,0,1
4943344,81,1,1,0
865552,81,1,0,1
1466304,81,1,0,1
1270824,81,1,0,1
1221336,81,1,1,0
4645632,81,1,1,0
1572616,81,1,1,0
445024,81,1,1,0
541464,81,1,1,0
2672832,81,1,1,0
1347584,81,1,1,0
8007752,81,1,0,1
1083960,81,1,1,0
329728,81,1,1,0
1812152,81,1,1,0
2730232,81,1,1,0
777768,81,1,0,1
8026888,81,1,0,1
1734152,81,1,1,0
843440,81,1,0,1
3605928,81,1,1,0
1341488,81,1,0,1
754880,81,1,1,0
6562056,81,1,1,0
633920,81,1,1,0
4683728,81,1,0,1
1769472,81,1,0,1
317376,81,1,1,0
853456,81,1,1,0
250136,81,1,0,1
4951296,81,1,0,1
1161368,81,1,1,0
1028872,81,1,1,0
2970736,81,1,1,0
7496696,81,1,0,1
6642648,81,1,0,1
2438712,81,1,0,1
1804320,81,1,0,1
4899232,81,1,0,1
2823656,81,1,0,1
1448144,81,1,1,0
1168584,81,1,1,0
983600,81,1,0,1
1651408,81,1,1,0
6878088,81,1,0,1
6587440,81,1,1,0
6460416,81,1,1,0
3345400,81,1,0,1
6706416,81,1,0,1
1372552,81,1,1,0
6022416,81,1,1,0
817072,81,1,1,0
136384,81,1,0,1
875144,81,1,1,0
6660272,81,1,0,1
3380248,81,1,1,0
4499720,81,1,0,1
2849304,81,1,1,0
918208,81,1,0,1
1649640,81,1,1,0
3305608,81,1,1,0
3959968,81,1,1,0
748984,81,1,1,0
1824784,81,1,0,1
479424,81,1,0,1
2252328,81,1,1,0
6611288,81,1,0,1
238264,81,1,1,0
3095864,81,1,0,1
5469064,81,1,0,1
2663232,81,1,0,1
1496608,81,1,1,0
502104,81,1,1,0
7466584,81,1,0,1
1985200,81,1,1,0
6539800,81,1,0,1
5903656,81,1,0,1
1036096,81,1,1,0
693720,81,1,0,1
7085768,81,1,1,0
3909728,81,1,1,0
817312,81,1,0,1
5751784,81,1,0,1
3529336,81,1,1,0
1246504,81,1,1,0
4018744,81,1,0,1
210592,81,1,1,0
560536,81,1,0,1
311168,81,1,1,0
337720,81,1,1,0
1996832,81,1,1,0
840560,81,1,1,0
4255336,81,1,0,1
247848,81,1,0,1
3835976,81,1,1,0
1167560,81,1,0,1
4953768,81,1,0,1
6121312,81,1,1,0
1685056,81,1,0,1
190144,81,1,1,0
8340664,81,1,1,0
1476792,81,1,0,1
2289928,81,1,0,1
164336,81,1,1,0
952248,81,1,0,1
4005088,81,1,0,1
504896,81,1,0,1
1021296,81,1,1,0
1509408,81,1,0,1
201856,81,1,1,0
3465368,81,1,0,1
7050920,81,1,0,1
1742216,81,1,0,1
1557352,81,1,1,0
1460608,81,1,0,1
8181016,81,1,0,1
5270504,81,1,0,1
8335312,81,1,0,1
3439416,81,1,0,1
2135640,81,1,0,1
896704,81,1,0,1
6846688,81,1,1,0
2222544,81,1,0,1
3050576,81,1,0,1
7364952,81,1,0,1
4266144,81,1,0,1
461680,81,1,0,1
5328832,81,1,0,1
2540896,81,1,0,1
3826392,81,1,0,1
3528776,81,1,0,1
3294752,81,1,0,1
2362272,81,1,0,1
3337912,81,1,0,1
2641536,81,1,0,1
1657464,81,1,0,1
7879944,81,1,1,0
860280,81,1,1,0
382488,81,1,0,1
5268184,81,1,1,0
440472,81,1,0,1
3027832,81,1,1,0
5042440,81,1,0,1
572200,81,1,1,0
676824,81,1,1,0
2060128,81,1,1,0
491056,81,1,0,1
686616,81,1,1,0
2836496,81,1,1,0
5905960,81,1,1,0
2592696,81,1,0,1
360776,81,1,1,0
4178624,81,1,0,1
3075456,81,1,0,1
1749704,81,1,0,1
480592,81,1,1,0
408960,81,1,1,0
406336,81,1,0,1
2392176,81,1,1,0
424352,81,1,0,1
290040,81,1,0,1
1079480,81,1,1,0
626208,81,1,0,1
6673464,81,1,0,1
2902976,81,1,0,1
1739192,81,1,1,0
4735464,81,1,0,1
941840,81,1,0,1
775440,81,1,1,0
533152,81,1,0,1
727664,81,1,1,0
2445832,81,1,0,1
6364976,81,1,1,0
4718064,81,1,0,1
2167904,81,1,1,0
7054928,81,1,1,0
725584,81,1,1,0
3510760,81,1,1,0
169424,81,1,0,1
778088,81,1,1,0
3797536,81,1,1,0
5724144,81,1,1,0
1563648,81,1,0,1
2072192,81,1,0,1
255120,81,1,0,1
6304600,81,1,1,0
878640,81,1,1,0
2185912,81,1,0,1
1052656,81,1,1,0
360456,81,1,0,1
2160352,81,1,0,1
2799256,81,1,1,0
463008,81,1,0,1
1489232,81,1,0,1
1140960,81,1,0,1
362128,81,1,0,1
5085792,81,1,0,1
702408,81,1,1,0
433856,81,1,1,0
3838128,81,1,1,0
3179592,81,1,1,0
4268344,81,1,1,0
6911912,81,1,1,0
562960,81,1,0,1
2553296,81,1,1,0
1426320,81,1,1,0
1034024,81,1,1,0
5657208,81,1,1,0
7654856,81,1,0,1
586584,81,1,1,0
152216,81,1,1,0
194432,81,1,0,1
1623368,81,1,0,1
1585688,81,1,1,0
385000,81,1,0,1
3321792,81,1,0,1
1553432,81,1,0,1
2989568,81,1,0,1
627768,81,1,0,1
7248120,81,1,1,0
5408336,81,1,1,0
2407344,81,1,1,0
1457728,81,1,0,1
243440,81,1,0,1
2826616,81,1,0,1
8375504,81,1,1,0
5562016,81,1,1,0
8041592,81,1,0,1
3725144,81,1,0,1
474128,81,1,0,1
5234496,81,1,0,1
2407632,81,1,1,0
7704688,81,1,1,0
777160,81,1,0,1
441848,81,1,1,0
3146096,81,1,0,1
2649576,81,1,1,0
1958792,81,1,0,1
1660632,81,1,1,0
289304,81,1,1,0
567992,81,1,0,1
1546872,81,1,1,0
8041392,81,1,0,1
2668040,81,1,0,1
1414072,81,1,1,0
1756576,81,1,0,1
4760056,81,1,1,0
1717120,81,1,1,0
2307424,81,1,0,1
5035408,81,1,0,1
3287520,81,1,1,0
1530056,81,1,0,1
6009856,81,1,0,1
7069960,81,1,1,0
3961664,81,1,1,0
1353656,81,1,0,1
4200160,81,1,0,1
2142376,81,1,1,0
7075944,81,1,0,1
214224,81,1,1,0
601136,81,1,0,1
1711104,81,1,0,1
97912,81,1,1,0
366352,81,1,1,0
7518008,81,1,0,1
1939696,81,1,0,1
1680032,81,1,0,1
3337472,81,1,0,1
1335832,81,1,1,0
7695880,81,1,1,0
3025888,81,1,0,1
1492032,81,1,0,1
2525664,81,1,1,0
3113328,81,1,0,1
5069632,81,1,1,0
8360448,81,1,1,0
1816344,81,1,0,1
3465160,81,1,1,0
264296,81,1,0,1
1627936,81,1,0,1
7314400,81,1,0,1
2115848,81,1,1,0
7629800,81,1,0,1
1206784,81,1,0,1
8183368,81,1,1,0
1637928,81,1,0,1
1571632,81,1,0,1
604024,81,1,1,0
6059224,81,1,1,0
5170800,81,1,0,1
748232,81,1,0,1
7863808,81,1,1,0
4356008,81,1,1,0
432672,81,1,1,0
3529392,81,1,1,0
2071072,81,1,0,1
8247344,81,1,1,0
354920,81,1,1,0
8089224,81,1,1,0
5125456,81,1,0,1
732808,81,1,1,0
2586888,81,1,1,0
326600,81,1,0,1
3739112,81,1,0,1
6458368,81,1,0,1
4952256,81,1,1,0
1338832,81,1,1,0
734520,81,1,1,0
605416,81,1,1,0
4001680,81,1,0,1
6067160,81,1,0,1
3264912,81,1,1,0
1434128,81,1,1,0
708688,81,1,0,1
642168,81,1,1,0
2893464,81,1,1,0
7231392,81,1,0,1
958504,81,1,1,0
111920,81,1,1,0
947608,81,1,0,1
856368,81,1,1,0
3932728,81,1,0,1
5761960,81,1,1,0
1385856,81,1,1,0
2173032,81,1,0,1
302472,81,1,0,1
3140192,81,1,1,0
2634120,81,1,1,0
669232,81,1,1,0
6270776,81,1,1,0
989408,81,1,1,0
1603120,81,1,1,0
3095128,81,1,0,1
2337744,81,1,0,1
5512776,81,1,0,1
2958824,81,1,0,1
365824,81,1,1,0
7568712,81,1,1,0
325888,81,1,1,0
435432,81,1,0,1
1332672,81,1,0,1
2899256,81,1,1,0
6221536,81,1,0,1
473688,81,1,1,0
2037472,81,1,0,1
4185360,81,1,1,0
5346288,81,1,0,1
4990616,81,1,1,0
230824,81,1,1,0
1703696,81,1,0,1
3410616,81,1,0,1
2690224,81,1,0,1
4431960,81,1,1,0
5031808,81,1,1,0
1113352,81,1,1,0
1338200,81,1,1,0
738168,81,1,0,1
630048,81,1,1,0
4981512,81,1,0,1
4807176,81,1,1,0
4916984,81,1,0,1
3874632,81,1,1,0
988136,81,1,1,0
4008080,81,1,1,0
7065304,81,1,1,0
1507472,81,1,1,0
1983456,81,1,1,0
5980864,81,1,0,1
2036136,81,1,0,1
2408152,81,1,0,1
1426688,81,1,0,1
2053712,81,1,0,1
7910960,81,1,0,1
7756168,81,1,0,1
858984,81,1,0,1
7117960,81,1,0,1
3520344,81,1,0,1
1247512,81,1,1,0
3610000,81,1,1,0
6589280,81,1,1,0
4382520,81,1,0,1
2544568,81,1,1,0
1830528,81,1,1,0
1221504,81,1,1,0
8194256,81,1,0,1
3158848,81,1,0,1
8104272,81,1,1,0
3319528,81,1,1,0
7676584,81,1,1,0
2249880,81,1,1,0
3506168,81,1,0,1
996384,81,1,1,0
1967472,81,1,0,1
3421488,81,1,1,0
1616160,81,1,1,0
1524808,81,1,1,0
2708832,81,1,0,1
3549816,81,1,0,1
1220968,81,1,0,1
2658008,81,1,0,1
150456,81,1,1,0
936784,81,1,1,0
219488,81,1,1,0
3991344,81,1,0,1
3916080,81,1,1,0
1185136,81,1,0,1
7172000,81,1,1,0
1540768,81,1,0,1
2515816,81,1,1,0
699792,81,1,1,0
2782824,81,1,1,0
4069040,81,1,1,0
3552440,81,1,0,1
1362952,81,1,0,1
2383952,81,1,1,0
336360,81,1,0,1
910096,81,1,0,1
6751704,81,1,0,1
910688,81,1,0,1
1044544,81,1,0,1
2783216,81,1,0,1
746032,81,1,1,0
4915032,81,1,0,1
998016,81,1,0,1
5539552,81,1,1,0
395648,81,1,0,1
7689888,81,1,1,0
2572960,81,1,0,1
4021144,81,1,0,1
4671448,81,1,0,1
7926408,81,1,1,0
6192768,81,1,0,1
2836280,81,1,0,1
400032,81,1,0,1
8274088,81,1,0,1
6520200,81,1,0,1
1412328,81,1,1,0
1564744,81,1,1,0
7696848,81,1,1,0
187872,81,1,1,0
62952,81,1,0,1
2388408,81,1,1,0
2634800,81,1,1,0
3960040,81,1,0,1
884648,81,1,1,0
517392,81,1,1,0
2618584,81,1,0,1
1023832,81,1,0,1
937264,81,1,1,0
1030072,81,1,1,0
5889384,81,1,0,1
3851592,81,1,1,0
8148688,81,1,1,0
2747712,81,1,0,1
482296,81,1,1,0
3911208,81,1,0,1
3172176,81,1,0,1
2271264,81,1,0,1
4287816,81,1,0,1
1966632,81,1,1,0
4194184,81,1,0,1
432112,81,1,0,1
1930416,81,1,1,0
5491688,81,1,0,1
2039600,81,1,0,1
1921832,81,1,0,1
816448,81,1,1,0
6691000,81,1,1,0
1235208,81,1,1,0
666992,81,1,0,1
7698680,81,1,0,1
5161608,81,1,0,1
5495560,81,1,1,0
7037672,81,1,0,1
1159064,81,1,0,1
1353112,81,1,1,0
2458416,81,1,1,0
2937976,81,1,0,1
2672992,81,1,1,0
8361096,81,1,1,0
5092872,81,1,1,0
1365048,81,1,0,1
3059520,81,1,1,0
656888,81,1,0,1
3149952,81,1,1,0
1159640,81,1,0,1
1447680,81,1,1,0
8113672,81,1,1,0
6672344,81,1,0,1
2366832,81,1,1,0
257536,81,1,0,1
5996408,81,1,0,1
2259096,81,1,1,0
1553648,81,1,0,1
7578504,81,1,0,1
328488,81,1,0,1
6027704,81,1,0,1
7961856,81,1,0,1
382448,81,1,0,1
1188744,81,1,1,0
2512328,81,1,0,1
4580560,81,1,0,1
3333696,81,1,1,0
2705488,81,1,1,0
5907288,81,1,0,1
1617128,81,1,0,1
1606192,81,1,1,0
1450920,81,1,0,1
3426760,81,1,1,0
525144,81,1,1,0
676568,81,1,1,0
2012232,81,1,0,1
2935544,81,1,0,1
1219168,81,1,1,0
8122408,81,1,1,0
447008,81,1,1,0
2100880,81,1,0,1
470736,81,1,0,1
3766464,81,1,0,1
3260568,81,1,1,0
3341680,81,1,1,0
402320,81,1,1,0
1858968,81,1,1,0
901608,81,1,0,1
2277272,81,1,0,1
4871720,81,1,1,0
3573968,81,1,0,1
218424,81,1,0,1
331648,81,1,0,1
6769656,81,1,1,0
403144,81,1,1,0
2056480,81,1,0,1
2011248,81,1,1,0
1859336,81,1,0,1
998480,81,1,1,0
303312,81,1,1,0
5328400,81,1,0,1
6448600,81,1,0,1
8308680,81,1,1,0
1343240,81,1,0,1
392072,81,1,0,1
1525272,81,1,1,0
3571672,81,1,0,1
762400,81,1,0,1
2893736,81,1,0,1
5020640,81,1,1,0
802184,81,1,1,0
6672728,81,1,0,1
1811360,81,1,1,0
3162064,81,1,0,1
2172840,81,1,1,0
7754344,81,1,1,0
4057648,81,1,1,0
505576,81,1,1,0
2168000,81,1,0,1
2601968,81,1,1,0
4330944,81,1,0,1
5451344,81,1,1,0
972960,81,1,0,1
535304,81,1,0,1
594112,81,1,1,0
8099168,81,1,1,0
6652024,81,1,1,0
5685696,81,1,0,1
161168,81,1,0,1
3022608,81,1,1,0
1234824,81,1,0,1
3427032,81,1,0,1
7909032,81,1,1,0
4442264,81,1,1,0
4258728,81,1,0,1
1222944,81,1,0,1
7861680,81,1,0,1
6942736,81,1,0,1
3593832,81,1,0,1
1252728,81,1,1,0
7989088,81,1,0,1
778712,81,1,1,0
8287704,81,1,0,1
6706240,81,1,1,0
4883704,81,1,0,1
3511936,81,1,1,0
5537840,81,1,0,1
3301456,81,1,0,1
2842536,81,1,1,0
106048,81,1,0,1
5460312,81,1,1,0
4810008,81,1,0,1
5159632,81,1,1,0
1375136,81,1,1,0
460704,81,1,0,1
4168360,81,1,1,0
3941048,81,1,1,0
2610536,81,1,0,1
6533288,81,1,1,0
4020704,81,1,0,1
4783952,81,1,1,0
6654160,81,1,0,1
3001104,81,1,0,1
4536736,81,1,0,1
3797696,81,1,0,1
1021176,81,1,0,1
6925872,81,1,0,1
4208656,81,1,1,0
4154096,81,1,1,0
7809360,81,1,1,0
6565424,81,1,0,1
1277104,81,1,1,0
2717464,81,1,1,0
1658256,81,1,1,0
1389088,81,1,1,0
2397632,81,1,1,0
3803760,81,1,0,1
1221544,81,1,1,0
6244600,81,1,0,1
6050016,81,1,1,0
876936,81,1,1,0
4421440,81,1,1,0
3392312,81,1,0,1
2550248,81,1,0,1
3033528,81,1,0,1
1053520,81,1,0,1
6801064,81,1,1,0
6608744,81,1,0,1
1012736,81,1,1,0
5775104,81,1,1,0
6724496,81,1,0,1
4289912,81,1,0,1
2326064,81,1,1,0
1456992,81,1,1,0
273136,81,1,0,1
442968,81,1,0,1
2310560,81,1,0,1
2094328,81,1,1,0
4498304,81,1,1,0
2044928,81,1,0,1
5104336,81,1,0,1
3767160,81,1,0,1
7893216,81,1,1,0
634744,81,1,0,1
1673112,81,1,0,1
369496,81,1,1,0
4573944,81,1,0,1
3660752,81,1,0,1
2585432,81,1,1,0
2402472,81,1,0,1
1765384,81,1,0,1
1881384,81,1,0,1
1052904,81,1,0,1
6103032,81,1,0,1
4317048,81,1,0,1
593304,81,1,0,1
734304,81,1,0,1
2960080,81,1,1,0
4588432,81,1,1,0
7163176,81,1,1,0
3393280,81,1,0,1
3742080,81,1,1,0
6051168,81,1,1,0
6434344,81,1,0,1
1863744,81,1,0,1
557312,81,1,1,0
179952,81,1,0,1
4098208,81,1,1,0
5323808,81,1,0,1
3090488,81,1,1,0
1917920,81,1,0,1
3170472,81,1,0,1
3055832,81,1,0,1
488768,81,1,1,0
487448,81,1,0,1
2586840,81,1,0,1
5353424,81,1,1,0
7935664,81,1,1,0
2261064,81,1,0,1
5178872,81,1,1,0
264360,81,1,1,0
312992,81,1,0,1
4538416,81,1,1,0
2434208,81,1,1,0
2704464,81,1,1,0
1413184,81,1,1,0
6545480,81,1,0,1
7546256,81,1,1,0
8003992,81,1,1,0
2566440,81,1,0,1
1704104,81,1,1,0
718616,81,1,1,0
847016,82,1,1,0
1577032,82,1,1,0
1126360,82,1,0,1
4169872,82,1,1,0
2739136,82,1,0,1
5095984,82,1,0,1
4928592,82,1,0,1
1929952,82,1,0,1
5548992,82,1,0,1
5547392,82,1,1,0
5040584,82,1,0,1
1354256,82,1,1,0
3019512,82,1,0,1
5706792,82,1,1,0
1247680,82,1,1,0
305712,82,1,0,1
694600,82,1,1,0
6998320,82,1,0,1
821448,82,1,1,0
6879640,82,1,0,1
5388344,82,1,0,1
2318856,82,1,0,1
5887960,82,1,1,0
1315304,82,1,0,1
759920,82,1,0,1
1064440,82,1,0,1
1045928,82,1,1,0
4922824,82,1,1,0
911256,82,1,1,0
2715304,82,1,0,1
1044632,82,1,0,1
6353000,82,1,0,1
1699248,82,1,1,0
480784,82,1,1,0
6497896,82,1,0,1
1593872,82,1,1,0
8001120,82,1,0,1
1072776,82,1,1,0
5239288,82,1,0,1
4887696,82,1,1,0
4562424,82,1,1,0
2338568,82,1,0,1
7406784,82,1,0,1
1021560,82,1,1,0
8170664,82,1,1,0
7222048,82,1,1,0
1015992,82,1,0,1
5795344,82,1,0,1
2038456,82,1,1,0
639712,82,1,0,1
3030168,82,1,1,0
3596184,82,1,0,1
6931504,82,1,0,1
8306136,82,1,0,1
6924984,82,1,1,0
4601096,82,1,1,0
577752,82,1,0,1
5814416,82,1,1,0
351288,82,1,1,0
4850016,82,1,0,1
569088,82,1,0,1
6369280,82,1,0,1
1305944,82,1,1,0
1815672,82,1,1,0
1800600,82,1,0,1
7189360,82,1,0,1
4159128,82,1,1,0
6721072,82,1,0,1
5218448,82,1,0,1
2578040,82,1,0,1
2523528,82,1,1,0
1872904,82,1,1,0
1328472,82,1,1,0
765792,82,1,1,0
6093928,82,1,0,1
2644064,82,1,0,1
2737032,82,1,1,0
796600,82,1,1,0
3286296,82,1,1,0
1396616,82,1,0,1
2692088,82,1,1,0
6083456,82,1,0,1
4855736,82,1,0,1
6449880,82,1,0,1
8376496,82,1,1,0
1526360,82,1,1,0
1758544,82,1,1,0
3076528,82,1,1,0
7927664,82,1,0,1
476544,82,1,0,1
1843192,82,1,0,1
2139760,82,1,0,1
4596504,82,1,1,0
4418088,82,1,0,1
3906936,82,1,1,0
428408,82,1,0,1
2336944,82,1,1,0
360680,82,1,0,1
1312096,82,1,0,1
1822408,82,1,0,1
6500800,82,1,1,0
4460232,82,1,0,1
2801336,82,1,1,0
7442480,82,1,0,1
7840040,82,1,0,1
322400,82,1,0,1
683992,82,1,1,0
6214944,82,1,0,1
292544,82,1,0,1
665816,82,1,0,1
1386544,82,1,0,1
3130400,82,1,1,0
4775312,82,1,1,0
8242376,82,1,0,1
115240,82,1,0,1
3399456,82,1,0,1
622576,82,1,0,1
6667408,82,1,1,0
5911760,82,1,1,0
3955016,82,1,1,0
1207936,82,1,0,1
2970448,82,1,1,0
8184672,82,1,0,1
1322600,82,1,0,1
3038016,82,1,1,0
2299072,82,1,0,1
599880,82,1,0,1
1230920,82,1,0,1
3928376,82,1,1,0
4650128,82,1,1,0
411144,82,1,0,1
194976,82,1,0,1
802712,82,1,0,1
4572384,82,1,1,0
7467728,82,1,1,0
4777840,82,1,1,0
2784312,82,1,1,0
3929304,82,1,1,0
7733888,82,1,1,0
1300704,82,1,1,0
3049440,82,1,0,1
3631704,82,1,1,0
2835304,82,1,1,0
2935712,82,1,0,1
4816880,82,1,1,0
6487872,82,1,0,1
5829792,82,1,0,1
1862416,82,1,0,1
3188384,82,1,1,0
4631328,82,1,0,1
6339528,82,1,1,0
6465504,82,1,1,0
1764840,82,1,0,1
542064,82,1,1,0
6196936,82,1,1,0
1558360,82,1,0,1
3158600,82,1,1,0
2456800,82,1,1,0
2119584,82,1,1,0
623424,82,1,1,0
2164528,82,1,0,1
2424600,82,1,0,1
7639048,82,1,0,1
226120,82,1,0,1
2183176,82,1,0,1
469744,82,1,1,0
4062064,82,1,0,1
3616216,82,1,0,1
1701960,82,1,0,1
6800168,82,1,0,1
1721216,82,1,1,0
2205160,82,1,1,0
290000,82,1,0,1
835408,82,1,1,0
1060448,82,1,1,0
7207048,82,1,0,1
1641968,82,1,1,0
673992,82,1,1,0
8312824,82,1,0,1
2226792,82,1,0,1
4661408,82,1,0,1
825696,82,1,0,1
1905920,82,1,1,0
8233784,82,1,0,1
3812000,82,1,0,1
246008,82,1,1,0
139616,82,1,1,0
2161200,82,1,0,1
101976,82,1,1,0
8377320,82,1,1,0
2850272,82,1,0,1
2567480,82,1,0,1
5223424,82,1,1,0
1156552,82,1,1,0
1901144,82,1,1,0
5462024,82,1,0,1
1756928,82,1,0,1
1377896,82,1,1,0
6026840,82,1,1,0
426216,82,1,1,0
325800,82,1,0,1
8005304,82,1,1,0
1675040,82,1,1,0
1542216,82,1,1,0
2077800,82,1,1,0
944640,82,1,0,1
2730728,82,1,1,0
1087136,82,1,0,1
377536,82,1,1,0
712464,82,1,1,0
3403880,82,1,0,1
291552,82,1,0,1
969520,82,1,0,1
2694992,82,1,1,0
4444464,82,1,1,0
1421048,82,1,0,1
4282168,82,1,0,1
1867592,82,1,0,1
3346056,82,1,1,0
4316200,82,1,1,0
2557120,82,1,1,0
8109096,82,1,1,0
8225832,82,1,1,0
7697872,82,1,0,1
4036944,82,1,1,0
800688,82,1,0,1
493216,82,1,1,0
1342936,82,1,0,1
7833848,82,1,1,0
4840808,82,1,0,1
5492120,82,1,1,0
217320,82,1,1,0
1609712,82,1,1,0
4854088,82,1,1,0
7298600,82,1,0,1
4457128,82,1,0,1
1734056,82,1,0,1
2431872,82,1,1,0
5995392,82,1,1,0
7218320,82,1,0,1
435824,82,1,0,1
3017344,82,1,1,0
972184,82,1,0,1
7483568,82,1,1,0
1007048,82,1,0,1
4267528,82,1,1,0
5771648,82,1,1,0
662112,82,1,1,0
6962328,82,1,0,1
2048360,82,1,1,0
1693624,82,1,0,1
6745704,82,1,1,0
305032,82,1,0,1
284696,82,1,0,1
1806072,82,1,1,0
2021368,82,1,0,1
5279952,82,1,1,0
1820720,82,1,1,0
1147408,82,1,0,1
3175416,82,1,1,0
4908632,82,1,0,1
1502072,82,1,0,1
1025976,82,1,1,0
5200712,82,1,0,1
4405640,82,1,0,1
8121768,82,1,0,1
500712,82,1,0,1
2053400,82,1,1,0
2333256,82,1,0,1
856480,82,1,1,0
4802936,82,1,1,0
3043120,82,1,1,0
5744344,82,1,0,1
8177368,82,1,0,1
1982720,82,1,1,0
1867840,82,1,0,1
4242744,82,1,1,0
2625688,82,1,1,0
1441080,82,1,0,1
1086800,82,1,0,1
1379544,82,1,0,1
580880,82,1,0,1
2399120,82,1,1,0
229792,82,1,1,0
300656,82,1,1,0
1285856,82,1,0,1
523712,82,1,0,1
2933824,82,1,0,1
1294336,82,1,0,1
546472,82,1,0,1
810008,82,1,0,1
4576936,82,1,1,0
1191912,82,1,1,0
4318720,82,1,0,1
336472,82,1,0,1
3387256,82,1,1,0
8032536,82,1,0,1
1440480,82,1,1,0
1100464,82,1,0,1
3684272,82,1,1,0
257920,82,1,1,0
394768,82,1,1,0
7636240,82,1,1,0
6859304,82,1,1,0
722464,82,1,0,1
1941512,82,1,0,1
5893560,82,1,0,1
7738128,82,1,0,1
431720,82,1,0,1
945424,82,1,0,1
2281800,82,1,0,1
728408,82,1,0,1
1386928,82,1,1,0
4217480,82,1,0,1
2514152,82,1,1,0
1123576,82,1,1,0
368408,82,1,1,0
4290680,82,1,1,0
2208584,82,1,0,1
2444248,82,1,1,0
4527744,82,1,1,0
2317576,82,1,0,1
242672,82,1,1,0
263080,82,1,1,0
3551208,82,1,1,0
1108536,82,1,1,0
727392,82,1,1,0
2230080,82,1,0,1
4292232,82,1,0,1
1032480,82,1,0,1
1107680,82,1,1,0
683256,82,1,0,1
2321080,82,1,1,0
7976808,82,1,0,1
4741944,82,1,1,0
1236712,82,1,1,0
5598752,82,1,0,1
453784,82,1,0,1
7297712,82,1,1,0
7643888,82,1,0,1
3548424,82,1,0,1
3349920,82,1,0,1
2535288,82,1,1,0
1707920,82,1,0,1
4321168,82,1,1,0
2267736,82,1,1,0
2387568,82,1,1,0
1123720,82,1,1,0
463128,82,1,0,1
1468280,82,1,1,0
7661312,82,1,1,0
2839240,82,1,0,1
7606152,82,1,0,1
521256,82,1,1,0
5156344,82,1,0,1
1231960,82,1,0,1
461976,82,1,0,1
5633024,82,1,0,1
8105664,82,1,0,1
1672080,82,1,1,0
221784,82,1,0,1
1463224,82,1,0,1
1490176,82,1,1,0
3484888,82,1,1,0
6608344,82,1,1,0
6163736,82,1,1,0
4909520,82,1,1,0
8028544,82,1,1,0
5634560,82,1,0,1
1104472,82,1,0,1
7727824,82,1,1,0
417072,82,1,1,0
804640,82,1,0,1
1276536,82,1,0,1
4882184,82,1,1,0
6794896,82,1,0,1
8345200,82,1,1,0
767024,82,1,1,0
427832,82,1,0,1
1815208,82,1,1,0
5647840,82,1,0,1
3045768,82,1,1,0
7644320,82,1,0,1
7531624,82,1,1,0
3554456,82,1,0,1
470592,82,1,0,1
980856,82,1,0,1
7996360,82,1,0,1
5030496,82,1,1,0
2090288,82,1,0,1
375224,82,1,1,0
1220960,82,1,0,1
6807128,82,1,0,1
944128,82,1,0,1
8058824,82,1,1,0
2092160,82,1,1,0
3787672,82,1,1,0
2093592,82,1,0,1
2402176,82,1,1,0
807216,82,1,0,1
6546688,82,1,0,1
389552,82,1,0,1
4828328,82,1,0,1
4139992,82,1,0,1
2469616,82,1,1,0
7535288,82,1,1,0
6051400,82,1,1,0
4293208,82,1,1,0
6911680,82,1,0,1
551464,82,1,0,1
2834104,82,1,0,1
1278744,82,1,1,0
5666168,82,1,1,0
2846896,82,1,0,1
4215040,82,1,0,1
4793392,82,1,1,0
1272768,82,1,0,1
2215336,82,1,1,0
287736,82,1,0,1
1971176,82,1,0,1
5267136,82,1,1,0
6165056,82,1,1,0
1916424,82,1,1,0
1048344,82,1,0,1
5254824,82,1,1,0
3056488,82,1,1,0
807760,82,1,1,0
5713120,82,1,0,1
3827288,82,1,0,1
697792,82,1,0,1
706672,82,1,0,1
2326592,82,1,1,0
1078400,82,1,1,0
6263944,82,1,1,0
1537032,82,1,1,0
680584,82,1,0,1
2041080,82,1,1,0
7510848,82,1,1,0
594552,82,1,0,1
6255272,82,1,1,0
1313296,82,1,0,1
1070672,82,1,1,0
3663896,82,1,0,1
2834656,82,1,1,0
1859016,82,1,0,1
7264688,82,1,0,1
1168008,82,1,1,0
1583216,82,1,0,1
951128,82,1,0,1
977456,82,1,1,0
2153888,82,1,1,0
833320,82,1,0,1
3925912,82,1,0,1
4238720,82,1,0,1
1241480,82,1,1,0
1006968,82,1,1,0
3543976,82,1,1,0
5842776,82,1,0,1
139536,82,1,1,0
1139600,82,1,0,1
8368992,82,1,1,0
3865296,82,1,1,0
2472696,82,1,1,0
712376,82,1,1,0
2893400,82,1,1,0
1716752,82,1,0,1
426936,82,1,1,0
4342168,82,1,0,1
4391648,82,1,1,0
6888840,82,1,0,1
8323448,82,1,1,0
533536,82,1,1,0
2681832,82,1,1,0
2261624,82,1,0,1
2847568,82,1,0,1
1859448,82,1,1,0
2959312,82,1,1,0
4514872,82,1,1,0
558608,82,1,0,1
867952,82,1,0,1
237472,82,1,1,0
2541512,82,1,0,1
748456,82,1,1,0
2130712,82,1,1,0
2779856,82,1,1,0
6456264,82,1,0,1
491608,82,1,1,0
4815304,82,1,1,0
3956136,82,1,1,0
5856416,82,1,1,0
3116256,82,1,0,1
2274976,82,1,1,0
2113600,82,1,0,1
6757616,82,1,1,0
4759376,82,1,1,0
2776344,82,1,1,0
4006376,82,1,1,0
3379936,82,1,1,0
886304,82,1,1,0
4202048,82,1,1,0
654968,82,1,1,0
1735552,82,1,0,1
762240,82,1,1,0
1888160,82,1,1,0
7599056,82,1,1,0
4183560,82,1,0,1
2878272,82,1,0,1
2990248,82,1,0,1
6096840,82,1,1,0
7513152,82,1,0,1
4252992,82,1,1,0
7340728,82,1,0,1
554872,82,1,1,0
5628592,82,1,1,0
377216,82,1,0,1
8334512,82,1,0,1
112856,82,1,1,0
661864,82,1,0,1
454304,82,1,0,1
2776864,82,1,1,0
1862880,82,1,0,1
3866504,82,1,0,1
1783192,82,1,1,0
5060640,82,1,0,1
7192912,82,1,1,0
808400,82,1,0,1
1689592,82,1,0,1
413936,82,1,0,1
332000,82,1,0,1
2653976,82,1,0,1
1957376,82,1,1,0
862664,82,1,1,0
5707032,82,1,0,1
1717608,82,1,0,1
6528816,82,1,0,1
580088,82,1,0,1
2302544,82,1,0,1
4229832,82,1,1,0
773032,82,1,1,0
5172848,82,1,1,0
6174432,82,1,0,1
3234384,82,1,0,1
2370944,82,1,0,1
3923240,82,1,1,0
7690064,82,1,1,0
7316456,82,1,1,0
711760,82,1,0,1
8151952,82,1,1,0
6985704,82,1,0,1
970016,82,1,0,1
5035400,82,1,0,1
3109872,82,1,1,0
625232,82,1,0,1
473944,82,1,0,1
217904,82,1,0,1
5606024,82,1,0,1
2607248,82,1,1,0
7375576,82,1,1,0
7094960,82,1,0,1
7473160,82,1,1,0
2316360,82,1,1,0
5662616,82,1,0,1
608056,82,1,1,0
2006496,82,1,1,0
3006808,82,1,0,1
1363984,82,1,1,0
6448120,82,1,1,0
2713192,82,1,1,0
2753408,82,1,0,1
4626600,82,1,0,1
6835880,82,1,0,1
2318984,82,1,0,1
1537176,82,1,1,0
593424,82,1,1,0
3274792,82,1,1,0
867872,82,1,0,1
1443080,82,1,0,1
2334832,82,1,0,1
8309200,82,1,1,0
656152,82,1,0,1
5703472,82,1,0,1
2135272,82,1,1,0
7315056,82,1,1,0
291624,82,1,0,1
453208,82,1,0,1
684328,82,1,1,0
5420752,82,1,1,0
1716440,82,1,1,0
2280016,82,1,0,1
4989928,82,1,1,0
1274936,82,1,0,1
539016,82,1,1,0
1083448,82,1,1,0
3023240,82,1,0,1
4357256,82,1,1,0
1147712,82,1,1,0
436848,82,1,0,1
4640152,82,1,1,0
5709224,82,1,0,1
8007504,82,1,1,0
2734264,82,1,1,0
1010352,82,1,0,1
498824,82,1,0,1
870464,82,1,0,1
1043976,82,1,0,1
7827936,82,1,0,1
1776488,82,1,0,1
711608,82,1,1,0
3076952,82,1,0,1
4666920,82,1,1,0
3162232,82,1,0,1
4663136,82,1,0,1
1244064,82,1,0,1
371032,82,1,1,0
2002776,82,1,0,1
2024120,82,1,0,1
548800,82,1,0,1
3112720,82,1,0,1
1908224,82,1,0,1
2016520,82,1,0,1
1574104,82,1,0,1
3769600,82,1,1,0
1250424,82,1,0,1
4898112,82,1,0,1
5113464,82,1,1,0
1225768,82,1,1,0
4980544,82,1,0,1
2332816,82,1,0,1
281680,82,1,1,0
6272704,82,1,0,1
4842672,82,1,1,0
1328608,82,1,0,1
398048,82,1,0,1
4348664,82,1,0,1
2086528,82,1,1,0
6547904,82,1,0,1
7281080,82,1,1,0
1650376,82,1,1,0
1094312,82,1,1,0
1398472,82,1,1,0
1204552,82,1,0,1
3781984,82,1,0,1
760024,82,1,0,1
5076800,82,1,0,1
2666344,82,1,1,0
4186456,82,1,0,1
627760,82,1,0,1
2961608,82,1,0,1
1387448,82,1,1,0
6146328,82,1,0,1
4651160,82,1,1,0
1169280,82,1,1,0
4454328,82,1,1,0
1548352,82,1,1,0
4302272,82,1,0,1
6087416,82,1,1,0
1137640,82,1,1,0
4280264,82,1,1,0
8187672,82,1,1,0
1039832,82,1,0,1
593400,82,1,0,1
1095896,82,1,1,0
5715256,82,1,0,1
3006080,82,1,0,1
7053984,82,1,0,1
7002984,82,1,0,1
1770256,82,1,0,1
634032,82,1,1,0
1442208,82,1,1,0
1401912,82,1,0,1
575928,82,1,0,1
1092864,82,1,0,1
7520152,82,1,1,0
737680,82,1,0,1
250584,82,1,0,1
1115184,82,1,1,0
170592,82,1,1,0
1121600,82,1,0,1
353312,82,1,0,1
1490472,82,1,1,0
6979656,82,1,1,0
1288080,82,1,1,0
365472,82,1,0,1
2937104,82,1,0,1
3278432,82,1,0,1
1083296,82,1,0,1
1334224,82,1,0,1
3154800,82,1,1,0
1305288,82,1,0,1
1231952,82,1,0,1
1835848,82,1,0,1
2585280,82,1,0,1
2293584,82,1,0,1
7488424,82,1,1,0
8310968,82,1,0,1
1604416,82,1,0,1
8363144,82,1,0,1
5105024,82,1,1,0
803296,82,1,0,1
5614696,82,1,0,1
3560344,82,1,1,0
1120928,82,1,1,0
4659120,82,1,1,0
4501056,82,1,1,0
533424,82,1,1,0
835808,82,1,1,0
3390568,82,1,1,0
660640,82,1,1,0
4512136,82,1,1,0
4970104,82,1,0,1
4782072,82,1,0,1
6184464,82,1,1,0
6818632,82,1,0,1
4713856,82,1,0,1
1998864,82,1,0,1
634056,82,1,0,1
5430128,82,1,1,0
8015536,82,1,0,1
2659904,82,1,1,0
2771176,82,1,0,1
4608136,82,1,1,0
1651016,82,1,0,1
7564320,82,1,0,1
3820120,82,1,1,0
2127152,82,1,1,0
2894024,82,1,0,1
7869608,82,1,1,0
341432,82,1,1,0
1270264,82,1,0,1
1142440,82,1,1,0
5141048,82,1,1,0
1033552,82,1,0,1
658368,82,1,1,0
2658224,82,1,1,0
426992,82,1,1,0
471504,82,1,1,0
6417168,82,1,0,1
3363784,82,1,1,0
1866856,82,1,0,1
1379488,82,1,1,0
5904128,82,1,1,0
4090632,82,1,1,0
2063728,82,1,0,1
1817032,82,1,1,0
8048160,82,1,0,1
4254000,82,1,0,1
434496,82,1,1,0
2860216,82,1,1,0
1850944,82,1,1,0
1829240,82,1,1,0
2633736,82,1,0,1
176584,82,1,1,0
2172568,82,1,1,0
3295608,82,1,1,0
240896,82,1,0,1
7958440,82,1,1,0
8220064,82,1,0,1
953392,82,1,1,0
3623448,82,1,1,0
184504,82,1,1,0
1464504,82,1,0,1
768120,82,1,1,0
1051536,82,1,0,1
305616,82,1,1,0
1004528,82,1,0,1
2985496,82,1,0,1
4484648,82,1,0,1
765816,82,1,0,1
1701592,82,1,0,1
278072,82,1,0,1
8123136,82,1,1,0
1246240,82,1,0,1
3847312,82,1,0,1
7797272,82,1,0,1
1221568,82,1,0,1
230768,82,1,1,0
3874672,82,1,0,1
2754504,82,1,1,0
899408,82,1,1,0
309496,82,1,0,1
1920408,82,1,0,1
2193704,82,1,1,0
5174144,82,1,1,0
5191432,82,1,1,0
744584,82,1,1,0
8174248,82,1,1,0
3968088,82,1,1,0
7475768,82,1,0,1
4190280,82,1,0,1
192880,82,1,0,1
1225240,82,1,1,0
6215512,82,1,0,1
4370336,82,1,0,1
2955808,82,1,0,1
4139064,82,1,1,0
2763296,82,1,1,0
3824664,82,1,0,1
3189816,82,1,0,1
4791656,82,1,1,0
5903272,82,1,0,1
1083712,82,1,1,0
714968,82,1,0,1
4572704,82,1,0,1
1768944,82,1,1,0
2361920,82,1,1,0
5295488,82,1,1,0
7716040,82,1,0,1
1983184,82,1,0,1
5189608,82,1,1,0
5074256,82,1,1,0
2156072,82,1,1,0
4086896,82,1,1,0
1533088,82,1,0,1
569728,82,1,1,0
954552,82,1,0,1
6630016,82,1,1,0
719168,82,1,0,1
3830128,82,1,1,0
545984,82,1,0,1
6916080,82,1,1,0
669216,82,1,0,1
2214968,82,1,1,0
2648432,82,1,1,0
2142600,82,1,0,1
641848,82,1,1,0
4206584,82,1,0,1
8020128,82,1,1,0
245984,82,1,0,1
551096,82,1,1,0
3523224,82,1,1,0
1486048,82,1,1,0
6577744,82,1,1,0
3137456,82,1,1,0
1422632,82,1,0,1
2952680,82,1,0,1
845944,82,1,1,0
1456504,82,1,0,1
546952,82,1,1,0
5064016,82,1,0,1
5809048,82,1,1,0
5134968,82,1,1,0
5562272,82,1,1,0
285448,82,1,0,1
857168,82,1,1,0
712160,82,1,1,0
1795952,82,1,1,0
1020648,82,1,1,0
2633120,82,1,1,0
1024600,82,1,1,0
2822536,82,1,1,0
6297224,82,1,0,1
4771352,82,1,1,0
4892488,82,1,0,1
1156616,82,1,0,1
3257216,82,1,1,0
275208,82,1,1,0
249536,82,1,1,0
3980080,82,1,1,0
1244488,82,1,1,0
305960,82,1,0,1
2360312,82,1,1,0
561552,82,1,1,0
2024808,82,1,1,0
548256,82,1,1,0
3835128,82,1,0,1
4456176,82,1,0,1
1024952,82,1,1,0
3940800,82,1,0,1
378200,82,1,0,1
4477624,82,1,0,1
2387448,82,1,0,1
4511840,82,1,1,0
1334096,82,1,0,1
5768464,82,1,1,0
3398648,82,1,0,1
289384,82,1,0,1
321808,82,1,0,1
6853712,82,1,1,0
3457456,82,1,1,0
2501296,82,1,0,1
895600,82,1,1,0
933528,82,1,0,1
6660376,82,1,0,1
769416,82,1,0,1
2037584,82,1,1,0
4263328,82,1,1,0
1399968,82,1,1,0
6507856,82,1,0,1
1245288,82,1,0,1
236576,82,1,1,0
334864,82,1,0,1
155712,82,1,1,0
2894344,82,1,0,1
548728,82,1,0,1
577376,82,1,0,1
687992,82,1,0,1
4669136,82,1,1,0
1220832,82,1,1,0
5161312,82,1,1,0
902344,82,1,1,0
1090408,82,1,0,1
4670376,82,1,1,0
362528,82,1,0,1
3742136,82,1,1,0
647624,82,1,1,0
6766488,82,1,1,0
3464896,82,1,0,1
3303088,82,1,0,1
5181696,82,1,1,0
317672,82,1,0,1
3054264,82,1,0,1
643248,82,1,1,0
313936,82,1,0,1
709352,82,1,0,1
5602864,82,1,0,1
4626552,82,1,1,0
2631560,82,1,0,1
817208,82,1,1,0
3475824,82,1,0,1
3681456,82,1,1,0
5529176,82,1,1,0
3511048,82,1,1,0
2071592,82,1,0,1
2407080,82,1,1,0
587296,82,1,1,0
2173272,82,1,0,1
2785664,82,1,1,0
8113880,82,1,1,0
1401144,82,1,1,0
233968,82,1,0,1
6627352,82,1,0,1
463256,82,1,1,0
6419952,82,1,0,1
468968,82,1,0,1
2764320,82,1,0,1
1769304,82,1,0,1
2069024,82,1,1,0
6329504,82,1,1,0
988984,82,1,0,1
2933656,82,1,1,0
1481000,82,1,1,0
1952288,82,1,1,0
5318120,82,1,1,0
2130256,82,1,0,1
563904,82,1,0,1
704872,82,1,1,0
1082608,82,1,1,0
3944368,82,1,0,1
1079352,82,1,0,1
4629120,82,1,1,0
1739256,82,1,1,0
7168544,82,1,1,0
94128,82,1,0,1
2202752,82,1,0,1
3382704,82,1,0,1
5618056,82,1,0,1
5947264,82,1,1,0
1062872,82,1,0,1
4892792,82,1,0,1
618296,82,1,1,0
1662216,82,1,0,1
477728,82,1,1,0
1474896,82,1,0,1
1791616,82,1,0,1
4593376,82,1,0,1
726200,82,1,1,0
741000,82,1,1,0
119552,82,1,0,1
2792984,82,1,1,0
1737776,82,1,0,1
4096768,82,1,1,0
2047136,82,1,1,0
2911256,82,1,1,0
1819240,82,1,1,0
779408,82,1,0,1
1687672,82,1,1,0
600952,82,1,1,0
4445616,82,1,1,0
6136816,82,1,0,1
8039608,82,1,0,1
5596792,82,1,0,1
1303048,82,1,0,1
2068880,82,1,0,1
4375144,82,1,0,1
2080328,82,1,0,1
1899288,82,1,0,1
1817944,82,1,0,1
4626400,82,1,1,0
1663664,82,1,0,1
1387352,82,1,0,1
5964088,82,1,1,0
6696680,82,1,1,0
1127176,82,1,1,0
1317800,82,1,0,1
4257216,82,1,0,1
3862504,82,1,1,0
1332104,82,1,1,0
4645528,82,1,0,1
8269288,82,1,0,1
1796656,82,1,1,0
2585704,82,1,1,0
5806176,82,1,0,1
3288504,82,1,1,0
2319808,82,1,1,0
125936,82,1,1,0
1864976,82,1,0,1
6410248,82,1,1,0
991936,82,1,0,1
5412784,82,1,0,1
6953808,82,1,0,1
3945440,82,1,0,1
2493680,82,1,1,0
2432272,82,1,1,0
814872,82,1,0,1
3616872,82,1,1,0
1937112,82,1,1,0
1144864,82,1,0,1
7001960,82,1,1,0
1603896,82,1,1,0
4982112,82,1,0,1
1484760,82,1,0,1
498248,82,1,1,0
3163504,82,1,1,0
4517808,82,1,1,0
933712,82,1,0,1
7522224,82,1,0,1
1606216,82,1,1,0
828152,82,1,0,1
7343064,82,1,1,0
7070208,82,1,0,1
2671056,82,1,0,1
536776,82,1,0,1
5414672,82,1,1,0
1160792,82,1,1,0
3733112,82,1,1,0
664768,82,1,1,0
8246936,82,1,1,0
298904,82,1,0,1
1771784,82,1,1,0
6689936,82,1,1,0
2823120,82,1,0,1
1930952,82,1,0,1
3352192,82,1,0,1
238408,82,1,1,0
6177768,82,1,1,0
920584,82,1,0,1
3855224,82,1,0,1
4243784,82,1,1,0
401232,82,1,0,1
8371784,82,1,0,1
4529088,82,1,0,1
3100232,82,1,0,1
398736,82,1,0,1
993704,82,1,1,0
2921064,82,1,1,0
368688,82,1,0,1
1716704,82,1,0,1
1876608,82,1,1,0
572144,82,1,1,0
4322712,82,1,1,0
268632,82,1,1,0
192624,82,1,1,0
1729824,82,1,0,1
4334344,82,1,0,1
2297984,82,1,1,0
8132904,82,1,0,1
819464,82,1,0,1
5700856,82,1,0,1
3661648,82,1,1,0
4124104,82,1,1,0
5861312,82,1,1,0
1419856,82,1,0,1
1117152,82,1,1,0
4196176,82,1,1,0
1234768,82,1,0,1
3457248,82,1,1,0
5977016,82,1,1,0
859216,82,1,0,1
458872,82,1,0,1
2658392,82,1,0,1
3144456,82,1,1,0
7222160,82,1,1,0
8026072,82,1,0,1
2606328,82,1,0,1
4024696,82,1,0,1
2043256,82,1,1,0
1004592,82,1,0,1
2381184,82,1,1,0
7146192,82,1,1,0
4111584,82,1,1,0
792208,82,1,1,0
62376,82,1,1,0
409440,82,1,0,1
7992816,82,1,1,0
869816,82,1,1,0
2229056,82,1,1,0
1981344,82,1,1,0
7061568,82,1,1,0
854920,82,1,1,0
1735536,82,1,0,1
1883784,82,1,0,1
6758648,82,1,1,0
1372096,82,1,0,1
2810608,82,1,1,0
5617224,82,1,0,1
621848,82,1,1,0
600496,82,1,1,0
5028880,82,1,0,1
4440816,82,1,1,0
2372608,82,1,0,1
2659992,82,1,1,0
5809136,82,1,1,0
249008,82,1,1,0
5048928,82,1,0,1
1353888,82,1,1,0
525616,82,1,1,0
856328,82,1,1,0
1510328,82,1,0,1
1668104,82,1,1,0
6377152,82,1,1,0
3540216,82,1,0,1
5716688,82,1,0,1
7887200,82,1,1,0
6145432,82,1,0,1
3685576,82,1,0,1
5165520,82,1,0,1
4223976,82,1,1,0
1279976,82,1,0,1
4996424,82,1,1,0
2579768,82,1,1,0
1576928,82,1,1,0
7484144,82,1,0,1
1002688,82,1,0,1
2092288,82,1,0,1
2156712,82,1,0,1
5313904,82,1,0,1
1106224,82,1,1,0
1026008,82,1,1,0
2764240,82,1,0,1
860808,82,1,0,1
7472336,82,1,0,1
2971880,82,1,1,0
1132192,82,1,0,1
330096,82,1,1,0
2476520,82,1,0,1
280680,82,1,1,0
625896,82,1,0,1
156720,82,1,1,0
8026656,82,1,1,0
5802808,82,1,0,1
7167240,82,1,0,1
7393696,82,1,1,0
1101872,82,1,0,1
4752416,82,1,1,0
762088,82,1,0,1
2554168,82,1,0,1
454368,82,1,0,1
388856,82,1,0,1
1723168,82,1,0,1
376264,82,1,0,1
5454512,82,1,0,1
641616,82,1,0,1
5071240,82,1,0,1
3000416,82,1,1,0
3136592,82,1,0,1
2823280,82,1,1,0
6411400,82,1,0,1
2758056,82,1,0,1
1817832,82,1,1,0
6521464,82,1,0,1
1685576,82,1,0,1
3501048,82,1,0,1
3912456,82,1,0,1
731616,82,1,0,1
302272,82,1,0,1
2990712,82,1,1,0
1300480,82,1,1,0
160472,82,1,1,0
6790416,82,1,1,0
6140496,82,1,1,0
7969848,82,1,1,0
1617688,82,1,1,0
987256,82,1,1,0
872464,82,1,1,0
1198296,82,1,1,0
487896,82,1,1,0
3181560,82,1,1,0
6231728,82,1,1,0
1470768,82,1,0,1
2569064,82,1,0,1
2944296,82,1,1,0
5721528,82,1,1,0
1007272,82,1,1,0
4922032,82,1,0,1
1877736,82,1,1,0
1756112,82,1,0,1
940784,82,1,0,1
623112,82,1,0,1
3477128,82,1,0,1
164344,82,1,0,1
5631912,82,1,0,1
416496,82,1,0,1
1288008,82,1,1,0
740520,82,1,0,1
1844336,82,1,1,0
782112,82,1,1,0
104952,82,1,0,1
1934600,82,1,1,0
5414200,82,1,1,0
6825776,82,1,1,0
7634056,82,1,0,1
1934872,82,1,1,0
205256,82,1,0,1
1291608,82,1,1,0
5216168,82,1,1,0
8221216,82,1,1,0
2603056,82,1,1,0
7734344,82,1,0,1
604584,82,1,0,1
3055864,82,1,0,1
2124584,82,1,0,1
1162352,82,1,0,1
2751792,82,1,0,1
751600,82,1,0,1
1051648,82,1,0,1
8203584,82,1,0,1
6526512,82,1,0,1
2357408,82,1,1,0
2251416,82,1,0,1
1654288,82,1,1,0
5694464,82,1,1,0
1972504,82,1,0,1
311632,82,1,0,1
977944,82,1,1,0
1491208,82,1,1,0
3284368,82,1,0,1
6710968,82,1,1,0
4348544,82,1,0,1
702568,82,1,1,0
318984,82,1,1,0
2195864,82,1,0,1
4638024,82,1,0,1
4683760,82,1,0,1
1785864,82,1,0,1
2689616,82,1,0,1
1971232,82,1,1,0
394128,82,1,0,1
1795536,82,1,1,0
1382296,82,1,1,0
764704,82,1,1,0
5620136,82,1,0,1
2956648,82,1,1,0
7508328,82,1,0,1
6955072,82,1,0,1
4999600,82,1,1,0
1617384,82,1,0,1
2499512,82,1,0,1
1155048,82,1,1,0
3085288,82,1,1,0
6488232,82,1,0,1
7493024,82,1,0,1
828912,82,1,0,1
1411712,82,1,0,1
421776,82,1,1,0
6695392,82,1,0,1
1567712,82,1,1,0
7255480,82,1,0,1
8098592,82,1,0,1
5177160,82,1,1,0
222696,82,1,0,1
639968,82,1,0,1
1089752,82,1,0,1
596600,82,1,1,0
2305496,82,1,1,0
2244352,82,1,0,1
1772904,82,1,1,0
7408776,82,1,0,1
378104,82,1,1,0
4551552,82,1,1,0
6316104,82,1,1,0
8338000,82,1,0,1
2853544,82,1,0,1
2677208,82,1,0,1
5521376,82,1,0,1
191128,82,1,1,0
495440,82,1,1,0
1386688,82,1,1,0
1796200,82,1,0,1
7221688,82,1,1,0
413992,82,1,0,1
109080,82,1,1,0
4406816,82,1,0,1
502776,82,1,1,0
261592,82,1,0,1
2279408,82,1,1,0
4134840,82,1,1,0
310144,82,1,1,0
1069328,82,1,0,1
5605576,82,1,1,0
2392504,82,1,0,1
734744,82,1,1,0
264544,82,1,0,1
255792,82,1,1,0
709624,82,1,0,1
1217624,82,1,1,0
1616736,82,1,0,1
7456224,82,1,1,0
2218768,82,1,0,1
1253784,82,1,0,1
102528,82,1,0,1
5835400,82,1,1,0
6008104,82,1,0,1
6151888,82,1,1,0
4209520,82,1,1,0
1236440,82,1,0,1
2360032,82,1,1,0
2503816,82,1,0,1
5879152,82,1,0,1
301576,82,1,1,0
1020512,82,1,0,1
4611080,82,1,0,1
8320136,82,1,1,0
2552520,82,1,1,0
1866344,82,1,0,1
4681872,82,1,1,0
1372400,82,1,1,0
3290864,82,1,1,0
2103520,82,1,0,1
1373504,82,1,0,1
8188144,82,1,1,0
166912,82,1,1,0
1533888,82,1,1,0
1168256,82,1,1,0
4328808,82,1,1,0
2838360,82,1,0,1
1197624,82,1,1,0
756312,82,1,0,1
957136,82,1,1,0
1508504,82,1,1,0
7850408,82,1,0,1
4765528,82,1,1,0
671352,82,1,1,0
411280,82,1,1,0
2455480,82,1,1,0
460600,82,1,1,0
683056,82,1,0,1
4187112,82,1,0,1
7583304,82,1,0,1
263488,82,1,1,0
575208,82,1,1,0
4143664,82,1,1,0
2569184,82,1,1,0
2299088,82,1,1,0
3678824,82,1,1,0
6086032,82,1,0,1
1567672,82,1,1,0
688320,82,1,1,0
1360856,82,1,0,1
1984872,82,1,1,0
6353432,82,1,1,0
982120,82,1,1,0
7183992,82,1,0,1
3966984,82,1,1,0
3224304,82,1,0,1
6302504,82,1,1,0
8384920,82,1,0,1
306576,82,1,0,1
3481848,82,1,1,0
4829696,82,1,0,1
1873144,82,1,1,0
349208,82,1,0,1
1958368,82,1,0,1
8246712,82,1,1,0
514640,82,1,1,0
1385048,82,1,1,0
970208,82,1,0,1
3460968,82,1,1,0
317752,82,1,0,1
2413320,82,1,1,0
1101736,82,1,0,1
5951504,82,1,1,0
330264,82,1,1,0
1523344,82,1,0,1
446376,82,1,0,1
4665520,82,1,1,0
4355136,82,1,1,0
5199704,82,1,1,0
327992,82,1,0,1
6469904,82,1,0,1
838576,82,1,1,0
1417504,82,1,0,1
2350664,82,1,1,0
1150224,82,1,1,0
2638152,82,1,0,1
1622544,82,1,1,0
6916568,82,1,0,1
2726792,82,1,1,0
4682368,82,1,1,0
2450912,82,1,1,0
258656,82,1,0,1
1238792,82,1,1,0
3620968,82,1,1,0
3213640,82,1,0,1
1441136,82,1,0,1
2813024,82,1,0,1
5426152,82,1,1,0
7678248,82,1,0,1
1872800,82,1,0,1
4977312,82,1,0,1
5444800,82,1,0,1
1163976,82,1,0,1
1676064,82,1,1,0
2970768,82,1,1,0
4182272,82,1,0,1
2260064,82,1,0,1
5580984,82,1,1,0
1608512,82,1,0,1
3872584,82,1,1,0
5259616,82,1,1,0
7234208,82,1,0,1
2697576,82,1,0,1
731912,82,1,0,1
1209920,82,1,0,1
955792,82,1,1,0
925048,82,1,0,1
5664784,82,1,0,1
2478864,82,1,0,1
7942240,82,1,0,1
5724280,82,1,1,0
3387656,82,1,0,1
3835920,82,1,0,1
5533296,82,1,1,0
711144,82,1,1,0
5928512,82,1,1,0
1641848,82,1,1,0
145000,82,1,1,0
1913088,82,1,1,0
1955024,82,1,0,1
2204512,82,1,1,0
5377368,82,1,0,1
1737520,82,1,1,0
1904544,82,1,1,0
1114440,82,1,0,1
827336,82,1,1,0
3655928,82,1,0,1
165080,82,1,0,1
1357352,82,1,0,1
6415600,82,1,0,1
2206264,82,1,0,1
1136696,82,1,1,0
725728,82,1,0,1
3460568,82,1,1,0
7275880,82,1,1,0
5577160,82,1,0,1
3469784,82,1,0,1
211464,82,1,0,1
6805520,82,1,0,1
396152,82,1,1,0
1892416,82,1,1,0
4907960,82,1,0,1
3268848,82,1,1,0
6535280,82,1,1,0
655592,82,1,1,0
5625088,82,1,0,1
4734360,82,1,0,1
5939032,82,1,0,1
1336640,82,1,1,0
1781296,82,1,0,1
7019720,82,1,0,1
1409120,82,1,1,0
6825888,82,1,1,0
7316248,82,1,1,0
3102280,82,1,0,1
483800,82,1,1,0
7544136,82,1,1,0
2998048,82,1,0,1
297264,82,1,1,0
4223208,82,1,1,0
7962984,82,1,1,0
1407512,82,1,0,1
2668520,82,1,1,0
387568,82,1,0,1
1465008,82,1,1,0
163840,82,1,0,1
389752,82,1,1,0
907240,82,1,1,0
6880280,82,1,1,0
880560,82,1,0,1
2339936,82,1,1,0
5909016,82,1,0,1
2719560,82,1,1,0
1066200,82,1,0,1
2793328,82,1,0,1
537768,82,1,0,1
7169352,82,1,1,0
1855192,82,1,1,0
2724624,82,1,0,1
7955336,82,1,1,0
909784,82,1,1,0
805328,82,1,0,1
5632200,82,1,0,1
1832488,82,1,0,1
865968,82,1,1,0
486016,82,1,0,1
7616416,82,1,1,0
6345800,82,1,0,1
728256,82,1,0,1
2161368,82,1,1,0
1430168,82,1,0,1
3181552,82,1,0,1
1112840,82,1,0,1
5514064,82,1,1,0
3111632,82,1,1,0
432088,82,1,1,0
277896,82,1,0,1
7556504,82,1,0,1
5583872,82,1,1,0
1733752,82,1,1,0
1190464,82,1,0,1
1555696,82,1,0,1
3582128,82,1,1,0
4053824,82,1,0,1
5298408,82,1,0,1
1373784,82,1,0,1
7873080,82,1,1,0
524088,82,1,1,0
6892864,82,1,0,1
1350072,82,1,1,0
416176,82,1,1,0
1167920,82,1,0,1
7363920,82,1,1,0
4668832,82,1,0,1
2132104,82,1,1,0
548272,82,1,1,0
2849896,82,1,0,1
966352,82,1,1,0
357280,82,1,1,0
6255736,82,1,1,0
813712,82,1,0,1
2747784,82,1,1,0
1214264,82,1,1,0
699704,82,1,0,1
5266184,82,1,0,1
3088176,82,1,1,0
675208,82,1,0,1
764824,82,1,0,1
1145864,82,1,0,1
359984,82,1,0,1
1548968,82,1,1,0
2443384,82,1,1,0
1065640,82,1,0,1
2056224,82,1,1,0
1747120,82,1,0,1
130240,82,1,0,1
7777408,82,1,1,0
1793904,82,1,1,0
2658728,82,1,0,1
7074216,82,1,0,1
2953152,82,1,1,0
829456,82,1,0,1
3356056,82,1,0,1
5798256,82,1,1,0
5867944,82,1,1,0
910472,82,1,1,0
1002072,82,1,0,1
6065200,82,1,0,1
1121648,82,1,0,1
6139368,82,1,1,0
94256,82,1,0,1
5011568,82,1,0,1
315952,82,1,1,0
338632,82,1,1,0
1660648,82,1,0,1
1881880,82,1,1,0
752808,82,1,1,0
2694464,82,1,0,1
187312,82,1,0,1
2026384,82,1,1,0
2599048,82,1,1,0
649488,82,1,0,1
2822216,82,1,0,1
3455784,82,1,0,1
947752,82,1,1,0
919704,82,1,1,0
4503608,82,1,1,0
1275728,82,1,1,0
148384,82,1,0,1
5129928,82,1,1,0
363464,82,1,1,0
7633648,82,1,1,0
7379600,82,1,1,0
1533496,82,1,0,1
1536752,82,1,1,0
1248176,82,1,0,1
1722984,82,1,1,0
6423176,82,1,0,1
1509360,82,1,1,0
7142408,82,1,0,1
6051488,82,1,1,0
1578232,82,1,1,0
1478232,82,1,1,0
1748368,82,1,1,0
240496,82,1,0,1
6035296,82,1,1,0
7940616,82,1,1,0
2557632,82,1,1,0
7822368,82,1,1,0
2502672,82,1,1,0
501600,82,1,1,0
2746360,82,1,1,0
3006184,82,1,1,0
4814248,82,1,0,1
2398224,82,1,0,1
8328480,82,1,1,0
6002680,82,1,0,1
3165928,82,1,0,1
6546696,82,1,1,0
3995048,82,1,1,0
714840,82,1,1,0
1679336,82,1,1,0
4799008,82,1,1,0
838400,82,1,0,1
7990352,82,1,1,0
2456096,82,1,0,1
3236544,82,1,0,1
1621184,82,1,0,1
7816072,82,1,1,0
5153544,82,1,0,1
3464008,82,1,1,0
611536,82,1,1,0
4887512,82,1,1,0
231672,82,1,1,0
476800,82,1,0,1
3268248,82,1,0,1
7407800,82,1,0,1
1055248,82,1,0,1
6272368,82,1,0,1
2602152,82,1,0,1
1416992,82,1,1,0
4000776,82,1,0,1
607640,82,1,0,1
227640,82,1,1,0
372704,82,1,0,1
3131936,82,1,1,0
6793208,82,1,1,0
6347016,82,1,0,1
8149080,82,1,0,1
4269008,82,1,1,0
3127712,82,1,1,0
1611608,82,1,0,1
4265848,82,1,0,1
8272424,82,1,0,1
8250288,82,1,0,1
4841464,82,1,1,0
2694496,82,1,0,1
7332496,82,1,0,1
367440,82,1,1,0
4368872,82,1,1,0
4309088,82,1,0,1
1881016,82,1,1,0
2149192,82,1,1,0
3480792,82,1,0,1
3383632,82,1,0,1
1670320,82,1,1,0
434840,82,1,1,0
1100912,82,1,1,0
1061944,82,1,1,0
578632,82,1,0,1
1625536,82,1,0,1
213568,82,1,1,0
8188480,82,1,1,0
6914136,82,1,0,1
5869264,82,1,1,0
4824408,82,1,1,0
804336,82,1,1,0
4797840,82,1,1,0
6291448,82,1,0,1
7425048,82,1,0,1
7302240,82,1,0,1
1131768,82,1,1,0
1009624,82,1,0,1
3580112,82,1,0,1
745368,82,1,0,1
2711200,82,1,1,0
1363392,82,1,1,0
1771736,82,1,0,1
1076384,82,1,1,0
6424600,82,1,1,0
544592,82,1,1,0
2621568,82,1,0,1
2053016,82,1,0,1
1442416,82,1,1,0
4932560,82,1,1,0
2407088,82,1,0,1
1567160,82,1,1,0
634824,82,1,0,1
7613392,82,1,0,1
927672,82,1,1,0
1150088,82,1,0,1
2628240,82,1,1,0
2986424,82,1,0,1
6953952,82,1,1,0
6821792,82,1,1,0
5366712,82,1,1,0
3287440,82,1,0,1
2895768,82,1,0,1
4196632,82,1,1,0
2937352,82,1,1,0
7248712,82,1,1,0
2849456,82,1,1,0
3981064,82,1,0,1
5930280,82,1,1,0
473024,82,1,0,1
271656,82,1,1,0
2617704,82,1,0,1
2080984,82,1,1,0
3043528,82,1,0,1
1888232,82,1,0,1
4853256,82,1,0,1
3621840,82,1,1,0
590736,82,1,1,0
6597264,82,1,0,1
1017192,82,1,0,1
2228368,82,1,1,0
357408,82,1,1,0
2642536,82,1,0,1
8254728,82,1,1,0
6305240,82,1,1,0
1077536,82,1,1,0
4718152,82,1,0,1
2224568,82,1,0,1
1040840,82,1,1,0
2465392,82,1,0,1
5641704,82,1,0,1
399128,82,1,1,0
3706472,82,1,1,0
7757672,82,1,0,1
3962296,82,1,1,0
5851800,82,1,1,0
4801848,82,1,0,1
3751776,82,1,0,1
141360,82,1,1,0
2396160,82,1,0,1
1034384,82,1,0,1
743736,82,1,0,1
2572464,82,1,1,0
863488,82,1,0,1
3774952,82,1,1,0
2250240,82,1,1,0
3213960,82,1,0,1
773520,82,1,1,0
2086728,82,1,0,1
4456512,82,1,0,1
203816,82,1,0,1
322632,82,1,0,1
854984,82,1,1,0
342328,82,1,0,1
1138984,82,1,1,0
500480,82,1,0,1
273992,82,1,1,0
2061520,82,1,0,1
3679272,82,1,1,0
5039104,82,1,0,1
1636912,82,1,0,1
3568272,82,1,1,0
7763640,82,1,1,0
4332784,82,1,0,1
1150040,82,1,0,1
4893624,82,1,0,1
253744,82,1,0,1
7181560,82,1,1,0
3971976,82,1,0,1
3439784,82,1,1,0
154936,82,1,0,1
3049696,82,1,0,1
4796552,82,1,1,0
659280,82,1,1,0
4733720,82,1,1,0
6854680,82,1,0,1
599208,82,1,1,0
675440,82,1,1,0
7773848,82,1,1,0
1974424,82,1,0,1
2188264,82,1,0,1
1286968,82,1,1,0
2326576,82,1,1,0
5307776,82,1,1,0
370088,82,1,1,0
7402480,82,1,1,0
3503528,82,1,1,0
5349944,82,1,0,1
2461976,82,1,1,0
916120,82,1,1,0
2459512,82,1,0,1
1022792,82,1,0,1
433248,82,1,0,1
2374488,82,1,1,0
1087368,82,1,1,0
2596912,82,1,0,1
7809792,82,1,1,0
985040,82,1,1,0
1676040,82,1,1,0
2885296,82,1,1,0
280136,82,1,1,0
2877416,82,1,1,0
584744,82,1,1,0
1348832,82,1,1,0
4367352,82,1,0,1
5399120,82,1,0,1
881992,82,1,0,1
780416,82,1,1,0
2471280,82,1,0,1
4664328,82,1,0,1
5946960,82,1,1,0
7602880,82,1,1,0
6278768,82,1,1,0
5812816,82,1,0,1
5164480,82,1,0,1
2010320,82,1,1,0
2868336,82,1,1,0
2933600,82,1,0,1
809864,82,1,1,0
1696952,82,1,0,1
1603840,82,1,0,1
2951032,82,1,1,0
4741008,82,1,1,0
892936,82,1,1,0
314232,82,1,0,1
4286632,82,1,0,1
2218992,82,1,0,1
1687880,82,1,0,1
1896016,82,1,0,1
3110872,82,1,0,1
5204712,82,1,0,1
433536,82,1,0,1
2129896,82,1,0,1
2699680,82,1,0,1
2779160,82,1,1,0
3860312,82,1,0,1
2105728,82,1,0,1
442248,82,1,0,1
5419224,82,1,0,1
2373992,82,1,0,1
138704,82,1,0,1
5822808,82,1,1,0
325856,82,1,0,1
215344,82,1,1,0
5023768,82,1,0,1
7016600,82,1,1,0
728968,82,1,0,1
3866696,82,1,1,0
1451728,82,1,0,1
1590016,82,1,1,0
1388816,82,1,0,1
995240,82,1,1,0
1687120,82,1,0,1
1662064,82,1,0,1
6002568,82,1,1,0
6990312,82,1,0,1
296976,82,1,1,0
6711320,82,1,0,1
3089728,82,1,1,0
945016,82,1,1,0
1059640,82,1,0,1
2281656,82,1,1,0
531272,82,1,0,1
1072248,82,1,0,1
6564008,82,1,0,1
3568080,82,1,0,1
1465088,82,1,0,1
1487520,82,1,0,1
5904040,82,1,1,0
983376,82,1,0,1
2832720,82,1,0,1
5536888,82,1,1,0
612584,82,1,0,1
6377224,82,1,1,0
531016,82,1,1,0
1857192,82,1,0,1
2055904,82,1,1,0
6895440,82,1,1,0
1662696,82,1,1,0
5613360,82,1,1,0
1622424,82,1,1,0
2746968,82,1,0,1
2838760,82,1,1,0
2136536,82,1,0,1
7204624,82,1,1,0
4300104,82,1,0,1
1686064,82,1,0,1
1281032,82,1,0,1
3571384,82,1,1,0
1050528,82,1,0,1
3343512,82,1,0,1
5937248,82,1,0,1
348240,82,1,1,0
2173024,82,1,0,1
524480,82,1,0,1
212680,82,1,1,0
2471584,82,1,1,0
617600,82,1,0,1
8293224,83,1,0,1
3199176,83,1,0,1
6266080,83,1,0,1
577776,83,1,0,1
2281160,83,1,1,0
5581872,83,1,1,0
6663856,83,1,1,0
6223544,83,1,0,1
8127768,83,1,0,1
875880,83,1,1,0
735040,83,1,1,0
2687816,83,1,1,0
4247296,83,1,0,1
279592,83,1,1,0
263448,83,1,0,1
4477664,83,1,0,1
294800,83,1,1,0
1824264,83,1,1,0
334568,83,1,1,0
3578008,83,1,1,0
562800,83,1,1,0
1300544,83,1,0,1
651456,83,1,1,0
281200,83,1,0,1
2108256,83,1,0,1
6756144,83,1,1,0
437576,83,1,0,1
2680504,83,1,1,0
4385312,83,1,1,0
112448,83,1,1,0
568448,83,1,1,0
637952,83,1,0,1
1187000,83,1,0,1
3615336,83,1,0,1
3624208,83,1,1,0
1796872,83,1,0,1
1012496,83,1,0,1
6190688,83,1,0,1
3403728,83,1,0,1
572160,83,1,0,1
7807672,83,1,1,0
1223976,83,1,1,0
1098400,83,1,0,1
6670904,83,1,1,0
1270448,83,1,0,1
2390464,83,1,0,1
1597136,83,1,0,1
4335688,83,1,0,1
1566904,83,1,0,1
5869112,83,1,0,1
6910344,83,1,0,1
1898232,83,1,1,0
5862800,83,1,0,1
1848568,83,1,0,1
1186176,83,1,0,1
200224,83,1,0,1
2323256,83,1,0,1
1250992,83,1,0,1
1799112,83,1,0,1
5712448,83,1,1,0
3183152,83,1,0,1
1452840,83,1,0,1
2635760,83,1,1,0
7640512,83,1,1,0
4400864,83,1,0,1
1154352,83,1,1,0
460288,83,1,0,1
862208,83,1,0,1
1586480,83,1,1,0
7869104,83,1,0,1
6762944,83,1,1,0
7025904,83,1,1,0
647448,83,1,0,1
872744,83,1,1,0
310448,83,1,0,1
7195576,83,1,0,1
1163136,83,1,0,1
1576152,83,1,0,1
5719344,83,1,0,1
1721592,83,1,1,0
871808,83,1,0,1
1940136,83,1,1,0
534400,83,1,1,0
8062376,83,1,1,0
2904448,83,1,1,0
1672440,83,1,1,0
5251952,83,1,0,1
2433824,83,1,1,0
1622240,83,1,0,1
4099216,83,1,1,0
468688,83,1,0,1
7511272,83,1,0,1
2117440,83,1,0,1
3805656,83,1,0,1
3565776,83,1,0,1
260136,83,1,1,0
2740552,83,1,1,0
6761448,83,1,1,0
4565280,83,1,1,0
6188136,83,1,1,0
2319120,83,1,0,1
2649520,83,1,1,0
1657264,83,1,0,1
1413304,83,1,1,0
4724568,83,1,0,1
1232464,83,1,1,0
2815208,83,1,1,0
809464,83,1,0,1
626896,83,1,1,0
1511360,83,1,0,1
3813416,83,1,0,1
6470352,83,1,1,0
3764440,83,1,0,1
1334312,83,1,1,0
134880,83,1,1,0
87104,83,1,0,1
294184,83,1,1,0
1788784,83,1,1,0
4364600,83,1,1,0
4653576,83,1,1,0
700200,83,1,1,0
1758080,83,1,1,0
8164336,83,1,1,0
7742584,83,1,0,1
4023552,83,1,1,0
1397080,83,1,0,1
3913584,83,1,0,1
7936648,83,1,0,1
5795808,83,1,0,1
981632,83,1,1,0
1080296,83,1,1,0
7527264,83,1,0,1
5673848,83,1,0,1
3620888,83,1,0,1
4670648,83,1,0,1
7701752,83,1,0,1
5513480,83,1,0,1
2028440,83,1,0,1
1728712,83,1,1,0
473064,83,1,1,0
1011144,83,1,0,1
2310952,83,1,0,1
1870816,83,1,1,0
4229656,83,1,1,0
2513240,83,1,0,1
6962096,83,1,1,0
7835480,83,1,1,0
8041544,83,1,1,0
1026792,83,1,0,1
313968,83,1,0,1
2523848,83,1,0,1
5261936,83,1,1,0
2244256,83,1,0,1
3991272,83,1,0,1
3450016,83,1,1,0
478832,83,1,0,1
4371584,83,1,0,1
1433568,83,1,1,0
351008,83,1,0,1
507224,83,1,0,1
353152,83,1,1,0
2056400,83,1,0,1
2579568,83,1,0,1
8259128,83,1,1,0
611824,83,1,0,1
313312,83,1,1,0
6734224,83,1,1,0
1455144,83,1,0,1
2793336,83,1,0,1
4851136,83,1,1,0
2435992,83,1,1,0
2632216,83,1,0,1
1647456,83,1,1,0
2259072,83,1,0,1
2075096,83,1,1,0
790752,83,1,1,0
774016,83,1,1,0
8169024,83,1,1,0
3755248,83,1,1,0
1047488,83,1,0,1
1045152,83,1,1,0
1012728,83,1,0,1
3514200,83,1,1,0
1878152,83,1,0,1
876952,83,1,0,1
1238616,83,1,0,1
2230344,83,1,0,1
7431464,83,1,1,0
1756344,83,1,0,1
704312,83,1,1,0
699824,83,1,1,0
235648,83,1,0,1
2143280,83,1,0,1
6483560,83,1,1,0
6182616,83,1,1,0
2179496,83,1,1,0
5514448,83,1,0,1
2641192,83,1,0,1
884848,83,1,0,1
297896,83,1,0,1
1035728,83,1,0,1
5455712,83,1,0,1
2298352,83,1,1,0
2818952,83,1,1,0
1604912,83,1,0,1
6829784,83,1,1,0
6741392,83,1,0,1
4108240,83,1,1,0
808496,83,1,0,1
4068408,83,1,1,0
2157112,83,1,0,1
1309400,83,1,1,0
3017712,83,1,1,0
8264312,83,1,1,0
2830424,83,1,1,0
673736,83,1,1,0
284512,83,1,1,0
3174120,83,1,1,0
4773080,83,1,0,1
1663648,83,1,1,0
2284880,83,1,1,0
1264160,83,1,0,1
1172736,83,1,1,0
1233920,83,1,0,1
3409880,83,1,0,1
5380624,83,1,1,0
1995288,83,1,0,1
923072,83,1,0,1
1348120,83,1,1,0
2515520,83,1,0,1
2020168,83,1,0,1
7250144,83,1,0,1
585128,83,1,1,0
2333688,83,1,0,1
1622944,83,1,1,0
4213600,83,1,0,1
516648,83,1,1,0
2914944,83,1,0,1
7625008,83,1,0,1
2822896,83,1,1,0
1933360,83,1,1,0
1288704,83,1,0,1
1454472,83,1,0,1
799432,83,1,1,0
1662608,83,1,1,0
1047296,83,1,0,1
709520,83,1,0,1
5809024,83,1,1,0
2644992,83,1,0,1
2276416,83,1,1,0
586016,83,1,0,1
5822096,83,1,0,1
1890832,83,1,1,0
834672,83,1,1,0
3516104,83,1,1,0
3782432,83,1,1,0
6114416,83,1,0,1
3168560,83,1,0,1
311616,83,1,0,1
5611384,83,1,0,1
8200384,83,1,1,0
2977048,83,1,1,0
3230880,83,1,0,1
1138520,83,1,1,0
7282736,83,1,1,0
5564616,83,1,0,1
6673024,83,1,0,1
833736,83,1,1,0
1305088,83,1,1,0
3936736,83,1,0,1
6739992,83,1,0,1
5193576,83,1,1,0
1806320,83,1,1,0
2598216,83,1,1,0
261880,83,1,1,0
268960,83,1,1,0
1590920,83,1,0,1
1092176,83,1,1,0
6682360,83,1,0,1
5705616,83,1,0,1
7780232,83,1,1,0
1798248,83,1,0,1
4155984,83,1,1,0
1191264,83,1,0,1
1409552,83,1,0,1
7734856,83,1,1,0
5760128,83,1,1,0
726144,83,1,0,1
2973808,83,1,1,0
1392336,83,1,1,0
955992,83,1,1,0
555464,83,1,1,0
1753136,83,1,1,0
7492504,83,1,0,1
561248,83,1,0,1
2836904,83,1,0,1
6004680,83,1,0,1
1351200,83,1,1,0
4852808,83,1,0,1
1282120,83,1,1,0
1838088,83,1,1,0
423080,83,1,1,0
5987184,83,1,0,1
430784,83,1,0,1
7534592,83,1,1,0
2263976,83,1,1,0
853968,83,1,0,1
477760,83,1,1,0
4323488,83,1,1,0
276008,83,1,1,0
767472,83,1,0,1
1726704,83,1,1,0
1935480,83,1,0,1
218264,83,1,1,0
153144,83,1,1,0
2305064,83,1,1,0
2112592,83,1,0,1
515608,83,1,1,0
477928,83,1,0,1
1417664,83,1,1,0
1340560,83,1,1,0
1806040,83,1,0,1
1153872,83,1,0,1
2791512,83,1,1,0
565640,83,1,1,0
7877832,83,1,1,0
5782144,83,1,0,1
1523040,83,1,0,1
3708904,83,1,1,0
5444176,83,1,0,1
6990536,83,1,1,0
4833208,83,1,0,1
2505576,83,1,1,0
2682936,83,1,0,1
7697976,83,1,1,0
6764488,83,1,0,1
4875208,83,1,1,0
3933928,83,1,0,1
571136,83,1,0,1
1589632,83,1,0,1
7451552,83,1,0,1
1587016,83,1,1,0
2418248,83,1,1,0
4615352,83,1,1,0
1303264,83,1,1,0
6684040,83,1,1,0
1834416,83,1,0,1
3168240,83,1,1,0
900736,83,1,1,0
5911496,83,1,1,0
667736,83,1,1,0
4620320,83,1,0,1
8057104,83,1,1,0
1251384,83,1,0,1
270072,83,1,0,1
3731736,83,1,0,1
1729400,83,1,0,1
3179152,83,1,0,1
2884176,83,1,1,0
6161856,83,1,0,1
2541408,83,1,0,1
2912256,83,1,1,0
7413200,83,1,1,0
1040584,83,1,0,1
6771544,83,1,0,1
780848,83,1,0,1
4097344,83,1,1,0
2211408,83,1,0,1
2247232,83,1,0,1
720336,83,1,0,1
6950568,83,1,0,1
4358288,83,1,0,1
7918264,83,1,0,1
1247920,83,1,0,1
4393456,83,1,0,1
1294944,83,1,0,1
1729592,83,1,0,1
452760,83,1,1,0
4830816,83,1,1,0
1091808,83,1,1,0
761400,83,1,0,1
4044712,83,1,1,0
2043656,83,1,1,0
1868584,83,1,0,1
4892592,83,1,0,1
4478408,83,1,1,0
2606424,83,1,0,1
4293032,83,1,0,1
1006856,83,1,1,0
328480,83,1,1,0
5099552,83,1,1,0
5369736,83,1,0,1
8049544,83,1,1,0
519552,83,1,1,0
7623136,83,1,1,0
1296328,83,1,1,0
3810000,83,1,1,0
4289352,83,1,0,1
870952,83,1,0,1
7366704,83,1,1,0
7920200,83,1,0,1
335056,83,1,0,1
1137664,83,1,0,1
860992,83,1,0,1
2075568,83,1,0,1
7851872,83,1,0,1
1462608,83,1,1,0
153008,83,1,1,0
467528,83,1,0,1
7255752,83,1,0,1
1164960,83,1,0,1
2394272,83,1,0,1
1108912,83,1,1,0
767560,83,1,1,0
1098240,83,1,0,1
2241648,83,1,1,0
3965440,83,1,1,0
1268824,83,1,0,1
6446216,83,1,1,0
744168,83,1,0,1
1578280,83,1,0,1
6664088,83,1,0,1
1767472,83,1,1,0
457352,83,1,1,0
306424,83,1,1,0
1450064,83,1,0,1
2473632,83,1,1,0
4296304,83,1,1,0
4013248,83,1,1,0
5655640,83,1,1,0
3617280,83,1,1,0
4344792,83,1,1,0
6932448,83,1,1,0
4936816,83,1,0,1
7846120,83,1,0,1
7434216,83,1,0,1
754712,83,1,0,1
1566936,83,1,0,1
4489528,83,1,0,1
5942128,83,1,1,0
7197296,83,1,1,0
4633888,83,1,1,0
1575984,83,1,0,1
6040768,83,1,1,0
1568304,83,1,0,1
2112792,83,1,0,1
1108768,83,1,0,1
1188248,83,1,0,1
7559328,83,1,1,0
3424528,83,1,0,1
4274024,83,1,0,1
2968056,83,1,1,0
4580152,83,1,1,0
2313496,83,1,1,0
741008,83,1,0,1
2504120,83,1,1,0
4001784,83,1,0,1
2322352,83,1,1,0
5897048,83,1,0,1
1680808,83,1,0,1
455000,83,1,1,0
701312,83,1,0,1
128960,83,1,0,1
1068864,83,1,0,1
1398352,83,1,1,0
1499568,83,1,0,1
529136,83,1,0,1
427152,83,1,0,1
1816192,83,1,1,0
6024176,83,1,1,0
5438224,83,1,0,1
220176,83,1,1,0
7046616,83,1,0,1
6043376,83,1,1,0
701488,83,1,1,0
5867576,83,1,1,0
1195848,83,1,0,1
2363096,83,1,0,1
3572576,83,1,0,1
1020080,83,1,1,0
3652976,83,1,1,0
2770536,83,1,1,0
1400008,83,1,1,0
2503384,83,1,0,1
2537208,83,1,1,0
3240016,83,1,0,1
61168,83,1,0,1
3584832,83,1,0,1
2391192,83,1,0,1
168368,83,1,0,1
7884792,83,1,0,1
2059872,83,1,1,0
3604616,83,1,0,1
2419144,83,1,1,0
6902704,83,1,1,0
3461616,83,1,0,1
2052416,83,1,0,1
3360664,83,1,1,0
1578944,83,1,0,1
124568,83,1,0,1
458336,83,1,0,1
738272,83,1,1,0
389208,83,1,0,1
1391232,83,1,1,0
1537584,83,1,0,1
155904,83,1,1,0
1009648,83,1,1,0
2666584,83,1,1,0
665856,83,1,1,0
1130144,83,1,1,0
2216992,83,1,1,0
868008,83,1,0,1
3577696,83,1,1,0
815784,83,1,1,0
716848,83,1,0,1
5321976,83,1,0,1
1036360,83,1,0,1
1794128,83,1,0,1
491224,83,1,0,1
1096256,83,1,1,0
1077624,83,1,0,1
480560,83,1,0,1
7394208,83,1,1,0
3688744,83,1,0,1
4445064,83,1,0,1
1152840,83,1,0,1
871232,83,1,0,1
4284096,83,1,0,1
304552,83,1,1,0
2581184,83,1,0,1
428568,83,1,1,0
200096,83,1,1,0
990752,83,1,0,1
251840,83,1,0,1
3138808,83,1,1,0
538352,83,1,1,0
7232512,83,1,0,1
661840,83,1,0,1
4274984,83,1,0,1
3355224,83,1,1,0
809592,83,1,1,0
7100560,83,1,0,1
3080168,83,1,0,1
6118264,83,1,0,1
7085120,83,1,0,1
392128,83,1,0,1
3005392,83,1,1,0
5630208,83,1,1,0
2436952,83,1,0,1
277568,83,1,0,1
3515688,83,1,0,1
1940152,83,1,0,1
3365680,83,1,1,0
2826952,83,1,0,1
211056,83,1,1,0
2914408,83,1,1,0
5452880,83,1,1,0
2789624,83,1,0,1
1722448,83,1,1,0
842328,83,1,0,1
2668976,83,1,1,0
875784,83,1,1,0
1315448,83,1,0,1
742232,83,1,0,1
2539560,83,1,0,1
1195248,83,1,0,1
843256,83,1,1,0
4977688,83,1,0,1
2752096,83,1,1,0
3205552,83,1,1,0
4169992,83,1,0,1
891816,83,1,0,1
387368,83,1,1,0
5423352,83,1,0,1
1277136,83,1,1,0
4275744,83,1,0,1
1153608,83,1,1,0
4627016,83,1,0,1
6964608,83,1,1,0
2168456,83,1,0,1
353432,83,1,0,1
3492624,83,1,0,1
1436040,83,1,0,1
412032,83,1,0,1
1738320,83,1,0,1
4326536,83,1,0,1
6451072,83,1,1,0
2918296,83,1,1,0
1590752,83,1,0,1
4681328,83,1,0,1
3603008,83,1,1,0
6012728,83,1,1,0
199016,83,1,1,0
1164512,83,1,0,1
7794816,83,1,0,1
1097032,83,1,0,1
4720632,83,1,0,1
447872,83,1,0,1
8014576,83,1,0,1
1821704,83,1,0,1
5592640,83,1,1,0
5106624,83,1,0,1
3349376,83,1,0,1
778936,83,1,0,1
1519824,83,1,0,1
6714408,83,1,1,0
3815360,83,1,0,1
1900016,83,1,1,0
1855472,83,1,1,0
3491552,83,1,0,1
2036544,83,1,0,1
761792,83,1,0,1
8366912,83,1,0,1
5206528,83,1,0,1
6331544,83,1,0,1
6271976,83,1,0,1
2525960,83,1,1,0
1997080,83,1,1,0
2799216,83,1,1,0
1010360,83,1,1,0
717232,83,1,0,1
2439456,83,1,1,0
6382104,83,1,1,0
266280,83,1,1,0
1304744,83,1,0,1
2109360,83,1,0,1
4423872,83,1,0,1
1045408,83,1,0,1
843208,83,1,1,0
2281320,83,1,0,1
363904,83,1,1,0
934112,83,1,1,0
6113864,83,1,1,0
4288464,83,1,1,0
5212184,83,1,1,0
4371280,83,1,1,0
2521264,83,1,1,0
7528976,83,1,0,1
1190448,83,1,1,0
2622016,83,1,0,1
8311368,83,1,1,0
2504552,83,1,0,1
575952,83,1,0,1
4543024,83,1,0,1
6784480,83,1,0,1
5981120,83,1,0,1
5048848,83,1,0,1
6375648,83,1,1,0
4186968,83,1,1,0
189256,83,1,1,0
5142632,83,1,0,1
2994832,83,1,0,1
6694896,83,1,0,1
263648,83,1,0,1
247784,83,1,0,1
2337552,83,1,0,1
3182864,83,1,1,0
3424752,83,1,1,0
394392,83,1,0,1
5599664,83,1,0,1
6568816,83,1,1,0
1111208,83,1,0,1
5178040,83,1,1,0
1184552,83,1,1,0
705976,83,1,0,1
165368,83,1,1,0
6073656,83,1,1,0
1029568,83,1,1,0
7879176,83,1,0,1
5680368,83,1,1,0
423192,83,1,1,0
5303264,83,1,1,0
603696,83,1,0,1
6962456,83,1,1,0
5180368,83,1,1,0
6775384,83,1,1,0
1355832,83,1,1,0
1276496,83,1,0,1
346128,83,1,0,1
583304,83,1,1,0
2829648,83,1,1,0
6848992,83,1,1,0
3461216,83,1,1,0
3412000,83,1,1,0
3418480,83,1,0,1
4272456,83,1,0,1
4000400,83,1,1,0
5691960,83,1,0,1
3709792,83,1,0,1
6621696,83,1,1,0
7424352,83,1,1,0
118744,83,1,0,1
8373840,83,1,0,1
1887336,83,1,0,1
4256984,83,1,1,0
726264,83,1,1,0
2882056,83,1,1,0
6200808,83,1,1,0
5704072,83,1,0,1
349112,83,1,1,0
1849416,83,1,0,1
4528816,83,1,0,1
5182968,83,1,0,1
6932968,83,1,0,1
4390176,83,1,1,0
3297784,83,1,0,1
3639904,83,1,1,0
661344,83,1,1,0
6012760,83,1,0,1
433752,83,1,0,1
991080,83,1,1,0
1376456,83,1,1,0
1067320,83,1,1,0
7079984,83,1,1,0
262064,83,1,0,1
1408840,83,1,0,1
297952,83,1,0,1
449904,83,1,1,0
3594184,83,1,0,1
652560,83,1,1,0
5129688,83,1,1,0
4926576,83,1,1,0
5270400,83,1,0,1
2325904,83,1,0,1
6230584,83,1,0,1
6467752,83,1,1,0
4242640,83,1,0,1
6282264,83,1,1,0
457472,83,1,0,1
5620992,83,1,0,1
2926928,83,1,0,1
8052496,83,1,0,1
7351912,83,1,1,0
188968,83,1,0,1
2187712,83,1,0,1
3224864,83,1,1,0
1049712,83,1,1,0
2457528,83,1,1,0
4109104,83,1,0,1
6147128,83,1,0,1
6884936,83,1,1,0
7332000,83,1,1,0
482360,83,1,0,1
1106024,83,1,1,0
4303496,83,1,1,0
3732176,83,1,0,1
4692464,83,1,1,0
1715472,83,1,0,1
5357488,83,1,0,1
2709224,83,1,1,0
5436472,83,1,1,0
486736,83,1,1,0
6147520,83,1,1,0
2051992,83,1,1,0
6414104,83,1,0,1
5133136,83,1,0,1
1790104,83,1,1,0
1268272,83,1,1,0
290952,83,1,0,1
2222256,83,1,1,0
1932272,83,1,0,1
973696,83,1,1,0
1125496,83,1,0,1
6125896,83,1,0,1
7832952,83,1,0,1
531200,83,1,1,0
316128,83,1,1,0
852704,83,1,1,0
519432,83,1,1,0
4513176,83,1,1,0
4663152,83,1,0,1
305680,83,1,1,0
1964712,83,1,1,0
6850848,83,1,0,1
5702192,83,1,0,1
164104,83,1,0,1
352568,83,1,1,0
1930336,83,1,0,1
733936,83,1,0,1
237904,83,1,0,1
1143024,83,1,1,0
1805048,83,1,1,0
339272,83,1,1,0
1051392,83,1,0,1
816072,83,1,1,0
4743048,83,1,1,0
7219776,83,1,0,1
642104,83,1,0,1
1590072,83,1,0,1
7094408,83,1,1,0
243176,83,1,1,0
3011720,83,1,1,0
930816,83,1,0,1
1022592,83,1,1,0
4957904,83,1,0,1
8204264,83,1,1,0
600032,83,1,0,1
3970960,83,1,0,1
2565672,83,1,0,1
3160672,83,1,0,1
5219368,83,1,1,0
520384,83,1,1,0
275736,83,1,0,1
920536,83,1,1,0
4377904,83,1,0,1
1618896,83,1,1,0
2734720,83,1,0,1
1009480,83,1,0,1
1491960,83,1,0,1
1284296,83,1,0,1
2154544,83,1,0,1
853232,83,1,0,1
1265648,83,1,0,1
3864048,83,1,0,1
200640,83,1,1,0
5564984,83,1,0,1
234984,83,1,1,0
810744,83,1,1,0
7346168,83,1,0,1
514664,83,1,1,0
496360,83,1,0,1
3274144,83,1,1,0
4301672,83,1,0,1
5683160,83,1,0,1
5603592,83,1,0,1
3324440,83,1,1,0
4243336,83,1,1,0
1638200,83,1,0,1
5487432,83,1,0,1
2608208,83,1,1,0
1513920,83,1,1,0
3532688,83,1,1,0
368160,83,1,1,0
5677824,83,1,0,1
5749880,83,1,1,0
4213640,83,1,1,0
2305648,83,1,0,1
1650008,83,1,1,0
208936,83,1,1,0
1706256,83,1,0,1
3923296,83,1,1,0
4207232,83,1,0,1
488688,83,1,1,0
1498280,83,1,1,0
3128872,83,1,1,0
4535160,83,1,0,1
1426192,83,1,1,0
5178840,83,1,0,1
3111784,83,1,1,0
1353728,83,1,0,1
3882256,83,1,1,0
2203528,83,1,0,1
181664,83,1,0,1
264680,83,1,0,1
1103248,83,1,0,1
1748624,83,1,0,1
3216984,83,1,1,0
1714296,83,1,1,0
1025496,83,1,1,0
5999264,83,1,1,0
8215680,83,1,1,0
5812880,83,1,1,0
136184,83,1,1,0
3228144,83,1,0,1
1189608,83,1,0,1
5809040,83,1,1,0
3766592,83,1,0,1
2965984,83,1,1,0
1383152,83,1,0,1
6943656,83,1,1,0
1492360,83,1,1,0
1523304,83,1,1,0
999984,83,1,1,0
4015208,83,1,0,1
7607184,83,1,1,0
572832,83,1,0,1
3318112,83,1,1,0
2249344,83,1,0,1
659480,83,1,1,0
5226824,83,1,1,0
166256,83,1,1,0
3212424,83,1,1,0
1961944,83,1,0,1
4319768,83,1,0,1
6119232,83,1,1,0
3619456,83,1,0,1
364496,83,1,1,0
308440,83,1,1,0
1266824,83,1,1,0
1975080,83,1,0,1
493272,83,1,1,0
747528,83,1,1,0
6454288,83,1,1,0
5128728,83,1,0,1
4155288,83,1,0,1
6934752,83,1,0,1
4528496,83,1,0,1
298224,83,1,0,1
1454984,83,1,1,0
399280,83,1,0,1
1148136,83,1,0,1
447280,83,1,1,0
208632,83,1,0,1
335464,83,1,0,1
2544592,83,1,1,0
2556088,83,1,0,1
164504,83,1,1,0
963576,83,1,0,1
2135584,83,1,1,0
1087312,83,1,0,1
6221240,83,1,0,1
646600,83,1,0,1
3082976,83,1,0,1
301816,83,1,0,1
2745072,83,1,0,1
4385808,83,1,0,1
6652960,83,1,0,1
1325960,83,1,0,1
7692728,83,1,0,1
1711520,83,1,0,1
1102544,83,1,0,1
2232152,83,1,1,0
5715328,83,1,0,1
1624040,83,1,0,1
1251648,83,1,0,1
4396184,83,1,0,1
4712848,83,1,0,1
1703128,83,1,1,0
7269352,83,1,0,1
6260512,83,1,0,1
1786928,83,1,1,0
1298888,83,1,0,1
4605096,83,1,0,1
7608736,83,1,1,0
4870976,83,1,0,1
365120,83,1,1,0
872152,83,1,1,0
97312,83,1,0,1
3854560,83,1,1,0
8345960,83,1,1,0
3531632,83,1,1,0
243024,83,1,0,1
1807160,83,1,0,1
1378576,83,1,1,0
3224216,83,1,1,0
3317912,83,1,0,1
1042352,83,1,0,1
2939776,83,1,1,0
7217640,83,1,1,0
1932368,83,1,1,0
129464,83,1,0,1
3323880,83,1,1,0
427600,83,1,0,1
7807488,83,1,1,0
2498424,83,1,1,0
264536,83,1,0,1
4023104,83,1,1,0
3970832,83,1,0,1
2148216,83,1,1,0
1200432,83,1,1,0
366928,83,1,1,0
5592600,83,1,1,0
592840,83,1,0,1
4085488,83,1,0,1
4432544,83,1,0,1
6355056,83,1,0,1
7106432,83,1,0,1
2380512,83,1,1,0
3860168,83,1,1,0
806800,83,1,1,0
7579264,83,1,0,1
1104688,83,1,1,0
7984688,83,1,1,0
8118360,83,1,1,0
1552848,83,1,1,0
1873624,83,1,0,1
7254032,83,1,1,0
4614776,83,1,1,0
924896,83,1,0,1
6244208,83,1,0,1
383120,83,1,1,0
3029888,83,1,0,1
821776,83,1,0,1
1116232,83,1,0,1
987224,83,1,1,0
759128,83,1,1,0
2198000,83,1,1,0
5737160,83,1,1,0
870240,83,1,1,0
2057632,83,1,0,1
910568,83,1,1,0
334472,83,1,0,1
265344,83,1,0,1
3077232,83,1,1,0
325312,83,1,1,0
5040760,83,1,1,0
156016,83,1,0,1
1347800,83,1,0,1
137672,83,1,0,1
1779944,83,1,0,1
560512,83,1,1,0
311928,83,1,1,0
5206776,83,1,1,0
2668408,83,1,0,1
4269448,83,1,0,1
3245288,83,1,0,1
221472,83,1,1,0
645424,83,1,1,0
311840,83,1,1,0
6178656,83,1,0,1
4042968,83,1,1,0
1715392,83,1,0,1
1388552,83,1,1,0
2319088,83,1,0,1
1076768,83,1,1,0
6029704,83,1,1,0
811384,83,1,1,0
448464,83,1,1,0
7021056,83,1,1,0
3256000,83,1,0,1
8333520,83,1,0,1
764120,83,1,0,1
8105272,83,1,0,1
380640,83,1,1,0
2799584,83,1,1,0
7653536,83,1,0,1
1715760,83,1,0,1
6800504,83,1,0,1
4595528,83,1,0,1
5387768,83,1,0,1
7723328,83,1,0,1
7982704,83,1,0,1
167336,83,1,1,0
6691928,83,1,0,1
1451968,83,1,1,0
3059816,83,1,1,0
2291128,83,1,0,1
1614512,83,1,1,0
4330232,83,1,1,0
2713320,83,1,1,0
423064,83,1,0,1
589536,83,1,1,0
6786720,83,1,1,0
1621888,83,1,1,0
5425696,83,1,0,1
2242136,83,1,1,0
4303224,83,1,1,0
3076568,83,1,0,1
1460144,83,1,1,0
565904,83,1,0,1
2715672,83,1,1,0
2865768,83,1,0,1
3672816,83,1,0,1
5605096,83,1,1,0
5401656,83,1,1,0
537560,83,1,1,0
322936,83,1,0,1
3053216,83,1,1,0
3991952,83,1,1,0
5409168,83,1,1,0
4625848,83,1,0,1
700536,83,1,0,1
4314256,83,1,1,0
5554744,83,1,1,0
2829816,83,1,1,0
166488,83,1,1,0
1120000,83,1,1,0
6715584,83,1,0,1
1433384,83,1,0,1
4281288,83,1,1,0
4832368,83,1,0,1
5003328,83,1,1,0
3586160,83,1,0,1
8283816,83,1,1,0
3469168,83,1,1,0
5716016,83,1,1,0
1957648,83,1,0,1
463768,83,1,1,0
7453568,83,1,1,0
1186016,83,1,0,1
2492040,83,1,1,0
908416,83,1,0,1
3403256,83,1,1,0
7493824,83,1,0,1
569896,83,1,0,1
1743240,83,1,0,1
639552,83,1,1,0
773096,83,1,0,1
743328,83,1,0,1
530352,83,1,1,0
5359600,83,1,0,1
487320,83,1,1,0
6766088,83,1,1,0
2120776,83,1,1,0
1347704,83,1,0,1
2464368,83,1,0,1
3426960,83,1,1,0
227984,83,1,1,0
4178352,83,1,1,0
7970856,83,1,0,1
6216616,83,1,0,1
672104,83,1,1,0
3130680,83,1,1,0
5094056,83,1,1,0
3214168,83,1,1,0
1068128,83,1,0,1
8097952,83,1,0,1
1497656,83,1,1,0
3911072,83,1,0,1
731224,83,1,1,0
3299576,83,1,1,0
5655616,83,1,0,1
7716312,83,1,0,1
996088,83,1,1,0
6063040,83,1,1,0
1179368,83,1,1,0
4160408,83,1,0,1
1775976,83,1,0,1
5193136,83,1,1,0
4063448,83,1,0,1
4996536,83,1,0,1
6072336,83,1,0,1
4320616,83,1,0,1
2512176,83,1,0,1
385344,83,1,0,1
1986192,83,1,1,0
2221720,83,1,0,1
882392,83,1,1,0
238992,83,1,0,1
6035424,83,1,1,0
7384544,83,1,1,0
6015072,83,1,0,1
2800960,83,1,1,0
889856,83,1,0,1
1959224,83,1,0,1
572400,83,1,1,0
2016992,83,1,1,0
1986032,83,1,1,0
877584,83,1,0,1
2877760,83,1,0,1
3046064,83,1,1,0
6635152,83,1,0,1
6287352,83,1,0,1
1303712,83,1,1,0
1714736,83,1,0,1
745168,83,1,1,0
6005632,83,1,1,0
1858976,83,1,0,1
961000,83,1,0,1
4242960,83,1,0,1
508648,83,1,1,0
5681432,83,1,0,1
2788944,83,1,0,1
514064,83,1,1,0
350992,83,1,0,1
757456,83,1,1,0
3600088,83,1,0,1
482568,83,1,0,1
4608864,83,1,0,1
3086704,83,1,1,0
4836848,83,1,0,1
1237832,83,1,1,0
836072,83,1,1,0
364112,83,1,0,1
1747704,83,1,0,1
1804048,83,1,1,0
4026896,83,1,1,0
5994136,83,1,1,0
270992,83,1,0,1
6254952,83,1,1,0
410264,83,1,1,0
1351272,83,1,1,0
4147000,83,1,1,0
5199872,83,1,0,1
4065112,83,1,1,0
773432,83,1,0,1
1151848,83,1,1,0
8155768,83,1,1,0
5786352,83,1,1,0
7059912,83,1,0,1
4501016,83,1,0,1
7646200,83,1,1,0
5229528,83,1,1,0
586856,83,1,1,0
7295936,83,1,1,0
599384,83,1,0,1
1693440,83,1,0,1
701624,83,1,1,0
654720,83,1,0,1
1336736,83,1,0,1
250464,83,1,1,0
1731112,83,1,0,1
7450056,83,1,0,1
959240,83,1,1,0
751528,83,1,1,0
3787128,83,1,1,0
3170416,83,1,0,1
1625864,83,1,0,1
4093248,83,1,0,1
1017528,83,1,1,0
865448,83,1,1,0
1426080,83,1,1,0
6167928,83,1,1,0
1762120,83,1,0,1
1125920,83,1,1,0
2900496,83,1,0,1
2852328,83,1,1,0
3146408,83,1,0,1
7167656,83,1,1,0
3117056,83,1,1,0
1519256,83,1,0,1
992744,83,1,1,0
3387664,83,1,0,1
4269432,83,1,0,1
191216,83,1,0,1
6855016,83,1,0,1
4557928,83,1,1,0
2582288,83,1,1,0
2838232,83,1,1,0
414640,83,1,0,1
6739488,83,1,1,0
7075048,83,1,0,1
6561128,83,1,0,1
1974904,83,1,0,1
1714864,83,1,0,1
1335584,83,1,0,1
7571088,83,1,0,1
1004584,83,1,1,0
2123160,83,1,0,1
1390368,83,1,1,0
8185384,83,1,1,0
1052024,83,1,0,1
168184,83,1,0,1
921696,83,1,0,1
2563568,83,1,0,1
6387496,83,1,0,1
3520008,83,1,1,0
2648896,83,1,1,0
4906344,83,1,0,1
1235472,83,1,0,1
1092520,83,1,1,0
3412768,83,1,0,1
2506192,83,1,1,0
6716976,83,1,1,0
3350008,83,1,1,0
4246016,83,1,0,1
1319584,83,1,0,1
2968784,83,1,0,1
3628200,83,1,0,1
1210648,83,1,1,0
6812336,83,1,1,0
1154240,83,1,0,1
497400,83,1,1,0
5220104,83,1,0,1
1863112,83,1,0,1
1081504,83,1,1,0
679280,83,1,0,1
144824,83,1,0,1
5850336,83,1,0,1
1211840,83,1,1,0
1579320,83,1,1,0
724976,83,1,0,1
3374208,83,1,1,0
2083928,83,1,1,0
8208120,83,1,1,0
470520,83,1,0,1
1465912,83,1,1,0
358096,83,1,1,0
507952,83,1,1,0
166776,83,1,0,1
610696,83,1,0,1
151424,83,1,0,1
114096,83,1,0,1
3741624,83,1,0,1
2216736,83,1,1,0
1297136,83,1,1,0
3106968,83,1,0,1
8060448,83,1,1,0
208200,83,1,0,1
747576,83,1,0,1
6258648,83,1,0,1
1842264,83,1,1,0
7041008,83,1,0,1
1039696,83,1,1,0
443104,83,1,1,0
736952,83,1,0,1
4698152,83,1,0,1
1497672,83,1,0,1
7330080,83,1,0,1
4158416,83,1,0,1
2770272,83,1,0,1
1333408,83,1,1,0
7252728,83,1,1,0
6328528,83,1,1,0
831688,83,1,0,1
453632,83,1,1,0
1845184,83,1,0,1
1683512,83,1,0,1
1934216,83,1,1,0
2063152,83,1,1,0
7890440,83,1,0,1
3140848,83,1,1,0
510120,83,1,1,0
3943560,83,1,0,1
1427264,83,1,0,1
2283472,83,1,0,1
1241048,83,1,0,1
8035000,83,1,1,0
2881504,83,1,0,1
392296,83,1,1,0
581352,83,1,1,0
4329176,83,1,1,0
533224,83,1,0,1
1215864,83,1,1,0
2264112,83,1,1,0
3468536,83,1,0,1
268824,83,1,1,0
7430408,83,1,1,0
5690976,83,1,1,0
1904568,83,1,0,1
5981800,83,1,0,1
1136248,83,1,1,0
577256,83,1,0,1
988888,83,1,0,1
680728,83,1,1,0
169120,83,1,1,0
927160,83,1,0,1
2199464,83,1,0,1
4925824,83,1,1,0
7802568,83,1,0,1
2488056,83,1,1,0
1827336,83,1,1,0
6645752,83,1,1,0
910200,83,1,0,1
5448672,83,1,0,1
3426112,83,1,1,0
307480,83,1,0,1
2458392,83,1,1,0
2216848,83,1,1,0
1288264,83,1,1,0
595728,83,1,1,0
1931368,83,1,1,0
7013032,83,1,1,0
772464,83,1,1,0
685024,83,1,0,1
7719624,83,1,0,1
3486912,83,1,1,0
5525624,83,1,1,0
1557440,83,1,1,0
4935280,83,1,1,0
4297872,83,1,1,0
4287808,83,1,0,1
677464,83,1,0,1
3445032,83,1,1,0
2965960,83,1,1,0
2988192,83,1,0,1
1879888,83,1,1,0
5837960,83,1,0,1
658968,83,1,0,1
7941944,83,1,1,0
1465568,83,1,0,1
7908872,83,1,0,1
1724904,83,1,1,0
2394656,83,1,0,1
1434184,83,1,0,1
820536,83,1,0,1
280784,83,1,0,1
1057640,83,1,0,1
353544,83,1,0,1
471752,83,1,0,1
6211960,83,1,0,1
3233360,83,1,1,0
676248,83,1,1,0
1684880,83,1,1,0
340688,83,1,1,0
1676208,83,1,1,0
1525648,83,1,0,1
7590696,83,1,0,1
6076160,83,1,0,1
1514392,83,1,0,1
8074008,83,1,1,0
279960,83,1,1,0
399784,83,1,1,0
4748376,83,1,0,1
4950840,83,1,0,1
861520,83,1,1,0
834256,83,1,0,1
4046416,83,1,1,0
1849392,83,1,1,0
5566920,83,1,1,0
2951752,83,1,1,0
361056,83,1,1,0
6863408,83,1,0,1
7080768,83,1,0,1
4732872,83,1,0,1
615272,83,1,1,0
6447704,83,1,0,1
836592,83,1,1,0
1308536,83,1,0,1
3508488,83,1,1,0
672072,83,1,0,1
1226528,83,1,1,0
406672,83,1,0,1
1210936,83,1,1,0
1710944,83,1,0,1
1606232,83,1,0,1
2306456,83,1,0,1
2393192,83,1,0,1
3654592,83,1,0,1
3031848,83,1,0,1
1070304,83,1,0,1
348512,83,1,0,1
5510288,83,1,1,0
2652080,83,1,1,0
1763536,83,1,1,0
1775160,83,1,0,1
1194256,83,1,0,1
3638368,83,1,0,1
7907440,83,1,0,1
725272,83,1,0,1
1297128,83,1,1,0
1221936,83,1,1,0
1142488,83,1,1,0
3521096,83,1,0,1
8242656,83,1,0,1
5035920,83,1,0,1
703544,83,1,0,1
792584,83,1,0,1
2351920,83,1,0,1
4471128,83,1,1,0
177672,83,1,0,1
4057824,83,1,1,0
2904424,83,1,0,1
5698344,83,1,0,1
1151288,83,1,0,1
2560216,83,1,1,0
7220496,83,1,1,0
6390432,83,1,0,1
1637424,83,1,1,0
5740264,83,1,1,0
7342384,83,1,1,0
753120,83,1,1,0
2011952,83,1,1,0
4420400,83,1,0,1
4668736,83,1,0,1
529152,83,1,0,1
2740432,83,1,0,1
5962744,83,1,0,1
259112,83,1,0,1
6075144,83,1,1,0
1578976,83,1,1,0
6537472,83,1,1,0
6638936,83,1,0,1
5273784,83,1,1,0
6590384,83,1,0,1
1161872,83,1,1,0
1766112,83,1,0,1
2390440,83,1,1,0
205160,83,1,0,1
6064416,83,1,0,1
6181096,83,1,1,0
8073288,83,1,1,0
183624,83,1,0,1
4029656,83,1,0,1
465936,83,1,1,0
604600,83,1,1,0
244880,83,1,1,0
1847280,83,1,0,1
7733928,83,1,0,1
3271920,83,1,0,1
4722656,83,1,1,0
7509768,83,1,0,1
3266056,83,1,1,0
8277784,83,1,0,1
516592,83,1,1,0
2095992,83,1,0,1
4836600,83,1,1,0
6909336,83,1,0,1
278416,83,1,1,0
2171352,83,1,1,0
2988728,83,1,0,1
235144,83,1,1,0
4308832,83,1,1,0
653616,83,1,0,1
4677376,83,1,1,0
1628000,83,1,0,1
4183592,83,1,1,0
6972368,83,1,0,1
8019328,83,1,0,1
3651456,83,1,0,1
6200920,83,1,1,0
7333656,83,1,1,0
98248,83,1,0,1
7843240,83,1,0,1
427936,83,1,1,0
3396696,83,1,0,1
763208,83,1,0,1
727416,83,1,1,0
299000,83,1,0,1
1721728,83,1,1,0
7756936,83,1,0,1
7823072,83,1,1,0
4975392,83,1,0,1
6804616,83,1,1,0
1093464,83,1,1,0
360232,83,1,1,0
6965096,83,1,1,0
1822776,83,1,0,1
1969712,83,1,1,0
147936,83,1,1,0
5976416,83,1,0,1
2686840,83,1,1,0
251600,83,1,1,0
5084952,83,1,0,1
1150808,83,1,0,1
6604504,83,1,1,0
1395192,83,1,0,1
1047240,83,1,1,0
3158368,83,1,1,0
689832,83,1,0,1
6344008,83,1,0,1
5858816,83,1,0,1
7726544,83,1,1,0
4756256,83,1,1,0
2233360,83,1,1,0
3354768,83,1,0,1
2902424,83,1,0,1
183056,83,1,1,0
2730640,83,1,1,0
2455968,83,1,0,1
5674568,83,1,1,0
495248,83,1,1,0
1035184,83,1,1,0
5064096,83,1,0,1
3306184,83,1,1,0
3340928,83,1,1,0
3275904,83,1,1,0
3503888,83,1,0,1
121520,83,1,1,0
2198032,83,1,0,1
482696,83,1,0,1
2867912,83,1,1,0
968040,83,1,1,0
1369440,83,1,0,1
3797760,83,1,0,1
2856360,83,1,1,0
2578696,83,1,1,0
1035288,83,1,1,0
403696,83,1,1,0
4185216,83,1,1,0
6245128,83,1,1,0
5751448,83,1,0,1
1386304,83,1,0,1
980784,83,1,0,1
596112,83,1,0,1
2769456,83,1,1,0
7667472,83,1,0,1
993880,83,1,0,1
2396288,83,1,1,0
5111944,83,1,1,0
2950136,83,1,0,1
2763464,83,1,1,0
7828272,83,1,0,1
125856,83,1,0,1
4004184,83,1,0,1
3872168,83,1,1,0
2155472,83,1,0,1
3006528,83,1,0,1
727056,83,1,0,1
1352896,83,1,1,0
3932192,83,1,0,1
4023768,83,1,0,1
5755272,83,1,1,0
1730760,83,1,1,0
279848,83,1,0,1
4259496,83,1,1,0
3875816,83,1,0,1
2045656,83,1,1,0
1855784,83,1,1,0
1175432,83,1,1,0
3594424,83,1,1,0
6798496,83,1,0,1
907608,83,1,0,1
3407960,83,1,0,1
2656808,83,1,1,0
629512,83,1,0,1
690600,83,1,1,0
5548136,83,1,1,0
8376544,83,1,0,1
1466384,83,1,1,0
830064,83,1,0,1
7925656,83,1,0,1
6845640,83,1,1,0
4442160,83,1,1,0
7426912,83,1,1,0
3054768,83,1,0,1
2550504,83,1,0,1
812488,83,1,0,1
325584,83,1,0,1
1279112,83,1,0,1
1379408,83,1,0,1
651072,83,1,1,0
2728912,83,1,1,0
1325424,83,1,0,1
918432,83,1,1,0
2204952,83,1,1,0
234592,83,1,1,0
228968,83,1,0,1
4011312,83,1,1,0
2821400,83,1,1,0
1634176,83,1,0,1
4705840,83,1,1,0
545176,83,1,0,1
4362848,83,1,0,1
1429712,83,1,0,1
1390840,83,1,1,0
2207512,83,1,1,0
2232920,83,1,1,0
2818648,83,1,0,1
331272,83,1,0,1
1278736,83,1,0,1
941952,83,1,1,0
496144,83,1,1,0
4785008,83,1,1,0
4471368,83,1,0,1
1469920,83,1,1,0
667904,83,1,1,0
966536,83,1,1,0
3312600,83,1,1,0
3056720,83,1,1,0
5499224,83,1,1,0
1113360,83,1,1,0
1945544,83,1,0,1
1477632,83,1,0,1
7685744,83,1,0,1
4722720,83,1,0,1
2362176,83,1,0,1
1364736,83,1,0,1
3219416,83,1,1,0
6347344,83,1,1,0
146400,83,1,1,0
2970712,83,1,0,1
3620984,83,1,1,0
1497424,83,1,1,0
1760560,83,1,1,0
7643376,83,1,0,1
972608,83,1,0,1
511224,83,1,1,0
6113688,83,1,0,1
902248,83,1,1,0
1041536,83,1,1,0
4015584,83,1,1,0
2785048,83,1,0,1
544792,83,1,0,1
5934624,83,1,0,1
3841456,83,1,0,1
845632,83,1,1,0
1263704,83,1,0,1
6522992,83,1,0,1
2045272,83,1,0,1
2163488,83,1,0,1
312272,83,1,0,1
609808,83,1,0,1
1351328,83,1,1,0
107088,83,1,0,1
8383792,83,1,1,0
7112112,83,1,1,0
694088,83,1,1,0
1971184,83,1,1,0
294128,83,1,1,0
98904,83,1,1,0
829688,83,1,1,0
5694360,83,1,1,0
2927952,83,1,0,1
2308584,83,1,1,0
407648,83,1,1,0
666792,83,1,1,0
1568552,83,1,0,1
580352,83,1,1,0
1246360,83,1,0,1
7737592,83,1,1,0
7714592,83,1,0,1
6877936,83,1,1,0
440312,83,1,1,0
5679736,83,1,0,1
516288,83,1,1,0
1197200,83,1,0,1
681624,83,1,1,0
130416,83,1,1,0
4689624,83,1,0,1
2202824,83,1,0,1
2874016,83,1,1,0
7224576,83,1,0,1
250336,83,1,0,1
5342960,83,1,0,1
676840,83,1,0,1
1019648,83,1,1,0
1925208,83,1,1,0
2372464,83,1,0,1
265800,83,1,1,0
5448072,83,1,0,1
4711944,83,1,1,0
2879576,83,1,1,0
298024,83,1,1,0
1973440,83,1,1,0
6513816,83,1,0,1
6078904,83,1,0,1
681824,83,1,0,1
4746936,83,1,1,0
1353072,83,1,1,0
7547664,83,1,1,0
1523008,83,1,0,1
338640,83,1,1,0
562808,83,1,1,0
1359416,83,1,0,1
4411544,83,1,0,1
4322408,83,1,0,1
8360504,83,1,0,1
627024,83,1,0,1
2548440,83,1,1,0
4634912,83,1,1,0
7039584,83,1,1,0
389192,83,1,1,0
2116664,83,1,1,0
3885368,83,1,1,0
6980936,83,1,0,1
514864,83,1,1,0
6850608,83,1,1,0
1104600,83,1,0,1
3271744,83,1,0,1
2052496,83,1,0,1
6127864,83,1,0,1
3439488,83,1,0,1
6931496,83,1,1,0
3504376,83,1,0,1
5657184,83,1,1,0
541824,83,1,0,1
1885592,83,1,0,1
3522328,83,1,1,0
3611040,83,1,1,0
1851392,83,1,0,1
2057608,83,1,0,1
2053528,83,1,1,0
2496992,83,1,0,1
259208,83,1,0,1
4153456,83,1,0,1
983912,83,1,0,1
8274136,83,1,0,1
265784,83,1,1,0
426136,83,1,0,1
5997536,83,1,0,1
1470672,83,1,0,1
4180488,83,1,0,1
3505024,83,1,1,0
4116424,83,1,0,1
743536,83,1,1,0
7718768,83,1,1,0
3880024,83,1,0,1
296680,83,1,1,0
1475632,83,1,0,1
5889712,83,1,1,0
840840,83,1,1,0
7587680,83,1,0,1
7311808,83,1,0,1
1815856,83,1,1,0
3630296,83,1,0,1
333776,83,1,0,1
4487672,83,1,0,1
2976232,83,1,0,1
936488,83,1,0,1
755296,83,1,0,1
3820416,83,1,1,0
7624128,83,1,1,0
651864,83,1,1,0
1206056,83,1,1,0
2110840,83,1,1,0
4645592,83,1,1,0
2574816,83,1,0,1
2596880,83,1,1,0
4117856,83,1,1,0
556064,83,1,1,0
7458392,83,1,0,1
446384,83,1,1,0
5711248,83,1,1,0
293368,83,1,1,0
499064,83,1,0,1
5871616,83,1,1,0
6309096,83,1,1,0
5914952,83,1,1,0
3101104,83,1,1,0
1448360,83,1,0,1
435392,83,1,0,1
281536,83,1,0,1
7030296,83,1,1,0
1103336,83,1,1,0
708928,83,1,0,1
3185920,83,1,0,1
1025256,83,1,1,0
4104568,83,1,1,0
7299672,83,1,1,0
5685304,83,1,0,1
4358224,83,1,1,0
6539592,83,1,0,1
4349568,83,1,0,1
309896,83,1,0,1
3093816,83,1,0,1
2388616,83,1,0,1
7837888,83,1,0,1
1097736,83,1,0,1
6730504,83,1,1,0
5936048,83,1,1,0
467168,83,1,1,0
7390928,83,1,1,0
673064,83,1,0,1
4258464,83,1,1,0
4397960,83,1,0,1
1485096,83,1,1,0
6016000,83,1,1,0
1408048,83,1,1,0
8305280,83,1,1,0
760496,83,1,1,0
926328,83,1,0,1
1483424,83,1,1,0
6392952,83,1,1,0
7773008,83,1,1,0
6754536,83,1,0,1
5689024,83,1,1,0
5887664,83,1,0,1
6079360,83,1,0,1
1464352,83,1,0,1
3539720,83,1,1,0
448792,83,1,0,1
4864824,83,1,1,0
2150832,83,1,1,0
3999640,83,1,1,0
7528584,83,1,1,0
7414072,83,1,0,1
736256,83,1,1,0
3073792,83,1,1,0
4718856,83,1,1,0
2000512,83,1,0,1
1700072,83,1,0,1
428784,83,1,1,0
8354432,83,1,1,0
4061784,83,1,0,1
3471664,83,1,1,0
1145616,83,1,1,0
2189264,83,1,1,0
7291960,83,1,1,0
4215376,83,1,0,1
1609512,83,1,1,0
4453672,83,1,0,1
5511192,83,1,0,1
6108272,83,1,1,0
699360,83,1,0,1
1724800,83,1,0,1
5561536,83,1,1,0
3129608,83,1,0,1
443840,83,1,0,1
2818520,83,1,1,0
7127192,83,1,1,0
2890104,83,1,1,0
1424736,83,1,0,1
711888,83,1,1,0
747192,83,1,1,0
2232304,83,1,0,1
6782808,83,1,0,1
620704,83,1,0,1
3200744,83,1,0,1
442376,83,1,0,1
2327480,83,1,0,1
5016240,83,1,0,1
5700120,83,1,1,0
1246080,83,1,0,1
2549000,83,1,1,0
1053184,83,1,0,1
5606168,83,1,0,1
727248,83,1,1,0
8266368,83,1,1,0
4782256,83,1,1,0
4679552,83,1,0,1
6902096,83,1,1,0
544304,83,1,0,1
6973784,83,1,1,0
795616,83,1,1,0
859608,83,1,1,0
3210240,83,1,1,0
2772232,83,1,0,1
761296,83,1,0,1
5063168,83,1,0,1
1427376,83,1,1,0
2336152,83,1,1,0
3797144,83,1,0,1
6180496,83,1,1,0
1266280,83,1,0,1
1789144,83,1,0,1
2278144,83,1,0,1
6962200,83,1,0,1
4711808,83,1,1,0
314616,83,1,0,1
8194240,83,1,1,0
5978160,84,1,1,0
4180216,84,1,0,1
3918976,84,1,0,1
949944,84,1,0,1
77256,84,1,0,1
433200,84,1,1,0
1027840,84,1,0,1
4232424,84,1,1,0
1371744,84,1,0,1
335080,84,1,1,0
2877080,84,1,0,1
4250048,84,1,1,0
2106592,84,1,0,1
7658160,84,1,0,1
2145016,84,1,1,0
1233392,84,1,1,0
4934152,84,1,1,0
247712,84,1,1,0
7406056,84,1,1,0
1424000,84,1,0,1
4049472,84,1,0,1
6725576,84,1,0,1
1460896,84,1,0,1
1226320,84,1,1,0
976792,84,1,1,0
6130576,84,1,1,0
4793512,84,1,0,1
1699984,84,1,0,1
4733072,84,1,1,0
1114168,84,1,0,1
5790080,84,1,0,1
4566904,84,1,1,0
1630152,84,1,1,0
1183112,84,1,1,0
2741336,84,1,0,1
1715696,84,1,1,0
988488,84,1,0,1
3630688,84,1,1,0
1012200,84,1,0,1
584832,84,1,1,0
4049992,84,1,1,0
602848,84,1,0,1
3400336,84,1,0,1
309352,84,1,1,0
7718040,84,1,1,0
7226976,84,1,1,0
7057248,84,1,1,0
320856,84,1,0,1
3176488,84,1,1,0
3082456,84,1,1,0
956504,84,1,1,0
7738984,84,1,0,1
840232,84,1,0,1
579624,84,1,0,1
3858032,84,1,1,0
635344,84,1,1,0
998096,84,1,0,1
2485520,84,1,1,0
53448,84,1,0,1
1281632,84,1,0,1
6192192,84,1,0,1
2875856,84,1,0,1
1814640,84,1,0,1
7174632,84,1,1,0
6111256,84,1,1,0
742000,84,1,0,1
8178736,84,1,1,0
5742944,84,1,0,1
904952,84,1,1,0
3518784,84,1,1,0
3812728,84,1,0,1
3134168,84,1,1,0
1852808,84,1,0,1
5198424,84,1,1,0
8210136,84,1,1,0
4192808,84,1,1,0
1237880,84,1,1,0
1760008,84,1,1,0
6209896,84,1,1,0
3078552,84,1,0,1
4712856,84,1,0,1
3807832,84,1,1,0
4202880,84,1,0,1
2834704,84,1,0,1
114792,84,1,1,0
6069192,84,1,1,0
1325672,84,1,1,0
2067488,84,1,0,1
338464,84,1,1,0
1422736,84,1,1,0
1638680,84,1,1,0
7353288,84,1,1,0
2254872,84,1,0,1
715344,84,1,1,0
3830872,84,1,1,0
1234744,84,1,0,1
6362192,84,1,1,0
7966920,84,1,1,0
646360,84,1,0,1
3208312,84,1,0,1
386344,84,1,0,1
4668024,84,1,1,0
1297328,84,1,0,1
908136,84,1,1,0
4895560,84,1,1,0
7829136,84,1,1,0
4323528,84,1,1,0
1939032,84,1,1,0
911128,84,1,1,0
7435144,84,1,0,1
1694952,84,1,1,0
6880024,84,1,1,0
5995488,84,1,0,1
1514752,84,1,1,0
104600,84,1,0,1
1931424,84,1,0,1
519816,84,1,1,0
2489640,84,1,0,1
1996240,84,1,1,0
4636536,84,1,0,1
4086768,84,1,0,1
2363880,84,1,0,1
612304,84,1,0,1
2186456,84,1,0,1
6719160,84,1,1,0
225104,84,1,0,1
5527360,84,1,0,1
1841056,84,1,0,1
836712,84,1,1,0
709168,84,1,0,1
5555176,84,1,0,1
8356096,84,1,0,1
2531600,84,1,0,1
889648,84,1,0,1
3005784,84,1,1,0
5921408,84,1,1,0
1305792,84,1,0,1
1252080,84,1,0,1
821320,84,1,0,1
401688,84,1,0,1
1688896,84,1,0,1
2602120,84,1,0,1
6056944,84,1,1,0
560768,84,1,1,0
458600,84,1,0,1
4996248,84,1,0,1
255632,84,1,0,1
1465120,84,1,1,0
2608296,84,1,0,1
1722880,84,1,0,1
1073520,84,1,1,0
6837704,84,1,0,1
5670792,84,1,1,0
4332632,84,1,0,1
7750368,84,1,1,0
998944,84,1,0,1
7053160,84,1,0,1
6037656,84,1,1,0
2682864,84,1,1,0
5972992,84,1,0,1
5905088,84,1,1,0
957616,84,1,0,1
3023736,84,1,0,1
402752,84,1,1,0
2782712,84,1,1,0
3882880,84,1,0,1
3948992,84,1,1,0
4142408,84,1,0,1
7178048,84,1,1,0
2578616,84,1,0,1
1195080,84,1,0,1
4351960,84,1,1,0
3624856,84,1,0,1
369840,84,1,1,0
4971864,84,1,0,1
412336,84,1,1,0
413536,84,1,0,1
2899496,84,1,0,1
1735472,84,1,0,1
2138312,84,1,1,0
1313472,84,1,0,1
1212936,84,1,0,1
371944,84,1,1,0
293120,84,1,1,0
5335368,84,1,0,1
2193184,84,1,0,1
1502392,84,1,1,0
2484736,84,1,0,1
2145288,84,1,1,0
294592,84,1,1,0
3115288,84,1,0,1
3579792,84,1,0,1
368016,84,1,1,0
7651160,84,1,1,0
492008,84,1,1,0
5415416,84,1,0,1
7939016,84,1,1,0
6255704,84,1,0,1
7206464,84,1,0,1
2304872,84,1,0,1
3903480,84,1,0,1
492688,84,1,0,1
905608,84,1,0,1
1272352,84,1,0,1
1147832,84,1,1,0
5659936,84,1,0,1
1171944,84,1,0,1
574384,84,1,0,1
2291224,84,1,1,0
3973880,84,1,1,0
6869920,84,1,1,0
8223152,84,1,1,0
2006648,84,1,1,0
1146808,84,1,1,0
720416,84,1,1,0
6102392,84,1,1,0
1201104,84,1,0,1
7416320,84,1,0,1
7731448,84,1,1,0
3080912,84,1,1,0
2472256,84,1,1,0
546064,84,1,1,0
7628336,84,1,1,0
1636616,84,1,0,1
2868680,84,1,1,0
845248,84,1,0,1
482720,84,1,0,1
166416,84,1,0,1
750320,84,1,0,1
130328,84,1,0,1
1342800,84,1,0,1
5332920,84,1,0,1
394640,84,1,1,0
269328,84,1,0,1
295816,84,1,1,0
5006136,84,1,1,0
802968,84,1,1,0
921824,84,1,1,0
7661424,84,1,0,1
537240,84,1,0,1
2555104,84,1,0,1
1062176,84,1,0,1
1555504,84,1,1,0
3006336,84,1,1,0
2114480,84,1,0,1
2011608,84,1,1,0
6939096,84,1,1,0
576200,84,1,1,0
2044536,84,1,1,0
4355208,84,1,0,1
6053760,84,1,1,0
8193632,84,1,1,0
299656,84,1,0,1
1227448,84,1,1,0
7228472,84,1,0,1
4297024,84,1,0,1
804632,84,1,1,0
5726000,84,1,0,1
2920040,84,1,0,1
1210976,84,1,0,1
4686648,84,1,0,1
2304224,84,1,0,1
1340424,84,1,0,1
1150280,84,1,0,1
3150288,84,1,1,0
3611544,84,1,1,0
7275048,84,1,0,1
2553784,84,1,1,0
2956592,84,1,0,1
1349456,84,1,0,1
4846360,84,1,0,1
850384,84,1,0,1
5524904,84,1,1,0
695352,84,1,1,0
1521032,84,1,0,1
7487848,84,1,0,1
1468896,84,1,1,0
4430320,84,1,1,0
6921808,84,1,1,0
7827048,84,1,0,1
1521624,84,1,0,1
6030968,84,1,1,0
1727944,84,1,0,1
2143368,84,1,0,1
596928,84,1,0,1
1020904,84,1,0,1
1474400,84,1,0,1
1927232,84,1,0,1
3195584,84,1,0,1
4529576,84,1,0,1
2911744,84,1,0,1
1987136,84,1,1,0
767200,84,1,0,1
2397056,84,1,1,0
1533304,84,1,1,0
2269992,84,1,0,1
4941064,84,1,0,1
2744320,84,1,1,0
200280,84,1,0,1
7246464,84,1,0,1
3258696,84,1,0,1
8296488,84,1,0,1
580256,84,1,1,0
8294424,84,1,1,0
3078312,84,1,0,1
1111216,84,1,0,1
1986536,84,1,1,0
3552320,84,1,0,1
300960,84,1,0,1
6278280,84,1,1,0
3942792,84,1,1,0
206040,84,1,1,0
1689944,84,1,0,1
1254152,84,1,1,0
3533248,84,1,1,0
3855760,84,1,0,1
3282104,84,1,1,0
567392,84,1,1,0
6342136,84,1,1,0
2195056,84,1,0,1
163224,84,1,1,0
158168,84,1,0,1
1444824,84,1,1,0
234992,84,1,0,1
3156096,84,1,0,1
2751936,84,1,1,0
632712,84,1,0,1
1420640,84,1,0,1
138552,84,1,1,0
841096,84,1,1,0
2701936,84,1,0,1
1916224,84,1,1,0
3380512,84,1,0,1
2110440,84,1,1,0
2110184,84,1,0,1
6349016,84,1,0,1
5848552,84,1,1,0
1075320,84,1,0,1
956304,84,1,1,0
3990520,84,1,1,0
2485072,84,1,0,1
3456432,84,1,1,0
557976,84,1,0,1
1333008,84,1,1,0
2023576,84,1,0,1
1847992,84,1,0,1
2421928,84,1,1,0
5731320,84,1,0,1
2453864,84,1,1,0
1658480,84,1,0,1
583792,84,1,1,0
2723424,84,1,0,1
2461440,84,1,1,0
1037184,84,1,1,0
4054024,84,1,0,1
1018488,84,1,0,1
5589432,84,1,0,1
2568448,84,1,0,1
777328,84,1,0,1
7321752,84,1,1,0
2051808,84,1,1,0
5562072,84,1,0,1
892040,84,1,1,0
629400,84,1,1,0
4615104,84,1,0,1
2234848,84,1,0,1
7956048,84,1,1,0
1108152,84,1,0,1
750264,84,1,1,0
333200,84,1,0,1
3370904,84,1,0,1
1254432,84,1,1,0
1659736,84,1,1,0
4151968,84,1,1,0
1385720,84,1,0,1
2106088,84,1,1,0
1474592,84,1,0,1
1185936,84,1,1,0
2925376,84,1,0,1
836064,84,1,1,0
8356168,84,1,0,1
496296,84,1,0,1
3896520,84,1,1,0
7008240,84,1,1,0
4134112,84,1,1,0
7409752,84,1,1,0
1427896,84,1,0,1
1485056,84,1,0,1
4064000,84,1,1,0
6550128,84,1,1,0
6598552,84,1,1,0
6962864,84,1,0,1
5994616,84,1,0,1
516200,84,1,1,0
210136,84,1,0,1
1884952,84,1,0,1
1047632,84,1,1,0
2085232,84,1,1,0
226064,84,1,0,1
1988088,84,1,0,1
2913688,84,1,0,1
1373624,84,1,0,1
3488832,84,1,1,0
7343992,84,1,1,0
4121904,84,1,1,0
3566776,84,1,1,0
4716424,84,1,0,1
310216,84,1,0,1
147480,84,1,1,0
3108056,84,1,1,0
7083736,84,1,0,1
850120,84,1,1,0
203784,84,1,1,0
6069176,84,1,0,1
6576792,84,1,0,1
7608328,84,1,0,1
1231256,84,1,1,0
6961824,84,1,1,0
4462384,84,1,1,0
957696,84,1,1,0
381336,84,1,1,0
4459824,84,1,1,0
2063072,84,1,1,0
577016,84,1,1,0
3392056,84,1,1,0
256136,84,1,1,0
2862320,84,1,0,1
6980888,84,1,0,1
2212520,84,1,1,0
1319056,84,1,1,0
391056,84,1,1,0
5259720,84,1,1,0
3855056,84,1,1,0
3567792,84,1,1,0
8350128,84,1,1,0
1950456,84,1,0,1
4524624,84,1,1,0
3975960,84,1,1,0
4912896,84,1,0,1
5613280,84,1,0,1
1945984,84,1,0,1
6882680,84,1,1,0
5397200,84,1,0,1
1154032,84,1,0,1
590160,84,1,0,1
1487720,84,1,0,1
4771856,84,1,1,0
3365424,84,1,0,1
979744,84,1,1,0
504808,84,1,0,1
308872,84,1,1,0
687384,84,1,1,0
2490360,84,1,1,0
7376368,84,1,0,1
4073392,84,1,1,0
873728,84,1,1,0
1294032,84,1,0,1
647512,84,1,1,0
2227872,84,1,1,0
3788960,84,1,0,1
1607184,84,1,1,0
723040,84,1,1,0
3261296,84,1,0,1
3768424,84,1,0,1
1047760,84,1,1,0
1372192,84,1,1,0
2971280,84,1,1,0
3561688,84,1,1,0
1924352,84,1,1,0
1993768,84,1,0,1
2241096,84,1,1,0
3567464,84,1,1,0
750688,84,1,1,0
401840,84,1,0,1
6426544,84,1,0,1
4789072,84,1,1,0
4389184,84,1,0,1
2248600,84,1,1,0
611208,84,1,0,1
268040,84,1,0,1
5533400,84,1,0,1
6001768,84,1,1,0
198184,84,1,1,0
246816,84,1,1,0
122640,84,1,0,1
1310880,84,1,0,1
4064736,84,1,0,1
1965664,84,1,1,0
509080,84,1,1,0
301776,84,1,0,1
590232,84,1,1,0
3572632,84,1,0,1
1109880,84,1,1,0
1774192,84,1,1,0
6727168,84,1,1,0
2601672,84,1,1,0
266232,84,1,1,0
1995240,84,1,1,0
564864,84,1,0,1
1493912,84,1,0,1
5064784,84,1,1,0
1957560,84,1,1,0
2871152,84,1,0,1
2199232,84,1,0,1
770928,84,1,0,1
6483736,84,1,1,0
1258816,84,1,1,0
544368,84,1,1,0
142848,84,1,1,0
1513760,84,1,0,1
8357152,84,1,0,1
665480,84,1,0,1
2311064,84,1,0,1
2407888,84,1,0,1
2172656,84,1,1,0
752120,84,1,0,1
1623616,84,1,0,1
846192,84,1,1,0
4957928,84,1,0,1
224344,84,1,1,0
1204984,84,1,1,0
5582248,84,1,0,1
3877672,84,1,0,1
1555368,84,1,0,1
2490712,84,1,0,1
3208040,84,1,1,0
838496,84,1,0,1
3242312,84,1,0,1
6144512,84,1,1,0
5081256,84,1,0,1
1609744,84,1,1,0
2408904,84,1,0,1
4544960,84,1,0,1
645928,84,1,1,0
7374032,84,1,0,1
2871704,84,1,1,0
1851976,84,1,0,1
4774160,84,1,1,0
1688120,84,1,1,0
3323488,84,1,1,0
2467392,84,1,1,0
5969128,84,1,1,0
1163896,84,1,0,1
4340248,84,1,1,0
572576,84,1,0,1
571736,84,1,0,1
756128,84,1,1,0
454160,84,1,1,0
836024,84,1,1,0
4806304,84,1,0,1
5847008,84,1,1,0
6834920,84,1,0,1
537944,84,1,1,0
4267568,84,1,1,0
5234352,84,1,1,0
5717496,84,1,0,1
7072880,84,1,1,0
2296120,84,1,0,1
7851464,84,1,1,0
4088736,84,1,1,0
6240632,84,1,1,0
2368224,84,1,0,1
562376,84,1,0,1
5604448,84,1,1,0
4151984,84,1,0,1
145528,84,1,0,1
5728928,84,1,0,1
532808,84,1,0,1
1648568,84,1,0,1
7126808,84,1,1,0
2784584,84,1,0,1
1632312,84,1,0,1
7302344,84,1,1,0
322096,84,1,0,1
1092952,84,1,0,1
5996848,84,1,0,1
1656952,84,1,0,1
1630768,84,1,1,0
3214032,84,1,1,0
2161120,84,1,0,1
4753272,84,1,1,0
6472104,84,1,1,0
4156664,84,1,1,0
3276632,84,1,0,1
5210536,84,1,1,0
1043592,84,1,0,1
3041176,84,1,0,1
507672,84,1,0,1
617000,84,1,0,1
1298160,84,1,0,1
1336920,84,1,1,0
1954384,84,1,1,0
5291208,84,1,0,1
3016008,84,1,0,1
2913112,84,1,1,0
736672,84,1,1,0
881144,84,1,0,1
364936,84,1,1,0
7902656,84,1,0,1
449760,84,1,0,1
1412008,84,1,1,0
1921632,84,1,1,0
3244976,84,1,0,1
3592552,84,1,1,0
560944,84,1,1,0
2487712,84,1,1,0
1393320,84,1,1,0
909384,84,1,0,1
985680,84,1,0,1
1623224,84,1,0,1
829024,84,1,0,1
919016,84,1,0,1
930640,84,1,1,0
3209248,84,1,0,1
7108904,84,1,0,1
6524792,84,1,0,1
2820824,84,1,0,1
2010440,84,1,0,1
750232,84,1,0,1
3467776,84,1,1,0
2134008,84,1,0,1
3675320,84,1,1,0
2339608,84,1,0,1
7395616,84,1,1,0
351800,84,1,1,0
4990712,84,1,1,0
4038712,84,1,0,1
2983416,84,1,0,1
2321480,84,1,0,1
2378568,84,1,1,0
8072712,84,1,1,0
4862048,84,1,1,0
530792,84,1,1,0
6299544,84,1,1,0
2037272,84,1,0,1
576760,84,1,1,0
498600,84,1,1,0
474584,84,1,1,0
8305488,84,1,1,0
962240,84,1,1,0
4635952,84,1,0,1
1516464,84,1,1,0
568304,84,1,1,0
4194960,84,1,0,1
1671680,84,1,0,1
6783568,84,1,1,0
421528,84,1,1,0
375120,84,1,0,1
1048256,84,1,0,1
2863904,84,1,1,0
576184,84,1,1,0
7313304,84,1,0,1
5347144,84,1,0,1
2072032,84,1,1,0
2951624,84,1,1,0
3386520,84,1,0,1
1882328,84,1,0,1
2544320,84,1,0,1
632792,84,1,1,0
3867832,84,1,0,1
1021184,84,1,1,0
2439488,84,1,1,0
4664856,84,1,1,0
3481520,84,1,1,0
3792288,84,1,0,1
2018944,84,1,0,1
306160,84,1,1,0
1120144,84,1,0,1
776144,84,1,1,0
1226192,84,1,0,1
1388024,84,1,1,0
2468616,84,1,0,1
2985584,84,1,0,1
5886272,84,1,0,1
260816,84,1,1,0
899768,84,1,1,0
2492320,84,1,0,1
3810144,84,1,0,1
967448,84,1,1,0
3905000,84,1,0,1
4395032,84,1,0,1
6955720,84,1,0,1
3249728,84,1,1,0
5096728,84,1,0,1
61768,84,1,1,0
967240,84,1,1,0
2234760,84,1,0,1
622960,84,1,1,0
301984,84,1,1,0
6234240,84,1,0,1
739160,84,1,0,1
5449144,84,1,1,0
897480,84,1,0,1
199248,84,1,1,0
2068392,84,1,0,1
236144,84,1,1,0
330904,84,1,0,1
5003800,84,1,1,0
1107664,84,1,0,1
3013856,84,1,0,1
1269368,84,1,0,1
5987296,84,1,1,0
4064592,84,1,1,0
1472016,84,1,0,1
904496,84,1,0,1
166032,84,1,0,1
500888,84,1,0,1
768232,84,1,0,1
760488,84,1,0,1
1641800,84,1,1,0
2805608,84,1,0,1
5566576,84,1,1,0
1947256,84,1,0,1
7410448,84,1,1,0
2059144,84,1,0,1
4506232,84,1,1,0
4183760,84,1,1,0
1193888,84,1,1,0
6137400,84,1,1,0
4622768,84,1,1,0
5721040,84,1,1,0
1077216,84,1,0,1
1967168,84,1,1,0
4508024,84,1,0,1
5768064,84,1,1,0
4626528,84,1,1,0
7663184,84,1,0,1
3926232,84,1,1,0
3371784,84,1,1,0
1314912,84,1,0,1
1628832,84,1,1,0
2527560,84,1,1,0
3685552,84,1,0,1
878992,84,1,1,0
495544,84,1,1,0
2356792,84,1,1,0
2136320,84,1,1,0
1499552,84,1,1,0
4334840,84,1,0,1
5736872,84,1,0,1
2307456,84,1,1,0
6748520,84,1,1,0
171776,84,1,1,0
1899640,84,1,0,1
990336,84,1,1,0
5232816,84,1,0,1
2167448,84,1,0,1
5631864,84,1,1,0
1532672,84,1,0,1
3615656,84,1,0,1
1469984,84,1,1,0
5137472,84,1,0,1
8177520,84,1,1,0
1787616,84,1,1,0
427144,84,1,1,0
4119280,84,1,1,0
726288,84,1,1,0
2562392,84,1,1,0
2892032,84,1,0,1
6547496,84,1,0,1
2357400,84,1,1,0
4475248,84,1,0,1
7502160,84,1,1,0
4660072,84,1,0,1
658736,84,1,0,1
4835168,84,1,1,0
2926400,84,1,1,0
5798168,84,1,0,1
5756880,84,1,1,0
4696152,84,1,1,0
4048824,84,1,0,1
4878600,84,1,0,1
3759280,84,1,1,0
3100784,84,1,1,0
2925792,84,1,1,0
1228704,84,1,0,1
3282328,84,1,0,1
528176,84,1,0,1
2413360,84,1,0,1
6337832,84,1,0,1
315744,84,1,0,1
2118920,84,1,1,0
4747216,84,1,0,1
1812736,84,1,1,0
2746872,84,1,1,0
6120272,84,1,1,0
4621336,84,1,1,0
1143848,84,1,0,1
7697864,84,1,1,0
408464,84,1,1,0
2307352,84,1,0,1
400112,84,1,1,0
5638592,84,1,1,0
5226192,84,1,1,0
790992,84,1,0,1
2393184,84,1,1,0
2196808,84,1,0,1
1216256,84,1,0,1
1648936,84,1,0,1
1035680,84,1,1,0
6623728,84,1,0,1
693648,84,1,0,1
501280,84,1,1,0
3067048,84,1,0,1
1677584,84,1,1,0
1250448,84,1,1,0
406656,84,1,0,1
5148208,84,1,1,0
3631520,84,1,1,0
7539176,84,1,0,1
488488,84,1,0,1
7889640,84,1,1,0
4107504,84,1,0,1
8306976,84,1,1,0
4783592,84,1,1,0
6695200,84,1,1,0
1882040,84,1,1,0
1284864,84,1,0,1
2463480,84,1,1,0
579184,84,1,1,0
7232464,84,1,1,0
724416,84,1,1,0
420688,84,1,1,0
3859280,84,1,1,0
7764272,84,1,1,0
7200944,84,1,0,1
1115680,84,1,0,1
4472528,84,1,1,0
7836416,84,1,0,1
3122848,84,1,1,0
2540352,84,1,0,1
310920,84,1,1,0
364880,84,1,1,0
1075072,84,1,0,1
3194432,84,1,1,0
539136,84,1,0,1
766456,84,1,0,1
2417192,84,1,1,0
648736,84,1,0,1
913136,84,1,1,0
5405272,84,1,1,0
336368,84,1,0,1
491192,84,1,1,0
1084720,84,1,1,0
6205360,84,1,1,0
5216488,84,1,0,1
6363376,84,1,0,1
2070680,84,1,1,0
1020160,84,1,1,0
2460296,84,1,0,1
805656,84,1,0,1
2990160,84,1,1,0
3794336,84,1,0,1
903432,84,1,1,0
4767448,84,1,0,1
5474200,84,1,1,0
336248,84,1,0,1
5411592,84,1,1,0
5751624,84,1,0,1
265896,84,1,1,0
5546968,84,1,1,0
5527712,84,1,1,0
425160,84,1,0,1
1637128,84,1,0,1
2050048,84,1,0,1
597272,84,1,1,0
4285232,84,1,0,1
860504,84,1,0,1
4218200,84,1,0,1
4201120,84,1,1,0
4148400,84,1,1,0
1143424,84,1,1,0
687728,84,1,0,1
901992,84,1,1,0
3004432,84,1,0,1
1590872,84,1,0,1
3301976,84,1,0,1
1223248,84,1,0,1
3019312,84,1,1,0
5501488,84,1,1,0
1922696,84,1,1,0
146088,84,1,1,0
582352,84,1,1,0
5288520,84,1,0,1
7846184,84,1,1,0
1166128,84,1,0,1
226512,84,1,1,0
4046040,84,1,1,0
6109880,84,1,1,0
329264,84,1,0,1
226560,84,1,1,0
2160336,84,1,1,0
2171272,84,1,0,1
1415128,84,1,1,0
655288,84,1,0,1
567592,84,1,0,1
6366376,84,1,1,0
568456,84,1,1,0
897392,84,1,0,1
276016,84,1,0,1
2642712,84,1,1,0
200808,84,1,0,1
1968656,84,1,0,1
223168,84,1,1,0
1199496,84,1,1,0
2922224,84,1,1,0
5695120,84,1,0,1
2968104,84,1,1,0
1274528,84,1,0,1
870560,84,1,0,1
1110976,84,1,1,0
3307544,84,1,1,0
7791184,84,1,1,0
6444272,84,1,1,0
1068000,84,1,1,0
2022112,84,1,0,1
476400,84,1,1,0
483440,84,1,1,0
2090608,84,1,0,1
4355712,84,1,1,0
1816896,84,1,0,1
4571464,84,1,0,1
8363536,84,1,0,1
3911096,84,1,1,0
1847512,84,1,0,1
2300384,84,1,0,1
227352,84,1,0,1
1504400,84,1,1,0
2252032,84,1,1,0
2235728,84,1,0,1
1191184,84,1,1,0
6290728,84,1,0,1
1890824,84,1,1,0
5316616,84,1,1,0
4033560,84,1,0,1
1462712,84,1,1,0
7956112,84,1,1,0
5208280,84,1,0,1
3587040,84,1,0,1
500256,84,1,1,0
4828512,84,1,0,1
5295800,84,1,0,1
882656,84,1,0,1
1618128,84,1,0,1
1562520,84,1,0,1
221744,84,1,0,1
1984392,84,1,0,1
3109864,84,1,1,0
1097968,84,1,1,0
8362720,84,1,1,0
3045864,84,1,0,1
1006952,84,1,0,1
886256,84,1,0,1
7463608,84,1,0,1
4319400,84,1,1,0
106008,84,1,1,0
3954984,84,1,1,0
540744,84,1,1,0
1242600,84,1,0,1
3095376,84,1,0,1
2802792,84,1,1,0
995800,84,1,1,0
322960,84,1,1,0
3336472,84,1,1,0
750976,84,1,0,1
6351312,84,1,1,0
2462320,84,1,0,1
446240,84,1,0,1
1934992,84,1,0,1
1223208,84,1,1,0
8188408,84,1,0,1
437528,84,1,1,0
2677272,84,1,0,1
7567544,84,1,1,0
3855888,84,1,1,0
880880,84,1,0,1
2019240,84,1,1,0
6567192,84,1,1,0
6145416,84,1,1,0
7990168,84,1,1,0
1602752,84,1,0,1
2590368,84,1,0,1
681296,84,1,1,0
4741328,84,1,1,0
2750168,84,1,0,1
1130184,84,1,0,1
2817632,84,1,1,0
5326296,84,1,1,0
772456,84,1,0,1
3957976,84,1,1,0
2561568,84,1,1,0
3685032,84,1,1,0
136848,84,1,0,1
3922216,84,1,0,1
945920,84,1,1,0
7846744,84,1,0,1
505712,84,1,0,1
1654984,84,1,0,1
662792,84,1,0,1
2909360,84,1,1,0
2067528,84,1,1,0
397368,84,1,1,0
2455928,84,1,1,0
2561720,84,1,0,1
5511200,84,1,1,0
465072,84,1,0,1
119216,84,1,1,0
3642496,84,1,1,0
1301960,84,1,1,0
2771288,84,1,0,1
7139952,84,1,1,0
883080,84,1,1,0
852808,84,1,0,1
7190672,84,1,1,0
430160,84,1,1,0
5437784,84,1,0,1
7715400,84,1,0,1
2046664,84,1,0,1
1161120,84,1,1,0
7558272,84,1,0,1
3578560,84,1,0,1
826440,84,1,1,0
932472,84,1,0,1
769896,84,1,1,0
2638984,84,1,1,0
510296,84,1,0,1
7118760,84,1,1,0
5370800,84,1,1,0
4650472,84,1,1,0
2749288,84,1,1,0
178536,84,1,1,0
1716232,84,1,0,1
1781176,84,1,1,0
1266880,84,1,0,1
2275048,84,1,0,1
1205264,84,1,1,0
307120,84,1,1,0
485904,84,1,1,0
568288,84,1,1,0
4018600,84,1,1,0
3409864,84,1,1,0
1815008,84,1,1,0
651488,84,1,1,0
3148272,84,1,1,0
1874120,84,1,0,1
766632,84,1,0,1
1044168,84,1,0,1
759032,84,1,1,0
1128520,84,1,1,0
1295032,84,1,0,1
6076528,84,1,0,1
1433240,84,1,0,1
5636800,84,1,0,1
3037656,84,1,1,0
416072,84,1,0,1
696256,84,1,0,1
5001136,84,1,0,1
412160,84,1,0,1
3678864,84,1,0,1
3764296,84,1,0,1
5009224,84,1,0,1
6814160,84,1,0,1
7490760,84,1,1,0
3513808,84,1,1,0
4314960,84,1,1,0
1010680,84,1,1,0
5577664,84,1,1,0
3569888,84,1,0,1
7457544,84,1,0,1
505288,84,1,1,0
992104,84,1,1,0
464920,84,1,1,0
387088,84,1,1,0
4740488,84,1,0,1
2039304,84,1,1,0
1117808,84,1,0,1
415536,84,1,0,1
1467320,84,1,0,1
6923000,84,1,1,0
450920,84,1,1,0
3504848,84,1,1,0
4797664,84,1,0,1
2476720,84,1,0,1
2740608,84,1,0,1
1233312,84,1,0,1
6066520,84,1,0,1
3906240,84,1,0,1
658096,84,1,1,0
1300000,84,1,1,0
5630248,84,1,0,1
948584,84,1,0,1
2882432,84,1,0,1
228176,84,1,1,0
5878760,84,1,1,0
233840,84,1,1,0
6249088,84,1,1,0
289520,84,1,1,0
1870208,84,1,1,0
1077472,84,1,0,1
7336752,84,1,0,1
1525120,84,1,1,0
1425296,84,1,0,1
766800,84,1,1,0
6403528,84,1,0,1
1398016,84,1,0,1
5575896,84,1,1,0
2444408,84,1,1,0
1043240,84,1,0,1
2213488,84,1,0,1
6930072,84,1,0,1
1340528,84,1,1,0
4272192,84,1,1,0
5329784,84,1,1,0
2919800,84,1,1,0
63848,84,1,0,1
320648,84,1,1,0
5923712,84,1,0,1
248552,84,1,1,0
926872,84,1,0,1
1084504,84,1,0,1
1214152,84,1,0,1
7319104,84,1,1,0
5493720,84,1,1,0
2937448,84,1,1,0
7587272,84,1,1,0
7268344,84,1,0,1
133552,84,1,0,1
7870784,84,1,1,0
1875832,84,1,1,0
5180032,84,1,1,0
3158672,84,1,0,1
3120024,84,1,1,0
2006040,84,1,0,1
8015736,84,1,1,0
580264,84,1,1,0
5451928,84,1,1,0
6027552,84,1,0,1
7737432,84,1,1,0
781664,84,1,0,1
2561032,84,1,0,1
1092544,84,1,1,0
5241296,84,1,1,0
389912,84,1,0,1
390472,84,1,1,0
1310392,84,1,1,0
2019112,84,1,0,1
1855072,84,1,0,1
181520,84,1,1,0
7726960,84,1,0,1
3288712,84,1,1,0
5787088,84,1,0,1
6748160,84,1,1,0
3301336,84,1,0,1
3462280,84,1,1,0
3739928,84,1,1,0
3409872,84,1,1,0
3236240,84,1,1,0
539088,84,1,0,1
560288,84,1,0,1
6517568,84,1,0,1
5250688,84,1,1,0
7001728,84,1,0,1
536880,84,1,1,0
575984,84,1,1,0
4267888,84,1,0,1
1494592,84,1,1,0
108312,84,1,0,1
1832808,84,1,1,0
859992,84,1,0,1
524312,84,1,0,1
1203216,84,1,0,1
347344,84,1,1,0
2463400,84,1,1,0
1567088,84,1,1,0
1040736,84,1,1,0
2086168,84,1,1,0
7548688,84,1,0,1
2727456,84,1,1,0
7038976,84,1,1,0
1086328,84,1,0,1
6711032,84,1,1,0
2333784,84,1,1,0
4411696,84,1,1,0
2657464,84,1,1,0
7761992,84,1,1,0
4358792,84,1,0,1
365368,84,1,1,0
7709808,84,1,0,1
5000152,84,1,0,1
335600,84,1,0,1
278656,84,1,1,0
1452032,84,1,0,1
1477920,84,1,1,0
6144576,84,1,1,0
1848328,84,1,0,1
6458496,84,1,0,1
2030264,84,1,1,0
7120240,84,1,0,1
861040,84,1,0,1
864600,84,1,1,0
4001928,84,1,0,1
1427672,84,1,1,0
4570808,84,1,1,0
7868464,84,1,0,1
392880,84,1,0,1
3884088,84,1,1,0
7268736,84,1,0,1
2313080,84,1,0,1
4786680,84,1,0,1
263696,84,1,0,1
3862904,84,1,1,0
4880696,84,1,1,0
5210904,84,1,1,0
1825072,84,1,0,1
975784,84,1,0,1
2342088,84,1,0,1
913768,84,1,1,0
1908296,84,1,0,1
6985288,84,1,1,0
945504,84,1,0,1
5501040,84,1,0,1
2417840,84,1,0,1
3943456,84,1,1,0
1574952,84,1,0,1
5967072,84,1,0,1
3047288,84,1,0,1
4894976,84,1,0,1
300848,84,1,1,0
4049296,84,1,0,1
4220824,84,1,0,1
1522720,84,1,0,1
3861608,84,1,1,0
433184,84,1,0,1
3918536,84,1,0,1
636304,84,1,1,0
3787064,84,1,1,0
5521272,84,1,1,0
3507696,84,1,0,1
4234968,84,1,1,0
500728,84,1,0,1
134256,84,1,0,1
2586560,84,1,0,1
932440,84,1,1,0
3215200,84,1,1,0
589712,84,1,1,0
306088,84,1,1,0
3017552,84,1,1,0
1672376,84,1,0,1
281688,84,1,1,0
1488616,84,1,1,0
1110032,84,1,0,1
377912,84,1,1,0
7099664,84,1,0,1
593472,84,1,0,1
471064,84,1,0,1
4082072,84,1,0,1
504800,84,1,1,0
3460440,84,1,0,1
621592,84,1,0,1
1076336,84,1,0,1
6477368,84,1,1,0
893144,84,1,1,0
4129256,84,1,1,0
1585704,84,1,0,1
558688,84,1,0,1
204040,84,1,1,0
3885776,84,1,0,1
3365416,84,1,0,1
6217920,84,1,0,1
7315752,84,1,0,1
6352616,84,1,0,1
1017672,84,1,0,1
2643432,84,1,1,0
922224,84,1,0,1
1135312,84,1,0,1
8193072,84,1,1,0
2019440,84,1,0,1
3951592,84,1,0,1
6570080,84,1,0,1
6747952,84,1,1,0
7896240,84,1,1,0
1011200,84,1,0,1
540592,84,1,0,1
2937240,84,1,1,0
2298512,84,1,1,0
1377280,84,1,1,0
6809800,84,1,0,1
257632,84,1,0,1
7537456,84,1,1,0
4368440,84,1,0,1
526480,84,1,1,0
7657128,84,1,0,1
329328,84,1,1,0
4328552,84,1,1,0
6999552,84,1,1,0
1272520,84,1,1,0
401720,84,1,0,1
1177888,84,1,0,1
536576,84,1,0,1
3153696,84,1,0,1
2532440,84,1,0,1
6358936,84,1,1,0
1115304,84,1,0,1
6560040,84,1,0,1
1194296,84,1,1,0
3153320,84,1,1,0
6461352,84,1,1,0
5457416,84,1,1,0
1367600,84,1,1,0
261320,84,1,1,0
1335976,84,1,1,0
8007128,84,1,0,1
571960,84,1,0,1
6090944,84,1,1,0
3035360,84,1,0,1
7090200,84,1,0,1
4929168,84,1,0,1
7774096,84,1,0,1
237264,84,1,0,1
1032648,84,1,0,1
1573912,84,1,1,0
3672088,84,1,1,0
2431752,84,1,0,1
3968112,84,1,1,0
2190464,84,1,1,0
1410776,84,1,1,0
5659752,84,1,1,0
1240392,84,1,0,1
483216,84,1,1,0
1689512,84,1,1,0
1164360,84,1,1,0
6085256,84,1,0,1
2594536,84,1,0,1
949864,84,1,0,1
5227776,84,1,1,0
1458528,84,1,0,1
907112,84,1,1,0
2559136,84,1,1,0
3439200,84,1,0,1
4818256,84,1,0,1
2003768,84,1,0,1
5691216,84,1,0,1
8246160,84,1,1,0
2485640,84,1,0,1
862944,84,1,0,1
1869448,84,1,0,1
123024,84,1,1,0
6241616,84,1,1,0
4305496,84,1,0,1
7535544,84,1,0,1
5574168,84,1,0,1
2184736,84,1,0,1
7959352,84,1,1,0
5745840,84,1,1,0
4077832,84,1,0,1
4364744,84,1,1,0
4708896,84,1,0,1
7620592,84,1,1,0
1070880,84,1,1,0
268048,84,1,1,0
4766688,84,1,0,1
4692664,84,1,1,0
1324408,84,1,1,0
1364248,84,1,0,1
1915584,84,1,0,1
5228536,84,1,0,1
2316856,84,1,1,0
3564488,84,1,1,0
1435280,84,1,0,1
7034120,84,1,1,0
1878352,84,1,0,1
210192,84,1,1,0
211472,84,1,0,1
3445392,84,1,1,0
558032,84,1,1,0
6034696,84,1,1,0
3920360,84,1,0,1
1982312,84,1,0,1
8145672,84,1,1,0
1279352,84,1,1,0
4411416,84,1,1,0
5717096,84,1,0,1
756544,84,1,1,0
697520,84,1,1,0
2195080,84,1,1,0
4094936,84,1,0,1
2022312,84,1,0,1
4941352,84,1,1,0
6321696,84,1,0,1
1488736,84,1,1,0
1322720,84,1,1,0
1626696,84,1,1,0
6707952,84,1,0,1
1653848,84,1,0,1
855904,84,1,1,0
5101624,84,1,0,1
1164320,84,1,0,1
4440480,84,1,0,1
3215344,84,1,0,1
1237208,84,1,0,1
4833328,84,1,0,1
4170496,84,1,0,1
1521616,84,1,0,1
5106216,84,1,1,0
1669888,84,1,1,0
959336,84,1,1,0
474272,84,1,1,0
3340144,84,1,1,0
274552,84,1,0,1
4816224,84,1,0,1
4146672,84,1,1,0
1959712,84,1,1,0
6020800,84,1,1,0
486216,84,1,1,0
1137448,84,1,1,0
467976,84,1,1,0
3318472,84,1,0,1
4876488,84,1,0,1
614232,84,1,1,0
985448,84,1,1,0
1351096,84,1,1,0
1715776,84,1,0,1
1810304,84,1,1,0
5575504,84,1,1,0
3786040,84,1,1,0
854608,84,1,0,1
1636688,84,1,0,1
485848,84,1,0,1
819800,84,1,1,0
4971904,84,1,0,1
5803688,84,1,0,1
4328344,84,1,0,1
8000152,84,1,0,1
2161944,84,1,1,0
3282080,84,1,1,0
2088192,84,1,0,1
1426416,84,1,0,1
4539064,84,1,0,1
6110960,84,1,1,0
6876320,84,1,0,1
455984,84,1,0,1
1448712,84,1,1,0
2461096,84,1,1,0
3414440,84,1,0,1
7146904,84,1,0,1
7587936,84,1,0,1
4757976,84,1,0,1
889632,84,1,1,0
531640,84,1,0,1
4349048,84,1,0,1
3802880,84,1,1,0
1429424,84,1,0,1
755432,84,1,0,1
4921592,84,1,0,1
3180144,84,1,0,1
2684168,84,1,0,1
421560,84,1,1,0
2769584,84,1,1,0
1357760,84,1,1,0
988072,84,1,1,0
3584008,84,1,0,1
7432096,84,1,0,1
2407304,84,1,0,1
7987520,84,1,0,1
7078280,84,1,0,1
3464168,84,1,1,0
552416,84,1,1,0
4386800,84,1,0,1
1222048,84,1,1,0
6705904,84,1,1,0
5010824,84,1,0,1
7649120,84,1,1,0
485040,84,1,1,0
139480,84,1,0,1
5584952,84,1,1,0
845328,84,1,0,1
376000,84,1,0,1
3526816,84,1,0,1
3216192,84,1,1,0
4623408,84,1,0,1
4895656,84,1,0,1
208736,84,1,1,0
1775328,84,1,1,0
6665544,84,1,0,1
443256,84,1,1,0
684496,84,1,0,1
6765208,84,1,0,1
1332160,84,1,1,0
3456528,84,1,1,0
769840,84,1,0,1
694136,84,1,1,0
7688856,84,1,1,0
2307584,84,1,0,1
7798040,84,1,1,0
366880,84,1,0,1
5724392,84,1,0,1
649776,84,1,1,0
1856424,84,1,0,1
1463936,84,1,0,1
5844616,84,1,1,0
7026504,84,1,0,1
4989584,84,1,1,0
251704,84,1,1,0
1309088,84,1,1,0
5121344,84,1,1,0
1608072,84,1,0,1
346040,84,1,0,1
1976032,84,1,1,0
1442784,84,1,1,0
2320808,84,1,0,1
861728,84,1,0,1
3086200,84,1,0,1
4968880,84,1,0,1
300912,84,1,1,0
4431048,84,1,1,0
1666368,84,1,0,1
4601256,84,1,0,1
4837376,84,1,0,1
2034048,84,1,0,1
1955704,84,1,1,0
2294232,84,1,1,0
304152,84,1,1,0
2639256,84,1,0,1
2718344,84,1,0,1
1108664,84,1,0,1
1404848,84,1,0,1
469360,84,1,0,1
5131160,84,1,0,1
2053552,84,1,0,1
4603584,84,1,1,0
2066040,84,1,0,1
496160,84,1,1,0
359904,84,1,0,1
746248,84,1,0,1
7020664,84,1,0,1
1107488,84,1,1,0
5105048,84,1,1,0
2147216,84,1,0,1
2436160,84,1,0,1
380584,84,1,0,1
7889320,84,1,1,0
1937208,84,1,0,1
3587144,84,1,0,1
2152992,84,1,0,1
2231400,84,1,0,1
710032,84,1,1,0
7691120,84,1,0,1
5338680,84,1,0,1
4854176,84,1,1,0
3303736,84,1,1,0
262520,84,1,0,1
1605736,84,1,0,1
3957064,84,1,0,1
925448,84,1,1,0
6809944,84,1,1,0
1653424,84,1,1,0
1003920,84,1,0,1
400944,84,1,0,1
3931512,84,1,1,0
1037312,84,1,0,1
2051184,84,1,0,1
772840,84,1,1,0
1735376,84,1,0,1
6943080,84,1,0,1
1582672,84,1,1,0
2361320,84,1,0,1
4159656,84,1,0,1
2285984,84,1,0,1
8137832,84,1,1,0
235072,84,1,0,1
289440,84,1,1,0
4652376,84,1,1,0
508168,84,1,0,1
2669568,84,1,1,0
245640,84,1,1,0
4017040,84,1,1,0
6037088,84,1,1,0
4694080,84,1,0,1
4696480,84,1,0,1
1646520,84,1,0,1
1164696,84,1,1,0
739424,84,1,0,1
2969824,84,1,1,0
7843224,84,1,1,0
3208640,84,1,1,0
250792,84,1,0,1
524448,84,1,0,1
1059936,84,1,0,1
2237280,84,1,0,1
1348792,84,1,1,0
602072,84,1,0,1
3774272,84,1,0,1
6359216,84,1,0,1
6019632,84,1,0,1
4420528,84,1,1,0
225000,84,1,0,1
1553976,84,1,1,0
1369784,84,1,1,0
5222312,84,1,1,0
7610896,84,1,0,1
1347504,84,1,1,0
661536,84,1,1,0
2370448,84,1,0,1
3760744,84,1,0,1
669912,84,1,1,0
500576,84,1,1,0
8295768,84,1,0,1
202664,84,1,1,0
5659832,84,1,1,0
4651008,84,1,0,1
2417568,84,1,0,1
1365616,84,1,1,0
7383040,84,1,0,1
1197088,84,1,1,0
1374312,84,1,0,1
5648816,84,1,0,1
203032,84,1,0,1
8066080,84,1,0,1
770888,84,1,0,1
4303360,84,1,0,1
3351392,84,1,0,1
214944,84,1,1,0
630520,84,1,1,0
5914160,84,1,0,1
477432,84,1,1,0
5496864,84,1,1,0
1289840,84,1,1,0
2334728,84,1,0,1
290520,84,1,0,1
2855552,84,1,0,1
8004896,84,1,0,1
575544,84,1,1,0
1359480,84,1,1,0
5783368,84,1,1,0
1212056,84,1,0,1
3216840,84,1,1,0
402768,84,1,1,0
2913696,84,1,0,1
208816,84,1,0,1
676160,84,1,1,0
5047864,84,1,0,1
5165848,84,1,1,0
1052256,84,1,0,1
1325632,84,1,0,1
6942568,84,1,1,0
6981232,84,1,1,0
2305096,84,1,1,0
6026936,84,1,0,1
1782624,84,1,0,1
2980072,84,1,0,1
3317704,84,1,1,0
6170936,84,1,0,1
3172976,84,1,0,1
4153344,84,1,1,0
1211512,84,1,0,1
1972896,84,1,0,1
5509176,84,1,0,1
2383584,84,1,0,1
3221424,84,1,0,1
126160,84,1,1,0
1284840,84,1,1,0
1489352,84,1,0,1
823552,84,1,0,1
6910768,84,1,1,0
2428840,84,1,0,1
6173096,84,1,0,1
6228000,84,1,1,0
2080704,84,1,1,0
1098456,84,1,0,1
5429144,84,1,1,0
5553056,84,1,0,1
7452296,84,1,0,1
481768,84,1,0,1
4027192,84,1,0,1
1372832,84,1,1,0
1539776,84,1,1,0
2644936,84,1,1,0
1803128,84,1,0,1
751208,84,1,0,1
1184768,84,1,0,1
6531296,84,1,1,0
1141704,84,1,0,1
7598472,84,1,1,0
4193480,84,1,0,1
7000384,84,1,1,0
5029400,84,1,1,0
502480,84,1,1,0
1175120,84,1,0,1
1205456,84,1,1,0
5243336,84,1,0,1
1403440,84,1,0,1
5383576,84,1,1,0
4130560,84,1,1,0
6348768,84,1,1,0
4263648,84,1,1,0
2080968,84,1,1,0
156584,84,1,1,0
2752736,84,1,1,0
992064,84,1,1,0
5020248,84,1,0,1
5300920,84,1,0,1
790088,84,1,1,0
617152,84,1,0,1
2995544,84,1,1,0
1757856,84,1,0,1
390616,84,1,1,0
7157944,84,1,0,1
2737704,84,1,0,1
1106448,84,1,1,0
2882904,84,1,0,1
1907576,84,1,0,1
788912,84,1,1,0
198560,84,1,0,1
4907600,84,1,1,0
5687448,84,1,0,1
317984,84,1,1,0
1015312,84,1,1,0
7922656,84,1,1,0
1092096,84,1,1,0
2620600,84,1,0,1
2814744,84,1,1,0
1598752,84,1,0,1
291224,84,1,1,0
5237624,84,1,1,0
3765760,84,1,0,1
1456056,84,1,1,0
5003280,84,1,0,1
8034816,84,1,1,0
483200,84,1,0,1
3099840,84,1,1,0
106256,84,1,0,1
1115040,84,1,0,1
6308376,84,1,0,1
819792,84,1,1,0
1571136,84,1,0,1
5905512,84,1,1,0
3640648,84,1,1,0
4377136,84,1,1,0
1156984,84,1,0,1
573112,84,1,0,1
464888,84,1,1,0
2937048,84,1,0,1
676704,84,1,1,0
4046224,84,1,1,0
6634848,84,1,1,0
437400,84,1,0,1
4362264,84,1,0,1
736112,84,1,0,1
536784,84,1,0,1
706712,84,1,0,1
5449928,84,1,0,1
2504832,84,1,0,1
711672,84,1,0,1
4312968,84,1,0,1
5964680,84,1,1,0
5295888,84,1,0,1
1602456,84,1,1,0
3322464,84,1,1,0
3958312,84,1,0,1
3355992,84,1,0,1
1595864,84,1,0,1
4889008,84,1,0,1
1400088,84,1,0,1
4053696,84,1,1,0
165808,84,1,0,1
571768,84,1,1,0
1046768,84,1,0,1
3553512,84,1,0,1
3616784,84,1,1,0
765272,84,1,1,0
2428736,84,1,0,1
6425480,84,1,0,1
6952408,84,1,1,0
2188712,84,1,1,0
1770672,84,1,1,0
319536,84,1,1,0
589184,84,1,1,0
3308848,84,1,1,0
3816928,84,1,1,0
450496,84,1,0,1
2543408,84,1,1,0
2360768,84,1,0,1
5582624,84,1,1,0
3411776,84,1,0,1
1692976,84,1,0,1
949936,84,1,0,1
5146648,84,1,1,0
4466784,84,1,1,0
586256,84,1,0,1
1774768,84,1,0,1
470480,84,1,1,0
494832,84,1,0,1
677920,84,1,0,1
521568,84,1,0,1
1248936,84,1,0,1
4894232,84,1,0,1
6544712,84,1,0,1
987432,84,1,0,1
1365824,84,1,1,0
7143784,84,1,1,0
159408,84,1,1,0
6887744,84,1,0,1
6691112,84,1,0,1
3355848,84,1,1,0
7427888,84,1,1,0
979000,84,1,0,1
5158312,84,1,1,0
4276768,84,1,1,0
366592,84,1,0,1
700120,84,1,1,0
530608,84,1,0,1
5998056,84,1,1,0
2610928,84,1,0,1
899752,84,1,1,0
1100656,84,1,1,0
2839176,84,1,1,0
8274824,84,1,0,1
7084496,84,1,1,0
768176,84,1,1,0
1358280,84,1,0,1
2140864,84,1,0,1
2493864,84,1,1,0
1759288,84,1,1,0
782392,84,1,0,1
281392,84,1,1,0
499184,84,1,1,0
5608944,84,1,0,1
740064,84,1,1,0
1824512,84,1,0,1
1788088,84,1,0,1
7749912,84,1,0,1
4915216,84,1,0,1
949720,84,1,1,0
6808048,84,1,0,1
247200,84,1,1,0
5512280,84,1,1,0
1840184,84,1,1,0
1396856,84,1,1,0
643896,84,1,1,0
6888152,84,1,1,0
1651968,84,1,0,1
3896168,84,1,0,1
449656,84,1,0,1
3757032,84,1,1,0
5234864,84,1,1,0
4561664,84,1,0,1
2753480,84,1,0,1
4481128,84,1,0,1
1867800,84,1,0,1
712008,84,1,1,0
203080,84,1,0,1
4873792,84,1,0,1
618312,84,1,1,0
3466120,84,1,1,0
1606296,84,1,1,0
5029776,84,1,1,0
386600,84,1,0,1
2717552,84,1,1,0
4623072,84,1,0,1
882944,84,1,0,1
2923072,84,1,1,0
742776,84,1,1,0
1355320,84,1,1,0
1651008,84,1,0,1
4664552,84,1,1,0
844008,84,1,0,1
3540464,84,1,0,1
1367688,84,1,1,0
3601648,84,1,0,1
4396160,84,1,1,0
1582264,84,1,1,0
657728,84,1,1,0
8057800,84,1,1,0
1031592,84,1,1,0
4405152,84,1,1,0
5118816,84,1,1,0
1030776,84,1,1,0
3081704,84,1,0,1
4298360,84,1,1,0
463336,84,1,0,1
4077760,84,1,0,1
6777568,84,1,1,0
495752,84,1,0,1
1514360,84,1,1,0
4217944,84,1,0,1
7003608,84,1,1,0
4320440,84,1,1,0
2018776,84,1,0,1
773680,84,1,0,1
3485504,84,1,0,1
673416,84,1,1,0
983424,84,1,0,1
1822856,84,1,0,1
4678768,84,1,1,0
8251416,84,1,1,0
4122336,84,1,1,0
2257568,84,1,0,1
861104,84,1,1,0
613744,84,1,0,1
7213688,84,1,1,0
994256,84,1,0,1
4817232,85,1,0,1
1766392,85,1,0,1
1469576,85,1,0,1
4371656,85,1,0,1
7276944,85,1,1,0
3042624,85,1,1,0
6970232,85,1,1,0
533584,85,1,0,1
4381552,85,1,0,1
384888,85,1,0,1
224288,85,1,1,0
2106144,85,1,0,1
2153768,85,1,1,0
719016,85,1,0,1
4325784,85,1,1,0
103688,85,1,0,1
743800,85,1,0,1
197320,85,1,0,1
4021448,85,1,0,1
2888904,85,1,1,0
1593688,85,1,0,1
813896,85,1,1,0
6878352,85,1,0,1
1813360,85,1,1,0
4477288,85,1,1,0
5947576,85,1,1,0
2981984,85,1,1,0
3144256,85,1,0,1
343648,85,1,0,1
381016,85,1,1,0
1413208,85,1,1,0
866480,85,1,1,0
704104,85,1,0,1
927840,85,1,1,0
3006664,85,1,0,1
713600,85,1,1,0
908152,85,1,1,0
715904,85,1,0,1
6358376,85,1,1,0
477208,85,1,1,0
576064,85,1,0,1
3893800,85,1,0,1
446448,85,1,0,1
2671512,85,1,0,1
6120848,85,1,0,1
2325160,85,1,1,0
6065688,85,1,1,0
458352,85,1,1,0
609648,85,1,0,1
595568,85,1,0,1
1356016,85,1,0,1
8272928,85,1,0,1
2998352,85,1,0,1
1534032,85,1,0,1
1511528,85,1,1,0
1202184,85,1,0,1
679120,85,1,0,1
465960,85,1,1,0
3486896,85,1,1,0
788640,85,1,0,1
315368,85,1,0,1
3575792,85,1,0,1
2436608,85,1,0,1
5481624,85,1,1,0
306880,85,1,1,0
2104232,85,1,1,0
206272,85,1,1,0
209856,85,1,1,0
4563136,85,1,0,1
1418952,85,1,1,0
8193080,85,1,0,1
1144328,85,1,0,1
1190824,85,1,0,1
3052008,85,1,0,1
687352,85,1,0,1
1462576,85,1,0,1
6738784,85,1,1,0
1652096,85,1,0,1
910856,85,1,0,1
315880,85,1,0,1
2696536,85,1,0,1
8210000,85,1,1,0
797928,85,1,1,0
7955832,85,1,0,1
853152,85,1,1,0
1058544,85,1,1,0
1256488,85,1,1,0
815912,85,1,0,1
366264,85,1,1,0
1341280,85,1,0,1
299776,85,1,1,0
336600,85,1,0,1
2861072,85,1,1,0
5241416,85,1,0,1
808744,85,1,0,1
2103856,85,1,0,1
1752600,85,1,0,1
2952632,85,1,0,1
3388328,85,1,1,0
1208592,85,1,1,0
4528856,85,1,1,0
1073856,85,1,0,1
5122360,85,1,1,0
5011264,85,1,1,0
2679288,85,1,0,1
1071200,85,1,1,0
3171496,85,1,0,1
8022088,85,1,1,0
927952,85,1,0,1
6971208,85,1,0,1
549640,85,1,0,1
1792280,85,1,1,0
3240512,85,1,0,1
2430648,85,1,1,0
923872,85,1,0,1
515736,85,1,0,1
1018176,85,1,1,0
2265256,85,1,1,0
4987472,85,1,1,0
1786096,85,1,0,1
2407280,85,1,0,1
3469608,85,1,0,1
505704,85,1,1,0
7152040,85,1,1,0
477400,85,1,0,1
2333808,85,1,0,1
5819848,85,1,0,1
4914952,85,1,1,0
1160248,85,1,0,1
1575752,85,1,1,0
1155664,85,1,0,1
730936,85,1,0,1
1374416,85,1,0,1
3259888,85,1,1,0
5680776,85,1,1,0
1932624,85,1,1,0
3310888,85,1,1,0
1905224,85,1,0,1
6483912,85,1,1,0
5315584,85,1,1,0
1939896,85,1,0,1
2628720,85,1,0,1
642208,85,1,1,0
2925280,85,1,1,0
3677496,85,1,1,0
4553840,85,1,0,1
3351928,85,1,1,0
3168568,85,1,0,1
6635512,85,1,0,1
713912,85,1,0,1
5382720,85,1,0,1
3811696,85,1,1,0
2410384,85,1,1,0
5870136,85,1,0,1
1357144,85,1,1,0
3498920,85,1,1,0
8201504,85,1,1,0
3430616,85,1,0,1
3427880,85,1,0,1
2121808,85,1,1,0
3572072,85,1,1,0
7475168,85,1,0,1
6006856,85,1,1,0
1187208,85,1,1,0
1339760,85,1,0,1
5014112,85,1,0,1
1565056,85,1,1,0
1904976,85,1,0,1
2446512,85,1,0,1
3928264,85,1,0,1
1491656,85,1,1,0
5679136,85,1,1,0
1156296,85,1,0,1
492128,85,1,0,1
102640,85,1,1,0
698232,85,1,0,1
2432304,85,1,1,0
1594952,85,1,1,0
916832,85,1,0,1
1099560,85,1,0,1
884656,85,1,0,1
8072568,85,1,1,0
2946712,85,1,1,0
5433440,85,1,1,0
7245440,85,1,1,0
2612168,85,1,0,1
7344952,85,1,0,1
926240,85,1,0,1
3598584,85,1,1,0
2370808,85,1,0,1
3040336,85,1,0,1
3652688,85,1,0,1
4611328,85,1,1,0
618808,85,1,0,1
1905296,85,1,1,0
1636456,85,1,1,0
2168992,85,1,1,0
200208,85,1,0,1
5816160,85,1,0,1
589832,85,1,0,1
4609536,85,1,0,1
459320,85,1,0,1
4246608,85,1,1,0
699816,85,1,1,0
3848184,85,1,1,0
1258296,85,1,0,1
2339808,85,1,1,0
507320,85,1,1,0
2150440,85,1,0,1
3671248,85,1,0,1
1567848,85,1,1,0
500528,85,1,0,1
3730248,85,1,1,0
226984,85,1,1,0
1159584,85,1,1,0
455816,85,1,1,0
2128104,85,1,0,1
899688,85,1,1,0
6065928,85,1,1,0
1203168,85,1,1,0
8216616,85,1,1,0
1443808,85,1,0,1
408400,85,1,0,1
4907928,85,1,0,1
2024512,85,1,1,0
6459952,85,1,1,0
1291640,85,1,1,0
1585752,85,1,1,0
2598040,85,1,1,0
2886896,85,1,0,1
3300080,85,1,0,1
6022112,85,1,0,1
772520,85,1,0,1
805872,85,1,1,0
4554752,85,1,1,0
303984,85,1,0,1
1005752,85,1,0,1
2121136,85,1,1,0
6160256,85,1,1,0
2627296,85,1,1,0
609976,85,1,1,0
3467216,85,1,1,0
786080,85,1,1,0
4416024,85,1,0,1
7597728,85,1,1,0
8175848,85,1,1,0
8175208,85,1,0,1
6580632,85,1,0,1
1661992,85,1,1,0
5210360,85,1,0,1
619416,85,1,0,1
7959768,85,1,0,1
2607912,85,1,1,0
2534128,85,1,0,1
2061368,85,1,0,1
8368008,85,1,0,1
6725880,85,1,0,1
1981088,85,1,1,0
263792,85,1,0,1
198808,85,1,0,1
2363192,85,1,1,0
369752,85,1,0,1
491504,85,1,1,0
3599416,85,1,0,1
383944,85,1,0,1
2299440,85,1,1,0
2857336,85,1,0,1
902536,85,1,1,0
5781976,85,1,0,1
2858552,85,1,0,1
1938264,85,1,0,1
6990432,85,1,0,1
666672,85,1,1,0
6690048,85,1,1,0
1049696,85,1,0,1
6921136,85,1,0,1
3250896,85,1,1,0
4346192,85,1,0,1
4303448,85,1,1,0
583760,85,1,0,1
3498072,85,1,0,1
7641792,85,1,0,1
2653784,85,1,1,0
284760,85,1,0,1
1008704,85,1,0,1
964848,85,1,1,0
3397912,85,1,1,0
1621864,85,1,1,0
5640760,85,1,0,1
1958944,85,1,1,0
1741024,85,1,0,1
532064,85,1,1,0
63160,85,1,0,1
1966568,85,1,0,1
424008,85,1,1,0
1192008,85,1,1,0
312912,85,1,0,1
1103928,85,1,0,1
466784,85,1,0,1
2895072,85,1,0,1
7445856,85,1,1,0
3750424,85,1,0,1
2782760,85,1,0,1
5731816,85,1,0,1
4603960,85,1,0,1
4721832,85,1,0,1
2864976,85,1,1,0
6091952,85,1,0,1
409720,85,1,0,1
4923552,85,1,1,0
3905664,85,1,1,0
5933976,85,1,0,1
142976,85,1,1,0
4427120,85,1,1,0
504008,85,1,1,0
239368,85,1,0,1
1579744,85,1,1,0
1247744,85,1,1,0
1003840,85,1,1,0
411192,85,1,1,0
1093152,85,1,1,0
598104,85,1,1,0
5732600,85,1,1,0
1505760,85,1,0,1
8037296,85,1,0,1
640744,85,1,0,1
914480,85,1,0,1
4917272,85,1,0,1
419904,85,1,0,1
155920,85,1,1,0
2030680,85,1,1,0
2037800,85,1,0,1
271816,85,1,1,0
3301696,85,1,0,1
4200896,85,1,0,1
8249080,85,1,1,0
1034664,85,1,1,0
621672,85,1,0,1
8107888,85,1,0,1
221304,85,1,0,1
824600,85,1,1,0
564912,85,1,0,1
7898456,85,1,0,1
2138352,85,1,0,1
5092896,85,1,0,1
301792,85,1,0,1
4145560,85,1,0,1
560632,85,1,1,0
2127088,85,1,0,1
848800,85,1,0,1
918912,85,1,0,1
912224,85,1,0,1
2868544,85,1,0,1
6530200,85,1,0,1
6676944,85,1,0,1
6459648,85,1,0,1
1681024,85,1,1,0
99760,85,1,1,0
1789288,85,1,0,1
4626624,85,1,0,1
5863320,85,1,1,0
6324192,85,1,0,1
2643304,85,1,0,1
4252600,85,1,0,1
2056976,85,1,0,1
4343400,85,1,0,1
2007136,85,1,1,0
1063584,85,1,1,0
573968,85,1,0,1
928016,85,1,1,0
1072000,85,1,0,1
1841920,85,1,0,1
5528816,85,1,0,1
6080456,85,1,0,1
3084312,85,1,0,1
1758528,85,1,0,1
6074624,85,1,0,1
234728,85,1,1,0
4501968,85,1,0,1
2408400,85,1,0,1
8197384,85,1,0,1
1321952,85,1,1,0
7232192,85,1,0,1
2086304,85,1,1,0
2947976,85,1,0,1
6642904,85,1,0,1
1575496,85,1,0,1
2730624,85,1,0,1
1317920,85,1,0,1
7605744,85,1,0,1
4237448,85,1,1,0
1745376,85,1,0,1
4453712,85,1,1,0
607248,85,1,1,0
6241464,85,1,0,1
2269624,85,1,0,1
569816,85,1,0,1
4411184,85,1,0,1
4801040,85,1,1,0
858104,85,1,0,1
2839744,85,1,1,0
1101360,85,1,0,1
7903328,85,1,1,0
752112,85,1,0,1
756256,85,1,1,0
4539336,85,1,1,0
1218368,85,1,1,0
5700432,85,1,0,1
2529512,85,1,1,0
646264,85,1,0,1
2276656,85,1,0,1
330712,85,1,0,1
1415352,85,1,0,1
323304,85,1,0,1
5993432,85,1,1,0
1491616,85,1,1,0
3944896,85,1,0,1
8250816,85,1,0,1
7984856,85,1,1,0
5704032,85,1,1,0
554096,85,1,1,0
640472,85,1,0,1
2026568,85,1,1,0
4213464,85,1,1,0
1023584,85,1,1,0
7624504,85,1,1,0
1863800,85,1,1,0
1800832,85,1,1,0
1438440,85,1,1,0
6766808,85,1,1,0
6430920,85,1,1,0
441128,85,1,1,0
6182664,85,1,1,0
3501944,85,1,1,0
814936,85,1,0,1
967600,85,1,1,0
7964672,85,1,0,1
2584304,85,1,1,0
5975904,85,1,0,1
1481608,85,1,1,0
767920,85,1,0,1
5443048,85,1,0,1
247088,85,1,1,0
7852168,85,1,0,1
444000,85,1,1,0
7433376,85,1,0,1
1597408,85,1,1,0
3660328,85,1,1,0
1839216,85,1,1,0
2160512,85,1,0,1
1795680,85,1,0,1
1210696,85,1,0,1
320896,85,1,1,0
1255728,85,1,0,1
1394992,85,1,1,0
534520,85,1,1,0
3915104,85,1,1,0
110824,85,1,0,1
8011568,85,1,0,1
614328,85,1,0,1
1655752,85,1,1,0
456416,85,1,1,0
3383712,85,1,1,0
6763968,85,1,1,0
4350920,85,1,1,0
4479592,85,1,0,1
1360032,85,1,1,0
488552,85,1,1,0
3450232,85,1,1,0
1624120,85,1,0,1
4495856,85,1,1,0
3033320,85,1,1,0
1965216,85,1,0,1
2005968,85,1,0,1
3051056,85,1,0,1
6402976,85,1,1,0
3959136,85,1,1,0
1544440,85,1,1,0
939728,85,1,1,0
2704272,85,1,0,1
2474904,85,1,0,1
4998824,85,1,1,0
460896,85,1,1,0
3717120,85,1,0,1
679592,85,1,1,0
1899784,85,1,0,1
3021928,85,1,1,0
1952720,85,1,0,1
1614440,85,1,0,1
2864136,85,1,1,0
2371344,85,1,0,1
2619464,85,1,1,0
1276064,85,1,1,0
741096,85,1,0,1
4429856,85,1,0,1
2027632,85,1,1,0
7144864,85,1,1,0
3038528,85,1,1,0
8218456,85,1,1,0
5577032,85,1,1,0
303512,85,1,0,1
4172016,85,1,1,0
3359936,85,1,1,0
5625808,85,1,0,1
1189960,85,1,1,0
1727112,85,1,0,1
2841520,85,1,0,1
379848,85,1,1,0
5705256,85,1,1,0
7384024,85,1,0,1
1854904,85,1,0,1
1295872,85,1,1,0
193160,85,1,0,1
773288,85,1,1,0
5525856,85,1,0,1
4664584,85,1,0,1
4011664,85,1,1,0
3658440,85,1,0,1
450664,85,1,0,1
377704,85,1,0,1
1813904,85,1,0,1
549664,85,1,1,0
1083384,85,1,1,0
3329872,85,1,1,0
4399952,85,1,0,1
4981768,85,1,1,0
323840,85,1,0,1
476584,85,1,0,1
559216,85,1,0,1
1225920,85,1,1,0
2248688,85,1,0,1
856848,85,1,1,0
1823112,85,1,0,1
1679136,85,1,0,1
8111320,85,1,0,1
1301648,85,1,1,0
4649136,85,1,1,0
320600,85,1,0,1
8182424,85,1,0,1
3759152,85,1,0,1
6029736,85,1,0,1
209376,85,1,1,0
486680,85,1,0,1
2115384,85,1,0,1
958736,85,1,0,1
4523352,85,1,1,0
1910328,85,1,1,0
299928,85,1,0,1
6593040,85,1,0,1
5719552,85,1,1,0
993528,85,1,1,0
7716104,85,1,1,0
5081544,85,1,1,0
2983752,85,1,0,1
1993752,85,1,1,0
600840,85,1,1,0
6033704,85,1,1,0
1109552,85,1,0,1
1098016,85,1,0,1
226568,85,1,0,1
5991144,85,1,1,0
8126416,85,1,0,1
585432,85,1,0,1
6092632,85,1,1,0
2327864,85,1,1,0
1203528,85,1,0,1
181424,85,1,1,0
1810968,85,1,1,0
3376848,85,1,0,1
7776888,85,1,0,1
1976728,85,1,0,1
144384,85,1,1,0
7982488,85,1,0,1
2306368,85,1,1,0
490840,85,1,0,1
1765248,85,1,0,1
1140120,85,1,0,1
1593224,85,1,1,0
1339176,85,1,1,0
839832,85,1,1,0
4540200,85,1,1,0
414896,85,1,1,0
1060736,85,1,1,0
4886248,85,1,0,1
6695096,85,1,1,0
3802272,85,1,0,1
2898848,85,1,1,0
1988824,85,1,0,1
6816528,85,1,0,1
3930744,85,1,0,1
1072496,85,1,0,1
1236760,85,1,0,1
869792,85,1,0,1
1593216,85,1,0,1
431264,85,1,1,0
1226824,85,1,0,1
1859488,85,1,1,0
3340824,85,1,1,0
2063424,85,1,1,0
1329808,85,1,0,1
4442376,85,1,1,0
2240552,85,1,1,0
758264,85,1,0,1
2543624,85,1,1,0
1678912,85,1,1,0
534688,85,1,1,0
977968,85,1,1,0
2693072,85,1,0,1
3925792,85,1,1,0
2400368,85,1,0,1
1158776,85,1,1,0
556888,85,1,0,1
790536,85,1,0,1
943376,85,1,0,1
5821440,85,1,1,0
2546312,85,1,0,1
6850376,85,1,0,1
6127776,85,1,0,1
6665288,85,1,0,1
2499216,85,1,1,0
1127904,85,1,1,0
258616,85,1,0,1
7956480,85,1,1,0
671544,85,1,1,0
1967640,85,1,0,1
307928,85,1,0,1
2870096,85,1,1,0
3142952,85,1,1,0
1839000,85,1,1,0
1254248,85,1,0,1
3922448,85,1,1,0
6487992,85,1,0,1
1067952,85,1,1,0
2085920,85,1,1,0
230072,85,1,0,1
996936,85,1,1,0
3884376,85,1,1,0
3356592,85,1,0,1
1020864,85,1,1,0
150776,85,1,1,0
1490376,85,1,0,1
2260232,85,1,1,0
7573360,85,1,1,0
7571224,85,1,1,0
4976304,85,1,1,0
3207456,85,1,0,1
355744,85,1,1,0
6608152,85,1,1,0
6395208,85,1,1,0
3366824,85,1,0,1
433008,85,1,0,1
5202712,85,1,0,1
2365792,85,1,1,0
6955944,85,1,0,1
1593064,85,1,1,0
3283544,85,1,0,1
6544600,85,1,0,1
204232,85,1,1,0
5989744,85,1,0,1
3968736,85,1,1,0
7101464,85,1,0,1
735160,85,1,1,0
4025496,85,1,0,1
7352944,85,1,0,1
2325912,85,1,1,0
646120,85,1,0,1
3852280,85,1,1,0
5913048,85,1,0,1
3584936,85,1,0,1
4318960,85,1,1,0
4773736,85,1,1,0
4949752,85,1,0,1
4389592,85,1,0,1
3430016,85,1,0,1
3233512,85,1,1,0
1443032,85,1,0,1
846816,85,1,1,0
5067992,85,1,0,1
6616160,85,1,1,0
6898312,85,1,1,0
620064,85,1,0,1
622904,85,1,1,0
2314688,85,1,1,0
419752,85,1,0,1
522080,85,1,1,0
722448,85,1,0,1
852456,85,1,1,0
8213080,85,1,1,0
507888,85,1,1,0
4156416,85,1,0,1
3382048,85,1,1,0
4308680,85,1,0,1
1789192,85,1,1,0
4072920,85,1,1,0
528408,85,1,0,1
6624752,85,1,0,1
5118744,85,1,1,0
2277648,85,1,0,1
7682832,85,1,0,1
2896328,85,1,1,0
7326416,85,1,0,1
1785136,85,1,0,1
6411928,85,1,1,0
2977824,85,1,1,0
2210976,85,1,0,1
716520,85,1,0,1
2092992,85,1,1,0
1415040,85,1,1,0
1586464,85,1,0,1
6710568,85,1,0,1
2748680,85,1,1,0
2712728,85,1,1,0
4955496,85,1,0,1
1166664,85,1,0,1
2395432,85,1,1,0
5268552,85,1,1,0
3491584,85,1,1,0
1782216,85,1,1,0
269688,85,1,1,0
2003696,85,1,1,0
1864848,85,1,0,1
3998064,85,1,1,0
393744,85,1,0,1
4940992,85,1,1,0
545472,85,1,0,1
844248,85,1,0,1
3711680,85,1,0,1
1143112,85,1,1,0
6124512,85,1,0,1
2212808,85,1,0,1
1201480,85,1,0,1
2083248,85,1,0,1
1591744,85,1,1,0
1629784,85,1,1,0
3542768,85,1,0,1
3342424,85,1,0,1
310304,85,1,1,0
345776,85,1,1,0
7756400,85,1,1,0
1122808,85,1,0,1
741656,85,1,1,0
948552,85,1,0,1
2984992,85,1,1,0
513440,85,1,0,1
613056,85,1,1,0
6274328,85,1,1,0
257464,85,1,0,1
2052448,85,1,1,0
2099368,85,1,1,0
771656,85,1,1,0
1012224,85,1,1,0
656456,85,1,0,1
6214744,85,1,0,1
7753408,85,1,1,0
659032,85,1,1,0
4499528,85,1,1,0
8140936,85,1,0,1
1929064,85,1,1,0
4151064,85,1,1,0
2333392,85,1,1,0
687152,85,1,0,1
4323136,85,1,1,0
2772096,85,1,1,0
1122184,85,1,1,0
802032,85,1,1,0
2702000,85,1,1,0
1113504,85,1,0,1
5380504,85,1,0,1
300032,85,1,1,0
1180864,85,1,0,1
4556560,85,1,1,0
941720,85,1,0,1
5456736,85,1,0,1
6592384,85,1,0,1
1648312,85,1,0,1
4222264,85,1,0,1
5245688,85,1,0,1
6648120,85,1,0,1
5873312,85,1,1,0
2464616,85,1,0,1
1221816,85,1,1,0
984800,85,1,1,0
4146760,85,1,0,1
5462080,85,1,1,0
7224968,85,1,0,1
827608,85,1,0,1
1123648,85,1,0,1
2016936,85,1,0,1
6418040,85,1,1,0
1225864,85,1,1,0
1859160,85,1,1,0
6833520,85,1,0,1
163080,85,1,0,1
4265800,85,1,1,0
4549008,85,1,0,1
8122968,85,1,1,0
3241208,85,1,1,0
6404504,85,1,0,1
7111536,85,1,1,0
2792440,85,1,0,1
3849336,85,1,1,0
2126976,85,1,1,0
1117088,85,1,0,1
3136920,85,1,1,0
4093080,85,1,1,0
6029856,85,1,0,1
259496,85,1,0,1
528656,85,1,0,1
470816,85,1,1,0
5614712,85,1,0,1
552800,85,1,1,0
2631104,85,1,0,1
3904488,85,1,0,1
4711096,85,1,0,1
3354608,85,1,1,0
1352264,85,1,0,1
754912,85,1,1,0
5624752,85,1,0,1
369112,85,1,0,1
7104008,85,1,0,1
3522784,85,1,0,1
439776,85,1,0,1
4815560,85,1,0,1
3628640,85,1,0,1
2909592,85,1,0,1
3825768,85,1,1,0
2489416,85,1,0,1
1276680,85,1,0,1
1962728,85,1,0,1
3938528,85,1,0,1
858632,85,1,1,0
4489120,85,1,1,0
2983592,85,1,0,1
6091256,85,1,0,1
2905184,85,1,0,1
1492352,85,1,1,0
245992,85,1,1,0
1466192,85,1,0,1
1135264,85,1,0,1
2902840,85,1,0,1
8370584,85,1,1,0
3692000,85,1,0,1
6064824,85,1,0,1
611232,85,1,1,0
5994008,85,1,0,1
588176,85,1,0,1
1967736,85,1,0,1
3789768,85,1,1,0
5894336,85,1,0,1
1890936,85,1,1,0
282496,85,1,0,1
2006552,85,1,1,0
466160,85,1,1,0
5677960,85,1,0,1
2837584,85,1,0,1
3563176,85,1,0,1
4493240,85,1,0,1
5069384,85,1,0,1
1361096,85,1,0,1
1624064,85,1,0,1
6869304,85,1,0,1
6805296,85,1,1,0
856264,85,1,1,0
387768,85,1,1,0
1537736,85,1,1,0
1094176,85,1,0,1
5618304,85,1,1,0
2741848,85,1,1,0
935952,85,1,0,1
93216,85,1,0,1
1270080,85,1,0,1
6772400,85,1,1,0
1910864,85,1,0,1
1397616,85,1,0,1
1251144,85,1,1,0
928464,85,1,0,1
2743800,85,1,0,1
1310992,85,1,1,0
1658144,85,1,1,0
7015848,85,1,1,0
1900360,85,1,1,0
5974512,85,1,0,1
5045872,85,1,0,1
265408,85,1,0,1
4803568,85,1,0,1
4237400,85,1,1,0
1954008,85,1,0,1
1772024,85,1,0,1
254904,85,1,0,1
6008520,85,1,0,1
2965336,85,1,0,1
830784,85,1,0,1
2657512,85,1,0,1
4011960,85,1,1,0
4506624,85,1,0,1
1396360,85,1,0,1
7341680,85,1,0,1
3352064,85,1,1,0
2651880,85,1,1,0
7401288,85,1,0,1
286144,85,1,0,1
1670312,85,1,0,1
7972184,85,1,0,1
2780728,85,1,0,1
6760264,85,1,1,0
2320488,85,1,0,1
1392112,85,1,1,0
1782920,85,1,1,0
735336,85,1,1,0
1266960,85,1,1,0
1811112,85,1,0,1
856208,85,1,0,1
498096,85,1,1,0
4701072,85,1,0,1
1076552,85,1,0,1
1436832,85,1,1,0
4896144,85,1,1,0
5506536,85,1,1,0
6653528,85,1,1,0
3740792,85,1,0,1
4774528,85,1,1,0
2760328,85,1,1,0
1181984,85,1,1,0
3277968,85,1,1,0
2191904,85,1,0,1
6062160,85,1,1,0
6509944,85,1,0,1
1573856,85,1,0,1
8357000,85,1,0,1
1324984,85,1,1,0
816080,85,1,1,0
3729072,85,1,1,0
425248,85,1,1,0
2043056,85,1,0,1
4329768,85,1,0,1
396496,85,1,1,0
4377208,85,1,1,0
5318424,85,1,0,1
4689656,85,1,0,1
5272640,85,1,0,1
187752,85,1,0,1
551592,85,1,1,0
6399888,85,1,1,0
122520,85,1,0,1
694568,85,1,0,1
2159344,85,1,0,1
3202376,85,1,1,0
7674544,85,1,1,0
2490456,85,1,0,1
759304,85,1,0,1
1792856,85,1,0,1
441088,85,1,0,1
3791360,85,1,0,1
976568,85,1,1,0
140712,85,1,0,1
4015640,85,1,1,0
278288,85,1,0,1
422584,85,1,0,1
1050592,85,1,0,1
871312,85,1,0,1
2666016,85,1,0,1
3560224,85,1,1,0
1334560,85,1,1,0
2197312,85,1,0,1
165992,85,1,1,0
600920,85,1,0,1
1178376,85,1,1,0
8109304,85,1,1,0
2005928,85,1,1,0
2511160,85,1,1,0
270160,85,1,0,1
2195280,85,1,1,0
7896688,85,1,1,0
1387872,85,1,0,1
2475016,85,1,1,0
139080,85,1,1,0
1045944,85,1,1,0
2350304,85,1,1,0
8141392,85,1,0,1
7915072,85,1,0,1
605104,85,1,1,0
4349072,85,1,1,0
742184,85,1,0,1
416104,85,1,0,1
1067376,85,1,1,0
5357520,85,1,1,0
2777800,85,1,1,0
5282856,85,1,1,0
3733440,85,1,0,1
2693872,85,1,1,0
1325104,85,1,1,0
5866600,85,1,0,1
1516248,85,1,0,1
600712,85,1,0,1
3197696,85,1,0,1
1311944,85,1,1,0
125312,85,1,1,0
2722616,85,1,1,0
811160,85,1,0,1
399264,85,1,1,0
7278664,85,1,1,0
3163240,85,1,1,0
8032520,85,1,1,0
3356088,85,1,1,0
393504,85,1,0,1
7050304,85,1,0,1
6428184,85,1,0,1
199064,85,1,0,1
7567864,85,1,1,0
686832,85,1,1,0
1006416,85,1,0,1
3889904,85,1,0,1
7614744,85,1,1,0
396432,85,1,0,1
1688648,85,1,1,0
1724864,85,1,0,1
480936,85,1,0,1
7826320,85,1,1,0
1088320,85,1,1,0
3715120,85,1,1,0
2292960,85,1,1,0
2165256,85,1,1,0
8092760,85,1,0,1
3565128,85,1,1,0
1227096,85,1,0,1
6161904,85,1,1,0
4665992,85,1,1,0
2895800,85,1,0,1
1209912,85,1,1,0
7812496,85,1,1,0
486792,85,1,1,0
5814384,85,1,1,0
1339384,85,1,1,0
6572880,85,1,0,1
1586456,85,1,1,0
396512,85,1,0,1
7758640,85,1,1,0
1480464,85,1,1,0
547840,85,1,0,1
1138952,85,1,0,1
577160,85,1,1,0
226840,85,1,1,0
3020344,85,1,0,1
4084008,85,1,1,0
144168,85,1,1,0
4592848,85,1,1,0
4988552,85,1,1,0
2576112,85,1,1,0
111904,85,1,0,1
652208,85,1,1,0
2442880,85,1,1,0
2008384,85,1,0,1
1515672,85,1,1,0
3448112,85,1,1,0
2126688,85,1,0,1
5813816,85,1,1,0
253560,85,1,1,0
172608,85,1,0,1
224456,85,1,1,0
2440840,85,1,1,0
206456,85,1,1,0
714080,85,1,1,0
856912,85,1,1,0
1283472,85,1,0,1
4046864,85,1,1,0
3293448,85,1,1,0
7905784,85,1,1,0
6832928,85,1,0,1
167080,85,1,1,0
3072432,85,1,0,1
6456888,85,1,0,1
7981568,85,1,0,1
647576,85,1,0,1
7274224,85,1,1,0
7380024,85,1,0,1
98024,85,1,0,1
783168,85,1,0,1
6217104,85,1,1,0
7533840,85,1,1,0
773808,85,1,1,0
3322128,85,1,1,0
292336,85,1,0,1
452136,85,1,0,1
2090680,85,1,1,0
7757224,85,1,1,0
347280,85,1,1,0
2463272,85,1,0,1
784344,85,1,1,0
1706472,85,1,1,0
2810232,85,1,1,0
1678224,85,1,0,1
5043992,85,1,1,0
2751880,85,1,1,0
3171880,85,1,0,1
5215688,85,1,1,0
1052512,85,1,1,0
3908936,85,1,1,0
963672,85,1,0,1
6234040,85,1,1,0
496632,85,1,0,1
2666352,85,1,1,0
1141384,85,1,0,1
2738096,85,1,0,1
235176,85,1,1,0
1114464,85,1,1,0
6552920,85,1,1,0
5033008,85,1,0,1
648832,85,1,0,1
1567912,85,1,1,0
8259688,85,1,0,1
2017816,85,1,1,0
464312,85,1,1,0
326912,85,1,0,1
728960,85,1,0,1
4140992,85,1,0,1
1543328,85,1,1,0
451776,85,1,1,0
905192,85,1,0,1
2294376,85,1,0,1
1030768,85,1,0,1
7024664,85,1,1,0
2637256,85,1,0,1
4600208,85,1,1,0
1833624,85,1,1,0
1399560,85,1,1,0
2119080,85,1,0,1
376696,85,1,0,1
2790360,85,1,0,1
4395288,85,1,1,0
2778640,85,1,1,0
5945872,85,1,0,1
1081168,85,1,0,1
6020672,85,1,1,0
570544,85,1,1,0
1806712,85,1,0,1
847864,85,1,1,0
8260784,85,1,0,1
798656,85,1,0,1
3969728,85,1,0,1
1124424,85,1,1,0
4250208,85,1,0,1
2707712,85,1,0,1
4364640,85,1,1,0
4187432,85,1,1,0
3592200,85,1,1,0
797472,85,1,1,0
1971416,85,1,0,1
1716592,85,1,0,1
4259880,85,1,0,1
570680,85,1,0,1
661744,85,1,1,0
4046968,85,1,1,0
3769144,85,1,0,1
584176,85,1,1,0
730208,85,1,1,0
244976,85,1,0,1
1913344,85,1,0,1
4786744,85,1,0,1
170600,85,1,1,0
4196984,85,1,1,0
6655928,85,1,0,1
4632592,85,1,1,0
750952,85,1,0,1
3947416,85,1,0,1
7306936,85,1,0,1
1203936,85,1,0,1
3715000,85,1,1,0
6134088,85,1,1,0
1119416,85,1,1,0
6603224,85,1,0,1
707128,85,1,1,0
2087328,85,1,0,1
1623016,85,1,0,1
1936104,85,1,0,1
768736,85,1,0,1
6179656,85,1,0,1
6621024,85,1,1,0
2050928,85,1,0,1
8305336,85,1,0,1
1168056,85,1,0,1
2278840,85,1,0,1
1936352,85,1,1,0
5378832,85,1,0,1
2432568,85,1,1,0
3729232,85,1,1,0
1181696,85,1,0,1
4232704,85,1,0,1
2090440,85,1,0,1
5171256,85,1,0,1
738552,85,1,0,1
4311304,85,1,0,1
2637048,85,1,0,1
1242744,85,1,1,0
1232416,85,1,0,1
5302248,85,1,1,0
3043520,85,1,0,1
1164720,85,1,1,0
1995064,85,1,0,1
910720,85,1,1,0
938664,85,1,0,1
990304,85,1,0,1
2916048,85,1,0,1
5935544,85,1,1,0
347616,85,1,0,1
2852080,85,1,0,1
3325904,85,1,0,1
7038464,85,1,0,1
3688696,85,1,0,1
1870624,85,1,0,1
189432,85,1,0,1
7660648,85,1,1,0
630144,85,1,0,1
7285696,85,1,0,1
6702968,85,1,1,0
6515464,85,1,0,1
3527072,85,1,0,1
2145088,85,1,1,0
6837528,85,1,1,0
715000,85,1,1,0
1800200,85,1,1,0
1673888,85,1,0,1
172296,85,1,1,0
470224,85,1,1,0
6608552,85,1,0,1
7104664,85,1,0,1
1198752,85,1,1,0
1160488,85,1,1,0
747160,85,1,1,0
4646376,85,1,0,1
919656,85,1,1,0
2845544,85,1,0,1
6967184,85,1,0,1
1239376,85,1,0,1
3061328,85,1,1,0
1205352,85,1,0,1
4462416,85,1,1,0
4611232,85,1,1,0
3220864,85,1,1,0
1843072,85,1,1,0
3306608,85,1,1,0
4257808,85,1,1,0
1796440,85,1,0,1
4265560,85,1,1,0
7202784,85,1,1,0
8023288,85,1,0,1
2759448,85,1,0,1
7397840,85,1,1,0
6550776,85,1,0,1
5924480,85,1,1,0
3204184,85,1,1,0
467224,85,1,0,1
1836872,85,1,1,0
3781544,85,1,1,0
75392,85,1,1,0
792696,85,1,0,1
837192,85,1,1,0
1676632,85,1,0,1
587376,85,1,0,1
1263936,85,1,1,0
3214128,85,1,1,0
1717832,85,1,0,1
820056,85,1,1,0
4425584,85,1,1,0
3900616,85,1,1,0
2400968,85,1,0,1
1431208,85,1,0,1
1359088,85,1,0,1
2839632,85,1,1,0
4419888,85,1,0,1
3806168,85,1,0,1
311520,85,1,0,1
5089240,85,1,1,0
4787456,85,1,0,1
655168,85,1,0,1
1250432,85,1,0,1
621216,85,1,0,1
349088,85,1,0,1
721408,85,1,1,0
1705832,85,1,1,0
822256,85,1,1,0
376896,85,1,1,0
6045856,85,1,0,1
6703800,85,1,0,1
7921984,85,1,1,0
1604696,85,1,0,1
472392,85,1,0,1
573184,85,1,0,1
440680,85,1,0,1
597096,85,1,1,0
3004952,85,1,0,1
269032,85,1,0,1
4643240,85,1,0,1
704864,85,1,0,1
2248760,85,1,0,1
1305048,85,1,0,1
4058544,85,1,1,0
4314136,85,1,0,1
1613536,85,1,1,0
641080,85,1,1,0
2329576,85,1,0,1
4841416,85,1,1,0
451888,85,1,0,1
245680,85,1,1,0
232240,85,1,1,0
174312,85,1,1,0
2163312,85,1,1,0
6005464,85,1,0,1
1283600,85,1,0,1
4932880,85,1,1,0
434008,85,1,0,1
1064928,85,1,1,0
4300720,85,1,1,0
161880,85,1,1,0
6023584,85,1,0,1
4772064,85,1,1,0
290232,85,1,0,1
2166328,85,1,1,0
7481752,85,1,0,1
717536,85,1,1,0
474752,85,1,1,0
880272,85,1,1,0
8125176,85,1,1,0
395096,85,1,1,0
7530640,85,1,1,0
6386120,85,1,1,0
6599960,85,1,1,0
5514472,85,1,1,0
2668008,85,1,1,0
5584928,85,1,1,0
2156584,85,1,0,1
1477952,85,1,1,0
4517608,85,1,0,1
7358160,85,1,1,0
405696,85,1,0,1
477384,85,1,0,1
7206424,85,1,0,1
5613128,85,1,0,1
213808,85,1,1,0
1153264,85,1,0,1
2085824,85,1,1,0
1449736,85,1,0,1
6746000,85,1,0,1
2092152,85,1,1,0
517800,85,1,1,0
7807720,85,1,0,1
1267760,85,1,1,0
5119248,85,1,0,1
3906632,85,1,1,0
1419064,85,1,0,1
903664,85,1,1,0
1205192,85,1,1,0
1082456,85,1,1,0
470504,85,1,0,1
1976304,85,1,1,0
4313720,85,1,0,1
1638128,85,1,0,1
1393008,85,1,0,1
7966528,85,1,1,0
3548160,85,1,0,1
1874640,85,1,1,0
2211008,85,1,0,1
8292672,85,1,1,0
1387616,85,1,1,0
425344,85,1,1,0
6547840,85,1,0,1
1637096,85,1,0,1
2445952,85,1,1,0
7294168,85,1,0,1
3138096,85,1,0,1
2540648,85,1,1,0
427688,85,1,1,0
1505176,85,1,1,0
891672,85,1,1,0
3753968,85,1,0,1
724840,85,1,1,0
2515440,85,1,0,1
2498920,85,1,1,0
302288,85,1,1,0
1428304,85,1,0,1
349144,85,1,1,0
3815912,85,1,1,0
1017304,85,1,0,1
1446192,85,1,0,1
260072,85,1,0,1
3565600,85,1,1,0
1977296,85,1,1,0
1223848,85,1,1,0
7752888,85,1,1,0
1201168,85,1,0,1
2133136,85,1,0,1
2923832,85,1,0,1
744016,85,1,0,1
7968112,85,1,0,1
3721272,85,1,0,1
7264016,85,1,1,0
1607080,85,1,1,0
523648,85,1,0,1
1022496,85,1,1,0
4981448,85,1,0,1
1748064,85,1,0,1
2540784,85,1,1,0
507280,85,1,0,1
5304784,85,1,1,0
279216,85,1,0,1
798928,85,1,1,0
1242096,85,1,1,0
1713136,85,1,1,0
5324480,85,1,1,0
805032,85,1,1,0
3153640,85,1,0,1
723472,85,1,0,1
6059088,85,1,1,0
310040,85,1,1,0
471416,85,1,0,1
7000240,85,1,1,0
8331128,85,1,0,1
2153008,85,1,1,0
532512,85,1,0,1
6579024,85,1,1,0
7068136,85,1,0,1
4797088,85,1,1,0
968296,85,1,0,1
1797896,85,1,0,1
907664,85,1,1,0
2264616,85,1,0,1
3279176,85,1,1,0
5719216,85,1,0,1
2832472,85,1,1,0
746952,85,1,0,1
1250344,85,1,0,1
476952,85,1,1,0
771760,85,1,0,1
2994640,85,1,1,0
6905712,85,1,1,0
570224,85,1,0,1
5062720,85,1,0,1
260080,85,1,1,0
1338560,85,1,1,0
7198120,85,1,0,1
8013280,85,1,0,1
1860520,85,1,0,1
7901672,85,1,1,0
4352608,85,1,1,0
1025448,85,1,0,1
795200,85,1,0,1
1498336,85,1,0,1
3761296,85,1,0,1
6392248,85,1,1,0
1151424,85,1,0,1
5258448,85,1,0,1
1509032,85,1,0,1
2312208,85,1,0,1
1158704,85,1,0,1
7687456,85,1,0,1
5129432,85,1,1,0
1641488,85,1,0,1
2717576,85,1,0,1
1317928,85,1,0,1
958672,85,1,1,0
5052824,85,1,1,0
1778624,85,1,1,0
7378120,85,1,0,1
3376872,85,1,0,1
790960,85,1,1,0
700568,85,1,0,1
5542144,85,1,0,1
2936512,85,1,0,1
543200,85,1,1,0
7112592,85,1,1,0
1333416,85,1,0,1
3005744,85,1,0,1
1032832,85,1,1,0
5393056,85,1,0,1
1729696,85,1,1,0
4156160,85,1,0,1
6598672,85,1,1,0
3487288,85,1,0,1
2786840,85,1,1,0
1065192,85,1,0,1
4587928,85,1,1,0
699024,85,1,1,0
4883536,85,1,0,1
5541280,85,1,1,0
3453928,85,1,1,0
436160,85,1,1,0
1091608,85,1,0,1
862648,85,1,0,1
473248,85,1,1,0
2631120,85,1,0,1
6959768,85,1,0,1
8086536,85,1,0,1
892944,85,1,0,1
5824128,85,1,0,1
7494648,85,1,0,1
1010808,85,1,0,1
4286352,85,1,1,0
7204016,85,1,0,1
4718680,85,1,0,1
5895928,85,1,1,0
6078344,85,1,0,1
2473352,85,1,1,0
2970120,85,1,0,1
5030712,85,1,0,1
6603112,85,1,1,0
376136,85,1,1,0
2140424,85,1,1,0
5706440,85,1,1,0
1356712,85,1,1,0
352136,85,1,1,0
7770632,85,1,1,0
1192216,85,1,0,1
1011488,85,1,0,1
8111848,85,1,1,0
7960176,85,1,1,0
1496152,85,1,0,1
5985464,85,1,1,0
7035200,85,1,0,1
1314064,85,1,0,1
1202568,85,1,1,0
4008648,85,1,1,0
8347800,85,1,1,0
6348416,85,1,0,1
3782864,85,1,0,1
1179472,85,1,1,0
2581232,85,1,1,0
1853024,85,1,0,1
748576,85,1,1,0
633952,85,1,0,1
2162024,85,1,1,0
6751112,85,1,1,0
6594808,85,1,0,1
366344,85,1,1,0
527280,85,1,0,1
192896,85,1,0,1
367424,85,1,0,1
1170400,85,1,1,0
2830264,85,1,0,1
594688,85,1,1,0
2104936,85,1,0,1
5720384,85,1,0,1
2538136,85,1,0,1
7180832,85,1,0,1
4432344,85,1,1,0
3164704,85,1,1,0
1309216,85,1,1,0
1936992,85,1,1,0
538120,85,1,0,1
593616,85,1,0,1
7558984,85,1,1,0
3537864,85,1,0,1
1651240,85,1,1,0
2101968,85,1,1,0
503912,85,1,1,0
1902816,85,1,0,1
4152920,85,1,0,1
511896,85,1,0,1
3383680,85,1,1,0
412544,85,1,0,1
545016,85,1,0,1
5120280,85,1,1,0
795144,85,1,0,1
4164840,85,1,1,0
7428584,85,1,1,0
5955496,85,1,0,1
6753704,85,1,0,1
3842776,85,1,0,1
1648984,85,1,1,0
7505576,85,1,1,0
806504,85,1,1,0
4835312,85,1,0,1
4107960,85,1,0,1
2033144,85,1,0,1
6393864,85,1,1,0
3244824,85,1,1,0
320016,85,1,0,1
1965544,85,1,1,0
1955840,85,1,1,0
4776568,85,1,1,0
4341760,85,1,1,0
555696,85,1,0,1
1255240,85,1,0,1
783360,85,1,0,1
5269608,85,1,0,1
5679224,85,1,1,0
3587168,85,1,1,0
826872,85,1,1,0
823808,85,1,0,1
1441984,85,1,0,1
5268248,85,1,1,0
3125752,85,1,1,0
5475512,85,1,1,0
403208,85,1,0,1
2588712,85,1,0,1
7778216,85,1,1,0
4248024,85,1,0,1
1033400,85,1,0,1
6867184,85,1,1,0
2928752,85,1,0,1
1309368,85,1,0,1
4667384,85,1,1,0
5350760,85,1,0,1
1602464,85,1,0,1
1688688,85,1,0,1
1764680,85,1,1,0
5348464,85,1,1,0
6887496,85,1,0,1
902840,85,1,0,1
2069784,85,1,1,0
1942920,85,1,0,1
5803696,85,1,1,0
4356304,85,1,1,0
4862832,85,1,0,1
2142968,85,1,0,1
3676304,85,1,1,0
2962200,85,1,1,0
1000016,85,1,0,1
2192024,85,1,1,0
7639992,85,1,1,0
590912,85,1,0,1
1303936,85,1,1,0
1956976,85,1,1,0
313848,85,1,0,1
5186144,85,1,0,1
1646168,85,1,0,1
1896904,85,1,1,0
530720,85,1,0,1
1505472,85,1,1,0
1421424,85,1,0,1
262488,85,1,1,0
7427368,85,1,1,0
1520920,85,1,0,1
3914256,85,1,1,0
851320,85,1,0,1
8298408,85,1,1,0
1036528,85,1,1,0
1603528,85,1,0,1
1957392,85,1,0,1
1765944,85,1,1,0
3627568,85,1,1,0
689912,85,1,0,1
969832,85,1,1,0
558208,85,1,0,1
2017160,85,1,1,0
3628776,85,1,1,0
2397536,85,1,0,1
5371208,85,1,0,1
1691832,85,1,0,1
2613144,85,1,0,1
4123616,85,1,1,0
2394808,85,1,1,0
5750136,85,1,1,0
706896,85,1,1,0
3994784,85,1,1,0
859928,85,1,1,0
6395080,85,1,0,1
4408096,85,1,1,0
2533904,85,1,1,0
1917376,85,1,1,0
330624,85,1,0,1
5224744,85,1,1,0
6142304,85,1,1,0
1998352,85,1,1,0
668536,85,1,1,0
777176,85,1,1,0
1090848,85,1,1,0
2734328,85,1,1,0
1677000,85,1,1,0
2331920,85,1,0,1
4716048,85,1,1,0
2628288,85,1,0,1
1107952,85,1,0,1
7787624,85,1,1,0
6430240,85,1,0,1
4882720,85,1,0,1
2919584,85,1,0,1
6555880,85,1,0,1
7180264,85,1,1,0
428696,85,1,1,0
6601032,85,1,0,1
503328,85,1,0,1
2387360,85,1,0,1
2326800,85,1,1,0
3118688,85,1,1,0
7620568,85,1,1,0
243880,85,1,0,1
4191992,85,1,1,0
2929648,85,1,0,1
6924024,85,1,1,0
7919448,85,1,1,0
1484176,85,1,1,0
4512912,85,1,1,0
616864,85,1,0,1
874408,85,1,0,1
1563368,85,1,0,1
6717016,85,1,1,0
7081456,85,1,1,0
942248,85,1,1,0
2627968,85,1,1,0
333216,85,1,1,0
6960616,85,1,1,0
5438384,85,1,0,1
2968368,85,1,1,0
3542424,85,1,0,1
8091976,85,1,1,0
3497320,85,1,1,0
671736,85,1,1,0
3152600,85,1,0,1
1367384,85,1,1,0
1050424,85,1,1,0
8244288,85,1,0,1
2185200,85,1,0,1
4054200,85,1,1,0
3231864,85,1,1,0
956312,85,1,0,1
1812984,85,1,0,1
2445160,85,1,1,0
1064120,85,1,1,0
7061424,85,1,0,1
2034592,85,1,0,1
2847016,85,1,0,1
1103384,85,1,1,0
6793488,85,1,0,1
7884880,85,1,0,1
1130072,85,1,0,1
1488640,85,1,0,1
5110112,85,1,1,0
6634808,85,1,1,0
496304,85,1,0,1
6470872,85,1,0,1
2873280,85,1,1,0
7170568,85,1,1,0
1088888,85,1,1,0
546872,85,1,1,0
556424,85,1,1,0
1598816,85,1,0,1
1233856,85,1,0,1
887552,85,1,0,1
783160,85,1,0,1
2798408,85,1,0,1
247048,85,1,1,0
2121472,85,1,0,1
1201256,85,1,0,1
508248,85,1,0,1
262128,85,1,0,1
2761912,85,1,0,1
2398256,85,1,1,0
2927168,85,1,1,0
4542736,85,1,1,0
1437192,85,1,0,1
7625664,85,1,0,1
364456,85,1,1,0
3887240,85,1,1,0
770656,85,1,0,1
7174728,85,1,0,1
540280,85,1,1,0
7898584,85,1,0,1
4375440,85,1,0,1
385456,85,1,1,0
2508904,85,1,0,1
5335288,85,1,1,0
1744824,85,1,1,0
715608,85,1,0,1
2623856,85,1,0,1
4243464,85,1,0,1
1885800,85,1,1,0
4117592,85,1,0,1
1982232,85,1,1,0
837520,85,1,0,1
4206264,85,1,0,1
288448,85,1,0,1
801576,85,1,0,1
770976,85,1,1,0
2519104,85,1,1,0
4132336,85,1,0,1
699656,85,1,1,0
633672,85,1,1,0
1482264,85,1,0,1
2089336,85,1,1,0
5728000,85,1,0,1
6805168,85,1,1,0
206392,85,1,0,1
1913528,85,1,1,0
966640,85,1,1,0
1479392,85,1,0,1
344872,85,1,0,1
8225048,85,1,0,1
2435304,85,1,0,1
1268648,85,1,0,1
2241000,85,1,0,1
2411744,85,1,0,1
4145696,85,1,0,1
5361960,85,1,1,0
4116504,85,1,0,1
6738104,85,1,1,0
4039368,85,1,0,1
5701416,85,1,1,0
886584,85,1,1,0
5469624,85,1,0,1
403168,85,1,0,1
622408,85,1,1,0
899048,85,1,0,1
542704,85,1,1,0
3103304,85,1,0,1
7273448,85,1,1,0
2296904,85,1,0,1
2298656,85,1,0,1
4392848,85,1,1,0
1571904,85,1,1,0
780456,85,1,0,1
2426488,85,1,1,0
7836584,85,1,1,0
8004768,85,1,1,0
3655256,85,1,1,0
2572840,85,1,1,0
553376,85,1,0,1
681368,85,1,0,1
3324568,85,1,1,0
3563912,85,1,0,1
4123096,85,1,1,0
1680368,85,1,0,1
215272,85,1,1,0
418120,85,1,1,0
4625432,85,1,1,0
4947920,85,1,0,1
4007312,85,1,0,1
975304,85,1,0,1
7716280,85,1,1,0
2120416,85,1,0,1
4080608,85,1,1,0
3141352,85,1,0,1
2532928,85,1,0,1
3380488,85,1,0,1
1796024,85,1,0,1
8032912,85,1,1,0
7864856,85,1,1,0
1215952,85,1,1,0
334072,85,1,1,0
1482008,85,1,1,0
5029064,85,1,0,1
2656264,85,1,1,0
2269600,85,1,0,1
2449496,85,1,0,1
2028080,85,1,0,1
4209304,85,1,1,0
4366288,85,1,0,1
2635720,85,1,1,0
935088,85,1,0,1
4099440,85,1,1,0
742832,85,1,0,1
5840040,85,1,0,1
2424544,85,1,1,0
7968584,85,1,1,0
2860672,85,1,0,1
2712992,85,1,1,0
5454248,85,1,1,0
1199448,85,1,1,0
4611288,85,1,1,0
836168,85,1,0,1
5601688,85,1,1,0
2701624,85,1,0,1
2198544,85,1,0,1
8337200,85,1,0,1
940024,85,1,0,1
5074912,85,1,0,1
187576,85,1,1,0
685368,85,1,0,1
7899680,85,1,0,1
4625808,85,1,0,1
85192,85,1,1,0
7008296,85,1,0,1
503632,85,1,0,1
1574408,85,1,1,0
6199760,85,1,0,1
6968208,85,1,1,0
3217968,85,1,1,0
2581104,85,1,0,1
4421984,85,1,1,0
1847616,85,1,1,0
1799688,85,1,1,0
7655856,85,1,1,0
1735728,85,1,0,1
5740080,85,1,1,0
5265112,85,1,1,0
4445080,85,1,1,0
2385952,85,1,0,1
4108592,85,1,1,0
682904,85,1,0,1
4793432,85,1,1,0
1617440,85,1,0,1
6881064,85,1,0,1
1461608,85,1,1,0
1093736,85,1,0,1
3866136,85,1,1,0
2112912,85,1,1,0
5610960,85,1,1,0
6349816,85,1,0,1
2632632,85,1,1,0
423816,85,1,1,0
473896,85,1,0,1
1652808,85,1,1,0
1573496,85,1,1,0
7316680,86,1,1,0
1496680,86,1,1,0
2474448,86,1,1,0
1955584,86,1,0,1
8316792,86,1,1,0
2891944,86,1,1,0
2039872,86,1,0,1
1998640,86,1,0,1
1272896,86,1,0,1
6662160,86,1,1,0
3143024,86,1,1,0
621472,86,1,1,0
5824944,86,1,1,0
2917632,86,1,0,1
4317824,86,1,0,1
912264,86,1,1,0
656312,86,1,1,0
8189760,86,1,1,0
2671560,86,1,0,1
1036496,86,1,1,0
1822352,86,1,0,1
946352,86,1,0,1
994008,86,1,1,0
2962904,86,1,0,1
549184,86,1,1,0
5172240,86,1,1,0
4125208,86,1,1,0
1414056,86,1,0,1
473888,86,1,0,1
2094088,86,1,0,1
759200,86,1,1,0
57192,86,1,1,0
5393968,86,1,1,0
4127264,86,1,0,1
1457168,86,1,0,1
2907304,86,1,1,0
808944,86,1,0,1
1357984,86,1,0,1
5305992,86,1,0,1
5281040,86,1,0,1
3383800,86,1,0,1
892520,86,1,1,0
7041480,86,1,0,1
633736,86,1,1,0
176672,86,1,0,1
770952,86,1,0,1
818712,86,1,0,1
3562104,86,1,0,1
2331024,86,1,1,0
8354400,86,1,0,1
1618520,86,1,0,1
2316440,86,1,1,0
2357856,86,1,0,1
1163760,86,1,1,0
6605184,86,1,0,1
4085232,86,1,1,0
1563152,86,1,0,1
2895272,86,1,0,1
1246600,86,1,1,0
7334344,86,1,0,1
3823392,86,1,1,0
2914992,86,1,1,0
5273232,86,1,0,1
466400,86,1,1,0
2743120,86,1,0,1
5040800,86,1,0,1
4239696,86,1,1,0
4845664,86,1,0,1
2549344,86,1,0,1
1678208,86,1,1,0
3343008,86,1,0,1
6640248,86,1,0,1
2818664,86,1,1,0
5676128,86,1,1,0
182936,86,1,0,1
5466984,86,1,0,1
4460048,86,1,1,0
537464,86,1,0,1
6439280,86,1,0,1
1530824,86,1,0,1
6739632,86,1,1,0
2336400,86,1,0,1
692584,86,1,1,0
1224504,86,1,0,1
1112648,86,1,1,0
1037568,86,1,0,1
6202888,86,1,0,1
1871912,86,1,0,1
444360,86,1,1,0
525344,86,1,1,0
763576,86,1,1,0
1710232,86,1,0,1
994560,86,1,0,1
1702040,86,1,0,1
1650736,86,1,0,1
6740392,86,1,0,1
1063048,86,1,0,1
241368,86,1,0,1
1514240,86,1,1,0
6968768,86,1,1,0
4386968,86,1,1,0
7443456,86,1,0,1
3808968,86,1,0,1
7708016,86,1,1,0
4677240,86,1,0,1
6836760,86,1,0,1
6025992,86,1,1,0
5392560,86,1,1,0
5687536,86,1,0,1
8303688,86,1,1,0
595280,86,1,1,0
324344,86,1,1,0
2460824,86,1,0,1
729256,86,1,0,1
700592,86,1,0,1
2671824,86,1,1,0
5848688,86,1,1,0
2363488,86,1,1,0
403584,86,1,0,1
1948200,86,1,0,1
1354840,86,1,0,1
7580352,86,1,0,1
462176,86,1,0,1
1569648,86,1,0,1
1000920,86,1,0,1
7501808,86,1,0,1
648520,86,1,0,1
689624,86,1,1,0
4008384,86,1,0,1
5657608,86,1,0,1
6886448,86,1,1,0
7936280,86,1,1,0
3694304,86,1,0,1
4477632,86,1,0,1
1531920,86,1,0,1
5537304,86,1,1,0
1147112,86,1,0,1
3225824,86,1,0,1
1395992,86,1,1,0
598656,86,1,0,1
7985144,86,1,0,1
7018832,86,1,1,0
5788728,86,1,1,0
1162296,86,1,0,1
1211128,86,1,1,0
1635560,86,1,0,1
1050616,86,1,0,1
4150792,86,1,1,0
3888376,86,1,1,0
4968704,86,1,0,1
2981208,86,1,1,0
4119376,86,1,1,0
6985928,86,1,0,1
6083656,86,1,1,0
5721576,86,1,1,0
3433664,86,1,1,0
340248,86,1,1,0
5306376,86,1,1,0
5280472,86,1,1,0
2843600,86,1,0,1
1156568,86,1,0,1
3448912,86,1,1,0
2156056,86,1,1,0
7775424,86,1,0,1
1132960,86,1,0,1
449320,86,1,1,0
3152264,86,1,1,0
813136,86,1,1,0
114784,86,1,1,0
4550992,86,1,0,1
3276088,86,1,1,0
671896,86,1,1,0
3509048,86,1,1,0
255464,86,1,1,0
8377216,86,1,0,1
6945352,86,1,0,1
798304,86,1,0,1
3142400,86,1,1,0
5554032,86,1,1,0
248296,86,1,1,0
3698456,86,1,1,0
570280,86,1,0,1
1741352,86,1,1,0
1750400,86,1,0,1
2414696,86,1,0,1
431816,86,1,0,1
334384,86,1,1,0
5355976,86,1,1,0
2977224,86,1,0,1
2854016,86,1,1,0
1863856,86,1,0,1
4587128,86,1,1,0
504880,86,1,1,0
2739872,86,1,1,0
969912,86,1,0,1
6160128,86,1,0,1
4267456,86,1,0,1
1720352,86,1,0,1
2850440,86,1,1,0
3055376,86,1,1,0
862320,86,1,0,1
5671592,86,1,0,1
1264136,86,1,0,1
8244352,86,1,1,0
991984,86,1,1,0
109072,86,1,0,1
2051672,86,1,1,0
4784480,86,1,0,1
600568,86,1,0,1
933152,86,1,0,1
4074512,86,1,0,1
4806848,86,1,1,0
2845840,86,1,1,0
1757888,86,1,0,1
707440,86,1,1,0
1293608,86,1,1,0
8041280,86,1,0,1
1113992,86,1,0,1
292072,86,1,1,0
1036232,86,1,1,0
1641648,86,1,1,0
444216,86,1,0,1
1897864,86,1,1,0
4453456,86,1,0,1
1793104,86,1,0,1
3142968,86,1,1,0
866960,86,1,1,0
501856,86,1,0,1
4181720,86,1,1,0
5082864,86,1,1,0
7524440,86,1,0,1
1991144,86,1,0,1
6386576,86,1,0,1
1623712,86,1,1,0
1432584,86,1,1,0
8236000,86,1,0,1
426816,86,1,1,0
375792,86,1,1,0
2114720,86,1,0,1
921808,86,1,1,0
7211000,86,1,1,0
1396256,86,1,0,1
1827008,86,1,1,0
2025944,86,1,0,1
1019120,86,1,1,0
3579000,86,1,1,0
3131704,86,1,1,0
695696,86,1,1,0
5025440,86,1,0,1
1745808,86,1,1,0
1766432,86,1,1,0
2152664,86,1,1,0
1308776,86,1,0,1
3705040,86,1,1,0
4221520,86,1,0,1
8275976,86,1,1,0
6939928,86,1,1,0
2155968,86,1,1,0
157304,86,1,1,0
4253288,86,1,0,1
108912,86,1,1,0
6546760,86,1,1,0
3788168,86,1,1,0
6453712,86,1,0,1
6632328,86,1,1,0
3248216,86,1,0,1
2434544,86,1,1,0
1872984,86,1,1,0
4828456,86,1,0,1
4254584,86,1,1,0
1378680,86,1,1,0
1061008,86,1,0,1
221704,86,1,0,1
306872,86,1,1,0
7566992,86,1,0,1
811568,86,1,1,0
5852112,86,1,0,1
2256568,86,1,0,1
4908920,86,1,1,0
644192,86,1,1,0
713288,86,1,1,0
4550752,86,1,0,1
3181792,86,1,1,0
3543488,86,1,1,0
386360,86,1,1,0
690032,86,1,0,1
1451240,86,1,0,1
1915104,86,1,0,1
183944,86,1,1,0
5204192,86,1,0,1
1429608,86,1,1,0
3415976,86,1,0,1
902272,86,1,0,1
3514752,86,1,0,1
1292688,86,1,1,0
1114560,86,1,0,1
8192736,86,1,0,1
1574240,86,1,0,1
1278296,86,1,0,1
868288,86,1,1,0
6979752,86,1,0,1
6142424,86,1,1,0
1979288,86,1,1,0
4045312,86,1,1,0
3230376,86,1,0,1
4958864,86,1,0,1
2227784,86,1,1,0
6779104,86,1,0,1
3783080,86,1,1,0
5576752,86,1,1,0
1798936,86,1,0,1
1375896,86,1,0,1
2457776,86,1,0,1
7212512,86,1,1,0
3277872,86,1,0,1
1497344,86,1,1,0
182184,86,1,0,1
301296,86,1,0,1
1213448,86,1,1,0
4193760,86,1,1,0
1200272,86,1,0,1
1012176,86,1,0,1
7880168,86,1,1,0
2580392,86,1,1,0
5648336,86,1,0,1
6132704,86,1,0,1
7180040,86,1,0,1
5287824,86,1,1,0
2870592,86,1,1,0
1598536,86,1,1,0
1208232,86,1,1,0
5042640,86,1,0,1
2905608,86,1,1,0
3065840,86,1,1,0
822032,86,1,1,0
866584,86,1,1,0
721848,86,1,0,1
891520,86,1,1,0
1856072,86,1,1,0
2233392,86,1,0,1
6045408,86,1,0,1
1295616,86,1,1,0
1546000,86,1,0,1
1910648,86,1,0,1
6873016,86,1,0,1
3986528,86,1,0,1
7417064,86,1,0,1
1147584,86,1,1,0
3501512,86,1,0,1
7426144,86,1,0,1
3386280,86,1,0,1
1558960,86,1,1,0
364736,86,1,0,1
3257232,86,1,1,0
4151512,86,1,0,1
2569048,86,1,0,1
1312632,86,1,1,0
1124344,86,1,1,0
581120,86,1,1,0
1471320,86,1,1,0
5579112,86,1,1,0
4492664,86,1,0,1
2368200,86,1,1,0
772088,86,1,0,1
5705552,86,1,0,1
1543080,86,1,0,1
511184,86,1,1,0
2917872,86,1,1,0
1649512,86,1,0,1
3062336,86,1,1,0
5134072,86,1,1,0
4627240,86,1,1,0
4768456,86,1,1,0
547808,86,1,0,1
1188144,86,1,1,0
657032,86,1,0,1
877224,86,1,0,1
7834320,86,1,0,1
2883856,86,1,1,0
1777736,86,1,1,0
1563480,86,1,1,0
3636072,86,1,0,1
875960,86,1,0,1
342496,86,1,1,0
1259760,86,1,0,1
653264,86,1,0,1
5289936,86,1,1,0
2401832,86,1,0,1
3132568,86,1,1,0
5663488,86,1,1,0
7777720,86,1,0,1
212872,86,1,1,0
1423520,86,1,1,0
984480,86,1,1,0
521176,86,1,1,0
1446624,86,1,0,1
948968,86,1,1,0
7588352,86,1,0,1
6662800,86,1,1,0
660104,86,1,0,1
1508112,86,1,1,0
483888,86,1,0,1
1505712,86,1,1,0
692784,86,1,0,1
3292928,86,1,1,0
5313328,86,1,1,0
691880,86,1,0,1
1144736,86,1,0,1
3206840,86,1,1,0
3972464,86,1,1,0
5342664,86,1,0,1
3808208,86,1,0,1
7586464,86,1,1,0
6495088,86,1,1,0
4632768,86,1,1,0
1378248,86,1,0,1
772736,86,1,0,1
5012744,86,1,1,0
6466224,86,1,0,1
943160,86,1,1,0
6869112,86,1,0,1
3668800,86,1,0,1
4312592,86,1,1,0
807808,86,1,1,0
3904008,86,1,0,1
4482048,86,1,0,1
4759728,86,1,1,0
1894704,86,1,0,1
3371760,86,1,0,1
705824,86,1,1,0
5801024,86,1,1,0
745232,86,1,1,0
1430744,86,1,0,1
1510168,86,1,1,0
6236728,86,1,1,0
528288,86,1,1,0
3959976,86,1,1,0
8177408,86,1,1,0
1458352,86,1,1,0
2550352,86,1,1,0
1984080,86,1,0,1
2434112,86,1,1,0
6502944,86,1,0,1
1187160,86,1,1,0
573048,86,1,0,1
3980216,86,1,1,0
4031464,86,1,0,1
2687248,86,1,0,1
230680,86,1,0,1
5437544,86,1,0,1
137144,86,1,0,1
5418664,86,1,1,0
3520928,86,1,0,1
4542792,86,1,0,1
2704968,86,1,1,0
1317568,86,1,1,0
2019168,86,1,1,0
1042984,86,1,1,0
4269712,86,1,1,0
6934176,86,1,1,0
1649360,86,1,0,1
3694088,86,1,0,1
2884248,86,1,0,1
7833328,86,1,0,1
5444312,86,1,0,1
146960,86,1,0,1
1358832,86,1,0,1
2558576,86,1,0,1
4909528,86,1,0,1
363984,86,1,0,1
6778112,86,1,1,0
4666856,86,1,0,1
1564184,86,1,0,1
1235728,86,1,1,0
5100808,86,1,0,1
728728,86,1,0,1
3412208,86,1,1,0
1533192,86,1,0,1
3110712,86,1,1,0
117456,86,1,0,1
2546352,86,1,1,0
2660552,86,1,1,0
7245584,86,1,1,0
3504472,86,1,0,1
3016176,86,1,0,1
1846808,86,1,0,1
203832,86,1,1,0
8299464,86,1,1,0
7130664,86,1,0,1
998736,86,1,0,1
7039520,86,1,0,1
8310560,86,1,1,0
1404448,86,1,1,0
523792,86,1,1,0
175848,86,1,0,1
5417600,86,1,0,1
5302272,86,1,0,1
238760,86,1,0,1
8056080,86,1,0,1
7768000,86,1,0,1
532984,86,1,1,0
719992,86,1,1,0
746128,86,1,0,1
2465384,86,1,1,0
6177112,86,1,1,0
4164728,86,1,1,0
122064,86,1,1,0
823768,86,1,0,1
617784,86,1,1,0
236592,86,1,1,0
2324992,86,1,0,1
215384,86,1,0,1
1075904,86,1,0,1
4414432,86,1,0,1
6411944,86,1,1,0
3504576,86,1,1,0
7419512,86,1,1,0
1924456,86,1,0,1
816696,86,1,0,1
422856,86,1,0,1
6095168,86,1,1,0
354936,86,1,1,0
4435256,86,1,1,0
4929232,86,1,0,1
566360,86,1,0,1
249328,86,1,0,1
6887200,86,1,0,1
6871184,86,1,1,0
2238448,86,1,1,0
307592,86,1,1,0
3020096,86,1,1,0
2112328,86,1,0,1
3180504,86,1,1,0
1911072,86,1,1,0
3593040,86,1,0,1
281712,86,1,1,0
824336,86,1,0,1
2248672,86,1,1,0
635216,86,1,0,1
7043064,86,1,1,0
189408,86,1,1,0
2686496,86,1,0,1
4763320,86,1,1,0
443504,86,1,1,0
6360480,86,1,1,0
1553392,86,1,0,1
337744,86,1,1,0
2563664,86,1,1,0
2909712,86,1,1,0
646200,86,1,0,1
967912,86,1,0,1
773112,86,1,1,0
4600752,86,1,0,1
1428264,86,1,1,0
5462912,86,1,1,0
2132632,86,1,0,1
8042760,86,1,0,1
2773120,86,1,1,0
7755416,86,1,1,0
1424912,86,1,0,1
977808,86,1,0,1
3309136,86,1,0,1
1227048,86,1,1,0
6147200,86,1,0,1
2443944,86,1,0,1
1279272,86,1,1,0
3712376,86,1,1,0
462936,86,1,1,0
5033296,86,1,1,0
1686544,86,1,1,0
3349624,86,1,0,1
1409584,86,1,0,1
529232,86,1,1,0
2735400,86,1,1,0
5234136,86,1,1,0
7397288,86,1,1,0
3137448,86,1,0,1
585232,86,1,0,1
2838728,86,1,1,0
2736752,86,1,1,0
652848,86,1,1,0
6970816,86,1,0,1
1026080,86,1,1,0
1616016,86,1,1,0
663576,86,1,1,0
3823200,86,1,0,1
2055888,86,1,1,0
7556704,86,1,1,0
46000,86,1,1,0
7840552,86,1,0,1
1368312,86,1,1,0
4827488,86,1,0,1
3176480,86,1,1,0
4376072,86,1,1,0
1664592,86,1,1,0
7090056,86,1,0,1
7641456,86,1,0,1
7287616,86,1,1,0
463096,86,1,0,1
268064,86,1,0,1
649520,86,1,1,0
680224,86,1,0,1
1722704,86,1,1,0
632344,86,1,1,0
2422888,86,1,0,1
1751080,86,1,0,1
315696,86,1,0,1
3364264,86,1,1,0
1248160,86,1,1,0
5571000,86,1,1,0
5891592,86,1,0,1
454464,86,1,0,1
7068536,86,1,1,0
494640,86,1,1,0
110456,86,1,1,0
4773008,86,1,1,0
4747488,86,1,0,1
8166384,86,1,1,0
7243248,86,1,0,1
3878552,86,1,1,0
6482520,86,1,0,1
5342064,86,1,1,0
4735800,86,1,1,0
3705432,86,1,0,1
944464,86,1,1,0
3052024,86,1,0,1
780120,86,1,0,1
158112,86,1,1,0
632168,86,1,0,1
934648,86,1,1,0
3185520,86,1,1,0
2013664,86,1,0,1
522232,86,1,1,0
1223376,86,1,1,0
2722096,86,1,1,0
5905664,86,1,1,0
4079992,86,1,0,1
3076504,86,1,1,0
1568720,86,1,0,1
223640,86,1,0,1
3119936,86,1,1,0
5200024,86,1,0,1
1207440,86,1,0,1
5724312,86,1,1,0
1635608,86,1,1,0
1969552,86,1,0,1
4956184,86,1,0,1
393608,86,1,1,0
4226392,86,1,0,1
4958160,86,1,0,1
1425992,86,1,1,0
1120920,86,1,1,0
762000,86,1,1,0
2488432,86,1,0,1
325624,86,1,0,1
2080872,86,1,1,0
5064080,86,1,0,1
3920976,86,1,1,0
3172184,86,1,0,1
1080552,86,1,0,1
896264,86,1,1,0
1891128,86,1,0,1
847184,86,1,0,1
1146136,86,1,1,0
662176,86,1,1,0
670312,86,1,0,1
2430216,86,1,1,0
3478488,86,1,0,1
1701136,86,1,1,0
5842664,86,1,1,0
649576,86,1,1,0
5344480,86,1,0,1
3408768,86,1,0,1
6306712,86,1,1,0
2709560,86,1,1,0
357648,86,1,0,1
6149056,86,1,1,0
560840,86,1,0,1
3108320,86,1,1,0
1936392,86,1,1,0
613296,86,1,0,1
3775608,86,1,0,1
1113904,86,1,1,0
1099296,86,1,1,0
252528,86,1,0,1
932904,86,1,1,0
7048576,86,1,1,0
4054880,86,1,0,1
689872,86,1,0,1
3944968,86,1,1,0
4695064,86,1,0,1
4833136,86,1,0,1
1712040,86,1,0,1
3723696,86,1,1,0
6019880,86,1,1,0
1934768,86,1,1,0
4539304,86,1,1,0
6297344,86,1,0,1
310320,86,1,0,1
3187144,86,1,0,1
1539352,86,1,1,0
1899728,86,1,1,0
5879088,86,1,1,0
5526576,86,1,1,0
7616872,86,1,0,1
370752,86,1,1,0
2937816,86,1,0,1
446056,86,1,1,0
4658320,86,1,0,1
1074080,86,1,1,0
2625000,86,1,0,1
7245160,86,1,0,1
208576,86,1,0,1
890752,86,1,0,1
6648416,86,1,1,0
1191888,86,1,0,1
1677144,86,1,1,0
466216,86,1,0,1
5146776,86,1,0,1
75096,86,1,1,0
454112,86,1,0,1
7264272,86,1,1,0
845448,86,1,1,0
1607272,86,1,1,0
4690728,86,1,0,1
291976,86,1,1,0
1048528,86,1,0,1
2589976,86,1,1,0
2011592,86,1,1,0
5669728,86,1,1,0
608856,86,1,0,1
4773488,86,1,0,1
1129816,86,1,0,1
3124712,86,1,1,0
597816,86,1,0,1
332960,86,1,1,0
576216,86,1,1,0
238520,86,1,0,1
6652912,86,1,1,0
3098280,86,1,0,1
396880,86,1,1,0
4622664,86,1,1,0
4381088,86,1,0,1
1672136,86,1,1,0
6377240,86,1,0,1
3892800,86,1,0,1
4758880,86,1,1,0
5721616,86,1,0,1
446680,86,1,0,1
3169160,86,1,1,0
7678208,86,1,1,0
1663752,86,1,0,1
4610784,86,1,1,0
3043208,86,1,0,1
8360240,86,1,0,1
1609072,86,1,1,0
1022000,86,1,0,1
696208,86,1,0,1
692440,86,1,0,1
779824,86,1,0,1
2209152,86,1,0,1
1308928,86,1,0,1
2685120,86,1,0,1
117032,86,1,0,1
1651112,86,1,1,0
980952,86,1,1,0
5975408,86,1,1,0
3295888,86,1,1,0
1628584,86,1,0,1
3615640,86,1,0,1
207536,86,1,1,0
7614568,86,1,0,1
1156600,86,1,0,1
2822704,86,1,0,1
4549296,86,1,0,1
421296,86,1,1,0
994672,86,1,0,1
7043176,86,1,1,0
767960,86,1,1,0
1320040,86,1,0,1
5973360,86,1,0,1
3770192,86,1,0,1
7171632,86,1,0,1
5713440,86,1,0,1
399920,86,1,1,0
6443536,86,1,1,0
486200,86,1,1,0
5395264,86,1,0,1
1609312,86,1,1,0
4248424,86,1,1,0
7951400,86,1,0,1
7757184,86,1,1,0
5324464,86,1,1,0
638304,86,1,0,1
1116944,86,1,0,1
2415952,86,1,0,1
3489848,86,1,0,1
542280,86,1,0,1
1706656,86,1,1,0
5011608,86,1,1,0
3183552,86,1,0,1
741648,86,1,0,1
1007744,86,1,0,1
5311608,86,1,0,1
3970424,86,1,0,1
7454240,86,1,0,1
7402648,86,1,1,0
2215696,86,1,1,0
354248,86,1,0,1
1347928,86,1,0,1
3382632,86,1,0,1
3738560,86,1,1,0
8008744,86,1,0,1
962392,86,1,0,1
5115072,86,1,1,0
4385776,86,1,1,0
6762800,86,1,0,1
605008,86,1,0,1
4974968,86,1,0,1
4356520,86,1,1,0
820504,86,1,0,1
825184,86,1,0,1
569216,86,1,0,1
2084336,86,1,1,0
1580576,86,1,1,0
7052808,86,1,0,1
399960,86,1,0,1
6213744,86,1,0,1
1361392,86,1,0,1
3051128,86,1,1,0
3748144,86,1,1,0
4322656,86,1,0,1
961256,86,1,1,0
292920,86,1,0,1
2068744,86,1,1,0
2572872,86,1,1,0
3190312,86,1,0,1
816912,86,1,0,1
287200,86,1,1,0
169304,86,1,1,0
2599192,86,1,1,0
3781864,86,1,1,0
2160960,86,1,0,1
549480,86,1,1,0
2293920,86,1,1,0
2681000,86,1,0,1
816592,86,1,0,1
5772752,86,1,1,0
5867128,86,1,0,1
724368,86,1,1,0
5623256,86,1,1,0
1897120,86,1,0,1
3219488,86,1,1,0
3964704,86,1,1,0
1592280,86,1,0,1
6694048,86,1,0,1
3959520,86,1,0,1
3498872,86,1,0,1
3468376,86,1,1,0
7301416,86,1,0,1
2028096,86,1,0,1
4046144,86,1,0,1
540792,86,1,1,0
1297552,86,1,1,0
8183456,86,1,0,1
5680976,86,1,1,0
4820112,86,1,1,0
3436096,86,1,1,0
657376,86,1,0,1
589704,86,1,0,1
3888688,86,1,0,1
1835944,86,1,1,0
302632,86,1,0,1
539800,86,1,1,0
2933864,86,1,1,0
4060464,86,1,1,0
4115824,86,1,0,1
4531448,86,1,0,1
1254832,86,1,1,0
2139624,86,1,1,0
1798776,86,1,0,1
819984,86,1,1,0
6342832,86,1,1,0
5297608,86,1,1,0
2243416,86,1,0,1
1475816,86,1,1,0
2897864,86,1,0,1
192128,86,1,0,1
2685336,86,1,0,1
6715544,86,1,1,0
2329232,86,1,1,0
3237664,86,1,0,1
1096464,86,1,1,0
8300776,86,1,1,0
2545360,86,1,1,0
882576,86,1,1,0
4328064,86,1,1,0
310536,86,1,1,0
8366000,86,1,1,0
7634952,86,1,1,0
6569072,86,1,0,1
4100864,86,1,0,1
3208960,86,1,0,1
7969480,86,1,1,0
7619800,86,1,0,1
2810112,86,1,1,0
1698048,86,1,0,1
8160712,86,1,1,0
1403280,86,1,1,0
7211624,86,1,0,1
3962232,86,1,1,0
3945152,86,1,1,0
283624,86,1,1,0
1906888,86,1,1,0
4863560,86,1,1,0
3037320,86,1,0,1
5911736,86,1,1,0
2946880,86,1,1,0
4809448,86,1,1,0
1920344,86,1,0,1
340240,86,1,0,1
899608,86,1,1,0
1346992,86,1,1,0
4448200,86,1,0,1
1368480,86,1,0,1
4418896,86,1,0,1
1132312,86,1,0,1
6767872,86,1,1,0
3650840,86,1,1,0
312312,86,1,0,1
2495336,86,1,1,0
546456,86,1,1,0
503104,86,1,1,0
1641296,86,1,0,1
925584,86,1,1,0
6313600,86,1,1,0
3915840,86,1,1,0
2525472,86,1,1,0
4866040,86,1,0,1
6430456,86,1,0,1
1811496,86,1,1,0
6185232,86,1,1,0
577456,86,1,0,1
1979856,86,1,1,0
1824216,86,1,1,0
7627096,86,1,0,1
4241080,86,1,0,1
6930288,86,1,1,0
963288,86,1,0,1
4016192,86,1,1,0
5485472,86,1,0,1
1359952,86,1,1,0
1246992,86,1,1,0
2565872,86,1,0,1
1293328,86,1,0,1
942128,86,1,1,0
832600,86,1,1,0
932232,86,1,1,0
1100544,86,1,0,1
2374472,86,1,1,0
228880,86,1,0,1
1494712,86,1,0,1
2978392,86,1,1,0
282872,86,1,0,1
5817424,86,1,1,0
4829352,86,1,1,0
940400,86,1,1,0
6289896,86,1,1,0
436240,86,1,1,0
993696,86,1,0,1
1238528,86,1,0,1
421040,86,1,0,1
5989600,86,1,1,0
8264264,86,1,1,0
2516928,86,1,1,0
5181408,86,1,0,1
792432,86,1,1,0
670408,86,1,1,0
823952,86,1,1,0
222248,86,1,0,1
333040,86,1,1,0
1694720,86,1,0,1
2651816,86,1,0,1
2952544,86,1,1,0
7575552,86,1,0,1
296480,86,1,1,0
756800,86,1,0,1
679104,86,1,1,0
2554136,86,1,0,1
3114216,86,1,0,1
2271712,86,1,0,1
4188728,86,1,1,0
278120,86,1,1,0
202872,86,1,0,1
381864,86,1,1,0
2805240,86,1,1,0
3049912,86,1,0,1
1655768,86,1,0,1
563800,86,1,1,0
441384,86,1,1,0
7236088,86,1,0,1
1648288,86,1,0,1
7588752,86,1,1,0
4391688,86,1,1,0
2304408,86,1,1,0
1586832,86,1,1,0
1393976,86,1,1,0
6176408,86,1,1,0
4656688,86,1,1,0
189072,86,1,1,0
3742888,86,1,1,0
3987504,86,1,1,0
384944,86,1,1,0
2245936,86,1,1,0
4647344,86,1,0,1
2228616,86,1,1,0
3672624,86,1,0,1
3420640,86,1,1,0
2662296,86,1,1,0
4716480,86,1,1,0
2675048,86,1,1,0
501736,86,1,1,0
1342112,86,1,0,1
3194248,86,1,1,0
7488496,86,1,1,0
3346192,86,1,1,0
2877200,86,1,1,0
1770000,86,1,1,0
823128,86,1,0,1
8272256,86,1,0,1
230184,86,1,0,1
1208880,86,1,1,0
1818928,86,1,0,1
304176,86,1,1,0
534728,86,1,0,1
1093888,86,1,0,1
7016888,86,1,0,1
3044168,86,1,1,0
451440,86,1,1,0
3494560,86,1,0,1
1305520,86,1,0,1
4009272,86,1,1,0
1083584,86,1,0,1
913104,86,1,1,0
3099816,86,1,1,0
2354424,86,1,0,1
5160400,86,1,0,1
7946120,86,1,1,0
6839056,86,1,0,1
7317784,86,1,1,0
4841632,86,1,1,0
470680,86,1,1,0
1094584,86,1,0,1
5910328,86,1,0,1
882208,86,1,0,1
5272896,86,1,0,1
1274256,86,1,1,0
1336904,86,1,0,1
1648552,86,1,0,1
5752720,86,1,0,1
3932200,86,1,0,1
5823056,86,1,0,1
2438600,86,1,1,0
3359320,86,1,0,1
5257112,86,1,1,0
3846856,86,1,0,1
4377320,86,1,1,0
1375256,86,1,0,1
7720176,86,1,0,1
2766504,86,1,0,1
1175872,86,1,1,0
6416072,86,1,0,1
1649624,86,1,0,1
2916824,86,1,0,1
897720,86,1,0,1
6471944,86,1,1,0
3697400,86,1,1,0
903640,86,1,0,1
4711016,86,1,1,0
2163768,86,1,0,1
3932088,86,1,1,0
3447224,86,1,1,0
4101376,86,1,0,1
1409096,86,1,1,0
3367600,86,1,0,1
2419512,86,1,0,1
4847216,86,1,0,1
1199368,86,1,0,1
728008,86,1,1,0
712648,86,1,0,1
8042192,86,1,0,1
4631432,86,1,0,1
3583904,86,1,0,1
1093272,86,1,0,1
1503360,86,1,1,0
415760,86,1,1,0
442392,86,1,1,0
1137928,86,1,1,0
4050000,86,1,0,1
380624,86,1,0,1
4836320,86,1,1,0
1914664,86,1,0,1
2304720,86,1,1,0
1915216,86,1,0,1
7798496,86,1,0,1
1543120,86,1,0,1
2175680,86,1,1,0
281872,86,1,0,1
7893792,86,1,0,1
1495480,86,1,1,0
3285024,86,1,0,1
1365528,86,1,1,0
6252416,86,1,0,1
4033600,86,1,1,0
3438880,86,1,0,1
1586960,86,1,0,1
2530456,86,1,1,0
717688,86,1,1,0
7668976,86,1,1,0
3432480,86,1,1,0
7440744,86,1,1,0
485984,86,1,0,1
993352,86,1,1,0
286904,86,1,1,0
3835296,86,1,0,1
1067632,86,1,1,0
2001720,86,1,0,1
1050768,86,1,1,0
1948832,86,1,1,0
4984752,86,1,0,1
6653688,86,1,1,0
1725528,86,1,0,1
2263664,86,1,1,0
616040,86,1,1,0
1525904,86,1,1,0
446944,86,1,1,0
8092776,86,1,0,1
4952312,86,1,0,1
1419800,86,1,0,1
2249488,86,1,1,0
472272,86,1,0,1
2503184,86,1,1,0
3211136,86,1,1,0
1902480,86,1,0,1
836488,86,1,0,1
8139224,86,1,0,1
653200,86,1,0,1
285592,86,1,0,1
5066432,86,1,0,1
1861048,86,1,0,1
8351544,86,1,1,0
1229528,86,1,0,1
4091056,86,1,0,1
3851712,86,1,0,1
7948808,86,1,1,0
482208,86,1,1,0
205312,86,1,0,1
5058216,86,1,0,1
1233056,86,1,0,1
1719912,86,1,1,0
644560,86,1,0,1
3753936,86,1,0,1
497672,86,1,1,0
2802584,86,1,0,1
1098600,86,1,1,0
3768936,86,1,1,0
213112,86,1,0,1
953936,86,1,0,1
7507624,86,1,1,0
3330264,86,1,1,0
905872,86,1,1,0
5947480,86,1,1,0
893656,86,1,1,0
2762784,86,1,0,1
1675216,86,1,0,1
1989424,86,1,1,0
4696312,86,1,1,0
7946200,86,1,1,0
6696600,86,1,1,0
829824,86,1,1,0
5934560,86,1,1,0
1018552,86,1,1,0
3117072,86,1,0,1
452512,86,1,0,1
2640984,86,1,0,1
3158832,86,1,1,0
3343760,86,1,0,1
4144336,86,1,1,0
464160,86,1,0,1
1860544,86,1,0,1
318688,86,1,0,1
3272704,86,1,1,0
4766808,86,1,1,0
7820264,86,1,0,1
776640,86,1,0,1
546328,86,1,1,0
5338896,86,1,1,0
4593736,86,1,1,0
2797072,86,1,0,1
990848,86,1,1,0
8283216,86,1,0,1
287408,86,1,0,1
2718888,86,1,1,0
2491848,86,1,1,0
2703520,86,1,1,0
6405240,86,1,0,1
5877800,86,1,0,1
1607600,86,1,1,0
1644296,86,1,0,1
704640,86,1,0,1
5625592,86,1,0,1
811296,86,1,1,0
6744512,86,1,0,1
7101632,86,1,1,0
5946240,86,1,0,1
480240,86,1,0,1
5293408,86,1,0,1
1530880,86,1,0,1
270224,86,1,0,1
600056,86,1,0,1
1717704,86,1,1,0
874512,86,1,1,0
4625208,86,1,1,0
2139752,86,1,1,0
5737016,86,1,1,0
973576,86,1,1,0
779576,86,1,1,0
2467472,86,1,0,1
7022168,86,1,1,0
1415856,86,1,1,0
1309504,86,1,0,1
3690144,86,1,1,0
7551704,86,1,1,0
1212536,86,1,1,0
417560,86,1,1,0
6629104,86,1,1,0
4151400,86,1,1,0
613984,86,1,1,0
1314568,86,1,0,1
7248472,86,1,0,1
183776,86,1,1,0
167160,86,1,1,0
4523136,86,1,0,1
2405304,86,1,1,0
2947656,86,1,0,1
1645904,86,1,0,1
830680,86,1,1,0
4124992,86,1,1,0
5859376,86,1,0,1
1223872,86,1,0,1
2660848,86,1,0,1
7274448,86,1,0,1
7624328,86,1,1,0
6360936,86,1,0,1
150632,86,1,1,0
7622776,86,1,1,0
672776,86,1,0,1
348720,86,1,0,1
161136,86,1,1,0
2301176,86,1,1,0
1159896,86,1,0,1
4131296,86,1,0,1
1426528,86,1,0,1
1941968,86,1,1,0
5791680,86,1,1,0
509544,86,1,0,1
765312,86,1,1,0
500152,86,1,1,0
1427160,86,1,1,0
1330840,86,1,0,1
5025800,86,1,0,1
329336,86,1,1,0
1979480,86,1,0,1
982024,86,1,1,0
7347024,86,1,0,1
3884336,86,1,0,1
1064280,86,1,0,1
865624,86,1,0,1
410888,86,1,0,1
1403624,86,1,0,1
1521312,86,1,1,0
2088936,86,1,1,0
903024,86,1,1,0
1350920,86,1,0,1
221016,86,1,1,0
2195856,86,1,1,0
849472,86,1,0,1
699120,86,1,1,0
1375304,86,1,1,0
1590432,86,1,0,1
7126592,86,1,0,1
2313936,86,1,1,0
1952600,86,1,1,0
2908520,86,1,0,1
176240,86,1,1,0
5568080,86,1,1,0
3478336,86,1,0,1
2079760,86,1,1,0
3485064,86,1,0,1
1483648,86,1,1,0
7298880,86,1,1,0
836080,86,1,0,1
1354608,86,1,0,1
7507072,86,1,0,1
7107536,86,1,1,0
6888112,86,1,0,1
3046288,86,1,1,0
5332064,86,1,0,1
671184,86,1,0,1
5120264,86,1,1,0
5725232,86,1,0,1
8195312,86,1,0,1
3616920,86,1,1,0
6806808,86,1,1,0
4089544,86,1,0,1
5520456,86,1,0,1
2639632,86,1,1,0
3272832,86,1,1,0
572872,86,1,1,0
2046080,86,1,1,0
7989264,86,1,0,1
801864,86,1,1,0
1890592,86,1,1,0
786232,86,1,1,0
535224,86,1,1,0
4957112,86,1,1,0
4432720,86,1,1,0
3654800,86,1,0,1
7954120,86,1,1,0
6321272,86,1,1,0
8244120,86,1,0,1
1214416,86,1,1,0
1496576,86,1,0,1
2368616,86,1,1,0
903016,86,1,0,1
7638592,86,1,1,0
928680,86,1,0,1
7267888,86,1,1,0
3114696,86,1,1,0
5869904,86,1,1,0
3666880,86,1,1,0
939816,86,1,0,1
3646816,86,1,0,1
2214792,86,1,0,1
475408,86,1,1,0
6068992,86,1,0,1
2400992,86,1,1,0
860120,86,1,1,0
1629200,86,1,0,1
5250480,86,1,1,0
7626528,86,1,0,1
5271792,86,1,0,1
1140568,86,1,1,0
4220952,86,1,1,0
2176520,86,1,1,0
1895552,86,1,0,1
3173832,86,1,1,0
278520,86,1,0,1
2671592,86,1,1,0
4507112,86,1,1,0
803344,86,1,0,1
3757456,86,1,1,0
1821056,86,1,0,1
1162584,86,1,1,0
4481272,86,1,1,0
239792,86,1,0,1
4973440,86,1,0,1
4287912,86,1,1,0
6752360,86,1,1,0
7978368,86,1,1,0
581064,86,1,0,1
807896,86,1,0,1
6792704,86,1,1,0
5339560,86,1,0,1
180864,86,1,1,0
2761624,86,1,1,0
5170544,86,1,0,1
2191240,86,1,1,0
1650416,86,1,0,1
979656,86,1,1,0
8069088,86,1,0,1
5700528,86,1,0,1
1107456,86,1,1,0
1663624,86,1,0,1
5629216,86,1,1,0
625832,86,1,0,1
6786984,86,1,0,1
3239312,86,1,0,1
236736,86,1,1,0
2413840,86,1,1,0
4720792,86,1,0,1
4119120,86,1,1,0
615488,86,1,0,1
4440488,86,1,1,0
4621048,86,1,1,0
3558264,86,1,0,1
654584,86,1,1,0
5611640,86,1,1,0
2815696,86,1,0,1
6261768,86,1,1,0
1610752,86,1,0,1
1541192,86,1,1,0
2579320,86,1,1,0
1168888,86,1,1,0
5098400,86,1,1,0
6300272,86,1,1,0
2228832,86,1,0,1
1150952,86,1,0,1
2629112,86,1,0,1
6838760,86,1,1,0
1521176,86,1,0,1
7773576,86,1,1,0
1705824,86,1,1,0
192056,86,1,1,0
3254888,86,1,1,0
4565816,86,1,1,0
5010376,86,1,0,1
3644776,86,1,1,0
96472,86,1,1,0
1786696,86,1,1,0
1736760,86,1,1,0
1866240,86,1,1,0
7410480,86,1,0,1
1406928,86,1,0,1
4711120,86,1,1,0
7139192,86,1,1,0
6455112,86,1,0,1
1442312,86,1,1,0
3491344,86,1,0,1
4848048,86,1,0,1
1131440,86,1,0,1
1833240,86,1,0,1
6099928,86,1,0,1
2891728,86,1,0,1
3926272,86,1,0,1
205712,86,1,0,1
6879120,86,1,1,0
2775088,86,1,0,1
7449872,86,1,1,0
5220456,86,1,1,0
1005160,86,1,0,1
2344504,86,1,1,0
4193624,86,1,1,0
5825760,86,1,1,0
4330736,86,1,0,1
1449904,86,1,0,1
658168,86,1,0,1
629760,86,1,0,1
7269640,86,1,1,0
6494712,86,1,0,1
3743136,86,1,0,1
5072208,86,1,1,0
6275160,86,1,1,0
3117936,86,1,0,1
5481632,86,1,1,0
1285904,86,1,1,0
2749104,86,1,1,0
1298272,86,1,0,1
836528,86,1,1,0
6078856,86,1,0,1
4407600,86,1,1,0
759552,86,1,1,0
2894320,86,1,0,1
4355008,86,1,0,1
198992,86,1,1,0
3469512,86,1,0,1
1356768,86,1,1,0
623072,86,1,0,1
6663488,86,1,1,0
933864,86,1,0,1
1428136,86,1,0,1
8221576,86,1,0,1
4302528,86,1,0,1
7537736,86,1,0,1
3303376,86,1,1,0
480840,86,1,0,1
1767008,86,1,0,1
6330784,86,1,0,1
3194184,86,1,1,0
2493992,86,1,0,1
5801672,86,1,0,1
1466776,86,1,1,0
868456,86,1,1,0
3831936,86,1,0,1
1245560,86,1,0,1
199504,86,1,0,1
1001272,86,1,0,1
1291536,86,1,1,0
429928,86,1,0,1
3793216,86,1,0,1
6578120,86,1,1,0
5307568,86,1,1,0
5917232,86,1,0,1
5356424,86,1,1,0
6419744,86,1,0,1
1296504,86,1,0,1
1874232,86,1,1,0
862160,86,1,0,1
2431176,86,1,0,1
6927296,86,1,1,0
5470136,86,1,0,1
2595128,86,1,1,0
1433488,86,1,0,1
299192,86,1,0,1
3924992,86,1,1,0
1635224,86,1,1,0
397768,86,1,0,1
2993120,86,1,0,1
2275384,86,1,1,0
1472648,86,1,1,0
1045952,86,1,1,0
4774880,86,1,1,0
6957824,86,1,1,0
3367984,86,1,1,0
7210632,86,1,1,0
775880,86,1,1,0
759984,86,1,0,1
779328,86,1,0,1
620648,86,1,0,1
1135000,86,1,1,0
2378656,86,1,1,0
306104,86,1,0,1
444984,86,1,1,0
4424824,86,1,0,1
678376,86,1,1,0
5395648,86,1,0,1
501768,86,1,0,1
2222400,86,1,1,0
2849832,86,1,1,0
936776,86,1,0,1
2772528,86,1,1,0
5949648,86,1,0,1
1570936,86,1,1,0
317120,86,1,0,1
3475464,86,1,1,0
3658456,86,1,1,0
7879400,86,1,1,0
3259544,86,1,1,0
604040,86,1,0,1
2548112,86,1,0,1
7366808,86,1,1,0
2621520,86,1,0,1
1648800,86,1,0,1
415704,86,1,0,1
1251544,86,1,1,0
467400,86,1,0,1
2291616,86,1,1,0
236224,86,1,0,1
3159832,86,1,1,0
729584,86,1,0,1
4835360,86,1,1,0
4142600,86,1,1,0
1143328,86,1,1,0
333344,86,1,0,1
740032,86,1,0,1
1053304,86,1,0,1
2849240,86,1,0,1
2349520,86,1,1,0
234376,86,1,1,0
1041824,86,1,1,0
684448,86,1,1,0
5526592,86,1,0,1
7637136,86,1,0,1
2106712,86,1,0,1
3001912,86,1,0,1
664864,86,1,0,1
3862592,86,1,0,1
5190016,86,1,1,0
3462096,86,1,1,0
8200504,86,1,0,1
3670816,86,1,1,0
1904904,86,1,1,0
1537280,86,1,0,1
1856088,86,1,1,0
901568,86,1,1,0
6018376,86,1,0,1
3879384,86,1,1,0
3344104,86,1,1,0
5134336,86,1,1,0
7637936,86,1,1,0
4139336,86,1,1,0
4590816,86,1,0,1
2378104,86,1,0,1
6804600,86,1,1,0
6116736,86,1,1,0
5096128,86,1,1,0
5971960,86,1,0,1
223296,86,1,0,1
269976,86,1,1,0
201320,86,1,0,1
4965152,86,1,0,1
6927344,86,1,0,1
228328,86,1,0,1
6983960,86,1,1,0
1234328,86,1,1,0
704576,86,1,0,1
1739120,86,1,1,0
2565856,86,1,0,1
160256,86,1,0,1
4624992,86,1,0,1
704248,86,1,1,0
3133016,86,1,0,1
405040,86,1,0,1
4317680,86,1,1,0
4416088,86,1,1,0
1313272,86,1,0,1
367024,86,1,1,0
2111968,86,1,1,0
1440424,86,1,0,1
5512384,86,1,0,1
525552,86,1,1,0
2306952,86,1,1,0
858752,86,1,1,0
1795000,86,1,0,1
3816232,86,1,1,0
5497368,86,1,1,0
428032,86,1,1,0
1683448,86,1,0,1
1183336,86,1,1,0
3711400,86,1,1,0
3084808,86,1,1,0
2965920,86,1,1,0
223048,86,1,0,1
1985872,86,1,1,0
1153960,86,1,1,0
3132504,86,1,0,1
1204304,86,1,1,0
263048,86,1,1,0
2916544,86,1,0,1
501128,86,1,1,0
427808,86,1,1,0
2213744,86,1,1,0
4791296,86,1,1,0
7812192,86,1,1,0
2441128,86,1,0,1
2109096,86,1,0,1
3437704,86,1,1,0
5719960,86,1,0,1
6071328,86,1,1,0
2910104,86,1,1,0
517024,86,1,1,0
3458848,86,1,1,0
832640,86,1,0,1
2135232,86,1,1,0
3007248,86,1,0,1
1218072,86,1,0,1
2784720,86,1,1,0
4052432,86,1,0,1
123920,86,1,1,0
1498536,86,1,0,1
358816,86,1,1,0
3848264,86,1,1,0
1159968,86,1,1,0
985840,86,1,0,1
5198496,86,1,0,1
4808032,86,1,1,0
829672,86,1,1,0
3433752,86,1,1,0
4806608,86,1,1,0
6447024,86,1,1,0
444120,86,1,0,1
340296,86,1,1,0
290192,86,1,1,0
2951568,86,1,1,0
4840128,86,1,1,0
7073328,86,1,0,1
4193728,86,1,1,0
3631760,86,1,0,1
1405128,86,1,1,0
4631512,86,1,1,0
3335672,86,1,1,0
4537224,86,1,1,0
3649528,86,1,1,0
7907816,86,1,0,1
1316408,86,1,1,0
4468960,86,1,0,1
3706904,86,1,1,0
2763240,86,1,1,0
5267648,86,1,1,0
1832688,86,1,1,0
2769392,86,1,1,0
619232,86,1,0,1
2161176,86,1,1,0
679184,86,1,1,0
599840,86,1,1,0
2566600,86,1,0,1
2810920,86,1,1,0
630976,86,1,0,1
828552,86,1,1,0
1750424,86,1,0,1
8160592,86,1,0,1
2801736,86,1,0,1
494624,86,1,1,0
7958552,86,1,0,1
3775528,86,1,1,0
4966424,86,1,1,0
3472536,86,1,0,1
3013888,86,1,0,1
1446688,86,1,0,1
3540160,86,1,1,0
1490744,86,1,0,1
936040,86,1,1,0
2788176,86,1,1,0
1180624,86,1,0,1
6551712,86,1,0,1
248624,86,1,1,0
3349816,86,1,1,0
1988096,86,1,1,0
7423144,86,1,0,1
3655344,86,1,1,0
7422616,86,1,0,1
2690080,86,1,0,1
2104088,86,1,1,0
919456,86,1,1,0
4026984,86,1,0,1
5037928,86,1,0,1
2412632,86,1,1,0
5829760,86,1,1,0
1302272,86,1,1,0
1107336,86,1,0,1
4969968,86,1,0,1
399584,86,1,0,1
5956264,86,1,0,1
3760816,86,1,1,0
3086528,86,1,0,1
368200,86,1,1,0
857816,86,1,0,1
3127360,86,1,0,1
1550624,86,1,1,0
1087296,86,1,1,0
296128,86,1,1,0
1094888,86,1,0,1
2127672,86,1,1,0
2007912,86,1,1,0
7679704,86,1,0,1
5604816,86,1,0,1
4084072,86,1,1,0
7204976,86,1,0,1
913992,86,1,1,0
399504,86,1,0,1
4845408,86,1,0,1
4376176,86,1,1,0
1382896,86,1,0,1
1139432,86,1,0,1
1423784,86,1,0,1
777616,86,1,1,0
1548376,86,1,1,0
633888,86,1,1,0
1272208,86,1,1,0
1094864,86,1,1,0
1488272,86,1,0,1
2386968,86,1,1,0
3069128,86,1,1,0
670184,86,1,0,1
1166688,86,1,0,1
349568,86,1,0,1
342720,86,1,0,1
1274664,86,1,0,1
3568088,86,1,0,1
506320,86,1,1,0
4484688,86,1,1,0
1174152,86,1,0,1
6573672,86,1,0,1
3626784,86,1,1,0
1760184,86,1,0,1
3082352,86,1,0,1
1440992,86,1,0,1
3914304,86,1,0,1
4292456,86,1,0,1
8123760,86,1,0,1
6254344,86,1,1,0
284864,86,1,1,0
1605960,86,1,1,0
3434296,86,1,1,0
3017328,86,1,1,0
6602208,86,1,1,0
1800280,86,1,1,0
522032,86,1,1,0
3041688,86,1,1,0
4987168,86,1,0,1
2184960,86,1,0,1
1285880,86,1,0,1
3275928,86,1,1,0
7958040,86,1,0,1
389808,86,1,0,1
2826376,86,1,1,0
2084792,86,1,1,0
3766424,86,1,0,1
8265032,86,1,1,0
171712,86,1,1,0
956336,86,1,0,1
5161392,86,1,1,0
2855360,86,1,1,0
6209664,86,1,0,1
2219056,86,1,0,1
1623168,86,1,0,1
1315808,86,1,1,0
3712648,86,1,0,1
757520,86,1,1,0
5172576,86,1,1,0
744832,86,1,1,0
1039864,86,1,1,0
6943448,86,1,0,1
4567952,86,1,0,1
546248,86,1,1,0
381616,86,1,1,0
687816,86,1,1,0
2089064,86,1,1,0
3332920,86,1,1,0
1562144,86,1,1,0
2884208,86,1,0,1
5924608,86,1,0,1
425568,86,1,0,1
3045424,86,1,1,0
2356280,86,1,1,0
392704,86,1,0,1
242840,86,1,1,0
547160,86,1,0,1
3283296,86,1,0,1
1181880,86,1,1,0
203904,86,1,0,1
859376,86,1,1,0
1645784,86,1,1,0
7632760,86,1,1,0
135376,86,1,1,0
1202720,86,1,1,0
2804432,86,1,0,1
6466008,86,1,1,0
302944,86,1,1,0
4593488,86,1,0,1
3842336,86,1,1,0
5223552,86,1,0,1
1787904,86,1,0,1
385160,86,1,0,1
7076440,86,1,0,1
3248568,86,1,0,1
7922992,86,1,1,0
533400,86,1,0,1
403832,86,1,1,0
1688184,86,1,1,0
370136,86,1,1,0
2666928,86,1,1,0
1603104,86,1,0,1
5974984,86,1,1,0
3467200,86,1,0,1
2483064,86,1,0,1
2051944,86,1,0,1
4373136,86,1,1,0
547712,86,1,1,0
581992,86,1,1,0
3029136,86,1,1,0
390920,86,1,1,0
895040,86,1,1,0
7578736,86,1,0,1
941744,86,1,1,0
5166704,86,1,1,0
1756960,86,1,1,0
1036504,86,1,1,0
214112,86,1,0,1
242144,86,1,0,1
7156824,86,1,1,0
592552,86,1,1,0
772608,86,1,1,0
6381528,86,1,1,0
1038184,86,1,1,0
6668608,86,1,1,0
2042408,86,1,1,0
367088,86,1,0,1
6561240,86,1,1,0
478952,86,1,0,1
1485088,86,1,1,0
3252176,86,1,1,0
372480,86,1,1,0
4033216,86,1,1,0
2988720,86,1,0,1
1206808,86,1,0,1
204016,86,1,0,1
1270128,86,1,1,0
2900408,86,1,1,0
3523488,86,1,0,1
1198168,86,1,1,0
3069944,86,1,1,0
1714560,86,1,1,0
929960,86,1,1,0
1219976,86,1,1,0
5105632,86,1,1,0
2553072,86,1,1,0
5051928,86,1,1,0
5061888,86,1,1,0
765736,86,1,1,0
3154584,86,1,1,0
622736,86,1,0,1
825904,86,1,0,1
1821528,86,1,1,0
1343608,86,1,0,1
5499368,86,1,1,0
1567456,86,1,0,1
1303520,86,1,1,0
648280,86,1,0,1
2296888,86,1,0,1
4100440,86,1,0,1
1829440,87,1,0,1
7306464,87,1,0,1
4002056,87,1,0,1
949560,87,1,0,1
719680,87,1,1,0
455936,87,1,1,0
4933336,87,1,1,0
8226672,87,1,0,1
5088696,87,1,1,0
7052008,87,1,0,1
1078800,87,1,1,0
1549232,87,1,0,1
5129936,87,1,0,1
2032912,87,1,0,1
2409280,87,1,1,0
358376,87,1,1,0
1727552,87,1,1,0
5953760,87,1,0,1
6443552,87,1,1,0
4002096,87,1,1,0
438848,87,1,1,0
3500672,87,1,0,1
3124024,87,1,0,1
5446080,87,1,1,0
799720,87,1,1,0
431184,87,1,0,1
6874768,87,1,0,1
113480,87,1,1,0
740880,87,1,1,0
923648,87,1,1,0
7485632,87,1,1,0
1283872,87,1,1,0
4806096,87,1,0,1
2180912,87,1,1,0
125104,87,1,0,1
883840,87,1,0,1
1486752,87,1,1,0
3112952,87,1,0,1
6940744,87,1,0,1
5226392,87,1,0,1
743104,87,1,0,1
1582592,87,1,1,0
4266160,87,1,1,0
564320,87,1,0,1
2028960,87,1,0,1
1922464,87,1,0,1
4912968,87,1,0,1
6475304,87,1,0,1
97368,87,1,1,0
1313744,87,1,1,0
1575184,87,1,0,1
3296368,87,1,1,0
3440032,87,1,1,0
4417056,87,1,1,0
1617088,87,1,0,1
756136,87,1,0,1
3241920,87,1,1,0
181560,87,1,1,0
1088008,87,1,0,1
6200400,87,1,1,0
5830240,87,1,0,1
708672,87,1,1,0
7640080,87,1,0,1
1647856,87,1,1,0
2238536,87,1,0,1
2905904,87,1,1,0
3200856,87,1,1,0
8029296,87,1,1,0
5025128,87,1,1,0
1475168,87,1,0,1
7387264,87,1,0,1
8133152,87,1,1,0
1222384,87,1,0,1
7786392,87,1,1,0
5928024,87,1,1,0
1603336,87,1,1,0
1054488,87,1,0,1
5665752,87,1,1,0
3444200,87,1,1,0
2797464,87,1,1,0
5577248,87,1,1,0
3646824,87,1,0,1
6861432,87,1,1,0
4426624,87,1,1,0
224840,87,1,1,0
586752,87,1,0,1
718664,87,1,1,0
2767416,87,1,1,0
7462848,87,1,1,0
378128,87,1,0,1
442456,87,1,1,0
343264,87,1,0,1
351888,87,1,0,1
850336,87,1,0,1
582064,87,1,0,1
2010896,87,1,0,1
817952,87,1,1,0
1707856,87,1,1,0
6591992,87,1,0,1
1058088,87,1,0,1
2254472,87,1,0,1
3083704,87,1,1,0
5797856,87,1,0,1
8052448,87,1,0,1
1329848,87,1,0,1
6979968,87,1,0,1
473512,87,1,0,1
1203352,87,1,0,1
326152,87,1,1,0
7086392,87,1,0,1
2282368,87,1,1,0
2985064,87,1,1,0
6172448,87,1,0,1
7980848,87,1,0,1
299216,87,1,1,0
343584,87,1,1,0
289408,87,1,1,0
7067408,87,1,0,1
1769864,87,1,0,1
3212584,87,1,1,0
7886840,87,1,1,0
1287512,87,1,1,0
6559632,87,1,1,0
4240416,87,1,0,1
766568,87,1,1,0
1890600,87,1,1,0
3080552,87,1,0,1
92736,87,1,0,1
2154144,87,1,0,1
1507720,87,1,1,0
392192,87,1,0,1
7799400,87,1,1,0
1612328,87,1,0,1
2791472,87,1,0,1
657888,87,1,1,0
507528,87,1,1,0
299920,87,1,1,0
1907528,87,1,1,0
600488,87,1,0,1
3304992,87,1,1,0
1269632,87,1,0,1
3433640,87,1,1,0
612976,87,1,1,0
282864,87,1,0,1
4383568,87,1,1,0
2600152,87,1,1,0
8020152,87,1,0,1
5510864,87,1,0,1
1555112,87,1,1,0
960064,87,1,1,0
958200,87,1,0,1
267088,87,1,0,1
960288,87,1,1,0
4725224,87,1,1,0
620520,87,1,1,0
6560448,87,1,0,1
1626704,87,1,0,1
307776,87,1,1,0
240392,87,1,1,0
452784,87,1,1,0
622432,87,1,0,1
234480,87,1,1,0
3184752,87,1,1,0
6546064,87,1,0,1
3408072,87,1,0,1
1899176,87,1,0,1
4241184,87,1,1,0
833184,87,1,0,1
165216,87,1,1,0
4165112,87,1,0,1
2890424,87,1,1,0
4638472,87,1,0,1
1805344,87,1,0,1
1186536,87,1,1,0
2858432,87,1,1,0
2851952,87,1,1,0
819632,87,1,0,1
6490624,87,1,1,0
842056,87,1,0,1
5054960,87,1,0,1
2347048,87,1,0,1
1681080,87,1,0,1
6167560,87,1,1,0
8302944,87,1,1,0
2522040,87,1,0,1
3990952,87,1,0,1
4330248,87,1,1,0
1595336,87,1,1,0
941832,87,1,1,0
1894176,87,1,0,1
2917576,87,1,1,0
1259448,87,1,0,1
1965056,87,1,0,1
1504920,87,1,1,0
1524936,87,1,1,0
3172408,87,1,1,0
1184400,87,1,0,1
1690016,87,1,1,0
1845128,87,1,1,0
5584160,87,1,1,0
519120,87,1,0,1
535248,87,1,1,0
1247000,87,1,0,1
1130896,87,1,1,0
2771912,87,1,0,1
672040,87,1,0,1
115424,87,1,1,0
3189496,87,1,0,1
717032,87,1,1,0
1786424,87,1,0,1
1165416,87,1,1,0
779240,87,1,0,1
968008,87,1,1,0
5373872,87,1,1,0
690056,87,1,1,0
1410040,87,1,0,1
6466944,87,1,1,0
596760,87,1,0,1
1932512,87,1,1,0
2134304,87,1,1,0
4539048,87,1,0,1
726760,87,1,1,0
6772320,87,1,0,1
1987328,87,1,1,0
2282872,87,1,1,0
1604928,87,1,1,0
1654312,87,1,0,1
347728,87,1,0,1
445856,87,1,0,1
556048,87,1,0,1
1441320,87,1,0,1
966208,87,1,1,0
1812712,87,1,1,0
2047096,87,1,0,1
5182840,87,1,0,1
1099928,87,1,1,0
2127360,87,1,1,0
2005792,87,1,1,0
3031544,87,1,0,1
847296,87,1,0,1
7376768,87,1,0,1
6272136,87,1,0,1
1322424,87,1,1,0
1175080,87,1,1,0
6981824,87,1,0,1
2646360,87,1,1,0
4962816,87,1,1,0
2333416,87,1,1,0
1953568,87,1,1,0
430320,87,1,0,1
290704,87,1,1,0
5754736,87,1,1,0
664160,87,1,1,0
939320,87,1,1,0
5960568,87,1,1,0
6468272,87,1,0,1
177832,87,1,0,1
849944,87,1,1,0
5532616,87,1,0,1
4633712,87,1,0,1
1196952,87,1,0,1
1635600,87,1,0,1
579672,87,1,0,1
326640,87,1,0,1
5794968,87,1,1,0
3926176,87,1,0,1
5181880,87,1,0,1
2132128,87,1,1,0
1704816,87,1,1,0
2367608,87,1,0,1
4683504,87,1,1,0
7963816,87,1,1,0
3708704,87,1,0,1
1908536,87,1,0,1
6230016,87,1,1,0
1615832,87,1,1,0
4658984,87,1,0,1
3113576,87,1,0,1
3479008,87,1,1,0
246280,87,1,0,1
1971272,87,1,0,1
1444384,87,1,1,0
4719992,87,1,0,1
531688,87,1,1,0
878408,87,1,1,0
7278560,87,1,1,0
1014256,87,1,1,0
2664592,87,1,0,1
5934600,87,1,1,0
1514424,87,1,0,1
699016,87,1,1,0
2942800,87,1,0,1
1852736,87,1,0,1
1762360,87,1,0,1
3397312,87,1,0,1
196560,87,1,1,0
2303232,87,1,0,1
5976096,87,1,1,0
1560048,87,1,1,0
6307944,87,1,0,1
6449784,87,1,1,0
3968984,87,1,1,0
5502320,87,1,1,0
2573504,87,1,0,1
3368288,87,1,1,0
4750792,87,1,0,1
7016688,87,1,0,1
5887504,87,1,1,0
379408,87,1,1,0
2136968,87,1,1,0
1404408,87,1,0,1
2720400,87,1,0,1
1522560,87,1,1,0
4581424,87,1,1,0
176544,87,1,1,0
2964056,87,1,0,1
919856,87,1,0,1
696296,87,1,1,0
1771280,87,1,1,0
5772608,87,1,0,1
1633800,87,1,0,1
6374504,87,1,0,1
938312,87,1,1,0
2527352,87,1,0,1
761280,87,1,1,0
3403144,87,1,0,1
247432,87,1,0,1
114240,87,1,1,0
438904,87,1,0,1
798912,87,1,1,0
7468912,87,1,1,0
4539192,87,1,0,1
435440,87,1,0,1
4118320,87,1,1,0
1964608,87,1,1,0
701592,87,1,1,0
3405640,87,1,1,0
5401344,87,1,0,1
4082872,87,1,1,0
2538016,87,1,1,0
1853048,87,1,0,1
3731168,87,1,1,0
2478288,87,1,0,1
361392,87,1,1,0
2321096,87,1,0,1
6977528,87,1,0,1
3739208,87,1,1,0
4047576,87,1,1,0
7380640,87,1,1,0
533392,87,1,1,0
1894776,87,1,1,0
5936488,87,1,1,0
509904,87,1,0,1
1846144,87,1,1,0
6585880,87,1,0,1
2866944,87,1,1,0
297008,87,1,1,0
692888,87,1,1,0
7209608,87,1,0,1
792136,87,1,0,1
855384,87,1,1,0
1313952,87,1,0,1
3059840,87,1,0,1
7420368,87,1,1,0
3528136,87,1,0,1
7050896,87,1,1,0
5573616,87,1,1,0
4804888,87,1,1,0
1869976,87,1,1,0
1529936,87,1,1,0
7125584,87,1,1,0
6098376,87,1,0,1
1194584,87,1,0,1
951400,87,1,1,0
1889400,87,1,1,0
95488,87,1,1,0
2037240,87,1,0,1
336848,87,1,1,0
7914840,87,1,0,1
5437456,87,1,0,1
2893568,87,1,1,0
3370592,87,1,1,0
1385672,87,1,1,0
822504,87,1,0,1
3771056,87,1,0,1
7274344,87,1,0,1
6626576,87,1,1,0
1417640,87,1,0,1
632592,87,1,1,0
707264,87,1,1,0
3571288,87,1,0,1
795824,87,1,0,1
6010024,87,1,0,1
8159040,87,1,1,0
4186792,87,1,0,1
3386360,87,1,0,1
877552,87,1,1,0
1539128,87,1,0,1
3138104,87,1,1,0
2215848,87,1,0,1
831552,87,1,0,1
5787016,87,1,0,1
815248,87,1,0,1
574616,87,1,0,1
1755264,87,1,0,1
1539232,87,1,1,0
902608,87,1,0,1
3685240,87,1,1,0
2440592,87,1,0,1
1404512,87,1,0,1
6887080,87,1,1,0
1129656,87,1,0,1
259872,87,1,1,0
929464,87,1,0,1
1598040,87,1,0,1
7006600,87,1,1,0
5334184,87,1,1,0
1624552,87,1,1,0
2252008,87,1,1,0
1394520,87,1,0,1
1289712,87,1,0,1
5579832,87,1,1,0
3362328,87,1,1,0
3349616,87,1,1,0
3269680,87,1,0,1
448656,87,1,0,1
7329128,87,1,1,0
1785904,87,1,0,1
5336672,87,1,1,0
1118640,87,1,0,1
3780360,87,1,0,1
316520,87,1,0,1
555904,87,1,1,0
4141904,87,1,0,1
1850672,87,1,1,0
2356400,87,1,0,1
8225560,87,1,1,0
2964520,87,1,1,0
1524992,87,1,0,1
3230680,87,1,0,1
971160,87,1,0,1
655912,87,1,0,1
2335680,87,1,0,1
3777976,87,1,0,1
6012416,87,1,0,1
2429088,87,1,0,1
1839488,87,1,1,0
5512168,87,1,0,1
1446128,87,1,0,1
152664,87,1,0,1
1163656,87,1,0,1
298672,87,1,0,1
391048,87,1,0,1
2343448,87,1,1,0
2965712,87,1,1,0
1749040,87,1,0,1
202840,87,1,1,0
3732792,87,1,0,1
405824,87,1,0,1
235224,87,1,1,0
845536,87,1,0,1
3977920,87,1,0,1
4368408,87,1,1,0
1973848,87,1,1,0
919624,87,1,1,0
5079832,87,1,0,1
2854656,87,1,0,1
583448,87,1,0,1
815976,87,1,0,1
3237600,87,1,1,0
447576,87,1,0,1
1687560,87,1,0,1
374936,87,1,0,1
1677784,87,1,1,0
3989832,87,1,0,1
1974896,87,1,0,1
4710200,87,1,1,0
421400,87,1,0,1
6231768,87,1,1,0
6469920,87,1,0,1
395264,87,1,0,1
4006568,87,1,1,0
4571792,87,1,1,0
538616,87,1,1,0
810512,87,1,1,0
8107840,87,1,0,1
692512,87,1,0,1
2041976,87,1,0,1
887208,87,1,0,1
5180936,87,1,0,1
7093432,87,1,0,1
6211400,87,1,1,0
6130040,87,1,1,0
3450376,87,1,1,0
1873960,87,1,1,0
6066312,87,1,1,0
3875752,87,1,0,1
7109888,87,1,1,0
6930816,87,1,1,0
4108456,87,1,1,0
4108944,87,1,0,1
6706496,87,1,0,1
1077904,87,1,0,1
158416,87,1,1,0
1075128,87,1,1,0
1340048,87,1,1,0
2086336,87,1,1,0
3159192,87,1,0,1
3820528,87,1,0,1
1648752,87,1,0,1
1209792,87,1,0,1
7738736,87,1,0,1
5209912,87,1,1,0
3982008,87,1,0,1
1388792,87,1,1,0
3694248,87,1,1,0
657128,87,1,1,0
747416,87,1,1,0
309416,87,1,1,0
7868480,87,1,1,0
638992,87,1,1,0
3654728,87,1,0,1
3296592,87,1,0,1
7967736,87,1,0,1
2855776,87,1,0,1
5049184,87,1,1,0
3748472,87,1,1,0
7520096,87,1,1,0
4418720,87,1,1,0
7446912,87,1,1,0
3852032,87,1,0,1
551656,87,1,1,0
1017608,87,1,0,1
1005928,87,1,1,0
5534608,87,1,0,1
668600,87,1,0,1
5181632,87,1,0,1
3385816,87,1,1,0
7015688,87,1,0,1
699720,87,1,0,1
688208,87,1,0,1
116104,87,1,0,1
1860160,87,1,1,0
356408,87,1,1,0
5421936,87,1,1,0
2676776,87,1,1,0
976376,87,1,0,1
3421768,87,1,1,0
5742832,87,1,0,1
562408,87,1,1,0
6312480,87,1,1,0
1848272,87,1,0,1
1059784,87,1,1,0
3137536,87,1,0,1
4292680,87,1,1,0
2066336,87,1,1,0
2988200,87,1,0,1
983576,87,1,1,0
1475616,87,1,1,0
4516840,87,1,1,0
514328,87,1,0,1
3846936,87,1,1,0
1402336,87,1,1,0
1605544,87,1,0,1
7172544,87,1,1,0
304400,87,1,1,0
2334280,87,1,1,0
1857832,87,1,0,1
932368,87,1,1,0
6376624,87,1,1,0
1951720,87,1,0,1
4019176,87,1,0,1
2724000,87,1,0,1
1351144,87,1,1,0
4137448,87,1,1,0
451784,87,1,0,1
1003104,87,1,0,1
3047456,87,1,0,1
3924624,87,1,1,0
8196784,87,1,0,1
7940968,87,1,0,1
5705536,87,1,1,0
1507032,87,1,1,0
638584,87,1,1,0
3401824,87,1,1,0
2752072,87,1,0,1
2865776,87,1,1,0
6391680,87,1,0,1
719696,87,1,1,0
704040,87,1,0,1
2997128,87,1,1,0
805416,87,1,1,0
2798736,87,1,0,1
4939352,87,1,0,1
3591936,87,1,0,1
1830320,87,1,1,0
3384832,87,1,0,1
7225984,87,1,0,1
364920,87,1,0,1
580384,87,1,0,1
1067456,87,1,0,1
2606912,87,1,1,0
6705912,87,1,0,1
4704296,87,1,0,1
412960,87,1,1,0
2716608,87,1,1,0
837968,87,1,1,0
2443232,87,1,0,1
3644560,87,1,1,0
931160,87,1,0,1
1242464,87,1,1,0
4434368,87,1,0,1
6902824,87,1,1,0
6597664,87,1,1,0
292632,87,1,0,1
1168896,87,1,0,1
675760,87,1,1,0
1470848,87,1,1,0
7387984,87,1,1,0
598728,87,1,0,1
5943840,87,1,0,1
2505000,87,1,1,0
4324032,87,1,0,1
2565088,87,1,1,0
3267216,87,1,1,0
1052216,87,1,0,1
2150328,87,1,1,0
2257808,87,1,0,1
1397792,87,1,0,1
214912,87,1,0,1
5359344,87,1,0,1
6861664,87,1,1,0
3427488,87,1,1,0
3068104,87,1,1,0
1070600,87,1,1,0
2203936,87,1,0,1
6046344,87,1,0,1
3644088,87,1,1,0
1412480,87,1,0,1
5639608,87,1,0,1
1309320,87,1,1,0
417192,87,1,1,0
788936,87,1,0,1
3252864,87,1,0,1
4316080,87,1,0,1
5894440,87,1,1,0
6289720,87,1,1,0
1012416,87,1,1,0
2896824,87,1,1,0
4649472,87,1,1,0
1173272,87,1,0,1
2072392,87,1,1,0
7951792,87,1,1,0
426664,87,1,0,1
3856440,87,1,1,0
203272,87,1,0,1
3584288,87,1,0,1
2035008,87,1,1,0
1122904,87,1,1,0
1718688,87,1,1,0
2687776,87,1,1,0
7692832,87,1,0,1
5572800,87,1,0,1
5814696,87,1,1,0
607016,87,1,1,0
3277544,87,1,1,0
721032,87,1,1,0
675488,87,1,0,1
5121776,87,1,0,1
1954872,87,1,0,1
668032,87,1,1,0
712424,87,1,1,0
4756080,87,1,1,0
2581624,87,1,1,0
784888,87,1,0,1
6285552,87,1,0,1
4367224,87,1,0,1
946880,87,1,0,1
1182112,87,1,1,0
3010920,87,1,0,1
2314384,87,1,0,1
976880,87,1,1,0
387560,87,1,0,1
714496,87,1,1,0
1197448,87,1,1,0
216648,87,1,1,0
983560,87,1,0,1
1426872,87,1,1,0
2177704,87,1,0,1
2042488,87,1,1,0
3222360,87,1,1,0
5924544,87,1,0,1
3956720,87,1,0,1
3366936,87,1,0,1
2972368,87,1,0,1
395832,87,1,1,0
217368,87,1,0,1
498992,87,1,0,1
5646880,87,1,0,1
320936,87,1,1,0
5252080,87,1,1,0
7438896,87,1,0,1
1537680,87,1,0,1
5412264,87,1,0,1
2191360,87,1,1,0
2758672,87,1,0,1
5810816,87,1,0,1
3603456,87,1,0,1
6474304,87,1,0,1
2478776,87,1,0,1
476224,87,1,0,1
4896944,87,1,0,1
4998104,87,1,1,0
2500904,87,1,0,1
121976,87,1,1,0
1807592,87,1,1,0
1286592,87,1,1,0
737536,87,1,1,0
4724360,87,1,1,0
573264,87,1,1,0
2391472,87,1,1,0
7686976,87,1,0,1
704216,87,1,1,0
167008,87,1,1,0
5659664,87,1,1,0
4315168,87,1,1,0
2641952,87,1,1,0
888336,87,1,0,1
4393024,87,1,0,1
1806936,87,1,0,1
2095728,87,1,0,1
607608,87,1,1,0
5386448,87,1,1,0
5463944,87,1,1,0
693280,87,1,0,1
2617720,87,1,0,1
232096,87,1,0,1
1467440,87,1,1,0
1966944,87,1,1,0
1683128,87,1,1,0
2780088,87,1,0,1
4968024,87,1,1,0
7248272,87,1,1,0
3082368,87,1,0,1
879312,87,1,1,0
1152192,87,1,1,0
2496472,87,1,0,1
1220624,87,1,0,1
1534992,87,1,0,1
7159984,87,1,0,1
1725344,87,1,1,0
2349984,87,1,0,1
385752,87,1,1,0
6988120,87,1,1,0
3282832,87,1,1,0
4507008,87,1,1,0
4687544,87,1,0,1
6336328,87,1,1,0
272464,87,1,0,1
5710840,87,1,1,0
2323800,87,1,0,1
3916488,87,1,1,0
3579136,87,1,1,0
7085480,87,1,0,1
1180808,87,1,1,0
5962672,87,1,1,0
402664,87,1,1,0
874816,87,1,0,1
7556472,87,1,0,1
3203304,87,1,1,0
179528,87,1,1,0
2184368,87,1,1,0
3616944,87,1,0,1
1984784,87,1,0,1
7491776,87,1,1,0
2474728,87,1,1,0
6137408,87,1,0,1
1732824,87,1,0,1
2346304,87,1,0,1
3075360,87,1,0,1
837552,87,1,0,1
1344848,87,1,1,0
8085216,87,1,1,0
1056928,87,1,0,1
7076952,87,1,1,0
380800,87,1,0,1
632088,87,1,0,1
2871592,87,1,0,1
865648,87,1,0,1
493984,87,1,1,0
3078768,87,1,0,1
4488160,87,1,1,0
3037568,87,1,1,0
2900096,87,1,0,1
2644984,87,1,1,0
8045360,87,1,0,1
316056,87,1,0,1
1953208,87,1,0,1
2113032,87,1,1,0
8065984,87,1,0,1
378688,87,1,0,1
283952,87,1,1,0
922232,87,1,1,0
2249024,87,1,0,1
415576,87,1,0,1
2293088,87,1,0,1
5359752,87,1,0,1
5410416,87,1,0,1
4091096,87,1,1,0
860144,87,1,1,0
378560,87,1,0,1
5743320,87,1,1,0
4093720,87,1,1,0
3333912,87,1,1,0
1773152,87,1,1,0
4074848,87,1,1,0
545512,87,1,0,1
1621720,87,1,0,1
6600640,87,1,0,1
2143000,87,1,1,0
4410224,87,1,1,0
472608,87,1,1,0
6560688,87,1,1,0
884536,87,1,1,0
7819520,87,1,1,0
2684440,87,1,0,1
5965760,87,1,0,1
5188992,87,1,0,1
382632,87,1,0,1
5629160,87,1,0,1
6968024,87,1,0,1
2068496,87,1,1,0
4579688,87,1,1,0
2857544,87,1,1,0
3022232,87,1,1,0
2735536,87,1,1,0
4555992,87,1,1,0
2093928,87,1,1,0
1160280,87,1,0,1
4237736,87,1,0,1
427200,87,1,0,1
5907232,87,1,0,1
3852056,87,1,0,1
1366848,87,1,0,1
4107496,87,1,0,1
4690936,87,1,1,0
5527544,87,1,1,0
7963312,87,1,0,1
2940152,87,1,1,0
594328,87,1,0,1
4586000,87,1,1,0
882480,87,1,1,0
595680,87,1,0,1
8084840,87,1,0,1
6536616,87,1,0,1
6194536,87,1,0,1
641376,87,1,1,0
1674888,87,1,0,1
943904,87,1,0,1
4454408,87,1,1,0
7924008,87,1,1,0
443992,87,1,1,0
479648,87,1,1,0
3402976,87,1,1,0
4668328,87,1,1,0
122848,87,1,0,1
6807536,87,1,1,0
3136456,87,1,0,1
7539584,87,1,1,0
349600,87,1,1,0
3991784,87,1,0,1
4267840,87,1,0,1
2889536,87,1,1,0
5083376,87,1,0,1
240880,87,1,1,0
2566040,87,1,0,1
3163832,87,1,0,1
1567928,87,1,1,0
1364384,87,1,0,1
1850296,87,1,1,0
4610416,87,1,1,0
560352,87,1,1,0
636784,87,1,0,1
1930992,87,1,1,0
1193640,87,1,1,0
2505936,87,1,0,1
5457056,87,1,0,1
3864400,87,1,0,1
7406192,87,1,1,0
1592136,87,1,0,1
114352,87,1,0,1
7871136,87,1,1,0
412520,87,1,0,1
4800224,87,1,0,1
1789472,87,1,1,0
3044456,87,1,1,0
1340496,87,1,1,0
294352,87,1,0,1
8216240,87,1,1,0
3572992,87,1,1,0
374088,87,1,1,0
4149752,87,1,1,0
5262760,87,1,1,0
5332976,87,1,0,1
1168232,87,1,0,1
197648,87,1,1,0
379176,87,1,1,0
471008,87,1,1,0
1987584,87,1,1,0
6964344,87,1,1,0
5036448,87,1,1,0
4534464,87,1,1,0
4278744,87,1,0,1
391768,87,1,1,0
2039824,87,1,0,1
3999536,87,1,0,1
3494000,87,1,0,1
334584,87,1,1,0
3476400,87,1,0,1
600944,87,1,0,1
6390896,87,1,1,0
5771000,87,1,1,0
230856,87,1,1,0
5537168,87,1,0,1
1331064,87,1,0,1
6474448,87,1,1,0
3693376,87,1,0,1
3399840,87,1,1,0
5170784,87,1,1,0
709000,87,1,1,0
3350808,87,1,0,1
372808,87,1,1,0
1396328,87,1,0,1
1894456,87,1,0,1
963552,87,1,1,0
3681672,87,1,1,0
474992,87,1,0,1
2339920,87,1,0,1
2555248,87,1,0,1
512600,87,1,0,1
4475984,87,1,0,1
7110648,87,1,1,0
1565616,87,1,1,0
2196440,87,1,1,0
1765112,87,1,1,0
7342840,87,1,0,1
922304,87,1,1,0
1608760,87,1,0,1
1656080,87,1,1,0
747280,87,1,1,0
7293072,87,1,1,0
162384,87,1,0,1
2843192,87,1,1,0
5339448,87,1,1,0
1677408,87,1,1,0
5902416,87,1,1,0
447800,87,1,1,0
6934336,87,1,0,1
1095904,87,1,0,1
3082696,87,1,0,1
7519096,87,1,0,1
2989776,87,1,1,0
692080,87,1,1,0
2148936,87,1,0,1
1406512,87,1,0,1
887528,87,1,1,0
7020384,87,1,1,0
284488,87,1,0,1
3869456,87,1,1,0
3147416,87,1,1,0
569576,87,1,0,1
1132600,87,1,0,1
1738608,87,1,0,1
7444792,87,1,1,0
3866232,87,1,0,1
6490632,87,1,1,0
5044760,87,1,0,1
733624,87,1,1,0
1215984,87,1,1,0
1158640,87,1,1,0
295648,87,1,1,0
549592,87,1,0,1
7537664,87,1,1,0
2299496,87,1,1,0
2401096,87,1,0,1
4019768,87,1,0,1
225768,87,1,1,0
8174800,87,1,0,1
920000,87,1,0,1
1436680,87,1,0,1
2937672,87,1,0,1
7211320,87,1,0,1
1341792,87,1,1,0
3775072,87,1,1,0
2847376,87,1,1,0
1022024,87,1,1,0
2522336,87,1,1,0
5984608,87,1,0,1
6991440,87,1,0,1
230960,87,1,1,0
209112,87,1,0,1
7393904,87,1,1,0
2065912,87,1,0,1
257712,87,1,0,1
6703400,87,1,1,0
1204320,87,1,0,1
6086096,87,1,0,1
503112,87,1,1,0
445224,87,1,0,1
6662344,87,1,1,0
7714216,87,1,0,1
433120,87,1,0,1
8320416,87,1,1,0
3107752,87,1,1,0
1940408,87,1,0,1
1425240,87,1,0,1
1183416,87,1,0,1
331296,87,1,1,0
2104376,87,1,0,1
1220072,87,1,0,1
3537696,87,1,0,1
5291088,87,1,0,1
5373128,87,1,0,1
1846856,87,1,1,0
426200,87,1,0,1
430704,87,1,0,1
511328,87,1,0,1
565496,87,1,1,0
3213608,87,1,0,1
4031296,87,1,0,1
657808,87,1,0,1
5129464,87,1,0,1
337256,87,1,1,0
6045424,87,1,1,0
1020632,87,1,1,0
5460352,87,1,1,0
1796640,87,1,1,0
2061712,87,1,0,1
1167008,87,1,1,0
596576,87,1,0,1
538072,87,1,0,1
3838976,87,1,1,0
3790488,87,1,0,1
8135224,87,1,0,1
8295296,87,1,1,0
1153528,87,1,0,1
585632,87,1,0,1
699992,87,1,1,0
202256,87,1,0,1
2312648,87,1,1,0
1077024,87,1,1,0
2124872,87,1,0,1
2748976,87,1,1,0
1114312,87,1,0,1
2131080,87,1,0,1
1352784,87,1,1,0
1348640,87,1,0,1
1075672,87,1,0,1
1006336,87,1,1,0
2603368,87,1,1,0
1043464,87,1,1,0
1202704,87,1,0,1
723704,87,1,0,1
6856272,87,1,1,0
2209368,87,1,1,0
2608472,87,1,1,0
1996784,87,1,1,0
4757504,87,1,1,0
845072,87,1,0,1
957712,87,1,1,0
4516816,87,1,0,1
2150040,87,1,0,1
2543848,87,1,1,0
3186896,87,1,1,0
1972168,87,1,1,0
1020336,87,1,0,1
3756208,87,1,0,1
2563888,87,1,1,0
985624,87,1,0,1
3155264,87,1,1,0
4345560,87,1,1,0
1269808,87,1,0,1
3334328,87,1,0,1
655128,87,1,1,0
2977888,87,1,1,0
279832,87,1,0,1
3612120,87,1,1,0
1493384,87,1,1,0
1117904,87,1,1,0
873360,87,1,1,0
167312,87,1,1,0
3370920,87,1,1,0
5155744,87,1,1,0
6269144,87,1,1,0
3912056,87,1,1,0
1327064,87,1,0,1
3134984,87,1,0,1
8386632,87,1,1,0
440368,87,1,0,1
435064,87,1,0,1
5101968,87,1,1,0
1726048,87,1,1,0
6094456,87,1,0,1
3046048,87,1,0,1
5775408,87,1,1,0
2556056,87,1,1,0
2857232,87,1,1,0
2525840,87,1,0,1
4141424,87,1,1,0
800912,87,1,0,1
346152,87,1,0,1
2541216,87,1,0,1
2093352,87,1,0,1
859520,87,1,0,1
1257472,87,1,1,0
3904432,87,1,1,0
8151392,87,1,1,0
3166424,87,1,0,1
6448504,87,1,0,1
804480,87,1,1,0
4076184,87,1,0,1
1065144,87,1,0,1
1521200,87,1,0,1
2407264,87,1,0,1
7582504,87,1,0,1
659744,87,1,1,0
4422280,87,1,1,0
4064464,87,1,0,1
1815448,87,1,1,0
3542504,87,1,0,1
296336,87,1,1,0
1004920,87,1,1,0
2007448,87,1,1,0
5258512,87,1,1,0
1513912,87,1,0,1
1697568,87,1,1,0
1041112,87,1,1,0
2046920,87,1,0,1
4382304,87,1,1,0
1793488,87,1,1,0
607584,87,1,0,1
2807296,87,1,0,1
1329208,87,1,1,0
549360,87,1,1,0
3284712,87,1,0,1
1811000,87,1,1,0
245648,87,1,0,1
6774904,87,1,0,1
4666384,87,1,1,0
6167400,87,1,0,1
6083304,87,1,1,0
2179152,87,1,1,0
906184,87,1,1,0
2656568,87,1,1,0
275552,87,1,0,1
7290288,87,1,1,0
795008,87,1,0,1
279152,87,1,0,1
294664,87,1,1,0
914656,87,1,1,0
3358536,87,1,0,1
688248,87,1,0,1
6589816,87,1,1,0
7803232,87,1,0,1
3731920,87,1,0,1
3325472,87,1,0,1
2398848,87,1,1,0
5438824,87,1,1,0
581968,87,1,1,0
820392,87,1,1,0
5028200,87,1,0,1
111304,87,1,0,1
860336,87,1,0,1
6417616,87,1,0,1
1609608,87,1,1,0
3398936,87,1,0,1
202304,87,1,0,1
3049272,87,1,1,0
1002280,87,1,0,1
2525696,87,1,0,1
1935768,87,1,0,1
7416496,87,1,1,0
2627872,87,1,0,1
1628416,87,1,0,1
536656,87,1,1,0
526752,87,1,0,1
5695736,87,1,1,0
1027872,87,1,0,1
7394880,87,1,1,0
267648,87,1,1,0
1472736,87,1,0,1
471952,87,1,1,0
3208136,87,1,1,0
303848,87,1,1,0
2969128,87,1,0,1
2006464,87,1,1,0
1003008,87,1,1,0
4649440,87,1,1,0
2592528,87,1,1,0
259712,87,1,0,1
4274088,87,1,0,1
192248,87,1,1,0
1499136,87,1,0,1
4574184,87,1,1,0
322536,87,1,1,0
492056,87,1,1,0
417776,87,1,1,0
5045248,87,1,1,0
362456,87,1,0,1
556744,87,1,0,1
6474472,87,1,0,1
738824,87,1,0,1
497320,87,1,1,0
4526904,87,1,1,0
5106416,87,1,1,0
4944224,87,1,0,1
2559656,87,1,1,0
1178288,87,1,1,0
1576056,87,1,0,1
326384,87,1,0,1
1204576,87,1,1,0
2976312,87,1,1,0
1580504,87,1,0,1
428728,87,1,0,1
612880,87,1,1,0
1679280,87,1,0,1
3013144,87,1,1,0
1532016,87,1,0,1
7222448,87,1,0,1
2458968,87,1,0,1
2955672,87,1,0,1
3613376,87,1,0,1
710456,87,1,1,0
512208,87,1,0,1
1861688,87,1,1,0
809552,87,1,0,1
1615320,87,1,0,1
3089360,87,1,1,0
811256,87,1,1,0
3762528,87,1,0,1
3608640,87,1,0,1
776672,87,1,0,1
6168832,87,1,1,0
5827632,87,1,0,1
4234392,87,1,0,1
6189960,87,1,1,0
7608584,87,1,1,0
357560,87,1,0,1
7682304,87,1,0,1
1216664,87,1,1,0
2347872,87,1,0,1
6943464,87,1,0,1
1830240,87,1,0,1
354384,87,1,0,1
7080704,87,1,1,0
6921840,87,1,1,0
2115136,87,1,0,1
914872,87,1,1,0
1400808,87,1,1,0
2647480,87,1,0,1
1311376,87,1,0,1
1711272,87,1,1,0
8137112,87,1,0,1
8089216,87,1,1,0
6749128,87,1,0,1
123480,87,1,0,1
4825760,87,1,0,1
2527968,87,1,0,1
2320640,87,1,1,0
7780592,87,1,0,1
1168496,87,1,0,1
296384,87,1,1,0
5189408,87,1,0,1
1513168,87,1,0,1
2268440,87,1,0,1
4603024,87,1,1,0
1347064,87,1,1,0
1788568,87,1,0,1
736264,87,1,1,0
583016,87,1,0,1
6441392,87,1,0,1
1090208,87,1,1,0
7497352,87,1,1,0
3659832,87,1,0,1
3338256,87,1,0,1
1491016,87,1,0,1
5074720,87,1,0,1
5879512,87,1,1,0
5753872,87,1,0,1
2413064,87,1,1,0
1190600,87,1,0,1
5346896,87,1,1,0
1367192,87,1,1,0
2177752,87,1,1,0
1429952,87,1,1,0
1396688,87,1,1,0
714640,87,1,1,0
2954720,87,1,0,1
2974552,87,1,1,0
233040,87,1,0,1
1363592,87,1,1,0
1101136,87,1,0,1
1576840,87,1,0,1
120768,87,1,1,0
2025416,87,1,0,1
335640,87,1,0,1
4724520,87,1,0,1
2453672,87,1,1,0
6894272,87,1,0,1
5372496,87,1,0,1
1251040,87,1,1,0
259576,87,1,0,1
2653792,87,1,0,1
744000,87,1,0,1
5416488,87,1,0,1
2465136,87,1,1,0
1178048,87,1,0,1
940568,87,1,0,1
1271240,87,1,0,1
3628256,87,1,1,0
3602344,87,1,1,0
2431584,87,1,0,1
2915624,87,1,1,0
7414768,87,1,0,1
4194664,87,1,0,1
3092712,87,1,0,1
4331800,87,1,1,0
440256,87,1,1,0
4845552,87,1,1,0
983968,87,1,0,1
621688,87,1,1,0
6824928,87,1,0,1
366872,87,1,0,1
981136,87,1,1,0
1560096,87,1,1,0
1186840,87,1,0,1
1995080,87,1,1,0
4405808,87,1,1,0
3416520,87,1,1,0
1932712,87,1,1,0
921504,87,1,1,0
653952,87,1,1,0
432392,87,1,1,0
2827504,87,1,1,0
698168,87,1,1,0
4976320,87,1,0,1
436728,87,1,0,1
441080,87,1,0,1
1258264,87,1,1,0
989472,87,1,0,1
1414944,87,1,1,0
971808,87,1,1,0
3651768,87,1,0,1
5817736,87,1,0,1
1108128,87,1,1,0
4597376,87,1,0,1
1978024,87,1,0,1
1484312,87,1,0,1
793448,87,1,1,0
4126376,87,1,0,1
2871400,87,1,0,1
4185704,87,1,1,0
4941856,87,1,1,0
1422728,87,1,1,0
3233008,87,1,1,0
1868208,87,1,0,1
3004936,87,1,1,0
1888832,87,1,1,0
8306648,87,1,0,1
1727776,87,1,1,0
3616472,87,1,1,0
2598344,87,1,0,1
1682400,87,1,1,0
580416,87,1,0,1
2173096,87,1,1,0
1378664,87,1,1,0
4458592,87,1,1,0
4152488,87,1,0,1
1483576,87,1,1,0
6680152,87,1,1,0
2647632,87,1,0,1
534424,87,1,0,1
350216,87,1,1,0
233008,87,1,1,0
768168,87,1,1,0
1092104,87,1,1,0
381648,87,1,1,0
6262464,87,1,0,1
3550088,87,1,0,1
5812464,87,1,1,0
3008576,87,1,1,0
5704384,87,1,1,0
866648,87,1,0,1
3956760,87,1,0,1
2200448,87,1,0,1
4936968,87,1,0,1
353216,87,1,1,0
5511328,87,1,1,0
2459208,87,1,0,1
4525696,87,1,1,0
7437904,87,1,1,0
413800,87,1,0,1
1785216,87,1,1,0
4926088,87,1,1,0
647992,87,1,1,0
665416,87,1,1,0
4814680,87,1,1,0
7808672,87,1,1,0
4345888,87,1,1,0
850896,87,1,1,0
2201536,87,1,1,0
5573600,87,1,1,0
333952,87,1,0,1
5549552,87,1,1,0
4002888,87,1,0,1
1380168,87,1,1,0
2838848,87,1,1,0
2237968,87,1,1,0
3696400,87,1,0,1
3427544,87,1,0,1
4436960,87,1,0,1
2188144,87,1,0,1
499944,87,1,1,0
2209312,87,1,1,0
3287352,87,1,1,0
8380840,87,1,1,0
2319512,87,1,1,0
543392,87,1,0,1
1376520,87,1,1,0
1416432,87,1,1,0
2024144,87,1,0,1
1054040,87,1,0,1
5437016,87,1,1,0
3946840,87,1,1,0
1857352,87,1,1,0
2634032,87,1,0,1
717632,87,1,1,0
4366448,87,1,1,0
8184832,87,1,1,0
1202480,87,1,0,1
3951072,87,1,0,1
1518104,87,1,1,0
527632,87,1,1,0
8104928,87,1,0,1
4683296,87,1,1,0
2024920,87,1,0,1
2448968,87,1,0,1
4085888,87,1,1,0
5663608,87,1,0,1
369064,87,1,0,1
5211928,87,1,1,0
1562944,87,1,1,0
5071952,87,1,1,0
191496,87,1,0,1
1860712,87,1,0,1
2727688,87,1,1,0
4608192,87,1,1,0
351504,87,1,1,0
2223048,87,1,0,1
1235320,87,1,0,1
2930448,87,1,1,0
1304416,87,1,0,1
1236024,87,1,0,1
3862464,87,1,0,1
664112,87,1,0,1
515344,87,1,1,0
8012544,87,1,0,1
4765040,87,1,0,1
7268752,87,1,0,1
2577760,87,1,0,1
749392,87,1,0,1
4600608,87,1,0,1
6621352,87,1,0,1
429792,87,1,0,1
279080,87,1,1,0
7549120,87,1,0,1
3144656,87,1,1,0
237912,87,1,0,1
4934904,87,1,1,0
269560,87,1,1,0
4216408,87,1,1,0
5773168,87,1,0,1
1438992,87,1,1,0
4191664,87,1,0,1
972392,87,1,0,1
7734376,87,1,1,0
1302640,87,1,0,1
4057888,87,1,1,0
863272,87,1,0,1
412136,87,1,0,1
5376400,87,1,1,0
3448512,87,1,0,1
2332488,87,1,1,0
3370320,87,1,0,1
4370600,87,1,0,1
5226376,87,1,1,0
1919720,87,1,1,0
4879688,87,1,1,0
601600,87,1,0,1
2369944,87,1,1,0
2136824,87,1,1,0
3361296,87,1,0,1
1170544,87,1,0,1
2250696,87,1,0,1
1098472,87,1,0,1
1539760,87,1,0,1
2206216,87,1,1,0
2787432,87,1,1,0
2657784,87,1,0,1
6022568,87,1,1,0
1553840,87,1,0,1
3934480,87,1,0,1
4935816,87,1,0,1
5406272,87,1,0,1
1412264,87,1,1,0
581072,87,1,1,0
2675016,87,1,1,0
8233296,87,1,1,0
4422736,87,1,0,1
2933112,87,1,0,1
2386384,87,1,0,1
864384,87,1,0,1
3674168,87,1,0,1
3649984,87,1,1,0
3519368,87,1,0,1
1708680,87,1,0,1
1923304,87,1,0,1
5932728,87,1,0,1
144560,87,1,1,0
6952944,87,1,0,1
6190912,87,1,0,1
151488,87,1,0,1
1572856,87,1,1,0
5370392,87,1,0,1
1227640,87,1,0,1
4328848,87,1,0,1
4949592,87,1,0,1
5319592,87,1,1,0
1458144,87,1,1,0
3307584,87,1,1,0
437264,87,1,1,0
6459400,87,1,0,1
890784,87,1,0,1
1956160,87,1,1,0
781456,87,1,0,1
284904,87,1,1,0
1559232,87,1,1,0
2300944,87,1,0,1
3296736,87,1,1,0
3620240,87,1,0,1
2262600,87,1,0,1
2868104,87,1,0,1
1274560,87,1,1,0
584208,87,1,0,1
2604896,87,1,1,0
6999776,87,1,1,0
4897168,87,1,1,0
562224,87,1,0,1
4443904,87,1,1,0
1700112,87,1,0,1
2467504,87,1,1,0
442184,87,1,1,0
4211320,87,1,0,1
884576,87,1,1,0
4145224,87,1,1,0
1177584,87,1,0,1
7357880,87,1,1,0
5090552,87,1,0,1
1173000,87,1,1,0
3153960,87,1,1,0
3860136,87,1,1,0
679296,87,1,1,0
6241624,87,1,0,1
5892656,87,1,0,1
4001168,87,1,1,0
5813800,87,1,1,0
6730376,87,1,1,0
2279232,87,1,1,0
1801952,87,1,0,1
3694920,87,1,1,0
1836120,87,1,1,0
5701608,87,1,0,1
6727184,87,1,0,1
4234784,87,1,1,0
5204136,87,1,0,1
3043320,87,1,1,0
5385072,87,1,0,1
1022424,87,1,1,0
847472,87,1,0,1
263392,87,1,0,1
2017120,87,1,0,1
2416440,87,1,1,0
1138464,87,1,0,1
3473072,87,1,1,0
8159952,87,1,1,0
2240568,87,1,0,1
5180712,87,1,1,0
3445488,87,1,0,1
4257968,87,1,0,1
4289184,87,1,0,1
416056,87,1,1,0
1193352,87,1,1,0
185368,87,1,1,0
6002352,87,1,0,1
2622760,87,1,0,1
4340736,87,1,0,1
6042176,87,1,0,1
2072224,87,1,1,0
4267504,87,1,0,1
6158704,87,1,1,0
700856,87,1,1,0
3670528,87,1,1,0
2476376,87,1,0,1
8025648,87,1,0,1
1216144,87,1,1,0
2008816,87,1,1,0
704200,87,1,0,1
2671272,87,1,0,1
477744,87,1,0,1
637832,87,1,0,1
921984,87,1,0,1
2105160,87,1,1,0
6344152,87,1,0,1
368072,87,1,0,1
3769528,87,1,1,0
8289128,87,1,1,0
1041280,87,1,1,0
1887240,87,1,1,0
5379184,87,1,0,1
165592,87,1,0,1
961568,87,1,1,0
302480,87,1,0,1
3270184,87,1,0,1
5127488,87,1,1,0
1492656,87,1,0,1
2239136,87,1,0,1
746264,87,1,1,0
2292840,87,1,1,0
3739696,87,1,1,0
4789752,87,1,1,0
2806848,87,1,0,1
3808040,87,1,0,1
1633952,87,1,0,1
3715736,87,1,0,1
1038712,87,1,0,1
2309456,87,1,0,1
3737672,87,1,1,0
3371624,87,1,0,1
3672768,87,1,1,0
8349272,87,1,1,0
5743096,87,1,1,0
1493200,87,1,0,1
6244288,87,1,1,0
4906072,87,1,0,1
6818000,87,1,0,1
332488,87,1,1,0
547328,87,1,1,0
3043072,87,1,1,0
7423504,87,1,0,1
220112,87,1,0,1
3127240,87,1,0,1
985064,87,1,1,0
1308736,87,1,1,0
3534520,87,1,1,0
772480,87,1,1,0
803752,87,1,0,1
2826832,87,1,0,1
1569888,87,1,1,0
5781896,87,1,1,0
2632456,87,1,0,1
4843912,87,1,1,0
3132776,87,1,0,1
920144,87,1,0,1
3395584,87,1,0,1
768648,87,1,1,0
364616,87,1,1,0
5662920,87,1,0,1
5757280,87,1,1,0
4752688,87,1,1,0
2821480,87,1,0,1
8378888,87,1,1,0
1005976,87,1,0,1
7738824,87,1,1,0
7234224,87,1,0,1
748672,87,1,0,1
314456,87,1,0,1
479024,87,1,0,1
7844408,87,1,0,1
3775752,87,1,1,0
3208608,87,1,1,0
913656,87,1,1,0
334752,87,1,1,0
7444896,87,1,1,0
360000,87,1,0,1
5698376,87,1,0,1
448440,87,1,1,0
3926112,87,1,1,0
762592,87,1,0,1
2223040,87,1,1,0
5926224,87,1,0,1
1285896,87,1,1,0
2285568,87,1,1,0
7178104,87,1,1,0
3208584,87,1,1,0
579048,87,1,1,0
2507952,87,1,1,0
722688,87,1,0,1
4417456,87,1,0,1
5789976,87,1,0,1
8209576,87,1,0,1
6614528,87,1,0,1
6566304,87,1,0,1
2880608,87,1,1,0
996160,87,1,1,0
1020712,87,1,0,1
647944,87,1,0,1
6969552,87,1,1,0
1008016,87,1,0,1
5271688,87,1,0,1
1917744,87,1,1,0
2571424,87,1,0,1
1704776,87,1,0,1
2004400,87,1,1,0
4269224,87,1,1,0
8295576,87,1,0,1
5363096,87,1,1,0
672512,87,1,0,1
2492288,87,1,1,0
539840,87,1,1,0
1014320,87,1,1,0
5517040,87,1,1,0
579216,87,1,0,1
929736,87,1,1,0
1235832,87,1,1,0
1211872,87,1,1,0
5124664,87,1,1,0
4487784,87,1,0,1
5346056,87,1,1,0
577632,87,1,1,0
976832,87,1,0,1
5637792,87,1,1,0
1643952,87,1,0,1
2041096,87,1,0,1
1472008,87,1,1,0
8332584,87,1,1,0
5072416,87,1,1,0
236176,87,1,1,0
6361328,87,1,0,1
1660072,87,1,0,1
7905824,87,1,1,0
325376,87,1,1,0
5072808,87,1,1,0
2268328,87,1,0,1
770800,87,1,0,1
7723184,87,1,1,0
4305704,87,1,1,0
5040792,87,1,0,1
4875784,87,1,1,0
1778024,87,1,1,0
583272,87,1,0,1
2795936,87,1,0,1
429352,87,1,0,1
2111320,87,1,1,0
2597600,87,1,0,1
7463136,87,1,0,1
1268368,87,1,1,0
1601264,87,1,0,1
5604256,87,1,0,1
1100096,87,1,1,0
1135904,87,1,0,1
2095448,87,1,1,0
1308392,87,1,0,1
5140256,87,1,1,0
5082560,87,1,1,0
506824,87,1,0,1
2449480,87,1,0,1
4820328,87,1,1,0
4644152,87,1,1,0
2818768,87,1,1,0
768720,87,1,0,1
431712,87,1,1,0
5574752,87,1,1,0
2158888,87,1,1,0
2226640,87,1,0,1
187032,87,1,0,1
4400096,87,1,0,1
5444304,87,1,1,0
841000,87,1,1,0
1736272,87,1,0,1
5618064,87,1,1,0
871952,87,1,1,0
4521736,87,1,0,1
5098744,87,1,1,0
550648,87,1,0,1
1219072,87,1,1,0
87440,87,1,0,1
3869688,87,1,0,1
7136024,87,1,1,0
1684088,87,1,0,1
2955008,87,1,0,1
3128208,87,1,1,0
5401208,87,1,0,1
2782040,87,1,1,0
3095600,87,1,1,0
1514552,87,1,1,0
1701448,87,1,0,1
1706152,87,1,0,1
1177144,87,1,0,1
802064,87,1,1,0
1738856,87,1,1,0
1067200,87,1,1,0
453256,87,1,1,0
146072,87,1,0,1
3299432,87,1,1,0
3830520,87,1,0,1
330960,87,1,0,1
4698424,87,1,1,0
4606784,87,1,0,1
6083936,87,1,0,1
5524512,87,1,1,0
6763840,87,1,0,1
7330536,87,1,1,0
487480,87,1,1,0
437992,87,1,0,1
2773704,87,1,0,1
121840,87,1,0,1
5051672,87,1,0,1
3626424,87,1,0,1
7074120,87,1,1,0
2464720,87,1,0,1
4232336,87,1,1,0
413920,87,1,1,0
577984,87,1,1,0
526784,87,1,1,0
3586576,87,1,1,0
1255944,87,1,0,1
4942744,87,1,1,0
2965392,87,1,1,0
578928,87,1,0,1
6558648,87,1,1,0
2996736,87,1,0,1
830960,87,1,1,0
975008,87,1,0,1
2431248,87,1,1,0
344144,87,1,1,0
5378928,87,1,1,0
3875448,87,1,1,0
5076064,87,1,1,0
515992,87,1,0,1
299976,87,1,0,1
5481960,87,1,1,0
1677624,87,1,0,1
5524968,87,1,1,0
3935216,87,1,1,0
2726784,87,1,1,0
7767896,87,1,0,1
140448,87,1,1,0
599368,87,1,0,1
4418008,87,1,1,0
5691696,87,1,1,0
3735504,87,1,1,0
176480,87,1,0,1
578976,87,1,0,1
1213784,87,1,1,0
5745504,87,1,0,1
3584240,87,1,1,0
422536,87,1,0,1
2077952,87,1,0,1
4379776,87,1,1,0
618632,87,1,1,0
3454576,87,1,1,0
3897680,87,1,0,1
3455400,87,1,1,0
8276216,87,1,0,1
207528,87,1,1,0
679384,87,1,0,1
1018584,87,1,0,1
4130968,87,1,1,0
4036736,87,1,1,0
5606280,87,1,0,1
2488872,87,1,1,0
2042728,87,1,0,1
1156440,87,1,0,1
3668456,87,1,1,0
2354600,87,1,1,0
7943656,87,1,0,1
204576,87,1,0,1
642936,87,1,1,0
1048304,87,1,0,1
306984,87,1,0,1
718280,87,1,1,0
8288720,87,1,1,0
931288,87,1,0,1
3142000,87,1,1,0
7447392,87,1,0,1
7511200,87,1,1,0
5498952,87,1,0,1
2358408,87,1,0,1
511760,87,1,0,1
7750040,87,1,0,1
2340968,87,1,0,1
2930520,88,1,1,0
1240456,88,1,0,1
291216,88,1,1,0
266984,88,1,0,1
3070544,88,1,0,1
1528624,88,1,0,1
1913800,88,1,0,1
3248072,88,1,1,0
445360,88,1,0,1
383392,88,1,0,1
2046960,88,1,1,0
6360792,88,1,1,0
1699088,88,1,1,0
1532144,88,1,0,1
1010368,88,1,1,0
7949808,88,1,0,1
921624,88,1,0,1
972304,88,1,0,1
7862576,88,1,0,1
501296,88,1,1,0
1291080,88,1,0,1
8028888,88,1,1,0
1046952,88,1,1,0
514632,88,1,0,1
1345816,88,1,0,1
6575912,88,1,1,0
232936,88,1,0,1
675664,88,1,1,0
736352,88,1,0,1
789752,88,1,1,0
256384,88,1,1,0
543792,88,1,0,1
1635824,88,1,1,0
5727480,88,1,0,1
923208,88,1,1,0
1066552,88,1,0,1
1959264,88,1,0,1
6270320,88,1,0,1
288408,88,1,0,1
2027056,88,1,1,0
2432416,88,1,0,1
297864,88,1,0,1
1497992,88,1,0,1
6471344,88,1,0,1
7696752,88,1,1,0
295752,88,1,1,0
1524904,88,1,0,1
3452920,88,1,1,0
1674904,88,1,0,1
7472000,88,1,1,0
5513248,88,1,1,0
882544,88,1,1,0
1211328,88,1,1,0
427176,88,1,1,0
5867112,88,1,0,1
7439136,88,1,1,0
6419888,88,1,1,0
1942568,88,1,1,0
6980912,88,1,0,1
307440,88,1,1,0
2008240,88,1,1,0
6399824,88,1,1,0
1869272,88,1,1,0
962712,88,1,0,1
3594256,88,1,0,1
895952,88,1,0,1
565928,88,1,0,1
886728,88,1,1,0
5099976,88,1,1,0
1337208,88,1,1,0
285776,88,1,1,0
260840,88,1,1,0
7918800,88,1,1,0
1037344,88,1,0,1
2035400,88,1,1,0
2627280,88,1,0,1
3327336,88,1,1,0
2332112,88,1,1,0
2036784,88,1,0,1
662424,88,1,0,1
6250584,88,1,0,1
7385240,88,1,0,1
4100784,88,1,1,0
3343224,88,1,1,0
5502984,88,1,0,1
1651296,88,1,0,1
7952408,88,1,0,1
3054320,88,1,1,0
1925488,88,1,0,1
2823672,88,1,0,1
6950184,88,1,0,1
3494232,88,1,1,0
2276248,88,1,0,1
1426728,88,1,1,0
609528,88,1,1,0
3834424,88,1,0,1
6844136,88,1,1,0
1473800,88,1,1,0
712192,88,1,1,0
1151616,88,1,1,0
1758048,88,1,1,0
7957776,88,1,1,0
8092224,88,1,0,1
812200,88,1,0,1
2666528,88,1,1,0
5023008,88,1,1,0
2096360,88,1,1,0
820312,88,1,1,0
710744,88,1,0,1
1049896,88,1,0,1
3429880,88,1,0,1
6843264,88,1,1,0
389672,88,1,1,0
1110296,88,1,0,1
556728,88,1,1,0
7231144,88,1,1,0
2032584,88,1,1,0
2682416,88,1,1,0
5918344,88,1,1,0
5744288,88,1,0,1
2960520,88,1,0,1
1920120,88,1,1,0
1768400,88,1,0,1
934416,88,1,0,1
190608,88,1,1,0
4093040,88,1,1,0
4283400,88,1,1,0
498808,88,1,0,1
757800,88,1,0,1
6460992,88,1,0,1
4478864,88,1,0,1
1134744,88,1,1,0
4401160,88,1,1,0
567056,88,1,0,1
5502584,88,1,1,0
1417728,88,1,1,0
4801680,88,1,1,0
813976,88,1,1,0
177352,88,1,0,1
8276608,88,1,1,0
6124168,88,1,1,0
3549944,88,1,1,0
4630392,88,1,0,1
743712,88,1,1,0
326656,88,1,0,1
894424,88,1,1,0
1047744,88,1,0,1
3771584,88,1,0,1
1314432,88,1,0,1
1624904,88,1,0,1
2806952,88,1,1,0
4077432,88,1,1,0
5965384,88,1,0,1
3071256,88,1,1,0
1912584,88,1,1,0
6513984,88,1,0,1
3504112,88,1,0,1
1296784,88,1,1,0
3165952,88,1,1,0
1679824,88,1,0,1
868528,88,1,1,0
3604736,88,1,0,1
696128,88,1,0,1
3604896,88,1,1,0
677072,88,1,1,0
1934312,88,1,0,1
3343256,88,1,1,0
795416,88,1,0,1
2005256,88,1,0,1
6394704,88,1,0,1
313152,88,1,0,1
956016,88,1,0,1
552528,88,1,1,0
801648,88,1,0,1
5274608,88,1,1,0
210864,88,1,1,0
644008,88,1,0,1
557184,88,1,0,1
458152,88,1,1,0
2570656,88,1,1,0
7014848,88,1,1,0
2552040,88,1,0,1
3160336,88,1,1,0
287568,88,1,1,0
763584,88,1,0,1
1659120,88,1,0,1
2900520,88,1,1,0
174680,88,1,0,1
860232,88,1,1,0
1187600,88,1,1,0
415280,88,1,1,0
3225224,88,1,1,0
2134832,88,1,1,0
4305432,88,1,1,0
280544,88,1,0,1
4391656,88,1,1,0
5456304,88,1,1,0
591856,88,1,1,0
456304,88,1,0,1
4913664,88,1,0,1
2765216,88,1,1,0
2620008,88,1,0,1
3462008,88,1,0,1
2641720,88,1,0,1
1759912,88,1,0,1
1167256,88,1,0,1
378984,88,1,1,0
6054632,88,1,1,0
4609480,88,1,1,0
6094392,88,1,0,1
1849520,88,1,1,0
3886144,88,1,1,0
2080208,88,1,0,1
963128,88,1,1,0
1079552,88,1,0,1
1812136,88,1,0,1
6299600,88,1,1,0
2446792,88,1,1,0
1215576,88,1,1,0
802528,88,1,0,1
3555912,88,1,1,0
5644216,88,1,1,0
4372840,88,1,0,1
584688,88,1,0,1
2357712,88,1,0,1
2282528,88,1,1,0
1896504,88,1,1,0
3137152,88,1,1,0
2060568,88,1,0,1
4342688,88,1,1,0
2008984,88,1,0,1
1070640,88,1,0,1
970784,88,1,0,1
4202520,88,1,1,0
1415296,88,1,0,1
643976,88,1,1,0
2446064,88,1,1,0
397992,88,1,0,1
5566792,88,1,1,0
1603304,88,1,0,1
244280,88,1,1,0
3047816,88,1,1,0
727640,88,1,0,1
2567392,88,1,0,1
8056728,88,1,0,1
4670720,88,1,0,1
2407592,88,1,0,1
6660888,88,1,1,0
522840,88,1,1,0
3575216,88,1,0,1
2737288,88,1,1,0
7261720,88,1,1,0
305504,88,1,0,1
1245200,88,1,1,0
1750920,88,1,1,0
783328,88,1,0,1
5978960,88,1,0,1
6066008,88,1,1,0
1813696,88,1,0,1
5505408,88,1,0,1
3668384,88,1,0,1
478344,88,1,1,0
830520,88,1,0,1
6307032,88,1,1,0
3843104,88,1,0,1
2657496,88,1,0,1
3297840,88,1,1,0
4375864,88,1,1,0
4118512,88,1,0,1
3504744,88,1,0,1
194704,88,1,0,1
2834728,88,1,0,1
3452776,88,1,1,0
4537416,88,1,0,1
674528,88,1,1,0
2441184,88,1,1,0
1096440,88,1,1,0
6445416,88,1,0,1
1358184,88,1,0,1
2017312,88,1,0,1
7338640,88,1,0,1
7964360,88,1,0,1
7233320,88,1,0,1
3300376,88,1,1,0
6419960,88,1,1,0
1298728,88,1,0,1
241776,88,1,1,0
1865560,88,1,0,1
8173152,88,1,0,1
680032,88,1,0,1
4482528,88,1,0,1
1764184,88,1,0,1
6168880,88,1,0,1
5554552,88,1,1,0
3892592,88,1,0,1
3330808,88,1,1,0
2145928,88,1,1,0
6887688,88,1,0,1
7722888,88,1,0,1
7785664,88,1,0,1
6105104,88,1,1,0
864800,88,1,0,1
6314608,88,1,0,1
202736,88,1,0,1
546080,88,1,1,0
8212576,88,1,1,0
4935832,88,1,0,1
911384,88,1,1,0
825728,88,1,0,1
2103024,88,1,0,1
706536,88,1,1,0
1029400,88,1,0,1
3880264,88,1,0,1
1475912,88,1,0,1
2698672,88,1,0,1
3164440,88,1,1,0
287008,88,1,0,1
5391720,88,1,1,0
3782456,88,1,1,0
1741344,88,1,0,1
8026224,88,1,1,0
6314184,88,1,0,1
650160,88,1,0,1
607344,88,1,1,0
3957992,88,1,0,1
4919224,88,1,1,0
310840,88,1,0,1
5938960,88,1,1,0
870344,88,1,1,0
336008,88,1,0,1
4328976,88,1,1,0
6415944,88,1,0,1
5553504,88,1,0,1
2111944,88,1,1,0
6204904,88,1,0,1
5008888,88,1,1,0
756528,88,1,0,1
7977656,88,1,0,1
3524880,88,1,1,0
2075072,88,1,1,0
4522096,88,1,0,1
3681360,88,1,0,1
4326864,88,1,0,1
1984864,88,1,1,0
771376,88,1,0,1
753128,88,1,0,1
519032,88,1,1,0
966680,88,1,1,0
4379232,88,1,0,1
737224,88,1,1,0
2163424,88,1,1,0
675296,88,1,1,0
1418624,88,1,1,0
6091240,88,1,0,1
939520,88,1,0,1
306584,88,1,0,1
7849640,88,1,1,0
406616,88,1,1,0
2139200,88,1,0,1
6256000,88,1,0,1
7887600,88,1,0,1
1616816,88,1,0,1
1140384,88,1,1,0
973568,88,1,0,1
6325008,88,1,0,1
3496824,88,1,1,0
1149872,88,1,0,1
3664272,88,1,0,1
6408656,88,1,1,0
1058832,88,1,1,0
3939424,88,1,1,0
6260392,88,1,0,1
5936776,88,1,0,1
2469432,88,1,1,0
1020304,88,1,1,0
2701808,88,1,1,0
4271048,88,1,0,1
5422880,88,1,1,0
1824376,88,1,1,0
4587416,88,1,0,1
1804984,88,1,0,1
4808440,88,1,0,1
5777720,88,1,0,1
3755776,88,1,1,0
1340360,88,1,1,0
4276048,88,1,0,1
6715520,88,1,1,0
5519840,88,1,0,1
4456584,88,1,1,0
8169488,88,1,0,1
4394456,88,1,0,1
3058368,88,1,0,1
5424184,88,1,0,1
5886152,88,1,1,0
7235256,88,1,1,0
7654656,88,1,0,1
4658616,88,1,1,0
5543448,88,1,1,0
7260744,88,1,1,0
4517680,88,1,1,0
3133488,88,1,0,1
1518912,88,1,1,0
2497112,88,1,0,1
7092032,88,1,1,0
8375544,88,1,1,0
3560464,88,1,0,1
7965152,88,1,1,0
1039952,88,1,1,0
1038888,88,1,0,1
5302936,88,1,1,0
208264,88,1,0,1
5960960,88,1,1,0
673384,88,1,0,1
2323952,88,1,1,0
905656,88,1,1,0
7909888,88,1,0,1
3377440,88,1,0,1
1826960,88,1,1,0
1238848,88,1,1,0
3207240,88,1,0,1
6601328,88,1,0,1
1444736,88,1,0,1
4695272,88,1,1,0
3739768,88,1,1,0
760192,88,1,1,0
5987560,88,1,1,0
2449744,88,1,1,0
7428024,88,1,1,0
1304696,88,1,0,1
128936,88,1,1,0
4536448,88,1,1,0
677032,88,1,0,1
464472,88,1,1,0
194504,88,1,0,1
3784904,88,1,1,0
374104,88,1,1,0
996872,88,1,1,0
4279936,88,1,1,0
4210088,88,1,1,0
642272,88,1,0,1
488720,88,1,1,0
2761176,88,1,0,1
1222504,88,1,0,1
2647360,88,1,0,1
1038448,88,1,1,0
1188680,88,1,1,0
252128,88,1,0,1
4072464,88,1,1,0
2197936,88,1,1,0
634568,88,1,0,1
6599568,88,1,1,0
5940192,88,1,0,1
871256,88,1,1,0
4765520,88,1,1,0
1511288,88,1,0,1
1661888,88,1,0,1
3655736,88,1,1,0
1663216,88,1,1,0
2161328,88,1,0,1
307664,88,1,0,1
5071888,88,1,0,1
1674360,88,1,1,0
2426896,88,1,1,0
5538976,88,1,0,1
862304,88,1,1,0
3812784,88,1,0,1
593312,88,1,1,0
5591296,88,1,1,0
1079632,88,1,1,0
6261536,88,1,0,1
3053520,88,1,1,0
1005360,88,1,1,0
484376,88,1,0,1
6205728,88,1,0,1
5587256,88,1,0,1
1978872,88,1,0,1
3948416,88,1,0,1
59304,88,1,1,0
644520,88,1,0,1
3434016,88,1,1,0
7478216,88,1,1,0
413792,88,1,0,1
3313776,88,1,0,1
4098328,88,1,0,1
409032,88,1,0,1
1073888,88,1,0,1
1481512,88,1,1,0
878704,88,1,0,1
1064752,88,1,0,1
3664448,88,1,1,0
205584,88,1,0,1
752248,88,1,1,0
3172888,88,1,0,1
7795064,88,1,1,0
5514520,88,1,0,1
401408,88,1,0,1
2792136,88,1,1,0
1451792,88,1,0,1
5620696,88,1,1,0
2007696,88,1,0,1
385976,88,1,1,0
666304,88,1,0,1
1391640,88,1,0,1
7033904,88,1,0,1
6234440,88,1,0,1
3510152,88,1,0,1
1558112,88,1,0,1
8343000,88,1,1,0
4817280,88,1,1,0
3464104,88,1,0,1
2736744,88,1,1,0
3661656,88,1,1,0
6612744,88,1,1,0
2712056,88,1,1,0
2838592,88,1,1,0
595536,88,1,0,1
1834824,88,1,1,0
8386008,88,1,0,1
2133648,88,1,0,1
6009096,88,1,0,1
1476944,88,1,0,1
807400,88,1,1,0
212672,88,1,1,0
3353232,88,1,0,1
8340880,88,1,0,1
5925496,88,1,1,0
5757720,88,1,0,1
3507376,88,1,1,0
1365752,88,1,1,0
1731384,88,1,0,1
1722600,88,1,0,1
207928,88,1,0,1
4573520,88,1,1,0
8300632,88,1,0,1
2084352,88,1,1,0
504616,88,1,0,1
4287280,88,1,0,1
2499064,88,1,0,1
1079216,88,1,1,0
5317160,88,1,1,0
5777672,88,1,1,0
952336,88,1,1,0
5593688,88,1,1,0
4092704,88,1,1,0
514752,88,1,0,1
1074840,88,1,0,1
6891600,88,1,0,1
3033600,88,1,1,0
3619432,88,1,0,1
1702728,88,1,0,1
2773584,88,1,0,1
3598552,88,1,1,0
2601312,88,1,0,1
1086880,88,1,1,0
233912,88,1,0,1
5467128,88,1,1,0
3415336,88,1,0,1
3070496,88,1,1,0
5139048,88,1,0,1
8198416,88,1,0,1
2109776,88,1,0,1
3191512,88,1,0,1
1314712,88,1,1,0
2218560,88,1,1,0
1277792,88,1,0,1
4685120,88,1,0,1
336056,88,1,1,0
839368,88,1,0,1
192016,88,1,0,1
316360,88,1,0,1
8191024,88,1,1,0
1923816,88,1,1,0
707568,88,1,0,1
1119328,88,1,0,1
4199264,88,1,0,1
3350240,88,1,0,1
1757296,88,1,0,1
1977312,88,1,1,0
5814872,88,1,1,0
7767024,88,1,1,0
375632,88,1,0,1
950440,88,1,0,1
4196480,88,1,1,0
7572384,88,1,0,1
5430424,88,1,0,1
4088848,88,1,0,1
284584,88,1,0,1
4953456,88,1,0,1
7627576,88,1,0,1
2066712,88,1,0,1
3867128,88,1,1,0
7325104,88,1,0,1
8116224,88,1,1,0
563312,88,1,1,0
324888,88,1,0,1
5367024,88,1,1,0
218448,88,1,1,0
3549872,88,1,1,0
1001952,88,1,1,0
5198672,88,1,0,1
7287144,88,1,1,0
4018856,88,1,0,1
5294600,88,1,1,0
2988048,88,1,1,0
6638168,88,1,0,1
741088,88,1,0,1
6580424,88,1,0,1
4494248,88,1,1,0
8345912,88,1,1,0
738544,88,1,0,1
5139976,88,1,1,0
8061096,88,1,1,0
987104,88,1,0,1
866400,88,1,1,0
1455672,88,1,1,0
2094864,88,1,1,0
195008,88,1,1,0
128496,88,1,1,0
3762176,88,1,1,0
3925448,88,1,0,1
2834848,88,1,1,0
2356304,88,1,0,1
3100928,88,1,1,0
842640,88,1,1,0
626784,88,1,1,0
6061632,88,1,0,1
288136,88,1,1,0
6870280,88,1,0,1
6066472,88,1,0,1
223760,88,1,1,0
2082856,88,1,0,1
2127640,88,1,0,1
187696,88,1,1,0
740352,88,1,1,0
721096,88,1,0,1
2141056,88,1,1,0
957112,88,1,1,0
4560704,88,1,1,0
2187512,88,1,1,0
3689072,88,1,0,1
2989328,88,1,0,1
2394952,88,1,1,0
2206072,88,1,0,1
257232,88,1,0,1
6677304,88,1,0,1
1800920,88,1,1,0
1832152,88,1,1,0
2507088,88,1,0,1
979896,88,1,0,1
3607160,88,1,1,0
7923968,88,1,1,0
2559624,88,1,1,0
641968,88,1,0,1
2404560,88,1,0,1
4529512,88,1,1,0
5496360,88,1,0,1
2735960,88,1,1,0
2367400,88,1,1,0
1550752,88,1,1,0
1008936,88,1,0,1
5129360,88,1,1,0
1687096,88,1,1,0
242848,88,1,1,0
1224032,88,1,0,1
4294272,88,1,1,0
1621952,88,1,0,1
2453168,88,1,0,1
6937120,88,1,0,1
2311192,88,1,1,0
3937512,88,1,0,1
1427072,88,1,1,0
2074752,88,1,0,1
931632,88,1,0,1
1580688,88,1,0,1
6830152,88,1,1,0
6560912,88,1,1,0
3277720,88,1,1,0
617056,88,1,0,1
324752,88,1,0,1
7404280,88,1,0,1
4108288,88,1,1,0
6060912,88,1,0,1
7051232,88,1,1,0
4047192,88,1,0,1
1498688,88,1,0,1
2610872,88,1,0,1
4239024,88,1,0,1
4446368,88,1,1,0
1593960,88,1,0,1
7640032,88,1,0,1
572512,88,1,0,1
1525304,88,1,1,0
479216,88,1,0,1
6489896,88,1,0,1
4204392,88,1,1,0
2925096,88,1,0,1
385424,88,1,1,0
3708424,88,1,0,1
5027080,88,1,1,0
4375888,88,1,0,1
3735912,88,1,0,1
354120,88,1,0,1
4012400,88,1,1,0
4684648,88,1,1,0
4537008,88,1,0,1
6105376,88,1,1,0
1250656,88,1,0,1
2469720,88,1,1,0
2824512,88,1,1,0
239336,88,1,1,0
1724200,88,1,1,0
2392448,88,1,0,1
6835144,88,1,1,0
3156704,88,1,1,0
1373880,88,1,1,0
949960,88,1,0,1
1850264,88,1,0,1
664472,88,1,1,0
2110456,88,1,1,0
4267952,88,1,0,1
1107800,88,1,0,1
7065592,88,1,0,1
265888,88,1,1,0
2911200,88,1,0,1
1853336,88,1,1,0
5918416,88,1,1,0
708120,88,1,0,1
2754464,88,1,0,1
612464,88,1,1,0
4402320,88,1,0,1
5164912,88,1,1,0
3487560,88,1,1,0
2675688,88,1,0,1
3585536,88,1,0,1
3991592,88,1,1,0
566712,88,1,1,0
420064,88,1,0,1
1385040,88,1,1,0
3939128,88,1,0,1
809600,88,1,0,1
8238464,88,1,0,1
6056504,88,1,1,0
384176,88,1,0,1
3395184,88,1,1,0
2434672,88,1,1,0
2472960,88,1,0,1
492304,88,1,0,1
1655104,88,1,0,1
3579544,88,1,0,1
452192,88,1,1,0
4821544,88,1,1,0
8188336,88,1,0,1
3934832,88,1,1,0
740976,88,1,0,1
889520,88,1,1,0
1455192,88,1,1,0
690472,88,1,0,1
6677400,88,1,1,0
5622152,88,1,0,1
1109680,88,1,1,0
516584,88,1,0,1
5333744,88,1,0,1
3289336,88,1,0,1
3645456,88,1,0,1
1077560,88,1,1,0
683632,88,1,1,0
1751336,88,1,0,1
543152,88,1,0,1
420960,88,1,0,1
2890640,88,1,1,0
1973920,88,1,1,0
722248,88,1,1,0
232824,88,1,1,0
4951480,88,1,1,0
490160,88,1,1,0
2717040,88,1,1,0
1781488,88,1,1,0
484696,88,1,1,0
655456,88,1,0,1
7778264,88,1,0,1
2367704,88,1,1,0
6628480,88,1,1,0
1800320,88,1,1,0
1950640,88,1,1,0
1506280,88,1,0,1
1122736,88,1,1,0
355496,88,1,1,0
3941376,88,1,0,1
6441256,88,1,0,1
313536,88,1,1,0
2027696,88,1,1,0
1272120,88,1,1,0
428720,88,1,0,1
1633744,88,1,0,1
7104536,88,1,1,0
6375432,88,1,0,1
332440,88,1,0,1
4065968,88,1,1,0
2613312,88,1,1,0
2503488,88,1,0,1
2041360,88,1,0,1
991384,88,1,1,0
1201952,88,1,0,1
151976,88,1,1,0
892256,88,1,1,0
3647408,88,1,0,1
2804216,88,1,0,1
415088,88,1,0,1
150328,88,1,0,1
1384640,88,1,1,0
2315024,88,1,0,1
3131744,88,1,1,0
2290432,88,1,1,0
219248,88,1,1,0
938136,88,1,1,0
853896,88,1,0,1
326328,88,1,1,0
4704520,88,1,1,0
7670152,88,1,0,1
726704,88,1,1,0
598904,88,1,0,1
3449208,88,1,0,1
2231176,88,1,0,1
6146608,88,1,0,1
7877120,88,1,0,1
3663032,88,1,0,1
131248,88,1,0,1
2560584,88,1,1,0
3108952,88,1,0,1
509776,88,1,1,0
5108952,88,1,0,1
1630728,88,1,0,1
2262344,88,1,0,1
304936,88,1,0,1
6899408,88,1,1,0
1377328,88,1,0,1
1432328,88,1,0,1
2384088,88,1,1,0
769288,88,1,0,1
3004768,88,1,0,1
597504,88,1,0,1
2865208,88,1,0,1
250512,88,1,1,0
1389624,88,1,1,0
2205728,88,1,0,1
629064,88,1,0,1
130712,88,1,0,1
1502728,88,1,0,1
1129000,88,1,0,1
8290984,88,1,1,0
2344216,88,1,1,0
1458048,88,1,1,0
736024,88,1,1,0
6202432,88,1,0,1
3370608,88,1,1,0
1077760,88,1,0,1
2717264,88,1,0,1
648816,88,1,1,0
3923192,88,1,0,1
8248328,88,1,0,1
8371000,88,1,1,0
2033720,88,1,0,1
6964128,88,1,1,0
1112856,88,1,1,0
5355960,88,1,1,0
3490144,88,1,0,1
5209112,88,1,0,1
1591128,88,1,1,0
3137640,88,1,0,1
4496624,88,1,1,0
3486648,88,1,1,0
1889168,88,1,0,1
2443584,88,1,1,0
434672,88,1,0,1
1340800,88,1,0,1
1423336,88,1,1,0
261048,88,1,0,1
380728,88,1,0,1
1081960,88,1,0,1
860184,88,1,1,0
2741088,88,1,1,0
4333592,88,1,1,0
7460168,88,1,1,0
5241328,88,1,0,1
3174584,88,1,0,1
3285896,88,1,0,1
355216,88,1,1,0
7555488,88,1,1,0
5428976,88,1,0,1
1045456,88,1,0,1
5022968,88,1,1,0
2548496,88,1,1,0
6832328,88,1,0,1
564192,88,1,0,1
345496,88,1,1,0
4064280,88,1,0,1
7032128,88,1,1,0
963448,88,1,0,1
1235272,88,1,1,0
2229008,88,1,0,1
2903640,88,1,0,1
6027152,88,1,0,1
2489064,88,1,0,1
3282544,88,1,0,1
63976,88,1,1,0
503904,88,1,0,1
2202672,88,1,0,1
2121240,88,1,1,0
7876528,88,1,0,1
1923128,88,1,0,1
4079760,88,1,0,1
6963440,88,1,1,0
856240,88,1,0,1
698576,88,1,0,1
2315248,88,1,0,1
4835408,88,1,1,0
2450048,88,1,0,1
1547600,88,1,0,1
2077960,88,1,0,1
293488,88,1,0,1
801968,88,1,0,1
1555408,88,1,0,1
2656824,88,1,1,0
7139224,88,1,0,1
4550576,88,1,1,0
1044592,88,1,0,1
6766200,88,1,1,0
1228576,88,1,0,1
560816,88,1,0,1
1363160,88,1,0,1
4065224,88,1,1,0
6931152,88,1,0,1
1109336,88,1,0,1
1298120,88,1,0,1
219920,88,1,0,1
4091488,88,1,1,0
1198496,88,1,1,0
3271648,88,1,1,0
1180512,88,1,0,1
7581000,88,1,0,1
2614088,88,1,0,1
522792,88,1,0,1
588080,88,1,0,1
3427304,88,1,0,1
5228656,88,1,1,0
87688,88,1,0,1
4113408,88,1,0,1
815824,88,1,1,0
899808,88,1,0,1
1148016,88,1,1,0
2848376,88,1,1,0
7691424,88,1,0,1
4230328,88,1,0,1
3249544,88,1,0,1
788944,88,1,0,1
1649120,88,1,0,1
6710408,88,1,1,0
1414848,88,1,1,0
1727600,88,1,0,1
5125512,88,1,1,0
1201512,88,1,1,0
1272576,88,1,1,0
1346680,88,1,0,1
6604432,88,1,1,0
1122688,88,1,0,1
1338824,88,1,0,1
3572464,88,1,1,0
3942656,88,1,0,1
4473912,88,1,1,0
7020848,88,1,0,1
3872136,88,1,0,1
7094304,88,1,1,0
573680,88,1,0,1
4667144,88,1,1,0
2770144,88,1,1,0
5849624,88,1,1,0
1823488,88,1,0,1
854504,88,1,0,1
3750024,88,1,0,1
3141376,88,1,0,1
1175320,88,1,1,0
363944,88,1,1,0
735640,88,1,0,1
3836744,88,1,0,1
2503568,88,1,0,1
6267872,88,1,1,0
1393104,88,1,0,1
177176,88,1,1,0
550056,88,1,0,1
3230936,88,1,0,1
667864,88,1,1,0
3429272,88,1,0,1
8079456,88,1,0,1
5614120,88,1,1,0
1650048,88,1,0,1
3100496,88,1,0,1
4922304,88,1,1,0
1598928,88,1,0,1
6969696,88,1,1,0
3062832,88,1,0,1
5325776,88,1,1,0
3278504,88,1,0,1
505432,88,1,0,1
1647368,88,1,0,1
2435856,88,1,1,0
8132160,88,1,0,1
7231912,88,1,1,0
7053992,88,1,1,0
2807280,88,1,1,0
5903608,88,1,1,0
496968,88,1,0,1
254416,88,1,0,1
4606696,88,1,0,1
701464,88,1,1,0
1860000,88,1,0,1
1991848,88,1,1,0
5397680,88,1,0,1
1092312,88,1,1,0
1278048,88,1,0,1
379832,88,1,0,1
2924184,88,1,0,1
4077936,88,1,1,0
1965304,88,1,1,0
1716120,88,1,0,1
6085760,88,1,0,1
1220648,88,1,1,0
307656,88,1,1,0
4076216,88,1,0,1
312064,88,1,1,0
3811160,88,1,1,0
4404648,88,1,1,0
6798976,88,1,1,0
347584,88,1,0,1
4352632,88,1,0,1
4036872,88,1,0,1
2048328,88,1,0,1
737816,88,1,0,1
2190352,88,1,1,0
1463608,88,1,1,0
820352,88,1,1,0
3583880,88,1,1,0
3418456,88,1,0,1
4474176,88,1,0,1
4830920,88,1,0,1
683408,88,1,1,0
1641264,88,1,0,1
157848,88,1,1,0
7166744,88,1,1,0
1527056,88,1,1,0
7032056,88,1,0,1
4082112,88,1,0,1
3259472,88,1,0,1
1184232,88,1,0,1
1983552,88,1,0,1
204792,88,1,1,0
1110984,88,1,0,1
1649784,88,1,1,0
2096912,88,1,0,1
1180056,88,1,1,0
8076176,88,1,0,1
1475576,88,1,0,1
230672,88,1,1,0
4407368,88,1,1,0
3889048,88,1,1,0
2667816,88,1,1,0
2155672,88,1,1,0
3982232,88,1,0,1
593840,88,1,0,1
7327048,88,1,0,1
6453040,88,1,0,1
8141616,88,1,1,0
156136,88,1,0,1
869480,88,1,1,0
207664,88,1,1,0
2112784,88,1,1,0
4050864,88,1,0,1
2949640,88,1,0,1
1208856,88,1,1,0
3100264,88,1,0,1
3925096,88,1,0,1
1727192,88,1,1,0
3542992,88,1,1,0
2145200,88,1,1,0
452848,88,1,1,0
212912,88,1,0,1
1014672,88,1,0,1
770032,88,1,0,1
314040,88,1,1,0
1745864,88,1,1,0
3641704,88,1,0,1
2584696,88,1,0,1
1183696,88,1,0,1
4115408,88,1,1,0
3905848,88,1,0,1
909264,88,1,1,0
4602768,88,1,1,0
7575672,88,1,1,0
454936,88,1,1,0
276192,88,1,0,1
587328,88,1,1,0
1780176,88,1,0,1
2637144,88,1,1,0
1998928,88,1,0,1
5958744,88,1,0,1
244616,88,1,0,1
2186208,88,1,1,0
704832,88,1,1,0
573040,88,1,1,0
3787400,88,1,0,1
6726256,88,1,1,0
592992,88,1,0,1
1808472,88,1,0,1
1263984,88,1,1,0
4380344,88,1,0,1
677000,88,1,0,1
2934040,88,1,0,1
5791504,88,1,0,1
4340712,88,1,0,1
1775056,88,1,0,1
586960,88,1,1,0
5673680,88,1,0,1
4212088,88,1,1,0
764008,88,1,0,1
958104,88,1,0,1
1377560,88,1,0,1
5523144,88,1,0,1
698184,88,1,0,1
5052112,88,1,1,0
742896,88,1,1,0
177928,88,1,1,0
852264,88,1,1,0
6275728,88,1,1,0
2041528,88,1,0,1
3707760,88,1,1,0
5169480,88,1,0,1
1399616,88,1,1,0
2580272,88,1,1,0
4103752,88,1,0,1
4777784,88,1,0,1
387680,88,1,0,1
5309296,88,1,1,0
6444656,88,1,1,0
2290912,88,1,1,0
296624,88,1,0,1
5047808,88,1,1,0
340992,88,1,0,1
2251144,88,1,1,0
184208,88,1,0,1
227760,88,1,1,0
2775296,88,1,1,0
6613512,88,1,1,0
8336928,88,1,1,0
828408,88,1,0,1
2123968,88,1,1,0
232752,88,1,1,0
2371880,88,1,1,0
2740248,88,1,0,1
4334048,88,1,0,1
1541560,88,1,0,1
5782976,88,1,1,0
4550920,88,1,1,0
1971872,88,1,1,0
3528184,88,1,0,1
6156272,88,1,1,0
7356616,88,1,0,1
1886472,88,1,1,0
1526680,88,1,0,1
5797216,88,1,0,1
1764032,88,1,0,1
519944,88,1,1,0
1773800,88,1,0,1
769344,88,1,1,0
3247488,88,1,1,0
4730344,88,1,1,0
1681472,88,1,1,0
4497800,88,1,1,0
3312928,88,1,0,1
2187656,88,1,1,0
4823640,88,1,0,1
2930744,88,1,0,1
304896,88,1,1,0
549160,88,1,1,0
574456,88,1,1,0
3824208,88,1,0,1
4923368,88,1,1,0
4858472,88,1,0,1
3319248,88,1,0,1
234216,88,1,1,0
639608,88,1,1,0
982056,88,1,0,1
2154312,88,1,1,0
3835704,88,1,1,0
160168,88,1,1,0
1406480,88,1,1,0
4263016,88,1,0,1
980000,88,1,1,0
3283328,88,1,0,1
6438488,88,1,0,1
3770944,88,1,1,0
869416,88,1,0,1
5482688,88,1,1,0
225760,88,1,0,1
3935752,88,1,1,0
1544096,88,1,0,1
8374072,88,1,0,1
493552,88,1,0,1
769680,88,1,1,0
1370312,88,1,1,0
2141216,88,1,0,1
7484752,88,1,1,0
5661456,88,1,0,1
894016,88,1,0,1
432272,88,1,1,0
213144,88,1,0,1
426032,88,1,0,1
1409144,88,1,1,0
1710768,88,1,0,1
1564816,88,1,0,1
7612448,88,1,0,1
7458096,88,1,0,1
1232640,88,1,0,1
547120,88,1,0,1
7749752,88,1,1,0
507600,88,1,0,1
453448,88,1,1,0
7906016,88,1,1,0
393600,88,1,0,1
705888,88,1,1,0
497488,88,1,0,1
143216,88,1,1,0
3302768,88,1,0,1
3140336,88,1,0,1
1624696,88,1,0,1
2572128,88,1,0,1
3452472,88,1,1,0
6593944,88,1,1,0
908752,88,1,0,1
8048272,88,1,0,1
285624,88,1,0,1
3920928,88,1,0,1
5643088,88,1,0,1
6848744,88,1,0,1
4417960,88,1,0,1
985016,88,1,0,1
641184,88,1,1,0
420864,88,1,0,1
1818296,88,1,1,0
5882744,88,1,0,1
5436000,88,1,1,0
3317072,88,1,0,1
3170792,88,1,1,0
3255672,88,1,0,1
757848,88,1,0,1
4580552,88,1,1,0
1364656,88,1,0,1
1772040,88,1,0,1
4100760,88,1,1,0
7960808,88,1,0,1
773472,88,1,0,1
2310208,88,1,1,0
1517424,88,1,0,1
1490848,88,1,1,0
425216,88,1,1,0
1481240,88,1,1,0
3476576,88,1,0,1
3394200,88,1,1,0
6043168,88,1,1,0
1481760,88,1,0,1
3934328,88,1,1,0
691512,88,1,0,1
222920,88,1,0,1
6192280,88,1,0,1
433064,88,1,0,1
6150568,88,1,1,0
7829648,88,1,0,1
3164512,88,1,1,0
7340856,88,1,1,0
2421808,88,1,1,0
5598824,88,1,1,0
1472088,88,1,1,0
294160,88,1,1,0
957544,88,1,1,0
1573960,88,1,0,1
2130896,88,1,1,0
1699760,88,1,0,1
393456,88,1,1,0
467872,88,1,0,1
2702880,88,1,1,0
4223368,88,1,0,1
6892480,88,1,0,1
592120,88,1,1,0
249464,88,1,1,0
5091848,88,1,0,1
2702456,88,1,0,1
2122136,88,1,0,1
7865600,88,1,0,1
2002400,88,1,0,1
757008,88,1,1,0
1371080,88,1,1,0
2695040,88,1,0,1
644488,88,1,1,0
4432472,88,1,0,1
3410944,88,1,0,1
661456,88,1,0,1
5837728,88,1,1,0
797608,88,1,1,0
2016024,88,1,0,1
7756704,88,1,0,1
768416,88,1,0,1
5627904,88,1,1,0
875176,88,1,0,1
1060032,88,1,1,0
2053408,88,1,0,1
2766456,88,1,1,0
2539792,88,1,1,0
1208272,88,1,1,0
988200,88,1,0,1
2749568,88,1,0,1
5379968,88,1,1,0
1019800,88,1,0,1
1450224,88,1,0,1
3425136,88,1,1,0
6197336,88,1,1,0
3286504,88,1,1,0
4085256,88,1,1,0
3161240,88,1,0,1
7392912,88,1,0,1
1686192,88,1,1,0
669280,88,1,0,1
3451496,88,1,0,1
7105384,88,1,0,1
4657024,88,1,1,0
6600136,88,1,1,0
5273376,88,1,1,0
4506472,88,1,0,1
1530520,88,1,1,0
5849408,88,1,0,1
1800760,88,1,0,1
4448288,88,1,0,1
296576,88,1,1,0
943328,88,1,0,1
2262528,88,1,0,1
1061200,88,1,0,1
2362480,88,1,1,0
1230600,88,1,0,1
5563312,88,1,0,1
634400,88,1,0,1
5218384,88,1,1,0
6680352,88,1,1,0
5929192,88,1,0,1
608144,88,1,1,0
75872,88,1,0,1
6323016,88,1,0,1
7950528,88,1,0,1
1760080,88,1,0,1
802096,88,1,0,1
345864,88,1,0,1
673096,88,1,1,0
6926024,88,1,1,0
339152,88,1,1,0
2442872,88,1,1,0
2243408,88,1,0,1
1108656,88,1,1,0
872768,88,1,1,0
1834136,88,1,0,1
2304824,88,1,0,1
1289344,88,1,1,0
799784,88,1,0,1
955976,88,1,0,1
4970032,88,1,0,1
5169408,88,1,0,1
3895392,88,1,0,1
399824,88,1,0,1
6070984,88,1,0,1
6261208,88,1,0,1
6254384,88,1,0,1
403720,88,1,0,1
3495008,88,1,1,0
2316560,88,1,0,1
7813776,88,1,1,0
3639912,88,1,0,1
2937704,88,1,1,0
1601296,88,1,0,1
2853960,88,1,0,1
1922648,88,1,0,1
5359272,88,1,1,0
4863072,88,1,0,1
3256040,88,1,1,0
1260728,88,1,0,1
5823840,88,1,1,0
3773224,88,1,1,0
699440,88,1,1,0
2274248,88,1,0,1
6606424,88,1,0,1
1753608,88,1,1,0
4492304,88,1,1,0
1181448,88,1,0,1
222904,88,1,1,0
4733384,88,1,1,0
2747888,88,1,0,1
6905376,88,1,1,0
3305528,88,1,1,0
2418192,88,1,0,1
5788464,88,1,1,0
1521088,88,1,0,1
3927640,88,1,0,1
5068240,88,1,0,1
4685992,88,1,1,0
975248,88,1,0,1
3938776,88,1,0,1
920528,88,1,1,0
722672,88,1,0,1
2822512,88,1,0,1
229504,88,1,0,1
940144,88,1,0,1
5049880,88,1,0,1
2691784,88,1,0,1
290128,88,1,0,1
463944,88,1,0,1
8319720,88,1,1,0
1614104,88,1,0,1
1645024,88,1,0,1
1587304,88,1,1,0
506784,88,1,1,0
1477456,88,1,0,1
2656256,88,1,0,1
683912,88,1,0,1
1666520,88,1,1,0
1526168,88,1,1,0
1308864,88,1,0,1
3474816,88,1,1,0
5021832,88,1,1,0
5605296,88,1,1,0
590184,88,1,0,1
139280,88,1,0,1
4047224,88,1,1,0
379104,88,1,0,1
8337328,88,1,0,1
4578472,88,1,0,1
2874488,88,1,0,1
3729192,88,1,0,1
3368128,88,1,0,1
549976,88,1,1,0
1765608,88,1,0,1
1220152,88,1,1,0
325752,88,1,0,1
161672,88,1,1,0
2682696,88,1,0,1
397320,88,1,0,1
8005976,88,1,0,1
2233496,88,1,1,0
1812528,88,1,1,0
2366352,88,1,1,0
1092560,88,1,0,1
1772712,88,1,1,0
5910104,88,1,1,0
479136,88,1,0,1
882760,88,1,1,0
419160,88,1,1,0
1482768,88,1,1,0
162040,88,1,0,1
1095272,88,1,1,0
1086872,88,1,1,0
5214528,88,1,1,0
946936,88,1,0,1
492736,88,1,1,0
3039808,88,1,0,1
6581600,88,1,1,0
1627400,88,1,1,0
815376,88,1,1,0
707424,88,1,0,1
1223760,88,1,1,0
2247536,88,1,0,1
2038008,88,1,0,1
632400,88,1,1,0
3961840,88,1,0,1
7234104,88,1,1,0
2422168,88,1,0,1
2327720,88,1,0,1
8294832,88,1,1,0
4263944,88,1,0,1
7346752,88,1,1,0
1143352,88,1,1,0
523696,88,1,0,1
1527200,88,1,0,1
2490816,88,1,1,0
3909608,88,1,0,1
238936,88,1,1,0
7334192,88,1,0,1
319144,88,1,0,1
4445008,88,1,0,1
7816080,88,1,0,1
567952,88,1,0,1
3034296,88,1,1,0
7218808,88,1,0,1
1753728,88,1,0,1
1594544,88,1,1,0
956808,88,1,0,1
6625960,88,1,0,1
5732704,88,1,1,0
3348336,88,1,1,0
6998168,88,1,0,1
6119064,88,1,1,0
850000,88,1,0,1
3729136,88,1,0,1
2364576,88,1,1,0
1652688,88,1,0,1
323536,88,1,1,0
3149296,88,1,0,1
3096152,88,1,1,0
2580136,88,1,1,0
3525384,88,1,0,1
1873744,88,1,1,0
1401272,88,1,0,1
6841896,88,1,1,0
6092472,88,1,0,1
1836536,88,1,1,0
2121184,88,1,1,0
5638288,88,1,1,0
424312,88,1,0,1
2525736,88,1,1,0
2716800,88,1,1,0
6830744,88,1,0,1
4970856,88,1,0,1
3930880,88,1,1,0
996808,88,1,0,1
1671072,88,1,1,0
7117760,88,1,0,1
510632,88,1,1,0
1669088,88,1,0,1
1786448,88,1,1,0
7299080,88,1,0,1
2757824,88,1,1,0
1941352,88,1,1,0
4022472,88,1,1,0
1995648,88,1,0,1
408792,88,1,1,0
883488,88,1,0,1
1969408,88,1,1,0
5553440,88,1,0,1
755064,88,1,0,1
5885472,88,1,0,1
2876280,88,1,0,1
7651688,88,1,1,0
6065792,88,1,0,1
894376,88,1,1,0
5768536,88,1,0,1
5035472,88,1,1,0
633576,88,1,0,1
6866344,88,1,1,0
399456,88,1,1,0
2885480,88,1,0,1
2200344,88,1,0,1
8044704,88,1,1,0
5400512,88,1,1,0
4514056,88,1,0,1
406488,88,1,1,0
930528,88,1,0,1
1049296,88,1,1,0
313568,88,1,0,1
333000,88,1,0,1
1156424,88,1,0,1
5657872,88,1,1,0
5135808,88,1,1,0
461504,88,1,1,0
6197616,88,1,0,1
503160,88,1,1,0
2302536,88,1,1,0
3757048,88,1,1,0
1214384,88,1,1,0
6108496,88,1,0,1
4365560,88,1,0,1
7187960,88,1,1,0
856256,88,1,1,0
5606576,88,1,0,1
4672904,88,1,1,0
2944048,88,1,0,1
932288,88,1,0,1
700544,88,1,0,1
2097928,88,1,0,1
8290544,88,1,0,1
4211176,88,1,0,1
846296,88,1,1,0
347744,88,1,1,0
2222336,88,1,0,1
681472,88,1,1,0
3322984,88,1,0,1
1337112,88,1,0,1
310056,88,1,0,1
2290648,88,1,0,1
450320,88,1,1,0
856736,88,1,0,1
833568,88,1,1,0
7987592,88,1,0,1
7444152,88,1,1,0
157376,88,1,0,1
193864,88,1,0,1
7579928,88,1,1,0
2039736,88,1,1,0
4818144,88,1,1,0
2186560,88,1,0,1
3163048,88,1,0,1
1413648,88,1,0,1
3403320,88,1,1,0
1255848,88,1,1,0
2679496,88,1,0,1
6044576,88,1,1,0
5302808,88,1,1,0
3478552,88,1,0,1
1064248,88,1,1,0
6233024,88,1,0,1
1104816,88,1,1,0
6452976,88,1,1,0
5351424,88,1,1,0
6033936,88,1,0,1
2553560,88,1,0,1
6221720,88,1,1,0
436976,88,1,1,0
2289840,88,1,1,0
7646336,88,1,1,0
687224,88,1,1,0
3844336,88,1,1,0
1498056,88,1,1,0
3883520,88,1,1,0
4138640,88,1,0,1
495744,88,1,1,0
627096,88,1,1,0
605504,88,1,0,1
1476304,88,1,1,0
4809688,88,1,0,1
2131536,88,1,0,1
2194512,88,1,0,1
819856,88,1,1,0
1426776,88,1,1,0
7716912,88,1,0,1
694464,88,1,1,0
3305056,88,1,0,1
2896168,88,1,0,1
5799680,88,1,0,1
6007168,88,1,0,1
4146184,88,1,0,1
5474688,88,1,0,1
3674744,88,1,1,0
497504,88,1,0,1
8224384,88,1,1,0
147992,88,1,1,0
377368,88,1,0,1
6777448,88,1,1,0
2420824,88,1,1,0
589936,88,1,1,0
619200,88,1,1,0
6664008,88,1,0,1
1402320,88,1,0,1
5399832,88,1,0,1
7909992,88,1,0,1
852256,88,1,1,0
6226872,88,1,0,1
4698928,88,1,0,1
6041072,88,1,0,1
2927264,88,1,0,1
3970112,88,1,0,1
2075272,88,1,1,0
3075536,88,1,0,1
1409800,88,1,1,0
629800,88,1,1,0
1192392,88,1,1,0
2201784,88,1,0,1
1384960,88,1,0,1
2102944,88,1,0,1
3353720,88,1,1,0
4586656,88,1,1,0
519080,88,1,1,0
3965008,88,1,0,1
955296,88,1,1,0
1706440,88,1,0,1
1570776,88,1,1,0
1052504,88,1,1,0
369720,88,1,1,0
176624,88,1,0,1
4937272,88,1,0,1
4139808,88,1,0,1
4974448,88,1,0,1
3022216,88,1,0,1
116768,88,1,1,0
186472,88,1,1,0
2211432,88,1,1,0
8129736,88,1,1,0
1289656,88,1,0,1
918640,88,1,0,1
2214376,88,1,1,0
4703624,88,1,1,0
338768,88,1,1,0
1436104,88,1,0,1
2334032,88,1,1,0
3762960,88,1,0,1
3448368,88,1,1,0
193696,88,1,0,1
3996080,88,1,0,1
1038576,88,1,0,1
5859504,88,1,0,1
6228800,88,1,0,1
4505144,88,1,1,0
332504,88,1,1,0
2029024,88,1,1,0
889624,88,1,0,1
2951016,88,1,0,1
635024,88,1,1,0
7448416,88,1,1,0
6712704,88,1,0,1
3311288,88,1,0,1
4670624,88,1,1,0
801768,88,1,1,0
188824,88,1,0,1
203656,88,1,1,0
1014136,88,1,1,0
581368,88,1,0,1
2922904,88,1,0,1
87888,88,1,0,1
621720,88,1,0,1
723600,88,1,0,1
1302784,88,1,1,0
2927344,88,1,0,1
3753328,88,1,1,0
3343096,88,1,1,0
5029744,88,1,0,1
652048,88,1,0,1
1041432,88,1,1,0
4275992,88,1,1,0
900312,88,1,1,0
4324464,88,1,1,0
3735584,88,1,0,1
1370600,88,1,1,0
4425800,88,1,1,0
172232,88,1,0,1
199280,88,1,0,1
4845464,88,1,0,1
2474920,88,1,1,0
3860808,88,1,1,0
7912320,88,1,0,1
476624,88,1,0,1
234656,88,1,1,0
764088,88,1,0,1
2319320,88,1,1,0
114720,88,1,0,1
7530536,88,1,1,0
4473296,88,1,0,1
4544048,88,1,1,0
2664600,88,1,1,0
1433312,88,1,0,1
454248,88,1,1,0
2757600,88,1,1,0
1028184,88,1,0,1
1399504,88,1,0,1
1173984,88,1,1,0
3843248,88,1,0,1
658864,88,1,1,0
1336192,88,1,0,1
751096,88,1,0,1
4668040,88,1,1,0
2429000,88,1,0,1
1119280,88,1,1,0
3455200,88,1,1,0
551880,88,1,0,1
584224,88,1,1,0
940416,88,1,0,1
1703384,88,1,1,0
2762528,88,1,0,1
1661512,88,1,1,0
4460496,88,1,0,1
7564152,88,1,1,0
588072,88,1,1,0
3393424,88,1,0,1
457920,88,1,1,0
2697024,88,1,1,0
1720064,88,1,0,1
5147352,88,1,0,1
1301624,88,1,1,0
1509920,88,1,1,0
1122024,88,1,0,1
2115160,88,1,0,1
833536,88,1,1,0
5738656,88,1,0,1
5685408,88,1,0,1
594360,88,1,0,1
204672,88,1,0,1
908088,88,1,0,1
1043952,88,1,0,1
1398616,88,1,1,0
5583392,88,1,0,1
283360,88,1,1,0
2523488,88,1,0,1
391664,88,1,1,0
1030616,88,1,1,0
4554640,88,1,0,1
8060704,88,1,0,1
2823960,88,1,0,1
2773416,88,1,1,0
3428336,88,1,0,1
2340544,88,1,1,0
145440,88,1,1,0
6359288,88,1,0,1
228840,88,1,0,1
7096592,88,1,1,0
164928,88,1,1,0
3713216,88,1,0,1
2975416,88,1,1,0
7613824,88,1,1,0
6601768,88,1,1,0
4906416,88,1,0,1
2545040,88,1,1,0
560864,88,1,0,1
4731912,88,1,1,0
806056,88,1,0,1
4485216,88,1,0,1
165144,88,1,0,1
7964512,88,1,0,1
2772488,88,1,1,0
5677432,88,1,1,0
6068568,88,1,0,1
8103344,88,1,0,1
991264,88,1,1,0
6565168,88,1,0,1
7615856,88,1,1,0
1067984,88,1,0,1
1101112,88,1,1,0
7051104,88,1,0,1
2724544,88,1,0,1
4476208,88,1,0,1
1767904,88,1,0,1
1611336,88,1,0,1
1678360,88,1,1,0
332096,88,1,1,0
818536,88,1,1,0
7623848,88,1,0,1
1341056,88,1,0,1
704768,88,1,1,0
2191872,88,1,1,0
3280872,88,1,1,0
7291096,88,1,0,1
4619504,88,1,1,0
1011888,88,1,0,1
7483576,88,1,0,1
3859320,88,1,1,0
4944376,88,1,0,1
380976,88,1,0,1
5735416,88,1,0,1
8017856,88,1,1,0
8122320,88,1,1,0
1048984,88,1,0,1
3157808,88,1,1,0
351208,88,1,1,0
5175392,88,1,1,0
1183312,88,1,1,0
201368,88,1,1,0
2630040,88,1,0,1
6811104,88,1,1,0
159008,88,1,0,1
6877808,88,1,1,0
2084136,88,1,0,1
8158312,88,1,1,0
3528984,88,1,0,1
6292288,88,1,1,0
2079320,88,1,1,0
6121864,88,1,1,0
2975040,88,1,0,1
2028472,88,1,0,1
7662904,88,1,1,0
1699904,88,1,1,0
1543600,88,1,1,0
1226672,88,1,0,1
2849080,88,1,1,0
2513944,88,1,1,0
337408,88,1,0,1
368184,88,1,1,0
606264,88,1,0,1
1504168,88,1,1,0
6152624,88,1,0,1
2603816,88,1,1,0
5373544,88,1,1,0
3499544,88,1,0,1
954456,88,1,1,0
3098488,88,1,0,1
7025672,88,1,1,0
2940136,88,1,0,1
1059632,88,1,1,0
1623920,88,1,1,0
6861616,88,1,1,0
725712,88,1,1,0
2020088,88,1,1,0
1445248,88,1,1,0
1577456,88,1,0,1
860360,88,1,1,0
1040208,88,1,1,0
1198632,88,1,0,1
6070368,88,1,0,1
2947040,88,1,0,1
654416,88,1,1,0
1321488,88,1,1,0
6842328,88,1,0,1
809360,88,1,0,1
2182272,88,1,1,0
2575672,89,1,1,0
7437400,89,1,1,0
3259576,89,1,1,0
396624,89,1,1,0
856312,89,1,0,1
5143032,89,1,1,0
1467752,89,1,1,0
313984,89,1,0,1
5757576,89,1,1,0
2000544,89,1,1,0
770856,89,1,0,1
4269480,89,1,1,0
1283608,89,1,1,0
7383072,89,1,0,1
3454136,89,1,1,0
6255512,89,1,1,0
571864,89,1,0,1
1109704,89,1,1,0
2498032,89,1,0,1
2224896,89,1,0,1
3819728,89,1,1,0
333464,89,1,0,1
1926152,89,1,1,0
697472,89,1,0,1
2783672,89,1,1,0
3556928,89,1,0,1
5730928,89,1,1,0
2223720,89,1,0,1
5330872,89,1,1,0
1962272,89,1,0,1
2276920,89,1,1,0
1800024,89,1,0,1
3027392,89,1,0,1
1336408,89,1,0,1
8217944,89,1,1,0
3733680,89,1,1,0
150536,89,1,0,1
2461464,89,1,1,0
411976,89,1,0,1
5885400,89,1,1,0
7855360,89,1,1,0
3083232,89,1,0,1
2932968,89,1,1,0
4051536,89,1,0,1
541384,89,1,0,1
2567048,89,1,1,0
1564616,89,1,1,0
6010176,89,1,1,0
3745480,89,1,1,0
6741640,89,1,0,1
427336,89,1,1,0
1330568,89,1,1,0
201448,89,1,0,1
2964840,89,1,0,1
354016,89,1,1,0
5431160,89,1,0,1
681904,89,1,0,1
489032,89,1,1,0
5677760,89,1,0,1
3500096,89,1,0,1
3422896,89,1,0,1
4661488,89,1,0,1
857944,89,1,0,1
4800784,89,1,0,1
1565224,89,1,1,0
1165384,89,1,0,1
2762336,89,1,0,1
488240,89,1,1,0
4977344,89,1,1,0
6313944,89,1,0,1
3046008,89,1,1,0
5445360,89,1,1,0
3024264,89,1,1,0
3751536,89,1,0,1
4845032,89,1,1,0
4947256,89,1,1,0
846632,89,1,0,1
434888,89,1,1,0
1417328,89,1,0,1
5917904,89,1,0,1
452560,89,1,0,1
6461632,89,1,1,0
3812928,89,1,0,1
762344,89,1,0,1
3884480,89,1,0,1
2905144,89,1,0,1
1654712,89,1,1,0
570592,89,1,1,0
944784,89,1,1,0
477448,89,1,0,1
392712,89,1,0,1
8043584,89,1,1,0
121008,89,1,0,1
282296,89,1,0,1
304280,89,1,0,1
520064,89,1,1,0
3552016,89,1,0,1
4852192,89,1,1,0
5164432,89,1,0,1
1068744,89,1,1,0
7821104,89,1,0,1
519480,89,1,1,0
1776176,89,1,1,0
716808,89,1,0,1
771232,89,1,0,1
1190088,89,1,0,1
439288,89,1,0,1
8253224,89,1,1,0
6257968,89,1,0,1
627688,89,1,1,0
3028240,89,1,1,0
1304056,89,1,1,0
1317304,89,1,1,0
8002480,89,1,1,0
7030864,89,1,1,0
1094688,89,1,1,0
5077240,89,1,0,1
2533968,89,1,0,1
3166488,89,1,0,1
3510344,89,1,1,0
6316920,89,1,1,0
3018856,89,1,1,0
596504,89,1,0,1
2411576,89,1,0,1
1567976,89,1,1,0
3046992,89,1,1,0
980280,89,1,0,1
466672,89,1,0,1
5489864,89,1,1,0
4846000,89,1,0,1
782648,89,1,0,1
4117712,89,1,1,0
7044696,89,1,1,0
6189536,89,1,1,0
623024,89,1,0,1
1456528,89,1,1,0
6356128,89,1,1,0
5993152,89,1,1,0
2641728,89,1,0,1
2121488,89,1,0,1
1682720,89,1,0,1
6855128,89,1,0,1
1254120,89,1,0,1
3994592,89,1,1,0
2662096,89,1,0,1
5285032,89,1,0,1
4687896,89,1,0,1
62760,89,1,0,1
1355920,89,1,1,0
248344,89,1,1,0
2798576,89,1,1,0
1428232,89,1,1,0
181968,89,1,1,0
2041040,89,1,1,0
2586008,89,1,0,1
4049624,89,1,1,0
1823416,89,1,0,1
888536,89,1,0,1
2666792,89,1,0,1
899464,89,1,1,0
332408,89,1,0,1
7255688,89,1,1,0
314488,89,1,1,0
707488,89,1,1,0
346592,89,1,1,0
4558600,89,1,1,0
7230560,89,1,0,1
1419224,89,1,0,1
1293864,89,1,0,1
4269656,89,1,1,0
142920,89,1,1,0
6593816,89,1,1,0
411216,89,1,1,0
248816,89,1,1,0
2166928,89,1,1,0
747896,89,1,1,0
5377048,89,1,1,0
2162232,89,1,1,0
7275384,89,1,1,0
8074040,89,1,0,1
1841016,89,1,1,0
3828512,89,1,1,0
2823536,89,1,0,1
3646136,89,1,1,0
3807952,89,1,1,0
4749224,89,1,1,0
1010064,89,1,1,0
7284528,89,1,0,1
450960,89,1,0,1
4507800,89,1,1,0
149576,89,1,1,0
1477488,89,1,1,0
340000,89,1,0,1
186064,89,1,1,0
1262544,89,1,0,1
1450664,89,1,1,0
1370656,89,1,0,1
434136,89,1,0,1
6492752,89,1,1,0
1818000,89,1,0,1
6547848,89,1,1,0
1729656,89,1,0,1
902384,89,1,1,0
5308880,89,1,1,0
5547536,89,1,0,1
4941408,89,1,0,1
4952224,89,1,1,0
471848,89,1,1,0
512688,89,1,0,1
4552440,89,1,0,1
1985640,89,1,1,0
504032,89,1,1,0
1632296,89,1,0,1
3263544,89,1,0,1
1416456,89,1,0,1
7437304,89,1,1,0
8150888,89,1,1,0
2585960,89,1,0,1
3549328,89,1,1,0
827616,89,1,1,0
1934840,89,1,0,1
1452248,89,1,0,1
5793536,89,1,1,0
2506640,89,1,0,1
5230456,89,1,1,0
1832968,89,1,0,1
4718248,89,1,0,1
3146888,89,1,0,1
369448,89,1,1,0
4889456,89,1,0,1
2217768,89,1,1,0
602344,89,1,1,0
3748856,89,1,1,0
1173032,89,1,0,1
7000472,89,1,1,0
2338224,89,1,1,0
1139640,89,1,0,1
1174088,89,1,1,0
7702632,89,1,1,0
959056,89,1,0,1
3118208,89,1,1,0
7322168,89,1,1,0
910136,89,1,0,1
891472,89,1,0,1
2898584,89,1,1,0
1745896,89,1,0,1
7005048,89,1,0,1
3378888,89,1,0,1
3386032,89,1,0,1
3703528,89,1,0,1
1560784,89,1,1,0
4296920,89,1,1,0
6435024,89,1,0,1
3215040,89,1,1,0
1364208,89,1,1,0
1264480,89,1,1,0
1510488,89,1,0,1
1402240,89,1,0,1
4870872,89,1,1,0
3843080,89,1,0,1
3138136,89,1,1,0
430728,89,1,1,0
589864,89,1,1,0
493144,89,1,1,0
3149408,89,1,0,1
5089656,89,1,1,0
1346152,89,1,0,1
1004032,89,1,0,1
782416,89,1,1,0
6790480,89,1,0,1
3995760,89,1,1,0
5679368,89,1,0,1
114216,89,1,0,1
6084376,89,1,0,1
108272,89,1,1,0
8288904,89,1,1,0
3274400,89,1,0,1
5319912,89,1,1,0
166456,89,1,0,1
2954976,89,1,1,0
4447832,89,1,1,0
3620552,89,1,0,1
6032848,89,1,1,0
1205376,89,1,0,1
6354208,89,1,1,0
1116176,89,1,1,0
366128,89,1,1,0
310728,89,1,1,0
3574888,89,1,1,0
2047784,89,1,1,0
3742008,89,1,0,1
1865904,89,1,1,0
5510680,89,1,1,0
112440,89,1,1,0
4833112,89,1,1,0
823320,89,1,0,1
2835992,89,1,0,1
4531976,89,1,1,0
2493136,89,1,0,1
285760,89,1,0,1
1327216,89,1,0,1
449584,89,1,0,1
770144,89,1,0,1
5186768,89,1,0,1
2248528,89,1,1,0
2170824,89,1,0,1
5579456,89,1,1,0
1143208,89,1,1,0
1020928,89,1,0,1
4429736,89,1,0,1
1282464,89,1,1,0
5259264,89,1,0,1
1692944,89,1,1,0
426800,89,1,1,0
253656,89,1,0,1
2911424,89,1,1,0
5036680,89,1,1,0
4050280,89,1,1,0
1764216,89,1,0,1
128144,89,1,0,1
1941584,89,1,0,1
6528248,89,1,0,1
6623776,89,1,0,1
588728,89,1,1,0
638880,89,1,1,0
7305296,89,1,1,0
613120,89,1,1,0
1711856,89,1,0,1
4702984,89,1,0,1
2551960,89,1,1,0
3381248,89,1,1,0
899944,89,1,1,0
2312760,89,1,1,0
2863752,89,1,1,0
6053000,89,1,0,1
4699264,89,1,1,0
1357712,89,1,0,1
3377432,89,1,1,0
8046416,89,1,0,1
4728288,89,1,1,0
1447808,89,1,0,1
2829736,89,1,1,0
4097528,89,1,0,1
2403280,89,1,0,1
1266032,89,1,0,1
6480152,89,1,1,0
4484176,89,1,0,1
4384184,89,1,0,1
362792,89,1,0,1
487360,89,1,0,1
1509808,89,1,1,0
3716864,89,1,1,0
5963440,89,1,0,1
2436384,89,1,1,0
1215192,89,1,0,1
6482288,89,1,1,0
5812936,89,1,0,1
4035344,89,1,1,0
4054056,89,1,0,1
452072,89,1,1,0
5575280,89,1,1,0
255136,89,1,1,0
1914016,89,1,1,0
2043664,89,1,0,1
1704936,89,1,0,1
6585896,89,1,1,0
550760,89,1,0,1
6007664,89,1,0,1
943488,89,1,1,0
3530176,89,1,1,0
1737576,89,1,1,0
5744776,89,1,0,1
1850816,89,1,1,0
284264,89,1,1,0
220784,89,1,0,1
282480,89,1,1,0
663976,89,1,0,1
6203192,89,1,0,1
7685064,89,1,1,0
1657200,89,1,1,0
343048,89,1,1,0
4289976,89,1,1,0
1024000,89,1,1,0
1853704,89,1,0,1
6671376,89,1,0,1
4399872,89,1,0,1
1010760,89,1,1,0
3422792,89,1,1,0
7152712,89,1,0,1
2425776,89,1,1,0
4448456,89,1,0,1
3647048,89,1,0,1
7130328,89,1,0,1
2163064,89,1,1,0
1145384,89,1,0,1
5365080,89,1,1,0
890392,89,1,1,0
7991712,89,1,0,1
5442864,89,1,1,0
914112,89,1,1,0
1687848,89,1,1,0
2987944,89,1,1,0
4423408,89,1,0,1
4181464,89,1,0,1
4914376,89,1,0,1
2392096,89,1,1,0
2947256,89,1,1,0
554688,89,1,1,0
303192,89,1,1,0
5275176,89,1,0,1
417984,89,1,0,1
321256,89,1,1,0
5469024,89,1,1,0
1709856,89,1,0,1
2154120,89,1,0,1
7800752,89,1,1,0
724816,89,1,0,1
1104000,89,1,0,1
2775104,89,1,1,0
4580440,89,1,0,1
7305040,89,1,0,1
3953304,89,1,1,0
2276544,89,1,0,1
3490280,89,1,0,1
5148424,89,1,0,1
1674120,89,1,0,1
651240,89,1,0,1
4091312,89,1,1,0
5568904,89,1,0,1
6112184,89,1,0,1
8323024,89,1,1,0
874896,89,1,1,0
1425680,89,1,1,0
552880,89,1,0,1
465232,89,1,0,1
8055048,89,1,0,1
1151320,89,1,1,0
277928,89,1,0,1
1449896,89,1,0,1
3092392,89,1,1,0
3142552,89,1,0,1
5226736,89,1,0,1
4921624,89,1,1,0
6425160,89,1,0,1
607664,89,1,0,1
222952,89,1,0,1
3383624,89,1,0,1
2364968,89,1,0,1
6582024,89,1,1,0
360272,89,1,0,1
153336,89,1,1,0
803760,89,1,0,1
3308664,89,1,0,1
7580560,89,1,0,1
6469384,89,1,0,1
8193872,89,1,0,1
1920912,89,1,1,0
1215392,89,1,0,1
4473184,89,1,0,1
5624512,89,1,0,1
2629312,89,1,0,1
1978592,89,1,1,0
7810440,89,1,0,1
260736,89,1,1,0
397448,89,1,1,0
2825520,89,1,0,1
578800,89,1,1,0
1408992,89,1,1,0
905752,89,1,1,0
1714840,89,1,1,0
2406432,89,1,0,1
4841568,89,1,1,0
2801744,89,1,1,0
180936,89,1,1,0
729176,89,1,0,1
7239592,89,1,0,1
6573976,89,1,1,0
2670312,89,1,1,0
690648,89,1,0,1
2571864,89,1,1,0
1279168,89,1,0,1
4003104,89,1,1,0
3906864,89,1,0,1
6181792,89,1,1,0
1355824,89,1,0,1
2945744,89,1,1,0
1566800,89,1,0,1
4430992,89,1,0,1
6988840,89,1,1,0
2696728,89,1,0,1
3970392,89,1,1,0
6380984,89,1,0,1
1185624,89,1,1,0
482104,89,1,0,1
289840,89,1,1,0
1360048,89,1,1,0
3325000,89,1,1,0
4264600,89,1,1,0
488192,89,1,0,1
3131984,89,1,1,0
1629016,89,1,1,0
823712,89,1,1,0
3573104,89,1,0,1
7809016,89,1,0,1
929272,89,1,1,0
1136824,89,1,1,0
268544,89,1,0,1
1517928,89,1,1,0
7593912,89,1,0,1
1204464,89,1,0,1
300288,89,1,0,1
394032,89,1,1,0
6824960,89,1,1,0
1818232,89,1,1,0
1077064,89,1,0,1
706704,89,1,0,1
1887064,89,1,1,0
540424,89,1,1,0
854320,89,1,1,0
5239912,89,1,0,1
6777208,89,1,1,0
1284464,89,1,0,1
634896,89,1,0,1
3153784,89,1,0,1
3519928,89,1,1,0
1255344,89,1,1,0
2097216,89,1,1,0
1999776,89,1,0,1
7928664,89,1,0,1
4465936,89,1,0,1
7034016,89,1,0,1
4312792,89,1,0,1
5860944,89,1,1,0
6212384,89,1,1,0
435792,89,1,0,1
2875416,89,1,1,0
2285464,89,1,1,0
2470208,89,1,1,0
4433976,89,1,0,1
2172432,89,1,0,1
657448,89,1,1,0
2883256,89,1,0,1
611664,89,1,0,1
694216,89,1,1,0
6346256,89,1,1,0
1038848,89,1,1,0
677688,89,1,0,1
5140488,89,1,1,0
5768128,89,1,0,1
1253800,89,1,0,1
4624968,89,1,0,1
223872,89,1,1,0
366520,89,1,0,1
3586336,89,1,1,0
1175272,89,1,0,1
1650776,89,1,0,1
245104,89,1,0,1
6648752,89,1,0,1
5171704,89,1,0,1
761848,89,1,0,1
1214120,89,1,1,0
1933056,89,1,1,0
1914600,89,1,1,0
1345784,89,1,1,0
1365200,89,1,1,0
2246672,89,1,1,0
2279848,89,1,1,0
1077952,89,1,0,1
3965456,89,1,0,1
6883240,89,1,0,1
4983664,89,1,1,0
2618856,89,1,0,1
7952352,89,1,1,0
2854912,89,1,1,0
5921696,89,1,1,0
2621872,89,1,0,1
680544,89,1,1,0
6460232,89,1,0,1
2790184,89,1,1,0
599488,89,1,0,1
226264,89,1,0,1
785064,89,1,0,1
2629376,89,1,0,1
1662072,89,1,0,1
4038544,89,1,0,1
4125912,89,1,1,0
2047024,89,1,0,1
1419624,89,1,0,1
5062664,89,1,1,0
352704,89,1,0,1
310792,89,1,1,0
5017320,89,1,1,0
1153320,89,1,0,1
2264880,89,1,0,1
365280,89,1,0,1
709088,89,1,0,1
5820464,89,1,1,0
856032,89,1,1,0
696432,89,1,1,0
2889016,89,1,0,1
3885952,89,1,1,0
1094512,89,1,0,1
1478352,89,1,1,0
1128664,89,1,0,1
1741648,89,1,0,1
428432,89,1,1,0
3259120,89,1,1,0
298064,89,1,1,0
1590960,89,1,0,1
6042808,89,1,1,0
7888928,89,1,0,1
6514376,89,1,0,1
926208,89,1,1,0
571704,89,1,0,1
5064648,89,1,1,0
1978624,89,1,1,0
2421976,89,1,0,1
3027000,89,1,1,0
2125672,89,1,1,0
5259632,89,1,1,0
1448728,89,1,0,1
6500680,89,1,1,0
7469440,89,1,0,1
1614288,89,1,0,1
779200,89,1,1,0
426976,89,1,1,0
708848,89,1,1,0
8026704,89,1,0,1
1104696,89,1,0,1
1617768,89,1,1,0
3390200,89,1,1,0
482832,89,1,0,1
1459416,89,1,0,1
1415896,89,1,0,1
8204168,89,1,1,0
2107480,89,1,0,1
1312960,89,1,1,0
6368664,89,1,0,1
1153672,89,1,1,0
7753056,89,1,1,0
224568,89,1,0,1
3324112,89,1,0,1
2098704,89,1,1,0
5729728,89,1,0,1
7778856,89,1,1,0
2503440,89,1,0,1
4610816,89,1,1,0
2893576,89,1,0,1
571192,89,1,1,0
1103432,89,1,0,1
6601120,89,1,1,0
1319680,89,1,1,0
3315800,89,1,1,0
4115176,89,1,1,0
268464,89,1,1,0
4775952,89,1,1,0
2376640,89,1,0,1
110568,89,1,0,1
8173128,89,1,1,0
422112,89,1,0,1
6221504,89,1,1,0
620640,89,1,0,1
428712,89,1,1,0
8186552,89,1,1,0
372456,89,1,0,1
5908568,89,1,1,0
1320936,89,1,1,0
531232,89,1,0,1
472512,89,1,1,0
1049832,89,1,1,0
74584,89,1,1,0
543832,89,1,1,0
7952120,89,1,0,1
5981752,89,1,0,1
2431304,89,1,0,1
284328,89,1,0,1
2347504,89,1,1,0
218496,89,1,0,1
334432,89,1,0,1
369904,89,1,0,1
755944,89,1,1,0
400312,89,1,1,0
7800704,89,1,0,1
3357928,89,1,1,0
2343312,89,1,1,0
1170816,89,1,0,1
568984,89,1,0,1
2137632,89,1,1,0
2553464,89,1,1,0
7873648,89,1,0,1
1153576,89,1,0,1
2021072,89,1,0,1
1814464,89,1,1,0
6404328,89,1,0,1
1003864,89,1,0,1
1240064,89,1,1,0
1001392,89,1,1,0
1902592,89,1,0,1
1246120,89,1,0,1
5558760,89,1,0,1
1031920,89,1,0,1
2173368,89,1,0,1
3579688,89,1,0,1
1549808,89,1,1,0
230256,89,1,1,0
1549752,89,1,1,0
3341240,89,1,1,0
2740160,89,1,1,0
6099552,89,1,0,1
3101584,89,1,0,1
7663784,89,1,0,1
2198072,89,1,0,1
686088,89,1,1,0
450240,89,1,0,1
6972608,89,1,1,0
401176,89,1,0,1
2162056,89,1,1,0
1818840,89,1,0,1
2804208,89,1,1,0
2800856,89,1,0,1
5373008,89,1,0,1
287808,89,1,1,0
3386128,89,1,1,0
1262128,89,1,1,0
5206472,89,1,0,1
6299696,89,1,1,0
2456608,89,1,1,0
690736,89,1,1,0
2674056,89,1,1,0
793624,89,1,0,1
1501736,89,1,0,1
3157720,89,1,1,0
4052760,89,1,1,0
3946784,89,1,1,0
2002720,89,1,0,1
6714032,89,1,0,1
1371112,89,1,0,1
952968,89,1,1,0
6044944,89,1,1,0
7468256,89,1,0,1
7106920,89,1,1,0
552000,89,1,0,1
7007232,89,1,0,1
556216,89,1,1,0
2326880,89,1,1,0
1889752,89,1,0,1
7580192,89,1,0,1
3015184,89,1,0,1
1624752,89,1,0,1
3358656,89,1,0,1
1487104,89,1,0,1
3573408,89,1,0,1
1499936,89,1,1,0
2033776,89,1,1,0
3631008,89,1,0,1
3812160,89,1,0,1
3240552,89,1,0,1
556184,89,1,0,1
6625312,89,1,1,0
4521208,89,1,1,0
3128856,89,1,0,1
640872,89,1,0,1
4471872,89,1,0,1
3046624,89,1,1,0
3563064,89,1,1,0
4063488,89,1,0,1
3601176,89,1,1,0
4415400,89,1,0,1
3414128,89,1,0,1
838248,89,1,0,1
2648048,89,1,1,0
1196176,89,1,1,0
2729144,89,1,0,1
1832760,89,1,1,0
4241368,89,1,0,1
3822752,89,1,0,1
6602400,89,1,1,0
6450832,89,1,0,1
2179424,89,1,1,0
6166104,89,1,1,0
728360,89,1,1,0
4734768,89,1,1,0
8097536,89,1,1,0
6009992,89,1,1,0
2492144,89,1,0,1
2372568,89,1,0,1
2407936,89,1,0,1
8102568,89,1,1,0
2462856,89,1,1,0
3541784,89,1,1,0
3384768,89,1,0,1
6075880,89,1,0,1
2156376,89,1,1,0
515232,89,1,1,0
1424624,89,1,1,0
5314320,89,1,0,1
5165992,89,1,1,0
4502336,89,1,1,0
6247120,89,1,0,1
2294600,89,1,1,0
659896,89,1,1,0
5413872,89,1,0,1
3039424,89,1,0,1
3617600,89,1,0,1
249344,89,1,0,1
1069664,89,1,0,1
2966216,89,1,0,1
8258824,89,1,1,0
2894920,89,1,1,0
2316632,89,1,0,1
1014504,89,1,1,0
2023512,89,1,1,0
811472,89,1,0,1
2211528,89,1,0,1
3898040,89,1,1,0
7560408,89,1,0,1
460816,89,1,1,0
3977168,89,1,0,1
269552,89,1,0,1
7154728,89,1,0,1
3083432,89,1,0,1
853144,89,1,0,1
698752,89,1,0,1
2496312,89,1,0,1
2837400,89,1,0,1
2949312,89,1,1,0
583720,89,1,1,0
264440,89,1,1,0
7346416,89,1,0,1
2456224,89,1,0,1
1950496,89,1,1,0
236888,89,1,1,0
6889720,89,1,0,1
796784,89,1,1,0
1550208,89,1,1,0
1542992,89,1,0,1
2842632,89,1,1,0
701032,89,1,0,1
5270328,89,1,1,0
2501704,89,1,0,1
7374176,89,1,0,1
7239256,89,1,0,1
2781552,89,1,1,0
519976,89,1,1,0
247344,89,1,0,1
1950104,89,1,0,1
2194568,89,1,0,1
1666384,89,1,0,1
6439520,89,1,1,0
507080,89,1,0,1
3555792,89,1,0,1
275512,89,1,0,1
3768288,89,1,0,1
1242560,89,1,0,1
533192,89,1,0,1
502312,89,1,0,1
5075048,89,1,0,1
827944,89,1,0,1
2096968,89,1,1,0
1780032,89,1,0,1
4993784,89,1,1,0
8033672,89,1,0,1
694040,89,1,0,1
4600552,89,1,0,1
689368,89,1,0,1
391560,89,1,0,1
1765568,89,1,0,1
7648456,89,1,1,0
3283624,89,1,1,0
127200,89,1,0,1
962144,89,1,0,1
6468896,89,1,1,0
5003664,89,1,0,1
6916040,89,1,1,0
2370152,89,1,1,0
1271872,89,1,0,1
884400,89,1,0,1
1054032,89,1,0,1
1258720,89,1,0,1
1735608,89,1,1,0
1906328,89,1,0,1
5967456,89,1,1,0
1377776,89,1,1,0
1004560,89,1,1,0
2152152,89,1,1,0
6312896,89,1,1,0
5411072,89,1,1,0
1050168,89,1,0,1
2449264,89,1,0,1
2679296,89,1,1,0
3605712,89,1,0,1
450800,89,1,0,1
4811696,89,1,1,0
4641544,89,1,1,0
2593152,89,1,0,1
3516456,89,1,1,0
8031200,89,1,1,0
3025464,89,1,0,1
1019472,89,1,1,0
6838200,89,1,0,1
8173912,89,1,0,1
2846416,89,1,0,1
7521096,89,1,0,1
5350544,89,1,1,0
2906584,89,1,1,0
6511328,89,1,0,1
1832192,89,1,0,1
4520480,89,1,0,1
4970472,89,1,0,1
1006656,89,1,0,1
1894728,89,1,1,0
5957832,89,1,1,0
1591696,89,1,1,0
474352,89,1,0,1
4072520,89,1,0,1
5036464,89,1,0,1
6018904,89,1,1,0
7711712,89,1,0,1
4980504,89,1,0,1
5625784,89,1,0,1
1984960,89,1,1,0
3236168,89,1,0,1
847944,89,1,0,1
1254848,89,1,1,0
2821224,89,1,1,0
1315728,89,1,0,1
3445584,89,1,0,1
2620848,89,1,1,0
4903192,89,1,1,0
481832,89,1,0,1
573952,89,1,0,1
4996136,89,1,0,1
2837952,89,1,1,0
5994408,89,1,1,0
373824,89,1,0,1
2765208,89,1,1,0
476344,89,1,0,1
987944,89,1,1,0
2428712,89,1,1,0
3943296,89,1,0,1
334232,89,1,0,1
299792,89,1,0,1
1144920,89,1,0,1
1546808,89,1,1,0
1010272,89,1,0,1
843504,89,1,1,0
2158464,89,1,1,0
2755680,89,1,1,0
3928032,89,1,1,0
4809320,89,1,0,1
1646528,89,1,0,1
7736128,89,1,1,0
5603960,89,1,1,0
1221000,89,1,1,0
6623368,89,1,0,1
1862664,89,1,1,0
1695440,89,1,0,1
2103744,89,1,1,0
5103792,89,1,0,1
1105216,89,1,0,1
710176,89,1,0,1
4077352,89,1,0,1
3332856,89,1,1,0
2992600,89,1,1,0
304000,89,1,0,1
5103304,89,1,1,0
4066528,89,1,1,0
6328232,89,1,1,0
3276288,89,1,0,1
2421720,89,1,0,1
4086416,89,1,1,0
1866688,89,1,0,1
3167128,89,1,0,1
1182400,89,1,1,0
5482008,89,1,1,0
1020768,89,1,1,0
6073552,89,1,1,0
1824504,89,1,0,1
3452128,89,1,0,1
2507240,89,1,1,0
5208808,89,1,0,1
2628184,89,1,0,1
2771384,89,1,0,1
5461968,89,1,0,1
2579160,89,1,1,0
4800400,89,1,1,0
1406272,89,1,1,0
674440,89,1,0,1
2965664,89,1,0,1
8025832,89,1,0,1
5142128,89,1,0,1
3520496,89,1,1,0
1912512,89,1,0,1
6218240,89,1,1,0
3534456,89,1,0,1
1173392,89,1,1,0
7155904,89,1,0,1
4093944,89,1,0,1
1081040,89,1,0,1
2409776,89,1,1,0
3978760,89,1,0,1
1691360,89,1,0,1
3376416,89,1,1,0
6605264,89,1,0,1
4667280,89,1,1,0
938792,89,1,0,1
2900464,89,1,1,0
1300144,89,1,1,0
3825016,89,1,0,1
2660696,89,1,0,1
7368920,89,1,1,0
1554608,89,1,0,1
6663136,89,1,1,0
1936560,89,1,0,1
3816592,89,1,1,0
394864,89,1,0,1
7445992,89,1,0,1
2008616,89,1,0,1
7165560,89,1,1,0
7156448,89,1,0,1
5202800,89,1,0,1
3677488,89,1,0,1
2236256,89,1,0,1
284440,89,1,0,1
1407464,89,1,1,0
301056,89,1,1,0
198488,89,1,0,1
535952,89,1,1,0
6407776,89,1,0,1
5418592,89,1,0,1
5563240,89,1,1,0
1531984,89,1,0,1
1023576,89,1,0,1
930152,89,1,1,0
1640640,89,1,0,1
7617152,89,1,1,0
381240,89,1,0,1
5012344,89,1,1,0
3237680,89,1,0,1
503960,89,1,1,0
1482232,89,1,0,1
1596576,89,1,0,1
271128,89,1,1,0
121928,89,1,1,0
3856704,89,1,1,0
1774928,89,1,0,1
6655896,89,1,1,0
2274120,89,1,0,1
288440,89,1,1,0
1055776,89,1,0,1
702728,89,1,0,1
4928944,89,1,1,0
251240,89,1,1,0
915000,89,1,0,1
1720256,89,1,0,1
1126632,89,1,1,0
3485392,89,1,1,0
602728,89,1,1,0
1316960,89,1,1,0
7265848,89,1,1,0
1522328,89,1,1,0
340632,89,1,1,0
463232,89,1,0,1
2357256,89,1,1,0
1774488,89,1,0,1
5577088,89,1,1,0
3602640,89,1,0,1
248008,89,1,0,1
614640,89,1,1,0
5890304,89,1,0,1
1357272,89,1,1,0
1190576,89,1,1,0
5366808,89,1,1,0
203688,89,1,0,1
465952,89,1,0,1
1413104,89,1,1,0
926480,89,1,1,0
935728,89,1,0,1
201728,89,1,1,0
542440,89,1,1,0
8268400,89,1,1,0
3993360,89,1,1,0
2546216,89,1,0,1
4868696,89,1,0,1
5871000,89,1,1,0
4789872,89,1,1,0
4298096,89,1,1,0
5174480,89,1,1,0
949800,89,1,0,1
2915328,89,1,0,1
1622792,89,1,0,1
4737168,89,1,1,0
519000,89,1,1,0
3182080,89,1,0,1
2730672,89,1,0,1
280104,89,1,1,0
4955856,89,1,1,0
6027888,89,1,1,0
1200112,89,1,0,1
2523952,89,1,1,0
1616176,89,1,0,1
376864,89,1,1,0
1722064,89,1,1,0
1316016,89,1,1,0
407824,89,1,1,0
6423072,89,1,1,0
169824,89,1,1,0
267144,89,1,0,1
1611496,89,1,1,0
214920,89,1,1,0
3837224,89,1,0,1
295632,89,1,1,0
3712992,89,1,1,0
5532472,89,1,0,1
2947888,89,1,0,1
2188728,89,1,0,1
424264,89,1,1,0
2333840,89,1,0,1
655392,89,1,1,0
2822168,89,1,1,0
2696472,89,1,0,1
1166952,89,1,1,0
665264,89,1,0,1
823960,89,1,1,0
515880,89,1,1,0
1986352,89,1,0,1
350816,89,1,0,1
5815680,89,1,0,1
4838904,89,1,1,0
3823520,89,1,1,0
927232,89,1,0,1
1836472,89,1,1,0
1120456,89,1,0,1
2334024,89,1,0,1
245600,89,1,0,1
6496512,89,1,1,0
1136552,89,1,1,0
5806296,89,1,1,0
4131544,89,1,0,1
7136976,89,1,1,0
4554072,89,1,1,0
2314032,89,1,1,0
5518432,89,1,1,0
2457752,89,1,0,1
4562920,89,1,0,1
3802136,89,1,1,0
479752,89,1,1,0
4903168,89,1,1,0
2990856,89,1,1,0
2691240,89,1,0,1
466800,89,1,1,0
221112,89,1,0,1
134608,89,1,1,0
747656,89,1,0,1
3714112,89,1,0,1
7296280,89,1,0,1
3388256,89,1,0,1
4885856,89,1,1,0
4154112,89,1,0,1
1894496,89,1,1,0
1098184,89,1,1,0
2847928,89,1,0,1
925568,89,1,0,1
7155384,89,1,1,0
2869216,89,1,1,0
726968,89,1,1,0
5941640,89,1,1,0
2929376,89,1,0,1
5428992,89,1,0,1
1321104,89,1,1,0
287680,89,1,0,1
7403856,89,1,1,0
536224,89,1,0,1
3033504,89,1,0,1
6144168,89,1,0,1
2746848,89,1,1,0
405408,89,1,1,0
4110792,89,1,0,1
3676960,89,1,1,0
7896544,89,1,1,0
1815864,89,1,0,1
562784,89,1,1,0
1804448,89,1,1,0
7100528,89,1,1,0
4683784,89,1,0,1
200192,89,1,0,1
1740656,89,1,1,0
2048696,89,1,0,1
2685144,89,1,0,1
1192424,89,1,1,0
2989352,89,1,0,1
7732744,89,1,0,1
5510456,89,1,1,0
4919608,89,1,0,1
681776,89,1,0,1
6281008,89,1,1,0
6469816,89,1,1,0
6871072,89,1,0,1
4686504,89,1,0,1
4755496,89,1,1,0
3578264,89,1,0,1
3846672,89,1,1,0
8159128,89,1,1,0
1466848,89,1,0,1
7451808,89,1,1,0
1545360,89,1,0,1
2043712,89,1,1,0
411296,89,1,1,0
4984320,89,1,1,0
3031216,89,1,0,1
1191832,89,1,0,1
423216,89,1,0,1
8191544,89,1,1,0
3496632,89,1,1,0
4062144,89,1,0,1
213160,89,1,1,0
346232,89,1,1,0
1822104,89,1,1,0
6145336,89,1,0,1
2584352,89,1,1,0
1384952,89,1,0,1
1716424,89,1,0,1
3264976,89,1,0,1
1454912,89,1,0,1
2385712,89,1,1,0
1041480,89,1,1,0
4118784,89,1,0,1
444440,89,1,0,1
6097568,89,1,0,1
3009856,89,1,1,0
368240,89,1,0,1
1533208,89,1,1,0
6076568,89,1,1,0
1929312,89,1,1,0
1424504,89,1,0,1
2751808,89,1,1,0
820720,89,1,0,1
6115728,89,1,1,0
8162728,89,1,1,0
481800,89,1,0,1
2451328,89,1,1,0
381280,89,1,0,1
2731680,89,1,1,0
2772408,89,1,0,1
3763640,89,1,0,1
1571400,89,1,0,1
4601056,89,1,0,1
2200856,89,1,1,0
4017416,89,1,0,1
1393560,89,1,0,1
6283512,89,1,1,0
7638136,89,1,1,0
2182896,89,1,0,1
1947064,89,1,0,1
372968,89,1,1,0
1534864,89,1,1,0
614848,89,1,1,0
1520448,89,1,0,1
954640,89,1,0,1
1481968,89,1,1,0
133760,89,1,0,1
4821200,89,1,0,1
1104096,89,1,0,1
5249032,89,1,0,1
3618472,89,1,1,0
583528,89,1,1,0
4768224,89,1,0,1
1256920,89,1,0,1
3282360,89,1,1,0
3618640,89,1,0,1
4462120,89,1,0,1
6097064,89,1,0,1
7462520,89,1,1,0
1895920,89,1,0,1
2209432,89,1,0,1
2603200,89,1,0,1
7879656,89,1,0,1
2226528,89,1,1,0
2375456,89,1,1,0
4521480,89,1,0,1
1612408,89,1,0,1
2026504,89,1,1,0
1939432,89,1,0,1
1013472,89,1,0,1
2004168,89,1,0,1
5993264,89,1,0,1
920600,89,1,1,0
3110264,89,1,1,0
1151000,89,1,1,0
3351728,89,1,0,1
174960,89,1,0,1
4476544,89,1,1,0
957072,89,1,0,1
2622240,89,1,0,1
1736336,89,1,0,1
1168928,89,1,0,1
3863104,89,1,0,1
2489432,89,1,1,0
6292160,89,1,0,1
302864,89,1,1,0
6093784,89,1,0,1
6228296,89,1,0,1
1061136,89,1,0,1
6838056,89,1,1,0
6165504,89,1,1,0
7056800,89,1,0,1
1083088,89,1,0,1
550000,89,1,1,0
4227240,89,1,1,0
4077112,89,1,0,1
2901504,89,1,0,1
3145344,89,1,0,1
4839816,89,1,0,1
1558664,89,1,1,0
2707240,89,1,1,0
5458400,89,1,1,0
994912,89,1,1,0
2652360,89,1,1,0
305232,89,1,1,0
4253992,89,1,0,1
6461624,89,1,1,0
404544,89,1,0,1
3550624,89,1,0,1
3027464,89,1,1,0
3171224,89,1,0,1
1281080,89,1,1,0
667912,89,1,1,0
1514704,89,1,1,0
6775184,89,1,0,1
1600936,89,1,0,1
5358320,89,1,0,1
6976096,89,1,0,1
7871544,89,1,1,0
2047720,89,1,1,0
977536,89,1,1,0
5347840,89,1,1,0
470600,89,1,1,0
491792,89,1,1,0
316272,89,1,1,0
6284144,89,1,0,1
315264,89,1,0,1
6962408,89,1,0,1
5812064,89,1,0,1
6629168,89,1,1,0
4550720,89,1,1,0
5740672,89,1,0,1
674256,89,1,1,0
6734432,89,1,0,1
216976,89,1,0,1
1788752,89,1,0,1
789344,89,1,0,1
1168840,89,1,0,1
243456,89,1,0,1
5862472,89,1,0,1
656448,89,1,1,0
1137752,89,1,0,1
3564976,89,1,0,1
5964112,89,1,0,1
3217192,89,1,0,1
257096,89,1,0,1
6757968,89,1,0,1
1705184,89,1,0,1
882376,89,1,0,1
3633120,89,1,0,1
1303144,89,1,0,1
811880,89,1,1,0
4511768,89,1,1,0
154768,89,1,1,0
3771472,89,1,0,1
995464,89,1,1,0
7823216,89,1,1,0
2933016,89,1,1,0
1107416,89,1,0,1
871904,89,1,1,0
3375248,89,1,1,0
507896,89,1,1,0
5316544,89,1,1,0
2469128,89,1,1,0
6806776,89,1,0,1
2708016,89,1,1,0
845080,89,1,0,1
2185592,89,1,1,0
641224,89,1,0,1
173400,89,1,1,0
4253864,89,1,1,0
811328,89,1,0,1
7505384,89,1,0,1
1387880,89,1,1,0
362360,89,1,1,0
6149976,89,1,1,0
5531912,89,1,0,1
4190432,89,1,0,1
6623024,89,1,1,0
3559496,89,1,1,0
3753576,89,1,0,1
524392,89,1,0,1
235592,89,1,1,0
625632,89,1,1,0
1102840,89,1,0,1
1847912,89,1,1,0
2404864,89,1,1,0
1779848,89,1,0,1
6143856,89,1,1,0
6644040,89,1,1,0
5132528,89,1,0,1
1889304,89,1,1,0
3116000,89,1,0,1
2006304,89,1,1,0
750344,89,1,1,0
7499160,89,1,1,0
510688,89,1,1,0
363656,89,1,0,1
4086672,89,1,1,0
1133168,89,1,1,0
1887744,89,1,0,1
2667472,89,1,1,0
6826824,89,1,1,0
1173616,89,1,1,0
2095488,89,1,1,0
4653504,89,1,1,0
1641384,89,1,0,1
634408,89,1,1,0
5712136,89,1,1,0
122168,89,1,0,1
2403368,89,1,0,1
5797848,89,1,0,1
1208648,89,1,0,1
4756792,89,1,1,0
1591968,89,1,0,1
2120840,89,1,1,0
1299944,89,1,0,1
1765392,89,1,1,0
4479472,89,1,1,0
4324696,89,1,1,0
1227632,89,1,0,1
1334848,89,1,1,0
949840,89,1,0,1
805952,89,1,1,0
1885320,89,1,1,0
5004552,89,1,0,1
1797160,89,1,1,0
3091040,89,1,1,0
2687312,89,1,0,1
3386112,89,1,1,0
618544,89,1,1,0
1516008,89,1,0,1
577696,89,1,0,1
3672144,89,1,1,0
269400,89,1,1,0
6901792,89,1,0,1
6123840,89,1,0,1
3737264,89,1,1,0
1158816,89,1,1,0
4132704,89,1,1,0
379240,89,1,1,0
1716536,89,1,1,0
5324792,89,1,0,1
683768,89,1,1,0
1061208,89,1,1,0
244648,89,1,1,0
1373056,89,1,1,0
2871416,89,1,0,1
1172920,89,1,0,1
4885544,89,1,0,1
2032904,89,1,0,1
7981208,89,1,1,0
231936,89,1,0,1
1170016,89,1,0,1
1320472,89,1,1,0
1904328,89,1,0,1
283288,89,1,0,1
5270976,89,1,1,0
771784,89,1,0,1
1028200,89,1,0,1
639592,89,1,0,1
2840672,89,1,1,0
5702928,89,1,0,1
263888,89,1,0,1
391128,89,1,0,1
367680,89,1,0,1
826944,89,1,0,1
2353264,89,1,1,0
1943448,89,1,0,1
3888816,89,1,0,1
1144320,89,1,1,0
747248,89,1,0,1
1358064,89,1,0,1
1154136,89,1,0,1
1072752,89,1,1,0
6500328,89,1,1,0
646608,89,1,0,1
407672,89,1,0,1
6896536,89,1,1,0
2477256,89,1,0,1
345936,89,1,1,0
1934680,89,1,1,0
7407968,89,1,0,1
1700816,89,1,0,1
6812616,89,1,0,1
267328,89,1,0,1
3806280,89,1,0,1
4929352,89,1,0,1
1472944,89,1,0,1
701800,89,1,1,0
7932424,89,1,1,0
1909768,89,1,1,0
232336,89,1,1,0
3351704,89,1,1,0
6570168,89,1,1,0
2581792,89,1,0,1
892952,89,1,1,0
2171808,89,1,0,1
893296,89,1,1,0
604344,89,1,0,1
2810912,89,1,1,0
625160,89,1,0,1
6180880,89,1,0,1
636768,89,1,1,0
164816,89,1,0,1
643336,89,1,1,0
174640,89,1,1,0
220608,89,1,1,0
713008,89,1,0,1
6187184,89,1,0,1
3562616,89,1,1,0
237968,89,1,0,1
1397112,89,1,0,1
3369320,89,1,0,1
4773576,89,1,1,0
428424,89,1,0,1
2316664,89,1,1,0
3442432,89,1,0,1
1785768,89,1,0,1
969128,89,1,0,1
419192,89,1,1,0
6747112,89,1,0,1
2333184,89,1,1,0
2099920,89,1,0,1
4403536,89,1,1,0
1429168,89,1,0,1
1133016,89,1,1,0
4349432,89,1,1,0
3600400,89,1,1,0
6372608,89,1,0,1
802624,89,1,1,0
2337984,89,1,0,1
804448,89,1,0,1
296240,89,1,1,0
3907616,89,1,0,1
2320792,89,1,1,0
1980688,89,1,1,0
3133360,89,1,0,1
3167544,89,1,0,1
528664,89,1,0,1
2971664,89,1,0,1
7370640,89,1,1,0
780360,89,1,0,1
3086672,89,1,1,0
5823360,89,1,1,0
1469392,89,1,1,0
881168,89,1,1,0
4661840,89,1,1,0
4335200,89,1,0,1
3455328,89,1,0,1
5012280,89,1,0,1
5547336,89,1,1,0
6007888,89,1,1,0
4403232,89,1,0,1
5716672,89,1,0,1
2870736,89,1,0,1
1366696,89,1,1,0
2097304,89,1,0,1
6868152,89,1,0,1
5794808,89,1,1,0
2795672,89,1,0,1
803512,89,1,1,0
3139464,89,1,0,1
7455736,89,1,1,0
5858928,89,1,1,0
417680,89,1,0,1
2726416,89,1,0,1
682544,89,1,1,0
6592992,89,1,1,0
3907408,89,1,1,0
1394424,89,1,1,0
2633712,89,1,1,0
663152,89,1,0,1
511432,89,1,0,1
2519272,89,1,1,0
3519832,89,1,1,0
2487840,89,1,1,0
4318032,89,1,0,1
579560,89,1,0,1
3086656,89,1,1,0
7068304,89,1,1,0
6905352,89,1,1,0
5574704,89,1,0,1
656496,89,1,1,0
1946768,89,1,0,1
117672,89,1,1,0
1150944,89,1,1,0
445536,89,1,0,1
1325608,89,1,1,0
2477008,89,1,1,0
840096,89,1,1,0
137936,89,1,1,0
939384,89,1,1,0
7044664,89,1,1,0
366464,89,1,1,0
844904,89,1,0,1
2845088,89,1,1,0
1256456,89,1,0,1
4890520,89,1,0,1
463808,89,1,1,0
7266208,89,1,1,0
818096,89,1,0,1
650840,89,1,1,0
2661856,89,1,1,0
3592640,89,1,1,0
1464784,89,1,0,1
613968,89,1,0,1
1768208,89,1,0,1
4004488,89,1,0,1
2936232,89,1,0,1
529024,89,1,0,1
3963920,89,1,1,0
303752,89,1,0,1
1206656,89,1,1,0
3198432,89,1,0,1
1045200,89,1,1,0
608728,89,1,0,1
6431136,89,1,1,0
6469896,89,1,1,0
1085432,89,1,1,0
903456,89,1,1,0
1253352,89,1,0,1
533600,89,1,1,0
7005032,89,1,0,1
7334792,89,1,0,1
1343832,89,1,1,0
1268696,89,1,1,0
3679256,89,1,0,1
1109968,89,1,0,1
6896208,89,1,0,1
1139416,89,1,1,0
1034008,89,1,1,0
4415944,89,1,0,1
8334920,89,1,1,0
2151728,89,1,1,0
7614736,89,1,0,1
4714168,89,1,0,1
384776,89,1,0,1
980920,89,1,1,0
594392,89,1,1,0
6192952,89,1,0,1
4145128,89,1,1,0
184368,89,1,1,0
987216,89,1,0,1
4495616,89,1,0,1
6501072,89,1,0,1
6009536,89,1,0,1
6950128,89,1,0,1
1321896,89,1,1,0
1240728,89,1,1,0
6447368,89,1,1,0
6991304,89,1,1,0
7456816,89,1,0,1
5998312,89,1,1,0
90384,89,1,1,0
1375288,89,1,1,0
329696,89,1,1,0
6746688,89,1,1,0
296352,89,1,1,0
3564920,89,1,1,0
1296808,89,1,0,1
281632,89,1,1,0
5058008,89,1,1,0
2213000,89,1,1,0
3791768,89,1,0,1
3531464,89,1,0,1
4181896,89,1,0,1
3623800,89,1,1,0
952840,89,1,0,1
3090960,89,1,1,0
1418392,89,1,1,0
5634208,89,1,1,0
724920,89,1,1,0
1638168,89,1,0,1
853024,89,1,0,1
2604560,89,1,0,1
1898136,89,1,1,0
3908960,89,1,1,0
976296,89,1,0,1
1429104,89,1,0,1
1653584,89,1,1,0
560528,89,1,1,0
732488,89,1,1,0
1295560,89,1,0,1
8314376,89,1,1,0
4048608,89,1,0,1
6184480,89,1,1,0
2343776,89,1,0,1
629168,89,1,1,0
2833264,89,1,1,0
283816,89,1,0,1
869848,89,1,0,1
1818424,89,1,0,1
2250864,89,1,0,1
2876960,89,1,0,1
3577880,89,1,0,1
5916376,89,1,1,0
1393856,89,1,0,1
2678552,89,1,1,0
2740016,89,1,0,1
6416152,89,1,1,0
7126616,89,1,0,1
710112,89,1,0,1
776832,89,1,1,0
5525432,89,1,0,1
2783136,89,1,0,1
1270168,89,1,1,0
2914584,89,1,0,1
5690128,89,1,1,0
711424,89,1,0,1
413400,89,1,0,1
2913608,89,1,1,0
3559360,89,1,1,0
1589288,89,1,0,1
2591920,89,1,0,1
1455760,89,1,1,0
1770288,89,1,1,0
298480,89,1,1,0
315784,89,1,0,1
5659264,89,1,0,1
1713872,89,1,0,1
5304560,89,1,0,1
5105192,89,1,1,0
1754016,89,1,1,0
1921680,89,1,1,0
452040,89,1,1,0
2214224,89,1,0,1
2365600,89,1,0,1
210304,89,1,0,1
3556416,89,1,0,1
4989240,89,1,1,0
5463936,89,1,1,0
819072,89,1,1,0
951536,89,1,0,1
4198616,89,1,0,1
733144,89,1,1,0
6193784,89,1,0,1
5897872,89,1,1,0
758960,89,1,1,0
4601176,89,1,1,0
7396592,89,1,1,0
4532632,89,1,1,0
4145512,89,1,0,1
4860480,89,1,0,1
6649336,89,1,1,0
1734544,89,1,1,0
3475400,89,1,0,1
6277168,89,1,0,1
3506736,89,1,1,0
2690368,89,1,0,1
1904592,89,1,1,0
4698344,89,1,1,0
894280,89,1,0,1
993584,89,1,0,1
2080752,89,1,1,0
4514272,89,1,0,1
7307792,89,1,1,0
969640,89,1,1,0
4194008,89,1,1,0
1539856,89,1,1,0
1464096,89,1,1,0
5234792,89,1,1,0
1276904,89,1,0,1
2810064,89,1,0,1
6135616,89,1,1,0
4203512,89,1,1,0
187624,89,1,1,0
541232,89,1,0,1
5316920,89,1,1,0
1423112,89,1,0,1
187096,89,1,1,0
6075448,89,1,0,1
940128,89,1,1,0
6762832,89,1,0,1
2473776,89,1,0,1
1454928,89,1,0,1
388448,89,1,1,0
5066000,89,1,0,1
5527432,89,1,0,1
2926992,89,1,0,1
691448,89,1,1,0
633152,89,1,0,1
725256,89,1,0,1
587688,89,1,0,1
4525920,89,1,0,1
4156304,89,1,1,0
3135032,89,1,1,0
7745696,89,1,1,0
5651968,89,1,0,1
1148368,89,1,0,1
754672,89,1,0,1
6067392,89,1,1,0
7388536,89,1,1,0
3063424,89,1,0,1
7418520,89,1,1,0
5452552,89,1,1,0
7848080,89,1,1,0
1586304,89,1,0,1
1344248,89,1,1,0
511208,89,1,1,0
634960,89,1,1,0
6137136,89,1,0,1
4775256,89,1,1,0
418656,89,1,0,1
2408728,89,1,0,1
2026832,89,1,0,1
7465664,89,1,1,0
3901160,89,1,0,1
6477168,89,1,0,1
8341400,89,1,0,1
4741896,89,1,0,1
1790848,89,1,0,1
1364576,89,1,1,0
1227720,89,1,1,0
281976,89,1,0,1
1334208,89,1,0,1
4330712,89,1,1,0
369424,89,1,1,0
5179872,89,1,0,1
2404208,89,1,0,1
5557312,89,1,1,0
276648,89,1,1,0
899376,89,1,1,0
6008568,89,1,0,1
1227520,89,1,1,0
1282160,89,1,1,0
2108032,89,1,1,0
924040,89,1,0,1
6228256,89,1,0,1
319232,89,1,1,0
3529808,89,1,0,1
7976624,89,1,0,1
3893696,89,1,1,0
2583408,89,1,0,1
1356152,89,1,1,0
6973536,89,1,1,0
3368064,89,1,1,0
3440000,89,1,0,1
1097368,89,1,1,0
5820160,89,1,0,1
6259024,89,1,1,0
267344,89,1,0,1
1034624,89,1,0,1
5422320,89,1,0,1
3194040,89,1,1,0
4168560,89,1,1,0
7344880,89,1,1,0
1687640,89,1,1,0
503336,89,1,1,0
3678552,89,1,1,0
472176,89,1,1,0
2386696,89,1,0,1
6574480,89,1,0,1
5295040,89,1,0,1
1139464,89,1,1,0
2341008,89,1,0,1
543248,89,1,1,0
6549584,89,1,1,0
1484208,89,1,1,0
759760,89,1,1,0
6158000,89,1,1,0
1654696,89,1,0,1
2938000,89,1,1,0
6787296,89,1,1,0
656544,89,1,1,0
5677216,89,1,1,0
4111912,89,1,1,0
678000,89,1,0,1
2011976,89,1,1,0
286704,89,1,1,0
826312,89,1,1,0
1708592,89,1,1,0
1588464,89,1,1,0
1805376,89,1,1,0
7397104,89,1,0,1
311104,89,1,1,0
1597624,89,1,0,1
829288,89,1,0,1
2418840,89,1,0,1
2091048,89,1,0,1
2149488,89,1,0,1
3050840,89,1,1,0
223040,89,1,0,1
3200904,89,1,1,0
2120288,89,1,0,1
5555528,89,1,1,0
6404528,89,1,0,1
2685568,90,1,0,1
233272,90,1,1,0
2040280,90,1,0,1
1662136,90,1,1,0
2268288,90,1,0,1
702672,90,1,1,0
507456,90,1,0,1
2046288,90,1,0,1
5942392,90,1,0,1
4361200,90,1,1,0
862872,90,1,1,0
2759368,90,1,0,1
1723088,90,1,1,0
2015944,90,1,1,0
8161776,90,1,0,1
6502256,90,1,0,1
573840,90,1,0,1
910024,90,1,0,1
5043632,90,1,1,0
5203296,90,1,0,1
1104384,90,1,0,1
2035856,90,1,0,1
4044152,90,1,0,1
352472,90,1,1,0
7581912,90,1,0,1
7147952,90,1,1,0
1223584,90,1,1,0
913320,90,1,0,1
1250264,90,1,1,0
47472,90,1,0,1
1626120,90,1,0,1
1819536,90,1,0,1
557512,90,1,0,1
198152,90,1,1,0
4495144,90,1,1,0
2203176,90,1,1,0
5357648,90,1,1,0
1881224,90,1,1,0
2818920,90,1,1,0
782432,90,1,1,0
823216,90,1,1,0
558360,90,1,0,1
7279456,90,1,0,1
6976736,90,1,0,1
328592,90,1,0,1
6925432,90,1,0,1
2102272,90,1,0,1
3226328,90,1,1,0
653168,90,1,1,0
679624,90,1,0,1
946256,90,1,1,0
1247392,90,1,1,0
4416360,90,1,1,0
2677600,90,1,0,1
3104248,90,1,1,0
806680,90,1,1,0
1311448,90,1,1,0
6271904,90,1,0,1
3758056,90,1,1,0
6946392,90,1,0,1
5228344,90,1,0,1
3204872,90,1,0,1
8236488,90,1,1,0
2744400,90,1,1,0
3548504,90,1,0,1
556584,90,1,0,1
2387984,90,1,1,0
2553888,90,1,0,1
3788440,90,1,1,0
3971024,90,1,1,0
4244024,90,1,1,0
4135968,90,1,1,0
7009152,90,1,1,0
4501240,90,1,1,0
140400,90,1,1,0
860904,90,1,0,1
2813696,90,1,1,0
1662712,90,1,1,0
2512384,90,1,0,1
1488400,90,1,1,0
2124928,90,1,0,1
2039216,90,1,0,1
3555144,90,1,1,0
2110208,90,1,1,0
539392,90,1,1,0
6131712,90,1,1,0
6276392,90,1,0,1
1546488,90,1,1,0
8376608,90,1,0,1
2470744,90,1,0,1
658160,90,1,1,0
2009240,90,1,0,1
6328736,90,1,0,1
5725288,90,1,0,1
3873880,90,1,0,1
1737720,90,1,1,0
799880,90,1,1,0
530208,90,1,0,1
485760,90,1,1,0
7227088,90,1,0,1
4532128,90,1,0,1
7097104,90,1,0,1
490776,90,1,0,1
6354576,90,1,1,0
992824,90,1,1,0
2467192,90,1,1,0
8108224,90,1,0,1
3047280,90,1,0,1
5699648,90,1,0,1
3149688,90,1,0,1
4098592,90,1,1,0
2759472,90,1,1,0
2373488,90,1,1,0
5498240,90,1,0,1
6670056,90,1,0,1
7757216,90,1,1,0
5526296,90,1,1,0
7649824,90,1,0,1
841176,90,1,0,1
2965024,90,1,1,0
615024,90,1,0,1
378160,90,1,1,0
6079176,90,1,0,1
8274624,90,1,1,0
962920,90,1,1,0
1039360,90,1,1,0
784168,90,1,0,1
885216,90,1,1,0
91448,90,1,0,1
1716296,90,1,1,0
369096,90,1,1,0
3636728,90,1,0,1
2733504,90,1,1,0
484608,90,1,0,1
381776,90,1,0,1
3399848,90,1,0,1
7956304,90,1,1,0
1199688,90,1,1,0
3154008,90,1,0,1
1407640,90,1,0,1
298728,90,1,1,0
7246264,90,1,1,0
557568,90,1,0,1
3861512,90,1,1,0
264168,90,1,1,0
619616,90,1,1,0
1739792,90,1,0,1
4538816,90,1,1,0
2342760,90,1,0,1
7997840,90,1,0,1
583104,90,1,0,1
2544560,90,1,0,1
3436008,90,1,0,1
1451600,90,1,1,0
1058208,90,1,1,0
5773744,90,1,0,1
1985928,90,1,0,1
1085240,90,1,1,0
1355704,90,1,1,0
6344744,90,1,0,1
1605424,90,1,1,0
7023552,90,1,1,0
7174352,90,1,1,0
1590608,90,1,1,0
2486080,90,1,0,1
4366880,90,1,0,1
875320,90,1,0,1
2762488,90,1,0,1
5558664,90,1,1,0
5401264,90,1,1,0
1453376,90,1,1,0
1650136,90,1,0,1
1197280,90,1,0,1
2477408,90,1,1,0
1671128,90,1,0,1
2641032,90,1,0,1
2846832,90,1,1,0
1556392,90,1,1,0
655640,90,1,1,0
2640280,90,1,1,0
3222728,90,1,1,0
1806128,90,1,0,1
3176952,90,1,0,1
511968,90,1,1,0
2587760,90,1,1,0
63696,90,1,0,1
5680104,90,1,0,1
1241200,90,1,0,1
639696,90,1,1,0
1893872,90,1,1,0
1543008,90,1,0,1
3389224,90,1,1,0
1549344,90,1,0,1
4999032,90,1,0,1
3701376,90,1,1,0
2230744,90,1,0,1
146776,90,1,0,1
3090368,90,1,0,1
7351632,90,1,1,0
3124784,90,1,0,1
668312,90,1,0,1
1100664,90,1,1,0
521072,90,1,1,0
512856,90,1,0,1
696792,90,1,0,1
2192096,90,1,0,1
1710192,90,1,0,1
1109520,90,1,0,1
3532744,90,1,0,1
1359032,90,1,0,1
154672,90,1,1,0
1661768,90,1,0,1
6326504,90,1,1,0
6276896,90,1,0,1
5846808,90,1,1,0
802192,90,1,0,1
2353304,90,1,0,1
2906304,90,1,1,0
1564448,90,1,0,1
2620112,90,1,0,1
3168768,90,1,1,0
637976,90,1,1,0
171296,90,1,1,0
5145568,90,1,0,1
1750608,90,1,0,1
3201856,90,1,1,0
214024,90,1,0,1
4624632,90,1,1,0
1281048,90,1,0,1
1770352,90,1,0,1
1380784,90,1,0,1
1713992,90,1,0,1
2573056,90,1,1,0
2963024,90,1,1,0
1593776,90,1,0,1
489608,90,1,1,0
3597248,90,1,1,0
6083240,90,1,1,0
3358280,90,1,1,0
3127328,90,1,1,0
325424,90,1,1,0
5855416,90,1,0,1
3094216,90,1,0,1
5527096,90,1,0,1
7875848,90,1,0,1
2821128,90,1,1,0
3124264,90,1,0,1
1269480,90,1,0,1
318512,90,1,0,1
838384,90,1,1,0
1192984,90,1,1,0
1216792,90,1,1,0
2552256,90,1,1,0
2463904,90,1,1,0
1126744,90,1,0,1
277152,90,1,0,1
3046344,90,1,1,0
4845064,90,1,1,0
2114224,90,1,0,1
301560,90,1,0,1
6963608,90,1,0,1
2258456,90,1,0,1
1575944,90,1,1,0
5967944,90,1,1,0
5004744,90,1,1,0
819096,90,1,0,1
1175160,90,1,1,0
5332960,90,1,1,0
4588840,90,1,0,1
2741440,90,1,1,0
364952,90,1,1,0
7155880,90,1,1,0
4470752,90,1,1,0
1085648,90,1,0,1
7061536,90,1,0,1
362576,90,1,1,0
2595680,90,1,0,1
454624,90,1,1,0
1262976,90,1,0,1
2830328,90,1,0,1
3894472,90,1,1,0
1564544,90,1,1,0
5483360,90,1,1,0
269512,90,1,0,1
4363216,90,1,1,0
6393208,90,1,0,1
1049536,90,1,1,0
1804968,90,1,1,0
933824,90,1,0,1
6911792,90,1,0,1
521504,90,1,0,1
240480,90,1,1,0
1457648,90,1,1,0
797560,90,1,0,1
6428120,90,1,1,0
988864,90,1,1,0
695744,90,1,1,0
5997032,90,1,0,1
606480,90,1,0,1
1637528,90,1,0,1
613512,90,1,0,1
1218240,90,1,0,1
184496,90,1,0,1
2283776,90,1,0,1
409752,90,1,0,1
499216,90,1,1,0
1539120,90,1,0,1
1586976,90,1,1,0
3452552,90,1,1,0
2928112,90,1,1,0
416728,90,1,0,1
917240,90,1,1,0
2596192,90,1,1,0
520640,90,1,1,0
1798680,90,1,0,1
1930104,90,1,1,0
7272984,90,1,0,1
5511608,90,1,1,0
2715280,90,1,1,0
4541280,90,1,0,1
7576760,90,1,0,1
4422032,90,1,0,1
6251440,90,1,1,0
318808,90,1,1,0
5036024,90,1,0,1
376040,90,1,1,0
1760456,90,1,1,0
229080,90,1,0,1
1406968,90,1,1,0
4975592,90,1,0,1
915512,90,1,0,1
2897728,90,1,1,0
358384,90,1,1,0
5430080,90,1,0,1
196336,90,1,0,1
5597536,90,1,0,1
6795688,90,1,0,1
856040,90,1,1,0
1325864,90,1,0,1
2440688,90,1,1,0
4324888,90,1,1,0
6703896,90,1,0,1
7350952,90,1,0,1
2456184,90,1,1,0
5070464,90,1,0,1
5414688,90,1,0,1
4897144,90,1,1,0
2845488,90,1,1,0
1213472,90,1,1,0
6666888,90,1,1,0
3161344,90,1,0,1
2698008,90,1,0,1
636976,90,1,1,0
7261600,90,1,0,1
3366632,90,1,0,1
1183568,90,1,0,1
1774176,90,1,0,1
8102856,90,1,0,1
2498992,90,1,0,1
878088,90,1,1,0
2641648,90,1,1,0
3732592,90,1,0,1
7400336,90,1,0,1
108664,90,1,1,0
1325112,90,1,0,1
2989840,90,1,0,1
5755960,90,1,0,1
294248,90,1,0,1
4994576,90,1,1,0
4726600,90,1,1,0
835920,90,1,1,0
5020736,90,1,1,0
2432792,90,1,0,1
3475200,90,1,1,0
4402720,90,1,0,1
4442440,90,1,1,0
2376160,90,1,1,0
903000,90,1,1,0
5137160,90,1,1,0
6370480,90,1,1,0
4816368,90,1,0,1
538648,90,1,1,0
268784,90,1,0,1
1358440,90,1,1,0
4643192,90,1,1,0
2247096,90,1,0,1
311304,90,1,0,1
700504,90,1,0,1
1631688,90,1,1,0
602384,90,1,0,1
190480,90,1,1,0
221872,90,1,1,0
5382864,90,1,1,0
716264,90,1,1,0
623176,90,1,0,1
6916888,90,1,0,1
1915464,90,1,1,0
616224,90,1,0,1
1860152,90,1,0,1
6092384,90,1,1,0
4629184,90,1,1,0
1629064,90,1,1,0
1778744,90,1,1,0
934232,90,1,0,1
3854936,90,1,0,1
8340632,90,1,1,0
8274896,90,1,1,0
3715368,90,1,0,1
2501104,90,1,1,0
1261816,90,1,0,1
3088952,90,1,0,1
5135824,90,1,0,1
452456,90,1,1,0
6209152,90,1,0,1
2457576,90,1,1,0
297848,90,1,0,1
681160,90,1,1,0
4504768,90,1,0,1
7145576,90,1,1,0
3097992,90,1,0,1
1842608,90,1,0,1
902112,90,1,0,1
965680,90,1,1,0
4260096,90,1,0,1
2852760,90,1,1,0
879136,90,1,0,1
1776800,90,1,0,1
4100800,90,1,1,0
584544,90,1,0,1
3710872,90,1,0,1
576848,90,1,1,0
4319248,90,1,0,1
4679992,90,1,1,0
802696,90,1,0,1
2156152,90,1,0,1
813768,90,1,0,1
5303432,90,1,0,1
8060824,90,1,0,1
134248,90,1,1,0
437808,90,1,1,0
889440,90,1,0,1
2620888,90,1,0,1
3531016,90,1,0,1
5078632,90,1,0,1
3334968,90,1,0,1
3317392,90,1,0,1
213040,90,1,1,0
1176056,90,1,1,0
6736912,90,1,0,1
775888,90,1,0,1
4323320,90,1,0,1
1788896,90,1,0,1
797976,90,1,0,1
6049464,90,1,0,1
5945104,90,1,1,0
1887544,90,1,0,1
1738936,90,1,1,0
2650448,90,1,1,0
1308056,90,1,1,0
3460360,90,1,1,0
3984416,90,1,1,0
2045600,90,1,0,1
6193296,90,1,0,1
711968,90,1,1,0
632504,90,1,1,0
446656,90,1,1,0
1846416,90,1,0,1
1732856,90,1,1,0
4823304,90,1,1,0
4798192,90,1,0,1
1277984,90,1,0,1
1712712,90,1,0,1
4908688,90,1,0,1
1096032,90,1,1,0
3278040,90,1,0,1
3910208,90,1,1,0
3093864,90,1,1,0
946752,90,1,1,0
2959912,90,1,1,0
2050472,90,1,0,1
3262576,90,1,1,0
1755776,90,1,1,0
1080976,90,1,0,1
4622800,90,1,0,1
1081152,90,1,1,0
217616,90,1,1,0
4877472,90,1,0,1
1034600,90,1,0,1
7013536,90,1,0,1
746272,90,1,1,0
6469768,90,1,1,0
4870368,90,1,0,1
1745392,90,1,1,0
1942768,90,1,0,1
1698112,90,1,0,1
5640488,90,1,0,1
7446920,90,1,0,1
3733408,90,1,1,0
161128,90,1,1,0
1959472,90,1,0,1
417912,90,1,0,1
4840648,90,1,0,1
4142328,90,1,0,1
335960,90,1,0,1
414832,90,1,1,0
5111360,90,1,0,1
920504,90,1,0,1
1824408,90,1,1,0
1419568,90,1,0,1
1822520,90,1,1,0
4344632,90,1,0,1
6888320,90,1,0,1
5455952,90,1,1,0
918000,90,1,1,0
1744520,90,1,1,0
3079688,90,1,1,0
6239544,90,1,0,1
1136112,90,1,1,0
7148320,90,1,0,1
3999624,90,1,0,1
1142368,90,1,1,0
3639544,90,1,1,0
8066352,90,1,0,1
4813808,90,1,0,1
1202336,90,1,1,0
913336,90,1,0,1
5715944,90,1,0,1
1093208,90,1,0,1
3809960,90,1,1,0
1353080,90,1,1,0
5842040,90,1,1,0
954896,90,1,1,0
7074832,90,1,0,1
6065976,90,1,0,1
1741000,90,1,0,1
558272,90,1,0,1
3279768,90,1,0,1
4035616,90,1,1,0
3100008,90,1,0,1
4666288,90,1,0,1
4427304,90,1,1,0
2045592,90,1,1,0
1306568,90,1,0,1
5101480,90,1,0,1
1799552,90,1,1,0
1170656,90,1,0,1
5439512,90,1,1,0
1665056,90,1,1,0
5178912,90,1,0,1
532712,90,1,1,0
2240616,90,1,1,0
2612824,90,1,1,0
1910904,90,1,1,0
7241168,90,1,0,1
400360,90,1,0,1
1367304,90,1,1,0
5935776,90,1,1,0
947984,90,1,0,1
517544,90,1,1,0
5861024,90,1,1,0
79456,90,1,0,1
5323368,90,1,0,1
4956496,90,1,0,1
305096,90,1,1,0
900320,90,1,1,0
4902256,90,1,1,0
6579000,90,1,1,0
1645952,90,1,0,1
456656,90,1,0,1
3974168,90,1,1,0
309696,90,1,0,1
670840,90,1,0,1
4659208,90,1,1,0
2152952,90,1,0,1
6758168,90,1,0,1
928952,90,1,1,0
186792,90,1,0,1
7942312,90,1,1,0
832936,90,1,0,1
1458472,90,1,1,0
645768,90,1,0,1
3760848,90,1,1,0
2648376,90,1,0,1
296176,90,1,0,1
1916184,90,1,0,1
772784,90,1,0,1
8318864,90,1,1,0
1837768,90,1,0,1
1056384,90,1,1,0
3217600,90,1,0,1
949536,90,1,1,0
1089056,90,1,1,0
1330000,90,1,1,0
2849984,90,1,0,1
1941168,90,1,0,1
7300080,90,1,1,0
367744,90,1,1,0
478840,90,1,0,1
3142576,90,1,0,1
1154160,90,1,0,1
1473792,90,1,1,0
3272072,90,1,0,1
2182408,90,1,0,1
6943400,90,1,1,0
4040192,90,1,0,1
1475752,90,1,0,1
2163296,90,1,1,0
8318352,90,1,1,0
1756728,90,1,1,0
985912,90,1,0,1
1442960,90,1,1,0
1061952,90,1,1,0
3748880,90,1,0,1
1555944,90,1,1,0
215504,90,1,1,0
2167640,90,1,1,0
2545464,90,1,0,1
1960360,90,1,1,0
596232,90,1,1,0
1541448,90,1,1,0
2012440,90,1,1,0
6494304,90,1,0,1
1161288,90,1,0,1
5704624,90,1,0,1
6787648,90,1,1,0
7655248,90,1,0,1
2446936,90,1,1,0
2535328,90,1,0,1
882264,90,1,1,0
3980984,90,1,0,1
2808880,90,1,0,1
146024,90,1,1,0
1787744,90,1,0,1
3017032,90,1,1,0
2248248,90,1,1,0
5232080,90,1,1,0
643592,90,1,1,0
2745952,90,1,0,1
290280,90,1,1,0
705024,90,1,0,1
2041512,90,1,1,0
3442984,90,1,0,1
4024992,90,1,0,1
159264,90,1,1,0
2158616,90,1,1,0
7625608,90,1,1,0
3452344,90,1,1,0
1167280,90,1,1,0
5792216,90,1,1,0
4652240,90,1,0,1
1610168,90,1,1,0
4401600,90,1,1,0
3967984,90,1,0,1
1852576,90,1,1,0
1288576,90,1,1,0
630656,90,1,0,1
4121912,90,1,0,1
1955432,90,1,0,1
458888,90,1,1,0
926096,90,1,1,0
764872,90,1,1,0
1460904,90,1,0,1
1784848,90,1,1,0
5527592,90,1,1,0
1193176,90,1,1,0
4321640,90,1,0,1
1058960,90,1,0,1
3968192,90,1,1,0
1416624,90,1,0,1
3884288,90,1,1,0
4697488,90,1,0,1
222584,90,1,0,1
997824,90,1,0,1
872616,90,1,1,0
650104,90,1,0,1
5723632,90,1,0,1
1978480,90,1,0,1
8205432,90,1,1,0
349944,90,1,0,1
1668304,90,1,1,0
1441392,90,1,0,1
1245640,90,1,1,0
3090568,90,1,1,0
6710016,90,1,0,1
263352,90,1,0,1
845608,90,1,1,0
1382064,90,1,0,1
5366096,90,1,0,1
6172200,90,1,0,1
7223952,90,1,1,0
336944,90,1,1,0
810640,90,1,0,1
2744960,90,1,0,1
4196312,90,1,1,0
732016,90,1,1,0
3620136,90,1,1,0
5843640,90,1,0,1
4591520,90,1,1,0
1556664,90,1,1,0
4624272,90,1,1,0
2028152,90,1,1,0
568800,90,1,0,1
7945656,90,1,0,1
1419848,90,1,0,1
1291696,90,1,1,0
3484536,90,1,1,0
1571512,90,1,1,0
4556256,90,1,1,0
7346080,90,1,1,0
493344,90,1,0,1
3937440,90,1,1,0
1539344,90,1,1,0
3656960,90,1,0,1
5601784,90,1,0,1
4335960,90,1,1,0
988056,90,1,0,1
224424,90,1,1,0
6801408,90,1,1,0
2921312,90,1,1,0
3387384,90,1,1,0
6957384,90,1,0,1
8087488,90,1,0,1
5059544,90,1,0,1
1005616,90,1,1,0
4052144,90,1,1,0
3252384,90,1,1,0
2049360,90,1,0,1
5758816,90,1,0,1
8060128,90,1,1,0
2988208,90,1,0,1
4547088,90,1,0,1
632128,90,1,1,0
3844024,90,1,1,0
6820760,90,1,0,1
937760,90,1,1,0
2301720,90,1,0,1
3772632,90,1,0,1
723352,90,1,0,1
1138544,90,1,0,1
1175344,90,1,1,0
7793240,90,1,0,1
1537424,90,1,0,1
2785136,90,1,1,0
7819872,90,1,0,1
1642960,90,1,1,0
1070688,90,1,0,1
617656,90,1,1,0
5354544,90,1,0,1
3204584,90,1,1,0
726560,90,1,0,1
6388848,90,1,1,0
2247624,90,1,0,1
1978544,90,1,0,1
5811120,90,1,0,1
782912,90,1,0,1
433328,90,1,0,1
1085312,90,1,0,1
1545760,90,1,1,0
5016672,90,1,0,1
2622408,90,1,0,1
4503904,90,1,1,0
271272,90,1,1,0
1387416,90,1,1,0
3129040,90,1,0,1
692560,90,1,1,0
256224,90,1,0,1
1469800,90,1,0,1
1081112,90,1,1,0
1207512,90,1,1,0
376936,90,1,0,1
5010416,90,1,0,1
5707080,90,1,0,1
893392,90,1,0,1
4678552,90,1,0,1
453432,90,1,1,0
1405760,90,1,0,1
341880,90,1,0,1
885232,90,1,0,1
667704,90,1,1,0
4394160,90,1,0,1
5283352,90,1,0,1
873336,90,1,0,1
966632,90,1,1,0
118608,90,1,0,1
307152,90,1,0,1
571952,90,1,0,1
7163200,90,1,1,0
227864,90,1,0,1
1366976,90,1,1,0
1466656,90,1,1,0
1360624,90,1,1,0
3794056,90,1,0,1
7547208,90,1,1,0
5275640,90,1,1,0
284712,90,1,1,0
159232,90,1,1,0
8258552,90,1,0,1
3467240,90,1,0,1
4141384,90,1,1,0
2160312,90,1,0,1
2019552,90,1,1,0
374952,90,1,1,0
2986080,90,1,0,1
989016,90,1,1,0
1833568,90,1,1,0
248576,90,1,0,1
721256,90,1,1,0
1331008,90,1,0,1
2198768,90,1,1,0
4800712,90,1,0,1
6896744,90,1,1,0
4570104,90,1,0,1
962224,90,1,0,1
6126696,90,1,0,1
4159344,90,1,1,0
992344,90,1,1,0
1052408,90,1,1,0
4461792,90,1,0,1
4358888,90,1,0,1
1197224,90,1,0,1
2960504,90,1,1,0
907832,90,1,1,0
645560,90,1,1,0
6273536,90,1,0,1
3630544,90,1,0,1
4322368,90,1,0,1
1032112,90,1,0,1
1755720,90,1,1,0
1774032,90,1,1,0
1206832,90,1,1,0
3032376,90,1,0,1
3543696,90,1,1,0
6369568,90,1,0,1
4989800,90,1,0,1
2321576,90,1,1,0
659864,90,1,1,0
123536,90,1,0,1
270408,90,1,0,1
1878720,90,1,0,1
1303672,90,1,0,1
2952472,90,1,1,0
2010392,90,1,1,0
1717616,90,1,1,0
6010128,90,1,1,0
3332008,90,1,0,1
687640,90,1,1,0
6867072,90,1,0,1
3634560,90,1,0,1
814960,90,1,1,0
3315872,90,1,1,0
5772512,90,1,1,0
484600,90,1,0,1
4898672,90,1,0,1
1871648,90,1,0,1
605824,90,1,1,0
8334168,90,1,1,0
5149152,90,1,1,0
708496,90,1,0,1
4707920,90,1,0,1
700488,90,1,0,1
6001328,90,1,1,0
961856,90,1,1,0
5301248,90,1,1,0
3425984,90,1,1,0
7744544,90,1,0,1
1779552,90,1,0,1
2820128,90,1,0,1
1618200,90,1,1,0
3434752,90,1,1,0
2477472,90,1,0,1
516928,90,1,1,0
1479048,90,1,1,0
8055704,90,1,0,1
7260104,90,1,0,1
461728,90,1,0,1
4650448,90,1,0,1
6575064,90,1,0,1
425688,90,1,1,0
8179328,90,1,1,0
7356536,90,1,1,0
3929432,90,1,0,1
192200,90,1,0,1
1076880,90,1,1,0
3391656,90,1,0,1
993616,90,1,0,1
6026040,90,1,0,1
4834232,90,1,0,1
1941784,90,1,1,0
1598992,90,1,1,0
1175488,90,1,1,0
1523104,90,1,1,0
520568,90,1,1,0
2076856,90,1,1,0
998992,90,1,1,0
2739248,90,1,0,1
919248,90,1,0,1
5264656,90,1,1,0
772392,90,1,0,1
996896,90,1,1,0
501560,90,1,0,1
1486184,90,1,1,0
1967176,90,1,0,1
389520,90,1,0,1
1623392,90,1,1,0
665688,90,1,1,0
1544232,90,1,1,0
7986336,90,1,0,1
6997720,90,1,0,1
1206264,90,1,0,1
3930784,90,1,0,1
106904,90,1,0,1
3201528,90,1,0,1
471016,90,1,0,1
1413792,90,1,0,1
4652864,90,1,0,1
950504,90,1,0,1
4802480,90,1,1,0
833256,90,1,0,1
2812976,90,1,0,1
837944,90,1,1,0
7538400,90,1,0,1
4430024,90,1,1,0
5307984,90,1,1,0
1015624,90,1,0,1
1509480,90,1,0,1
3148064,90,1,1,0
4223304,90,1,1,0
325280,90,1,0,1
4246008,90,1,0,1
3296280,90,1,0,1
7921688,90,1,1,0
5763928,90,1,0,1
2825112,90,1,1,0
5515744,90,1,0,1
3501920,90,1,1,0
1415720,90,1,1,0
134504,90,1,1,0
3096504,90,1,1,0
7990200,90,1,1,0
343024,90,1,1,0
6460944,90,1,1,0
4726952,90,1,1,0
5300168,90,1,0,1
2663520,90,1,0,1
3313848,90,1,1,0
615768,90,1,0,1
444528,90,1,0,1
680936,90,1,1,0
8115856,90,1,0,1
1903784,90,1,0,1
308976,90,1,0,1
1021408,90,1,0,1
2976888,90,1,0,1
1201936,90,1,0,1
4299040,90,1,1,0
6814680,90,1,1,0
127400,90,1,0,1
4594832,90,1,0,1
563720,90,1,0,1
4315840,90,1,0,1
4263160,90,1,1,0
1977688,90,1,1,0
1004216,90,1,1,0
156736,90,1,0,1
4729600,90,1,0,1
1511968,90,1,0,1
7003856,90,1,1,0
818104,90,1,1,0
2300680,90,1,1,0
3152656,90,1,1,0
871728,90,1,1,0
2647080,90,1,1,0
2933504,90,1,1,0
7774816,90,1,0,1
704632,90,1,1,0
3270704,90,1,0,1
5801408,90,1,0,1
900536,90,1,1,0
5388560,90,1,1,0
6557248,90,1,1,0
627240,90,1,0,1
6075128,90,1,0,1
478536,90,1,1,0
1336616,90,1,0,1
85952,90,1,1,0
1068392,90,1,0,1
5379376,90,1,0,1
1174072,90,1,0,1
2424528,90,1,1,0
5592776,90,1,1,0
7352144,90,1,0,1
278184,90,1,1,0
535160,90,1,1,0
1810624,90,1,1,0
3383464,90,1,0,1
898576,90,1,0,1
401424,90,1,1,0
8386952,90,1,1,0
965592,90,1,1,0
299344,90,1,0,1
1031608,90,1,1,0
5482576,90,1,0,1
351944,90,1,0,1
422200,90,1,1,0
169128,90,1,0,1
3773712,90,1,1,0
1782448,90,1,0,1
4882320,90,1,0,1
412056,90,1,0,1
2102464,90,1,1,0
1405208,90,1,0,1
582856,90,1,1,0
513200,90,1,0,1
1394600,90,1,0,1
364848,90,1,1,0
7163376,90,1,1,0
2234480,90,1,0,1
5384248,90,1,1,0
3996208,90,1,0,1
296472,90,1,1,0
6568928,90,1,0,1
3673768,90,1,0,1
2290392,90,1,0,1
369592,90,1,0,1
4938792,90,1,0,1
3238520,90,1,0,1
234352,90,1,0,1
396608,90,1,0,1
3739256,90,1,1,0
1303808,90,1,1,0
5026504,90,1,1,0
4042280,90,1,1,0
4446608,90,1,1,0
1152656,90,1,1,0
898832,90,1,1,0
2131304,90,1,0,1
534800,90,1,1,0
6189200,90,1,0,1
1725968,90,1,0,1
4765752,90,1,1,0
1092456,90,1,0,1
857776,90,1,1,0
2579040,90,1,0,1
6575088,90,1,0,1
381424,90,1,1,0
1442304,90,1,1,0
5084160,90,1,1,0
2926384,90,1,0,1
352944,90,1,1,0
7406208,90,1,0,1
1363328,90,1,0,1
4510168,90,1,0,1
2369952,90,1,1,0
2102416,90,1,1,0
7473432,90,1,0,1
3826584,90,1,0,1
1422240,90,1,1,0
7141592,90,1,1,0
5851704,90,1,1,0
8160888,90,1,0,1
7793376,90,1,1,0
7964792,90,1,0,1
154360,90,1,0,1
1066648,90,1,1,0
4314784,90,1,1,0
4666832,90,1,0,1
1391568,90,1,1,0
542368,90,1,1,0
1184112,90,1,0,1
7908712,90,1,1,0
1391008,90,1,1,0
672136,90,1,0,1
965248,90,1,0,1
360584,90,1,1,0
2526856,90,1,1,0
4485464,90,1,0,1
2509088,90,1,0,1
8014816,90,1,1,0
2274504,90,1,0,1
988896,90,1,0,1
954200,90,1,0,1
649552,90,1,0,1
1667288,90,1,1,0
3338624,90,1,0,1
233472,90,1,0,1
2702232,90,1,1,0
1158176,90,1,1,0
2024584,90,1,1,0
936768,90,1,1,0
211120,90,1,0,1
1615216,90,1,0,1
194560,90,1,1,0
1588128,90,1,0,1
559904,90,1,1,0
475960,90,1,1,0
4910936,90,1,1,0
2089416,90,1,1,0
2205264,90,1,1,0
1327160,90,1,1,0
7407120,90,1,1,0
7561808,90,1,0,1
3052776,90,1,1,0
1753976,90,1,1,0
292376,90,1,0,1
162568,90,1,0,1
4904328,90,1,0,1
3959120,90,1,1,0
1943312,90,1,0,1
601544,90,1,0,1
4449496,90,1,0,1
262688,90,1,1,0
1488792,90,1,0,1
483896,90,1,0,1
2709392,90,1,1,0
1533856,90,1,1,0
8376320,90,1,0,1
2113376,90,1,1,0
2920400,90,1,1,0
4682928,90,1,1,0
3434416,90,1,1,0
2841120,90,1,0,1
1986064,90,1,1,0
1838872,90,1,0,1
577544,90,1,1,0
519704,90,1,0,1
1992848,90,1,0,1
581824,90,1,1,0
4115456,90,1,0,1
516840,90,1,1,0
5350656,90,1,0,1
6560544,90,1,0,1
4993056,90,1,0,1
3376064,90,1,0,1
3781784,90,1,1,0
2376928,90,1,1,0
2198824,90,1,0,1
5317120,90,1,1,0
1548856,90,1,1,0
2587216,90,1,1,0
332256,90,1,0,1
3187864,90,1,1,0
5723664,90,1,0,1
4104776,90,1,1,0
409240,90,1,0,1
1893568,90,1,1,0
1001904,90,1,1,0
7646192,90,1,0,1
7238680,90,1,1,0
3243080,90,1,0,1
7313416,90,1,1,0
1711152,90,1,1,0
2742888,90,1,0,1
211392,90,1,0,1
1620264,90,1,1,0
7090000,90,1,0,1
757720,90,1,0,1
7186120,90,1,0,1
1263424,90,1,0,1
6747080,90,1,1,0
1867512,90,1,0,1
490416,90,1,1,0
1093768,90,1,0,1
3434144,90,1,0,1
1609240,90,1,0,1
1590624,90,1,1,0
227856,90,1,1,0
3394264,90,1,1,0
1909832,90,1,1,0
7003584,90,1,0,1
2367088,90,1,1,0
3301472,90,1,1,0
900776,90,1,0,1
1035984,90,1,1,0
1404456,90,1,0,1
3139144,90,1,0,1
2257496,90,1,0,1
1259784,90,1,0,1
2671752,90,1,1,0
1101632,90,1,0,1
1840824,90,1,0,1
3843536,90,1,0,1
2354008,90,1,0,1
1960976,90,1,1,0
2487168,90,1,0,1
7580952,90,1,1,0
715032,90,1,0,1
533992,90,1,0,1
471920,90,1,1,0
5741816,90,1,0,1
380144,90,1,1,0
1049752,90,1,0,1
2288424,90,1,0,1
1978464,90,1,0,1
2460784,90,1,1,0
865112,90,1,0,1
410448,90,1,1,0
1723160,90,1,0,1
6977520,90,1,0,1
1832056,90,1,1,0
3547472,90,1,1,0
751864,90,1,0,1
6565648,90,1,0,1
4258696,90,1,1,0
2041184,90,1,0,1
1826696,90,1,1,0
4880984,90,1,1,0
7816224,90,1,0,1
4816232,90,1,0,1
4079752,90,1,1,0
3038232,90,1,1,0
5321288,90,1,1,0
5490840,90,1,0,1
316528,90,1,0,1
4922168,90,1,1,0
6514584,90,1,0,1
1533064,90,1,1,0
4307824,90,1,0,1
2887656,90,1,0,1
3894952,90,1,0,1
4002424,90,1,1,0
306936,90,1,1,0
7213016,90,1,1,0
4078424,90,1,0,1
334016,90,1,0,1
1138360,90,1,1,0
1904232,90,1,1,0
2087928,90,1,0,1
2446320,90,1,1,0
6355752,90,1,1,0
164000,90,1,0,1
707600,90,1,0,1
1931432,90,1,1,0
2006944,90,1,0,1
3237640,90,1,0,1
628352,90,1,1,0
418056,90,1,0,1
2332288,90,1,1,0
799232,90,1,1,0
227792,90,1,1,0
421168,90,1,0,1
722680,90,1,1,0
2864192,90,1,0,1
2949552,90,1,1,0
1231632,90,1,0,1
2537184,90,1,1,0
5541736,90,1,1,0
2282944,90,1,1,0
2020288,90,1,0,1
8332688,90,1,1,0
1537704,90,1,0,1
5876280,90,1,1,0
4456424,90,1,0,1
4279488,90,1,1,0
600048,90,1,1,0
3802144,90,1,0,1
602128,90,1,1,0
162280,90,1,1,0
4053960,90,1,0,1
4593232,90,1,1,0
810824,90,1,1,0
7569696,90,1,1,0
1165144,90,1,0,1
958944,90,1,1,0
605920,90,1,1,0
1029264,90,1,0,1
1486960,90,1,1,0
6323264,90,1,1,0
3117904,90,1,0,1
6135880,90,1,1,0
1820960,90,1,1,0
8001008,90,1,0,1
1621440,90,1,0,1
558560,90,1,1,0
2917568,90,1,1,0
2054504,90,1,1,0
6120560,90,1,1,0
5737600,90,1,1,0
1896944,90,1,0,1
715560,90,1,1,0
4855656,90,1,0,1
5880976,90,1,1,0
4086320,90,1,1,0
2415104,90,1,0,1
1295096,90,1,0,1
5214944,90,1,0,1
1222608,90,1,0,1
1583648,90,1,0,1
2547488,90,1,1,0
836752,90,1,1,0
5179648,90,1,1,0
5876248,90,1,0,1
3758424,90,1,0,1
1088264,90,1,1,0
5697976,90,1,1,0
3662296,90,1,0,1
3857272,90,1,1,0
3979200,90,1,0,1
6190512,90,1,1,0
346872,90,1,1,0
948896,90,1,1,0
691856,90,1,1,0
1782232,90,1,1,0
991144,90,1,0,1
3342240,90,1,1,0
3187640,90,1,0,1
1116968,90,1,1,0
129984,90,1,0,1
8299800,90,1,0,1
8146136,90,1,1,0
3699080,90,1,1,0
2448392,90,1,0,1
5029928,90,1,0,1
2967336,90,1,1,0
3511176,90,1,0,1
803128,90,1,0,1
4236192,90,1,0,1
691936,90,1,0,1
4484328,90,1,1,0
1263272,90,1,1,0
1830624,90,1,1,0
362560,90,1,1,0
4249608,90,1,0,1
594672,90,1,0,1
4259048,90,1,1,0
814984,90,1,0,1
3879592,90,1,0,1
493296,90,1,1,0
5980336,90,1,1,0
7736712,90,1,1,0
1408736,90,1,1,0
2235344,90,1,1,0
2650408,90,1,1,0
505928,90,1,0,1
580168,90,1,1,0
5229672,90,1,1,0
4903904,90,1,0,1
5994424,90,1,0,1
3647056,90,1,1,0
3105032,90,1,0,1
6084256,90,1,0,1
3330424,90,1,1,0
8376896,90,1,0,1
1140752,90,1,1,0
2171960,90,1,0,1
2994656,90,1,0,1
2674064,90,1,0,1
765248,90,1,1,0
180968,90,1,0,1
4476896,90,1,0,1
1871520,90,1,1,0
316600,90,1,1,0
7371584,90,1,0,1
938432,90,1,0,1
688368,90,1,0,1
1522088,90,1,0,1
1448048,90,1,0,1
2427080,90,1,0,1
1259968,90,1,0,1
5742136,90,1,0,1
879992,90,1,0,1
1250832,90,1,0,1
3086144,90,1,1,0
5146192,90,1,0,1
1103080,90,1,0,1
264256,90,1,1,0
3285640,90,1,1,0
2562096,90,1,1,0
1299592,90,1,0,1
1592304,90,1,1,0
1929528,90,1,0,1
351640,90,1,0,1
7874576,90,1,1,0
1758880,90,1,1,0
2260584,90,1,1,0
1367544,90,1,1,0
526712,90,1,1,0
515968,90,1,1,0
4250840,90,1,1,0
587280,90,1,1,0
2489736,90,1,1,0
420216,90,1,1,0
231944,90,1,0,1
580112,90,1,1,0
2768472,90,1,1,0
109104,90,1,0,1
4370688,90,1,0,1
1163272,90,1,1,0
4041568,90,1,1,0
415080,90,1,1,0
1178160,90,1,0,1
753632,90,1,1,0
372504,90,1,1,0
6618384,90,1,0,1
8278192,90,1,1,0
2401944,90,1,1,0
5279088,90,1,0,1
7018984,90,1,0,1
8253320,90,1,0,1
2072472,90,1,0,1
2542304,90,1,1,0
6162904,90,1,1,0
346400,90,1,0,1
1181200,90,1,1,0
361912,90,1,1,0
284872,90,1,1,0
7266064,90,1,1,0
759472,90,1,0,1
4664272,90,1,0,1
1618272,90,1,0,1
4642976,90,1,0,1
2077864,90,1,0,1
6939048,90,1,1,0
869960,90,1,0,1
1292488,90,1,0,1
3182848,90,1,1,0
6700376,90,1,1,0
1121432,90,1,0,1
3968400,90,1,1,0
3449976,90,1,1,0
5960496,90,1,1,0
1919968,90,1,1,0
2711264,90,1,1,0
3687656,90,1,0,1
949648,90,1,0,1
4327344,90,1,0,1
6728016,90,1,0,1
6403360,90,1,0,1
182848,90,1,0,1
518832,90,1,0,1
2755400,90,1,1,0
964448,90,1,0,1
2977112,90,1,1,0
6025896,90,1,1,0
4734712,90,1,0,1
1552752,90,1,0,1
978352,90,1,1,0
1986664,90,1,1,0
8062384,90,1,1,0
777432,90,1,0,1
895648,90,1,1,0
1400432,90,1,0,1
422992,90,1,0,1
974408,90,1,1,0
4604320,90,1,1,0
2540768,90,1,1,0
1496968,90,1,0,1
1069952,90,1,0,1
4554800,90,1,0,1
6449696,90,1,0,1
1966736,90,1,0,1
1752160,90,1,0,1
145296,90,1,0,1
3913728,90,1,1,0
888168,90,1,0,1
3054504,90,1,0,1
6924440,90,1,0,1
7942456,90,1,0,1
3101192,90,1,0,1
7556928,90,1,1,0
8224576,90,1,1,0
1118880,90,1,0,1
747176,90,1,0,1
3650120,90,1,1,0
2639728,90,1,0,1
608448,90,1,1,0
5558720,90,1,1,0
4459712,90,1,0,1
1690200,90,1,0,1
7286888,90,1,0,1
6958432,90,1,1,0
1494000,90,1,0,1
2218096,90,1,1,0
3611104,90,1,1,0
1625904,90,1,1,0
582464,90,1,1,0
1126688,90,1,1,0
2792112,90,1,1,0
5718440,90,1,0,1
1188504,90,1,0,1
1964696,90,1,0,1
6104888,90,1,0,1
1591664,90,1,1,0
5593416,90,1,0,1
450488,90,1,1,0
6466920,90,1,0,1
2967872,90,1,1,0
2158840,90,1,1,0
1646608,90,1,1,0
1058224,90,1,0,1
2585200,90,1,0,1
2079672,90,1,1,0
5990224,90,1,0,1
3288792,90,1,0,1
8003024,90,1,0,1
63424,90,1,1,0
4041232,90,1,1,0
1694304,90,1,0,1
2398472,90,1,0,1
3407800,90,1,1,0
2127792,90,1,1,0
3892920,90,1,1,0
360568,90,1,1,0
273248,90,1,0,1
1148032,90,1,1,0
5361112,90,1,1,0
745728,90,1,1,0
2136216,90,1,1,0
3005048,90,1,1,0
1404872,90,1,1,0
213624,90,1,1,0
1363808,90,1,1,0
1704048,90,1,1,0
4756336,90,1,1,0
455184,90,1,0,1
695208,90,1,0,1
585384,90,1,0,1
1689848,90,1,1,0
7475992,90,1,1,0
1753064,90,1,0,1
5494824,90,1,0,1
736592,90,1,0,1
1256864,90,1,0,1
1318296,90,1,0,1
3948744,90,1,0,1
3194832,90,1,1,0
835216,90,1,0,1
1134408,90,1,0,1
2365528,90,1,0,1
4101912,90,1,0,1
169400,90,1,1,0
1025000,90,1,1,0
2074960,90,1,0,1
5964208,90,1,0,1
3693288,90,1,1,0
4681136,90,1,1,0
3085352,90,1,0,1
3316992,90,1,0,1
186592,90,1,1,0
1462280,90,1,0,1
3779456,90,1,0,1
2644288,90,1,0,1
1099248,90,1,0,1
6488344,90,1,1,0
1816352,90,1,1,0
4394824,90,1,1,0
4451344,90,1,0,1
1407984,90,1,1,0
1794208,90,1,1,0
845488,90,1,0,1
1014120,90,1,1,0
3638176,90,1,0,1
1354480,90,1,1,0
2974864,90,1,0,1
7978920,90,1,0,1
3072104,90,1,0,1
1124200,90,1,1,0
5604776,90,1,1,0
631608,90,1,1,0
2861960,90,1,0,1
4933928,90,1,0,1
4695944,90,1,0,1
8010928,90,1,0,1
620552,90,1,0,1
713064,90,1,0,1
6513048,90,1,0,1
2299552,90,1,0,1
1782400,90,1,0,1
2284408,90,1,0,1
1182432,90,1,1,0
1102200,90,1,1,0
4970592,90,1,0,1
3649024,90,1,1,0
8383168,90,1,1,0
482952,90,1,1,0
506272,90,1,0,1
4948720,90,1,0,1
1588688,90,1,1,0
1527936,90,1,0,1
2140368,90,1,1,0
2176528,90,1,0,1
6678312,90,1,0,1
934080,90,1,0,1
2082952,90,1,1,0
1322288,90,1,0,1
2388528,90,1,1,0
5558736,90,1,0,1
3728304,90,1,1,0
333824,90,1,0,1
5465800,90,1,1,0
4563384,90,1,1,0
1150560,90,1,0,1
571144,90,1,0,1
2320832,90,1,0,1
1715808,90,1,0,1
2984856,90,1,1,0
1016136,90,1,0,1
2563096,90,1,0,1
295584,90,1,1,0
3322632,90,1,0,1
745696,90,1,1,0
6274624,90,1,1,0
3013400,90,1,0,1
1736000,90,1,1,0
866112,90,1,1,0
231296,90,1,1,0
356200,90,1,1,0
2599432,90,1,0,1
2583704,90,1,1,0
7224352,90,1,1,0
1434832,90,1,1,0
558536,90,1,1,0
948392,90,1,0,1
1023488,90,1,1,0
165880,90,1,1,0
1652944,90,1,0,1
5333504,90,1,1,0
775400,90,1,0,1
6590072,90,1,0,1
3718680,90,1,1,0
6231480,90,1,1,0
4913752,90,1,0,1
2050000,90,1,1,0
1205528,90,1,0,1
3208712,90,1,1,0
995528,90,1,1,0
4813944,90,1,1,0
1752784,90,1,1,0
151936,90,1,1,0
7499832,90,1,1,0
7152504,90,1,0,1
1718944,90,1,0,1
390568,90,1,1,0
2923480,90,1,0,1
3996048,90,1,1,0
1313752,90,1,0,1
2685192,90,1,0,1
76056,90,1,0,1
990280,90,1,1,0
132808,90,1,1,0
6553920,90,1,0,1
1395584,90,1,0,1
4093016,90,1,0,1
5618096,90,1,0,1
1612432,90,1,1,0
1568464,90,1,1,0
8225984,90,1,0,1
1143896,90,1,1,0
3308080,90,1,0,1
4346984,90,1,0,1
690288,90,1,1,0
6933832,90,1,1,0
805400,90,1,0,1
402496,90,1,1,0
3948680,90,1,0,1
7496744,90,1,0,1
4586128,90,1,1,0
4474216,90,1,0,1
173656,90,1,0,1
3071016,90,1,1,0
1275944,90,1,1,0
3103208,90,1,0,1
1412088,90,1,0,1
8041312,90,1,1,0
396664,90,1,0,1
3180384,90,1,0,1
2003680,90,1,1,0
313408,90,1,0,1
508048,90,1,0,1
489744,90,1,1,0
665152,90,1,1,0
505504,90,1,1,0
184840,90,1,0,1
7056744,90,1,1,0
3475680,90,1,1,0
2407576,90,1,1,0
6362008,90,1,0,1
3447960,90,1,0,1
4239352,90,1,1,0
3009888,90,1,1,0
4626976,90,1,0,1
2353032,90,1,1,0
161632,90,1,0,1
3384648,90,1,1,0
253800,90,1,1,0
1425496,90,1,1,0
3155160,90,1,0,1
3639728,90,1,0,1
8285736,90,1,0,1
2315488,90,1,0,1
118672,90,1,0,1
3150152,90,1,1,0
242424,90,1,1,0
381472,90,1,1,0
1336136,90,1,0,1
889368,90,1,1,0
2181512,90,1,0,1
1777920,90,1,0,1
4888736,90,1,0,1
4715456,90,1,0,1
1276296,90,1,1,0
1146464,90,1,1,0
3064720,90,1,1,0
1790704,90,1,0,1
457456,90,1,0,1
4256400,90,1,0,1
4257392,90,1,1,0
868304,90,1,1,0
4134712,90,1,0,1
900848,90,1,1,0
1399160,90,1,0,1
484816,90,1,1,0
3458824,90,1,0,1
4900600,90,1,0,1
4172464,90,1,1,0
4104112,90,1,1,0
404536,90,1,1,0
2448008,90,1,0,1
3426768,90,1,1,0
1450832,90,1,1,0
7563840,90,1,1,0
427128,90,1,1,0
4840080,90,1,1,0
4570392,90,1,1,0
3233968,90,1,0,1
365488,90,1,0,1
335552,90,1,0,1
2710296,90,1,1,0
4392544,90,1,1,0
4153088,90,1,0,1
592744,90,1,0,1
4104192,90,1,1,0
6350016,90,1,1,0
3761896,90,1,0,1
6771040,90,1,1,0
7651624,90,1,0,1
1696312,90,1,1,0
1272000,90,1,0,1
5415520,90,1,0,1
3468408,90,1,0,1
518952,90,1,0,1
981392,90,1,1,0
470400,90,1,0,1
3444184,90,1,0,1
1409328,90,1,0,1
5310968,90,1,1,0
871928,90,1,0,1
228624,90,1,1,0
2739784,90,1,1,0
7300400,90,1,1,0
928936,90,1,1,0
749984,90,1,1,0
5103336,90,1,0,1
1415760,90,1,0,1
1797568,90,1,0,1
4942568,90,1,1,0
4427096,90,1,1,0
186968,90,1,0,1
7310488,90,1,1,0
1356208,90,1,1,0
3546280,90,1,1,0
740416,90,1,1,0
2521648,90,1,0,1
855792,90,1,1,0
1465256,90,1,0,1
3469048,90,1,0,1
779736,90,1,1,0
6679424,90,1,1,0
340424,90,1,1,0
7853544,90,1,1,0
227440,90,1,0,1
6841120,90,1,1,0
3477672,90,1,1,0
869808,90,1,0,1
2336184,90,1,0,1
912080,90,1,0,1
6964920,90,1,0,1
4802016,90,1,1,0
2338512,90,1,1,0
779832,90,1,1,0
361600,90,1,1,0
4761216,90,1,0,1
234720,90,1,1,0
1393656,90,1,1,0
660592,90,1,1,0
6098888,90,1,1,0
643560,90,1,0,1
2917432,90,1,1,0
183960,90,1,0,1
8162016,90,1,1,0
5049992,90,1,0,1
3710904,90,1,0,1
1384392,90,1,1,0
1507280,90,1,1,0
1195368,90,1,0,1
1063136,90,1,1,0
1239792,90,1,0,1
1546400,90,1,1,0
917320,90,1,1,0
1630360,90,1,0,1
1507256,90,1,1,0
6313040,90,1,0,1
1928040,90,1,1,0
7049728,90,1,1,0
2623520,90,1,0,1
3440248,90,1,1,0
636280,90,1,1,0
695528,90,1,1,0
7437808,90,1,0,1
4448424,90,1,0,1
7653152,90,1,0,1
3605056,90,1,1,0
1537872,90,1,0,1
1654136,90,1,1,0
156664,90,1,0,1
7369096,90,1,1,0
1919104,90,1,1,0
574584,90,1,0,1
2260616,90,1,1,0
2515688,90,1,0,1
1329552,90,1,1,0
5091016,90,1,0,1
2076920,90,1,1,0
697128,90,1,1,0
1389312,90,1,1,0
1782480,90,1,1,0
437856,90,1,0,1
6305648,90,1,1,0
1494024,90,1,1,0
2331344,90,1,0,1
710000,90,1,1,0
3256240,90,1,0,1
1776144,90,1,0,1
2188080,90,1,0,1
164424,90,1,0,1
1798464,90,1,0,1
1409576,90,1,0,1
5028728,90,1,1,0
5691208,90,1,0,1
236120,90,1,0,1
7683640,90,1,1,0
1726568,90,1,1,0
362328,90,1,1,0
3470280,90,1,0,1
5177096,90,1,0,1
256904,90,1,1,0
2473264,90,1,1,0
7344712,90,1,0,1
3940712,90,1,0,1
3714968,90,1,1,0
1075664,90,1,0,1
5068040,90,1,1,0
2410728,90,1,0,1
561512,90,1,1,0
3207336,90,1,1,0
1192688,90,1,0,1
1884064,90,1,1,0
3854944,90,1,1,0
237184,90,1,0,1
5863408,90,1,1,0
5356256,90,1,1,0
1142560,90,1,0,1
3001616,90,1,1,0
429176,90,1,0,1
7863616,90,1,0,1
7194096,90,1,0,1
6638776,90,1,1,0
4113248,90,1,1,0
1630312,90,1,1,0
5656344,90,1,1,0
2006752,90,1,0,1
6278104,90,1,0,1
3752544,90,1,1,0
1905320,90,1,1,0
2652184,90,1,1,0
1774464,90,1,1,0
2983656,90,1,0,1
572456,90,1,1,0
2684808,90,1,0,1
739120,90,1,0,1
3039136,90,1,0,1
2980888,90,1,0,1
2785184,90,1,0,1
758360,90,1,1,0
3190656,90,1,1,0
1818440,90,1,1,0
4621824,90,1,0,1
1704808,90,1,0,1
3286920,90,1,1,0
4981504,90,1,1,0
1695408,90,1,0,1
7128064,90,1,1,0
637632,90,1,0,1
4585032,90,1,1,0
1097920,90,1,1,0
5097568,90,1,0,1
369120,90,1,0,1
1072464,90,1,0,1
502256,90,1,1,0
338416,90,1,1,0
2230624,90,1,0,1
3795912,90,1,1,0
1648184,91,1,0,1
532736,91,1,1,0
3877032,91,1,0,1
3166544,91,1,0,1
1454592,91,1,0,1
2671344,91,1,1,0
3826896,91,1,0,1
3039768,91,1,0,1
6782248,91,1,0,1
6495296,91,1,0,1
754304,91,1,1,0
1903544,91,1,0,1
960888,91,1,0,1
4818576,91,1,1,0
1384760,91,1,0,1
3833904,91,1,1,0
3635560,91,1,1,0
1397592,91,1,1,0
3150920,91,1,1,0
1234144,91,1,0,1
383768,91,1,0,1
803432,91,1,1,0
4615440,91,1,1,0
322264,91,1,1,0
1585976,91,1,0,1
2607920,91,1,1,0
2875536,91,1,0,1
1416424,91,1,0,1
3316904,91,1,1,0
3858416,91,1,0,1
6809112,91,1,0,1
141760,91,1,0,1
6820456,91,1,0,1
2193736,91,1,1,0
2919448,91,1,1,0
2234064,91,1,0,1
776848,91,1,0,1
3837288,91,1,1,0
1439896,91,1,1,0
8385512,91,1,1,0
2694608,91,1,1,0
2607568,91,1,1,0
4663024,91,1,0,1
738944,91,1,0,1
2232624,91,1,1,0
706768,91,1,1,0
3469720,91,1,0,1
821048,91,1,1,0
1406464,91,1,0,1
5013688,91,1,1,0
2955760,91,1,0,1
183176,91,1,0,1
487032,91,1,1,0
695096,91,1,1,0
299680,91,1,1,0
242608,91,1,1,0
763704,91,1,0,1
3814672,91,1,0,1
8189456,91,1,1,0
209392,91,1,0,1
1262624,91,1,0,1
2219248,91,1,1,0
821416,91,1,1,0
1747504,91,1,0,1
6467152,91,1,0,1
3207112,91,1,1,0
7858424,91,1,0,1
6884000,91,1,1,0
2558928,91,1,1,0
2412696,91,1,1,0
208920,91,1,0,1
6150144,91,1,1,0
1276584,91,1,0,1
6644736,91,1,1,0
160608,91,1,0,1
7258040,91,1,0,1
1788560,91,1,1,0
5319944,91,1,1,0
1501088,91,1,1,0
7695584,91,1,1,0
4622344,91,1,0,1
869840,91,1,1,0
4247688,91,1,1,0
1266160,91,1,1,0
78896,91,1,1,0
355936,91,1,0,1
3009560,91,1,0,1
2421344,91,1,0,1
4266712,91,1,1,0
126464,91,1,0,1
2106376,91,1,1,0
6773680,91,1,1,0
8222920,91,1,1,0
7415464,91,1,0,1
6717896,91,1,1,0
6620648,91,1,0,1
274848,91,1,1,0
1509184,91,1,0,1
1129504,91,1,1,0
364432,91,1,1,0
5151704,91,1,1,0
1062328,91,1,1,0
6646240,91,1,0,1
183672,91,1,0,1
1175416,91,1,1,0
1350296,91,1,1,0
2114752,91,1,1,0
6090144,91,1,1,0
122728,91,1,1,0
469448,91,1,0,1
780352,91,1,1,0
758432,91,1,0,1
6930776,91,1,1,0
1215328,91,1,1,0
5972104,91,1,1,0
5914664,91,1,0,1
3099336,91,1,0,1
5101568,91,1,1,0
8108536,91,1,0,1
1307848,91,1,0,1
827304,91,1,0,1
897248,91,1,1,0
1639552,91,1,0,1
3776448,91,1,0,1
2525976,91,1,0,1
4376360,91,1,0,1
1010904,91,1,1,0
2043008,91,1,1,0
330336,91,1,1,0
2603392,91,1,1,0
2374920,91,1,1,0
1430888,91,1,1,0
3470976,91,1,0,1
264744,91,1,1,0
6878544,91,1,1,0
637576,91,1,1,0
6493752,91,1,1,0
971440,91,1,0,1
8372976,91,1,0,1
3635128,91,1,0,1
617952,91,1,0,1
452656,91,1,0,1
602184,91,1,0,1
2695808,91,1,1,0
3544648,91,1,1,0
4217304,91,1,1,0
6386304,91,1,0,1
244960,91,1,0,1
1085608,91,1,1,0
2265384,91,1,0,1
1983328,91,1,0,1
760736,91,1,1,0
1439192,91,1,0,1
5530408,91,1,0,1
263016,91,1,1,0
809544,91,1,0,1
715312,91,1,1,0
5434216,91,1,0,1
1742496,91,1,0,1
1327480,91,1,1,0
1627856,91,1,0,1
958664,91,1,0,1
4861424,91,1,1,0
1236048,91,1,0,1
2052304,91,1,0,1
116544,91,1,1,0
6128880,91,1,0,1
1195232,91,1,1,0
1989376,91,1,0,1
1138504,91,1,0,1
2082352,91,1,0,1
2391240,91,1,0,1
160984,91,1,1,0
2504488,91,1,0,1
1103736,91,1,0,1
1588736,91,1,0,1
5078576,91,1,1,0
3039104,91,1,1,0
543648,91,1,1,0
4454064,91,1,0,1
641608,91,1,1,0
7476912,91,1,1,0
722936,91,1,1,0
2284048,91,1,0,1
2982008,91,1,1,0
428320,91,1,1,0
1702736,91,1,1,0
6877056,91,1,0,1
3295904,91,1,0,1
5954536,91,1,0,1
1771184,91,1,0,1
737168,91,1,1,0
6841384,91,1,1,0
7047664,91,1,0,1
1035536,91,1,0,1
2848960,91,1,1,0
5620752,91,1,1,0
1534688,91,1,0,1
3140024,91,1,0,1
6318632,91,1,1,0
720880,91,1,1,0
6268504,91,1,0,1
2067400,91,1,0,1
1127800,91,1,1,0
830488,91,1,0,1
2246472,91,1,1,0
2391352,91,1,0,1
5788776,91,1,1,0
1034136,91,1,0,1
2213704,91,1,0,1
1790936,91,1,1,0
2095536,91,1,1,0
1660696,91,1,0,1
5833280,91,1,1,0
570456,91,1,1,0
7350120,91,1,1,0
603184,91,1,1,0
5671144,91,1,0,1
1023648,91,1,0,1
5741720,91,1,0,1
5960784,91,1,0,1
5738640,91,1,0,1
6386472,91,1,1,0
1444168,91,1,0,1
251400,91,1,0,1
7975680,91,1,0,1
1637408,91,1,0,1
5504232,91,1,0,1
702520,91,1,0,1
5769880,91,1,1,0
1784688,91,1,0,1
3781280,91,1,1,0
7497752,91,1,0,1
7061504,91,1,0,1
1400416,91,1,0,1
7928744,91,1,1,0
6226424,91,1,0,1
2490544,91,1,0,1
986960,91,1,0,1
6644872,91,1,0,1
7605848,91,1,1,0
1576536,91,1,1,0
4901936,91,1,1,0
1174968,91,1,0,1
1033872,91,1,1,0
3045264,91,1,1,0
4842584,91,1,1,0
2618272,91,1,0,1
3378984,91,1,1,0
545360,91,1,1,0
7894208,91,1,1,0
2056880,91,1,1,0
1767136,91,1,1,0
5253688,91,1,1,0
717104,91,1,0,1
241656,91,1,1,0
555760,91,1,1,0
3103320,91,1,0,1
1603024,91,1,1,0
1742064,91,1,0,1
2999288,91,1,0,1
1974776,91,1,1,0
3668000,91,1,0,1
2916432,91,1,0,1
266344,91,1,0,1
1354496,91,1,1,0
3653648,91,1,0,1
219952,91,1,1,0
2370040,91,1,0,1
7987680,91,1,1,0
488232,91,1,0,1
8236256,91,1,1,0
1482776,91,1,1,0
2558208,91,1,0,1
4920304,91,1,1,0
3548448,91,1,1,0
3909464,91,1,0,1
8339576,91,1,0,1
2540480,91,1,0,1
1188472,91,1,0,1
944776,91,1,0,1
1187544,91,1,0,1
7740824,91,1,1,0
2890072,91,1,1,0
5933336,91,1,0,1
8169568,91,1,0,1
2277304,91,1,1,0
6856056,91,1,1,0
5330448,91,1,0,1
5908344,91,1,1,0
1038984,91,1,1,0
3598816,91,1,1,0
5330400,91,1,0,1
3425744,91,1,0,1
8228936,91,1,0,1
644184,91,1,0,1
1950336,91,1,1,0
4423320,91,1,1,0
730400,91,1,0,1
4755544,91,1,0,1
2283392,91,1,0,1
852288,91,1,1,0
386784,91,1,1,0
1142472,91,1,1,0
2525008,91,1,1,0
2270496,91,1,0,1
666456,91,1,1,0
4992408,91,1,0,1
3852240,91,1,1,0
1695040,91,1,1,0
3903888,91,1,0,1
801344,91,1,0,1
2991576,91,1,0,1
5598072,91,1,0,1
1233200,91,1,1,0
5804968,91,1,1,0
3785680,91,1,1,0
581112,91,1,0,1
7448208,91,1,0,1
1434672,91,1,0,1
6758872,91,1,1,0
4771192,91,1,0,1
708736,91,1,0,1
1808344,91,1,0,1
300128,91,1,1,0
437848,91,1,0,1
8285848,91,1,1,0
977112,91,1,1,0
812304,91,1,1,0
340848,91,1,1,0
4902048,91,1,1,0
3758048,91,1,1,0
841168,91,1,0,1
687624,91,1,1,0
1363712,91,1,0,1
2048896,91,1,1,0
863696,91,1,1,0
2186640,91,1,1,0
6666768,91,1,0,1
5123800,91,1,1,0
5720224,91,1,0,1
2984664,91,1,1,0
666800,91,1,1,0
5361872,91,1,0,1
1785176,91,1,1,0
5969112,91,1,0,1
467504,91,1,1,0
8305040,91,1,1,0
1950024,91,1,1,0
1066784,91,1,0,1
629256,91,1,1,0
1239848,91,1,1,0
2717152,91,1,1,0
1654328,91,1,1,0
937088,91,1,0,1
1515232,91,1,0,1
885688,91,1,0,1
146280,91,1,0,1
1442808,91,1,1,0
1156952,91,1,0,1
646344,91,1,1,0
3403456,91,1,0,1
387248,91,1,0,1
905584,91,1,1,0
3425208,91,1,0,1
1055464,91,1,1,0
1185960,91,1,1,0
715760,91,1,0,1
882152,91,1,1,0
6059336,91,1,0,1
3858664,91,1,0,1
6635528,91,1,0,1
175776,91,1,1,0
2859680,91,1,0,1
2310248,91,1,0,1
1114880,91,1,0,1
224600,91,1,1,0
3083288,91,1,1,0
1250968,91,1,1,0
3715936,91,1,0,1
413512,91,1,1,0
7139016,91,1,0,1
4604072,91,1,0,1
314920,91,1,1,0
6144464,91,1,0,1
7271536,91,1,1,0
3740096,91,1,1,0
2231832,91,1,0,1
2511952,91,1,1,0
5250160,91,1,1,0
1340952,91,1,0,1
4891712,91,1,0,1
2646704,91,1,0,1
3190736,91,1,1,0
8378624,91,1,1,0
694752,91,1,0,1
1411208,91,1,1,0
966544,91,1,0,1
4908320,91,1,0,1
3193552,91,1,1,0
6890544,91,1,0,1
958224,91,1,0,1
3703184,91,1,1,0
2254896,91,1,0,1
1567504,91,1,1,0
7998544,91,1,1,0
571264,91,1,0,1
737400,91,1,0,1
6837816,91,1,1,0
1587720,91,1,0,1
7155000,91,1,1,0
8183584,91,1,0,1
462136,91,1,1,0
5025432,91,1,1,0
631864,91,1,1,0
1400464,91,1,1,0
1928840,91,1,1,0
6326536,91,1,0,1
3434672,91,1,1,0
763080,91,1,1,0
2731264,91,1,0,1
978240,91,1,1,0
4005624,91,1,1,0
399888,91,1,1,0
963336,91,1,0,1
1248952,91,1,0,1
559512,91,1,1,0
6726376,91,1,0,1
1783856,91,1,1,0
4198256,91,1,0,1
1280760,91,1,1,0
4541184,91,1,0,1
1552200,91,1,0,1
6205352,91,1,1,0
385816,91,1,0,1
4534320,91,1,1,0
7865048,91,1,1,0
873840,91,1,1,0
2916488,91,1,0,1
1303096,91,1,1,0
3428208,91,1,0,1
559568,91,1,1,0
5417552,91,1,1,0
2629072,91,1,0,1
2000584,91,1,1,0
4228640,91,1,1,0
174776,91,1,0,1
6823904,91,1,0,1
4900656,91,1,0,1
2717120,91,1,0,1
1004728,91,1,1,0
1647992,91,1,0,1
539464,91,1,1,0
2736616,91,1,0,1
1968240,91,1,1,0
2563280,91,1,1,0
6861712,91,1,1,0
375952,91,1,0,1
4977552,91,1,1,0
503552,91,1,1,0
7398128,91,1,1,0
1339320,91,1,0,1
765352,91,1,1,0
549888,91,1,0,1
3304792,91,1,0,1
1907168,91,1,0,1
2169632,91,1,0,1
3155280,91,1,0,1
7325856,91,1,1,0
7419640,91,1,0,1
525624,91,1,1,0
1455560,91,1,1,0
523976,91,1,0,1
192664,91,1,0,1
5317472,91,1,1,0
2544640,91,1,0,1
2175544,91,1,0,1
6088560,91,1,1,0
2880304,91,1,1,0
181096,91,1,0,1
2125896,91,1,1,0
725888,91,1,0,1
985136,91,1,0,1
797592,91,1,1,0
7334040,91,1,0,1
4597024,91,1,1,0
2941672,91,1,1,0
1434440,91,1,0,1
7726728,91,1,0,1
1291432,91,1,1,0
3826976,91,1,0,1
3316880,91,1,0,1
421912,91,1,1,0
5140984,91,1,1,0
1018112,91,1,0,1
3228128,91,1,1,0
5826696,91,1,1,0
1082144,91,1,0,1
5791152,91,1,1,0
2640128,91,1,0,1
5740328,91,1,0,1
933264,91,1,0,1
2134328,91,1,1,0
2199224,91,1,1,0
711656,91,1,1,0
173520,91,1,1,0
3806096,91,1,1,0
1159944,91,1,1,0
1078224,91,1,1,0
3341552,91,1,0,1
562392,91,1,0,1
7042440,91,1,0,1
8129832,91,1,1,0
7864304,91,1,0,1
1886144,91,1,0,1
743496,91,1,0,1
5982104,91,1,1,0
4860888,91,1,1,0
3735120,91,1,0,1
5923192,91,1,1,0
6397152,91,1,0,1
7564464,91,1,0,1
2034304,91,1,0,1
237760,91,1,0,1
3979064,91,1,1,0
7955264,91,1,0,1
1791024,91,1,1,0
7024376,91,1,1,0
1587528,91,1,0,1
1596472,91,1,0,1
3749328,91,1,1,0
5676720,91,1,1,0
7232752,91,1,1,0
1367160,91,1,1,0
1927952,91,1,1,0
1424528,91,1,1,0
2734408,91,1,1,0
1677696,91,1,1,0
1362936,91,1,1,0
5773120,91,1,1,0
342064,91,1,0,1
2856296,91,1,0,1
200472,91,1,1,0
3024792,91,1,0,1
1180376,91,1,1,0
3634600,91,1,1,0
4421312,91,1,1,0
6679264,91,1,1,0
1812392,91,1,0,1
3913808,91,1,0,1
1387936,91,1,1,0
2567704,91,1,0,1
4873400,91,1,1,0
2512200,91,1,1,0
4297240,91,1,1,0
7079944,91,1,0,1
3942416,91,1,1,0
2800912,91,1,1,0
7784256,91,1,0,1
3299384,91,1,0,1
664152,91,1,1,0
1790120,91,1,1,0
1685592,91,1,0,1
4725232,91,1,1,0
733968,91,1,0,1
6374192,91,1,0,1
2344104,91,1,1,0
2625512,91,1,0,1
1406056,91,1,0,1
3528024,91,1,1,0
1817256,91,1,0,1
1273456,91,1,0,1
7323256,91,1,1,0
1278832,91,1,0,1
6557456,91,1,0,1
520704,91,1,1,0
6742008,91,1,1,0
770352,91,1,1,0
3410920,91,1,0,1
5193088,91,1,0,1
993928,91,1,0,1
1893392,91,1,0,1
264232,91,1,1,0
4590608,91,1,1,0
6652232,91,1,0,1
5127888,91,1,0,1
738416,91,1,1,0
1927352,91,1,1,0
199376,91,1,0,1
4527352,91,1,0,1
1598256,91,1,1,0
3684008,91,1,0,1
4039512,91,1,1,0
5831536,91,1,0,1
3056336,91,1,0,1
2580904,91,1,0,1
4939232,91,1,0,1
1378520,91,1,1,0
784336,91,1,0,1
5800008,91,1,0,1
6911320,91,1,1,0
5222856,91,1,1,0
1188096,91,1,0,1
4261352,91,1,1,0
1577488,91,1,1,0
6344320,91,1,0,1
3918760,91,1,0,1
3307144,91,1,0,1
6753336,91,1,0,1
5986336,91,1,0,1
296360,91,1,1,0
7361184,91,1,1,0
1119456,91,1,1,0
5051872,91,1,0,1
3798192,91,1,1,0
4592776,91,1,1,0
6809696,91,1,0,1
4513000,91,1,1,0
6202544,91,1,0,1
1774232,91,1,0,1
964408,91,1,0,1
3540704,91,1,0,1
4093408,91,1,1,0
2121504,91,1,1,0
2171744,91,1,1,0
4983008,91,1,1,0
1192856,91,1,1,0
2687712,91,1,1,0
3613808,91,1,0,1
378576,91,1,1,0
3629208,91,1,0,1
3772464,91,1,1,0
4417648,91,1,1,0
1615808,91,1,0,1
923640,91,1,0,1
574328,91,1,1,0
1011240,91,1,1,0
1866160,91,1,1,0
2327848,91,1,1,0
2987032,91,1,1,0
7849808,91,1,1,0
6441856,91,1,1,0
733984,91,1,1,0
6564320,91,1,1,0
8060984,91,1,0,1
7823104,91,1,1,0
3108544,91,1,0,1
181656,91,1,1,0
2855720,91,1,0,1
7457952,91,1,1,0
737648,91,1,0,1
5901504,91,1,0,1
3743864,91,1,1,0
7459416,91,1,1,0
5543776,91,1,0,1
1035688,91,1,0,1
163784,91,1,1,0
1047928,91,1,0,1
2039000,91,1,0,1
810264,91,1,0,1
426632,91,1,0,1
2442424,91,1,0,1
5019872,91,1,0,1
1402456,91,1,1,0
1132320,91,1,1,0
4101472,91,1,1,0
1359976,91,1,1,0
2691248,91,1,0,1
385184,91,1,1,0
217288,91,1,1,0
4105464,91,1,1,0
6558352,91,1,0,1
279320,91,1,0,1
5318624,91,1,1,0
420608,91,1,0,1
215448,91,1,1,0
1193560,91,1,1,0
1297808,91,1,0,1
1179832,91,1,0,1
4596288,91,1,0,1
667896,91,1,0,1
3885880,91,1,0,1
1561360,91,1,0,1
1273240,91,1,1,0
4792888,91,1,1,0
129104,91,1,0,1
5446088,91,1,1,0
874056,91,1,1,0
1556760,91,1,1,0
520056,91,1,0,1
1524176,91,1,0,1
5720744,91,1,1,0
859240,91,1,0,1
875024,91,1,1,0
1037856,91,1,0,1
1026624,91,1,1,0
5514424,91,1,0,1
6404400,91,1,1,0
4110320,91,1,0,1
1451928,91,1,1,0
198616,91,1,1,0
850376,91,1,0,1
2276312,91,1,1,0
463928,91,1,1,0
1215072,91,1,0,1
1086720,91,1,1,0
3916648,91,1,1,0
6996720,91,1,0,1
1494296,91,1,1,0
520216,91,1,1,0
2275168,91,1,0,1
1123616,91,1,0,1
7731936,91,1,0,1
5045336,91,1,0,1
534160,91,1,1,0
7789632,91,1,1,0
2407584,91,1,1,0
3508224,91,1,0,1
4198184,91,1,0,1
4838728,91,1,1,0
1545264,91,1,1,0
229072,91,1,1,0
2889144,91,1,0,1
3798136,91,1,1,0
161336,91,1,1,0
7802448,91,1,1,0
8092320,91,1,1,0
3569416,91,1,1,0
1756568,91,1,1,0
899440,91,1,1,0
1994992,91,1,0,1
8046432,91,1,1,0
1277568,91,1,0,1
8384304,91,1,1,0
2586760,91,1,1,0
643760,91,1,0,1
996176,91,1,1,0
8302880,91,1,0,1
4170672,91,1,1,0
1232216,91,1,1,0
1245656,91,1,1,0
2658344,91,1,0,1
752176,91,1,1,0
5705936,91,1,0,1
1598376,91,1,0,1
2508616,91,1,1,0
6374992,91,1,1,0
2306392,91,1,0,1
3025992,91,1,0,1
7149024,91,1,0,1
7580848,91,1,0,1
3686336,91,1,1,0
576192,91,1,1,0
1677992,91,1,0,1
253432,91,1,0,1
2104168,91,1,0,1
5855272,91,1,1,0
8367888,91,1,0,1
4205968,91,1,0,1
6127320,91,1,1,0
778056,91,1,1,0
3933984,91,1,1,0
832088,91,1,0,1
7278016,91,1,0,1
356896,91,1,1,0
3754000,91,1,0,1
6049504,91,1,1,0
731160,91,1,0,1
1277720,91,1,0,1
828376,91,1,1,0
3887128,91,1,1,0
4673776,91,1,1,0
5817520,91,1,1,0
6359280,91,1,1,0
2472728,91,1,1,0
1017656,91,1,1,0
2716704,91,1,1,0
8183688,91,1,0,1
209304,91,1,1,0
1765928,91,1,1,0
531288,91,1,0,1
6165264,91,1,1,0
1627416,91,1,1,0
2255800,91,1,1,0
1697304,91,1,0,1
2050224,91,1,0,1
533104,91,1,1,0
5776984,91,1,1,0
5632416,91,1,1,0
715224,91,1,0,1
1359744,91,1,1,0
1008768,91,1,1,0
6428256,91,1,1,0
3925608,91,1,1,0
336104,91,1,0,1
1708568,91,1,1,0
2702376,91,1,0,1
4594024,91,1,0,1
6510000,91,1,1,0
1508864,91,1,0,1
205344,91,1,0,1
3645632,91,1,1,0
2882848,91,1,0,1
5349136,91,1,0,1
3493248,91,1,0,1
3724944,91,1,1,0
1115096,91,1,0,1
2827032,91,1,1,0
1103840,91,1,0,1
5944776,91,1,0,1
4239160,91,1,1,0
1833840,91,1,0,1
4128696,91,1,1,0
259168,91,1,1,0
3748384,91,1,0,1
1870136,91,1,0,1
944560,91,1,1,0
5352424,91,1,1,0
7814064,91,1,1,0
89848,91,1,1,0
1960608,91,1,0,1
2791072,91,1,1,0
209800,91,1,0,1
380488,91,1,0,1
2226440,91,1,0,1
1506848,91,1,0,1
853064,91,1,1,0
1771120,91,1,0,1
3299280,91,1,1,0
8038432,91,1,1,0
1085736,91,1,0,1
7056728,91,1,0,1
138720,91,1,0,1
7058848,91,1,0,1
421600,91,1,0,1
3680280,91,1,0,1
2555128,91,1,0,1
7292904,91,1,1,0
4094856,91,1,0,1
2161736,91,1,0,1
6650568,91,1,0,1
1379864,91,1,1,0
1132528,91,1,0,1
1503800,91,1,0,1
358216,91,1,1,0
6485160,91,1,0,1
6688768,91,1,1,0
2261816,91,1,1,0
1873808,91,1,0,1
6651208,91,1,1,0
1528152,91,1,1,0
5639360,91,1,0,1
2169680,91,1,0,1
3065544,91,1,0,1
1319576,91,1,1,0
1718624,91,1,1,0
1452880,91,1,1,0
480696,91,1,1,0
808824,91,1,0,1
1133640,91,1,1,0
7068440,91,1,0,1
2150624,91,1,1,0
3990032,91,1,0,1
5745256,91,1,1,0
5316664,91,1,0,1
7836760,91,1,0,1
4354648,91,1,1,0
5353856,91,1,0,1
6707504,91,1,1,0
4639832,91,1,1,0
3816480,91,1,1,0
661216,91,1,1,0
1686304,91,1,0,1
3107512,91,1,0,1
2787832,91,1,1,0
444968,91,1,1,0
2668728,91,1,1,0
725576,91,1,1,0
181080,91,1,0,1
6862120,91,1,0,1
7502104,91,1,0,1
1717128,91,1,1,0
766672,91,1,0,1
687200,91,1,1,0
6789792,91,1,0,1
1446016,91,1,0,1
3086440,91,1,0,1
4851336,91,1,0,1
2593912,91,1,0,1
6298928,91,1,0,1
3357096,91,1,0,1
3618856,91,1,1,0
694368,91,1,1,0
2429736,91,1,0,1
3900488,91,1,1,0
519232,91,1,1,0
125536,91,1,1,0
600720,91,1,0,1
1113592,91,1,0,1
5149704,91,1,0,1
2208096,91,1,1,0
4275400,91,1,1,0
2532472,91,1,0,1
243888,91,1,1,0
2479000,91,1,1,0
1789648,91,1,0,1
795920,91,1,1,0
2122816,91,1,1,0
1937176,91,1,1,0
1788448,91,1,1,0
463216,91,1,0,1
1831888,91,1,0,1
3066408,91,1,0,1
633032,91,1,0,1
1361016,91,1,1,0
247904,91,1,1,0
587288,91,1,1,0
1102264,91,1,0,1
938344,91,1,1,0
623752,91,1,0,1
5760608,91,1,1,0
4361312,91,1,1,0
8229048,91,1,1,0
846424,91,1,1,0
3217824,91,1,0,1
6286792,91,1,0,1
956400,91,1,1,0
346360,91,1,1,0
1970352,91,1,0,1
1487984,91,1,0,1
2750440,91,1,1,0
910560,91,1,0,1
2318816,91,1,1,0
2339264,91,1,1,0
6328088,91,1,0,1
341648,91,1,1,0
777960,91,1,1,0
4517936,91,1,1,0
5491216,91,1,0,1
3245640,91,1,0,1
640392,91,1,0,1
3673704,91,1,1,0
4925544,91,1,0,1
232608,91,1,1,0
2596840,91,1,0,1
943944,91,1,1,0
579800,91,1,0,1
5395864,91,1,0,1
2929584,91,1,1,0
1904056,91,1,0,1
5846048,91,1,0,1
1443664,91,1,0,1
2581136,91,1,0,1
2381168,91,1,0,1
895264,91,1,1,0
2074632,91,1,0,1
267176,91,1,0,1
1456912,91,1,1,0
609616,91,1,1,0
605408,91,1,0,1
975864,91,1,0,1
6854920,91,1,0,1
2342232,91,1,0,1
3812824,91,1,0,1
3563752,91,1,1,0
1807360,91,1,1,0
7859544,91,1,1,0
2348488,91,1,0,1
5590944,91,1,0,1
5612488,91,1,0,1
746712,91,1,1,0
3695128,91,1,1,0
2312624,91,1,0,1
4181344,91,1,0,1
5653904,91,1,1,0
6799584,91,1,1,0
561448,91,1,1,0
1460672,91,1,0,1
228312,91,1,0,1
7120944,91,1,0,1
288048,91,1,1,0
3072472,91,1,0,1
3889424,91,1,1,0
3707160,91,1,1,0
485512,91,1,1,0
3934680,91,1,0,1
1234040,91,1,1,0
5276208,91,1,0,1
4124976,91,1,1,0
5353640,91,1,0,1
7386232,91,1,0,1
4187976,91,1,0,1
2624824,91,1,0,1
1022920,91,1,1,0
989344,91,1,1,0
4929912,91,1,1,0
7947696,91,1,0,1
7925456,91,1,1,0
1013184,91,1,0,1
2129904,91,1,1,0
3591288,91,1,1,0
4990984,91,1,0,1
4723992,91,1,0,1
3079640,91,1,1,0
6618488,91,1,0,1
531256,91,1,1,0
5670896,91,1,1,0
2242296,91,1,1,0
538824,91,1,1,0
4254432,91,1,1,0
2153672,91,1,1,0
594176,91,1,0,1
776320,91,1,1,0
466520,91,1,1,0
319208,91,1,0,1
671880,91,1,0,1
8232256,91,1,0,1
2287520,91,1,1,0
4081800,91,1,1,0
2781584,91,1,1,0
468112,91,1,1,0
2816096,91,1,1,0
1363456,91,1,0,1
207336,91,1,0,1
8082008,91,1,1,0
1239352,91,1,0,1
600816,91,1,0,1
7424544,91,1,1,0
335680,91,1,1,0
5090200,91,1,0,1
7034832,91,1,0,1
4590936,91,1,1,0
4458072,91,1,1,0
4273528,91,1,1,0
6611592,91,1,1,0
8346192,91,1,1,0
5117536,91,1,0,1
3961880,91,1,1,0
691864,91,1,1,0
2512480,91,1,1,0
6843760,91,1,1,0
237656,91,1,0,1
948576,91,1,0,1
2167400,91,1,1,0
7822096,91,1,0,1
8173888,91,1,0,1
2259728,91,1,1,0
867440,91,1,0,1
992320,91,1,1,0
4716320,91,1,1,0
409160,91,1,1,0
1897264,91,1,1,0
551544,91,1,1,0
5287576,91,1,1,0
5017752,91,1,0,1
3558752,91,1,1,0
1112176,91,1,1,0
933672,91,1,0,1
2125208,91,1,1,0
2031440,91,1,0,1
710872,91,1,0,1
1779064,91,1,0,1
7530824,91,1,1,0
5569520,91,1,1,0
7485000,91,1,0,1
1500760,91,1,1,0
671592,91,1,1,0
3422952,91,1,1,0
3686696,91,1,1,0
4541536,91,1,0,1
1565544,91,1,0,1
1470968,91,1,0,1
4394136,91,1,0,1
4619128,91,1,0,1
842304,91,1,1,0
2915016,91,1,0,1
5977624,91,1,0,1
5305784,91,1,0,1
218616,91,1,1,0
1544816,91,1,0,1
1672224,91,1,1,0
7503968,91,1,1,0
6307952,91,1,0,1
1726008,91,1,1,0
335928,91,1,0,1
4782648,91,1,1,0
8066600,91,1,0,1
1522216,91,1,1,0
1817600,91,1,0,1
8204360,91,1,0,1
1972728,91,1,0,1
2746720,91,1,0,1
359736,91,1,0,1
2928288,91,1,1,0
1440176,91,1,0,1
1255488,91,1,0,1
5031800,91,1,0,1
7303632,91,1,1,0
1973416,91,1,0,1
4170472,91,1,0,1
833040,91,1,1,0
1385744,91,1,1,0
2510232,91,1,0,1
6878160,91,1,1,0
5285224,91,1,1,0
2466824,91,1,1,0
1502912,91,1,0,1
1217416,91,1,0,1
4729328,91,1,1,0
2489128,91,1,0,1
2757440,91,1,1,0
5714472,91,1,1,0
4839760,91,1,0,1
1963048,91,1,0,1
888312,91,1,0,1
2129088,91,1,0,1
4563704,91,1,0,1
1633048,91,1,1,0
2055576,91,1,0,1
7216240,91,1,1,0
405200,91,1,0,1
1853104,91,1,1,0
2038616,91,1,1,0
3556712,91,1,0,1
2981392,91,1,1,0
2082504,91,1,1,0
1586872,91,1,1,0
3764664,91,1,1,0
1166584,91,1,0,1
1178152,91,1,1,0
3054576,91,1,0,1
2346392,91,1,1,0
2810056,91,1,0,1
190856,91,1,0,1
1717896,91,1,0,1
4608288,91,1,0,1
1668480,91,1,0,1
5194104,91,1,0,1
8387720,91,1,1,0
1016408,91,1,0,1
745920,91,1,1,0
1497976,91,1,0,1
5900832,91,1,1,0
599560,91,1,1,0
2825248,91,1,1,0
887960,91,1,1,0
924928,91,1,1,0
4549048,91,1,0,1
4004536,91,1,1,0
3750368,91,1,1,0
2982368,91,1,1,0
2129296,91,1,0,1
309672,91,1,0,1
629480,91,1,1,0
5086840,91,1,1,0
1512104,91,1,0,1
3021016,91,1,1,0
2862144,91,1,0,1
3032144,91,1,1,0
6283016,91,1,0,1
5014840,91,1,1,0
1556328,91,1,0,1
6824680,91,1,0,1
4893768,91,1,1,0
2039472,91,1,1,0
7866344,91,1,0,1
6706808,91,1,0,1
4389392,91,1,0,1
835872,91,1,1,0
7784656,91,1,1,0
6874104,91,1,0,1
2102640,91,1,0,1
4820616,91,1,0,1
7266520,91,1,0,1
2991488,91,1,0,1
645192,91,1,1,0
3779248,91,1,0,1
5517088,91,1,1,0
1380840,91,1,1,0
1484344,91,1,0,1
5271504,91,1,1,0
599600,91,1,0,1
372272,91,1,0,1
831048,91,1,1,0
463872,91,1,1,0
283528,91,1,0,1
569328,91,1,0,1
541736,91,1,0,1
1199320,91,1,1,0
5971480,91,1,1,0
5074544,91,1,0,1
1190768,91,1,1,0
5975504,91,1,1,0
1004960,91,1,1,0
901664,91,1,0,1
4085616,91,1,0,1
5636040,91,1,0,1
749368,91,1,1,0
2703768,91,1,1,0
6125456,91,1,1,0
2823184,91,1,0,1
4034160,91,1,1,0
7194344,91,1,1,0
103952,91,1,1,0
487568,91,1,1,0
1266992,91,1,0,1
2228344,91,1,0,1
4713248,91,1,1,0
7795008,91,1,1,0
2383688,91,1,0,1
3241216,91,1,0,1
844368,91,1,0,1
5574456,91,1,0,1
4983824,91,1,0,1
4722664,91,1,0,1
2337016,91,1,0,1
5035728,91,1,0,1
1768368,91,1,1,0
6346072,91,1,0,1
7190944,91,1,0,1
397080,91,1,0,1
2492856,91,1,0,1
7853408,91,1,0,1
1928488,91,1,0,1
5679904,91,1,0,1
6121544,91,1,0,1
4521272,91,1,0,1
4864520,91,1,1,0
1655456,91,1,1,0
2985808,91,1,1,0
429776,91,1,1,0
1821680,91,1,1,0
137752,91,1,0,1
8291736,91,1,1,0
7673488,91,1,1,0
3886352,91,1,0,1
1432480,91,1,0,1
3711432,91,1,1,0
469872,91,1,1,0
2010912,91,1,1,0
6658920,91,1,1,0
782760,91,1,0,1
7977760,91,1,0,1
564072,91,1,1,0
4548360,91,1,0,1
3599776,91,1,0,1
1182464,91,1,0,1
4483376,91,1,1,0
3250424,91,1,1,0
2177496,91,1,0,1
837624,91,1,0,1
322552,91,1,1,0
5687416,91,1,1,0
4264032,91,1,1,0
734360,91,1,1,0
905976,91,1,1,0
827992,91,1,1,0
755816,91,1,0,1
6597744,91,1,1,0
3427512,91,1,1,0
363040,91,1,1,0
526592,91,1,0,1
1490320,91,1,0,1
3088800,91,1,0,1
4741568,91,1,0,1
2088544,91,1,1,0
783688,91,1,0,1
388760,91,1,0,1
1705560,91,1,0,1
5266064,91,1,1,0
1165512,91,1,1,0
417456,91,1,0,1
5225976,91,1,0,1
7566888,91,1,0,1
390944,91,1,0,1
8220640,91,1,1,0
8097880,91,1,0,1
461808,91,1,0,1
2495552,91,1,1,0
4638184,91,1,0,1
4526416,91,1,1,0
2102200,91,1,0,1
2469520,91,1,1,0
975360,91,1,0,1
5071184,91,1,1,0
1727576,91,1,1,0
5867184,91,1,1,0
4943872,91,1,0,1
2489720,91,1,1,0
1561120,91,1,0,1
2599320,91,1,1,0
77008,91,1,1,0
5888960,91,1,0,1
6698152,91,1,0,1
5965120,91,1,1,0
914760,91,1,0,1
5549536,91,1,1,0
1049056,91,1,1,0
1170512,91,1,1,0
7205752,91,1,1,0
5361944,91,1,1,0
3924712,91,1,1,0
1805128,91,1,0,1
1929464,91,1,0,1
1212568,91,1,1,0
3062616,91,1,0,1
912760,91,1,1,0
5562512,91,1,0,1
1753584,91,1,0,1
3025776,91,1,1,0
6867624,91,1,1,0
807048,91,1,0,1
1652776,91,1,1,0
3660232,91,1,0,1
7294448,91,1,1,0
1299000,91,1,0,1
699104,91,1,1,0
2960800,91,1,0,1
6176264,91,1,1,0
1649952,91,1,0,1
368840,91,1,1,0
1942400,91,1,1,0
1407056,91,1,1,0
1366144,91,1,0,1
2048416,91,1,0,1
3383472,91,1,0,1
1801712,91,1,1,0
7268424,91,1,1,0
1957264,91,1,0,1
1306984,91,1,0,1
5813504,91,1,1,0
5639544,91,1,0,1
2257344,91,1,1,0
361312,91,1,1,0
2726384,91,1,1,0
3339968,91,1,1,0
5121968,91,1,0,1
301168,91,1,0,1
3489872,91,1,1,0
7495888,91,1,0,1
1262160,91,1,1,0
5220904,91,1,0,1
2876704,91,1,0,1
1248776,91,1,0,1
1743984,91,1,0,1
610776,91,1,0,1
7373672,91,1,1,0
521352,91,1,1,0
2921440,91,1,1,0
2187592,91,1,0,1
1708768,91,1,0,1
914536,91,1,1,0
4487160,91,1,0,1
3943376,91,1,1,0
3543792,91,1,1,0
246784,91,1,0,1
6426344,91,1,0,1
213584,91,1,1,0
771608,91,1,1,0
284192,91,1,0,1
1607672,91,1,0,1
7282472,91,1,0,1
2133456,91,1,0,1
1315640,91,1,0,1
715800,91,1,1,0
3666528,91,1,0,1
1132288,91,1,0,1
235280,91,1,1,0
1242024,91,1,0,1
3014456,91,1,0,1
2516752,91,1,1,0
3941568,91,1,1,0
3539920,91,1,1,0
821904,91,1,0,1
151776,91,1,1,0
2614160,91,1,0,1
2860872,91,1,1,0
474912,91,1,1,0
3817520,91,1,0,1
7304576,91,1,0,1
6304896,91,1,1,0
5944760,91,1,1,0
981384,91,1,1,0
4067176,91,1,1,0
2201024,91,1,0,1
5192432,91,1,0,1
2070712,91,1,1,0
1784160,91,1,1,0
5824176,91,1,1,0
1793088,91,1,0,1
575400,91,1,1,0
1875272,91,1,1,0
6997816,91,1,0,1
3611920,91,1,0,1
3845064,91,1,0,1
4607040,91,1,1,0
469616,91,1,0,1
7155448,91,1,1,0
898072,91,1,0,1
3683040,91,1,0,1
3081568,91,1,1,0
4796000,91,1,0,1
7124264,91,1,0,1
5465392,91,1,1,0
273128,91,1,1,0
5074384,91,1,1,0
316904,91,1,1,0
495888,91,1,1,0
949704,91,1,0,1
784496,91,1,0,1
642600,91,1,0,1
779552,91,1,1,0
1077776,91,1,1,0
446864,91,1,0,1
1820856,91,1,0,1
4004496,91,1,1,0
5777904,91,1,1,0
6824072,91,1,0,1
583128,91,1,0,1
2110808,91,1,0,1
1660128,91,1,1,0
1401360,91,1,1,0
3346288,91,1,1,0
2050456,91,1,1,0
7261280,91,1,1,0
1917720,91,1,1,0
226056,91,1,1,0
916784,91,1,1,0
359768,91,1,0,1
6991864,91,1,0,1
2958688,91,1,0,1
2904512,91,1,1,0
2843928,91,1,0,1
2866592,91,1,1,0
5096576,91,1,0,1
1379016,91,1,1,0
5230016,91,1,0,1
1217112,91,1,0,1
3087896,91,1,0,1
6445936,91,1,1,0
186144,91,1,1,0
7505912,91,1,1,0
4576944,91,1,1,0
6872488,91,1,0,1
1966416,91,1,0,1
2811760,91,1,1,0
1609952,91,1,1,0
2008912,91,1,1,0
1478944,91,1,0,1
135944,91,1,0,1
5335552,91,1,0,1
6091392,91,1,1,0
1274488,91,1,1,0
1542472,91,1,1,0
835608,91,1,1,0
7842816,91,1,0,1
498776,91,1,0,1
619872,91,1,0,1
1956720,91,1,0,1
3007584,91,1,1,0
147904,91,1,1,0
1371240,91,1,1,0
515784,91,1,1,0
3579632,91,1,0,1
4695616,91,1,1,0
1318608,91,1,0,1
8218728,91,1,0,1
4887536,91,1,0,1
3574376,91,1,1,0
3167088,91,1,0,1
4093672,91,1,1,0
1133920,91,1,1,0
1603216,91,1,0,1
527368,91,1,1,0
2391040,91,1,0,1
6074560,91,1,0,1
2440080,91,1,0,1
2047688,91,1,0,1
629880,91,1,0,1
4887256,91,1,1,0
6875160,91,1,0,1
176984,91,1,1,0
1067512,91,1,1,0
3634200,91,1,0,1
1122968,91,1,0,1
717176,91,1,0,1
2581688,91,1,0,1
743920,91,1,1,0
230120,91,1,0,1
7552920,91,1,0,1
5019496,91,1,1,0
4373872,91,1,0,1
1113960,91,1,0,1
4889208,91,1,0,1
6358360,91,1,1,0
1671560,91,1,1,0
2042992,91,1,1,0
2198800,91,1,0,1
3373776,91,1,0,1
744592,91,1,1,0
591312,91,1,1,0
586400,91,1,0,1
2352824,91,1,1,0
6523312,91,1,1,0
811960,91,1,1,0
3884704,91,1,1,0
3230208,91,1,1,0
3330032,91,1,0,1
2453248,91,1,0,1
5935664,91,1,1,0
6060760,91,1,1,0
7394536,91,1,1,0
3919840,91,1,0,1
204168,91,1,1,0
1007224,91,1,0,1
4670104,91,1,0,1
3243256,91,1,1,0
1826784,91,1,0,1
3048104,91,1,1,0
802128,91,1,1,0
2141008,91,1,1,0
2675272,91,1,1,0
6906288,91,1,1,0
2371096,91,1,1,0
4536248,91,1,1,0
1758680,91,1,0,1
4124400,91,1,0,1
3835352,91,1,1,0
1903280,91,1,0,1
1242160,91,1,1,0
4157680,91,1,0,1
5267392,91,1,0,1
2203048,91,1,1,0
6770616,91,1,1,0
2325496,91,1,1,0
6698384,91,1,0,1
8014536,91,1,0,1
6923616,91,1,1,0
511312,91,1,1,0
1746104,91,1,1,0
5888320,91,1,1,0
1391712,91,1,0,1
4930048,91,1,0,1
3560392,91,1,1,0
5347632,91,1,0,1
7044072,91,1,1,0
1825088,91,1,1,0
4279744,91,1,1,0
1367256,91,1,1,0
3682168,91,1,0,1
1558760,91,1,0,1
720688,91,1,1,0
7993120,91,1,0,1
1428792,91,1,1,0
727800,91,1,0,1
4867712,91,1,0,1
233992,91,1,1,0
307056,91,1,0,1
339600,91,1,0,1
1187824,91,1,0,1
6088696,91,1,0,1
544968,91,1,0,1
906504,91,1,0,1
639152,91,1,0,1
2724392,91,1,1,0
6046016,91,1,1,0
702920,91,1,0,1
5497568,91,1,0,1
269464,91,1,0,1
2116520,91,1,1,0
2183328,91,1,1,0
1737096,91,1,0,1
3776272,91,1,0,1
1014368,91,1,1,0
1713680,91,1,1,0
3430352,91,1,1,0
1340344,91,1,0,1
488184,91,1,0,1
3403640,91,1,0,1
6830064,91,1,1,0
3226552,91,1,1,0
5049816,91,1,0,1
2010736,91,1,1,0
2474280,91,1,0,1
421376,91,1,0,1
6210928,91,1,1,0
5945064,91,1,0,1
4785976,91,1,0,1
2665104,91,1,1,0
2914840,91,1,1,0
2758720,91,1,1,0
4900208,91,1,1,0
613032,91,1,1,0
691776,91,1,1,0
4862704,91,1,0,1
7917480,91,1,1,0
5966576,91,1,0,1
375720,91,1,0,1
1193200,91,1,0,1
2322232,91,1,0,1
129160,91,1,0,1
6252528,91,1,0,1
2050760,91,1,1,0
7222608,91,1,0,1
6243976,91,1,0,1
5583448,91,1,1,0
3265160,91,1,1,0
1102440,91,1,0,1
5560632,91,1,0,1
4686272,91,1,0,1
643728,91,1,0,1
2218568,91,1,1,0
1208072,91,1,0,1
811112,91,1,1,0
7988784,91,1,0,1
3726976,91,1,1,0
1157136,91,1,1,0
3111832,91,1,0,1
91688,91,1,0,1
4905920,91,1,0,1
2556360,91,1,1,0
2241128,91,1,1,0
7266000,91,1,1,0
286416,91,1,0,1
1685784,91,1,1,0
974336,91,1,0,1
204128,91,1,0,1
334088,91,1,1,0
1290432,91,1,1,0
5421504,91,1,0,1
893528,91,1,0,1
5131624,91,1,1,0
6227208,91,1,0,1
2741400,91,1,0,1
3492944,91,1,1,0
4066152,91,1,0,1
5232968,91,1,1,0
2286904,91,1,1,0
3389032,91,1,1,0
73480,91,1,0,1
5324432,91,1,0,1
4983688,91,1,1,0
2629464,91,1,0,1
7794424,91,1,0,1
5477928,91,1,1,0
6356040,91,1,1,0
1356824,91,1,0,1
4427384,91,1,1,0
1145960,91,1,1,0
1068944,91,1,1,0
7189544,91,1,0,1
7936728,91,1,1,0
999728,91,1,1,0
4341600,91,1,0,1
827888,91,1,0,1
1347992,91,1,0,1
3351720,91,1,0,1
2688944,91,1,0,1
2003944,91,1,0,1
3777904,91,1,0,1
5669840,91,1,1,0
1309736,91,1,0,1
349240,91,1,1,0
482152,91,1,0,1
717640,91,1,1,0
1742040,91,1,1,0
3584608,91,1,0,1
7168624,91,1,0,1
2981744,91,1,1,0
7504936,91,1,1,0
559160,91,1,0,1
6220056,91,1,0,1
3452464,91,1,0,1
1115032,91,1,1,0
2116920,91,1,0,1
3162224,91,1,1,0
296928,91,1,0,1
1101080,91,1,1,0
1938392,91,1,0,1
418328,91,1,0,1
6639536,91,1,1,0
504744,91,1,0,1
907040,91,1,1,0
423128,91,1,0,1
2720584,91,1,1,0
2466288,91,1,1,0
1227744,91,1,0,1
211784,91,1,1,0
554656,91,1,1,0
7035872,91,1,0,1
3736696,91,1,1,0
600272,91,1,0,1
1851928,91,1,0,1
4494000,91,1,1,0
1154936,91,1,0,1
277376,91,1,1,0
5437064,91,1,1,0
2933384,91,1,0,1
351392,91,1,1,0
6894992,91,1,0,1
151640,91,1,0,1
1072656,91,1,1,0
5314280,91,1,1,0
1714584,91,1,0,1
1311152,91,1,0,1
2550256,91,1,1,0
1087776,91,1,0,1
2006632,91,1,1,0
3765168,91,1,0,1
1919048,91,1,0,1
1525256,91,1,1,0
574552,91,1,1,0
316448,91,1,0,1
7343384,91,1,0,1
434696,91,1,0,1
6783272,91,1,1,0
113232,91,1,1,0
3976904,91,1,1,0
325104,91,1,0,1
331424,91,1,0,1
8344320,91,1,0,1
414744,91,1,1,0
6788272,91,1,0,1
6502912,91,1,0,1
953160,91,1,1,0
6645200,91,1,1,0
2292424,91,1,1,0
4907528,91,1,1,0
7690968,91,1,1,0
4082080,91,1,0,1
4939512,91,1,1,0
313336,91,1,1,0
1723824,91,1,1,0
660720,91,1,1,0
478304,91,1,1,0
1918328,91,1,1,0
6118400,91,1,1,0
3050032,91,1,0,1
1759928,91,1,1,0
961400,91,1,1,0
6265216,91,1,1,0
369656,91,1,0,1
640864,91,1,1,0
316464,91,1,1,0
601016,91,1,1,0
600928,91,1,0,1
1857160,91,1,1,0
4109216,91,1,1,0
3098888,91,1,0,1
656472,91,1,1,0
3516760,91,1,1,0
6686456,91,1,0,1
2503720,91,1,1,0
3900520,91,1,0,1
600864,91,1,1,0
7591248,91,1,1,0
657072,91,1,0,1
6536352,91,1,1,0
2495736,91,1,0,1
7435216,91,1,0,1
785840,91,1,0,1
2542512,91,1,0,1
6801936,91,1,1,0
819808,91,1,1,0
2217624,91,1,1,0
4280376,91,1,0,1
711616,91,1,0,1
1140592,91,1,1,0
4142768,91,1,0,1
304200,91,1,0,1
2167216,91,1,1,0
5886840,91,1,0,1
681216,91,1,1,0
4552584,91,1,0,1
1479776,91,1,0,1
5726992,91,1,1,0
1817664,91,1,0,1
3139408,91,1,1,0
1065664,91,1,1,0
1245960,91,1,1,0
3550120,91,1,1,0
137368,91,1,1,0
247680,91,1,0,1
4108568,91,1,1,0
1831616,91,1,0,1
5871568,91,1,1,0
806976,91,1,0,1
2035288,91,1,0,1
4050056,91,1,1,0
4680208,91,1,1,0
3827320,91,1,1,0
4202912,91,1,0,1
2434416,91,1,1,0
3167000,91,1,0,1
5546840,91,1,0,1
4717688,91,1,1,0
4675352,91,1,1,0
6538816,91,1,1,0
1441856,91,1,0,1
206800,91,1,1,0
2251560,91,1,1,0
5171240,91,1,1,0
6688096,91,1,1,0
8118136,91,1,0,1
2254456,91,1,0,1
501752,91,1,0,1
3526072,91,1,1,0
3015016,91,1,0,1
7891184,91,1,0,1
6143384,91,1,1,0
3687104,91,1,0,1
582472,91,1,1,0
1295144,91,1,1,0
5500992,91,1,1,0
2690904,91,1,1,0
5144008,91,1,0,1
7618976,91,1,0,1
2373608,91,1,0,1
605432,91,1,1,0
238704,91,1,1,0
2797016,91,1,0,1
1786144,91,1,1,0
2447456,91,1,0,1
1361728,91,1,0,1
8263520,91,1,1,0
963024,91,1,1,0
2767096,91,1,1,0
2157840,91,1,1,0
2204824,91,1,1,0
675280,91,1,0,1
5932800,91,1,0,1
2073640,91,1,0,1
4277096,91,1,1,0
1233680,91,1,0,1
2222560,91,1,1,0
618664,91,1,1,0
919328,91,1,0,1
1414648,91,1,0,1
594656,91,1,0,1
184056,91,1,0,1
405424,91,1,1,0
3063792,91,1,1,0
673520,91,1,1,0
5855240,91,1,1,0
1677880,91,1,1,0
2369880,91,1,1,0
425504,91,1,1,0
1561216,91,1,0,1
6712360,91,1,0,1
7820752,91,1,1,0
978208,91,1,0,1
1547024,91,1,1,0
4772312,91,1,0,1
3639600,91,1,0,1
313392,91,1,0,1
5039784,91,1,1,0
2470160,91,1,0,1
3552760,91,1,0,1
4886168,91,1,0,1
1684744,91,1,0,1
4813200,91,1,1,0
6574320,91,1,0,1
3374848,91,1,1,0
1260096,91,1,0,1
3261576,91,1,0,1
4018576,91,1,0,1
776696,91,1,1,0
4059320,91,1,0,1
1805816,91,1,1,0
999752,91,1,0,1
6873200,91,1,1,0
1736384,91,1,0,1
4082920,91,1,0,1
3960048,91,1,0,1
3687464,91,1,0,1
367296,91,1,0,1
1290848,91,1,1,0
5153168,91,1,1,0
2897448,91,1,1,0
4787608,91,1,0,1
4457320,91,1,1,0
598472,91,1,0,1
153992,91,1,0,1
5935264,91,1,0,1
4735648,91,1,0,1
4794704,91,1,1,0
3742360,91,1,1,0
2126320,91,1,0,1
7237248,91,1,1,0
3069744,91,1,0,1
233128,91,1,0,1
2345520,91,1,1,0
1059352,91,1,1,0
732192,91,1,0,1
1711904,91,1,1,0
3599960,91,1,0,1
5210200,91,1,0,1
2832072,91,1,0,1
928448,91,1,1,0
831088,91,1,0,1
506240,91,1,0,1
485536,92,1,1,0
3696072,92,1,1,0
1774504,92,1,0,1
1247272,92,1,0,1
1885040,92,1,0,1
6009472,92,1,0,1
1588184,92,1,0,1
5095408,92,1,1,0
3190400,92,1,1,0
3425360,92,1,1,0
1812088,92,1,1,0
7296368,92,1,1,0
3289400,92,1,0,1
6186648,92,1,1,0
5170888,92,1,0,1
5901768,92,1,1,0
6474568,92,1,0,1
2178960,92,1,1,0
828872,92,1,1,0
759768,92,1,0,1
6067040,92,1,0,1
593376,92,1,1,0
3149192,92,1,0,1
4704904,92,1,1,0
3060768,92,1,0,1
352560,92,1,0,1
389344,92,1,1,0
2166480,92,1,0,1
1435680,92,1,1,0
2203752,92,1,0,1
215960,92,1,1,0
995424,92,1,1,0
7863928,92,1,1,0
948728,92,1,0,1
3836128,92,1,1,0
1467200,92,1,0,1
3857392,92,1,1,0
673152,92,1,1,0
1438256,92,1,1,0
1666912,92,1,1,0
1639064,92,1,1,0
6512552,92,1,0,1
936400,92,1,0,1
1267792,92,1,0,1
1548344,92,1,1,0
4883008,92,1,1,0
250288,92,1,0,1
2597992,92,1,0,1
1045344,92,1,1,0
576936,92,1,0,1
8292696,92,1,0,1
1058344,92,1,0,1
341912,92,1,0,1
5370712,92,1,0,1
2378808,92,1,1,0
3292024,92,1,0,1
2958784,92,1,0,1
6589968,92,1,0,1
6503552,92,1,0,1
936536,92,1,0,1
1626968,92,1,1,0
378488,92,1,0,1
2551896,92,1,1,0
255224,92,1,1,0
2958248,92,1,0,1
3849216,92,1,0,1
3961504,92,1,1,0
961744,92,1,0,1
414336,92,1,1,0
1851944,92,1,1,0
1045224,92,1,0,1
1679120,92,1,0,1
433320,92,1,1,0
4533552,92,1,0,1
361888,92,1,1,0
792520,92,1,1,0
385480,92,1,0,1
7093608,92,1,0,1
5509824,92,1,0,1
1272624,92,1,0,1
1176352,92,1,0,1
2004376,92,1,1,0
2351152,92,1,0,1
137888,92,1,0,1
4002464,92,1,0,1
1855488,92,1,0,1
6020440,92,1,1,0
4362360,92,1,0,1
7408816,92,1,1,0
2586728,92,1,0,1
3445008,92,1,1,0
1347240,92,1,0,1
806688,92,1,0,1
2148232,92,1,0,1
3017504,92,1,0,1
563944,92,1,1,0
7929272,92,1,0,1
835928,92,1,1,0
3557600,92,1,1,0
5066736,92,1,0,1
464728,92,1,1,0
3963544,92,1,1,0
6387288,92,1,1,0
1271824,92,1,0,1
2532408,92,1,0,1
660032,92,1,1,0
2406552,92,1,0,1
1687200,92,1,0,1
3817264,92,1,0,1
3684400,92,1,1,0
2584176,92,1,0,1
1077896,92,1,1,0
3849456,92,1,1,0
1264488,92,1,0,1
2031240,92,1,1,0
373576,92,1,0,1
1665656,92,1,1,0
189736,92,1,0,1
3584152,92,1,0,1
2745960,92,1,0,1
4462968,92,1,0,1
4947056,92,1,0,1
2759808,92,1,1,0
6736280,92,1,1,0
202512,92,1,0,1
3631480,92,1,1,0
1929704,92,1,1,0
2148440,92,1,1,0
446280,92,1,1,0
2186360,92,1,0,1
2940144,92,1,1,0
6402792,92,1,0,1
1121608,92,1,1,0
6574536,92,1,1,0
5635368,92,1,0,1
6971344,92,1,0,1
1852832,92,1,0,1
167136,92,1,0,1
6541776,92,1,1,0
4190240,92,1,1,0
943632,92,1,1,0
761208,92,1,1,0
7681552,92,1,0,1
4298448,92,1,0,1
5684480,92,1,1,0
7893432,92,1,0,1
3478480,92,1,1,0
513680,92,1,0,1
4972752,92,1,0,1
4424208,92,1,1,0
575744,92,1,0,1
3336224,92,1,1,0
437696,92,1,1,0
1619656,92,1,1,0
2306048,92,1,0,1
2309592,92,1,0,1
5033352,92,1,1,0
1425648,92,1,1,0
3075448,92,1,0,1
597520,92,1,1,0
5411984,92,1,0,1
509944,92,1,0,1
3828976,92,1,1,0
8340328,92,1,1,0
6707008,92,1,0,1
1610568,92,1,1,0
4495464,92,1,0,1
6749112,92,1,1,0
8364552,92,1,1,0
5058456,92,1,1,0
5612312,92,1,0,1
754920,92,1,1,0
752400,92,1,1,0
8257288,92,1,1,0
524320,92,1,0,1
132208,92,1,1,0
2850872,92,1,0,1
1154800,92,1,1,0
4623064,92,1,1,0
3535152,92,1,1,0
6016104,92,1,0,1
3160992,92,1,1,0
859592,92,1,1,0
1391352,92,1,1,0
7737552,92,1,1,0
2249040,92,1,0,1
5087480,92,1,1,0
859640,92,1,1,0
5509304,92,1,0,1
4492192,92,1,0,1
1061528,92,1,0,1
5498832,92,1,0,1
1396368,92,1,0,1
7445384,92,1,0,1
6026784,92,1,0,1
1521864,92,1,0,1
3011392,92,1,1,0
2287672,92,1,1,0
1473448,92,1,0,1
2995488,92,1,0,1
240064,92,1,1,0
3214656,92,1,1,0
606440,92,1,0,1
964136,92,1,0,1
1945992,92,1,0,1
2630832,92,1,0,1
1884456,92,1,0,1
6359616,92,1,0,1
2050936,92,1,0,1
1089424,92,1,1,0
4617536,92,1,0,1
2955664,92,1,1,0
383288,92,1,0,1
3324264,92,1,0,1
1232064,92,1,0,1
5659992,92,1,1,0
1216944,92,1,0,1
2016976,92,1,0,1
8222120,92,1,0,1
2031720,92,1,1,0
1917112,92,1,1,0
2066288,92,1,0,1
1496000,92,1,1,0
4022104,92,1,1,0
2426832,92,1,1,0
2047656,92,1,1,0
2275904,92,1,1,0
2616464,92,1,0,1
7990128,92,1,1,0
651592,92,1,0,1
1079584,92,1,0,1
5092800,92,1,0,1
1837456,92,1,0,1
2138528,92,1,1,0
2457160,92,1,1,0
939680,92,1,1,0
4714520,92,1,0,1
602304,92,1,0,1
539752,92,1,0,1
536768,92,1,1,0
1589248,92,1,1,0
971104,92,1,1,0
3401088,92,1,0,1
6214800,92,1,1,0
6547984,92,1,0,1
3105952,92,1,1,0
3874488,92,1,1,0
5580936,92,1,1,0
4015120,92,1,1,0
592216,92,1,1,0
1213184,92,1,0,1
5422872,92,1,1,0
212080,92,1,0,1
245016,92,1,1,0
2669688,92,1,0,1
3024664,92,1,1,0
7122560,92,1,0,1
428872,92,1,0,1
1334400,92,1,0,1
3877176,92,1,1,0
3865968,92,1,1,0
7613688,92,1,1,0
746552,92,1,0,1
3388920,92,1,1,0
3228264,92,1,0,1
465896,92,1,0,1
7107952,92,1,0,1
1598248,92,1,1,0
2093784,92,1,0,1
2467968,92,1,1,0
363176,92,1,1,0
3485200,92,1,0,1
7844472,92,1,1,0
812408,92,1,0,1
6142120,92,1,0,1
241616,92,1,0,1
5840632,92,1,1,0
843216,92,1,0,1
3357104,92,1,0,1
2212176,92,1,0,1
978408,92,1,0,1
779856,92,1,1,0
2234768,92,1,0,1
450296,92,1,0,1
1449360,92,1,0,1
4330920,92,1,1,0
834816,92,1,0,1
3198504,92,1,1,0
207760,92,1,1,0
1425760,92,1,0,1
1001968,92,1,0,1
3204112,92,1,1,0
6778192,92,1,0,1
7555440,92,1,0,1
987920,92,1,0,1
680112,92,1,1,0
4083736,92,1,1,0
5463864,92,1,1,0
1909576,92,1,0,1
3116096,92,1,1,0
3771232,92,1,0,1
4155608,92,1,1,0
1950864,92,1,0,1
5216536,92,1,0,1
6178384,92,1,0,1
2028112,92,1,1,0
6408344,92,1,0,1
4617600,92,1,1,0
5797720,92,1,1,0
4546168,92,1,0,1
3052336,92,1,1,0
1167592,92,1,0,1
178168,92,1,1,0
3485512,92,1,1,0
8055440,92,1,1,0
1128416,92,1,0,1
1137560,92,1,1,0
6812792,92,1,0,1
3527656,92,1,0,1
1166392,92,1,0,1
1353520,92,1,0,1
5793448,92,1,0,1
670432,92,1,1,0
6737944,92,1,1,0
957648,92,1,0,1
4759624,92,1,0,1
698920,92,1,1,0
3749800,92,1,1,0
347320,92,1,1,0
716304,92,1,1,0
7654368,92,1,1,0
135728,92,1,0,1
5944392,92,1,1,0
6775600,92,1,0,1
8014352,92,1,0,1
6889032,92,1,1,0
6968752,92,1,0,1
3982080,92,1,1,0
7736328,92,1,1,0
814952,92,1,1,0
1687280,92,1,0,1
5435016,92,1,0,1
373568,92,1,0,1
1126456,92,1,0,1
2802360,92,1,1,0
793328,92,1,0,1
8170480,92,1,1,0
7734904,92,1,0,1
392672,92,1,1,0
860032,92,1,0,1
219320,92,1,1,0
3041560,92,1,1,0
569336,92,1,0,1
4767824,92,1,1,0
432792,92,1,1,0
1302936,92,1,1,0
3514624,92,1,0,1
3618064,92,1,1,0
7397328,92,1,0,1
2474792,92,1,0,1
6062328,92,1,0,1
5957120,92,1,1,0
7584104,92,1,0,1
483536,92,1,1,0
453528,92,1,0,1
2857944,92,1,0,1
2787920,92,1,0,1
4249872,92,1,0,1
1810256,92,1,0,1
831288,92,1,1,0
3371192,92,1,1,0
1739464,92,1,1,0
918464,92,1,1,0
2395176,92,1,0,1
7772880,92,1,0,1
4288456,92,1,0,1
2214736,92,1,1,0
825584,92,1,0,1
540648,92,1,0,1
3471424,92,1,0,1
1853424,92,1,1,0
2963304,92,1,1,0
6467624,92,1,1,0
2207536,92,1,0,1
4969328,92,1,1,0
6950928,92,1,0,1
4778968,92,1,0,1
4925992,92,1,1,0
5085592,92,1,0,1
7839360,92,1,0,1
3198168,92,1,1,0
7982568,92,1,0,1
3268072,92,1,0,1
6670408,92,1,1,0
6854528,92,1,1,0
424632,92,1,1,0
3446104,92,1,0,1
5717296,92,1,0,1
2822648,92,1,1,0
1062992,92,1,1,0
1103600,92,1,1,0
7413904,92,1,1,0
179352,92,1,0,1
2564504,92,1,0,1
5165920,92,1,1,0
601576,92,1,0,1
5825488,92,1,1,0
336784,92,1,1,0
1073560,92,1,0,1
4912704,92,1,1,0
5718936,92,1,0,1
6809440,92,1,1,0
1166296,92,1,0,1
3236384,92,1,0,1
1626280,92,1,0,1
1340456,92,1,1,0
6815616,92,1,0,1
540096,92,1,0,1
1079376,92,1,1,0
451736,92,1,1,0
2099664,92,1,1,0
1898152,92,1,0,1
2498112,92,1,0,1
2810376,92,1,0,1
454456,92,1,0,1
622464,92,1,0,1
2182696,92,1,0,1
157072,92,1,0,1
6208952,92,1,1,0
2275360,92,1,0,1
3844272,92,1,1,0
7645488,92,1,0,1
2321600,92,1,1,0
3273040,92,1,0,1
1328240,92,1,0,1
8007920,92,1,0,1
1842168,92,1,1,0
1484072,92,1,1,0
1499200,92,1,1,0
2188512,92,1,1,0
551240,92,1,0,1
7972112,92,1,0,1
4031528,92,1,1,0
6384592,92,1,0,1
8239472,92,1,1,0
1003232,92,1,1,0
243016,92,1,1,0
159504,92,1,1,0
4278344,92,1,0,1
3554528,92,1,1,0
5955632,92,1,1,0
1702208,92,1,1,0
1567624,92,1,1,0
2130728,92,1,1,0
4117528,92,1,1,0
1378624,92,1,0,1
1796080,92,1,0,1
1238088,92,1,1,0
116624,92,1,0,1
1312136,92,1,0,1
3373488,92,1,1,0
452872,92,1,0,1
1801216,92,1,1,0
746832,92,1,1,0
121064,92,1,1,0
865744,92,1,1,0
4953056,92,1,1,0
431344,92,1,1,0
881928,92,1,1,0
257840,92,1,1,0
7180752,92,1,1,0
3660408,92,1,1,0
4102008,92,1,0,1
535576,92,1,1,0
2531336,92,1,0,1
392416,92,1,0,1
923632,92,1,0,1
2874864,92,1,0,1
2953872,92,1,1,0
6263528,92,1,0,1
4001720,92,1,0,1
4141664,92,1,0,1
6169048,92,1,1,0
3058728,92,1,0,1
5378248,92,1,0,1
270280,92,1,1,0
5238944,92,1,1,0
1361088,92,1,0,1
723248,92,1,0,1
8147360,92,1,1,0
3204312,92,1,1,0
6518608,92,1,1,0
6715136,92,1,1,0
1549448,92,1,0,1
1265480,92,1,0,1
533168,92,1,0,1
4021608,92,1,0,1
2835872,92,1,0,1
4424632,92,1,1,0
2560272,92,1,0,1
1465880,92,1,0,1
3392904,92,1,1,0
1478264,92,1,0,1
873544,92,1,1,0
6862296,92,1,1,0
3243496,92,1,1,0
3101408,92,1,1,0
4703456,92,1,0,1
373456,92,1,0,1
4264016,92,1,0,1
3862776,92,1,1,0
422248,92,1,0,1
2289912,92,1,0,1
4488272,92,1,1,0
982336,92,1,1,0
602056,92,1,0,1
7864432,92,1,0,1
3302432,92,1,1,0
831744,92,1,1,0
1068536,92,1,0,1
1035360,92,1,1,0
7673592,92,1,1,0
2326856,92,1,1,0
2898840,92,1,0,1
7962880,92,1,0,1
1934392,92,1,1,0
8045960,92,1,1,0
1965632,92,1,0,1
2314088,92,1,1,0
2164504,92,1,1,0
5390408,92,1,1,0
239696,92,1,1,0
4154808,92,1,0,1
2756216,92,1,0,1
3563184,92,1,1,0
1300832,92,1,0,1
6564696,92,1,1,0
645784,92,1,0,1
2510008,92,1,0,1
2316032,92,1,0,1
3705344,92,1,0,1
2288616,92,1,0,1
833760,92,1,1,0
1306672,92,1,0,1
5501816,92,1,1,0
4960576,92,1,0,1
2294512,92,1,0,1
5848176,92,1,0,1
4205760,92,1,1,0
888200,92,1,1,0
847752,92,1,0,1
398680,92,1,1,0
661888,92,1,0,1
364840,92,1,1,0
1414744,92,1,0,1
6108352,92,1,0,1
2911536,92,1,1,0
2985512,92,1,1,0
7254264,92,1,0,1
1773392,92,1,0,1
3036384,92,1,0,1
3433656,92,1,1,0
4778584,92,1,1,0
631984,92,1,1,0
3171832,92,1,0,1
4670216,92,1,1,0
4753456,92,1,1,0
422568,92,1,0,1
4333488,92,1,0,1
1211176,92,1,1,0
1588624,92,1,1,0
3490488,92,1,1,0
407440,92,1,1,0
1124144,92,1,0,1
386728,92,1,1,0
541016,92,1,1,0
2670032,92,1,0,1
2859064,92,1,0,1
1671936,92,1,1,0
3525408,92,1,1,0
1842504,92,1,1,0
3018552,92,1,1,0
927792,92,1,0,1
132032,92,1,0,1
374728,92,1,0,1
3276792,92,1,1,0
2388680,92,1,0,1
658760,92,1,0,1
4106912,92,1,0,1
7094000,92,1,1,0
6695280,92,1,0,1
7743992,92,1,1,0
683808,92,1,1,0
1765096,92,1,1,0
239192,92,1,0,1
601232,92,1,0,1
528160,92,1,1,0
1652768,92,1,1,0
3317664,92,1,0,1
7416632,92,1,1,0
7592616,92,1,1,0
3795984,92,1,1,0
3808832,92,1,1,0
1532752,92,1,0,1
4673456,92,1,0,1
4732056,92,1,1,0
1893400,92,1,1,0
926472,92,1,1,0
2911312,92,1,1,0
5184912,92,1,1,0
6835736,92,1,0,1
527064,92,1,0,1
4974520,92,1,1,0
1386192,92,1,0,1
1104760,92,1,1,0
4918304,92,1,1,0
1828936,92,1,1,0
4247512,92,1,0,1
3675904,92,1,1,0
244104,92,1,0,1
5267960,92,1,0,1
6356280,92,1,0,1
1440200,92,1,0,1
2208224,92,1,0,1
8353432,92,1,1,0
4103432,92,1,0,1
2179528,92,1,1,0
501104,92,1,1,0
334896,92,1,0,1
670528,92,1,0,1
806768,92,1,1,0
6164112,92,1,0,1
193320,92,1,1,0
1756704,92,1,1,0
6963968,92,1,0,1
1043456,92,1,0,1
1156640,92,1,1,0
3045464,92,1,1,0
3261688,92,1,1,0
1280392,92,1,1,0
7254736,92,1,1,0
6679496,92,1,1,0
433024,92,1,1,0
6770176,92,1,1,0
697064,92,1,0,1
2073320,92,1,1,0
1870000,92,1,0,1
5289488,92,1,1,0
1173312,92,1,0,1
2879856,92,1,0,1
781216,92,1,0,1
396296,92,1,0,1
4289448,92,1,1,0
2049864,92,1,1,0
3427320,92,1,1,0
426368,92,1,0,1
3713304,92,1,0,1
1134368,92,1,0,1
1116112,92,1,0,1
7909872,92,1,1,0
6643112,92,1,0,1
482456,92,1,1,0
8090296,92,1,1,0
1201872,92,1,1,0
275448,92,1,1,0
6986880,92,1,0,1
5200648,92,1,1,0
2077928,92,1,0,1
6104960,92,1,1,0
616584,92,1,1,0
2686160,92,1,1,0
6186936,92,1,1,0
2877808,92,1,1,0
1731360,92,1,1,0
5004320,92,1,0,1
314512,92,1,0,1
1629128,92,1,0,1
1525520,92,1,1,0
3489248,92,1,1,0
7713936,92,1,1,0
3102440,92,1,0,1
5333216,92,1,0,1
654688,92,1,0,1
620984,92,1,0,1
569288,92,1,0,1
1338304,92,1,0,1
6009968,92,1,1,0
4203184,92,1,1,0
7979576,92,1,1,0
1751576,92,1,0,1
2813288,92,1,0,1
233400,92,1,0,1
482232,92,1,0,1
6006320,92,1,0,1
663992,92,1,0,1
2255344,92,1,1,0
4370960,92,1,1,0
1732936,92,1,0,1
758832,92,1,0,1
128272,92,1,1,0
3744624,92,1,1,0
8317616,92,1,0,1
6636456,92,1,0,1
323064,92,1,1,0
1542504,92,1,0,1
1078272,92,1,0,1
1728840,92,1,0,1
2610224,92,1,0,1
757664,92,1,0,1
7115392,92,1,1,0
2904744,92,1,1,0
356248,92,1,0,1
5367184,92,1,0,1
2044312,92,1,1,0
5676152,92,1,1,0
509328,92,1,0,1
713528,92,1,1,0
1918360,92,1,1,0
5671104,92,1,0,1
1795848,92,1,0,1
7479448,92,1,1,0
2912160,92,1,1,0
106896,92,1,1,0
4609888,92,1,1,0
6710904,92,1,0,1
6377440,92,1,1,0
4965288,92,1,1,0
6550464,92,1,0,1
316720,92,1,1,0
6747984,92,1,1,0
4971768,92,1,1,0
2292536,92,1,0,1
3055032,92,1,1,0
348760,92,1,1,0
813328,92,1,1,0
3691792,92,1,0,1
7501848,92,1,1,0
2337224,92,1,1,0
1840240,92,1,1,0
655352,92,1,1,0
986536,92,1,0,1
1010440,92,1,1,0
2763768,92,1,1,0
6709048,92,1,0,1
7712480,92,1,0,1
1100320,92,1,0,1
1186416,92,1,0,1
3844504,92,1,1,0
550752,92,1,0,1
2764704,92,1,0,1
7459992,92,1,0,1
1093616,92,1,0,1
985600,92,1,0,1
1532392,92,1,1,0
6701408,92,1,0,1
659496,92,1,0,1
2290576,92,1,1,0
2910816,92,1,1,0
1557048,92,1,0,1
909392,92,1,1,0
6354432,92,1,1,0
4527016,92,1,1,0
4268656,92,1,1,0
1952248,92,1,0,1
639280,92,1,1,0
2494440,92,1,0,1
2136128,92,1,0,1
8197944,92,1,1,0
4219600,92,1,0,1
2452880,92,1,0,1
465480,92,1,0,1
3047768,92,1,0,1
769216,92,1,1,0
6809280,92,1,0,1
2675136,92,1,0,1
567240,92,1,1,0
7270232,92,1,0,1
4385536,92,1,0,1
4867808,92,1,0,1
524816,92,1,1,0
222448,92,1,1,0
5438008,92,1,0,1
216632,92,1,0,1
5135760,92,1,1,0
1618696,92,1,1,0
8015904,92,1,0,1
564784,92,1,1,0
387440,92,1,0,1
3549824,92,1,0,1
457992,92,1,0,1
382016,92,1,0,1
6106784,92,1,1,0
163448,92,1,0,1
1894128,92,1,0,1
6803544,92,1,0,1
4347800,92,1,1,0
2958888,92,1,0,1
1055216,92,1,0,1
3277472,92,1,0,1
2769120,92,1,0,1
4435952,92,1,1,0
1199896,92,1,0,1
1600872,92,1,1,0
346944,92,1,0,1
5682016,92,1,1,0
7503248,92,1,1,0
4820776,92,1,0,1
581720,92,1,1,0
1121856,92,1,0,1
781280,92,1,0,1
3480256,92,1,0,1
4009320,92,1,1,0
6546328,92,1,1,0
1717376,92,1,0,1
979064,92,1,1,0
4391736,92,1,1,0
611184,92,1,1,0
8246576,92,1,0,1
1551216,92,1,1,0
1559784,92,1,1,0
6492728,92,1,1,0
2949688,92,1,0,1
1839312,92,1,1,0
1619456,92,1,0,1
8161704,92,1,1,0
7219208,92,1,1,0
5196568,92,1,1,0
213512,92,1,0,1
1474064,92,1,0,1
4689720,92,1,0,1
7588184,92,1,1,0
1413440,92,1,0,1
233512,92,1,1,0
7351704,92,1,0,1
5751848,92,1,0,1
5952072,92,1,1,0
3818520,92,1,0,1
2968560,92,1,1,0
182464,92,1,1,0
6434568,92,1,1,0
4255688,92,1,0,1
1102520,92,1,0,1
2397936,92,1,0,1
2795880,92,1,1,0
863248,92,1,1,0
3661464,92,1,0,1
2262376,92,1,1,0
1951344,92,1,1,0
3056712,92,1,0,1
3407424,92,1,0,1
5703640,92,1,1,0
412064,92,1,1,0
104528,92,1,1,0
881832,92,1,0,1
4960840,92,1,0,1
1504368,92,1,1,0
6687320,92,1,1,0
2732248,92,1,1,0
2660504,92,1,0,1
965744,92,1,0,1
1485896,92,1,1,0
935272,92,1,1,0
977560,92,1,1,0
3143512,92,1,0,1
679152,92,1,0,1
4563192,92,1,1,0
595352,92,1,1,0
937064,92,1,1,0
4710552,92,1,0,1
134464,92,1,1,0
769488,92,1,1,0
605400,92,1,1,0
2328504,92,1,0,1
800872,92,1,1,0
2703832,92,1,1,0
3588552,92,1,1,0
4248592,92,1,0,1
3665760,92,1,0,1
5732520,92,1,0,1
1712944,92,1,1,0
3176856,92,1,0,1
5132520,92,1,1,0
1523776,92,1,1,0
5222064,92,1,1,0
1856824,92,1,1,0
628128,92,1,1,0
1036160,92,1,1,0
2230088,92,1,0,1
2687672,92,1,0,1
4574576,92,1,1,0
6664888,92,1,0,1
2099960,92,1,1,0
160272,92,1,1,0
1565632,92,1,0,1
3201776,92,1,1,0
6930920,92,1,1,0
624440,92,1,0,1
1912184,92,1,1,0
5242744,92,1,1,0
568488,92,1,1,0
151096,92,1,0,1
8110808,92,1,0,1
4583952,92,1,0,1
648360,92,1,1,0
7235816,92,1,0,1
316440,92,1,1,0
2783104,92,1,0,1
3714160,92,1,1,0
2460608,92,1,0,1
1875480,92,1,1,0
7724312,92,1,0,1
3119840,92,1,0,1
7484448,92,1,1,0
280016,92,1,1,0
5416560,92,1,0,1
1163128,92,1,1,0
858736,92,1,0,1
1693344,92,1,0,1
3021192,92,1,1,0
6794056,92,1,0,1
1802296,92,1,1,0
3224896,92,1,1,0
735080,92,1,1,0
7195784,92,1,1,0
2523616,92,1,0,1
2122984,92,1,1,0
4567200,92,1,1,0
1888664,92,1,0,1
6803440,92,1,1,0
1358656,92,1,0,1
2762856,92,1,1,0
2721560,92,1,1,0
3527048,92,1,1,0
344928,92,1,1,0
3133624,92,1,0,1
283056,92,1,0,1
1585848,92,1,1,0
3648384,92,1,1,0
2510544,92,1,1,0
729984,92,1,1,0
96648,92,1,0,1
1431360,92,1,0,1
221920,92,1,1,0
1048416,92,1,1,0
2285032,92,1,1,0
5580136,92,1,0,1
3506432,92,1,1,0
2442560,92,1,1,0
4735672,92,1,1,0
1748936,92,1,1,0
4061048,92,1,1,0
5817944,92,1,0,1
1049600,92,1,1,0
5967432,92,1,0,1
6418312,92,1,1,0
421304,92,1,0,1
3444928,92,1,1,0
5118808,92,1,1,0
6561464,92,1,1,0
6257208,92,1,0,1
2991424,92,1,1,0
497464,92,1,0,1
3146200,92,1,1,0
6117512,92,1,1,0
2777672,92,1,0,1
1105272,92,1,0,1
7096352,92,1,0,1
2524552,92,1,0,1
8269248,92,1,0,1
5137168,92,1,1,0
804528,92,1,1,0
3076408,92,1,0,1
6811984,92,1,0,1
1967872,92,1,1,0
8039064,92,1,1,0
4328816,92,1,1,0
1506440,92,1,0,1
5899360,92,1,1,0
1029176,92,1,1,0
463064,92,1,1,0
535336,92,1,0,1
1186352,92,1,1,0
5405600,92,1,0,1
3003672,92,1,0,1
3356128,92,1,0,1
204928,92,1,1,0
3934576,92,1,1,0
688408,92,1,1,0
3518632,92,1,0,1
906472,92,1,1,0
2730208,92,1,1,0
811000,92,1,0,1
138352,92,1,1,0
1796776,92,1,0,1
6501216,92,1,1,0
2480176,92,1,1,0
5604184,92,1,0,1
2907392,92,1,1,0
3883920,92,1,0,1
1054752,92,1,0,1
1471280,92,1,1,0
6723024,92,1,0,1
6706376,92,1,1,0
6725352,92,1,1,0
1310624,92,1,1,0
4045904,92,1,0,1
2300080,92,1,1,0
532800,92,1,1,0
8296752,92,1,1,0
3084496,92,1,0,1
2271336,92,1,0,1
3037296,92,1,1,0
4310080,92,1,1,0
606816,92,1,0,1
4462448,92,1,0,1
5558656,92,1,1,0
5228192,92,1,0,1
226464,92,1,0,1
1565240,92,1,1,0
3230576,92,1,1,0
953912,92,1,1,0
2071680,92,1,1,0
5665440,92,1,0,1
2917176,92,1,0,1
724336,92,1,1,0
6296264,92,1,0,1
2696072,92,1,1,0
5683816,92,1,1,0
2392232,92,1,0,1
4804176,92,1,1,0
225872,92,1,1,0
915976,92,1,0,1
2486312,92,1,0,1
2616056,92,1,1,0
526184,92,1,0,1
1330696,92,1,1,0
1111032,92,1,1,0
4238384,92,1,1,0
614488,92,1,0,1
166752,92,1,1,0
1855808,92,1,1,0
7873792,92,1,1,0
2039672,92,1,1,0
3653432,92,1,1,0
2549528,92,1,1,0
661656,92,1,0,1
7947392,92,1,0,1
1257464,92,1,0,1
2496656,92,1,1,0
1646320,92,1,1,0
5572248,92,1,0,1
6078608,92,1,1,0
1426288,92,1,1,0
3008008,92,1,0,1
1550272,92,1,0,1
1202936,92,1,1,0
510416,92,1,0,1
2194264,92,1,0,1
5096560,92,1,0,1
462320,92,1,1,0
400208,92,1,1,0
935888,92,1,1,0
3991752,92,1,0,1
471608,92,1,0,1
526320,92,1,1,0
2511960,92,1,0,1
6896552,92,1,1,0
929240,92,1,0,1
3412192,92,1,0,1
2039784,92,1,1,0
926936,92,1,0,1
665560,92,1,0,1
5943632,92,1,0,1
8292736,92,1,1,0
2528496,92,1,0,1
3169288,92,1,0,1
5715112,92,1,0,1
3608712,92,1,1,0
2291056,92,1,0,1
435504,92,1,1,0
921464,92,1,1,0
1235424,92,1,0,1
5379240,92,1,0,1
3296152,92,1,0,1
2030184,92,1,1,0
5254552,92,1,1,0
4020384,92,1,1,0
2766968,92,1,0,1
3853624,92,1,1,0
443384,92,1,0,1
1447840,92,1,0,1
3365320,92,1,1,0
1322536,92,1,0,1
2639344,92,1,1,0
6141776,92,1,1,0
2976576,92,1,0,1
4128392,92,1,1,0
1491904,92,1,1,0
3068568,92,1,0,1
1480368,92,1,1,0
3210456,92,1,1,0
6184568,92,1,1,0
1416304,92,1,0,1
422144,92,1,0,1
5717112,92,1,1,0
1921248,92,1,1,0
776496,92,1,0,1
200784,92,1,1,0
3648848,92,1,1,0
2976672,92,1,0,1
1840312,92,1,1,0
6432344,92,1,1,0
386888,92,1,1,0
1636880,92,1,0,1
5405224,92,1,1,0
248200,92,1,0,1
7646792,92,1,1,0
1205496,92,1,0,1
3662936,92,1,0,1
4854192,92,1,1,0
2162136,92,1,1,0
1660320,92,1,1,0
4520280,92,1,0,1
537264,92,1,0,1
223920,92,1,0,1
4676840,92,1,1,0
237272,92,1,0,1
2631616,92,1,1,0
1180856,92,1,1,0
987440,92,1,0,1
4855432,92,1,0,1
461472,92,1,1,0
1158936,92,1,1,0
4232312,92,1,0,1
418824,92,1,0,1
1629464,92,1,1,0
2446080,92,1,1,0
1483672,92,1,0,1
595712,92,1,0,1
1564680,92,1,0,1
975824,92,1,0,1
349472,92,1,0,1
242872,92,1,0,1
2694488,92,1,1,0
1028296,92,1,1,0
393704,92,1,1,0
987472,92,1,0,1
1663472,92,1,0,1
1834992,92,1,1,0
1713032,92,1,1,0
7466848,92,1,0,1
1709496,92,1,0,1
116432,92,1,0,1
1783976,92,1,1,0
5263840,92,1,0,1
3920128,92,1,0,1
6434296,92,1,0,1
1669160,92,1,0,1
351792,92,1,0,1
1871456,92,1,1,0
3264696,92,1,0,1
7417472,92,1,0,1
266864,92,1,0,1
1411392,92,1,1,0
1480096,92,1,0,1
1652088,92,1,1,0
7301656,92,1,1,0
1353096,92,1,1,0
2606120,92,1,1,0
1201984,92,1,1,0
6208000,92,1,0,1
250072,92,1,0,1
7227944,92,1,0,1
2861520,92,1,0,1
2823032,92,1,1,0
8371776,92,1,0,1
1994624,92,1,0,1
1389880,92,1,0,1
4824920,92,1,0,1
2300280,92,1,0,1
1668968,92,1,0,1
4888000,92,1,0,1
7390768,92,1,1,0
243632,92,1,0,1
1132200,92,1,0,1
4284864,92,1,1,0
7090960,92,1,0,1
6902456,92,1,0,1
5207584,92,1,0,1
306728,92,1,0,1
2485224,92,1,1,0
522016,92,1,1,0
7634456,92,1,0,1
2820872,92,1,1,0
5207960,92,1,0,1
1727680,92,1,1,0
5212384,92,1,1,0
525296,92,1,0,1
270312,92,1,1,0
4154264,92,1,1,0
514784,92,1,0,1
1772976,92,1,0,1
4262464,92,1,1,0
540376,92,1,1,0
6161272,92,1,0,1
751376,92,1,1,0
1572000,92,1,1,0
1463256,92,1,1,0
5979600,92,1,0,1
265608,92,1,0,1
1308240,92,1,0,1
7827112,92,1,0,1
1314344,92,1,0,1
244056,92,1,1,0
2546112,92,1,0,1
3225360,92,1,0,1
242744,92,1,0,1
408304,92,1,1,0
2806440,92,1,1,0
2096752,92,1,0,1
6127952,92,1,0,1
1791032,92,1,0,1
396256,92,1,1,0
2617432,92,1,1,0
502856,92,1,0,1
325704,92,1,0,1
1045464,92,1,0,1
2629208,92,1,0,1
8298904,92,1,1,0
755904,92,1,0,1
1691800,92,1,1,0
2255856,92,1,0,1
7420064,92,1,1,0
1927728,92,1,0,1
6188048,92,1,1,0
921720,92,1,1,0
4477704,92,1,0,1
7144528,92,1,0,1
1560280,92,1,1,0
1998544,92,1,1,0
1740592,92,1,1,0
7484768,92,1,1,0
6943040,92,1,1,0
4164664,92,1,1,0
868160,92,1,0,1
1015696,92,1,0,1
1511248,92,1,1,0
3438304,92,1,0,1
1246816,92,1,0,1
1748680,92,1,0,1
729536,92,1,0,1
573464,92,1,0,1
5179560,92,1,0,1
1734664,92,1,0,1
3101352,92,1,0,1
3110912,92,1,0,1
1859760,92,1,0,1
7615264,92,1,1,0
7016864,92,1,0,1
352880,92,1,1,0
3619736,92,1,1,0
621384,92,1,0,1
1994096,92,1,1,0
3093536,92,1,1,0
2687528,92,1,1,0
1129632,92,1,0,1
4948728,92,1,0,1
7222128,92,1,1,0
598392,92,1,1,0
7508592,92,1,0,1
3354208,92,1,1,0
5700512,92,1,1,0
2778392,92,1,0,1
523856,92,1,1,0
7924496,92,1,1,0
5174336,92,1,1,0
785272,92,1,1,0
7540912,92,1,0,1
2365736,92,1,1,0
7968280,92,1,0,1
435688,92,1,1,0
4978472,92,1,0,1
467264,92,1,1,0
5117104,92,1,1,0
238840,92,1,0,1
146880,92,1,1,0
919840,92,1,0,1
971736,92,1,0,1
1595824,92,1,1,0
1371704,92,1,0,1
4425056,92,1,1,0
1314056,92,1,0,1
1796664,92,1,1,0
8062656,92,1,0,1
5126992,92,1,0,1
6031936,92,1,1,0
6934528,92,1,0,1
1708744,92,1,1,0
3465120,92,1,1,0
1709528,92,1,1,0
4590712,92,1,0,1
2035256,92,1,1,0
875632,92,1,0,1
2579632,92,1,0,1
3900720,92,1,0,1
3794744,92,1,0,1
6505968,92,1,0,1
4854064,92,1,0,1
7176976,92,1,0,1
992336,92,1,1,0
5014360,92,1,1,0
2699064,92,1,0,1
4503896,92,1,0,1
2824704,92,1,0,1
552888,92,1,1,0
1686496,92,1,1,0
610472,92,1,1,0
248696,92,1,1,0
301544,92,1,1,0
2271984,92,1,1,0
2043696,92,1,1,0
1027184,92,1,1,0
7321776,92,1,1,0
270104,92,1,1,0
1043528,92,1,0,1
693736,92,1,1,0
3043736,92,1,0,1
7250352,92,1,0,1
6759520,92,1,0,1
5205016,92,1,1,0
444416,92,1,0,1
3477304,92,1,1,0
711472,92,1,0,1
552032,92,1,1,0
4221720,92,1,0,1
1147320,92,1,1,0
1359592,92,1,0,1
4427712,92,1,1,0
256600,92,1,1,0
881736,92,1,0,1
4306072,92,1,1,0
2354128,92,1,1,0
4031592,92,1,1,0
3455184,92,1,0,1
7518424,92,1,0,1
155000,92,1,1,0
2724344,92,1,1,0
643848,92,1,0,1
791008,92,1,1,0
245504,92,1,0,1
549136,92,1,0,1
959320,92,1,1,0
4451656,92,1,1,0
3164920,92,1,1,0
7928096,92,1,0,1
939712,92,1,0,1
3436600,92,1,0,1
2117272,92,1,1,0
3198752,92,1,1,0
457592,92,1,1,0
789336,92,1,0,1
429696,92,1,1,0
6657848,92,1,1,0
4749240,92,1,1,0
1078616,92,1,1,0
1601696,92,1,0,1
2867016,92,1,0,1
3335440,92,1,1,0
3270600,92,1,1,0
253496,92,1,0,1
970968,92,1,0,1
239000,92,1,1,0
340456,92,1,1,0
898976,92,1,1,0
5207040,92,1,1,0
898304,92,1,0,1
955864,92,1,1,0
7224920,92,1,0,1
1303376,92,1,0,1
1178984,92,1,1,0
2863832,92,1,0,1
5328936,92,1,1,0
5613728,92,1,1,0
5218376,92,1,1,0
3766368,92,1,0,1
1410728,92,1,0,1
101464,92,1,0,1
200688,92,1,0,1
4454512,92,1,1,0
2776144,92,1,0,1
3212968,92,1,0,1
4808520,92,1,1,0
3711528,92,1,1,0
6586072,92,1,1,0
4362736,92,1,0,1
509048,92,1,1,0
7864328,92,1,1,0
5254800,92,1,1,0
561624,92,1,0,1
1673304,92,1,1,0
1652504,92,1,0,1
858800,92,1,0,1
883136,92,1,0,1
3513464,92,1,0,1
7434096,92,1,1,0
3745864,92,1,1,0
1383792,92,1,1,0
4445976,92,1,1,0
2940384,92,1,0,1
1255048,92,1,0,1
2131752,92,1,1,0
6731808,92,1,1,0
434048,92,1,0,1
653904,92,1,0,1
3258264,92,1,0,1
1301544,92,1,0,1
8320760,92,1,0,1
3735936,92,1,1,0
213792,92,1,0,1
5267952,92,1,0,1
1886272,92,1,1,0
1178960,92,1,0,1
487640,92,1,1,0
1719696,92,1,0,1
1160984,92,1,1,0
6494296,92,1,1,0
2532288,92,1,0,1
8368568,92,1,0,1
956784,92,1,1,0
5468040,92,1,1,0
710592,92,1,1,0
4556096,92,1,0,1
3578808,92,1,1,0
298608,92,1,0,1
727336,92,1,1,0
1695968,92,1,1,0
4026424,92,1,1,0
2636176,92,1,1,0
3988176,92,1,0,1
586248,92,1,0,1
629120,92,1,0,1
526872,92,1,0,1
7967272,92,1,1,0
6786600,92,1,0,1
3633912,92,1,0,1
7787448,92,1,1,0
650528,92,1,1,0
1869808,92,1,0,1
4595536,92,1,0,1
5409824,92,1,1,0
6043808,92,1,0,1
2398384,92,1,1,0
1072456,92,1,0,1
4856984,92,1,1,0
1670544,92,1,0,1
1126416,92,1,0,1
4109640,92,1,0,1
1153496,92,1,1,0
303520,92,1,1,0
3822592,92,1,0,1
4513472,92,1,1,0
2052800,92,1,0,1
1684760,92,1,1,0
1108648,92,1,0,1
448352,92,1,0,1
5965248,92,1,0,1
1220000,92,1,1,0
1701672,92,1,1,0
5817768,92,1,0,1
4879008,92,1,1,0
2967536,92,1,1,0
1911000,92,1,1,0
4175128,92,1,0,1
1774328,92,1,1,0
1197904,92,1,0,1
2162504,92,1,1,0
684280,92,1,0,1
5966968,92,1,1,0
523016,92,1,1,0
5291536,92,1,1,0
1213808,92,1,1,0
2700536,92,1,0,1
3609296,92,1,1,0
1269376,92,1,0,1
1035128,92,1,1,0
6867672,92,1,1,0
874168,92,1,0,1
5867368,92,1,0,1
1685032,92,1,0,1
1463304,92,1,1,0
1652888,92,1,1,0
1118176,92,1,0,1
1470160,92,1,0,1
5622544,92,1,1,0
3403200,92,1,0,1
854944,92,1,0,1
1383504,92,1,0,1
1165624,92,1,1,0
4024480,92,1,0,1
3296824,92,1,1,0
6970768,92,1,0,1
7247584,92,1,1,0
2327312,92,1,1,0
7784152,92,1,0,1
4577224,92,1,1,0
5397736,92,1,1,0
3135848,92,1,0,1
1984184,92,1,0,1
2729400,92,1,1,0
1734984,92,1,0,1
359240,92,1,1,0
483976,92,1,0,1
3653128,92,1,0,1
4561656,92,1,1,0
5386792,92,1,1,0
3413064,92,1,0,1
755256,92,1,0,1
5445648,92,1,1,0
4319632,92,1,0,1
1480912,92,1,0,1
2638832,92,1,0,1
706472,92,1,1,0
986248,92,1,1,0
2114464,92,1,1,0
3394936,92,1,1,0
109176,92,1,0,1
2212440,92,1,1,0
177456,92,1,1,0
1435432,92,1,1,0
3779744,92,1,1,0
978168,92,1,1,0
1434392,92,1,1,0
1820432,92,1,1,0
2276464,92,1,1,0
2987264,92,1,1,0
1014904,92,1,0,1
1396128,92,1,1,0
1354416,92,1,0,1
1932536,92,1,0,1
7100168,92,1,1,0
7362352,92,1,0,1
3076104,92,1,1,0
710280,92,1,0,1
3754600,92,1,1,0
5552560,92,1,0,1
1056304,92,1,0,1
3497928,92,1,0,1
7453160,92,1,0,1
3761768,92,1,0,1
889120,92,1,0,1
1596200,92,1,0,1
550112,92,1,0,1
3119640,92,1,1,0
6011832,92,1,1,0
6719232,92,1,0,1
5060480,92,1,0,1
986504,92,1,0,1
2945008,92,1,0,1
2401064,92,1,0,1
3436024,92,1,0,1
1804248,92,1,1,0
3915448,92,1,0,1
5151160,92,1,1,0
917408,92,1,0,1
216896,92,1,0,1
2380088,92,1,1,0
3525376,92,1,0,1
3354456,92,1,0,1
4821792,92,1,1,0
340072,92,1,0,1
827480,92,1,0,1
947928,92,1,0,1
992440,92,1,1,0
2006296,92,1,0,1
8195816,92,1,0,1
6370104,92,1,1,0
7825904,92,1,1,0
3443416,92,1,0,1
3166632,92,1,1,0
2719936,92,1,0,1
4374920,92,1,1,0
1878088,92,1,1,0
1923936,92,1,1,0
6213768,92,1,1,0
376216,92,1,0,1
3120728,92,1,1,0
5347584,92,1,1,0
1417088,92,1,0,1
7838352,92,1,1,0
6469616,92,1,1,0
1184848,92,1,0,1
2139864,92,1,1,0
2955856,92,1,1,0
5682240,92,1,1,0
5567944,92,1,1,0
5901664,92,1,1,0
853920,92,1,1,0
7953000,92,1,0,1
1025824,92,1,1,0
1999496,92,1,1,0
4546584,92,1,0,1
4371672,92,1,1,0
689728,92,1,0,1
2532664,92,1,0,1
723728,92,1,0,1
2834760,92,1,0,1
6463984,92,1,1,0
2143840,92,1,1,0
6207576,92,1,1,0
5052880,92,1,1,0
8251464,92,1,1,0
7292624,92,1,1,0
7550400,92,1,0,1
2832736,92,1,1,0
326136,92,1,0,1
1463912,92,1,0,1
6480968,92,1,1,0
604496,92,1,1,0
1126552,92,1,1,0
964600,92,1,1,0
1117128,92,1,1,0
2168472,92,1,0,1
3269520,92,1,0,1
6521200,92,1,0,1
1764240,92,1,0,1
493056,92,1,0,1
1619448,92,1,1,0
1437856,92,1,1,0
3045352,92,1,0,1
3040200,92,1,1,0
1113928,92,1,1,0
643992,92,1,0,1
929088,92,1,1,0
2018208,92,1,0,1
5489240,92,1,1,0
2470600,92,1,0,1
2283328,92,1,0,1
1972744,92,1,1,0
1221488,92,1,1,0
1126944,92,1,0,1
7007328,92,1,1,0
1015472,92,1,0,1
276768,92,1,1,0
529520,92,1,0,1
1261072,92,1,1,0
3917712,92,1,1,0
1025376,92,1,1,0
5577544,92,1,1,0
5587704,92,1,1,0
1419512,92,1,0,1
356424,92,1,0,1
7444008,92,1,0,1
300952,92,1,0,1
7700480,92,1,0,1
6745832,92,1,0,1
1019640,92,1,1,0
782136,92,1,1,0
2707152,92,1,1,0
4472512,92,1,0,1
4850352,92,1,0,1
2233280,92,1,0,1
4262648,92,1,0,1
3768568,92,1,1,0
5028368,92,1,1,0
800904,92,1,1,0
8245816,92,1,0,1
1118680,92,1,0,1
912024,92,1,0,1
1782984,92,1,1,0
843752,92,1,0,1
4954584,92,1,0,1
930344,92,1,1,0
797712,92,1,1,0
1475872,92,1,1,0
3035808,92,1,0,1
3454432,92,1,0,1
5209168,92,1,1,0
1426368,92,1,1,0
1000080,92,1,1,0
4048256,92,1,1,0
967128,92,1,1,0
3346480,92,1,1,0
2797800,92,1,0,1
5785256,92,1,0,1
3872440,92,1,1,0
5755608,92,1,1,0
235528,92,1,0,1
852520,92,1,0,1
4545488,92,1,0,1
2728760,92,1,0,1
1109616,92,1,0,1
1248832,92,1,1,0
6358256,92,1,0,1
2048392,92,1,1,0
732240,92,1,0,1
3589712,92,1,0,1
1687336,92,1,0,1
4029344,92,1,0,1
3411584,92,1,0,1
4214048,92,1,1,0
1518952,92,1,1,0
1158464,92,1,0,1
5223352,92,1,0,1
3942608,92,1,0,1
5485768,92,1,0,1
1927872,92,1,1,0
5757176,92,1,1,0
433616,92,1,1,0
298960,92,1,0,1
8335928,92,1,0,1
6555568,92,1,1,0
3611984,92,1,0,1
3854368,92,1,1,0
460904,92,1,1,0
2626016,92,1,1,0
478728,92,1,1,0
4123728,92,1,0,1
2850264,92,1,0,1
1627504,92,1,0,1
5801704,92,1,1,0
5728248,92,1,1,0
1859096,92,1,1,0
3708400,92,1,0,1
2905304,92,1,0,1
192208,92,1,0,1
2448760,92,1,1,0
4535248,92,1,0,1
4453920,92,1,0,1
1145472,92,1,1,0
2097368,92,1,0,1
4822688,92,1,0,1
1170712,92,1,1,0
1683968,92,1,1,0
710800,92,1,1,0
1768840,92,1,1,0
645376,92,1,0,1
3006248,92,1,1,0
4360528,92,1,0,1
1760528,92,1,1,0
1761496,92,1,0,1
2149744,92,1,1,0
4214448,92,1,1,0
3713480,92,1,0,1
2506112,92,1,1,0
4153984,92,1,0,1
2739184,92,1,1,0
2630624,92,1,0,1
4167752,92,1,0,1
6491184,92,1,1,0
7486536,92,1,0,1
3904936,92,1,1,0
3534088,92,1,0,1
3860296,92,1,0,1
1904576,92,1,0,1
1735392,92,1,1,0
4129776,92,1,0,1
8291528,92,1,0,1
8034272,92,1,0,1
1287792,92,1,0,1
5222424,92,1,0,1
3194608,92,1,1,0
1639656,92,1,1,0
3677560,92,1,1,0
2599880,92,1,0,1
6586104,92,1,0,1
1615816,92,1,0,1
750552,92,1,0,1
832904,92,1,0,1
4035456,92,1,0,1
1287160,92,1,0,1
1234456,92,1,0,1
4818464,92,1,0,1
6603280,92,1,0,1
270816,92,1,0,1
3339752,92,1,1,0
437288,92,1,0,1
3729960,92,1,0,1
6653448,92,1,1,0
2973864,92,1,1,0
204712,92,1,0,1
1449728,92,1,1,0
2018536,92,1,1,0
466416,92,1,1,0
3802944,92,1,1,0
4089656,92,1,1,0
67448,92,1,1,0
2042304,92,1,0,1
730944,92,1,1,0
1616000,92,1,0,1
676888,92,1,1,0
1417616,92,1,1,0
3863440,92,1,1,0
7208304,92,1,0,1
2748504,92,1,1,0
312984,92,1,0,1
327704,92,1,1,0
685320,92,1,1,0
6096280,92,1,1,0
387584,92,1,1,0
129064,92,1,0,1
1463736,92,1,1,0
276888,92,1,1,0
5454712,92,1,0,1
2818984,92,1,1,0
6301360,92,1,1,0
130928,92,1,1,0
1512112,92,1,1,0
5847616,92,1,0,1
3433040,92,1,1,0
1052224,92,1,1,0
1271280,92,1,1,0
1026944,92,1,1,0
1530288,92,1,1,0
2224496,92,1,0,1
2053080,92,1,1,0
5152352,92,1,0,1
562000,92,1,1,0
237568,92,1,0,1
4507536,92,1,1,0
416952,92,1,1,0
2134072,92,1,0,1
1171840,92,1,1,0
5976152,92,1,1,0
80248,92,1,1,0
680736,92,1,1,0
8164320,92,1,1,0
2828408,92,1,0,1
4103936,92,1,1,0
3559816,92,1,1,0
1607936,92,1,0,1
231264,92,1,0,1
3316320,92,1,1,0
6601216,92,1,0,1
1182384,92,1,0,1
482912,92,1,0,1
1038040,92,1,0,1
981208,92,1,1,0
594272,92,1,1,0
400912,92,1,0,1
460592,92,1,0,1
7205256,92,1,1,0
4246544,92,1,0,1
4040320,92,1,1,0
2397144,92,1,0,1
3663704,92,1,1,0
2321424,92,1,1,0
706736,92,1,0,1
1004088,92,1,1,0
3101120,92,1,0,1
2657392,92,1,1,0
2071248,92,1,0,1
1063392,92,1,1,0
8155024,92,1,0,1
794288,92,1,1,0
4980728,92,1,1,0
7733544,92,1,1,0
7643104,92,1,1,0
4214176,92,1,0,1
751920,92,1,0,1
1286984,92,1,0,1
1852984,92,1,1,0
4176672,92,1,0,1
1544296,92,1,1,0
1341504,92,1,0,1
8236128,92,1,0,1
4175680,92,1,0,1
1300376,92,1,0,1
810720,92,1,1,0
2348176,92,1,1,0
323248,92,1,1,0
5564632,92,1,0,1
5486512,92,1,0,1
2994752,92,1,1,0
1125616,92,1,0,1
4048584,92,1,0,1
660672,92,1,0,1
1465752,92,1,1,0
5645792,92,1,0,1
6704008,92,1,0,1
2240888,92,1,0,1
3193696,92,1,0,1
629872,92,1,1,0
1917632,92,1,0,1
5835280,92,1,1,0
1487512,92,1,1,0
5930144,92,1,1,0
1797248,92,1,0,1
1243792,92,1,0,1
6064976,92,1,1,0
1920504,92,1,0,1
4608352,92,1,1,0
6679792,92,1,0,1
8040440,92,1,1,0
3126528,92,1,0,1
126696,92,1,0,1
8277264,92,1,0,1
268288,92,1,1,0
2347592,92,1,1,0
7963672,92,1,1,0
1396544,92,1,0,1
1991304,92,1,1,0
6143616,93,1,1,0
405952,93,1,0,1
2508224,93,1,1,0
1274680,93,1,0,1
7457688,93,1,0,1
755688,93,1,0,1
788064,93,1,1,0
7759064,93,1,0,1
2816352,93,1,0,1
343592,93,1,0,1
3786968,93,1,0,1
5891160,93,1,1,0
4426688,93,1,1,0
1174128,93,1,1,0
5654152,93,1,0,1
1371520,93,1,0,1
2372048,93,1,1,0
3111864,93,1,0,1
4290336,93,1,1,0
189600,93,1,1,0
4303296,93,1,0,1
6572112,93,1,0,1
1798672,93,1,0,1
1199744,93,1,0,1
3168312,93,1,1,0
1111192,93,1,1,0
3560824,93,1,0,1
2083264,93,1,1,0
1385312,93,1,0,1
855912,93,1,1,0
997512,93,1,0,1
1349656,93,1,1,0
2929072,93,1,1,0
8064640,93,1,0,1
863728,93,1,0,1
6351384,93,1,0,1
6899904,93,1,0,1
2774920,93,1,1,0
2074640,93,1,0,1
3504328,93,1,1,0
6913296,93,1,1,0
6717848,93,1,0,1
2191464,93,1,1,0
1223240,93,1,0,1
1819208,93,1,0,1
1885824,93,1,1,0
493712,93,1,0,1
1509128,93,1,1,0
365624,93,1,0,1
5598056,93,1,1,0
3939008,93,1,1,0
2425496,93,1,1,0
7544624,93,1,1,0
4040496,93,1,0,1
8222936,93,1,0,1
3791648,93,1,1,0
6748480,93,1,1,0
3790040,93,1,0,1
873928,93,1,0,1
7567176,93,1,1,0
1268928,93,1,1,0
3545920,93,1,0,1
5535464,93,1,1,0
2633536,93,1,1,0
3818856,93,1,1,0
67344,93,1,1,0
6449608,93,1,1,0
1637168,93,1,1,0
3499112,93,1,1,0
309448,93,1,0,1
1675984,93,1,1,0
1517544,93,1,1,0
1248088,93,1,1,0
5940912,93,1,0,1
1832256,93,1,0,1
7276848,93,1,0,1
2900912,93,1,0,1
283608,93,1,0,1
5706904,93,1,0,1
2655992,93,1,1,0
328384,93,1,1,0
3539208,93,1,0,1
1349624,93,1,0,1
5513624,93,1,0,1
901016,93,1,0,1
7996592,93,1,0,1
2384112,93,1,0,1
6826696,93,1,0,1
3324312,93,1,1,0
308096,93,1,0,1
343400,93,1,1,0
534536,93,1,0,1
4832936,93,1,0,1
2226712,93,1,0,1
1220104,93,1,0,1
2143056,93,1,0,1
364856,93,1,0,1
8178032,93,1,1,0
1287536,93,1,0,1
708208,93,1,1,0
654544,93,1,1,0
6993440,93,1,1,0
3455216,93,1,1,0
1903736,93,1,0,1
6542288,93,1,1,0
3812624,93,1,0,1
785600,93,1,1,0
6346576,93,1,1,0
6435560,93,1,0,1
1132504,93,1,0,1
6794984,93,1,1,0
943352,93,1,0,1
1428080,93,1,0,1
7830520,93,1,1,0
992416,93,1,1,0
165896,93,1,1,0
6056152,93,1,0,1
1921960,93,1,1,0
3613616,93,1,0,1
4964176,93,1,1,0
5394480,93,1,0,1
171104,93,1,0,1
1850656,93,1,0,1
709896,93,1,1,0
6256800,93,1,1,0
1510880,93,1,1,0
2945856,93,1,0,1
7506000,93,1,0,1
2716496,93,1,1,0
4579344,93,1,0,1
1652600,93,1,0,1
1587064,93,1,1,0
1780424,93,1,0,1
943736,93,1,0,1
6286912,93,1,1,0
3374512,93,1,0,1
4145688,93,1,0,1
5384128,93,1,1,0
7520256,93,1,0,1
1460976,93,1,1,0
6712496,93,1,0,1
1180504,93,1,1,0
5496344,93,1,0,1
574816,93,1,1,0
3676360,93,1,1,0
5337648,93,1,0,1
4197416,93,1,0,1
3132232,93,1,0,1
826128,93,1,1,0
1209936,93,1,1,0
4146784,93,1,1,0
2043912,93,1,1,0
1389168,93,1,1,0
5290576,93,1,0,1
1570752,93,1,0,1
7181064,93,1,1,0
1675992,93,1,1,0
2114680,93,1,1,0
7298616,93,1,1,0
5796456,93,1,0,1
927696,93,1,1,0
572232,93,1,0,1
1302520,93,1,1,0
1454000,93,1,1,0
5777888,93,1,1,0
2501696,93,1,1,0
3499392,93,1,1,0
552392,93,1,1,0
2955424,93,1,1,0
4111088,93,1,0,1
842576,93,1,0,1
907144,93,1,1,0
3916120,93,1,1,0
215184,93,1,1,0
2808976,93,1,0,1
500248,93,1,1,0
1645944,93,1,1,0
2249648,93,1,1,0
232664,93,1,1,0
1306600,93,1,0,1
4200440,93,1,1,0
4473992,93,1,0,1
1801648,93,1,1,0
1280928,93,1,1,0
2793408,93,1,0,1
410504,93,1,1,0
1977792,93,1,0,1
4387448,93,1,1,0
6645024,93,1,1,0
3816864,93,1,1,0
384584,93,1,1,0
2391176,93,1,1,0
4347136,93,1,0,1
8034568,93,1,1,0
2042432,93,1,1,0
322776,93,1,1,0
3532504,93,1,1,0
617040,93,1,1,0
3166816,93,1,0,1
3580288,93,1,1,0
3186976,93,1,0,1
6325760,93,1,0,1
2922000,93,1,1,0
6053320,93,1,0,1
7662888,93,1,0,1
2122184,93,1,1,0
570016,93,1,1,0
454280,93,1,1,0
2115512,93,1,1,0
707288,93,1,1,0
1929200,93,1,0,1
3645752,93,1,0,1
4380440,93,1,1,0
5875856,93,1,1,0
1355592,93,1,1,0
5448160,93,1,1,0
7200328,93,1,0,1
6666320,93,1,1,0
2737336,93,1,1,0
7991992,93,1,1,0
3999856,93,1,1,0
5922880,93,1,0,1
3133400,93,1,1,0
1620672,93,1,1,0
1201144,93,1,0,1
1130088,93,1,1,0
6281608,93,1,1,0
553952,93,1,0,1
886488,93,1,1,0
207856,93,1,0,1
766912,93,1,0,1
923000,93,1,0,1
4337320,93,1,0,1
445656,93,1,1,0
815368,93,1,1,0
1601080,93,1,1,0
611560,93,1,0,1
3235616,93,1,0,1
1014384,93,1,1,0
928688,93,1,1,0
1617016,93,1,1,0
468304,93,1,0,1
306072,93,1,0,1
7005576,93,1,0,1
1282952,93,1,0,1
464152,93,1,1,0
6121072,93,1,0,1
5834792,93,1,1,0
1556480,93,1,0,1
7378688,93,1,0,1
1255112,93,1,1,0
1591144,93,1,0,1
1809400,93,1,1,0
3761456,93,1,0,1
3577152,93,1,0,1
4753512,93,1,1,0
1465800,93,1,1,0
1174848,93,1,0,1
2808968,93,1,0,1
313528,93,1,1,0
3311176,93,1,0,1
3727752,93,1,1,0
6666904,93,1,1,0
1763680,93,1,1,0
672280,93,1,1,0
1208800,93,1,1,0
3672776,93,1,0,1
4159168,93,1,1,0
190032,93,1,0,1
6202384,93,1,1,0
6222712,93,1,1,0
3140440,93,1,1,0
5532336,93,1,1,0
918080,93,1,0,1
192080,93,1,0,1
8368176,93,1,1,0
7012064,93,1,0,1
528096,93,1,0,1
4293984,93,1,1,0
5472952,93,1,1,0
1549240,93,1,0,1
1207608,93,1,1,0
4564160,93,1,1,0
1458040,93,1,1,0
2560928,93,1,1,0
3369376,93,1,1,0
6437552,93,1,1,0
681552,93,1,1,0
1173048,93,1,1,0
533904,93,1,1,0
1222296,93,1,1,0
2053848,93,1,0,1
482576,93,1,0,1
169928,93,1,0,1
1329840,93,1,0,1
3170632,93,1,1,0
1192264,93,1,1,0
4954160,93,1,1,0
2977208,93,1,0,1
180920,93,1,1,0
3640808,93,1,1,0
5165136,93,1,1,0
5481976,93,1,0,1
7842664,93,1,0,1
474560,93,1,0,1
205088,93,1,0,1
984136,93,1,0,1
1164016,93,1,0,1
255160,93,1,1,0
299608,93,1,1,0
460512,93,1,1,0
836272,93,1,0,1
2382376,93,1,1,0
2390600,93,1,1,0
1089488,93,1,1,0
3538488,93,1,0,1
564240,93,1,0,1
1571120,93,1,1,0
295400,93,1,0,1
358992,93,1,1,0
4833120,93,1,1,0
1098744,93,1,0,1
8158904,93,1,1,0
445168,93,1,0,1
2949296,93,1,0,1
644096,93,1,0,1
6781168,93,1,1,0
2033232,93,1,1,0
422520,93,1,0,1
2282440,93,1,0,1
1184904,93,1,0,1
4166144,93,1,1,0
948304,93,1,1,0
2828632,93,1,1,0
5103696,93,1,1,0
7816344,93,1,1,0
1251560,93,1,0,1
3580600,93,1,1,0
853320,93,1,0,1
1368048,93,1,1,0
264280,93,1,0,1
960840,93,1,1,0
1054840,93,1,1,0
1868432,93,1,1,0
2407552,93,1,0,1
975184,93,1,1,0
1739328,93,1,1,0
4580520,93,1,1,0
176648,93,1,1,0
6925288,93,1,0,1
2398744,93,1,0,1
1032904,93,1,0,1
343352,93,1,0,1
6080592,93,1,0,1
5609616,93,1,1,0
1602176,93,1,1,0
2940824,93,1,0,1
4562152,93,1,1,0
5620000,93,1,1,0
610720,93,1,1,0
2343336,93,1,0,1
1907024,93,1,1,0
290928,93,1,1,0
1246760,93,1,1,0
1961840,93,1,1,0
1097408,93,1,0,1
5565584,93,1,1,0
1277648,93,1,1,0
981848,93,1,1,0
6088864,93,1,0,1
1514720,93,1,0,1
6968600,93,1,1,0
2433816,93,1,1,0
3938960,93,1,0,1
5100592,93,1,1,0
996880,93,1,0,1
2470024,93,1,0,1
281984,93,1,0,1
5383632,93,1,1,0
5398848,93,1,0,1
1471360,93,1,1,0
1729128,93,1,0,1
610256,93,1,0,1
1045288,93,1,0,1
4673176,93,1,1,0
1271272,93,1,0,1
5010672,93,1,1,0
663568,93,1,1,0
2745904,93,1,0,1
757952,93,1,0,1
326016,93,1,1,0
3637344,93,1,1,0
3569880,93,1,1,0
2041880,93,1,0,1
6641552,93,1,0,1
4300088,93,1,0,1
2339424,93,1,0,1
2273296,93,1,1,0
2019352,93,1,0,1
1862240,93,1,0,1
296832,93,1,0,1
1105880,93,1,1,0
3634840,93,1,0,1
891800,93,1,1,0
4761280,93,1,0,1
613752,93,1,1,0
3212864,93,1,1,0
3297152,93,1,1,0
4949208,93,1,1,0
1130200,93,1,0,1
2081328,93,1,1,0
2892752,93,1,0,1
5282528,93,1,0,1
7199208,93,1,0,1
4265544,93,1,0,1
712816,93,1,0,1
339032,93,1,1,0
4255728,93,1,0,1
3900648,93,1,0,1
727832,93,1,0,1
1778400,93,1,1,0
686336,93,1,0,1
2857288,93,1,1,0
6967936,93,1,1,0
1161896,93,1,1,0
3973160,93,1,1,0
5099728,93,1,0,1
2146568,93,1,0,1
331536,93,1,0,1
5758592,93,1,0,1
2154376,93,1,1,0
1781944,93,1,0,1
1986648,93,1,1,0
7545744,93,1,0,1
481888,93,1,0,1
6239472,93,1,1,0
5955968,93,1,1,0
1691128,93,1,1,0
8253192,93,1,0,1
8197832,93,1,0,1
3231552,93,1,0,1
7726632,93,1,0,1
121680,93,1,0,1
7642936,93,1,0,1
4895400,93,1,0,1
1447360,93,1,1,0
888880,93,1,0,1
7023440,93,1,0,1
127448,93,1,1,0
4019848,93,1,1,0
2997328,93,1,1,0
132992,93,1,0,1
4563736,93,1,0,1
1917760,93,1,1,0
2660624,93,1,1,0
1083104,93,1,0,1
2166664,93,1,1,0
254696,93,1,1,0
493200,93,1,1,0
821312,93,1,0,1
5046528,93,1,1,0
1732416,93,1,0,1
206536,93,1,0,1
2791624,93,1,0,1
7389304,93,1,1,0
1806512,93,1,1,0
307680,93,1,1,0
4043632,93,1,1,0
745176,93,1,1,0
2183136,93,1,1,0
4528456,93,1,1,0
2272592,93,1,0,1
1584960,93,1,0,1
6778904,93,1,1,0
3575416,93,1,1,0
489104,93,1,0,1
1045328,93,1,0,1
1366544,93,1,1,0
1032736,93,1,1,0
2268256,93,1,0,1
377496,93,1,0,1
587432,93,1,1,0
5634256,93,1,1,0
1103448,93,1,1,0
340864,93,1,0,1
1147936,93,1,1,0
2210680,93,1,0,1
3187432,93,1,1,0
5256360,93,1,0,1
6200960,93,1,1,0
2610120,93,1,0,1
466392,93,1,1,0
6992712,93,1,0,1
8324368,93,1,0,1
1912680,93,1,0,1
565384,93,1,1,0
6788464,93,1,0,1
894776,93,1,1,0
446048,93,1,0,1
4977088,93,1,1,0
2259200,93,1,1,0
6480392,93,1,0,1
1697840,93,1,1,0
1024216,93,1,1,0
1320176,93,1,1,0
2238560,93,1,0,1
452576,93,1,0,1
6930464,93,1,0,1
3183760,93,1,0,1
1510352,93,1,0,1
418032,93,1,1,0
2099688,93,1,1,0
6620328,93,1,0,1
4219464,93,1,1,0
3499216,93,1,1,0
4025192,93,1,0,1
5184576,93,1,0,1
1004400,93,1,1,0
3605784,93,1,0,1
4017712,93,1,0,1
340128,93,1,0,1
3016280,93,1,0,1
1783368,93,1,1,0
837512,93,1,0,1
618440,93,1,0,1
2308152,93,1,0,1
1114280,93,1,1,0
6089800,93,1,0,1
6168888,93,1,1,0
270984,93,1,0,1
1458160,93,1,0,1
526600,93,1,1,0
1153408,93,1,0,1
3684248,93,1,0,1
4878176,93,1,1,0
1266528,93,1,1,0
1386768,93,1,0,1
2052328,93,1,1,0
1191040,93,1,1,0
325632,93,1,0,1
2224152,93,1,1,0
1131368,93,1,1,0
8333720,93,1,0,1
1906680,93,1,1,0
6376144,93,1,0,1
927344,93,1,1,0
5513608,93,1,0,1
1984056,93,1,1,0
1473776,93,1,1,0
3621000,93,1,1,0
7238400,93,1,1,0
779672,93,1,0,1
2543376,93,1,1,0
2043704,93,1,1,0
1618888,93,1,1,0
5374936,93,1,0,1
403128,93,1,1,0
2843664,93,1,0,1
331048,93,1,0,1
5949584,93,1,0,1
829320,93,1,0,1
5438888,93,1,0,1
1838024,93,1,1,0
6276904,93,1,1,0
5002432,93,1,0,1
671464,93,1,0,1
1449696,93,1,0,1
2976728,93,1,0,1
2738472,93,1,0,1
2053984,93,1,1,0
151440,93,1,1,0
888864,93,1,1,0
6446136,93,1,0,1
8295120,93,1,0,1
1486176,93,1,1,0
1424144,93,1,0,1
579984,93,1,0,1
7737976,93,1,0,1
5325992,93,1,0,1
1499792,93,1,1,0
807472,93,1,0,1
1613464,93,1,0,1
6147568,93,1,1,0
3800960,93,1,0,1
776416,93,1,0,1
2096448,93,1,0,1
5869584,93,1,1,0
3162800,93,1,1,0
747288,93,1,1,0
4860072,93,1,1,0
4869192,93,1,1,0
1602864,93,1,0,1
1924432,93,1,0,1
317488,93,1,0,1
527472,93,1,1,0
1416800,93,1,0,1
6590736,93,1,0,1
647216,93,1,0,1
5078496,93,1,1,0
2005832,93,1,1,0
3388160,93,1,1,0
276088,93,1,1,0
1408960,93,1,1,0
1964912,93,1,0,1
1518008,93,1,1,0
2140936,93,1,0,1
936368,93,1,1,0
815880,93,1,0,1
5341640,93,1,0,1
6133880,93,1,1,0
1903512,93,1,1,0
7805416,93,1,1,0
433040,93,1,0,1
4120600,93,1,1,0
3993832,93,1,1,0
5899344,93,1,1,0
382552,93,1,1,0
2377944,93,1,0,1
4471480,93,1,0,1
6603144,93,1,0,1
234528,93,1,0,1
1771008,93,1,0,1
4236792,93,1,0,1
1906136,93,1,0,1
2106856,93,1,0,1
1417480,93,1,0,1
1571248,93,1,1,0
664720,93,1,0,1
5009544,93,1,1,0
727568,93,1,0,1
1501368,93,1,0,1
5454560,93,1,0,1
4425752,93,1,0,1
940008,93,1,0,1
454400,93,1,1,0
4490624,93,1,0,1
341264,93,1,1,0
519360,93,1,0,1
4778800,93,1,0,1
2645992,93,1,0,1
2667200,93,1,1,0
8227968,93,1,0,1
3912640,93,1,0,1
2490552,93,1,0,1
2427744,93,1,0,1
380008,93,1,1,0
885080,93,1,0,1
4011136,93,1,1,0
2764672,93,1,0,1
4192664,93,1,0,1
1355816,93,1,0,1
6960344,93,1,0,1
978128,93,1,1,0
834800,93,1,0,1
2089592,93,1,0,1
905776,93,1,0,1
791344,93,1,1,0
5456432,93,1,0,1
3241488,93,1,1,0
8041608,93,1,1,0
695864,93,1,1,0
6379048,93,1,0,1
3411208,93,1,0,1
514848,93,1,0,1
982792,93,1,1,0
6389048,93,1,1,0
2916560,93,1,1,0
5149048,93,1,0,1
1392552,93,1,0,1
3954512,93,1,0,1
4117864,93,1,0,1
2568064,93,1,1,0
615448,93,1,1,0
4502344,93,1,0,1
419872,93,1,1,0
4272288,93,1,1,0
1311552,93,1,1,0
4254976,93,1,1,0
5316296,93,1,1,0
540064,93,1,1,0
676960,93,1,0,1
610760,93,1,1,0
6270384,93,1,0,1
1261480,93,1,0,1
1070712,93,1,1,0
1751288,93,1,1,0
4001728,93,1,1,0
5365088,93,1,0,1
667584,93,1,0,1
1903256,93,1,0,1
872632,93,1,0,1
3397128,93,1,0,1
3642288,93,1,0,1
2077824,93,1,0,1
1878640,93,1,1,0
6503456,93,1,1,0
6302144,93,1,0,1
746416,93,1,1,0
716472,93,1,0,1
2619600,93,1,0,1
1564560,93,1,1,0
620488,93,1,0,1
7167640,93,1,0,1
2370392,93,1,0,1
507744,93,1,0,1
173496,93,1,1,0
420456,93,1,0,1
2025848,93,1,1,0
1253640,93,1,0,1
676512,93,1,1,0
3608224,93,1,0,1
3309288,93,1,0,1
2019808,93,1,1,0
783696,93,1,0,1
3164824,93,1,0,1
1265456,93,1,0,1
1677248,93,1,0,1
426056,93,1,0,1
8076768,93,1,0,1
3530840,93,1,1,0
4201752,93,1,0,1
2715568,93,1,1,0
2633824,93,1,0,1
525728,93,1,0,1
730568,93,1,1,0
2687920,93,1,0,1
752064,93,1,0,1
964696,93,1,0,1
5381104,93,1,0,1
4320560,93,1,0,1
836792,93,1,0,1
8048848,93,1,0,1
1381520,93,1,1,0
2231976,93,1,0,1
4742960,93,1,0,1
5053456,93,1,0,1
1776888,93,1,1,0
2494040,93,1,1,0
2750408,93,1,1,0
5544712,93,1,0,1
3034104,93,1,0,1
650536,93,1,1,0
3024648,93,1,1,0
234784,93,1,1,0
6590680,93,1,1,0
2217616,93,1,1,0
1068280,93,1,1,0
741024,93,1,1,0
1491808,93,1,1,0
4834328,93,1,0,1
6572440,93,1,0,1
362688,93,1,1,0
5491160,93,1,0,1
4305280,93,1,1,0
364064,93,1,0,1
2819992,93,1,0,1
970912,93,1,1,0
622192,93,1,1,0
6708560,93,1,1,0
2069048,93,1,1,0
4597952,93,1,1,0
202952,93,1,1,0
3528208,93,1,1,0
4536840,93,1,1,0
1410000,93,1,1,0
5593896,93,1,0,1
1150520,93,1,1,0
2124544,93,1,0,1
7681336,93,1,1,0
359168,93,1,1,0
6626472,93,1,1,0
1498112,93,1,0,1
4414200,93,1,1,0
926256,93,1,1,0
1390384,93,1,1,0
398280,93,1,0,1
1088256,93,1,0,1
2642760,93,1,0,1
272944,93,1,0,1
826256,93,1,0,1
6593824,93,1,1,0
1598424,93,1,1,0
1244648,93,1,0,1
2311288,93,1,0,1
5812312,93,1,0,1
2158016,93,1,1,0
254424,93,1,0,1
415096,93,1,0,1
4045112,93,1,0,1
536160,93,1,1,0
1973936,93,1,0,1
958720,93,1,0,1
382728,93,1,1,0
1296552,93,1,1,0
1660936,93,1,0,1
5585640,93,1,1,0
2278704,93,1,1,0
4498624,93,1,1,0
3195712,93,1,1,0
231704,93,1,1,0
994768,93,1,0,1
4444728,93,1,1,0
185688,93,1,0,1
5548232,93,1,1,0
6486760,93,1,0,1
6508208,93,1,1,0
203152,93,1,1,0
903080,93,1,0,1
596680,93,1,0,1
672064,93,1,0,1
6003624,93,1,1,0
259584,93,1,1,0
525872,93,1,1,0
2120432,93,1,1,0
1681352,93,1,0,1
727320,93,1,1,0
7965008,93,1,0,1
640016,93,1,0,1
3794408,93,1,1,0
2786784,93,1,1,0
3559272,93,1,1,0
2595720,93,1,0,1
1853072,93,1,1,0
1709040,93,1,0,1
1415744,93,1,1,0
8037008,93,1,0,1
3957080,93,1,1,0
728720,93,1,1,0
7078968,93,1,1,0
4076400,93,1,1,0
4030840,93,1,1,0
1062296,93,1,1,0
3727168,93,1,0,1
6995408,93,1,1,0
3676952,93,1,1,0
253048,93,1,1,0
8144384,93,1,0,1
5635400,93,1,1,0
498864,93,1,1,0
2871664,93,1,1,0
4159680,93,1,1,0
767848,93,1,0,1
2542296,93,1,0,1
271160,93,1,0,1
336736,93,1,1,0
833696,93,1,0,1
574040,93,1,0,1
1800640,93,1,1,0
3727656,93,1,1,0
7772304,93,1,1,0
1677568,93,1,1,0
2314376,93,1,0,1
4944680,93,1,1,0
227912,93,1,1,0
5764696,93,1,0,1
4079128,93,1,0,1
2757256,93,1,1,0
651904,93,1,0,1
374904,93,1,1,0
2246840,93,1,1,0
3429392,93,1,1,0
948696,93,1,1,0
2845304,93,1,0,1
6573816,93,1,1,0
4832944,93,1,0,1
3321856,93,1,0,1
7952920,93,1,0,1
2062808,93,1,1,0
3455304,93,1,0,1
4919840,93,1,0,1
1744664,93,1,0,1
4904208,93,1,0,1
3706864,93,1,1,0
5555744,93,1,1,0
367104,93,1,1,0
5877120,93,1,0,1
3612440,93,1,1,0
3816064,93,1,0,1
2855488,93,1,1,0
2099128,93,1,1,0
149416,93,1,1,0
1419384,93,1,1,0
3455776,93,1,1,0
530040,93,1,1,0
2398240,93,1,0,1
7893664,93,1,1,0
2820448,93,1,0,1
192512,93,1,1,0
3383056,93,1,0,1
3690064,93,1,0,1
2114856,93,1,1,0
2745848,93,1,0,1
411432,93,1,0,1
2082304,93,1,0,1
1024464,93,1,1,0
5812592,93,1,1,0
873072,93,1,1,0
2371368,93,1,0,1
5094416,93,1,0,1
6451664,93,1,1,0
6768288,93,1,0,1
3205648,93,1,0,1
2904464,93,1,1,0
3465592,93,1,1,0
1208024,93,1,0,1
640888,93,1,0,1
268536,93,1,0,1
1383448,93,1,0,1
994280,93,1,0,1
1468928,93,1,1,0
825120,93,1,0,1
934192,93,1,1,0
2146464,93,1,0,1
5190280,93,1,1,0
1327984,93,1,1,0
786248,93,1,0,1
5332056,93,1,1,0
323736,93,1,1,0
4326520,93,1,1,0
6438896,93,1,1,0
3421320,93,1,1,0
680120,93,1,1,0
1275696,93,1,1,0
788768,93,1,1,0
4139568,93,1,1,0
1561344,93,1,1,0
4628616,93,1,0,1
5573904,93,1,0,1
3293688,93,1,0,1
1278952,93,1,1,0
1856056,93,1,1,0
6828488,93,1,1,0
1371048,93,1,1,0
1299816,93,1,1,0
2909864,93,1,0,1
7041072,93,1,1,0
911264,93,1,0,1
5263296,93,1,0,1
4574056,93,1,1,0
1027488,93,1,1,0
2046296,93,1,1,0
7276016,93,1,1,0
6202392,93,1,1,0
7690664,93,1,0,1
3011672,93,1,1,0
5622992,93,1,1,0
5466120,93,1,1,0
458088,93,1,0,1
5260016,93,1,1,0
5859352,93,1,1,0
7141640,93,1,0,1
5513288,93,1,1,0
805648,93,1,0,1
634512,93,1,0,1
3431352,93,1,1,0
4361960,93,1,0,1
899928,93,1,1,0
2808312,93,1,1,0
7022544,93,1,0,1
1210048,93,1,1,0
2831920,93,1,1,0
6773056,93,1,0,1
398800,93,1,1,0
836768,93,1,0,1
607872,93,1,0,1
3320488,93,1,0,1
6350920,93,1,0,1
242008,93,1,1,0
1488064,93,1,1,0
6630400,93,1,0,1
4429592,93,1,1,0
7702240,93,1,0,1
5522848,93,1,1,0
8229616,93,1,0,1
5915048,93,1,1,0
1997104,93,1,0,1
426320,93,1,1,0
6291984,93,1,0,1
584512,93,1,1,0
115504,93,1,1,0
1101344,93,1,0,1
4234472,93,1,1,0
274376,93,1,1,0
2234440,93,1,0,1
8013840,93,1,1,0
3729184,93,1,1,0
806016,93,1,1,0
836120,93,1,1,0
5660272,93,1,0,1
545048,93,1,0,1
352240,93,1,0,1
3370656,93,1,0,1
366288,93,1,1,0
909480,93,1,0,1
7235744,93,1,1,0
3766816,93,1,0,1
2492152,93,1,1,0
3384360,93,1,0,1
946784,93,1,0,1
1172696,93,1,0,1
6263456,93,1,0,1
630944,93,1,1,0
3707544,93,1,0,1
430176,93,1,1,0
425608,93,1,0,1
6510632,93,1,0,1
2361592,93,1,1,0
471152,93,1,0,1
1952880,93,1,0,1
7776816,93,1,0,1
4980272,93,1,0,1
1955768,93,1,1,0
7756344,93,1,1,0
4125416,93,1,0,1
843184,93,1,1,0
792280,93,1,1,0
2431520,93,1,0,1
6626608,93,1,0,1
7684936,93,1,1,0
290600,93,1,1,0
8147680,93,1,0,1
1470592,93,1,0,1
1321040,93,1,1,0
1286808,93,1,0,1
4175080,93,1,1,0
2422640,93,1,1,0
1735032,93,1,0,1
7313096,93,1,0,1
461840,93,1,1,0
2007952,93,1,1,0
4089624,93,1,0,1
3487432,93,1,1,0
1692336,93,1,0,1
3163952,93,1,0,1
464344,93,1,1,0
5183856,93,1,0,1
644072,93,1,0,1
1314880,93,1,1,0
3965616,93,1,0,1
1195752,93,1,1,0
2846696,93,1,1,0
2113960,93,1,1,0
2092760,93,1,0,1
1130640,93,1,0,1
4698872,93,1,0,1
991568,93,1,0,1
7596256,93,1,1,0
8180064,93,1,1,0
2602280,93,1,1,0
8080464,93,1,0,1
5054624,93,1,1,0
1398024,93,1,1,0
6122344,93,1,0,1
6252144,93,1,0,1
4152248,93,1,1,0
3764232,93,1,1,0
959752,93,1,0,1
5144648,93,1,1,0
3572696,93,1,1,0
425632,93,1,0,1
153712,93,1,0,1
4423504,93,1,0,1
1544008,93,1,1,0
1994640,93,1,0,1
821032,93,1,1,0
5880064,93,1,1,0
1120112,93,1,0,1
616512,93,1,0,1
5814336,93,1,0,1
2546488,93,1,0,1
3507072,93,1,1,0
2362704,93,1,0,1
1246536,93,1,1,0
7136696,93,1,0,1
526576,93,1,0,1
5558248,93,1,0,1
3128824,93,1,1,0
83040,93,1,1,0
6158440,93,1,0,1
5179952,93,1,1,0
784624,93,1,1,0
1136808,93,1,0,1
563136,93,1,1,0
2230968,93,1,1,0
2459568,93,1,1,0
1928288,93,1,0,1
2390056,93,1,0,1
759192,93,1,1,0
3157832,93,1,1,0
202160,93,1,1,0
2815752,93,1,0,1
1167976,93,1,0,1
185344,93,1,0,1
2670856,93,1,0,1
2654712,93,1,0,1
1083592,93,1,1,0
4294984,93,1,1,0
182768,93,1,0,1
3600304,93,1,0,1
1370192,93,1,0,1
4102432,93,1,0,1
1239168,93,1,0,1
502040,93,1,1,0
5358664,93,1,1,0
7944416,93,1,1,0
7121840,93,1,1,0
393944,93,1,1,0
7842696,93,1,0,1
6686088,93,1,1,0
2978640,93,1,0,1
344416,93,1,1,0
1621664,93,1,1,0
3368072,93,1,0,1
4591896,93,1,1,0
5396880,93,1,1,0
3164184,93,1,0,1
6951128,93,1,1,0
1480272,93,1,0,1
5440168,93,1,1,0
93280,93,1,1,0
3838928,93,1,0,1
887504,93,1,0,1
2946040,93,1,1,0
1484984,93,1,1,0
2504944,93,1,1,0
684760,93,1,1,0
332520,93,1,0,1
7320464,93,1,1,0
2401656,93,1,1,0
1635472,93,1,1,0
1826176,93,1,1,0
3442968,93,1,0,1
3083112,93,1,1,0
173288,93,1,1,0
7443432,93,1,1,0
5231864,93,1,0,1
1505024,93,1,1,0
5878408,93,1,1,0
1174488,93,1,1,0
656592,93,1,1,0
347688,93,1,0,1
755792,93,1,0,1
4804272,93,1,1,0
977232,93,1,0,1
5590600,93,1,0,1
1815808,93,1,1,0
212760,93,1,1,0
2290896,93,1,0,1
4729072,93,1,1,0
448024,93,1,0,1
3946520,93,1,1,0
7667656,93,1,1,0
3617936,93,1,1,0
7255896,93,1,1,0
2214232,93,1,0,1
951160,93,1,0,1
1032304,93,1,1,0
502096,93,1,0,1
1264416,93,1,1,0
5902832,93,1,1,0
2798120,93,1,1,0
331840,93,1,1,0
3713176,93,1,0,1
1266216,93,1,1,0
1481408,93,1,0,1
504728,93,1,1,0
907528,93,1,1,0
1850624,93,1,1,0
7373280,93,1,1,0
5451440,93,1,1,0
2294608,93,1,0,1
1673400,93,1,0,1
393840,93,1,1,0
4227568,93,1,0,1
2528736,93,1,1,0
7478208,93,1,0,1
2175704,93,1,1,0
7376520,93,1,1,0
439232,93,1,0,1
675400,93,1,0,1
5083848,93,1,0,1
1248456,93,1,1,0
6206216,93,1,1,0
977992,93,1,0,1
6601784,93,1,0,1
1698456,93,1,0,1
2731040,93,1,1,0
4828760,93,1,1,0
4696240,93,1,1,0
1122912,93,1,1,0
640560,93,1,1,0
5623776,93,1,0,1
281848,93,1,1,0
4832160,93,1,1,0
1849176,93,1,1,0
3467280,93,1,0,1
1752448,93,1,1,0
3322000,93,1,1,0
927368,93,1,0,1
5063760,93,1,0,1
4205032,93,1,0,1
186000,93,1,1,0
2364280,93,1,0,1
4625672,93,1,1,0
4564392,93,1,0,1
344888,93,1,1,0
5965328,93,1,0,1
1298600,93,1,1,0
6670144,93,1,0,1
6710232,93,1,1,0
3772408,93,1,0,1
1895616,93,1,0,1
1872976,93,1,0,1
2353336,93,1,0,1
1922392,93,1,0,1
5173816,93,1,1,0
6275976,93,1,1,0
3882784,93,1,0,1
580888,93,1,0,1
3936040,93,1,0,1
268072,93,1,1,0
371312,93,1,1,0
1533424,93,1,1,0
1887032,93,1,0,1
923272,93,1,0,1
348024,93,1,0,1
323384,93,1,0,1
2556816,93,1,0,1
1929920,93,1,0,1
1137216,93,1,0,1
4467640,93,1,1,0
7785104,93,1,0,1
1623320,93,1,1,0
1542912,93,1,1,0
1165128,93,1,1,0
7823280,93,1,0,1
4471696,93,1,0,1
2887184,93,1,1,0
858512,93,1,1,0
450848,93,1,0,1
2442264,93,1,1,0
3081528,93,1,1,0
2318688,93,1,0,1
1424016,93,1,0,1
402864,93,1,1,0
1061776,93,1,1,0
6788936,93,1,0,1
855360,93,1,1,0
7153080,93,1,0,1
1562488,93,1,0,1
2820768,93,1,1,0
487056,93,1,0,1
4007496,93,1,0,1
709448,93,1,0,1
930688,93,1,0,1
966880,93,1,1,0
6875336,93,1,1,0
2724824,93,1,1,0
4415720,93,1,0,1
6211496,93,1,0,1
7652544,93,1,1,0
467184,93,1,0,1
297136,93,1,0,1
4836864,93,1,0,1
3053600,93,1,1,0
2821200,93,1,0,1
306432,93,1,1,0
364312,93,1,1,0
7518504,93,1,0,1
204448,93,1,0,1
1787952,93,1,1,0
447888,93,1,0,1
2661744,93,1,0,1
7021552,93,1,0,1
3848200,93,1,0,1
2712248,93,1,1,0
7083720,93,1,1,0
4676928,93,1,1,0
5680040,93,1,1,0
2837576,93,1,1,0
2422712,93,1,1,0
2549464,93,1,1,0
7347656,93,1,1,0
1777616,93,1,0,1
3783768,93,1,0,1
1491840,93,1,1,0
596864,93,1,0,1
1767960,93,1,1,0
1154080,93,1,0,1
1250520,93,1,0,1
1871632,93,1,1,0
2201136,93,1,0,1
1342168,93,1,1,0
4357528,93,1,0,1
225080,93,1,1,0
1878024,93,1,1,0
84952,93,1,1,0
541048,93,1,0,1
6526672,93,1,1,0
819776,93,1,0,1
6958600,93,1,0,1
1684456,93,1,1,0
2437960,93,1,1,0
1338568,93,1,1,0
7562408,93,1,1,0
1411680,93,1,0,1
200728,93,1,1,0
1609752,93,1,1,0
4370744,93,1,0,1
130112,93,1,0,1
2128944,93,1,1,0
5040360,93,1,1,0
639336,93,1,1,0
2099968,93,1,1,0
3764744,93,1,1,0
2458104,93,1,1,0
8347728,93,1,1,0
2898696,93,1,0,1
1881376,93,1,0,1
1258424,93,1,0,1
1715632,93,1,0,1
2604064,93,1,0,1
3385992,93,1,1,0
6939744,93,1,0,1
2334920,93,1,1,0
1001728,93,1,0,1
560008,93,1,0,1
588016,93,1,0,1
844984,93,1,1,0
3935768,93,1,0,1
1463432,93,1,0,1
702248,93,1,1,0
6453688,93,1,0,1
1528072,93,1,1,0
1870016,93,1,1,0
1047344,93,1,0,1
3579264,93,1,0,1
2770592,93,1,1,0
483824,93,1,0,1
1623184,93,1,1,0
3376304,93,1,1,0
3427216,93,1,1,0
5908880,93,1,0,1
8166584,93,1,1,0
626384,93,1,0,1
1068368,93,1,0,1
1261696,93,1,0,1
1015736,93,1,1,0
400672,93,1,0,1
219688,93,1,0,1
2873008,93,1,1,0
4305288,93,1,1,0
5822408,93,1,1,0
2090968,93,1,1,0
5843064,93,1,1,0
5638904,93,1,1,0
1537816,93,1,1,0
5438064,93,1,0,1
381664,93,1,0,1
1390736,93,1,0,1
1469968,93,1,1,0
909112,93,1,1,0
6385120,93,1,1,0
3123800,93,1,0,1
4632640,93,1,1,0
4290880,93,1,0,1
2438224,93,1,0,1
843576,93,1,1,0
8334696,93,1,1,0
8303664,93,1,0,1
1268048,93,1,1,0
643192,93,1,0,1
606728,93,1,1,0
134728,93,1,0,1
5183024,93,1,0,1
3733120,93,1,0,1
292488,93,1,1,0
6087560,93,1,1,0
567720,93,1,0,1
2836472,93,1,0,1
645296,93,1,1,0
653560,93,1,1,0
1362048,93,1,1,0
4222208,93,1,1,0
846904,93,1,1,0
573752,93,1,0,1
4875264,93,1,1,0
606944,93,1,1,0
7999112,93,1,0,1
847592,93,1,1,0
7400872,93,1,0,1
979472,93,1,1,0
6727992,93,1,0,1
1592952,93,1,0,1
499016,93,1,1,0
7148520,93,1,1,0
216152,93,1,0,1
1265576,93,1,1,0
1867792,93,1,0,1
548544,93,1,1,0
3070368,93,1,0,1
5190432,93,1,0,1
1017904,93,1,1,0
1222512,93,1,1,0
241312,93,1,0,1
4028696,93,1,1,0
8240344,93,1,1,0
3371280,93,1,0,1
4755040,93,1,0,1
4623984,93,1,0,1
7867296,93,1,0,1
1415216,93,1,0,1
351560,93,1,0,1
6927936,93,1,0,1
1271400,93,1,0,1
4256968,93,1,1,0
4073944,93,1,0,1
389272,93,1,0,1
4069304,93,1,1,0
1427656,93,1,1,0
6509056,93,1,1,0
1811368,93,1,0,1
6341784,93,1,0,1
4066720,93,1,0,1
3655152,93,1,0,1
1621600,93,1,1,0
776456,93,1,0,1
8261440,93,1,1,0
4866288,93,1,0,1
472704,93,1,1,0
2975696,93,1,0,1
1764696,93,1,0,1
366792,93,1,1,0
2269008,93,1,0,1
612352,93,1,0,1
4183784,93,1,1,0
1649992,93,1,1,0
1955680,93,1,1,0
7209856,93,1,0,1
4048200,93,1,0,1
6917088,93,1,0,1
5432064,93,1,0,1
200448,93,1,1,0
1268656,93,1,0,1
5160824,93,1,0,1
2858224,93,1,0,1
2754664,93,1,1,0
6250720,93,1,1,0
2069080,93,1,0,1
4838064,93,1,1,0
2024056,93,1,1,0
4404568,93,1,1,0
1353608,93,1,0,1
175592,93,1,0,1
2626472,93,1,1,0
712784,93,1,1,0
2128952,93,1,0,1
7358744,93,1,1,0
2296624,93,1,1,0
1591336,93,1,0,1
2622248,93,1,0,1
533920,93,1,1,0
1388272,93,1,0,1
4128688,93,1,1,0
2197776,93,1,0,1
756016,93,1,0,1
2814592,93,1,1,0
1053152,93,1,1,0
2930624,93,1,0,1
669360,93,1,1,0
1194912,93,1,0,1
2040440,93,1,0,1
1908064,93,1,0,1
420000,93,1,0,1
4382944,93,1,1,0
2091584,93,1,1,0
8242648,93,1,0,1
2151000,93,1,1,0
1301632,93,1,1,0
6698704,93,1,1,0
210984,93,1,1,0
1504320,93,1,1,0
4494424,93,1,1,0
376600,93,1,0,1
2093344,93,1,1,0
6274088,93,1,1,0
406880,93,1,0,1
932560,93,1,1,0
3497576,93,1,0,1
2086280,93,1,1,0
3399296,93,1,0,1
5372776,93,1,0,1
2217776,93,1,0,1
4099640,93,1,0,1
199192,93,1,1,0
132008,93,1,1,0
2655800,93,1,1,0
3464072,93,1,1,0
4940224,93,1,1,0
2075680,93,1,1,0
5216312,93,1,0,1
2337112,93,1,1,0
1792416,93,1,0,1
2475776,93,1,1,0
2857984,93,1,1,0
1983752,93,1,0,1
465856,93,1,1,0
932120,93,1,1,0
269736,93,1,0,1
6544504,93,1,0,1
7252304,93,1,1,0
344608,93,1,0,1
1605328,93,1,0,1
201744,93,1,1,0
7941680,93,1,1,0
255088,93,1,1,0
3904704,93,1,1,0
2778408,93,1,0,1
1809248,93,1,0,1
2391512,93,1,1,0
3446056,93,1,0,1
593184,93,1,1,0
1277560,93,1,1,0
4553584,93,1,1,0
5872088,93,1,1,0
483736,93,1,0,1
326944,93,1,0,1
6033880,93,1,0,1
4253904,93,1,1,0
7814632,93,1,1,0
1487736,93,1,1,0
6390976,93,1,0,1
2230912,93,1,1,0
1856352,93,1,1,0
8132072,93,1,0,1
3204792,93,1,1,0
2818592,93,1,0,1
1401504,93,1,1,0
3314416,93,1,1,0
540512,93,1,1,0
8169640,93,1,0,1
2678360,93,1,0,1
2254648,93,1,1,0
2374664,93,1,1,0
2642784,93,1,1,0
681280,93,1,0,1
1614864,93,1,0,1
3666328,93,1,0,1
2723336,93,1,0,1
1171512,93,1,0,1
1096864,93,1,1,0
8023280,93,1,0,1
3230672,93,1,1,0
7440384,93,1,0,1
538664,93,1,1,0
4202840,93,1,0,1
3286904,93,1,0,1
4827768,93,1,1,0
3076056,93,1,0,1
5227376,93,1,0,1
5471656,93,1,0,1
314728,93,1,1,0
3243128,93,1,0,1
8266600,93,1,1,0
1013000,93,1,0,1
1367120,93,1,0,1
508744,93,1,1,0
8357040,93,1,0,1
1735848,93,1,0,1
5879688,93,1,0,1
1135552,93,1,0,1
4200968,93,1,0,1
4499552,93,1,1,0
5551664,93,1,0,1
407048,93,1,1,0
1074936,93,1,1,0
885680,93,1,0,1
2531712,93,1,0,1
2752408,93,1,0,1
6289592,93,1,1,0
1673608,93,1,1,0
2244104,93,1,0,1
8341272,93,1,0,1
4768680,93,1,1,0
1807960,93,1,1,0
3365760,93,1,0,1
6300760,93,1,0,1
3468568,93,1,1,0
985392,93,1,1,0
2755840,93,1,0,1
486496,93,1,0,1
6995896,93,1,0,1
2841184,93,1,0,1
1999128,93,1,1,0
1820984,93,1,0,1
3451952,93,1,1,0
974232,93,1,0,1
3643856,93,1,0,1
1765208,93,1,1,0
996136,93,1,1,0
607320,93,1,1,0
206984,93,1,1,0
4778264,93,1,1,0
4899424,93,1,1,0
565696,93,1,1,0
562512,93,1,1,0
6366008,93,1,0,1
788848,93,1,1,0
1917352,93,1,0,1
1154976,93,1,0,1
318208,93,1,1,0
6097648,93,1,0,1
2130128,93,1,1,0
381328,93,1,0,1
863672,93,1,1,0
440952,93,1,1,0
2125624,93,1,1,0
3700616,93,1,1,0
357080,93,1,1,0
2294296,93,1,1,0
2431840,93,1,1,0
940456,93,1,1,0
124120,93,1,1,0
2595984,93,1,0,1
5378048,93,1,0,1
3386680,93,1,1,0
1113808,93,1,0,1
2501224,93,1,0,1
2174768,93,1,1,0
6767136,93,1,1,0
1971168,93,1,0,1
6349232,93,1,1,0
6272256,93,1,0,1
692992,93,1,1,0
2573744,93,1,0,1
8146784,93,1,0,1
3701784,93,1,1,0
91392,93,1,1,0
482816,93,1,0,1
4486608,93,1,1,0
2400232,93,1,0,1
1575848,93,1,0,1
780608,93,1,1,0
4815912,93,1,0,1
1817456,93,1,1,0
1962416,93,1,1,0
4376376,93,1,0,1
6553840,93,1,0,1
619520,93,1,1,0
1051904,93,1,1,0
4196904,93,1,1,0
6897984,93,1,0,1
2309104,93,1,1,0
395336,93,1,0,1
2931056,93,1,1,0
1106136,93,1,1,0
3048768,93,1,1,0
1339456,93,1,1,0
157768,93,1,1,0
5443376,93,1,0,1
1138704,93,1,1,0
3821680,93,1,1,0
674544,93,1,0,1
771728,93,1,0,1
279776,93,1,1,0
3957344,93,1,0,1
7825800,93,1,0,1
8271304,93,1,0,1
378072,93,1,0,1
2435232,93,1,0,1
7676624,93,1,1,0
224640,93,1,1,0
1468184,93,1,1,0
643680,93,1,0,1
2550312,93,1,0,1
1631192,93,1,0,1
1122536,93,1,0,1
1066064,93,1,0,1
6687216,93,1,1,0
2926056,93,1,0,1
563848,93,1,1,0
3545816,93,1,1,0
890520,93,1,0,1
2794224,93,1,1,0
647504,93,1,1,0
3132456,93,1,1,0
3840392,93,1,0,1
1543856,93,1,1,0
6402824,93,1,0,1
6563488,93,1,1,0
989152,93,1,0,1
1107104,93,1,0,1
234144,93,1,0,1
6794584,93,1,1,0
719600,93,1,0,1
3013656,93,1,0,1
991024,93,1,1,0
1231760,93,1,0,1
4399008,93,1,0,1
5619752,93,1,0,1
1187384,93,1,1,0
1725688,93,1,1,0
372728,93,1,1,0
4380896,93,1,0,1
679792,93,1,1,0
2246688,93,1,1,0
2201624,93,1,1,0
1995496,93,1,1,0
208888,93,1,0,1
5007320,93,1,0,1
2185408,93,1,0,1
990592,93,1,0,1
7202856,93,1,0,1
597256,93,1,0,1
791528,93,1,1,0
1133584,93,1,1,0
6242840,93,1,1,0
5044264,93,1,1,0
1417000,93,1,0,1
3255376,93,1,0,1
5604936,93,1,1,0
501232,93,1,1,0
7687672,93,1,0,1
7803440,93,1,1,0
7537720,93,1,1,0
373256,93,1,0,1
810256,93,1,1,0
3907720,93,1,1,0
1498208,93,1,1,0
1433792,93,1,0,1
1648944,93,1,0,1
6343632,93,1,0,1
2956520,93,1,0,1
3697232,93,1,0,1
795240,93,1,0,1
7163416,93,1,0,1
629792,93,1,1,0
2544280,93,1,0,1
6927496,93,1,1,0
2725296,93,1,0,1
1005312,93,1,1,0
7998648,93,1,0,1
6310432,93,1,1,0
1373872,93,1,0,1
4984000,93,1,0,1
329560,93,1,1,0
2029936,93,1,1,0
4435016,93,1,1,0
3444968,93,1,1,0
871704,93,1,0,1
833376,93,1,1,0
394920,93,1,0,1
1445672,93,1,1,0
1924600,93,1,0,1
8066152,93,1,1,0
3616000,93,1,0,1
5302448,93,1,0,1
328872,93,1,0,1
1467800,93,1,0,1
1029368,93,1,0,1
5226056,93,1,0,1
1644480,93,1,0,1
2472888,93,1,1,0
3744040,93,1,0,1
570424,93,1,1,0
3918048,93,1,0,1
3746816,93,1,1,0
3830296,93,1,0,1
3898152,93,1,0,1
586048,93,1,1,0
5010800,93,1,0,1
1694328,93,1,1,0
893432,93,1,0,1
404816,93,1,1,0
7862328,93,1,1,0
3534800,93,1,1,0
2823312,93,1,1,0
3143688,93,1,1,0
7928504,93,1,1,0
831696,93,1,0,1
7013344,93,1,0,1
6783336,93,1,0,1
4620648,93,1,1,0
222496,93,1,0,1
1437248,93,1,1,0
7439600,93,1,1,0
4017008,93,1,1,0
1917768,93,1,0,1
1646696,93,1,0,1
3499864,93,1,1,0
137000,93,1,0,1
8168416,93,1,1,0
6568968,93,1,0,1
8150832,93,1,1,0
384720,93,1,1,0
774520,93,1,1,0
1944384,93,1,0,1
3774632,93,1,1,0
6217176,93,1,0,1
917272,93,1,0,1
4465600,93,1,1,0
699456,93,1,0,1
302368,93,1,0,1
397416,93,1,0,1
3083864,93,1,1,0
4393224,93,1,0,1
656536,93,1,1,0
1552272,93,1,1,0
2355344,93,1,0,1
235208,93,1,1,0
1353640,93,1,1,0
1334536,93,1,0,1
5433744,93,1,0,1
2008864,93,1,0,1
1060496,93,1,1,0
67208,93,1,1,0
484576,93,1,1,0
659632,93,1,0,1
705176,93,1,0,1
936248,93,1,1,0
1620544,93,1,1,0
6326248,93,1,0,1
3357160,93,1,0,1
1055472,93,1,0,1
3635320,93,1,1,0
3816360,93,1,1,0
2439184,93,1,0,1
8381208,93,1,0,1
3487496,93,1,0,1
3210064,93,1,0,1
650624,93,1,1,0
1579544,93,1,0,1
2241824,93,1,0,1
6485784,93,1,0,1
2104744,93,1,0,1
3404176,93,1,0,1
307200,93,1,1,0
3062688,93,1,1,0
281936,93,1,0,1
1017280,93,1,0,1
2764616,93,1,1,0
7833024,93,1,0,1
2938104,93,1,1,0
865352,93,1,0,1
2652176,93,1,0,1
2325080,93,1,0,1
732208,93,1,1,0
3680312,93,1,0,1
729728,93,1,0,1
2038528,93,1,1,0
4933296,93,1,1,0
2459024,93,1,1,0
6657872,93,1,0,1
1327512,93,1,0,1
301832,93,1,0,1
373240,93,1,1,0
872072,93,1,0,1
2264088,93,1,0,1
1151392,93,1,0,1
1160584,93,1,0,1
2430504,93,1,0,1
6559144,93,1,1,0
371096,93,1,0,1
1098872,93,1,0,1
2493192,93,1,1,0
167496,93,1,0,1
5062960,93,1,0,1
1385512,93,1,0,1
2516384,93,1,0,1
7008208,93,1,0,1
8121440,93,1,1,0
3131904,93,1,0,1
3640288,93,1,1,0
757640,93,1,1,0
2213720,93,1,0,1
4309096,93,1,0,1
8348264,93,1,1,0
7332248,93,1,0,1
7272840,93,1,1,0
2588896,93,1,0,1
937176,93,1,1,0
8269392,93,1,0,1
2635856,93,1,1,0
5931864,93,1,1,0
2885336,93,1,0,1
6413560,93,1,1,0
1735672,93,1,0,1
1775048,93,1,0,1
6332192,93,1,1,0
1511800,93,1,0,1
611832,93,1,1,0
490000,93,1,0,1
6602512,93,1,0,1
1139968,93,1,1,0
372544,93,1,1,0
2913760,93,1,0,1
2616128,93,1,0,1
7991512,93,1,1,0
679400,93,1,0,1
5194296,93,1,1,0
1325704,93,1,1,0
1320152,94,1,0,1
1571448,94,1,0,1
951480,94,1,1,0
174864,94,1,0,1
1078584,94,1,0,1
5098016,94,1,1,0
1424840,94,1,1,0
6444080,94,1,0,1
7116592,94,1,0,1
136832,94,1,1,0
6571384,94,1,0,1
2764224,94,1,1,0
7478944,94,1,1,0
2381304,94,1,1,0
1454976,94,1,0,1
1639984,94,1,0,1
3627904,94,1,0,1
936360,94,1,1,0
164080,94,1,0,1
8254040,94,1,0,1
2427240,94,1,0,1
1283992,94,1,0,1
670136,94,1,1,0
1764400,94,1,0,1
423232,94,1,0,1
1185816,94,1,1,0
4859336,94,1,0,1
6918264,94,1,0,1
6067448,94,1,0,1
352328,94,1,1,0
5011808,94,1,0,1
1633768,94,1,0,1
1677536,94,1,1,0
1511760,94,1,1,0
2917288,94,1,0,1
948232,94,1,0,1
637664,94,1,1,0
4790768,94,1,1,0
200832,94,1,1,0
2477536,94,1,1,0
8102344,94,1,0,1
8242072,94,1,1,0
394664,94,1,1,0
5415160,94,1,0,1
653792,94,1,0,1
1315968,94,1,1,0
861736,94,1,0,1
3988984,94,1,1,0
4309000,94,1,0,1
792536,94,1,1,0
5003896,94,1,0,1
797520,94,1,1,0
205384,94,1,1,0
5195056,94,1,0,1
2457984,94,1,1,0
3541008,94,1,1,0
6561816,94,1,1,0
1553088,94,1,1,0
664816,94,1,1,0
5585552,94,1,1,0
1058528,94,1,1,0
1973608,94,1,1,0
3394160,94,1,0,1
5554224,94,1,1,0
4931064,94,1,1,0
3590440,94,1,1,0
5837168,94,1,0,1
707056,94,1,1,0
6235872,94,1,0,1
2706776,94,1,1,0
3318104,94,1,0,1
2832856,94,1,0,1
1694968,94,1,0,1
547176,94,1,1,0
1025888,94,1,0,1
2486784,94,1,0,1
226928,94,1,0,1
3632496,94,1,0,1
3446792,94,1,0,1
1668664,94,1,0,1
3101824,94,1,1,0
5116096,94,1,0,1
2344056,94,1,1,0
1834216,94,1,0,1
4513536,94,1,0,1
4517368,94,1,1,0
2733320,94,1,0,1
885272,94,1,0,1
8098200,94,1,1,0
8113448,94,1,1,0
5754976,94,1,0,1
2112336,94,1,1,0
3855688,94,1,0,1
1616968,94,1,0,1
6685008,94,1,0,1
1678592,94,1,0,1
1138968,94,1,1,0
579152,94,1,1,0
6427656,94,1,1,0
3538864,94,1,0,1
93888,94,1,1,0
847448,94,1,0,1
6927712,94,1,0,1
559648,94,1,0,1
1961472,94,1,0,1
3910216,94,1,1,0
6296488,94,1,0,1
7967072,94,1,1,0
7225824,94,1,1,0
126064,94,1,0,1
787984,94,1,0,1
3209496,94,1,0,1
931000,94,1,0,1
3794664,94,1,1,0
2395928,94,1,1,0
3538064,94,1,1,0
1135896,94,1,0,1
5239360,94,1,1,0
3153152,94,1,0,1
1396696,94,1,0,1
5664888,94,1,1,0
5046960,94,1,0,1
314760,94,1,1,0
5351968,94,1,1,0
8005584,94,1,0,1
2905488,94,1,1,0
1903848,94,1,1,0
968312,94,1,1,0
1310184,94,1,0,1
5446176,94,1,0,1
501096,94,1,1,0
2232072,94,1,1,0
1483688,94,1,0,1
3133800,94,1,1,0
1185296,94,1,1,0
1742448,94,1,0,1
437176,94,1,0,1
303640,94,1,0,1
1641216,94,1,0,1
4772744,94,1,0,1
2035432,94,1,0,1
8154112,94,1,1,0
4746600,94,1,1,0
6881808,94,1,1,0
7957904,94,1,1,0
5234536,94,1,1,0
954984,94,1,1,0
2979728,94,1,0,1
3781440,94,1,0,1
1938616,94,1,0,1
5127592,94,1,1,0
534296,94,1,1,0
1922976,94,1,0,1
5447648,94,1,1,0
931208,94,1,1,0
2842040,94,1,0,1
791232,94,1,0,1
3546032,94,1,0,1
5542512,94,1,1,0
391776,94,1,0,1
1617952,94,1,0,1
677568,94,1,1,0
3342200,94,1,1,0
3000080,94,1,0,1
2293496,94,1,0,1
1221920,94,1,0,1
3630344,94,1,1,0
3205272,94,1,0,1
268336,94,1,0,1
928320,94,1,0,1
1443528,94,1,1,0
5945856,94,1,0,1
4338328,94,1,0,1
209632,94,1,1,0
3291408,94,1,0,1
916104,94,1,1,0
2164784,94,1,1,0
2374560,94,1,0,1
290512,94,1,1,0
5605376,94,1,0,1
178008,94,1,0,1
787520,94,1,0,1
701224,94,1,1,0
1375232,94,1,0,1
6604104,94,1,1,0
828224,94,1,0,1
2956496,94,1,1,0
2359352,94,1,1,0
7882496,94,1,0,1
2440536,94,1,0,1
4534328,94,1,1,0
1384576,94,1,1,0
6777464,94,1,1,0
440808,94,1,1,0
858272,94,1,0,1
3810064,94,1,0,1
1597864,94,1,0,1
2219456,94,1,0,1
3963232,94,1,0,1
3638488,94,1,0,1
3920056,94,1,1,0
2170816,94,1,0,1
2702048,94,1,1,0
1213344,94,1,1,0
5295896,94,1,0,1
2316624,94,1,1,0
83888,94,1,1,0
8044960,94,1,0,1
1034120,94,1,1,0
3427152,94,1,1,0
6685440,94,1,0,1
6517800,94,1,1,0
859784,94,1,1,0
4829968,94,1,1,0
888608,94,1,0,1
2544312,94,1,1,0
850816,94,1,1,0
1271792,94,1,0,1
1218976,94,1,0,1
648568,94,1,0,1
1191056,94,1,0,1
7804704,94,1,1,0
6790992,94,1,1,0
5628016,94,1,0,1
5741280,94,1,0,1
5836952,94,1,1,0
2551256,94,1,1,0
8239152,94,1,0,1
1134864,94,1,0,1
2781536,94,1,1,0
1230744,94,1,1,0
592656,94,1,1,0
2063512,94,1,0,1
282280,94,1,0,1
8351552,94,1,1,0
348208,94,1,0,1
4810032,94,1,1,0
998952,94,1,1,0
1529920,94,1,0,1
5409112,94,1,1,0
2560088,94,1,1,0
3362688,94,1,1,0
7007080,94,1,0,1
2320144,94,1,0,1
521064,94,1,1,0
479416,94,1,1,0
288952,94,1,0,1
1519480,94,1,1,0
1807408,94,1,0,1
876240,94,1,1,0
5545624,94,1,1,0
5589856,94,1,1,0
6108664,94,1,0,1
4088888,94,1,1,0
6375192,94,1,1,0
2310792,94,1,1,0
7515304,94,1,1,0
3085616,94,1,1,0
7698304,94,1,1,0
6902248,94,1,0,1
5860040,94,1,0,1
4476720,94,1,1,0
643840,94,1,1,0
7525512,94,1,1,0
3427640,94,1,0,1
353368,94,1,1,0
5560968,94,1,0,1
2819848,94,1,1,0
3514704,94,1,1,0
2348928,94,1,0,1
610552,94,1,0,1
1256000,94,1,1,0
1413632,94,1,1,0
1213584,94,1,1,0
6643504,94,1,0,1
5383952,94,1,0,1
1501496,94,1,0,1
582800,94,1,1,0
5172880,94,1,1,0
2532040,94,1,0,1
2329320,94,1,0,1
3216016,94,1,0,1
6697680,94,1,1,0
5334120,94,1,0,1
6957640,94,1,1,0
2717568,94,1,0,1
8212432,94,1,1,0
2587776,94,1,1,0
693776,94,1,1,0
7309600,94,1,1,0
1014240,94,1,1,0
3099864,94,1,1,0
6435136,94,1,0,1
7129384,94,1,0,1
899864,94,1,0,1
2251208,94,1,1,0
2717976,94,1,0,1
4352544,94,1,1,0
1920568,94,1,1,0
257152,94,1,1,0
326528,94,1,0,1
2988632,94,1,0,1
574448,94,1,1,0
6312576,94,1,0,1
859232,94,1,1,0
1594768,94,1,0,1
531176,94,1,0,1
6672632,94,1,0,1
6646800,94,1,0,1
3740968,94,1,1,0
1115992,94,1,0,1
5957072,94,1,1,0
577584,94,1,1,0
1161224,94,1,0,1
2057896,94,1,0,1
8032880,94,1,0,1
2624256,94,1,1,0
6806440,94,1,1,0
1842032,94,1,1,0
2531664,94,1,1,0
2975904,94,1,0,1
1718464,94,1,0,1
5040144,94,1,0,1
2390824,94,1,0,1
1107920,94,1,1,0
668624,94,1,0,1
4624424,94,1,0,1
4637096,94,1,0,1
1137032,94,1,1,0
348800,94,1,1,0
728944,94,1,1,0
5971744,94,1,0,1
996888,94,1,1,0
1499432,94,1,1,0
7043536,94,1,1,0
445104,94,1,0,1
7203312,94,1,1,0
2264384,94,1,1,0
5436192,94,1,1,0
2417112,94,1,1,0
1021448,94,1,1,0
1667240,94,1,0,1
1872152,94,1,1,0
1626248,94,1,0,1
3040136,94,1,0,1
2210736,94,1,1,0
1180328,94,1,0,1
432696,94,1,0,1
7815744,94,1,0,1
813000,94,1,1,0
7350976,94,1,0,1
2209808,94,1,1,0
1979080,94,1,1,0
8214896,94,1,1,0
7576552,94,1,0,1
2928232,94,1,0,1
3088656,94,1,0,1
659800,94,1,1,0
685864,94,1,0,1
1629928,94,1,1,0
1045576,94,1,1,0
5817608,94,1,0,1
1201408,94,1,0,1
1192872,94,1,0,1
258400,94,1,1,0
689256,94,1,1,0
5840472,94,1,0,1
1043408,94,1,0,1
7092400,94,1,0,1
2100864,94,1,0,1
1965296,94,1,1,0
1250592,94,1,0,1
2600064,94,1,1,0
502552,94,1,0,1
1175104,94,1,1,0
3502392,94,1,0,1
1828312,94,1,1,0
4347056,94,1,1,0
1712576,94,1,1,0
4868968,94,1,0,1
7672200,94,1,0,1
2325336,94,1,0,1
1892272,94,1,0,1
7659472,94,1,0,1
2260688,94,1,1,0
5600128,94,1,1,0
1442496,94,1,0,1
4491176,94,1,1,0
3674544,94,1,1,0
7307384,94,1,1,0
3331744,94,1,1,0
3510448,94,1,1,0
2072056,94,1,0,1
2212768,94,1,0,1
7959896,94,1,0,1
726432,94,1,1,0
443304,94,1,0,1
1012088,94,1,1,0
2342480,94,1,1,0
1771512,94,1,0,1
6837896,94,1,0,1
1805944,94,1,0,1
4226960,94,1,0,1
3084280,94,1,1,0
1056592,94,1,0,1
8273200,94,1,0,1
4739840,94,1,1,0
2119832,94,1,0,1
3660424,94,1,0,1
864880,94,1,1,0
2867784,94,1,0,1
1668056,94,1,1,0
1414328,94,1,1,0
1265800,94,1,1,0
974416,94,1,1,0
6213392,94,1,1,0
6609448,94,1,1,0
2709072,94,1,0,1
3747408,94,1,0,1
5618424,94,1,0,1
1920264,94,1,1,0
3239016,94,1,0,1
462184,94,1,1,0
2468776,94,1,1,0
1673984,94,1,0,1
4923296,94,1,1,0
894624,94,1,1,0
360928,94,1,0,1
5670400,94,1,0,1
5456256,94,1,0,1
6369728,94,1,0,1
729072,94,1,1,0
305240,94,1,1,0
4980672,94,1,0,1
2463896,94,1,0,1
2361512,94,1,0,1
4028040,94,1,1,0
181616,94,1,0,1
1641784,94,1,0,1
4229464,94,1,0,1
6536040,94,1,0,1
2667192,94,1,0,1
324336,94,1,0,1
3927064,94,1,0,1
1630800,94,1,1,0
3471168,94,1,0,1
479328,94,1,1,0
1578312,94,1,0,1
423632,94,1,0,1
3001016,94,1,0,1
1098712,94,1,1,0
1690160,94,1,1,0
3159776,94,1,0,1
2513736,94,1,1,0
7216912,94,1,0,1
5493696,94,1,1,0
2293104,94,1,1,0
2899680,94,1,0,1
7462384,94,1,1,0
2281104,94,1,0,1
3402912,94,1,0,1
3849320,94,1,1,0
2863056,94,1,1,0
1835152,94,1,0,1
6449392,94,1,0,1
2736448,94,1,0,1
509232,94,1,0,1
5934080,94,1,0,1
5547072,94,1,0,1
6931008,94,1,1,0
7011288,94,1,0,1
8036648,94,1,1,0
2523960,94,1,1,0
322560,94,1,1,0
5003672,94,1,1,0
1032080,94,1,0,1
2917488,94,1,1,0
1151896,94,1,0,1
4960808,94,1,1,0
3006136,94,1,1,0
2568376,94,1,1,0
4026632,94,1,1,0
4653552,94,1,1,0
1145288,94,1,0,1
356304,94,1,0,1
456136,94,1,1,0
8232192,94,1,0,1
7930688,94,1,0,1
2908512,94,1,1,0
7525976,94,1,1,0
6222688,94,1,1,0
3257480,94,1,1,0
994072,94,1,0,1
222808,94,1,0,1
1015056,94,1,1,0
3482960,94,1,0,1
4797536,94,1,0,1
3735232,94,1,1,0
826528,94,1,1,0
8027496,94,1,0,1
3419520,94,1,0,1
2001816,94,1,1,0
705000,94,1,1,0
6839008,94,1,1,0
5357168,94,1,0,1
6692320,94,1,0,1
1108144,94,1,1,0
6510448,94,1,0,1
1878472,94,1,1,0
1514120,94,1,1,0
4838632,94,1,0,1
1512216,94,1,1,0
4349136,94,1,0,1
929728,94,1,1,0
1355616,94,1,1,0
7788472,94,1,1,0
2038400,94,1,1,0
878440,94,1,1,0
6801000,94,1,1,0
1760816,94,1,0,1
3250504,94,1,1,0
3871696,94,1,1,0
1941768,94,1,0,1
820192,94,1,1,0
3670808,94,1,0,1
2244696,94,1,1,0
5015832,94,1,1,0
3604464,94,1,1,0
4091640,94,1,1,0
829976,94,1,0,1
501776,94,1,1,0
3493840,94,1,0,1
8314576,94,1,0,1
1053824,94,1,1,0
7472896,94,1,1,0
229200,94,1,1,0
817656,94,1,0,1
2959144,94,1,0,1
5069040,94,1,1,0
233608,94,1,1,0
1245392,94,1,0,1
1644944,94,1,0,1
1737688,94,1,0,1
2664264,94,1,1,0
2242072,94,1,1,0
361904,94,1,1,0
2024176,94,1,1,0
564520,94,1,1,0
602784,94,1,0,1
1788888,94,1,1,0
5605472,94,1,0,1
6875632,94,1,0,1
6385504,94,1,0,1
4044136,94,1,0,1
6475328,94,1,0,1
4728136,94,1,1,0
676192,94,1,1,0
461944,94,1,0,1
8387152,94,1,1,0
177240,94,1,1,0
5248376,94,1,0,1
5310456,94,1,1,0
3925864,94,1,1,0
3268808,94,1,0,1
4104512,94,1,1,0
2254664,94,1,0,1
2018304,94,1,0,1
7868856,94,1,1,0
2731568,94,1,1,0
3785752,94,1,1,0
4013216,94,1,1,0
420400,94,1,1,0
6307216,94,1,0,1
2840000,94,1,0,1
4321048,94,1,1,0
6837232,94,1,1,0
3486968,94,1,1,0
3821184,94,1,1,0
1093960,94,1,1,0
280424,94,1,1,0
6623360,94,1,0,1
5611512,94,1,0,1
3650896,94,1,0,1
3033640,94,1,0,1
7907232,94,1,0,1
7492448,94,1,1,0
3928736,94,1,1,0
1521392,94,1,1,0
1835952,94,1,1,0
1729608,94,1,1,0
2271192,94,1,1,0
1627248,94,1,0,1
2288560,94,1,0,1
788160,94,1,0,1
393192,94,1,1,0
3227904,94,1,0,1
1298992,94,1,1,0
254280,94,1,0,1
6631456,94,1,1,0
3397384,94,1,0,1
4074912,94,1,0,1
6494160,94,1,1,0
767368,94,1,0,1
3378976,94,1,0,1
281320,94,1,0,1
449680,94,1,1,0
5493288,94,1,0,1
2285696,94,1,0,1
233552,94,1,1,0
2282224,94,1,1,0
2856816,94,1,0,1
7514328,94,1,1,0
2578816,94,1,0,1
194528,94,1,0,1
6292816,94,1,1,0
4262072,94,1,1,0
1282288,94,1,0,1
3092336,94,1,0,1
1375928,94,1,0,1
1957216,94,1,0,1
2352928,94,1,0,1
2619576,94,1,1,0
3878800,94,1,1,0
542768,94,1,0,1
1540064,94,1,0,1
519888,94,1,0,1
6217624,94,1,0,1
685608,94,1,1,0
993784,94,1,1,0
930944,94,1,1,0
6798648,94,1,1,0
285496,94,1,0,1
2733544,94,1,0,1
7826104,94,1,0,1
1228048,94,1,1,0
468760,94,1,1,0
5494808,94,1,0,1
268472,94,1,0,1
780296,94,1,0,1
630472,94,1,1,0
2269960,94,1,0,1
1958784,94,1,1,0
8004440,94,1,0,1
2135368,94,1,1,0
3050104,94,1,1,0
5348760,94,1,1,0
615976,94,1,1,0
2325624,94,1,1,0
2066976,94,1,1,0
3052680,94,1,0,1
1474528,94,1,0,1
6700728,94,1,1,0
115872,94,1,0,1
845784,94,1,1,0
1054520,94,1,1,0
440488,94,1,1,0
4430968,94,1,1,0
2775496,94,1,0,1
288232,94,1,0,1
5763696,94,1,0,1
1020672,94,1,0,1
7391448,94,1,0,1
1769592,94,1,1,0
2140904,94,1,1,0
1424888,94,1,0,1
2957984,94,1,1,0
3034696,94,1,0,1
5105624,94,1,1,0
222624,94,1,0,1
2039680,94,1,1,0
813080,94,1,1,0
113008,94,1,1,0
1769848,94,1,1,0
958832,94,1,0,1
308040,94,1,0,1
1356264,94,1,1,0
573512,94,1,0,1
398728,94,1,0,1
1324888,94,1,1,0
765264,94,1,1,0
2519824,94,1,1,0
691760,94,1,0,1
1749016,94,1,0,1
5286184,94,1,1,0
1754512,94,1,1,0
378376,94,1,0,1
6640480,94,1,0,1
2101824,94,1,1,0
2598864,94,1,1,0
4176776,94,1,0,1
2413768,94,1,0,1
4612040,94,1,0,1
793512,94,1,1,0
6355288,94,1,0,1
467624,94,1,1,0
7067256,94,1,1,0
1951208,94,1,0,1
474072,94,1,1,0
2189208,94,1,0,1
186896,94,1,1,0
3269872,94,1,1,0
3314552,94,1,1,0
352432,94,1,0,1
1419776,94,1,0,1
2143216,94,1,1,0
7922600,94,1,0,1
4909672,94,1,1,0
740808,94,1,0,1
2878632,94,1,0,1
1046496,94,1,0,1
491528,94,1,1,0
979632,94,1,0,1
2986656,94,1,0,1
3749920,94,1,0,1
3667520,94,1,1,0
4221600,94,1,1,0
3758368,94,1,1,0
814992,94,1,0,1
5316120,94,1,1,0
3430960,94,1,0,1
6335000,94,1,1,0
435288,94,1,0,1
655672,94,1,1,0
3704336,94,1,1,0
2121016,94,1,0,1
2690736,94,1,0,1
6846632,94,1,0,1
3616672,94,1,1,0
3435024,94,1,0,1
3874472,94,1,0,1
2033360,94,1,0,1
2811656,94,1,1,0
1405448,94,1,0,1
5351808,94,1,1,0
2159624,94,1,1,0
4634536,94,1,0,1
5068680,94,1,0,1
350384,94,1,0,1
2458176,94,1,0,1
6357208,94,1,1,0
6727384,94,1,1,0
5002560,94,1,0,1
4121552,94,1,0,1
506752,94,1,1,0
1520944,94,1,0,1
5080024,94,1,1,0
2554432,94,1,1,0
3824120,94,1,1,0
2289656,94,1,1,0
716544,94,1,1,0
7475880,94,1,0,1
3197656,94,1,0,1
1382712,94,1,0,1
835096,94,1,1,0
1618232,94,1,1,0
5595352,94,1,1,0
804024,94,1,1,0
1311928,94,1,0,1
451816,94,1,0,1
4830160,94,1,0,1
548296,94,1,0,1
447408,94,1,1,0
4891488,94,1,1,0
2949648,94,1,0,1
1066224,94,1,1,0
5628688,94,1,0,1
5612360,94,1,1,0
1368280,94,1,1,0
5720640,94,1,1,0
2514472,94,1,0,1
6565640,94,1,1,0
1284176,94,1,1,0
4466744,94,1,0,1
700776,94,1,1,0
4181600,94,1,1,0
4241840,94,1,0,1
3254528,94,1,0,1
1267912,94,1,0,1
1494240,94,1,1,0
8202744,94,1,1,0
8265864,94,1,0,1
4725480,94,1,1,0
4317376,94,1,0,1
5353624,94,1,1,0
6690192,94,1,0,1
758416,94,1,0,1
1649152,94,1,0,1
2193232,94,1,1,0
7903136,94,1,0,1
3942752,94,1,1,0
2145064,94,1,1,0
2763872,94,1,1,0
1020504,94,1,0,1
1219224,94,1,1,0
1441848,94,1,0,1
1666040,94,1,0,1
1865960,94,1,1,0
6443384,94,1,1,0
4013952,94,1,1,0
410416,94,1,0,1
6905480,94,1,1,0
1559968,94,1,1,0
2997680,94,1,1,0
3600344,94,1,1,0
5679328,94,1,0,1
6894864,94,1,0,1
7979288,94,1,1,0
1815224,94,1,0,1
744760,94,1,0,1
6960952,94,1,1,0
6125432,94,1,1,0
1879760,94,1,0,1
2323072,94,1,0,1
3997184,94,1,0,1
5448888,94,1,1,0
5579520,94,1,1,0
625800,94,1,0,1
87400,94,1,1,0
593264,94,1,0,1
7879616,94,1,0,1
4086944,94,1,0,1
2255096,94,1,1,0
661040,94,1,1,0
2757712,94,1,0,1
1754104,94,1,1,0
7014960,94,1,0,1
1740248,94,1,0,1
5184104,94,1,1,0
6885808,94,1,0,1
1245512,94,1,1,0
393488,94,1,1,0
258072,94,1,0,1
4909464,94,1,0,1
5249976,94,1,0,1
1405720,94,1,0,1
257768,94,1,1,0
3537688,94,1,0,1
2858288,94,1,1,0
3257472,94,1,1,0
263224,94,1,1,0
1706544,94,1,0,1
6905128,94,1,1,0
7924784,94,1,0,1
4077712,94,1,0,1
3126144,94,1,1,0
7056616,94,1,0,1
6640888,94,1,1,0
606176,94,1,0,1
3709960,94,1,1,0
7613136,94,1,0,1
5769104,94,1,0,1
2649688,94,1,1,0
1344632,94,1,0,1
601944,94,1,1,0
2040504,94,1,1,0
3886160,94,1,1,0
1014568,94,1,0,1
3266800,94,1,1,0
604184,94,1,1,0
1789544,94,1,0,1
122000,94,1,1,0
5253984,94,1,1,0
750728,94,1,0,1
2990232,94,1,0,1
6510960,94,1,1,0
578792,94,1,0,1
2786208,94,1,1,0
447504,94,1,0,1
999216,94,1,0,1
1315376,94,1,0,1
8374736,94,1,1,0
377440,94,1,0,1
1992928,94,1,0,1
847080,94,1,1,0
5883320,94,1,0,1
6574272,94,1,0,1
1911696,94,1,1,0
6023336,94,1,0,1
3487848,94,1,0,1
541672,94,1,0,1
5237072,94,1,1,0
3575656,94,1,1,0
2081904,94,1,1,0
3634720,94,1,1,0
1203736,94,1,1,0
3738736,94,1,1,0
2505784,94,1,0,1
3911656,94,1,1,0
5077616,94,1,1,0
5437112,94,1,0,1
354584,94,1,1,0
376048,94,1,1,0
2898920,94,1,0,1
1092088,94,1,0,1
1354528,94,1,0,1
3792976,94,1,1,0
832704,94,1,1,0
805408,94,1,1,0
1832480,94,1,1,0
264784,94,1,1,0
514616,94,1,0,1
3321504,94,1,1,0
3944208,94,1,0,1
4245392,94,1,1,0
3866616,94,1,1,0
2807840,94,1,0,1
2972304,94,1,0,1
4765224,94,1,0,1
4399240,94,1,0,1
5269424,94,1,0,1
1584840,94,1,0,1
218344,94,1,0,1
4707392,94,1,0,1
288176,94,1,0,1
279392,94,1,0,1
1558088,94,1,1,0
7241848,94,1,0,1
3896512,94,1,1,0
1168240,94,1,1,0
2096552,94,1,0,1
5727832,94,1,0,1
4605696,94,1,0,1
3126656,94,1,1,0
1189576,94,1,0,1
2406936,94,1,1,0
1772752,94,1,0,1
1922264,94,1,1,0
2742328,94,1,1,0
6247176,94,1,1,0
2539584,94,1,0,1
978856,94,1,0,1
2531856,94,1,0,1
4014032,94,1,0,1
3913720,94,1,0,1
4852888,94,1,0,1
1925416,94,1,1,0
502160,94,1,1,0
1361040,94,1,0,1
7061416,94,1,0,1
4561856,94,1,1,0
3534664,94,1,0,1
908432,94,1,0,1
1060544,94,1,1,0
328744,94,1,1,0
3293840,94,1,0,1
7196008,94,1,1,0
1192064,94,1,0,1
4162152,94,1,1,0
6030904,94,1,0,1
5606232,94,1,0,1
295392,94,1,0,1
1285064,94,1,1,0
1019584,94,1,1,0
1051520,94,1,1,0
1340520,94,1,0,1
5998112,94,1,0,1
1540416,94,1,0,1
138976,94,1,1,0
5902448,94,1,1,0
8023336,94,1,1,0
5255280,94,1,0,1
4050480,94,1,1,0
6535856,94,1,0,1
7001504,94,1,1,0
1778368,94,1,1,0
7085208,94,1,0,1
2516000,94,1,0,1
1635584,94,1,0,1
2262928,94,1,0,1
3227120,94,1,1,0
352016,94,1,1,0
2212280,94,1,0,1
4305992,94,1,1,0
4871800,94,1,0,1
1483072,94,1,0,1
401736,94,1,0,1
4771816,94,1,0,1
1370048,94,1,1,0
3659760,94,1,1,0
658928,94,1,0,1
2714416,94,1,1,0
297000,94,1,0,1
1338144,94,1,0,1
3800912,94,1,1,0
511784,94,1,1,0
1227384,94,1,1,0
750224,94,1,1,0
733912,94,1,1,0
2648480,94,1,0,1
1539488,94,1,1,0
1922344,94,1,0,1
2633336,94,1,0,1
5676056,94,1,0,1
1275048,94,1,0,1
5192280,94,1,0,1
421800,94,1,1,0
1260160,94,1,0,1
6633528,94,1,1,0
2660032,94,1,1,0
716528,94,1,1,0
2389432,94,1,1,0
250688,94,1,0,1
589928,94,1,1,0
700240,94,1,0,1
1666800,94,1,1,0
1869560,94,1,1,0
623960,94,1,1,0
2204784,94,1,1,0
2196432,94,1,0,1
1978808,94,1,0,1
4203424,94,1,1,0
7064760,94,1,1,0
206512,94,1,1,0
5442064,94,1,0,1
2068480,94,1,1,0
6074448,94,1,1,0
4961624,94,1,0,1
606928,94,1,0,1
4705600,94,1,1,0
8328352,94,1,0,1
5187176,94,1,0,1
2996992,94,1,1,0
2176152,94,1,0,1
6985848,94,1,1,0
632136,94,1,1,0
1324232,94,1,1,0
1670280,94,1,0,1
1172480,94,1,1,0
3927152,94,1,1,0
6226112,94,1,1,0
2426696,94,1,0,1
317240,94,1,1,0
1020568,94,1,0,1
1150008,94,1,0,1
7067024,94,1,1,0
4601744,94,1,1,0
1590768,94,1,0,1
1407256,94,1,0,1
339776,94,1,0,1
4519000,94,1,1,0
6242632,94,1,1,0
3127696,94,1,0,1
394376,94,1,0,1
475656,94,1,1,0
6871520,94,1,1,0
527952,94,1,1,0
3586288,94,1,0,1
7275920,94,1,1,0
615088,94,1,1,0
2337640,94,1,0,1
5895064,94,1,1,0
6728768,94,1,0,1
4350592,94,1,0,1
5708912,94,1,0,1
5194304,94,1,1,0
2035648,94,1,1,0
3157336,94,1,0,1
6663920,94,1,1,0
1045816,94,1,0,1
3392696,94,1,0,1
117896,94,1,1,0
5779784,94,1,1,0
7181688,94,1,0,1
866264,94,1,1,0
522648,94,1,1,0
6997832,94,1,1,0
6040520,94,1,0,1
7269520,94,1,0,1
1172456,94,1,0,1
4917648,94,1,1,0
605248,94,1,0,1
4752576,94,1,1,0
2617816,94,1,1,0
7192904,94,1,0,1
346888,94,1,1,0
2800536,94,1,0,1
664800,94,1,0,1
5717776,94,1,0,1
4385552,94,1,1,0
2769040,94,1,0,1
377400,94,1,1,0
585472,94,1,0,1
550720,94,1,0,1
629384,94,1,1,0
3000504,94,1,0,1
5792616,94,1,0,1
7343120,94,1,1,0
3397224,94,1,0,1
1482016,94,1,0,1
1375952,94,1,0,1
2526032,94,1,0,1
275656,94,1,1,0
2127304,94,1,1,0
3068728,94,1,0,1
385936,94,1,0,1
2542488,94,1,0,1
3882488,94,1,1,0
5632696,94,1,0,1
239288,94,1,1,0
444712,94,1,0,1
1476192,94,1,0,1
5554776,94,1,1,0
2679680,94,1,0,1
999560,94,1,1,0
4038400,94,1,0,1
2484176,94,1,0,1
869752,94,1,0,1
1282048,94,1,0,1
344992,94,1,1,0
315248,94,1,1,0
1064040,94,1,1,0
404552,94,1,0,1
7060104,94,1,1,0
2297792,94,1,1,0
4753744,94,1,1,0
1096888,94,1,1,0
6240704,94,1,0,1
2119944,94,1,0,1
3064632,94,1,0,1
1127232,94,1,1,0
355352,94,1,0,1
2580064,94,1,0,1
5320952,94,1,0,1
740928,94,1,0,1
487536,94,1,0,1
431640,94,1,1,0
123208,94,1,0,1
542856,94,1,1,0
109752,94,1,0,1
1614080,94,1,0,1
1056840,94,1,1,0
2908944,94,1,0,1
2316696,94,1,0,1
1954400,94,1,0,1
228776,94,1,0,1
4696984,94,1,0,1
314840,94,1,1,0
2423240,94,1,0,1
5397312,94,1,0,1
1765640,94,1,0,1
1774736,94,1,1,0
6030160,94,1,0,1
1383688,94,1,1,0
3200624,94,1,0,1
3742648,94,1,1,0
1038240,94,1,1,0
4266536,94,1,1,0
3416920,94,1,1,0
869384,94,1,1,0
1337552,94,1,0,1
1268024,94,1,0,1
1044064,94,1,1,0
656120,94,1,1,0
8180160,94,1,0,1
4186744,94,1,1,0
1794416,94,1,1,0
2041320,94,1,1,0
473000,94,1,1,0
7152456,94,1,1,0
2853800,94,1,1,0
2156560,94,1,1,0
1003888,94,1,0,1
4134584,94,1,1,0
1181568,94,1,0,1
3007496,94,1,0,1
940296,94,1,0,1
4416144,94,1,1,0
5272208,94,1,0,1
1054016,94,1,1,0
7069056,94,1,0,1
4679400,94,1,1,0
318376,94,1,0,1
8304840,94,1,0,1
268096,94,1,1,0
4809712,94,1,1,0
6196176,94,1,0,1
253928,94,1,1,0
551040,94,1,0,1
213400,94,1,1,0
519352,94,1,0,1
4739040,94,1,0,1
7192624,94,1,1,0
2342560,94,1,0,1
5587880,94,1,0,1
759640,94,1,0,1
5082824,94,1,1,0
480888,94,1,1,0
1701232,94,1,1,0
563704,94,1,1,0
2060664,94,1,0,1
1832264,94,1,0,1
403872,94,1,0,1
101144,94,1,0,1
332328,94,1,0,1
8388448,94,1,0,1
1222200,94,1,1,0
548512,94,1,0,1
3513520,94,1,0,1
2167192,94,1,0,1
7875184,94,1,1,0
4895728,94,1,1,0
2294336,94,1,1,0
5894056,94,1,0,1
3033872,94,1,0,1
1630432,94,1,0,1
158320,94,1,0,1
481592,94,1,1,0
3697800,94,1,0,1
834032,94,1,0,1
1471776,94,1,0,1
1523920,94,1,0,1
4560984,94,1,1,0
209864,94,1,1,0
2378480,94,1,1,0
1472320,94,1,1,0
8082368,94,1,1,0
1390088,94,1,1,0
523400,94,1,1,0
3293272,94,1,0,1
1228688,94,1,0,1
1397008,94,1,1,0
6564856,94,1,1,0
2256536,94,1,0,1
6676560,94,1,1,0
1248568,94,1,1,0
2482152,94,1,1,0
274400,94,1,1,0
2218032,94,1,1,0
2119248,94,1,0,1
1787832,94,1,0,1
315656,94,1,1,0
1251224,94,1,0,1
699960,94,1,1,0
787512,94,1,0,1
2958408,94,1,0,1
440128,94,1,1,0
6965048,94,1,0,1
996504,94,1,1,0
630344,94,1,0,1
1403336,94,1,1,0
903360,94,1,0,1
3576296,94,1,0,1
5475616,94,1,1,0
5939600,94,1,1,0
743808,94,1,1,0
1169560,94,1,0,1
2710008,94,1,0,1
746912,94,1,0,1
1369008,94,1,0,1
879280,94,1,1,0
3042720,94,1,0,1
1664912,94,1,0,1
1016680,94,1,1,0
6114368,94,1,0,1
1078152,94,1,0,1
2520360,94,1,1,0
2514352,94,1,0,1
287072,94,1,1,0
7829736,94,1,1,0
3816520,94,1,1,0
2219576,94,1,1,0
832272,94,1,0,1
3356968,94,1,1,0
1139584,94,1,1,0
884472,94,1,0,1
6931360,94,1,1,0
2104416,94,1,0,1
3055800,94,1,1,0
287616,94,1,1,0
128896,94,1,1,0
3491928,94,1,1,0
1760464,94,1,1,0
7679744,94,1,0,1
420792,94,1,0,1
7462152,94,1,0,1
6107832,94,1,0,1
4818016,94,1,0,1
1173728,94,1,1,0
6690696,94,1,0,1
6650952,94,1,1,0
2422424,94,1,1,0
140856,94,1,0,1
2677848,94,1,1,0
6548080,94,1,0,1
2074232,94,1,0,1
683760,94,1,0,1
2351368,94,1,0,1
1601064,94,1,1,0
1388304,94,1,0,1
6836016,94,1,1,0
2105832,94,1,0,1
4177432,94,1,0,1
2370432,94,1,0,1
5083776,94,1,0,1
511888,94,1,1,0
3764984,94,1,0,1
7276544,94,1,1,0
242696,94,1,1,0
4247344,94,1,1,0
1022992,94,1,0,1
412456,94,1,0,1
380168,94,1,1,0
920784,94,1,1,0
366776,94,1,0,1
1696936,94,1,0,1
553104,94,1,1,0
8019064,94,1,0,1
3769280,94,1,1,0
3254984,94,1,1,0
6544976,94,1,0,1
3412144,94,1,0,1
1837368,94,1,1,0
5037944,94,1,0,1
6364056,94,1,0,1
4405856,94,1,1,0
5156368,94,1,1,0
274672,94,1,1,0
698896,94,1,1,0
2023856,94,1,1,0
798632,94,1,0,1
4154968,94,1,0,1
3772328,94,1,1,0
3248144,94,1,1,0
940688,94,1,1,0
2052712,94,1,0,1
229720,94,1,0,1
398464,94,1,0,1
1867280,94,1,0,1
6202192,94,1,0,1
581656,94,1,0,1
5464808,94,1,1,0
6032600,94,1,1,0
3911152,94,1,1,0
3972096,94,1,0,1
5489416,94,1,0,1
2822752,94,1,1,0
1317688,94,1,1,0
6179264,94,1,0,1
6150296,94,1,0,1
349368,94,1,1,0
7566576,94,1,1,0
463560,94,1,0,1
219272,94,1,1,0
293296,94,1,1,0
6957784,94,1,0,1
4255816,94,1,0,1
2655728,94,1,1,0
1083976,94,1,1,0
1431864,94,1,1,0
191760,94,1,1,0
967672,94,1,0,1
984312,94,1,1,0
639048,94,1,0,1
8384184,94,1,0,1
1579624,94,1,1,0
6990960,94,1,1,0
260680,94,1,0,1
265880,94,1,0,1
2269408,94,1,1,0
858200,94,1,0,1
1716800,94,1,0,1
1281136,94,1,1,0
1492056,94,1,1,0
3372088,94,1,0,1
5205296,94,1,0,1
2597800,94,1,0,1
5510592,94,1,1,0
311728,94,1,0,1
5873704,94,1,1,0
3248848,94,1,1,0
1891664,94,1,0,1
7322368,94,1,1,0
5148392,94,1,0,1
1558840,94,1,1,0
2486288,94,1,1,0
3206096,94,1,0,1
4640584,94,1,0,1
152704,94,1,0,1
444632,94,1,0,1
2462960,94,1,0,1
4386472,94,1,1,0
225632,94,1,1,0
7300856,94,1,1,0
2787416,94,1,1,0
4270016,94,1,1,0
6659568,94,1,0,1
2201512,94,1,0,1
7571064,94,1,0,1
1595552,94,1,1,0
5380744,94,1,1,0
7578120,94,1,0,1
377344,94,1,1,0
411872,94,1,0,1
1339280,94,1,1,0
2671000,94,1,1,0
5100768,94,1,1,0
2859232,94,1,0,1
1596680,94,1,0,1
542608,94,1,0,1
8278928,94,1,0,1
3625360,94,1,0,1
1112784,94,1,0,1
720128,94,1,0,1
410672,94,1,1,0
7482232,94,1,1,0
2290512,94,1,0,1
756000,94,1,0,1
2357584,94,1,1,0
6953960,94,1,1,0
7988136,94,1,0,1
6917336,94,1,0,1
6897488,94,1,1,0
134264,94,1,1,0
4942576,94,1,1,0
974320,94,1,1,0
5687696,94,1,0,1
3964432,94,1,0,1
1498576,94,1,1,0
6592432,94,1,0,1
3207624,94,1,0,1
705808,94,1,0,1
7655512,94,1,1,0
7209912,94,1,1,0
5407776,94,1,1,0
2455736,94,1,0,1
2493280,94,1,1,0
3139736,94,1,0,1
6054736,94,1,0,1
3319016,94,1,0,1
840936,94,1,0,1
4768872,94,1,0,1
674304,94,1,0,1
3389448,94,1,0,1
2680960,94,1,1,0
707080,94,1,1,0
2511360,94,1,0,1
5976744,94,1,0,1
4626312,94,1,1,0
834768,94,1,0,1
6579504,94,1,0,1
3873352,94,1,0,1
3669784,94,1,0,1
356136,94,1,1,0
7763704,94,1,1,0
1867984,94,1,1,0
206728,94,1,0,1
3706720,94,1,1,0
1209808,94,1,0,1
6265656,94,1,0,1
6386816,94,1,1,0
5703856,94,1,0,1
1871688,94,1,0,1
686472,94,1,0,1
587992,94,1,1,0
7152656,94,1,1,0
2154864,94,1,0,1
400016,94,1,1,0
968240,94,1,1,0
2532104,94,1,1,0
1134848,94,1,0,1
1806200,94,1,1,0
2601912,94,1,0,1
4085600,94,1,1,0
4399992,94,1,0,1
7980992,94,1,1,0
6432480,94,1,1,0
3335264,94,1,1,0
1152480,94,1,0,1
535728,94,1,1,0
7650896,94,1,1,0
1106624,94,1,0,1
3868656,94,1,1,0
6121240,94,1,0,1
257680,94,1,1,0
500040,94,1,0,1
1755176,94,1,0,1
6870800,94,1,1,0
484720,94,1,1,0
1935384,94,1,1,0
336264,94,1,1,0
3604472,94,1,1,0
1857392,94,1,1,0
852608,94,1,0,1
234080,94,1,0,1
1083744,94,1,1,0
155320,94,1,1,0
1835928,94,1,1,0
3325488,94,1,0,1
6804808,94,1,1,0
6786776,94,1,1,0
5128648,94,1,1,0
537576,94,1,0,1
1476600,94,1,0,1
1059472,94,1,1,0
2131376,94,1,1,0
3023952,94,1,0,1
250912,94,1,1,0
745800,94,1,1,0
3412832,94,1,1,0
3353368,94,1,1,0
4708952,94,1,0,1
3813344,94,1,0,1
4143232,94,1,0,1
2321848,94,1,0,1
1254344,94,1,0,1
3115440,94,1,1,0
2364384,94,1,0,1
2444712,94,1,0,1
8376872,94,1,1,0
3463400,94,1,0,1
1128056,94,1,1,0
6416944,94,1,1,0
598720,94,1,1,0
4085088,94,1,0,1
664896,94,1,0,1
1703424,94,1,1,0
754520,94,1,0,1
5191808,94,1,1,0
3580848,94,1,1,0
1226704,94,1,0,1
4669112,94,1,1,0
7243696,94,1,1,0
1344320,94,1,1,0
2106760,94,1,1,0
4817600,94,1,1,0
1450024,94,1,1,0
891232,94,1,1,0
715456,94,1,0,1
2407392,94,1,0,1
6425672,94,1,0,1
6523504,94,1,1,0
205360,94,1,1,0
1611800,94,1,1,0
2560040,94,1,1,0
8299968,94,1,1,0
6615152,94,1,0,1
6036088,94,1,1,0
1788688,94,1,1,0
3040280,94,1,0,1
844976,94,1,1,0
4847344,94,1,0,1
5052696,94,1,1,0
471080,94,1,1,0
4156648,94,1,0,1
1619920,94,1,0,1
2716480,94,1,0,1
1636304,94,1,1,0
1884568,94,1,1,0
8111784,94,1,1,0
2624312,94,1,0,1
648936,94,1,0,1
750584,94,1,0,1
1811384,94,1,0,1
1031568,94,1,0,1
1389648,94,1,1,0
615680,94,1,0,1
7972832,94,1,0,1
8038576,94,1,0,1
4427152,94,1,0,1
3541952,94,1,0,1
529528,94,1,0,1
2347568,94,1,1,0
6241424,94,1,1,0
765400,94,1,1,0
2381240,94,1,0,1
1759696,94,1,0,1
7822936,94,1,0,1
6318008,94,1,0,1
2219672,94,1,0,1
1102944,94,1,0,1
7738584,94,1,1,0
622448,94,1,1,0
254520,94,1,0,1
3932040,94,1,0,1
385568,94,1,0,1
7977704,94,1,0,1
306864,94,1,0,1
2209648,94,1,0,1
8342296,94,1,0,1
3050240,94,1,1,0
1273832,94,1,1,0
942640,94,1,0,1
4623440,94,1,1,0
6636656,94,1,1,0
3299696,94,1,1,0
6324456,94,1,1,0
6478368,94,1,1,0
253512,94,1,0,1
1831816,94,1,0,1
4776160,94,1,0,1
2461704,94,1,0,1
400712,94,1,1,0
4071872,94,1,0,1
5101536,94,1,1,0
3709944,94,1,1,0
3635344,94,1,1,0
4955632,94,1,1,0
1683808,94,1,0,1
2009032,94,1,0,1
2200352,94,1,0,1
3901520,94,1,0,1
653544,94,1,0,1
2255072,94,1,1,0
6861976,94,1,1,0
190904,94,1,0,1
1807992,94,1,0,1
348496,94,1,1,0
268624,94,1,1,0
2851232,94,1,0,1
399344,94,1,0,1
146696,94,1,0,1
3209008,94,1,0,1
729632,94,1,1,0
5414472,94,1,0,1
3206872,94,1,0,1
5919856,94,1,0,1
7280120,94,1,0,1
3391832,94,1,1,0
3345136,94,1,0,1
1911224,94,1,0,1
621264,94,1,0,1
1302288,94,1,1,0
7647536,94,1,0,1
1084448,94,1,1,0
3446424,94,1,1,0
398552,94,1,1,0
5434304,94,1,0,1
1718960,94,1,0,1
2936104,94,1,0,1
2227912,94,1,1,0
4106760,94,1,1,0
2086216,94,1,1,0
4659704,94,1,1,0
3209432,94,1,1,0
637608,94,1,0,1
3719104,94,1,0,1
3935880,94,1,1,0
7953456,94,1,1,0
5086768,94,1,1,0
1074296,94,1,1,0
5869296,94,1,0,1
3470672,94,1,1,0
3698544,94,1,0,1
4254816,94,1,0,1
385888,94,1,1,0
4896864,94,1,1,0
6047344,94,1,0,1
188280,94,1,1,0
599408,94,1,0,1
3924424,94,1,1,0
1554448,94,1,0,1
4676912,94,1,1,0
8367552,94,1,1,0
2906264,94,1,0,1
548752,94,1,0,1
236192,94,1,1,0
6378160,94,1,1,0
1671488,94,1,1,0
388600,94,1,1,0
865064,94,1,1,0
6865248,94,1,0,1
809472,94,1,1,0
1708968,94,1,0,1
764968,94,1,1,0
7114656,94,1,0,1
6759240,94,1,1,0
684680,94,1,1,0
3717192,94,1,0,1
4925056,94,1,1,0
1117768,94,1,1,0
945168,94,1,1,0
1586184,94,1,1,0
2711784,94,1,1,0
1756200,94,1,0,1
636032,94,1,1,0
609440,94,1,0,1
4537096,94,1,0,1
356632,94,1,0,1
2504904,94,1,1,0
574520,94,1,0,1
2205952,94,1,0,1
2588112,94,1,0,1
7817952,94,1,1,0
2926688,94,1,1,0
584368,94,1,1,0
4732752,94,1,1,0
4285504,94,1,1,0
719928,94,1,0,1
6016856,94,1,0,1
7763608,94,1,0,1
3667792,94,1,0,1
5938392,94,1,1,0
1243496,94,1,1,0
1461616,94,1,1,0
7349112,94,1,0,1
1590328,94,1,1,0
1149824,94,1,1,0
5715208,94,1,1,0
383624,94,1,1,0
2352552,94,1,0,1
469816,94,1,0,1
4721296,94,1,1,0
1920832,94,1,0,1
241704,94,1,0,1
5578160,94,1,1,0
830768,94,1,1,0
1653920,94,1,0,1
417768,94,1,0,1
1031384,94,1,1,0
3400704,94,1,1,0
6553528,94,1,0,1
6252472,94,1,1,0
1109872,94,1,1,0
5185256,94,1,1,0
2165272,94,1,0,1
6901344,94,1,1,0
939640,94,1,0,1
7533544,94,1,1,0
1951256,94,1,0,1
4495384,94,1,0,1
5422184,94,1,0,1
4540136,94,1,1,0
563120,94,1,0,1
1431072,94,1,1,0
6622640,94,1,0,1
4679656,94,1,1,0
4295696,94,1,0,1
3449272,94,1,1,0
7768096,94,1,0,1
2102568,94,1,1,0
8168200,94,1,0,1
5080504,94,1,0,1
4575448,94,1,0,1
3166960,94,1,1,0
568552,94,1,1,0
2329632,94,1,1,0
5756504,94,1,1,0
1838888,94,1,0,1
1999928,94,1,0,1
1432008,94,1,1,0
786272,94,1,0,1
1501152,94,1,1,0
3621456,94,1,1,0
663752,94,1,0,1
5013800,94,1,1,0
1824864,94,1,0,1
397904,94,1,1,0
384256,94,1,0,1
2759944,94,1,0,1
5249320,94,1,0,1
1674152,94,1,1,0
4884056,94,1,1,0
3452768,94,1,1,0
3005008,94,1,1,0
195168,94,1,0,1
4592936,94,1,0,1
1439808,94,1,0,1
1378880,94,1,1,0
2388976,94,1,0,1
3772200,94,1,0,1
1587328,94,1,1,0
5052200,94,1,1,0
2105952,94,1,0,1
295432,94,1,0,1
5780240,94,1,1,0
459056,94,1,0,1
4116072,94,1,1,0
984240,94,1,1,0
1419880,94,1,1,0
303464,94,1,1,0
64792,94,1,0,1
6511360,94,1,0,1
403408,94,1,1,0
6486768,94,1,0,1
591496,94,1,0,1
5764376,94,1,0,1
6172912,94,1,1,0
5831360,94,1,0,1
682168,94,1,1,0
1992040,94,1,0,1
370688,94,1,1,0
187024,94,1,1,0
6435104,94,1,1,0
3556056,94,1,0,1
2240608,94,1,0,1
735720,94,1,0,1
1047720,94,1,0,1
1676680,94,1,1,0
6159392,94,1,1,0
2008576,94,1,1,0
1812384,94,1,1,0
4775968,94,1,1,0
2411784,94,1,0,1
128152,94,1,1,0
6808816,94,1,1,0
6095656,94,1,1,0
1414352,94,1,1,0
5238768,94,1,0,1
2102752,94,1,1,0
769464,94,1,1,0
3159968,94,1,1,0
3265064,94,1,0,1
1035920,94,1,1,0
845272,94,1,0,1
1590816,94,1,0,1
3434160,94,1,0,1
219744,94,1,1,0
255904,94,1,1,0
3996488,94,1,0,1
1571872,94,1,0,1
4890976,94,1,1,0
2444928,94,1,1,0
1109856,94,1,0,1
5023480,94,1,1,0
2060992,94,1,1,0
2964768,94,1,0,1
3567024,94,1,1,0
4388104,94,1,1,0
3966928,94,1,0,1
461576,94,1,1,0
1333064,94,1,1,0
506552,94,1,1,0
1636264,94,1,0,1
891360,94,1,1,0
6499392,94,1,1,0
344040,94,1,1,0
7373456,94,1,1,0
7866984,94,1,1,0
1280624,94,1,0,1
445848,94,1,1,0
3216096,94,1,0,1
726304,94,1,1,0
7640784,94,1,1,0
6326400,94,1,1,0
2304960,94,1,0,1
749928,94,1,1,0
6159816,94,1,1,0
2618120,94,1,0,1
8005840,94,1,1,0
531448,94,1,0,1
2313768,94,1,0,1
842712,94,1,0,1
626696,94,1,0,1
1484120,94,1,1,0
834520,94,1,1,0
8333088,94,1,1,0
822072,94,1,1,0
4359824,94,1,1,0
2927072,94,1,1,0
748832,94,1,0,1
7326480,94,1,1,0
195784,94,1,0,1
444480,94,1,1,0
2298072,94,1,1,0
5171168,94,1,0,1
2275352,94,1,1,0
1635624,94,1,1,0
572752,94,1,1,0
3436432,94,1,0,1
1256544,94,1,0,1
323600,94,1,0,1
365648,94,1,0,1
546960,94,1,0,1
815152,94,1,1,0
6461424,94,1,0,1
1898920,94,1,1,0
7115320,94,1,0,1
5565848,94,1,1,0
2862512,94,1,1,0
1179176,94,1,0,1
1229640,94,1,0,1
464776,94,1,0,1
1726280,94,1,0,1
4321600,94,1,1,0
2383384,94,1,0,1
414424,94,1,1,0
3834320,94,1,1,0
1154144,94,1,1,0
1854512,94,1,1,0
1994584,94,1,0,1
1624864,94,1,1,0
7122304,94,1,1,0
463784,94,1,0,1
2292720,94,1,1,0
5996520,94,1,1,0
628616,94,1,1,0
1281760,94,1,0,1
1781584,94,1,0,1
631824,94,1,1,0
790400,94,1,1,0
903816,94,1,0,1
2467464,94,1,1,0
3028360,94,1,0,1
1469808,94,1,0,1
2371280,94,1,0,1
1001168,94,1,0,1
7834056,94,1,1,0
246208,94,1,0,1
156264,94,1,0,1
1251104,94,1,1,0
5989304,94,1,1,0
953840,95,1,0,1
3148616,95,1,1,0
5446840,95,1,0,1
2667616,95,1,1,0
4212504,95,1,1,0
596960,95,1,0,1
2302664,95,1,1,0
2528512,95,1,0,1
1903920,95,1,0,1
6230856,95,1,0,1
1059536,95,1,1,0
4178344,95,1,0,1
2631272,95,1,0,1
7983192,95,1,0,1
1527016,95,1,0,1
4200688,95,1,0,1
782752,95,1,0,1
3195856,95,1,1,0
3144168,95,1,1,0
4471216,95,1,0,1
5010856,95,1,1,0
5920592,95,1,0,1
5108968,95,1,0,1
318024,95,1,0,1
515088,95,1,1,0
2396712,95,1,0,1
305176,95,1,1,0
1221288,95,1,0,1
821120,95,1,1,0
5093416,95,1,1,0
2296488,95,1,0,1
3952608,95,1,1,0
2314360,95,1,0,1
5156768,95,1,1,0
6582880,95,1,1,0
1315312,95,1,0,1
2790192,95,1,1,0
1650312,95,1,1,0
344944,95,1,0,1
3592504,95,1,1,0
4815368,95,1,1,0
3967744,95,1,1,0
2023024,95,1,1,0
2828184,95,1,1,0
4538088,95,1,0,1
6873784,95,1,1,0
998744,95,1,1,0
3087800,95,1,0,1
4981016,95,1,1,0
4115304,95,1,0,1
4659680,95,1,0,1
2559264,95,1,1,0
3342960,95,1,1,0
6268744,95,1,0,1
2135072,95,1,1,0
877392,95,1,1,0
2633152,95,1,0,1
2559696,95,1,1,0
6204328,95,1,1,0
2793584,95,1,1,0
4880920,95,1,0,1
821184,95,1,1,0
1137680,95,1,0,1
4456032,95,1,1,0
7671856,95,1,1,0
3350816,95,1,0,1
4398664,95,1,1,0
8322312,95,1,1,0
443688,95,1,1,0
6671424,95,1,1,0
3422400,95,1,1,0
2428760,95,1,1,0
2354872,95,1,1,0
553552,95,1,0,1
738920,95,1,1,0
374504,95,1,1,0
4817112,95,1,1,0
2064432,95,1,0,1
7029424,95,1,0,1
2108768,95,1,1,0
1640544,95,1,1,0
1842296,95,1,0,1
2830464,95,1,0,1
1878544,95,1,1,0
435152,95,1,1,0
950424,95,1,1,0
4599592,95,1,0,1
1462888,95,1,1,0
943936,95,1,1,0
2182944,95,1,1,0
3914640,95,1,0,1
3637336,95,1,0,1
849704,95,1,0,1
6438456,95,1,1,0
1814856,95,1,1,0
366472,95,1,1,0
1557720,95,1,1,0
1580568,95,1,0,1
1603424,95,1,0,1
5820112,95,1,0,1
3343040,95,1,0,1
927112,95,1,1,0
1514192,95,1,1,0
1485968,95,1,1,0
361984,95,1,0,1
3071704,95,1,0,1
2717008,95,1,1,0
1402864,95,1,0,1
4282424,95,1,0,1
7397240,95,1,0,1
4670784,95,1,0,1
8138224,95,1,0,1
5844384,95,1,0,1
5229968,95,1,1,0
1166768,95,1,0,1
6910608,95,1,1,0
4189392,95,1,1,0
3832528,95,1,0,1
3618504,95,1,0,1
744976,95,1,1,0
1853312,95,1,1,0
6491584,95,1,0,1
726896,95,1,1,0
5999336,95,1,1,0
933120,95,1,0,1
5590936,95,1,1,0
169208,95,1,1,0
7576536,95,1,0,1
1684952,95,1,0,1
5887976,95,1,1,0
899288,95,1,0,1
4180616,95,1,0,1
2598608,95,1,0,1
1654408,95,1,0,1
6104456,95,1,1,0
2977744,95,1,1,0
7833888,95,1,1,0
637728,95,1,1,0
638200,95,1,0,1
4858944,95,1,0,1
2118096,95,1,1,0
738280,95,1,0,1
879968,95,1,1,0
3711056,95,1,1,0
383008,95,1,1,0
1649520,95,1,1,0
3033096,95,1,1,0
2737968,95,1,1,0
5235824,95,1,1,0
1676424,95,1,1,0
6752488,95,1,0,1
998216,95,1,0,1
7935296,95,1,0,1
2388960,95,1,1,0
323608,95,1,1,0
625496,95,1,0,1
498312,95,1,0,1
2041464,95,1,0,1
2124368,95,1,0,1
2683552,95,1,0,1
2520552,95,1,0,1
572408,95,1,0,1
2899744,95,1,1,0
2818576,95,1,1,0
7513168,95,1,1,0
551480,95,1,0,1
1264528,95,1,0,1
3400464,95,1,1,0
1553536,95,1,1,0
4232656,95,1,1,0
5673208,95,1,0,1
6577776,95,1,1,0
6442904,95,1,0,1
3634864,95,1,1,0
849016,95,1,0,1
5287296,95,1,1,0
1293768,95,1,0,1
6693496,95,1,0,1
616360,95,1,0,1
1395896,95,1,1,0
8106928,95,1,0,1
1213560,95,1,0,1
952352,95,1,0,1
5547032,95,1,0,1
417096,95,1,1,0
1120120,95,1,1,0
1722664,95,1,1,0
4572112,95,1,0,1
3560112,95,1,0,1
2264536,95,1,1,0
3500320,95,1,0,1
6084856,95,1,0,1
3170104,95,1,0,1
746120,95,1,1,0
571576,95,1,1,0
8324624,95,1,0,1
1999304,95,1,1,0
788176,95,1,1,0
1442936,95,1,0,1
4911376,95,1,0,1
5658224,95,1,1,0
1181408,95,1,0,1
425904,95,1,0,1
1793024,95,1,1,0
1989680,95,1,0,1
5049864,95,1,1,0
2147688,95,1,0,1
3533104,95,1,0,1
1090344,95,1,0,1
1456624,95,1,1,0
3575208,95,1,1,0
1299448,95,1,0,1
1118824,95,1,1,0
905072,95,1,1,0
2116688,95,1,1,0
402760,95,1,1,0
1619184,95,1,0,1
1522920,95,1,0,1
2529664,95,1,1,0
540536,95,1,0,1
5318736,95,1,1,0
8198088,95,1,0,1
682968,95,1,1,0
4202312,95,1,1,0
806808,95,1,0,1
266056,95,1,0,1
1625624,95,1,1,0
2036080,95,1,1,0
873456,95,1,1,0
4724904,95,1,0,1
5512920,95,1,1,0
243904,95,1,0,1
7575920,95,1,0,1
874544,95,1,0,1
3149392,95,1,0,1
2488024,95,1,1,0
735456,95,1,0,1
7146872,95,1,0,1
1688096,95,1,1,0
1305408,95,1,1,0
5300616,95,1,0,1
4935000,95,1,0,1
398120,95,1,0,1
2041304,95,1,0,1
373416,95,1,1,0
3395800,95,1,1,0
6815768,95,1,1,0
2563360,95,1,0,1
156368,95,1,0,1
8291744,95,1,1,0
460088,95,1,0,1
1113384,95,1,0,1
4807584,95,1,1,0
3902792,95,1,1,0
3679408,95,1,1,0
6433528,95,1,0,1
1058936,95,1,0,1
4689896,95,1,0,1
143640,95,1,1,0
3708344,95,1,0,1
919112,95,1,0,1
4063872,95,1,1,0
3851952,95,1,1,0
2506784,95,1,0,1
1310464,95,1,0,1
3656504,95,1,0,1
7085520,95,1,0,1
382936,95,1,1,0
1345696,95,1,0,1
5164296,95,1,0,1
1305392,95,1,1,0
2456600,95,1,1,0
93200,95,1,0,1
1076608,95,1,0,1
721832,95,1,0,1
4364480,95,1,1,0
621184,95,1,0,1
1015208,95,1,0,1
1275504,95,1,0,1
300432,95,1,1,0
1551680,95,1,0,1
6278296,95,1,0,1
4645328,95,1,0,1
1215408,95,1,1,0
5867600,95,1,1,0
228352,95,1,1,0
5500592,95,1,0,1
151032,95,1,0,1
7505232,95,1,1,0
5162464,95,1,1,0
3190264,95,1,1,0
259008,95,1,0,1
7084712,95,1,0,1
4473616,95,1,1,0
368344,95,1,0,1
330736,95,1,1,0
1369016,95,1,1,0
1066192,95,1,1,0
1787688,95,1,1,0
4090816,95,1,1,0
1919248,95,1,1,0
3051976,95,1,1,0
335872,95,1,0,1
4831232,95,1,0,1
3277440,95,1,0,1
2337840,95,1,1,0
2621632,95,1,0,1
5508544,95,1,1,0
714992,95,1,0,1
1117384,95,1,1,0
4528176,95,1,1,0
3092976,95,1,1,0
197312,95,1,0,1
5602352,95,1,1,0
1483824,95,1,1,0
560624,95,1,1,0
6266800,95,1,0,1
1403632,95,1,1,0
1354208,95,1,0,1
1574456,95,1,0,1
8114424,95,1,1,0
3854128,95,1,0,1
2907976,95,1,0,1
846472,95,1,1,0
813984,95,1,1,0
300304,95,1,0,1
3944696,95,1,0,1
8152224,95,1,0,1
799856,95,1,0,1
2221712,95,1,1,0
157384,95,1,1,0
4533008,95,1,0,1
514608,95,1,0,1
2454120,95,1,1,0
515904,95,1,1,0
5730424,95,1,1,0
3738008,95,1,1,0
1530448,95,1,0,1
1312808,95,1,1,0
2302656,95,1,0,1
907248,95,1,0,1
992632,95,1,0,1
1104968,95,1,1,0
4756488,95,1,0,1
7530864,95,1,0,1
2447816,95,1,1,0
897448,95,1,1,0
726336,95,1,0,1
3006648,95,1,1,0
1654008,95,1,0,1
5513728,95,1,1,0
8312392,95,1,1,0
2483296,95,1,1,0
1076184,95,1,1,0
751272,95,1,1,0
144752,95,1,1,0
1039032,95,1,0,1
5411840,95,1,1,0
5999112,95,1,1,0
7791280,95,1,1,0
2734920,95,1,0,1
644720,95,1,1,0
4216112,95,1,1,0
675016,95,1,1,0
168056,95,1,0,1
3315976,95,1,1,0
2527672,95,1,0,1
4471600,95,1,1,0
3660296,95,1,0,1
7390312,95,1,1,0
5782504,95,1,1,0
328328,95,1,1,0
1343144,95,1,1,0
2992552,95,1,1,0
8048936,95,1,0,1
1236472,95,1,0,1
355856,95,1,0,1
4531784,95,1,0,1
413856,95,1,1,0
8279800,95,1,1,0
650936,95,1,1,0
3622392,95,1,0,1
4671680,95,1,1,0
1144048,95,1,1,0
5267904,95,1,0,1
1027856,95,1,1,0
170000,95,1,1,0
3450104,95,1,0,1
3340760,95,1,0,1
3270392,95,1,0,1
1046840,95,1,0,1
3202784,95,1,0,1
2098872,95,1,1,0
4082456,95,1,1,0
4202088,95,1,0,1
2646264,95,1,0,1
4750080,95,1,1,0
256408,95,1,0,1
5474440,95,1,0,1
3543368,95,1,1,0
1928464,95,1,0,1
6318976,95,1,0,1
1138856,95,1,1,0
851040,95,1,1,0
6944024,95,1,1,0
3678888,95,1,1,0
5408056,95,1,0,1
179176,95,1,0,1
1597376,95,1,0,1
5872168,95,1,0,1
960280,95,1,0,1
6427632,95,1,1,0
4507872,95,1,0,1
2518752,95,1,1,0
2492776,95,1,1,0
2483728,95,1,1,0
2165384,95,1,0,1
704144,95,1,1,0
1777184,95,1,1,0
3746440,95,1,0,1
5153272,95,1,1,0
809288,95,1,0,1
1193768,95,1,0,1
554272,95,1,1,0
1375688,95,1,0,1
786112,95,1,1,0
4400400,95,1,1,0
2619440,95,1,0,1
1026528,95,1,1,0
280480,95,1,1,0
657696,95,1,1,0
5209344,95,1,0,1
7074816,95,1,0,1
747776,95,1,1,0
1544248,95,1,0,1
3327776,95,1,0,1
4219784,95,1,0,1
6018280,95,1,1,0
1206184,95,1,0,1
2651360,95,1,0,1
1989024,95,1,0,1
1918208,95,1,0,1
833560,95,1,0,1
312840,95,1,1,0
1782648,95,1,1,0
4871712,95,1,0,1
2205136,95,1,1,0
233944,95,1,1,0
5890792,95,1,0,1
233504,95,1,0,1
5401192,95,1,1,0
423672,95,1,1,0
4436752,95,1,0,1
772936,95,1,1,0
2214608,95,1,0,1
2714808,95,1,1,0
1927088,95,1,0,1
5355208,95,1,1,0
1553504,95,1,0,1
534984,95,1,1,0
2361136,95,1,1,0
8331920,95,1,0,1
839480,95,1,0,1
1865728,95,1,0,1
210104,95,1,1,0
4320864,95,1,0,1
589328,95,1,1,0
5901784,95,1,0,1
1024896,95,1,1,0
3635176,95,1,0,1
4021664,95,1,1,0
354776,95,1,1,0
143984,95,1,1,0
897440,95,1,0,1
7084784,95,1,0,1
8116376,95,1,0,1
1087544,95,1,1,0
911416,95,1,1,0
1530368,95,1,1,0
2502256,95,1,0,1
3829200,95,1,0,1
1545504,95,1,0,1
1184792,95,1,1,0
1155112,95,1,1,0
5933120,95,1,1,0
7423440,95,1,1,0
338392,95,1,0,1
820832,95,1,1,0
4498560,95,1,1,0
2268008,95,1,0,1
2506352,95,1,1,0
1503104,95,1,1,0
4495760,95,1,1,0
3032808,95,1,0,1
1060024,95,1,0,1
2400152,95,1,0,1
226176,95,1,0,1
5267968,95,1,1,0
3090448,95,1,0,1
197928,95,1,1,0
2934776,95,1,0,1
336752,95,1,1,0
4461520,95,1,1,0
5107512,95,1,0,1
977928,95,1,1,0
978928,95,1,0,1
6783448,95,1,1,0
92216,95,1,1,0
916600,95,1,0,1
5832536,95,1,0,1
2117856,95,1,0,1
1295928,95,1,0,1
886672,95,1,1,0
8182488,95,1,0,1
837288,95,1,0,1
2379816,95,1,1,0
205944,95,1,1,0
6170488,95,1,0,1
3267688,95,1,1,0
6403704,95,1,0,1
7954424,95,1,1,0
632496,95,1,1,0
419632,95,1,1,0
6726616,95,1,0,1
4847928,95,1,0,1
3096184,95,1,0,1
887016,95,1,1,0
3421440,95,1,1,0
4937560,95,1,0,1
1837408,95,1,0,1
7145776,95,1,0,1
4169136,95,1,1,0
1175576,95,1,1,0
542816,95,1,1,0
216000,95,1,1,0
1612752,95,1,0,1
5721200,95,1,1,0
6041144,95,1,1,0
274216,95,1,0,1
5443992,95,1,1,0
2187816,95,1,1,0
1427968,95,1,1,0
6417904,95,1,0,1
935408,95,1,0,1
4597240,95,1,1,0
853640,95,1,1,0
1541312,95,1,1,0
8328136,95,1,0,1
1032464,95,1,1,0
5146416,95,1,1,0
996952,95,1,1,0
6424784,95,1,0,1
2897080,95,1,1,0
4833992,95,1,0,1
1422584,95,1,1,0
6060112,95,1,0,1
1318016,95,1,0,1
5936416,95,1,0,1
477896,95,1,1,0
3364440,95,1,0,1
956536,95,1,1,0
6877592,95,1,1,0
839200,95,1,1,0
3162960,95,1,1,0
1231880,95,1,0,1
6124960,95,1,0,1
615056,95,1,0,1
5473712,95,1,1,0
414712,95,1,1,0
4941752,95,1,0,1
805024,95,1,1,0
4331072,95,1,0,1
3411576,95,1,0,1
3370304,95,1,1,0
370656,95,1,1,0
4657952,95,1,1,0
4446640,95,1,0,1
549344,95,1,1,0
1144144,95,1,1,0
3338040,95,1,1,0
2813520,95,1,1,0
625976,95,1,0,1
2493496,95,1,1,0
1349344,95,1,0,1
3407200,95,1,1,0
2378496,95,1,0,1
6920776,95,1,0,1
1389952,95,1,0,1
1272144,95,1,1,0
5150464,95,1,1,0
2293264,95,1,0,1
2525768,95,1,0,1
1018424,95,1,0,1
5611256,95,1,1,0
4823112,95,1,0,1
2223824,95,1,0,1
1399496,95,1,1,0
517640,95,1,0,1
286056,95,1,0,1
4397616,95,1,0,1
469168,95,1,1,0
2377448,95,1,1,0
7956888,95,1,0,1
1725512,95,1,0,1
1791232,95,1,0,1
4837184,95,1,0,1
1586880,95,1,1,0
412048,95,1,0,1
1923536,95,1,0,1
5591952,95,1,0,1
178728,95,1,1,0
919216,95,1,1,0
1830008,95,1,1,0
384112,95,1,1,0
2048920,95,1,1,0
2605240,95,1,0,1
351624,95,1,1,0
514832,95,1,0,1
1669496,95,1,1,0
3812408,95,1,1,0
2192920,95,1,0,1
2677632,95,1,1,0
5450944,95,1,0,1
805704,95,1,0,1
2872728,95,1,1,0
5875944,95,1,0,1
1782280,95,1,1,0
399040,95,1,0,1
1051072,95,1,0,1
3167944,95,1,0,1
2612104,95,1,1,0
867128,95,1,1,0
1393992,95,1,0,1
2229336,95,1,0,1
1298472,95,1,1,0
1320736,95,1,0,1
7170816,95,1,0,1
302104,95,1,1,0
1982248,95,1,0,1
2974376,95,1,1,0
2248544,95,1,0,1
2166208,95,1,1,0
3169112,95,1,1,0
3578672,95,1,1,0
8283512,95,1,0,1
4482880,95,1,0,1
803728,95,1,0,1
3177800,95,1,1,0
6030552,95,1,0,1
3205880,95,1,0,1
806136,95,1,1,0
1710128,95,1,1,0
3499256,95,1,0,1
4131848,95,1,1,0
2345120,95,1,1,0
2504864,95,1,0,1
2383136,95,1,0,1
3844928,95,1,0,1
4923664,95,1,0,1
2202616,95,1,1,0
5949504,95,1,0,1
1882736,95,1,1,0
5331768,95,1,0,1
1845440,95,1,1,0
495448,95,1,1,0
2255624,95,1,1,0
1448800,95,1,1,0
6616792,95,1,0,1
2629456,95,1,1,0
3203000,95,1,1,0
7618488,95,1,0,1
114992,95,1,0,1
567824,95,1,0,1
1594840,95,1,0,1
414472,95,1,0,1
2261688,95,1,1,0
7501112,95,1,1,0
6213560,95,1,0,1
6432136,95,1,1,0
2687992,95,1,1,0
7363896,95,1,1,0
2320024,95,1,1,0
1629432,95,1,1,0
191272,95,1,0,1
371712,95,1,0,1
191424,95,1,1,0
2086416,95,1,0,1
7447512,95,1,1,0
5645440,95,1,0,1
581264,95,1,1,0
842824,95,1,0,1
843272,95,1,0,1
4443400,95,1,1,0
6083728,95,1,0,1
2492704,95,1,1,0
3091192,95,1,1,0
8000704,95,1,0,1
626808,95,1,1,0
2049792,95,1,0,1
346824,95,1,1,0
1640968,95,1,0,1
2110432,95,1,0,1
6760616,95,1,0,1
924264,95,1,1,0
4331472,95,1,1,0
1246784,95,1,0,1
1131504,95,1,1,0
1755160,95,1,0,1
5422440,95,1,0,1
1360688,95,1,0,1
725736,95,1,1,0
1005576,95,1,1,0
2732680,95,1,1,0
2326216,95,1,0,1
325864,95,1,0,1
6502688,95,1,1,0
1361968,95,1,0,1
3794608,95,1,1,0
7493584,95,1,1,0
2125216,95,1,1,0
5155904,95,1,1,0
8036224,95,1,1,0
4442272,95,1,0,1
219592,95,1,1,0
138576,95,1,0,1
1740792,95,1,1,0
3511824,95,1,1,0
3178976,95,1,0,1
3005824,95,1,1,0
2367936,95,1,1,0
3605048,95,1,1,0
2695104,95,1,0,1
2137432,95,1,1,0
1990984,95,1,1,0
369224,95,1,0,1
706984,95,1,0,1
617840,95,1,0,1
566208,95,1,1,0
6330632,95,1,1,0
8044984,95,1,1,0
1952384,95,1,0,1
2514080,95,1,1,0
3645160,95,1,0,1
1242088,95,1,0,1
433784,95,1,0,1
891584,95,1,0,1
713848,95,1,0,1
4391800,95,1,1,0
1146248,95,1,1,0
7453848,95,1,0,1
2158392,95,1,1,0
2416160,95,1,1,0
3949072,95,1,0,1
8072008,95,1,1,0
2700632,95,1,1,0
5982136,95,1,1,0
2594456,95,1,0,1
91232,95,1,0,1
7784376,95,1,0,1
1276760,95,1,0,1
302616,95,1,0,1
6599352,95,1,1,0
845792,95,1,1,0
379744,95,1,0,1
1735352,95,1,0,1
3105456,95,1,0,1
6304640,95,1,1,0
1425504,95,1,1,0
6151936,95,1,0,1
5968280,95,1,1,0
2308304,95,1,0,1
4998544,95,1,1,0
1694416,95,1,1,0
881120,95,1,0,1
1688976,95,1,0,1
1624824,95,1,1,0
1407920,95,1,1,0
1461048,95,1,0,1
3957968,95,1,1,0
532936,95,1,0,1
1124760,95,1,0,1
8016528,95,1,0,1
6027880,95,1,1,0
1322312,95,1,0,1
7692464,95,1,0,1
7922776,95,1,1,0
6853376,95,1,1,0
2419552,95,1,0,1
8249024,95,1,1,0
4254056,95,1,1,0
264504,95,1,1,0
2065752,95,1,0,1
4285416,95,1,0,1
2301048,95,1,0,1
7284856,95,1,0,1
536552,95,1,1,0
1949080,95,1,0,1
3063848,95,1,1,0
809888,95,1,1,0
4712864,95,1,1,0
2993536,95,1,1,0
1371200,95,1,1,0
3318776,95,1,1,0
4242936,95,1,0,1
2811744,95,1,1,0
3202944,95,1,0,1
7090336,95,1,0,1
799152,95,1,0,1
6016704,95,1,0,1
844992,95,1,0,1
1337032,95,1,0,1
269960,95,1,0,1
3349456,95,1,0,1
892528,95,1,1,0
191960,95,1,0,1
2919072,95,1,1,0
781432,95,1,1,0
4044480,95,1,1,0
644592,95,1,1,0
333936,95,1,0,1
855744,95,1,1,0
1778888,95,1,0,1
283352,95,1,1,0
2237184,95,1,0,1
1588608,95,1,0,1
5783504,95,1,1,0
2132152,95,1,0,1
1267592,95,1,0,1
848128,95,1,1,0
5399640,95,1,0,1
443664,95,1,0,1
614600,95,1,1,0
4581376,95,1,1,0
745072,95,1,1,0
760728,95,1,0,1
4486824,95,1,0,1
937224,95,1,0,1
4106576,95,1,0,1
1123640,95,1,0,1
7576888,95,1,0,1
1030512,95,1,0,1
4215648,95,1,0,1
2123864,95,1,1,0
7852936,95,1,1,0
5948624,95,1,0,1
3167696,95,1,0,1
376296,95,1,0,1
729296,95,1,0,1
3505424,95,1,0,1
2067672,95,1,1,0
4099080,95,1,0,1
4733768,95,1,0,1
828272,95,1,0,1
1677416,95,1,1,0
1844920,95,1,1,0
3911488,95,1,1,0
2371928,95,1,1,0
808800,95,1,0,1
333472,95,1,1,0
1390776,95,1,1,0
4049552,95,1,1,0
288744,95,1,0,1
3518360,95,1,0,1
2390672,95,1,1,0
869864,95,1,1,0
5766072,95,1,0,1
4858064,95,1,1,0
7942344,95,1,0,1
1756504,95,1,0,1
2490224,95,1,0,1
258224,95,1,1,0
5475632,95,1,1,0
2993104,95,1,1,0
384104,95,1,1,0
2058680,95,1,1,0
1065840,95,1,1,0
6364720,95,1,1,0
2301112,95,1,1,0
4131304,95,1,1,0
1319368,95,1,0,1
3476768,95,1,1,0
7165328,95,1,1,0
480032,95,1,0,1
2071032,95,1,1,0
872320,95,1,0,1
3380976,95,1,1,0
1372520,95,1,0,1
2513344,95,1,1,0
379376,95,1,1,0
4856824,95,1,0,1
1044768,95,1,0,1
221072,95,1,0,1
2848800,95,1,0,1
1944496,95,1,1,0
3872064,95,1,1,0
2189328,95,1,0,1
1676664,95,1,1,0
428552,95,1,1,0
471120,95,1,0,1
2702576,95,1,0,1
4475000,95,1,1,0
1523800,95,1,0,1
6872168,95,1,0,1
1242376,95,1,1,0
1979216,95,1,1,0
4571024,95,1,0,1
521376,95,1,1,0
6682800,95,1,0,1
1033040,95,1,1,0
6220776,95,1,1,0
7201112,95,1,1,0
426048,95,1,1,0
206008,95,1,1,0
3006256,95,1,1,0
3470784,95,1,0,1
5427104,95,1,0,1
1370744,95,1,1,0
3692496,95,1,0,1
1289032,95,1,1,0
1973256,95,1,1,0
6141912,95,1,0,1
5913408,95,1,1,0
1517768,95,1,1,0
4989536,95,1,1,0
1433392,95,1,0,1
331288,95,1,1,0
2978960,95,1,0,1
1204640,95,1,0,1
6392512,95,1,0,1
6029312,95,1,0,1
346384,95,1,1,0
2597584,95,1,0,1
5667824,95,1,0,1
253720,95,1,0,1
1230448,95,1,0,1
7946816,95,1,1,0
3076488,95,1,1,0
1654584,95,1,0,1
1917304,95,1,0,1
236720,95,1,1,0
1575560,95,1,1,0
3335768,95,1,0,1
3107872,95,1,0,1
4100416,95,1,1,0
5524560,95,1,1,0
5046192,95,1,1,0
1197528,95,1,0,1
3602528,95,1,1,0
732248,95,1,1,0
2788888,95,1,0,1
431016,95,1,1,0
2056968,95,1,0,1
2012248,95,1,1,0
3195472,95,1,0,1
1899216,95,1,0,1
416032,95,1,1,0
3860056,95,1,1,0
2351160,95,1,0,1
411552,95,1,0,1
5221896,95,1,0,1
2631064,95,1,0,1
2004728,95,1,0,1
1644320,95,1,0,1
4112760,95,1,0,1
7170456,95,1,0,1
984768,95,1,1,0
951992,95,1,0,1
1210896,95,1,1,0
1264424,95,1,0,1
2385424,95,1,0,1
5977832,95,1,1,0
826616,95,1,1,0
646072,95,1,1,0
2305000,95,1,0,1
923680,95,1,1,0
3770592,95,1,0,1
6261064,95,1,0,1
2907528,95,1,1,0
699768,95,1,1,0
861984,95,1,0,1
3982840,95,1,1,0
1764424,95,1,0,1
520368,95,1,0,1
801296,95,1,0,1
2397224,95,1,0,1
1384248,95,1,1,0
7630736,95,1,1,0
2931168,95,1,0,1
556128,95,1,0,1
733832,95,1,1,0
243960,95,1,1,0
4674656,95,1,0,1
4720984,95,1,0,1
5135048,95,1,0,1
326304,95,1,1,0
4985512,95,1,0,1
2311552,95,1,1,0
275456,95,1,0,1
1132296,95,1,0,1
6207128,95,1,0,1
256312,95,1,0,1
2890416,95,1,1,0
2236440,95,1,1,0
5850984,95,1,1,0
7027656,95,1,0,1
1682680,95,1,0,1
2414400,95,1,0,1
3335376,95,1,1,0
840896,95,1,1,0
1021696,95,1,0,1
5048224,95,1,1,0
1354240,95,1,1,0
2019744,95,1,1,0
2279032,95,1,0,1
7330336,95,1,0,1
506440,95,1,0,1
414808,95,1,0,1
4747504,95,1,1,0
1084576,95,1,0,1
4950720,95,1,0,1
5130400,95,1,0,1
4669984,95,1,1,0
3983336,95,1,1,0
1986424,95,1,1,0
2737392,95,1,0,1
1849360,95,1,1,0
3541160,95,1,0,1
1552408,95,1,1,0
416536,95,1,0,1
1366296,95,1,1,0
575416,95,1,0,1
280200,95,1,0,1
1139864,95,1,0,1
955288,95,1,0,1
4110456,95,1,0,1
1783024,95,1,1,0
448008,95,1,1,0
1656032,95,1,1,0
1445072,95,1,0,1
3328024,95,1,0,1
6561992,95,1,0,1
5299800,95,1,0,1
3309712,95,1,0,1
2884688,95,1,0,1
1490640,95,1,0,1
3288352,95,1,1,0
348424,95,1,0,1
1837440,95,1,1,0
1892504,95,1,0,1
2080664,95,1,0,1
1429792,95,1,0,1
701328,95,1,1,0
337792,95,1,1,0
2671528,95,1,0,1
6814288,95,1,0,1
2281672,95,1,0,1
157752,95,1,0,1
1103520,95,1,1,0
5242440,95,1,0,1
1390360,95,1,1,0
4701064,95,1,0,1
946904,95,1,1,0
841024,95,1,1,0
5762472,95,1,0,1
1646816,95,1,1,0
631208,95,1,0,1
6859032,95,1,0,1
4022872,95,1,0,1
5751256,95,1,0,1
2235064,95,1,0,1
8316912,95,1,1,0
2169688,95,1,0,1
1807296,95,1,1,0
2788264,95,1,0,1
3573560,95,1,1,0
3033352,95,1,1,0
124064,95,1,0,1
509200,95,1,1,0
3356120,95,1,1,0
5658536,95,1,0,1
5566640,95,1,1,0
1282720,95,1,0,1
3699992,95,1,1,0
1861664,95,1,1,0
2934640,95,1,1,0
1127216,95,1,0,1
2991544,95,1,1,0
3149040,95,1,0,1
934168,95,1,0,1
6926848,95,1,1,0
1637848,95,1,1,0
4168952,95,1,0,1
5018320,95,1,1,0
7400960,95,1,0,1
2443760,95,1,0,1
6935680,95,1,0,1
7837456,95,1,1,0
1875536,95,1,0,1
239928,95,1,1,0
8047128,95,1,1,0
6849536,95,1,1,0
3548840,95,1,1,0
2508168,95,1,0,1
139632,95,1,1,0
4449664,95,1,1,0
2811288,95,1,1,0
311176,95,1,1,0
1560848,95,1,0,1
6233112,95,1,0,1
7764464,95,1,0,1
138232,95,1,0,1
257344,95,1,1,0
3402648,95,1,0,1
306920,95,1,1,0
6814056,95,1,1,0
592440,95,1,1,0
2096192,95,1,1,0
2305856,95,1,0,1
1100256,95,1,1,0
3725168,95,1,0,1
1241568,95,1,1,0
537096,95,1,0,1
1410824,95,1,1,0
7447456,95,1,0,1
5049168,95,1,0,1
280360,95,1,0,1
277976,95,1,0,1
1168576,95,1,0,1
460464,95,1,0,1
1840976,95,1,1,0
3423808,95,1,0,1
2074984,95,1,1,0
573856,95,1,1,0
2451424,95,1,0,1
1321664,95,1,0,1
5588000,95,1,0,1
3707336,95,1,0,1
2351136,95,1,1,0
517504,95,1,0,1
5388776,95,1,0,1
479688,95,1,1,0
242992,95,1,0,1
775736,95,1,0,1
587136,95,1,1,0
3441240,95,1,1,0
1446952,95,1,0,1
1514568,95,1,1,0
285184,95,1,0,1
4545008,95,1,0,1
549456,95,1,1,0
2642632,95,1,0,1
2583896,95,1,0,1
1045904,95,1,0,1
5925480,95,1,1,0
4190152,95,1,0,1
2522944,95,1,0,1
703304,95,1,0,1
510056,95,1,1,0
2202216,95,1,0,1
1715856,95,1,0,1
155952,95,1,0,1
7560192,95,1,0,1
2838856,95,1,1,0
4273240,95,1,1,0
631312,95,1,1,0
511240,95,1,1,0
691464,95,1,0,1
3336240,95,1,1,0
7405256,95,1,1,0
2558464,95,1,0,1
3021088,95,1,0,1
3944784,95,1,1,0
2584392,95,1,0,1
703584,95,1,0,1
6713936,95,1,1,0
244152,95,1,1,0
1087272,95,1,1,0
452488,95,1,0,1
311112,95,1,0,1
7112856,95,1,0,1
1223400,95,1,0,1
6453464,95,1,0,1
5333512,95,1,1,0
4062680,95,1,0,1
692864,95,1,0,1
491256,95,1,0,1
894840,95,1,1,0
1975752,95,1,0,1
5449944,95,1,0,1
5529576,95,1,1,0
7219760,95,1,0,1
1810320,95,1,0,1
2655456,95,1,1,0
8244904,95,1,1,0
4784920,95,1,0,1
2385304,95,1,1,0
5107112,95,1,0,1
4119296,95,1,0,1
1007672,95,1,0,1
680840,95,1,0,1
5061504,95,1,1,0
554264,95,1,0,1
7317288,95,1,0,1
471048,95,1,1,0
2768760,95,1,0,1
7102328,95,1,1,0
769624,95,1,1,0
2475584,95,1,0,1
5791688,95,1,1,0
6967096,95,1,0,1
324392,95,1,1,0
474088,95,1,0,1
2083768,95,1,1,0
3969920,95,1,1,0
850808,95,1,1,0
1626888,95,1,1,0
2269800,95,1,1,0
4381200,95,1,0,1
2935424,95,1,1,0
7024432,95,1,1,0
1770832,95,1,1,0
3658784,95,1,0,1
2418832,95,1,0,1
3864864,95,1,0,1
2230760,95,1,0,1
1104216,95,1,0,1
1120088,95,1,0,1
3162472,95,1,1,0
2763520,95,1,0,1
4173936,95,1,0,1
577816,95,1,0,1
1113520,95,1,0,1
7191976,95,1,0,1
2980960,95,1,1,0
1710472,95,1,0,1
4004592,95,1,1,0
1588856,95,1,0,1
2293664,95,1,0,1
6126032,95,1,0,1
400424,95,1,0,1
1480328,95,1,1,0
2079512,95,1,0,1
2597328,95,1,1,0
302888,95,1,0,1
1820424,95,1,0,1
3914312,95,1,0,1
1935896,95,1,0,1
5809464,95,1,1,0
278888,95,1,0,1
3527768,95,1,0,1
1115936,95,1,0,1
3606648,95,1,0,1
4736016,95,1,0,1
3174072,95,1,1,0
7583392,95,1,1,0
1021344,95,1,0,1
1660736,95,1,0,1
541488,95,1,0,1
2878328,95,1,1,0
2559208,95,1,1,0
6678264,95,1,1,0
1888456,95,1,0,1
2011384,95,1,1,0
1403056,95,1,0,1
1262672,95,1,0,1
7973592,95,1,1,0
3376536,95,1,1,0
2200736,95,1,0,1
3692744,95,1,1,0
1507752,95,1,1,0
4508120,95,1,1,0
1197880,95,1,0,1
1000344,95,1,1,0
6796376,95,1,0,1
7083544,95,1,1,0
252488,95,1,0,1
1817000,95,1,1,0
1654456,95,1,1,0
2103632,95,1,0,1
1027624,95,1,1,0
674520,95,1,0,1
262776,95,1,1,0
300336,95,1,1,0
1965320,95,1,0,1
4910888,95,1,1,0
7249096,95,1,0,1
3202344,95,1,0,1
3467632,95,1,1,0
5492080,95,1,1,0
1351664,95,1,0,1
1048776,95,1,1,0
302408,95,1,0,1
7800224,95,1,1,0
3824944,95,1,1,0
5469752,95,1,0,1
5820512,95,1,0,1
6033600,95,1,0,1
891888,95,1,0,1
135688,95,1,0,1
404600,95,1,1,0
1089912,95,1,1,0
554144,95,1,1,0
6334512,95,1,1,0
1432976,95,1,1,0
1976232,95,1,0,1
1090856,95,1,0,1
5324608,95,1,1,0
1013568,95,1,1,0
2323584,95,1,0,1
7536704,95,1,1,0
4177024,95,1,0,1
6185672,95,1,1,0
5068024,95,1,0,1
6683600,95,1,1,0
6930432,95,1,1,0
2678448,95,1,1,0
5525952,95,1,0,1
1887616,95,1,1,0
1088920,95,1,1,0
1295160,95,1,0,1
691040,95,1,0,1
2917192,95,1,1,0
222224,95,1,0,1
3256632,95,1,0,1
2698536,95,1,1,0
6710456,95,1,1,0
1471096,95,1,0,1
717552,95,1,0,1
338616,95,1,0,1
2226856,95,1,0,1
7437920,95,1,0,1
1412712,95,1,1,0
4192608,95,1,1,0
608736,95,1,1,0
1613160,95,1,1,0
3835688,95,1,1,0
2198600,95,1,0,1
520792,95,1,1,0
4657088,95,1,0,1
2814600,95,1,0,1
3346568,95,1,1,0
2305400,95,1,1,0
2770448,95,1,0,1
387688,95,1,0,1
2385808,95,1,0,1
2940576,95,1,1,0
2267704,95,1,0,1
1694288,95,1,1,0
5669944,95,1,1,0
4133664,95,1,0,1
684608,95,1,0,1
1566816,95,1,0,1
8133880,95,1,1,0
958880,95,1,0,1
6431448,95,1,1,0
856824,95,1,0,1
5102296,95,1,0,1
238984,95,1,1,0
1853328,95,1,0,1
1854008,95,1,0,1
4907624,95,1,0,1
550032,95,1,0,1
857232,95,1,0,1
7140184,95,1,1,0
1062256,95,1,0,1
682560,95,1,0,1
7213648,95,1,0,1
7857416,95,1,0,1
1645280,95,1,0,1
1388608,95,1,0,1
1559544,95,1,1,0
4520896,95,1,0,1
6449904,95,1,1,0
3218344,95,1,1,0
3432472,95,1,1,0
4217264,95,1,0,1
3348656,95,1,0,1
1281576,95,1,0,1
6785744,95,1,0,1
1065920,95,1,0,1
1912192,95,1,1,0
5478056,95,1,0,1
718744,95,1,0,1
724064,95,1,0,1
163384,95,1,0,1
7919056,95,1,1,0
7794088,95,1,1,0
3386352,95,1,0,1
417512,95,1,0,1
6842184,95,1,1,0
3022208,95,1,1,0
2221856,95,1,0,1
3673312,95,1,0,1
4704184,95,1,0,1
3940440,95,1,0,1
3936560,95,1,0,1
556792,95,1,1,0
411032,95,1,1,0
6461800,95,1,0,1
5897936,95,1,1,0
278400,95,1,1,0
919768,95,1,1,0
810288,95,1,1,0
1383128,95,1,1,0
2692480,95,1,1,0
1766888,95,1,1,0
3156072,95,1,0,1
1449960,95,1,1,0
1186504,95,1,0,1
787856,95,1,0,1
4746872,95,1,1,0
252688,95,1,1,0
8131352,95,1,1,0
1827544,95,1,0,1
448952,95,1,1,0
369504,95,1,1,0
213264,95,1,0,1
7919576,95,1,1,0
2435392,95,1,1,0
7105288,95,1,0,1
959152,95,1,0,1
3466840,95,1,1,0
1371528,95,1,0,1
151648,95,1,0,1
148016,95,1,0,1
619136,95,1,1,0
1811696,95,1,0,1
2661168,95,1,0,1
4906648,95,1,0,1
774728,95,1,1,0
1645432,95,1,1,0
2677672,95,1,1,0
2991648,95,1,1,0
568032,95,1,1,0
4695824,95,1,0,1
1676144,95,1,1,0
865544,95,1,1,0
919296,95,1,0,1
3620680,95,1,1,0
944232,95,1,1,0
1219864,95,1,1,0
1348936,95,1,1,0
1333712,95,1,1,0
477248,95,1,0,1
3864096,95,1,0,1
8267256,95,1,0,1
5903264,95,1,0,1
2274832,95,1,0,1
3510912,95,1,1,0
1712200,95,1,1,0
1104952,95,1,1,0
3241664,95,1,1,0
1067240,95,1,0,1
848488,95,1,0,1
2515976,95,1,1,0
2242616,95,1,1,0
1667608,95,1,1,0
6737424,95,1,0,1
374048,95,1,0,1
1929560,95,1,1,0
7957072,95,1,0,1
4140912,95,1,0,1
134688,95,1,1,0
141648,95,1,0,1
417792,95,1,1,0
2112080,95,1,1,0
1870616,95,1,1,0
1979032,95,1,1,0
6468856,95,1,1,0
2210256,95,1,0,1
1542200,95,1,0,1
1995712,95,1,1,0
446040,95,1,1,0
1010168,95,1,1,0
2481512,95,1,1,0
1622712,95,1,0,1
7224800,95,1,0,1
714752,95,1,0,1
360408,95,1,0,1
3207616,95,1,1,0
1161808,95,1,0,1
2671792,95,1,0,1
780656,95,1,0,1
1202152,95,1,0,1
159088,95,1,0,1
2886144,95,1,1,0
7855776,95,1,0,1
882064,95,1,0,1
1068304,95,1,1,0
4149528,95,1,0,1
426984,95,1,0,1
814056,95,1,0,1
4256096,95,1,1,0
7466032,95,1,0,1
5230712,95,1,0,1
3695264,95,1,0,1
155968,95,1,1,0
738584,95,1,1,0
4988648,95,1,1,0
6340824,95,1,1,0
5429976,95,1,1,0
1073736,95,1,1,0
2859448,95,1,1,0
7788640,95,1,0,1
6316568,95,1,0,1
430944,95,1,1,0
1103000,95,1,0,1
2378224,95,1,1,0
1036008,95,1,0,1
6296928,95,1,1,0
3006272,95,1,1,0
4882176,95,1,0,1
1432688,95,1,0,1
791328,95,1,0,1
667016,95,1,0,1
5517432,95,1,0,1
191072,95,1,1,0
558112,95,1,1,0
1130632,95,1,1,0
1602760,95,1,0,1
132576,95,1,0,1
8199416,95,1,0,1
3872352,95,1,1,0
7743096,95,1,0,1
676744,95,1,1,0
1172096,95,1,0,1
1048968,95,1,0,1
2193952,95,1,1,0
283328,95,1,1,0
7400720,95,1,0,1
7389440,95,1,0,1
4337112,95,1,1,0
2418536,95,1,1,0
6921104,95,1,0,1
3137400,95,1,0,1
2281192,95,1,0,1
2398776,95,1,1,0
4973696,95,1,1,0
1159928,95,1,1,0
314272,95,1,0,1
337072,95,1,1,0
6416480,95,1,0,1
1210056,95,1,0,1
1451408,95,1,0,1
1783168,95,1,0,1
3444352,95,1,0,1
248280,95,1,0,1
827768,95,1,1,0
4705704,95,1,1,0
5157024,95,1,1,0
7486456,95,1,1,0
7470568,95,1,0,1
7990272,95,1,1,0
818680,95,1,0,1
1210824,95,1,1,0
4101264,95,1,1,0
1172312,95,1,1,0
4563440,95,1,1,0
219696,95,1,0,1
5370784,95,1,1,0
1316256,95,1,1,0
292984,95,1,1,0
3811520,95,1,1,0
204288,95,1,1,0
3435944,95,1,1,0
3648632,95,1,1,0
7362272,95,1,1,0
462632,95,1,0,1
2900392,95,1,1,0
2368192,95,1,0,1
1286416,95,1,0,1
4719576,95,1,1,0
350016,95,1,1,0
7218160,95,1,1,0
2321920,95,1,1,0
2523296,95,1,1,0
440544,95,1,1,0
1194336,95,1,0,1
1719936,95,1,0,1
2064664,95,1,0,1
1366392,95,1,0,1
3601712,95,1,1,0
175176,95,1,0,1
6791456,95,1,0,1
5578888,95,1,1,0
6094128,95,1,0,1
289600,95,1,1,0
1780992,95,1,1,0
798184,95,1,1,0
540056,95,1,0,1
400752,95,1,1,0
720224,95,1,0,1
549672,95,1,1,0
4991264,95,1,1,0
1870536,95,1,0,1
8240624,95,1,1,0
2454184,95,1,1,0
592936,95,1,0,1
338536,95,1,0,1
7932640,95,1,1,0
1077456,95,1,0,1
3504616,95,1,0,1
981128,95,1,1,0
1753224,95,1,1,0
390824,95,1,0,1
3221152,95,1,1,0
326992,95,1,1,0
2764992,95,1,0,1
1908520,95,1,1,0
1192024,95,1,1,0
1530176,95,1,0,1
1208136,95,1,0,1
5711936,95,1,1,0
6501056,95,1,0,1
4741360,95,1,1,0
452296,95,1,0,1
5310712,95,1,1,0
615608,95,1,0,1
2267304,95,1,1,0
6082488,95,1,1,0
691568,95,1,0,1
1997440,95,1,0,1
2192208,95,1,1,0
2160888,95,1,1,0
593176,95,1,1,0
2914424,95,1,0,1
3404832,95,1,1,0
2758032,95,1,1,0
7351152,95,1,1,0
3117880,95,1,1,0
1781904,95,1,1,0
742944,95,1,0,1
1892096,95,1,1,0
3419048,95,1,1,0
8223472,95,1,0,1
1733656,95,1,1,0
1652408,95,1,1,0
584344,95,1,0,1
1368672,95,1,1,0
6905400,95,1,0,1
1770024,95,1,0,1
171768,95,1,0,1
3491264,95,1,1,0
484584,95,1,0,1
8383400,95,1,0,1
7255648,95,1,0,1
4542240,95,1,1,0
428128,95,1,0,1
3634056,95,1,0,1
7354376,95,1,0,1
5093088,95,1,0,1
6209184,95,1,1,0
137256,95,1,1,0
3070104,95,1,0,1
7838472,95,1,1,0
3514672,95,1,1,0
2199592,95,1,1,0
1163376,95,1,0,1
6459968,95,1,1,0
3242208,95,1,1,0
108304,95,1,1,0
3300848,95,1,0,1
4086592,95,1,1,0
3222224,95,1,1,0
7678744,95,1,0,1
1237072,95,1,0,1
457304,95,1,0,1
2709912,95,1,1,0
748216,95,1,1,0
3380456,95,1,1,0
979600,95,1,0,1
1672104,95,1,0,1
1785584,95,1,1,0
6336184,95,1,1,0
6368384,95,1,0,1
1535072,95,1,0,1
2059512,95,1,0,1
1853408,95,1,1,0
1424744,95,1,0,1
1864888,95,1,0,1
4983312,95,1,1,0
4896232,95,1,1,0
1156704,95,1,0,1
344264,95,1,0,1
1093096,95,1,1,0
2155656,95,1,1,0
6643288,95,1,0,1
3237672,95,1,1,0
1565656,95,1,0,1
1072608,95,1,0,1
1350568,95,1,0,1
874696,95,1,0,1
1970824,95,1,0,1
7337472,95,1,0,1
6707344,95,1,1,0
7398144,95,1,1,0
519696,95,1,1,0
1107616,95,1,1,0
5639832,95,1,0,1
2735192,95,1,1,0
3319488,95,1,0,1
7217232,95,1,1,0
2507512,95,1,1,0
4731152,95,1,0,1
3439624,95,1,0,1
221256,95,1,0,1
484856,95,1,0,1
5739768,95,1,0,1
2728480,95,1,0,1
5537736,95,1,1,0
1017448,95,1,1,0
719856,95,1,0,1
3376424,95,1,1,0
6064936,95,1,1,0
1523552,95,1,1,0
873568,95,1,0,1
1004600,95,1,1,0
2268728,95,1,1,0
1159552,95,1,1,0
7110592,95,1,0,1
1525128,95,1,0,1
247704,95,1,0,1
4866544,95,1,1,0
1256856,95,1,0,1
533952,95,1,1,0
258392,95,1,1,0
6893904,95,1,1,0
1469080,95,1,0,1
8261952,95,1,1,0
1590320,95,1,0,1
987784,95,1,1,0
2378880,95,1,0,1
5850936,95,1,0,1
2564776,95,1,1,0
430272,95,1,0,1
2505688,95,1,1,0
7160800,95,1,0,1
4275656,95,1,0,1
1762304,95,1,0,1
6354528,95,1,0,1
5629384,95,1,1,0
839040,95,1,1,0
5730368,95,1,1,0
1555208,95,1,0,1
7022744,95,1,0,1
442744,95,1,1,0
2865008,95,1,0,1
4133784,95,1,1,0
3629080,95,1,0,1
5212352,95,1,1,0
1770336,95,1,1,0
8335168,95,1,1,0
479488,95,1,0,1
4067168,95,1,1,0
4942448,95,1,0,1
2145792,95,1,0,1
4568984,95,1,0,1
4483792,95,1,1,0
4997424,95,1,1,0
1087984,95,1,1,0
483256,95,1,0,1
674112,95,1,1,0
5788584,95,1,0,1
2140528,95,1,1,0
4355432,95,1,0,1
348944,95,1,1,0
5576832,95,1,0,1
2451368,95,1,0,1
3969384,95,1,0,1
188920,95,1,1,0
239912,95,1,1,0
2278776,95,1,1,0
1389768,95,1,1,0
2044712,95,1,1,0
3789232,95,1,1,0
1606712,95,1,1,0
153328,95,1,1,0
1912744,95,1,1,0
5240296,95,1,0,1
2470784,95,1,1,0
6199488,95,1,1,0
2045496,95,1,1,0
189184,95,1,1,0
1592072,95,1,1,0
4495496,95,1,1,0
525352,95,1,1,0
532256,95,1,0,1
1462744,95,1,0,1
4054648,95,1,1,0
2212992,95,1,1,0
6310184,95,1,0,1
260200,95,1,0,1
3182968,95,1,1,0
5947088,95,1,1,0
6398752,95,1,0,1
360992,95,1,1,0
7595872,95,1,0,1
6928552,95,1,1,0
3265240,95,1,0,1
1060488,95,1,0,1
1719560,95,1,0,1
2339216,95,1,0,1
2067304,95,1,0,1
1487544,95,1,1,0
1799096,95,1,0,1
5975864,95,1,0,1
1175032,95,1,0,1
749896,95,1,1,0
5940728,95,1,0,1
293808,95,1,0,1
6632568,95,1,0,1
4416640,95,1,0,1
8301920,95,1,1,0
6526056,95,1,0,1
7066120,95,1,1,0
2425344,95,1,1,0
248128,95,1,1,0
5434192,95,1,1,0
3958792,95,1,0,1
5753408,95,1,1,0
4226488,95,1,0,1
2340344,95,1,1,0
3010336,95,1,0,1
110776,95,1,1,0
2682072,95,1,1,0
2648928,95,1,1,0
201784,95,1,0,1
1112680,95,1,1,0
3015776,95,1,1,0
7581040,95,1,1,0
5548536,95,1,1,0
3512048,95,1,0,1
2925744,95,1,0,1
4189584,95,1,0,1
1724088,95,1,1,0
4585672,95,1,1,0
6501688,95,1,1,0
2374080,95,1,0,1
1110056,95,1,0,1
5050752,95,1,0,1
7616232,95,1,0,1
8277160,95,1,0,1
1838216,95,1,1,0
1383944,95,1,0,1
2838800,95,1,0,1
233320,95,1,1,0
1488320,95,1,1,0
2314224,95,1,1,0
5068064,95,1,1,0
2857384,95,1,0,1
1216344,95,1,1,0
1945416,95,1,0,1
2965448,95,1,1,0
716088,95,1,0,1
298280,95,1,1,0
2662200,95,1,1,0
1664920,95,1,1,0
920672,95,1,0,1
6471208,95,1,0,1
731168,95,1,1,0
6340104,95,1,0,1
2717088,95,1,0,1
1963928,95,1,1,0
1225056,95,1,0,1
688928,95,1,0,1
581848,95,1,1,0
3144064,95,1,1,0
4180272,95,1,0,1
1630088,95,1,0,1
1020688,95,1,1,0
3067576,95,1,0,1
3962752,95,1,0,1
2510416,95,1,0,1
1558440,95,1,1,0
5166448,95,1,1,0
928088,95,1,1,0
4929944,95,1,0,1
5843896,95,1,1,0
5326384,95,1,1,0
2699608,95,1,0,1
6300024,95,1,1,0
2244264,95,1,0,1
1996056,95,1,0,1
935824,95,1,1,0
4265168,95,1,0,1
3291640,95,1,1,0
1603592,95,1,0,1
1318856,95,1,0,1
3572848,95,1,0,1
622672,95,1,1,0
311800,95,1,0,1
340480,95,1,0,1
315440,95,1,0,1
5466832,95,1,1,0
1538632,95,1,0,1
3854736,95,1,0,1
287496,95,1,1,0
1965224,95,1,0,1
1202200,95,1,0,1
3169208,95,1,0,1
207208,95,1,0,1
784832,96,1,0,1
4273288,96,1,1,0
1057312,96,1,1,0
2061480,96,1,1,0
2929512,96,1,0,1
6122368,96,1,1,0
2263928,96,1,1,0
1728096,96,1,0,1
4181928,96,1,0,1
5241472,96,1,0,1
6019808,96,1,0,1
1891432,96,1,1,0
5388744,96,1,1,0
2877312,96,1,0,1
515240,96,1,0,1
506968,96,1,1,0
4860040,96,1,0,1
5613944,96,1,0,1
620944,96,1,0,1
3935520,96,1,0,1
1688440,96,1,0,1
1288520,96,1,1,0
7698072,96,1,1,0
1399960,96,1,1,0
917480,96,1,1,0
2413568,96,1,0,1
1050800,96,1,0,1
211272,96,1,1,0
2774080,96,1,0,1
1244232,96,1,0,1
1595488,96,1,0,1
483432,96,1,1,0
3696360,96,1,1,0
2067936,96,1,1,0
871352,96,1,0,1
382160,96,1,1,0
857608,96,1,0,1
2970808,96,1,0,1
696680,96,1,0,1
7249208,96,1,1,0
1125280,96,1,0,1
6924416,96,1,1,0
617120,96,1,1,0
803712,96,1,0,1
3977112,96,1,0,1
1092928,96,1,1,0
416616,96,1,0,1
7533328,96,1,0,1
754648,96,1,0,1
2839416,96,1,0,1
3609496,96,1,1,0
548224,96,1,0,1
745744,96,1,1,0
5015304,96,1,1,0
1703464,96,1,0,1
7112584,96,1,1,0
1560904,96,1,0,1
795472,96,1,0,1
1991560,96,1,0,1
7841648,96,1,0,1
1437048,96,1,0,1
4224168,96,1,1,0
4569024,96,1,0,1
457768,96,1,1,0
3976312,96,1,0,1
2294240,96,1,1,0
1620072,96,1,1,0
1125648,96,1,0,1
563560,96,1,0,1
4732696,96,1,0,1
4196768,96,1,1,0
4907504,96,1,0,1
2869704,96,1,1,0
990344,96,1,1,0
3007360,96,1,0,1
1342392,96,1,1,0
221408,96,1,0,1
933920,96,1,0,1
2671936,96,1,0,1
7652048,96,1,0,1
4623576,96,1,1,0
955264,96,1,0,1
4244672,96,1,0,1
2635688,96,1,1,0
3729016,96,1,1,0
222152,96,1,0,1
1131752,96,1,1,0
5406408,96,1,0,1
327760,96,1,0,1
6804160,96,1,1,0
2378936,96,1,0,1
1271096,96,1,1,0
7765520,96,1,0,1
964984,96,1,1,0
4238520,96,1,1,0
3885312,96,1,1,0
6032264,96,1,1,0
545008,96,1,1,0
3776952,96,1,0,1
87832,96,1,0,1
1155344,96,1,0,1
6792592,96,1,1,0
7667448,96,1,0,1
261504,96,1,0,1
3728976,96,1,0,1
2960576,96,1,0,1
5632648,96,1,0,1
7238160,96,1,0,1
2060584,96,1,0,1
320256,96,1,1,0
3718400,96,1,1,0
6681968,96,1,0,1
5956544,96,1,0,1
1708960,96,1,0,1
833816,96,1,1,0
1599264,96,1,0,1
860240,96,1,1,0
4035264,96,1,1,0
5880440,96,1,0,1
3375760,96,1,0,1
8094952,96,1,0,1
2024720,96,1,1,0
5969200,96,1,0,1
1676448,96,1,1,0
6971072,96,1,0,1
4655624,96,1,1,0
7080296,96,1,1,0
4477008,96,1,1,0
461552,96,1,0,1
6079272,96,1,1,0
3767392,96,1,0,1
673184,96,1,1,0
3931640,96,1,1,0
1424272,96,1,1,0
1693912,96,1,1,0
3959624,96,1,0,1
2289496,96,1,1,0
3841048,96,1,0,1
2068136,96,1,0,1
6980768,96,1,1,0
1005504,96,1,0,1
3901128,96,1,0,1
1956432,96,1,0,1
5414512,96,1,1,0
2646848,96,1,1,0
6192240,96,1,0,1
5263008,96,1,0,1
1166224,96,1,1,0
1062280,96,1,0,1
547264,96,1,1,0
5875112,96,1,0,1
3925408,96,1,1,0
5823016,96,1,1,0
6001160,96,1,0,1
3662896,96,1,0,1
466064,96,1,0,1
1344488,96,1,1,0
1171448,96,1,1,0
459224,96,1,0,1
1690488,96,1,1,0
4979536,96,1,0,1
3006312,96,1,1,0
4501920,96,1,0,1
2515544,96,1,0,1
349984,96,1,1,0
699112,96,1,1,0
1598344,96,1,1,0
5982936,96,1,0,1
2263448,96,1,1,0
4803224,96,1,1,0
4174880,96,1,1,0
467656,96,1,0,1
3326152,96,1,0,1
5962720,96,1,1,0
1278328,96,1,0,1
1328208,96,1,1,0
988408,96,1,0,1
4329032,96,1,1,0
3761960,96,1,0,1
7050120,96,1,1,0
1183208,96,1,1,0
3582944,96,1,0,1
7740656,96,1,0,1
4362408,96,1,1,0
2216600,96,1,0,1
1363440,96,1,0,1
2136632,96,1,1,0
5923544,96,1,0,1
2955432,96,1,1,0
1117672,96,1,0,1
639928,96,1,1,0
5989192,96,1,1,0
2202128,96,1,0,1
2110120,96,1,1,0
3942312,96,1,0,1
1720528,96,1,0,1
5649776,96,1,1,0
4013104,96,1,1,0
2178448,96,1,1,0
2628496,96,1,0,1
3673032,96,1,0,1
1924312,96,1,1,0
3065824,96,1,0,1
2156656,96,1,0,1
3812872,96,1,1,0
5200376,96,1,0,1
6279520,96,1,0,1
2237248,96,1,0,1
3937392,96,1,0,1
363008,96,1,0,1
6332800,96,1,0,1
1790512,96,1,0,1
2336664,96,1,0,1
434816,96,1,0,1
2153080,96,1,1,0
5369544,96,1,1,0
2362808,96,1,0,1
5846776,96,1,1,0
1249992,96,1,0,1
6933184,96,1,0,1
6219368,96,1,0,1
2772072,96,1,1,0
2769512,96,1,1,0
330760,96,1,0,1
7508680,96,1,1,0
2608976,96,1,0,1
5918048,96,1,0,1
415688,96,1,1,0
2410840,96,1,0,1
2430576,96,1,0,1
995168,96,1,0,1
2079424,96,1,0,1
760816,96,1,1,0
1762664,96,1,0,1
350600,96,1,0,1
1023944,96,1,0,1
6211744,96,1,1,0
3463008,96,1,0,1
983384,96,1,0,1
7833624,96,1,1,0
4784840,96,1,1,0
226016,96,1,0,1
1359640,96,1,1,0
4873984,96,1,0,1
7474072,96,1,1,0
582944,96,1,1,0
1801064,96,1,0,1
5260848,96,1,1,0
782768,96,1,0,1
1083392,96,1,1,0
6473224,96,1,1,0
452312,96,1,1,0
3566904,96,1,1,0
1096072,96,1,1,0
4433768,96,1,1,0
3294928,96,1,0,1
342872,96,1,1,0
6303040,96,1,1,0
3895488,96,1,0,1
407680,96,1,0,1
3751864,96,1,1,0
3374592,96,1,1,0
874016,96,1,1,0
1456928,96,1,1,0
1495112,96,1,1,0
105704,96,1,1,0
1096352,96,1,1,0
561352,96,1,0,1
303008,96,1,0,1
1501408,96,1,1,0
99576,96,1,1,0
1579264,96,1,1,0
357072,96,1,1,0
1267320,96,1,1,0
4570552,96,1,1,0
2485896,96,1,0,1
8265544,96,1,1,0
2614512,96,1,1,0
5471592,96,1,0,1
7826872,96,1,1,0
2053808,96,1,0,1
753384,96,1,1,0
1819304,96,1,0,1
3643776,96,1,0,1
4209104,96,1,1,0
1280992,96,1,0,1
5470440,96,1,0,1
7153704,96,1,1,0
3773288,96,1,0,1
7172224,96,1,0,1
7100296,96,1,0,1
189680,96,1,0,1
2441104,96,1,0,1
3916624,96,1,1,0
2454520,96,1,0,1
816656,96,1,1,0
740360,96,1,0,1
3325320,96,1,0,1
2827960,96,1,0,1
2668416,96,1,1,0
2485600,96,1,0,1
941568,96,1,0,1
3594320,96,1,1,0
8078320,96,1,0,1
1828736,96,1,0,1
6128976,96,1,0,1
758928,96,1,1,0
1024816,96,1,1,0
6282816,96,1,0,1
3362784,96,1,0,1
839216,96,1,1,0
5543264,96,1,1,0
811592,96,1,1,0
4938760,96,1,0,1
4341608,96,1,1,0
3953984,96,1,0,1
3490976,96,1,1,0
4674864,96,1,1,0
7954936,96,1,1,0
309104,96,1,1,0
1253280,96,1,1,0
1863592,96,1,0,1
2557688,96,1,0,1
2730360,96,1,0,1
4085296,96,1,0,1
2674944,96,1,0,1
1102088,96,1,1,0
2101424,96,1,0,1
1024056,96,1,1,0
721840,96,1,0,1
6465760,96,1,1,0
939248,96,1,1,0
1008064,96,1,1,0
725784,96,1,1,0
750672,96,1,1,0
5844752,96,1,0,1
865184,96,1,0,1
205832,96,1,0,1
4137912,96,1,1,0
4109880,96,1,0,1
986520,96,1,0,1
158936,96,1,0,1
2274096,96,1,1,0
3181384,96,1,0,1
3177600,96,1,1,0
821816,96,1,1,0
3774480,96,1,0,1
182320,96,1,0,1
5545672,96,1,1,0
6198408,96,1,1,0
2448424,96,1,1,0
4674632,96,1,0,1
3252544,96,1,0,1
1273992,96,1,0,1
5491176,96,1,0,1
3478656,96,1,1,0
2171424,96,1,1,0
1350728,96,1,1,0
829464,96,1,0,1
5716072,96,1,0,1
1180472,96,1,0,1
3747776,96,1,0,1
2773232,96,1,0,1
5861504,96,1,1,0
3707464,96,1,1,0
1638264,96,1,1,0
616600,96,1,1,0
7441216,96,1,0,1
3138704,96,1,0,1
6737432,96,1,1,0
4680344,96,1,1,0
7989496,96,1,1,0
5944712,96,1,0,1
6549320,96,1,1,0
2751704,96,1,0,1
2541960,96,1,0,1
7370000,96,1,1,0
4413800,96,1,0,1
5873168,96,1,1,0
2699136,96,1,0,1
1056368,96,1,0,1
1367024,96,1,0,1
8311744,96,1,0,1
5156824,96,1,1,0
7172784,96,1,0,1
4149656,96,1,0,1
5530088,96,1,1,0
5173288,96,1,1,0
4184848,96,1,1,0
530904,96,1,1,0
489968,96,1,1,0
3228728,96,1,0,1
1704952,96,1,0,1
1815344,96,1,1,0
5648472,96,1,0,1
1973792,96,1,0,1
3581880,96,1,0,1
1660208,96,1,1,0
4921512,96,1,0,1
946728,96,1,0,1
6730664,96,1,1,0
664120,96,1,1,0
1572112,96,1,0,1
4050096,96,1,0,1
8309328,96,1,1,0
954480,96,1,0,1
3374880,96,1,0,1
6991696,96,1,1,0
1185696,96,1,0,1
6751976,96,1,1,0
1778512,96,1,0,1
7493800,96,1,1,0
4203312,96,1,1,0
804104,96,1,1,0
3789112,96,1,0,1
445328,96,1,1,0
3332648,96,1,0,1
768856,96,1,1,0
2304624,96,1,0,1
7624016,96,1,1,0
283896,96,1,1,0
226160,96,1,1,0
3032984,96,1,0,1
4950504,96,1,1,0
1467472,96,1,0,1
5474344,96,1,1,0
2515208,96,1,0,1
1638904,96,1,0,1
8268800,96,1,1,0
2271000,96,1,0,1
6585432,96,1,1,0
1679624,96,1,1,0
810952,96,1,0,1
2318512,96,1,1,0
5789744,96,1,0,1
483240,96,1,1,0
3298592,96,1,0,1
929400,96,1,0,1
5004432,96,1,1,0
7753808,96,1,0,1
793280,96,1,1,0
2593240,96,1,1,0
1274456,96,1,0,1
604208,96,1,0,1
4689568,96,1,0,1
2055656,96,1,1,0
2436264,96,1,1,0
1969720,96,1,1,0
5690192,96,1,1,0
375616,96,1,1,0
2267216,96,1,1,0
5965488,96,1,0,1
6725984,96,1,1,0
920280,96,1,0,1
630264,96,1,0,1
3316856,96,1,1,0
3435312,96,1,0,1
2661584,96,1,1,0
6743728,96,1,1,0
5158504,96,1,0,1
3442016,96,1,1,0
2803416,96,1,1,0
3075944,96,1,0,1
443552,96,1,1,0
212424,96,1,1,0
4519424,96,1,0,1
668560,96,1,0,1
2729448,96,1,1,0
4968656,96,1,0,1
1330784,96,1,1,0
5459160,96,1,0,1
7280576,96,1,1,0
567832,96,1,1,0
623576,96,1,0,1
3560616,96,1,0,1
739376,96,1,1,0
5704816,96,1,0,1
5267912,96,1,1,0
6316680,96,1,0,1
3437024,96,1,0,1
309800,96,1,1,0
7210912,96,1,1,0
1328112,96,1,0,1
7503120,96,1,1,0
2606656,96,1,0,1
3151856,96,1,0,1
4314456,96,1,0,1
646864,96,1,0,1
687088,96,1,1,0
2589672,96,1,1,0
2826928,96,1,1,0
3072552,96,1,1,0
2802376,96,1,0,1
1080944,96,1,1,0
347760,96,1,1,0
895976,96,1,0,1
411640,96,1,1,0
1958872,96,1,1,0
423896,96,1,0,1
3294336,96,1,0,1
5660392,96,1,1,0
1653056,96,1,0,1
2506360,96,1,0,1
700296,96,1,1,0
6298584,96,1,1,0
4034248,96,1,0,1
1564880,96,1,1,0
5398232,96,1,1,0
3037408,96,1,1,0
2910408,96,1,1,0
2282008,96,1,1,0
7485720,96,1,1,0
767696,96,1,0,1
2344312,96,1,1,0
362776,96,1,1,0
7041144,96,1,0,1
2503376,96,1,1,0
3201224,96,1,1,0
4507072,96,1,1,0
656824,96,1,0,1
4029152,96,1,0,1
6767416,96,1,1,0
4974176,96,1,0,1
6898960,96,1,0,1
3802264,96,1,0,1
5291352,96,1,0,1
7463224,96,1,1,0
2467352,96,1,0,1
1914504,96,1,1,0
713880,96,1,0,1
1835704,96,1,0,1
1591432,96,1,0,1
3096896,96,1,0,1
5172152,96,1,0,1
2938504,96,1,0,1
3372344,96,1,1,0
5181480,96,1,0,1
5326656,96,1,0,1
5810200,96,1,1,0
6618496,96,1,0,1
2622696,96,1,1,0
2757288,96,1,0,1
3642008,96,1,0,1
2955920,96,1,1,0
1073776,96,1,0,1
708448,96,1,1,0
8304264,96,1,0,1
1344080,96,1,1,0
3891432,96,1,0,1
1705280,96,1,1,0
3048936,96,1,0,1
2837696,96,1,0,1
3726736,96,1,0,1
771048,96,1,1,0
1605808,96,1,1,0
6862696,96,1,1,0
2326832,96,1,1,0
2503888,96,1,0,1
8295640,96,1,1,0
113856,96,1,0,1
2574776,96,1,1,0
5420992,96,1,1,0
7807632,96,1,0,1
1220520,96,1,1,0
2672152,96,1,0,1
3910656,96,1,0,1
1998520,96,1,1,0
5610464,96,1,0,1
6870480,96,1,0,1
315960,96,1,0,1
2578728,96,1,1,0
3316760,96,1,1,0
5487512,96,1,0,1
796008,96,1,0,1
1568240,96,1,1,0
6153768,96,1,0,1
4558232,96,1,1,0
1163552,96,1,0,1
4430048,96,1,1,0
2632896,96,1,1,0
4280976,96,1,1,0
7433112,96,1,0,1
3524168,96,1,1,0
1723440,96,1,1,0
1369808,96,1,1,0
283968,96,1,1,0
1029496,96,1,1,0
1928680,96,1,1,0
4898608,96,1,1,0
5667968,96,1,1,0
1700848,96,1,0,1
711448,96,1,0,1
1443824,96,1,0,1
2891232,96,1,1,0
4082424,96,1,1,0
3901104,96,1,0,1
1178008,96,1,0,1
720544,96,1,0,1
1066776,96,1,1,0
458952,96,1,1,0
2791200,96,1,1,0
807264,96,1,0,1
8141760,96,1,0,1
330024,96,1,0,1
5978176,96,1,1,0
6535400,96,1,0,1
498976,96,1,1,0
4104760,96,1,0,1
1250032,96,1,0,1
1243160,96,1,1,0
1457776,96,1,1,0
6105616,96,1,0,1
1450176,96,1,0,1
1514160,96,1,1,0
2477352,96,1,1,0
2605000,96,1,1,0
269320,96,1,0,1
483560,96,1,0,1
1608672,96,1,1,0
1251240,96,1,1,0
1546568,96,1,1,0
4235544,96,1,1,0
3761504,96,1,1,0
2503424,96,1,1,0
2679152,96,1,0,1
3642016,96,1,1,0
299048,96,1,1,0
875256,96,1,1,0
1013512,96,1,0,1
2385600,96,1,1,0
1187240,96,1,1,0
1066016,96,1,1,0
206712,96,1,0,1
4679824,96,1,1,0
4356016,96,1,0,1
2327368,96,1,0,1
8307472,96,1,1,0
1877008,96,1,0,1
1247704,96,1,1,0
3495080,96,1,0,1
2682640,96,1,0,1
2435016,96,1,0,1
5953256,96,1,0,1
5535216,96,1,1,0
1755184,96,1,0,1
1631400,96,1,1,0
3689336,96,1,0,1
2110640,96,1,1,0
1003144,96,1,1,0
1293816,96,1,1,0
1448416,96,1,1,0
5753760,96,1,0,1
3931856,96,1,1,0
4640512,96,1,0,1
1988968,96,1,1,0
5215624,96,1,0,1
2087800,96,1,1,0
5292272,96,1,0,1
6969016,96,1,0,1
2392120,96,1,0,1
6603008,96,1,1,0
1504208,96,1,1,0
419312,96,1,1,0
2719304,96,1,1,0
4196704,96,1,0,1
525168,96,1,0,1
8297248,96,1,1,0
500264,96,1,1,0
451504,96,1,0,1
546136,96,1,1,0
2895168,96,1,1,0
6466056,96,1,0,1
384160,96,1,1,0
2004136,96,1,1,0
4096472,96,1,1,0
2857224,96,1,1,0
1473728,96,1,1,0
877968,96,1,1,0
6878296,96,1,0,1
6080912,96,1,0,1
1404600,96,1,1,0
1194320,96,1,0,1
2333536,96,1,0,1
2071480,96,1,0,1
2742496,96,1,1,0
1147880,96,1,1,0
5824048,96,1,1,0
3605224,96,1,1,0
2170720,96,1,1,0
4768728,96,1,0,1
249440,96,1,1,0
3554624,96,1,1,0
333104,96,1,0,1
1160656,96,1,1,0
8168168,96,1,1,0
1026632,96,1,0,1
278808,96,1,0,1
979040,96,1,0,1
4428296,96,1,0,1
2457568,96,1,1,0
1420304,96,1,0,1
6567064,96,1,0,1
3503184,96,1,0,1
2513296,96,1,1,0
7290520,96,1,1,0
536904,96,1,1,0
3501304,96,1,0,1
5705168,96,1,0,1
254592,96,1,0,1
3496576,96,1,0,1
748144,96,1,0,1
1130416,96,1,0,1
4869320,96,1,1,0
6721776,96,1,1,0
6297568,96,1,1,0
802680,96,1,0,1
1672112,96,1,1,0
2736496,96,1,1,0
3789816,96,1,0,1
7438872,96,1,1,0
1909304,96,1,0,1
6697928,96,1,0,1
6643240,96,1,1,0
4245224,96,1,1,0
353896,96,1,1,0
846024,96,1,0,1
6453656,96,1,0,1
3825760,96,1,1,0
1115104,96,1,1,0
5211528,96,1,0,1
5019232,96,1,1,0
151808,96,1,0,1
7235648,96,1,0,1
5000328,96,1,0,1
2141664,96,1,0,1
408600,96,1,1,0
1779024,96,1,1,0
3680920,96,1,1,0
4983536,96,1,0,1
592072,96,1,0,1
1925792,96,1,1,0
499752,96,1,0,1
4498112,96,1,0,1
7815920,96,1,1,0
2998792,96,1,0,1
1031296,96,1,1,0
4928832,96,1,1,0
1119928,96,1,0,1
3839936,96,1,0,1
1184264,96,1,0,1
5946600,96,1,0,1
4073488,96,1,0,1
524768,96,1,0,1
673712,96,1,0,1
8040632,96,1,1,0
1633336,96,1,0,1
1264992,96,1,1,0
685680,96,1,0,1
2261024,96,1,0,1
4834888,96,1,1,0
4088408,96,1,1,0
560432,96,1,0,1
846432,96,1,0,1
518424,96,1,0,1
755736,96,1,0,1
655680,96,1,1,0
2790552,96,1,1,0
800184,96,1,0,1
2417392,96,1,0,1
7540584,96,1,1,0
4950552,96,1,1,0
3553504,96,1,0,1
215464,96,1,0,1
131608,96,1,0,1
551296,96,1,0,1
1786496,96,1,1,0
7180120,96,1,1,0
2536152,96,1,1,0
434272,96,1,1,0
1281008,96,1,0,1
6090448,96,1,0,1
1328024,96,1,1,0
790760,96,1,1,0
1721656,96,1,0,1
3712200,96,1,0,1
919904,96,1,0,1
2379648,96,1,1,0
1793768,96,1,0,1
3337016,96,1,1,0
8018952,96,1,0,1
1357920,96,1,0,1
4070800,96,1,0,1
2235336,96,1,0,1
2814632,96,1,1,0
922256,96,1,0,1
72792,96,1,1,0
6621592,96,1,1,0
3843296,96,1,0,1
1443584,96,1,1,0
7917160,96,1,0,1
3605104,96,1,1,0
3222632,96,1,0,1
7739856,96,1,0,1
1736304,96,1,1,0
8238720,96,1,0,1
7020520,96,1,1,0
1816528,96,1,0,1
7382968,96,1,0,1
7043072,96,1,0,1
2755976,96,1,1,0
237528,96,1,0,1
1605504,96,1,1,0
712672,96,1,1,0
8095432,96,1,0,1
351616,96,1,0,1
626016,96,1,1,0
6350848,96,1,0,1
846456,96,1,0,1
603600,96,1,0,1
2785616,96,1,1,0
1132152,96,1,1,0
1376624,96,1,1,0
4701704,96,1,0,1
191608,96,1,0,1
4852104,96,1,0,1
2881288,96,1,1,0
3394856,96,1,1,0
2175472,96,1,1,0
4810760,96,1,1,0
2712632,96,1,1,0
80104,96,1,0,1
3253552,96,1,1,0
1608416,96,1,1,0
4136768,96,1,1,0
7655456,96,1,0,1
4969536,96,1,1,0
6064632,96,1,1,0
425240,96,1,0,1
3890032,96,1,1,0
2353704,96,1,0,1
1960696,96,1,1,0
1596896,96,1,1,0
277888,96,1,0,1
4571408,96,1,1,0
1522280,96,1,0,1
6705832,96,1,1,0
1900040,96,1,0,1
4088944,96,1,0,1
5952064,96,1,1,0
2097032,96,1,0,1
2626904,96,1,0,1
6789512,96,1,0,1
1523936,96,1,1,0
118048,96,1,0,1
7083064,96,1,0,1
1567816,96,1,1,0
377384,96,1,0,1
6346824,96,1,0,1
1801520,96,1,1,0
6083928,96,1,1,0
5108520,96,1,1,0
7045672,96,1,0,1
1729752,96,1,0,1
302744,96,1,0,1
177560,96,1,0,1
525216,96,1,1,0
652256,96,1,0,1
1745296,96,1,0,1
1844992,96,1,1,0
841376,96,1,0,1
4151072,96,1,0,1
7165656,96,1,1,0
1201608,96,1,0,1
683488,96,1,1,0
4725368,96,1,0,1
1431736,96,1,1,0
3996736,96,1,1,0
2028296,96,1,1,0
6093280,96,1,0,1
290432,96,1,0,1
1337848,96,1,0,1
3907624,96,1,1,0
2172152,96,1,0,1
946208,96,1,1,0
5728176,96,1,1,0
466920,96,1,1,0
2176720,96,1,0,1
319360,96,1,1,0
7101320,96,1,1,0
2533120,96,1,1,0
2143752,96,1,0,1
254472,96,1,1,0
8241440,96,1,1,0
1551240,96,1,0,1
353256,96,1,1,0
4630120,96,1,1,0
1827272,96,1,0,1
4334560,96,1,0,1
7026416,96,1,0,1
1217608,96,1,1,0
3725536,96,1,0,1
5845632,96,1,1,0
482984,96,1,0,1
299024,96,1,1,0
1879912,96,1,0,1
397760,96,1,1,0
7861352,96,1,1,0
3124608,96,1,0,1
5283496,96,1,1,0
5856184,96,1,1,0
236944,96,1,1,0
177552,96,1,0,1
3021848,96,1,0,1
4861096,96,1,0,1
661824,96,1,1,0
1263816,96,1,1,0
1689808,96,1,1,0
244168,96,1,1,0
3766600,96,1,1,0
1605304,96,1,0,1
120832,96,1,0,1
1993432,96,1,1,0
4888704,96,1,0,1
6064336,96,1,0,1
171624,96,1,1,0
4952320,96,1,0,1
6144080,96,1,1,0
7101944,96,1,1,0
2188208,96,1,1,0
2124816,96,1,1,0
2010592,96,1,0,1
5771624,96,1,0,1
2298560,96,1,1,0
898696,96,1,1,0
1056480,96,1,1,0
3804576,96,1,1,0
2205784,96,1,0,1
7351824,96,1,1,0
1063160,96,1,1,0
971368,96,1,1,0
611504,96,1,1,0
3415160,96,1,1,0
684144,96,1,1,0
304664,96,1,0,1
3387520,96,1,0,1
2664832,96,1,0,1
665008,96,1,0,1
5354112,96,1,0,1
582576,96,1,0,1
7815216,96,1,0,1
595328,96,1,1,0
4590840,96,1,0,1
575024,96,1,1,0
1528888,96,1,1,0
1447136,96,1,1,0
7105744,96,1,1,0
4361360,96,1,0,1
1157720,96,1,0,1
4087832,96,1,1,0
2086488,96,1,0,1
4026184,96,1,1,0
1783240,96,1,1,0
7719408,96,1,0,1
2721064,96,1,0,1
1656024,96,1,1,0
1071744,96,1,0,1
1651032,96,1,0,1
8005944,96,1,1,0
4333344,96,1,1,0
938424,96,1,1,0
1143320,96,1,0,1
112432,96,1,0,1
3863920,96,1,1,0
1641888,96,1,1,0
936048,96,1,1,0
4309384,96,1,0,1
4103600,96,1,0,1
3460296,96,1,0,1
521880,96,1,0,1
853200,96,1,1,0
1390720,96,1,1,0
638912,96,1,1,0
202960,96,1,1,0
3171320,96,1,1,0
481840,96,1,1,0
8024432,96,1,1,0
2630360,96,1,1,0
7195288,96,1,0,1
4213768,96,1,0,1
341368,96,1,1,0
2377568,96,1,1,0
1712032,96,1,0,1
1063576,96,1,0,1
2279480,96,1,0,1
3297592,96,1,0,1
2582568,96,1,1,0
2495584,96,1,1,0
2982816,96,1,1,0
2989072,96,1,1,0
5249760,96,1,1,0
6418400,96,1,1,0
4659808,96,1,0,1
3685512,96,1,0,1
6806392,96,1,1,0
2709168,96,1,0,1
8206712,96,1,1,0
1458376,96,1,1,0
3467784,96,1,1,0
2415848,96,1,1,0
2518680,96,1,1,0
5012248,96,1,0,1
4607872,96,1,1,0
395416,96,1,0,1
1073336,96,1,0,1
3148440,96,1,1,0
1472960,96,1,0,1
5960704,96,1,1,0
3377384,96,1,1,0
619296,96,1,0,1
2397560,96,1,0,1
2301976,96,1,0,1
3236256,96,1,0,1
2804256,96,1,0,1
1925544,96,1,0,1
5971728,96,1,0,1
3262056,96,1,0,1
168800,96,1,1,0
867056,96,1,1,0
1858544,96,1,1,0
1135384,96,1,0,1
2497912,96,1,1,0
2742456,96,1,1,0
2328712,96,1,0,1
712080,96,1,1,0
1582312,96,1,0,1
6355992,96,1,0,1
4429568,96,1,0,1
881256,96,1,1,0
1563992,96,1,0,1
5402344,96,1,1,0
7217472,96,1,0,1
5029592,96,1,0,1
2317720,96,1,0,1
1569376,96,1,1,0
2200928,96,1,0,1
4652320,96,1,1,0
5174992,96,1,0,1
1561936,96,1,0,1
1769936,96,1,0,1
962456,96,1,0,1
4759472,96,1,1,0
907936,96,1,0,1
2592912,96,1,0,1
2927696,96,1,1,0
6146656,96,1,0,1
1068376,96,1,0,1
6041328,96,1,0,1
2068664,96,1,0,1
7406912,96,1,0,1
2692632,96,1,0,1
358248,96,1,1,0
2016800,96,1,0,1
1548064,96,1,0,1
4502184,96,1,1,0
1009568,96,1,0,1
6401704,96,1,1,0
1323000,96,1,1,0
1385664,96,1,0,1
627944,96,1,0,1
619648,96,1,0,1
2644712,96,1,1,0
1364768,96,1,0,1
4272544,96,1,0,1
1019656,96,1,0,1
872856,96,1,0,1
7402776,96,1,0,1
4211416,96,1,0,1
4045368,96,1,1,0
885296,96,1,1,0
6452592,96,1,0,1
1500904,96,1,0,1
1353296,96,1,0,1
7336248,96,1,1,0
1685608,96,1,0,1
8204480,96,1,1,0
6847408,96,1,0,1
6747960,96,1,0,1
386040,96,1,1,0
4275832,96,1,1,0
1084456,96,1,0,1
7804056,96,1,0,1
3355768,96,1,0,1
3228136,96,1,1,0
551200,96,1,0,1
2666024,96,1,0,1
3678496,96,1,1,0
1153104,96,1,1,0
2612768,96,1,0,1
474440,96,1,1,0
1499800,96,1,0,1
557408,96,1,1,0
689928,96,1,0,1
650696,96,1,1,0
903488,96,1,1,0
819120,96,1,0,1
551304,96,1,0,1
3317240,96,1,0,1
2277208,96,1,1,0
7573032,96,1,1,0
670768,96,1,0,1
310264,96,1,1,0
8280296,96,1,0,1
3434488,96,1,0,1
812464,96,1,0,1
2162960,96,1,0,1
2033752,96,1,0,1
5633800,96,1,1,0
2942904,96,1,1,0
2515904,96,1,1,0
6015208,96,1,1,0
6937056,96,1,1,0
5183688,96,1,0,1
3411224,96,1,0,1
1866080,96,1,0,1
581792,96,1,1,0
7057816,96,1,0,1
6496112,96,1,0,1
3905296,96,1,1,0
4103376,96,1,0,1
4569936,96,1,0,1
2145544,96,1,0,1
6480144,96,1,1,0
6825264,96,1,0,1
7072296,96,1,1,0
4312840,96,1,1,0
3798968,96,1,1,0
7565728,96,1,1,0
4018672,96,1,1,0
2241880,96,1,0,1
8101064,96,1,1,0
218760,96,1,0,1
1626936,96,1,0,1
2129464,96,1,0,1
2836064,96,1,0,1
2601824,96,1,0,1
2897304,96,1,1,0
5992232,96,1,1,0
4840928,96,1,0,1
4557200,96,1,1,0
1669584,96,1,1,0
3921416,96,1,1,0
3031880,96,1,1,0
1302360,96,1,0,1
844296,96,1,1,0
3933200,96,1,1,0
588688,96,1,0,1
270584,96,1,0,1
167128,96,1,0,1
6153128,96,1,0,1
3962784,96,1,1,0
431168,96,1,1,0
4397872,96,1,1,0
5390640,96,1,1,0
853288,96,1,0,1
4907608,96,1,1,0
1642752,96,1,0,1
2087536,96,1,0,1
3765176,96,1,0,1
3676800,96,1,0,1
4746568,96,1,1,0
2288752,96,1,0,1
2677864,96,1,1,0
4509088,96,1,1,0
5819752,96,1,1,0
5192808,96,1,1,0
3235944,96,1,1,0
3727000,96,1,1,0
6911232,96,1,0,1
5539960,96,1,1,0
3022960,96,1,0,1
584568,96,1,0,1
3347384,96,1,1,0
3619056,96,1,1,0
2475392,96,1,1,0
2045560,96,1,0,1
1749168,96,1,1,0
5954848,96,1,1,0
200408,96,1,1,0
2287832,96,1,1,0
6386560,96,1,0,1
4129712,96,1,0,1
1087584,96,1,0,1
300520,96,1,0,1
1131664,96,1,0,1
913240,96,1,0,1
3800584,96,1,0,1
7652792,96,1,0,1
214504,96,1,0,1
586320,96,1,0,1
2327496,96,1,1,0
879616,96,1,0,1
5813528,96,1,0,1
965632,96,1,1,0
4706384,96,1,0,1
4783360,96,1,0,1
5504064,96,1,1,0
4200272,96,1,0,1
6172760,96,1,0,1
678624,96,1,0,1
4237176,96,1,1,0
1237624,96,1,0,1
8326536,96,1,1,0
6264264,96,1,1,0
707392,96,1,0,1
563192,96,1,1,0
4379720,96,1,0,1
5119216,96,1,0,1
2437968,96,1,0,1
1615464,96,1,1,0
6522888,96,1,0,1
205144,96,1,0,1
729920,96,1,0,1
5297864,96,1,0,1
2868600,96,1,1,0
3695888,96,1,1,0
5025768,96,1,0,1
3949480,96,1,1,0
1262752,96,1,0,1
5377640,96,1,1,0
684184,96,1,0,1
1047616,96,1,1,0
279400,96,1,0,1
2985048,96,1,1,0
2341680,96,1,0,1
6021560,96,1,0,1
6495976,96,1,1,0
3161000,96,1,1,0
4106352,96,1,1,0
871216,96,1,0,1
441160,96,1,1,0
882288,96,1,1,0
8133160,96,1,0,1
4527648,96,1,0,1
1269656,96,1,0,1
5369528,96,1,0,1
1401328,96,1,0,1
2512856,96,1,1,0
768880,96,1,1,0
4100288,96,1,0,1
2104584,96,1,1,0
1877816,96,1,0,1
1079176,96,1,0,1
706248,96,1,1,0
3272176,96,1,1,0
7764480,96,1,0,1
4464400,96,1,1,0
7821904,96,1,0,1
2854888,96,1,0,1
4719184,96,1,0,1
1392080,96,1,1,0
1870384,96,1,1,0
3454112,96,1,1,0
2808912,96,1,0,1
110352,96,1,1,0
822936,96,1,0,1
1428288,96,1,1,0
6187920,96,1,1,0
1049176,96,1,1,0
2836936,96,1,1,0
917992,96,1,0,1
858784,96,1,0,1
6429224,96,1,1,0
6781832,96,1,1,0
5175600,96,1,0,1
386320,96,1,0,1
8079120,96,1,1,0
927384,96,1,0,1
907168,96,1,0,1
7390032,96,1,0,1
3852464,96,1,1,0
4591736,96,1,1,0
2283128,96,1,1,0
6515672,96,1,1,0
1573736,96,1,0,1
4490280,96,1,0,1
1877216,96,1,1,0
787360,96,1,1,0
5382520,96,1,0,1
1675424,96,1,0,1
1748752,96,1,0,1
561104,96,1,1,0
1217928,96,1,0,1
8214824,96,1,0,1
1574056,96,1,0,1
3307336,96,1,1,0
1206984,96,1,1,0
2219136,96,1,0,1
2687632,96,1,1,0
3921504,96,1,1,0
4275352,96,1,1,0
1330456,96,1,1,0
2175960,96,1,1,0
2850840,96,1,1,0
1717456,96,1,0,1
561984,96,1,0,1
4162872,96,1,0,1
4055920,96,1,0,1
1585808,96,1,0,1
2690344,96,1,1,0
3426152,96,1,0,1
305368,96,1,0,1
3174912,96,1,0,1
7269904,96,1,0,1
1246040,96,1,1,0
6806584,96,1,1,0
2412704,96,1,1,0
2294496,96,1,0,1
4512968,96,1,0,1
613304,96,1,1,0
1005736,96,1,0,1
3219272,96,1,1,0
1346120,96,1,0,1
488216,96,1,0,1
5691224,96,1,1,0
646024,96,1,0,1
8087984,96,1,1,0
5457800,96,1,1,0
6499072,96,1,0,1
5692616,96,1,1,0
1545784,96,1,0,1
665408,96,1,1,0
886872,96,1,0,1
7882912,96,1,0,1
2611872,96,1,0,1
895392,96,1,0,1
1299680,96,1,1,0
7067840,96,1,0,1
451144,96,1,1,0
173032,96,1,0,1
248056,96,1,0,1
445152,96,1,1,0
384928,96,1,1,0
7941992,96,1,1,0
7491152,96,1,1,0
181872,96,1,1,0
1393808,96,1,1,0
3446680,96,1,0,1
580464,96,1,0,1
5008344,96,1,0,1
246760,96,1,0,1
6793888,96,1,1,0
4336520,96,1,1,0
1983000,96,1,0,1
768712,96,1,1,0
7072016,96,1,0,1
6452768,96,1,0,1
8149888,96,1,0,1
5539896,96,1,1,0
868016,96,1,0,1
3446632,96,1,0,1
1168072,96,1,0,1
1373072,96,1,0,1
5382048,96,1,0,1
517760,96,1,1,0
8115696,96,1,0,1
1020104,96,1,1,0
824840,96,1,1,0
845648,96,1,1,0
3193200,96,1,1,0
2731376,96,1,0,1
1949688,96,1,1,0
4069544,96,1,0,1
861992,96,1,0,1
2451680,96,1,1,0
634608,96,1,1,0
1832952,96,1,1,0
5326680,96,1,1,0
3861688,96,1,1,0
3655920,96,1,1,0
4816800,96,1,1,0
2890144,96,1,1,0
980672,96,1,1,0
8230752,96,1,1,0
775208,96,1,0,1
804216,96,1,1,0
1993160,96,1,0,1
1281696,96,1,0,1
3223648,96,1,0,1
935736,96,1,0,1
594416,96,1,1,0
4470816,96,1,0,1
7732936,96,1,0,1
7235632,96,1,0,1
1389664,96,1,0,1
138888,96,1,0,1
1299088,96,1,0,1
460496,96,1,1,0
4667024,96,1,1,0
5931456,96,1,1,0
5984664,96,1,0,1
1940528,96,1,0,1
6751752,96,1,1,0
3624792,96,1,1,0
2084856,96,1,1,0
389464,96,1,1,0
8187384,96,1,1,0
2649160,96,1,1,0
2178520,96,1,0,1
5330320,96,1,0,1
5516568,96,1,1,0
1397872,96,1,0,1
181312,96,1,1,0
1144984,96,1,0,1
7430280,96,1,1,0
4561424,96,1,0,1
1447728,96,1,0,1
3917744,96,1,1,0
3193736,96,1,0,1
1227016,96,1,0,1
2311472,96,1,1,0
4212824,96,1,1,0
1081384,96,1,0,1
1055840,96,1,1,0
7659168,96,1,0,1
3344016,96,1,0,1
640152,96,1,1,0
799568,96,1,0,1
403968,96,1,1,0
745280,96,1,1,0
3325352,96,1,1,0
348488,96,1,0,1
2087088,96,1,1,0
5608224,96,1,0,1
3524080,96,1,0,1
3457360,96,1,1,0
175600,96,1,0,1
4298272,96,1,0,1
374400,96,1,1,0
4351048,96,1,1,0
1216848,96,1,0,1
6518168,96,1,0,1
2025312,96,1,1,0
446632,96,1,0,1
5981200,96,1,1,0
1804264,96,1,0,1
1111656,96,1,0,1
2906656,96,1,1,0
7649984,96,1,1,0
7556168,96,1,0,1
2071848,96,1,0,1
4032824,96,1,1,0
7395984,96,1,1,0
221712,96,1,1,0
6029928,96,1,0,1
84832,96,1,1,0
2989504,96,1,1,0
1522312,96,1,0,1
856864,96,1,0,1
4526328,96,1,0,1
1865640,96,1,0,1
4057384,96,1,0,1
186816,96,1,1,0
4868848,96,1,1,0
2067888,96,1,1,0
5566440,96,1,1,0
2590944,96,1,0,1
794072,96,1,0,1
1372856,96,1,0,1
6590424,96,1,0,1
3770264,96,1,1,0
2160432,96,1,0,1
73008,96,1,0,1
529800,96,1,0,1
553152,96,1,0,1
2616240,96,1,1,0
308888,96,1,0,1
6893480,96,1,1,0
4665576,96,1,1,0
4353056,96,1,1,0
4133128,96,1,0,1
6924776,96,1,0,1
1798224,96,1,1,0
1919336,96,1,0,1
91456,96,1,0,1
999360,96,1,1,0
8385040,96,1,0,1
380216,96,1,1,0
2605200,96,1,0,1
5948088,96,1,0,1
4272032,96,1,1,0
880040,96,1,1,0
2655296,96,1,1,0
1747560,96,1,0,1
1217472,96,1,0,1
4254296,96,1,0,1
1617000,96,1,0,1
4230664,96,1,0,1
595480,96,1,0,1
3739952,96,1,1,0
2584656,96,1,0,1
3546080,96,1,1,0
4105568,96,1,0,1
6780360,96,1,1,0
473784,96,1,1,0
4208040,96,1,0,1
796912,96,1,1,0
2604992,96,1,0,1
1802392,96,1,1,0
473824,96,1,0,1
5895672,96,1,0,1
4071920,96,1,0,1
3918392,96,1,1,0
6443288,96,1,0,1
4238536,96,1,0,1
5188824,96,1,0,1
6859728,96,1,1,0
970536,96,1,0,1
1136656,96,1,1,0
518408,96,1,1,0
1835360,96,1,0,1
3498848,96,1,1,0
2359456,96,1,1,0
352376,96,1,1,0
2253872,96,1,0,1
6127496,96,1,1,0
4913968,96,1,0,1
114584,96,1,1,0
5865192,96,1,0,1
3480296,96,1,1,0
1257840,96,1,1,0
592528,96,1,1,0
7160376,96,1,0,1
1278712,96,1,1,0
603424,96,1,1,0
3634472,96,1,1,0
505008,96,1,0,1
1128016,96,1,1,0
2179536,96,1,0,1
3135584,96,1,0,1
887640,96,1,1,0
4298320,96,1,0,1
1396776,96,1,0,1
2893872,96,1,1,0
4235440,96,1,1,0
2150304,96,1,0,1
291120,96,1,0,1
2632200,96,1,1,0
7990752,96,1,0,1
220832,96,1,0,1
3576992,96,1,0,1
1654152,96,1,0,1
6059640,96,1,1,0
2178608,96,1,1,0
664448,96,1,1,0
4830600,96,1,0,1
4640984,96,1,0,1
342208,96,1,1,0
3821752,96,1,1,0
6353264,96,1,0,1
153984,96,1,0,1
365376,96,1,0,1
850344,96,1,1,0
1351472,96,1,1,0
7247760,96,1,0,1
2757840,96,1,0,1
2544112,96,1,0,1
1472832,96,1,0,1
376200,96,1,0,1
364360,96,1,1,0
3648376,96,1,0,1
847816,96,1,1,0
7179000,96,1,0,1
3553320,96,1,0,1
1798128,96,1,1,0
8304040,96,1,1,0
742984,96,1,1,0
195608,96,1,1,0
1409360,96,1,1,0
897928,96,1,0,1
3409400,96,1,0,1
2458312,96,1,1,0
1627088,96,1,0,1
1509768,96,1,1,0
5583976,96,1,1,0
2078048,96,1,1,0
542968,96,1,1,0
587528,96,1,1,0
5220264,96,1,1,0
1317904,96,1,1,0
6682048,96,1,1,0
4571216,96,1,0,1
1148312,96,1,0,1
1087664,96,1,0,1
1400872,96,1,1,0
5992864,96,1,0,1
1010312,96,1,0,1
6559320,96,1,1,0
2567320,96,1,1,0
964104,96,1,0,1
1857184,96,1,1,0
827008,96,1,0,1
5117688,96,1,1,0
2550824,96,1,1,0
487456,96,1,1,0
1076032,96,1,1,0
7832600,96,1,0,1
715472,96,1,1,0
6850456,96,1,1,0
5491848,96,1,1,0
2075224,96,1,1,0
7818384,96,1,1,0
5715952,96,1,0,1
1667824,96,1,0,1
504752,96,1,1,0
5006096,96,1,1,0
348256,96,1,1,0
3439776,96,1,1,0
3037360,96,1,0,1
1593576,96,1,1,0
1568560,96,1,1,0
311240,96,1,0,1
5037000,96,1,0,1
5136464,96,1,0,1
1053688,96,1,0,1
2181344,96,1,0,1
2567144,96,1,1,0
1435216,96,1,1,0
1999432,96,1,1,0
184048,96,1,0,1
2705392,96,1,1,0
698864,96,1,1,0
4807248,96,1,1,0
4756280,96,1,0,1
2246816,96,1,1,0
695632,96,1,0,1
2534120,96,1,0,1
939064,96,1,0,1
3010216,96,1,0,1
3080600,96,1,0,1
536256,96,1,1,0
2357592,96,1,0,1
834808,96,1,1,0
7961312,96,1,0,1
688136,96,1,0,1
690416,96,1,0,1
1773160,96,1,1,0
2979816,96,1,1,0
5253488,96,1,1,0
1395528,96,1,1,0
714384,96,1,0,1
3728616,96,1,1,0
161600,96,1,1,0
3774728,96,1,0,1
2153328,96,1,0,1
3505168,96,1,0,1
5410632,96,1,0,1
1347624,96,1,0,1
2353872,96,1,1,0
2223808,96,1,1,0
2877104,96,1,1,0
4083416,96,1,0,1
1673448,96,1,1,0
128664,96,1,0,1
6336744,96,1,0,1
593160,96,1,1,0
6685744,96,1,1,0
7205000,96,1,0,1
2777696,96,1,0,1
2014840,96,1,1,0
953672,96,1,1,0
2070232,96,1,1,0
3723384,96,1,1,0
1873024,96,1,1,0
892064,96,1,0,1
2226808,96,1,0,1
2074568,96,1,0,1
7659032,96,1,1,0
3403208,96,1,1,0
557576,96,1,1,0
2740728,96,1,0,1
2460992,96,1,1,0
5495408,96,1,1,0
2515872,96,1,0,1
2825976,96,1,1,0
348016,96,1,0,1
5546048,96,1,1,0
648264,96,1,1,0
3152504,96,1,0,1
1002936,96,1,1,0
1183480,96,1,1,0
513424,96,1,1,0
1691072,96,1,1,0
495936,96,1,1,0
5391288,96,1,1,0
5110056,96,1,0,1
7345568,96,1,1,0
3772104,96,1,1,0
1506048,96,1,0,1
2396192,96,1,0,1
1284568,96,1,1,0
2637936,96,1,0,1
434216,96,1,0,1
4306272,96,1,1,0
1363208,96,1,0,1
355096,96,1,0,1
3324864,96,1,0,1
894048,96,1,0,1
1500272,96,1,1,0
6001696,96,1,1,0
8372600,96,1,1,0
535232,96,1,0,1
5745408,96,1,0,1
7672456,96,1,0,1
8035736,96,1,1,0
3283104,96,1,1,0
1883232,96,1,1,0
7519512,96,1,1,0
3681104,96,1,1,0
534560,96,1,0,1
2943688,96,1,0,1
556288,96,1,1,0
5599400,96,1,1,0
5150184,96,1,1,0
5868112,96,1,0,1
5167352,96,1,0,1
578912,96,1,1,0
6068104,96,1,1,0
2759704,96,1,0,1
2825016,96,1,0,1
3625056,96,1,0,1
3695000,96,1,0,1
5608496,96,1,0,1
7384928,96,1,0,1
1695296,96,1,1,0
3087600,96,1,0,1
2278000,96,1,0,1
1565712,96,1,0,1
6340792,96,1,0,1
1475584,96,1,1,0
1023288,96,1,0,1
959424,96,1,0,1
735736,96,1,1,0
1929840,96,1,0,1
3028152,96,1,1,0
2158264,96,1,1,0
3127640,96,1,0,1
3720600,96,1,1,0
5630512,96,1,1,0
1328712,96,1,1,0
1082768,96,1,0,1
4355872,96,1,1,0
402008,96,1,1,0
2527816,96,1,0,1
4479656,96,1,0,1
7215560,96,1,1,0
422400,96,1,1,0
2900944,96,1,1,0
1087592,96,1,1,0
2467632,96,1,0,1
3248704,96,1,0,1
452464,96,1,0,1
2333712,96,1,1,0
1653976,96,1,1,0
3676720,96,1,0,1
6174000,96,1,1,0
4565664,96,1,1,0
5011272,96,1,1,0
81600,96,1,0,1
2214168,96,1,1,0
1049368,96,1,0,1
1853944,96,1,0,1
7068168,96,1,0,1
2349232,96,1,1,0
601072,96,1,1,0
628664,96,1,0,1
901600,96,1,0,1
1764120,96,1,0,1
646152,96,1,1,0
3259928,96,1,0,1
507136,96,1,0,1
546096,96,1,1,0
4502800,96,1,0,1
1122064,96,1,0,1
1034344,96,1,0,1
893536,96,1,1,0
4738328,96,1,1,0
5148968,96,1,1,0
633072,96,1,1,0
1357560,96,1,0,1
379064,96,1,1,0
1098128,96,1,1,0
2429440,96,1,1,0
7204928,96,1,0,1
6057936,96,1,1,0
5413296,96,1,1,0
1346264,96,1,0,1
900168,96,1,1,0
3431064,96,1,0,1
3482264,96,1,0,1
5997368,96,1,0,1
2188536,96,1,1,0
4940424,96,1,0,1
1695944,96,1,1,0
1152424,96,1,0,1
2800368,96,1,1,0
3565912,96,1,0,1
875712,96,1,0,1
1574672,96,1,0,1
7245096,96,1,0,1
6218792,96,1,0,1
114608,96,1,0,1
5645040,96,1,1,0
390880,96,1,0,1
5963520,96,1,1,0
432496,96,1,0,1
1608736,96,1,0,1
6866048,96,1,1,0
4053064,96,1,1,0
4843304,96,1,0,1
2745840,96,1,1,0
480288,96,1,0,1
1752384,96,1,1,0
4210576,96,1,0,1
6089336,96,1,1,0
7757336,96,1,1,0
6840008,96,1,0,1
958968,96,1,0,1
1718840,96,1,0,1
3683640,96,1,1,0
172744,96,1,1,0
6231144,96,1,1,0
2765840,96,1,1,0
1987936,96,1,0,1
274432,96,1,0,1
2445240,96,1,0,1
948992,96,1,1,0
7787472,96,1,1,0
3924928,96,1,1,0
3027128,96,1,0,1
219888,96,1,1,0
4175976,96,1,1,0
1331344,96,1,0,1
1404152,96,1,0,1
2907144,96,1,1,0
3739776,96,1,0,1
1438296,96,1,0,1
4682704,96,1,0,1
2100360,96,1,1,0
3109088,96,1,0,1
7393128,96,1,1,0
1590064,96,1,0,1
5286248,96,1,0,1
5575672,96,1,0,1
6457416,96,1,1,0
6201504,96,1,0,1
7329872,96,1,1,0
1598912,96,1,1,0
2018840,96,1,1,0
7493848,96,1,1,0
771464,96,1,0,1
1068656,96,1,1,0
817600,96,1,1,0
1011920,96,1,0,1
209240,96,1,1,0
3653856,96,1,0,1
2149720,96,1,1,0
4061688,96,1,0,1
415512,96,1,1,0
290472,96,1,0,1
6273024,96,1,0,1
7827896,96,1,0,1
2209000,96,1,0,1
1794688,96,1,1,0
3959568,96,1,1,0
1408712,96,1,1,0
7107544,96,1,0,1
2301040,96,1,0,1
4625544,96,1,1,0
1007232,96,1,1,0
1884768,96,1,0,1
320064,96,1,0,1
272272,96,1,0,1
1385160,96,1,1,0
5796824,96,1,1,0
372816,96,1,1,0
1338088,96,1,0,1
6759064,96,1,0,1
2888456,96,1,1,0
2915336,96,1,1,0
6568080,96,1,1,0
453968,96,1,1,0
1573288,96,1,0,1
1747024,96,1,1,0
6936776,96,1,0,1
4998312,96,1,1,0
1227128,96,1,0,1
848720,96,1,0,1
6161672,96,1,0,1
8243616,96,1,1,0
2896616,96,1,0,1
2390424,96,1,1,0
1071040,97,1,0,1
797784,97,1,0,1
5448600,97,1,0,1
1087520,97,1,0,1
2403408,97,1,0,1
7213264,97,1,1,0
78528,97,1,1,0
3917968,97,1,1,0
112000,97,1,0,1
767872,97,1,0,1
6390616,97,1,0,1
433216,97,1,1,0
1335336,97,1,0,1
400128,97,1,0,1
4039096,97,1,0,1
7050888,97,1,0,1
2325608,97,1,1,0
1181248,97,1,0,1
7833600,97,1,1,0
1831216,97,1,0,1
1226128,97,1,0,1
3933968,97,1,0,1
3834376,97,1,1,0
1979312,97,1,0,1
2558376,97,1,1,0
2050608,97,1,1,0
1498128,97,1,1,0
252712,97,1,1,0
1844528,97,1,1,0
1754896,97,1,1,0
4380128,97,1,1,0
2261392,97,1,0,1
636248,97,1,0,1
1895064,97,1,1,0
751024,97,1,0,1
5830136,97,1,1,0
1936640,97,1,0,1
651880,97,1,0,1
5701448,97,1,1,0
51872,97,1,1,0
2511192,97,1,0,1
1039584,97,1,1,0
2526960,97,1,1,0
6139560,97,1,0,1
1101704,97,1,0,1
1886392,97,1,1,0
2915032,97,1,1,0
176560,97,1,0,1
178944,97,1,1,0
3059248,97,1,0,1
350536,97,1,1,0
1359512,97,1,1,0
1448672,97,1,0,1
2586672,97,1,1,0
7977120,97,1,1,0
2380856,97,1,0,1
4550512,97,1,0,1
3696272,97,1,0,1
2633800,97,1,0,1
5392048,97,1,0,1
3641880,97,1,0,1
1612864,97,1,1,0
757592,97,1,0,1
2933992,97,1,0,1
4118416,97,1,0,1
246032,97,1,0,1
2818128,97,1,1,0
3630952,97,1,1,0
3562288,97,1,1,0
6085456,97,1,1,0
1127008,97,1,1,0
4716280,97,1,0,1
5062016,97,1,0,1
284120,97,1,1,0
1944736,97,1,1,0
5479096,97,1,0,1
2831088,97,1,1,0
434040,97,1,0,1
5511552,97,1,0,1
2737016,97,1,0,1
2657296,97,1,1,0
620248,97,1,0,1
7240528,97,1,0,1
589416,97,1,0,1
6150944,97,1,0,1
4386592,97,1,0,1
3964904,97,1,1,0
1617200,97,1,1,0
2267072,97,1,0,1
8142152,97,1,0,1
5044744,97,1,0,1
857904,97,1,0,1
855128,97,1,1,0
4778168,97,1,1,0
1425400,97,1,0,1
2037328,97,1,0,1
3403608,97,1,1,0
752520,97,1,1,0
447656,97,1,0,1
3000240,97,1,1,0
1048168,97,1,1,0
4774248,97,1,0,1
616368,97,1,1,0
293320,97,1,1,0
1718448,97,1,1,0
1573768,97,1,1,0
6973312,97,1,0,1
4244856,97,1,0,1
2689360,97,1,1,0
2096056,97,1,1,0
1056888,97,1,1,0
830104,97,1,0,1
1691024,97,1,1,0
1059168,97,1,1,0
5554800,97,1,1,0
4996416,97,1,0,1
5687208,97,1,0,1
734880,97,1,1,0
887976,97,1,0,1
5979240,97,1,1,0
534776,97,1,1,0
1761264,97,1,1,0
859064,97,1,1,0
2512232,97,1,1,0
605272,97,1,0,1
5698288,97,1,0,1
5991464,97,1,0,1
2196984,97,1,0,1
5903816,97,1,0,1
6485920,97,1,0,1
1451152,97,1,1,0
398152,97,1,0,1
6870904,97,1,1,0
3324480,97,1,0,1
527856,97,1,1,0
1079504,97,1,0,1
318904,97,1,1,0
1714928,97,1,0,1
3683280,97,1,1,0
361176,97,1,0,1
559056,97,1,1,0
598696,97,1,1,0
3331704,97,1,0,1
169968,97,1,1,0
775720,97,1,0,1
8005104,97,1,1,0
3463704,97,1,0,1
1408656,97,1,0,1
1855656,97,1,0,1
3371016,97,1,1,0
5005704,97,1,1,0
4851968,97,1,0,1
3377880,97,1,0,1
3016552,97,1,1,0
1179744,97,1,1,0
4527136,97,1,1,0
2258136,97,1,1,0
3831472,97,1,0,1
3888976,97,1,0,1
2788912,97,1,1,0
5160200,97,1,0,1
1027944,97,1,1,0
2906960,97,1,0,1
1237752,97,1,1,0
662992,97,1,1,0
1062608,97,1,1,0
151968,97,1,1,0
1174200,97,1,1,0
4765744,97,1,1,0
1279960,97,1,0,1
310184,97,1,0,1
1218736,97,1,0,1
318224,97,1,0,1
1076456,97,1,0,1
4085848,97,1,0,1
2216816,97,1,1,0
995944,97,1,1,0
4971816,97,1,1,0
229048,97,1,1,0
3371672,97,1,1,0
1210208,97,1,1,0
894072,97,1,0,1
8091672,97,1,1,0
348912,97,1,0,1
1919752,97,1,1,0
1375432,97,1,1,0
649728,97,1,0,1
4128472,97,1,0,1
5925424,97,1,0,1
5304768,97,1,1,0
159000,97,1,1,0
6033760,97,1,0,1
6620112,97,1,0,1
497896,97,1,1,0
5385288,97,1,0,1
2718152,97,1,1,0
1748856,97,1,0,1
6820496,97,1,0,1
5009120,97,1,1,0
176152,97,1,1,0
4827552,97,1,0,1
1567360,97,1,0,1
908920,97,1,1,0
5110752,97,1,0,1
2572480,97,1,0,1
2008856,97,1,0,1
3611536,97,1,0,1
2969936,97,1,1,0
3700176,97,1,0,1
410896,97,1,1,0
2595728,97,1,0,1
2643848,97,1,1,0
785152,97,1,0,1
952888,97,1,1,0
401360,97,1,0,1
6265712,97,1,1,0
2779080,97,1,1,0
1327208,97,1,0,1
1188344,97,1,1,0
1756120,97,1,0,1
6053024,97,1,0,1
1211584,97,1,1,0
1689272,97,1,1,0
4501888,97,1,1,0
1212496,97,1,1,0
1178472,97,1,0,1
1406016,97,1,1,0
1000856,97,1,1,0
1425040,97,1,0,1
7043032,97,1,0,1
963768,97,1,1,0
3326552,97,1,0,1
2651048,97,1,0,1
3565136,97,1,0,1
806640,97,1,1,0
1554320,97,1,1,0
1019280,97,1,0,1
6842736,97,1,1,0
1778872,97,1,0,1
2167008,97,1,1,0
1287112,97,1,0,1
7259256,97,1,0,1
540016,97,1,1,0
783568,97,1,0,1
626552,97,1,0,1
6125232,97,1,1,0
1097784,97,1,1,0
8065712,97,1,1,0
4181248,97,1,1,0
2135784,97,1,1,0
4247032,97,1,1,0
321720,97,1,1,0
5242664,97,1,1,0
2065112,97,1,0,1
5988464,97,1,0,1
4021840,97,1,0,1
4208256,97,1,0,1
4529592,97,1,0,1
1634384,97,1,0,1
505120,97,1,1,0
8081048,97,1,0,1
2772888,97,1,0,1
8006240,97,1,1,0
7525280,97,1,1,0
6333976,97,1,0,1
224056,97,1,0,1
4628280,97,1,0,1
3669624,97,1,1,0
3070640,97,1,0,1
6141304,97,1,0,1
8084616,97,1,1,0
2344944,97,1,1,0
2445248,97,1,0,1
5961056,97,1,0,1
1806432,97,1,0,1
574200,97,1,1,0
444760,97,1,0,1
2576584,97,1,0,1
8153200,97,1,1,0
2228568,97,1,1,0
2016128,97,1,1,0
1755464,97,1,1,0
4348232,97,1,1,0
6699928,97,1,0,1
2624096,97,1,1,0
1567544,97,1,0,1
1126264,97,1,1,0
2893104,97,1,0,1
981064,97,1,0,1
7002960,97,1,1,0
6751240,97,1,1,0
4798344,97,1,1,0
1454280,97,1,1,0
2544168,97,1,0,1
7500112,97,1,1,0
2387888,97,1,1,0
394592,97,1,1,0
5476248,97,1,1,0
2419920,97,1,1,0
3616504,97,1,1,0
4961376,97,1,1,0
3256664,97,1,1,0
2386576,97,1,1,0
8160960,97,1,1,0
1759608,97,1,1,0
3316144,97,1,1,0
1231936,97,1,0,1
3055480,97,1,0,1
982560,97,1,0,1
2140272,97,1,1,0
3505824,97,1,0,1
4438080,97,1,1,0
5852936,97,1,0,1
1238864,97,1,0,1
806296,97,1,1,0
7309872,97,1,1,0
2989688,97,1,1,0
3474800,97,1,1,0
2072360,97,1,1,0
7396808,97,1,1,0
442152,97,1,0,1
6857504,97,1,0,1
8353256,97,1,1,0
994344,97,1,1,0
2840104,97,1,1,0
6412016,97,1,0,1
4362424,97,1,0,1
3163888,97,1,1,0
2878768,97,1,1,0
5304360,97,1,0,1
290400,97,1,1,0
840440,97,1,1,0
2351400,97,1,0,1
497160,97,1,1,0
7339704,97,1,1,0
5702224,97,1,0,1
516904,97,1,1,0
260672,97,1,0,1
2765296,97,1,0,1
6925528,97,1,1,0
4871448,97,1,0,1
2324408,97,1,1,0
3023776,97,1,1,0
2578968,97,1,1,0
6953240,97,1,0,1
1997280,97,1,0,1
1548920,97,1,0,1
3451208,97,1,1,0
7366640,97,1,0,1
487928,97,1,0,1
5506120,97,1,0,1
3210272,97,1,0,1
3781728,97,1,1,0
3797456,97,1,0,1
3467520,97,1,0,1
1353448,97,1,1,0
941560,97,1,1,0
2417968,97,1,0,1
5912416,97,1,1,0
7888296,97,1,1,0
1440664,97,1,0,1
283096,97,1,1,0
5289520,97,1,0,1
2235256,97,1,1,0
3156832,97,1,1,0
2213960,97,1,0,1
142448,97,1,0,1
1338592,97,1,1,0
4215408,97,1,1,0
3905384,97,1,0,1
337040,97,1,1,0
888672,97,1,1,0
240424,97,1,0,1
7874584,97,1,1,0
2744592,97,1,0,1
1677456,97,1,0,1
1879192,97,1,0,1
1364784,97,1,0,1
1771416,97,1,1,0
3072992,97,1,1,0
446544,97,1,0,1
4319720,97,1,1,0
4126344,97,1,1,0
1253968,97,1,0,1
5305344,97,1,1,0
315992,97,1,0,1
1184472,97,1,0,1
3452480,97,1,1,0
1783528,97,1,1,0
2149384,97,1,0,1
7183456,97,1,1,0
7829960,97,1,1,0
3512672,97,1,1,0
333488,97,1,1,0
5078816,97,1,1,0
1869144,97,1,0,1
176136,97,1,0,1
3467088,97,1,0,1
5412064,97,1,0,1
2345016,97,1,1,0
5305248,97,1,0,1
4379008,97,1,0,1
5792608,97,1,0,1
2076720,97,1,0,1
667312,97,1,1,0
5239280,97,1,1,0
2263864,97,1,1,0
909472,97,1,0,1
4010248,97,1,1,0
5544360,97,1,1,0
501536,97,1,1,0
521920,97,1,0,1
338712,97,1,1,0
2962368,97,1,1,0
1043672,97,1,1,0
828696,97,1,1,0
579168,97,1,1,0
716976,97,1,1,0
5788224,97,1,1,0
2386040,97,1,1,0
5215464,97,1,1,0
260968,97,1,1,0
6666976,97,1,1,0
1143728,97,1,1,0
2400312,97,1,1,0
2878488,97,1,0,1
174792,97,1,1,0
1780104,97,1,0,1
6987840,97,1,1,0
932136,97,1,1,0
712304,97,1,0,1
7740576,97,1,1,0
5883816,97,1,1,0
2206416,97,1,1,0
7388072,97,1,0,1
7107472,97,1,1,0
1550304,97,1,1,0
3654880,97,1,1,0
941040,97,1,1,0
196864,97,1,1,0
770288,97,1,1,0
1461232,97,1,0,1
2811496,97,1,1,0
6953200,97,1,1,0
1784640,97,1,0,1
840336,97,1,0,1
6336576,97,1,0,1
1328392,97,1,1,0
3124256,97,1,1,0
7484088,97,1,0,1
602984,97,1,1,0
2484080,97,1,1,0
1622752,97,1,0,1
1265280,97,1,0,1
1101656,97,1,0,1
2084224,97,1,1,0
1808312,97,1,0,1
792024,97,1,1,0
7548872,97,1,1,0
1761720,97,1,0,1
4549592,97,1,0,1
6175904,97,1,0,1
672896,97,1,0,1
4595944,97,1,1,0
3243016,97,1,1,0
301248,97,1,1,0
2143584,97,1,1,0
548152,97,1,1,0
4945464,97,1,0,1
687760,97,1,0,1
730176,97,1,0,1
336672,97,1,0,1
2111480,97,1,1,0
5371760,97,1,0,1
7333856,97,1,1,0
444496,97,1,0,1
2210024,97,1,1,0
3771848,97,1,1,0
5690064,97,1,0,1
534504,97,1,1,0
380696,97,1,1,0
5347808,97,1,1,0
8315968,97,1,0,1
1621808,97,1,0,1
4686728,97,1,0,1
8273704,97,1,0,1
340360,97,1,1,0
3561040,97,1,0,1
5261400,97,1,1,0
1896160,97,1,1,0
1342888,97,1,0,1
1080592,97,1,1,0
7218600,97,1,0,1
4732160,97,1,1,0
2051464,97,1,0,1
4383576,97,1,0,1
2120160,97,1,0,1
3772024,97,1,1,0
2379336,97,1,1,0
3307320,97,1,0,1
7561848,97,1,1,0
8027064,97,1,1,0
2781936,97,1,0,1
675720,97,1,1,0
2836296,97,1,1,0
1993520,97,1,0,1
2636408,97,1,0,1
6962664,97,1,0,1
458816,97,1,0,1
477304,97,1,0,1
7365704,97,1,1,0
7650520,97,1,0,1
2532488,97,1,0,1
2156968,97,1,1,0
8223368,97,1,0,1
2899512,97,1,1,0
1223600,97,1,1,0
1526856,97,1,1,0
1149216,97,1,0,1
259408,97,1,0,1
4654696,97,1,1,0
8361208,97,1,1,0
3297720,97,1,1,0
5283688,97,1,1,0
1073712,97,1,0,1
1613104,97,1,1,0
2146952,97,1,0,1
2478976,97,1,1,0
2818280,97,1,0,1
5995152,97,1,0,1
786504,97,1,1,0
4286472,97,1,1,0
2441480,97,1,1,0
200352,97,1,1,0
5993944,97,1,0,1
6715608,97,1,1,0
1497704,97,1,0,1
1165744,97,1,1,0
6745888,97,1,1,0
212200,97,1,1,0
2878104,97,1,0,1
523128,97,1,1,0
2379880,97,1,1,0
5342112,97,1,1,0
714416,97,1,0,1
5411512,97,1,0,1
5353496,97,1,1,0
507432,97,1,0,1
1625504,97,1,1,0
772816,97,1,1,0
4123016,97,1,0,1
4565704,97,1,0,1
502368,97,1,0,1
2147176,97,1,1,0
7752096,97,1,0,1
1585856,97,1,1,0
2616784,97,1,1,0
4836632,97,1,1,0
7291192,97,1,1,0
7968784,97,1,1,0
1884616,97,1,0,1
5883504,97,1,1,0
5567656,97,1,0,1
2864840,97,1,1,0
3167672,97,1,1,0
4215712,97,1,0,1
407352,97,1,1,0
615368,97,1,1,0
5343760,97,1,1,0
6716104,97,1,1,0
4017256,97,1,0,1
6115704,97,1,1,0
2055192,97,1,1,0
1234392,97,1,1,0
1671552,97,1,1,0
4579760,97,1,1,0
624920,97,1,1,0
2117088,97,1,0,1
1527040,97,1,1,0
7982200,97,1,0,1
3532952,97,1,1,0
7403096,97,1,0,1
818112,97,1,0,1
1954088,97,1,1,0
2915960,97,1,1,0
1464080,97,1,1,0
2402648,97,1,0,1
852464,97,1,0,1
4132048,97,1,1,0
4369928,97,1,0,1
2547680,97,1,1,0
1914592,97,1,0,1
1088144,97,1,0,1
498024,97,1,1,0
333352,97,1,0,1
2846632,97,1,0,1
1739488,97,1,1,0
4070936,97,1,1,0
3097440,97,1,0,1
994968,97,1,1,0
2391640,97,1,1,0
744848,97,1,1,0
1285504,97,1,0,1
7809184,97,1,1,0
3536000,97,1,1,0
3520672,97,1,0,1
4858704,97,1,0,1
597120,97,1,0,1
1397944,97,1,1,0
132472,97,1,0,1
968256,97,1,1,0
5909904,97,1,1,0
1601192,97,1,0,1
1558336,97,1,1,0
6012160,97,1,0,1
2705976,97,1,0,1
1607336,97,1,0,1
5615048,97,1,1,0
3533944,97,1,1,0
1725280,97,1,0,1
583320,97,1,0,1
4372824,97,1,1,0
4860608,97,1,1,0
2913768,97,1,1,0
470184,97,1,1,0
771776,97,1,0,1
905600,97,1,0,1
258128,97,1,0,1
3008456,97,1,1,0
1905376,97,1,0,1
327752,97,1,1,0
2404080,97,1,0,1
8124728,97,1,0,1
5912576,97,1,1,0
697560,97,1,0,1
2368032,97,1,0,1
1092472,97,1,0,1
7982560,97,1,1,0
1524832,97,1,0,1
4327376,97,1,1,0
5484072,97,1,0,1
5299008,97,1,1,0
1679664,97,1,1,0
1225568,97,1,1,0
5909672,97,1,1,0
894552,97,1,0,1
6438640,97,1,1,0
626848,97,1,1,0
864000,97,1,1,0
1004136,97,1,0,1
646872,97,1,0,1
7969544,97,1,0,1
7026176,97,1,1,0
5286024,97,1,1,0
799344,97,1,0,1
1497944,97,1,1,0
1659680,97,1,1,0
2544792,97,1,1,0
3046456,97,1,1,0
1147360,97,1,1,0
7228024,97,1,0,1
1617704,97,1,1,0
2005312,97,1,1,0
998656,97,1,1,0
841824,97,1,1,0
1570792,97,1,0,1
426672,97,1,1,0
6339600,97,1,0,1
622880,97,1,1,0
5839896,97,1,0,1
3526312,97,1,0,1
1657128,97,1,0,1
424200,97,1,0,1
8187992,97,1,1,0
2441864,97,1,0,1
8049520,97,1,0,1
7999016,97,1,0,1
6007544,97,1,1,0
1251480,97,1,1,0
7598840,97,1,1,0
836464,97,1,1,0
2501624,97,1,1,0
7097632,97,1,0,1
7681288,97,1,1,0
2350704,97,1,1,0
6184632,97,1,1,0
4951136,97,1,1,0
6880952,97,1,1,0
5555256,97,1,1,0
2453440,97,1,0,1
754088,97,1,1,0
4496600,97,1,0,1
4420992,97,1,0,1
2117408,97,1,1,0
971768,97,1,0,1
3411000,97,1,1,0
993192,97,1,0,1
1750656,97,1,1,0
1051888,97,1,1,0
4178544,97,1,0,1
153784,97,1,0,1
1199552,97,1,0,1
2789912,97,1,0,1
3605424,97,1,0,1
6434160,97,1,0,1
205096,97,1,1,0
5786752,97,1,0,1
6168480,97,1,1,0
928128,97,1,1,0
992840,97,1,1,0
1733784,97,1,1,0
342848,97,1,1,0
521264,97,1,0,1
3363008,97,1,0,1
3309176,97,1,1,0
505848,97,1,0,1
961680,97,1,1,0
603432,97,1,0,1
2651976,97,1,0,1
2220920,97,1,1,0
4937528,97,1,0,1
2323896,97,1,1,0
2924136,97,1,0,1
597664,97,1,1,0
623416,97,1,1,0
1663232,97,1,0,1
3962808,97,1,1,0
3144144,97,1,1,0
798920,97,1,0,1
6229840,97,1,0,1
4509016,97,1,1,0
1741472,97,1,1,0
3482680,97,1,1,0
5846560,97,1,0,1
887336,97,1,0,1
2932728,97,1,0,1
524120,97,1,0,1
1306400,97,1,0,1
1312016,97,1,1,0
839080,97,1,1,0
5897624,97,1,1,0
6962624,97,1,1,0
4519936,97,1,0,1
2956480,97,1,0,1
2604416,97,1,1,0
4007640,97,1,0,1
4289968,97,1,0,1
344376,97,1,1,0
4708024,97,1,0,1
3543960,97,1,0,1
426576,97,1,1,0
3941080,97,1,1,0
3308792,97,1,0,1
3563120,97,1,0,1
3710824,97,1,1,0
252840,97,1,0,1
5226088,97,1,1,0
428640,97,1,0,1
704456,97,1,1,0
7805408,97,1,0,1
7200112,97,1,0,1
1110616,97,1,0,1
1871016,97,1,0,1
5364776,97,1,0,1
552448,97,1,0,1
980728,97,1,1,0
1507816,97,1,1,0
525000,97,1,1,0
1040928,97,1,0,1
8054664,97,1,1,0
1656128,97,1,1,0
3800896,97,1,1,0
2029976,97,1,0,1
3025280,97,1,1,0
2027480,97,1,0,1
2933192,97,1,0,1
5936544,97,1,1,0
5406744,97,1,1,0
1660200,97,1,0,1
1784944,97,1,1,0
7606040,97,1,0,1
2133496,97,1,0,1
1475944,97,1,0,1
1635896,97,1,1,0
879608,97,1,0,1
4115008,97,1,1,0
3699832,97,1,0,1
1817072,97,1,1,0
6075552,97,1,0,1
6323208,97,1,1,0
7677984,97,1,1,0
6944792,97,1,1,0
2338912,97,1,1,0
273160,97,1,1,0
2577592,97,1,1,0
2163016,97,1,0,1
1733736,97,1,1,0
639960,97,1,0,1
2375792,97,1,1,0
4236024,97,1,1,0
4127328,97,1,0,1
4490128,97,1,1,0
2517032,97,1,1,0
4787408,97,1,1,0
1504112,97,1,0,1
1568864,97,1,1,0
408408,97,1,1,0
5442488,97,1,0,1
179440,97,1,1,0
3612704,97,1,1,0
4524160,97,1,0,1
1457992,97,1,1,0
3852824,97,1,1,0
1134520,97,1,1,0
4788584,97,1,0,1
108600,97,1,0,1
800576,97,1,1,0
2373656,97,1,1,0
739336,97,1,1,0
149920,97,1,1,0
6936096,97,1,0,1
7129456,97,1,1,0
4577392,97,1,1,0
5347192,97,1,0,1
2098976,97,1,1,0
2265520,97,1,1,0
4735960,97,1,1,0
1874024,97,1,1,0
1605528,97,1,0,1
813016,97,1,1,0
669240,97,1,1,0
1103960,97,1,1,0
1347512,97,1,1,0
8014000,97,1,0,1
3292160,97,1,0,1
4791464,97,1,0,1
3297768,97,1,0,1
711680,97,1,0,1
6543712,97,1,0,1
7418184,97,1,0,1
2620048,97,1,0,1
591152,97,1,0,1
391544,97,1,0,1
5883280,97,1,0,1
4020760,97,1,0,1
2379848,97,1,1,0
6247432,97,1,1,0
2710224,97,1,0,1
857888,97,1,1,0
1683088,97,1,0,1
6216032,97,1,0,1
4042632,97,1,1,0
3459240,97,1,0,1
230896,97,1,1,0
1422384,97,1,1,0
3316016,97,1,1,0
1073176,97,1,1,0
466088,97,1,1,0
772960,97,1,1,0
464480,97,1,1,0
745248,97,1,1,0
978864,97,1,0,1
6782392,97,1,1,0
224008,97,1,0,1
7633672,97,1,1,0
990208,97,1,0,1
791272,97,1,1,0
1947616,97,1,1,0
2670328,97,1,0,1
2798168,97,1,1,0
7367592,97,1,0,1
6908016,97,1,0,1
450408,97,1,0,1
307832,97,1,0,1
6654208,97,1,1,0
6152952,97,1,0,1
748136,97,1,1,0
2205112,97,1,0,1
7795736,97,1,0,1
4133600,97,1,0,1
1381224,97,1,0,1
958528,97,1,0,1
980712,97,1,0,1
1768744,97,1,1,0
4082144,97,1,0,1
290760,97,1,1,0
363456,97,1,0,1
2474096,97,1,0,1
1794992,97,1,1,0
1945216,97,1,1,0
6376472,97,1,1,0
1009272,97,1,1,0
4829792,97,1,1,0
461440,97,1,1,0
223472,97,1,0,1
3937880,97,1,1,0
4436552,97,1,1,0
2264272,97,1,1,0
404864,97,1,1,0
3855856,97,1,1,0
4042416,97,1,0,1
2147360,97,1,1,0
758144,97,1,1,0
2284544,97,1,1,0
7025504,97,1,1,0
4532960,97,1,0,1
6943320,97,1,1,0
8245608,97,1,1,0
3299560,97,1,1,0
3370000,97,1,1,0
2812040,97,1,1,0
1123472,97,1,0,1
3735272,97,1,1,0
1389216,97,1,1,0
7314336,97,1,0,1
641696,97,1,1,0
606784,97,1,1,0
612136,97,1,0,1
3502536,97,1,0,1
1349368,97,1,1,0
504440,97,1,1,0
2771440,97,1,0,1
2722664,97,1,0,1
1761976,97,1,1,0
2149728,97,1,0,1
3555608,97,1,1,0
2530040,97,1,1,0
863704,97,1,1,0
3383616,97,1,0,1
918944,97,1,1,0
433624,97,1,0,1
4735032,97,1,0,1
1370240,97,1,0,1
478144,97,1,1,0
1669488,97,1,0,1
1564264,97,1,1,0
2732792,97,1,0,1
2594840,97,1,0,1
6612960,97,1,0,1
270336,97,1,0,1
3551400,97,1,0,1
4137552,97,1,0,1
593456,97,1,0,1
7899544,97,1,1,0
2017584,97,1,0,1
2374024,97,1,1,0
1341120,97,1,0,1
2845472,97,1,0,1
3605088,97,1,0,1
2540384,97,1,0,1
641984,97,1,1,0
2630736,97,1,1,0
3352320,97,1,0,1
1404656,97,1,1,0
1293656,97,1,0,1
1634688,97,1,1,0
455664,97,1,0,1
8224568,97,1,1,0
4716848,97,1,0,1
1372616,97,1,1,0
2879168,97,1,0,1
4495536,97,1,1,0
3953488,97,1,1,0
2332520,97,1,0,1
3283136,97,1,1,0
1693984,97,1,1,0
3852840,97,1,1,0
426432,97,1,1,0
845896,97,1,1,0
2734624,97,1,1,0
5713920,97,1,0,1
84016,97,1,0,1
1599624,97,1,0,1
946968,97,1,1,0
813512,97,1,1,0
469272,97,1,0,1
5158064,97,1,0,1
1272016,97,1,0,1
4576096,97,1,1,0
1072008,97,1,1,0
399152,97,1,0,1
2074304,97,1,1,0
461880,97,1,0,1
1110816,97,1,0,1
1514136,97,1,1,0
909552,97,1,1,0
98528,97,1,1,0
4495576,97,1,1,0
6104552,97,1,1,0
1225992,97,1,1,0
8129704,97,1,1,0
2458064,97,1,0,1
368248,97,1,0,1
6589240,97,1,1,0
3055512,97,1,0,1
213976,97,1,0,1
3556632,97,1,0,1
740560,97,1,0,1
4491376,97,1,0,1
3361632,97,1,1,0
549984,97,1,1,0
454416,97,1,1,0
287920,97,1,1,0
1219808,97,1,1,0
3448832,97,1,0,1
8286920,97,1,1,0
597032,97,1,1,0
675792,97,1,1,0
6902296,97,1,0,1
211576,97,1,1,0
716008,97,1,0,1
1991248,97,1,1,0
6564504,97,1,0,1
1835456,97,1,1,0
2036064,97,1,1,0
2850232,97,1,1,0
720744,97,1,1,0
923400,97,1,1,0
3019112,97,1,1,0
6410184,97,1,1,0
975688,97,1,0,1
3713424,97,1,1,0
1019352,97,1,0,1
2700256,97,1,1,0
5814536,97,1,0,1
290584,97,1,0,1
2256792,97,1,1,0
6084240,97,1,0,1
409992,97,1,1,0
1131840,97,1,1,0
5110360,97,1,1,0
165560,97,1,1,0
6838096,97,1,0,1
1045272,97,1,1,0
622784,97,1,1,0
3032184,97,1,1,0
3008512,97,1,0,1
365576,97,1,1,0
492656,97,1,1,0
2845888,97,1,1,0
274688,97,1,1,0
7496984,97,1,1,0
5984912,97,1,0,1
584912,97,1,1,0
4161656,97,1,0,1
5333032,97,1,0,1
1325120,97,1,0,1
688528,97,1,1,0
1319784,97,1,0,1
169888,97,1,1,0
2776624,97,1,1,0
861008,97,1,0,1
1069416,97,1,1,0
1169264,97,1,0,1
573232,97,1,1,0
2806688,97,1,0,1
773200,97,1,0,1
2073440,97,1,0,1
3375064,97,1,0,1
1043008,97,1,0,1
5619440,97,1,1,0
4430880,97,1,0,1
8070400,97,1,1,0
1286464,97,1,0,1
1017072,97,1,1,0
717856,97,1,1,0
247448,97,1,1,0
2568648,97,1,0,1
369576,97,1,0,1
6601568,97,1,1,0
7280248,97,1,1,0
1766352,97,1,1,0
1039040,97,1,0,1
2784192,97,1,1,0
8085832,97,1,1,0
340712,97,1,1,0
1725408,97,1,1,0
474152,97,1,1,0
1480648,97,1,0,1
5855352,97,1,0,1
5407752,97,1,1,0
1467024,97,1,1,0
6262384,97,1,0,1
1763512,97,1,1,0
231192,97,1,0,1
3110368,97,1,1,0
223176,97,1,1,0
3581192,97,1,1,0
6255072,97,1,1,0
557680,97,1,1,0
4629048,97,1,1,0
4304928,97,1,0,1
5922264,97,1,1,0
1116872,97,1,1,0
3497984,97,1,0,1
4532200,97,1,0,1
5287408,97,1,0,1
1458888,97,1,0,1
377960,97,1,0,1
778992,97,1,1,0
8163408,97,1,0,1
2143824,97,1,0,1
454224,97,1,1,0
6408216,97,1,1,0
3883776,97,1,1,0
123088,97,1,0,1
2216872,97,1,1,0
5689824,97,1,1,0
1995696,97,1,0,1
4129344,97,1,1,0
7075680,97,1,1,0
3494648,97,1,0,1
3565576,97,1,1,0
2465608,97,1,1,0
981160,97,1,0,1
6908648,97,1,0,1
442280,97,1,1,0
4441032,97,1,1,0
5105616,97,1,1,0
2917912,97,1,1,0
2950472,97,1,0,1
3706960,97,1,0,1
2979320,97,1,1,0
3696984,97,1,0,1
810128,97,1,1,0
2344864,97,1,1,0
3544744,97,1,0,1
7824664,97,1,0,1
4437232,97,1,1,0
3238256,97,1,0,1
1091768,97,1,1,0
7741328,97,1,0,1
6344632,97,1,0,1
3022032,97,1,0,1
1915984,97,1,1,0
424712,97,1,0,1
4554744,97,1,1,0
2115408,97,1,0,1
422072,97,1,1,0
1780576,97,1,0,1
3661200,97,1,0,1
4843712,97,1,0,1
5116768,97,1,1,0
1555920,97,1,0,1
5803160,97,1,1,0
5710816,97,1,0,1
6033256,97,1,0,1
2146496,97,1,1,0
7189656,97,1,1,0
4963520,97,1,1,0
2866576,97,1,0,1
3086176,97,1,0,1
1119288,97,1,1,0
922184,97,1,1,0
1505408,97,1,1,0
2301520,97,1,1,0
997688,97,1,0,1
1696784,97,1,1,0
5134528,97,1,0,1
1152960,97,1,0,1
622240,97,1,0,1
4218440,97,1,1,0
1206160,97,1,0,1
1941656,97,1,0,1
3741184,97,1,0,1
4494168,97,1,1,0
482408,97,1,0,1
7677112,97,1,1,0
548096,97,1,0,1
1419296,97,1,0,1
906488,97,1,0,1
2665288,97,1,1,0
5529496,97,1,1,0
5464048,97,1,1,0
7628448,97,1,0,1
1220336,97,1,0,1
719072,97,1,0,1
548672,97,1,0,1
3279776,97,1,0,1
280048,97,1,1,0
775432,97,1,1,0
2921512,97,1,0,1
4244296,97,1,1,0
3518256,97,1,1,0
1267032,97,1,0,1
2222912,97,1,1,0
1015728,97,1,0,1
2631496,97,1,0,1
4059464,97,1,0,1
5809800,97,1,0,1
5608808,97,1,1,0
4073448,97,1,0,1
5736576,97,1,0,1
3172616,97,1,1,0
6862872,97,1,0,1
4548024,97,1,0,1
3163456,97,1,0,1
412568,97,1,0,1
797936,97,1,0,1
5485304,97,1,1,0
1300320,97,1,0,1
275632,97,1,1,0
8058080,97,1,0,1
2455976,97,1,1,0
3858976,97,1,0,1
719608,97,1,1,0
1225136,97,1,0,1
1948368,97,1,0,1
93000,97,1,0,1
1031216,97,1,1,0
6159672,97,1,1,0
953520,97,1,0,1
2742712,97,1,0,1
307520,97,1,1,0
1044216,97,1,0,1
447488,97,1,0,1
2214688,97,1,1,0
3239216,97,1,0,1
981152,97,1,1,0
2437808,97,1,0,1
531888,97,1,1,0
2720128,97,1,1,0
539184,97,1,1,0
831496,97,1,1,0
2885968,97,1,1,0
2378288,97,1,0,1
1412216,97,1,1,0
898040,97,1,1,0
2785952,97,1,1,0
572624,97,1,1,0
4723664,97,1,1,0
6436280,97,1,1,0
1822744,97,1,0,1
2793600,97,1,1,0
4629352,97,1,1,0
2064056,97,1,0,1
158328,97,1,1,0
3841064,97,1,1,0
1002816,97,1,0,1
2103768,97,1,1,0
199104,97,1,1,0
801432,97,1,0,1
4972696,97,1,0,1
2421920,97,1,1,0
4806656,97,1,1,0
1084728,97,1,1,0
3084208,97,1,0,1
901880,97,1,1,0
531984,97,1,0,1
3787296,97,1,0,1
679072,97,1,0,1
990416,97,1,1,0
2209064,97,1,1,0
421680,97,1,1,0
6625344,97,1,0,1
1637720,97,1,1,0
264000,97,1,1,0
787344,97,1,1,0
356096,97,1,1,0
1948160,97,1,1,0
4011784,97,1,1,0
5195136,97,1,0,1
1075424,97,1,0,1
640248,97,1,0,1
3522760,97,1,1,0
8088024,97,1,1,0
337200,97,1,1,0
5130280,97,1,0,1
6802216,97,1,1,0
4524600,97,1,1,0
1241096,97,1,1,0
361416,97,1,0,1
4818448,97,1,1,0
4359648,97,1,0,1
498984,97,1,0,1
2635096,97,1,0,1
927536,97,1,0,1
2135624,97,1,0,1
341616,97,1,0,1
1229176,97,1,1,0
3682216,97,1,0,1
1173792,97,1,0,1
2090048,97,1,0,1
6799888,97,1,1,0
172400,97,1,0,1
979376,97,1,0,1
1628776,97,1,0,1
3363744,97,1,0,1
1305512,97,1,0,1
1002120,97,1,0,1
7877288,97,1,0,1
6418568,97,1,0,1
569344,97,1,0,1
292392,97,1,1,0
1212424,97,1,1,0
4814360,97,1,1,0
7006360,97,1,0,1
4396896,97,1,1,0
3153504,97,1,1,0
3082648,97,1,0,1
6905680,97,1,1,0
3644248,97,1,0,1
3506328,97,1,0,1
886608,97,1,1,0
903680,97,1,1,0
2327992,97,1,0,1
1487496,97,1,1,0
1645768,97,1,1,0
983448,97,1,0,1
3952864,97,1,1,0
405904,97,1,1,0
6411816,97,1,1,0
3106512,97,1,0,1
3203112,97,1,1,0
5458872,97,1,0,1
7717992,97,1,0,1
2561512,97,1,0,1
176752,97,1,1,0
7028832,97,1,1,0
1115720,97,1,0,1
2493296,97,1,1,0
1615184,97,1,0,1
2723480,97,1,0,1
6984184,97,1,0,1
2066368,97,1,1,0
256544,97,1,1,0
4507216,97,1,0,1
1399336,97,1,0,1
353552,97,1,0,1
2517144,97,1,0,1
438344,97,1,0,1
4117384,97,1,0,1
2933768,97,1,0,1
2017432,97,1,0,1
1545320,97,1,0,1
5345400,97,1,0,1
624040,97,1,1,0
7302880,97,1,1,0
806632,97,1,1,0
333448,97,1,1,0
1780848,97,1,1,0
4600760,97,1,1,0
4269240,97,1,1,0
2719056,97,1,0,1
2136312,97,1,1,0
5833120,97,1,1,0
3242392,97,1,0,1
840528,97,1,0,1
1174928,97,1,0,1
635608,97,1,0,1
5425992,97,1,0,1
4623704,97,1,0,1
4584504,97,1,0,1
1651648,97,1,1,0
432552,97,1,0,1
7557776,97,1,1,0
670072,97,1,1,0
256352,97,1,1,0
2580152,97,1,0,1
2995824,97,1,0,1
3748064,97,1,1,0
1647816,97,1,1,0
3466928,97,1,0,1
3995096,97,1,1,0
1148896,97,1,1,0
1076344,97,1,0,1
2083552,97,1,1,0
4772080,97,1,0,1
8271824,97,1,1,0
506536,97,1,0,1
3189304,97,1,1,0
801352,97,1,0,1
2286056,97,1,0,1
7572240,97,1,0,1
1371816,97,1,0,1
627080,97,1,0,1
700320,97,1,1,0
3480048,97,1,1,0
517856,97,1,1,0
779984,97,1,1,0
701608,97,1,0,1
6065408,97,1,1,0
189856,97,1,1,0
2847496,97,1,1,0
1161768,97,1,1,0
975944,97,1,1,0
5943168,97,1,0,1
701192,97,1,0,1
805552,97,1,0,1
643800,97,1,1,0
4172424,97,1,0,1
8278960,97,1,1,0
322376,97,1,0,1
8293576,97,1,1,0
2127808,97,1,0,1
448720,97,1,1,0
653504,97,1,1,0
1595456,97,1,0,1
4810664,97,1,1,0
2418176,97,1,1,0
3767664,97,1,1,0
1765352,97,1,0,1
517000,97,1,0,1
3297616,97,1,0,1
6471064,97,1,1,0
703736,97,1,0,1
8117656,97,1,1,0
535824,97,1,0,1
3258880,97,1,1,0
480392,97,1,0,1
1222056,97,1,1,0
168488,97,1,1,0
1426296,97,1,1,0
4562120,97,1,1,0
475704,97,1,1,0
6727504,97,1,1,0
712568,97,1,1,0
1157696,97,1,0,1
5454824,97,1,0,1
1279016,97,1,1,0
3007904,97,1,1,0
1352768,97,1,0,1
3456976,97,1,1,0
985032,97,1,0,1
1294416,97,1,1,0
88992,97,1,0,1
1379392,97,1,1,0
5925624,97,1,1,0
1299288,97,1,1,0
1688816,97,1,0,1
1924408,97,1,0,1
2142264,97,1,1,0
511424,97,1,1,0
6833720,97,1,1,0
5663200,97,1,0,1
271600,97,1,0,1
3819488,97,1,0,1
6546632,97,1,0,1
1240560,97,1,0,1
5028464,97,1,0,1
195224,97,1,0,1
2426000,97,1,0,1
1067624,97,1,1,0
4761864,97,1,0,1
1621136,97,1,1,0
928312,97,1,1,0
1314472,97,1,1,0
367032,97,1,0,1
608584,97,1,1,0
5702864,97,1,0,1
4516280,97,1,0,1
596168,97,1,1,0
1700056,97,1,0,1
706928,97,1,0,1
1331088,97,1,1,0
917664,97,1,0,1
4749584,97,1,1,0
6387264,97,1,1,0
2089912,97,1,1,0
1475920,97,1,1,0
2109896,97,1,0,1
5178152,97,1,1,0
171304,97,1,0,1
8223312,97,1,0,1
264528,97,1,0,1
1521952,97,1,0,1
7758904,97,1,1,0
4556512,97,1,0,1
2444200,97,1,1,0
3151888,97,1,1,0
3052192,97,1,0,1
4254384,97,1,1,0
8150280,97,1,0,1
1515248,97,1,0,1
1379680,97,1,0,1
4449032,97,1,0,1
1851008,97,1,1,0
240736,97,1,1,0
4784464,97,1,0,1
2028336,97,1,0,1
808216,97,1,0,1
4733944,97,1,1,0
3615616,97,1,1,0
1915232,97,1,1,0
2053320,97,1,0,1
1628904,97,1,0,1
3588352,97,1,0,1
490584,97,1,1,0
1109744,97,1,1,0
1331200,97,1,0,1
1157744,97,1,1,0
1499528,97,1,1,0
1404360,97,1,1,0
5577536,97,1,0,1
4350520,97,1,1,0
6279120,97,1,1,0
4411816,97,1,0,1
3156456,97,1,0,1
1907624,97,1,1,0
3445688,97,1,0,1
674104,97,1,0,1
2940400,97,1,0,1
1183680,97,1,1,0
2408232,97,1,1,0
3848520,97,1,1,0
3421504,97,1,1,0
178688,97,1,0,1
8328160,97,1,0,1
55432,97,1,1,0
2556032,97,1,0,1
1918792,97,1,1,0
1678632,97,1,1,0
3264480,97,1,1,0
3436056,97,1,1,0
785784,97,1,0,1
3936656,97,1,0,1
5644464,97,1,1,0
4812464,97,1,1,0
4791032,97,1,0,1
401256,97,1,0,1
3517256,97,1,0,1
1155800,97,1,0,1
3078160,97,1,1,0
2328520,97,1,0,1
7182952,97,1,1,0
1738440,97,1,0,1
6733200,97,1,1,0
4262216,97,1,0,1
1236288,97,1,0,1
7485416,97,1,1,0
1949536,97,1,1,0
754936,97,1,1,0
928784,97,1,0,1
5711080,97,1,1,0
5340208,97,1,1,0
1420384,97,1,1,0
743912,97,1,1,0
1706896,97,1,0,1
3762920,97,1,1,0
716032,97,1,0,1
288160,97,1,0,1
3520896,97,1,1,0
2667144,97,1,0,1
3851896,97,1,0,1
497192,97,1,0,1
4616944,97,1,0,1
718648,97,1,1,0
5356568,97,1,1,0
451480,97,1,0,1
7309864,97,1,1,0
496688,97,1,1,0
239672,97,1,0,1
661240,97,1,0,1
1037656,97,1,1,0
2321592,97,1,0,1
960592,97,1,0,1
4568408,97,1,1,0
502760,97,1,0,1
1232352,97,1,0,1
1500184,97,1,1,0
2176120,97,1,1,0
7484200,97,1,0,1
6190392,97,1,1,0
5340480,97,1,1,0
972168,97,1,0,1
5238448,97,1,1,0
643400,97,1,1,0
712824,97,1,0,1
632752,97,1,0,1
3362864,97,1,1,0
8226360,97,1,1,0
1151920,97,1,0,1
712448,97,1,0,1
959840,97,1,1,0
2012896,97,1,1,0
1915544,97,1,1,0
1410944,97,1,1,0
5794784,97,1,0,1
884200,97,1,1,0
1778264,97,1,0,1
6488616,97,1,0,1
1891696,97,1,1,0
572504,97,1,1,0
378272,97,1,0,1
6220800,97,1,1,0
410568,97,1,0,1
4106104,97,1,0,1
7466256,97,1,0,1
398296,97,1,0,1
1976568,97,1,0,1
1755560,97,1,0,1
740000,97,1,1,0
2441008,97,1,1,0
5775080,97,1,1,0
4889800,97,1,0,1
6302808,97,1,1,0
7204512,97,1,0,1
3114136,97,1,1,0
1335720,97,1,1,0
520152,97,1,0,1
1158480,97,1,1,0
3030040,97,1,0,1
423344,97,1,0,1
3203064,97,1,0,1
583944,97,1,0,1
3268120,97,1,1,0
7746536,97,1,1,0
668024,97,1,1,0
4422952,97,1,0,1
3159608,97,1,0,1
7746664,97,1,0,1
495344,97,1,1,0
2134280,97,1,1,0
1820536,97,1,1,0
3299528,97,1,1,0
1931136,97,1,1,0
2144352,97,1,1,0
6177440,97,1,1,0
2253528,97,1,0,1
2505904,97,1,0,1
2078160,97,1,1,0
7022456,97,1,0,1
4052856,97,1,1,0
656424,97,1,0,1
1628328,97,1,0,1
559832,97,1,0,1
322896,97,1,1,0
4592960,97,1,0,1
6936400,97,1,0,1
466240,97,1,1,0
4332608,97,1,0,1
2032704,97,1,0,1
612392,97,1,0,1
2243824,97,1,0,1
3054104,97,1,0,1
7537984,97,1,1,0
2361064,97,1,0,1
6023976,97,1,0,1
219944,97,1,1,0
3392304,97,1,0,1
8131608,97,1,0,1
4768544,97,1,1,0
140872,97,1,1,0
6385040,97,1,1,0
2971712,97,1,0,1
1069000,97,1,1,0
4496896,97,1,1,0
710272,97,1,0,1
2045360,97,1,1,0
521944,97,1,0,1
1908904,97,1,0,1
575136,97,1,1,0
2516904,97,1,0,1
7681272,97,1,1,0
237384,97,1,0,1
4626208,97,1,0,1
536608,97,1,0,1
810392,97,1,0,1
2983744,97,1,0,1
441032,97,1,0,1
2064216,97,1,1,0
2846376,97,1,0,1
7786520,97,1,0,1
170776,97,1,1,0
1257824,97,1,0,1
2996880,97,1,0,1
7673064,97,1,1,0
2279840,97,1,1,0
5787256,97,1,1,0
1557304,97,1,0,1
214800,97,1,0,1
3895944,97,1,0,1
2460904,97,1,0,1
7767920,97,1,1,0
689976,97,1,1,0
1847320,97,1,0,1
1099664,97,1,1,0
4398200,97,1,0,1
883296,97,1,0,1
3284400,97,1,0,1
1668472,97,1,0,1
647760,97,1,0,1
4185976,97,1,1,0
5965728,97,1,0,1
1854960,97,1,1,0
5073504,97,1,1,0
6140440,97,1,1,0
1830872,97,1,1,0
4085352,97,1,1,0
4243944,97,1,0,1
4931744,97,1,1,0
615968,97,1,0,1
689544,97,1,0,1
1542288,97,1,1,0
2764504,97,1,0,1
345488,97,1,1,0
2787576,97,1,0,1
2074144,97,1,0,1
727048,97,1,0,1
126184,97,1,1,0
901848,97,1,1,0
6739960,97,1,1,0
368808,97,1,1,0
3491848,97,1,1,0
7348928,97,1,1,0
301648,97,1,1,0
3178448,97,1,0,1
101888,97,1,0,1
4852008,97,1,1,0
2387368,97,1,0,1
2506392,97,1,0,1
2786304,97,1,0,1
2918096,97,1,0,1
3508984,97,1,1,0
597248,97,1,0,1
1405224,97,1,0,1
566024,97,1,0,1
982480,97,1,0,1
3273480,97,1,0,1
1998272,97,1,1,0
663704,97,1,1,0
1452256,97,1,1,0
6494272,97,1,0,1
1830696,97,1,1,0
1165248,97,1,1,0
8087040,97,1,1,0
1801144,97,1,1,0
3552912,97,1,1,0
4725496,97,1,1,0
6452296,97,1,0,1
2835320,97,1,0,1
7426296,97,1,0,1
312944,97,1,0,1
3031488,97,1,1,0
1270272,97,1,0,1
1129984,97,1,1,0
7692936,97,1,1,0
697816,97,1,0,1
1116304,97,1,1,0
2111680,97,1,0,1
3803392,97,1,1,0
2982928,97,1,0,1
5520912,97,1,1,0
2422776,97,1,1,0
7303736,97,1,0,1
2411240,97,1,0,1
5542864,97,1,0,1
4022920,97,1,0,1
2927376,97,1,1,0
4484880,97,1,1,0
1444408,97,1,0,1
4185064,97,1,1,0
1368552,97,1,0,1
1696896,97,1,0,1
8361960,97,1,1,0
337400,97,1,0,1
3778744,97,1,1,0
7359984,97,1,0,1
284160,97,1,1,0
6034768,97,1,1,0
2658184,97,1,1,0
740096,97,1,0,1
503784,97,1,0,1
413352,97,1,1,0
1376464,97,1,0,1
851448,97,1,1,0
1151048,97,1,0,1
2478328,97,1,0,1
1762000,97,1,1,0
3797480,97,1,0,1
4004944,97,1,0,1
5742000,97,1,0,1
1268992,97,1,1,0
331368,97,1,0,1
3311032,97,1,1,0
4037536,97,1,0,1
701056,97,1,0,1
1196776,97,1,0,1
6467704,97,1,0,1
2573696,97,1,0,1
746024,97,1,0,1
138416,97,1,0,1
760568,97,1,0,1
180064,97,1,1,0
4505456,97,1,1,0
4484896,97,1,1,0
1674312,97,1,0,1
6858128,97,1,1,0
1408432,97,1,0,1
543896,97,1,0,1
210200,97,1,0,1
857048,97,1,1,0
2446632,97,1,0,1
2692400,97,1,0,1
1273184,97,1,1,0
5422032,97,1,0,1
520072,97,1,1,0
215200,97,1,1,0
1288152,97,1,0,1
4361664,97,1,0,1
3433096,97,1,1,0
485264,97,1,1,0
550800,97,1,0,1
648536,97,1,0,1
1267904,97,1,0,1
5194488,97,1,0,1
1107512,97,1,1,0
607128,97,1,1,0
352448,97,1,1,0
4973176,97,1,1,0
803024,97,1,1,0
442480,97,1,1,0
1830464,97,1,1,0
3654056,97,1,0,1
2681928,97,1,0,1
2519560,97,1,1,0
2214368,97,1,0,1
2244240,97,1,0,1
276032,97,1,0,1
4170800,97,1,0,1
2047288,97,1,1,0
1636424,97,1,0,1
1160744,97,1,0,1
2499440,97,1,0,1
1090656,97,1,0,1
6590544,97,1,0,1
2008120,97,1,0,1
914224,97,1,0,1
4539632,97,1,0,1
1411168,97,1,0,1
431008,97,1,0,1
777584,97,1,1,0
883200,97,1,0,1
2452048,97,1,1,0
3090240,97,1,1,0
814624,97,1,1,0
4331768,97,1,0,1
2854808,97,1,1,0
1408888,97,1,0,1
2195720,97,1,1,0
956416,97,1,0,1
909368,97,1,1,0
1280960,97,1,1,0
2453752,97,1,0,1
608752,97,1,0,1
2426592,97,1,1,0
598448,97,1,1,0
8046224,97,1,1,0
4282336,97,1,0,1
6722824,97,1,1,0
786184,97,1,1,0
3436200,97,1,0,1
5738064,97,1,0,1
2924040,97,1,0,1
1582888,97,1,0,1
1633624,97,1,1,0
5907320,97,1,1,0
5663864,97,1,0,1
4908656,97,1,1,0
1578664,97,1,0,1
676712,97,1,0,1
4259192,97,1,0,1
2992816,97,1,1,0
1727400,97,1,0,1
1467368,97,1,0,1
208864,97,1,0,1
6128208,97,1,1,0
2105856,97,1,0,1
1697048,97,1,0,1
843528,97,1,0,1
356792,97,1,1,0
3314696,97,1,0,1
7831216,97,1,1,0
4585176,97,1,1,0
273152,97,1,0,1
6887984,97,1,1,0
507536,97,1,0,1
881824,97,1,1,0
392952,97,1,0,1
4852048,97,1,0,1
6958168,97,1,1,0
1085936,97,1,1,0
1991960,97,1,1,0
436216,97,1,1,0
301768,97,1,0,1
3016168,97,1,1,0
206424,97,1,1,0
1426152,97,1,1,0
3059992,97,1,0,1
2710624,97,1,0,1
3716872,97,1,0,1
1877032,97,1,0,1
406440,97,1,1,0
1873056,97,1,0,1
5606592,97,1,1,0
3901744,97,1,0,1
7800128,97,1,0,1
8226888,97,1,1,0
3091384,97,1,0,1
774168,97,1,0,1
4254736,97,1,0,1
1744928,98,1,1,0
4226728,98,1,0,1
2322992,98,1,0,1
5717256,98,1,0,1
3935200,98,1,0,1
6467168,98,1,1,0
986072,98,1,0,1
7926896,98,1,1,0
2023312,98,1,0,1
956600,98,1,1,0
1822904,98,1,1,0
4644592,98,1,1,0
5180640,98,1,0,1
4646480,98,1,1,0
1401456,98,1,1,0
515352,98,1,1,0
2384304,98,1,1,0
6906016,98,1,1,0
442200,98,1,0,1
4487800,98,1,1,0
1050336,98,1,1,0
267304,98,1,1,0
193840,98,1,0,1
261256,98,1,1,0
1612640,98,1,1,0
592168,98,1,0,1
408248,98,1,1,0
859848,98,1,1,0
641032,98,1,0,1
5834864,98,1,0,1
252928,98,1,1,0
1069248,98,1,0,1
743080,98,1,1,0
2315912,98,1,0,1
4227640,98,1,0,1
1139392,98,1,0,1
3260288,98,1,0,1
2505816,98,1,0,1
80224,98,1,1,0
516432,98,1,1,0
831104,98,1,0,1
4917248,98,1,0,1
2362496,98,1,0,1
4740696,98,1,1,0
3157496,98,1,0,1
5045760,98,1,1,0
6080808,98,1,0,1
3427704,98,1,1,0
1333440,98,1,0,1
7864992,98,1,1,0
3469992,98,1,1,0
1287624,98,1,1,0
4410064,98,1,1,0
1886264,98,1,0,1
203088,98,1,0,1
3284824,98,1,0,1
387840,98,1,1,0
156568,98,1,0,1
2922664,98,1,1,0
3490512,98,1,0,1
1672968,98,1,1,0
5598432,98,1,1,0
3440136,98,1,0,1
2739744,98,1,1,0
263816,98,1,1,0
2009520,98,1,0,1
4984416,98,1,1,0
4659800,98,1,0,1
7958376,98,1,0,1
631344,98,1,1,0
1842376,98,1,1,0
4065184,98,1,1,0
1544496,98,1,0,1
732976,98,1,0,1
5952200,98,1,0,1
6158144,98,1,1,0
219440,98,1,0,1
2166000,98,1,1,0
3035648,98,1,0,1
343624,98,1,1,0
4284936,98,1,0,1
4300984,98,1,0,1
3458040,98,1,1,0
666600,98,1,0,1
5122432,98,1,1,0
4906368,98,1,1,0
1592560,98,1,0,1
502976,98,1,0,1
5842408,98,1,0,1
2970952,98,1,1,0
895744,98,1,1,0
7149560,98,1,0,1
5141920,98,1,0,1
4332136,98,1,1,0
6036016,98,1,1,0
1205960,98,1,1,0
2835312,98,1,0,1
3815232,98,1,1,0
1370328,98,1,0,1
1051232,98,1,1,0
6962648,98,1,1,0
2343632,98,1,0,1
507912,98,1,1,0
659976,98,1,0,1
1118096,98,1,1,0
5012192,98,1,0,1
2540096,98,1,1,0
1888320,98,1,1,0
8058952,98,1,1,0
2073032,98,1,1,0
2876112,98,1,1,0
5459632,98,1,0,1
1015512,98,1,0,1
3868608,98,1,0,1
7697568,98,1,0,1
3395360,98,1,1,0
6576464,98,1,1,0
852992,98,1,0,1
2228768,98,1,1,0
2035816,98,1,0,1
3036184,98,1,1,0
1946720,98,1,1,0
7135440,98,1,0,1
462984,98,1,1,0
2642832,98,1,1,0
7114216,98,1,1,0
1098256,98,1,1,0
841072,98,1,0,1
3121232,98,1,1,0
7967176,98,1,1,0
1623056,98,1,1,0
515432,98,1,0,1
991160,98,1,1,0
792712,98,1,1,0
450704,98,1,1,0
824696,98,1,1,0
768912,98,1,1,0
599392,98,1,0,1
6920712,98,1,1,0
132336,98,1,1,0
716296,98,1,0,1
4455144,98,1,1,0
767952,98,1,0,1
5918816,98,1,0,1
3059600,98,1,0,1
736608,98,1,0,1
168312,98,1,1,0
3567168,98,1,1,0
223128,98,1,0,1
5250200,98,1,0,1
816872,98,1,0,1
887872,98,1,1,0
4480600,98,1,1,0
2016720,98,1,1,0
230920,98,1,0,1
908408,98,1,0,1
6556808,98,1,1,0
4779784,98,1,1,0
1178888,98,1,0,1
2336616,98,1,1,0
2331848,98,1,0,1
368440,98,1,0,1
403504,98,1,0,1
4228424,98,1,0,1
2656008,98,1,1,0
116048,98,1,1,0
943800,98,1,0,1
3044728,98,1,0,1
1902464,98,1,0,1
3968416,98,1,1,0
1399584,98,1,0,1
4982432,98,1,0,1
1719672,98,1,0,1
7660088,98,1,1,0
7551664,98,1,0,1
905024,98,1,0,1
5434640,98,1,1,0
4028776,98,1,0,1
1387016,98,1,0,1
1259704,98,1,0,1
4164912,98,1,1,0
875544,98,1,1,0
1195320,98,1,0,1
2441144,98,1,1,0
5655432,98,1,0,1
6650600,98,1,0,1
1119384,98,1,0,1
1344648,98,1,0,1
3917992,98,1,0,1
1506224,98,1,1,0
2759752,98,1,1,0
188344,98,1,1,0
5368864,98,1,0,1
534352,98,1,0,1
4474520,98,1,1,0
6297152,98,1,0,1
2869416,98,1,0,1
1871296,98,1,0,1
1153336,98,1,0,1
718168,98,1,1,0
2235416,98,1,1,0
810432,98,1,0,1
2362000,98,1,1,0
1438056,98,1,0,1
1381936,98,1,0,1
316760,98,1,0,1
6089376,98,1,1,0
1544920,98,1,1,0
773904,98,1,1,0
1134672,98,1,1,0
308600,98,1,1,0
745312,98,1,1,0
5129488,98,1,0,1
1264856,98,1,0,1
398720,98,1,1,0
5764352,98,1,1,0
2191312,98,1,0,1
292400,98,1,0,1
7608800,98,1,1,0
5238352,98,1,0,1
4177016,98,1,1,0
1063880,98,1,1,0
5885360,98,1,0,1
1973088,98,1,1,0
130632,98,1,1,0
2514304,98,1,1,0
7987152,98,1,1,0
3455456,98,1,0,1
557904,98,1,1,0
7672448,98,1,0,1
5436024,98,1,0,1
509000,98,1,0,1
348560,98,1,1,0
788880,98,1,0,1
341688,98,1,0,1
1615904,98,1,0,1
2423368,98,1,1,0
341576,98,1,0,1
5129128,98,1,1,0
1530712,98,1,1,0
2411064,98,1,0,1
4527632,98,1,0,1
7876192,98,1,1,0
7919968,98,1,0,1
4401576,98,1,1,0
489248,98,1,0,1
7799264,98,1,0,1
8073792,98,1,0,1
4917184,98,1,1,0
147496,98,1,0,1
1835632,98,1,1,0
272120,98,1,0,1
293592,98,1,1,0
958608,98,1,0,1
3581296,98,1,1,0
5089672,98,1,1,0
534320,98,1,1,0
4934920,98,1,1,0
933664,98,1,0,1
947192,98,1,0,1
3784128,98,1,0,1
885880,98,1,0,1
7893920,98,1,0,1
2157432,98,1,1,0
8349520,98,1,1,0
550624,98,1,0,1
505040,98,1,1,0
3591664,98,1,0,1
1886504,98,1,0,1
203568,98,1,1,0
664192,98,1,0,1
3609568,98,1,1,0
5348768,98,1,1,0
652040,98,1,0,1
1143880,98,1,0,1
5392720,98,1,0,1
3893848,98,1,0,1
3132104,98,1,1,0
6360232,98,1,1,0
2707552,98,1,1,0
1763480,98,1,0,1
3342800,98,1,0,1
347072,98,1,1,0
2672976,98,1,0,1
720648,98,1,1,0
340184,98,1,0,1
5498048,98,1,0,1
1078504,98,1,0,1
3784328,98,1,1,0
2687296,98,1,0,1
1146904,98,1,1,0
574104,98,1,1,0
3590152,98,1,1,0
315704,98,1,1,0
2872952,98,1,1,0
1551272,98,1,1,0
5502272,98,1,1,0
2829312,98,1,0,1
2663592,98,1,1,0
393296,98,1,0,1
3879480,98,1,1,0
5913520,98,1,0,1
1351016,98,1,0,1
854176,98,1,1,0
1831480,98,1,1,0
4197936,98,1,0,1
2467864,98,1,0,1
3170384,98,1,0,1
4928120,98,1,1,0
739016,98,1,0,1
2427456,98,1,1,0
985336,98,1,0,1
4636272,98,1,0,1
1096592,98,1,1,0
5872864,98,1,0,1
5688864,98,1,1,0
1544664,98,1,1,0
6409976,98,1,1,0
1802760,98,1,0,1
7691112,98,1,0,1
934560,98,1,0,1
887464,98,1,1,0
1274512,98,1,0,1
3592960,98,1,0,1
266936,98,1,1,0
5865640,98,1,1,0
3502016,98,1,0,1
287752,98,1,0,1
8173416,98,1,0,1
1922736,98,1,1,0
542504,98,1,1,0
4861168,98,1,1,0
2246648,98,1,1,0
7424664,98,1,0,1
7578888,98,1,0,1
4274248,98,1,1,0
2020720,98,1,1,0
2926048,98,1,0,1
1773632,98,1,0,1
6307912,98,1,1,0
1370080,98,1,1,0
4117104,98,1,1,0
280376,98,1,0,1
4155064,98,1,0,1
2172800,98,1,1,0
592624,98,1,0,1
1672896,98,1,0,1
3888552,98,1,0,1
2815896,98,1,0,1
2384296,98,1,1,0
4938656,98,1,0,1
371008,98,1,1,0
430888,98,1,1,0
5511000,98,1,0,1
1366888,98,1,1,0
4759296,98,1,0,1
438152,98,1,1,0
741184,98,1,0,1
464576,98,1,0,1
7554400,98,1,0,1
3061592,98,1,1,0
2020128,98,1,0,1
8172736,98,1,1,0
1299952,98,1,0,1
4793912,98,1,0,1
2462584,98,1,0,1
1662872,98,1,1,0
1986408,98,1,0,1
1479304,98,1,1,0
4071216,98,1,0,1
887824,98,1,0,1
5718616,98,1,0,1
4134576,98,1,0,1
2476960,98,1,1,0
6515176,98,1,1,0
7199448,98,1,1,0
1756216,98,1,0,1
7406400,98,1,0,1
7834136,98,1,1,0
3323640,98,1,0,1
408648,98,1,1,0
1087200,98,1,1,0
1119008,98,1,1,0
3952888,98,1,1,0
6029480,98,1,0,1
1294496,98,1,1,0
4934952,98,1,0,1
6409992,98,1,0,1
4469224,98,1,0,1
492680,98,1,1,0
2293272,98,1,1,0
7284912,98,1,0,1
3152856,98,1,1,0
1099008,98,1,1,0
6635336,98,1,0,1
7925848,98,1,1,0
862368,98,1,0,1
1059744,98,1,0,1
527208,98,1,1,0
3431200,98,1,1,0
1472048,98,1,1,0
228528,98,1,1,0
6355416,98,1,0,1
478664,98,1,1,0
3982248,98,1,1,0
1607464,98,1,1,0
860976,98,1,1,0
6326448,98,1,0,1
1190584,98,1,0,1
4065208,98,1,0,1
3422224,98,1,0,1
4628664,98,1,0,1
5725760,98,1,0,1
3579288,98,1,1,0
2866104,98,1,1,0
7724800,98,1,0,1
3875912,98,1,1,0
1735344,98,1,0,1
1318552,98,1,1,0
1986072,98,1,0,1
4016000,98,1,1,0
1489504,98,1,0,1
401912,98,1,0,1
261680,98,1,1,0
6048536,98,1,0,1
370152,98,1,0,1
4972136,98,1,1,0
2568208,98,1,0,1
3496792,98,1,1,0
5012064,98,1,1,0
7205944,98,1,0,1
919008,98,1,1,0
716736,98,1,1,0
1518168,98,1,0,1
2027320,98,1,1,0
683784,98,1,0,1
4005960,98,1,1,0
1759520,98,1,1,0
3366744,98,1,1,0
777096,98,1,0,1
3344512,98,1,0,1
6903552,98,1,1,0
3521176,98,1,1,0
1245952,98,1,0,1
4960240,98,1,1,0
6682728,98,1,1,0
6165112,98,1,1,0
2061312,98,1,1,0
1386672,98,1,0,1
1956208,98,1,1,0
4098336,98,1,0,1
1945440,98,1,0,1
5424336,98,1,0,1
4035232,98,1,1,0
840224,98,1,0,1
664744,98,1,1,0
4030128,98,1,0,1
319392,98,1,1,0
864568,98,1,0,1
7237120,98,1,0,1
514080,98,1,1,0
2634624,98,1,1,0
3236792,98,1,1,0
3233272,98,1,0,1
4405072,98,1,0,1
232656,98,1,1,0
7062344,98,1,0,1
6221944,98,1,1,0
4187408,98,1,0,1
276560,98,1,1,0
3343312,98,1,1,0
6635608,98,1,0,1
5975728,98,1,1,0
2193680,98,1,1,0
1711320,98,1,1,0
520648,98,1,1,0
211192,98,1,1,0
5218408,98,1,1,0
6880096,98,1,0,1
7395632,98,1,1,0
8139240,98,1,0,1
480912,98,1,1,0
1003392,98,1,0,1
4318976,98,1,1,0
3041296,98,1,0,1
754368,98,1,0,1
7647336,98,1,0,1
1837528,98,1,0,1
520312,98,1,1,0
1648880,98,1,1,0
1282640,98,1,0,1
194584,98,1,0,1
2246808,98,1,1,0
426296,98,1,1,0
835384,98,1,0,1
1680776,98,1,0,1
6291208,98,1,0,1
1112904,98,1,1,0
2158752,98,1,0,1
6605392,98,1,1,0
1159536,98,1,1,0
705736,98,1,0,1
1457872,98,1,1,0
711960,98,1,0,1
8080240,98,1,0,1
4592768,98,1,1,0
1192952,98,1,0,1
1458392,98,1,0,1
5400984,98,1,0,1
4400936,98,1,1,0
1289632,98,1,1,0
7168528,98,1,1,0
2310784,98,1,0,1
2765568,98,1,1,0
1785264,98,1,1,0
6927872,98,1,1,0
5739480,98,1,0,1
5199728,98,1,0,1
4319424,98,1,0,1
427224,98,1,1,0
1681136,98,1,0,1
1732168,98,1,1,0
1996632,98,1,1,0
6889880,98,1,0,1
758232,98,1,0,1
1126440,98,1,0,1
6219336,98,1,1,0
612504,98,1,0,1
1270760,98,1,1,0
7223832,98,1,1,0
1705096,98,1,1,0
719208,98,1,1,0
4308888,98,1,0,1
242064,98,1,1,0
316368,98,1,0,1
2487048,98,1,1,0
274600,98,1,1,0
4752928,98,1,1,0
1090136,98,1,0,1
1914672,98,1,0,1
7835736,98,1,1,0
2832280,98,1,1,0
4482680,98,1,1,0
1490728,98,1,1,0
2447864,98,1,1,0
5121024,98,1,0,1
2444120,98,1,1,0
1617576,98,1,0,1
5528752,98,1,1,0
2369752,98,1,1,0
1306520,98,1,1,0
605816,98,1,0,1
869408,98,1,1,0
6081336,98,1,0,1
5203352,98,1,0,1
1806944,98,1,1,0
3083008,98,1,0,1
1155560,98,1,0,1
8249072,98,1,1,0
1809744,98,1,1,0
4106144,98,1,0,1
2724672,98,1,1,0
490424,98,1,1,0
946472,98,1,0,1
449752,98,1,0,1
2775032,98,1,0,1
397360,98,1,0,1
3888616,98,1,0,1
658072,98,1,0,1
1163576,98,1,1,0
4044080,98,1,0,1
742240,98,1,1,0
324432,98,1,1,0
5098616,98,1,1,0
7667744,98,1,1,0
884248,98,1,0,1
1718456,98,1,0,1
1311368,98,1,0,1
573400,98,1,1,0
1268728,98,1,0,1
3654920,98,1,1,0
7481496,98,1,1,0
3587592,98,1,1,0
7289832,98,1,1,0
1490632,98,1,1,0
1039128,98,1,1,0
316704,98,1,1,0
3168224,98,1,0,1
668512,98,1,1,0
6298976,98,1,0,1
1477304,98,1,1,0
6565920,98,1,0,1
1053632,98,1,1,0
233072,98,1,0,1
3432440,98,1,0,1
4809808,98,1,1,0
7024712,98,1,1,0
373000,98,1,1,0
420776,98,1,1,0
2687600,98,1,0,1
2231856,98,1,0,1
253120,98,1,1,0
2326632,98,1,1,0
3779072,98,1,1,0
683928,98,1,0,1
4853792,98,1,0,1
275896,98,1,0,1
418784,98,1,0,1
2873032,98,1,0,1
415448,98,1,0,1
2290248,98,1,0,1
6271760,98,1,0,1
2603104,98,1,1,0
579528,98,1,1,0
4186016,98,1,0,1
2631096,98,1,0,1
1063328,98,1,0,1
1240320,98,1,0,1
1023856,98,1,1,0
886984,98,1,1,0
2342432,98,1,1,0
1546776,98,1,1,0
8351360,98,1,0,1
6948968,98,1,0,1
1626720,98,1,0,1
7704328,98,1,0,1
1582200,98,1,1,0
2858360,98,1,0,1
3131192,98,1,0,1
540208,98,1,0,1
1343872,98,1,1,0
1599552,98,1,1,0
4091504,98,1,1,0
716448,98,1,0,1
4924840,98,1,1,0
753976,98,1,0,1
592280,98,1,1,0
939960,98,1,0,1
5698656,98,1,1,0
3026968,98,1,0,1
1492888,98,1,1,0
6861720,98,1,0,1
599856,98,1,0,1
5044376,98,1,0,1
2720824,98,1,1,0
1317064,98,1,1,0
4304840,98,1,0,1
5109528,98,1,1,0
2755160,98,1,1,0
2653248,98,1,1,0
2213792,98,1,0,1
2060480,98,1,1,0
4176856,98,1,1,0
1428280,98,1,0,1
5214032,98,1,0,1
195528,98,1,1,0
3739440,98,1,0,1
2454872,98,1,0,1
7620000,98,1,1,0
1506840,98,1,0,1
8243872,98,1,1,0
6419064,98,1,1,0
6454752,98,1,0,1
1845296,98,1,0,1
748920,98,1,1,0
4874048,98,1,1,0
4890712,98,1,1,0
481304,98,1,0,1
4994304,98,1,1,0
3504432,98,1,1,0
1471232,98,1,1,0
880592,98,1,1,0
616144,98,1,1,0
2360168,98,1,1,0
2212608,98,1,1,0
793560,98,1,0,1
1196496,98,1,0,1
2465464,98,1,0,1
2723864,98,1,0,1
5075064,98,1,0,1
6446808,98,1,1,0
1232240,98,1,1,0
332712,98,1,1,0
885072,98,1,0,1
514728,98,1,0,1
366688,98,1,0,1
398672,98,1,0,1
4545024,98,1,1,0
1841320,98,1,0,1
1894168,98,1,1,0
1155968,98,1,0,1
1812376,98,1,1,0
7474160,98,1,1,0
529760,98,1,0,1
2958600,98,1,0,1
555168,98,1,1,0
3677032,98,1,0,1
1600784,98,1,0,1
237504,98,1,0,1
279088,98,1,0,1
4577312,98,1,1,0
1325976,98,1,1,0
6244512,98,1,0,1
6666832,98,1,1,0
1978064,98,1,1,0
1325616,98,1,1,0
6782576,98,1,0,1
5628504,98,1,1,0
233800,98,1,1,0
936352,98,1,1,0
4573704,98,1,0,1
325488,98,1,0,1
7513816,98,1,1,0
4474000,98,1,0,1
368024,98,1,0,1
740432,98,1,1,0
696768,98,1,1,0
333176,98,1,1,0
4242912,98,1,0,1
2131104,98,1,0,1
334056,98,1,0,1
407184,98,1,1,0
2499056,98,1,1,0
4472440,98,1,1,0
138560,98,1,0,1
2304904,98,1,0,1
4273144,98,1,1,0
670992,98,1,0,1
2890480,98,1,1,0
2343208,98,1,1,0
320024,98,1,1,0
3858984,98,1,1,0
3730288,98,1,1,0
391816,98,1,0,1
651928,98,1,1,0
2354152,98,1,0,1
2810192,98,1,1,0
6745776,98,1,0,1
896584,98,1,1,0
6735104,98,1,1,0
3536608,98,1,0,1
2088336,98,1,0,1
2748040,98,1,0,1
954848,98,1,1,0
1835592,98,1,1,0
4094416,98,1,1,0
4580984,98,1,1,0
5157536,98,1,0,1
4330648,98,1,0,1
252856,98,1,0,1
364984,98,1,1,0
5012384,98,1,0,1
1048896,98,1,0,1
2037792,98,1,0,1
2874376,98,1,1,0
423168,98,1,0,1
1368792,98,1,0,1
6115440,98,1,1,0
3332440,98,1,0,1
1553888,98,1,1,0
4230920,98,1,1,0
470912,98,1,0,1
7662112,98,1,1,0
7390472,98,1,0,1
3262320,98,1,1,0
1491480,98,1,0,1
3137768,98,1,1,0
3581552,98,1,0,1
1491240,98,1,1,0
709408,98,1,0,1
132352,98,1,0,1
1715432,98,1,1,0
3416048,98,1,1,0
868808,98,1,1,0
3158032,98,1,1,0
4936688,98,1,1,0
1880144,98,1,0,1
1658992,98,1,0,1
4262552,98,1,1,0
3235024,98,1,0,1
4358448,98,1,0,1
5289424,98,1,0,1
8087272,98,1,1,0
3138680,98,1,1,0
3392072,98,1,1,0
6232736,98,1,1,0
226440,98,1,1,0
442760,98,1,1,0
777952,98,1,1,0
462216,98,1,0,1
7074288,98,1,0,1
1358760,98,1,0,1
1663208,98,1,0,1
1960200,98,1,1,0
377416,98,1,1,0
3856512,98,1,1,0
1397664,98,1,1,0
2770560,98,1,1,0
591552,98,1,1,0
1278064,98,1,0,1
4907728,98,1,0,1
157952,98,1,1,0
7032496,98,1,1,0
7542448,98,1,1,0
771584,98,1,1,0
570600,98,1,0,1
324136,98,1,0,1
1765408,98,1,1,0
993216,98,1,0,1
433368,98,1,1,0
1542952,98,1,0,1
937048,98,1,1,0
7588168,98,1,0,1
5482104,98,1,1,0
1379520,98,1,0,1
3431008,98,1,1,0
3506584,98,1,1,0
1457296,98,1,0,1
606584,98,1,0,1
7598976,98,1,1,0
490032,98,1,0,1
4474416,98,1,0,1
3484528,98,1,0,1
5376576,98,1,0,1
7540168,98,1,0,1
6553488,98,1,1,0
3019608,98,1,1,0
4201176,98,1,1,0
860984,98,1,1,0
2362232,98,1,0,1
328152,98,1,0,1
5404352,98,1,0,1
4909256,98,1,0,1
183688,98,1,0,1
1111552,98,1,1,0
3461496,98,1,0,1
5222152,98,1,0,1
8014200,98,1,1,0
984040,98,1,1,0
2360408,98,1,0,1
5150456,98,1,1,0
368632,98,1,0,1
7702912,98,1,0,1
4527080,98,1,0,1
547432,98,1,1,0
4392704,98,1,1,0
1127976,98,1,1,0
688272,98,1,0,1
2924480,98,1,1,0
5548672,98,1,0,1
4518496,98,1,1,0
1822048,98,1,1,0
1822064,98,1,1,0
2200208,98,1,1,0
1535688,98,1,1,0
355304,98,1,0,1
2671904,98,1,1,0
2565384,98,1,0,1
7850808,98,1,1,0
261160,98,1,1,0
390896,98,1,1,0
126280,98,1,1,0
2011072,98,1,0,1
925856,98,1,0,1
881208,98,1,0,1
3923752,98,1,0,1
6951472,98,1,1,0
6648952,98,1,1,0
8017584,98,1,1,0
1209024,98,1,0,1
1570840,98,1,1,0
5109912,98,1,0,1
1554192,98,1,1,0
5746592,98,1,0,1
4779752,98,1,0,1
4056808,98,1,0,1
223256,98,1,0,1
1476704,98,1,0,1
7671728,98,1,0,1
4158856,98,1,1,0
780264,98,1,1,0
1619208,98,1,0,1
1048640,98,1,0,1
943808,98,1,1,0
1678176,98,1,0,1
3340976,98,1,0,1
2519176,98,1,0,1
2297576,98,1,1,0
881072,98,1,1,0
2467712,98,1,1,0
7578600,98,1,1,0
2112200,98,1,0,1
5272184,98,1,1,0
1798720,98,1,1,0
2795472,98,1,1,0
1058800,98,1,0,1
2457176,98,1,0,1
3238488,98,1,1,0
1842272,98,1,1,0
5972624,98,1,0,1
1588432,98,1,0,1
857912,98,1,0,1
3667952,98,1,1,0
2665824,98,1,1,0
3916680,98,1,0,1
4799112,98,1,0,1
2201168,98,1,1,0
1592936,98,1,0,1
287776,98,1,1,0
208832,98,1,1,0
1619168,98,1,0,1
2271440,98,1,0,1
5316008,98,1,0,1
1211000,98,1,0,1
4595624,98,1,0,1
6354976,98,1,1,0
863456,98,1,1,0
3554128,98,1,1,0
2281360,98,1,1,0
7063464,98,1,0,1
309400,98,1,0,1
4104104,98,1,1,0
2123664,98,1,1,0
5501456,98,1,0,1
7024680,98,1,1,0
2628224,98,1,0,1
1489104,98,1,1,0
2794800,98,1,0,1
4825152,98,1,1,0
3449408,98,1,0,1
5355640,98,1,1,0
3064240,98,1,0,1
1237328,98,1,0,1
965792,98,1,1,0
5169176,98,1,1,0
389632,98,1,1,0
8169776,98,1,0,1
6243544,98,1,1,0
475968,98,1,0,1
7069720,98,1,0,1
1237288,98,1,0,1
507384,98,1,0,1
1797464,98,1,0,1
689664,98,1,1,0
6784808,98,1,1,0
1907104,98,1,0,1
3715944,98,1,0,1
5656496,98,1,1,0
593048,98,1,0,1
532744,98,1,1,0
384536,98,1,0,1
6574960,98,1,0,1
4145544,98,1,0,1
3594480,98,1,0,1
1146944,98,1,1,0
6811392,98,1,1,0
2283784,98,1,1,0
954720,98,1,0,1
6170888,98,1,1,0
529040,98,1,1,0
3929368,98,1,1,0
6535208,98,1,1,0
1059064,98,1,1,0
6382480,98,1,1,0
1451064,98,1,0,1
5335608,98,1,1,0
4160784,98,1,1,0
5905536,98,1,1,0
3820344,98,1,0,1
6961776,98,1,1,0
1325896,98,1,1,0
6670416,98,1,0,1
4436968,98,1,1,0
2389312,98,1,0,1
6883032,98,1,0,1
4239400,98,1,1,0
4251208,98,1,1,0
4679504,98,1,0,1
600472,98,1,1,0
346760,98,1,1,0
5529376,98,1,1,0
4101024,98,1,0,1
713408,98,1,1,0
6014896,98,1,1,0
3174512,98,1,1,0
456328,98,1,1,0
916312,98,1,0,1
361680,98,1,1,0
2225648,98,1,1,0
3378536,98,1,0,1
8086640,98,1,0,1
4762944,98,1,1,0
3381568,98,1,0,1
655728,98,1,0,1
3650576,98,1,1,0
1972920,98,1,0,1
4354800,98,1,0,1
2005728,98,1,0,1
990976,98,1,1,0
771864,98,1,0,1
2936656,98,1,1,0
3960120,98,1,1,0
8305920,98,1,1,0
698664,98,1,1,0
2452512,98,1,1,0
6815760,98,1,1,0
2245528,98,1,0,1
8167128,98,1,1,0
2553488,98,1,0,1
1435184,98,1,1,0
5909656,98,1,0,1
2251680,98,1,1,0
1061288,98,1,1,0
2385048,98,1,0,1
3156880,98,1,1,0
2612776,98,1,0,1
3148944,98,1,0,1
843416,98,1,1,0
6566568,98,1,0,1
2832784,98,1,0,1
2130024,98,1,1,0
7574472,98,1,1,0
1911048,98,1,0,1
2213856,98,1,0,1
1974304,98,1,1,0
7105224,98,1,1,0
574824,98,1,0,1
4683568,98,1,0,1
2824968,98,1,1,0
5253904,98,1,0,1
6589360,98,1,1,0
1241976,98,1,1,0
890168,98,1,1,0
4438584,98,1,1,0
5695112,98,1,1,0
3079176,98,1,0,1
7696640,98,1,1,0
4634600,98,1,0,1
5503328,98,1,1,0
684560,98,1,0,1
3563768,98,1,0,1
95344,98,1,0,1
7715904,98,1,1,0
1825360,98,1,1,0
2248456,98,1,1,0
2626264,98,1,1,0
6065304,98,1,0,1
3555552,98,1,0,1
2141168,98,1,1,0
1556712,98,1,0,1
540128,98,1,0,1
354400,98,1,0,1
5205664,98,1,1,0
241808,98,1,0,1
3551520,98,1,1,0
5581944,98,1,0,1
242480,98,1,0,1
365160,98,1,0,1
2341488,98,1,1,0
3693368,98,1,0,1
622184,98,1,1,0
7807736,98,1,1,0
663328,98,1,0,1
3353904,98,1,1,0
2177000,98,1,0,1
1688584,98,1,1,0
1267816,98,1,1,0
2786488,98,1,1,0
2764088,98,1,0,1
471112,98,1,1,0
495488,98,1,1,0
2679816,98,1,0,1
1155080,98,1,1,0
3294672,98,1,1,0
4210640,98,1,1,0
4430632,98,1,0,1
5912288,98,1,0,1
2084688,98,1,1,0
267632,98,1,0,1
903616,98,1,0,1
8093848,98,1,0,1
113600,98,1,0,1
6411760,98,1,1,0
1881136,98,1,1,0
366816,98,1,1,0
1590480,98,1,1,0
6295184,98,1,1,0
199288,98,1,0,1
5298224,98,1,1,0
256616,98,1,0,1
340608,98,1,0,1
1994280,98,1,1,0
1560704,98,1,0,1
5699456,98,1,1,0
5718152,98,1,0,1
344096,98,1,1,0
7035600,98,1,0,1
1828384,98,1,1,0
5873976,98,1,0,1
6448704,98,1,1,0
1656928,98,1,0,1
4990056,98,1,1,0
3451888,98,1,1,0
724016,98,1,0,1
1443552,98,1,1,0
386432,98,1,0,1
385328,98,1,1,0
2356656,98,1,1,0
3907864,98,1,1,0
3331816,98,1,1,0
2600712,98,1,0,1
619208,98,1,1,0
3770032,98,1,1,0
3583096,98,1,0,1
7251784,98,1,1,0
7576912,98,1,1,0
183472,98,1,0,1
8283472,98,1,0,1
4674200,98,1,0,1
4770800,98,1,0,1
550488,98,1,0,1
4541496,98,1,0,1
5249832,98,1,1,0
1292368,98,1,0,1
2188200,98,1,0,1
1590208,98,1,1,0
670120,98,1,1,0
1616288,98,1,0,1
7542928,98,1,1,0
8271952,98,1,0,1
3558496,98,1,1,0
973304,98,1,1,0
5188112,98,1,0,1
974760,98,1,1,0
1662280,98,1,1,0
332904,98,1,1,0
3908312,98,1,1,0
2471744,98,1,1,0
616064,98,1,0,1
1769696,98,1,1,0
3381016,98,1,1,0
4755176,98,1,1,0
2278136,98,1,0,1
1622184,98,1,0,1
1672720,98,1,1,0
5043712,98,1,0,1
885616,98,1,0,1
163232,98,1,0,1
706152,98,1,1,0
4206912,98,1,0,1
300112,98,1,1,0
3210872,98,1,1,0
6688168,98,1,0,1
5892600,98,1,0,1
3159544,98,1,1,0
554280,98,1,0,1
5343096,98,1,1,0
7693024,98,1,0,1
1007112,98,1,0,1
1776600,98,1,0,1
4745192,98,1,0,1
1917240,98,1,0,1
1376728,98,1,0,1
4458760,98,1,0,1
5190664,98,1,0,1
4930216,98,1,0,1
4288960,98,1,0,1
2874416,98,1,1,0
382032,98,1,0,1
6721464,98,1,1,0
3672360,98,1,1,0
7005528,98,1,0,1
1926200,98,1,1,0
806144,98,1,0,1
592904,98,1,1,0
424272,98,1,0,1
6463888,98,1,0,1
2549672,98,1,0,1
750512,98,1,1,0
707024,98,1,1,0
2057968,98,1,1,0
534096,98,1,0,1
2043896,98,1,1,0
2053696,98,1,0,1
601976,98,1,0,1
2440800,98,1,1,0
2272192,98,1,0,1
4823584,98,1,1,0
1277240,98,1,1,0
944040,98,1,1,0
3740720,98,1,1,0
2876504,98,1,1,0
871976,98,1,1,0
1310280,98,1,1,0
226528,98,1,1,0
2502472,98,1,1,0
1343264,98,1,0,1
7147808,98,1,0,1
1458752,98,1,1,0
1030016,98,1,1,0
1772008,98,1,0,1
2184576,98,1,0,1
6237648,98,1,1,0
7068880,98,1,0,1
2439536,98,1,1,0
5275248,98,1,1,0
800824,98,1,0,1
5144712,98,1,1,0
5339104,98,1,1,0
2354304,98,1,0,1
2014904,98,1,1,0
1938904,98,1,1,0
588712,98,1,0,1
4431856,98,1,1,0
5064456,98,1,1,0
159192,98,1,1,0
4464144,98,1,1,0
7057584,98,1,1,0
3339920,98,1,1,0
1393480,98,1,1,0
3147768,98,1,0,1
2592712,98,1,1,0
2499120,98,1,1,0
1682240,98,1,1,0
562400,98,1,1,0
5575680,98,1,1,0
7508488,98,1,1,0
4122120,98,1,1,0
2931848,98,1,1,0
2035376,98,1,1,0
2258128,98,1,0,1
618968,98,1,1,0
2024000,98,1,1,0
6924744,98,1,0,1
453040,98,1,0,1
550480,98,1,1,0
237360,98,1,0,1
7382568,98,1,0,1
5067280,98,1,1,0
950728,98,1,0,1
1759840,98,1,1,0
6234736,98,1,0,1
1653312,98,1,0,1
415016,98,1,1,0
1590304,98,1,0,1
642784,98,1,1,0
2161088,98,1,1,0
2691288,98,1,1,0
3863768,98,1,0,1
154736,98,1,1,0
1681264,98,1,1,0
1268616,98,1,1,0
3398920,98,1,1,0
207304,98,1,0,1
1097016,98,1,0,1
3577776,98,1,0,1
2648960,98,1,1,0
811080,98,1,1,0
1721736,98,1,0,1
3701192,98,1,0,1
763312,98,1,1,0
1157864,98,1,1,0
135072,98,1,0,1
2245488,98,1,0,1
977192,98,1,0,1
6501352,98,1,1,0
5808808,98,1,1,0
6261024,98,1,0,1
2414960,98,1,1,0
775240,98,1,1,0
5440136,98,1,1,0
88512,98,1,1,0
288544,98,1,0,1
2009536,98,1,0,1
8316768,98,1,1,0
1722288,98,1,0,1
4983840,98,1,0,1
3614416,98,1,0,1
2441000,98,1,0,1
8184536,98,1,1,0
5766488,98,1,1,0
482016,98,1,0,1
1425480,98,1,0,1
182544,98,1,1,0
8094040,98,1,0,1
6542448,98,1,1,0
1719824,98,1,1,0
7796232,98,1,0,1
306344,98,1,0,1
1148576,98,1,0,1
6105064,98,1,0,1
6432016,98,1,1,0
3279952,98,1,0,1
625576,98,1,1,0
2519296,98,1,0,1
7031320,98,1,1,0
1594416,98,1,1,0
1478768,98,1,0,1
7259144,98,1,1,0
8119192,98,1,0,1
5503264,98,1,1,0
6329408,98,1,1,0
1861832,98,1,0,1
5453248,98,1,1,0
743960,98,1,0,1
76248,98,1,1,0
1699216,98,1,0,1
380600,98,1,1,0
371696,98,1,1,0
3366280,98,1,0,1
3597488,98,1,1,0
4243696,98,1,1,0
1333288,98,1,0,1
136536,98,1,1,0
6595872,98,1,0,1
7262344,98,1,0,1
4396576,98,1,0,1
4541656,98,1,0,1
3340624,98,1,0,1
2935944,98,1,0,1
7922112,98,1,0,1
1507424,98,1,1,0
728168,98,1,0,1
877768,98,1,1,0
1665320,98,1,1,0
1774040,98,1,0,1
4366856,98,1,1,0
659176,98,1,0,1
4842168,98,1,1,0
2850472,98,1,0,1
737264,98,1,1,0
6366696,98,1,1,0
266136,98,1,1,0
2179768,98,1,0,1
572680,98,1,0,1
6516744,98,1,0,1
582928,98,1,1,0
2187952,98,1,1,0
3928552,98,1,0,1
299384,98,1,0,1
545208,98,1,0,1
3016376,98,1,0,1
875328,98,1,1,0
1349496,98,1,0,1
804072,98,1,1,0
2523056,98,1,1,0
5660000,98,1,1,0
1376368,98,1,0,1
5350784,98,1,0,1
5814224,98,1,0,1
4957808,98,1,0,1
962128,98,1,0,1
4909032,98,1,0,1
2337920,98,1,0,1
742808,98,1,0,1
1101296,98,1,0,1
4669656,98,1,1,0
6877624,98,1,1,0
110168,98,1,1,0
2577216,98,1,0,1
5389000,98,1,0,1
3635888,98,1,0,1
2675960,98,1,1,0
7609528,98,1,1,0
3506824,98,1,1,0
668752,98,1,1,0
1611512,98,1,1,0
7623928,98,1,0,1
1073504,98,1,0,1
5607288,98,1,0,1
5257024,98,1,1,0
273768,98,1,1,0
2816656,98,1,1,0
3845992,98,1,1,0
323984,98,1,0,1
7660728,98,1,1,0
757760,98,1,1,0
5388152,98,1,1,0
1224072,98,1,0,1
354880,98,1,0,1
6746544,98,1,1,0
3205168,98,1,0,1
288144,98,1,1,0
913560,98,1,1,0
1125848,98,1,0,1
5875288,98,1,1,0
4277648,98,1,1,0
1214192,98,1,0,1
3693416,98,1,0,1
1823104,98,1,1,0
4250896,98,1,0,1
1867880,98,1,0,1
3578392,98,1,1,0
6288576,98,1,1,0
498880,98,1,0,1
1373904,98,1,0,1
831760,98,1,0,1
2162976,98,1,0,1
8109216,98,1,1,0
1307624,98,1,0,1
3415120,98,1,1,0
5430880,98,1,1,0
5916624,98,1,1,0
639064,98,1,1,0
3205824,98,1,0,1
3776376,98,1,1,0
901064,98,1,1,0
844480,98,1,0,1
668208,98,1,1,0
400152,98,1,1,0
6504320,98,1,1,0
425296,98,1,0,1
1021376,98,1,0,1
3887992,98,1,1,0
1160624,98,1,0,1
8352888,98,1,0,1
2636272,98,1,0,1
458144,98,1,0,1
458912,98,1,1,0
5508352,98,1,0,1
1324800,98,1,1,0
1109792,98,1,1,0
1071080,98,1,1,0
557728,98,1,0,1
1668144,98,1,1,0
394536,98,1,0,1
5206632,98,1,1,0
3341968,98,1,0,1
4542024,98,1,0,1
1621648,98,1,1,0
3942088,98,1,0,1
2108176,98,1,1,0
857344,98,1,1,0
3289424,98,1,1,0
7889784,98,1,0,1
2633400,98,1,1,0
1555744,98,1,1,0
223224,98,1,1,0
7364896,98,1,0,1
3911192,98,1,0,1
474464,98,1,1,0
263320,98,1,0,1
793680,98,1,1,0
1631184,98,1,1,0
1432712,98,1,1,0
1208536,98,1,1,0
4070080,98,1,1,0
1738072,98,1,0,1
813624,98,1,0,1
8060248,98,1,0,1
1730184,98,1,1,0
3376240,98,1,0,1
1340080,98,1,0,1
720864,98,1,0,1
7517560,98,1,0,1
2302472,98,1,0,1
3162808,98,1,0,1
1583864,98,1,0,1
1215168,98,1,0,1
1428976,98,1,0,1
8103656,98,1,1,0
7220880,98,1,0,1
4398800,98,1,1,0
699640,98,1,0,1
3497016,98,1,0,1
930336,98,1,1,0
2035784,98,1,1,0
3734968,98,1,1,0
6366336,98,1,1,0
6915384,98,1,1,0
665720,98,1,1,0
1174792,98,1,0,1
2548432,98,1,1,0
8155856,98,1,0,1
2699472,98,1,0,1
3689008,98,1,1,0
1449096,98,1,0,1
2384104,98,1,1,0
748872,98,1,0,1
6628688,98,1,0,1
4434872,98,1,0,1
668224,98,1,0,1
1041200,98,1,0,1
1037224,98,1,1,0
6315608,98,1,1,0
3603752,98,1,1,0
8068176,98,1,0,1
6074200,98,1,0,1
5812024,98,1,0,1
5447848,98,1,1,0
1362784,98,1,0,1
1200736,98,1,1,0
5137680,98,1,1,0
3575984,98,1,0,1
2676904,98,1,1,0
7552776,98,1,0,1
1799816,98,1,0,1
2806200,98,1,0,1
4757600,98,1,0,1
618176,98,1,0,1
738000,98,1,1,0
253080,98,1,1,0
404504,98,1,0,1
3701640,98,1,1,0
218464,98,1,0,1
969344,98,1,0,1
4567280,98,1,1,0
3862264,98,1,1,0
1283256,98,1,0,1
8067976,98,1,0,1
7139232,98,1,0,1
2957416,98,1,0,1
3995280,98,1,1,0
2200552,98,1,1,0
336088,98,1,1,0
5664984,98,1,0,1
1728056,98,1,0,1
691208,98,1,0,1
7603856,98,1,0,1
7780928,98,1,0,1
1838400,98,1,0,1
3810552,98,1,1,0
2583584,98,1,0,1
1185904,98,1,1,0
375704,98,1,1,0
2257360,98,1,1,0
2760136,98,1,0,1
2624080,98,1,1,0
1738848,98,1,1,0
5926704,98,1,1,0
295704,98,1,0,1
550360,98,1,0,1
5299936,98,1,0,1
1594776,98,1,0,1
3921208,98,1,0,1
5195600,98,1,1,0
2717968,98,1,0,1
1780320,98,1,0,1
5273056,98,1,1,0
2244184,98,1,0,1
2414232,98,1,0,1
3311856,98,1,1,0
283768,98,1,0,1
1220416,98,1,0,1
900200,98,1,1,0
4536336,98,1,1,0
1487592,98,1,1,0
4272984,98,1,1,0
6904792,98,1,0,1
274880,98,1,0,1
4697664,98,1,1,0
8318200,98,1,0,1
1692600,98,1,0,1
4521312,98,1,0,1
960576,98,1,1,0
976776,98,1,1,0
2899272,98,1,0,1
3411368,98,1,0,1
5290304,98,1,0,1
1282608,98,1,1,0
1122768,98,1,0,1
6295568,98,1,1,0
3413040,98,1,1,0
3833400,98,1,0,1
2212936,98,1,0,1
287024,98,1,1,0
7194672,98,1,1,0
6544488,98,1,0,1
7071744,98,1,0,1
1657960,98,1,1,0
1357360,98,1,1,0
1001936,98,1,1,0
7928160,98,1,1,0
6229736,98,1,0,1
3700024,98,1,1,0
2319576,98,1,0,1
363832,98,1,0,1
4050600,98,1,0,1
2180536,98,1,1,0
234704,98,1,0,1
700760,98,1,0,1
488032,98,1,1,0
3082312,98,1,1,0
6164072,98,1,0,1
3510464,98,1,1,0
3294008,98,1,1,0
6025512,98,1,0,1
6860736,98,1,0,1
2726504,98,1,0,1
4614400,98,1,1,0
4581192,98,1,1,0
4778416,98,1,1,0
2720880,98,1,1,0
681400,98,1,1,0
4361024,98,1,0,1
616760,98,1,0,1
3580176,98,1,1,0
5977520,98,1,0,1
7120144,98,1,0,1
633456,98,1,1,0
4937080,98,1,0,1
254672,98,1,0,1
230432,98,1,0,1
2154480,98,1,0,1
3954224,98,1,1,0
2826888,98,1,1,0
652736,98,1,1,0
5410312,98,1,0,1
298176,98,1,0,1
512944,98,1,0,1
1765136,98,1,0,1
1181032,98,1,1,0
3284064,98,1,0,1
529560,98,1,1,0
381376,98,1,1,0
2713984,98,1,1,0
3101496,98,1,1,0
1032016,98,1,0,1
1223032,98,1,0,1
1656672,98,1,0,1
2622440,98,1,0,1
519984,98,1,1,0
4350984,98,1,0,1
3331104,98,1,1,0
5029168,98,1,1,0
596080,98,1,0,1
4546568,98,1,1,0
3156192,98,1,0,1
4132776,98,1,0,1
3757600,98,1,0,1
917088,98,1,1,0
4340168,98,1,0,1
2785848,98,1,1,0
5034208,98,1,1,0
2345632,98,1,1,0
4410576,98,1,1,0
726688,98,1,1,0
784776,98,1,1,0
574120,98,1,1,0
1408352,98,1,1,0
6704928,98,1,0,1
322848,98,1,1,0
200584,98,1,0,1
1038216,98,1,1,0
4261440,98,1,0,1
2717792,98,1,0,1
715776,98,1,1,0
330784,98,1,0,1
2096120,98,1,0,1
6898120,98,1,0,1
3576376,98,1,1,0
2965744,98,1,1,0
1685704,98,1,0,1
5520440,98,1,0,1
7347136,98,1,1,0
6422704,98,1,1,0
5672944,98,1,0,1
1184104,98,1,1,0
153264,98,1,0,1
7765584,98,1,0,1
5103448,98,1,0,1
7887872,98,1,1,0
4299128,98,1,0,1
3189800,98,1,0,1
3071072,98,1,0,1
1666888,98,1,0,1
193008,98,1,1,0
597680,98,1,0,1
5880128,98,1,0,1
2970920,98,1,1,0
5216776,98,1,1,0
4337464,98,1,1,0
601088,98,1,0,1
7238920,98,1,1,0
304104,98,1,1,0
1054600,98,1,1,0
120792,98,1,0,1
7661536,98,1,1,0
6821680,98,1,1,0
3134376,98,1,1,0
219032,98,1,1,0
4821816,98,1,1,0
7164384,98,1,1,0
299128,98,1,0,1
4236520,98,1,0,1
8013464,98,1,1,0
3293056,98,1,0,1
3108832,98,1,1,0
4167816,98,1,0,1
1494728,98,1,0,1
7565672,98,1,1,0
6451608,98,1,0,1
1918552,98,1,1,0
1199776,98,1,1,0
4215528,98,1,0,1
2230416,98,1,1,0
694192,98,1,0,1
2074992,98,1,1,0
5480392,98,1,1,0
1540280,98,1,1,0
1085720,98,1,0,1
1533056,98,1,0,1
5310128,98,1,1,0
3107936,98,1,1,0
6329360,98,1,0,1
797024,98,1,0,1
2303352,98,1,1,0
1469560,98,1,0,1
551928,98,1,0,1
1286872,98,1,0,1
3966656,98,1,1,0
6981400,98,1,0,1
173144,98,1,1,0
1409904,98,1,0,1
2699240,98,1,0,1
735264,98,1,1,0
5788152,98,1,0,1
6762296,98,1,1,0
307392,98,1,0,1
2568216,98,1,1,0
3925592,98,1,0,1
1026568,98,1,1,0
465456,98,1,1,0
887584,98,1,1,0
5914768,98,1,1,0
3154536,98,1,0,1
4634960,98,1,1,0
5584040,98,1,0,1
2886984,98,1,1,0
360816,98,1,1,0
922952,98,1,1,0
973608,98,1,0,1
7591400,98,1,0,1
408720,98,1,0,1
8009880,98,1,0,1
207920,98,1,0,1
4153600,98,1,1,0
1079704,98,1,0,1
147568,98,1,0,1
5541160,98,1,1,0
5539376,98,1,0,1
4580952,98,1,1,0
7689736,98,1,1,0
1593168,98,1,1,0
186624,98,1,0,1
598456,98,1,0,1
4594872,98,1,0,1
1536800,98,1,1,0
3028224,98,1,0,1
4852560,98,1,1,0
1740488,98,1,0,1
4316016,98,1,0,1
3501832,98,1,1,0
2080480,98,1,1,0
5853624,98,1,1,0
7293272,98,1,1,0
7958544,98,1,0,1
456728,98,1,0,1
531456,98,1,1,0
997320,98,1,0,1
1037128,98,1,1,0
3917360,98,1,1,0
5064216,98,1,0,1
3752064,98,1,1,0
443848,98,1,1,0
3221224,98,1,0,1
209736,98,1,0,1
2377352,98,1,0,1
1267200,98,1,0,1
650432,98,1,1,0
6342160,98,1,0,1
196608,98,1,0,1
1969448,98,1,0,1
1825168,98,1,0,1
1088304,98,1,0,1
2450896,98,1,1,0
6404880,98,1,1,0
3957024,98,1,1,0
4653592,98,1,0,1
2340056,98,1,1,0
2091032,98,1,0,1
855304,98,1,1,0
1588176,98,1,0,1
1790880,98,1,0,1
2751248,98,1,0,1
3974464,98,1,0,1
6083808,98,1,0,1
2624176,98,1,0,1
8378424,98,1,1,0
7654624,98,1,1,0
6593424,98,1,0,1
4354984,98,1,1,0
5424376,98,1,1,0
1432144,98,1,1,0
3466448,98,1,1,0
1429040,98,1,1,0
2383720,98,1,0,1
1837320,98,1,0,1
1884408,98,1,0,1
8159056,98,1,1,0
950168,98,1,1,0
3832464,98,1,0,1
2405840,98,1,0,1
248752,98,1,1,0
3421272,98,1,1,0
480608,98,1,1,0
4728904,98,1,1,0
6433656,98,1,0,1
1473160,98,1,1,0
2513896,98,1,1,0
3407968,98,1,0,1
2492264,98,1,1,0
1566960,98,1,1,0
488744,98,1,1,0
469424,98,1,1,0
2662760,98,1,1,0
3284472,98,1,1,0
1469032,98,1,1,0
3869672,98,1,0,1
325024,98,1,1,0
2202632,98,1,0,1
1514640,98,1,1,0
6777680,98,1,0,1
6566048,98,1,1,0
1211080,98,1,0,1
6103728,98,1,0,1
5796784,98,1,1,0
3690112,98,1,0,1
645816,98,1,0,1
5201040,98,1,0,1
4370592,98,1,1,0
370248,98,1,0,1
5051856,98,1,0,1
1296576,98,1,1,0
5755768,98,1,0,1
1676760,98,1,0,1
403856,98,1,1,0
2563064,98,1,1,0
685192,98,1,0,1
2718472,98,1,0,1
3897112,98,1,0,1
2147152,98,1,0,1
3272472,98,1,1,0
3711408,98,1,0,1
379384,98,1,1,0
4984192,98,1,0,1
1964480,98,1,1,0
1907888,98,1,0,1
6428600,98,1,1,0
1134240,98,1,0,1
1584896,98,1,1,0
2175456,98,1,0,1
988496,98,1,1,0
4546464,98,1,0,1
825040,98,1,1,0
5445704,98,1,0,1
1855928,98,1,1,0
1424192,98,1,0,1
1185704,98,1,1,0
7161136,98,1,1,0
4904272,98,1,1,0
3066560,98,1,1,0
1597096,98,1,0,1
879400,98,1,0,1
1767344,98,1,0,1
216800,98,1,1,0
308000,98,1,0,1
6438656,98,1,1,0
8105120,98,1,1,0
6536808,98,1,1,0
2061664,98,1,0,1
8216184,98,1,1,0
7968752,98,1,0,1
2729824,98,1,0,1
2926424,98,1,0,1
1027576,98,1,0,1
5414968,98,1,1,0
370760,98,1,0,1
5499784,98,1,1,0
4272088,98,1,0,1
4403824,98,1,0,1
3542520,98,1,1,0
560856,98,1,1,0
1761112,98,1,1,0
2094008,98,1,1,0
8202848,98,1,0,1
1752280,98,1,1,0
1095288,98,1,0,1
749824,98,1,1,0
3375200,98,1,1,0
200920,98,1,1,0
5327552,98,1,0,1
871264,98,1,1,0
1773880,98,1,0,1
1618984,98,1,0,1
2770568,98,1,0,1
1553672,98,1,0,1
1358872,98,1,0,1
672720,98,1,0,1
1693920,98,1,0,1
4282616,98,1,1,0
752272,99,1,1,0
378184,99,1,1,0
5216336,99,1,0,1
2257112,99,1,1,0
5695192,99,1,0,1
734368,99,1,0,1
553416,99,1,0,1
842784,99,1,1,0
1662504,99,1,0,1
7545552,99,1,1,0
1029336,99,1,0,1
4860648,99,1,1,0
2679224,99,1,0,1
1854664,99,1,0,1
1266408,99,1,0,1
1804576,99,1,1,0
7569032,99,1,1,0
7903344,99,1,0,1
1306208,99,1,0,1
918256,99,1,0,1
7989744,99,1,1,0
1410384,99,1,0,1
1495128,99,1,1,0
325560,99,1,0,1
3387120,99,1,0,1
1931240,99,1,0,1
759040,99,1,1,0
3478320,99,1,0,1
2309928,99,1,0,1
3298576,99,1,0,1
361616,99,1,1,0
506912,99,1,1,0
6695256,99,1,0,1
1034936,99,1,1,0
3583776,99,1,0,1
766224,99,1,0,1
771688,99,1,0,1
571984,99,1,1,0
154088,99,1,1,0
958256,99,1,0,1
4635096,99,1,1,0
2090136,99,1,0,1
1113224,99,1,0,1
8016104,99,1,1,0
510912,99,1,0,1
987896,99,1,1,0
6687040,99,1,1,0
1821384,99,1,0,1
507416,99,1,1,0
687448,99,1,0,1
955744,99,1,0,1
797800,99,1,1,0
4899960,99,1,1,0
3880000,99,1,1,0
2221272,99,1,1,0
1957752,99,1,1,0
2127976,99,1,0,1
1675432,99,1,0,1
3598920,99,1,1,0
1966784,99,1,0,1
2756768,99,1,1,0
7710744,99,1,0,1
8201088,99,1,1,0
3394416,99,1,0,1
7053248,99,1,0,1
2951280,99,1,0,1
1657496,99,1,1,0
1371312,99,1,1,0
3656336,99,1,1,0
599872,99,1,0,1
3646320,99,1,1,0
2166112,99,1,1,0
2924656,99,1,1,0
6466328,99,1,0,1
1841488,99,1,0,1
649336,99,1,0,1
3850640,99,1,1,0
180040,99,1,1,0
272624,99,1,0,1
4263504,99,1,1,0
3203400,99,1,1,0
4326544,99,1,1,0
1277344,99,1,0,1
5828552,99,1,0,1
6482536,99,1,1,0
3131640,99,1,1,0
1200856,99,1,1,0
1226216,99,1,0,1
3543152,99,1,1,0
4593632,99,1,0,1
3835480,99,1,1,0
5686592,99,1,1,0
688176,99,1,1,0
525376,99,1,0,1
2572912,99,1,0,1
3850840,99,1,0,1
1028712,99,1,0,1
2129240,99,1,0,1
346328,99,1,0,1
2563984,99,1,1,0
1427824,99,1,0,1
5237688,99,1,0,1
199328,99,1,0,1
428416,99,1,1,0
1273328,99,1,1,0
7129808,99,1,1,0
159528,99,1,1,0
3430752,99,1,0,1
690592,99,1,1,0
460520,99,1,0,1
3158640,99,1,1,0
845416,99,1,0,1
6902768,99,1,1,0
6221328,99,1,1,0
5103944,99,1,0,1
4284752,99,1,1,0
7812816,99,1,0,1
1224016,99,1,1,0
1835320,99,1,1,0
4216168,99,1,0,1
524688,99,1,1,0
2627400,99,1,0,1
1243280,99,1,0,1
1098352,99,1,1,0
4081016,99,1,0,1
528976,99,1,0,1
8119080,99,1,0,1
7373464,99,1,1,0
2403184,99,1,0,1
6479616,99,1,0,1
1778632,99,1,0,1
7436808,99,1,1,0
818296,99,1,1,0
8354672,99,1,1,0
1178912,99,1,0,1
2715368,99,1,1,0
832576,99,1,0,1
4456624,99,1,0,1
3006752,99,1,1,0
864840,99,1,0,1
568608,99,1,1,0
4530784,99,1,1,0
602632,99,1,0,1
4122440,99,1,1,0
5944600,99,1,0,1
1845816,99,1,1,0
6301224,99,1,0,1
612752,99,1,1,0
4042624,99,1,1,0
2285016,99,1,1,0
164992,99,1,1,0
2118136,99,1,0,1
166152,99,1,1,0
6959344,99,1,1,0
4910224,99,1,0,1
2562992,99,1,0,1
4249784,99,1,1,0
1075792,99,1,0,1
1890328,99,1,1,0
7374232,99,1,1,0
259568,99,1,1,0
1628824,99,1,1,0
6113040,99,1,0,1
157000,99,1,1,0
813144,99,1,1,0
874272,99,1,1,0
7496712,99,1,0,1
8065256,99,1,0,1
4227680,99,1,1,0
3935384,99,1,0,1
4634544,99,1,0,1
6396264,99,1,0,1
852584,99,1,1,0
1328528,99,1,0,1
3618648,99,1,0,1
1005592,99,1,1,0
1786536,99,1,0,1
404464,99,1,1,0
7072928,99,1,1,0
2343072,99,1,1,0
5410424,99,1,1,0
1717880,99,1,0,1
2668128,99,1,0,1
1533000,99,1,0,1
1239520,99,1,0,1
5033264,99,1,0,1
6877288,99,1,1,0
382744,99,1,0,1
1394032,99,1,1,0
594912,99,1,0,1
6188592,99,1,1,0
382272,99,1,0,1
7163720,99,1,1,0
338024,99,1,1,0
1614096,99,1,0,1
2660328,99,1,0,1
328840,99,1,0,1
436920,99,1,0,1
2434048,99,1,1,0
6683008,99,1,1,0
4131216,99,1,0,1
703024,99,1,0,1
4179152,99,1,1,0
4957408,99,1,0,1
2281616,99,1,1,0
1340432,99,1,0,1
4094760,99,1,0,1
690552,99,1,0,1
374200,99,1,0,1
3557560,99,1,0,1
2794568,99,1,0,1
5691120,99,1,1,0
311440,99,1,0,1
2998256,99,1,1,0
7265000,99,1,0,1
774656,99,1,0,1
7413752,99,1,0,1
4148448,99,1,0,1
3827392,99,1,1,0
278568,99,1,0,1
8142200,99,1,1,0
6072328,99,1,1,0
236216,99,1,0,1
2669192,99,1,1,0
1580248,99,1,1,0
2893536,99,1,1,0
4946792,99,1,0,1
7734496,99,1,1,0
3738224,99,1,1,0
3786344,99,1,1,0
6082384,99,1,1,0
2012464,99,1,1,0
3831512,99,1,1,0
1252408,99,1,0,1
3039224,99,1,0,1
1958584,99,1,0,1
199744,99,1,1,0
367168,99,1,0,1
1106080,99,1,1,0
1498392,99,1,1,0
876112,99,1,0,1
688240,99,1,0,1
1109624,99,1,1,0
5988384,99,1,1,0
1464448,99,1,0,1
739072,99,1,0,1
240560,99,1,0,1
5001232,99,1,0,1
1276656,99,1,1,0
729704,99,1,0,1
783232,99,1,0,1
2744680,99,1,1,0
1259376,99,1,1,0
1547864,99,1,0,1
5102448,99,1,1,0
3319720,99,1,0,1
1385560,99,1,0,1
1857144,99,1,1,0
1421896,99,1,0,1
4146064,99,1,1,0
6116096,99,1,1,0
1909336,99,1,0,1
5236080,99,1,0,1
1903448,99,1,0,1
184720,99,1,0,1
871520,99,1,1,0
7958488,99,1,1,0
849880,99,1,0,1
7971304,99,1,0,1
505984,99,1,1,0
7067584,99,1,1,0
3393072,99,1,0,1
501440,99,1,1,0
2391320,99,1,0,1
756520,99,1,0,1
5492344,99,1,1,0
539072,99,1,1,0
2633256,99,1,0,1
3927840,99,1,0,1
5934896,99,1,0,1
1936032,99,1,0,1
172456,99,1,0,1
2999056,99,1,1,0
991112,99,1,0,1
334512,99,1,0,1
8243584,99,1,1,0
232280,99,1,0,1
2719336,99,1,1,0
5826536,99,1,0,1
530288,99,1,1,0
3295400,99,1,1,0
6353560,99,1,1,0
696496,99,1,1,0
5023328,99,1,0,1
309512,99,1,0,1
316568,99,1,0,1
6446552,99,1,1,0
4138136,99,1,1,0
1903664,99,1,1,0
6527160,99,1,0,1
1117344,99,1,0,1
4381712,99,1,1,0
2134000,99,1,0,1
6319152,99,1,0,1
7272904,99,1,1,0
4202712,99,1,0,1
2668472,99,1,0,1
1045480,99,1,1,0
319312,99,1,1,0
6709288,99,1,1,0
5166256,99,1,1,0
3879520,99,1,0,1
817856,99,1,1,0
4883560,99,1,1,0
6547656,99,1,0,1
1438608,99,1,1,0
2937064,99,1,0,1
7994600,99,1,0,1
2266520,99,1,0,1
6363800,99,1,0,1
1896720,99,1,0,1
4793952,99,1,1,0
5237840,99,1,0,1
154224,99,1,0,1
4063784,99,1,0,1
1426176,99,1,1,0
532008,99,1,0,1
8195880,99,1,0,1
5612776,99,1,0,1
504464,99,1,1,0
2028808,99,1,0,1
6594888,99,1,1,0
6037072,99,1,0,1
1695120,99,1,1,0
337936,99,1,1,0
4877712,99,1,1,0
1210416,99,1,1,0
407784,99,1,1,0
838832,99,1,0,1
265504,99,1,1,0
2084232,99,1,1,0
865696,99,1,0,1
2291248,99,1,0,1
4104032,99,1,1,0
1902896,99,1,0,1
1424992,99,1,1,0
1050296,99,1,1,0
4102320,99,1,1,0
5766600,99,1,0,1
1283208,99,1,0,1
2877480,99,1,0,1
2737624,99,1,1,0
4573648,99,1,0,1
5000680,99,1,1,0
1426560,99,1,0,1
468408,99,1,1,0
2701176,99,1,0,1
8368520,99,1,1,0
3751072,99,1,1,0
1148248,99,1,0,1
2175496,99,1,1,0
2379904,99,1,1,0
4025128,99,1,0,1
7229344,99,1,1,0
771576,99,1,0,1
2290888,99,1,1,0
1358616,99,1,0,1
3429120,99,1,0,1
5399032,99,1,0,1
2242984,99,1,1,0
4267856,99,1,0,1
7559688,99,1,1,0
5217704,99,1,0,1
3771840,99,1,0,1
8276352,99,1,1,0
3448616,99,1,1,0
333568,99,1,1,0
6621672,99,1,0,1
2757464,99,1,0,1
420240,99,1,0,1
4228328,99,1,1,0
1391952,99,1,0,1
2390224,99,1,1,0
1070336,99,1,0,1
1382432,99,1,0,1
8228000,99,1,0,1
4061608,99,1,1,0
7431680,99,1,1,0
342688,99,1,0,1
8082872,99,1,0,1
8135880,99,1,1,0
1376432,99,1,0,1
6743168,99,1,1,0
3230944,99,1,0,1
1144056,99,1,1,0
1223392,99,1,1,0
3886816,99,1,1,0
317696,99,1,0,1
1230568,99,1,0,1
505816,99,1,0,1
2822368,99,1,0,1
4034432,99,1,1,0
2227032,99,1,1,0
467360,99,1,1,0
3751376,99,1,0,1
7431976,99,1,1,0
257640,99,1,1,0
1909520,99,1,0,1
771448,99,1,1,0
1179920,99,1,1,0
2080840,99,1,0,1
931536,99,1,0,1
3780824,99,1,0,1
3895656,99,1,1,0
979864,99,1,0,1
1167768,99,1,0,1
3365000,99,1,1,0
2474152,99,1,1,0
1852264,99,1,0,1
1131088,99,1,1,0
1236384,99,1,1,0
8055296,99,1,1,0
6705368,99,1,0,1
2828624,99,1,1,0
7480872,99,1,1,0
5927000,99,1,1,0
7036488,99,1,0,1
2726104,99,1,1,0
6503216,99,1,0,1
6076520,99,1,1,0
180680,99,1,0,1
5537816,99,1,0,1
1176920,99,1,0,1
604552,99,1,1,0
2038728,99,1,0,1
208792,99,1,1,0
8009376,99,1,1,0
2049488,99,1,0,1
834512,99,1,1,0
914912,99,1,1,0
6151808,99,1,0,1
2329376,99,1,1,0
8224968,99,1,1,0
3701448,99,1,1,0
243224,99,1,1,0
415048,99,1,0,1
951152,99,1,1,0
7644560,99,1,1,0
897288,99,1,1,0
1375944,99,1,1,0
4071208,99,1,0,1
4454960,99,1,1,0
7296992,99,1,0,1
1040800,99,1,0,1
5930368,99,1,1,0
576528,99,1,0,1
4844376,99,1,1,0
578144,99,1,0,1
3045840,99,1,1,0
1655560,99,1,0,1
356232,99,1,0,1
3512968,99,1,0,1
915736,99,1,1,0
3050888,99,1,0,1
1366568,99,1,0,1
214736,99,1,0,1
476168,99,1,0,1
6383552,99,1,0,1
3458560,99,1,0,1
1344832,99,1,1,0
7994568,99,1,0,1
3913736,99,1,0,1
2966056,99,1,0,1
127920,99,1,1,0
3772424,99,1,1,0
541144,99,1,1,0
868408,99,1,1,0
7878336,99,1,1,0
940168,99,1,1,0
4455704,99,1,0,1
2292408,99,1,0,1
587112,99,1,0,1
1520584,99,1,0,1
1711736,99,1,1,0
278168,99,1,0,1
1184488,99,1,1,0
2011816,99,1,0,1
1721040,99,1,0,1
3871528,99,1,0,1
797096,99,1,1,0
6672064,99,1,1,0
5722608,99,1,0,1
2077280,99,1,1,0
3261040,99,1,0,1
1458696,99,1,0,1
327448,99,1,1,0
2279392,99,1,1,0
919376,99,1,0,1
2379872,99,1,0,1
2900328,99,1,1,0
125344,99,1,0,1
6150256,99,1,1,0
1380664,99,1,1,0
6044304,99,1,0,1
3041264,99,1,0,1
5864240,99,1,0,1
1746168,99,1,0,1
409224,99,1,1,0
1484488,99,1,1,0
462520,99,1,1,0
681888,99,1,1,0
5233136,99,1,1,0
1127056,99,1,0,1
5433104,99,1,1,0
1473024,99,1,1,0
170664,99,1,1,0
737440,99,1,0,1
1194560,99,1,0,1
4050360,99,1,1,0
1120536,99,1,1,0
4680688,99,1,1,0
5631408,99,1,1,0
1008600,99,1,1,0
2541144,99,1,1,0
7336952,99,1,0,1
680136,99,1,0,1
7616504,99,1,0,1
1825520,99,1,1,0
1282496,99,1,0,1
3156224,99,1,0,1
3397704,99,1,0,1
676648,99,1,1,0
5253128,99,1,1,0
1290472,99,1,0,1
3954664,99,1,0,1
6059664,99,1,1,0
418624,99,1,1,0
1092880,99,1,0,1
229448,99,1,0,1
1368392,99,1,0,1
86248,99,1,1,0
2298944,99,1,1,0
2615656,99,1,1,0
3094880,99,1,0,1
573272,99,1,1,0
1777160,99,1,1,0
4486096,99,1,1,0
700256,99,1,1,0
828808,99,1,1,0
318888,99,1,1,0
6929176,99,1,0,1
1240280,99,1,1,0
5308504,99,1,1,0
3098920,99,1,0,1
312960,99,1,0,1
2664384,99,1,0,1
2283584,99,1,1,0
3487240,99,1,1,0
7144696,99,1,1,0
1526656,99,1,1,0
2090024,99,1,0,1
1525320,99,1,1,0
3308416,99,1,1,0
4346728,99,1,0,1
7421480,99,1,1,0
1911288,99,1,0,1
3325688,99,1,0,1
2016680,99,1,1,0
933808,99,1,0,1
7947176,99,1,0,1
1509376,99,1,1,0
8020064,99,1,1,0
3897312,99,1,0,1
2770392,99,1,0,1
2025360,99,1,0,1
3004576,99,1,0,1
7270568,99,1,0,1
8100120,99,1,1,0
184616,99,1,0,1
3889088,99,1,1,0
439912,99,1,1,0
294656,99,1,0,1
8152568,99,1,1,0
1732384,99,1,0,1
2213072,99,1,0,1
4508232,99,1,0,1
2536248,99,1,1,0
1853752,99,1,0,1
546864,99,1,1,0
5601536,99,1,0,1
8293888,99,1,1,0
222992,99,1,0,1
2022000,99,1,1,0
1172520,99,1,0,1
7196616,99,1,1,0
6346408,99,1,1,0
1044416,99,1,0,1
6836384,99,1,1,0
406960,99,1,1,0
850576,99,1,0,1
461792,99,1,0,1
2931760,99,1,0,1
2603280,99,1,0,1
433728,99,1,0,1
4395408,99,1,1,0
581216,99,1,0,1
487376,99,1,1,0
697680,99,1,1,0
281512,99,1,1,0
1602056,99,1,0,1
318192,99,1,1,0
1497160,99,1,0,1
656560,99,1,1,0
7072304,99,1,1,0
627200,99,1,1,0
497624,99,1,0,1
558832,99,1,0,1
1556928,99,1,0,1
4851392,99,1,1,0
7081600,99,1,0,1
96832,99,1,1,0
2387440,99,1,1,0
2824096,99,1,0,1
1813968,99,1,0,1
830688,99,1,0,1
963744,99,1,0,1
334392,99,1,1,0
7359264,99,1,0,1
570944,99,1,1,0
3598384,99,1,1,0
4894800,99,1,0,1
1499208,99,1,1,0
456344,99,1,1,0
1707464,99,1,0,1
662352,99,1,1,0
7090320,99,1,0,1
3990320,99,1,0,1
2884800,99,1,0,1
749400,99,1,0,1
3737888,99,1,1,0
880184,99,1,1,0
4058536,99,1,0,1
2908616,99,1,0,1
5955928,99,1,1,0
6244248,99,1,1,0
2025120,99,1,1,0
267440,99,1,0,1
2899760,99,1,1,0
5090240,99,1,1,0
5471880,99,1,0,1
4639848,99,1,0,1
891416,99,1,0,1
1842088,99,1,1,0
4486520,99,1,1,0
3392576,99,1,0,1
451080,99,1,1,0
1884544,99,1,0,1
796232,99,1,0,1
1165912,99,1,1,0
6366584,99,1,1,0
221832,99,1,0,1
7909736,99,1,1,0
1916624,99,1,0,1
6394032,99,1,1,0
729184,99,1,1,0
2292440,99,1,1,0
1473384,99,1,0,1
7952784,99,1,1,0
655312,99,1,1,0
1219704,99,1,1,0
2082824,99,1,1,0
2918320,99,1,0,1
2727736,99,1,0,1
1550856,99,1,1,0
2681600,99,1,0,1
2249416,99,1,1,0
1487176,99,1,0,1
4149936,99,1,1,0
6805208,99,1,1,0
7541632,99,1,1,0
239128,99,1,0,1
2627568,99,1,1,0
1455016,99,1,1,0
2839944,99,1,0,1
6479936,99,1,1,0
3463064,99,1,1,0
3716368,99,1,1,0
5597760,99,1,0,1
6107168,99,1,1,0
486112,99,1,1,0
895920,99,1,0,1
1565016,99,1,1,0
3924752,99,1,1,0
1314360,99,1,0,1
215104,99,1,0,1
1845688,99,1,1,0
183936,99,1,0,1
2470848,99,1,1,0
3190000,99,1,1,0
6075440,99,1,0,1
4846872,99,1,1,0
244688,99,1,1,0
4376064,99,1,1,0
699528,99,1,1,0
2949528,99,1,0,1
5254768,99,1,1,0
3148368,99,1,0,1
7585064,99,1,0,1
2415576,99,1,1,0
5322656,99,1,1,0
4456704,99,1,0,1
4871272,99,1,0,1
5548152,99,1,0,1
2115632,99,1,0,1
3052712,99,1,1,0
6199520,99,1,1,0
310384,99,1,1,0
2562104,99,1,1,0
2021088,99,1,1,0
6271856,99,1,0,1
5269944,99,1,0,1
1285536,99,1,0,1
5110016,99,1,1,0
1335040,99,1,1,0
2579872,99,1,1,0
3199160,99,1,0,1
828416,99,1,1,0
7409872,99,1,1,0
4488920,99,1,0,1
6103248,99,1,1,0
1645168,99,1,1,0
355320,99,1,1,0
688376,99,1,0,1
1431024,99,1,0,1
1436304,99,1,1,0
5181320,99,1,0,1
1506272,99,1,1,0
1227192,99,1,1,0
3902872,99,1,0,1
3433648,99,1,1,0
1341240,99,1,0,1
2671704,99,1,1,0
1820208,99,1,0,1
3854000,99,1,0,1
844224,99,1,1,0
6307016,99,1,0,1
1151336,99,1,1,0
2257600,99,1,1,0
7964520,99,1,0,1
3118512,99,1,1,0
328632,99,1,1,0
1645448,99,1,1,0
254016,99,1,1,0
805672,99,1,1,0
4268416,99,1,1,0
757432,99,1,0,1
1105696,99,1,1,0
1198800,99,1,1,0
8222040,99,1,1,0
5539472,99,1,0,1
555520,99,1,1,0
1396528,99,1,0,1
2741344,99,1,0,1
5032112,99,1,1,0
7505408,99,1,1,0
2350648,99,1,1,0
1360680,99,1,1,0
1394920,99,1,0,1
1120320,99,1,0,1
1613840,99,1,0,1
96312,99,1,0,1
3188216,99,1,1,0
2650096,99,1,0,1
1208376,99,1,0,1
1030688,99,1,0,1
253880,99,1,0,1
3499920,99,1,1,0
2669048,99,1,0,1
5477544,99,1,1,0
431216,99,1,0,1
1792432,99,1,0,1
1973552,99,1,1,0
4419176,99,1,1,0
3487512,99,1,0,1
5358456,99,1,0,1
2341264,99,1,1,0
789064,99,1,0,1
1654840,99,1,1,0
5690056,99,1,0,1
8343920,99,1,0,1
1406008,99,1,1,0
7111472,99,1,0,1
5018944,99,1,0,1
583264,99,1,0,1
2667248,99,1,0,1
4324600,99,1,1,0
658960,99,1,0,1
2795784,99,1,0,1
3736616,99,1,0,1
3028248,99,1,0,1
1692824,99,1,0,1
7742424,99,1,0,1
4602248,99,1,1,0
810760,99,1,0,1
7636856,99,1,0,1
886536,99,1,0,1
1126192,99,1,1,0
1361296,99,1,0,1
481880,99,1,0,1
3604648,99,1,1,0
918176,99,1,0,1
2564544,99,1,0,1
2194256,99,1,0,1
1220936,99,1,0,1
5085688,99,1,0,1
6383128,99,1,1,0
6133800,99,1,1,0
2483448,99,1,0,1
1408480,99,1,0,1
1517232,99,1,1,0
1725368,99,1,0,1
2201328,99,1,1,0
4375480,99,1,1,0
2653608,99,1,0,1
4462400,99,1,0,1
977576,99,1,1,0
3156464,99,1,1,0
164832,99,1,1,0
4003184,99,1,0,1
778568,99,1,0,1
6018544,99,1,0,1
769328,99,1,1,0
2403256,99,1,1,0
465792,99,1,0,1
640000,99,1,1,0
1279056,99,1,0,1
5183896,99,1,1,0
1970280,99,1,0,1
2056336,99,1,0,1
1320456,99,1,1,0
1944888,99,1,0,1
3218376,99,1,0,1
1524376,99,1,1,0
8020136,99,1,1,0
320376,99,1,0,1
3094008,99,1,1,0
3339608,99,1,1,0
571224,99,1,0,1
5517472,99,1,1,0
614208,99,1,1,0
2464624,99,1,1,0
902824,99,1,1,0
8070088,99,1,1,0
2872960,99,1,0,1
186104,99,1,1,0
3170520,99,1,0,1
521600,99,1,0,1
2585344,99,1,0,1
801288,99,1,0,1
5731144,99,1,0,1
7803664,99,1,1,0
4299384,99,1,0,1
4893288,99,1,0,1
2860168,99,1,0,1
1421744,99,1,1,0
2088384,99,1,0,1
542832,99,1,0,1
3727872,99,1,1,0
1825736,99,1,0,1
1209848,99,1,0,1
724864,99,1,1,0
3789704,99,1,1,0
2209560,99,1,1,0
415952,99,1,0,1
214904,99,1,1,0
5249784,99,1,1,0
4165296,99,1,1,0
1490784,99,1,0,1
1772576,99,1,0,1
1359848,99,1,1,0
1153640,99,1,0,1
1461160,99,1,1,0
689080,99,1,1,0
1956144,99,1,1,0
6995992,99,1,0,1
3094760,99,1,1,0
832424,99,1,1,0
2663048,99,1,0,1
1997560,99,1,0,1
3049976,99,1,1,0
1173336,99,1,1,0
5932568,99,1,0,1
354328,99,1,0,1
1433376,99,1,1,0
741104,99,1,1,0
1175864,99,1,1,0
7962184,99,1,1,0
3260440,99,1,1,0
2766336,99,1,1,0
7828600,99,1,1,0
817224,99,1,1,0
1773792,99,1,1,0
3461680,99,1,0,1
3761488,99,1,0,1
680760,99,1,0,1
3556504,99,1,1,0
5657008,99,1,1,0
2673920,99,1,0,1
1605856,99,1,0,1
643216,99,1,1,0
449168,99,1,0,1
1834192,99,1,1,0
592184,99,1,0,1
2601152,99,1,1,0
2502792,99,1,1,0
1125800,99,1,1,0
1330240,99,1,1,0
7695688,99,1,1,0
2849640,99,1,0,1
3037808,99,1,0,1
3767000,99,1,1,0
4559376,99,1,0,1
4581184,99,1,1,0
1324248,99,1,1,0
460368,99,1,1,0
1659936,99,1,1,0
1912640,99,1,1,0
941272,99,1,0,1
615232,99,1,0,1
7694520,99,1,0,1
1608880,99,1,1,0
3973920,99,1,0,1
4370064,99,1,1,0
979952,99,1,1,0
5092424,99,1,1,0
2414744,99,1,1,0
8193384,99,1,1,0
7158624,99,1,1,0
7230568,99,1,1,0
1150832,99,1,1,0
3945584,99,1,0,1
8190320,99,1,1,0
4872312,99,1,1,0
740680,99,1,0,1
1433776,99,1,0,1
5508536,99,1,1,0
5420560,99,1,1,0
1893664,99,1,1,0
657928,99,1,1,0
4708480,99,1,1,0
4566856,99,1,0,1
7152072,99,1,0,1
3033968,99,1,1,0
7406880,99,1,0,1
2104000,99,1,1,0
279640,99,1,0,1
375672,99,1,1,0
6935904,99,1,1,0
1453344,99,1,1,0
181784,99,1,0,1
529096,99,1,1,0
7593016,99,1,0,1
3476496,99,1,0,1
6384632,99,1,0,1
1970984,99,1,1,0
1385192,99,1,0,1
1266608,99,1,0,1
1137408,99,1,1,0
762384,99,1,0,1
6367216,99,1,0,1
297872,99,1,0,1
4452304,99,1,1,0
5390880,99,1,0,1
2660680,99,1,1,0
495712,99,1,1,0
420848,99,1,0,1
7574728,99,1,1,0
6102232,99,1,1,0
844240,99,1,0,1
895296,99,1,1,0
656680,99,1,0,1
7354072,99,1,0,1
1075192,99,1,0,1
7024792,99,1,1,0
1744832,99,1,0,1
1974344,99,1,0,1
6211208,99,1,0,1
3069104,99,1,1,0
2166304,99,1,0,1
1567248,99,1,0,1
3825704,99,1,0,1
247472,99,1,0,1
8060488,99,1,1,0
3382184,99,1,0,1
5391328,99,1,0,1
1013872,99,1,1,0
5501064,99,1,1,0
6961384,99,1,0,1
5343152,99,1,1,0
5323624,99,1,1,0
5933752,99,1,1,0
589584,99,1,0,1
1907408,99,1,1,0
3492136,99,1,1,0
2445360,99,1,0,1
981880,99,1,1,0
5145464,99,1,0,1
6173984,99,1,1,0
5871696,99,1,1,0
5023528,99,1,0,1
2753208,99,1,0,1
2009912,99,1,1,0
3904896,99,1,0,1
6276944,99,1,1,0
1762104,99,1,1,0
5620896,99,1,0,1
1462640,99,1,1,0
3408984,99,1,1,0
8311840,99,1,0,1
7423152,99,1,1,0
6775368,99,1,0,1
2151448,99,1,0,1
879488,99,1,1,0
1666848,99,1,0,1
5554696,99,1,1,0
5685512,99,1,1,0
446464,99,1,1,0
989992,99,1,1,0
1225888,99,1,0,1
225992,99,1,0,1
2262856,99,1,0,1
6653376,99,1,0,1
425024,99,1,0,1
4008104,99,1,0,1
7782136,99,1,0,1
2328536,99,1,1,0
2468656,99,1,1,0
427112,99,1,1,0
3807184,99,1,0,1
3807632,99,1,0,1
1265408,99,1,0,1
711568,99,1,0,1
7632248,99,1,1,0
585136,99,1,0,1
675808,99,1,1,0
954272,99,1,1,0
638896,99,1,1,0
460584,99,1,0,1
7136920,99,1,0,1
7278264,99,1,0,1
233264,99,1,0,1
269104,99,1,0,1
1218456,99,1,1,0
456888,99,1,1,0
5782736,99,1,0,1
1817464,99,1,0,1
164744,99,1,1,0
5358208,99,1,0,1
4189232,99,1,0,1
3325680,99,1,1,0
6037448,99,1,1,0
525320,99,1,0,1
3104192,99,1,0,1
2096520,99,1,1,0
1885296,99,1,1,0
3806336,99,1,0,1
2134480,99,1,0,1
857568,99,1,0,1
789760,99,1,0,1
4360480,99,1,1,0
7027512,99,1,1,0
8180984,99,1,1,0
2049976,99,1,0,1
4341264,99,1,1,0
2568120,99,1,0,1
4845984,99,1,1,0
1339608,99,1,1,0
1925248,99,1,0,1
5915216,99,1,0,1
97160,99,1,1,0
7237760,99,1,1,0
1656320,99,1,1,0
7585224,99,1,0,1
2459744,99,1,0,1
3674416,99,1,0,1
1614112,99,1,1,0
4167216,99,1,0,1
1217144,99,1,0,1
447160,99,1,0,1
1715752,99,1,1,0
7438880,99,1,0,1
562768,99,1,0,1
4719696,99,1,0,1
6723344,99,1,1,0
560592,99,1,1,0
6376800,99,1,0,1
7417696,99,1,1,0
786416,99,1,1,0
837824,99,1,0,1
339816,99,1,1,0
788424,99,1,1,0
1731504,99,1,0,1
4863976,99,1,1,0
1083992,99,1,0,1
386032,99,1,0,1
5411584,99,1,1,0
913408,99,1,0,1
7219872,99,1,1,0
1523024,99,1,1,0
326680,99,1,0,1
620752,99,1,1,0
1114760,99,1,1,0
5871160,99,1,1,0
7906816,99,1,0,1
3123280,99,1,1,0
3117776,99,1,0,1
6447584,99,1,0,1
778536,99,1,1,0
1613952,99,1,0,1
4151008,99,1,1,0
1613976,99,1,0,1
6818480,99,1,1,0
4882392,99,1,0,1
2168432,99,1,0,1
3880488,99,1,0,1
705048,99,1,0,1
3238592,99,1,0,1
1421104,99,1,1,0
4900088,99,1,1,0
1728448,99,1,0,1
783624,99,1,1,0
1086528,99,1,0,1
1238496,99,1,0,1
2334248,99,1,1,0
3916960,99,1,0,1
4155744,99,1,1,0
262448,99,1,0,1
1213424,99,1,1,0
7204752,99,1,1,0
1101392,99,1,1,0
370576,99,1,0,1
3559992,99,1,1,0
474872,99,1,1,0
1540360,99,1,0,1
5303216,99,1,0,1
2396448,99,1,0,1
1110728,99,1,0,1
2740144,99,1,0,1
1464040,99,1,0,1
6539960,99,1,0,1
432512,99,1,1,0
2478656,99,1,0,1
4457816,99,1,1,0
577616,99,1,0,1
7506904,99,1,1,0
3543440,99,1,1,0
751816,99,1,0,1
4650952,99,1,0,1
312528,99,1,0,1
2571504,99,1,1,0
212616,99,1,0,1
4190560,99,1,1,0
7262864,99,1,0,1
2218896,99,1,0,1
1217264,99,1,0,1
808440,99,1,0,1
590368,99,1,1,0
459416,99,1,0,1
5338840,99,1,1,0
346024,99,1,1,0
1731496,99,1,0,1
554448,99,1,1,0
5452520,99,1,0,1
224032,99,1,1,0
251248,99,1,0,1
1165584,99,1,1,0
1683744,99,1,1,0
3537976,99,1,0,1
5398040,99,1,0,1
1054088,99,1,0,1
2394432,99,1,1,0
5128072,99,1,1,0
3422440,99,1,1,0
5058144,99,1,0,1
2195968,99,1,0,1
8227288,99,1,1,0
6190504,99,1,0,1
938408,99,1,1,0
279736,99,1,1,0
687160,99,1,0,1
3601400,99,1,1,0
1452384,99,1,1,0
669968,99,1,0,1
4777088,99,1,1,0
398848,99,1,1,0
7886376,99,1,0,1
7178688,99,1,1,0
4670312,99,1,0,1
616048,99,1,0,1
6081592,99,1,1,0
3918256,99,1,0,1
786936,99,1,0,1
1743128,99,1,1,0
7534600,99,1,1,0
4846344,99,1,0,1
4550304,99,1,1,0
6976200,99,1,0,1
1318096,99,1,0,1
7054216,99,1,0,1
1837360,99,1,0,1
3991064,99,1,1,0
2249464,99,1,1,0
1481360,99,1,1,0
7581088,99,1,1,0
4074120,99,1,1,0
5046912,99,1,1,0
7527328,99,1,0,1
1627704,99,1,0,1
1674944,99,1,1,0
6102016,99,1,1,0
101520,99,1,1,0
2149000,99,1,0,1
6973824,99,1,0,1
1117792,99,1,1,0
3158792,99,1,1,0
2210360,99,1,0,1
6580200,99,1,1,0
2237272,99,1,1,0
8086280,99,1,0,1
3464632,99,1,0,1
2491088,99,1,0,1
2049472,99,1,1,0
6871416,99,1,1,0
6423816,99,1,0,1
7361768,99,1,1,0
5487704,99,1,1,0
2117216,99,1,1,0
1112104,99,1,0,1
2498240,99,1,0,1
1527288,99,1,0,1
6608720,99,1,1,0
4202736,99,1,0,1
653016,99,1,0,1
7613624,99,1,0,1
2897064,99,1,1,0
7239408,99,1,1,0
3121144,99,1,0,1
1852792,99,1,1,0
710968,99,1,0,1
8165464,99,1,0,1
2719072,99,1,1,0
645248,99,1,1,0
563640,99,1,1,0
6768112,99,1,1,0
5970016,99,1,1,0
2443032,99,1,1,0
5368504,99,1,1,0
2032528,99,1,0,1
1450536,99,1,1,0
1157152,99,1,1,0
6953208,99,1,0,1
2709808,99,1,1,0
1830856,99,1,0,1
678048,99,1,0,1
872000,99,1,0,1
5568128,99,1,1,0
5326920,99,1,0,1
7308664,99,1,0,1
6798568,99,1,0,1
4533032,99,1,1,0
7684112,99,1,0,1
7534128,99,1,0,1
920432,99,1,0,1
1818352,99,1,1,0
737096,99,1,0,1
666944,99,1,1,0
2550192,99,1,1,0
3212840,99,1,0,1
2893728,99,1,1,0
273328,99,1,0,1
3615040,99,1,0,1
851272,99,1,0,1
1991440,99,1,1,0
5727856,99,1,1,0
2437656,99,1,1,0
1682608,99,1,1,0
3432424,99,1,0,1
2647016,99,1,0,1
715880,99,1,1,0
7813256,99,1,0,1
1427040,99,1,0,1
7060288,99,1,1,0
4387304,99,1,0,1
1654568,99,1,1,0
807200,99,1,0,1
3632448,99,1,0,1
3565088,99,1,0,1
126128,99,1,1,0
1306712,99,1,1,0
1144952,99,1,0,1
2065888,99,1,1,0
566240,99,1,0,1
1854464,99,1,1,0
6542744,99,1,1,0
6967152,99,1,1,0
1099376,99,1,0,1
459144,99,1,1,0
1265536,99,1,0,1
4935136,99,1,0,1
4925872,99,1,0,1
3527368,99,1,1,0
980648,99,1,0,1
303552,99,1,1,0
6238608,99,1,1,0
2660168,99,1,0,1
979544,99,1,0,1
2584144,99,1,1,0
7512272,99,1,0,1
6771448,99,1,1,0
615240,99,1,0,1
2103544,99,1,1,0
6781768,99,1,1,0
7866536,99,1,0,1
7966464,99,1,1,0
530432,99,1,0,1
1612192,99,1,0,1
4501144,99,1,1,0
1402976,99,1,1,0
6307512,99,1,1,0
1267128,99,1,1,0
3797576,99,1,1,0
5323880,99,1,0,1
5806920,99,1,0,1
2450864,99,1,0,1
1072912,99,1,1,0
2923488,99,1,0,1
8232920,99,1,0,1
2313112,99,1,1,0
1120672,99,1,1,0
1421376,99,1,0,1
3459608,99,1,1,0
2575392,99,1,1,0
5947112,99,1,0,1
3277184,99,1,1,0
5012480,99,1,1,0
1845024,99,1,0,1
7325376,99,1,1,0
7598536,99,1,1,0
246120,99,1,1,0
3394112,99,1,1,0
325200,99,1,0,1
1294168,99,1,0,1
6258328,99,1,1,0
4020288,99,1,0,1
130944,99,1,1,0
5386744,99,1,1,0
3993576,99,1,0,1
3482320,99,1,0,1
5367376,99,1,0,1
1439448,99,1,1,0
972424,99,1,0,1
256328,99,1,1,0
603344,99,1,1,0
3437712,99,1,1,0
1145552,99,1,1,0
524968,99,1,0,1
8046384,99,1,0,1
5551360,99,1,1,0
604752,99,1,1,0
2547176,99,1,1,0
649648,99,1,0,1
245056,99,1,1,0
2956208,99,1,0,1
8002264,99,1,0,1
2342392,99,1,1,0
505776,99,1,0,1
1239064,99,1,0,1
7216256,99,1,1,0
7110896,99,1,1,0
356104,99,1,0,1
5534168,99,1,0,1
2448496,99,1,0,1
3111000,99,1,0,1
2471216,99,1,1,0
1846912,99,1,0,1
3458064,99,1,0,1
992304,99,1,0,1
5047712,99,1,1,0
7120472,99,1,1,0
2731024,99,1,0,1
1931400,99,1,1,0
5212256,99,1,1,0
2077216,99,1,1,0
5639528,99,1,1,0
3791128,99,1,0,1
356128,99,1,1,0
6420504,99,1,0,1
1793480,99,1,1,0
4144800,99,1,0,1
1835352,99,1,1,0
2736352,99,1,0,1
6678048,99,1,0,1
4268248,99,1,1,0
2177072,99,1,0,1
4524816,99,1,1,0
1576616,99,1,1,0
703776,99,1,1,0
2889520,99,1,0,1
655040,99,1,0,1
274504,99,1,1,0
791000,99,1,1,0
7821072,99,1,1,0
7800672,99,1,0,1
905272,99,1,0,1
1953864,99,1,1,0
7154960,99,1,0,1
2337120,99,1,0,1
4862856,99,1,1,0
1338488,99,1,1,0
756328,99,1,1,0
309736,99,1,1,0
6834640,99,1,0,1
538304,99,1,1,0
7563864,99,1,1,0
1229840,99,1,0,1
5626520,99,1,0,1
1740616,99,1,1,0
2209080,99,1,0,1
5115528,99,1,0,1
370120,99,1,1,0
5718024,99,1,1,0
1373928,99,1,1,0
3903352,99,1,0,1
2634232,99,1,0,1
3047536,99,1,1,0
3110976,99,1,0,1
1890144,99,1,0,1
355952,99,1,0,1
1097000,99,1,0,1
471352,99,1,0,1
407304,99,1,1,0
2718088,99,1,0,1
992016,99,1,0,1
313176,99,1,0,1
1152056,99,1,1,0
5297504,99,1,1,0
4850088,99,1,0,1
559488,99,1,1,0
5150264,99,1,1,0
6816872,99,1,1,0
1313904,99,1,1,0
530560,99,1,1,0
2553104,99,1,1,0
3736680,99,1,1,0
7375488,99,1,0,1
2314368,99,1,1,0
1122208,99,1,1,0
1520472,99,1,0,1
788056,99,1,0,1
6406264,99,1,0,1
329376,99,1,1,0
6472032,99,1,0,1
6249304,99,1,0,1
1296288,99,1,1,0
710208,99,1,0,1
1692616,99,1,1,0
700664,99,1,1,0
5606976,99,1,1,0
5741200,99,1,1,0
1176480,99,1,1,0
1396224,99,1,1,0
5574136,99,1,0,1
5295840,99,1,1,0
5692080,99,1,0,1
543168,99,1,0,1
1005544,99,1,0,1
3916368,99,1,0,1
3689040,99,1,1,0
413712,99,1,1,0
1654400,99,1,1,0
5125240,99,1,0,1
1992304,99,1,1,0
2495768,99,1,0,1
969992,99,1,0,1
1887104,99,1,0,1
2959904,99,1,0,1
547696,99,1,0,1
1411272,99,1,1,0
4697320,99,1,1,0
3374704,99,1,0,1
2811440,99,1,1,0
1670272,99,1,1,0
2070296,99,1,1,0
480864,99,1,1,0
3066872,99,1,0,1
1067040,99,1,0,1
439560,99,1,1,0
2217792,99,1,1,0
3060680,99,1,0,1
1482688,99,1,1,0
7875024,99,1,1,0
429840,99,1,1,0
7085992,99,1,0,1
567880,99,1,1,0
894648,99,1,0,1
2327704,99,1,1,0
8154824,99,1,0,1
146152,99,1,1,0
2744456,99,1,0,1
4581312,99,1,1,0
2128480,99,1,0,1
682400,99,1,1,0
6431888,99,1,1,0
2514032,99,1,0,1
2260328,99,1,0,1
524224,99,1,0,1
4083904,99,1,1,0
6116896,99,1,0,1
1173416,99,1,0,1
4509400,99,1,1,0
1812608,99,1,0,1
2029952,99,1,1,0
5555408,99,1,1,0
1290808,99,1,0,1
3998120,99,1,1,0
1173720,99,1,0,1
1265136,99,1,1,0
298312,99,1,1,0
3926064,99,1,0,1
3952272,99,1,0,1
578112,99,1,1,0
2937128,99,1,1,0
2280144,99,1,0,1
3088240,99,1,0,1
7319200,99,1,1,0
6102744,99,1,1,0
543904,99,1,1,0
1648416,99,1,0,1
872424,99,1,1,0
3557328,99,1,1,0
6157512,99,1,1,0
1370664,99,1,0,1
269600,99,1,1,0
2242728,99,1,1,0
8284304,99,1,0,1
1932176,99,1,1,0
4289800,99,1,0,1
1961952,99,1,1,0
1423176,99,1,1,0
1090088,99,1,0,1
1941416,99,1,0,1
3764352,99,1,0,1
4837800,99,1,0,1
572632,99,1,0,1
5084592,99,1,1,0
435272,99,1,0,1
267688,99,1,1,0
3351024,99,1,0,1
259096,99,1,0,1
1933264,99,1,0,1
1226024,99,1,1,0
711464,99,1,0,1
1208472,99,1,0,1
2708088,99,1,1,0
2363120,99,1,0,1
1442360,99,1,0,1
316552,99,1,1,0
1941216,99,1,1,0
3072112,99,1,0,1
8086752,99,1,0,1
4756576,99,1,0,1
317632,99,1,1,0
3329240,99,1,0,1
373656,99,1,0,1
3302456,99,1,1,0
504792,99,1,0,1
2684848,99,1,0,1
642656,99,1,0,1
1240904,99,1,0,1
447296,99,1,0,1
6570744,99,1,0,1
8131576,99,1,0,1
2400048,99,1,1,0
634024,99,1,1,0
197544,99,1,1,0
6219136,99,1,0,1
5926856,99,1,1,0
343784,99,1,1,0
1009368,99,1,0,1
541360,99,1,0,1
986992,99,1,0,1
926952,99,1,0,1
3365472,99,1,0,1
5863512,99,1,1,0
1184344,99,1,0,1
4276024,99,1,1,0
1615032,99,1,0,1
5720832,99,1,1,0
395712,99,1,1,0
330608,99,1,1,0
1758712,99,1,1,0
2345960,99,1,0,1
4404272,99,1,0,1
5108448,99,1,1,0
1051872,99,1,1,0
5120104,99,1,0,1
201552,99,1,1,0
1305448,99,1,1,0
4488152,99,1,1,0
6615960,99,1,1,0
5238656,99,1,1,0
1322456,99,1,0,1
811128,99,1,0,1
1913264,99,1,1,0
739928,99,1,1,0
1260752,99,1,1,0
8082192,99,1,1,0
4767952,99,1,0,1
6029344,99,1,1,0
6980728,99,1,0,1
5866072,99,1,1,0
1089904,99,1,1,0
5777432,99,1,0,1
3958856,99,1,1,0
1399512,99,1,0,1
6316640,99,1,1,0
376520,99,1,1,0
1008752,99,1,0,1
2014744,99,1,1,0
2236616,99,1,1,0
3095544,99,1,0,1
5396480,99,1,0,1
3150024,99,1,0,1
915296,99,1,0,1
2102648,99,1,0,1
6386200,99,1,0,1
2689240,99,1,0,1
1958840,99,1,0,1
1757088,99,1,1,0
672648,99,1,0,1
523152,99,1,1,0
369944,99,1,1,0
1439752,99,1,0,1
291488,99,1,1,0
439224,99,1,0,1
3644976,99,1,1,0
7334608,99,1,0,1
483584,99,1,1,0
6994176,99,1,1,0
4640968,99,1,1,0
3515800,99,1,1,0
3896304,99,1,0,1
2043984,99,1,1,0
419464,99,1,0,1
1334744,99,1,0,1
665784,99,1,0,1
1712672,99,1,1,0
6010648,99,1,1,0
5260920,99,1,1,0
5970448,99,1,0,1
5700280,99,1,1,0
7916016,99,1,1,0
618368,99,1,1,0
1034808,99,1,0,1
778640,99,1,1,0
1260664,99,1,1,0
2575952,99,1,0,1
1757784,99,1,0,1
737632,99,1,0,1
3446016,99,1,1,0
1944808,99,1,0,1
5933496,99,1,1,0
2190744,99,1,1,0
2203712,99,1,0,1
1425616,99,1,1,0
723208,99,1,0,1
2097696,99,1,1,0
1537384,99,1,1,0
1598984,99,1,0,1
2609872,99,1,0,1
4572080,99,1,1,0
3318960,99,1,0,1
3773256,99,1,1,0
504192,99,1,1,0
1597232,99,1,0,1
5333664,99,1,1,0
2269312,99,1,0,1
4503000,99,1,0,1
3188616,99,1,1,0
2748432,99,1,1,0
8331536,99,1,0,1
7923832,99,1,0,1
2911824,99,1,1,0
6360144,99,1,1,0
3619848,99,1,0,1
3210088,99,1,0,1
2396040,99,1,0,1
2248984,99,1,1,0
1827192,99,1,1,0
5329440,99,1,1,0
2375296,99,1,1,0
681800,99,1,1,0
1593944,99,1,1,0
2000984,99,1,1,0
2717712,99,1,1,0
1247288,99,1,0,1
1278040,99,1,0,1
1584568,99,1,0,1
2557976,99,1,0,1
4559656,99,1,0,1
2901672,99,1,0,1
491872,99,1,0,1
832912,99,1,0,1
7514680,99,1,1,0
480128,99,1,0,1
3860224,99,1,1,0
1834800,99,1,1,0
3143768,99,1,1,0
1995512,99,1,0,1
3671688,99,1,0,1
8260400,99,1,0,1
6442664,99,1,0,1
1263120,99,1,1,0
326096,99,1,0,1
722240,99,1,0,1
5368776,99,1,1,0
1838832,99,1,0,1
4712400,99,1,1,0
4691280,99,1,0,1
3554000,99,1,0,1
2962704,99,1,1,0
1881640,99,1,0,1
115696,99,1,0,1
615960,99,1,1,0
1826024,99,1,0,1
1767320,99,1,0,1
221912,99,1,0,1
2421776,99,1,1,0
1948072,99,1,0,1
2963504,99,1,1,0
409280,99,1,1,0
2656488,99,1,0,1
5056048,99,1,1,0
5260664,99,1,0,1
1083552,99,1,0,1
1746728,99,1,1,0
3218704,99,1,0,1
3846752,99,1,1,0
596888,99,1,0,1
543752,99,1,1,0
8076680,99,1,1,0
1817168,99,1,0,1
1322800,99,1,1,0
325736,99,1,1,0
3786144,99,1,1,0
5332944,99,1,0,1
4577032,99,1,0,1
2256912,99,1,0,1
1434776,99,1,0,1
819280,99,1,0,1
3448704,99,1,0,1
932976,99,1,0,1
8222552,99,1,1,0
5420344,99,1,0,1
230528,99,1,0,1
238072,99,1,0,1
5325320,99,1,0,1
4103912,99,1,0,1
280304,99,1,0,1
1260296,99,1,0,1
599976,99,1,1,0
406320,99,1,0,1
3867840,99,1,1,0
7611064,99,1,0,1
2241040,99,1,0,1
1582704,99,1,1,0
652792,99,1,0,1
5173424,99,1,1,0
4405184,99,1,0,1
2683824,99,1,1,0
803288,99,1,1,0
7634448,99,1,0,1
536032,99,1,1,0
1523816,99,1,1,0
1480520,99,1,1,0
1937856,99,1,1,0
360424,99,1,1,0
1197640,99,1,1,0
574296,99,1,0,1
4815488,99,1,0,1
1107016,99,1,1,0
1138576,99,1,0,1
641312,99,1,1,0
2313648,99,1,0,1
558072,99,1,0,1
287176,99,1,0,1
474224,99,1,0,1
5412464,99,1,1,0
6044232,99,1,0,1
796592,99,1,1,0
4025312,99,1,1,0
2338456,99,1,0,1
772672,99,1,1,0
800520,99,1,1,0
457784,99,1,0,1
2336752,99,1,1,0
1440496,99,1,0,1
2186920,99,1,0,1
7095016,99,1,1,0
7377760,99,1,1,0
2475912,99,1,0,1
5259832,99,1,0,1
846280,99,1,0,1
1232088,99,1,0,1
3861144,99,1,1,0
552104,99,1,0,1
1938632,99,1,0,1
5083888,99,1,0,1
2507776,99,1,1,0
7184280,99,1,1,0
840472,99,1,1,0
718712,99,1,1,0
4564800,99,1,1,0
214144,99,1,1,0
1459328,99,1,1,0
3600152,99,1,0,1
655344,99,1,0,1
279200,99,1,1,0
4862800,99,1,0,1
2104320,99,1,1,0
2338528,99,1,1,0
1780192,99,1,1,0
2079776,99,1,0,1
266336,99,1,0,1
1303880,99,1,0,1
1566312,99,1,1,0
978760,99,1,1,0
4997328,99,1,0,1
959792,99,1,0,1
3056224,99,1,1,0
1211264,99,1,1,0
4687664,99,1,1,0
6079688,99,1,0,1
459272,99,1,1,0
438376,99,1,1,0
4795440,99,1,0,1
211944,99,1,1,0
8264680,99,1,1,0
3413312,99,1,0,1
2914632,99,1,1,0
1849040,99,1,1,0
6707752,99,1,1,0
1887712,99,1,1,0
6567584,99,1,1,0
4084312,99,1,0,1
623568,99,1,1,0
1370400,99,1,0,1
2260256,99,1,1,0
4274208,99,1,1,0
1296352,99,1,1,0
2555696,99,1,0,1
3130472,99,1,1,0
2969776,99,1,0,1
4434608,99,1,0,1
5393896,99,1,0,1
7142888,99,1,1,0
478848,99,1,1,0
2870000,99,1,0,1
3996104,99,1,0,1
7912328,99,1,0,1
5972280,99,1,0,1
525592,99,1,1,0
2381680,99,1,1,0
3735112,99,1,0,1
1820808,99,1,1,0
4866656,99,1,0,1
2262960,99,1,1,0
5719144,99,1,1,0
1306840,99,1,1,0
688448,99,1,1,0
2336928,99,1,0,1
6476416,99,1,1,0
760744,99,1,0,1
7773640,99,1,0,1
2116032,99,1,0,1
2983896,99,1,1,0
3015960,99,1,1,0
3992568,99,1,1,0
755504,99,1,0,1
394416,99,1,0,1
1416112,99,1,0,1
376640,99,1,1,0
478816,99,1,1,0
59424,99,1,1,0
588096,99,1,1,0
6977736,99,1,1,0
1135232,99,1,1,0
184872,99,1,1,0
6404688,99,1,0,1
742608,99,1,0,1
1644928,99,1,0,1
689776,100,1,0,1
614440,100,1,1,0
4332008,100,1,1,0
1497624,100,1,1,0
3566720,100,1,1,0
5503704,100,1,1,0
1563696,100,1,0,1
505792,100,1,0,1
762368,100,1,1,0
1057072,100,1,1,0
6407896,100,1,0,1
3721344,100,1,1,0
851536,100,1,0,1
974064,100,1,0,1
4611136,100,1,1,0
258376,100,1,1,0
5512896,100,1,0,1
6543776,100,1,0,1
1789920,100,1,1,0
3000992,100,1,0,1
5911240,100,1,0,1
7472288,100,1,0,1
875400,100,1,0,1
3830864,100,1,1,0
5608600,100,1,1,0
8305536,100,1,0,1
5315040,100,1,1,0
7938584,100,1,0,1
3361112,100,1,0,1
7818928,100,1,1,0
3480976,100,1,1,0
1439360,100,1,0,1
3573904,100,1,0,1
408704,100,1,0,1
644104,100,1,1,0
6667888,100,1,1,0
4481880,100,1,1,0
3463192,100,1,1,0
2933024,100,1,1,0
3882664,100,1,0,1
1029576,100,1,0,1
4183168,100,1,1,0
539344,100,1,1,0
863440,100,1,1,0
6314592,100,1,0,1
6159272,100,1,0,1
4491512,100,1,0,1
1408672,100,1,0,1
2172600,100,1,1,0
1203432,100,1,0,1
6623688,100,1,1,0
702824,100,1,1,0
6009824,100,1,0,1
3525456,100,1,1,0
2417832,100,1,1,0
1863128,100,1,0,1
3702416,100,1,0,1
2653880,100,1,1,0
6735880,100,1,0,1
5742760,100,1,0,1
8144888,100,1,1,0
7996216,100,1,1,0
1388424,100,1,0,1
2760664,100,1,1,0
7804696,100,1,1,0
2082576,100,1,1,0
5558608,100,1,1,0
1806480,100,1,0,1
5956520,100,1,1,0
4929776,100,1,1,0
3070488,100,1,0,1
1681936,100,1,0,1
1328640,100,1,0,1
6613544,100,1,0,1
1372600,100,1,0,1
1541456,100,1,1,0
588920,100,1,0,1
5005504,100,1,1,0
2300344,100,1,0,1
1277368,100,1,0,1
1035616,100,1,0,1
5695872,100,1,0,1
638688,100,1,1,0
218192,100,1,0,1
1110688,100,1,1,0
5795184,100,1,0,1
5657000,100,1,1,0
1311640,100,1,0,1
7232904,100,1,0,1
331416,100,1,0,1
339392,100,1,0,1
1819432,100,1,1,0
2234432,100,1,1,0
258600,100,1,1,0
3171168,100,1,1,0
8180176,100,1,0,1
711776,100,1,0,1
2512216,100,1,1,0
5928000,100,1,1,0
256528,100,1,0,1
527128,100,1,1,0
2133448,100,1,0,1
1455896,100,1,1,0
4545472,100,1,0,1
1256064,100,1,1,0
5255720,100,1,0,1
375816,100,1,0,1
1243408,100,1,0,1
6899792,100,1,0,1
2799416,100,1,0,1
3517280,100,1,1,0
7467848,100,1,0,1
1894280,100,1,0,1
3852480,100,1,1,0
988824,100,1,0,1
4942696,100,1,1,0
2767440,100,1,1,0
4615024,100,1,1,0
1073384,100,1,1,0
1711760,100,1,0,1
3272136,100,1,1,0
153880,100,1,1,0
4471192,100,1,0,1
3364968,100,1,0,1
1701712,100,1,0,1
818792,100,1,1,0
3801624,100,1,1,0
1849056,100,1,0,1
1882688,100,1,1,0
1188488,100,1,1,0
1805184,100,1,0,1
960784,100,1,1,0
1276240,100,1,1,0
3166032,100,1,0,1
3584264,100,1,0,1
7899568,100,1,0,1
5341288,100,1,1,0
5078424,100,1,1,0
1708480,100,1,1,0
609832,100,1,0,1
5140152,100,1,1,0
4594160,100,1,1,0
2266304,100,1,0,1
2950112,100,1,1,0
4865728,100,1,0,1
2800464,100,1,1,0
387200,100,1,1,0
3169832,100,1,0,1
3503008,100,1,1,0
1145576,100,1,0,1
4180416,100,1,1,0
7747312,100,1,0,1
6926568,100,1,1,0
2065248,100,1,0,1
5030824,100,1,1,0
1305832,100,1,0,1
3014480,100,1,0,1
6319112,100,1,0,1
3716968,100,1,1,0
1396592,100,1,0,1
2239040,100,1,0,1
1692080,100,1,0,1
887936,100,1,1,0
5403456,100,1,0,1
2663608,100,1,0,1
409136,100,1,0,1
2382888,100,1,0,1
2540184,100,1,0,1
3968912,100,1,1,0
550864,100,1,0,1
8001992,100,1,1,0
2831664,100,1,1,0
8363736,100,1,1,0
7502320,100,1,0,1
4751632,100,1,1,0
6887544,100,1,1,0
2108184,100,1,0,1
2947056,100,1,1,0
3510944,100,1,1,0
1260944,100,1,1,0
3628384,100,1,1,0
3513440,100,1,0,1
1245080,100,1,0,1
7198344,100,1,1,0
8268376,100,1,0,1
695456,100,1,1,0
6808640,100,1,1,0
2095144,100,1,1,0
7967160,100,1,0,1
443864,100,1,1,0
2161560,100,1,0,1
3370616,100,1,0,1
1761896,100,1,1,0
1182920,100,1,1,0
2776816,100,1,0,1
1979072,100,1,0,1
1114272,100,1,0,1
1084280,100,1,1,0
3934432,100,1,0,1
3857336,100,1,0,1
2222792,100,1,1,0
1453232,100,1,1,0
593904,100,1,1,0
7786640,100,1,0,1
4287432,100,1,1,0
801552,100,1,1,0
3135992,100,1,1,0
7632224,100,1,0,1
345728,100,1,1,0
5483856,100,1,1,0
3705704,100,1,1,0
1581792,100,1,1,0
4771912,100,1,1,0
1954176,100,1,1,0
4172816,100,1,0,1
303904,100,1,0,1
2779248,100,1,0,1
3087608,100,1,1,0
3095520,100,1,1,0
633712,100,1,0,1
8215304,100,1,0,1
7935608,100,1,0,1
5681936,100,1,1,0
7181704,100,1,1,0
281752,100,1,0,1
5312176,100,1,0,1
1264912,100,1,1,0
4109376,100,1,1,0
764072,100,1,0,1
1223752,100,1,0,1
4350544,100,1,0,1
1524696,100,1,1,0
2208848,100,1,1,0
6758096,100,1,0,1
4587312,100,1,0,1
327416,100,1,0,1
1876456,100,1,0,1
2313480,100,1,0,1
1248504,100,1,0,1
234544,100,1,1,0
4348984,100,1,1,0
717736,100,1,0,1
4422288,100,1,0,1
2154096,100,1,1,0
3943752,100,1,1,0
2649432,100,1,0,1
6038976,100,1,1,0
1210320,100,1,0,1
221104,100,1,0,1
6850344,100,1,1,0
283568,100,1,1,0
4628424,100,1,1,0
868120,100,1,0,1
7119136,100,1,1,0
2272088,100,1,1,0
1281520,100,1,0,1
1750616,100,1,1,0
3355520,100,1,1,0
2491936,100,1,0,1
3063448,100,1,1,0
2607312,100,1,0,1
3067728,100,1,0,1
926304,100,1,0,1
2159584,100,1,1,0
359712,100,1,0,1
6146072,100,1,0,1
655896,100,1,0,1
7106784,100,1,0,1
382192,100,1,0,1
1237760,100,1,0,1
1784624,100,1,0,1
3775824,100,1,1,0
622264,100,1,0,1
714760,100,1,0,1
753544,100,1,1,0
1284000,100,1,1,0
2213296,100,1,1,0
413496,100,1,0,1
387272,100,1,1,0
345960,100,1,1,0
3808536,100,1,0,1
416264,100,1,0,1
1458920,100,1,1,0
4830256,100,1,0,1
555488,100,1,1,0
6374072,100,1,0,1
2016232,100,1,0,1
2054352,100,1,0,1
1723896,100,1,1,0
4332160,100,1,1,0
6789936,100,1,1,0
782088,100,1,1,0
6584608,100,1,1,0
2777376,100,1,0,1
2756232,100,1,1,0
2011728,100,1,0,1
3634312,100,1,1,0
2858136,100,1,1,0
6931688,100,1,0,1
6455872,100,1,0,1
7077232,100,1,0,1
3560432,100,1,0,1
727912,100,1,1,0
1925288,100,1,1,0
5458952,100,1,0,1
1853152,100,1,0,1
1208360,100,1,1,0
5161584,100,1,0,1
619088,100,1,0,1
580960,100,1,1,0
2936088,100,1,1,0
3180416,100,1,0,1
4688792,100,1,0,1
2022984,100,1,0,1
308488,100,1,1,0
2097400,100,1,0,1
8054088,100,1,1,0
6463752,100,1,1,0
7743104,100,1,1,0
127768,100,1,0,1
2586400,100,1,0,1
169072,100,1,1,0
1828048,100,1,1,0
3894056,100,1,0,1
843648,100,1,0,1
814192,100,1,1,0
7484728,100,1,1,0
2188832,100,1,0,1
6728664,100,1,0,1
4736056,100,1,0,1
650024,100,1,0,1
8036064,100,1,1,0
910968,100,1,0,1
5909824,100,1,1,0
458504,100,1,0,1
3907488,100,1,1,0
6265504,100,1,0,1
6351616,100,1,0,1
626424,100,1,0,1
1988568,100,1,1,0
1097760,100,1,0,1
137640,100,1,1,0
1976528,100,1,0,1
6886032,100,1,0,1
309248,100,1,1,0
3869416,100,1,1,0
1422680,100,1,1,0
1119544,100,1,1,0
2639000,100,1,1,0
8144552,100,1,0,1
987808,100,1,1,0
8055888,100,1,0,1
3380576,100,1,0,1
3333888,100,1,1,0
867408,100,1,1,0
2889192,100,1,1,0
5814192,100,1,1,0
3279232,100,1,0,1
7367648,100,1,0,1
1919088,100,1,1,0
688216,100,1,1,0
7011160,100,1,1,0
6601984,100,1,1,0
6055920,100,1,0,1
503776,100,1,1,0
7581192,100,1,1,0
1111272,100,1,1,0
7388944,100,1,0,1
2263168,100,1,0,1
859080,100,1,1,0
6001264,100,1,0,1
4445624,100,1,1,0
352488,100,1,1,0
395232,100,1,0,1
3542160,100,1,0,1
236256,100,1,1,0
342296,100,1,0,1
2834120,100,1,0,1
5552880,100,1,0,1
5369056,100,1,0,1
2864040,100,1,1,0
7081344,100,1,0,1
7559144,100,1,1,0
272616,100,1,1,0
888464,100,1,0,1
2809064,100,1,0,1
1504080,100,1,0,1
1119360,100,1,1,0
528224,100,1,0,1
7009224,100,1,0,1
468064,100,1,0,1
3102792,100,1,1,0
6570312,100,1,0,1
1324440,100,1,0,1
1105144,100,1,0,1
814584,100,1,0,1
2095968,100,1,0,1
1018536,100,1,0,1
1822768,100,1,0,1
6751504,100,1,1,0
3787232,100,1,1,0
8049376,100,1,1,0
3857208,100,1,0,1
3956640,100,1,1,0
4233336,100,1,1,0
1124048,100,1,1,0
2950024,100,1,1,0
5531968,100,1,1,0
1199656,100,1,0,1
844328,100,1,1,0
1829368,100,1,1,0
2696752,100,1,1,0
420944,100,1,0,1
4530424,100,1,0,1
555432,100,1,0,1
689808,100,1,1,0
606984,100,1,0,1
7290688,100,1,0,1
970944,100,1,1,0
5788816,100,1,0,1
614080,100,1,0,1
6882968,100,1,1,0
4673736,100,1,0,1
528528,100,1,0,1
4541128,100,1,1,0
1295128,100,1,1,0
2028128,100,1,1,0
2328736,100,1,1,0
2438144,100,1,1,0
6232536,100,1,1,0
7508144,100,1,0,1
7701360,100,1,0,1
1458456,100,1,0,1
6306008,100,1,1,0
8160040,100,1,1,0
3161776,100,1,1,0
2588128,100,1,1,0
6307552,100,1,0,1
7986944,100,1,1,0
2676568,100,1,1,0
5251656,100,1,0,1
1850496,100,1,1,0
2412584,100,1,0,1
556920,100,1,1,0
1610960,100,1,1,0
6814112,100,1,0,1
6518824,100,1,1,0
1078256,100,1,0,1
315376,100,1,1,0
482368,100,1,1,0
335728,100,1,1,0
881352,100,1,0,1
1911408,100,1,1,0
3761496,100,1,0,1
1252016,100,1,1,0
1791344,100,1,1,0
4934352,100,1,1,0
8298824,100,1,1,0
1279872,100,1,0,1
5405936,100,1,1,0
1677296,100,1,1,0
4261168,100,1,1,0
4484368,100,1,1,0
1057064,100,1,1,0
3788544,100,1,1,0
2750336,100,1,1,0
4684304,100,1,0,1
1435040,100,1,1,0
2606808,100,1,0,1
2815376,100,1,0,1
4430504,100,1,1,0
2555512,100,1,0,1
2108024,100,1,1,0
729712,100,1,0,1
4581640,100,1,0,1
6175288,100,1,0,1
6616728,100,1,1,0
6551776,100,1,0,1
142096,100,1,0,1
2715480,100,1,1,0
1475560,100,1,0,1
1190864,100,1,0,1
645096,100,1,1,0
2880944,100,1,0,1
2597808,100,1,1,0
1504328,100,1,0,1
3348352,100,1,1,0
677256,100,1,0,1
5646424,100,1,0,1
6257432,100,1,1,0
2352424,100,1,1,0
637384,100,1,1,0
4511496,100,1,1,0
2743920,100,1,1,0
676488,100,1,1,0
1052296,100,1,1,0
3474464,100,1,0,1
1363856,100,1,1,0
3871880,100,1,1,0
2903904,100,1,1,0
6265512,100,1,1,0
870488,100,1,1,0
5768208,100,1,1,0
7073248,100,1,0,1
1683064,100,1,0,1
446288,100,1,0,1
1301560,100,1,0,1
160592,100,1,0,1
1701320,100,1,1,0
1850968,100,1,1,0
1678704,100,1,1,0
851568,100,1,0,1
2808368,100,1,1,0
3195048,100,1,0,1
4245520,100,1,0,1
1582424,100,1,1,0
3328184,100,1,1,0
2027952,100,1,0,1
5228960,100,1,0,1
2917536,100,1,0,1
609792,100,1,1,0
990728,100,1,1,0
539776,100,1,0,1
330672,100,1,0,1
4017840,100,1,0,1
1193688,100,1,0,1
1261640,100,1,0,1
2219160,100,1,0,1
4201168,100,1,1,0
621888,100,1,0,1
2257672,100,1,0,1
1151640,100,1,0,1
2502760,100,1,0,1
1881064,100,1,0,1
7359296,100,1,1,0
496840,100,1,1,0
1320976,100,1,1,0
634752,100,1,0,1
586920,100,1,1,0
8369304,100,1,0,1
1961976,100,1,1,0
3649136,100,1,0,1
325608,100,1,0,1
7992200,100,1,0,1
4437064,100,1,0,1
5850384,100,1,0,1
1533336,100,1,0,1
1870392,100,1,1,0
2421880,100,1,0,1
2955976,100,1,1,0
299584,100,1,1,0
975016,100,1,1,0
3437288,100,1,1,0
1767800,100,1,1,0
7515552,100,1,1,0
6466264,100,1,1,0
1260576,100,1,0,1
1420792,100,1,1,0
3639056,100,1,1,0
5280448,100,1,1,0
4733248,100,1,1,0
2719832,100,1,1,0
2398032,100,1,0,1
7955216,100,1,1,0
5037416,100,1,0,1
3156536,100,1,1,0
2518016,100,1,1,0
3223200,100,1,0,1
1460192,100,1,0,1
2647640,100,1,0,1
220400,100,1,1,0
3325720,100,1,1,0
749672,100,1,0,1
1503064,100,1,1,0
226952,100,1,0,1
3441488,100,1,0,1
5670720,100,1,0,1
1722248,100,1,0,1
2452200,100,1,1,0
608648,100,1,0,1
7609184,100,1,0,1
870544,100,1,1,0
4289696,100,1,1,0
6826904,100,1,0,1
1436112,100,1,1,0
5180848,100,1,1,0
4626784,100,1,0,1
4925376,100,1,1,0
7021344,100,1,1,0
5014496,100,1,1,0
1075040,100,1,1,0
2625496,100,1,1,0
700440,100,1,0,1
380024,100,1,1,0
5975216,100,1,1,0
585504,100,1,1,0
820752,100,1,1,0
502496,100,1,1,0
7974504,100,1,0,1
1563064,100,1,1,0
4768568,100,1,0,1
725912,100,1,0,1
1650200,100,1,0,1
1342416,100,1,1,0
1063312,100,1,1,0
806896,100,1,1,0
2289136,100,1,1,0
8223928,100,1,0,1
297760,100,1,0,1
345056,100,1,1,0
5933720,100,1,1,0
7935856,100,1,1,0
1323032,100,1,1,0
5676296,100,1,1,0
8263432,100,1,1,0
620608,100,1,1,0
524888,100,1,0,1
3093752,100,1,1,0
2578448,100,1,0,1
447128,100,1,1,0
3549792,100,1,1,0
1309912,100,1,1,0
8037832,100,1,0,1
2251488,100,1,1,0
1584664,100,1,0,1
375376,100,1,0,1
1048128,100,1,0,1
2690648,100,1,1,0
2119384,100,1,1,0
4358928,100,1,0,1
4651776,100,1,1,0
3254936,100,1,0,1
2670128,100,1,1,0
7286336,100,1,0,1
4457512,100,1,0,1
4419040,100,1,1,0
4499560,100,1,0,1
738784,100,1,1,0
8222208,100,1,0,1
4761648,100,1,1,0
4338912,100,1,1,0
776008,100,1,1,0
2480872,100,1,1,0
1711496,100,1,0,1
1410024,100,1,0,1
1000928,100,1,0,1
2151384,100,1,0,1
1911376,100,1,1,0
3177896,100,1,1,0
2280392,100,1,1,0
2809928,100,1,0,1
4085688,100,1,1,0
1497888,100,1,1,0
4739232,100,1,0,1
883032,100,1,0,1
2337624,100,1,1,0
416624,100,1,1,0
6346864,100,1,0,1
7457504,100,1,0,1
7123264,100,1,1,0
1434864,100,1,0,1
3227704,100,1,0,1
366328,100,1,0,1
6354256,100,1,0,1
322168,100,1,1,0
1287712,100,1,0,1
1061936,100,1,1,0
1876352,100,1,0,1
2755536,100,1,0,1
308288,100,1,1,0
1676232,100,1,1,0
402568,100,1,0,1
3738528,100,1,0,1
4297096,100,1,0,1
151880,100,1,0,1
3859800,100,1,1,0
8035320,100,1,0,1
7694600,100,1,0,1
5093104,100,1,1,0
517016,100,1,1,0
344512,100,1,1,0
7322560,100,1,1,0
1433752,100,1,1,0
6101960,100,1,1,0
3042176,100,1,0,1
1049872,100,1,1,0
3498272,100,1,1,0
256448,100,1,0,1
2085880,100,1,1,0
5830376,100,1,1,0
1174176,100,1,1,0
901984,100,1,0,1
682392,100,1,0,1
477472,100,1,0,1
1905896,100,1,0,1
1050728,100,1,1,0
3242456,100,1,0,1
266952,100,1,1,0
3140824,100,1,1,0
4626656,100,1,1,0
2173624,100,1,1,0
7312984,100,1,0,1
1022120,100,1,0,1
4971224,100,1,0,1
1010648,100,1,1,0
868672,100,1,0,1
8113032,100,1,0,1
1301776,100,1,1,0
528960,100,1,1,0
625344,100,1,1,0
645472,100,1,0,1
164072,100,1,0,1
152488,100,1,0,1
7220752,100,1,1,0
6146248,100,1,1,0
6836528,100,1,1,0
7689816,100,1,1,0
5460416,100,1,0,1
7168016,100,1,1,0
2247984,100,1,0,1
1222112,100,1,1,0
7885144,100,1,0,1
553520,100,1,0,1
762208,100,1,1,0
89664,100,1,1,0
1508392,100,1,1,0
7518936,100,1,0,1
640168,100,1,1,0
582544,100,1,1,0
3393512,100,1,0,1
3192136,100,1,0,1
4886648,100,1,0,1
961472,100,1,0,1
2464448,100,1,1,0
1301088,100,1,0,1
7270840,100,1,1,0
715464,100,1,0,1
7292064,100,1,0,1
2997976,100,1,1,0
546512,100,1,0,1
1043392,100,1,0,1
2589944,100,1,1,0
685352,100,1,0,1
5592592,100,1,0,1
8388584,100,1,1,0
477792,100,1,0,1
7746816,100,1,1,0
1580416,100,1,0,1
3428376,100,1,0,1
4818480,100,1,0,1
237648,100,1,1,0
979456,100,1,0,1
6658448,100,1,1,0
347608,100,1,1,0
1210864,100,1,1,0
2129136,100,1,0,1
1711800,100,1,1,0
512048,100,1,0,1
1713408,100,1,0,1
590856,100,1,0,1
8239584,100,1,0,1
378440,100,1,1,0
1155584,100,1,0,1
7752344,100,1,0,1
3335208,100,1,1,0
1566328,100,1,1,0
1613200,100,1,1,0
7532216,100,1,0,1
7181408,100,1,0,1
2399944,100,1,1,0
1064184,100,1,0,1
1167704,100,1,0,1
4476320,100,1,0,1
4398208,100,1,1,0
5375464,100,1,0,1
2573656,100,1,1,0
1875600,100,1,0,1
1510216,100,1,1,0
2697240,100,1,0,1
1223432,100,1,0,1
6996968,100,1,0,1
3089592,100,1,0,1
2737920,100,1,1,0
558880,100,1,0,1
987456,100,1,1,0
1349680,100,1,0,1
2303888,100,1,0,1
1692224,100,1,1,0
1494736,100,1,0,1
1845392,100,1,0,1
7743424,100,1,1,0
6682912,100,1,0,1
624664,100,1,1,0
4510704,100,1,0,1
3371184,100,1,0,1
2180176,100,1,0,1
1572360,100,1,0,1
4788080,100,1,1,0
4236832,100,1,1,0
3612384,100,1,0,1
2388392,100,1,0,1
494424,100,1,0,1
485976,100,1,1,0
2737168,100,1,1,0
835120,100,1,1,0
6035048,100,1,1,0
174480,100,1,1,0
3259000,100,1,1,0
2673888,100,1,1,0
2357200,100,1,0,1
7908576,100,1,1,0
3772600,100,1,1,0
4214792,100,1,1,0
5487280,100,1,0,1
5374568,100,1,1,0
780584,100,1,1,0
515040,100,1,0,1
6150456,100,1,0,1
1954024,100,1,0,1
7284032,100,1,1,0
5315112,100,1,0,1
1092712,100,1,0,1
1938936,100,1,1,0
3551864,100,1,0,1
1933176,100,1,0,1
3687128,100,1,0,1
386296,100,1,1,0
2115656,100,1,0,1
2496840,100,1,0,1
1953608,100,1,0,1
1155264,100,1,1,0
2345488,100,1,0,1
2634184,100,1,0,1
5174704,100,1,0,1
5817184,100,1,1,0
1487448,100,1,1,0
2232016,100,1,1,0
5264704,100,1,1,0
1974936,100,1,1,0
5868504,100,1,1,0
1016912,100,1,1,0
3779352,100,1,0,1
3465904,100,1,1,0
1529864,100,1,0,1
7089288,100,1,1,0
6488672,100,1,1,0
5240400,100,1,0,1
1917968,100,1,1,0
4010688,100,1,1,0
423448,100,1,0,1
332800,100,1,1,0
5325840,100,1,0,1
3750904,100,1,0,1
1125336,100,1,1,0
475064,100,1,1,0
4874872,100,1,1,0
445064,100,1,1,0
5447264,100,1,1,0
2001616,100,1,0,1
1682232,100,1,0,1
459464,100,1,0,1
493536,100,1,0,1
565000,100,1,0,1
297384,100,1,1,0
5994088,100,1,0,1
1389400,100,1,0,1
5219528,100,1,0,1
4501216,100,1,1,0
5273656,100,1,1,0
3247016,100,1,1,0
2812136,100,1,0,1
3505848,100,1,0,1
3550800,100,1,1,0
1530544,100,1,1,0
7020552,100,1,1,0
646648,100,1,0,1
813384,100,1,1,0
209280,100,1,1,0
210280,100,1,0,1
1857264,100,1,0,1
4052712,100,1,1,0
2757720,100,1,1,0
3049728,100,1,1,0
972872,100,1,1,0
3361096,100,1,1,0
2848920,100,1,1,0
393056,100,1,1,0
1276520,100,1,1,0
1357296,100,1,0,1
163944,100,1,0,1
3768336,100,1,1,0
7053304,100,1,1,0
4962280,100,1,1,0
1906160,100,1,1,0
1745760,100,1,0,1
5299792,100,1,0,1
4346096,100,1,0,1
834440,100,1,1,0
986088,100,1,1,0
702944,100,1,1,0
7555624,100,1,1,0
4891568,100,1,0,1
5054496,100,1,0,1
5919032,100,1,0,1
3703304,100,1,1,0
5446008,100,1,0,1
2257088,100,1,0,1
2628264,100,1,0,1
1262024,100,1,0,1
5820848,100,1,1,0
413152,100,1,1,0
2800480,100,1,1,0
1475864,100,1,1,0
2814040,100,1,1,0
1659480,100,1,1,0
337088,100,1,0,1
2082416,100,1,0,1
7897160,100,1,0,1
782080,100,1,1,0
1446464,100,1,0,1
313896,100,1,0,1
6607400,100,1,1,0
7843832,100,1,0,1
1344192,100,1,0,1
309768,100,1,1,0
3405928,100,1,1,0
103328,100,1,1,0
4349056,100,1,1,0
413848,100,1,1,0
534496,100,1,0,1
2461256,100,1,0,1
7684856,100,1,0,1
206808,100,1,0,1
2078744,100,1,0,1
717560,100,1,1,0
5265616,100,1,0,1
6504728,100,1,0,1
6418768,100,1,1,0
2072920,100,1,0,1
1149168,100,1,1,0
1760800,100,1,1,0
7679184,100,1,0,1
2460120,100,1,1,0
518440,100,1,0,1
113520,100,1,0,1
5342816,100,1,0,1
1632384,100,1,1,0
544232,100,1,1,0
5741312,100,1,1,0
7720344,100,1,1,0
4510912,100,1,1,0
5415672,100,1,1,0
3684448,100,1,0,1
4215944,100,1,1,0
3783752,100,1,1,0
2572584,100,1,0,1
3352560,100,1,0,1
3432600,100,1,1,0
436224,100,1,1,0
2658592,100,1,0,1
421992,100,1,1,0
2691840,100,1,0,1
659448,100,1,0,1
1604600,100,1,0,1
793400,100,1,1,0
1676088,100,1,0,1
4039896,100,1,1,0
2563536,100,1,1,0
324128,100,1,0,1
2957080,100,1,0,1
749616,100,1,1,0
4840104,100,1,1,0
3024328,100,1,0,1
6484632,100,1,0,1
2352272,100,1,0,1
2478400,100,1,1,0
2089648,100,1,0,1
613680,100,1,1,0
529544,100,1,0,1
2275912,100,1,1,0
5786840,100,1,0,1
4692856,100,1,0,1
8268568,100,1,0,1
7421320,100,1,1,0
2183272,100,1,1,0
6767304,100,1,1,0
2778072,100,1,0,1
1537896,100,1,0,1
774968,100,1,1,0
757768,100,1,0,1
253848,100,1,1,0
833960,100,1,0,1
107512,100,1,1,0
2514592,100,1,0,1
6877216,100,1,1,0
4791816,100,1,0,1
2330576,100,1,0,1
181552,100,1,0,1
600136,100,1,0,1
3361760,100,1,0,1
2512648,100,1,0,1
4680008,100,1,0,1
5830568,100,1,0,1
1161640,100,1,1,0
4555840,100,1,1,0
219632,100,1,1,0
392920,100,1,1,0
592648,100,1,0,1
5040552,100,1,1,0
8296208,100,1,1,0
6953096,100,1,0,1
662616,100,1,0,1
2934472,100,1,1,0
171096,100,1,0,1
1955208,100,1,0,1
3537840,100,1,0,1
890504,100,1,1,0
1107808,100,1,1,0
431848,100,1,1,0
1492896,100,1,1,0
1345336,100,1,1,0
2075352,100,1,1,0
1522168,100,1,1,0
6521800,100,1,0,1
346008,100,1,0,1
938072,100,1,1,0
4631136,100,1,0,1
1185520,100,1,1,0
462560,100,1,1,0
1678904,100,1,0,1
7802816,100,1,1,0
3381464,100,1,0,1
3113528,100,1,0,1
1838160,100,1,1,0
975976,100,1,0,1
850872,100,1,0,1
659104,100,1,1,0
2640696,100,1,1,0
7877720,100,1,0,1
669136,100,1,1,0
1014512,100,1,1,0
185680,100,1,1,0
210328,100,1,1,0
1737912,100,1,1,0
3656264,100,1,1,0
1223928,100,1,1,0
7995936,100,1,0,1
2771144,100,1,1,0
5388184,100,1,1,0
1042432,100,1,1,0
929440,100,1,1,0
1362128,100,1,0,1
271472,100,1,1,0
644448,100,1,1,0
1459920,100,1,0,1
3773336,100,1,0,1
1161128,100,1,1,0
3878432,100,1,0,1
2545496,100,1,1,0
1710984,100,1,0,1
561832,100,1,1,0
6432816,100,1,0,1
2759200,100,1,1,0
1605976,100,1,0,1
1234792,100,1,0,1
935784,100,1,1,0
8082184,100,1,1,0
1177384,100,1,1,0
1307832,100,1,0,1
4537864,100,1,1,0
7613856,100,1,0,1
5279320,100,1,1,0
2721584,100,1,1,0
385504,100,1,0,1
292288,100,1,0,1
4799368,100,1,0,1
4783600,100,1,1,0
1408216,100,1,0,1
1044952,100,1,1,0
3907696,100,1,0,1
958984,100,1,1,0
2335120,100,1,0,1
3335576,100,1,0,1
2754440,100,1,1,0
877688,100,1,1,0
606168,100,1,0,1
972232,100,1,1,0
4888672,100,1,1,0
7159008,100,1,0,1
1440976,100,1,1,0
1579904,100,1,0,1
1669696,100,1,1,0
1823352,100,1,1,0
1179072,100,1,0,1
1381888,100,1,1,0
1330888,100,1,1,0
4491576,100,1,0,1
433240,100,1,1,0
4958760,100,1,1,0
3576080,100,1,1,0
739648,100,1,0,1
3354088,100,1,1,0
609184,100,1,1,0
1581688,100,1,0,1
4530688,100,1,1,0
886136,100,1,0,1
5259480,100,1,1,0
6684880,100,1,0,1
1053592,100,1,0,1
1549624,100,1,1,0
241992,100,1,1,0
526520,100,1,0,1
2004568,100,1,0,1
2597768,100,1,0,1
149408,100,1,0,1
1592248,100,1,0,1
2129856,100,1,0,1
2600200,100,1,1,0
3066632,100,1,0,1
1786512,100,1,1,0
3767912,100,1,1,0
1112232,100,1,1,0
3468344,100,1,1,0
953576,100,1,0,1
5701272,100,1,1,0
8085928,100,1,0,1
2582872,100,1,0,1
382720,100,1,1,0
657360,100,1,1,0
7807696,100,1,0,1
8336584,100,1,1,0
5602520,100,1,0,1
1065672,100,1,0,1
6423864,100,1,0,1
1025912,100,1,1,0
2773432,100,1,0,1
647744,100,1,0,1
3672784,100,1,0,1
436328,100,1,0,1
8137648,100,1,0,1
583640,100,1,0,1
5237096,100,1,0,1
3787792,100,1,1,0
4280536,100,1,0,1
4531640,100,1,0,1
2628776,100,1,0,1
1558288,100,1,0,1
4794008,100,1,0,1
4582640,100,1,0,1
2984640,100,1,1,0
386000,100,1,0,1
850320,100,1,1,0
5348032,100,1,1,0
5418816,100,1,1,0
305968,100,1,1,0
3411648,100,1,1,0
6472680,100,1,1,0
2305608,100,1,0,1
834232,100,1,1,0
4713976,100,1,0,1
1527928,100,1,0,1
6473664,100,1,1,0
1595608,100,1,0,1
1214744,100,1,1,0
978952,100,1,0,1
4602536,100,1,0,1
2041504,100,1,0,1
2096792,100,1,1,0
5507008,100,1,1,0
3321160,100,1,1,0
3370840,100,1,1,0
4755840,100,1,1,0
3133392,100,1,0,1
97192,100,1,1,0
2947376,100,1,1,0
1278184,100,1,1,0
5331056,100,1,0,1
435712,100,1,0,1
664784,100,1,0,1
4350096,100,1,0,1
6144008,100,1,0,1
488944,100,1,1,0
3907752,100,1,0,1
289152,100,1,0,1
3742440,100,1,0,1
1076656,100,1,0,1
1900896,100,1,0,1
583696,100,1,0,1
4788128,100,1,1,0
1426056,100,1,1,0
895568,100,1,0,1
4704960,100,1,1,0
705672,100,1,0,1
6551496,100,1,0,1
7083520,100,1,0,1
3443632,100,1,0,1
3926552,100,1,1,0
3492792,100,1,0,1
5091248,100,1,0,1
1983040,100,1,1,0
291048,100,1,0,1
4663776,100,1,0,1
2170776,100,1,0,1
4153072,100,1,0,1
324744,100,1,1,0
3040424,100,1,1,0
5731480,100,1,1,0
4239776,100,1,0,1
2394560,100,1,0,1
5998736,100,1,1,0
5494888,100,1,1,0
341408,100,1,1,0
1971304,100,1,1,0
281272,100,1,1,0
366416,100,1,1,0
1227352,100,1,0,1
2713272,100,1,1,0
5574088,100,1,1,0
1014768,100,1,0,1
1017840,100,1,1,0
1376056,100,1,0,1
1695376,100,1,0,1
2544832,100,1,0,1
167832,100,1,0,1
7328328,100,1,1,0
5173008,100,1,0,1
7527688,100,1,0,1
318360,100,1,0,1
1935432,100,1,1,0
7941848,100,1,0,1
7714480,100,1,0,1
1274216,100,1,1,0
864704,100,1,1,0
3125944,100,1,1,0
1579528,100,1,1,0
800304,100,1,0,1
686456,100,1,1,0
2842056,100,1,0,1
1872640,100,1,0,1
7458640,100,1,0,1
2255600,100,1,0,1
6513088,100,1,0,1
159992,100,1,1,0
1565200,100,1,0,1
2213576,100,1,0,1
6112760,100,1,0,1
2653688,100,1,1,0
8127872,100,1,0,1
1386960,100,1,1,0
2175648,100,1,0,1
439752,100,1,1,0
1845224,100,1,1,0
365152,100,1,1,0
100128,100,1,1,0
1801440,100,1,0,1
3925880,100,1,1,0
2269848,100,1,1,0
4875480,100,1,0,1
1816184,100,1,0,1
1148176,100,1,0,1
1181704,100,1,1,0
1097952,100,1,0,1
760096,100,1,0,1
1985520,100,1,1,0
7166384,100,1,0,1
266296,100,1,1,0
974248,100,1,0,1
755800,100,1,1,0
2997760,100,1,0,1
1038072,100,1,1,0
1751000,100,1,1,0
7061744,100,1,0,1
923552,100,1,0,1
956544,100,1,1,0
3150648,100,1,1,0
2661504,100,1,1,0
593000,100,1,0,1
1103944,100,1,0,1
1314368,100,1,1,0
3599080,100,1,0,1
816496,100,1,0,1
2024440,100,1,1,0
5442200,100,1,0,1
7225304,100,1,0,1
482272,100,1,0,1
2543288,100,1,0,1
838120,100,1,0,1
320416,100,1,1,0
4031688,100,1,0,1
2620568,100,1,0,1
4708600,100,1,0,1
3434648,100,1,1,0
2017216,100,1,0,1
6805976,100,1,1,0
1341088,100,1,1,0
5677848,100,1,0,1
3550664,100,1,1,0
2988888,100,1,0,1
3967344,100,1,1,0
2751512,100,1,1,0
6869256,100,1,1,0
4621800,100,1,1,0
1006992,100,1,0,1
6551688,100,1,0,1
4390768,100,1,1,0
4763784,100,1,0,1
4001040,100,1,1,0
5766352,100,1,1,0
3086960,100,1,1,0
1955080,100,1,1,0
341632,100,1,0,1
439184,100,1,0,1
1356072,100,1,1,0
5078808,100,1,0,1
7695664,100,1,1,0
7225920,100,1,0,1
5070136,100,1,0,1
477120,100,1,0,1
344080,100,1,0,1
223680,100,1,0,1
4881664,100,1,1,0
1078280,100,1,0,1
2668400,100,1,0,1
1250104,100,1,0,1
258160,100,1,0,1
479032,100,1,0,1
3399816,100,1,0,1
3812248,100,1,1,0
4818280,100,1,0,1
2229584,100,1,1,0
374984,100,1,0,1
2442088,100,1,1,0
7703288,100,1,1,0
1789280,100,1,0,1
471544,100,1,0,1
3002984,100,1,1,0
988592,100,1,1,0
1083952,100,1,1,0
5663704,100,1,1,0
528600,100,1,1,0
6030880,100,1,1,0
4320624,100,1,0,1
2993648,100,1,1,0
3483232,100,1,0,1
985184,100,1,1,0
4563088,100,1,0,1
327664,100,1,1,0
361080,100,1,1,0
281360,100,1,1,0
917328,100,1,0,1
2141872,100,1,1,0
2849848,100,1,1,0
1467080,100,1,0,1
1075552,100,1,0,1
1709160,100,1,0,1
463856,100,1,0,1
3632080,100,1,1,0
314496,100,1,1,0
1867928,100,1,1,0
1548120,100,1,1,0
2354864,100,1,1,0
385688,100,1,0,1
7250560,100,1,1,0
7659776,100,1,0,1
4781896,100,1,0,1
998904,100,1,0,1
4495720,100,1,0,1
7144072,100,1,1,0
1944168,100,1,1,0
504000,100,1,1,0
2277320,100,1,0,1
1456552,100,1,0,1
6012464,100,1,1,0
704080,100,1,0,1
8271120,100,1,1,0
5678080,100,1,0,1
5028928,100,1,0,1
6394432,100,1,0,1
440648,100,1,1,0
6242864,100,1,1,0
4235176,100,1,1,0
503936,100,1,0,1
334552,100,1,1,0
2853680,100,1,1,0
4623480,100,1,1,0
4285792,100,1,1,0
1596584,100,1,1,0
7098560,100,1,0,1
8095120,100,1,1,0
193024,100,1,0,1
6063656,100,1,1,0
1055968,100,1,1,0
643544,100,1,1,0
129288,100,1,1,0
5320616,100,1,0,1
394528,100,1,1,0
2296104,100,1,0,1
4808472,100,1,1,0
501056,100,1,1,0
8090168,100,1,1,0
1592088,100,1,0,1
3991976,100,1,1,0
7676048,100,1,0,1
291456,100,1,0,1
1536152,100,1,1,0
7856848,100,1,0,1
1408760,100,1,1,0
3901224,100,1,0,1
1909936,100,1,1,0
580976,100,1,1,0
2999840,100,1,1,0
4084160,100,1,1,0
806080,100,1,1,0
653296,100,1,0,1
443920,100,1,1,0
5060376,100,1,1,0
2310424,100,1,0,1
2321392,100,1,1,0
5810272,100,1,1,0
4684536,100,1,0,1
1528856,100,1,1,0
2745008,100,1,0,1
1155328,100,1,0,1
1609688,100,1,1,0
4819480,100,1,0,1
2429960,100,1,0,1
1080560,100,1,0,1
428512,100,1,1,0
4861496,100,1,0,1
2888696,100,1,0,1
262536,100,1,0,1
177224,100,1,0,1
1362608,100,1,1,0
7800104,100,1,1,0
4850960,100,1,0,1
3790376,100,1,0,1
2569264,100,1,1,0
1036752,100,1,1,0
1922088,100,1,1,0
2816504,100,1,1,0
4888936,100,1,1,0
5176912,100,1,1,0
970528,100,1,1,0
1356432,100,1,0,1
5202376,100,1,0,1
577032,100,1,0,1
4974288,100,1,0,1
3633512,100,1,0,1
2686416,100,1,0,1
4124776,100,1,0,1
6215808,100,1,1,0
6525040,100,1,1,0
297248,100,1,1,0
286016,100,1,0,1
5423656,100,1,0,1
2958256,100,1,1,0
3247768,100,1,0,1
7248984,100,1,1,0
379584,100,1,0,1
8253824,100,1,0,1
4221776,100,1,1,0
4010864,100,1,1,0
583392,100,1,1,0
4663752,100,1,1,0
600688,100,1,1,0
7209264,100,1,0,1
6719288,100,1,0,1
1629272,100,1,0,1
1957520,100,1,1,0
2513224,100,1,1,0
767768,100,1,0,1
4561432,100,1,0,1
7354328,100,1,0,1
127176,100,1,1,0
715376,100,1,1,0
2565552,100,1,0,1
7196600,100,1,0,1
4342536,100,1,0,1
7940224,100,1,1,0
1231824,100,1,0,1
3101008,100,1,1,0
2315616,100,1,1,0
6909192,100,1,0,1
1000096,100,1,1,0
4879296,100,1,1,0
3840832,100,1,1,0
267272,100,1,1,0
4333680,100,1,1,0
1137968,100,1,0,1
314656,100,1,1,0
1528296,100,1,0,1
861392,100,1,0,1
4052840,100,1,1,0
823168,100,1,0,1
7317536,100,1,1,0
2259776,100,1,0,1
4269216,100,1,0,1
411928,100,1,1,0
8269320,100,1,1,0
5500936,100,1,1,0
2497696,100,1,0,1
1463136,100,1,1,0
1853368,100,1,1,0
941152,100,1,1,0
1204896,100,1,1,0
813584,100,1,0,1
4438064,100,1,1,0
1474088,100,1,1,0
4469312,100,1,0,1
5301552,100,1,1,0
794112,100,1,1,0
399544,100,1,0,1
3839552,100,1,0,1
3610656,100,1,1,0
4544584,100,1,0,1
3373504,100,1,0,1
238752,100,1,0,1
1011448,100,1,0,1
1171744,100,1,0,1
4004440,100,1,0,1
3290688,100,1,0,1
4194768,100,1,0,1
463272,100,1,0,1
2776184,100,1,0,1
7528896,100,1,1,0
1164128,100,1,0,1
8295160,100,1,0,1
7720720,100,1,0,1
4272792,100,1,0,1
286680,100,1,0,1
5208472,100,1,0,1
2076168,100,1,0,1
1356008,100,1,0,1
630128,100,1,1,0
5390264,100,1,0,1
2026264,100,1,1,0
1643120,100,1,1,0
1471968,100,1,1,0
409832,100,1,0,1
1504848,100,1,0,1
3620080,100,1,0,1
6480496,100,1,1,0
444752,100,1,1,0
7045912,100,1,1,0
2222344,100,1,1,0
386400,100,1,0,1
880704,100,1,0,1
3107896,100,1,0,1
4373920,100,1,1,0
3951168,100,1,1,0
532192,100,1,1,0
813544,100,1,0,1
4876328,100,1,1,0
4657744,100,1,0,1
1104368,100,1,1,0
1296064,100,1,1,0
2342512,100,1,1,0
4224472,100,1,0,1
482560,100,1,0,1
3913392,100,1,0,1
7289144,100,1,1,0
691808,100,1,0,1
4158352,100,1,1,0
4007712,100,1,1,0
4856304,100,1,0,1
7209104,100,1,0,1
2003872,100,1,0,1
7782744,100,1,0,1
2441176,100,1,1,0
6987816,100,1,1,0
1090824,100,1,0,1
2247880,100,1,0,1
826160,100,1,1,0
4819760,100,1,1,0
3790320,100,1,0,1
146608,100,1,1,0
2944704,100,1,1,0
7547544,100,1,0,1
2611760,100,1,1,0
2493584,100,1,1,0
2382640,100,1,1,0
1343824,100,1,1,0
2530920,100,1,0,1
3853936,100,1,0,1
7532640,100,1,0,1
1399696,100,1,1,0
5857544,100,1,1,0
331592,100,1,0,1
3581208,100,1,0,1
5314248,100,1,1,0
1440272,100,1,0,1
1394432,100,1,0,1
314256,100,1,0,1
943008,100,1,0,1
2748720,100,1,1,0
3573608,100,1,0,1
618800,100,1,0,1
2895040,100,1,0,1
4107432,100,1,1,0
2206288,100,1,0,1
6432424,100,1,1,0
3296624,100,1,1,0
301432,100,1,0,1
3155240,100,1,1,0
2189664,100,1,0,1
2279336,100,1,0,1
1448808,100,1,0,1
8182712,100,1,0,1
6784784,100,1,0,1
4154896,100,1,1,0
1678336,100,1,1,0
1344984,100,1,0,1
3507912,100,1,0,1
4640560,100,1,0,1
543032,100,1,0,1
6724736,100,1,0,1
3689944,100,1,0,1
857952,100,1,1,0
1405808,100,1,0,1
494528,100,1,0,1
5119120,100,1,1,0
4409464,100,1,0,1
209512,100,1,1,0
6789696,100,1,0,1
5145864,100,1,0,1
1333600,100,1,0,1
6804264,100,1,1,0
1079808,100,1,0,1
466408,100,1,1,0
8198864,100,1,0,1
2121264,100,1,1,0
804352,100,1,0,1
1808064,100,1,1,0
6221912,100,1,1,0
1048184,100,1,0,1
458536,100,1,1,0
3496064,100,1,0,1
7334016,100,1,0,1
1392792,100,1,1,0
1356280,100,1,0,1
1560840,100,1,1,0
1728888,100,1,0,1
855056,100,1,1,0
110832,100,1,0,1
4974896,100,1,0,1
676976,100,1,1,0
615624,100,1,1,0
1880648,100,1,1,0
1341320,100,1,1,0
1878216,100,1,0,1
1703720,100,1,1,0
3282312,100,1,0,1
1240032,100,1,1,0
303608,100,1,0,1
3800256,100,1,0,1
1413000,100,1,0,1
8248584,100,1,1,0
1952992,100,1,0,1
349592,100,1,0,1
1121424,100,1,0,1
309640,100,1,1,0
370640,100,1,0,1
1430416,100,1,0,1
7210952,100,1,1,0
5496624,100,1,1,0
6554520,100,1,1,0
1918288,100,1,0,1
7696312,100,1,1,0
4175432,100,1,0,1
7543672,100,1,1,0
3682976,100,1,0,1
2787624,100,1,0,1
2502192,100,1,0,1
7051040,100,1,0,1
8191896,100,1,1,0
2523240,100,1,0,1
4750752,100,1,1,0
1336832,100,1,1,0
1724640,100,1,0,1
2887624,100,1,0,1
97632,100,1,0,1
7624184,100,1,0,1
973344,100,1,1,0
2478920,100,1,0,1
1239328,100,1,0,1
737088,100,1,1,0
5667192,100,1,0,1
5755000,100,1,0,1
243776,100,1,1,0
3071928,100,1,0,1
174472,100,1,1,0
1079184,100,1,1,0
2014992,100,1,1,0
3244760,100,1,1,0
4861632,100,1,1,0
5236000,100,1,0,1
1292880,100,1,0,1
6385896,100,1,0,1
5630216,100,1,0,1
1045704,100,1,1,0
1867120,100,1,1,0
799960,100,1,0,1
214728,100,1,0,1
928528,100,1,0,1
4290416,100,1,0,1
1232904,100,1,1,0
6160224,100,1,1,0
7485200,100,1,1,0
6650912,100,1,1,0
1741032,100,1,0,1
1826248,100,1,1,0
8363672,100,1,1,0
902968,100,1,0,1
709432,100,1,0,1
1111296,100,1,0,1
2890696,100,1,0,1
1045544,100,1,0,1
327240,100,1,1,0
250152,100,1,1,0
299160,100,1,1,0
4637264,100,1,1,0
1612056,100,1,0,1
585808,100,1,0,1
1307552,100,1,1,0
784056,100,1,1,0
1442000,100,1,0,1
4136384,100,1,0,1
921848,100,1,1,0
4349464,100,1,0,1
3584744,100,1,1,0
2222992,100,1,0,1
4704624,100,1,1,0
696840,100,1,0,1
5612608,100,1,1,0
3629672,100,1,1,0
3355528,100,1,1,0
4147952,100,1,0,1
847536,100,1,1,0
2027760,100,1,1,0
836680,100,1,1,0
426888,100,1,1,0
1256528,100,1,1,0
922936,100,1,1,0
3714672,100,1,1,0
1192928,100,1,1,0
2022448,100,1,1,0
2739480,100,1,0,1
4737656,100,1,1,0
2804720,100,1,0,1
4725832,100,1,0,1
7080304,100,1,1,0
2211784,100,1,1,0
282488,100,1,1,0
2247776,100,1,1,0
2654904,100,1,0,1
5721320,100,1,0,1
4402208,100,1,1,0
702072,100,1,1,0
6888392,100,1,0,1
461136,100,1,1,0
7302160,100,1,1,0
1303592,100,1,0,1
589520,100,1,0,1
1519496,100,1,1,0
5772224,100,1,1,0
3909280,100,1,1,0
3786864,100,1,0,1
1286800,100,1,1,0
1477544,100,1,0,1
3938216,100,1,0,1
6132872,100,1,0,1
7724904,100,1,1,0
391496,100,1,0,1
2479720,100,1,0,1
5266824,100,1,1,0
4694768,100,1,1,0
1328320,100,1,0,1
3721648,100,1,0,1
414432,100,1,0,1
377544,100,1,1,0
4574104,100,1,0,1
2502576,100,1,1,0
6981184,100,1,0,1
3863504,100,1,0,1
3520904,100,1,0,1
3119888,100,1,0,1
5061984,100,1,1,0
1735408,100,1,0,1
4804312,100,1,0,1
3282192,100,1,1,0
1288800,100,1,1,0
1122136,100,1,0,1
7228416,100,1,1,0
1644632,100,1,0,1
1787480,100,1,1,0
2633088,100,1,1,0
3626080,100,1,0,1
5632768,100,1,0,1
5778264,100,1,0,1
5648376,100,1,0,1
2299952,100,1,0,1
1300064,100,1,0,1
257696,100,1,0,1
7106880,100,1,0,1
1960280,100,1,1,0
654752,100,1,0,1
186520,100,1,0,1
2457560,100,1,1,0
615856,100,1,0,1
2405880,100,1,0,1
4903696,100,1,1,0
1759880,100,1,0,1
326192,100,1,1,0
4185840,100,1,0,1
414992,100,1,1,0
7096416,100,1,0,1
2856016,100,1,0,1
1396912,100,1,1,0
4202104,100,1,1,0
7518336,100,1,0,1
222936,100,1,0,1
841864,100,1,1,0
1800184,100,1,0,1
6395808,100,1,1,0
432712,100,1,0,1
4220432,100,1,1,0
1705760,100,1,0,1
2690496,100,1,0,1
959584,100,1,1,0
1562000,100,1,1,0
688016,100,1,0,1
1530744,100,1,0,1
900136,100,1,1,0
1395696,100,1,1,0
395424,100,1,1,0
2245672,100,1,1,0
2135336,100,1,0,1
2168824,100,1,1,0
5018040,100,1,0,1
4876240,100,1,1,0
2151392,100,1,1,0
1162424,100,1,0,1
3975768,100,1,1,0
4655280,100,1,1,0
4316496,100,1,1,0
7922368,100,1,0,1
1402376,100,1,1,0
3011464,100,1,0,1
1633808,100,1,0,1
1935536,100,1,0,1
5041680,100,1,0,1
388816,100,1,0,1
1317760,100,1,0,1
3968496,100,1,1,0
4842656,100,1,0,1
1015648,100,1,0,1
2304024,100,1,0,1
2948048,100,1,0,1
695144,100,1,0,1
2234720,100,1,1,0
5937016,100,1,1,0
274064,100,1,1,0
135792,100,1,0,1
3614536,100,1,1,0
5035056,100,1,0,1
1367248,100,1,1,0
770960,100,1,1,0
2189960,100,1,0,1
2393792,100,1,1,0
462264,100,1,0,1
584800,100,1,0,1
1619680,100,1,0,1
504088,100,1,1,0
577408,100,1,1,0
1906200,100,1,1,0
7651904,100,1,1,0
2665800,100,1,1,0
8191848,100,1,0,1
2731456,100,1,1,0
2556600,100,1,1,0
4263712,100,1,1,0
6332584,100,1,0,1
730560,100,1,1,0
8203728,100,1,0,1
6935984,100,1,1,0
5830032,100,1,0,1
8259864,100,1,0,1
1997536,100,1,1,0
5079944,100,1,0,1
4901560,100,1,1,0
5198168,100,1,0,1
370896,100,1,0,1
3861008,100,1,0,1
3275312,100,1,0,1
1364240,100,1,0,1
7089368,100,1,0,1
7922888,100,1,1,0
965448,100,1,1,0
2694400,100,1,0,1
7496656,100,1,1,0
4163880,100,1,0,1
