in,rank,accesses,reads,writes
0,0,16395,8169,8226
8,1,8816,4426,4390
16,2,5940,2982,2958
24,3,4633,2315,2318
32,4,3843,1919,1924
40,5,3148,1598,1550
48,6,2886,1434,1452
56,7,2626,1287,1339
64,8,2271,1171,1100
72,9,1991,985,1006
80,10,1903,962,941
88,11,1785,891,894
96,12,1657,828,829
104,13,1451,704,747
112,14,1390,686,704
120,15,1289,634,655
128,16,1257,631,626
136,17,1214,619,595
144,18,1123,554,569
152,19,1094,547,547
160,20,1045,519,526
184,21,1010,491,519
168,22,997,523,474
176,23,957,478,479
192,24,898,486,412
200,25,878,433,445
208,26,843,433,410
216,27,822,429,393
248,28,784,391,393
232,29,763,394,369
224,30,747,404,343
240,31,733,347,386
264,32,667,333,334
256,33,665,320,345
272,34,652,320,332
288,35,642,336,306
304,36,614,314,300
280,37,608,301,307
296,38,608,294,314
312,39,579,276,303
320,40,564,270,294
328,41,538,264,274
336,42,535,278,257
360,43,525,260,265
352,44,508,280,228
384,45,506,262,244
344,46,501,264,237
368,47,495,246,249
408,48,482,235,247
392,49,482,241,241
376,50,478,225,253
416,51,474,241,233
400,52,460,230,230
424,53,453,236,217
432,54,452,229,223
456,55,434,209,225
448,56,431,230,201
472,57,428,233,195
440,58,425,217,208
480,59,405,208,197
464,60,393,193,200
496,61,393,185,208
512,62,388,172,216
488,63,386,196,190
568,64,377,197,180
552,65,376,185,191
560,66,374,194,180
520,67,370,183,187
504,68,370,194,176
536,69,365,184,181
528,70,362,183,179
544,71,349,161,188
584,72,341,162,179
608,73,339,176,163
640,74,338,157,181
576,75,335,164,171
592,76,333,173,160
656,77,331,181,150
736,78,317,138,179
600,79,313,149,164
632,80,312,144,168
680,81,311,151,160
616,82,309,155,154
624,83,299,148,151
720,84,294,148,146
688,85,292,140,152
672,86,290,152,138
704,87,289,157,132
752,88,287,146,141
712,89,283,138,145
768,90,280,152,128
664,91,280,143,137
728,92,275,140,135
648,93,275,147,128
808,94,274,138,136
840,95,274,142,132
744,96,273,147,126
760,97,268,130,138
696,98,268,126,142
776,99,265,138,127
816,100,265,131,134
824,101,264,146,118
784,102,258,122,136
944,103,257,120,137
848,104,253,125,128
920,105,251,117,134
792,106,250,114,136
904,107,243,132,111
856,108,243,117,126
864,109,240,118,122
896,110,240,124,116
800,111,238,122,116
888,112,226,118,108
880,113,226,124,102
912,114,226,121,105
928,115,222,123,99
832,116,222,112,110
1144,117,221,113,108
1064,118,221,97,124
1032,119,221,119,102
976,120,219,120,99
984,121,218,102,116
936,122,218,105,113
1104,123,218,102,116
1040,124,214,112,102
872,125,214,110,104
960,126,213,117,96
1160,127,212,106,106
992,128,212,106,106
1072,129,212,99,113
1080,130,211,101,110
1184,131,210,107,103
952,132,209,104,105
1024,133,209,98,111
1016,134,209,95,114
968,135,208,119,89
1192,136,207,97,110
1136,137,207,115,92
1000,138,205,109,96
1008,139,203,93,110
1152,140,201,99,102
1088,141,200,107,93
1128,142,200,100,100
1208,143,199,94,105
1048,144,199,107,92
1168,145,197,96,101
1120,146,191,95,96
1200,147,189,92,97
1264,148,186,92,94
1232,149,186,90,96
1328,150,183,100,83
1112,151,182,93,89
1224,152,182,92,90
1096,153,182,92,90
1056,154,177,92,85
1440,155,175,97,78
1288,156,173,78,95
1272,157,170,95,75
1368,158,170,93,77
1360,159,169,77,92
1472,160,165,96,69
1456,161,165,82,83
1384,162,165,87,78
1176,163,164,75,89
1352,164,164,78,86
1280,165,162,80,82
1344,166,162,89,73
1320,167,161,77,84
1416,168,161,78,83
1304,169,161,91,70
1312,170,159,77,82
1256,171,159,81,78
1400,172,158,75,83
1296,173,158,87,71
1216,174,155,71,84
1528,175,153,77,76
1392,176,153,79,74
1424,177,153,78,75
1248,178,153,71,82
1512,179,152,79,73
1240,180,152,80,72
1768,181,152,83,69
1568,182,151,78,73
1336,183,151,67,84
1520,184,150,88,62
1432,185,149,80,69
1536,186,148,67,81
1600,187,148,81,67
1552,188,148,72,76
1792,189,148,66,82
1376,190,146,73,73
1480,191,146,69,77
1464,192,145,81,64
1448,193,144,72,72
1408,194,144,79,65
1504,195,143,67,76
1608,196,142,71,71
1680,197,142,73,69
1784,198,142,79,63
1704,199,142,63,79
1720,200,140,66,74
1760,201,140,73,67
1632,202,140,78,62
1736,203,140,73,67
1776,204,139,67,72
1856,205,139,75,64
1880,206,139,69,70
1488,207,139,69,70
1496,208,139,66,73
1712,209,137,66,71
1648,210,136,79,57
1672,211,136,63,73
1752,212,136,76,60
1696,213,135,75,60
1944,214,134,65,69
1544,215,134,74,60
2064,216,133,71,62
1832,217,133,71,62
1616,218,132,62,70
1584,219,131,64,67
1592,220,130,71,59
1640,221,130,69,61
1744,222,129,67,62
1664,223,129,63,66
1976,224,127,63,64
1904,225,126,59,67
1848,226,125,64,61
1560,227,124,52,72
1888,228,124,62,62
1864,229,124,67,57
2088,230,124,65,59
1688,231,123,53,70
1816,232,123,67,56
2136,233,123,65,58
1896,234,123,71,52
2280,235,122,65,57
2120,236,122,56,66
1576,237,121,70,51
1912,238,121,57,64
1800,239,119,61,58
1728,240,119,63,56
2072,241,119,69,50
2192,242,119,63,56
1872,243,119,70,49
1920,244,118,60,58
2112,245,118,57,61
2488,246,117,63,54
1928,247,117,57,60
2096,248,116,56,60
1952,249,116,65,51
1656,250,116,67,49
2160,251,115,51,64
1624,252,115,61,54
2408,253,115,56,59
2032,254,115,48,67
2272,255,115,56,59
2256,256,115,61,54
2448,257,114,46,68
2040,258,114,66,48
1824,259,114,58,56
2080,260,114,50,64
1840,261,113,63,50
1984,262,113,54,59
2152,263,113,53,60
1992,264,111,49,62
2232,265,111,60,51
2368,266,110,56,54
2024,267,109,54,55
2216,268,109,61,48
1968,269,109,64,45
2176,270,108,54,54
2288,271,108,49,59
2000,272,108,59,49
2224,273,108,49,59
2016,274,107,55,52
2312,275,107,51,56
2008,276,106,49,57
2048,277,106,49,57
1936,278,106,47,59
2104,279,106,58,48
2896,280,106,42,64
2208,281,106,64,42
2384,282,106,59,47
1960,283,105,49,56
2560,284,105,47,58
2168,285,105,52,53
2240,286,105,51,54
2784,287,104,54,50
1808,288,104,55,49
2512,289,103,59,44
2144,290,103,60,43
2632,291,102,54,48
2336,292,102,55,47
2432,293,101,47,54
2056,294,100,54,46
2392,295,100,44,56
2296,296,99,46,53
2752,297,99,43,56
2976,298,99,47,52
2400,299,99,52,47
2744,300,99,54,45
2376,301,98,66,32
2856,302,98,60,38
2704,303,98,48,50
2128,304,98,48,50
2416,305,98,49,49
2480,306,97,53,44
3224,307,97,44,53
3384,308,97,37,60
2248,309,97,47,50
2200,310,97,46,51
2536,311,96,56,40
2304,312,96,50,46
2664,313,96,48,48
2184,314,96,44,52
2616,315,95,49,46
2672,316,94,48,46
2912,317,94,37,57
2736,318,94,51,43
2800,319,94,51,43
3072,320,93,43,50
2920,321,92,43,49
2936,322,92,46,46
3040,323,92,41,51
2568,324,92,46,46
2424,325,92,43,49
2456,326,92,47,45
2576,327,92,50,42
2504,328,91,45,46
2584,329,91,43,48
2328,330,91,46,45
2544,331,90,48,42
2760,332,90,43,47
2640,333,90,43,47
2352,334,89,45,44
2688,335,89,49,40
2904,336,89,46,43
2768,337,89,51,38
2808,338,89,52,37
2960,339,88,49,39
2320,340,88,47,41
2600,341,88,44,44
2888,342,88,46,42
3000,343,88,42,46
2344,344,87,53,34
3080,345,87,53,34
2816,346,87,46,41
2360,347,86,36,50
2656,348,86,49,37
2720,349,85,38,47
2520,350,85,39,46
3120,351,85,43,42
3704,352,85,41,44
2696,353,85,43,42
2264,354,84,41,43
2840,355,84,35,49
3208,356,84,44,40
2832,357,84,43,41
2648,358,83,36,47
3088,359,83,39,44
2992,360,82,41,41
3264,361,82,36,46
2552,362,82,37,45
3320,363,82,37,45
2496,364,81,42,39
2728,365,81,39,42
2968,366,81,38,43
2712,367,81,42,39
2440,368,81,39,42
2528,369,81,41,40
2824,370,81,43,38
3024,371,81,39,42
3160,372,80,46,34
2848,373,80,33,47
2944,374,80,41,39
3288,375,80,43,37
2624,376,80,39,41
3112,377,80,38,42
3152,378,80,47,33
3248,379,80,38,42
3600,380,79,41,38
3512,381,79,36,43
2952,382,79,39,40
3368,383,79,35,44
3568,384,79,42,37
3168,385,78,37,41
2592,386,78,46,32
3128,387,78,39,39
2864,388,78,42,36
3376,389,78,41,37
3560,390,78,43,35
3688,391,77,43,34
3192,392,77,43,34
4064,393,77,37,40
3280,394,77,43,34
3496,395,76,36,40
3184,396,76,40,36
3424,397,76,40,36
3104,398,76,42,34
3272,399,75,41,34
3096,400,74,33,41
3640,401,74,36,38
3048,402,74,33,41
2472,403,74,35,39
2776,404,74,38,36
3312,405,74,33,41
2464,406,74,42,32
3016,407,74,30,44
3584,408,74,44,30
3176,409,73,40,33
2680,410,73,35,38
3992,411,73,39,34
3408,412,73,38,35
3536,413,73,29,44
3664,414,73,30,43
2792,415,72,44,28
3552,416,72,36,36
3672,417,72,37,35
2608,418,72,31,41
3856,419,72,37,35
3056,420,71,36,35
3840,421,71,33,38
2928,422,71,36,35
3032,423,71,47,24
4992,424,71,40,31
3464,425,71,33,38
4536,426,70,39,31
2984,427,70,28,42
3712,428,70,41,29
3592,429,70,36,34
3680,430,69,31,38
3696,431,69,38,31
3144,432,69,35,34
3008,433,69,35,34
3448,434,69,31,38
3616,435,69,41,28
2880,436,68,42,26
4824,437,68,33,35
3656,438,68,40,28
4248,439,68,32,36
3848,440,68,29,39
3352,441,68,38,30
4680,442,68,38,30
3760,443,68,34,34
4192,444,67,32,35
3480,445,67,35,32
3528,446,67,43,24
3792,447,67,42,25
4504,448,67,31,36
5632,449,67,38,29
3256,450,67,30,37
4032,451,67,28,39
3328,452,66,33,33
4376,453,66,29,37
3216,454,66,33,33
3944,455,66,33,33
3232,456,66,47,19
5704,457,66,43,23
3064,458,66,37,29
3360,459,66,31,35
4256,460,66,31,35
4808,461,66,36,30
3744,462,65,32,33
3400,463,65,36,29
3976,464,65,34,31
3304,465,65,36,29
3544,466,65,31,34
4320,467,65,26,39
5072,468,65,34,31
4400,469,65,33,32
4624,470,65,31,34
3576,471,65,31,34
3888,472,64,37,27
3240,473,64,36,28
3344,474,64,34,30
4304,475,64,38,26
4144,476,64,31,33
4424,477,63,27,36
4616,478,63,31,32
5216,479,63,32,31
4640,480,63,28,35
3952,481,63,33,30
3472,482,63,42,21
4008,483,63,43,20
5384,484,63,24,39
3296,485,63,32,31
3416,486,63,36,27
3912,487,63,35,28
3440,488,62,29,33
4408,489,62,26,36
4360,490,62,31,31
3736,491,62,38,24
3768,492,62,32,30
5696,493,62,32,30
3928,494,62,27,35
4488,495,62,27,35
4328,496,62,31,31
4024,497,62,38,24
4584,498,62,28,34
3872,499,61,24,37
4096,500,61,40,21
4088,501,61,31,30
4336,502,61,39,22
3728,503,61,31,30
3984,504,61,33,28
4784,505,61,33,28
2872,506,61,26,35
4272,507,61,25,36
3784,508,61,31,30
4056,509,61,35,26
4656,510,60,31,29
3800,511,60,25,35
3624,512,60,27,33
4856,513,60,32,28
4000,514,60,34,26
3200,515,60,29,31
3960,516,60,24,36
3648,517,60,35,25
4768,518,59,26,33
3432,519,59,31,28
3936,520,59,29,30
4472,521,59,36,23
4840,522,59,27,32
3392,523,59,27,32
3832,524,59,28,31
4544,525,59,28,31
4280,526,59,32,27
4880,527,59,28,31
3776,528,59,35,24
4312,529,59,30,29
3720,530,59,25,34
4944,531,59,31,28
4552,532,59,31,28
4352,533,59,27,32
3336,534,59,26,33
3608,535,59,33,26
3136,536,59,35,24
4288,537,58,31,27
4464,538,58,23,35
5048,539,58,25,33
4112,540,58,27,31
4128,541,58,30,28
3896,542,58,25,33
5104,543,58,26,32
5944,544,58,27,31
5168,545,58,22,36
4664,546,58,33,25
4216,547,58,29,29
5488,548,58,35,23
5440,549,57,33,24
4080,550,57,21,36
4048,551,57,24,33
3520,552,57,37,20
4240,553,57,21,36
3824,554,57,31,26
5768,555,57,25,32
3488,556,57,28,29
3632,557,57,33,24
4120,558,57,30,27
4392,559,57,29,28
5144,560,56,24,32
3504,561,56,27,29
3880,562,56,25,31
5448,563,56,24,32
5688,564,56,32,24
4168,565,56,24,32
4896,566,56,29,27
4928,567,56,26,30
4016,568,56,32,24
4344,569,56,31,25
5392,570,56,37,19
4296,571,55,25,30
4416,572,55,26,29
3864,573,55,27,28
4456,574,55,26,29
4208,575,55,28,27
4648,576,55,28,27
4448,577,55,25,30
5640,578,55,26,29
3456,579,55,30,25
4160,580,55,28,27
5848,581,54,27,27
5376,582,54,24,30
4512,583,54,33,21
4384,584,54,29,25
4368,585,54,24,30
4184,586,54,36,18
3808,587,54,23,31
5264,588,54,31,23
3920,589,54,32,22
5024,590,54,30,24
4432,591,54,22,32
4904,592,54,30,24
5280,593,54,27,27
5344,594,54,29,25
4224,595,54,31,23
5792,596,54,27,27
4040,597,53,29,24
5248,598,53,18,35
4592,599,53,30,23
5512,600,53,24,29
4792,601,53,23,30
4200,602,53,31,22
5456,603,53,25,28
5128,604,53,21,32
5464,605,53,23,30
3904,606,53,29,24
5584,607,52,24,28
5504,608,52,34,18
4176,609,52,24,28
4696,610,52,23,29
6408,611,52,34,18
4864,612,52,21,31
5176,613,52,31,21
5680,614,52,24,28
4104,615,52,29,23
5160,616,52,29,23
4816,617,52,31,21
5240,618,52,31,21
4520,619,51,22,29
5192,620,51,32,19
4136,621,51,29,22
4480,622,51,26,25
5728,623,51,25,26
4776,624,51,24,27
4888,625,51,21,30
5920,626,51,24,27
5080,627,51,23,28
5056,628,51,29,22
4912,629,50,17,33
4968,630,50,23,27
5840,631,50,25,25
3968,632,50,28,22
6304,633,50,24,26
6960,634,50,20,30
5008,635,50,27,23
4560,636,50,29,21
4232,637,50,24,26
6416,638,50,27,23
5368,639,50,25,25
4848,640,50,26,24
5224,641,50,24,26
5672,642,50,21,29
6256,643,49,26,23
5296,644,49,30,19
5000,645,49,24,25
7064,646,49,24,25
4872,647,49,24,25
6472,648,49,25,24
6072,649,49,24,25
4440,650,49,23,26
6272,651,49,26,23
4576,652,49,28,21
6144,653,49,28,21
4952,654,48,25,23
6392,655,48,24,24
4760,656,48,29,19
6032,657,48,24,24
4728,658,48,21,27
6184,659,48,26,22
5064,660,48,31,17
3752,661,48,17,31
5200,662,48,21,27
6064,663,48,24,24
4704,664,47,24,23
5400,665,47,26,21
6136,666,47,27,20
4800,667,47,16,31
5328,668,47,29,18
5016,669,47,21,26
4832,670,47,25,22
4688,671,47,19,28
7104,672,47,25,22
7256,673,47,20,27
4672,674,47,21,26
3816,675,47,23,24
4568,676,47,24,23
5360,677,47,25,22
6112,678,47,22,25
4720,679,47,26,21
4496,680,47,27,20
5736,681,47,21,26
5968,682,46,23,23
5536,683,46,23,23
4920,684,46,22,24
5816,685,46,18,28
4632,686,46,24,22
5808,687,46,20,26
7408,688,46,26,20
5928,689,46,23,23
7208,690,46,24,22
7640,691,46,23,23
5600,692,46,21,25
8408,693,46,23,23
5992,694,46,28,18
7224,695,46,25,21
5664,696,46,26,20
5288,697,46,22,24
5608,698,45,25,20
5256,699,45,18,27
6328,700,45,21,24
4752,701,45,21,24
5208,702,45,23,22
7656,703,45,24,21
6848,704,45,22,23
7608,705,45,22,23
6688,706,45,19,26
5936,707,45,23,22
6384,708,45,19,26
6576,709,45,26,19
7024,710,45,23,22
6608,711,45,23,22
5312,712,45,21,24
6208,713,45,25,20
6048,714,45,21,24
5656,715,45,20,25
5088,716,45,28,17
5432,717,45,26,19
6096,718,45,20,25
5824,719,44,23,21
7128,720,44,23,21
6800,721,44,24,20
6152,722,44,16,28
5152,723,44,18,26
5552,724,44,25,19
5976,725,44,23,21
6288,726,44,23,21
7960,727,44,21,23
5720,728,44,22,22
5408,729,44,23,21
6352,730,44,18,26
6344,731,44,21,23
6672,732,44,25,19
5272,733,44,19,25
5624,734,44,19,25
4608,735,44,23,21
5744,736,44,17,27
5880,737,44,19,25
4960,738,44,20,24
6128,739,43,19,24
5864,740,43,21,22
7520,741,43,25,18
6816,742,43,25,18
7824,743,43,23,20
5424,744,43,21,22
8592,745,43,23,20
7016,746,43,27,16
4744,747,43,24,19
7360,748,43,26,17
6240,749,43,16,27
5904,750,43,21,22
5528,751,43,20,23
6904,752,43,15,28
5040,753,43,23,20
6040,754,43,22,21
6008,755,43,20,23
4984,756,43,16,27
6584,757,43,24,19
6880,758,43,14,29
7272,759,42,18,24
6336,760,42,19,23
7184,761,42,29,13
5648,762,42,20,22
7352,763,42,16,26
5416,764,42,22,20
6168,765,42,21,21
7584,766,42,24,18
5592,767,42,15,27
5304,768,42,18,24
5320,769,42,18,24
6464,770,42,24,18
5560,771,42,24,18
5112,772,42,21,21
5784,773,42,20,22
5544,774,42,21,21
6680,775,42,31,11
5352,776,42,20,22
6232,777,42,16,26
6448,778,41,18,23
4936,779,41,18,23
4152,780,41,22,19
5232,781,41,22,19
5184,782,41,20,21
7928,783,41,27,14
8896,784,41,18,23
7552,785,41,25,16
7736,786,41,21,20
6640,787,41,18,23
5480,788,41,20,21
7400,789,41,19,22
7328,790,41,18,23
5032,791,41,23,18
5472,792,41,23,18
9208,793,41,23,18
5712,794,41,22,19
6368,795,41,18,23
4976,796,41,14,27
7176,797,41,16,25
5136,798,41,17,24
4072,799,41,15,26
7704,800,41,24,17
6104,801,41,25,16
7464,802,41,24,17
5336,803,41,24,17
5568,804,41,19,22
4528,805,41,24,17
4600,806,40,15,25
6160,807,40,19,21
6736,808,40,18,22
10864,809,40,20,20
6264,810,40,21,19
7712,811,40,18,22
9744,812,40,16,24
7632,813,40,27,13
7096,814,40,21,19
6296,815,40,23,17
6400,816,40,19,21
6120,817,40,17,23
7600,818,40,23,17
6024,819,40,12,28
5896,820,40,23,17
5120,821,40,22,18
6664,822,40,24,16
4264,823,40,23,17
8224,824,40,20,20
8960,825,39,22,17
8320,826,39,22,17
5496,827,39,20,19
7040,828,39,16,23
4736,829,39,22,17
7088,830,39,17,22
8736,831,39,25,14
5872,832,39,20,19
7664,833,39,23,16
6592,834,39,13,26
8864,835,39,19,20
7312,836,39,25,14
8576,837,39,19,20
5984,838,39,16,23
5576,839,39,18,21
6056,840,39,20,19
7264,841,39,17,22
6912,842,39,16,23
5800,843,39,22,17
8872,844,39,15,24
6632,845,39,21,18
8688,846,39,26,13
6896,847,38,23,15
8368,848,38,18,20
6080,849,38,14,24
6280,850,38,20,18
10424,851,38,18,20
6728,852,38,20,18
5960,853,38,19,19
6216,854,38,16,22
8016,855,38,18,20
7304,856,38,23,15
6480,857,38,20,18
7232,858,38,13,25
6320,859,38,12,26
5616,860,38,26,12
7320,861,38,24,14
9192,862,38,16,22
6984,863,38,23,15
7472,864,38,19,19
6192,865,38,15,23
6944,866,38,15,23
8856,867,38,19,19
5760,868,37,23,14
9448,869,37,16,21
7424,870,37,17,20
7248,871,37,15,22
7032,872,37,22,15
8304,873,37,24,13
7160,874,37,17,20
9944,875,37,25,12
7984,876,37,15,22
6792,877,37,21,16
7416,878,37,17,20
7768,879,37,22,15
7288,880,37,23,14
7456,881,37,22,15
5888,882,37,18,19
7192,883,37,16,21
8400,884,37,19,18
8112,885,37,20,17
9328,886,37,19,18
5832,887,37,15,22
7896,888,36,16,20
10472,889,36,20,16
6968,890,36,18,18
10360,891,36,16,20
7536,892,36,19,17
8936,893,36,17,19
8336,894,36,21,15
8472,895,36,21,15
9152,896,36,18,18
6312,897,36,20,16
7792,898,36,18,18
5856,899,36,13,23
9200,900,36,15,21
6560,901,36,14,22
7800,902,36,18,18
6200,903,36,17,19
6952,904,36,16,20
6808,905,36,18,18
7528,906,36,13,23
6488,907,36,10,26
10520,908,36,19,17
7968,909,36,15,21
8296,910,36,15,21
8824,911,36,16,20
9256,912,36,16,20
9736,913,36,12,24
5952,914,36,21,15
6176,915,35,24,11
5096,916,35,14,21
8232,917,35,20,15
6496,918,35,21,14
9160,919,35,15,20
6456,920,35,21,14
7672,921,35,16,19
6720,922,35,17,18
8216,923,35,19,16
8272,924,35,21,14
7056,925,35,17,18
11040,926,35,22,13
8600,927,35,18,17
8456,928,35,19,16
6016,929,35,17,18
7376,930,35,19,16
10312,931,35,18,17
9048,932,35,18,17
6360,933,35,22,13
6752,934,35,19,16
7888,935,35,19,16
8656,936,35,20,15
9528,937,35,10,25
9768,938,35,17,18
9032,939,35,19,16
7504,940,35,19,16
9432,941,35,15,20
7832,942,35,20,15
6088,943,35,19,16
7544,944,35,21,14
7072,945,35,16,19
6888,946,35,19,16
8136,947,35,19,16
11056,948,35,16,19
6000,949,35,22,13
5776,950,35,16,19
7624,951,35,14,21
7848,952,35,18,17
8944,953,34,15,19
7912,954,34,22,12
6504,955,34,15,19
8280,956,34,21,13
8056,957,34,19,15
7784,958,34,19,15
9008,959,34,22,12
9376,960,34,15,19
6440,961,34,20,14
8096,962,34,13,21
9672,963,34,13,21
6872,964,34,20,14
8976,965,34,14,20
5520,966,34,15,19
8496,967,34,20,14
6784,968,34,13,21
8800,969,34,23,11
7432,970,34,14,20
7280,971,34,11,23
7480,972,34,23,11
6424,973,34,15,19
7336,974,34,18,16
7952,975,34,13,21
6992,976,34,17,17
9968,977,34,14,20
7296,978,34,19,15
8672,979,34,17,17
6568,980,34,17,17
6552,981,34,20,14
7560,982,33,15,18
8264,983,33,20,13
16232,984,33,17,16
11608,985,33,19,14
6600,986,33,15,18
6512,987,33,22,11
6856,988,33,18,15
6656,989,33,13,20
7216,990,33,13,20
6760,991,33,16,17
8680,992,33,13,20
7344,993,33,15,18
8448,994,33,16,17
9400,995,33,17,16
8240,996,33,11,22
12128,997,33,21,12
8544,998,33,18,15
8376,999,33,19,14
8888,1000,33,20,13
8120,1001,33,18,15
7872,1002,33,18,15
8176,1003,33,25,8
7728,1004,33,20,13
6864,1005,33,14,19
8760,1006,33,15,18
11616,1007,33,21,12
9392,1008,33,15,18
8712,1009,33,17,16
8152,1010,33,15,18
9552,1011,33,13,20
10608,1012,33,15,18
8568,1013,33,18,15
6544,1014,33,17,16
9408,1015,33,22,11
7440,1016,33,18,15
9496,1017,32,17,15
12696,1018,32,13,19
10888,1019,32,17,15
7112,1020,32,16,16
9440,1021,32,18,14
10496,1022,32,12,20
10296,1023,32,18,14
11544,1024,32,14,18
8520,1025,32,16,16
7744,1026,32,19,13
6432,1027,32,14,18
6520,1028,32,13,19
7688,1029,32,12,20
6776,1030,32,13,19
6840,1031,32,12,20
9592,1032,32,15,17
10952,1033,32,14,18
8080,1034,32,22,10
8784,1035,32,14,18
9184,1036,32,16,16
13600,1037,32,18,14
8440,1038,32,15,17
8480,1039,32,17,15
8160,1040,32,11,21
9624,1041,32,16,16
6624,1042,32,20,12
9296,1043,32,18,14
7080,1044,32,23,9
7496,1045,32,16,16
7920,1046,32,16,16
8720,1047,32,14,18
6376,1048,32,14,18
12080,1049,32,14,18
11264,1050,32,19,13
11592,1051,32,17,15
9952,1052,31,18,13
9144,1053,31,17,14
8696,1054,31,14,17
6248,1055,31,17,14
9696,1056,31,15,16
7576,1057,31,20,11
11064,1058,31,11,20
4712,1059,31,17,14
8952,1060,31,18,13
9344,1061,31,18,13
8288,1062,31,15,16
8168,1063,31,17,14
11960,1064,31,14,17
11512,1065,31,16,15
6712,1066,31,16,15
7592,1067,31,14,17
6920,1068,31,16,15
9480,1069,31,17,14
13216,1070,31,16,15
9680,1071,31,14,17
8328,1072,31,12,19
6976,1073,31,13,18
10728,1074,31,17,14
7392,1075,31,17,14
6536,1076,31,16,15
7616,1077,31,13,18
10752,1078,31,17,14
8848,1079,31,18,13
6648,1080,31,19,12
10712,1081,31,14,17
7152,1082,31,21,10
8128,1083,31,19,12
8144,1084,31,17,14
8200,1085,31,14,17
7368,1086,31,16,15
8464,1087,31,20,11
11568,1088,31,15,16
7136,1089,31,17,14
11848,1090,31,15,16
9688,1091,30,12,18
11584,1092,30,19,11
6616,1093,30,16,14
7720,1094,30,18,12
10288,1095,30,19,11
7120,1096,30,14,16
9880,1097,30,15,15
8560,1098,30,13,17
9224,1099,30,11,19
10272,1100,30,18,12
8616,1101,30,16,14
8744,1102,30,8,22
6768,1103,30,16,14
10744,1104,30,18,12
9104,1105,30,13,17
9504,1106,30,15,15
9312,1107,30,14,16
6936,1108,30,16,14
8608,1109,30,19,11
9416,1110,30,16,14
10808,1111,30,13,17
10000,1112,30,18,12
9384,1113,30,13,17
8192,1114,30,14,16
6928,1115,30,20,10
8040,1116,30,14,16
11976,1117,30,18,12
6744,1118,30,14,16
7144,1119,30,11,19
7384,1120,30,13,17
10784,1121,30,18,12
7752,1122,30,14,16
7904,1123,30,17,13
11184,1124,30,11,19
8424,1125,30,10,20
7776,1126,30,15,15
7448,1127,30,17,13
9368,1128,30,17,13
10984,1129,30,14,16
9272,1130,30,12,18
9336,1131,30,13,17
8392,1132,29,9,20
8640,1133,29,14,15
10616,1134,29,14,15
10104,1135,29,11,18
7512,1136,29,15,14
8552,1137,29,17,12
10040,1138,29,14,15
9080,1139,29,13,16
8768,1140,29,10,19
8528,1141,29,16,13
8344,1142,29,16,13
10032,1143,29,15,14
7816,1144,29,21,8
7000,1145,29,16,13
9232,1146,29,10,19
10648,1147,29,10,19
11160,1148,29,9,20
7648,1149,29,15,14
11872,1150,29,13,16
11536,1151,29,12,17
10240,1152,29,17,12
9784,1153,29,18,11
10968,1154,29,16,13
10528,1155,29,14,15
8928,1156,29,18,11
10544,1157,29,12,17
11224,1158,29,14,15
8776,1159,29,15,14
8032,1160,29,15,14
11704,1161,29,14,15
6704,1162,29,15,14
11792,1163,29,18,11
10328,1164,29,11,18
8648,1165,29,16,13
7944,1166,29,15,14
8920,1167,29,14,15
14280,1168,29,17,12
11048,1169,29,13,16
8512,1170,29,14,15
11384,1171,29,13,16
9928,1172,29,10,19
9992,1173,29,15,14
10056,1174,29,13,16
8840,1175,29,12,17
9600,1176,29,10,19
9016,1177,29,11,18
7864,1178,29,12,17
9128,1179,29,16,13
7936,1180,29,16,13
10768,1181,29,12,17
8088,1182,29,12,17
11712,1183,29,15,14
8792,1184,29,12,17
9088,1185,29,15,14
11088,1186,28,11,17
9056,1187,28,15,13
9888,1188,28,12,16
11120,1189,28,14,14
8208,1190,28,18,10
10960,1191,28,12,16
9360,1192,28,16,12
9800,1193,28,13,15
9920,1194,28,16,12
8352,1195,28,12,16
15352,1196,28,14,14
9176,1197,28,8,20
7048,1198,28,15,13
9776,1199,28,14,14
8416,1200,28,17,11
10376,1201,28,17,11
5752,1202,28,14,14
6224,1203,28,14,14
9616,1204,28,18,10
10264,1205,28,9,19
15312,1206,28,8,20
16400,1207,28,12,16
9304,1208,28,14,14
13136,1209,28,20,8
9848,1210,28,11,17
14464,1211,28,16,12
12256,1212,28,9,19
5912,1213,28,10,18
11696,1214,28,14,14
11496,1215,28,11,17
12488,1216,28,9,19
9576,1217,28,17,11
13872,1218,28,18,10
7760,1219,28,17,11
13072,1220,28,11,17
10384,1221,28,12,16
10560,1222,28,14,14
13480,1223,28,15,13
8808,1224,28,16,12
8624,1225,28,14,14
11272,1226,28,9,19
13784,1227,28,17,11
13152,1228,28,17,11
13960,1229,28,12,16
11504,1230,28,14,14
10800,1231,28,15,13
13256,1232,28,9,19
10168,1233,28,13,15
8488,1234,28,16,12
9976,1235,28,14,14
10440,1236,28,13,15
10656,1237,28,11,17
12856,1238,27,13,14
13496,1239,27,13,14
11640,1240,27,11,16
9288,1241,27,15,12
8048,1242,27,15,12
8432,1243,27,15,12
13848,1244,27,14,13
10160,1245,27,10,17
10464,1246,27,12,15
17112,1247,27,8,19
11904,1248,27,14,13
9840,1249,27,15,12
10408,1250,27,16,11
13040,1251,27,12,15
16272,1252,27,14,13
11888,1253,27,13,14
12280,1254,27,18,9
9640,1255,27,15,12
9064,1256,27,17,10
10936,1257,27,17,10
11736,1258,27,12,15
10184,1259,27,14,13
13864,1260,27,13,14
8984,1261,27,12,15
9536,1262,27,12,15
9544,1263,27,18,9
9856,1264,27,16,11
7240,1265,27,14,13
11784,1266,27,16,11
9648,1267,27,14,13
11328,1268,27,14,13
15744,1269,27,16,11
15200,1270,27,13,14
7200,1271,27,12,15
8256,1272,27,17,10
7976,1273,27,15,12
7880,1274,27,14,13
9512,1275,27,21,6
12048,1276,26,14,12
12384,1277,26,11,15
15816,1278,26,11,15
9960,1279,26,14,12
14472,1280,26,14,12
9632,1281,26,11,15
9240,1282,26,14,12
12032,1283,26,8,18
10208,1284,26,9,17
12768,1285,26,19,7
7008,1286,26,14,12
11776,1287,26,16,10
10416,1288,26,12,14
11304,1289,26,14,12
7168,1290,26,13,13
8968,1291,26,11,15
6832,1292,26,11,15
9896,1293,26,11,15
11200,1294,26,12,14
7992,1295,26,12,14
11656,1296,26,16,10
12680,1297,26,11,15
12888,1298,26,15,11
11488,1299,26,14,12
10832,1300,26,13,13
15464,1301,26,17,9
12320,1302,26,17,9
10824,1303,26,16,10
6528,1304,26,12,14
12624,1305,26,12,14
11456,1306,26,14,12
9608,1307,26,12,14
12752,1308,26,12,14
13968,1309,26,12,14
11256,1310,26,14,12
11448,1311,26,7,19
9808,1312,26,15,11
11008,1313,26,12,14
8024,1314,26,17,9
9728,1315,26,15,11
14744,1316,26,10,16
11808,1317,26,19,7
13520,1318,26,13,13
13536,1319,26,10,16
12552,1320,26,16,10
12608,1321,26,17,9
12456,1322,26,7,19
11520,1323,26,12,14
9560,1324,26,13,13
8704,1325,26,14,12
15736,1326,26,10,16
11680,1327,26,13,13
15976,1328,26,10,16
9456,1329,26,11,15
15160,1330,26,13,13
10024,1331,26,11,15
11464,1332,26,14,12
16360,1333,26,13,13
12632,1334,26,15,11
16784,1335,26,12,14
10128,1336,26,9,17
10720,1337,25,15,10
15112,1338,25,13,12
10232,1339,25,11,14
11032,1340,25,11,14
12648,1341,25,14,11
13392,1342,25,10,15
8584,1343,25,16,9
10624,1344,25,12,13
13352,1345,25,10,15
10840,1346,25,12,13
15992,1347,25,17,8
9936,1348,25,8,17
15952,1349,25,11,14
10672,1350,25,12,13
9712,1351,25,13,12
12592,1352,25,12,13
9352,1353,25,12,13
9824,1354,25,14,11
9112,1355,25,9,16
13224,1356,25,13,12
12352,1357,25,10,15
11104,1358,25,14,11
14304,1359,25,16,9
11208,1360,25,10,15
23816,1361,25,10,15
12096,1362,25,11,14
15192,1363,25,12,13
17264,1364,25,9,16
15968,1365,25,10,15
15272,1366,25,14,11
8912,1367,25,13,12
9424,1368,25,16,9
7808,1369,25,13,12
12688,1370,25,8,17
10224,1371,25,9,16
10248,1372,25,14,11
16488,1373,25,13,12
15304,1374,25,14,11
10352,1375,25,10,15
17752,1376,25,15,10
10136,1377,25,10,15
11016,1378,25,11,14
10488,1379,25,12,13
21064,1380,25,10,15
9520,1381,25,13,12
11880,1382,25,14,11
9136,1383,25,17,8
13240,1384,25,14,11
17792,1385,25,10,15
12928,1386,25,12,13
11768,1387,25,13,12
9984,1388,25,11,14
16160,1389,25,17,8
17376,1390,25,14,11
17960,1391,25,9,16
16568,1392,25,15,10
6824,1393,25,9,16
10088,1394,25,17,8
9216,1395,25,10,15
11176,1396,25,13,12
16648,1397,25,12,13
14704,1398,25,12,13
11096,1399,25,13,12
17472,1400,25,12,13
10008,1401,25,8,17
16112,1402,25,15,10
8312,1403,25,10,15
10304,1404,25,11,14
8992,1405,25,13,12
14144,1406,25,12,13
19136,1407,25,12,13
13344,1408,25,15,10
12392,1409,24,13,11
10688,1410,24,11,13
9488,1411,24,10,14
9720,1412,24,12,12
12728,1413,24,14,10
7840,1414,24,8,16
10392,1415,24,17,7
12504,1416,24,11,13
15808,1417,24,12,12
13400,1418,24,10,14
17088,1419,24,11,13
9664,1420,24,12,12
11392,1421,24,11,13
14376,1422,24,13,11
7696,1423,24,14,10
13560,1424,24,13,11
10320,1425,24,10,14
10096,1426,24,12,12
15632,1427,24,6,18
11528,1428,24,15,9
13336,1429,24,15,9
10256,1430,24,9,15
15216,1431,24,10,14
13608,1432,24,13,11
14152,1433,24,6,18
10072,1434,24,10,14
13632,1435,24,12,12
17856,1436,24,12,12
13760,1437,24,13,11
14032,1438,24,11,13
10456,1439,24,10,14
9656,1440,24,7,17
11864,1441,24,14,10
13584,1442,24,12,12
12336,1443,24,10,14
13288,1444,24,11,13
20768,1445,24,9,15
8248,1446,24,10,14
7856,1447,24,11,13
13008,1448,24,8,16
17640,1449,24,12,12
10928,1450,24,11,13
20984,1451,24,9,15
12760,1452,24,14,10
10200,1453,24,17,7
17456,1454,24,12,12
14064,1455,24,13,11
12168,1456,24,10,14
12440,1457,24,8,16
18408,1458,24,15,9
10112,1459,24,12,12
15456,1460,24,8,16
9280,1461,24,14,10
13744,1462,24,11,13
6696,1463,24,14,10
14040,1464,24,10,14
18432,1465,24,15,9
12008,1466,24,15,9
14320,1467,24,12,12
16976,1468,24,6,18
12016,1469,24,13,11
9000,1470,24,10,14
12880,1471,23,11,12
11312,1472,23,8,15
13208,1473,23,8,15
10976,1474,23,14,9
13976,1475,23,12,11
12960,1476,23,16,7
16240,1477,23,15,8
9464,1478,23,12,11
14248,1479,23,11,12
12216,1480,23,14,9
12224,1481,23,13,10
12864,1482,23,10,13
12496,1483,23,14,9
10192,1484,23,14,9
12744,1485,23,17,6
9904,1486,23,10,13
14352,1487,23,14,9
8008,1488,23,7,16
10856,1489,23,16,7
8504,1490,23,13,10
11368,1491,23,12,11
7488,1492,23,11,12
15208,1493,23,16,7
12304,1494,23,13,10
8072,1495,23,13,10
13888,1496,23,15,8
12296,1497,23,11,12
10480,1498,23,9,14
16840,1499,23,9,14
22096,1500,23,12,11
10080,1501,23,15,8
15088,1502,23,14,9
23584,1503,23,12,11
13032,1504,23,13,10
12448,1505,23,11,12
9760,1506,23,13,10
12808,1507,23,12,11
15080,1508,23,11,12
10736,1509,23,14,9
15776,1510,23,11,12
9264,1511,23,8,15
12824,1512,23,13,10
8880,1513,23,11,12
13064,1514,23,11,12
11720,1515,23,7,16
8728,1516,23,17,6
16656,1517,23,8,15
14336,1518,23,11,12
12184,1519,23,8,15
11144,1520,23,12,11
11920,1521,23,11,12
11896,1522,23,7,16
8184,1523,23,16,7
9168,1524,23,14,9
12144,1525,23,8,15
17648,1526,23,13,10
12576,1527,23,13,10
11192,1528,23,15,8
11152,1529,23,13,10
12408,1530,23,11,12
17672,1531,23,10,13
9872,1532,23,8,15
10632,1533,23,11,12
18336,1534,23,8,15
11576,1535,23,7,16
12936,1536,23,9,14
13472,1537,23,11,12
11672,1538,23,14,9
15472,1539,23,12,11
13168,1540,23,12,11
12968,1541,23,11,12
11624,1542,23,15,8
16432,1543,23,9,14
12136,1544,23,11,12
15032,1545,22,10,12
9040,1546,22,7,15
14888,1547,22,12,10
12344,1548,22,14,8
16440,1549,22,12,10
13776,1550,22,12,10
12992,1551,22,10,12
11968,1552,22,12,10
21384,1553,22,8,14
15360,1554,22,11,11
11112,1555,22,14,8
14104,1556,22,13,9
12720,1557,22,12,10
12656,1558,22,9,13
11360,1559,22,13,9
14784,1560,22,17,5
13368,1561,22,8,14
17024,1562,22,14,8
11128,1563,22,12,10
11632,1564,22,13,9
16312,1565,22,12,10
9024,1566,22,12,10
10568,1567,22,10,12
19368,1568,22,11,11
15256,1569,22,11,11
9568,1570,22,11,11
13800,1571,22,13,9
10176,1572,22,12,10
11424,1573,22,10,12
12800,1574,22,11,11
10152,1575,22,14,8
15368,1576,22,13,9
19624,1577,22,9,13
12104,1578,22,11,11
15056,1579,22,10,12
22344,1580,22,12,10
8664,1581,22,12,10
14776,1582,22,11,11
21200,1583,22,11,11
16328,1584,22,10,12
15384,1585,22,13,9
13176,1586,22,12,10
28056,1587,22,12,10
12368,1588,22,12,10
14648,1589,22,11,11
16744,1590,22,14,8
8632,1591,22,12,10
10600,1592,22,12,10
14048,1593,22,10,12
15232,1594,22,12,10
7568,1595,22,16,6
12424,1596,22,10,12
12272,1597,22,10,12
10848,1598,22,12,10
10904,1599,22,6,16
10576,1600,22,10,12
8816,1601,22,11,11
17512,1602,22,8,14
9864,1603,22,10,12
11816,1604,22,13,9
17880,1605,22,11,11
23200,1606,22,10,12
10400,1607,22,9,13
9584,1608,22,11,11
18848,1609,22,14,8
17256,1610,22,11,11
17608,1611,22,10,12
9792,1612,22,12,10
9096,1613,22,10,12
11080,1614,22,12,10
10776,1615,22,11,11
10880,1616,22,12,10
13304,1617,22,11,11
10992,1618,22,9,13
10048,1619,22,14,8
19256,1620,22,11,11
10592,1621,22,10,12
13728,1622,22,11,11
12232,1623,22,14,8
13568,1624,22,9,13
12952,1625,22,11,11
13104,1626,22,11,11
13296,1627,22,11,11
13616,1628,22,13,9
8000,1629,22,9,13
10344,1630,22,10,12
12664,1631,22,15,7
17488,1632,22,10,12
20168,1633,22,12,10
11320,1634,22,12,10
17360,1635,22,12,10
10432,1636,22,16,6
9072,1637,22,15,7
13080,1638,22,8,14
13896,1639,21,10,11
19384,1640,21,14,7
14184,1641,21,9,12
18328,1642,21,12,9
10512,1643,21,11,10
8360,1644,21,12,9
19664,1645,21,8,13
10664,1646,21,13,8
20816,1647,21,5,16
17888,1648,21,9,12
14504,1649,21,11,10
10064,1650,21,11,10
14088,1651,21,7,14
14240,1652,21,8,13
15696,1653,21,10,11
12536,1654,21,6,15
19584,1655,21,8,13
7680,1656,21,11,10
15896,1657,21,12,9
16296,1658,21,7,14
15400,1659,21,7,14
13128,1660,21,11,10
14864,1661,21,10,11
20264,1662,21,9,12
24768,1663,21,9,12
18808,1664,21,11,10
14264,1665,21,11,10
10792,1666,21,12,9
16216,1667,21,8,13
8904,1668,21,13,8
15248,1669,21,11,10
14056,1670,21,12,9
11856,1671,21,12,9
27368,1672,21,12,9
12464,1673,21,7,14
13592,1674,21,10,11
10872,1675,21,11,10
22008,1676,21,10,11
12120,1677,21,11,10
10280,1678,21,7,14
17864,1679,21,10,11
17592,1680,21,8,13
13720,1681,21,11,10
18888,1682,21,12,9
17568,1683,21,14,7
12840,1684,21,9,12
19904,1685,21,13,8
13984,1686,21,12,9
9912,1687,21,11,10
13096,1688,21,12,9
14576,1689,21,8,13
18008,1690,21,13,8
10584,1691,21,11,10
13656,1692,21,10,11
16304,1693,21,10,11
13544,1694,21,11,10
9704,1695,21,13,8
11552,1696,21,9,12
23952,1697,21,10,11
18144,1698,21,13,8
20848,1699,21,13,8
18608,1700,21,8,13
12376,1701,21,11,10
13232,1702,21,11,10
12792,1703,21,11,10
12192,1704,21,12,9
9832,1705,21,12,9
17680,1706,21,10,11
14792,1707,21,10,11
10816,1708,21,12,9
13408,1709,21,6,15
16704,1710,21,14,7
20080,1711,21,11,10
14968,1712,21,11,10
12312,1713,21,11,10
13160,1714,21,11,10
15240,1715,21,10,11
14168,1716,21,8,13
10912,1717,21,8,13
12264,1718,21,11,10
13840,1719,21,9,12
8536,1720,21,8,13
10704,1721,21,14,7
8384,1722,21,11,10
15592,1723,21,10,11
15320,1724,21,9,12
14696,1725,21,13,8
13792,1726,21,13,8
22312,1727,20,5,15
13312,1728,20,6,14
18128,1729,20,10,10
13264,1730,20,7,13
11984,1731,20,14,6
16816,1732,20,14,6
20512,1733,20,12,8
15520,1734,20,11,9
26744,1735,20,12,8
13752,1736,20,9,11
11416,1737,20,9,11
15752,1738,20,10,10
11408,1739,20,10,10
21560,1740,20,10,10
14760,1741,20,10,10
14224,1742,20,10,10
12984,1743,20,8,12
15936,1744,20,5,15
10944,1745,20,14,6
14984,1746,20,14,6
11728,1747,20,11,9
10144,1748,20,12,8
15264,1749,20,5,15
17296,1750,20,8,12
16416,1751,20,8,12
11336,1752,20,10,10
11752,1753,20,10,10
10536,1754,20,10,10
11800,1755,20,9,11
13712,1756,20,12,8
16808,1757,20,9,11
12176,1758,20,8,12
17616,1759,20,12,8
10120,1760,20,8,12
17544,1761,20,10,10
13920,1762,20,12,8
16616,1763,20,6,14
11248,1764,20,14,6
17200,1765,20,12,8
18936,1766,20,8,12
17824,1767,20,8,12
14896,1768,20,10,10
16960,1769,20,13,7
9472,1770,20,12,8
11344,1771,20,9,11
17208,1772,20,8,12
13736,1773,20,11,9
11832,1774,20,12,8
9120,1775,20,10,10
15984,1776,20,9,11
15096,1777,20,6,14
13664,1778,20,10,10
19456,1779,20,10,10
13640,1780,20,12,8
11992,1781,20,8,12
18032,1782,20,12,8
17768,1783,20,10,10
20760,1784,20,13,7
15024,1785,20,3,17
13688,1786,20,9,11
12912,1787,20,10,10
19312,1788,20,10,10
16832,1789,20,10,10
12848,1790,20,12,8
12480,1791,20,13,7
16848,1792,20,8,12
14432,1793,20,14,6
12288,1794,20,5,15
16336,1795,20,6,14
17904,1796,20,10,10
15480,1797,20,9,11
14544,1798,20,11,9
12112,1799,20,13,7
18224,1800,20,11,9
15616,1801,20,8,12
26024,1802,20,8,12
22256,1803,20,9,11
16208,1804,20,12,8
22368,1805,20,11,9
12512,1806,20,13,7
21104,1807,20,10,10
12872,1808,20,11,9
21928,1809,20,11,9
11560,1810,20,10,10
13120,1811,20,9,11
10016,1812,20,14,6
11072,1813,20,10,10
15600,1814,20,8,12
16184,1815,20,10,10
19752,1816,20,10,10
11352,1817,19,6,13
11840,1818,19,12,7
18584,1819,19,7,12
15872,1820,19,8,11
10760,1821,19,9,10
14024,1822,19,12,7
17120,1823,19,8,11
17008,1824,19,7,12
14560,1825,19,9,10
16384,1826,19,9,10
18080,1827,19,10,9
17424,1828,19,10,9
24488,1829,19,6,13
16864,1830,19,14,5
17776,1831,19,13,6
14992,1832,19,8,11
19640,1833,19,10,9
15536,1834,19,7,12
13248,1835,19,8,11
20240,1836,19,11,8
11296,1837,19,10,9
10448,1838,19,8,11
23704,1839,19,9,10
12040,1840,19,9,10
16576,1841,19,15,4
15792,1842,19,10,9
21744,1843,19,8,11
24832,1844,19,9,10
11952,1845,19,12,7
12160,1846,19,10,9
12528,1847,19,9,10
27776,1848,19,8,11
9248,1849,19,7,12
23432,1850,19,9,10
21312,1851,19,10,9
16224,1852,19,6,13
14296,1853,19,7,12
23040,1854,19,9,10
11240,1855,19,12,7
17832,1856,19,6,13
14656,1857,19,13,6
17696,1858,19,8,11
15728,1859,19,11,8
13024,1860,19,12,7
20712,1861,19,10,9
28544,1862,19,11,8
12784,1863,19,11,8
14496,1864,19,11,8
13624,1865,19,8,11
16072,1866,19,8,11
8832,1867,19,7,12
18504,1868,19,10,9
13880,1869,19,10,9
19064,1870,19,10,9
18264,1871,19,14,5
38152,1872,19,13,6
14408,1873,19,10,9
16752,1874,19,10,9
10368,1875,19,8,11
20528,1876,19,13,6
19960,1877,19,11,8
19880,1878,19,12,7
15168,1879,19,7,12
30880,1880,19,9,10
13768,1881,19,7,12
14736,1882,19,11,8
17600,1883,19,13,6
19024,1884,19,8,11
17440,1885,19,8,11
19528,1886,19,8,11
11280,1887,19,10,9
21144,1888,19,12,7
16288,1889,19,8,11
17872,1890,19,10,9
20880,1891,19,7,12
14216,1892,19,13,6
23352,1893,19,10,9
13672,1894,19,9,10
19416,1895,19,6,13
12200,1896,19,12,7
18968,1897,19,12,7
16352,1898,19,8,11
17448,1899,19,8,11
13432,1900,19,14,5
12832,1901,19,11,8
19392,1902,19,13,6
16680,1903,19,10,9
13424,1904,19,8,11
18096,1905,19,9,10
15848,1906,19,10,9
15008,1907,19,11,8
14312,1908,19,7,12
10504,1909,19,9,10
20680,1910,19,10,9
19112,1911,19,11,8
11600,1912,19,8,11
13816,1913,19,11,8
15904,1914,19,8,11
21704,1915,19,6,13
11664,1916,19,11,8
16672,1917,19,8,11
20784,1918,19,7,12
22184,1919,19,14,5
17536,1920,19,8,11
17576,1921,19,13,6
9320,1922,19,9,10
16504,1923,19,6,13
19096,1924,19,8,11
16456,1925,19,8,11
17408,1926,19,4,15
13552,1927,19,9,10
10896,1928,19,8,11
23328,1929,19,11,8
11168,1930,19,8,11
18832,1931,19,10,9
16128,1932,19,5,14
14712,1933,19,9,10
11440,1934,19,9,10
15552,1935,19,12,7
14016,1936,19,6,13
17712,1937,19,13,6
19552,1938,19,6,13
10920,1939,19,7,12
16152,1940,19,12,7
16424,1941,19,8,11
15440,1942,19,7,12
14000,1943,19,9,10
15296,1944,19,7,12
16496,1945,19,12,7
14456,1946,19,10,9
14912,1947,19,7,12
16904,1948,19,13,6
24072,1949,19,3,16
18344,1950,19,11,8
21968,1951,19,12,7
20664,1952,18,9,9
23976,1953,18,9,9
14584,1954,18,9,9
15488,1955,18,10,8
13200,1956,18,7,11
13000,1957,18,8,10
22728,1958,18,10,8
27016,1959,18,9,9
15496,1960,18,9,9
12240,1961,18,14,4
12776,1962,18,9,9
12400,1963,18,8,10
13192,1964,18,11,7
26104,1965,18,10,8
20008,1966,18,8,10
20312,1967,18,10,8
20448,1968,18,9,9
13376,1969,18,12,6
19688,1970,18,9,9
14368,1971,18,6,12
18472,1972,18,7,11
11912,1973,18,11,7
16968,1974,18,11,7
15928,1975,18,3,15
19568,1976,18,9,9
19248,1977,18,10,8
19616,1978,18,8,10
28000,1979,18,6,12
12072,1980,18,8,10
16408,1981,18,8,10
18536,1982,18,9,9
17704,1983,18,10,8
20536,1984,18,7,11
21336,1985,18,8,10
23248,1986,18,9,9
21904,1987,18,6,12
22880,1988,18,7,11
19432,1989,18,10,8
15136,1990,18,9,9
16048,1991,18,10,8
14624,1992,18,6,12
17520,1993,18,9,9
26440,1994,18,15,3
16000,1995,18,10,8
15416,1996,18,10,8
26208,1997,18,12,6
13184,1998,18,11,7
18416,1999,18,5,13
19192,2000,18,6,12
11400,2001,18,12,6
15648,2002,18,7,11
21112,2003,18,6,12
14120,2004,18,9,9
14632,2005,18,11,7
18424,2006,18,7,11
24872,2007,18,7,11
18064,2008,18,14,4
11688,2009,18,8,10
14608,2010,18,8,10
17184,2011,18,8,10
12088,2012,18,9,9
14536,2013,18,12,6
14176,2014,18,8,10
14880,2015,18,9,9
21440,2016,18,10,8
17720,2017,18,9,9
18576,2018,18,9,9
18192,2019,18,10,8
14360,2020,18,12,6
12920,2021,18,12,6
18168,2022,18,9,9
13528,2023,18,9,9
13488,2024,18,9,9
11944,2025,18,10,8
8752,2026,18,7,11
8064,2027,18,6,12
29240,2028,18,10,8
20248,2029,18,10,8
21888,2030,18,8,10
18872,2031,18,12,6
16024,2032,18,11,7
10680,2033,18,8,10
20856,2034,18,6,12
16256,2035,18,8,10
18976,2036,18,9,9
24752,2037,18,9,9
19200,2038,18,12,6
16872,2039,18,9,9
20800,2040,18,7,11
12024,2041,18,4,14
24520,2042,18,6,12
27744,2043,18,8,10
16624,2044,18,8,10
15128,2045,18,8,10
11232,2046,18,8,10
27960,2047,18,10,8
24184,2048,18,10,8
21480,2049,18,7,11
21832,2050,18,8,10
12976,2051,18,9,9
31040,2052,18,9,9
11760,2053,18,7,11
16912,2054,18,7,11
19512,2055,18,6,12
13856,2056,18,9,9
13272,2057,18,12,6
21576,2058,18,10,8
20904,2059,18,10,8
22752,2060,18,9,9
17136,2061,18,11,7
17944,2062,18,10,8
16448,2063,18,8,10
17464,2064,18,5,13
14008,2065,18,7,11
11288,2066,18,8,10
17808,2067,18,10,8
26520,2068,18,8,10
21672,2069,18,11,7
22384,2070,18,9,9
25696,2071,18,6,12
12672,2072,18,7,11
17656,2073,18,10,8
28440,2074,18,10,8
18568,2075,18,9,9
10216,2076,18,7,11
13504,2077,18,8,10
13416,2078,18,9,9
15784,2079,18,9,9
14904,2080,18,13,5
12568,2081,18,7,11
14096,2082,18,10,8
14080,2083,18,12,6
19144,2084,17,9,8
44400,2085,17,8,9
14208,2086,17,8,9
12520,2087,17,9,8
15328,2088,17,8,9
24984,2089,17,10,7
10640,2090,17,7,10
19208,2091,17,10,7
18744,2092,17,11,6
12640,2093,17,7,10
36288,2094,17,10,7
16192,2095,17,6,11
13704,2096,17,12,5
16008,2097,17,7,10
22104,2098,17,10,7
23096,2099,17,9,8
19104,2100,17,9,8
19304,2101,17,10,7
9752,2102,17,9,8
13112,2103,17,10,7
16032,2104,17,11,6
25200,2105,17,8,9
21136,2106,17,8,9
14520,2107,17,11,6
15704,2108,17,8,9
18320,2109,17,7,10
19280,2110,17,10,7
15448,2111,17,7,10
12056,2112,17,7,10
12064,2113,17,10,7
19264,2114,17,7,10
15184,2115,17,9,8
15640,2116,17,8,9
30024,2117,17,10,7
29168,2118,17,6,11
16720,2119,17,6,11
18232,2120,17,7,10
19224,2121,17,8,9
15144,2122,17,7,10
17992,2123,17,7,10
9816,2124,17,9,8
14640,2125,17,8,9
18152,2126,17,8,9
20320,2127,17,10,7
13952,2128,17,10,7
20416,2129,17,11,6
11000,2130,17,8,9
20392,2131,17,6,11
14752,2132,17,12,5
8104,2133,17,10,7
15944,2134,17,9,8
19088,2135,17,6,11
20728,2136,17,5,12
14720,2137,17,9,8
22552,2138,17,8,9
17984,2139,17,8,9
18384,2140,17,7,10
13056,2141,17,8,9
13904,2142,17,7,10
11648,2143,17,9,8
24328,2144,17,9,8
18024,2145,17,12,5
10336,2146,17,8,9
13456,2147,17,12,5
21320,2148,17,12,5
15864,2149,17,8,9
12816,2150,17,9,8
10552,2151,17,9,8
19376,2152,17,8,9
38360,2153,17,5,12
22968,2154,17,6,11
12616,2155,17,11,6
21952,2156,17,6,11
26048,2157,17,9,8
22640,2158,17,7,10
15544,2159,17,10,7
20576,2160,17,9,8
25392,2161,17,11,6
15000,2162,17,8,9
25408,2163,17,8,9
11936,2164,17,6,11
15224,2165,17,12,5
16984,2166,17,9,8
17760,2167,17,8,9
29160,2168,17,7,10
29264,2169,17,5,12
11136,2170,17,10,7
36552,2171,17,10,7
16736,2172,17,8,9
14952,2173,17,8,9
18072,2174,17,8,9
12472,2175,17,10,7
17232,2176,17,7,10
16760,2177,17,8,9
23680,2178,17,8,9
10696,2179,17,7,10
18928,2180,17,4,13
14200,2181,17,10,7
28888,2182,17,11,6
20688,2183,17,7,10
21632,2184,17,7,10
19152,2185,17,7,10
16536,2186,17,8,9
23080,2187,17,6,11
19288,2188,17,9,8
18208,2189,17,8,9
14440,2190,17,10,7
12944,2191,17,8,9
17816,2192,17,9,8
13944,2193,17,8,9
22544,2194,17,8,9
16712,2195,17,9,8
15880,2196,17,10,7
20216,2197,17,10,7
16792,2198,17,9,8
18840,2199,17,10,7
19536,2200,17,8,9
15424,2201,17,11,6
16344,2202,17,9,8
16264,2203,17,7,10
15680,2204,17,8,9
24552,2205,17,8,9
14328,2206,17,13,4
15392,2207,17,8,9
19328,2208,17,7,10
18616,2209,17,8,9
11376,2210,17,12,5
11472,2211,17,5,12
14728,2212,17,10,7
14552,2213,17,8,9
12328,2214,17,11,6
24968,2215,17,10,7
18296,2216,17,9,8
23776,2217,17,13,4
17040,2218,17,8,9
12600,2219,17,10,7
22472,2220,17,11,6
22816,2221,17,8,9
17080,2222,17,7,10
16824,2223,16,7,9
16520,2224,16,9,7
14512,2225,16,6,10
27816,2226,16,9,7
22856,2227,16,9,7
21296,2228,16,7,9
14672,2229,16,10,6
18552,2230,16,7,9
21152,2231,16,7,9
11824,2232,16,6,10
23960,2233,16,7,9
18592,2234,16,9,7
18864,2235,16,8,8
19344,2236,16,6,10
13512,2237,16,6,10
15720,2238,16,8,8
20920,2239,16,10,6
15760,2240,16,9,7
21432,2241,16,5,11
25488,2242,16,9,7
23384,2243,16,7,9
26216,2244,16,5,11
16952,2245,16,11,5
19816,2246,16,8,8
20304,2247,16,9,7
17096,2248,16,8,8
20672,2249,16,6,10
18240,2250,16,6,10
17784,2251,16,11,5
30400,2252,16,10,6
14160,2253,16,6,10
17744,2254,16,6,10
21792,2255,16,6,10
14568,2256,16,6,10
17400,2257,16,9,7
12560,2258,16,7,9
19824,2259,16,10,6
33560,2260,16,7,9
16320,2261,16,11,5
14192,2262,16,10,6
19560,2263,16,9,7
24560,2264,16,10,6
13464,2265,16,9,7
13144,2266,16,7,9
16064,2267,16,10,6
20432,2268,16,7,9
21176,2269,16,13,3
13440,2270,16,4,12
25544,2271,16,8,8
16080,2272,16,4,12
28136,2273,16,7,9
21656,2274,16,6,10
23896,2275,16,8,8
18896,2276,16,7,9
23672,2277,16,8,8
20696,2278,16,9,7
26008,2279,16,14,2
19768,2280,16,12,4
17336,2281,16,10,6
16936,2282,16,5,11
18256,2283,16,6,10
42328,2284,16,10,6
26576,2285,16,7,9
21512,2286,16,9,7
24720,2287,16,7,9
26944,2288,16,9,7
36928,2289,16,9,7
16640,2290,16,8,8
19016,2291,16,8,8
18600,2292,16,9,7
14664,2293,16,8,8
27504,2294,16,9,7
19600,2295,16,6,10
15888,2296,16,9,7
26496,2297,16,9,7
19776,2298,16,9,7
22480,2299,16,7,9
22520,2300,16,7,9
15016,2301,16,5,11
15288,2302,16,6,10
19784,2303,16,7,9
27984,2304,16,5,11
17304,2305,16,9,7
17312,2306,16,9,7
22912,2307,16,6,10
26584,2308,16,5,11
40760,2309,16,8,8
13576,2310,16,7,9
18904,2311,16,6,10
13696,2312,16,6,10
13680,2313,16,8,8
32576,2314,16,9,7
16376,2315,16,6,10
15576,2316,16,10,6
33744,2317,16,8,8
16056,2318,16,7,9
12416,2319,16,8,8
17152,2320,16,11,5
25872,2321,16,8,8
18040,2322,16,4,12
41520,2323,16,7,9
20496,2324,16,7,9
40904,2325,16,8,8
24880,2326,16,8,8
17416,2327,16,9,7
24800,2328,16,8,8
24664,2329,16,6,10
59336,2330,16,9,7
19800,2331,16,8,8
21752,2332,16,10,6
23824,2333,16,6,10
22000,2334,16,8,8
15624,2335,16,11,5
23472,2336,16,12,4
29360,2337,16,10,6
17936,2338,16,10,6
27696,2339,16,10,6
17624,2340,16,9,7
24736,2341,16,10,6
20704,2342,16,5,11
18624,2343,16,6,10
23032,2344,16,6,10
11480,2345,16,6,10
12712,2346,16,9,7
25616,2347,16,3,13
26304,2348,16,7,9
15408,2349,16,9,7
17368,2350,16,7,9
21232,2351,16,5,11
32704,2352,16,9,7
24296,2353,16,6,10
26336,2354,16,8,8
18792,2355,16,10,6
17496,2356,16,9,7
23520,2357,16,11,5
14800,2358,16,7,9
15432,2359,16,8,8
19992,2360,16,9,7
17480,2361,16,5,11
22672,2362,16,7,9
34296,2363,16,9,7
24920,2364,16,4,12
14592,2365,16,7,9
18440,2366,16,9,7
17168,2367,16,6,10
20296,2368,16,5,11
20464,2369,16,10,6
18528,2370,16,7,9
14600,2371,16,12,4
13824,2372,16,9,7
18360,2373,16,10,6
14936,2374,16,8,8
22936,2375,16,9,7
14344,2376,16,7,9
11928,2377,16,7,9
18464,2378,16,8,8
14808,2379,16,9,7
25016,2380,16,7,9
23840,2381,16,9,7
13448,2382,16,11,5
20568,2383,16,4,12
29736,2384,16,3,13
18000,2385,16,10,6
16248,2386,16,6,10
24648,2387,16,7,9
18352,2388,16,8,8
23760,2389,16,5,11
18272,2390,16,8,8
18664,2391,16,10,6
25240,2392,16,8,8
14680,2393,16,8,8
34520,2394,16,7,9
16728,2395,16,8,8
16040,2396,15,8,7
19576,2397,15,7,8
28792,2398,15,8,7
15568,2399,15,7,8
25184,2400,15,9,6
30184,2401,15,6,9
16584,2402,15,7,8
67608,2403,15,7,8
18768,2404,15,7,8
13928,2405,15,6,9
25856,2406,15,5,10
14528,2407,15,7,8
26784,2408,15,7,8
17144,2409,15,7,8
20408,2410,15,7,8
18520,2411,15,7,8
12152,2412,15,9,6
25984,2413,15,7,8
26000,2414,15,3,12
25024,2415,15,7,8
23640,2416,15,7,8
12432,2417,15,7,8
18992,2418,15,9,6
28416,2419,15,7,8
15040,2420,15,7,8
21896,2421,15,7,8
28456,2422,15,10,5
20744,2423,15,12,3
19168,2424,15,6,9
16144,2425,15,6,9
19160,2426,15,8,7
31584,2427,15,6,9
19520,2428,15,5,10
18984,2429,15,7,8
19920,2430,15,7,8
26056,2431,15,8,7
13912,2432,15,8,7
24808,2433,15,7,8
28016,2434,15,8,7
16168,2435,15,6,9
21464,2436,15,6,9
27104,2437,15,8,7
31152,2438,15,6,9
21856,2439,15,7,8
23192,2440,15,7,8
22200,2441,15,10,5
13048,2442,15,5,10
22080,2443,15,8,7
15672,2444,15,7,8
19464,2445,15,5,10
28512,2446,15,6,9
21584,2447,15,9,6
20488,2448,15,9,6
31088,2449,15,9,6
19056,2450,15,8,7
37448,2451,15,4,11
21072,2452,15,12,3
28568,2453,15,7,8
19944,2454,15,8,7
13016,2455,15,7,8
15120,2456,15,7,8
29344,2457,15,6,9
26176,2458,15,6,9
24744,2459,15,9,6
28128,2460,15,6,9
14960,2461,15,5,10
19496,2462,15,10,5
19696,2463,15,9,6
18776,2464,15,12,3
21504,2465,15,4,11
23224,2466,15,8,7
25280,2467,15,9,6
26040,2468,15,7,8
16480,2469,15,10,5
29696,2470,15,7,8
27360,2471,15,8,7
21488,2472,15,8,7
33032,2473,15,6,9
19680,2474,15,9,6
20088,2475,15,7,8
30976,2476,15,9,6
13936,2477,15,6,9
21960,2478,15,8,7
14256,2479,15,6,9
14872,2480,15,7,8
11216,2481,15,5,10
12584,2482,15,5,10
26840,2483,15,3,12
18696,2484,15,7,8
15840,2485,15,7,8
11024,2486,15,9,6
25384,2487,15,9,6
17344,2488,15,6,9
26872,2489,15,5,10
17952,2490,15,8,7
34992,2491,15,6,9
20272,2492,15,7,8
19808,2493,15,7,8
22424,2494,15,8,7
28040,2495,15,7,8
28352,2496,15,11,4
19048,2497,15,6,9
15504,2498,15,4,11
21760,2499,15,6,9
17280,2500,15,5,10
21920,2501,15,8,7
22768,2502,15,7,8
42976,2503,15,7,8
23624,2504,15,10,5
23024,2505,15,11,4
36992,2506,15,11,4
27664,2507,15,5,10
46152,2508,15,4,11
33896,2509,15,4,11
28504,2510,15,8,7
14768,2511,15,7,8
22216,2512,15,9,6
39792,2513,15,10,5
30368,2514,15,11,4
26408,2515,15,5,10
20640,2516,15,8,7
25624,2517,15,6,9
17928,2518,15,9,6
16608,2519,15,9,6
29504,2520,15,10,5
21080,2521,15,6,9
12208,2522,15,8,7
23544,2523,15,8,7
25752,2524,15,9,6
16368,2525,15,8,7
13320,2526,15,10,5
20072,2527,15,6,9
23280,2528,15,6,9
20056,2529,15,8,7
11744,2530,15,9,6
11432,2531,15,5,10
24000,2532,15,7,8
17384,2533,15,7,8
24336,2534,15,10,5
22432,2535,15,6,9
30928,2536,15,11,4
23712,2537,15,3,12
32016,2538,15,13,2
24416,2539,15,7,8
26424,2540,15,7,8
24168,2541,15,6,9
16464,2542,15,6,9
12896,2543,15,7,8
16592,2544,15,6,9
14976,2545,15,5,10
36000,2546,15,8,7
26800,2547,15,8,7
23720,2548,15,5,10
16664,2549,15,8,7
22160,2550,15,7,8
41024,2551,15,11,4
23928,2552,15,8,7
17896,2553,15,8,7
36576,2554,15,10,5
49736,2555,15,7,8
20128,2556,15,7,8
21864,2557,15,8,7
15712,2558,15,7,8
20104,2559,15,4,11
23144,2560,15,7,8
20440,2561,15,8,7
24240,2562,15,7,8
12000,2563,15,9,6
15832,2564,15,9,6
24448,2565,15,7,8
18288,2566,15,8,7
19632,2567,15,8,7
20136,2568,15,9,6
18720,2569,15,8,7
21648,2570,15,7,8
19936,2571,15,10,5
32000,2572,15,6,9
21424,2573,15,9,6
50264,2574,15,11,4
13384,2575,15,9,6
18920,2576,15,7,8
23088,2577,15,6,9
14832,2578,15,3,12
21208,2579,15,5,10
20064,2580,15,6,9
27864,2581,15,7,8
16088,2582,15,9,6
18784,2583,15,10,5
12544,2584,15,5,10
15824,2585,15,9,6
21184,2586,14,6,8
28744,2587,14,8,6
15584,2588,14,8,6
18184,2589,14,4,10
17920,2590,14,8,6
32416,2591,14,8,6
21032,2592,14,10,4
49560,2593,14,6,8
14944,2594,14,8,6
30664,2595,14,7,7
23600,2596,14,6,8
27456,2597,14,6,8
25120,2598,14,10,4
17840,2599,14,9,5
26352,2600,14,6,8
26960,2601,14,10,4
29680,2602,14,8,6
15064,2603,14,7,7
15176,2604,14,6,8
18760,2605,14,7,7
49232,2606,14,9,5
27272,2607,14,5,9
30752,2608,14,7,7
22048,2609,14,6,8
20000,2610,14,11,3
20592,2611,14,10,4
18560,2612,14,9,5
31984,2613,14,8,6
22328,2614,14,6,8
24048,2615,14,8,6
24344,2616,14,6,8
18368,2617,14,7,7
23176,2618,14,9,5
19928,2619,14,7,7
14416,2620,14,7,7
30704,2621,14,7,7
20040,2622,14,9,5
23488,2623,14,7,7
20208,2624,14,7,7
29888,2625,14,6,8
19736,2626,14,7,7
31240,2627,14,6,8
18088,2628,14,8,6
23240,2629,14,8,6
22496,2630,14,4,10
17064,2631,14,7,7
17976,2632,14,9,5
21008,2633,14,7,7
27352,2634,14,7,7
28496,2635,14,7,7
14232,2636,14,6,8
24944,2637,14,9,5
26696,2638,14,11,3
19872,2639,14,4,10
22824,2640,14,9,5
51392,2641,14,5,9
33632,2642,14,4,10
18856,2643,14,9,5
17048,2644,14,8,6
20944,2645,14,10,4
20624,2646,14,4,10
31432,2647,14,9,5
23232,2648,14,10,4
32432,2649,14,8,6
14424,2650,14,5,9
19424,2651,14,8,6
23800,2652,14,4,10
32304,2653,14,3,11
33936,2654,14,6,8
29656,2655,14,5,9
17800,2656,14,5,9
16768,2657,14,9,5
30584,2658,14,7,7
16120,2659,14,5,9
30640,2660,14,7,7
27464,2661,14,3,11
20376,2662,14,9,5
20016,2663,14,6,8
26992,2664,14,6,8
20400,2665,14,5,9
16136,2666,14,4,10
42248,2667,14,7,7
31624,2668,14,8,6
17352,2669,14,4,10
26920,2670,14,10,4
25376,2671,14,8,6
20288,2672,14,7,7
26792,2673,14,6,8
33048,2674,14,8,6
46360,2675,14,4,10
20840,2676,14,6,8
21944,2677,14,8,6
31080,2678,14,4,10
27024,2679,14,6,8
37120,2680,14,7,7
24120,2681,14,6,8
22336,2682,14,5,9
41344,2683,14,5,9
21552,2684,14,8,6
27160,2685,14,7,7
31968,2686,14,6,8
42168,2687,14,10,4
22688,2688,14,6,8
13992,2689,14,4,10
17552,2690,14,6,8
35328,2691,14,10,4
24608,2692,14,7,7
30432,2693,14,9,5
18544,2694,14,8,6
27448,2695,14,7,7
18248,2696,14,7,7
43400,2697,14,7,7
34568,2698,14,10,4
62928,2699,14,9,5
31280,2700,14,9,5
28048,2701,14,7,7
34720,2702,14,6,8
22944,2703,14,9,5
19176,2704,14,4,10
24104,2705,14,7,7
20888,2706,14,8,6
27752,2707,14,8,6
43832,2708,14,6,8
23320,2709,14,6,8
28392,2710,14,6,8
33240,2711,14,4,10
19272,2712,14,6,8
22288,2713,14,9,5
23016,2714,14,9,5
19608,2715,14,8,6
31896,2716,14,8,6
16016,2717,14,7,7
17288,2718,14,8,6
24680,2719,14,6,8
24008,2720,14,9,5
27976,2721,14,6,8
21688,2722,14,9,5
18304,2723,14,8,6
21168,2724,14,6,8
12736,2725,14,6,8
14136,2726,14,7,7
27176,2727,14,6,8
23648,2728,14,8,6
16512,2729,14,8,6
14928,2730,14,7,7
20024,2731,14,7,7
47536,2732,14,7,7
19080,2733,14,4,10
25424,2734,14,7,7
22976,2735,14,8,6
27288,2736,14,7,7
35712,2737,14,7,7
31952,2738,14,5,9
29568,2739,14,2,12
14288,2740,14,6,8
19360,2741,14,7,7
14848,2742,14,7,7
26904,2743,14,6,8
18880,2744,14,8,6
25776,2745,14,6,8
19672,2746,14,8,6
21800,2747,14,6,8
17072,2748,14,7,7
47592,2749,14,4,10
45080,2750,14,7,7
13280,2751,14,6,8
18448,2752,14,8,6
31776,2753,14,8,6
29040,2754,14,10,4
25360,2755,14,2,12
21216,2756,14,5,9
42360,2757,14,9,5
25344,2758,14,7,7
25088,2759,14,9,5
34464,2760,14,7,7
35304,2761,14,8,6
15376,2762,14,8,6
24208,2763,14,6,8
16696,2764,14,4,10
20872,2765,14,11,3
30952,2766,14,12,2
20424,2767,14,7,7
21496,2768,14,7,7
35424,2769,14,7,7
14920,2770,14,5,9
14840,2771,14,6,8
14480,2772,14,8,6
22064,2773,14,9,5
20976,2774,14,10,4
28984,2775,14,8,6
15048,2776,14,11,3
24696,2777,14,10,4
31552,2778,14,7,7
28632,2779,14,5,9
28144,2780,14,6,8
31488,2781,14,5,9
37200,2782,14,8,6
16176,2783,14,8,6
35544,2784,14,7,7
23496,2785,14,2,12
24904,2786,14,6,8
22280,2787,14,4,10
24152,2788,14,9,5
20232,2789,14,4,10
29368,2790,14,7,7
36432,2791,14,6,8
15656,2792,14,9,5
16544,2793,14,9,5
21192,2794,14,9,5
21936,2795,14,7,7
21056,2796,14,7,7
24024,2797,14,7,7
21528,2798,14,6,8
22600,2799,14,5,9
37488,2800,14,7,7
38264,2801,14,10,4
17584,2802,14,5,9
18120,2803,14,10,4
23568,2804,14,5,9
19760,2805,14,6,8
25960,2806,14,7,7
27248,2807,14,6,8
21400,2808,14,11,3
17192,2809,14,4,10
19984,2810,14,7,7
20352,2811,14,6,8
35088,2812,14,9,5
15528,2813,14,10,4
39664,2814,14,9,5
22408,2815,14,5,9
56064,2816,14,9,5
20144,2817,14,7,7
25216,2818,14,10,4
54720,2819,14,5,9
19704,2820,14,8,6
20456,2821,13,6,7
36696,2822,13,7,6
22088,2823,13,5,8
17000,2824,13,3,10
42408,2825,13,7,6
23688,2826,13,6,7
31456,2827,13,5,8
31512,2828,13,9,4
29816,2829,13,4,9
38040,2830,13,8,5
17128,2831,13,4,9
18160,2832,13,9,4
28832,2833,13,11,2
19120,2834,13,7,6
24320,2835,13,10,3
21304,2836,13,8,5
27560,2837,13,6,7
17632,2838,13,8,5
28232,2839,13,7,6
23216,2840,13,5,8
23560,2841,13,7,6
35464,2842,13,6,7
28640,2843,13,6,7
23288,2844,13,4,9
19856,2845,13,7,6
20520,2846,13,7,6
21416,2847,13,7,6
21024,2848,13,8,5
29968,2849,13,9,4
16096,2850,13,7,6
14272,2851,13,5,8
34704,2852,13,5,8
53248,2853,13,7,6
22632,2854,13,7,6
40440,2855,13,6,7
33024,2856,13,7,6
25880,2857,13,6,7
15768,2858,13,7,6
27592,2859,13,6,7
19488,2860,13,7,6
16856,2861,13,3,10
31376,2862,13,11,2
30656,2863,13,7,6
26096,2864,13,3,10
22128,2865,13,5,8
24536,2866,13,7,6
25192,2867,13,9,4
29312,2868,13,8,5
38832,2869,13,5,8
57072,2870,13,6,7
34024,2871,13,7,6
31168,2872,13,9,4
18056,2873,13,6,7
22376,2874,13,5,8
33976,2875,13,5,8
16888,2876,13,4,9
14384,2877,13,7,6
18016,2878,13,8,5
18376,2879,13,4,9
29048,2880,13,6,7
24688,2881,13,5,8
26464,2882,13,8,5
29912,2883,13,9,4
16200,2884,13,7,6
30696,2885,13,4,9
16776,2886,13,6,7
26264,2887,13,6,7
23904,2888,13,5,8
32512,2889,13,5,8
22664,2890,13,8,5
21288,2891,13,10,3
20824,2892,13,6,7
19864,2893,13,8,5
22848,2894,13,6,7
19888,2895,13,9,4
25040,2896,13,7,6
28528,2897,13,6,7
24360,2898,13,5,8
14392,2899,13,8,5
30824,2900,13,8,5
14616,2901,13,6,7
40800,2902,13,6,7
38352,2903,13,5,8
20616,2904,13,4,9
29536,2905,13,9,4
28552,2906,13,7,6
24032,2907,13,6,7
16472,2908,13,8,5
22488,2909,13,7,6
22416,2910,13,6,7
21160,2911,13,6,7
49728,2912,13,8,5
29304,2913,13,3,10
24352,2914,13,5,8
29200,2915,13,9,4
17320,2916,13,8,5
24912,2917,13,5,8
39504,2918,13,8,5
24304,2919,13,6,7
34456,2920,13,7,6
27216,2921,13,5,8
19480,2922,13,7,6
33536,2923,13,10,3
18456,2924,13,5,8
17392,2925,13,6,7
20896,2926,13,5,8
15856,2927,13,5,8
20160,2928,13,7,6
27344,2929,13,7,6
22984,2930,13,6,7
27672,2931,13,6,7
26864,2932,13,10,3
22616,2933,13,7,6
37080,2934,13,6,7
19400,2935,13,5,8
40688,2936,13,4,9
25864,2937,13,9,4
17728,2938,13,7,6
15152,2939,13,7,6
27944,2940,13,5,8
52080,2941,13,7,6
22400,2942,13,7,6
22016,2943,13,5,8
57368,2944,13,9,4
22024,2945,13,3,10
22840,2946,13,6,7
21352,2947,13,8,5
34552,2948,13,5,8
48336,2949,13,5,8
12704,2950,13,5,8
33784,2951,13,5,8
26080,2952,13,6,7
19952,2953,13,8,5
17224,2954,13,7,6
42064,2955,13,5,8
24312,2956,13,5,8
16552,2957,13,6,7
22352,2958,13,7,6
28160,2959,13,2,11
22872,2960,13,8,5
22608,2961,13,6,7
20776,2962,13,6,7
16880,2963,13,10,3
23160,2964,13,7,6
15912,2965,13,5,8
21768,2966,13,7,6
27800,2967,13,6,7
27168,2968,13,6,7
45656,2969,13,5,8
20608,2970,13,9,4
22576,2971,13,6,7
26608,2972,13,7,6
25008,2973,13,9,4
23536,2974,13,6,7
28248,2975,13,5,8
24816,2976,13,5,8
26480,2977,13,7,6
23336,2978,13,7,6
18480,2979,13,2,11
22832,2980,13,4,9
21568,2981,13,7,6
20832,2982,13,10,3
22680,2983,13,7,6
31568,2984,13,8,5
26472,2985,13,7,6
19832,2986,13,9,4
56648,2987,13,6,7
38712,2988,13,8,5
36208,2989,13,7,6
30264,2990,13,7,6
19912,2991,13,5,8
25464,2992,13,6,7
21720,2993,13,7,6
28800,2994,13,8,5
28264,2995,13,2,11
22304,2996,13,5,8
26128,2997,13,5,8
13648,2998,13,9,4
35728,2999,13,5,8
21272,3000,13,9,4
31840,3001,13,3,10
34848,3002,13,4,9
32176,3003,13,9,4
21040,3004,13,9,4
51920,3005,13,6,7
19728,3006,13,8,5
17560,3007,13,6,7
32264,3008,13,4,9
22296,3009,13,8,5
16280,3010,13,5,8
20472,3011,13,2,11
17176,3012,13,8,5
34312,3013,13,6,7
19000,3014,13,7,6
15688,3015,13,5,8
23456,3016,13,9,4
35576,3017,13,9,4
20096,3018,13,6,7
28384,3019,13,8,5
28808,3020,13,7,6
37160,3021,13,7,6
31160,3022,13,4,9
18496,3023,13,7,6
25048,3024,13,6,7
39968,3025,13,6,7
33192,3026,13,7,6
29104,3027,13,4,9
16920,3028,13,8,5
17160,3029,13,5,8
24080,3030,13,6,7
20720,3031,13,7,6
21776,3032,13,8,5
21984,3033,13,7,6
13088,3034,13,7,6
19712,3035,13,7,6
15072,3036,13,4,9
23008,3037,13,8,5
20328,3038,13,6,7
45256,3039,13,7,6
19504,3040,13,8,5
42760,3041,13,7,6
18280,3042,13,8,5
24976,3043,13,6,7
29592,3044,13,6,7
31792,3045,13,7,6
26720,3046,13,8,5
24400,3047,13,8,5
38112,3048,13,8,5
18704,3049,13,4,9
14824,3050,13,8,5
31048,3051,13,6,7
19128,3052,13,4,9
26832,3053,13,7,6
27384,3054,13,7,6
21456,3055,13,5,8
22784,3056,13,5,8
18952,3057,13,8,5
14128,3058,13,7,6
37976,3059,13,9,4
34216,3060,13,10,3
37136,3061,13,8,5
29152,3062,13,6,7
14400,3063,13,7,6
30528,3064,13,6,7
21344,3065,13,8,5
33792,3066,13,6,7
34424,3067,13,8,5
28712,3068,12,5,7
37216,3069,12,7,5
29688,3070,12,3,9
17432,3071,12,5,7
29296,3072,12,5,7
18392,3073,12,6,6
30616,3074,12,8,4
18752,3075,12,6,6
44936,3076,12,6,6
30008,3077,12,4,8
24784,3078,12,9,3
21120,3079,12,7,5
41664,3080,12,7,5
43304,3081,12,7,5
25640,3082,12,5,7
17688,3083,12,4,8
26112,3084,12,10,2
22896,3085,12,3,9
32032,3086,12,7,5
39312,3087,12,4,8
59328,3088,12,9,3
28032,3089,12,3,9
37440,3090,12,6,6
28064,3091,12,9,3
58912,3092,12,5,7
20280,3093,12,8,4
17016,3094,12,6,6
33456,3095,12,7,5
20656,3096,12,7,5
34688,3097,12,7,5
27408,3098,12,8,4
16896,3099,12,3,9
24464,3100,12,6,6
50672,3101,12,7,5
19720,3102,12,6,6
27880,3103,12,6,6
14688,3104,12,8,4
35672,3105,12,8,4
38312,3106,12,6,6
18176,3107,12,6,6
41680,3108,12,4,8
43624,3109,12,6,6
33072,3110,12,6,6
25936,3111,12,7,5
19296,3112,12,7,5
34928,3113,12,5,7
22808,3114,12,8,4
22744,3115,12,7,5
30392,3116,12,2,10
26808,3117,12,4,8
20648,3118,12,6,6
29088,3119,12,5,7
40152,3120,12,9,3
25096,3121,12,3,9
38008,3122,12,9,3
16104,3123,12,7,5
20384,3124,12,7,5
32816,3125,12,5,7
29400,3126,12,4,8
20928,3127,12,4,8
70312,3128,12,6,6
33008,3129,12,6,6
24544,3130,12,5,7
20120,3131,12,7,5
34904,3132,12,8,4
19240,3133,12,5,7
31848,3134,12,3,9
21976,3135,12,4,8
40128,3136,12,4,8
18960,3137,12,8,4
24856,3138,12,4,8
21712,3139,12,8,4
24632,3140,12,6,6
22648,3141,12,7,5
37432,3142,12,7,5
46840,3143,12,3,9
21096,3144,12,3,9
38424,3145,12,3,9
16600,3146,12,5,7
31144,3147,12,8,4
29408,3148,12,3,9
25632,3149,12,9,3
31264,3150,12,7,5
45728,3151,12,3,9
24160,3152,12,8,4
25520,3153,12,6,6
41288,3154,12,3,9
43688,3155,12,7,5
41776,3156,12,6,6
44144,3157,12,6,6
27912,3158,12,11,1
20504,3159,12,4,8
22232,3160,12,7,5
20736,3161,12,7,5
32504,3162,12,3,9
21328,3163,12,7,5
33816,3164,12,7,5
36624,3165,12,5,7
23312,3166,12,5,7
28096,3167,12,6,6
62024,3168,12,8,4
26528,3169,12,3,9
25944,3170,12,4,8
20952,3171,12,6,6
22792,3172,12,7,5
21280,3173,12,6,6
19792,3174,12,6,6
37808,3175,12,4,8
34880,3176,12,3,9
44464,3177,12,3,9
16632,3178,12,7,5
22176,3179,12,4,8
32896,3180,12,3,9
38464,3181,12,5,7
28672,3182,12,6,6
38664,3183,12,7,5
48480,3184,12,9,3
19656,3185,12,6,6
22776,3186,12,7,5
29120,3187,12,8,4
25328,3188,12,7,5
27424,3189,12,8,4
27056,3190,12,8,4
34984,3191,12,5,7
41720,3192,12,1,11
38576,3193,12,8,4
34056,3194,12,5,7
17848,3195,12,7,5
31496,3196,12,5,7
32168,3197,12,8,4
28344,3198,12,5,7
16928,3199,12,6,6
43928,3200,12,9,3
29520,3201,12,5,7
27608,3202,12,7,5
21224,3203,12,8,4
30968,3204,12,8,4
46880,3205,12,6,6
19440,3206,12,8,4
47576,3207,12,5,7
22320,3208,12,3,9
45152,3209,12,3,9
22264,3210,12,5,7
42640,3211,12,2,10
23464,3212,12,7,5
29440,3213,12,3,9
26192,3214,12,3,9
39960,3215,12,3,9
63208,3216,12,6,6
37016,3217,12,6,6
25296,3218,12,6,6
28816,3219,12,7,5
43936,3220,12,8,4
35624,3221,12,7,5
30568,3222,12,7,5
23416,3223,12,7,5
39944,3224,12,5,7
64952,3225,12,8,4
55944,3226,12,7,5
15336,3227,12,5,7
25080,3228,12,7,5
25552,3229,12,7,5
23880,3230,12,4,8
37280,3231,12,5,7
23272,3232,12,6,6
29872,3233,12,7,5
24824,3234,12,7,5
29464,3235,12,4,8
22712,3236,12,4,8
21360,3237,12,3,9
24512,3238,12,4,8
32256,3239,12,7,5
25736,3240,12,6,6
47120,3241,12,8,4
50784,3242,12,6,6
24952,3243,12,8,4
16528,3244,12,7,5
14448,3245,12,5,7
44944,3246,12,7,5
19336,3247,12,5,7
28168,3248,12,6,6
22392,3249,12,6,6
21248,3250,12,9,3
17328,3251,12,4,8
14112,3252,12,6,6
26856,3253,12,7,5
30336,3254,12,4,8
22624,3255,12,6,6
25792,3256,12,7,5
30064,3257,12,4,8
54704,3258,12,3,9
36016,3259,12,7,5
20336,3260,12,4,8
22920,3261,12,6,6
28840,3262,12,5,7
28936,3263,12,9,3
27336,3264,12,4,8
25072,3265,12,9,3
23592,3266,12,5,7
108784,3267,12,4,8
28592,3268,12,8,4
43064,3269,12,7,5
28696,3270,12,6,6
22120,3271,12,6,6
18104,3272,12,8,4
26984,3273,12,7,5
24280,3274,12,6,6
24672,3275,12,5,7
32152,3276,12,6,6
22456,3277,12,6,6
42424,3278,12,9,3
15104,3279,12,8,4
28272,3280,12,4,8
42472,3281,12,8,4
17968,3282,12,9,3
22584,3283,12,5,7
31032,3284,12,5,7
14488,3285,12,8,4
44576,3286,12,7,5
24232,3287,12,8,4
18648,3288,12,3,9
30816,3289,12,8,4
22696,3290,12,5,7
30712,3291,12,5,7
40216,3292,12,9,3
23136,3293,12,8,4
26648,3294,12,4,8
31360,3295,12,11,1
30576,3296,12,6,6
35688,3297,12,5,7
17216,3298,12,6,6
26448,3299,12,5,7
25680,3300,12,5,7
22568,3301,12,5,7
37704,3302,12,7,5
21912,3303,12,4,8
30168,3304,12,9,3
36616,3305,12,9,3
16560,3306,12,5,7
31912,3307,12,4,8
35856,3308,12,7,5
20048,3309,12,5,7
40480,3310,12,2,10
29144,3311,12,5,7
35112,3312,12,8,4
30672,3313,12,2,10
32616,3314,12,7,5
22448,3315,12,6,6
15800,3316,12,3,9
47168,3317,12,4,8
26560,3318,12,7,5
18672,3319,12,6,6
25720,3320,12,10,2
33448,3321,12,5,7
36472,3322,12,7,5
42296,3323,12,7,5
26624,3324,12,9,3
32248,3325,12,6,6
31592,3326,12,7,5
22056,3327,12,4,8
25056,3328,12,9,3
18632,3329,12,7,5
31664,3330,12,8,4
12248,3331,12,7,5
56040,3332,12,5,7
23552,3333,12,5,7
17528,3334,12,4,8
33552,3335,12,7,5
31928,3336,12,7,5
25168,3337,12,7,5
22032,3338,12,2,10
28648,3339,12,8,4
23968,3340,12,7,5
37904,3341,12,6,6
26664,3342,12,8,4
35128,3343,12,7,5
13832,3344,12,5,7
21608,3345,12,5,7
64768,3346,12,7,5
32112,3347,12,6,6
21048,3348,12,5,7
29744,3349,12,5,7
19840,3350,12,2,10
18728,3351,12,4,8
33080,3352,12,6,6
45424,3353,12,5,7
18112,3354,12,4,8
47104,3355,12,5,7
25704,3356,12,4,8
35976,3357,12,9,3
53848,3358,12,5,7
37496,3359,12,8,4
18656,3360,12,5,7
29096,3361,12,4,8
23064,3362,12,8,4
22952,3363,12,6,6
41472,3364,12,5,7
31216,3365,12,4,8
27992,3366,12,6,6
34616,3367,12,4,8
24440,3368,12,9,3
17104,3369,12,10,2
20256,3370,12,6,6
27512,3371,12,6,6
20752,3372,12,7,5
35320,3373,12,6,6
26456,3374,12,8,4
21728,3375,12,9,3
84400,3376,12,5,7
25976,3377,12,5,7
23920,3378,12,3,9
21592,3379,12,5,7
56656,3380,12,5,7
21368,3381,12,6,6
24216,3382,12,5,7
20360,3383,12,5,7
49192,3384,12,6,6
29016,3385,12,5,7
23792,3386,12,4,8
30648,3387,12,5,7
21808,3388,12,6,6
41968,3389,12,7,5
25272,3390,12,9,3
23528,3391,12,5,7
24288,3392,12,4,8
15280,3393,12,3,9
54256,3394,11,5,6
32568,3395,11,3,8
27232,3396,11,9,2
41384,3397,11,8,3
36368,3398,11,6,5
41240,3399,11,5,6
40640,3400,11,6,5
40200,3401,11,9,2
31176,3402,11,6,5
63656,3403,11,3,8
39696,3404,11,5,6
31824,3405,11,8,3
44784,3406,11,7,4
25456,3407,11,6,5
25656,3408,11,5,6
37064,3409,11,9,2
26320,3410,11,6,5
49848,3411,11,6,5
31392,3412,11,6,5
18944,3413,11,5,6
41936,3414,11,4,7
27096,3415,11,6,5
63384,3416,11,6,5
34008,3417,11,3,8
39800,3418,11,3,8
27328,3419,11,5,6
18048,3420,11,4,7
40240,3421,11,2,9
55672,3422,11,7,4
37920,3423,11,4,7
29512,3424,11,8,3
28776,3425,11,4,7
27240,3426,11,5,6
30944,3427,11,6,5
26032,3428,11,7,4
41160,3429,11,4,7
49568,3430,11,5,6
38608,3431,11,4,7
48496,3432,11,3,8
24584,3433,11,8,3
28992,3434,11,10,1
43592,3435,11,5,6
46280,3436,11,5,6
12904,3437,11,6,5
35928,3438,11,7,4
30480,3439,11,3,8
25368,3440,11,4,7
28024,3441,11,5,6
53888,3442,11,8,3
38520,3443,11,9,2
27280,3444,11,7,4
40112,3445,11,3,8
46624,3446,11,0,11
35904,3447,11,7,4
57248,3448,11,5,6
25840,3449,11,6,5
24064,3450,11,7,4
68936,3451,11,4,7
18640,3452,11,6,5
35968,3453,11,7,4
35512,3454,11,6,5
28448,3455,11,3,8
63920,3456,11,7,4
42856,3457,11,6,5
54496,3458,11,4,7
25608,3459,11,6,5
19648,3460,11,5,6
30496,3461,11,6,5
39536,3462,11,5,6
27904,3463,11,8,3
26752,3464,11,3,8
28856,3465,11,5,6
34376,3466,11,6,5
26688,3467,11,7,4
38408,3468,11,7,4
41456,3469,11,5,6
36248,3470,11,5,6
45416,3471,11,5,6
41696,3472,11,5,6
33384,3473,11,5,6
28296,3474,11,6,5
35056,3475,11,5,6
36912,3476,11,6,5
19896,3477,11,9,2
40248,3478,11,6,5
59768,3479,11,7,4
42312,3480,11,2,9
17248,3481,11,6,5
26152,3482,11,5,6
41552,3483,11,9,2
32760,3484,11,7,4
45520,3485,11,6,5
15664,3486,11,3,8
20560,3487,11,6,5
27520,3488,11,5,6
34672,3489,11,8,3
17272,3490,11,7,4
43904,3491,11,3,8
23864,3492,11,7,4
25648,3493,11,8,3
38104,3494,11,6,5
26936,3495,11,8,3
54776,3496,11,6,5
31368,3497,11,5,6
30848,3498,11,5,6
38272,3499,11,6,5
43192,3500,11,5,6
31408,3501,11,3,8
32456,3502,11,7,4
18688,3503,11,7,4
28120,3504,11,4,7
28112,3505,11,6,5
30768,3506,11,5,6
17240,3507,11,6,5
19408,3508,11,6,5
22528,3509,11,6,5
66056,3510,11,6,5
42984,3511,11,8,3
27416,3512,11,7,4
22704,3513,11,4,7
28472,3514,11,5,6
30216,3515,11,7,4
51416,3516,11,4,7
45440,3517,11,3,8
26144,3518,11,6,5
24960,3519,11,3,8
31816,3520,11,4,7
49792,3521,11,3,8
34496,3522,11,8,3
50152,3523,11,6,5
43672,3524,11,6,5
38344,3525,11,5,6
26968,3526,11,7,4
42400,3527,11,7,4
25968,3528,11,5,6
27072,3529,11,6,5
29864,3530,11,8,3
53880,3531,11,7,4
36904,3532,11,8,3
18488,3533,11,5,6
29072,3534,11,4,7
28104,3535,11,3,8
26168,3536,11,3,8
23808,3537,11,5,6
29992,3538,11,4,7
23168,3539,11,5,6
35824,3540,11,5,6
18312,3541,11,5,6
47440,3542,11,3,8
24496,3543,11,6,5
43248,3544,11,6,5
29920,3545,11,5,6
47456,3546,11,3,8
41616,3547,11,3,8
44032,3548,11,7,4
36024,3549,11,4,7
23440,3550,11,8,3
30784,3551,11,5,6
26760,3552,11,6,5
38800,3553,11,3,8
35368,3554,11,7,4
58976,3555,11,5,6
28656,3556,11,5,6
31944,3557,11,4,7
51776,3558,11,4,7
38552,3559,11,4,7
25952,3560,11,4,7
56144,3561,11,8,3
24776,3562,11,5,6
30096,3563,11,5,6
40488,3564,11,9,2
15560,3565,11,4,7
41992,3566,11,5,6
32960,3567,11,8,3
37056,3568,11,4,7
44008,3569,11,5,6
38280,3570,11,3,8
23768,3571,11,5,6
42792,3572,11,5,6
37184,3573,11,2,9
55976,3574,11,6,5
27688,3575,11,5,6
15512,3576,11,5,6
19352,3577,11,5,6
23632,3578,11,4,7
37104,3579,11,6,5
21992,3580,11,5,6
39256,3581,11,7,4
15608,3582,11,6,5
38632,3583,11,6,5
27128,3584,11,5,6
27848,3585,11,6,5
31576,3586,11,2,9
33880,3587,11,7,4
32088,3588,11,5,6
30472,3589,11,6,5
16944,3590,11,2,9
18912,3591,11,7,4
19216,3592,11,2,9
25448,3593,11,7,4
33920,3594,11,9,2
79336,3595,11,6,5
23264,3596,11,7,4
34976,3597,11,5,6
48512,3598,11,3,8
47344,3599,11,5,6
24888,3600,11,4,7
38896,3601,11,5,6
42304,3602,11,6,5
22360,3603,11,8,3
36160,3604,11,6,5
51408,3605,11,5,6
40032,3606,11,9,2
28304,3607,11,4,7
76896,3608,11,8,3
29112,3609,11,5,6
17032,3610,11,7,4
39104,3611,11,5,6
28584,3612,11,7,4
39336,3613,11,5,6
40472,3614,11,4,7
25472,3615,11,4,7
41008,3616,11,9,2
42344,3617,11,6,5
37512,3618,11,5,6
22152,3619,11,3,8
27000,3620,11,6,5
44792,3621,11,5,6
26248,3622,11,4,7
26552,3623,11,3,8
20864,3624,11,9,2
33984,3625,11,8,3
18512,3626,11,6,5
38224,3627,11,4,7
38200,3628,11,8,3
22536,3629,11,5,6
24096,3630,11,5,6
35752,3631,11,7,4
38672,3632,11,5,6
33296,3633,11,5,6
39568,3634,11,8,3
14856,3635,11,4,7
62696,3636,11,7,4
30904,3637,11,5,6
33136,3638,11,7,4
56336,3639,11,6,5
20344,3640,11,7,4
27728,3641,11,5,6
38096,3642,11,8,3
21616,3643,11,2,9
72240,3644,11,5,6
37816,3645,11,3,8
23736,3646,11,4,7
34832,3647,11,7,4
55744,3648,11,5,6
29336,3649,11,5,6
76864,3650,11,4,7
15960,3651,11,6,5
19968,3652,11,6,5
92192,3653,11,6,5
32424,3654,11,5,6
35008,3655,11,5,6
29824,3656,11,6,5
48032,3657,11,7,4
62592,3658,11,6,5
25432,3659,11,9,2
41816,3660,11,4,7
23376,3661,11,3,8
14816,3662,11,5,6
37112,3663,11,9,2
20632,3664,11,5,6
28360,3665,11,5,6
20152,3666,11,4,7
35800,3667,11,2,9
72432,3668,11,8,3
22240,3669,11,2,9
46704,3670,11,4,7
51624,3671,11,4,7
22800,3672,11,3,8
36040,3673,11,8,3
66840,3674,11,4,7
16392,3675,11,5,6
38120,3676,11,8,3
38144,3677,11,7,4
33480,3678,11,5,6
26312,3679,11,8,3
57784,3680,11,5,6
30200,3681,11,7,4
20968,3682,11,5,6
34864,3683,11,6,5
43776,3684,11,5,6
25600,3685,11,6,5
55608,3686,11,7,4
25832,3687,11,7,4
30136,3688,11,3,8
30128,3689,11,5,6
35496,3690,11,3,8
36712,3691,11,6,5
30320,3692,11,5,6
25528,3693,11,6,5
39528,3694,11,2,9
24176,3695,11,6,5
67248,3696,11,6,5
23304,3697,11,6,5
71024,3698,11,6,5
46208,3699,11,7,4
40840,3700,11,2,9
48776,3701,11,4,7
33584,3702,11,5,6
35224,3703,11,7,4
26712,3704,11,6,5
20792,3705,11,4,7
42336,3706,11,4,7
33544,3707,11,5,6
29608,3708,11,6,5
21600,3709,11,6,5
23512,3710,11,6,5
23944,3711,11,5,6
24408,3712,11,8,3
33872,3713,11,8,3
20960,3714,11,3,8
21088,3715,11,9,2
21536,3716,11,7,4
20992,3717,11,7,4
32160,3718,11,4,7
16992,3719,11,7,4
31232,3720,11,3,8
41880,3721,11,5,6
29032,3722,11,1,10
39384,3723,11,5,6
26384,3724,11,7,4
23608,3725,11,7,4
33368,3726,11,4,7
25248,3727,11,7,4
26952,3728,11,7,4
20600,3729,11,6,5
31608,3730,11,6,5
25760,3731,11,4,7
35272,3732,11,5,6
32720,3733,11,5,6
31560,3734,11,7,4
17504,3735,11,5,6
36888,3736,11,4,7
42528,3737,11,6,5
25768,3738,11,3,8
38032,3739,11,3,8
28200,3740,11,6,5
21848,3741,11,5,6
36136,3742,11,3,8
25920,3743,11,7,4
41176,3744,11,6,5
31648,3745,11,6,5
41312,3746,11,4,7
34896,3747,11,4,7
49424,3748,11,4,7
29136,3749,11,3,8
42008,3750,11,4,7
22888,3751,11,6,5
37344,3752,11,7,4
32624,3753,11,5,6
23360,3754,11,5,6
30984,3755,11,9,2
41792,3756,11,6,5
35448,3757,11,5,6
42664,3758,11,6,5
39224,3759,11,5,6
24936,3760,11,4,7
29128,3761,11,3,8
21128,3762,11,9,2
28328,3763,11,8,3
27112,3764,11,5,6
20480,3765,11,3,8
23400,3766,11,6,5
41656,3767,11,7,4
21256,3768,11,4,7
18400,3769,11,7,4
40880,3770,11,6,5
26656,3771,11,4,7
43568,3772,11,6,5
24376,3773,11,4,7
24760,3774,11,5,6
57552,3775,10,6,4
36488,3776,10,8,2
66176,3777,10,8,2
18712,3778,10,6,4
34168,3779,10,5,5
81928,3780,10,5,5
21824,3781,10,4,6
27400,3782,10,6,4
23848,3783,10,7,3
24576,3784,10,2,8
42656,3785,10,4,6
50688,3786,10,1,9
35280,3787,10,3,7
28080,3788,10,7,3
37480,3789,10,6,4
39488,3790,10,6,4
40744,3791,10,5,5
38784,3792,10,4,6
29640,3793,10,9,1
19040,3794,10,4,6
43728,3795,10,4,6
25256,3796,10,3,7
22224,3797,10,6,4
47992,3798,10,6,4
24624,3799,10,3,7
44720,3800,10,2,8
39680,3801,10,7,3
70544,3802,10,5,5
32976,3803,10,3,7
44376,3804,10,6,4
29704,3805,10,4,6
35992,3806,10,6,4
20368,3807,10,6,4
22960,3808,10,6,4
33432,3809,10,7,3
36232,3810,10,7,3
27952,3811,10,6,4
78056,3812,10,7,3
30040,3813,10,5,5
44432,3814,10,4,6
67872,3815,10,5,5
31976,3816,10,2,8
22072,3817,10,4,6
33216,3818,10,3,7
86328,3819,10,7,3
55016,3820,10,4,6
17912,3821,10,6,4
94440,3822,10,3,7
23152,3823,10,4,6
36984,3824,10,1,9
43608,3825,10,6,4
69328,3826,10,8,2
45992,3827,10,6,4
58616,3828,10,5,5
34000,3829,10,8,2
83816,3830,10,7,3
37000,3831,10,8,2
28664,3832,10,5,5
18200,3833,10,4,6
41296,3834,10,7,3
33656,3835,10,4,6
52568,3836,10,3,7
82624,3837,10,6,4
47944,3838,10,5,5
29456,3839,10,7,3
16688,3840,10,8,2
36648,3841,10,7,3
43800,3842,10,3,7
40168,3843,10,4,6
54336,3844,10,5,5
21664,3845,10,5,5
41736,3846,10,3,7
30120,3847,10,7,3
32800,3848,10,5,5
30160,3849,10,4,6
77168,3850,10,4,6
27256,3851,10,7,3
32872,3852,10,2,8
25264,3853,10,7,3
54208,3854,10,3,7
28784,3855,10,7,3
27616,3856,10,3,7
15920,3857,10,5,5
35848,3858,10,5,5
14072,3859,10,7,3
46664,3860,10,3,7
112136,3861,10,7,3
35152,3862,10,6,4
46520,3863,10,5,5
29232,3864,10,3,7
24368,3865,10,5,5
23984,3866,10,5,5
44672,3867,10,6,4
37712,3868,10,6,4
87984,3869,10,7,3
39360,3870,10,4,6
32888,3871,10,6,4
30240,3872,10,6,4
26392,3873,10,6,4
50512,3874,10,5,5
35200,3875,10,6,4
58272,3876,10,4,6
34664,3877,10,7,3
26376,3878,10,6,4
41744,3879,10,7,3
26088,3880,10,4,6
24848,3881,10,4,6
49744,3882,10,6,4
39120,3883,10,5,5
19544,3884,10,3,7
75504,3885,10,5,5
37936,3886,10,5,5
30088,3887,10,3,7
29856,3888,10,6,4
32608,3889,10,8,2
35552,3890,10,5,5
22656,3891,10,5,5
30072,3892,10,8,2
26072,3893,10,6,4
33648,3894,10,5,5
38584,3895,10,5,5
28208,3896,10,6,4
33344,3897,10,5,5
27528,3898,10,7,3
19592,3899,10,4,6
35360,3900,10,6,4
22512,3901,10,2,8
32688,3902,10,3,7
41080,3903,10,8,2
31112,3904,10,3,7
19472,3905,10,5,5
48376,3906,10,6,4
25992,3907,10,4,6
33464,3908,10,4,6
56880,3909,10,6,4
22208,3910,10,4,6
25592,3911,10,6,4
37336,3912,10,5,5
22112,3913,10,6,4
71480,3914,10,6,4
36008,3915,10,7,3
34792,3916,10,7,3
24248,3917,10,1,9
39184,3918,10,5,5
28624,3919,10,1,9
32384,3920,10,6,4
34776,3921,10,6,4
26488,3922,10,6,4
30728,3923,10,6,4
51752,3924,10,9,1
38448,3925,10,4,6
36744,3926,10,6,4
28896,3927,10,6,4
26592,3928,10,7,3
24264,3929,10,4,6
54384,3930,10,4,6
55992,3931,10,7,3
21544,3932,10,8,2
33928,3933,10,4,6
46488,3934,10,6,4
36032,3935,10,6,4
49824,3936,10,5,5
76992,3937,10,6,4
39152,3938,10,4,6
43056,3939,10,3,7
40064,3940,10,7,3
34744,3941,10,3,7
21816,3942,10,8,2
18136,3943,10,5,5
42392,3944,10,6,4
79328,3945,10,6,4
25560,3946,10,4,6
21016,3947,10,4,6
36224,3948,10,4,6
27632,3949,10,6,4
31760,3950,10,4,6
37720,3951,10,5,5
34784,3952,10,5,5
40536,3953,10,7,3
36936,3954,10,7,3
34032,3955,10,7,3
45000,3956,10,7,3
52544,3957,10,7,3
41568,3958,10,5,5
41608,3959,10,7,3
80968,3960,10,5,5
82536,3961,10,4,6
35000,3962,10,6,4
47000,3963,10,6,4
64200,3964,10,5,5
69856,3965,10,6,4
40376,3966,10,4,6
21448,3967,10,4,6
39408,3968,10,5,5
42144,3969,10,3,7
37352,3970,10,6,4
40048,3971,10,6,4
23936,3972,10,6,4
43664,3973,10,8,2
39616,3974,10,7,3
23000,3975,10,2,8
20224,3976,10,7,3
41208,3977,10,8,2
50792,3978,10,5,5
39416,3979,10,3,7
43536,3980,10,4,6
35016,3981,10,3,7
25312,3982,10,3,7
20544,3983,10,4,6
38808,3984,10,6,4
40544,3985,10,8,2
56120,3986,10,6,4
32784,3987,10,6,4
50960,3988,10,4,6
34648,3989,10,3,7
37656,3990,10,7,3
35760,3991,10,5,5
35632,3992,10,6,4
33256,3993,10,3,7
53536,3994,10,2,8
37400,3995,10,3,7
29960,3996,10,4,6
27600,3997,10,3,7
32048,3998,10,6,4
39304,3999,10,3,7
31000,4000,10,5,5
23104,4001,10,6,4
20584,4002,10,6,4
43824,4003,10,6,4
27568,4004,10,3,7
37040,4005,10,4,6
35064,4006,10,4,6
45400,4007,10,4,6
56928,4008,10,8,2
28400,4009,10,6,4
29528,4010,10,4,6
73016,4011,10,5,5
26368,4012,10,3,7
38680,4013,10,5,5
25144,4014,10,3,7
38752,4015,10,3,7
36144,4016,10,5,5
50704,4017,10,4,6
31712,4018,10,6,4
30960,4019,10,4,6
56480,4020,10,6,4
49448,4021,10,4,6
24040,4022,10,3,7
38016,4023,10,5,5
39752,4024,10,3,7
23368,4025,10,3,7
28616,4026,10,2,8
57928,4027,10,2,8
45056,4028,10,5,5
48168,4029,10,4,6
37616,4030,10,5,5
26328,4031,10,6,4
34304,4032,10,3,7
23048,4033,10,4,6
20192,4034,10,4,6
68752,4035,10,8,2
26272,4036,10,6,4
44256,4037,10,8,2
39376,4038,10,3,7
37560,4039,10,8,2
19448,4040,10,6,4
41408,4041,10,5,5
39808,4042,10,5,5
46200,4043,10,5,5
23296,4044,10,3,7
57136,4045,10,6,4
23664,4046,10,5,5
32392,4047,10,4,6
39776,4048,10,7,3
48560,4049,10,8,2
27032,4050,10,4,6
98192,4051,10,4,6
48728,4052,10,4,6
26704,4053,10,7,3
36544,4054,10,5,5
30296,4055,10,5,5
36704,4056,10,4,6
61840,4057,10,3,7
24992,4058,10,8,2
37408,4059,10,6,4
62752,4060,10,7,3
93504,4061,10,5,5
31696,4062,10,4,6
38656,4063,10,7,3
46008,4064,10,3,7
38168,4065,10,6,4
29728,4066,10,6,4
27136,4067,10,6,4
66792,4068,10,4,6
45328,4069,10,4,6
35168,4070,10,4,6
25504,4071,10,6,4
63784,4072,10,3,7
21680,4073,10,4,6
34584,4074,10,6,4
30104,4075,10,8,2
29024,4076,10,7,3
43096,4077,10,2,8
68464,4078,10,5,5
18824,4079,10,6,4
39064,4080,10,4,6
38536,4081,10,6,4
31536,4082,10,8,2
63680,4083,10,5,5
46336,4084,10,5,5
22192,4085,10,7,3
45432,4086,10,5,5
43392,4087,10,7,3
32560,4088,10,6,4
50216,4089,10,4,6
17664,4090,10,2,8
65472,4091,10,5,5
33776,4092,10,5,5
60232,4093,10,6,4
30936,4094,10,5,5
29008,4095,10,5,5
59912,4096,10,5,5
39192,4097,10,2,8
24088,4098,10,5,5
39688,4099,10,5,5
38392,4100,10,9,1
35024,4101,10,6,4
44048,4102,10,10,0
60992,4103,10,4,6
22248,4104,10,7,3
76544,4105,10,5,5
26776,4106,10,3,7
26568,4107,10,5,5
38024,4108,10,6,4
32920,4109,10,3,7
47032,4110,10,9,1
31856,4111,10,7,3
30688,4112,10,5,5
59536,4113,10,3,7
39264,4114,10,3,7
78232,4115,10,4,6
27224,4116,10,4,6
28088,4117,10,3,7
29480,4118,10,9,1
41264,4119,10,3,7
28288,4120,10,4,6
34104,4121,10,4,6
28976,4122,10,9,1
35072,4123,10,2,8
47296,4124,10,5,5
44920,4125,10,4,6
26416,4126,10,7,3
25816,4127,10,5,5
23408,4128,10,6,4
34560,4129,10,5,5
38944,4130,10,6,4
33096,4131,10,7,3
20184,4132,10,4,6
26880,4133,10,9,1
81632,4134,10,4,6
19976,4135,10,6,4
25104,4136,10,2,8
23128,4137,10,6,4
46384,4138,10,2,8
24144,4139,10,6,4
28824,4140,10,4,6
48384,4141,10,5,5
25824,4142,10,5,5
101528,4143,10,3,7
42968,4144,10,4,6
29448,4145,10,6,4
37032,4146,10,8,2
36088,4147,10,4,6
59032,4148,10,4,6
48272,4149,10,6,4
73280,4150,10,4,6
47184,4151,10,7,3
29712,4152,10,5,5
27048,4153,10,5,5
56280,4154,10,6,4
18680,4155,10,1,9
36072,4156,10,6,4
32848,4157,10,5,5
48416,4158,10,3,7
29576,4159,10,3,7
27488,4160,10,3,7
50536,4161,10,5,5
35768,4162,10,5,5
37312,4163,10,4,6
20936,4164,10,2,8
39040,4165,10,7,3
46736,4166,10,7,3
35096,4167,10,7,3
45632,4168,10,6,4
35344,4169,10,6,4
26976,4170,10,4,6
24056,4171,10,6,4
35888,4172,10,6,4
37224,4173,10,6,4
31192,4174,10,3,7
24272,4175,10,7,3
52832,4176,10,5,5
36880,4177,10,3,7
31312,4178,10,6,4
39552,4179,10,7,3
50632,4180,10,4,6
35264,4181,10,5,5
46456,4182,10,5,5
29392,4183,10,3,7
48232,4184,10,4,6
35736,4185,10,4,6
45528,4186,10,5,5
60120,4187,10,4,6
27840,4188,10,7,3
22720,4189,10,4,6
32408,4190,10,7,3
40464,4191,10,6,4
25808,4192,10,6,4
40928,4193,10,6,4
51232,4194,10,6,4
47640,4195,10,5,5
49872,4196,10,7,3
29280,4197,10,3,7
25912,4198,10,6,4
19320,4199,10,5,5
62664,4200,10,5,5
35592,4201,10,6,4
44344,4202,10,3,7
30208,4203,10,4,6
46952,4204,10,8,2
46168,4205,10,6,4
63712,4206,10,2,8
57816,4207,10,5,5
42624,4208,10,2,8
39840,4209,10,3,7
30224,4210,10,5,5
27208,4211,10,3,7
40280,4212,10,8,2
35192,4213,10,5,5
23072,4214,10,6,4
37584,4215,10,2,8
45248,4216,10,7,3
57352,4217,10,5,5
39464,4218,10,5,5
39912,4219,10,4,6
58792,4220,10,5,5
25152,4221,10,6,4
58168,4222,10,4,6
27824,4223,10,5,5
38768,4224,10,2,8
24504,4225,10,7,3
40992,4226,10,6,4
21392,4227,10,6,4
29432,4228,10,6,4
53680,4229,10,6,4
13328,4230,10,5,5
39896,4231,10,5,5
60448,4232,10,7,3
54016,4233,10,3,7
45016,4234,10,6,4
55768,4235,10,4,6
35616,4236,10,4,6
37792,4237,10,5,5
52664,4238,10,6,4
52256,4239,10,7,3
67584,4240,10,5,5
37128,4241,10,4,6
23056,4242,10,6,4
30912,4243,10,6,4
54944,4244,10,3,7
25784,4245,10,6,4
31208,4246,10,5,5
110024,4247,9,3,6
23208,4248,9,5,4
57208,4249,9,5,4
52464,4250,9,6,3
24704,4251,9,6,3
62960,4252,9,7,2
40976,4253,9,4,5
45200,4254,9,3,6
34120,4255,9,6,3
47048,4256,9,6,3
43792,4257,9,5,4
31328,4258,9,3,6
47072,4259,9,5,4
45624,4260,9,2,7
141448,4261,9,3,6
36256,4262,9,3,6
25352,4263,9,4,5
42888,4264,9,5,4
80952,4265,9,3,6
28864,4266,9,6,3
35040,4267,9,7,2
49504,4268,9,3,6
41152,4269,9,5,4
33224,4270,9,4,5
60256,4271,9,4,5
62360,4272,9,6,3
32672,4273,9,2,7
35176,4274,9,4,5
34536,4275,9,7,2
56352,4276,9,5,4
105456,4277,9,8,1
33272,4278,9,4,5
29376,4279,9,3,6
51248,4280,9,5,4
33128,4281,9,2,7
50032,4282,9,5,4
12360,4283,9,7,2
48432,4284,9,6,3
63008,4285,9,5,4
57016,4286,9,6,3
38216,4287,9,6,3
132520,4288,9,4,5
27792,4289,9,3,6
59752,4290,9,4,5
30888,4291,9,4,5
33992,4292,9,5,4
45408,4293,9,5,4
26296,4294,9,7,2
37248,4295,9,5,4
53296,4296,9,6,3
59904,4297,9,7,2
32104,4298,9,5,4
43128,4299,9,6,3
54160,4300,9,5,4
56200,4301,9,3,6
43080,4302,9,4,5
38864,4303,9,6,3
56360,4304,9,3,6
46712,4305,9,2,7
39856,4306,9,3,6
31728,4307,9,3,6
60032,4308,9,5,4
46176,4309,9,4,5
38248,4310,9,6,3
23576,4311,9,4,5
82832,4312,9,4,5
25400,4313,9,6,3
25208,4314,9,3,6
73496,4315,9,4,5
34440,4316,9,7,2
33288,4317,9,3,6
42256,4318,9,5,4
77408,4319,9,6,3
22864,4320,9,3,6
78272,4321,9,5,4
74680,4322,9,5,4
84760,4323,9,3,6
26288,4324,9,6,3
32992,4325,9,4,5
31920,4326,9,5,4
62320,4327,9,4,5
57024,4328,9,3,6
75368,4329,9,8,1
32664,4330,9,3,6
48824,4331,9,8,1
45024,4332,9,4,5
73624,4333,9,2,7
59168,4334,9,5,4
78184,4335,9,4,5
48688,4336,9,5,4
37456,4337,9,4,5
24656,4338,9,5,4
68008,4339,9,5,4
36608,4340,9,3,6
36816,4341,9,4,5
58600,4342,9,4,5
37624,4343,9,7,2
60400,4344,9,4,5
35808,4345,9,1,8
28920,4346,9,6,3
13360,4347,9,4,5
24016,4348,9,5,4
36464,4349,9,4,5
107600,4350,9,6,3
39928,4351,9,4,5
45576,4352,9,6,3
41352,4353,9,4,5
31872,4354,9,4,5
81704,4355,9,5,4
38744,4356,9,5,4
65160,4357,9,6,3
31752,4358,9,4,5
40232,4359,9,3,6
21640,4360,9,1,8
60632,4361,9,5,4
41704,4362,9,3,6
50480,4363,9,4,5
36952,4364,9,6,3
235360,4365,9,4,5
35664,4366,9,5,4
24256,4367,9,4,5
24616,4368,9,5,4
29624,4369,9,5,4
27200,4370,9,5,4
76792,4371,9,5,4
68680,4372,9,6,3
42536,4373,9,7,2
33208,4374,9,4,5
48440,4375,9,2,7
59360,4376,9,5,4
48840,4377,9,5,4
39432,4378,9,6,3
36592,4379,9,4,5
21472,4380,9,5,4
40088,4381,9,5,4
44384,4382,9,5,4
36152,4383,9,3,6
28752,4384,9,4,5
40912,4385,9,3,6
30304,4386,9,2,7
34920,4387,9,1,8
34336,4388,9,8,1
94544,4389,9,2,7
33752,4390,9,5,4
38816,4391,9,7,2
38384,4392,9,6,3
58200,4393,9,6,3
31384,4394,9,7,2
56832,4395,9,4,5
41048,4396,9,4,5
25288,4397,9,8,1
73936,4398,9,5,4
28184,4399,9,6,3
34136,4400,9,5,4
107928,4401,9,5,4
31416,4402,9,5,4
77040,4403,9,6,3
67072,4404,9,3,6
27184,4405,9,5,4
45360,4406,9,4,5
42320,4407,9,4,5
100904,4408,9,3,6
58712,4409,9,6,3
28912,4410,9,6,3
27496,4411,9,4,5
52152,4412,9,7,2
66872,4413,9,4,5
24568,4414,9,3,6
53088,4415,9,6,3
125296,4416,9,4,5
33304,4417,9,3,6
56432,4418,9,4,5
57144,4419,9,3,6
100768,4420,9,5,4
35912,4421,9,4,5
73744,4422,9,6,3
46024,4423,9,6,3
30800,4424,9,2,7
23888,4425,9,6,3
29384,4426,9,4,5
56160,4427,9,5,4
58896,4428,9,5,4
25744,4429,9,5,4
47088,4430,9,4,5
94336,4431,9,4,5
65256,4432,9,5,4
48488,4433,9,2,7
39128,4434,9,4,5
86208,4435,9,3,6
50400,4436,9,5,4
39784,4437,9,6,3
31128,4438,9,4,5
22760,4439,9,5,4
35312,4440,9,4,5
57416,4441,9,4,5
46496,4442,9,8,1
47392,4443,9,3,6
37592,4444,9,3,6
36768,4445,9,6,3
40776,4446,9,3,6
42416,4447,9,4,5
45448,4448,9,3,6
86376,4449,9,2,7
55040,4450,9,5,4
45472,4451,9,5,4
28280,4452,9,6,3
83504,4453,9,3,6
26256,4454,9,2,7
47208,4455,9,5,4
38376,4456,9,4,5
43584,4457,9,6,3
24472,4458,9,6,3
33512,4459,9,4,5
31528,4460,9,5,4
52744,4461,9,5,4
71640,4462,9,2,7
76528,4463,9,5,4
27576,4464,9,8,1
43136,4465,9,7,2
19744,4466,9,5,4
35816,4467,9,6,3
53560,4468,9,3,6
30280,4469,9,3,6
133528,4470,9,2,7
23728,4471,9,5,4
37096,4472,9,5,4
34264,4473,9,4,5
33184,4474,9,2,7
31632,4475,9,5,4
42704,4476,9,4,5
77344,4477,9,2,7
88944,4478,9,6,3
40592,4479,9,5,4
40072,4480,9,4,5
23616,4481,9,7,2
32928,4482,9,6,3
89160,4483,9,4,5
61704,4484,9,2,7
38456,4485,9,2,7
46856,4486,9,5,4
72760,4487,9,3,6
89472,4488,9,5,4
21840,4489,9,2,7
71240,4490,9,5,4
48800,4491,9,2,7
42904,4492,9,5,4
49328,4493,9,5,4
28952,4494,9,5,4
23112,4495,9,5,4
27152,4496,9,5,4
29472,4497,9,4,5
37416,4498,9,2,7
45600,4499,9,5,4
33280,4500,9,5,4
102840,4501,9,7,2
47792,4502,9,6,3
31008,4503,9,2,7
27896,4504,9,3,6
38560,4505,9,5,4
37368,4506,9,2,7
60024,4507,9,5,4
28576,4508,9,4,5
21624,4509,9,6,3
65088,4510,9,4,5
83880,4511,9,6,3
34840,4512,9,4,5
35352,4513,9,3,6
58640,4514,9,3,6
90360,4515,9,6,3
71008,4516,9,4,5
54784,4517,9,5,4
22904,4518,9,3,6
41392,4519,9,4,5
59832,4520,9,4,5
60800,4521,9,6,3
26536,4522,9,4,5
25032,4523,9,4,5
66416,4524,9,5,4
46728,4525,9,4,5
45376,4526,9,7,2
26360,4527,9,5,4
46408,4528,9,3,6
24192,4529,9,5,4
58608,4530,9,5,4
24528,4531,9,4,5
36584,4532,9,3,6
28720,4533,9,3,6
24384,4534,9,5,4
33864,4535,9,5,4
56528,4536,9,5,4
45712,4537,9,6,3
18800,4538,9,6,3
35568,4539,9,5,4
49928,4540,9,6,3
40448,4541,9,4,5
63304,4542,9,3,6
25416,4543,9,5,4
40312,4544,9,6,3
25160,4545,9,4,5
36304,4546,9,2,7
47064,4547,9,4,5
70560,4548,9,3,6
59280,4549,9,5,4
43864,4550,9,5,4
43912,4551,9,4,5
23120,4552,9,5,4
28928,4553,9,7,2
102048,4554,9,2,7
47688,4555,9,5,4
26672,4556,9,4,5
35560,4557,9,6,3
42504,4558,9,5,4
102184,4559,9,6,3
65680,4560,9,6,3
126432,4561,9,5,4
48672,4562,9,7,2
33520,4563,9,7,2
26504,4564,9,3,6
73152,4565,9,4,5
33328,4566,9,3,6
45936,4567,9,6,3
71448,4568,9,3,6
48648,4569,9,5,4
44368,4570,9,7,2
62976,4571,9,3,6
92672,4572,9,3,6
33392,4573,9,5,4
29648,4574,9,4,5
29976,4575,9,8,1
30600,4576,9,3,6
43440,4577,9,4,5
24592,4578,9,4,5
42288,4579,9,5,4
64776,4580,9,3,6
38904,4581,9,7,2
30416,4582,9,4,5
23656,4583,9,4,5
27928,4584,9,6,3
39584,4585,9,3,6
37520,4586,9,4,5
42080,4587,9,3,6
22560,4588,9,7,2
58312,4589,9,1,8
31136,4590,9,2,7
48944,4591,9,5,4
54456,4592,9,4,5
45368,4593,9,5,4
58032,4594,9,6,3
40344,4595,9,5,4
38984,4596,9,4,5
80584,4597,9,7,2
35984,4598,9,6,3
82456,4599,9,5,4
87128,4600,9,3,6
34040,4601,9,5,4
42000,4602,9,7,2
29056,4603,9,5,4
54608,4604,9,5,4
44192,4605,9,5,4
69032,4606,9,0,9
31200,4607,9,0,9
49064,4608,9,5,4
34064,4609,9,3,6
36296,4610,9,5,4
30016,4611,9,3,6
36848,4612,9,3,6
48368,4613,9,4,5
73944,4614,9,5,4
26280,4615,9,5,4
50560,4616,9,4,5
43880,4617,9,4,5
50376,4618,9,4,5
40120,4619,9,5,4
20200,4620,9,5,4
40632,4621,9,4,5
29760,4622,9,5,4
38080,4623,9,2,7
102328,4624,9,5,4
31120,4625,9,5,4
50944,4626,9,3,6
30992,4627,9,4,5
43040,4628,9,3,6
39496,4629,9,4,5
53992,4630,9,5,4
28176,4631,9,7,2
63840,4632,9,4,5
22504,4633,9,3,6
42584,4634,9,4,5
80496,4635,9,4,5
22736,4636,9,7,2
31736,4637,9,4,5
56520,4638,9,4,5
37944,4639,9,5,4
41512,4640,9,3,6
78680,4641,9,4,5
55592,4642,9,4,5
77376,4643,9,4,5
30720,4644,9,4,5
28680,4645,9,5,4
43416,4646,9,6,3
28520,4647,9,4,5
42800,4648,9,5,4
82032,4649,9,4,5
48160,4650,9,4,5
40320,4651,9,5,4
144776,4652,9,5,4
60096,4653,9,5,4
33824,4654,9,4,5
43216,4655,9,3,6
27312,4656,9,6,3
25064,4657,9,7,2
20112,4658,9,5,4
70960,4659,9,4,5
21264,4660,9,4,5
39000,4661,9,4,5
13808,4662,9,4,5
28848,4663,9,5,4
24864,4664,9,6,3
32480,4665,9,3,6
61104,4666,9,6,3
40528,4667,9,3,6
49512,4668,9,7,2
43784,4669,9,8,1
65912,4670,9,6,3
33680,4671,9,5,4
28560,4672,9,5,4
53584,4673,9,6,3
51608,4674,9,4,5
72464,4675,9,7,2
29944,4676,9,5,4
40496,4677,9,5,4
38000,4678,9,8,1
52872,4679,9,5,4
32768,4680,9,4,5
20808,4681,9,7,2
35160,4682,9,6,3
31064,4683,9,3,6
52920,4684,9,5,4
37152,4685,9,3,6
23424,4686,9,6,3
32880,4687,9,4,5
27936,4688,9,3,6
66608,4689,9,7,2
36824,4690,9,4,5
23912,4691,9,7,2
52024,4692,9,3,6
53008,4693,9,4,5
19032,4694,9,7,2
25848,4695,9,6,3
27920,4696,9,2,7
41496,4697,9,5,4
19072,4698,9,3,6
26136,4699,9,6,3
37776,4700,9,6,3
26680,4701,9,3,6
38856,4702,9,6,3
34488,4703,9,6,3
75472,4704,9,5,4
34432,4705,9,4,5
64320,4706,9,7,2
48928,4707,9,5,4
40576,4708,9,6,3
29352,4709,9,3,6
40856,4710,9,3,6
52960,4711,9,5,4
25576,4712,9,7,2
37536,4713,9,5,4
57400,4714,9,4,5
27888,4715,9,6,3
132528,4716,9,3,6
33888,4717,9,3,6
29288,4718,9,6,3
30736,4719,9,7,2
45536,4720,9,3,6
75400,4721,9,6,3
48576,4722,9,6,3
33904,4723,9,6,3
35944,4724,9,6,3
28376,4725,9,4,5
55960,4726,9,4,5
45464,4727,9,3,6
21784,4728,9,4,5
69432,4729,9,4,5
52656,4730,9,6,3
34888,4731,9,4,5
44640,4732,9,6,3
26224,4733,9,3,6
63056,4734,9,5,4
36760,4735,9,5,4
56328,4736,9,4,5
40824,4737,9,3,6
50984,4738,9,4,5
32656,4739,9,6,3
36376,4740,9,4,5
41088,4741,9,2,7
68368,4742,9,4,5
21376,4743,9,6,3
35704,4744,9,6,3
89328,4745,9,3,6
46040,4746,9,8,1
92624,4747,9,6,3
34544,4748,9,6,3
45128,4749,9,6,3
91424,4750,9,6,3
54904,4751,9,8,1
34192,4752,9,4,5
85176,4753,9,6,3
40848,4754,9,5,4
41328,4755,9,5,4
49272,4756,9,6,3
43176,4757,9,1,8
94432,4758,9,1,8
76648,4759,9,6,3
28704,4760,9,3,6
34152,4761,9,4,5
38072,4762,9,5,4
38064,4763,9,5,4
34016,4764,9,5,4
31888,4765,9,4,5
37840,4766,9,3,6
28192,4767,9,4,5
55584,4768,9,6,3
79360,4769,9,8,1
60520,4770,9,6,3
39208,4771,9,5,4
46976,4772,9,6,3
38720,4773,9,6,3
43264,4774,9,7,2
30080,4775,9,3,6
42568,4776,9,5,4
37360,4777,9,3,6
26728,4778,9,5,4
81208,4779,9,5,4
34160,4780,9,6,3
46688,4781,9,5,4
51432,4782,9,5,4
35376,4783,9,7,2
39088,4784,9,4,5
43408,4785,9,3,6
51672,4786,9,7,2
44040,4787,9,4,5
64432,4788,9,5,4
31016,4789,9,4,5
35472,4790,9,4,5
40256,4791,9,3,6
42616,4792,9,5,4
54312,4793,9,6,3
37888,4794,9,5,4
33408,4795,9,6,3
56888,4796,9,4,5
72648,4797,9,5,4
47280,4798,9,6,3
27648,4799,9,6,3
31616,4800,9,7,2
25224,4801,9,5,4
79768,4802,9,5,4
32136,4803,9,4,5
19184,4804,9,4,5
61296,4805,9,6,3
53168,4806,9,4,5
41424,4807,9,5,4
44328,4808,9,3,6
31864,4809,9,4,5
95888,4810,9,5,4
54352,4811,9,4,5
53600,4812,9,4,5
69312,4813,9,7,2
31304,4814,9,4,5
38960,4815,9,5,4
42688,4816,9,4,5
26600,4817,9,5,4
27856,4818,9,5,4
39736,4819,9,4,5
66128,4820,9,4,5
22928,4821,9,5,4
31744,4822,9,8,1
44680,4823,9,5,4
100168,4824,9,5,4
39480,4825,9,5,4
29776,4826,9,5,4
61992,4827,9,5,4
84592,4828,9,3,6
34752,4829,9,9,0
39144,4830,9,5,4
23480,4831,9,2,7
67104,4832,9,6,3
63944,4833,9,5,4
94536,4834,9,7,2
66480,4835,9,3,6
58944,4836,9,6,3
34640,4837,9,5,4
43856,4838,9,4,5
64632,4839,9,2,7
92376,4840,9,7,2
39448,4841,9,5,4
63896,4842,9,7,2
34936,4843,9,6,3
34288,4844,9,4,5
33856,4845,9,6,3
68384,4846,9,2,7
28600,4847,9,3,6
21000,4848,9,6,3
44632,4849,9,3,6
18816,4850,9,7,2
49880,4851,9,4,5
91728,4852,8,1,7
93488,4853,8,6,2
33376,4854,8,2,6
44000,4855,8,4,4
44736,4856,8,4,4
53120,4857,8,5,3
55880,4858,8,3,5
73992,4859,8,4,4
68824,4860,8,5,3
97064,4861,8,3,5
47488,4862,8,3,5
36856,4863,8,3,5
50720,4864,8,2,6
67456,4865,8,3,5
45648,4866,8,3,5
90432,4867,8,2,6
56680,4868,8,4,4
36480,4869,8,4,4
37784,4870,8,5,3
42648,4871,8,7,1
72624,4872,8,5,3
34344,4873,8,6,2
87336,4874,8,5,3
43152,4875,8,4,4
30872,4876,8,2,6
52800,4877,8,3,5
27320,4878,8,4,4
63440,4879,8,4,4
35680,4880,8,5,3
25496,4881,8,4,4
41976,4882,8,5,3
37832,4883,8,3,5
36864,4884,8,3,5
58816,4885,8,5,3
50824,4886,8,2,6
37968,4887,8,4,4
43312,4888,8,5,3
54896,4889,8,1,7
50896,4890,8,3,5
38968,4891,8,3,5
21880,4892,8,4,4
45824,4893,8,3,5
82160,4894,8,5,3
21736,4895,8,4,4
51848,4896,8,7,1
35960,4897,8,4,4
30112,4898,8,6,2
46888,4899,8,0,8
100928,4900,8,5,3
47256,4901,8,6,2
44488,4902,8,4,4
34200,4903,8,3,5
33704,4904,8,5,3
40104,4905,8,5,3
72416,4906,8,6,2
41128,4907,8,4,4
27304,4908,8,3,5
30456,4909,8,5,3
69984,4910,8,6,2
69760,4911,8,5,3
53520,4912,8,4,4
48896,4913,8,2,6
43464,4914,8,5,3
59720,4915,8,4,4
25512,4916,8,6,2
45240,4917,8,2,6
94080,4918,8,4,4
26512,4919,8,3,5
61800,4920,8,6,2
42592,4921,8,3,5
41232,4922,8,5,3
25536,4923,8,4,4
36200,4924,8,2,6
46216,4925,8,3,5
45944,4926,8,2,6
38320,4927,8,4,4
33232,4928,8,6,2
72872,4929,8,4,4
38232,4930,8,3,5
30560,4931,8,2,6
37600,4932,8,3,5
32272,4933,8,4,4
101048,4934,8,3,5
138200,4935,8,6,2
69280,4936,8,4,4
38736,4937,8,6,2
47888,4938,8,1,7
50696,4939,8,6,2
30840,4940,8,4,4
30232,4941,8,2,6
34224,4942,8,3,5
70976,4943,8,6,2
28408,4944,8,2,6
66392,4945,8,4,4
108968,4946,8,3,5
33424,4947,8,6,2
121344,4948,8,6,2
55080,4949,8,3,5
44960,4950,8,5,3
65952,4951,8,2,6
49640,4952,8,4,4
41120,4953,8,2,6
75152,4954,8,4,4
66624,4955,8,3,5
41536,4956,8,4,4
52368,4957,8,6,2
25896,4958,8,3,5
44064,4959,8,1,7
64120,4960,8,5,3
27768,4961,8,5,3
17736,4962,8,4,4
179704,4963,8,4,4
42744,4964,8,4,4
44504,4965,8,3,5
42608,4966,8,5,3
45136,4967,8,1,7
65424,4968,8,2,6
55376,4969,8,3,5
51712,4970,8,2,6
41360,4971,8,1,7
47976,4972,8,5,3
32912,4973,8,4,4
54696,4974,8,5,3
64856,4975,8,4,4
33736,4976,8,5,3
71520,4977,8,4,4
42720,4978,8,5,3
29984,4979,8,4,4
97752,4980,8,4,4
41840,4981,8,5,3
160704,4982,8,4,4
57856,4983,8,6,2
33152,4984,8,5,3
68440,4985,8,5,3
37608,4986,8,4,4
55112,4987,8,2,6
159600,4988,8,3,5
68096,4989,8,4,4
37912,4990,8,5,3
85112,4991,8,3,5
58888,4992,8,3,5
82000,4993,8,6,2
83904,4994,8,3,5
27584,4995,8,5,3
62568,4996,8,3,5
55456,4997,8,4,4
60648,4998,8,5,3
54984,4999,8,7,1
43992,5000,8,4,4
27192,5001,8,6,2
37872,5002,8,2,6
46936,5003,8,5,3
34608,5004,8,6,2
47432,5005,8,5,3
31600,5006,8,2,6
32336,5007,8,5,3
28256,5008,8,3,5
41944,5009,8,1,7
77136,5010,8,6,2
52496,5011,8,3,5
60712,5012,8,4,4
72080,5013,8,3,5
44584,5014,8,1,7
50616,5015,8,1,7
74088,5016,8,4,4
109984,5017,8,6,2
50360,5018,8,4,4
72728,5019,8,5,3
50816,5020,8,4,4
62208,5021,8,3,5
47360,5022,8,6,2
36944,5023,8,3,5
52848,5024,8,3,5
27760,5025,8,2,6
58296,5026,8,6,2
58008,5027,8,4,4
39456,5028,8,4,4
85080,5029,8,7,1
25320,5030,8,5,3
107824,5031,8,4,4
51480,5032,8,7,1
66464,5033,8,4,4
36800,5034,8,3,5
46096,5035,8,5,3
50368,5036,8,5,3
24480,5037,8,6,2
44840,5038,8,6,2
69568,5039,8,4,4
41672,5040,8,5,3
45392,5041,8,4,4
53672,5042,8,3,5
56872,5043,8,5,3
33728,5044,8,4,4
21408,5045,8,3,5
44456,5046,8,6,2
84584,5047,8,1,7
27040,5048,8,3,5
30272,5049,8,3,5
38480,5050,8,5,3
47448,5051,8,3,5
51904,5052,8,5,3
64704,5053,8,1,7
53184,5054,8,2,6
70536,5055,8,3,5
50048,5056,8,4,4
34600,5057,8,2,6
34088,5058,8,6,2
57224,5059,8,5,3
46744,5060,8,4,4
44392,5061,8,5,3
34256,5062,8,5,3
56496,5063,8,4,4
46416,5064,8,4,4
50312,5065,8,5,3
48976,5066,8,6,2
44088,5067,8,3,5
44232,5068,8,4,4
50304,5069,8,4,4
50384,5070,8,4,4
56696,5071,8,4,4
65992,5072,8,3,5
57120,5073,8,4,4
59152,5074,8,7,1
78096,5075,8,5,3
58480,5076,8,2,6
48760,5077,8,5,3
63608,5078,8,4,4
44864,5079,8,1,7
60536,5080,8,4,4
55472,5081,8,4,4
30464,5082,8,5,3
89520,5083,8,2,6
57968,5084,8,1,7
41376,5085,8,5,3
50056,5086,8,4,4
81056,5087,8,4,4
64896,5088,8,5,3
41144,5089,8,5,3
44200,5090,8,2,6
70288,5091,8,6,2
71080,5092,8,5,3
104624,5093,8,1,7
37952,5094,8,3,5
32632,5095,8,4,4
77528,5096,8,2,6
44152,5097,8,2,6
80408,5098,8,7,1
29928,5099,8,1,7
40680,5100,8,3,5
26824,5101,8,4,4
77384,5102,8,5,3
36400,5103,8,3,5
52616,5104,8,2,6
67000,5105,8,6,2
47880,5106,8,6,2
46144,5107,8,5,3
120824,5108,8,4,4
73792,5109,8,1,7
39248,5110,8,6,2
37464,5111,8,6,2
123560,5112,8,5,3
68224,5113,8,5,3
36344,5114,8,3,5
48712,5115,8,2,6
29848,5116,8,3,5
23752,5117,8,3,5
42880,5118,8,5,3
49816,5119,8,6,2
68520,5120,8,5,3
27296,5121,8,2,6
96952,5122,8,2,6
26632,5123,8,6,2
48536,5124,8,3,5
38912,5125,8,6,2
114488,5126,8,3,5
42600,5127,8,5,3
76184,5128,8,2,6
48528,5129,8,3,5
37688,5130,8,5,3
34816,5131,8,5,3
44992,5132,8,3,5
47040,5133,8,2,6
27080,5134,8,4,4
21520,5135,8,7,1
37800,5136,8,4,4
34272,5137,8,1,7
25584,5138,8,3,5
31056,5139,8,2,6
37232,5140,8,3,5
72712,5141,8,4,4
54864,5142,8,7,1
28536,5143,8,1,7
37640,5144,8,3,5
35840,5145,8,3,5
51568,5146,8,4,4
119416,5147,8,4,4
62304,5148,8,4,4
80400,5149,8,2,6
30360,5150,8,6,2
34448,5151,8,5,3
99880,5152,8,6,2
35208,5153,8,5,3
49864,5154,8,4,4
27832,5155,8,5,3
95904,5156,8,3,5
40288,5157,8,1,7
79688,5158,8,3,5
94800,5159,8,4,4
59416,5160,8,6,2
42368,5161,8,4,4
31184,5162,8,3,5
71968,5163,8,3,5
47760,5164,8,3,5
49312,5165,8,3,5
57944,5166,8,7,1
59856,5167,8,4,4
36680,5168,8,4,4
88976,5169,8,5,3
80568,5170,8,7,1
57080,5171,8,3,5
184128,5172,8,5,3
63792,5173,8,5,3
27640,5174,8,4,4
38440,5175,8,4,4
36560,5176,8,1,7
33496,5177,8,5,3
38568,5178,8,4,4
20176,5179,8,7,1
47616,5180,8,6,2
67776,5181,8,3,5
59128,5182,8,6,2
84720,5183,8,3,5
59824,5184,8,4,4
50296,5185,8,3,5
75536,5186,8,3,5
34096,5187,8,4,4
66072,5188,8,4,4
61536,5189,8,5,3
34208,5190,8,6,2
59512,5191,8,6,2
46232,5192,8,7,1
33248,5193,8,6,2
55352,5194,8,4,4
25000,5195,8,4,4
60000,5196,8,4,4
54520,5197,8,4,4
30776,5198,8,5,3
216472,5199,8,5,3
50080,5200,8,5,3
50624,5201,8,3,5
42632,5202,8,2,6
45704,5203,8,4,4
39320,5204,8,3,5
26120,5205,8,2,6
31256,5206,8,3,5
36408,5207,8,3,5
38048,5208,8,3,5
71648,5209,8,4,4
39600,5210,8,1,7
26232,5211,8,3,5
32144,5212,8,3,5
50160,5213,8,4,4
34048,5214,8,4,4
61712,5215,8,2,6
32600,5216,8,4,4
68672,5217,8,5,3
72296,5218,8,3,5
41624,5219,8,4,4
36440,5220,8,5,3
42432,5221,8,2,6
40568,5222,8,5,3
78992,5223,8,4,4
40624,5224,8,3,5
58920,5225,8,4,4
31480,5226,8,3,5
74008,5227,8,6,2
32192,5228,8,3,5
23448,5229,8,6,2
42120,5230,8,2,6
46240,5231,8,3,5
47112,5232,8,4,4
74400,5233,8,3,5
33664,5234,8,1,7
88336,5235,8,2,6
67552,5236,8,4,4
49384,5237,8,3,5
25728,5238,8,4,4
20912,5239,8,3,5
31688,5240,8,3,5
45296,5241,8,4,4
105080,5242,8,4,4
50024,5243,8,5,3
49752,5244,8,4,4
61872,5245,8,4,4
54472,5246,8,5,3
59544,5247,8,4,4
61896,5248,8,8,0
39400,5249,8,3,5
30152,5250,8,4,4
50224,5251,8,5,3
27008,5252,8,5,3
184080,5253,8,6,2
92464,5254,8,5,3
43016,5255,8,4,4
32200,5256,8,4,4
65064,5257,8,5,3
30608,5258,8,4,4
29216,5259,8,3,5
36896,5260,8,4,4
44264,5261,8,4,4
43424,5262,8,5,3
46224,5263,8,3,5
55832,5264,8,3,5
49016,5265,8,6,2
66952,5266,8,1,7
32952,5267,8,5,3
38472,5268,8,4,4
31296,5269,8,4,4
92760,5270,8,4,4
60496,5271,8,4,4
25440,5272,8,2,6
26816,5273,8,6,2
43168,5274,8,2,6
66488,5275,8,3,5
95936,5276,8,2,6
59384,5277,8,3,5
39168,5278,8,6,2
96632,5279,8,3,5
29424,5280,8,5,3
48784,5281,8,4,4
36784,5282,8,1,7
25712,5283,8,3,5
26200,5284,8,5,3
22464,5285,8,5,3
66200,5286,8,6,2
54440,5287,8,7,1
52000,5288,8,4,4
66640,5289,8,5,3
75016,5290,8,6,2
42824,5291,8,2,6
31808,5292,8,5,3
30744,5293,8,5,3
57608,5294,8,3,5
40608,5295,8,3,5
29416,5296,8,4,4
48624,5297,8,3,5
46088,5298,8,5,3
62264,5299,8,4,4
32448,5300,8,5,3
15344,5301,8,7,1
82352,5302,8,4,4
65208,5303,8,3,5
93080,5304,8,5,3
51928,5305,8,3,5
23872,5306,8,3,5
60576,5307,8,4,4
72552,5308,8,2,6
70368,5309,8,5,3
64920,5310,8,5,3
52008,5311,8,6,2
69584,5312,8,1,7
36920,5313,8,5,3
70768,5314,8,1,7
51264,5315,8,5,3
31248,5316,8,5,3
46944,5317,8,4,4
46792,5318,8,3,5
82432,5319,8,4,4
54768,5320,8,3,5
25568,5321,8,4,4
51104,5322,8,6,2
56544,5323,8,4,4
23392,5324,8,4,4
50240,5325,8,4,4
44408,5326,8,2,6
66152,5327,8,2,6
49248,5328,8,6,2
34184,5329,8,3,5
118992,5330,8,5,3
29616,5331,8,3,5
104016,5332,8,6,2
58440,5333,8,5,3
87880,5334,8,5,3
57168,5335,8,2,6
73648,5336,8,5,3
42136,5337,8,4,4
48632,5338,8,4,4
24128,5339,8,4,4
45736,5340,8,8,0
83248,5341,8,4,4
35936,5342,8,4,4
82856,5343,8,3,5
81712,5344,8,3,5
78352,5345,8,3,5
119728,5346,8,3,5
34728,5347,8,6,2
39976,5348,8,1,7
44968,5349,8,3,5
29720,5350,8,2,6
90544,5351,8,0,8
43432,5352,8,5,3
28008,5353,8,4,4
125608,5354,8,3,5
31288,5355,8,3,5
44768,5356,8,4,4
84536,5357,8,5,3
41728,5358,8,3,5
104776,5359,8,5,3
36504,5360,8,4,4
113840,5361,8,4,4
31992,5362,8,7,1
51152,5363,8,5,3
49344,5364,8,6,2
27712,5365,8,8,0
35440,5366,8,4,4
37320,5367,8,5,3
65832,5368,8,5,3
89216,5369,8,4,4
57864,5370,8,4,4
33848,5371,8,2,6
42176,5372,8,6,2
67304,5373,8,4,4
55360,5374,8,5,3
49656,5375,8,6,2
47704,5376,8,3,5
43712,5377,8,6,2
56976,5378,8,3,5
26848,5379,8,4,4
46504,5380,8,4,4
108368,5381,8,1,7
37544,5382,8,3,5
84312,5383,8,4,4
53696,5384,8,5,3
51736,5385,8,5,3
40520,5386,8,3,5
69472,5387,8,1,7
67016,5388,8,3,5
127032,5389,8,3,5
36096,5390,8,4,4
40816,5391,8,5,3
31024,5392,8,3,5
165624,5393,8,3,5
101568,5394,8,3,5
37824,5395,8,6,2
27144,5396,8,3,5
37880,5397,8,2,6
53944,5398,8,6,2
32128,5399,8,5,3
119696,5400,8,5,3
47312,5401,8,6,2
49976,5402,8,6,2
27968,5403,8,5,3
33416,5404,8,2,6
52728,5405,8,5,3
33768,5406,8,3,5
29560,5407,8,5,3
89144,5408,8,7,1
79080,5409,8,3,5
38696,5410,8,4,4
32280,5411,8,2,6
67168,5412,8,6,2
99672,5413,8,3,5
60776,5414,8,3,5
35784,5415,8,4,4
52776,5416,8,4,4
53608,5417,8,4,4
42096,5418,8,2,6
54168,5419,8,2,6
35336,5420,8,5,3
104824,5421,8,4,4
33056,5422,8,4,4
43160,5423,8,5,3
34680,5424,8,5,3
91400,5425,8,6,2
125168,5426,8,2,6
56856,5427,8,3,5
32376,5428,8,4,4
33528,5429,8,3,5
25672,5430,8,5,3
52864,5431,8,2,6
115456,5432,8,5,3
50344,5433,8,4,4
63080,5434,8,6,2
52904,5435,8,6,2
55512,5436,8,8,0
43968,5437,8,4,4
71800,5438,8,4,4
59064,5439,8,3,5
40616,5440,8,3,5
146568,5441,8,2,6
47752,5442,8,2,6
48752,5443,8,3,5
93288,5444,8,4,4
49200,5445,8,2,6
42352,5446,8,3,5
46128,5447,8,3,5
62104,5448,8,4,4
109784,5449,8,5,3
28072,5450,8,5,3
33640,5451,8,3,5
32936,5452,8,2,6
47352,5453,8,4,4
77152,5454,8,1,7
57064,5455,8,6,2
61160,5456,8,3,5
73392,5457,8,5,3
51000,5458,8,1,7
63520,5459,8,5,3
63168,5460,8,4,4
93008,5461,8,4,4
73248,5462,8,5,3
88520,5463,8,4,4
99096,5464,8,3,5
51336,5465,8,5,3
74432,5466,8,6,2
33576,5467,8,6,2
66192,5468,8,4,4
52472,5469,8,4,4
78072,5470,8,4,4
40096,5471,8,5,3
52480,5472,8,5,3
74248,5473,8,5,3
55128,5474,8,4,4
33624,5475,8,4,4
69288,5476,8,4,4
50592,5477,8,7,1
60784,5478,8,4,4
95584,5479,8,3,5
86288,5480,8,5,3
41016,5481,8,3,5
73512,5482,8,6,2
38616,5483,8,5,3
44184,5484,8,3,5
33176,5485,8,4,4
79024,5486,8,4,4
77768,5487,8,2,6
148912,5488,8,4,4
46328,5489,8,3,5
72960,5490,8,4,4
34512,5491,8,5,3
30552,5492,8,3,5
39984,5493,8,6,2
25688,5494,8,5,3
62224,5495,8,8,0
52992,5496,8,4,4
69496,5497,8,5,3
31784,5498,8,4,4
37928,5499,8,3,5
53976,5500,8,4,4
48088,5501,8,5,3
31472,5502,8,3,5
112112,5503,8,3,5
39328,5504,8,5,3
74424,5505,8,5,3
135488,5506,8,7,1
91952,5507,8,6,2
31520,5508,8,7,1
96856,5509,8,3,5
67672,5510,8,5,3
52896,5511,8,5,3
50136,5512,8,3,5
41768,5513,8,3,5
56800,5514,8,4,4
60888,5515,8,3,5
36496,5516,8,6,2
42480,5517,8,8,0
54512,5518,8,5,3
131512,5519,8,5,3
80632,5520,8,5,3
35248,5521,8,6,2
34912,5522,8,4,4
35504,5523,8,6,2
41912,5524,8,4,4
43120,5525,8,2,6
44448,5526,8,5,3
80576,5527,8,3,5
29272,5528,8,3,5
27656,5529,8,4,4
53648,5530,8,6,2
63928,5531,8,2,6
41800,5532,8,3,5
45896,5533,8,5,3
43472,5534,8,6,2
48720,5535,8,4,4
40264,5536,8,7,1
49360,5537,8,6,2
30424,5538,8,2,6
40176,5539,8,4,4
33000,5540,8,5,3
73952,5541,8,5,3
120680,5542,8,1,7
37208,5543,8,1,7
53328,5544,8,3,5
40016,5545,8,2,6
39768,5546,8,5,3
89976,5547,8,3,5
57720,5548,8,4,4
100896,5549,8,1,7
55648,5550,8,5,3
72776,5551,8,6,2
89400,5552,8,3,5
33760,5553,8,4,4
79072,5554,8,6,2
77624,5555,8,2,6
21240,5556,8,1,7
80448,5557,8,5,3
67560,5558,8,4,4
43352,5559,8,2,6
29248,5560,8,3,5
44496,5561,8,1,7
84544,5562,8,4,4
45968,5563,8,3,5
39176,5564,8,2,6
22168,5565,8,6,2
54192,5566,8,2,6
71904,5567,8,3,5
67744,5568,8,4,4
45960,5569,8,3,5
47784,5570,8,3,5
51176,5571,8,4,4
65248,5572,8,6,2
89912,5573,8,7,1
28464,5574,8,4,4
35120,5575,8,3,5
43104,5576,8,4,4
30544,5577,8,4,4
30680,5578,8,3,5
41320,5579,8,3,5
62864,5580,8,6,2
48816,5581,8,5,3
71192,5582,8,3,5
27624,5583,8,4,4
110632,5584,8,6,2
45064,5585,8,5,3
29896,5586,8,7,1
62176,5587,8,5,3
43008,5588,8,4,4
105744,5589,8,3,5
51616,5590,8,3,5
28224,5591,8,2,6
46464,5592,8,2,6
89584,5593,8,3,5
80344,5594,7,3,4
179912,5595,7,4,3
49112,5596,7,1,6
40512,5597,7,5,2
68912,5598,7,3,4
70600,5599,7,1,6
31096,5600,7,5,2
28608,5601,7,2,5
143584,5602,7,4,3
110904,5603,7,4,3
111928,5604,7,3,4
41560,5605,7,3,4
56304,5606,7,6,1
63184,5607,7,5,2
72528,5608,7,5,2
57200,5609,7,4,3
42736,5610,7,0,7
114856,5611,7,1,6
89600,5612,7,4,3
29632,5613,7,6,1
59400,5614,7,5,2
127824,5615,7,2,5
59048,5616,7,5,2
55328,5617,7,3,4
40352,5618,7,6,1
54976,5619,7,4,3
34384,5620,7,3,4
27064,5621,7,6,1
56616,5622,7,6,1
39624,5623,7,4,3
70472,5624,7,3,4
28760,5625,7,5,2
79504,5626,7,6,1
54200,5627,7,1,6
53784,5628,7,2,5
91264,5629,7,3,4
50864,5630,7,6,1
47696,5631,7,2,5
48112,5632,7,4,3
66776,5633,7,3,4
39904,5634,7,5,2
46896,5635,7,3,4
50168,5636,7,5,2
37528,5637,7,2,5
43560,5638,7,3,4
40696,5639,7,4,3
63624,5640,7,7,0
33168,5641,7,1,6
48808,5642,7,3,4
149656,5643,7,4,3
46432,5644,7,3,4
51184,5645,7,6,1
27480,5646,7,4,3
37864,5647,7,5,2
103344,5648,7,2,5
71168,5649,7,5,2
50392,5650,7,3,4
16800,5651,7,3,4
51720,5652,7,2,5
34624,5653,7,1,6
61416,5654,7,3,4
55424,5655,7,4,3
86704,5656,7,3,4
140840,5657,7,3,4
55408,5658,7,3,4
76912,5659,7,2,5
30176,5660,7,5,2
29192,5661,7,2,5
132408,5662,7,3,4
66352,5663,7,3,4
29832,5664,7,2,5
55464,5665,7,2,5
49856,5666,7,3,4
48304,5667,7,4,3
42040,5668,7,2,5
58656,5669,7,4,3
67688,5670,7,3,4
93640,5671,7,2,5
58144,5672,7,2,5
99792,5673,7,3,4
72656,5674,7,0,7
50320,5675,7,2,5
30376,5676,7,1,6
43336,5677,7,5,2
162552,5678,7,2,5
134528,5679,7,3,4
71568,5680,7,2,5
57664,5681,7,3,4
50120,5682,7,4,3
57848,5683,7,3,4
119104,5684,7,4,3
58768,5685,7,5,2
42056,5686,7,2,5
39240,5687,7,4,3
31440,5688,7,3,4
70712,5689,7,3,4
53216,5690,7,3,4
123872,5691,7,2,5
26016,5692,7,3,4
59960,5693,7,6,1
23744,5694,7,4,3
56552,5695,7,2,5
69904,5696,7,5,2
56576,5697,7,4,3
101968,5698,7,6,1
112480,5699,7,2,5
55064,5700,7,3,4
120272,5701,7,5,2
36528,5702,7,4,3
27544,5703,7,3,4
76376,5704,7,3,4
77024,5705,7,5,2
46872,5706,7,6,1
154264,5707,7,3,4
121136,5708,7,2,5
112944,5709,7,3,4
75496,5710,7,0,7
57904,5711,7,2,5
184760,5712,7,4,3
32008,5713,7,5,2
86128,5714,7,4,3
129424,5715,7,4,3
56488,5716,7,2,5
62136,5717,7,0,7
36392,5718,7,3,4
62520,5719,7,2,5
70280,5720,7,5,2
147288,5721,7,3,4
89200,5722,7,2,5
45216,5723,7,4,3
32520,5724,7,2,5
95264,5725,7,5,2
62216,5726,7,2,5
51192,5727,7,5,2
75312,5728,7,4,3
37424,5729,7,5,2
135240,5730,7,5,2
64344,5731,7,4,3
68496,5732,7,2,5
27704,5733,7,2,5
31224,5734,7,1,6
72336,5735,7,2,5
153488,5736,7,2,5
46920,5737,7,3,4
39592,5738,7,4,3
60672,5739,7,3,4
56232,5740,7,2,5
98360,5741,7,3,4
119344,5742,7,4,3
69440,5743,7,3,4
58336,5744,7,1,6
139600,5745,7,3,4
37296,5746,7,5,2
46528,5747,7,3,4
47856,5748,7,7,0
72136,5749,7,5,2
47968,5750,7,2,5
158728,5751,7,7,0
50800,5752,7,3,4
120848,5753,7,2,5
39864,5754,7,4,3
60656,5755,7,4,3
36336,5756,7,6,1
52952,5757,7,4,3
35296,5758,7,2,5
49040,5759,7,2,5
57512,5760,7,4,3
74296,5761,7,5,2
23696,5762,7,4,3
38416,5763,7,2,5
282512,5764,7,2,5
85648,5765,7,5,2
35608,5766,7,5,2
94064,5767,7,6,1
46904,5768,7,1,6
44528,5769,7,3,4
47568,5770,7,7,0
30408,5771,7,4,3
45312,5772,7,4,3
119888,5773,7,5,2
45336,5774,7,4,3
59104,5775,7,4,3
56416,5776,7,5,2
109208,5777,7,2,5
83016,5778,7,5,2
28768,5779,7,3,4
44160,5780,7,7,0
32528,5781,7,4,3
85000,5782,7,5,2
58088,5783,7,4,3
84216,5784,7,3,4
35048,5785,7,5,2
78696,5786,7,2,5
55840,5787,7,4,3
44696,5788,7,2,5
66360,5789,7,5,2
59504,5790,7,3,4
58496,5791,7,5,2
67792,5792,7,4,3
47952,5793,7,6,1
60008,5794,7,2,5
72216,5795,7,3,4
123936,5796,7,5,2
55416,5797,7,5,2
33960,5798,7,5,2
68360,5799,7,5,2
42208,5800,7,4,3
39576,5801,7,5,2
38432,5802,7,2,5
60288,5803,7,6,1
53800,5804,7,3,4
86296,5805,7,5,2
78856,5806,7,5,2
53488,5807,7,6,1
120552,5808,7,4,3
81408,5809,7,6,1
43840,5810,7,5,2
60528,5811,7,4,3
40400,5812,7,3,4
51504,5813,7,3,4
48864,5814,7,1,6
74360,5815,7,3,4
214192,5816,7,6,1
64152,5817,7,4,3
40560,5818,7,3,4
28904,5819,7,4,3
32024,5820,7,3,4
41648,5821,7,4,3
46752,5822,7,3,4
66560,5823,7,3,4
67320,5824,7,2,5
62368,5825,7,1,6
47264,5826,7,5,2
37024,5827,7,4,3
123072,5828,7,3,4
67968,5829,7,4,3
44240,5830,7,4,3
114976,5831,7,3,4
78224,5832,7,2,5
89008,5833,7,3,4
30000,5834,7,4,3
67136,5835,7,4,3
78864,5836,7,3,4
83936,5837,7,4,3
60952,5838,7,4,3
149984,5839,7,5,2
28968,5840,7,4,3
33616,5841,7,5,2
45112,5842,7,3,4
68408,5843,7,3,4
47408,5844,7,5,2
75928,5845,7,4,3
46616,5846,7,2,5
28240,5847,7,5,2
77312,5848,7,6,1
89552,5849,7,5,2
165848,5850,7,1,6
24896,5851,7,3,4
30920,5852,7,6,1
57056,5853,7,5,2
31400,5854,7,3,4
64800,5855,7,4,3
147816,5856,7,5,2
35488,5857,7,5,2
43616,5858,7,5,2
46320,5859,7,2,5
42936,5860,7,5,2
65264,5861,7,2,5
43648,5862,7,3,4
73856,5863,7,6,1
48584,5864,7,0,7
29808,5865,7,2,5
102952,5866,7,5,2
68784,5867,7,6,1
36656,5868,7,2,5
63360,5869,7,4,3
52560,5870,7,3,4
85328,5871,7,4,3
37744,5872,7,4,3
33672,5873,7,5,2
127880,5874,7,3,4
39424,5875,7,2,5
58000,5876,7,6,1
30056,5877,7,4,3
24136,5878,7,1,6
52248,5879,7,6,1
32216,5880,7,5,2
43528,5881,7,4,3
46544,5882,7,4,3
65120,5883,7,3,4
85880,5884,7,5,2
37240,5885,7,2,5
53752,5886,7,7,0
61584,5887,7,4,3
141040,5888,7,3,4
53376,5889,7,1,6
131496,5890,7,4,3
63352,5891,7,6,1
71264,5892,7,3,4
39872,5893,7,5,2
68024,5894,7,5,2
39832,5895,7,4,3
59680,5896,7,2,5
79168,5897,7,4,3
57304,5898,7,4,3
26736,5899,7,5,2
50680,5900,7,3,4
56792,5901,7,4,3
54144,5902,7,5,2
82200,5903,7,2,5
46864,5904,7,5,2
111072,5905,7,4,3
47672,5906,7,1,6
56864,5907,7,1,6
37992,5908,7,6,1
88696,5909,7,6,1
22992,5910,7,3,4
56112,5911,7,2,5
54792,5912,7,7,0
35480,5913,7,3,4
60320,5914,7,2,5
76032,5915,7,3,4
93024,5916,7,3,4
63960,5917,7,3,4
46032,5918,7,5,2
49440,5919,7,4,3
110992,5920,7,3,4
64816,5921,7,4,3
76632,5922,7,3,4
60616,5923,7,5,2
106928,5924,7,2,5
47376,5925,7,5,2
223912,5926,7,3,4
40392,5927,7,3,4
33688,5928,7,2,5
49984,5929,7,3,4
60408,5930,7,3,4
91536,5931,7,4,3
45768,5932,7,3,4
70240,5933,7,0,7
105416,5934,7,2,5
71832,5935,7,2,5
41216,5936,7,4,3
41072,5937,7,4,3
24928,5938,7,5,2
53896,5939,7,2,5
25136,5940,7,6,1
54320,5941,7,2,5
49136,5942,7,2,5
25232,5943,7,2,5
49904,5944,7,1,6
49784,5945,7,6,1
47504,5946,7,6,1
58872,5947,7,4,3
65368,5948,7,2,5
200984,5949,7,3,4
32440,5950,7,3,4
49552,5951,7,0,7
37272,5952,7,5,2
66816,5953,7,4,3
49760,5954,7,3,4
62856,5955,7,5,2
54072,5956,7,3,4
160720,5957,7,4,3
52344,5958,7,4,3
53472,5959,7,5,2
91192,5960,7,2,5
49648,5961,7,3,4
59256,5962,7,5,2
44872,5963,7,3,4
73840,5964,7,4,3
37168,5965,7,3,4
26912,5966,7,4,3
73032,5967,7,4,3
21696,5968,7,3,4
36216,5969,7,2,5
29000,5970,7,2,5
32592,5971,7,4,3
45688,5972,7,1,6
63112,5973,7,4,3
28688,5974,7,6,1
71552,5975,7,4,3
70304,5976,7,4,3
45800,5977,7,4,3
81960,5978,7,4,3
54552,5979,7,4,3
101504,5980,7,4,3
68744,5981,7,4,3
33160,5982,7,6,1
40704,5983,7,6,1
57656,5984,7,3,4
29840,5985,7,3,4
75784,5986,7,3,4
47056,5987,7,4,3
50992,5988,7,3,4
41504,5989,7,4,3
119200,5990,7,2,5
46136,5991,7,4,3
68120,5992,7,4,3
102800,5993,7,5,2
79624,5994,7,4,3
81416,5995,7,3,4
48608,5996,7,2,5
44512,5997,7,2,5
271064,5998,7,2,5
145248,5999,7,3,4
57040,6000,7,1,6
82464,6001,7,4,3
45976,6002,7,2,5
130104,6003,7,5,2
37088,6004,7,2,5
92704,6005,7,5,2
164032,6006,7,5,2
62192,6007,7,3,4
63728,6008,7,2,5
38704,6009,7,4,3
112688,6010,7,4,3
44056,6011,7,3,4
41224,6012,7,4,3
59208,6013,7,5,2
64056,6014,7,3,4
31800,6015,7,3,4
61072,6016,7,3,4
58024,6017,7,3,4
68792,6018,7,5,2
32744,6019,7,2,5
44712,6020,7,5,2
27784,6021,7,4,3
33608,6022,7,4,3
35528,6023,7,4,3
98280,6024,7,6,1
68080,6025,7,5,2
24112,6026,7,4,3
34112,6027,7,3,4
34632,6028,7,4,3
33800,6029,7,4,3
27120,6030,7,1,6
97568,6031,7,4,3
68768,6032,7,4,3
74056,6033,7,0,7
25800,6034,7,4,3
160336,6035,7,3,4
112504,6036,7,2,5
17056,6037,7,5,2
67576,6038,7,3,4
39520,6039,7,4,3
103848,6040,7,2,5
32184,6041,7,3,4
158048,6042,7,1,6
44984,6043,7,5,2
81504,6044,7,3,4
66048,6045,7,1,6
39544,6046,7,2,5
37960,6047,7,5,2
46672,6048,7,4,3
109456,6049,7,3,4
79400,6050,7,6,1
177480,6051,7,2,5
80056,6052,7,4,3
44536,6053,7,1,6
48880,6054,7,3,4
64216,6055,7,3,4
79648,6056,7,6,1
70248,6057,7,2,5
62992,6058,7,4,3
87672,6059,7,5,2
40040,6060,7,1,6
76344,6061,7,2,5
33944,6062,7,4,3
73552,6063,7,3,4
77880,6064,7,2,5
22592,6065,7,4,3
112240,6066,7,5,2
82416,6067,7,1,6
63328,6068,7,3,4
70520,6069,7,3,4
46600,6070,7,4,3
59376,6071,7,3,4
78112,6072,7,3,4
48400,6073,7,4,3
41888,6074,7,6,1
116240,6075,7,4,3
50736,6076,7,2,5
104944,6077,7,2,5
59600,6078,7,7,0
77720,6079,7,4,3
78424,6080,7,3,4
59712,6081,7,3,4
51640,6082,7,3,4
58664,6083,7,4,3
54024,6084,7,6,1
47840,6085,7,3,4
65480,6086,7,5,2
71672,6087,7,4,3
53368,6088,7,3,4
41928,6089,7,6,1
87600,6090,7,2,5
54808,6091,7,5,2
70512,6092,7,2,5
112424,6093,7,5,2
36736,6094,7,5,2
62968,6095,7,4,3
89480,6096,7,3,4
32864,6097,7,4,3
116720,6098,7,4,3
37376,6099,7,3,4
71216,6100,7,2,5
97000,6101,7,4,3
45232,6102,7,5,2
38496,6103,7,6,1
148880,6104,7,5,2
40160,6105,7,3,4
35520,6106,7,2,5
92264,6107,7,3,4
51040,6108,7,2,5
72120,6109,7,6,1
58744,6110,7,4,3
48352,6111,7,2,5
74256,6112,7,4,3
62152,6113,7,5,2
28728,6114,7,4,3
64312,6115,7,6,1
57424,6116,7,6,1
60592,6117,7,3,4
55704,6118,7,4,3
40960,6119,7,5,2
279696,6120,7,4,3
32320,6121,7,2,5
78824,6122,7,5,2
75080,6123,7,3,4
61224,6124,7,3,4
74032,6125,7,4,3
30192,6126,7,3,4
41632,6127,7,5,2
130512,6128,7,3,4
30504,6129,7,5,2
32840,6130,7,3,4
65648,6131,7,3,4
33104,6132,7,2,5
49664,6133,7,2,5
51784,6134,7,3,4
106104,6135,7,6,1
75888,6136,7,4,3
73312,6137,7,2,5
59736,6138,7,4,3
49096,6139,7,4,3
82632,6140,7,3,4
41952,6141,7,3,4
45792,6142,7,2,5
74016,6143,7,4,3
51600,6144,7,3,4
45120,6145,7,6,1
28488,6146,7,4,3
75216,6147,7,4,3
21872,6148,7,5,2
79856,6149,7,2,5
31680,6150,7,2,5
99688,6151,7,5,2
37472,6152,7,4,3
81912,6153,7,3,4
72576,6154,7,5,2
67808,6155,7,3,4
24392,6156,7,5,2
47528,6157,7,4,3
52264,6158,7,4,3
54056,6159,7,5,2
62944,6160,7,3,4
45496,6161,7,4,3
72208,6162,7,3,4
53240,6163,7,3,4
27376,6164,7,4,3
160216,6165,7,3,4
29176,6166,7,3,4
61128,6167,7,4,3
76800,6168,7,3,4
120136,6169,7,1,6
37072,6170,7,4,3
24792,6171,7,4,3
67048,6172,7,3,4
106136,6173,7,5,2
50936,6174,7,3,4
38648,6175,7,4,3
85624,6176,7,4,3
64584,6177,7,4,3
116416,6178,7,4,3
75032,6179,7,2,5
53840,6180,7,3,4
152400,6181,7,6,1
56824,6182,7,4,3
24712,6183,7,3,4
20552,6184,7,3,4
97320,6185,7,5,2
67280,6186,7,2,5
40136,6187,7,5,2
50200,6188,7,5,2
53720,6189,7,4,3
79488,6190,7,2,5
34416,6191,7,4,3
39672,6192,7,2,5
18216,6193,7,6,1
76944,6194,7,4,3
88160,6195,7,3,4
103752,6196,7,3,4
25888,6197,7,3,4
44216,6198,7,4,3
45040,6199,7,0,7
113464,6200,7,3,4
41960,6201,7,2,5
164200,6202,7,1,6
68648,6203,7,3,4
54360,6204,7,5,2
45880,6205,7,3,4
54616,6206,7,4,3
58304,6207,7,5,2
37256,6208,7,4,3
48360,6209,7,6,1
69632,6210,7,2,5
68528,6211,7,4,3
52576,6212,7,4,3
83664,6213,7,2,5
72640,6214,7,4,3
38728,6215,7,3,4
39816,6216,7,4,3
95400,6217,7,4,3
96720,6218,7,5,2
25336,6219,7,3,4
72104,6220,7,2,5
111864,6221,7,3,4
54096,6222,7,4,3
54448,6223,7,2,5
38992,6224,7,2,5
49432,6225,7,3,4
31336,6226,7,5,2
57528,6227,7,6,1
46312,6228,7,2,5
40752,6229,7,2,5
38504,6230,7,7,0
228016,6231,7,1,6
67648,6232,7,2,5
44224,6233,7,4,3
50280,6234,7,4,3
33600,6235,7,5,2
33360,6236,7,1,6
72608,6237,7,3,4
34392,6238,7,2,5
223424,6239,7,5,2
70864,6240,7,4,3
73216,6241,7,5,2
82968,6242,7,4,3
84504,6243,7,4,3
110344,6244,7,6,1
45192,6245,7,5,2
161376,6246,7,3,4
34328,6247,7,3,4
113352,6248,7,4,3
35600,6249,7,2,5
53760,6250,7,4,3
29752,6251,7,2,5
51360,6252,7,1,6
35640,6253,7,3,4
64640,6254,7,2,5
89952,6255,7,3,4
147616,6256,7,1,6
121000,6257,7,4,3
242160,6258,7,5,2
51368,6259,7,5,2
53960,6260,7,4,3
61064,6261,7,5,2
42184,6262,7,3,4
112520,6263,7,3,4
72064,6264,7,3,4
123576,6265,7,5,2
54848,6266,7,2,5
62072,6267,7,3,4
48792,6268,7,4,3
80920,6269,7,4,3
39712,6270,7,3,4
36600,6271,7,1,6
102392,6272,7,3,4
28736,6273,7,2,5
40944,6274,7,6,1
83168,6275,7,2,5
40984,6276,7,4,3
68944,6277,7,5,2
32040,6278,7,6,1
29544,6279,7,3,4
50840,6280,7,4,3
30352,6281,7,2,5
32536,6282,7,5,2
42032,6283,7,4,3
36080,6284,7,3,4
43360,6285,7,3,4
53736,6286,7,5,2
54624,6287,7,5,2
63144,6288,7,3,4
44176,6289,7,4,3
44744,6290,7,3,4
37680,6291,7,3,4
36416,6292,7,3,4
86576,6293,7,3,4
68920,6294,7,2,5
79672,6295,7,2,5
66976,6296,7,3,4
39472,6297,7,3,4
92248,6298,7,5,2
39232,6299,7,3,4
82088,6300,7,4,3
84360,6301,7,3,4
57008,6302,7,4,3
30632,6303,7,4,3
36960,6304,7,3,4
113328,6305,7,4,3
51944,6306,7,4,3
50408,6307,7,3,4
67800,6308,7,4,3
29792,6309,7,4,3
40056,6310,7,5,2
80072,6311,7,3,4
61008,6312,7,5,2
69544,6313,7,6,1
95968,6314,7,1,6
61256,6315,7,4,3
66312,6316,7,4,3
36120,6317,7,4,3
55800,6318,7,5,2
44608,6319,7,2,5
39560,6320,7,3,4
106472,6321,7,6,1
55792,6322,7,3,4
56008,6323,7,3,4
26344,6324,7,4,3
93616,6325,7,5,2
20032,6326,7,4,3
41336,6327,7,4,3
213640,6328,7,2,5
41920,6329,7,4,3
57792,6330,7,5,2
74760,6331,7,3,4
27736,6332,7,5,2
48456,6333,7,1,6
136008,6334,7,4,3
41040,6335,7,4,3
48280,6336,7,2,5
24432,6337,7,2,5
69232,6338,7,5,2
82320,6339,7,4,3
50096,6340,7,2,5
64864,6341,7,2,5
42992,6342,7,3,4
47496,6343,7,1,6
39728,6344,7,3,4
98048,6345,7,3,4
67056,6346,7,2,5
62528,6347,7,4,3
25128,6348,7,4,3
39368,6349,7,4,3
44096,6350,7,2,5
25928,6351,7,6,1
44120,6352,7,0,7
83480,6353,7,2,5
47416,6354,7,5,2
123432,6355,7,3,4
47552,6356,7,4,3
51544,6357,7,3,4
19232,6358,7,5,2
65032,6359,7,4,3
30808,6360,7,3,4
38128,6361,7,4,3
49472,6362,7,1,6
51976,6363,7,2,5
57408,6364,7,3,4
49240,6365,7,3,4
44016,6366,7,4,3
114120,6367,7,4,3
38888,6368,7,4,3
76592,6369,7,4,3
44656,6370,7,5,2
225304,6371,7,4,3
37176,6372,7,3,4
115640,6373,7,4,3
241096,6374,7,4,3
50808,6375,7,4,3
24424,6376,7,4,3
49208,6377,7,4,3
57472,6378,7,5,2
68376,6379,7,4,3
156576,6380,7,4,3
195912,6381,7,5,2
58752,6382,7,4,3
80192,6383,7,2,5
55096,6384,7,4,3
45304,6385,7,1,6
63664,6386,7,4,3
44352,6387,7,1,6
83912,6388,7,0,7
54088,6389,7,2,5
30032,6390,7,4,3
52640,6391,7,3,4
32696,6392,7,3,4
35792,6393,7,4,3
91648,6394,7,3,4
95720,6395,7,3,4
39608,6396,7,6,1
103784,6397,7,1,6
61560,6398,7,4,3
219536,6399,7,3,4
29256,6400,7,4,3
49776,6401,7,2,5
75200,6402,7,3,4
63640,6403,7,2,5
77128,6404,7,3,4
38056,6405,7,2,5
26888,6406,7,3,4
79656,6407,7,4,3
65416,6408,7,3,4
58520,6409,7,4,3
64928,6410,7,3,4
43328,6411,7,3,4
106400,6412,7,4,3
110216,6413,7,3,4
42960,6414,7,5,2
80560,6415,7,5,2
30488,6416,7,2,5
52376,6417,7,5,2
57808,6418,7,5,2
46584,6419,7,4,3
88312,6420,7,4,3
74576,6421,7,5,2
94648,6422,7,2,5
43048,6423,7,1,6
32824,6424,7,4,3
108392,6425,7,4,3
37304,6426,7,3,4
52088,6427,7,3,4
74952,6428,7,4,3
79352,6429,7,5,2
113224,6430,7,4,3
36840,6431,7,2,5
46064,6432,7,4,3
138712,6433,7,6,1
72232,6434,7,5,2
63040,6435,7,3,4
65896,6436,7,1,6
107480,6437,7,3,4
44072,6438,7,6,1
55896,6439,7,6,1
111024,6440,7,2,5
82904,6441,7,3,4
37048,6442,7,4,3
43320,6443,7,4,3
50520,6444,7,6,1
104832,6445,7,6,1
67952,6446,7,3,4
41600,6447,7,2,5
107560,6448,7,5,2
83232,6449,7,2,5
83192,6450,7,4,3
96096,6451,7,4,3
36976,6452,7,2,5
88624,6453,7,3,4
67912,6454,7,3,4
91144,6455,7,5,2
42240,6456,7,3,4
71456,6457,7,5,2
93808,6458,7,6,1
45760,6459,7,1,6
26768,6460,7,4,3
103968,6461,7,4,3
23344,6462,7,4,3
62240,6463,7,3,4
80488,6464,7,5,2
45560,6465,7,4,3
115000,6466,7,4,3
33912,6467,7,2,5
30288,6468,7,4,3
62744,6469,7,1,6
25480,6470,7,3,4
32096,6471,7,3,4
71352,6472,7,4,3
71408,6473,7,3,4
40656,6474,7,5,2
65808,6475,7,2,5
65216,6476,7,4,3
60936,6477,7,4,3
32312,6478,7,5,2
40368,6479,7,5,2
84048,6480,7,2,5
86016,6481,7,2,5
47632,6482,7,5,2
52216,6483,7,4,3
99320,6484,7,2,5
46440,6485,7,4,3
48872,6486,7,5,2
50768,6487,7,4,3
57112,6488,7,5,2
77856,6489,7,6,1
35432,6490,7,3,4
43480,6491,7,5,2
39936,6492,7,2,5
134696,6493,7,5,2
62648,6494,7,3,4
18736,6495,7,3,4
53576,6496,7,4,3
47960,6497,7,3,4
66888,6498,7,4,3
110112,6499,7,1,6
33840,6500,7,3,4
75936,6501,7,2,5
63288,6502,7,3,4
165224,6503,7,1,6
33720,6504,7,4,3
86808,6505,7,5,2
46968,6506,7,3,4
47008,6507,7,6,1
44616,6508,7,5,2
32968,6509,7,4,3
40408,6510,7,4,3
81584,6511,7,3,4
35104,6512,7,4,3
101744,6513,7,5,2
46480,6514,7,4,3
28368,6515,7,1,6
76768,6516,7,3,4
51096,6517,7,4,3
93656,6518,7,5,2
123064,6519,7,6,1
53872,6520,7,5,2
44288,6521,7,2,5
51808,6522,7,4,3
110944,6523,7,5,2
45272,6524,7,3,4
83928,6525,7,6,1
47080,6526,7,4,3
26432,6527,7,1,6
80480,6528,7,3,4
40328,6529,7,2,5
109400,6530,7,3,4
91712,6531,7,3,4
46112,6532,7,4,3
68168,6533,7,5,2
55936,6534,7,3,4
50928,6535,7,5,2
92664,6536,7,2,5
39656,6537,7,6,1
42160,6538,7,2,5
68480,6539,7,4,3
34320,6540,7,6,1
47904,6541,7,5,2
32904,6542,7,3,4
40664,6543,7,5,2
52160,6544,7,2,5
42200,6545,7,4,3
81392,6546,7,3,4
56624,6547,7,5,2
45512,6548,7,2,5
36688,6549,7,5,2
44520,6550,7,2,5
76152,6551,7,3,4
89832,6552,7,2,5
85032,6553,7,3,4
61264,6554,7,3,4
66208,6555,7,4,3
72784,6556,7,2,5
176328,6557,6,3,3
67624,6558,6,3,3
64280,6559,6,6,0
317168,6560,6,2,4
98680,6561,6,4,2
48552,6562,6,4,2
56448,6563,6,3,3
45984,6564,6,2,4
147120,6565,6,4,2
179384,6566,6,3,3
33696,6567,6,4,2
50016,6568,6,3,3
34872,6569,6,4,2
123376,6570,6,3,3
68136,6571,6,3,3
62584,6572,6,2,4
281120,6573,6,4,2
31464,6574,6,5,1
72752,6575,6,3,3
85472,6576,6,4,2
58048,6577,6,3,3
64904,6578,6,4,2
25664,6579,6,3,3
61624,6580,6,5,1
64032,6581,6,2,4
36456,6582,6,3,3
58280,6583,6,0,6
41096,6584,6,4,2
180904,6585,6,1,5
42464,6586,6,3,3
23832,6587,6,2,4
81512,6588,6,5,1
42264,6589,6,3,3
72200,6590,6,2,4
61960,6591,6,3,3
57824,6592,6,2,4
55856,6593,6,4,2
98696,6594,6,3,3
33968,6595,6,0,6
82992,6596,6,4,2
96624,6597,6,2,4
101928,6598,6,5,1
120048,6599,6,4,2
103072,6600,6,1,5
87360,6601,6,3,3
38776,6602,6,0,6
82752,6603,6,3,3
42016,6604,6,1,5
181864,6605,6,3,3
49600,6606,6,1,5
267064,6607,6,2,4
96408,6608,6,1,5
48240,6609,6,3,3
394504,6610,6,2,4
142088,6611,6,3,3
135200,6612,6,1,5
199072,6613,6,5,1
71888,6614,6,3,3
319584,6615,6,2,4
56072,6616,6,5,1
46472,6617,6,3,3
33064,6618,6,2,4
74264,6619,6,4,2
61744,6620,6,4,2
139808,6621,6,2,4
97240,6622,6,5,1
43768,6623,6,5,1
71872,6624,6,2,4
92392,6625,6,2,4
177896,6626,6,2,4
173336,6627,6,1,5
148584,6628,6,3,3
119376,6629,6,3,3
67664,6630,6,3,3
58464,6631,6,3,3
113768,6632,6,4,2
50640,6633,6,2,4
82360,6634,6,4,2
40432,6635,6,5,1
35648,6636,6,3,3
78080,6637,6,4,2
106264,6638,6,5,1
182240,6639,6,1,5
79384,6640,6,4,2
68560,6641,6,5,1
68392,6642,6,5,1
169568,6643,6,3,3
52096,6644,6,5,1
92568,6645,6,6,0
96088,6646,6,1,5
69464,6647,6,2,4
115392,6648,6,5,1
95512,6649,6,4,2
47720,6650,6,3,3
82792,6651,6,2,4
79960,6652,6,1,5
54912,6653,6,3,3
51592,6654,6,4,2
137440,6655,6,4,2
54032,6656,6,3,3
76088,6657,6,4,2
186984,6658,6,2,4
447208,6659,6,3,3
60832,6660,6,5,1
57344,6661,6,2,4
100840,6662,6,3,3
205664,6663,6,1,5
164784,6664,6,4,2
95656,6665,6,1,5
64936,6666,6,2,4
75416,6667,6,2,4
130728,6668,6,4,2
41304,6669,6,4,2
32208,6670,6,1,5
38920,6671,6,3,3
85848,6672,6,3,3
73912,6673,6,1,5
49104,6674,6,5,1
95368,6675,6,2,4
33352,6676,6,2,4
128336,6677,6,2,4
116904,6678,6,2,4
36536,6679,6,4,2
29184,6680,6,3,3
56968,6681,6,3,3
110664,6682,6,4,2
148568,6683,6,3,3
46080,6684,6,3,3
49832,6685,6,3,3
40304,6686,6,5,1
55528,6687,6,1,5
81608,6688,6,4,2
90528,6689,6,3,3
27536,6690,6,0,6
55152,6691,6,3,3
236976,6692,6,4,2
91328,6693,6,4,2
127016,6694,6,2,4
76752,6695,6,2,4
62200,6696,6,3,3
32712,6697,6,3,3
48056,6698,6,2,4
299072,6699,6,2,4
105920,6700,6,4,2
66512,6701,6,5,1
42832,6702,6,1,5
72408,6703,6,3,3
81000,6704,6,4,2
110896,6705,6,5,1
132536,6706,6,5,1
136120,6707,6,2,4
55632,6708,6,2,4
183552,6709,6,1,5
72112,6710,6,1,5
67592,6711,6,3,3
45640,6712,6,4,2
77648,6713,6,4,2
55600,6714,6,3,3
22440,6715,6,1,5
98440,6716,6,4,2
197408,6717,6,5,1
74208,6718,6,3,3
133432,6719,6,2,4
241592,6720,6,2,4
99288,6721,6,2,4
79272,6722,6,2,4
123128,6723,6,3,3
66104,6724,6,3,3
140648,6725,6,3,3
53480,6726,6,4,2
140272,6727,6,2,4
66448,6728,6,3,3
116816,6729,6,2,4
49416,6730,6,4,2
51008,6731,6,5,1
85960,6732,6,2,4
83608,6733,6,4,2
81400,6734,6,3,3
53464,6735,6,3,3
82376,6736,6,3,3
93232,6737,6,3,3
83440,6738,6,4,2
33440,6739,6,3,3
173440,6740,6,2,4
108904,6741,6,4,2
42448,6742,6,2,4
68928,6743,6,2,4
77464,6744,6,3,3
81024,6745,6,2,4
77504,6746,6,2,4
60248,6747,6,2,4
123440,6748,6,3,3
135656,6749,6,2,4
59616,6750,6,1,5
164568,6751,6,2,4
53832,6752,6,4,2
121640,6753,6,2,4
93624,6754,6,3,3
108016,6755,6,1,5
71736,6756,6,1,5
57696,6757,6,3,3
70448,6758,6,3,3
66232,6759,6,4,2
40224,6760,6,4,2
93328,6761,6,4,2
31272,6762,6,3,3
72560,6763,6,5,1
67680,6764,6,2,4
49168,6765,6,4,2
46288,6766,6,2,4
107968,6767,6,3,3
79888,6768,6,1,5
98512,6769,6,3,3
153544,6770,6,2,4
39920,6771,6,2,4
34080,6772,6,4,2
224656,6773,6,3,3
30832,6774,6,5,1
73984,6775,6,2,4
69416,6776,6,5,1
66616,6777,6,3,3
52504,6778,6,2,4
71576,6779,6,3,3
51688,6780,6,4,2
46640,6781,6,2,4
118144,6782,6,3,3
104608,6783,6,4,2
46072,6784,6,3,3
65240,6785,6,2,4
45224,6786,6,3,3
30624,6787,6,2,4
52816,6788,6,3,3
65824,6789,6,5,1
55576,6790,6,3,3
111640,6791,6,4,2
32080,6792,6,3,3
125032,6793,6,1,5
91864,6794,6,4,2
256296,6795,6,4,2
36352,6796,6,3,3
115520,6797,6,2,4
80672,6798,6,1,5
52184,6799,6,5,1
32056,6800,6,4,2
55560,6801,6,3,3
90568,6802,6,3,3
34280,6803,6,3,3
46448,6804,6,3,3
97744,6805,6,0,6
103920,6806,6,5,1
53440,6807,6,2,4
83152,6808,6,3,3
29208,6809,6,6,0
113496,6810,6,4,2
86888,6811,6,3,3
131848,6812,6,3,3
37896,6813,6,1,5
56384,6814,6,4,2
98064,6815,6,2,4
96440,6816,6,4,2
180792,6817,6,4,2
170792,6818,6,4,2
68400,6819,6,3,3
57312,6820,6,2,4
45144,6821,6,3,3
91928,6822,6,5,1
44760,6823,6,2,4
85872,6824,6,4,2
183872,6825,6,4,2
33808,6826,6,3,3
168976,6827,6,5,1
51960,6828,6,3,3
94520,6829,6,5,1
110864,6830,6,2,4
239344,6831,6,1,5
112144,6832,6,4,2
157800,6833,6,3,3
184408,6834,6,3,3
43256,6835,6,4,2
77304,6836,6,5,1
31904,6837,6,2,4
54368,6838,6,3,3
70888,6839,6,3,3
76296,6840,6,4,2
58704,6841,6,3,3
77832,6842,6,4,2
62408,6843,6,1,5
93784,6844,6,4,2
44688,6845,6,2,4
176728,6846,6,2,4
156064,6847,6,5,1
82328,6848,6,3,3
144712,6849,6,3,3
70720,6850,6,4,2
107864,6851,6,4,2
149912,6852,6,4,2
46568,6853,6,2,4
75344,6854,6,4,2
63136,6855,6,3,3
56264,6856,6,4,2
87840,6857,6,3,3
57576,6858,6,4,2
46928,6859,6,4,2
94232,6860,6,3,3
85600,6861,6,0,6
54392,6862,6,5,1
75456,6863,6,3,3
82944,6864,6,3,3
53136,6865,6,4,2
161144,6866,6,3,3
71256,6867,6,3,3
240576,6868,6,4,2
62000,6869,6,4,2
70904,6870,6,5,1
66080,6871,6,3,3
87728,6872,6,3,3
54928,6873,6,2,4
145632,6874,6,3,3
156496,6875,6,3,3
47160,6876,6,0,6
113288,6877,6,4,2
117624,6878,6,4,2
53528,6879,6,4,2
66752,6880,6,2,4
39632,6881,6,1,5
72912,6882,6,0,6
74312,6883,6,4,2
93664,6884,6,2,4
42104,6885,6,3,3
50584,6886,6,3,3
65520,6887,6,5,1
49800,6888,6,2,4
184096,6889,6,3,3
19848,6890,6,3,3
110120,6891,6,5,1
64352,6892,6,4,2
53280,6893,6,4,2
108152,6894,6,3,3
52016,6895,6,4,2
72584,6896,6,4,2
52632,6897,6,2,4
87584,6898,6,3,3
158552,6899,6,2,4
57616,6900,6,4,2
49128,6901,6,3,3
36112,6902,6,2,4
51768,6903,6,1,5
65600,6904,6,5,1
57480,6905,6,2,4
86504,6906,6,4,2
52176,6907,6,4,2
91480,6908,6,2,4
188480,6909,6,3,3
147216,6910,6,4,2
86440,6911,6,3,3
104064,6912,6,3,3
66528,6913,6,3,3
42712,6914,6,1,5
45616,6915,6,4,2
67520,6916,6,3,3
52928,6917,6,3,3
32792,6918,6,4,2
45952,6919,6,3,3
146584,6920,6,4,2
245288,6921,6,3,3
79480,6922,6,2,4
34576,6923,6,2,4
71176,6924,6,2,4
29664,6925,6,0,6
99912,6926,6,4,2
148608,6927,6,2,4
31960,6928,6,3,3
91248,6929,6,2,4
100920,6930,6,3,3
39760,6931,6,4,2
40768,6932,6,5,1
96976,6933,6,3,3
58776,6934,6,3,3
56240,6935,6,1,5
54184,6936,6,3,3
70416,6937,6,3,3
65704,6938,6,1,5
71984,6939,6,2,4
53208,6940,6,5,1
207240,6941,6,4,2
126304,6942,6,1,5
115576,6943,6,1,5
39648,6944,6,2,4
261944,6945,6,4,2
92232,6946,6,2,4
61312,6947,6,3,3
50112,6948,6,4,2
58432,6949,6,2,4
84264,6950,6,4,2
58936,6951,6,2,4
36568,6952,6,4,2
141144,6953,6,3,3
55072,6954,6,1,5
214344,6955,6,2,4
242776,6956,6,3,3
76416,6957,6,5,1
51112,6958,6,4,2
77456,6959,6,2,4
130552,6960,6,3,3
93336,6961,6,5,1
76432,6962,6,4,2
105504,6963,6,4,2
74792,6964,6,3,3
49120,6965,6,4,2
53616,6966,6,2,4
73256,6967,6,2,4
42560,6968,6,4,2
82184,6969,6,1,5
86048,6970,6,2,4
46800,6971,6,2,4
87248,6972,6,3,3
148208,6973,6,6,0
48320,6974,6,2,4
82808,6975,6,2,4
92560,6976,6,3,3
130216,6977,6,3,3
67936,6978,6,3,3
80960,6979,6,2,4
45504,6980,6,3,3
38240,6981,6,5,1
32552,6982,6,2,4
106464,6983,6,4,2
109816,6984,6,3,3
320840,6985,6,3,3
48048,6986,6,2,4
90688,6987,6,3,3
89032,6988,6,2,4
57232,6989,6,2,4
56960,6990,6,2,4
61432,6991,6,1,5
98560,6992,6,5,1
116752,6993,6,4,2
166528,6994,6,3,3
191984,6995,6,3,3
85736,6996,6,4,2
27392,6997,6,1,5
88376,6998,6,4,2
173200,6999,6,5,1
67512,7000,6,1,5
132856,7001,6,2,4
78840,7002,6,3,3
40456,7003,6,3,3
62608,7004,6,2,4
142648,7005,6,1,5
239448,7006,6,2,4
100240,7007,6,3,3
87752,7008,6,2,4
143080,7009,6,3,3
63672,7010,6,1,5
267432,7011,6,4,2
116448,7012,6,3,3
43888,7013,6,3,3
144856,7014,6,2,4
63824,7015,6,3,3
51832,7016,6,2,4
61376,7017,6,4,2
110200,7018,6,0,6
57800,7019,6,4,2
74520,7020,6,2,4
53768,7021,6,3,3
39216,7022,6,3,3
130536,7023,6,4,2
73896,7024,6,3,3
105512,7025,6,4,2
163960,7026,6,3,3
86344,7027,6,4,2
77888,7028,6,3,3
68152,7029,6,2,4
179456,7030,6,2,4
65672,7031,6,3,3
116128,7032,6,3,3
100104,7033,6,3,3
75608,7034,6,3,3
48616,7035,6,3,3
173912,7036,6,3,3
142032,7037,6,2,4
115416,7038,6,6,0
44280,7039,6,2,4
204504,7040,6,2,4
84848,7041,6,3,3
39008,7042,6,3,3
64064,7043,6,2,4
92784,7044,6,2,4
118736,7045,6,2,4
61808,7046,6,3,3
68048,7047,6,2,4
76440,7048,6,4,2
35144,7049,6,2,4
73872,7050,6,4,2
46776,7051,6,2,4
70200,7052,6,2,4
64688,7053,6,2,4
110960,7054,6,1,5
61984,7055,6,4,2
29224,7056,6,3,3
85944,7057,6,3,3
114848,7058,6,4,2
169080,7059,6,1,5
36728,7060,6,2,4
104856,7061,6,4,2
69016,7062,6,4,2
96128,7063,6,4,2
61184,7064,6,4,2
77712,7065,6,3,3
50760,7066,6,3,3
108480,7067,6,4,2
153552,7068,6,2,4
33952,7069,6,5,1
49672,7070,6,3,3
74800,7071,6,4,2
29768,7072,6,3,3
75040,7073,6,3,3
74392,7074,6,4,2
42048,7075,6,2,4
74768,7076,6,4,2
90880,7077,6,2,4
91304,7078,6,3,3
126792,7079,6,3,3
85688,7080,6,4,2
55912,7081,6,2,4
63480,7082,6,0,6
84656,7083,6,2,4
121424,7084,6,1,5
237776,7085,6,4,2
219832,7086,6,3,3
90288,7087,6,4,2
61656,7088,6,1,5
134304,7089,6,3,3
30344,7090,6,1,5
43976,7091,6,4,2
307560,7092,6,0,6
61456,7093,6,3,3
64424,7094,6,2,4
75144,7095,6,3,3
94456,7096,6,4,2
39888,7097,6,4,2
68112,7098,6,4,2
139816,7099,6,2,4
150256,7100,6,5,1
60456,7101,6,3,3
77656,7102,6,3,3
156912,7103,6,3,3
63744,7104,6,3,3
100312,7105,6,3,3
79248,7106,6,1,5
23992,7107,6,4,2
120976,7108,6,4,2
95432,7109,6,2,4
64416,7110,6,2,4
103400,7111,6,2,4
107624,7112,6,4,2
99392,7113,6,2,4
56512,7114,6,2,4
123360,7115,6,3,3
62312,7116,6,3,3
66456,7117,6,3,3
34408,7118,6,1,5
24224,7119,6,4,2
59408,7120,6,3,3
31656,7121,6,3,3
64464,7122,6,3,3
82496,7123,6,3,3
39288,7124,6,0,6
38880,7125,6,4,2
70176,7126,6,1,5
92848,7127,6,4,2
104080,7128,6,3,3
37632,7129,6,4,2
43288,7130,6,2,4
133848,7131,6,2,4
65288,7132,6,4,2
62144,7133,6,2,4
358664,7134,6,6,0
71400,7135,6,4,2
70352,7136,6,2,4
43760,7137,6,5,1
64888,7138,6,3,3
55688,7139,6,3,3
71632,7140,6,3,3
56984,7141,6,4,2
135576,7142,6,3,3
108584,7143,6,3,3
107112,7144,6,2,4
84392,7145,6,2,4
82600,7146,6,2,4
65184,7147,6,4,2
101776,7148,6,3,3
61520,7149,6,2,4
62472,7150,6,2,4
82504,7151,6,4,2
128776,7152,6,3,3
57632,7153,6,5,1
38840,7154,6,3,3
115896,7155,6,3,3
110616,7156,6,3,3
44416,7157,6,2,4
101368,7158,6,3,3
38288,7159,6,5,1
33568,7160,6,4,2
83240,7161,6,2,4
50184,7162,6,3,3
36832,7163,6,3,3
46056,7164,6,2,4
66864,7165,6,2,4
44896,7166,6,2,4
46648,7167,6,3,3
62328,7168,6,3,3
122648,7169,6,4,2
34360,7170,6,4,2
64808,7171,6,2,4
126472,7172,6,2,4
97200,7173,6,2,4
91936,7174,6,2,4
79984,7175,6,2,4
181272,7176,6,4,2
51728,7177,6,5,1
79192,7178,6,2,4
54232,7179,6,4,2
65768,7180,6,2,4
65816,7181,6,3,3
117024,7182,6,1,5
75744,7183,6,4,2
394112,7184,6,3,3
98320,7185,6,2,4
39160,7186,6,3,3
150928,7187,6,5,1
70424,7188,6,2,4
125672,7189,6,2,4
43816,7190,6,4,2
58424,7191,6,4,2
34960,7192,6,3,3
61512,7193,6,3,3
58544,7194,6,5,1
98232,7195,6,2,4
105808,7196,6,3,3
145760,7197,6,2,4
63496,7198,6,1,5
159696,7199,6,4,2
37984,7200,6,5,1
78152,7201,6,4,2
106856,7202,6,2,4
61608,7203,6,2,4
74144,7204,6,3,3
47520,7205,6,4,2
70736,7206,6,4,2
49576,7207,6,3,3
30792,7208,6,4,2
49176,7209,6,3,3
66272,7210,6,1,5
64648,7211,6,3,3
37752,7212,6,4,2
48464,7213,6,5,1
29320,7214,6,2,4
58672,7215,6,3,3
44856,7216,6,2,4
51880,7217,6,4,2
51792,7218,6,1,5
97600,7219,6,4,2
31424,7220,6,2,4
79368,7221,6,4,2
61408,7222,6,1,5
66496,7223,6,3,3
115032,7224,6,4,2
50088,7225,6,3,3
50648,7226,6,4,2
67904,7227,6,1,5
183288,7228,6,2,4
331336,7229,6,5,1
160352,7230,6,5,1
65728,7231,6,4,2
116776,7232,6,3,3
68072,7233,6,3,3
69256,7234,6,3,3
41824,7235,6,3,3
34528,7236,6,4,2
201304,7237,6,3,3
103384,7238,6,3,3
171424,7239,6,2,4
41400,7240,6,5,1
65312,7241,6,2,4
93264,7242,6,2,4
29952,7243,6,4,2
92776,7244,6,4,2
78944,7245,6,5,1
102416,7246,6,4,2
43952,7247,6,1,5
24456,7248,6,2,4
62456,7249,6,5,1
178888,7250,6,3,3
79000,7251,6,5,1
187104,7252,6,3,3
98496,7253,6,2,4
103208,7254,6,4,2
61888,7255,6,2,4
62440,7256,6,4,2
166304,7257,6,4,2
142232,7258,6,3,3
48592,7259,6,3,3
95320,7260,6,2,4
94088,7261,6,3,3
33312,7262,6,1,5
79424,7263,6,3,3
43448,7264,6,2,4
107728,7265,6,2,4
123264,7266,6,3,3
116264,7267,6,3,3
95808,7268,6,3,3
31104,7269,6,2,4
106720,7270,6,5,1
79560,7271,6,4,2
60432,7272,6,3,3
94272,7273,6,1,5
71104,7274,6,1,5
29496,7275,6,2,4
45096,7276,6,4,2
107440,7277,6,5,1
67840,7278,6,3,3
53592,7279,6,2,4
62128,7280,6,2,4
76240,7281,6,4,2
40736,7282,6,1,5
53568,7283,6,3,3
67288,7284,6,3,3
53016,7285,6,3,3
30328,7286,6,2,4
34368,7287,6,4,2
33264,7288,6,1,5
93176,7289,6,4,2
69008,7290,6,4,2
157856,7291,6,3,3
56080,7292,6,4,2
76280,7293,6,2,4
129840,7294,6,2,4
59264,7295,6,3,3
674200,7296,6,3,3
46400,7297,6,3,3
129520,7298,6,1,5
50600,7299,6,6,0
42224,7300,6,2,4
372528,7301,6,3,3
188408,7302,6,2,4
58472,7303,6,3,3
30448,7304,6,1,5
138864,7305,6,2,4
96528,7306,6,4,2
88904,7307,6,1,5
70048,7308,6,4,2
382176,7309,6,1,5
69216,7310,6,5,1
134000,7311,6,2,4
197480,7312,6,2,4
65512,7313,6,2,4
107400,7314,6,2,4
104208,7315,6,3,3
241488,7316,6,5,1
55568,7317,6,5,1
40896,7318,6,3,3
71712,7319,6,3,3
82696,7320,6,6,0
53712,7321,6,2,4
80240,7322,6,1,5
64696,7323,6,3,3
98304,7324,6,2,4
34768,7325,6,4,2
69448,7326,6,2,4
93168,7327,6,1,5
86672,7328,6,2,4
116256,7329,6,2,4
70528,7330,6,2,4
200456,7331,6,1,5
125152,7332,6,2,4
78432,7333,6,4,2
46304,7334,6,2,4
83448,7335,6,4,2
335240,7336,6,3,3
76920,7337,6,3,3
59976,7338,6,1,5
48544,7339,6,3,3
61152,7340,6,3,3
394256,7341,6,3,3
99504,7342,6,1,5
63272,7343,6,3,3
76496,7344,6,3,3
82224,7345,6,3,3
32344,7346,6,3,3
178304,7347,6,2,4
52384,7348,6,5,1
88928,7349,6,3,3
57688,7350,6,2,4
129440,7351,6,3,3
142288,7352,6,2,4
37648,7353,6,5,1
275984,7354,6,2,4
190464,7355,6,4,2
67920,7356,6,4,2
34240,7357,6,5,1
137808,7358,6,4,2
29064,7359,6,2,4
62896,7360,6,5,1
46656,7361,6,3,3
68200,7362,6,5,1
234888,7363,6,5,1
119392,7364,6,4,2
93032,7365,6,2,4
44424,7366,6,5,1
95464,7367,6,2,4
96896,7368,6,3,3
105872,7369,6,2,4
28960,7370,6,4,2
52392,7371,6,3,3
78256,7372,6,2,4
31936,7373,6,4,2
28480,7374,6,3,3
105032,7375,6,2,4
64736,7376,6,3,3
83400,7377,6,5,1
122376,7378,6,4,2
33832,7379,6,2,4
43544,7380,6,2,4
49888,7381,6,3,3
90456,7382,6,2,4
42728,7383,6,4,2
53336,7384,6,3,3
90936,7385,6,1,5
64328,7386,6,3,3
51696,7387,6,3,3
104816,7388,6,0,6
102472,7389,6,4,2
138064,7390,6,3,3
80528,7391,6,3,3
62688,7392,6,4,2
87768,7393,6,4,2
52336,7394,6,3,3
122200,7395,6,3,3
105696,7396,6,3,3
244184,7397,6,2,4
85384,7398,6,2,4
94016,7399,6,4,2
56848,7400,6,2,4
35776,7401,6,3,3
91600,7402,6,4,2
76408,7403,6,2,4
54216,7404,6,4,2
61280,7405,6,2,4
49160,7406,6,4,2
45776,7407,6,0,6
86872,7408,6,2,4
45752,7409,6,2,4
60984,7410,6,2,4
49400,7411,6,4,2
41272,7412,6,3,3
42776,7413,6,5,1
116568,7414,6,5,1
49488,7415,6,3,3
122504,7416,6,3,3
55288,7417,6,3,3
77496,7418,6,6,0
81136,7419,6,0,6
252560,7420,6,3,3
75424,7421,6,4,2
156088,7422,6,5,1
46808,7423,6,3,3
150736,7424,6,1,5
51456,7425,6,3,3
50208,7426,6,3,3
99712,7427,6,4,2
135768,7428,6,1,5
75944,7429,6,5,1
32544,7430,6,4,2
28424,7431,6,3,3
135592,7432,6,4,2
89336,7433,6,2,4
30384,7434,6,4,2
43656,7435,6,0,6
86776,7436,6,1,5
99344,7437,6,3,3
170424,7438,6,2,4
37192,7439,6,4,2
79752,7440,6,1,5
156240,7441,6,1,5
74528,7442,6,6,0
29080,7443,6,2,4
53544,7444,6,4,2
118008,7445,6,1,5
79528,7446,6,2,4
74184,7447,6,4,2
52808,7448,6,4,2
50008,7449,6,5,1
46248,7450,6,3,3
42896,7451,6,2,4
46120,7452,6,3,3
44848,7453,6,3,3
82064,7454,6,2,4
89648,7455,6,4,2
115600,7456,6,1,5
110552,7457,6,2,4
95480,7458,6,3,3
49768,7459,6,3,3
131040,7460,6,4,2
139072,7461,6,2,4
158896,7462,6,3,3
30144,7463,6,3,3
33120,7464,6,2,4
298928,7465,6,3,3
74632,7466,6,2,4
76504,7467,6,2,4
84320,7468,6,2,4
66224,7469,6,2,4
149792,7470,6,2,4
87616,7471,6,4,2
42216,7472,6,3,3
39848,7473,6,2,4
133144,7474,6,3,3
49912,7475,6,4,2
60088,7476,6,4,2
52856,7477,6,3,3
78416,7478,6,3,3
88568,7479,6,4,2
44952,7480,6,3,3
47152,7481,6,3,3
93392,7482,6,3,3
72072,7483,6,1,5
74472,7484,6,2,4
38688,7485,6,2,4
36512,7486,6,3,3
64088,7487,6,3,3
101600,7488,6,1,5
128944,7489,6,4,2
33112,7490,6,5,1
164640,7491,6,2,4
93752,7492,6,2,4
48744,7493,6,3,3
118864,7494,6,4,2
73760,7495,6,3,3
44912,7496,6,2,4
99624,7497,6,4,2
107232,7498,6,5,1
170264,7499,6,3,3
101472,7500,6,1,5
102832,7501,6,3,3
67976,7502,6,4,2
29600,7503,6,3,3
59176,7504,6,2,4
66256,7505,6,4,2
175448,7506,6,2,4
114736,7507,6,3,3
86056,7508,6,3,3
52168,7509,6,3,3
55864,7510,6,5,1
130360,7511,6,3,3
76048,7512,6,3,3
39440,7513,6,5,1
102096,7514,6,1,5
37504,7515,6,4,2
65008,7516,6,2,4
39352,7517,6,3,3
49032,7518,6,3,3
42456,7519,6,5,1
77544,7520,6,5,1
51376,7521,6,2,4
26544,7522,6,3,3
30256,7523,6,4,2
73784,7524,6,4,2
77568,7525,6,2,4
293528,7526,6,2,4
28432,7527,6,2,4
137840,7528,6,4,2
53264,7529,6,2,4
64024,7530,6,2,4
58864,7531,6,3,3
108648,7532,6,3,3
84424,7533,6,2,4
62784,7534,6,1,5
88096,7535,6,5,1
139968,7536,6,3,3
87384,7537,6,3,3
33472,7538,6,4,2
88352,7539,6,4,2
36776,7540,6,4,2
90168,7541,6,5,1
54544,7542,6,3,3
45104,7543,6,3,3
44128,7544,6,3,3
56808,7545,6,3,3
52032,7546,6,5,1
96064,7547,6,5,1
64400,7548,6,2,4
102240,7549,6,3,3
146096,7550,6,1,5
81744,7551,6,4,2
109672,7552,6,3,3
118024,7553,6,3,3
75712,7554,6,3,3
151112,7555,6,6,0
256656,7556,6,4,2
54296,7557,6,3,3
44904,7558,6,3,3
36448,7559,6,3,3
68960,7560,6,2,4
79320,7561,6,2,4
198680,7562,6,2,4
132864,7563,6,3,3
67008,7564,6,1,5
92280,7565,6,2,4
48736,7566,6,2,4
64960,7567,6,6,0
41000,7568,6,2,4
96200,7569,6,4,2
47128,7570,6,3,3
172488,7571,6,2,4
58192,7572,6,3,3
136800,7573,6,4,2
134080,7574,6,3,3
114728,7575,6,4,2
41576,7576,6,3,3
32776,7577,6,3,3
159760,7578,6,2,4
43504,7579,6,3,3
54576,7580,6,1,5
53408,7581,6,5,1
86688,7582,6,3,3
69104,7583,6,3,3
37736,7584,6,2,4
54640,7585,6,5,1
105200,7586,6,2,4
162304,7587,6,3,3
73064,7588,6,4,2
92104,7589,6,3,3
85064,7590,6,2,4
55344,7591,6,2,4
61368,7592,6,3,3
92160,7593,6,0,6
51800,7594,6,4,2
26400,7595,6,3,3
54992,7596,6,3,3
73272,7597,6,2,4
206856,7598,6,3,3
69664,7599,6,3,3
51536,7600,6,3,3
80384,7601,6,3,3
126656,7602,6,5,1
87776,7603,6,3,3
84192,7604,6,3,3
60280,7605,6,2,4
103488,7606,6,3,3
119000,7607,6,2,4
91616,7608,6,2,4
72088,7609,6,2,4
61144,7610,6,3,3
45888,7611,6,2,4
60720,7612,6,3,3
54304,7613,6,3,3
68432,7614,6,1,5
93968,7615,6,3,3
108120,7616,6,1,5
25904,7617,6,1,5
51968,7618,6,4,2
132152,7619,6,3,3
64848,7620,6,4,2
78344,7621,6,2,4
394272,7622,6,4,2
32984,7623,6,4,2
136584,7624,6,3,3
120608,7625,6,4,2
27264,7626,6,3,3
41168,7627,6,3,3
70016,7628,6,4,2
70936,7629,6,3,3
52768,7630,6,2,4
313080,7631,6,3,3
171472,7632,6,3,3
68952,7633,6,2,4
36672,7634,6,2,4
121312,7635,6,4,2
55656,7636,6,3,3
70752,7637,6,3,3
83808,7638,6,4,2
81760,7639,6,2,4
112808,7640,6,3,3
104168,7641,6,1,5
52272,7642,6,4,2
42768,7643,6,1,5
289528,7644,6,1,5
99872,7645,6,2,4
73880,7646,6,2,4
105944,7647,6,4,2
38296,7648,6,3,3
41832,7649,6,3,3
192096,7650,6,2,4
103456,7651,6,2,4
57432,7652,6,3,3
37856,7653,6,4,2
67992,7654,6,3,3
58536,7655,6,3,3
55808,7656,6,3,3
88800,7657,6,3,3
61664,7658,6,3,3
39096,7659,6,3,3
26616,7660,6,2,4
62392,7661,6,4,2
95064,7662,6,3,3
64600,7663,6,4,2
103216,7664,6,2,4
67888,7665,6,1,5
51168,7666,6,4,2
79096,7667,6,3,3
77608,7668,6,1,5
50576,7669,6,1,5
56312,7670,6,3,3
63176,7671,6,5,1
40272,7672,6,3,3
143720,7673,6,4,2
43368,7674,6,5,1
40648,7675,6,4,2
108728,7676,6,3,3
141496,7677,6,6,0
42376,7678,6,5,1
79880,7679,6,1,5
33504,7680,6,4,2
149040,7681,6,2,4
50040,7682,6,3,3
150200,7683,6,3,3
77232,7684,6,4,2
153368,7685,6,2,4
41808,7686,6,4,2
163456,7687,6,3,3
69880,7688,6,4,2
86608,7689,6,3,3
53272,7690,6,5,1
31880,7691,6,3,3
82240,7692,6,4,2
37728,7693,6,1,5
57240,7694,6,1,5
41112,7695,6,3,3
44752,7696,6,2,4
66320,7697,6,4,2
104704,7698,6,3,3
115472,7699,6,6,0
101752,7700,6,2,4
97104,7701,6,3,3
148432,7702,6,4,2
59272,7703,6,2,4
78280,7704,6,6,0
267368,7705,6,2,4
206568,7706,6,3,3
175896,7707,6,2,4
37672,7708,6,2,4
81552,7709,6,2,4
36168,7710,6,5,1
70168,7711,6,2,4
124368,7712,6,3,3
43280,7713,6,5,1
95520,7714,6,1,5
38304,7715,6,2,4
136808,7716,6,3,3
72368,7717,6,3,3
54568,7718,6,3,3
63544,7719,6,3,3
52288,7720,6,1,5
69624,7721,6,4,2
60704,7722,6,1,5
113808,7723,6,2,4
106208,7724,6,2,4
168336,7725,6,2,4
37576,7726,6,3,3
54536,7727,6,3,3
65656,7728,6,3,3
65136,7729,6,5,1
63968,7730,6,4,2
70224,7731,6,3,3
31344,7732,6,4,2
37384,7733,6,4,2
60600,7734,6,2,4
36048,7735,6,4,2
228416,7736,6,3,3
36264,7737,6,2,4
57216,7738,6,2,4
101856,7739,6,3,3
44272,7740,6,3,3
53792,7741,6,5,1
57976,7742,6,2,4
50456,7743,6,3,3
74048,7744,6,1,5
102936,7745,6,3,3
66408,7746,6,1,5
115256,7747,6,4,2
67480,7748,6,4,2
43576,7749,6,1,5
73608,7750,6,2,4
31704,7751,6,5,1
142624,7752,6,4,2
71096,7753,6,3,3
43208,7754,6,4,2
36808,7755,6,2,4
58824,7756,6,3,3
40024,7757,6,1,5
294600,7758,6,4,2
94720,7759,6,4,2
118496,7760,6,2,4
28152,7761,6,1,5
61240,7762,6,2,4
49968,7763,6,4,2
48256,7764,6,4,2
34712,7765,6,1,5
99168,7766,6,2,4
173360,7767,6,2,4
118456,7768,6,3,3
61424,7769,6,4,2
53952,7770,6,3,3
43520,7771,6,3,3
91472,7772,6,4,2
107856,7773,6,5,1
120144,7774,6,4,2
39080,7775,6,3,3
65528,7776,6,4,2
76360,7777,6,2,4
61936,7778,6,1,5
157232,7779,6,4,2
58848,7780,6,1,5
63648,7781,6,4,2
64472,7782,6,3,3
131104,7783,6,1,5
40384,7784,6,1,5
58264,7785,6,1,5
51744,7786,6,3,3
143824,7787,6,3,3
114136,7788,6,3,3
105312,7789,6,3,3
44600,7790,6,1,5
96888,7791,6,3,3
56216,7792,6,2,4
41248,7793,6,3,3
42944,7794,6,2,4
95376,7795,6,2,4
55280,7796,6,2,4
88704,7797,6,3,3
34696,7798,6,3,3
289224,7799,6,5,1
82008,7800,6,2,4
63584,7801,6,1,5
60440,7802,6,3,3
34736,7803,6,2,4
69336,7804,6,2,4
60928,7805,6,2,4
139192,7806,6,5,1
248632,7807,6,1,5
60864,7808,6,2,4
109616,7809,6,1,5
68856,7810,6,3,3
126264,7811,6,3,3
57752,7812,6,3,3
31072,7813,6,3,3
52624,7814,6,5,1
111512,7815,6,4,2
151136,7816,6,2,4
94728,7817,6,3,3
124856,7818,6,3,3
33488,7819,6,2,4
105584,7820,6,4,2
125976,7821,6,3,3
63472,7822,6,3,3
94664,7823,6,4,2
116184,7824,6,5,1
28216,7825,6,3,3
42752,7826,6,2,4
54224,7827,6,4,2
55208,7828,6,4,2
41032,7829,6,4,2
82776,7830,6,0,6
55368,7831,6,6,0
31832,7832,6,4,2
54736,7833,6,3,3
87952,7834,6,2,4
42544,7835,6,4,2
90056,7836,6,1,5
57000,7837,6,4,2
121584,7838,6,3,3
93648,7839,6,3,3
59320,7840,6,3,3
70944,7841,6,3,3
137520,7842,6,1,5
78032,7843,6,4,2
90856,7844,6,3,3
80280,7845,6,3,3
62848,7846,6,1,5
83792,7847,6,2,4
149424,7848,6,0,6
44168,7849,6,3,3
46048,7850,6,1,5
85040,7851,6,4,2
59312,7852,6,0,6
110920,7853,6,4,2
88856,7854,6,4,2
131208,7855,6,6,0
42520,7856,6,3,3
75352,7857,6,4,2
76704,7858,6,2,4
290152,7859,6,6,0
86632,7860,6,3,3
29904,7861,6,2,4
39992,7862,6,4,2
90928,7863,6,5,1
52912,7864,6,4,2
126736,7865,6,1,5
58488,7866,6,2,4
90864,7867,6,3,3
102400,7868,6,2,4
83408,7869,6,4,2
55904,7870,6,2,4
122344,7871,6,3,3
26240,7872,6,3,3
122016,7873,6,5,1
265480,7874,6,4,2
90920,7875,6,3,3
69064,7876,6,4,2
150504,7877,6,3,3
34592,7878,6,2,4
58176,7879,6,4,2
56152,7880,6,2,4
60552,7881,6,4,2
72000,7882,6,3,3
55400,7883,6,3,3
119448,7884,6,2,4
69592,7885,6,4,2
127816,7886,6,5,1
70784,7887,6,3,3
24840,7888,6,2,4
66536,7889,6,1,5
45456,7890,6,2,4
92272,7891,6,2,4
51512,7892,6,1,5
57272,7893,6,2,4
111664,7894,6,2,4
68712,7895,6,4,2
56904,7896,6,5,1
51888,7897,6,3,3
68696,7898,6,4,2
100744,7899,6,1,5
67384,7900,6,3,3
43960,7901,6,3,3
164168,7902,6,4,2
56344,7903,6,2,4
75768,7904,6,3,3
88504,7905,6,3,3
50352,7906,6,1,5
198192,7907,6,5,1
134384,7908,6,4,2
86320,7909,6,3,3
23504,7910,6,4,2
38528,7911,6,4,2
61928,7912,6,4,2
75952,7913,6,4,2
86720,7914,6,4,2
35584,7915,6,0,6
70808,7916,6,2,4
80800,7917,6,3,3
68984,7918,6,3,3
32856,7919,6,2,4
142296,7920,6,4,2
39880,7921,6,2,4
118704,7922,6,5,1
83560,7923,6,4,2
73224,7924,6,3,3
71128,7925,6,2,4
55392,7926,6,5,1
45176,7927,6,0,6
64192,7928,6,5,1
184968,7929,6,4,2
100728,7930,6,4,2
73696,7931,6,3,3
76968,7932,6,2,4
66632,7933,6,2,4
69200,7934,6,4,2
68864,7935,6,3,3
30760,7936,6,1,5
69080,7937,6,4,2
32224,7938,6,5,1
80824,7939,6,4,2
83512,7940,6,4,2
86232,7941,6,5,1
71120,7942,6,2,4
78712,7943,6,2,4
35136,7944,6,4,2
89368,7945,6,4,2
36664,7946,6,2,4
61328,7947,6,5,1
95104,7948,6,2,4
102336,7949,6,4,2
44560,7950,6,2,4
107416,7951,6,4,2
65664,7952,6,3,3
306888,7953,6,3,3
56224,7954,6,3,3
61392,7955,6,0,6
111208,7956,6,1,5
183888,7957,6,5,1
83848,7958,6,1,5
98424,7959,6,4,2
83640,7960,6,3,3
101376,7961,6,2,4
33040,7962,6,5,1
43024,7963,6,2,4
31504,7964,6,5,1
39024,7965,6,2,4
102352,7966,6,3,3
70008,7967,6,2,4
69264,7968,6,2,4
80712,7969,6,2,4
97216,7970,6,3,3
36792,7971,6,4,2
49632,7972,6,4,2
48288,7973,6,2,4
38928,7974,6,3,3
130312,7975,6,4,2
55216,7976,6,1,5
53344,7977,6,4,2
45808,7978,6,3,3
45672,7979,6,3,3
116120,7980,6,2,4
34144,7981,6,4,2
100976,7982,6,5,1
85240,7983,6,1,5
51984,7984,6,2,4
48136,7985,6,3,3
95552,7986,6,5,1
82864,7987,6,2,4
67112,7988,6,2,4
75824,7989,6,4,2
42576,7990,6,1,5
302688,7991,6,3,3
33320,7992,6,4,2
269592,7993,6,3,3
52984,7994,6,4,2
43112,7995,6,4,2
74824,7996,6,3,3
27720,7997,6,3,3
99104,7998,6,3,3
296968,7999,6,0,6
179000,8000,6,2,4
28944,8001,6,4,2
46768,8002,6,3,3
31672,8003,6,2,4
64512,8004,6,4,2
71600,8005,6,3,3
56400,8006,6,3,3
86072,8007,6,5,1
104008,8008,6,3,3
53824,8009,6,2,4
89312,8010,6,2,4
65096,8011,6,4,2
86464,8012,6,2,4
43552,8013,6,3,3
66064,8014,6,3,3
71360,8015,6,3,3
328176,8016,6,4,2
80472,8017,6,3,3
105488,8018,6,4,2
157080,8019,6,4,2
76464,8020,6,3,3
63880,8021,6,2,4
179368,8022,6,3,3
233176,8023,6,2,4
108040,8024,6,2,4
301088,8025,6,2,4
72400,8026,6,4,2
122680,8027,6,2,4
112376,8028,6,0,6
43344,8029,6,2,4
119336,8030,6,4,2
85464,8031,6,3,3
48856,8032,6,0,6
43184,8033,6,5,1
86760,8034,6,5,1
51560,8035,6,4,2
58240,8036,6,5,1
116560,8037,6,2,4
126680,8038,6,2,4
70464,8039,6,3,3
52704,8040,6,4,2
73120,8041,6,2,4
51056,8042,6,2,4
130680,8043,6,5,1
79816,8044,6,3,3
74864,8045,6,4,2
72016,8046,6,2,4
93840,8047,6,3,3
221632,8048,6,2,4
117144,8049,6,3,3
53128,8050,6,4,2
214656,8051,6,3,3
118616,8052,6,2,4
75912,8053,6,3,3
74512,8054,6,3,3
93312,8055,6,2,4
37144,8056,6,3,3
127368,8057,6,4,2
31720,8058,6,4,2
88048,8059,6,4,2
65752,8060,6,0,6
32832,8061,6,3,3
103336,8062,6,4,2
116856,8063,6,2,4
22144,8064,6,3,3
102432,8065,6,4,2
91200,8066,6,4,2
111832,8067,6,4,2
139864,8068,6,2,4
38624,8069,6,4,2
24640,8070,6,3,3
59456,8071,6,5,1
28312,8072,6,5,1
239936,8073,6,3,3
99784,8074,6,2,4
138176,8075,6,2,4
84936,8076,6,4,2
58288,8077,6,1,5
41256,8078,6,4,2
38208,8079,6,3,3
142696,8080,6,2,4
60312,8081,6,2,4
208168,8082,6,3,3
32496,8083,6,5,1
69240,8084,6,4,2
71880,8085,6,2,4
91880,8086,6,3,3
58360,8087,6,4,2
33592,8088,6,4,2
22272,8089,6,3,3
34824,8090,6,3,3
72384,8091,6,3,3
52824,8092,6,4,2
97400,8093,6,3,3
135984,8094,6,2,4
51384,8095,6,2,4
112952,8096,6,3,3
55200,8097,6,3,3
76304,8098,6,2,4
136400,8099,5,4,1
107616,8100,5,4,1
26064,8101,5,4,1
84648,8102,5,3,2
139128,8103,5,4,1
764800,8104,5,2,3
135872,8105,5,2,3
157184,8106,5,3,2
236920,8107,5,0,5
30864,8108,5,5,0
34232,8109,5,2,3
78104,8110,5,3,2
75056,8111,5,3,2
72848,8112,5,3,2
76808,8113,5,3,2
170760,8114,5,3,2
80944,8115,5,2,3
166184,8116,5,1,4
51648,8117,5,1,4
48656,8118,5,3,2
183392,8119,5,1,4
74640,8120,5,2,3
72440,8121,5,2,3
128472,8122,5,3,2
32680,8123,5,3,2
122768,8124,5,3,2
81792,8125,5,3,2
181480,8126,5,2,3
58680,8127,5,1,4
76480,8128,5,4,1
125224,8129,5,2,3
38400,8130,5,2,3
83376,8131,5,1,4
611880,8132,5,1,4
69560,8133,5,1,4
182440,8134,5,2,3
42952,8135,5,2,3
91760,8136,5,4,1
42128,8137,5,2,3
121208,8138,5,5,0
102208,8139,5,3,2
78776,8140,5,3,2
179720,8141,5,3,2
65104,8142,5,2,3
30312,8143,5,5,0
62432,8144,5,2,3
65024,8145,5,1,4
142560,8146,5,3,2
107224,8147,5,1,4
43232,8148,5,3,2
304056,8149,5,3,2
460216,8150,5,3,2
253976,8151,5,1,4
209016,8152,5,0,5
303792,8153,5,2,3
142488,8154,5,4,1
49624,8155,5,4,1
139136,8156,5,2,3
55664,8157,5,2,3
202576,8158,5,4,1
110320,8159,5,1,4
45088,8160,5,2,3
96872,8161,5,1,4
65864,8162,5,4,1
211808,8163,5,3,2
131664,8164,5,3,2
86624,8165,5,2,3
96760,8166,5,2,3
47248,8167,5,3,2
74992,8168,5,2,3
33712,8169,5,1,4
88120,8170,5,1,4
109568,8171,5,2,3
84296,8172,5,3,2
211768,8173,5,3,2
124376,8174,5,2,3
61784,8175,5,3,2
94104,8176,5,3,2
102944,8177,5,2,3
251784,8178,5,2,3
59744,8179,5,3,2
30048,8180,5,2,3
38848,8181,5,4,1
312784,8182,5,2,3
51328,8183,5,2,3
44544,8184,5,2,3
85296,8185,5,4,1
50424,8186,5,2,3
60072,8187,5,4,1
51296,8188,5,2,3
53432,8189,5,2,3
176048,8190,5,2,3
99632,8191,5,3,2
188448,8192,5,1,4
46192,8193,5,1,4
72720,8194,5,3,2
42928,8195,5,4,1
269120,8196,5,4,1
335280,8197,5,3,2
73056,8198,5,4,1
90784,8199,5,2,3
87848,8200,5,1,4
43296,8201,5,2,3
157200,8202,5,2,3
36064,8203,5,2,3
93416,8204,5,2,3
107488,8205,5,3,2
94408,8206,5,3,2
88656,8207,5,3,2
179920,8208,5,5,0
146920,8209,5,4,1
55480,8210,5,3,2
36128,8211,5,3,2
82744,8212,5,4,1
210488,8213,5,1,4
175144,8214,5,4,1
163192,8215,5,5,0
64976,8216,5,3,2
90976,8217,5,3,2
42920,8218,5,3,2
96864,8219,5,2,3
72696,8220,5,3,2
119816,8221,5,3,2
76688,8222,5,3,2
116344,8223,5,3,2
189144,8224,5,3,2
84640,8225,5,3,2
58216,8226,5,2,3
82072,8227,5,4,1
123016,8228,5,3,2
67080,8229,5,3,2
59016,8230,5,2,3
65384,8231,5,1,4
72048,8232,5,2,3
246064,8233,5,4,1
184200,8234,5,3,2
102072,8235,5,1,4
55336,8236,5,3,2
159488,8237,5,3,2
272992,8238,5,2,3
67896,8239,5,4,1
49264,8240,5,2,3
93464,8241,5,4,1
32640,8242,5,2,3
72128,8243,5,5,0
103168,8244,5,4,1
52192,8245,5,2,3
169760,8246,5,3,2
157312,8247,5,3,2
191848,8248,5,4,1
36240,8249,5,3,2
178616,8250,5,1,4
132696,8251,5,3,2
53856,8252,5,1,4
94584,8253,5,2,3
34968,8254,5,3,2
286008,8255,5,4,1
97648,8256,5,3,2
85504,8257,5,2,3
93560,8258,5,4,1
79144,8259,5,4,1
219328,8260,5,2,3
102856,8261,5,5,0
47832,8262,5,3,2
43680,8263,5,1,4
51496,8264,5,2,3
203440,8265,5,2,3
55136,8266,5,3,2
43944,8267,5,4,1
106952,8268,5,2,3
77592,8269,5,2,3
70640,8270,5,4,1
134552,8271,5,4,1
68800,8272,5,3,2
218168,8273,5,2,3
60760,8274,5,2,3
48664,8275,5,3,2
80352,8276,5,1,4
50952,8277,5,2,3
120336,8278,5,3,2
144232,8279,5,4,1
461176,8280,5,3,2
122592,8281,5,1,4
45208,8282,5,2,3
62672,8283,5,2,3
82136,8284,5,4,1
124440,8285,5,2,3
77440,8286,5,4,1
39296,8287,5,2,3
90624,8288,5,2,3
74456,8289,5,1,4
109960,8290,5,3,2
148480,8291,5,5,0
69000,8292,5,3,2
57712,8293,5,4,1
37008,8294,5,2,3
90280,8295,5,4,1
43632,8296,5,3,2
78088,8297,5,4,1
75336,8298,5,2,3
33200,8299,5,2,3
64128,8300,5,4,1
57648,8301,5,0,5
205688,8302,5,4,1
107392,8303,5,2,3
108512,8304,5,1,4
81952,8305,5,1,4
84056,8306,5,3,2
347816,8307,5,5,0
106416,8308,5,3,2
231256,8309,5,3,2
70184,8310,5,3,2
138088,8311,5,3,2
167392,8312,5,3,2
66680,8313,5,3,2
177312,8314,5,4,1
127648,8315,5,1,4
56016,8316,5,2,3
160680,8317,5,1,4
179640,8318,5,2,3
109280,8319,5,3,2
56472,8320,5,2,3
100056,8321,5,3,2
87928,8322,5,1,4
179184,8323,5,3,2
108536,8324,5,3,2
245728,8325,5,2,3
86424,8326,5,5,0
207968,8327,5,4,1
74272,8328,5,2,3
34072,8329,5,2,3
105136,8330,5,3,2
45184,8331,5,2,3
77104,8332,5,3,2
58624,8333,5,3,2
383464,8334,5,1,4
72032,8335,5,3,2
151824,8336,5,2,3
35184,8337,5,3,2
71416,8338,5,3,2
134912,8339,5,1,4
71792,8340,5,3,2
373640,8341,5,3,2
130768,8342,5,2,3
94768,8343,5,2,3
116304,8344,5,3,2
114968,8345,5,3,2
69248,8346,5,0,5
100952,8347,5,2,3
203776,8348,5,3,2
153160,8349,5,3,2
65552,8350,5,2,3
112096,8351,5,3,2
100384,8352,5,3,2
80200,8353,5,2,3
120280,8354,5,3,2
135680,8355,5,4,1
145128,8356,5,2,3
48912,8357,5,3,2
109600,8358,5,2,3
39640,8359,5,2,3
60384,8360,5,3,2
103960,8361,5,1,4
128512,8362,5,1,4
94032,8363,5,3,2
189320,8364,5,2,3
113584,8365,5,2,3
86976,8366,5,1,4
95072,8367,5,4,1
127992,8368,5,2,3
62160,8369,5,1,4
112696,8370,5,3,2
50440,8371,5,4,1
61880,8372,5,2,3
103496,8373,5,3,2
322832,8374,5,2,3
104248,8375,5,3,2
38176,8376,5,2,3
202880,8377,5,2,3
150152,8378,5,2,3
350224,8379,5,4,1
165656,8380,5,4,1
222144,8381,5,3,2
66576,8382,5,3,2
65640,8383,5,2,3
47776,8384,5,2,3
150120,8385,5,0,5
56640,8386,5,3,2
287504,8387,5,2,3
23184,8388,5,4,1
114000,8389,5,3,2
191816,8390,5,1,4
80272,8391,5,3,2
61696,8392,5,1,4
109856,8393,5,2,3
62544,8394,5,3,2
80432,8395,5,2,3
141792,8396,5,3,2
40584,8397,5,3,2
122720,8398,5,1,4
60896,8399,5,3,2
67184,8400,5,3,2
118656,8401,5,3,2
225016,8402,5,3,2
116912,8403,5,3,2
94008,8404,5,3,2
134864,8405,5,4,1
73424,8406,5,3,2
155616,8407,5,3,2
129848,8408,5,3,2
63808,8409,5,2,3
55616,8410,5,2,3
75184,8411,5,4,1
40864,8412,5,2,3
42024,8413,5,3,2
207800,8414,5,2,3
40552,8415,5,1,4
163088,8416,5,5,0
72592,8417,5,2,3
323488,8418,5,3,2
106488,8419,5,2,3
178216,8420,5,4,1
280776,8421,5,2,3
131584,8422,5,2,3
70480,8423,5,2,3
76000,8424,5,3,2
56688,8425,5,5,0
72544,8426,5,1,4
140288,8427,5,4,1
114040,8428,5,4,1
49680,8429,5,0,5
153040,8430,5,2,3
58112,8431,5,2,3
67816,8432,5,1,4
74488,8433,5,3,2
88296,8434,5,5,0
82488,8435,5,5,0
75448,8436,5,3,2
167200,8437,5,3,2
76928,8438,5,5,0
1123680,8439,5,1,4
52720,8440,5,2,3
84896,8441,5,1,4
154368,8442,5,3,2
374304,8443,5,1,4
63224,8444,5,1,4
120656,8445,5,3,2
156176,8446,5,2,3
68840,8447,5,1,4
112456,8448,5,2,3
59072,8449,5,3,2
185024,8450,5,3,2
176472,8451,5,3,2
165400,8452,5,3,2
34248,8453,5,3,2
86256,8454,5,2,3
157584,8455,5,2,3
197424,8456,5,3,2
190520,8457,5,3,2
87744,8458,5,2,3
67240,8459,5,3,2
128112,8460,5,4,1
47864,8461,5,2,3
54648,8462,5,3,2
79376,8463,5,4,1
145872,8464,5,3,2
176200,8465,5,4,1
135552,8466,5,2,3
123160,8467,5,4,1
25112,8468,5,4,1
84872,8469,5,4,1
132680,8470,5,4,1
104696,8471,5,4,1
266512,8472,5,0,5
238776,8473,5,2,3
138168,8474,5,5,0
126984,8475,5,2,3
111784,8476,5,2,3
66552,8477,5,2,3
191456,8478,5,3,2
209528,8479,5,3,2
66920,8480,5,1,4
94136,8481,5,2,3
38936,8482,5,0,5
53232,8483,5,2,3
221760,8484,5,2,3
112312,8485,5,3,2
67376,8486,5,2,3
391584,8487,5,1,4
41064,8488,5,4,1
103816,8489,5,3,2
27808,8490,5,2,3
48600,8491,5,4,1
59448,8492,5,1,4
65712,8493,5,3,2
218592,8494,5,4,1
35744,8495,5,1,4
105592,8496,5,1,4
90144,8497,5,3,2
54400,8498,5,4,1
102120,8499,5,1,4
90712,8500,5,2,3
81816,8501,5,2,3
53176,8502,5,3,2
124936,8503,5,3,2
59480,8504,5,4,1
106152,8505,5,2,3
90008,8506,5,3,2
161920,8507,5,1,4
175984,8508,5,4,1
188336,8509,5,3,2
173704,8510,5,3,2
116216,8511,5,2,3
61336,8512,5,0,5
81888,8513,5,3,2
24200,8514,5,3,2
130528,8515,5,0,5
103776,8516,5,5,0
89776,8517,5,2,3
177192,8518,5,2,3
63984,8519,5,2,3
76128,8520,5,3,2
52688,8521,5,3,2
45280,8522,5,3,2
144104,8523,5,3,2
39136,8524,5,3,2
78008,8525,5,2,3
94504,8526,5,2,3
164464,8527,5,3,2
126296,8528,5,3,2
99088,8529,5,3,2
136392,8530,5,3,2
104736,8531,5,3,2
124312,8532,5,3,2
110680,8533,5,3,2
75264,8534,5,1,4
341440,8535,5,2,3
91128,8536,5,2,3
86168,8537,5,2,3
66808,8538,5,1,4
216328,8539,5,1,4
149056,8540,5,3,2
49584,8541,5,2,3
154512,8542,5,3,2
86920,8543,5,2,3
69936,8544,5,4,1
84712,8545,5,4,1
118752,8546,5,2,3
37552,8547,5,3,2
121056,8548,5,4,1
133544,8549,5,1,4
85712,8550,5,4,1
100184,8551,5,4,1
134232,8552,5,2,3
129024,8553,5,5,0
212112,8554,5,2,3
60608,8555,5,3,2
40872,8556,5,3,2
48176,8557,5,2,3
90672,8558,5,1,4
77032,8559,5,2,3
66960,8560,5,1,4
46984,8561,5,2,3
112104,8562,5,2,3
185888,8563,5,4,1
87912,8564,5,3,2
56944,8565,5,3,2
116208,8566,5,3,2
107248,8567,5,3,2
152592,8568,5,3,2
182560,8569,5,3,2
103200,8570,5,0,5
220568,8571,5,1,4
97824,8572,5,3,2
70920,8573,5,1,4
154008,8574,5,3,2
118288,8575,5,4,1
81640,8576,5,1,4
172632,8577,5,2,3
67768,8578,5,3,2
90184,8579,5,2,3
74744,8580,5,3,2
147312,8581,5,3,2
44776,8582,5,2,3
87304,8583,5,2,3
107688,8584,5,4,1
51400,8585,5,3,2
119008,8586,5,3,2
48024,8587,5,4,1
375456,8588,5,4,1
107256,8589,5,1,4
208800,8590,5,4,1
77800,8591,5,4,1
78584,8592,5,4,1
107952,8593,5,2,3
84688,8594,5,4,1
189784,8595,5,2,3
56248,8596,5,3,2
109240,8597,5,0,5
111600,8598,5,3,2
64520,8599,5,2,3
68584,8600,5,3,2
56288,8601,5,3,2
75240,8602,5,4,1
279856,8603,5,2,3
110192,8604,5,4,1
164880,8605,5,1,4
89488,8606,5,3,2
131392,8607,5,2,3
59888,8608,5,3,2
49056,8609,5,2,3
63232,8610,5,1,4
36280,8611,5,2,3
74736,8612,5,3,2
249576,8613,5,5,0
72392,8614,5,3,2
38600,8615,5,3,2
80176,8616,5,3,2
341696,8617,5,4,1
110728,8618,5,3,2
129248,8619,5,4,1
39392,8620,5,3,2
67360,8621,5,5,0
85752,8622,5,4,1
24728,8623,5,3,2
58528,8624,5,0,5
99960,8625,5,3,2
27088,8626,5,3,2
45288,8627,5,2,3
81520,8628,5,2,3
215648,8629,5,2,3
52416,8630,5,3,2
69648,8631,5,2,3
367888,8632,5,3,2
79600,8633,5,3,2
90536,8634,5,3,2
100736,8635,5,1,4
42112,8636,5,0,5
314432,8637,5,3,2
47920,8638,5,2,3
73504,8639,5,3,2
96848,8640,5,1,4
83416,8641,5,4,1
177248,8642,5,2,3
107984,8643,5,3,2
100328,8644,5,2,3
144296,8645,5,4,1
76904,8646,5,3,2
104768,8647,5,4,1
80928,8648,5,3,2
279472,8649,5,4,1
93352,8650,5,3,2
183744,8651,5,3,2
61136,8652,5,4,1
122040,8653,5,4,1
85184,8654,5,2,3
59584,8655,5,3,2
52696,8656,5,2,3
115400,8657,5,2,3
57104,8658,5,1,4
910312,8659,5,3,2
78504,8660,5,3,2
147320,8661,5,1,4
114560,8662,5,4,1
110736,8663,5,0,5
59664,8664,5,4,1
53688,8665,5,1,4
91072,8666,5,3,2
55952,8667,5,3,2
28320,8668,5,3,2
51144,8669,5,2,3
87280,8670,5,2,3
79552,8671,5,2,3
103744,8672,5,1,4
69912,8673,5,0,5
70728,8674,5,3,2
105176,8675,5,1,4
54760,8676,5,3,2
44208,8677,5,3,2
69224,8678,5,2,3
152000,8679,5,2,3
92992,8680,5,3,2
34800,8681,5,4,1
118432,8682,5,2,3
64880,8683,5,3,2
380272,8684,5,4,1
95352,8685,5,3,2
76976,8686,5,0,5
150904,8687,5,3,2
32648,8688,5,4,1
386672,8689,5,3,2
125072,8690,5,5,0
68128,8691,5,3,2
133808,8692,5,3,2
93976,8693,5,2,3
73824,8694,5,3,2
102824,8695,5,4,1
51464,8696,5,2,3
87392,8697,5,2,3
108416,8698,5,1,4
155232,8699,5,3,2
144088,8700,5,4,1
70912,8701,5,3,2
64208,8702,5,3,2
43808,8703,5,3,2
95384,8704,5,3,2
47464,8705,5,2,3
91176,8706,5,0,5
132344,8707,5,2,3
283264,8708,5,3,2
104584,8709,5,3,2
68992,8710,5,3,2
131632,8711,5,4,1
54600,8712,5,2,3
109840,8713,5,1,4
71208,8714,5,1,4
161008,8715,5,2,3
113016,8716,5,1,4
103112,8717,5,5,0
71688,8718,5,3,2
137976,8719,5,3,2
99248,8720,5,4,1
99920,8721,5,3,2
95768,8722,5,4,1
61096,8723,5,2,3
59624,8724,5,4,1
38368,8725,5,1,4
103896,8726,5,2,3
300016,8727,5,4,1
169464,8728,5,4,1
165176,8729,5,2,3
133176,8730,5,3,2
102584,8731,5,2,3
94936,8732,5,2,3
131504,8733,5,2,3
274768,8734,5,3,2
49896,8735,5,3,2
178408,8736,5,3,2
58416,8737,5,2,3
152648,8738,5,2,3
144600,8739,5,1,4
77296,8740,5,2,3
69304,8741,5,3,2
125528,8742,5,3,2
151376,8743,5,3,2
420664,8744,5,3,2
60344,8745,5,3,2
266168,8746,5,4,1
137944,8747,5,3,2
48216,8748,5,4,1
95136,8749,5,1,4
36104,8750,5,1,4
135176,8751,5,2,3
50752,8752,5,3,2
51448,8753,5,2,3
71952,8754,5,2,3
44296,8755,5,2,3
97480,8756,5,4,1
189920,8757,5,3,2
182080,8758,5,4,1
99200,8759,5,1,4
75000,8760,5,3,2
144392,8761,5,4,1
108816,8762,5,2,3
537816,8763,5,2,3
147608,8764,5,1,4
59576,8765,5,1,4
97392,8766,5,3,2
146520,8767,5,4,1
104504,8768,5,1,4
85672,8769,5,3,2
152776,8770,5,2,3
126896,8771,5,3,2
281544,8772,5,2,3
245952,8773,5,2,3
50544,8774,5,2,3
107536,8775,5,4,1
110600,8776,5,1,4
86696,8777,5,3,2
56608,8778,5,3,2
166216,8779,5,2,3
64608,8780,5,2,3
190784,8781,5,1,4
80880,8782,5,2,3
38184,8783,5,3,2
40192,8784,5,2,3
276776,8785,5,2,3
86848,8786,5,4,1
76472,8787,5,3,2
154176,8788,5,1,4
175736,8789,5,2,3
129344,8790,5,3,2
129144,8791,5,3,2
80896,8792,5,2,3
102000,8793,5,2,3
111232,8794,5,3,2
108080,8795,5,2,3
73920,8796,5,3,2
197272,8797,5,1,4
51936,8798,5,3,2
71432,8799,5,1,4
78408,8800,5,2,3
204424,8801,5,3,2
278312,8802,5,4,1
199568,8803,5,3,2
104560,8804,5,3,2
188048,8805,5,1,4
96320,8806,5,2,3
51424,8807,5,1,4
97560,8808,5,2,3
256112,8809,5,1,4
79704,8810,5,3,2
98776,8811,5,2,3
84232,8812,5,2,3
64288,8813,5,3,2
54504,8814,5,3,2
70080,8815,5,3,2
41056,8816,5,1,4
101544,8817,5,1,4
255368,8818,5,4,1
86064,8819,5,3,2
45872,8820,5,3,2
58800,8821,5,4,1
142944,8822,5,3,2
38488,8823,5,2,3
56896,8824,5,3,2
108840,8825,5,3,2
92344,8826,5,3,2
61048,8827,5,1,4
295544,8828,5,2,3
135928,8829,5,0,5
111120,8830,5,2,3
286352,8831,5,1,4
220208,8832,5,5,0
54136,8833,5,3,2
59672,8834,5,1,4
40808,8835,5,1,4
90000,8836,5,1,4
207032,8837,5,2,3
110768,8838,5,2,3
379824,8839,5,3,2
215136,8840,5,4,1
86112,8841,5,2,3
109880,8842,5,2,3
63704,8843,5,2,3
307888,8844,5,2,3
111128,8845,5,2,3
162928,8846,5,4,1
46536,8847,5,2,3
58136,8848,5,4,1
67144,8849,5,2,3
55168,8850,5,2,3
175104,8851,5,3,2
54128,8852,5,1,4
86392,8853,5,4,1
182120,8854,5,1,4
148456,8855,5,2,3
83832,8856,5,2,3
139392,8857,5,3,2
59440,8858,5,4,1
46680,8859,5,3,2
420472,8860,5,2,3
106984,8861,5,2,3
95776,8862,5,4,1
45848,8863,5,4,1
95536,8864,5,4,1
338160,8865,5,2,3
40296,8866,5,3,2
159736,8867,5,3,2
78384,8868,5,2,3
52672,8869,5,3,2
155216,8870,5,4,1
137352,8871,5,3,2
64984,8872,5,2,3
41280,8873,5,1,4
141560,8874,5,2,3
139184,8875,5,4,1
62048,8876,5,3,2
122216,8877,5,4,1
45920,8878,5,2,3
134848,8879,5,2,3
142384,8880,5,1,4
84704,8881,5,2,3
75488,8882,5,2,3
129856,8883,5,4,1
311688,8884,5,1,4
321264,8885,5,4,1
84744,8886,5,1,4
92400,8887,5,3,2
104792,8888,5,3,2
67392,8889,5,4,1
328904,8890,5,4,1
58952,8891,5,3,2
72160,8892,5,1,4
115080,8893,5,1,4
31544,8894,5,3,2
128288,8895,5,1,4
117992,8896,5,2,3
123728,8897,5,2,3
39016,8898,5,2,3
104808,8899,5,3,2
118784,8900,5,3,2
273600,8901,5,2,3
43384,8902,5,1,4
145456,8903,5,2,3
177768,8904,5,2,3
80784,8905,5,2,3
115136,8906,5,2,3
80936,8907,5,2,3
187712,8908,5,3,2
97408,8909,5,4,1
70832,8910,5,2,3
156784,8911,5,4,1
111440,8912,5,1,4
52360,8913,5,3,2
69896,8914,5,2,3
56184,8915,5,1,4
29552,8916,5,2,3
106832,8917,5,1,4
72272,8918,5,2,3
70296,8919,5,3,2
37664,8920,5,1,4
196312,8921,5,3,2
93912,8922,5,2,3
80112,8923,5,1,4
151832,8924,5,1,4
113656,8925,5,1,4
88768,8926,5,4,1
61016,8927,5,3,2
76224,8928,5,2,3
54832,8929,5,1,4
42496,8930,5,4,1
95680,8931,5,3,2
149256,8932,5,4,1
57296,8933,5,1,4
54480,8934,5,2,3
58376,8935,5,3,2
87160,8936,5,3,2
159496,8937,5,4,1
348384,8938,5,3,2
174712,8939,5,1,4
229344,8940,5,5,0
137104,8941,5,1,4
151584,8942,5,2,3
93240,8943,5,4,1
280568,8944,5,3,2
107744,8945,5,1,4
125088,8946,5,2,3
52112,8947,5,1,4
382184,8948,5,3,2
48200,8949,5,3,2
46256,8950,5,2,3
73240,8951,5,3,2
126584,8952,5,2,3
96704,8953,5,1,4
141840,8954,5,1,4
136336,8955,5,2,3
58080,8956,5,1,4
211424,8957,5,2,3
97936,8958,5,3,2
74408,8959,5,3,2
49592,8960,5,4,1
98896,8961,5,0,5
103880,8962,5,3,2
47656,8963,5,2,3
453200,8964,5,4,1
60416,8965,5,1,4
75576,8966,5,2,3
113176,8967,5,3,2
54464,8968,5,4,1
140336,8969,5,4,1
185944,8970,5,1,4
197112,8971,5,3,2
136080,8972,5,3,2
561592,8973,5,3,2
58648,8974,5,3,2
127256,8975,5,2,3
38328,8976,5,1,4
64712,8977,5,4,1
156104,8978,5,3,2
58224,8979,5,2,3
269024,8980,5,0,5
284280,8981,5,3,2
74328,8982,5,3,2
158536,8983,5,2,3
74704,8984,5,2,3
60464,8985,5,3,2
105960,8986,5,2,3
96600,8987,5,1,4
105640,8988,5,1,4
44624,8989,5,0,5
47728,8990,5,1,4
63128,8991,5,2,3
80992,8992,5,4,1
50848,8993,5,4,1
180560,8994,5,3,2
57096,8995,5,2,3
49960,8996,5,4,1
292344,8997,5,2,3
59008,8998,5,3,2
105064,8999,5,2,3
269888,9000,5,3,2
160888,9001,5,3,2
106648,9002,5,1,4
111392,9003,5,2,3
87168,9004,5,2,3
78608,9005,5,2,3
38512,9006,5,3,2
85392,9007,5,2,3
531432,9008,5,2,3
83008,9009,5,3,2
90392,9010,5,1,4
119968,9011,5,2,3
146032,9012,5,3,2
80552,9013,5,2,3
72616,9014,5,2,3
60112,9015,5,2,3
86800,9016,5,5,0
60144,9017,5,1,4
188856,9018,5,1,4
192368,9019,5,3,2
170328,9020,5,3,2
79760,9021,5,2,3
139648,9022,5,4,1
59528,9023,5,3,2
71160,9024,5,3,2
96256,9025,5,1,4
52128,9026,5,2,3
113264,9027,5,4,1
62400,9028,5,4,1
107304,9029,5,2,3
111696,9030,5,3,2
44248,9031,5,4,1
55496,9032,5,3,2
257192,9033,5,3,2
68144,9034,5,1,4
155592,9035,5,2,3
49184,9036,5,1,4
50528,9037,5,1,4
153856,9038,5,1,4
122008,9039,5,1,4
88144,9040,5,0,5
140936,9041,5,4,1
75256,9042,5,2,3
59696,9043,5,3,2
1134360,9044,5,2,3
142632,9045,5,1,4
91024,9046,5,3,2
94736,9047,5,2,3
162296,9048,5,4,1
42488,9049,5,3,2
79536,9050,5,4,1
104712,9051,5,3,2
71704,9052,5,1,4
148424,9053,5,2,3
138544,9054,5,4,1
87200,9055,5,3,2
92768,9056,5,2,3
117136,9057,5,2,3
95200,9058,5,1,4
96280,9059,5,3,2
115328,9060,5,2,3
43072,9061,5,2,3
47136,9062,5,4,1
295824,9063,5,2,3
126000,9064,5,3,2
69816,9065,5,3,2
38592,9066,5,3,2
140992,9067,5,2,3
70232,9068,5,3,2
88616,9069,5,2,3
34472,9070,5,4,1
46560,9071,5,4,1
107056,9072,5,2,3
35456,9073,5,3,2
122416,9074,5,3,2
67864,9075,5,3,2
53048,9076,5,2,3
61848,9077,5,1,4
77752,9078,5,1,4
188152,9079,5,5,0
79848,9080,5,1,4
116792,9081,5,4,1
47816,9082,5,4,1
92984,9083,5,4,1
122880,9084,5,4,1
66120,9085,5,1,4
83488,9086,5,2,3
93608,9087,5,3,2
66744,9088,5,2,3
67640,9089,5,1,4
39952,9090,5,2,3
175968,9091,5,0,5
75816,9092,5,4,1
42816,9093,5,2,3
115824,9094,5,4,1
143552,9095,5,2,3
103680,9096,5,3,2
120944,9097,5,2,3
66216,9098,5,5,0
109056,9099,5,3,2
223344,9100,5,2,3
73816,9101,5,2,3
135648,9102,5,2,3
80832,9103,5,1,4
54432,9104,5,4,1
47768,9105,5,3,2
265280,9106,5,1,4
144552,9107,5,2,3
218536,9108,5,2,3
112800,9109,5,2,3
26184,9110,5,2,3
50488,9111,5,3,2
124416,9112,5,3,2
199936,9113,5,2,3
83328,9114,5,3,2
735880,9115,5,3,2
58256,9116,5,4,1
41200,9117,5,2,3
52448,9118,5,4,1
49048,9119,5,3,2
55784,9120,5,3,2
71992,9121,5,1,4
39272,9122,5,1,4
162408,9123,5,2,3
111560,9124,5,1,4
51664,9125,5,2,3
167520,9126,5,3,2
214776,9127,5,2,3
55440,9128,5,2,3
98288,9129,5,3,2
88448,9130,5,2,3
56776,9131,5,2,3
45784,9132,5,0,5
211368,9133,5,1,4
177384,9134,5,2,3
66424,9135,5,1,4
51584,9136,5,3,2
45696,9137,5,3,2
55272,9138,5,4,1
146544,9139,5,3,2
75984,9140,5,3,2
48960,9141,5,1,4
89288,9142,5,1,4
56736,9143,5,2,3
168704,9144,5,3,2
115952,9145,5,1,4
72896,9146,5,4,1
855272,9147,5,2,3
179064,9148,5,3,2
71616,9149,5,3,2
34952,9150,5,3,2
137384,9151,5,4,1
107328,9152,5,3,2
43000,9153,5,1,4
55024,9154,5,2,3
30512,9155,5,1,4
60208,9156,5,4,1
61728,9157,5,4,1
154440,9158,5,3,2
128368,9159,5,2,3
141344,9160,5,2,3
118872,9161,5,4,1
97624,9162,5,3,2
112184,9163,5,3,2
91440,9164,5,4,1
68640,9165,5,1,4
153912,9166,5,2,3
66912,9167,5,2,3
122096,9168,5,4,1
61528,9169,5,2,3
172304,9170,5,3,2
53320,9171,5,4,1
50328,9172,5,3,2
46264,9173,5,1,4
944504,9174,5,3,2
63992,9175,5,2,3
125200,9176,5,2,3
72360,9177,5,4,1
291656,9178,5,4,1
32288,9179,5,2,3
57600,9180,5,4,1
157840,9181,5,2,3
149536,9182,5,2,3
56600,9183,5,1,4
111872,9184,5,3,2
371208,9185,5,3,2
105552,9186,5,1,4
82208,9187,5,3,2
73136,9188,5,1,4
73288,9189,5,3,2
217992,9190,5,0,5
94424,9191,5,3,2
103584,9192,5,2,3
45816,9193,5,2,3
191560,9194,5,3,2
56712,9195,5,3,2
58808,9196,5,4,1
66904,9197,5,1,4
82712,9198,5,3,2
52056,9199,5,3,2
26160,9200,5,2,3
78624,9201,5,2,3
68328,9202,5,4,1
103088,9203,5,2,3
74560,9204,5,4,1
135344,9205,5,4,1
78136,9206,5,3,2
50504,9207,5,3,2
75072,9208,5,3,2
66040,9209,5,2,3
64496,9210,5,3,2
64912,9211,5,3,2
225256,9212,5,1,4
120960,9213,5,3,2
70592,9214,5,3,2
129456,9215,5,4,1
135896,9216,5,4,1
106600,9217,5,1,4
105144,9218,5,3,2
80592,9219,5,3,2
64760,9220,5,2,3
116408,9221,5,2,3
237424,9222,5,0,5
54664,9223,5,3,2
75672,9224,5,3,2
42840,9225,5,3,2
140624,9226,5,3,2
250472,9227,5,5,0
166440,9228,5,3,2
98856,9229,5,1,4
63864,9230,5,2,3
44824,9231,5,3,2
32808,9232,5,1,4
130656,9233,5,4,1
259216,9234,5,0,5
58696,9235,5,1,4
92496,9236,5,3,2
130480,9237,5,3,2
241248,9238,5,4,1
259648,9239,5,2,3
28336,9240,5,1,4
84208,9241,5,3,2
239952,9242,5,1,4
151896,9243,5,3,2
146104,9244,5,4,1
140184,9245,5,1,4
46296,9246,5,0,5
59120,9247,5,3,2
175608,9248,5,2,3
116872,9249,5,4,1
369736,9250,5,1,4
56728,9251,5,2,3
52304,9252,5,4,1
134144,9253,5,3,2
69296,9254,5,2,3
426760,9255,5,3,2
215000,9256,5,3,2
104192,9257,5,1,4
136880,9258,5,3,2
44360,9259,5,2,3
67704,9260,5,3,2
120016,9261,5,4,1
60744,9262,5,2,3
84200,9263,5,2,3
372256,9264,5,1,4
67272,9265,5,3,2
106360,9266,5,3,2
54816,9267,5,3,2
107720,9268,5,2,3
53496,9269,5,4,1
224504,9270,5,2,3
57288,9271,5,3,2
119872,9272,5,3,2
44104,9273,5,4,1
192816,9274,5,3,2
105904,9275,5,3,2
112752,9276,5,2,3
126720,9277,5,2,3
373248,9278,5,5,0
233984,9279,5,1,4
178360,9280,5,2,3
110560,9281,5,3,2
40728,9282,5,5,0
211984,9283,5,2,3
311880,9284,5,3,2
123296,9285,5,1,4
517104,9286,5,3,2
114312,9287,5,2,3
161072,9288,5,1,4
170072,9289,5,2,3
105320,9290,5,3,2
162800,9291,5,2,3
63000,9292,5,3,2
296792,9293,5,2,3
171248,9294,5,3,2
1262320,9295,5,2,3
211792,9296,5,3,2
76824,9297,5,3,2
129592,9298,5,4,1
198104,9299,5,2,3
219712,9300,5,2,3
122336,9301,5,2,3
47216,9302,5,4,1
86552,9303,5,1,4
117592,9304,5,1,4
93056,9305,5,4,1
186616,9306,5,3,2
104384,9307,5,4,1
150864,9308,5,3,2
119736,9309,5,3,2
170392,9310,5,2,3
83208,9311,5,3,2
114320,9312,5,3,2
50448,9313,5,2,3
257184,9314,5,3,2
70256,9315,5,3,2
73528,9316,5,1,4
170552,9317,5,2,3
160456,9318,5,2,3
71376,9319,5,4,1
79968,9320,5,4,1
263280,9321,5,1,4
173632,9322,5,4,1
222064,9323,5,3,2
64368,9324,5,3,2
55176,9325,5,2,3
140216,9326,5,3,2
52424,9327,5,1,4
70432,9328,5,2,3
217656,9329,5,2,3
109272,9330,5,2,3
34656,9331,5,2,3
65128,9332,5,1,4
65784,9333,5,4,1
150760,9334,5,4,1
140488,9335,5,3,2
131368,9336,5,3,2
71776,9337,5,1,4
123816,9338,5,2,3
183768,9339,5,3,2
62088,9340,5,2,3
92048,9341,5,1,4
102760,9342,5,3,2
161096,9343,5,1,4
185968,9344,5,2,3
159200,9345,5,4,1
58384,9346,5,3,2
89672,9347,5,3,2
235136,9348,5,3,2
84840,9349,5,2,3
104760,9350,5,1,4
41640,9351,5,2,3
202032,9352,5,1,4
100024,9353,5,0,5
163352,9354,5,3,2
53704,9355,5,1,4
55304,9356,5,4,1
138760,9357,5,4,1
156728,9358,5,3,2
76456,9359,5,4,1
34944,9360,5,1,4
63200,9361,5,3,2
36192,9362,5,1,4
119896,9363,5,4,1
172216,9364,5,3,2
85360,9365,5,3,2
241536,9366,5,0,5
120920,9367,5,2,3
109448,9368,5,3,2
81944,9369,5,2,3
59808,9370,5,2,3
148552,9371,5,3,2
46272,9372,5,4,1
175824,9373,5,3,2
97256,9374,5,3,2
116608,9375,5,3,2
91824,9376,5,3,2
63032,9377,5,1,4
49944,9378,5,1,4
111368,9379,5,2,3
125160,9380,5,2,3
383848,9381,5,2,3
46824,9382,5,3,2
30896,9383,5,3,2
122456,9384,5,2,3
144904,9385,5,2,3
144264,9386,5,2,3
34856,9387,5,2,3
245008,9388,5,2,3
78304,9389,5,2,3
89136,9390,5,4,1
81920,9391,5,2,3
117088,9392,5,3,2
157368,9393,5,4,1
78144,9394,5,2,3
379328,9395,5,3,2
41416,9396,5,2,3
169032,9397,5,2,3
54264,9398,5,3,2
29328,9399,5,2,3
68536,9400,5,5,0
69720,9401,5,4,1
93720,9402,5,3,2
65168,9403,5,2,3
251584,9404,5,1,4
183160,9405,5,4,1
96944,9406,5,2,3
67088,9407,5,4,1
141720,9408,5,2,3
102264,9409,5,2,3
50192,9410,5,4,1
119264,9411,5,2,3
99272,9412,5,5,0
79056,9413,5,4,1
114600,9414,5,3,2
43920,9415,5,4,1
190912,9416,5,4,1
73160,9417,5,2,3
90304,9418,5,2,3
63904,9419,5,3,2
100944,9420,5,4,1
130400,9421,5,4,1
85304,9422,5,3,2
526328,9423,5,2,3
143936,9424,5,2,3
66600,9425,5,3,2
51312,9426,5,3,2
244856,9427,5,3,2
116320,9428,5,3,2
48768,9429,5,0,5
85976,9430,5,3,2
389616,9431,5,3,2
110128,9432,5,2,3
129680,9433,5,2,3
58688,9434,5,3,2
109256,9435,5,4,1
27440,9436,5,3,2
237328,9437,5,3,2
144608,9438,5,2,3
185992,9439,5,2,3
124264,9440,5,1,4
178552,9441,5,2,3
47368,9442,5,2,3
128800,9443,5,2,3
54936,9444,5,4,1
61040,9445,5,2,3
77336,9446,5,4,1
231880,9447,5,3,2
89560,9448,5,1,4
112960,9449,5,2,3
129712,9450,5,2,3
64256,9451,5,2,3
41864,9452,5,2,3
39512,9453,5,4,1
158272,9454,5,4,1
68776,9455,5,0,5
133064,9456,5,5,0
140368,9457,5,1,4
101648,9458,5,3,2
64264,9459,5,4,1
41584,9460,5,3,2
107368,9461,5,3,2
101136,9462,5,3,2
87208,9463,5,3,2
73296,9464,5,2,3
415376,9465,5,2,3
70880,9466,5,4,1
194280,9467,5,3,2
48008,9468,5,2,3
313344,9469,5,2,3
45048,9470,5,2,3
83096,9471,5,3,2
285944,9472,5,4,1
216336,9473,5,4,1
181064,9474,5,3,2
119528,9475,5,2,3
48936,9476,5,1,4
63856,9477,5,4,1
185520,9478,5,3,2
41480,9479,5,0,5
111568,9480,5,2,3
109136,9481,5,2,3
42384,9482,5,2,3
176448,9483,5,3,2
91744,9484,5,4,1
39048,9485,5,2,3
111288,9486,5,1,4
99496,9487,5,4,1
66328,9488,5,2,3
63296,9489,5,3,2
74344,9490,5,3,2
95752,9491,5,1,4
164904,9492,5,1,4
128920,9493,5,0,5
74176,9494,5,4,1
110488,9495,5,1,4
104680,9496,5,0,5
39344,9497,5,3,2
339520,9498,5,3,2
199576,9499,5,3,2
220440,9500,5,2,3
466352,9501,5,0,5
59848,9502,5,3,2
77472,9503,5,4,1
38760,9504,5,1,4
43720,9505,5,3,2
77928,9506,5,4,1
113552,9507,5,3,2
61232,9508,5,2,3
296584,9509,5,5,0
201776,9510,5,2,3
63104,9511,5,3,2
166080,9512,5,1,4
71912,9513,5,2,3
331856,9514,5,2,3
41440,9515,5,4,1
80264,9516,5,3,2
109088,9517,5,1,4
204096,9518,5,1,4
42808,9519,5,2,3
136824,9520,5,3,2
147712,9521,5,3,2
153688,9522,5,2,3
184992,9523,5,3,2
92680,9524,5,1,4
67600,9525,5,2,3
98760,9526,5,3,2
94880,9527,5,4,1
108832,9528,5,3,2
119224,9529,5,2,3
60176,9530,5,3,2
74120,9531,5,2,3
44888,9532,5,3,2
77672,9533,5,3,2
332480,9534,5,2,3
103120,9535,5,3,2
70440,9536,5,2,3
52320,9537,5,3,2
94832,9538,5,4,1
116160,9539,5,0,5
76672,9540,5,2,3
138872,9541,5,4,1
180664,9542,5,1,4
56176,9543,5,0,5
37328,9544,5,0,5
158120,9545,5,4,1
316216,9546,5,3,2
109232,9547,5,2,3
67728,9548,5,1,4
108344,9549,5,3,2
30520,9550,5,3,2
105392,9551,5,3,2
173056,9552,5,4,1
48504,9553,5,1,4
56744,9554,5,1,4
60512,9555,5,3,2
95952,9556,5,1,4
81360,9557,5,1,4
187296,9558,5,2,3
58016,9559,5,3,2
339960,9560,5,5,0
672008,9561,5,2,3
90992,9562,5,3,2
63720,9563,5,4,1
108504,9564,5,3,2
124112,9565,5,2,3
114504,9566,5,1,4
99488,9567,5,0,5
91584,9568,5,2,3
114936,9569,5,1,4
68032,9570,5,1,4
68600,9571,5,3,2
118392,9572,5,1,4
75320,9573,5,1,4
220544,9574,5,1,4
166760,9575,5,2,3
102568,9576,5,4,1
206816,9577,5,3,2
70856,9578,5,2,3
241688,9579,5,2,3
135616,9580,5,1,4
90896,9581,5,1,4
158176,9582,5,2,3
77064,9583,5,1,4
78000,9584,5,2,3
278976,9585,5,2,3
158384,9586,5,3,2
97800,9587,5,2,3
152608,9588,5,2,3
70072,9589,5,3,2
87496,9590,5,4,1
29672,9591,5,3,2
58968,9592,5,2,3
105336,9593,5,1,4
77144,9594,5,4,1
94112,9595,5,1,4
200496,9596,5,2,3
54376,9597,5,1,4
115776,9598,5,4,1
57760,9599,5,2,3
61904,9600,5,3,2
95664,9601,5,3,2
125400,9602,5,3,2
75224,9603,5,4,1
152728,9604,5,2,3
114880,9605,5,0,5
74976,9606,5,1,4
64568,9607,5,3,2
95856,9608,5,2,3
89296,9609,5,4,1
56464,9610,5,3,2
35288,9611,5,3,2
19008,9612,5,1,4
265776,9613,5,3,2
62624,9614,5,2,3
137320,9615,5,3,2
117464,9616,5,1,4
45344,9617,5,2,3
68264,9618,5,2,3
189312,9619,5,3,2
89304,9620,5,2,3
78920,9621,5,0,5
193272,9622,5,2,3
76832,9623,5,3,2
95992,9624,5,3,2
120776,9625,5,2,3
116472,9626,5,2,3
228224,9627,5,2,3
284656,9628,5,1,4
59920,9629,5,3,2
164560,9630,5,0,5
82384,9631,5,3,2
121736,9632,5,1,4
80168,9633,5,3,2
52240,9634,5,2,3
59352,9635,5,2,3
197088,9636,5,4,1
53352,9637,5,1,4
108752,9638,5,3,2
89432,9639,5,4,1
149976,9640,5,3,2
82680,9641,5,3,2
84080,9642,5,4,1
168296,9643,5,2,3
60040,9644,5,4,1
107000,9645,5,4,1
69160,9646,5,3,2
95248,9647,5,2,3
161192,9648,5,2,3
77824,9649,5,2,3
151184,9650,5,2,3
65976,9651,5,3,2
81464,9652,5,1,4
53360,9653,5,0,5
88608,9654,5,4,1
127680,9655,5,1,4
194072,9656,5,2,3
63408,9657,5,5,0
157224,9658,5,2,3
98160,9659,5,4,1
52592,9660,5,2,3
88024,9661,5,4,1
167184,9662,5,2,3
119880,9663,5,3,2
79288,9664,5,2,3
100776,9665,5,2,3
73192,9666,5,5,0
50728,9667,5,4,1
104232,9668,5,1,4
57256,9669,5,4,1
148712,9670,5,2,3
47424,9671,5,3,2
172576,9672,5,2,3
66584,9673,5,2,3
248592,9674,5,3,2
27680,9675,5,0,5
49952,9676,5,2,3
138272,9677,5,4,1
187216,9678,5,4,1
435192,9679,5,4,1
66592,9680,5,2,3
69696,9681,5,4,1
242968,9682,5,0,5
364800,9683,5,3,2
31768,9684,5,3,2
180352,9685,5,2,3
229840,9686,5,1,4
142728,9687,5,1,4
71440,9688,5,4,1
63688,9689,5,4,1
74464,9690,5,3,2
76080,9691,5,2,3
51656,9692,5,4,1
51440,9693,5,3,2
144920,9694,5,4,1
36184,9695,5,3,2
84288,9696,5,3,2
78952,9697,5,2,3
161648,9698,5,3,2
70680,9699,5,4,1
250352,9700,5,2,3
22136,9701,5,1,4
159448,9702,5,3,2
249040,9703,5,2,3
109576,9704,5,3,2
75792,9705,5,2,3
37264,9706,5,4,1
139912,9707,5,1,4
400240,9708,5,3,2
102496,9709,5,3,2
62336,9710,5,3,2
98600,9711,5,1,4
66704,9712,5,0,5
156544,9713,5,1,4
90400,9714,5,4,1
124944,9715,5,3,2
64112,9716,5,4,1
144832,9717,5,4,1
117736,9718,5,5,0
94864,9719,5,4,1
208416,9720,5,1,4
137992,9721,5,3,2
43744,9722,5,2,3
80744,9723,5,4,1
432688,9724,5,3,2
38160,9725,5,2,3
72856,9726,5,2,3
154640,9727,5,4,1
86616,9728,5,1,4
30536,9729,5,3,2
115712,9730,5,1,4
68872,9731,5,1,4
72976,9732,5,4,1
98688,9733,5,3,2
99568,9734,5,4,1
69192,9735,5,5,0
48448,9736,5,4,1
78880,9737,5,2,3
63832,9738,5,3,2
85656,9739,5,1,4
57896,9740,5,2,3
499000,9741,5,3,2
138848,9742,5,3,2
69504,9743,5,4,1
233584,9744,5,1,4
68832,9745,5,2,3
220072,9746,5,3,2
45912,9747,5,3,2
96904,9748,5,3,2
83768,9749,5,4,1
71976,9750,5,2,3
55032,9751,5,1,4
69704,9752,5,3,2
81664,9753,5,3,2
235104,9754,5,2,3
101736,9755,5,4,1
25304,9756,5,1,4
135864,9757,5,0,5
173944,9758,5,2,3
101192,9759,5,3,2
85928,9760,5,4,1
145488,9761,5,2,3
60960,9762,5,3,2
63280,9763,5,2,3
150880,9764,5,4,1
90472,9765,5,3,2
60872,9766,5,3,2
150696,9767,5,2,3
87976,9768,5,2,3
92576,9769,5,3,2
82104,9770,5,2,3
75128,9771,5,3,2
161320,9772,5,4,1
147984,9773,5,3,2
218552,9774,5,4,1
175312,9775,5,4,1
112992,9776,5,3,2
125080,9777,5,3,2
93256,9778,5,4,1
247536,9779,5,2,3
106728,9780,5,2,3
181912,9781,5,3,2
118832,9782,5,2,3
174600,9783,5,3,2
177008,9784,5,3,2
255232,9785,5,2,3
92096,9786,5,4,1
192440,9787,5,3,2
57544,9788,5,3,2
48904,9789,5,1,4
78016,9790,5,3,2
49808,9791,5,3,2
54952,9792,5,2,3
170168,9793,5,0,5
56256,9794,5,3,2
40832,9795,5,1,4
67216,9796,5,2,3
62680,9797,5,3,2
137296,9798,5,1,4
69136,9799,5,2,3
61320,9800,5,1,4
78064,9801,5,1,4
179112,9802,5,2,3
40936,9803,5,3,2
222160,9804,5,2,3
48696,9805,5,2,3
163816,9806,5,0,5
97040,9807,5,0,5
241800,9808,5,2,3
89968,9809,5,1,4
96688,9810,5,3,2
92456,9811,5,4,1
634128,9812,5,3,2
40888,9813,5,3,2
133968,9814,5,1,4
242184,9815,5,3,2
847344,9816,5,3,2
91784,9817,5,2,3
453512,9818,5,4,1
138728,9819,5,2,3
68976,9820,5,4,1
55264,9821,5,4,1
445272,9822,5,5,0
152296,9823,5,2,3
64728,9824,5,2,3
44304,9825,5,2,3
48848,9826,5,3,2
140376,9827,5,3,2
215048,9828,5,4,1
94328,9829,5,2,3
62096,9830,5,3,2
28872,9831,5,4,1
91528,9832,5,2,3
59592,9833,5,2,3
48224,9834,5,3,2
110008,9835,5,0,5
78536,9836,5,3,2
144448,9837,5,3,2
635624,9838,5,3,2
103536,9839,5,3,2
162264,9840,5,2,3
477264,9841,5,3,2
85048,9842,5,3,2
155912,9843,5,2,3
222680,9844,5,3,2
445432,9845,5,2,3
137360,9846,5,2,3
77360,9847,5,3,2
62384,9848,5,3,2
96056,9849,5,2,3
84376,9850,5,0,5
54560,9851,5,4,1
163176,9852,5,4,1
49008,9853,5,4,1
74040,9854,5,2,3
249752,9855,5,1,4
38544,9856,5,1,4
245752,9857,5,3,2
122304,9858,5,2,3
229688,9859,5,2,3
225904,9860,5,2,3
138288,9861,5,4,1
101072,9862,5,1,4
71624,9863,5,2,3
79040,9864,5,5,0
90376,9865,5,2,3
224928,9866,5,3,2
204848,9867,5,2,3
95696,9868,5,2,3
43240,9869,5,1,4
90792,9870,5,3,2
772448,9871,5,3,2
169904,9872,5,2,3
152232,9873,5,4,1
45840,9874,5,2,3
91696,9875,5,2,3
54248,9876,5,2,3
82704,9877,5,2,3
117072,9878,5,4,1
154040,9879,5,2,3
64872,9880,5,3,2
92792,9881,5,4,1
55720,9882,5,3,2
92872,9883,5,3,2
57488,9884,5,2,3
138768,9885,5,1,4
346512,9886,5,2,3
76680,9887,5,3,2
79608,9888,5,0,5
287328,9889,5,4,1
109168,9890,5,3,2
57832,9891,5,3,2
620592,9892,5,3,2
142752,9893,5,4,1
43848,9894,5,4,1
63736,9895,5,4,1
191248,9896,5,3,2
118952,9897,5,3,2
58736,9898,5,2,3
63552,9899,5,2,3
168840,9900,5,1,4
40360,9901,5,3,2
148000,9902,5,5,0
73928,9903,5,2,3
93848,9904,5,2,3
53728,9905,5,3,2
216144,9906,5,3,2
32728,9907,5,1,4
95144,9908,5,3,2
32328,9909,5,2,3
45488,9910,5,1,4
145424,9911,5,2,3
57160,9912,5,2,3
109864,9913,5,3,2
65048,9914,5,4,1
27472,9915,5,4,1
243952,9916,5,1,4
53936,9917,5,4,1
207952,9918,5,4,1
96512,9919,5,3,2
74232,9920,5,3,2
79872,9921,5,3,2
124144,9922,5,2,3
144616,9923,5,1,4
132640,9924,5,2,3
323312,9925,5,1,4
61832,9926,5,2,3
124696,9927,5,2,3
59296,9928,5,0,5
114272,9929,5,2,3
160176,9930,5,1,4
311752,9931,5,2,3
114656,9932,5,3,2
175544,9933,5,1,4
134192,9934,5,2,3
62464,9935,5,4,1
67960,9936,5,1,4
103736,9937,5,3,2
72224,9938,5,1,4
52144,9939,5,4,1
190544,9940,5,1,4
59472,9941,5,3,2
38136,9942,5,4,1
158832,9943,5,2,3
83800,9944,5,1,4
50288,9945,5,4,1
173240,9946,5,1,4
77160,9947,5,3,2
110080,9948,5,1,4
160816,9949,5,2,3
156504,9950,5,4,1
41104,9951,5,0,5
100496,9952,5,4,1
335168,9953,5,3,2
194944,9954,5,4,1
117224,9955,5,4,1
48680,9956,5,2,3
249216,9957,5,2,3
64136,9958,5,1,4
50496,9959,5,3,2
247296,9960,5,3,2
138992,9961,5,1,4
268672,9962,5,3,2
235456,9963,5,3,2
36384,9964,5,3,2
52072,9965,5,2,3
211432,9966,5,1,4
108176,9967,5,4,1
41856,9968,5,2,3
47608,9969,5,3,2
72480,9970,5,4,1
120888,9971,5,1,4
73304,9972,5,4,1
214544,9973,5,4,1
196912,9974,5,2,3
134448,9975,5,2,3
83144,9976,5,4,1
100784,9977,5,1,4
75176,9978,5,4,1
27872,9979,5,3,2
34808,9980,5,3,2
60376,9981,5,2,3
158456,9982,5,3,2
198920,9983,5,1,4
359480,9984,5,2,3
224144,9985,5,2,3
291288,9986,5,2,3
47328,9987,5,3,2
266216,9988,5,1,4
167376,9989,5,3,2
175304,9990,5,3,2
78520,9991,5,3,2
48992,9992,5,2,3
67416,9993,5,3,2
183080,9994,5,3,2
161624,9995,5,3,2
61304,9996,5,1,4
178800,9997,5,4,1
131640,9998,5,5,0
69952,9999,5,0,5
102216,10000,5,2,3
72888,10001,5,5,0
174360,10002,5,3,2
170624,10003,5,2,3
96968,10004,5,1,4
94480,10005,5,0,5
74336,10006,5,3,2
100504,10007,5,3,2
185264,10008,5,3,2
23256,10009,5,2,3
48096,10010,5,4,1
62232,10011,5,1,4
93896,10012,5,2,3
74384,10013,5,4,1
94840,10014,5,2,3
124424,10015,5,1,4
71224,10016,5,2,3
65744,10017,5,2,3
159656,10018,5,1,4
315256,10019,5,2,3
146128,10020,5,2,3
185912,10021,5,3,2
98640,10022,5,2,3
67528,10023,5,2,3
62296,10024,5,2,3
41904,10025,5,3,2
99176,10026,5,4,1
58592,10027,5,2,3
115024,10028,5,4,1
220032,10029,5,2,3
259448,10030,5,1,4
72568,10031,5,2,3
196568,10032,5,4,1
182296,10033,5,2,3
100392,10034,5,4,1
212600,10035,5,2,3
138904,10036,5,0,5
124072,10037,5,3,2
70624,10038,5,2,3
57464,10039,5,1,4
127504,10040,5,4,1
147464,10041,5,0,5
245120,10042,5,2,3
59024,10043,5,3,2
142104,10044,5,4,1
402504,10045,5,1,4
276280,10046,5,3,2
41784,10047,5,2,3
95872,10048,5,2,3
72376,10049,5,4,1
72672,10050,5,2,3
41448,10051,5,4,1
58728,10052,5,0,5
149776,10053,5,4,1
116392,10054,5,3,2
234768,10055,5,3,2
101392,10056,5,3,2
50920,10057,5,4,1
63024,10058,5,3,2
42784,10059,5,3,2
100696,10060,5,2,3
128064,10061,5,4,1
553304,10062,5,2,3
410296,10063,5,2,3
212744,10064,5,1,4
267512,10065,5,1,4
186416,10066,5,3,2
354320,10067,5,2,3
178112,10068,5,3,2
91168,10069,5,4,1
45904,10070,5,2,3
83176,10071,5,1,4
103544,10072,5,2,3
33016,10073,5,2,3
87488,10074,5,2,3
86104,10075,5,3,2
82952,10076,5,1,4
78752,10077,5,4,1
171120,10078,5,2,3
262312,10079,5,2,3
170504,10080,5,3,2
205464,10081,5,1,4
1818520,10082,5,3,2
57936,10083,5,4,1
181144,10084,5,4,1
329208,10085,5,2,3
155496,10086,5,5,0
91296,10087,5,2,3
80856,10088,5,2,3
485248,10089,5,0,5
50336,10090,5,2,3
172880,10091,5,4,1
27432,10092,5,2,3
81160,10093,5,3,2
56088,10094,5,2,3
56672,10095,5,3,2
40144,10096,5,3,2
48208,10097,5,3,2
107472,10098,5,2,3
120728,10099,5,1,4
57744,10100,5,2,3
124544,10101,5,2,3
51024,10102,5,4,1
222256,10103,5,1,4
191832,10104,5,2,3
102968,10105,5,0,5
66184,10106,5,0,5
109696,10107,5,2,3
77704,10108,5,2,3
344320,10109,5,4,1
675256,10110,5,4,1
76936,10111,5,3,2
58456,10112,5,2,3
105752,10113,5,1,4
178416,10114,5,2,3
63536,10115,5,3,2
85128,10116,5,3,2
162904,10117,5,1,4
94472,10118,5,2,3
133112,10119,5,2,3
222192,10120,5,5,0
75600,10121,5,2,3
62816,10122,5,2,3
95592,10123,5,3,2
58344,10124,5,1,4
69800,10125,5,2,3
46816,10126,5,1,4
81480,10127,5,4,1
213024,10128,5,1,4
102296,10129,5,4,1
194400,10130,5,0,5
256288,10131,5,0,5
430608,10132,5,1,4
60224,10133,5,2,3
113688,10134,5,3,2
95056,10135,5,2,3
138464,10136,5,2,3
153280,10137,5,1,4
85488,10138,5,3,2
43984,10139,5,1,4
203056,10140,5,2,3
106672,10141,5,3,2
36520,10142,5,1,4
293072,10143,5,2,3
154536,10144,5,5,0
79176,10145,5,2,3
83656,10146,5,4,1
138000,10147,5,2,3
108544,10148,5,4,1
325240,10149,5,2,3
89208,10150,5,3,2
55736,10151,5,4,1
71064,10152,5,1,4
44112,10153,5,3,2
101872,10154,5,3,2
288216,10155,5,2,3
48248,10156,5,3,2
117928,10157,5,2,3
35896,10158,5,3,2
115208,10159,5,2,3
71368,10160,5,3,2
181008,10161,5,3,2
78560,10162,5,4,1
67928,10163,5,4,1
82472,10164,5,4,1
292120,10165,5,2,3
352464,10166,5,2,3
395768,10167,5,2,3
84448,10168,5,1,4
229032,10169,5,3,2
205640,10170,5,4,1
102152,10171,5,3,2
41464,10172,5,2,3
46376,10173,5,2,3
227192,10174,5,4,1
91872,10175,5,2,3
80008,10176,5,2,3
110592,10177,5,3,2
109712,10178,5,3,2
100432,10179,5,1,4
77088,10180,5,3,2
41984,10181,5,2,3
44336,10182,5,4,1
135512,10183,5,2,3
66656,10184,5,3,2
54120,10185,5,3,2
149072,10186,5,3,2
118592,10187,5,2,3
72312,10188,5,3,2
64160,10189,5,4,1
33144,10190,5,2,3
169600,10191,5,3,2
103656,10192,5,1,4
82960,10193,5,3,2
91416,10194,5,2,3
217464,10195,5,2,3
98376,10196,5,2,3
100080,10197,5,3,2
174136,10198,5,2,3
267968,10199,5,2,3
62824,10200,5,3,2
241080,10201,5,1,4
190688,10202,5,2,3
36320,10203,5,3,2
60728,10204,5,1,4
147448,10205,5,1,4
112472,10206,5,2,3
68104,10207,5,2,3
206624,10208,5,3,2
57952,10209,5,2,3
74544,10210,5,3,2
144936,10211,5,1,4
46632,10212,5,3,2
140928,10213,5,3,2
137280,10214,5,2,3
56536,10215,5,2,3
90912,10216,5,4,1
322056,10217,5,4,1
49688,10218,5,2,3
164768,10219,5,2,3
49368,10220,5,1,4
87416,10221,5,3,2
92064,10222,5,5,0
103696,10223,5,3,2
95600,10224,5,0,5
82528,10225,5,2,3
185304,10226,5,2,3
99736,10227,5,1,4
122072,10228,5,2,3
42280,10229,5,2,3
146464,10230,5,3,2
244088,10231,5,3,2
145640,10232,5,3,2
73616,10233,5,2,3
133056,10234,5,2,3
51048,10235,5,2,3
178496,10236,5,2,3
42696,10237,5,2,3
345192,10238,5,5,0
31352,10239,5,2,3
158496,10240,5,1,4
64392,10241,5,3,2
48264,10242,5,4,1
235240,10243,5,2,3
69424,10244,5,4,1
97896,10245,5,3,2
127144,10246,5,3,2
29800,10247,5,2,3
44024,10248,5,3,2
244048,10249,5,3,2
175936,10250,5,3,2
123304,10251,5,2,3
93472,10252,5,3,2
80184,10253,5,2,3
207120,10254,5,3,2
105208,10255,5,3,2
144352,10256,5,3,2
59240,10257,5,2,3
57680,10258,5,3,2
98136,10259,5,3,2
47400,10260,5,4,1
113136,10261,5,2,3
72320,10262,5,1,4
208400,10263,5,3,2
126176,10264,5,1,4
511984,10265,5,3,2
115376,10266,5,5,0
268792,10267,5,4,1
139688,10268,5,3,2
81624,10269,5,2,3
187760,10270,5,1,4
35216,10271,5,0,5
116616,10272,5,5,0
252376,10273,5,2,3
119160,10274,5,3,2
82616,10275,5,2,3
167016,10276,5,1,4
160648,10277,5,2,3
137040,10278,5,2,3
197160,10279,5,2,3
121616,10280,5,2,3
151704,10281,5,2,3
59144,10282,5,2,3
200976,10283,5,2,3
85856,10284,5,3,2
107912,10285,5,2,3
204600,10286,5,2,3
130264,10287,5,2,3
121320,10288,5,1,4
105272,10289,5,0,5
108360,10290,5,0,5
58832,10291,5,4,1
73328,10292,5,5,0
40080,10293,5,0,5
206376,10294,5,3,2
179936,10295,5,1,4
128928,10296,5,1,4
81368,10297,5,3,2
286856,10298,5,1,4
91344,10299,5,3,2
336280,10300,5,2,3
76368,10301,5,5,0
129760,10302,5,3,2
153976,10303,5,2,3
57360,10304,5,2,3
32352,10305,5,3,2
92800,10306,5,2,3
44136,10307,5,1,4
90488,10308,5,4,1
484216,10309,5,3,2
27552,10310,5,4,1
74968,10311,5,3,2
71960,10312,5,1,4
69096,10313,5,2,3
65760,10314,5,3,2
166224,10315,5,2,3
207408,10316,5,3,2
55160,10317,5,2,3
375880,10318,5,3,2
53304,10319,5,3,2
126824,10320,5,4,1
100120,10321,5,3,2
155568,10322,5,4,1
71744,10323,5,2,3
43088,10324,5,3,2
127336,10325,5,3,2
108952,10326,5,2,3
67856,10327,5,1,4
64232,10328,5,1,4
287952,10329,5,2,3
160928,10330,5,2,3
87568,10331,5,2,3
78984,10332,5,3,2
152424,10333,5,3,2
50176,10334,5,3,2
93960,10335,5,2,3
120080,10336,5,0,5
192560,10337,5,3,2
75968,10338,5,1,4
26928,10339,5,4,1
90336,10340,5,4,1
118032,10341,5,3,2
62728,10342,5,2,3
148232,10343,5,3,2
102600,10344,5,2,3
60880,10345,5,4,1
111728,10346,5,1,4
22040,10347,5,2,3
135224,10348,5,1,4
68304,10349,5,1,4
100352,10350,5,2,3
89080,10351,5,3,2
230648,10352,5,2,3
83104,10353,5,3,2
65360,10354,5,3,2
121304,10355,5,2,3
99464,10356,5,3,2
191624,10357,5,4,1
69352,10358,5,2,3
91464,10359,5,3,2
77952,10360,5,0,5
500344,10361,5,1,4
49256,10362,5,1,4
62480,10363,5,5,0
193448,10364,5,3,2
80152,10365,5,2,3
80040,10366,5,2,3
163544,10367,5,2,3
45864,10368,5,2,3
99976,10369,5,3,2
127080,10370,5,4,1
85008,10371,5,2,3
75752,10372,5,2,3
49480,10373,5,2,3
82304,10374,5,0,5
32368,10375,5,1,4
152392,10376,5,2,3
154376,10377,5,3,2
79184,10378,5,3,2
323176,10379,5,4,1
147352,10380,5,2,3
345720,10381,5,2,3
90448,10382,5,1,4
234336,10383,5,2,3
201888,10384,5,3,2
35400,10385,5,4,1
103912,10386,5,3,2
156600,10387,5,3,2
170944,10388,5,2,3
314504,10389,5,2,3
67296,10390,5,3,2
103552,10391,5,2,3
77288,10392,5,2,3
57704,10393,5,3,2
60080,10394,5,4,1
103280,10395,5,1,4
44320,10396,5,4,1
143912,10397,5,1,4
152504,10398,5,4,1
83392,10399,5,2,3
124472,10400,5,2,3
77992,10401,5,2,3
74848,10402,5,3,2
89056,10403,5,1,4
50104,10404,5,1,4
75520,10405,5,3,2
55256,10406,5,2,3
218288,10407,5,2,3
26896,10408,5,5,0
162896,10409,5,2,3
121256,10410,5,1,4
88424,10411,5,3,2
282176,10412,5,2,3
73088,10413,5,2,3
928544,10414,5,2,3
101320,10415,5,3,2
114624,10416,4,1,3
171592,10417,4,3,1
100200,10418,4,1,3
132040,10419,4,3,1
363408,10420,4,2,2
297968,10421,4,0,4
167624,10422,4,1,3
52104,10423,4,1,3
643264,10424,4,2,2
150208,10425,4,1,3
182880,10426,4,3,1
118424,10427,4,2,2
74448,10428,4,2,2
62984,10429,4,0,4
295168,10430,4,3,1
102608,10431,4,2,2
108928,10432,4,0,4
361784,10433,4,3,1
360536,10434,4,3,1
131296,10435,4,3,1
195648,10436,4,1,3
61592,10437,4,1,3
80456,10438,4,2,2
165208,10439,4,4,0
85584,10440,4,2,2
118128,10441,4,3,1
125720,10442,4,1,3
228096,10443,4,1,3
85992,10444,4,3,1
538400,10445,4,2,2
235872,10446,4,1,3
811432,10447,4,1,3
81936,10448,4,1,3
163168,10449,4,2,2
48296,10450,4,3,1
87296,10451,4,2,2
94888,10452,4,3,1
120224,10453,4,2,2
36056,10454,4,2,2
141176,10455,4,2,2
91592,10456,4,1,3
213864,10457,4,2,2
100680,10458,4,2,2
36968,10459,4,2,2
47096,10460,4,3,1
230760,10461,4,2,2
94960,10462,4,3,1
574864,10463,4,3,1
163968,10464,4,2,2
183264,10465,4,3,1
212856,10466,4,2,2
63312,10467,4,4,0
104152,10468,4,2,2
94808,10469,4,0,4
88984,10470,4,3,1
373896,10471,4,3,1
61480,10472,4,0,4
96224,10473,4,3,1
287520,10474,4,2,2
108552,10475,4,2,2
63264,10476,4,2,2
109432,10477,4,3,1
170544,10478,4,3,1
87112,10479,4,4,0
172776,10480,4,1,3
117400,10481,4,2,2
1435192,10482,4,3,1
72936,10483,4,2,2
314176,10484,4,1,3
102112,10485,4,1,3
338928,10486,4,2,2
167768,10487,4,3,1
784976,10488,4,2,2
2306984,10489,4,3,1
300368,10490,4,2,2
349488,10491,4,1,3
236696,10492,4,2,2
142208,10493,4,4,0
54680,10494,4,2,2
254576,10495,4,2,2
456648,10496,4,3,1
385800,10497,4,3,1
45680,10498,4,2,2
41544,10499,4,1,3
103264,10500,4,2,2
123328,10501,4,1,3
128232,10502,4,1,3
151568,10503,4,2,2
63320,10504,4,3,1
173192,10505,4,1,3
481240,10506,4,1,3
62032,10507,4,2,2
103568,10508,4,2,2
117616,10509,4,1,3
91184,10510,4,2,2
135920,10511,4,3,1
135968,10512,4,1,3
74672,10513,4,2,2
29784,10514,4,2,2
285312,10515,4,3,1
195880,10516,4,2,2
35080,10517,4,0,4
162288,10518,4,3,1
42672,10519,4,1,3
200240,10520,4,3,1
206280,10521,4,2,2
196024,10522,4,2,2
283072,10523,4,2,2
54840,10524,4,1,3
84184,10525,4,4,0
151368,10526,4,0,4
192760,10527,4,3,1
57960,10528,4,2,2
168240,10529,4,1,3
241624,10530,4,2,2
163120,10531,4,0,4
101256,10532,4,2,2
90408,10533,4,1,3
89904,10534,4,2,2
252968,10535,4,2,2
65792,10536,4,3,1
489144,10537,4,2,2
128840,10538,4,3,1
108256,10539,4,2,2
86040,10540,4,1,3
119952,10541,4,0,4
119808,10542,4,3,1
247872,10543,4,2,2
92656,10544,4,3,1
604176,10545,4,0,4
106864,10546,4,1,3
106408,10547,4,3,1
64784,10548,4,0,4
144800,10549,4,2,2
443856,10550,4,3,1
444464,10551,4,1,3
100176,10552,4,1,3
198312,10553,4,1,3
149616,10554,4,3,1
115760,10555,4,1,3
139000,10556,4,2,2
377872,10557,4,2,2
111424,10558,4,2,2
87784,10559,4,1,3
168600,10560,4,3,1
106240,10561,4,1,3
555848,10562,4,3,1
105056,10563,4,3,1
90800,10564,4,0,4
77272,10565,4,2,2
234568,10566,4,3,1
79088,10567,4,3,1
47224,10568,4,2,2
96352,10569,4,2,2
147000,10570,4,0,4
261176,10571,4,2,2
52064,10572,4,2,2
89752,10573,4,3,1
114064,10574,4,2,2
129904,10575,4,1,3
155776,10576,4,3,1
149024,10577,4,1,3
81856,10578,4,2,2
202200,10579,4,1,3
126320,10580,4,2,2
327104,10581,4,1,3
72512,10582,4,3,1
197056,10583,4,4,0
61856,10584,4,1,3
88288,10585,4,2,2
160560,10586,4,2,2
187904,10587,4,2,2
240656,10588,4,2,2
148784,10589,4,1,3
46576,10590,4,1,3
99328,10591,4,1,3
145840,10592,4,1,3
109976,10593,4,1,3
84904,10594,4,1,3
316408,10595,4,2,2
47848,10596,4,1,3
297776,10597,4,1,3
117424,10598,4,2,2
115544,10599,4,1,3
36752,10600,4,2,2
541248,10601,4,2,2
160624,10602,4,1,3
300224,10603,4,4,0
256176,10604,4,1,3
97960,10605,4,1,3
185624,10606,4,2,2
84616,10607,4,1,3
115120,10608,4,1,3
588224,10609,4,1,3
153256,10610,4,2,2
174072,10611,4,2,2
194984,10612,4,1,3
214216,10613,4,2,2
125480,10614,4,2,2
146664,10615,4,2,2
83456,10616,4,3,1
60680,10617,4,0,4
99904,10618,4,3,1
489640,10619,4,2,2
94072,10620,4,2,2
52352,10621,4,0,4
52888,10622,4,3,1
111280,10623,4,0,4
186832,10624,4,1,3
374344,10625,4,2,2
57536,10626,4,2,2
164512,10627,4,2,2
120928,10628,4,1,3
190680,10629,4,2,2
86352,10630,4,1,3
128656,10631,4,3,1
226112,10632,4,3,1
131832,10633,4,2,2
135856,10634,4,3,1
233688,10635,4,0,4
290312,10636,4,1,3
130976,10637,4,2,2
107808,10638,4,3,1
41528,10639,4,2,2
328880,10640,4,3,1
180176,10641,4,0,4
214880,10642,4,3,1
77792,10643,4,2,2
35832,10644,4,1,3
92616,10645,4,2,2
157624,10646,4,2,2
614584,10647,4,0,4
216288,10648,4,2,2
187336,10649,4,3,1
178368,10650,4,3,1
87504,10651,4,2,2
71056,10652,4,2,2
71680,10653,4,3,1
382504,10654,4,1,3
288416,10655,4,1,3
82520,10656,4,4,0
84072,10657,4,1,3
128856,10658,4,2,2
64840,10659,4,0,4
164808,10660,4,3,1
142800,10661,4,3,1
252056,10662,4,2,2
423504,10663,4,2,2
60168,10664,4,3,1
47928,10665,4,2,2
171656,10666,4,2,2
152024,10667,4,1,3
205408,10668,4,2,2
131824,10669,4,3,1
93568,10670,4,2,2
51280,10671,4,0,4
89872,10672,4,1,3
50880,10673,4,2,2
96696,10674,4,1,3
439984,10675,4,3,1
834288,10676,4,2,2
1448856,10677,4,2,2
136040,10678,4,1,3
97080,10679,4,2,2
597576,10680,4,1,3
107192,10681,4,2,2
135056,10682,4,3,1
155792,10683,4,1,3
334840,10684,4,3,1
71720,10685,4,2,2
103016,10686,4,2,2
254080,10687,4,2,2
106064,10688,4,3,1
157992,10689,4,2,2
266312,10690,4,2,2
39200,10691,4,1,3
105976,10692,4,2,2
81016,10693,4,4,0
190592,10694,4,2,2
189696,10695,4,0,4
76784,10696,4,2,2
174656,10697,4,1,3
187744,10698,4,4,0
189528,10699,4,2,2
403048,10700,4,3,1
91552,10701,4,0,4
65632,10702,4,1,3
53080,10703,4,3,1
238096,10704,4,2,2
58128,10705,4,3,1
187672,10706,4,2,2
119048,10707,4,3,1
70848,10708,4,3,1
156376,10709,4,4,0
201688,10710,4,1,3
132816,10711,4,1,3
211024,10712,4,2,2
268512,10713,4,1,3
334048,10714,4,3,1
124928,10715,4,3,1
407840,10716,4,2,2
139400,10717,4,2,2
55928,10718,4,2,2
776800,10719,4,1,3
116056,10720,4,2,2
146944,10721,4,1,3
374960,10722,4,1,3
63512,10723,4,3,1
127416,10724,4,2,2
129168,10725,4,2,2
63368,10726,4,3,1
113200,10727,4,2,2
121888,10728,4,1,3
194848,10729,4,2,2
116176,10730,4,3,1
219376,10731,4,3,1
235128,10732,4,1,3
221096,10733,4,1,3
3583072,10734,4,3,1
202056,10735,4,2,2
67440,10736,4,2,2
303800,10737,4,4,0
149352,10738,4,1,3
70776,10739,4,3,1
215768,10740,4,3,1
247552,10741,4,1,3
64456,10742,4,2,2
122432,10743,4,2,2
123280,10744,4,3,1
63504,10745,4,2,2
95000,10746,4,1,3
318992,10747,4,3,1
545296,10748,4,2,2
230800,10749,4,4,0
195320,10750,4,3,1
116808,10751,4,3,1
334712,10752,4,2,2
106976,10753,4,2,2
151288,10754,4,2,2
119784,10755,4,1,3
618688,10756,4,1,3
130352,10757,4,1,3
76192,10758,4,2,2
262256,10759,4,3,1
69392,10760,4,2,2
132168,10761,4,4,0
79912,10762,4,2,2
127104,10763,4,1,3
109264,10764,4,2,2
55488,10765,4,1,3
222264,10766,4,3,1
124872,10767,4,2,2
48328,10768,4,1,3
117832,10769,4,3,1
73432,10770,4,3,1
58880,10771,4,1,3
64576,10772,4,2,2
152840,10773,4,2,2
36360,10774,4,1,3
152984,10775,4,2,2
50608,10776,4,1,3
84416,10777,4,2,2
158712,10778,4,1,3
56752,10779,4,2,2
83944,10780,4,3,1
154792,10781,4,3,1
44440,10782,4,0,4
253208,10783,4,1,3
127928,10784,4,2,2
265056,10785,4,2,2
47384,10786,4,0,4
75664,10787,4,4,0
67152,10788,4,2,2
289664,10789,4,3,1
294288,10790,4,1,3
46848,10791,4,1,3
190224,10792,4,2,2
305768,10793,4,2,2
74320,10794,4,3,1
123848,10795,4,3,1
91280,10796,4,3,1
83544,10797,4,3,1
113104,10798,4,1,3
47808,10799,4,2,2
77328,10800,4,2,2
488984,10801,4,2,2
112984,10802,4,3,1
95456,10803,4,2,2
108888,10804,4,2,2
96680,10805,4,3,1
214424,10806,4,2,2
194872,10807,4,3,1
142520,10808,4,3,1
130448,10809,4,2,2
145648,10810,4,3,1
208552,10811,4,3,1
346608,10812,4,1,3
55552,10813,4,2,2
47288,10814,4,2,2
103104,10815,4,3,1
133400,10816,4,1,3
97144,10817,4,3,1
2127328,10818,4,3,1
124504,10819,4,2,2
107752,10820,4,2,2
194680,10821,4,2,2
238680,10822,4,1,3
175992,10823,4,3,1
256456,10824,4,2,2
43896,10825,4,1,3
76560,10826,4,2,2
178352,10827,4,0,4
121800,10828,4,2,2
185432,10829,4,0,4
180584,10830,4,3,1
132288,10831,4,2,2
44976,10832,4,2,2
57840,10833,4,2,2
110424,10834,4,4,0
276968,10835,4,2,2
72456,10836,4,2,2
85576,10837,4,1,3
356312,10838,4,2,2
76120,10839,4,3,1
85800,10840,4,2,2
134680,10841,4,2,2
157096,10842,4,2,2
115304,10843,4,3,1
270008,10844,4,2,2
71608,10845,4,3,1
829480,10846,4,2,2
69208,10847,4,1,3
185240,10848,4,3,1
59816,10849,4,1,3
86544,10850,4,3,1
109552,10851,4,1,3
104496,10852,4,1,3
262736,10853,4,4,0
157056,10854,4,1,3
174496,10855,4,1,3
247880,10856,4,3,1
460640,10857,4,0,4
174408,10858,4,3,1
110136,10859,4,3,1
68184,10860,4,2,2
106584,10861,4,3,1
238224,10862,4,1,3
49336,10863,4,2,2
294576,10864,4,1,3
62552,10865,4,3,1
369520,10866,4,2,2
49072,10867,4,2,2
207944,10868,4,3,1
149376,10869,4,2,2
118200,10870,4,3,1
203256,10871,4,2,2
144208,10872,4,2,2
94560,10873,4,4,0
1023032,10874,4,2,2
92208,10875,4,2,2
91432,10876,4,1,3
66144,10877,4,3,1
377904,10878,4,3,1
91944,10879,4,1,3
108096,10880,4,0,4
306896,10881,4,3,1
1530480,10882,4,1,3
222336,10883,4,2,2
179976,10884,4,1,3
109016,10885,4,3,1
120320,10886,4,3,1
113056,10887,4,1,3
131096,10888,4,1,3
153048,10889,4,2,2
116960,10890,4,0,4
106880,10891,4,2,2
287800,10892,4,3,1
166928,10893,4,2,2
146360,10894,4,2,2
66896,10895,4,1,3
218688,10896,4,1,3
148792,10897,4,2,2
126368,10898,4,1,3
145856,10899,4,3,1
298680,10900,4,1,3
53664,10901,4,3,1
96328,10902,4,1,3
140256,10903,4,2,2
216200,10904,4,1,3
256432,10905,4,2,2
63776,10906,4,2,2
99144,10907,4,1,3
118840,10908,4,1,3
92856,10909,4,2,2
88432,10910,4,3,1
125448,10911,4,3,1
102920,10912,4,1,3
376336,10913,4,2,2
94304,10914,4,2,2
116232,10915,4,2,2
256608,10916,4,4,0
45664,10917,4,2,2
244816,10918,4,4,0
309504,10919,4,2,2
181896,10920,4,3,1
206696,10921,4,4,0
153392,10922,4,3,1
109544,10923,4,1,3
58720,10924,4,3,1
194064,10925,4,2,2
64304,10926,4,2,2
218528,10927,4,4,0
468024,10928,4,3,1
73384,10929,4,2,2
124520,10930,4,2,2
81336,10931,4,1,3
82424,10932,4,2,2
302960,10933,4,1,3
159368,10934,4,2,2
100512,10935,4,0,4
179576,10936,4,3,1
107272,10937,4,2,2
30592,10938,4,4,0
196000,10939,4,3,1
407808,10940,4,2,2
179552,10941,4,2,2
153456,10942,4,2,2
136152,10943,4,2,2
86472,10944,4,1,3
101808,10945,4,2,2
271088,10946,4,2,2
556368,10947,4,3,1
106624,10948,4,3,1
196872,10949,4,1,3
297280,10950,4,2,2
104352,10951,4,2,2
115704,10952,4,2,2
209640,10953,4,2,2
227168,10954,4,3,1
510456,10955,4,3,1
286184,10956,4,2,2
180976,10957,4,3,1
173880,10958,4,2,2
62704,10959,4,2,2
175880,10960,4,0,4
205184,10961,4,1,3
282632,10962,4,2,2
276376,10963,4,2,2
65056,10964,4,2,2
977248,10965,4,3,1
158232,10966,4,3,1
213456,10967,4,0,4
66016,10968,4,4,0
57376,10969,4,1,3
106768,10970,4,2,2
104440,10971,4,1,3
95224,10972,4,2,2
117608,10973,4,4,0
52968,10974,4,1,3
79048,10975,4,3,1
107944,10976,4,1,3
158512,10977,4,2,2
72288,10978,4,2,2
76064,10979,4,1,3
379768,10980,4,2,2
287112,10981,4,3,1
99232,10982,4,2,2
61640,10983,4,3,1
237800,10984,4,1,3
97888,10985,4,1,3
164208,10986,4,2,2
194104,10987,4,2,2
53064,10988,4,3,1
59040,10989,4,2,2
71072,10990,4,2,2
72832,10991,4,3,1
54752,10992,4,2,2
161976,10993,4,3,1
167328,10994,4,2,2
121576,10995,4,4,0
159680,10996,4,2,2
123424,10997,4,2,2
392424,10998,4,2,2
924744,10999,4,3,1
79496,11000,4,2,2
192536,11001,4,3,1
51816,11002,4,2,2
146744,11003,4,4,0
57128,11004,4,3,1
56912,11005,4,3,1
89792,11006,4,1,3
60472,11007,4,1,3
92808,11008,4,3,1
380544,11009,4,3,1
123504,11010,4,0,4
367360,11011,4,2,2
3099200,11012,4,2,2
52280,11013,4,2,2
76840,11014,4,2,2
94752,11015,4,2,2
154192,11016,4,3,1
285736,11017,4,4,0
342696,11018,4,1,3
82280,11019,4,1,3
154432,11020,4,2,2
80976,11021,4,3,1
141736,11022,4,3,1
142472,11023,4,3,1
111352,11024,4,1,3
301136,11025,4,1,3
74808,11026,4,3,1
57912,11027,4,4,0
81848,11028,4,1,3
770688,11029,4,2,2
85784,11030,4,4,0
90464,11031,4,1,3
155208,11032,4,1,3
240800,11033,4,4,0
142984,11034,4,3,1
335840,11035,4,1,3
114104,11036,4,1,3
285048,11037,4,2,2
314408,11038,4,3,1
182104,11039,4,4,0
500736,11040,4,3,1
122952,11041,4,2,2
66648,11042,4,3,1
56560,11043,4,2,2
81488,11044,4,4,0
44592,11045,4,4,0
149248,11046,4,1,3
143784,11047,4,1,3
59520,11048,4,2,2
56424,11049,4,0,4
179096,11050,4,3,1
258624,11051,4,3,1
263416,11052,4,2,2
139024,11053,4,1,3
209664,11054,4,1,3
64048,11055,4,3,1
70896,11056,4,2,2
183816,11057,4,2,2
128592,11058,4,2,2
68256,11059,4,2,2
255320,11060,4,3,1
287032,11061,4,3,1
201880,11062,4,3,1
149568,11063,4,2,2
174320,11064,4,3,1
120176,11065,4,1,3
110784,11066,4,1,3
706888,11067,4,1,3
329432,11068,4,2,2
86032,11069,4,2,2
141416,11070,4,2,2
255608,11071,4,4,0
109296,11072,4,2,2
168424,11073,4,2,2
609456,11074,4,1,3
197360,11075,4,1,3
98112,11076,4,2,2
570928,11077,4,1,3
182512,11078,4,1,3
141392,11079,4,1,3
53864,11080,4,2,2
162488,11081,4,4,0
217872,11082,4,1,3
73128,11083,4,1,3
362016,11084,4,1,3
641584,11085,4,1,3
742304,11086,4,2,2
155528,11087,4,3,1
69552,11088,4,3,1
159152,11089,4,1,3
128888,11090,4,3,1
151680,11091,4,3,1
362504,11092,4,3,1
71336,11093,4,3,1
133448,11094,4,1,3
178512,11095,4,2,2
177888,11096,4,1,3
147104,11097,4,2,2
170528,11098,4,2,2
68608,11099,4,1,3
390160,11100,4,3,1
58040,11101,4,1,3
39704,11102,4,2,2
78568,11103,4,2,2
93768,11104,4,3,1
201720,11105,4,3,1
174736,11106,4,0,4
68656,11107,4,3,1
182152,11108,4,1,3
738936,11109,4,2,2
67616,11110,4,4,0
272720,11111,4,2,2
86584,11112,4,3,1
181304,11113,4,0,4
88128,11114,4,1,3
600808,11115,4,2,2
160584,11116,4,2,2
131800,11117,4,2,2
293024,11118,4,3,1
91088,11119,4,3,1
45352,11120,4,3,1
169672,11121,4,4,0
71144,11122,4,1,3
76872,11123,4,2,2
76736,11124,4,2,2
140072,11125,4,2,2
186536,11126,4,1,3
46696,11127,4,0,4
136936,11128,4,3,1
116728,11129,4,1,3
84864,11130,4,3,1
186408,11131,4,2,2
101408,11132,4,1,3
88368,11133,4,2,2
266808,11134,4,2,2
267568,11135,4,2,2
213408,11136,4,2,2
136448,11137,4,2,2
92536,11138,4,4,0
234200,11139,4,2,2
60136,11140,4,1,3
670320,11141,4,2,2
121688,11142,4,2,2
74096,11143,4,1,3
120024,11144,4,1,3
60424,11145,4,1,3
277848,11146,4,3,1
68576,11147,4,3,1
133040,11148,4,2,2
157968,11149,4,2,2
32944,11150,4,3,1
78488,11151,4,2,2
517304,11152,4,0,4
219056,11153,4,2,2
152736,11154,4,1,3
87448,11155,4,3,1
179688,11156,4,3,1
120072,11157,4,4,0
97128,11158,4,1,3
383904,11159,4,2,2
47648,11160,4,3,1
305448,11161,4,3,1
147328,11162,4,3,1
183720,11163,4,3,1
336392,11164,4,1,3
275752,11165,4,1,3
84808,11166,4,1,3
1820456,11167,4,2,2
65176,11168,4,1,3
331248,11169,4,3,1
77392,11170,4,3,1
157008,11171,4,2,2
148120,11172,4,3,1
81528,11173,4,3,1
50744,11174,4,2,2
248448,11175,4,3,1
205864,11176,4,4,0
502808,11177,4,1,3
924472,11178,4,2,2
313128,11179,4,2,2
57504,11180,4,4,0
29880,11181,4,2,2
119384,11182,4,2,2
1125256,11183,4,1,3
100824,11184,4,1,3
103520,11185,4,2,2
121024,11186,4,2,2
65328,11187,4,3,1
83784,11188,4,1,3
54656,11189,4,1,3
133824,11190,4,4,0
212552,11191,4,3,1
99424,11192,4,0,4
195712,11193,4,2,2
90136,11194,4,1,3
104544,11195,4,1,3
133656,11196,4,2,2
136792,11197,4,2,2
130696,11198,4,1,3
49296,11199,4,2,2
243040,11200,4,2,2
221384,11201,4,2,2
226272,11202,4,1,3
177712,11203,4,2,2
152672,11204,4,2,2
70120,11205,4,3,1
153208,11206,4,4,0
263440,11207,4,3,1
220448,11208,4,3,1
135712,11209,4,1,3
282680,11210,4,3,1
57496,11211,4,1,3
463656,11212,4,3,1
79216,11213,4,2,2
422800,11214,4,2,2
169488,11215,4,3,1
69832,11216,4,2,2
141056,11217,4,2,2
119920,11218,4,2,2
68000,11219,4,2,2
122544,11220,4,3,1
147376,11221,4,3,1
81992,11222,4,2,2
207072,11223,4,0,4
171440,11224,4,2,2
258368,11225,4,3,1
274528,11226,4,1,3
242640,11227,4,2,2
105088,11228,4,2,2
488776,11229,4,3,1
56784,11230,4,2,2
65904,11231,4,2,2
196520,11232,4,1,3
205248,11233,4,2,2
199456,11234,4,1,3
80752,11235,4,0,4
212776,11236,4,1,3
71016,11237,4,1,3
160728,11238,4,3,1
67264,11239,4,1,3
88528,11240,4,4,0
101608,11241,4,1,3
72184,11242,4,4,0
90312,11243,4,2,2
301176,11244,4,4,0
190800,11245,4,3,1
111008,11246,4,1,3
256128,11247,4,2,2
69784,11248,4,1,3
157944,11249,4,1,3
132064,11250,4,2,2
561032,11251,4,0,4
167256,11252,4,0,4
528496,11253,4,4,0
101440,11254,4,3,1
222184,11255,4,2,2
86000,11256,4,3,1
252672,11257,4,2,2
212312,11258,4,1,3
145880,11259,4,2,2
153648,11260,4,1,3
80608,11261,4,1,3
127728,11262,4,2,2
157208,11263,4,3,1
170320,11264,4,1,3
73488,11265,4,1,3
100520,11266,4,2,2
228608,11267,4,1,3
137224,11268,4,1,3
138456,11269,4,2,2
98824,11270,4,1,3
104880,11271,4,2,2
41368,11272,4,3,1
88232,11273,4,0,4
318440,11274,4,4,0
240616,11275,4,1,3
226688,11276,4,2,2
147024,11277,4,1,3
456808,11278,4,0,4
102816,11279,4,4,0
53816,11280,4,3,1
59800,11281,4,2,2
238416,11282,4,1,3
473392,11283,4,3,1
141504,11284,4,2,2
177360,11285,4,3,1
116536,11286,4,2,2
161440,11287,4,3,1
85016,11288,4,2,2
59136,11289,4,2,2
141552,11290,4,2,2
53000,11291,4,1,3
140664,11292,4,0,4
95744,11293,4,3,1
49152,11294,4,1,3
889080,11295,4,2,2
85256,11296,4,3,1
129304,11297,4,1,3
148264,11298,4,0,4
279296,11299,4,2,2
75552,11300,4,3,1
69536,11301,4,2,2
96712,11302,4,2,2
57728,11303,4,3,1
130256,11304,4,3,1
108352,11305,4,2,2
105600,11306,4,1,3
63152,11307,4,2,2
159776,11308,4,2,2
175024,11309,4,1,3
167640,11310,4,1,3
322784,11311,4,4,0
204120,11312,4,2,2
101760,11313,4,1,3
143680,11314,4,3,1
173560,11315,4,2,2
348408,11316,4,2,2
53416,11317,4,2,2
80912,11318,4,1,3
165256,11319,4,3,1
42072,11320,4,2,2
168416,11321,4,1,3
248136,11322,4,3,1
181136,11323,4,4,0
302032,11324,4,2,2
105648,11325,4,2,2
169360,11326,4,1,3
213608,11327,4,1,3
70608,11328,4,1,3
297144,11329,4,3,1
85216,11330,4,3,1
139408,11331,4,1,3
486096,11332,4,3,1
62424,11333,4,2,2
159080,11334,4,2,2
86824,11335,4,3,1
104136,11336,4,2,2
208496,11337,4,3,1
88536,11338,4,2,2
332056,11339,4,2,2
101296,11340,4,3,1
206752,11341,4,3,1
684616,11342,4,3,1
119608,11343,4,1,3
99136,11344,4,2,2
460808,11345,4,2,2
104216,11346,4,2,2
95360,11347,4,2,2
107800,11348,4,2,2
40000,11349,4,3,1
196208,11350,4,1,3
104096,11351,4,2,2
110144,11352,4,1,3
82768,11353,4,2,2
86304,11354,4,3,1
202112,11355,4,2,2
137688,11356,4,0,4
168440,11357,4,2,2
166280,11358,4,3,1
174048,11359,4,0,4
127192,11360,4,2,2
81344,11361,4,2,2
99640,11362,4,3,1
35920,11363,4,2,2
211920,11364,4,2,2
178824,11365,4,4,0
211840,11366,4,3,1
256144,11367,4,3,1
172760,11368,4,2,2
99560,11369,4,3,1
108240,11370,4,3,1
57176,11371,4,3,1
169176,11372,4,2,2
60328,11373,4,1,3
113816,11374,4,3,1
124216,11375,4,1,3
82368,11376,4,3,1
67720,11377,4,1,3
767440,11378,4,1,3
42680,11379,4,2,2
33336,11380,4,1,3
213912,11381,4,2,2
205600,11382,4,2,2
137424,11383,4,2,2
254328,11384,4,2,2
123000,11385,4,3,1
96008,11386,4,4,0
294240,11387,4,2,2
165496,11388,4,2,2
240904,11389,4,1,3
55184,11390,4,2,2
35032,11391,4,2,2
541960,11392,4,3,1
174840,11393,4,2,2
164328,11394,4,4,0
60504,11395,4,1,3
113416,11396,4,0,4
1037912,11397,4,2,2
96608,11398,4,4,0
138136,11399,4,2,2
125592,11400,4,1,3
103176,11401,4,2,2
68688,11402,4,2,2
177368,11403,4,2,2
204800,11404,4,2,2
78736,11405,4,2,2
54048,11406,4,2,2
58504,11407,4,3,1
136272,11408,4,1,3
1574736,11409,4,1,3
109584,11410,4,3,1
177336,11411,4,3,1
130776,11412,4,2,2
69792,11413,4,0,4
128008,11414,4,2,2
96272,11415,4,2,2
181344,11416,4,1,3
32232,11417,4,3,1
126400,11418,4,0,4
101272,11419,4,3,1
405272,11420,4,2,2
210144,11421,4,1,3
150288,11422,4,3,1
381312,11423,4,2,2
227008,11424,4,1,3
94144,11425,4,4,0
132312,11426,4,2,2
31448,11427,4,1,3
149928,11428,4,1,3
61776,11429,4,3,1
134128,11430,4,2,2
79800,11431,4,2,2
92552,11432,4,3,1
133424,11433,4,2,2
104416,11434,4,1,3
255760,11435,4,2,2
174936,11436,4,2,2
620000,11437,4,2,2
32120,11438,4,2,2
291416,11439,4,3,1
166824,11440,4,0,4
121504,11441,4,0,4
111624,11442,4,3,1
124792,11443,4,4,0
132144,11444,4,1,3
47144,11445,4,2,2
85312,11446,4,2,2
120160,11447,4,2,2
343416,11448,4,4,0
151856,11449,4,3,1
58408,11450,4,3,1
176096,11451,4,3,1
363016,11452,4,1,3
151344,11453,4,2,2
240136,11454,4,2,2
90584,11455,4,3,1
260896,11456,4,3,1
80288,11457,4,3,1
190584,11458,4,3,1
214256,11459,4,2,2
296920,11460,4,2,2
343992,11461,4,2,2
89424,11462,4,2,2
254224,11463,4,3,1
336776,11464,4,1,3
124648,11465,4,3,1
112344,11466,4,1,3
57448,11467,4,0,4
243744,11468,4,2,2
143016,11469,4,3,1
103888,11470,4,1,3
100456,11471,4,2,2
57392,11472,4,1,3
331776,11473,4,1,3
303024,11474,4,2,2
187768,11475,4,3,1
112624,11476,4,2,2
285536,11477,4,3,1
200704,11478,4,1,3
266760,11479,4,2,2
41488,11480,4,2,2
127552,11481,4,1,3
52120,11482,4,3,1
209944,11483,4,3,1
238640,11484,4,1,3
216296,11485,4,4,0
54888,11486,4,1,3
108248,11487,4,2,2
373736,11488,4,2,2
79392,11489,4,1,3
48192,11490,4,1,3
73960,11491,4,1,3
52200,11492,4,0,4
121864,11493,4,2,2
108808,11494,4,3,1
111848,11495,4,3,1
55224,11496,4,2,2
465616,11497,4,2,2
101120,11498,4,3,1
557304,11499,4,3,1
339952,11500,4,2,2
239096,11501,4,1,3
85664,11502,4,2,2
73112,11503,4,1,3
29936,11504,4,3,1
110624,11505,4,0,4
119960,11506,4,3,1
74216,11507,4,2,2
82288,11508,4,3,1
121288,11509,4,3,1
134160,11510,4,3,1
52880,11511,4,1,3
105152,11512,4,2,2
221816,11513,4,3,1
146448,11514,4,3,1
111824,11515,4,2,2
358720,11516,4,2,2
106848,11517,4,4,0
129088,11518,4,2,2
143648,11519,4,2,2
109992,11520,4,1,3
108280,11521,4,1,3
264488,11522,4,1,3
72488,11523,4,1,3
144968,11524,4,0,4
254936,11525,4,2,2
61384,11526,4,0,4
51632,11527,4,3,1
56056,11528,4,1,3
285224,11529,4,3,1
131920,11530,4,0,4
120808,11531,4,2,2
447096,11532,4,3,1
148888,11533,4,3,1
98128,11534,4,1,3
273104,11535,4,4,0
57320,11536,4,3,1
130184,11537,4,2,2
396392,11538,4,2,2
410608,11539,4,2,2
92112,11540,4,3,1
139624,11541,4,1,3
191352,11542,4,4,0
156192,11543,4,4,0
112616,11544,4,1,3
349360,11545,4,0,4
837408,11546,4,1,3
118760,11547,4,2,2
179544,11548,4,3,1
252704,11549,4,1,3
211232,11550,4,3,1
362600,11551,4,0,4
101088,11552,4,2,2
260032,11553,4,4,0
221416,11554,4,3,1
124784,11555,4,3,1
261368,11556,4,2,2
126616,11557,4,2,2
100280,11558,4,1,3
902056,11559,4,3,1
62256,11560,4,0,4
142312,11561,4,3,1
186280,11562,4,2,2
103928,11563,4,2,2
105840,11564,4,3,1
130440,11565,4,0,4
117632,11566,4,2,2
118960,11567,4,1,3
168832,11568,4,3,1
378056,11569,4,3,1
41848,11570,4,2,2
199960,11571,4,2,2
169744,11572,4,1,3
244288,11573,4,1,3
411808,11574,4,2,2
345304,11575,4,2,2
381128,11576,4,1,3
726824,11577,4,3,1
171336,11578,4,3,1
204744,11579,4,1,3
108744,11580,4,1,3
84856,11581,4,2,2
151664,11582,4,3,1
231624,11583,4,1,3
557264,11584,4,2,2
115168,11585,4,1,3
258832,11586,4,2,2
78672,11587,4,2,2
284456,11588,4,2,2
65400,11589,4,3,1
69888,11590,4,4,0
63448,11591,4,2,2
133288,11592,4,1,3
75896,11593,4,2,2
164608,11594,4,3,1
87592,11595,4,1,3
566280,11596,4,1,3
180376,11597,4,2,2
47336,11598,4,2,2
240384,11599,4,4,0
79712,11600,4,2,2
294584,11601,4,4,0
75160,11602,4,2,2
187192,11603,4,2,2
162760,11604,4,1,3
55760,11605,4,2,2
141928,11606,4,4,0
170656,11607,4,2,2
97792,11608,4,1,3
70160,11609,4,1,3
59608,11610,4,1,3
194536,11611,4,2,2
118368,11612,4,2,2
310912,11613,4,1,3
150448,11614,4,3,1
78888,11615,4,2,2
47584,11616,4,2,2
327512,11617,4,2,2
336984,11618,4,0,4
109440,11619,4,2,2
74192,11620,4,1,3
187248,11621,4,2,2
69576,11622,4,2,2
132920,11623,4,2,2
102736,11624,4,2,2
133184,11625,4,1,3
975384,11626,4,1,3
48640,11627,4,2,2
696784,11628,4,2,2
126072,11629,4,1,3
172248,11630,4,2,2
113192,11631,4,3,1
151080,11632,4,3,1
65928,11633,4,0,4
260152,11634,4,1,3
72904,11635,4,1,3
147032,11636,4,3,1
177000,11637,4,2,2
231592,11638,4,2,2
990496,11639,4,3,1
93928,11640,4,3,1
205240,11641,4,3,1
158616,11642,4,4,0
113344,11643,4,3,1
77584,11644,4,2,2
41760,11645,4,2,2
201656,11646,4,3,1
1939440,11647,4,1,3
387920,11648,4,0,4
54712,11649,4,2,2
364264,11650,4,2,2
61576,11651,4,1,3
38256,11652,4,2,2
102320,11653,4,3,1
972328,11654,4,0,4
141424,11655,4,2,2
32400,11656,4,1,3
80160,11657,4,0,4
1191568,11658,4,3,1
298320,11659,4,2,2
83000,11660,4,1,3
85632,11661,4,4,0
52048,11662,4,2,2
159800,11663,4,2,2
141160,11664,4,1,3
134984,11665,4,2,2
174592,11666,4,2,2
202760,11667,4,4,0
290528,11668,4,3,1
181240,11669,4,1,3
293872,11670,4,1,3
221592,11671,4,3,1
171872,11672,4,2,2
515544,11673,4,1,3
126328,11674,4,1,3
136208,11675,4,1,3
99680,11676,4,3,1
74376,11677,4,2,2
270112,11678,4,2,2
125384,11679,4,1,3
247400,11680,4,1,3
201416,11681,4,2,2
289744,11682,4,3,1
107680,11683,4,2,2
311888,11684,4,2,2
73024,11685,4,2,2
99384,11686,4,3,1
86728,11687,4,3,1
407768,11688,4,2,2
167424,11689,4,2,2
77424,11690,4,3,1
75640,11691,4,3,1
134064,11692,4,3,1
193408,11693,4,1,3
95168,11694,4,2,2
169232,11695,4,3,1
117360,11696,4,2,2
142808,11697,4,2,2
240784,11698,4,2,2
71656,11699,4,2,2
304232,11700,4,2,2
106144,11701,4,2,2
191880,11702,4,3,1
37288,11703,4,2,2
347720,11704,4,1,3
81272,11705,4,2,2
110432,11706,4,2,2
51304,11707,4,2,2
241904,11708,4,1,3
204808,11709,4,2,2
128976,11710,4,2,2
169512,11711,4,2,2
861144,11712,4,3,1
125552,11713,4,2,2
245512,11714,4,0,4
65392,11715,4,2,2
94152,11716,4,1,3
87704,11717,4,1,3
75680,11718,4,0,4
170952,11719,4,2,2
54064,11720,4,1,3
81456,11721,4,2,2
57984,11722,4,2,2
191328,11723,4,2,2
69744,11724,4,3,1
73656,11725,4,2,2
121480,11726,4,3,1
145544,11727,4,3,1
158152,11728,4,3,1
86736,11729,4,3,1
688304,11730,4,2,2
270888,11731,4,3,1
129112,11732,4,3,1
351048,11733,4,3,1
91376,11734,4,2,2
354504,11735,4,1,3
286736,11736,4,3,1
180336,11737,4,2,2
134024,11738,4,1,3
69120,11739,4,2,2
49920,11740,4,3,1
551864,11741,4,2,2
239384,11742,4,2,2
437512,11743,4,2,2
44808,11744,4,2,2
251088,11745,4,3,1
569768,11746,4,1,3
58584,11747,4,2,2
507200,11748,4,1,3
122152,11749,4,1,3
90848,11750,4,4,0
90728,11751,4,2,2
95232,11752,4,2,2
98296,11753,4,3,1
251392,11754,4,4,0
130600,11755,4,1,3
52712,11756,4,3,1
143968,11757,4,0,4
167824,11758,4,1,3
140552,11759,4,1,3
185352,11760,4,1,3
194712,11761,4,2,2
139952,11762,4,3,1
56760,11763,4,3,1
186336,11764,4,2,2
383448,11765,4,2,2
174336,11766,4,1,3
84408,11767,4,2,2
47896,11768,4,1,3
102624,11769,4,3,1
257832,11770,4,0,4
124960,11771,4,3,1
43696,11772,4,2,2
70376,11773,4,1,3
370552,11774,4,3,1
125216,11775,4,1,3
82096,11776,4,3,1
45384,11777,4,3,1
129632,11778,4,2,2
335440,11779,4,2,2
74920,11780,4,3,1
92632,11781,4,1,3
53512,11782,4,1,3
445344,11783,4,2,2
114248,11784,4,1,3
159168,11785,4,3,1
144632,11786,4,2,2
82664,11787,4,3,1
121544,11788,4,2,2
59728,11789,4,1,3
79280,11790,4,4,0
181160,11791,4,2,2
124800,11792,4,2,2
52680,11793,4,1,3
546384,11794,4,2,2
624896,11795,4,2,2
498872,11796,4,3,1
229224,11797,4,1,3
111464,11798,4,1,3
90208,11799,4,0,4
106432,11800,4,2,2
156840,11801,4,2,2
75592,11802,4,2,2
160952,11803,4,1,3
158408,11804,4,2,2
100624,11805,4,2,2
188088,11806,4,2,2
51072,11807,4,3,1
43200,11808,4,3,1
93936,11809,4,2,2
973048,11810,4,2,2
128992,11811,4,1,3
62888,11812,4,2,2
61952,11813,4,2,2
43640,11814,4,3,1
88968,11815,4,2,2
260504,11816,4,1,3
98104,11817,4,3,1
121408,11818,4,2,2
75136,11819,4,2,2
127744,11820,4,1,3
229368,11821,4,2,2
236992,11822,4,2,2
180264,11823,4,4,0
204728,11824,4,1,3
159120,11825,4,0,4
379552,11826,4,2,2
164472,11827,4,2,2
182312,11828,4,1,3
47200,11829,4,1,3
73040,11830,4,2,2
77416,11831,4,3,1
71752,11832,4,1,3
138344,11833,4,3,1
260192,11834,4,2,2
287136,11835,4,1,3
191048,11836,4,2,2
74352,11837,4,1,3
84520,11838,4,1,3
201400,11839,4,1,3
88960,11840,4,2,2
93600,11841,4,2,2
201944,11842,4,3,1
181416,11843,4,3,1
92976,11844,4,2,2
97248,11845,4,2,2
154664,11846,4,3,1
129376,11847,4,1,3
318328,11848,4,2,2
84968,11849,4,2,2
55000,11850,4,0,4
95424,11851,4,3,1
687344,11852,4,2,2
64944,11853,4,2,2
57280,11854,4,1,3
78600,11855,4,4,0
354048,11856,4,1,3
228672,11857,4,1,3
616888,11858,4,2,2
274904,11859,4,3,1
201296,11860,4,0,4
100336,11861,4,2,2
74776,11862,4,1,3
139960,11863,4,3,1
358728,11864,4,2,2
70336,11865,4,2,2
98792,11866,4,2,2
560992,11867,4,2,2
257848,11868,4,2,2
83520,11869,4,4,0
60184,11870,4,3,1
624280,11871,4,3,1
62720,11872,4,2,2
160552,11873,4,1,3
151072,11874,4,1,3
239064,11875,4,1,3
290336,11876,4,3,1
144872,11877,4,1,3
271696,11878,4,3,1
81824,11879,4,2,2
148760,11880,4,3,1
81200,11881,4,2,2
103856,11882,4,3,1
158360,11883,4,2,2
233656,11884,4,2,2
199336,11885,4,1,3
125664,11886,4,1,3
102520,11887,4,2,2
120440,11888,4,2,2
56032,11889,4,2,2
625056,11890,4,2,2
108064,11891,4,1,3
265568,11892,4,1,3
232072,11893,4,1,3
236744,11894,4,3,1
254784,11895,4,3,1
106336,11896,4,3,1
116576,11897,4,1,3
173840,11898,4,2,2
842288,11899,4,3,1
353568,11900,4,2,2
75568,11901,4,2,2
113904,11902,4,2,2
67736,11903,4,3,1
156944,11904,4,2,2
69672,11905,4,2,2
40920,11906,4,3,1
124584,11907,4,3,1
234680,11908,4,2,2
939848,11909,4,2,2
89168,11910,4,0,4
156112,11911,4,2,2
54856,11912,4,0,4
168320,11913,4,3,1
87624,11914,4,1,3
257056,11915,4,3,1
166856,11916,4,1,3
67424,11917,4,1,3
190128,11918,4,0,4
204360,11919,4,3,1
74720,11920,4,4,0
208088,11921,4,3,1
149720,11922,4,4,0
170696,11923,4,3,1
78400,11924,4,0,4
157664,11925,4,2,2
206744,11926,4,1,3
275496,11927,4,2,2
96368,11928,4,2,2
54280,11929,4,1,3
82040,11930,4,2,2
218520,11931,4,3,1
159744,11932,4,0,4
205224,11933,4,3,1
125392,11934,4,2,2
150792,11935,4,2,2
148336,11936,4,2,2
311952,11937,4,4,0
139112,11938,4,2,2
156296,11939,4,1,3
80096,11940,4,1,3
53160,11941,4,4,0
225400,11942,4,1,3
78208,11943,4,2,2
94360,11944,4,3,1
56632,11945,4,1,3
86536,11946,4,2,2
84120,11947,4,3,1
171720,11948,4,4,0
101920,11949,4,4,0
230560,11950,4,1,3
92712,11951,4,2,2
259760,11952,4,2,2
196344,11953,4,1,3
148200,11954,4,4,0
346792,11955,4,2,2
334120,11956,4,1,3
148352,11957,4,2,2
90160,11958,4,1,3
62184,11959,4,3,1
317544,11960,4,0,4
132784,11961,4,0,4
73368,11962,4,4,0
117296,11963,4,2,2
79224,11964,4,3,1
126048,11965,4,2,2
120592,11966,4,0,4
94688,11967,4,2,2
340288,11968,4,3,1
125560,11969,4,2,2
155424,11970,4,3,1
160320,11971,4,1,3
176032,11972,4,0,4
143192,11973,4,4,0
239040,11974,4,2,2
40720,11975,4,3,1
59248,11976,4,1,3
466480,11977,4,2,2
128744,11978,4,1,3
459360,11979,4,2,2
3560200,11980,4,0,4
114688,11981,4,3,1
231120,11982,4,3,1
179600,11983,4,2,2
117824,11984,4,1,3
303104,11985,4,2,2
145664,11986,4,1,3
108960,11987,4,3,1
445904,11988,4,1,3
246704,11989,4,3,1
149736,11990,4,2,2
233952,11991,4,2,2
147488,11992,4,2,2
56168,11993,4,3,1
143672,11994,4,3,1
47680,11995,4,3,1
250896,11996,4,2,2
80768,11997,4,2,2
49408,11998,4,0,4
134568,11999,4,3,1
277456,12000,4,2,2
265536,12001,4,1,3
169656,12002,4,1,3
71592,12003,4,3,1
157896,12004,4,3,1
40712,12005,4,1,3
114112,12006,4,3,1
51488,12007,4,1,3
791384,12008,4,2,2
52752,12009,4,3,1
300968,12010,4,2,2
79032,12011,4,2,2
469472,12012,4,3,1
171152,12013,4,2,2
75704,12014,4,3,1
167480,12015,4,0,4
73408,12016,4,2,2
710624,12017,4,2,2
182736,12018,4,0,4
165344,12019,4,0,4
111736,12020,4,1,3
377488,12021,4,1,3
93064,12022,4,3,1
312688,12023,4,4,0
240072,12024,4,3,1
284216,12025,4,3,1
228320,12026,4,2,2
93248,12027,4,2,2
77728,12028,4,4,0
376240,12029,4,2,2
220624,12030,4,2,2
145624,12031,4,3,1
87096,12032,4,4,0
156200,12033,4,0,4
104752,12034,4,3,1
84728,12035,4,3,1
83320,12036,4,1,3
107640,12037,4,2,2
157792,12038,4,2,2
112904,12039,4,2,2
170736,12040,4,3,1
88720,12041,4,0,4
111648,12042,4,0,4
133992,12043,4,3,1
80840,12044,4,2,2
152568,12045,4,1,3
28880,12046,4,3,1
259176,12047,4,1,3
177808,12048,4,2,2
103864,12049,4,4,0
78800,12050,4,4,0
69776,12051,4,2,2
1165232,12052,4,1,3
225576,12053,4,2,2
90368,12054,4,2,2
90752,12055,4,2,2
107936,12056,4,1,3
62504,12057,4,1,3
182424,12058,4,2,2
83976,12059,4,1,3
154912,12060,4,3,1
201760,12061,4,3,1
130144,12062,4,4,0
51912,12063,4,1,3
543984,12064,4,3,1
126624,12065,4,3,1
237464,12066,4,1,3
110480,12067,4,1,3
89352,12068,4,2,2
335608,12069,4,2,2
143320,12070,4,1,3
105432,12071,4,3,1
39744,12072,4,3,1
226008,12073,4,3,1
163512,12074,4,3,1
188440,12075,4,2,2
76096,12076,4,1,3
152176,12077,4,3,1
208152,12078,4,2,2
196456,12079,4,2,2
154208,12080,4,2,2
58232,12081,4,2,2
289712,12082,4,2,2
134808,12083,4,2,2
341104,12084,4,2,2
47512,12085,4,3,1
430200,12086,4,1,3
649616,12087,4,3,1
180136,12088,4,2,2
395024,12089,4,2,2
62080,12090,4,2,2
360360,12091,4,1,3
246840,12092,4,3,1
387752,12093,4,1,3
75512,12094,4,3,1
259200,12095,4,2,2
150160,12096,4,2,2
282792,12097,4,4,0
115848,12098,4,2,2
118000,12099,4,1,3
299888,12100,4,2,2
114392,12101,4,3,1
80464,12102,4,2,2
131056,12103,4,3,1
96936,12104,4,2,2
177856,12105,4,2,2
76312,12106,4,3,1
540256,12107,4,2,2
220840,12108,4,0,4
112128,12109,4,3,1
44552,12110,4,2,2
47480,12111,4,2,2
1465944,12112,4,2,2
223672,12113,4,4,0
255888,12114,4,2,2
56584,12115,4,1,3
239424,12116,4,0,4
133480,12117,4,0,4
284080,12118,4,2,2
187728,12119,4,3,1
112648,12120,4,3,1
88168,12121,4,2,2
61912,12122,4,3,1
180384,12123,4,2,2
100136,12124,4,1,3
290376,12125,4,2,2
662240,12126,4,2,2
279048,12127,4,3,1
202360,12128,4,2,2
34176,12129,4,3,1
294688,12130,4,1,3
354480,12131,4,2,2
181176,12132,4,2,2
607624,12133,4,3,1
108592,12134,4,3,1
381792,12135,4,2,2
111968,12136,4,0,4
55056,12137,4,2,2
488496,12138,4,1,3
112528,12139,4,1,3
236384,12140,4,1,3
261920,12141,4,0,4
88224,12142,4,2,2
240632,12143,4,1,3
505424,12144,4,0,4
108160,12145,4,3,1
333640,12146,4,2,2
439528,12147,4,1,3
82272,12148,4,3,1
210440,12149,4,1,3
153568,12150,4,0,4
148728,12151,4,1,3
54488,12152,4,2,2
2627288,12153,4,1,3
151296,12154,4,3,1
158800,12155,4,2,2
381120,12156,4,3,1
1605640,12157,4,0,4
163664,12158,4,2,2
287312,12159,4,1,3
86904,12160,4,4,0
134016,12161,4,1,3
324712,12162,4,2,2
105248,12163,4,2,2
143848,12164,4,2,2
139656,12165,4,2,2
160920,12166,4,1,3
87216,12167,4,2,2
158760,12168,4,3,1
287560,12169,4,3,1
134520,12170,4,1,3
228376,12171,4,0,4
63336,12172,4,1,3
136360,12173,4,2,2
122384,12174,4,3,1
424112,12175,4,3,1
190744,12176,4,1,3
77192,12177,4,2,2
105184,12178,4,1,3
71512,12179,4,1,3
177464,12180,4,1,3
101104,12181,4,1,3
269864,12182,4,2,2
244016,12183,4,3,1
112152,12184,4,0,4
156848,12185,4,2,2
65464,12186,4,3,1
144440,12187,4,2,2
366960,12188,4,3,1
93632,12189,4,2,2
69512,12190,4,1,3
113928,12191,4,2,2
231712,12192,4,3,1
85728,12193,4,2,2
36640,12194,4,4,0
93688,12195,4,2,2
241232,12196,4,2,2
454200,12197,4,2,2
65984,12198,4,1,3
83128,12199,4,3,1
173776,12200,4,1,3
67656,12201,4,3,1
307312,12202,4,2,2
84240,12203,4,2,2
116696,12204,4,3,1
111768,12205,4,3,1
109928,12206,4,3,1
359616,12207,4,2,2
128248,12208,4,2,2
248888,12209,4,3,1
412128,12210,4,1,3
303240,12211,4,2,2
108136,12212,4,4,0
75104,12213,4,3,1
681896,12214,4,2,2
129544,12215,4,3,1
110104,12216,4,1,3
198752,12217,4,1,3
377168,12218,4,3,1
40784,12219,4,2,2
423872,12220,4,4,0
91064,12221,4,2,2
879064,12222,4,1,3
80120,12223,4,3,1
104896,12224,4,0,4
207224,12225,4,2,2
1522256,12226,4,1,3
167048,12227,4,1,3
90888,12228,4,3,1
47240,12229,4,2,2
446728,12230,4,3,1
342536,12231,4,2,2
103392,12232,4,0,4
342816,12233,4,2,2
513448,12234,4,0,4
63240,12235,4,1,3
223960,12236,4,2,2
84960,12237,4,2,2
53256,12238,4,3,1
80000,12239,4,3,1
100264,12240,4,2,2
242240,12241,4,0,4
136856,12242,4,2,2
50568,12243,4,1,3
186936,12244,4,2,2
113040,12245,4,2,2
59880,12246,4,1,3
419920,12247,4,0,4
67224,12248,4,2,2
96336,12249,4,3,1
443712,12250,4,3,1
72152,12251,4,2,2
65152,12252,4,2,2
110856,12253,4,3,1
175976,12254,4,3,1
66376,12255,4,1,3
137120,12256,4,1,3
96960,12257,4,1,3
291752,12258,4,2,2
124760,12259,4,0,4
101008,12260,4,1,3
79520,12261,4,2,2
254464,12262,4,3,1
58576,12263,4,2,2
179008,12264,4,0,4
134408,12265,4,3,1
128376,12266,4,2,2
62808,12267,4,2,2
233464,12268,4,0,4
339728,12269,4,1,3
136376,12270,4,1,3
146256,12271,4,3,1
438952,12272,4,2,2
200992,12273,4,1,3
191504,12274,4,1,3
96104,12275,4,1,3
71664,12276,4,2,2
89816,12277,4,2,2
126576,12278,4,2,2
479976,12279,4,3,1
708368,12280,4,0,4
109800,12281,4,3,1
124808,12282,4,3,1
85816,12283,4,2,2
201080,12284,4,2,2
106120,12285,4,3,1
235520,12286,4,0,4
161200,12287,4,4,0
194184,12288,4,2,2
94464,12289,4,2,2
174728,12290,4,3,1
55816,12291,4,0,4
257496,12292,4,2,2
57152,12293,4,3,1
242200,12294,4,0,4
112760,12295,4,2,2
97264,12296,4,3,1
92592,12297,4,1,3
36872,12298,4,2,2
200112,12299,4,3,1
183856,12300,4,4,0
101992,12301,4,1,3
109120,12302,4,1,3
225600,12303,4,3,1
106512,12304,4,3,1
336992,12305,4,2,2
118880,12306,4,2,2
73416,12307,4,1,3
87016,12308,4,2,2
112544,12309,4,2,2
55008,12310,4,2,2
103248,12311,4,2,2
42912,12312,4,1,3
51680,12313,4,1,3
75280,12314,4,3,1
90320,12315,4,3,1
102344,12316,4,2,2
269752,12317,4,1,3
231528,12318,4,2,2
242360,12319,4,2,2
182360,12320,4,1,3
116688,12321,4,3,1
39280,12322,4,1,3
537664,12323,4,2,2
170016,12324,4,1,3
1198744,12325,4,4,0
175392,12326,4,0,4
52408,12327,4,3,1
681112,12328,4,2,2
142592,12329,4,2,2
163680,12330,4,3,1
67096,12331,4,4,0
137328,12332,4,2,2
337760,12333,4,3,1
412312,12334,4,3,1
60920,12335,4,2,2
77664,12336,4,1,3
89184,12337,4,3,1
138432,12338,4,2,2
213936,12339,4,1,3
378088,12340,4,1,3
131872,12341,4,3,1
115448,12342,4,3,1
244632,12343,4,0,4
145312,12344,4,4,0
133120,12345,4,1,3
330360,12346,4,1,3
40416,12347,4,1,3
686376,12348,4,2,2
125752,12349,4,3,1
287760,12350,4,2,2
152384,12351,4,3,1
132200,12352,4,3,1
229872,12353,4,3,1
140104,12354,4,2,2
162968,12355,4,1,3
51272,12356,4,0,4
120184,12357,4,2,2
190552,12358,4,4,0
142152,12359,4,2,2
144760,12360,4,3,1
193912,12361,4,2,2
216888,12362,4,1,3
341864,12363,4,1,3
207056,12364,4,2,2
165720,12365,4,1,3
51552,12366,4,4,0
69736,12367,4,3,1
49144,12368,4,2,2
92648,12369,4,0,4
94496,12370,4,2,2
259696,12371,4,2,2
213944,12372,4,3,1
168200,12373,4,3,1
145360,12374,4,3,1
131560,12375,4,1,3
283032,12376,4,3,1
101912,12377,4,3,1
132704,12378,4,2,2
115992,12379,4,2,2
340136,12380,4,1,3
76624,12381,4,2,2
66344,12382,4,3,1
88864,12383,4,1,3
154760,12384,4,2,2
60160,12385,4,2,2
98080,12386,4,2,2
89896,12387,4,2,2
100464,12388,4,3,1
207784,12389,4,2,2
110792,12390,4,2,2
73664,12391,4,1,3
108520,12392,4,3,1
188144,12393,4,2,2
172240,12394,4,4,0
150320,12395,4,2,2
355488,12396,4,3,1
132512,12397,4,2,2
228440,12398,4,3,1
93072,12399,4,3,1
195344,12400,4,1,3
239464,12401,4,2,2
174416,12402,4,4,0
157320,12403,4,1,3
47304,12404,4,2,2
167952,12405,4,1,3
291440,12406,4,1,3
920520,12407,4,1,3
102504,12408,4,3,1
197752,12409,4,1,3
197128,12410,4,2,2
101448,12411,4,4,0
151536,12412,4,3,1
2223136,12413,4,4,0
123720,12414,4,4,0
145232,12415,4,2,2
120104,12416,4,3,1
205488,12417,4,1,3
130456,12418,4,3,1
69712,12419,4,2,2
291184,12420,4,2,2
217136,12421,4,4,0
97856,12422,4,3,1
51240,12423,4,2,2
124920,12424,4,2,2
256072,12425,4,3,1
278816,12426,4,3,1
98544,12427,4,3,1
125760,12428,4,2,2
111608,12429,4,1,3
81248,12430,4,0,4
263216,12431,4,3,1
116640,12432,4,3,1
109360,12433,4,2,2
259328,12434,4,0,4
101312,12435,4,2,2
87264,12436,4,2,2
151256,12437,4,3,1
110496,12438,4,3,1
744704,12439,4,0,4
80736,12440,4,2,2
136680,12441,4,2,2
63344,12442,4,2,2
75656,12443,4,1,3
42552,12444,4,3,1
147880,12445,4,2,2
232776,12446,4,0,4
25176,12447,4,1,3
214072,12448,4,4,0
98968,12449,4,2,2
101832,12450,4,2,2
222528,12451,4,2,2
35256,12452,4,2,2
389728,12453,4,1,3
947672,12454,4,3,1
115688,12455,4,2,2
180720,12456,4,1,3
80792,12457,4,2,2
47560,12458,4,2,2
109920,12459,4,1,3
80680,12460,4,2,2
99256,12461,4,1,3
442424,12462,4,2,2
288608,12463,4,1,3
717528,12464,4,2,2
102424,12465,4,2,2
418896,12466,4,1,3
220680,12467,4,1,3
66688,12468,4,1,3
124720,12469,4,2,2
106304,12470,4,2,2
67568,12471,4,1,3
144840,12472,4,1,3
165912,12473,4,2,2
83672,12474,4,3,1
407232,12475,4,2,2
89048,12476,4,1,3
54920,12477,4,2,2
105096,12478,4,2,2
173464,12479,4,1,3
339016,12480,4,1,3
84472,12481,4,1,3
125264,12482,4,1,3
351984,12483,4,2,2
424288,12484,4,3,1
243784,12485,4,2,2
43376,12486,4,3,1
153432,12487,4,1,3
107656,12488,4,2,2
57048,12489,4,1,3
395312,12490,4,1,3
466096,12491,4,3,1
223248,12492,4,3,1
105936,12493,4,0,4
362720,12494,4,3,1
99048,12495,4,3,1
244672,12496,4,3,1
87232,12497,4,3,1
88184,12498,4,2,2
319592,12499,4,2,2
155432,12500,4,3,1
257672,12501,4,3,1
89496,12502,4,2,2
129416,12503,4,1,3
128576,12504,4,3,1
99752,12505,4,1,3
87640,12506,4,3,1
159592,12507,4,3,1
53912,12508,4,3,1
83896,12509,4,2,2
66248,12510,4,1,3
103648,12511,4,1,3
139320,12512,4,2,2
73168,12513,4,1,3
187968,12514,4,1,3
101720,12515,4,2,2
116648,12516,4,3,1
364864,12517,4,1,3
132712,12518,4,0,4
163592,12519,4,2,2
192792,12520,4,2,2
121072,12521,4,2,2
30440,12522,4,1,3
177496,12523,4,3,1
137496,12524,4,2,2
87312,12525,4,1,3
115968,12526,4,2,2
227560,12527,4,2,2
130624,12528,4,2,2
243696,12529,4,1,3
100640,12530,4,1,3
69176,12531,4,2,2
104408,12532,4,1,3
164352,12533,4,3,1
176992,12534,4,1,3
104360,12535,4,3,1
91808,12536,4,1,3
205872,12537,4,3,1
94160,12538,4,1,3
97152,12539,4,3,1
263920,12540,4,2,2
1130784,12541,4,2,2
642368,12542,4,1,3
86936,12543,4,0,4
64504,12544,4,3,1
181512,12545,4,3,1
319840,12546,4,3,1
134856,12547,4,2,2
218488,12548,4,2,2
70928,12549,4,2,2
61080,12550,4,4,0
89768,12551,4,2,2
390344,12552,4,2,2
110712,12553,4,2,2
500544,12554,4,0,4
273504,12555,4,3,1
232616,12556,4,1,3
74200,12557,4,0,4
79976,12558,4,0,4
172160,12559,4,3,1
154648,12560,4,2,2
95608,12561,4,2,2
146440,12562,4,2,2
95152,12563,4,3,1
236096,12564,4,0,4
115048,12565,4,3,1
208424,12566,4,2,2
121496,12567,4,1,3
154928,12568,4,1,3
221368,12569,4,2,2
93760,12570,4,3,1
48064,12571,4,3,1
98928,12572,4,1,3
120216,12573,4,3,1
109728,12574,4,1,3
128432,12575,4,2,2
161960,12576,4,1,3
199640,12577,4,3,1
80520,12578,4,3,1
54528,12579,4,2,2
97528,12580,4,4,0
85408,12581,4,3,1
158288,12582,4,2,2
208176,12583,4,3,1
175256,12584,4,3,1
243480,12585,4,2,2
108192,12586,4,2,2
71424,12587,4,3,1
77536,12588,4,2,2
73472,12589,4,1,3
66848,12590,4,3,1
104536,12591,4,2,2
220320,12592,4,4,0
114496,12593,4,2,2
105120,12594,4,4,0
232408,12595,4,1,3
156616,12596,4,2,2
110360,12597,4,2,2
104960,12598,4,2,2
61344,12599,4,3,1
119600,12600,4,2,2
220232,12601,4,3,1
163040,12602,4,3,1
179048,12603,4,2,2
93144,12604,4,2,2
121816,12605,4,3,1
156608,12606,4,1,3
133080,12607,4,4,0
114512,12608,4,2,2
108976,12609,4,3,1
52296,12610,4,2,2
74064,12611,4,2,2
218152,12612,4,2,2
159336,12613,4,2,2
60368,12614,4,1,3
77512,12615,4,3,1
97032,12616,4,3,1
66544,12617,4,3,1
106800,12618,4,2,2
220944,12619,4,2,2
106576,12620,4,3,1
35240,12621,4,2,2
414248,12622,4,1,3
534056,12623,4,2,2
495824,12624,4,2,2
99592,12625,4,3,1
144072,12626,4,1,3
207688,12627,4,1,3
200080,12628,4,3,1
98328,12629,4,2,2
81832,12630,4,2,2
73600,12631,4,2,2
56936,12632,4,2,2
166632,12633,4,2,2
171648,12634,4,2,2
82736,12635,4,2,2
29488,12636,4,1,3
102080,12637,4,3,1
103352,12638,4,1,3
373744,12639,4,2,2
219176,12640,4,4,0
155072,12641,4,2,2
69968,12642,4,0,4
154136,12643,4,1,3
133672,12644,4,1,3
181920,12645,4,2,2
256784,12646,4,2,2
360648,12647,4,2,2
198704,12648,4,3,1
206112,12649,4,1,3
482048,12650,4,2,2
344728,12651,4,2,2
84128,12652,4,1,3
122872,12653,4,3,1
35408,12654,4,3,1
72536,12655,4,2,2
114760,12656,4,2,2
48040,12657,4,4,0
113088,12658,4,2,2
68816,12659,4,4,0
90680,12660,4,2,2
57776,12661,4,4,0
99128,12662,4,1,3
153520,12663,4,2,2
88840,12664,4,3,1
76856,12665,4,0,4
407432,12666,4,1,3
129664,12667,4,2,2
145016,12668,4,2,2
164792,12669,4,3,1
628416,12670,4,2,2
105408,12671,4,2,2
34760,12672,4,2,2
154728,12673,4,1,3
113440,12674,4,2,2
257440,12675,4,0,4
106992,12676,4,3,1
149712,12677,4,3,1
139248,12678,4,2,2
74624,12679,4,2,2
224712,12680,4,0,4
58368,12681,4,1,3
182672,12682,4,2,2
358512,12683,4,4,0
85096,12684,4,2,2
173512,12685,4,3,1
211896,12686,4,1,3
217176,12687,4,3,1
148904,12688,4,2,2
103056,12689,4,2,2
351992,12690,4,2,2
73768,12691,4,2,2
546120,12692,4,3,1
114368,12693,4,1,3
96560,12694,4,0,4
61544,12695,4,3,1
432216,12696,4,0,4
88480,12697,4,3,1
55640,12698,4,2,2
91768,12699,4,2,2
91984,12700,4,3,1
75808,12701,4,2,2
210424,12702,4,2,2
65504,12703,4,4,0
201736,12704,4,2,2
390816,12705,4,2,2
129320,12706,4,4,0
117816,12707,4,2,2
54584,12708,4,1,3
187896,12709,4,1,3
132760,12710,4,0,4
53096,12711,4,0,4
154024,12712,4,3,1
177472,12713,4,1,3
92184,12714,4,2,2
120448,12715,4,1,3
824536,12716,4,2,2
58064,12717,4,2,2
93400,12718,4,1,3
84792,12719,4,3,1
136096,12720,4,4,0
456248,12721,4,1,3
141192,12722,4,2,2
35232,12723,4,0,4
59192,12724,4,2,2
89840,12725,4,4,0
199632,12726,4,2,2
308848,12727,4,3,1
83432,12728,4,3,1
106688,12729,4,2,2
139680,12730,4,1,3
113992,12731,4,2,2
115608,12732,4,3,1
220200,12733,4,1,3
248640,12734,4,1,3
92864,12735,4,2,2
210128,12736,4,2,2
333848,12737,4,4,0
64080,12738,4,1,3
418072,12739,4,3,1
198624,12740,4,2,2
98256,12741,4,3,1
72280,12742,4,1,3
52512,12743,4,2,2
55296,12744,4,1,3
104784,12745,4,1,3
70208,12746,4,1,3
114184,12747,4,1,3
253936,12748,4,3,1
231208,12749,4,1,3
127608,12750,4,3,1
183456,12751,4,2,2
149288,12752,4,2,2
43736,12753,4,1,3
102440,12754,4,2,2
684080,12755,4,1,3
55680,12756,4,3,1
68344,12757,4,3,1
151272,12758,4,2,2
131744,12759,4,2,2
44664,12760,4,2,2
78472,12761,4,2,2
52944,12762,4,3,1
194576,12763,4,4,0
275720,12764,4,3,1
112776,12765,4,2,2
123752,12766,4,2,2
122920,12767,4,2,2
56096,12768,4,1,3
164008,12769,4,1,3
70952,12770,4,3,1
725496,12771,4,1,3
130272,12772,4,1,3
218792,12773,4,2,2
160856,12774,4,3,1
73336,12775,4,3,1
91576,12776,4,2,2
114960,12777,4,2,2
53384,12778,4,2,2
69152,12779,4,2,2
539712,12780,4,2,2
79232,12781,4,2,2
147776,12782,4,2,2
62120,12783,4,1,3
70648,12784,4,2,2
348728,12785,4,2,2
59496,12786,4,2,2
260088,12787,4,1,3
48072,12788,4,1,3
166448,12789,4,3,1
136144,12790,4,2,2
190240,12791,4,2,2
356192,12792,4,2,2
69144,12793,4,1,3
116672,12794,4,2,2
336576,12795,4,3,1
69640,12796,4,2,2
120992,12797,4,2,2
253184,12798,4,3,1
75904,12799,4,1,3
270840,12800,4,3,1
100440,12801,4,2,2
60272,12802,4,1,3
180776,12803,4,1,3
32240,12804,4,2,2
54688,12805,4,3,1
407280,12806,4,2,2
86520,12807,4,2,2
65960,12808,4,1,3
360304,12809,4,3,1
116504,12810,4,2,2
68568,12811,4,0,4
170440,12812,4,1,3
121392,12813,4,3,1
123352,12814,4,1,3
67880,12815,4,2,2
55624,12816,4,4,0
205824,12817,4,2,2
271240,12818,4,3,1
73704,12819,4,3,1
121472,12820,4,1,3
320336,12821,4,3,1
111712,12822,4,1,3
127672,12823,4,0,4
244752,12824,4,0,4
188904,12825,4,3,1
23784,12826,4,2,2
71384,12827,4,2,2
46552,12828,4,0,4
51288,12829,4,1,3
66240,12830,4,3,1
71544,12831,4,3,1
126384,12832,4,1,3
86680,12833,4,1,3
170288,12834,4,1,3
59288,12835,4,3,1
177488,12836,4,3,1
72328,12837,4,1,3
81872,12838,4,0,4
75232,12839,4,2,2
236008,12840,4,1,3
83576,12841,4,2,2
87328,12842,4,3,1
65232,12843,4,3,1
68728,12844,4,2,2
419600,12845,4,2,2
86960,12846,4,1,3
188576,12847,4,2,2
151240,12848,4,2,2
120536,12849,4,3,1
102864,12850,4,3,1
60752,12851,4,3,1
137664,12852,4,3,1
77248,12853,4,3,1
71856,12854,4,2,2
71288,12855,4,2,2
106032,12856,4,4,0
328120,12857,4,1,3
233112,12858,4,4,0
128072,12859,4,3,1
67784,12860,4,2,2
562664,12861,4,3,1
94392,12862,4,0,4
121712,12863,4,1,3
404320,12864,4,2,2
270424,12865,4,1,3
283848,12866,4,3,1
239944,12867,4,0,4
82152,12868,4,3,1
66928,12869,4,3,1
226328,12870,4,3,1
133944,12871,4,3,1
104160,12872,4,1,3
181768,12873,4,2,2
53632,12874,4,1,3
89152,12875,4,4,0
180416,12876,4,0,4
109808,12877,4,3,1
60768,12878,4,1,3
40792,12879,4,3,1
177920,12880,4,2,2
105224,12881,4,1,3
154984,12882,4,1,3
97944,12883,4,3,1
159280,12884,4,1,3
250840,12885,4,2,2
117800,12886,4,2,2
99008,12887,4,4,0
282640,12888,4,2,2
61680,12889,4,2,2
234520,12890,4,3,1
400872,12891,4,3,1
365816,12892,4,2,2
128600,12893,4,3,1
193560,12894,4,2,2
150248,12895,4,2,2
63072,12896,4,1,3
191776,12897,4,1,3
103464,12898,4,1,3
589216,12899,4,3,1
504944,12900,4,2,2
719520,12901,4,2,2
80808,12902,4,1,3
199952,12903,4,1,3
819456,12904,4,3,1
257608,12905,4,3,1
365480,12906,4,2,2
107632,12907,4,4,0
244128,12908,4,1,3
78376,12909,4,2,2
130056,12910,4,1,3
105128,12911,4,2,2
115528,12912,4,3,1
184384,12913,4,1,3
172584,12914,4,2,2
201496,12915,4,3,1
218864,12916,4,2,2
62616,12917,4,3,1
125704,12918,4,3,1
148488,12919,4,2,2
291816,12920,4,3,1
333600,12921,4,4,0
692328,12922,4,3,1
385040,12923,4,1,3
229088,12924,4,3,1
387504,12925,4,2,2
97536,12926,4,2,2
144672,12927,4,1,3
71496,12928,4,3,1
1011600,12929,4,3,1
191104,12930,4,3,1
378920,12931,4,2,2
306648,12932,4,0,4
169792,12933,4,3,1
149832,12934,4,2,2
67064,12935,4,2,2
70056,12936,4,3,1
58320,12937,4,2,2
155560,12938,4,1,3
210728,12939,4,2,2
79992,12940,4,2,2
52736,12941,4,2,2
1963288,12942,4,2,2
151760,12943,4,2,2
68848,12944,4,2,2
75304,12945,4,2,2
182760,12946,4,3,1
187808,12947,4,1,3
162056,12948,4,1,3
145816,12949,4,1,3
50064,12950,4,2,2
399512,12951,4,2,2
154992,12952,4,2,2
228512,12953,4,2,2
225752,12954,4,2,2
132440,12955,4,1,3
290616,12956,4,1,3
156872,12957,4,2,2
223376,12958,4,0,4
111536,12959,4,1,3
512760,12960,4,0,4
141256,12961,4,2,2
90200,12962,4,1,3
269784,12963,4,2,2
145912,12964,4,1,3
110976,12965,4,2,2
229144,12966,4,3,1
100576,12967,4,0,4
56128,12968,4,3,1
96144,12969,4,1,3
83688,12970,4,2,2
196624,12971,4,3,1
71048,12972,4,2,2
148144,12973,4,4,0
104288,12974,4,1,3
137400,12975,4,2,2
121536,12976,4,2,2
164392,12977,4,3,1
395904,12978,4,2,2
63096,12979,4,2,2
97176,12980,4,1,3
131440,12981,4,2,2
264408,12982,4,1,3
51824,12983,4,2,2
77904,12984,4,2,2
58760,12985,4,1,3
464648,12986,4,0,4
37392,12987,4,2,2
563144,12988,4,2,2
83616,12989,4,2,2
65688,12990,4,2,2
413528,12991,4,1,3
272200,12992,4,2,2
374976,12993,4,3,1
213176,12994,4,1,3
102312,12995,4,1,3
52840,12996,4,2,2
103064,12997,4,3,1
129000,12998,4,3,1
1937576,12999,4,2,2
96048,13000,4,3,1
248232,13001,4,4,0
139240,13002,4,3,1
130496,13003,4,2,2
82896,13004,4,4,0
231008,13005,4,1,3
66280,13006,4,3,1
56568,13007,4,2,2
64016,13008,4,1,3
95016,13009,4,1,3
166200,13010,4,2,2
65968,13011,4,2,2
65272,13012,4,2,2
182496,13013,4,1,3
142960,13014,4,2,2
156080,13015,4,3,1
72680,13016,4,0,4
147232,13017,4,0,4
145904,13018,4,3,1
70144,13019,4,2,2
100560,13020,4,1,3
110248,13021,4,2,2
95024,13022,4,3,1
119592,13023,4,1,3
215560,13024,4,2,2
113256,13025,4,3,1
65568,13026,4,2,2
57184,13027,4,1,3
45584,13028,4,3,1
75760,13029,4,1,3
92936,13030,4,3,1
740896,13031,4,2,2
745056,13032,4,1,3
189368,13033,4,2,2
70032,13034,4,3,1
283208,13035,4,2,2
347064,13036,4,1,3
205752,13037,4,3,1
73536,13038,4,2,2
112824,13039,4,2,2
31640,13040,4,3,1
93880,13041,4,4,0
99264,13042,4,1,3
112232,13043,4,3,1
119992,13044,4,3,1
34352,13045,4,1,3
193344,13046,4,1,3
735552,13047,4,3,1
974440,13048,4,2,2
133784,13049,4,3,1
496752,13050,4,1,3
79016,13051,4,3,1
123168,13052,4,3,1
63392,13053,4,2,2
118648,13054,4,3,1
88104,13055,4,2,2
91840,13056,4,3,1
83256,13057,4,3,1
75976,13058,4,2,2
126040,13059,4,2,2
393368,13060,4,2,2
137952,13061,4,1,3
173272,13062,4,2,2
263152,13063,4,2,2
180032,13064,4,2,2
109472,13065,4,1,3
177512,13066,4,4,0
668960,13067,4,2,2
906776,13068,4,3,1
139984,13069,4,4,0
69920,13070,4,3,1
74496,13071,4,1,3
320608,13072,4,1,3
93992,13073,4,1,3
91368,13074,4,2,2
98744,13075,4,2,2
187560,13076,4,2,2
123256,13077,4,3,1
89360,13078,4,1,3
209400,13079,4,2,2
94216,13080,4,1,3
343304,13081,4,2,2
78448,13082,4,2,2
74872,13083,4,1,3
85320,13084,4,1,3
46992,13085,4,2,2
76072,13086,4,3,1
482464,13087,4,1,3
69024,13088,4,3,1
164984,13089,4,3,1
107816,13090,4,2,2
101936,13091,4,2,2
168864,13092,4,3,1
297208,13093,4,2,2
106560,13094,4,0,4
171368,13095,4,1,3
196976,13096,4,2,2
87968,13097,4,2,2
115728,13098,4,1,3
177048,13099,4,2,2
58248,13100,4,3,1
50712,13101,4,1,3
54008,13102,4,2,2
53040,13103,4,2,2
50256,13104,4,0,4
81432,13105,4,3,1
276848,13106,4,4,0
241184,13107,4,1,3
73968,13108,4,3,1
155632,13109,4,2,2
51352,13110,4,1,3
430560,13111,4,4,0
513720,13112,4,3,1
782424,13113,4,3,1
350640,13114,4,2,2
103600,13115,4,2,2
179568,13116,4,1,3
111016,13117,4,3,1
324944,13118,4,2,2
102056,13119,4,1,3
146328,13120,4,2,2
69656,13121,4,3,1
52136,13122,4,3,1
103528,13123,4,1,3
158352,13124,4,2,2
115128,13125,4,2,2
183736,13126,4,2,2
114480,13127,4,2,2
114176,13128,4,2,2
226144,13129,4,2,2
568272,13130,4,0,4
244376,13131,4,2,2
104888,13132,4,4,0
80320,13133,4,3,1
91096,13134,4,3,1
286672,13135,4,2,2
112296,13136,4,3,1
84008,13137,4,1,3
100792,13138,4,2,2
276856,13139,4,3,1
221184,13140,4,1,3
173536,13141,4,1,3
79344,13142,4,1,3
139352,13143,4,0,4
51704,13144,4,1,3
110056,13145,4,1,3
100760,13146,4,3,1
132648,13147,4,4,0
555416,13148,4,3,1
96488,13149,4,2,2
178176,13150,4,1,3
359136,13151,4,1,3
221504,13152,4,0,4
207520,13153,4,3,1
68272,13154,4,1,3
95784,13155,4,0,4
228960,13156,4,1,3
51896,13157,4,3,1
150992,13158,4,1,3
41872,13159,4,2,2
306136,13160,4,2,2
55320,13161,4,0,4
184856,13162,4,2,2
131360,13163,4,2,2
73352,13164,4,0,4
1399208,13165,4,2,2
155656,13166,4,4,0
159880,13167,4,2,2
312848,13168,4,3,1
83424,13169,4,2,2
77840,13170,4,3,1
52224,13171,4,3,1
150224,13172,4,2,2
92896,13173,4,3,1
205368,13174,4,2,2
111952,13175,4,1,3
374000,13176,4,4,0
132072,13177,4,2,2
175664,13178,4,1,3
330472,13179,4,1,3
117104,13180,4,2,2
100472,13181,4,1,3
297728,13182,4,1,3
147872,13183,4,1,3
62112,13184,4,2,2
114984,13185,4,3,1
368984,13186,4,2,2
86968,13187,4,2,2
225224,13188,4,3,1
168272,13189,4,3,1
287184,13190,4,0,4
162560,13191,4,1,3
469848,13192,4,2,2
133136,13193,4,0,4
192600,13194,4,2,2
616504,13195,4,4,0
175240,13196,4,1,3
244848,13197,4,1,3
726320,13198,4,0,4
179672,13199,4,0,4
104392,13200,4,2,2
52440,13201,4,2,2
49520,13202,4,4,0
84824,13203,4,1,3
97096,13204,4,2,2
119656,13205,4,1,3
152576,13206,4,2,2
72808,13207,4,2,2
178184,13208,4,3,1
86400,13209,4,0,4
386576,13210,4,3,1
107048,13211,4,3,1
239864,13212,4,2,2
464640,13213,4,3,1
34128,13214,4,2,2
84272,13215,4,2,2
105192,13216,4,1,3
59704,13217,4,2,2
569840,13218,4,1,3
145496,13219,4,2,2
240008,13220,4,2,2
80080,13221,4,4,0
1886560,13222,4,2,2
114648,13223,4,2,2
107240,13224,4,3,1
51952,13225,4,2,2
211936,13226,4,1,3
215032,13227,4,2,2
132624,13228,4,0,4
299368,13229,4,1,3
57264,13230,4,4,0
41752,13231,4,4,0
216928,13232,4,2,2
90032,13233,4,1,3
245176,13234,4,1,3
284336,13235,4,4,0
105680,13236,4,2,2
312640,13237,4,3,1
43600,13238,4,2,2
69824,13239,4,3,1
166864,13240,4,3,1
171376,13241,4,2,2
271168,13242,4,3,1
227824,13243,4,4,0
35696,13244,4,2,2
106280,13245,4,0,4
112704,13246,4,3,1
134952,13247,4,2,2
164400,13248,4,1,3
151480,13249,4,2,2
86664,13250,4,3,1
616456,13251,4,1,3
101000,13252,4,2,2
88304,13253,4,1,3
330632,13254,4,0,4
32584,13255,4,3,1
155944,13256,4,2,2
309320,13257,4,3,1
287464,13258,4,0,4
175296,13259,4,2,2
210544,13260,4,3,1
195656,13261,4,2,2
49536,13262,4,1,3
86360,13263,4,1,3
58104,13264,4,1,3
42192,13265,4,2,2
264264,13266,4,3,1
67200,13267,4,2,2
64376,13268,4,1,3
88544,13269,4,3,1
64656,13270,4,3,1
162136,13271,4,3,1
92040,13272,4,3,1
244720,13273,4,2,2
282712,13274,4,3,1
147056,13275,4,3,1
279728,13276,4,1,3
487920,13277,4,3,1
70744,13278,4,1,3
253176,13279,4,3,1
43488,13280,4,4,0
252016,13281,4,1,3
123712,13282,4,1,3
97840,13283,4,2,2
840112,13284,4,2,2
108624,13285,4,3,1
128344,13286,4,2,2
141304,13287,4,2,2
134816,13288,4,2,2
197880,13289,4,3,1
75560,13290,4,3,1
83696,13291,4,2,2
1074920,13292,4,2,2
194288,13293,4,3,1
105168,13294,4,3,1
51032,13295,4,2,2
291608,13296,4,2,2
194720,13297,4,1,3
70064,13298,4,1,3
89176,13299,4,0,4
119480,13300,4,2,2
76320,13301,4,2,2
81984,13302,4,4,0
192576,13303,4,1,3
1338512,13304,4,1,3
246936,13305,4,2,2
47600,13306,4,2,2
245464,13307,4,3,1
94208,13308,4,1,3
85496,13309,4,3,1
678080,13310,4,2,2
200824,13311,4,3,1
65192,13312,4,3,1
170928,13313,4,3,1
94120,13314,4,2,2
396408,13315,4,2,2
63592,13316,4,2,2
94968,13317,4,1,3
280816,13318,4,3,1
541104,13319,4,1,3
405704,13320,4,1,3
128184,13321,4,2,2
152016,13322,4,1,3
70800,13323,4,2,2
205496,13324,4,3,1
80064,13325,4,1,3
98168,13326,4,2,2
101944,13327,4,2,2
72864,13328,4,1,3
89800,13329,4,2,2
137416,13330,4,1,3
171808,13331,4,2,2
155280,13332,4,1,3
139672,13333,4,2,2
442176,13334,4,3,1
104272,13335,4,2,2
96152,13336,4,1,3
195216,13337,4,2,2
108448,13338,4,1,3
450968,13339,4,3,1
91112,13340,4,1,3
77112,13341,4,2,2
494376,13342,4,2,2
281000,13343,4,3,1
188376,13344,4,3,1
253696,13345,4,1,3
300792,13346,4,2,2
57336,13347,4,3,1
192312,13348,4,2,2
176664,13349,4,1,3
331344,13350,4,0,4
1623776,13351,4,2,2
243928,13352,4,2,2
812328,13353,4,3,1
614464,13354,4,2,2
129552,13355,4,2,2
125744,13356,4,4,0
184680,13357,4,1,3
65544,13358,4,2,2
279656,13359,4,1,3
88328,13360,4,1,3
104280,13361,4,1,3
480312,13362,4,2,2
65320,13363,4,4,0
73680,13364,4,0,4
172168,13365,4,1,3
496192,13366,4,2,2
580320,13367,4,0,4
69480,13368,4,4,0
214360,13369,4,1,3
72632,13370,4,2,2
101384,13371,4,3,1
361160,13372,4,3,1
45608,13373,4,2,2
131064,13374,4,2,2
96232,13375,4,3,1
352752,13376,4,1,3
129696,13377,4,3,1
118104,13378,4,1,3
368920,13379,4,2,2
170688,13380,4,3,1
92504,13381,4,3,1
529200,13382,4,2,2
112560,13383,4,1,3
361360,13384,4,1,3
402536,13385,4,2,2
146704,13386,4,2,2
50968,13387,4,1,3
506728,13388,4,2,2
63120,13389,4,2,2
49528,13390,4,1,3
574880,13391,4,3,1
856080,13392,4,2,2
143056,13393,4,2,2
66288,13394,4,2,2
66024,13395,4,2,2
82232,13396,4,2,2
92088,13397,4,2,2
99512,13398,4,2,2
137216,13399,4,1,3
88664,13400,4,4,0
232440,13401,4,2,2
162544,13402,4,3,1
235808,13403,4,1,3
485864,13404,4,3,1
212960,13405,4,2,2
120568,13406,4,1,3
528712,13407,4,3,1
398616,13408,4,1,3
88584,13409,4,2,2
79256,13410,4,1,3
86216,13411,4,3,1
119192,13412,4,1,3
35952,13413,4,1,3
70096,13414,4,2,2
123704,13415,4,2,2
129768,13416,4,3,1
177128,13417,4,2,2
202920,13418,4,1,3
105384,13419,4,1,3
53152,13420,4,2,2
340576,13421,4,1,3
114016,13422,4,1,3
341904,13423,4,3,1
277640,13424,4,2,2
171088,13425,4,2,2
216720,13426,4,2,2
140248,13427,4,2,2
191368,13428,4,2,2
95120,13429,4,3,1
216344,13430,4,2,2
251568,13431,4,4,0
54344,13432,4,0,4
220152,13433,4,3,1
129368,13434,4,1,3
368552,13435,4,2,2
166952,13436,4,2,2
140016,13437,4,2,2
68888,13438,4,0,4
129576,13439,4,1,3
66008,13440,4,1,3
59552,13441,4,2,2
240224,13442,4,1,3
101800,13443,4,2,2
188328,13444,4,4,0
83968,13445,4,1,3
218320,13446,4,2,2
112896,13447,4,3,1
117232,13448,4,1,3
164704,13449,4,1,3
97968,13450,4,3,1
170840,13451,4,4,0
250936,13452,4,1,3
354008,13453,4,3,1
97584,13454,4,2,2
168096,13455,4,2,2
134720,13456,4,2,2
137712,13457,4,1,3
70576,13458,4,3,1
97720,13459,4,2,2
103312,13460,4,1,3
59896,13461,4,1,3
394720,13462,4,4,0
107464,13463,4,2,2
844776,13464,4,1,3
294216,13465,4,3,1
706408,13466,4,2,2
126816,13467,4,0,4
121624,13468,4,2,2
112336,13469,4,1,3
1167320,13470,4,3,1
87064,13471,4,3,1
53456,13472,4,1,3
294808,13473,4,2,2
110536,13474,4,2,2
621992,13475,4,1,3
94920,13476,4,4,0
79744,13477,4,3,1
150816,13478,4,3,1
289200,13479,4,3,1
109736,13480,4,3,1
268704,13481,4,2,2
457048,13482,4,1,3
189248,13483,4,3,1
139104,13484,4,1,3
32360,13485,4,2,2
276064,13486,4,1,3
246576,13487,4,2,2
74696,13488,4,2,2
325768,13489,4,2,2
1074816,13490,4,1,3
122104,13491,4,2,2
98392,13492,4,4,0
90016,13493,4,2,2
88408,13494,4,0,4
254304,13495,4,1,3
144360,13496,4,1,3
521280,13497,4,1,3
160800,13498,4,3,1
1555544,13499,4,1,3
149144,13500,4,4,0
228736,13501,4,1,3
281616,13502,4,1,3
90296,13503,4,2,2
60360,13504,4,2,2
125952,13505,4,3,1
537640,13506,4,4,0
684728,13507,4,1,3
154976,13508,4,2,2
47824,13509,4,2,2
181016,13510,4,1,3
131960,13511,4,1,3
215728,13512,4,3,1
109824,13513,4,3,1
81112,13514,4,3,1
547576,13515,4,4,0
104840,13516,4,2,2
172792,13517,4,4,0
94608,13518,4,1,3
151496,13519,4,3,1
153560,13520,4,3,1
95632,13521,4,1,3
1116256,13522,4,3,1
68456,13523,4,4,0
108560,13524,4,1,3
83296,13525,4,2,2
693792,13526,4,2,2
158000,13527,4,1,3
167960,13528,4,1,3
58208,13529,4,1,3
163320,13530,4,1,3
187704,13531,4,4,0
135848,13532,4,1,3
90264,13533,4,2,2
85616,13534,4,2,2
100720,13535,4,2,2
220768,13536,4,3,1
76640,13537,4,2,2
51216,13538,4,4,0
95440,13539,4,2,2
181824,13540,4,3,1
61752,13541,4,3,1
186288,13542,4,3,1
96672,13543,4,2,2
142256,13544,4,1,3
179016,13545,4,1,3
171536,13546,4,2,2
103760,13547,4,2,2
184816,13548,4,2,2
258888,13549,4,3,1
133864,13550,4,2,2
82584,13551,4,1,3
166472,13552,4,3,1
304704,13553,4,3,1
81680,13554,4,1,3
161216,13555,4,2,2
196368,13556,4,0,4
187112,13557,4,0,4
103160,13558,4,0,4
208240,13559,4,1,3
98848,13560,4,2,2
374648,13561,4,3,1
110744,13562,4,1,3
70272,13563,4,2,2
392568,13564,4,2,2
86480,13565,4,1,3
148024,13566,4,3,1
153272,13567,4,1,3
231304,13568,4,3,1
120240,13569,4,1,3
134944,13570,4,0,4
206336,13571,4,4,0
200656,13572,4,1,3
1522976,13573,4,3,1
113400,13574,4,2,2
145408,13575,4,3,1
903864,13576,4,1,3
136352,13577,4,0,4
122312,13578,4,0,4
376176,13579,4,1,3
61088,13580,4,2,2
197504,13581,4,1,3
220336,13582,4,2,2
106784,13583,4,1,3
144408,13584,4,1,3
102664,13585,4,1,3
65456,13586,4,3,1
151528,13587,4,2,2
239120,13588,4,2,2
459376,13589,4,3,1
207808,13590,4,2,2
135912,13591,4,2,2
50464,13592,4,1,3
218568,13593,4,1,3
76568,13594,4,2,2
127472,13595,4,1,3
89392,13596,4,2,2
191632,13597,4,0,4
118136,13598,4,1,3
134496,13599,4,1,3
126360,13600,4,1,3
128208,13601,4,2,2
145848,13602,4,0,4
153216,13603,4,0,4
345544,13604,4,2,2
91992,13605,4,3,1
381848,13606,4,3,1
482224,13607,4,3,1
159272,13608,4,2,2
151864,13609,4,2,2
96384,13610,4,2,2
144808,13611,4,2,2
636240,13612,4,2,2
136728,13613,4,1,3
144688,13614,4,2,2
74368,13615,4,0,4
162976,13616,4,2,2
640968,13617,4,2,2
1182888,13618,4,1,3
148296,13619,4,1,3
187536,13620,4,2,2
354968,13621,4,2,2
92608,13622,4,2,2
68448,13623,4,2,2
346104,13624,4,2,2
285488,13625,4,1,3
362520,13626,4,1,3
78192,13627,4,3,1
43512,13628,4,2,2
195536,13629,4,1,3
272752,13630,4,2,2
70584,13631,4,2,2
242304,13632,4,2,2
170408,13633,4,2,2
87464,13634,4,1,3
239432,13635,4,2,2
86008,13636,4,0,4
742728,13637,4,3,1
101624,13638,4,2,2
386184,13639,4,2,2
66384,13640,4,3,1
109352,13641,4,3,1
95272,13642,4,1,3
102224,13643,4,1,3
101328,13644,4,1,3
148392,13645,4,2,2
188816,13646,4,3,1
146384,13647,4,3,1
311072,13648,4,1,3
65800,13649,4,3,1
87904,13650,4,1,3
93904,13651,4,2,2
65848,13652,4,1,3
197704,13653,4,2,2
173488,13654,4,2,2
122928,13655,4,0,4
173928,13656,4,2,2
85608,13657,4,1,3
131984,13658,4,1,3
147592,13659,4,1,3
199040,13660,4,2,2
80616,13661,4,4,0
306376,13662,4,2,2
380816,13663,4,2,2
390048,13664,4,3,1
110408,13665,4,3,1
2213184,13666,4,1,3
258208,13667,4,2,2
74904,13668,4,2,2
339576,13669,4,2,2
124128,13670,4,3,1
120720,13671,4,2,2
90240,13672,4,1,3
235184,13673,4,1,3
42232,13674,4,2,2
129008,13675,4,3,1
83136,13676,4,2,2
150592,13677,4,2,2
102448,13678,4,3,1
101816,13679,4,2,2
164824,13680,4,1,3
111656,13681,4,2,2
66400,13682,4,3,1
201016,13683,4,2,2
35536,13684,4,2,2
369536,13685,4,1,3
409320,13686,4,2,2
93384,13687,4,1,3
421480,13688,4,4,0
86160,13689,4,2,2
481264,13690,4,2,2
336320,13691,4,2,2
148656,13692,4,4,0
136488,13693,4,3,1
82848,13694,4,3,1
317184,13695,4,2,2
80872,13696,4,3,1
248992,13697,4,1,3
178872,13698,4,3,1
111704,13699,4,2,2
407024,13700,4,2,2
109064,13701,4,3,1
115352,13702,4,2,2
92600,13703,4,2,2
255432,13704,4,3,1
243992,13705,4,1,3
207448,13706,4,0,4
277584,13707,4,3,1
50272,13708,4,2,2
168928,13709,4,3,1
190216,13710,4,1,3
96120,13711,4,3,1
182248,13712,4,0,4
131704,13713,4,2,2
111496,13714,4,4,0
133224,13715,4,2,2
127272,13716,4,2,2
70792,13717,4,3,1
81224,13718,4,2,2
52760,13719,4,2,2
103768,13720,4,3,1
179240,13721,4,1,3
70496,13722,4,4,0
69976,13723,4,2,2
311720,13724,4,1,3
117376,13725,4,2,2
551576,13726,4,2,2
102168,13727,4,1,3
372264,13728,4,3,1
122328,13729,4,4,0
97208,13730,4,2,2
74856,13731,4,1,3
269776,13732,4,0,4
193592,13733,4,1,3
306592,13734,4,1,3
198080,13735,4,2,2
189808,13736,4,2,2
79416,13737,4,1,3
75696,13738,4,3,1
208656,13739,4,1,3
106016,13740,4,2,2
247376,13741,4,3,1
124480,13742,4,2,2
55120,13743,4,0,4
242472,13744,4,3,1
182208,13745,4,2,2
61288,13746,4,2,2
294872,13747,4,3,1
79896,13748,4,3,1
520848,13749,4,3,1
115944,13750,4,3,1
84752,13751,4,1,3
49088,13752,4,3,1
69840,13753,4,1,3
171840,13754,4,1,3
372296,13755,4,1,3
221240,13756,4,3,1
174168,13757,4,2,2
96448,13758,4,3,1
273296,13759,4,1,3
111216,13760,4,2,2
211344,13761,4,2,2
153968,13762,4,1,3
82080,13763,4,3,1
56272,13764,4,4,0
236856,13765,4,3,1
99840,13766,4,0,4
159552,13767,4,2,2
328104,13768,4,2,2
241032,13769,4,3,1
64040,13770,4,2,2
138528,13771,4,2,2
171848,13772,4,1,3
53192,13773,4,3,1
225712,13774,4,2,2
71728,13775,4,1,3
259288,13776,4,2,2
119128,13777,4,4,0
163496,13778,4,2,2
233152,13779,4,2,2
312864,13780,4,1,3
540464,13781,4,1,3
81736,13782,4,2,2
32072,13783,4,2,2
517736,13784,4,3,1
159224,13785,4,3,1
121808,13786,4,2,2
89128,13787,4,1,3
407328,13788,4,0,4
149048,13789,4,3,1
138280,13790,4,3,1
131336,13791,4,1,3
274272,13792,4,4,0
67760,13793,4,2,2
60048,13794,4,3,1
60296,13795,4,2,2
113320,13796,4,1,3
59992,13797,4,2,2
363680,13798,4,1,3
59944,13799,4,4,0
121104,13800,4,3,1
110416,13801,4,2,2
133464,13802,4,2,2
172696,13803,4,2,2
53904,13804,4,2,2
140656,13805,4,2,2
63456,13806,4,3,1
58632,13807,4,3,1
59056,13808,4,2,2
88880,13809,4,2,2
293192,13810,4,3,1
252136,13811,4,3,1
137232,13812,4,2,2
97576,13813,4,2,2
130176,13814,4,2,2
76328,13815,4,2,2
81968,13816,4,2,2
454896,13817,4,1,3
128904,13818,4,2,2
123048,13819,4,3,1
98352,13820,4,0,4
802760,13821,4,2,2
103704,13822,4,3,1
67032,13823,4,3,1
140088,13824,4,1,3
166384,13825,4,3,1
57920,13826,4,1,3
117528,13827,4,4,0
114576,13828,4,1,3
467768,13829,4,2,2
92904,13830,4,0,4
42088,13831,4,1,3
290144,13832,4,1,3
134032,13833,4,2,2
68512,13834,4,2,2
76520,13835,4,1,3
208880,13836,4,2,2
165440,13837,4,3,1
141488,13838,4,1,3
98096,13839,4,2,2
86512,13840,4,4,0
294720,13841,4,2,2
162768,13842,4,4,0
100984,13843,4,2,2
60664,13844,4,4,0
171936,13845,4,1,3
147848,13846,4,3,1
254400,13847,4,2,2
162576,13848,4,2,2
125864,13849,4,3,1
270808,13850,4,2,2
152432,13851,4,1,3
175064,13852,4,1,3
112088,13853,4,3,1
150600,13854,4,1,3
174616,13855,4,2,2
172680,13856,4,4,0
55824,13857,4,0,4
112400,13858,4,1,3
88592,13859,4,4,0
63952,13860,4,0,4
151720,13861,4,4,0
596240,13862,4,3,1
65376,13863,4,3,1
246408,13864,4,3,1
153408,13865,4,1,3
280208,13866,4,2,2
1089112,13867,4,1,3
157880,13868,4,0,4
463648,13869,4,4,0
93856,13870,4,0,4
86240,13871,4,3,1
112848,13872,4,1,3
112408,13873,4,2,2
376968,13874,4,1,3
53112,13875,4,3,1
91160,13876,4,2,2
380184,13877,4,3,1
231056,13878,4,3,1
66432,13879,4,2,2
710064,13880,4,1,3
801632,13881,4,3,1
123776,13882,4,3,1
133600,13883,4,2,2
183360,13884,4,1,3
331456,13885,4,2,2
251984,13886,4,1,3
108608,13887,4,1,3
105496,13888,4,3,1
246648,13889,4,2,2
120480,13890,4,2,2
104424,13891,4,2,2
276640,13892,4,2,2
120912,13893,4,4,0
83200,13894,4,1,3
449544,13895,4,3,1
786024,13896,4,4,0
483616,13897,4,3,1
113152,13898,4,0,4
201648,13899,4,2,2
219048,13900,4,1,3
122408,13901,4,3,1
303128,13902,4,2,2
68904,13903,4,2,2
61176,13904,4,2,2
90744,13905,4,4,0
51128,13906,4,1,3
163552,13907,4,1,3
326848,13908,4,2,2
318056,13909,4,2,2
88256,13910,4,3,1
178336,13911,4,1,3
43456,13912,4,2,2
592128,13913,4,2,2
183480,13914,4,2,2
123080,13915,4,2,2
85024,13916,4,0,4
108680,13917,4,2,2
223072,13918,4,1,3
173848,13919,4,3,1
503296,13920,4,2,2
213216,13921,4,0,4
65352,13922,4,2,2
330792,13923,4,2,2
164432,13924,4,1,3
130736,13925,4,1,3
92120,13926,4,2,2
208368,13927,4,1,3
219792,13928,4,1,3
53552,13929,4,2,2
74936,13930,4,3,1
342576,13931,4,2,2
115152,13932,4,1,3
49616,13933,4,1,3
396976,13934,4,3,1
417488,13935,4,2,2
135416,13936,4,0,4
585120,13937,4,1,3
84576,13938,4,1,3
782728,13939,4,2,2
113064,13940,4,1,3
62248,13941,4,0,4
569856,13942,4,1,3
175368,13943,4,1,3
169240,13944,4,2,2
94784,13945,4,2,2
347136,13946,4,1,3
100656,13947,4,0,4
126208,13948,4,2,2
105000,13949,4,3,1
69992,13950,4,2,2
114832,13951,4,3,1
109632,13952,4,3,1
80208,13953,4,2,2
691912,13954,4,2,2
335448,13955,4,1,3
84456,13956,4,1,3
247928,13957,4,4,0
121192,13958,4,1,3
105264,13959,4,1,3
162680,13960,4,2,2
53392,13961,4,3,1
75360,13962,4,2,2
50232,13963,4,1,3
130128,13964,4,3,1
177256,13965,4,2,2
78552,13966,4,3,1
619848,13967,4,2,2
1082536,13968,4,3,1
173224,13969,4,2,2
70552,13970,4,2,2
81320,13971,4,2,2
145608,13972,4,2,2
105720,13973,4,1,3
77632,13974,4,3,1
113792,13975,4,2,2
83776,13976,4,2,2
335024,13977,4,3,1
108640,13978,4,2,2
209192,13979,4,1,3
91568,13980,4,0,4
181832,13981,4,1,3
76776,13982,4,3,1
101248,13983,4,1,3
92000,13984,4,2,2
65920,13985,4,3,1
166616,13986,4,1,3
107568,13987,4,2,2
168824,13988,4,2,2
488080,13989,4,4,0
171352,13990,4,1,3
140744,13991,4,3,1
89688,13992,4,1,3
417080,13993,4,3,1
360528,13994,4,1,3
633256,13995,4,1,3
166144,13996,4,3,1
317472,13997,4,2,2
185376,13998,4,3,1
123800,13999,4,2,2
101824,14000,4,1,3
92696,14001,4,1,3
232552,14002,4,3,1
74960,14003,4,2,2
141512,14004,4,1,3
239688,14005,4,2,2
131952,14006,4,2,2
37848,14007,4,3,1
44480,14008,4,2,2
651336,14009,4,2,2
681488,14010,4,2,2
335400,14011,4,1,3
64664,14012,4,2,2
112304,14013,4,0,4
72768,14014,4,2,2
411896,14015,4,1,3
300768,14016,4,3,1
643632,14017,4,3,1
109744,14018,4,2,2
87760,14019,4,0,4
64536,14020,4,2,2
200344,14021,4,1,3
48000,14022,4,2,2
73376,14023,4,2,2
225176,14024,4,3,1
399032,14025,4,1,3
292328,14026,4,1,3
259544,14027,4,1,3
145448,14028,4,1,3
497392,14029,4,2,2
502152,14030,4,2,2
81072,14031,4,2,2
151016,14032,4,3,1
70392,14033,4,2,2
78576,14034,4,3,1
105480,14035,4,0,4
58552,14036,4,0,4
95616,14037,4,3,1
273840,14038,4,2,2
44312,14039,4,1,3
179512,14040,4,0,4
69752,14041,4,2,2
162128,14042,4,2,2
99336,14043,4,2,2
173176,14044,4,1,3
58928,14045,4,2,2
413696,14046,4,1,3
282736,14047,4,2,2
109128,14048,4,0,4
277616,14049,4,2,2
489192,14050,4,3,1
44472,14051,4,3,1
118560,14052,4,4,0
190200,14053,4,3,1
81776,14054,4,2,2
136248,14055,4,4,0
55232,14056,4,1,3
199800,14057,4,1,3
201544,14058,4,1,3
81376,14059,4,1,3
93104,14060,4,1,3
237280,14061,4,1,3
160480,14062,4,4,0
449864,14063,4,3,1
369968,14064,4,3,1
150352,14065,4,1,3
61000,14066,4,4,0
121568,14067,4,3,1
47736,14068,4,0,4
168528,14069,4,3,1
94776,14070,4,0,4
59968,14071,4,2,2
111552,14072,4,3,1
262296,14073,4,3,1
139416,14074,4,2,2
76848,14075,4,1,3
114336,14076,4,1,3
470256,14077,4,4,0
163880,14078,4,3,1
87872,14079,4,1,3
338816,14080,4,3,1
61944,14081,4,1,3
79832,14082,4,3,1
1374880,14083,4,2,2
201440,14084,4,2,2
202816,14085,4,1,3
239272,14086,4,2,2
103832,14087,4,2,2
172392,14088,4,1,3
65408,14089,4,2,2
188456,14090,4,2,2
555824,14091,4,1,3
67496,14092,4,2,2
459624,14093,4,2,2
265400,14094,4,1,3
128000,14095,4,1,3
149744,14096,4,2,2
98672,14097,4,3,1
147440,14098,4,1,3
351200,14099,4,2,2
49280,14100,4,2,2
136952,14101,4,4,0
30248,14102,4,3,1
127232,14103,4,2,2
206832,14104,4,1,3
156688,14105,4,3,1
194568,14106,4,3,1
545688,14107,4,2,2
192608,14108,4,3,1
117208,14109,4,2,2
183896,14110,4,3,1
86264,14111,4,3,1
121752,14112,4,2,2
127640,14113,4,0,4
125456,14114,4,4,0
256864,14115,4,3,1
88040,14116,4,3,1
48832,14117,4,2,2
325912,14118,4,2,2
51576,14119,4,1,3
60304,14120,4,2,2
166192,14121,4,2,2
173432,14122,4,2,2
216552,14123,4,3,1
63488,14124,4,2,2
329856,14125,4,3,1
196936,14126,4,1,3
54592,14127,4,3,1
79952,14128,4,2,2
64528,14129,4,1,3
320032,14130,4,3,1
416248,14131,4,3,1
515672,14132,4,2,2
152208,14133,4,2,2
113864,14134,4,1,3
151576,14135,4,4,0
59000,14136,4,3,1
245592,14137,4,3,1
127792,14138,4,2,2
186632,14139,4,2,2
207840,14140,4,2,2
105824,14141,4,3,1
188120,14142,4,2,2
152896,14143,4,3,1
84432,14144,4,2,2
358560,14145,4,1,3
81040,14146,4,3,1
82256,14147,4,0,4
52520,14148,4,2,2
177528,14149,4,3,1
350392,14150,4,2,2
238512,14151,4,1,3
84512,14152,4,1,3
77776,14153,4,2,2
142512,14154,4,3,1
328232,14155,4,1,3
157712,14156,4,1,3
888272,14157,4,3,1
167504,14158,4,2,2
210432,14159,4,1,3
235264,14160,4,2,2
55728,14161,4,0,4
193984,14162,4,0,4
47664,14163,4,2,2
78808,14164,4,1,3
648672,14165,4,2,2
72824,14166,4,1,3
171792,14167,4,1,3
729144,14168,4,1,3
121384,14169,4,2,2
103608,14170,4,1,3
104128,14171,4,0,4
133048,14172,4,2,2
285384,14173,4,1,3
75920,14174,4,0,4
243976,14175,4,3,1
175376,14176,4,1,3
131344,14177,4,2,2
43032,14178,4,2,2
66440,14179,4,1,3
307232,14180,4,2,2
177504,14181,4,2,2
166072,14182,4,2,2
96080,14183,4,2,2
76216,14184,4,2,2
543432,14185,4,0,4
35880,14186,4,2,2
100296,14187,4,3,1
92136,14188,4,2,2
279760,14189,4,1,3
484272,14190,4,2,2
645136,14191,4,2,2
199520,14192,4,2,2
122512,14193,4,3,1
176288,14194,4,1,3
225520,14195,4,2,2
160064,14196,4,2,2
87680,14197,4,1,3
705480,14198,4,1,3
76288,14199,4,3,1
97520,14200,4,2,2
210240,14201,4,1,3
207440,14202,4,3,1
120192,14203,4,2,2
76016,14204,4,1,3
278896,14205,4,2,2
182344,14206,4,2,2
123464,14207,4,2,2
75112,14208,4,2,2
127536,14209,4,0,4
185840,14210,4,3,1
135568,14211,4,2,2
111152,14212,4,2,2
146120,14213,4,2,2
164736,14214,4,2,2
241608,14215,4,3,1
580056,14216,4,3,1
189216,14217,4,4,0
81280,14218,4,3,1
77560,14219,4,3,1
85224,14220,4,2,2
54424,14221,4,2,2
96576,14222,4,4,0
136568,14223,4,4,0
100488,14224,4,2,2
119064,14225,4,2,2
163344,14226,4,0,4
111344,14227,4,2,2
116384,14228,4,3,1
83088,14229,4,3,1
118848,14230,4,2,2
220088,14231,4,1,3
145936,14232,4,1,3
620776,14233,4,3,1
183104,14234,4,2,2
47984,14235,4,1,3
117936,14236,4,3,1
45744,14237,4,2,2
168672,14238,4,3,1
62632,14239,4,3,1
89784,14240,4,1,3
110088,14241,4,2,2
65040,14242,4,2,2
72600,14243,4,4,0
77784,14244,4,3,1
224976,14245,4,1,3
199664,14246,4,3,1
116456,14247,4,1,3
211376,14248,4,2,2
63400,14249,4,3,1
221840,14250,4,3,1
104864,14251,4,3,1
627384,14252,4,0,4
220008,14253,4,0,4
256960,14254,4,2,2
224264,14255,4,3,1
152584,14256,4,2,2
126808,14257,4,3,1
351680,14258,4,2,2
136576,14259,4,4,0
92256,14260,4,2,2
68552,14261,4,1,3
160904,14262,4,1,3
142272,14263,4,0,4
59112,14264,4,3,1
51200,14265,4,1,3
211240,14266,4,3,1
65872,14267,4,2,2
108320,14268,4,1,3
284016,14269,4,3,1
349032,14270,4,3,1
113160,14271,4,4,0
213480,14272,4,2,2
140424,14273,4,3,1
124200,14274,4,1,3
55048,14275,4,2,2
189608,14276,4,2,2
133456,14277,4,1,3
339400,14278,4,3,1
157504,14279,4,1,3
250056,14280,4,0,4
347024,14281,4,2,2
72176,14282,4,3,1
151128,14283,4,4,0
105072,14284,4,2,2
72352,14285,4,1,3
336032,14286,4,3,1
54800,14287,4,4,0
210512,14288,4,0,4
138808,14289,4,2,2
85104,14290,4,1,3
88848,14291,4,1,3
94264,14292,4,4,0
181528,14293,4,3,1
251320,14294,4,4,0
177440,14295,4,4,0
83704,14296,4,1,3
120032,14297,4,1,3
95640,14298,4,1,3
290720,14299,4,2,2
176192,14300,4,1,3
86928,14301,4,2,2
156312,14302,4,3,1
96616,14303,4,1,3
380512,14304,4,2,2
75688,14305,4,1,3
142640,14306,4,1,3
273968,14307,4,3,1
140760,14308,4,1,3
82296,14309,4,3,1
71488,14310,4,3,1
473072,14311,4,2,2
40208,14312,4,4,0
141280,14313,4,2,2
177824,14314,4,1,3
130664,14315,4,3,1
69528,14316,4,3,1
78704,14317,4,3,1
221664,14318,4,2,2
110656,14319,4,3,1
606576,14320,4,2,2
126288,14321,4,2,2
248960,14322,4,3,1
125016,14323,4,2,2
134200,14324,4,2,2
147528,14325,4,4,0
440728,14326,4,1,3
109496,14327,4,1,3
84552,14328,4,2,2
140128,14329,4,2,2
116600,14330,4,3,1
189640,14331,4,3,1
81592,14332,4,2,2
99832,14333,4,2,2
73184,14334,4,4,0
126448,14335,4,2,2
112064,14336,4,3,1
99152,14337,4,0,4
307848,14338,4,0,4
107096,14339,4,2,2
165976,14340,4,3,1
65496,14341,4,1,3
287824,14342,4,1,3
119672,14343,4,1,3
88632,14344,4,2,2
177960,14345,4,2,2
62872,14346,4,4,0
141696,14347,4,1,3
46016,14348,4,1,3
60128,14349,4,3,1
139200,14350,4,2,2
103360,14351,4,2,2
23856,14352,4,2,2
171984,14353,4,1,3
173040,14354,4,2,2
90840,14355,4,2,2
78296,14356,4,1,3
288336,14357,4,4,0
52976,14358,4,1,3
255968,14359,4,1,3
95984,14360,4,3,1
42440,14361,4,3,1
104912,14362,4,1,3
46368,14363,4,3,1
213224,14364,4,3,1
83624,14365,4,1,3
324664,14366,4,3,1
214440,14367,4,4,0
85208,14368,4,2,2
120504,14369,4,2,2
206680,14370,4,3,1
100536,14371,4,1,3
118160,14372,4,2,2
71864,14373,4,2,2
155176,14374,4,2,2
95408,14375,4,4,0
40184,14376,4,3,1
120128,14377,4,3,1
148752,14378,4,1,3
206032,14379,4,2,2
185072,14380,4,2,2
217040,14381,4,1,3
61216,14382,4,2,2
198952,14383,4,2,2
109416,14384,4,3,1
300800,14385,4,2,2
97616,14386,4,1,3
120744,14387,4,3,1
86880,14388,4,2,2
152552,14389,4,3,1
60976,14390,4,1,3
88136,14391,4,3,1
102552,14392,4,1,3
58784,14393,4,3,1
135000,14394,4,1,3
117152,14395,4,3,1
131616,14396,4,1,3
39032,14397,4,0,4
423712,14398,4,2,2
70216,14399,4,2,2
99368,14400,4,3,1
193584,14401,4,2,2
111912,14402,4,3,1
229064,14403,4,2,2
118976,14404,4,1,3
337336,14405,4,2,2
44080,14406,4,2,2
163096,14407,4,1,3
876144,14408,4,3,1
77176,14409,4,3,1
96776,14410,4,4,0
75736,14411,4,1,3
73520,14412,4,3,1
133208,14413,4,1,3
88952,14414,4,2,2
141848,14415,4,1,3
128360,14416,4,3,1
32752,14417,4,2,2
471488,14418,4,3,1
58448,14419,4,3,1
253960,14420,4,2,2
198392,14421,4,2,2
168640,14422,4,0,4
86408,14423,4,2,2
373592,14424,4,1,3
105160,14425,4,3,1
76744,14426,4,1,3
103048,14427,4,3,1
66784,14428,4,3,1
40336,14429,4,2,2
54104,14430,4,1,3
225832,14431,4,2,2
248928,14432,4,3,1
510440,14433,4,3,1
100408,14434,4,2,2
196928,14435,4,1,3
810624,14436,4,2,2
195864,14437,4,2,2
106216,14438,4,2,2
84496,14439,4,2,2
45856,14440,4,1,3
232648,14441,4,2,2
102176,14442,4,3,1
103080,14443,4,2,2
46352,14444,4,2,2
128984,14445,4,1,3
159984,14446,4,3,1
82672,14447,4,0,4
398808,14448,4,3,1
84568,14449,4,0,4
415176,14450,4,1,3
822944,14451,4,3,1
352672,14452,4,0,4
115568,14453,4,3,1
241792,14454,4,2,2
193520,14455,3,1,2
165112,14456,3,3,0
115536,14457,3,2,1
76232,14458,3,1,2
176112,14459,3,2,1
461080,14460,3,1,2
1858152,14461,3,1,2
684112,14462,3,1,2
240448,14463,3,1,2
81064,14464,3,1,2
582976,14465,3,0,3
75632,14466,3,1,2
135264,14467,3,0,3
80904,14468,3,3,0
197496,14469,3,1,2
139944,14470,3,0,3
136024,14471,3,1,2
204992,14472,3,3,0
717360,14473,3,1,2
198688,14474,3,1,2
566136,14475,3,3,0
79200,14476,3,1,2
67160,14477,3,2,1
193136,14478,3,1,2
192304,14479,3,2,1
147824,14480,3,1,2
203672,14481,3,2,1
101016,14482,3,1,2
512824,14483,3,2,1
413064,14484,3,1,2
128048,14485,3,1,2
230296,14486,3,2,1
207960,14487,3,3,0
367488,14488,3,1,2
365040,14489,3,3,0
208672,14490,3,3,0
103256,14491,3,1,2
248264,14492,3,3,0
84144,14493,3,2,1
173680,14494,3,2,1
367064,14495,3,3,0
375824,14496,3,1,2
52792,14497,3,1,2
489840,14498,3,3,0
370944,14499,3,2,1
200744,14500,3,2,1
350320,14501,3,3,0
111856,14502,3,0,3
248368,14503,3,0,3
240688,14504,3,2,1
84248,14505,3,1,2
315040,14506,3,1,2
201632,14507,3,1,2
755928,14508,3,2,1
58568,14509,3,2,1
315392,14510,3,3,0
100856,14511,3,2,1
291576,14512,3,3,0
107320,14513,3,1,2
152872,14514,3,2,1
317424,14515,3,2,1
135432,14516,3,1,2
709176,14517,3,2,1
171392,14518,3,2,1
1231432,14519,3,1,2
399016,14520,3,1,2
237952,14521,3,1,2
184888,14522,3,0,3
120576,14523,3,2,1
301128,14524,3,1,2
683304,14525,3,1,2
122984,14526,3,2,1
161640,14527,3,2,1
94184,14528,3,3,0
610544,14529,3,3,0
334616,14530,3,1,2
133088,14531,3,3,0
258528,14532,3,1,2
71280,14533,3,1,2
522488,14534,3,2,1
5138024,14535,3,0,3
143520,14536,3,1,2
655096,14537,3,2,1
145056,14538,3,3,0
182024,14539,3,1,2
211880,14540,3,1,2
212904,14541,3,1,2
132728,14542,3,1,2
67232,14543,3,2,1
585656,14544,3,1,2
215224,14545,3,0,3
890488,14546,3,1,2
196768,14547,3,1,2
215752,14548,3,2,1
407144,14549,3,2,1
199464,14550,3,3,0
642160,14551,3,0,3
161784,14552,3,1,2
177272,14553,3,2,1
849648,14554,3,2,1
170464,14555,3,2,1
316176,14556,3,1,2
231896,14557,3,2,1
474720,14558,3,2,1
210464,14559,3,3,0
222504,14560,3,3,0
230864,14561,3,1,2
398112,14562,3,1,2
93776,14563,3,1,2
186736,14564,3,0,3
251928,14565,3,0,3
132544,14566,3,3,0
770024,14567,3,2,1
131968,14568,3,2,1
649280,14569,3,2,1
925184,14570,3,2,1
1915656,14571,3,1,2
165352,14572,3,2,1
766992,14573,3,1,2
723024,14574,3,1,2
46760,14575,3,1,2
254152,14576,3,1,2
271648,14577,3,2,1
222488,14578,3,2,1
400896,14579,3,1,2
907976,14580,3,2,1
287696,14581,3,0,3
753944,14582,3,1,2
882856,14583,3,1,2
709944,14584,3,2,1
302800,14585,3,0,3
110576,14586,3,2,1
246192,14587,3,2,1
113640,14588,3,1,2
581520,14589,3,1,2
267120,14590,3,0,3
346072,14591,3,3,0
107168,14592,3,3,0
609376,14593,3,3,0
291512,14594,3,2,1
164976,14595,3,1,2
934768,14596,3,1,2
284640,14597,3,1,2
407912,14598,3,2,1
1255248,14599,3,1,2
513328,14600,3,3,0
163696,14601,3,1,2
939392,14602,3,1,2
433832,14603,3,2,1
213920,14604,3,1,2
63600,14605,3,1,2
143528,14606,3,1,2
162432,14607,3,2,1
96000,14608,3,0,3
59432,14609,3,1,2
132616,14610,3,0,3
53312,14611,3,1,2
71936,14612,3,2,1
121904,14613,3,1,2
353880,14614,3,0,3
259928,14615,3,2,1
435056,14616,3,1,2
295008,14617,3,2,1
582656,14618,3,1,2
209992,14619,3,1,2
171896,14620,3,2,1
182304,14621,3,0,3
271176,14622,3,1,2
160328,14623,3,2,1
96400,14624,3,1,2
8381320,14625,3,2,1
315552,14626,3,0,3
101056,14627,3,1,2
445488,14628,3,2,1
87320,14629,3,3,0
139528,14630,3,1,2
1142016,14631,3,2,1
280640,14632,3,0,3
78648,14633,3,2,1
1661160,14634,3,0,3
307240,14635,3,2,1
110280,14636,3,2,1
251720,14637,3,2,1
309192,14638,3,1,2
45480,14639,3,1,2
780064,14640,3,1,2
305976,14641,3,1,2
161696,14642,3,1,2
183440,14643,3,2,1
373632,14644,3,2,1
373560,14645,3,2,1
654088,14646,3,1,2
103024,14647,3,2,1
176864,14648,3,2,1
92880,14649,3,2,1
222432,14650,3,2,1
361376,14651,3,1,2
120264,14652,3,1,2
309088,14653,3,1,2
142600,14654,3,1,2
119472,14655,3,1,2
263760,14656,3,1,2
178136,14657,3,3,0
89928,14658,3,2,1
505200,14659,3,1,2
175536,14660,3,1,2
406184,14661,3,2,1
2777888,14662,3,2,1
533112,14663,3,3,0
354672,14664,3,0,3
528592,14665,3,1,2
169880,14666,3,1,2
278848,14667,3,2,1
299824,14668,3,2,1
184944,14669,3,2,1
187072,14670,3,3,0
115976,14671,3,2,1
102896,14672,3,2,1
833080,14673,3,1,2
79120,14674,3,1,2
139096,14675,3,2,1
143496,14676,3,0,3
746816,14677,3,2,1
161760,14678,3,3,0
110888,14679,3,1,2
81544,14680,3,1,2
112416,14681,3,1,2
115792,14682,3,3,0
62576,14683,3,0,3
2792528,14684,3,2,1
138080,14685,3,1,2
476976,14686,3,2,1
49376,14687,3,1,2
425048,14688,3,2,1
400040,14689,3,1,2
84600,14690,3,1,2
293136,14691,3,2,1
103296,14692,3,0,3
246552,14693,3,3,0
203648,14694,3,3,0
78248,14695,3,0,3
7451336,14696,3,2,1
136000,14697,3,0,3
404336,14698,3,1,2
2727632,14699,3,1,2
149904,14700,3,2,1
98736,14701,3,2,1
342112,14702,3,1,2
495536,14703,3,2,1
169352,14704,3,1,2
80504,14705,3,1,2
457656,14706,3,2,1
227264,14707,3,2,1
123632,14708,3,0,3
379440,14709,3,0,3
204160,14710,3,2,1
91960,14711,3,3,0
456744,14712,3,1,2
5685584,14713,3,1,2
151728,14714,3,1,2
91032,14715,3,2,1
646112,14716,3,1,2
157776,14717,3,3,0
123320,14718,3,3,0
1031896,14719,3,2,1
258408,14720,3,2,1
239872,14721,3,2,1
64248,14722,3,1,2
351520,14723,3,2,1
191432,14724,3,1,2
79736,14725,3,1,2
1211360,14726,3,2,1
150424,14727,3,2,1
554024,14728,3,0,3
192360,14729,3,2,1
150440,14730,3,1,2
214688,14731,3,2,1
39072,14732,3,0,3
191080,14733,3,1,2
153952,14734,3,2,1
121696,14735,3,3,0
133912,14736,3,1,2
93496,14737,3,1,2
199296,14738,3,2,1
117688,14739,3,2,1
2526592,14740,3,1,2
352712,14741,3,1,2
172896,14742,3,0,3
356608,14743,3,1,2
94168,14744,3,0,3
736984,14745,3,1,2
1941560,14746,3,1,2
123472,14747,3,2,1
73344,14748,3,2,1
243536,14749,3,0,3
134048,14750,3,1,2
279896,14751,3,1,2
129736,14752,3,2,1
287304,14753,3,0,3
253904,14754,3,2,1
121960,14755,3,0,3
114544,14756,3,0,3
232088,14757,3,1,2
394840,14758,3,2,1
117888,14759,3,2,1
108656,14760,3,0,3
201872,14761,3,1,2
83120,14762,3,2,1
64832,14763,3,0,3
196424,14764,3,2,1
1154608,14765,3,2,1
1084480,14766,3,2,1
67400,14767,3,1,2
157808,14768,3,0,3
250720,14769,3,2,1
163128,14770,3,1,2
711728,14771,3,3,0
271336,14772,3,3,0
102104,14773,3,2,1
169416,14774,3,1,2
1532152,14775,3,2,1
813928,14776,3,1,2
985008,14777,3,3,0
35384,14778,3,2,1
1205048,14779,3,2,1
172312,14780,3,1,2
201904,14781,3,2,1
203112,14782,3,2,1
766032,14783,3,1,2
689576,14784,3,2,1
285240,14785,3,1,2
329496,14786,3,2,1
124304,14787,3,0,3
660128,14788,3,0,3
82888,14789,3,2,1
101712,14790,3,1,2
163400,14791,3,2,1
156344,14792,3,2,1
159512,14793,3,2,1
239744,14794,3,3,0
199144,14795,3,1,2
73672,14796,3,1,2
1096784,14797,3,3,0
681976,14798,3,1,2
840720,14799,3,2,1
210624,14800,3,1,2
306776,14801,3,1,2
400664,14802,3,2,1
100704,14803,3,2,1
226288,14804,3,1,2
1179160,14805,3,3,0
73688,14806,3,2,1
191176,14807,3,1,2
208104,14808,3,2,1
1280720,14809,3,2,1
157048,14810,3,1,2
89088,14811,3,2,1
249240,14812,3,2,1
114056,14813,3,1,2
236816,14814,3,1,2
698224,14815,3,1,2
281584,14816,3,1,2
148832,14817,3,1,2
197536,14818,3,1,2
140560,14819,3,0,3
742312,14820,3,1,2
186768,14821,3,2,1
175960,14822,3,2,1
1916920,14823,3,2,1
55968,14824,3,3,0
102888,14825,3,1,2
89880,14826,3,2,1
519216,14827,3,1,2
202888,14828,3,1,2
394232,14829,3,1,2
234808,14830,3,2,1
143928,14831,3,1,2
265600,14832,3,2,1
304208,14833,3,3,0
55848,14834,3,1,2
569144,14835,3,1,2
180704,14836,3,3,0
83528,14837,3,2,1
130136,14838,3,3,0
1027808,14839,3,2,1
583560,14840,3,1,2
121792,14841,3,1,2
157016,14842,3,2,1
144376,14843,3,2,1
564376,14844,3,2,1
157112,14845,3,2,1
224992,14846,3,1,2
71296,14847,3,0,3
60544,14848,3,1,2
651496,14849,3,0,3
502992,14850,3,2,1
78720,14851,3,0,3
364392,14852,3,3,0
161360,14853,3,3,0
189288,14854,3,2,1
120064,14855,3,3,0
439600,14856,3,1,2
136432,14857,3,0,3
133856,14858,3,2,1
115512,14859,3,1,2
64360,14860,3,1,2
202744,14861,3,3,0
373992,14862,3,2,1
116040,14863,3,1,2
240344,14864,3,2,1
898960,14865,3,2,1
2330752,14866,3,2,1
425208,14867,3,1,2
397184,14868,3,2,1
165480,14869,3,1,2
84888,14870,3,1,2
180464,14871,3,2,1
181088,14872,3,2,1
482920,14873,3,2,1
927464,14874,3,3,0
252120,14875,3,1,2
63800,14876,3,3,0
188032,14877,3,2,1
236048,14878,3,1,2
289608,14879,3,1,2
199624,14880,3,2,1
450760,14881,3,1,2
77480,14882,3,1,2
917256,14883,3,1,2
335296,14884,3,1,2
517384,14885,3,2,1
103672,14886,3,1,2
182800,14887,3,1,2
172024,14888,3,3,0
259720,14889,3,1,2
92240,14890,3,2,1
485352,14891,3,0,3
80688,14892,3,1,2
186672,14893,3,1,2
225208,14894,3,0,3
391120,14895,3,1,2
407152,14896,3,2,1
239960,14897,3,0,3
630440,14898,3,2,1
7310936,14899,3,1,2
35720,14900,3,0,3
393664,14901,3,1,2
194200,14902,3,1,2
387184,14903,3,1,2
750824,14904,3,1,2
260712,14905,3,0,3
530624,14906,3,1,2
350976,14907,3,1,2
544536,14908,3,2,1
300640,14909,3,2,1
628840,14910,3,1,2
152880,14911,3,2,1
339024,14912,3,1,2
105952,14913,3,2,1
167848,14914,3,2,1
5623040,14915,3,2,1
567712,14916,3,2,1
117000,14917,3,2,1
298240,14918,3,3,0
125280,14919,3,2,1
176168,14920,3,3,0
1000896,14921,3,1,2
86144,14922,3,0,3
990384,14923,3,1,2
175152,14924,3,1,2
174352,14925,3,0,3
335216,14926,3,2,1
2694224,14927,3,1,2
432704,14928,3,3,0
147296,14929,3,3,0
451496,14930,3,2,1
208872,14931,3,3,0
183680,14932,3,3,0
162360,14933,3,1,2
199384,14934,3,0,3
116888,14935,3,1,2
211912,14936,3,0,3
144184,14937,3,2,1
148800,14938,3,2,1
555640,14939,3,2,1
499520,14940,3,2,1
63576,14941,3,1,2
126648,14942,3,2,1
243640,14943,3,2,1
320712,14944,3,1,2
114024,14945,3,2,1
126568,14946,3,2,1
142392,14947,3,1,2
125568,14948,3,1,2
568088,14949,3,1,2
191720,14950,3,2,1
625064,14951,3,1,2
135160,14952,3,1,2
415384,14953,3,1,2
224848,14954,3,1,2
94448,14955,3,1,2
134760,14956,3,2,1
2522728,14957,3,2,1
275520,14958,3,1,2
325128,14959,3,2,1
1060896,14960,3,2,1
549320,14961,3,2,1
135752,14962,3,2,1
538088,14963,3,3,0
134936,14964,3,1,2
225656,14965,3,1,2
731120,14966,3,1,2
311824,14967,3,2,1
172688,14968,3,2,1
518344,14969,3,0,3
88792,14970,3,3,0
239736,14971,3,1,2
1394456,14972,3,1,2
201624,14973,3,1,2
58392,14974,3,0,3
120936,14975,3,2,1
306560,14976,3,2,1
754280,14977,3,2,1
220512,14978,3,2,1
151552,14979,3,0,3
70872,14980,3,2,1
1214352,14981,3,1,2
164256,14982,3,0,3
247768,14983,3,3,0
140320,14984,3,0,3
388992,14985,3,1,2
204328,14986,3,1,2
224704,14987,3,2,1
141376,14988,3,2,1
217168,14989,3,2,1
2260944,14990,3,1,2
162080,14991,3,2,1
392560,14992,3,1,2
301568,14993,3,2,1
219104,14994,3,3,0
328792,14995,3,2,1
52040,14996,3,0,3
205816,14997,3,1,2
509816,14998,3,0,3
353504,14999,3,2,1
632256,15000,3,0,3
2010192,15001,3,1,2
75584,15002,3,0,3
119584,15003,3,2,1
116848,15004,3,1,2
292824,15005,3,2,1
522816,15006,3,3,0
188136,15007,3,2,1
151800,15008,3,1,2
186576,15009,3,3,0
90608,15010,3,0,3
161024,15011,3,1,2
270328,15012,3,3,0
112792,15013,3,1,2
1566136,15014,3,2,1
203480,15015,3,1,2
186240,15016,3,2,1
206304,15017,3,3,0
279864,15018,3,1,2
65936,15019,3,2,1
294680,15020,3,3,0
641648,15021,3,2,1
1202584,15022,3,2,1
140720,15023,3,3,0
264336,15024,3,3,0
106680,15025,3,0,3
235576,15026,3,3,0
94872,15027,3,2,1
59864,15028,3,0,3
245768,15029,3,0,3
551888,15030,3,1,2
395448,15031,3,2,1
410616,15032,3,1,2
256248,15033,3,3,0
69960,15034,3,2,1
283560,15035,3,2,1
122240,15036,3,3,0
810984,15037,3,1,2
184552,15038,3,1,2
593976,15039,3,2,1
134888,15040,3,2,1
389288,15041,3,0,3
336064,15042,3,2,1
259832,15043,3,2,1
182704,15044,3,2,1
281912,15045,3,3,0
360520,15046,3,1,2
206520,15047,3,2,1
786208,15048,3,0,3
69928,15049,3,1,2
232456,15050,3,2,1
245608,15051,3,1,2
3341032,15052,3,3,0
411272,15053,3,2,1
310960,15054,3,1,2
598152,15055,3,0,3
864160,15056,3,2,1
422160,15057,3,3,0
849400,15058,3,1,2
403376,15059,3,2,1
136176,15060,3,0,3
336456,15061,3,2,1
217536,15062,3,2,1
114680,15063,3,2,1
301032,15064,3,2,1
272528,15065,3,3,0
294496,15066,3,1,2
165608,15067,3,2,1
183216,15068,3,2,1
404888,15069,3,2,1
155200,15070,3,2,1
60480,15071,3,1,2
170008,15072,3,2,1
1158120,15073,3,2,1
126056,15074,3,2,1
412432,15075,3,1,2
236864,15076,3,1,2
223664,15077,3,3,0
236344,15078,3,2,1
757328,15079,3,2,1
199720,15080,3,1,2
83312,15081,3,1,2
49320,15082,3,3,0
215336,15083,3,2,1
124320,15084,3,2,1
815888,15085,3,1,2
106760,15086,3,2,1
100616,15087,3,2,1
647320,15088,3,0,3
143976,15089,3,2,1
194032,15090,3,1,2
285304,15091,3,1,2
234496,15092,3,1,2
151504,15093,3,1,2
96248,15094,3,2,1
76384,15095,3,1,2
48408,15096,3,1,2
149440,15097,3,2,1
197168,15098,3,1,2
484968,15099,3,0,3
1421304,15100,3,3,0
794608,15101,3,0,3
191552,15102,3,1,2
94680,15103,3,2,1
195752,15104,3,3,0
91544,15105,3,1,2
106696,15106,3,1,2
277696,15107,3,1,2
2357456,15108,3,3,0
160496,15109,3,3,0
50976,15110,3,1,2
98464,15111,3,2,1
171280,15112,3,0,3
729664,15113,3,2,1
76728,15114,3,2,1
314128,15115,3,3,0
322432,15116,3,2,1
62512,15117,3,2,1
433552,15118,3,0,3
333376,15119,3,2,1
806944,15120,3,2,1
84024,15121,3,1,2
97984,15122,3,2,1
238040,15123,3,3,0
554472,15124,3,2,1
291704,15125,3,2,1
184112,15126,3,2,1
161304,15127,3,2,1
481536,15128,3,2,1
259440,15129,3,2,1
1173608,15130,3,2,1
564368,15131,3,1,2
413648,15132,3,1,2
469808,15133,3,3,0
144256,15134,3,1,2
448112,15135,3,2,1
106776,15136,3,3,0
184656,15137,3,2,1
230736,15138,3,2,1
428864,15139,3,2,1
69944,15140,3,3,0
70504,15141,3,1,2
787880,15142,3,1,2
1354216,15143,3,1,2
169664,15144,3,3,0
66696,15145,3,0,3
969720,15146,3,2,1
62640,15147,3,3,0
564304,15148,3,2,1
241888,15149,3,1,2
657088,15150,3,1,2
324032,15151,3,3,0
61824,15152,3,2,1
88464,15153,3,0,3
131216,15154,3,0,3
152600,15155,3,1,2
273848,15156,3,1,2
171456,15157,3,0,3
547112,15158,3,1,2
390256,15159,3,2,1
145728,15160,3,1,2
281840,15161,3,1,2
163672,15162,3,1,2
48120,15163,3,2,1
481608,15164,3,2,1
304576,15165,3,2,1
311584,15166,3,0,3
667160,15167,3,0,3
100072,15168,3,1,2
160832,15169,3,2,1
66968,15170,3,3,0
1894008,15171,3,0,3
138328,15172,3,1,2
141016,15173,3,3,0
614736,15174,3,0,3
299392,15175,3,1,2
508880,15176,3,2,1
634776,15177,3,1,2
460224,15178,3,1,2
149320,15179,3,1,2
447640,15180,3,1,2
124896,15181,3,1,2
92528,15182,3,0,3
129880,15183,3,2,1
157984,15184,3,2,1
64176,15185,3,0,3
307512,15186,3,2,1
123392,15187,3,2,1
149232,15188,3,1,2
258104,15189,3,1,2
508144,15190,3,1,2
275576,15191,3,2,1
83072,15192,3,2,1
469040,15193,3,1,2
658328,15194,3,2,1
543136,15195,3,0,3
88088,15196,3,2,1
132248,15197,3,2,1
2252968,15198,3,3,0
65440,15199,3,2,1
105984,15200,3,2,1
151912,15201,3,2,1
931096,15202,3,2,1
218240,15203,3,1,2
252312,15204,3,1,2
166784,15205,3,1,2
2942376,15206,3,2,1
975416,15207,3,1,2
161968,15208,3,1,2
330920,15209,3,2,1
167432,15210,3,2,1
223560,15211,3,3,0
174560,15212,3,1,2
229824,15213,3,0,3
258472,15214,3,0,3
681808,15215,3,1,2
46104,15216,3,1,2
3796416,15217,3,1,2
192104,15218,3,2,1
345856,15219,3,0,3
383736,15220,3,1,2
203368,15221,3,1,2
232288,15222,3,0,3
245264,15223,3,1,2
185152,15224,3,1,2
87632,15225,3,2,1
402912,15226,3,0,3
1186280,15227,3,2,1
67848,15228,3,0,3
114048,15229,3,2,1
356744,15230,3,2,1
291128,15231,3,0,3
552128,15232,3,2,1
621944,15233,3,1,2
326128,15234,3,1,2
6374168,15235,3,3,0
128216,15236,3,2,1
157064,15237,3,1,2
80216,15238,3,2,1
257248,15239,3,2,1
202464,15240,3,2,1
137824,15241,3,0,3
229152,15242,3,2,1
158576,15243,3,1,2
186496,15244,3,2,1
197736,15245,3,1,2
471496,15246,3,0,3
920232,15247,3,1,2
162888,15248,3,1,2
121488,15249,3,2,1
142704,15250,3,2,1
448904,15251,3,1,2
107496,15252,3,2,1
120640,15253,3,2,1
77552,15254,3,2,1
297768,15255,3,2,1
1099760,15256,3,1,2
469632,15257,3,2,1
204568,15258,3,3,0
471192,15259,3,0,3
158784,15260,3,1,2
856104,15261,3,1,2
312448,15262,3,2,1
198832,15263,3,0,3
72880,15264,3,3,0
175120,15265,3,2,1
53400,15266,3,1,2
3791288,15267,3,1,2
173568,15268,3,0,3
675312,15269,3,1,2
417840,15270,3,3,0
175840,15271,3,0,3
113448,15272,3,1,2
129016,15273,3,1,2
191840,15274,3,2,1
224720,15275,3,0,3
188168,15276,3,2,1
462728,15277,3,1,2
81288,15278,3,0,3
211552,15279,3,2,1
299168,15280,3,1,2
196720,15281,3,0,3
205504,15282,3,2,1
1136040,15283,3,2,1
623288,15284,3,0,3
763920,15285,3,1,2
298400,15286,3,0,3
114008,15287,3,2,1
189448,15288,3,3,0
2129312,15289,3,3,0
81752,15290,3,3,0
385240,15291,3,2,1
60624,15292,3,2,1
702760,15293,3,0,3
193944,15294,3,1,2
187040,15295,3,3,0
348952,15296,3,1,2
4358112,15297,3,3,0
126832,15298,3,2,1
584280,15299,3,1,2
529320,15300,3,0,3
356912,15301,3,1,2
83600,15302,3,1,2
120328,15303,3,1,2
139296,15304,3,3,0
234776,15305,3,1,2
2407760,15306,3,1,2
145616,15307,3,3,0
57560,15308,3,2,1
133816,15309,3,1,2
1145896,15310,3,2,1
363784,15311,3,1,2
218224,15312,3,2,1
211976,15313,3,1,2
2022032,15314,3,0,3
183368,15315,3,1,2
294560,15316,3,2,1
204112,15317,3,2,1
240440,15318,3,1,2
215128,15319,3,2,1
700784,15320,3,1,2
559232,15321,3,2,1
110400,15322,3,0,3
1015424,15323,3,3,0
79920,15324,3,1,2
521520,15325,3,1,2
137048,15326,3,2,1
493928,15327,3,2,1
58856,15328,3,2,1
361664,15329,3,1,2
77072,15330,3,2,1
672088,15331,3,1,2
201472,15332,3,2,1
125632,15333,3,2,1
348160,15334,3,2,1
377336,15335,3,1,2
128584,15336,3,0,3
402560,15337,3,2,1
161848,15338,3,2,1
137064,15339,3,1,2
122136,15340,3,0,3
176784,15341,3,1,2
311624,15342,3,2,1
115480,15343,3,2,1
129256,15344,3,2,1
45832,15345,3,1,2
173744,15346,3,2,1
48704,15347,3,1,2
203096,15348,3,2,1
233376,15349,3,1,2
193600,15350,3,1,2
77208,15351,3,1,2
252512,15352,3,1,2
260752,15353,3,1,2
371224,15354,3,3,0
371048,15355,3,0,3
396136,15356,3,1,2
132056,15357,3,1,2
219856,15358,3,1,2
164112,15359,3,1,2
613832,15360,3,2,1
90640,15361,3,3,0
223864,15362,3,3,0
94952,15363,3,2,1
776048,15364,3,2,1
162704,15365,3,0,3
170960,15366,3,3,0
972248,15367,3,2,1
281496,15368,3,2,1
181624,15369,3,2,1
175872,15370,3,2,1
416544,15371,3,1,2
127168,15372,3,1,2
627304,15373,3,1,2
246392,15374,3,3,0
121216,15375,3,2,1
206976,15376,3,0,3
241192,15377,3,1,2
326480,15378,3,2,1
56048,15379,3,1,2
173096,15380,3,1,2
1005376,15381,3,1,2
315736,15382,3,2,1
168680,15383,3,1,2
572448,15384,3,2,1
158520,15385,3,0,3
311480,15386,3,2,1
331824,15387,3,0,3
1710328,15388,3,0,3
414680,15389,3,1,2
98712,15390,3,2,1
256936,15391,3,1,2
988696,15392,3,2,1
117856,15393,3,0,3
315936,15394,3,0,3
1328584,15395,3,1,2
1119776,15396,3,2,1
70688,15397,3,2,1
176744,15398,3,0,3
493456,15399,3,2,1
626344,15400,3,2,1
302720,15401,3,1,2
299016,15402,3,3,0
209960,15403,3,1,2
92072,15404,3,2,1
544216,15405,3,1,2
320176,15406,3,1,2
174872,15407,3,3,0
2632744,15408,3,2,1
290880,15409,3,3,0
216360,15410,3,1,2
1000448,15411,3,2,1
402856,15412,3,1,2
116280,15413,3,0,3
625000,15414,3,1,2
77488,15415,3,2,1
63064,15416,3,1,2
297360,15417,3,2,1
246912,15418,3,2,1
173168,15419,3,3,0
194472,15420,3,2,1
341720,15421,3,3,0
343576,15422,3,1,2
418368,15423,3,2,1
207632,15424,3,1,2
303928,15425,3,3,0
206464,15426,3,1,2
47024,15427,3,2,1
169584,15428,3,2,1
655824,15429,3,3,0
440824,15430,3,2,1
202408,15431,3,1,2
190768,15432,3,1,2
587392,15433,3,1,2
102872,15434,3,0,3
194688,15435,3,1,2
942776,15436,3,1,2
63248,15437,3,1,2
260064,15438,3,2,1
209024,15439,3,3,0
996528,15440,3,1,2
296840,15441,3,2,1
341744,15442,3,2,1
125944,15443,3,1,2
569912,15444,3,1,2
242136,15445,3,1,2
137896,15446,3,1,2
115832,15447,3,1,2
856704,15448,3,2,1
294608,15449,3,1,2
119744,15450,3,2,1
2395792,15451,3,0,3
710336,15452,3,2,1
113368,15453,3,3,0
805976,15454,3,1,2
280752,15455,3,1,2
775784,15456,3,3,0
277664,15457,3,2,1
115072,15458,3,2,1
312816,15459,3,2,1
582376,15460,3,2,1
131264,15461,3,1,2
426600,15462,3,3,0
106960,15463,3,2,1
1038768,15464,3,1,2
847256,15465,3,1,2
235912,15466,3,0,3
239112,15467,3,2,1
317824,15468,3,0,3
540152,15469,3,1,2
169064,15470,3,3,0
768808,15471,3,2,1
167248,15472,3,2,1
299408,15473,3,2,1
173784,15474,3,2,1
153928,15475,3,2,1
100376,15476,3,2,1
376648,15477,3,1,2
277328,15478,3,1,2
188672,15479,3,3,0
441824,15480,3,1,2
89448,15481,3,0,3
1567680,15482,3,1,2
120880,15483,3,0,3
495728,15484,3,2,1
126008,15485,3,2,1
337816,15486,3,3,0
258824,15487,3,2,1
206576,15488,3,2,1
96744,15489,3,0,3
104480,15490,3,1,2
189992,15491,3,1,2
567344,15492,3,1,2
1932600,15493,3,0,3
338048,15494,3,1,2
242208,15495,3,2,1
404384,15496,3,2,1
334096,15497,3,1,2
469432,15498,3,1,2
61552,15499,3,3,0
144032,15500,3,3,0
392760,15501,3,2,1
166136,15502,3,1,2
92448,15503,3,1,2
225720,15504,3,2,1
224808,15505,3,1,2
348280,15506,3,1,2
1553056,15507,3,2,1
127808,15508,3,1,2
2542384,15509,3,1,2
140984,15510,3,1,2
224280,15511,3,1,2
691712,15512,3,2,1
135216,15513,3,3,0
108128,15514,3,2,1
119832,15515,3,2,1
640424,15516,3,2,1
294832,15517,3,1,2
483136,15518,3,2,1
161392,15519,3,1,2
264288,15520,3,3,0
839016,15521,3,1,2
117264,15522,3,1,2
656488,15523,3,1,2
218880,15524,3,2,1
1282888,15525,3,2,1
283520,15526,3,1,2
780888,15527,3,1,2
222024,15528,3,2,1
63464,15529,3,2,1
131760,15530,3,1,2
288696,15531,3,2,1
127776,15532,3,1,2
266176,15533,3,2,1
156816,15534,3,3,0
248256,15535,3,1,2
457672,15536,3,3,0
247776,15537,3,0,3
848544,15538,3,3,0
240848,15539,3,2,1
306272,15540,3,2,1
162504,15541,3,0,3
189392,15542,3,1,2
120672,15543,3,2,1
136624,15544,3,1,2
65016,15545,3,1,2
854832,15546,3,2,1
90736,15547,3,2,1
89712,15548,3,1,2
905432,15549,3,2,1
988296,15550,3,2,1
256368,15551,3,1,2
303336,15552,3,2,1
111040,15553,3,1,2
77808,15554,3,1,2
189200,15555,3,1,2
51136,15556,3,2,1
32736,15557,3,2,1
120784,15558,3,2,1
391440,15559,3,1,2
92584,15560,3,2,1
583592,15561,3,3,0
51520,15562,3,1,2
130040,15563,3,1,2
175384,15564,3,2,1
613384,15565,3,2,1
91920,15566,3,1,2
2004184,15567,3,2,1
489920,15568,3,2,1
328136,15569,3,1,2
211448,15570,3,1,2
353440,15571,3,0,3
81904,15572,3,2,1
60696,15573,3,1,2
2650280,15574,3,1,2
1871376,15575,3,1,2
98784,15576,3,2,1
125992,15577,3,1,2
130168,15578,3,1,2
145200,15579,3,1,2
153768,15580,3,0,3
275232,15581,3,1,2
507776,15582,3,3,0
146792,15583,3,3,0
250480,15584,3,2,1
117728,15585,3,2,1
300928,15586,3,2,1
1678808,15587,3,1,2
305624,15588,3,2,1
243096,15589,3,2,1
4461016,15590,3,2,1
99888,15591,3,2,1
1311648,15592,3,1,2
125192,15593,3,2,1
262328,15594,3,2,1
143128,15595,3,1,2
54272,15596,3,1,2
296152,15597,3,2,1
154104,15598,3,3,0
2950200,15599,3,1,2
125464,15600,3,2,1
107024,15601,3,0,3
149936,15602,3,2,1
61504,15603,3,1,2
70112,15604,3,3,0
221088,15605,3,2,1
575960,15606,3,2,1
75088,15607,3,2,1
339992,15608,3,0,3
117808,15609,3,1,2
161560,15610,3,0,3
113096,15611,3,3,0
193952,15612,3,1,2
278256,15613,3,1,2
752784,15614,3,2,1
1536944,15615,3,1,2
162120,15616,3,1,2
308312,15617,3,1,2
197432,15618,3,1,2
216032,15619,3,2,1
186992,15620,3,1,2
1231520,15621,3,1,2
289704,15622,3,2,1
103424,15623,3,2,1
99936,15624,3,2,1
158344,15625,3,2,1
85568,15626,3,1,2
194080,15627,3,1,2
190328,15628,3,2,1
550368,15629,3,2,1
594936,15630,3,2,1
75800,15631,3,2,1
205792,15632,3,2,1
1002760,15633,3,1,2
714544,15634,3,1,2
126928,15635,3,1,2
78456,15636,3,1,2
350800,15637,3,2,1
36632,15638,3,1,2
113376,15639,3,1,2
2141120,15640,3,0,3
412968,15641,3,1,2
218992,15642,3,1,2
212376,15643,3,3,0
270848,15644,3,3,0
166944,15645,3,1,2
134736,15646,3,2,1
1388528,15647,3,1,2
919488,15648,3,1,2
193048,15649,3,1,2
210792,15650,3,1,2
91832,15651,3,1,2
38952,15652,3,1,2
432360,15653,3,1,2
185480,15654,3,1,2
162856,15655,3,1,2
608808,15656,3,1,2
52488,15657,3,2,1
107128,15658,3,2,1
77200,15659,3,2,1
339656,15660,3,2,1
59488,15661,3,1,2
361152,15662,3,0,3
55192,15663,3,1,2
678792,15664,3,2,1
221336,15665,3,2,1
189848,15666,3,2,1
145064,15667,3,0,3
404152,15668,3,2,1
1463448,15669,3,3,0
154944,15670,3,3,0
1432264,15671,3,1,2
351664,15672,3,2,1
52584,15673,3,2,1
135336,15674,3,2,1
84992,15675,3,1,2
779616,15676,3,2,1
57592,15677,3,1,2
237488,15678,3,1,2
109392,15679,3,1,2
216040,15680,3,0,3
232296,15681,3,1,2
1341016,15682,3,1,2
61488,15683,3,1,2
130904,15684,3,2,1
83960,15685,3,2,1
523288,15686,3,2,1
3438760,15687,3,0,3
62736,15688,3,1,2
275472,15689,3,1,2
161832,15690,3,1,2
85864,15691,3,0,3
295368,15692,3,1,2
134768,15693,3,0,3
134096,15694,3,2,1
604168,15695,3,1,2
280400,15696,3,3,0
118808,15697,3,2,1
188872,15698,3,1,2
43144,15699,3,0,3
143312,15700,3,1,2
120872,15701,3,0,3
156864,15702,3,1,2
52208,15703,3,1,2
195304,15704,3,2,1
169136,15705,3,2,1
291840,15706,3,1,2
559016,15707,3,0,3
233640,15708,3,1,2
350336,15709,3,0,3
91904,15710,3,1,2
148992,15711,3,1,2
131976,15712,3,3,0
342320,15713,3,1,2
951960,15714,3,2,1
157688,15715,3,2,1
196280,15716,3,0,3
657904,15717,3,0,3
454480,15718,3,3,0
120800,15719,3,1,2
1430056,15720,3,1,2
109608,15721,3,1,2
846776,15722,3,3,0
152864,15723,3,2,1
192504,15724,3,2,1
877808,15725,3,1,2
5638088,15726,3,2,1
339256,15727,3,3,0
893688,15728,3,2,1
442000,15729,3,2,1
261216,15730,3,2,1
68704,15731,3,1,2
98400,15732,3,2,1
79136,15733,3,1,2
114800,15734,3,2,1
158568,15735,3,2,1
89040,15736,3,2,1
273224,15737,3,1,2
549704,15738,3,1,2
148464,15739,3,0,3
1503872,15740,3,1,2
3838944,15741,3,2,1
7270152,15742,3,1,2
146616,15743,3,1,2
444552,15744,3,1,2
118272,15745,3,2,1
681696,15746,3,0,3
97672,15747,3,2,1
1009712,15748,3,1,2
330112,15749,3,1,2
119096,15750,3,2,1
56952,15751,3,3,0
313480,15752,3,1,2
3160928,15753,3,1,2
1239536,15754,3,2,1
434792,15755,3,1,2
61816,15756,3,1,2
636400,15757,3,0,3
219560,15758,3,2,1
190696,15759,3,1,2
82248,15760,3,1,2
786968,15761,3,0,3
166376,15762,3,2,1
750048,15763,3,1,2
219224,15764,3,0,3
111184,15765,3,1,2
223400,15766,3,1,2
1118464,15767,3,1,2
48984,15768,3,1,2
252032,15769,3,1,2
251696,15770,3,1,2
366664,15771,3,1,2
865248,15772,3,1,2
59216,15773,3,0,3
85160,15774,3,0,3
1624416,15775,3,0,3
208584,15776,3,2,1
130432,15777,3,2,1
351544,15778,3,2,1
118480,15779,3,0,3
227056,15780,3,0,3
290176,15781,3,2,1
636696,15782,3,0,3
109024,15783,3,0,3
96552,15784,3,1,2
688936,15785,3,2,1
117952,15786,3,2,1
154864,15787,3,1,2
50888,15788,3,1,2
1390896,15789,3,2,1
322384,15790,3,1,2
1368920,15791,3,1,2
287960,15792,3,2,1
364832,15793,3,2,1
89656,15794,3,0,3
84344,15795,3,2,1
971224,15796,3,2,1
142008,15797,3,1,2
158600,15798,3,2,1
2170112,15799,3,2,1
509792,15800,3,1,2
196440,15801,3,1,2
85056,15802,3,2,1
508392,15803,3,2,1
303480,15804,3,1,2
98936,15805,3,0,3
253752,15806,3,1,2
115888,15807,3,2,1
782456,15808,3,0,3
487040,15809,3,0,3
298872,15810,3,1,2
1034680,15811,3,1,2
336688,15812,3,1,2
1097560,15813,3,1,2
221000,15814,3,2,1
243240,15815,3,3,0
289544,15816,3,3,0
588944,15817,3,2,1
283192,15818,3,3,0
99656,15819,3,1,2
92488,15820,3,2,1
303416,15821,3,2,1
192968,15822,3,3,0
481184,15823,3,1,2
275416,15824,3,2,1
120952,15825,3,2,1
184064,15826,3,0,3
48888,15827,3,3,0
240720,15828,3,1,2
106968,15829,3,1,2
105288,15830,3,0,3
146160,15831,3,0,3
1194648,15832,3,2,1
402464,15833,3,1,2
441152,15834,3,2,1
189624,15835,3,2,1
778432,15836,3,0,3
79152,15837,3,0,3
325640,15838,3,1,2
446560,15839,3,2,1
196600,15840,3,3,0
99024,15841,3,2,1
753672,15842,3,2,1
189336,15843,3,2,1
153024,15844,3,3,0
344856,15845,3,0,3
153136,15846,3,2,1
183760,15847,3,2,1
999840,15848,3,1,2
119560,15849,3,3,0
218392,15850,3,0,3
154704,15851,3,1,2
619464,15852,3,1,2
86088,15853,3,3,0
190824,15854,3,2,1
226384,15855,3,0,3
155672,15856,3,1,2
253712,15857,3,3,0
707632,15858,3,1,2
78832,15859,3,1,2
297256,15860,3,1,2
2287808,15861,3,1,2
119432,15862,3,1,2
315496,15863,3,1,2
360288,15864,3,1,2
223360,15865,3,1,2
257880,15866,3,2,1
676136,15867,3,2,1
1385696,15868,3,2,1
754928,15869,3,1,2
345600,15870,3,2,1
393360,15871,3,2,1
71304,15872,3,2,1
185112,15873,3,0,3
211648,15874,3,2,1
135464,15875,3,3,0
160712,15876,3,2,1
210712,15877,3,1,2
546056,15878,3,2,1
1065392,15879,3,0,3
223432,15880,3,2,1
225368,15881,3,2,1
113664,15882,3,1,2
211656,15883,3,1,2
280872,15884,3,2,1
319736,15885,3,1,2
380448,15886,3,1,2
293600,15887,3,1,2
529608,15888,3,0,3
165384,15889,3,2,1
199752,15890,3,1,2
310376,15891,3,1,2
78440,15892,3,1,2
94600,15893,3,3,0
885368,15894,3,1,2
175888,15895,3,2,1
1174528,15896,3,3,0
50072,15897,3,0,3
91888,15898,3,2,1
667280,15899,3,2,1
2184424,15900,3,2,1
264160,15901,3,0,3
301672,15902,3,2,1
516896,15903,3,3,0
154520,15904,3,2,1
126728,15905,3,2,1
205656,15906,3,3,0
169800,15907,3,2,1
179992,15908,3,2,1
177040,15909,3,1,2
140112,15910,3,2,1
77016,15911,3,1,2
302672,15912,3,1,2
312304,15913,3,1,2
188688,15914,3,2,1
182608,15915,3,1,2
95288,15916,3,1,2
197448,15917,3,2,1
203464,15918,3,1,2
800760,15919,3,3,0
82048,15920,3,3,0
130288,15921,3,1,2
88872,15922,3,1,2
734096,15923,3,2,1
383432,15924,3,0,3
163048,15925,3,1,2
433544,15926,3,2,1
294552,15927,3,2,1
164864,15928,3,3,0
280968,15929,3,1,2
370352,15930,3,1,2
93128,15931,3,3,0
66472,15932,3,1,2
233528,15933,3,2,1
733688,15934,3,2,1
297616,15935,3,3,0
2465448,15936,3,1,2
136672,15937,3,2,1
132592,15938,3,3,0
1074600,15939,3,2,1
102512,15940,3,3,0
135640,15941,3,1,2
460256,15942,3,2,1
497368,15943,3,2,1
358600,15944,3,1,2
397792,15945,3,1,2
378952,15946,3,2,1
245520,15947,3,3,0
655928,15948,3,1,2
143736,15949,3,2,1
119752,15950,3,3,0
430392,15951,3,3,0
62352,15952,3,0,3
222480,15953,3,2,1
309064,15954,3,2,1
167736,15955,3,1,2
391688,15956,3,3,0
669600,15957,3,1,2
671640,15958,3,1,2
64592,15959,3,1,2
320560,15960,3,0,3
93360,15961,3,0,3
323776,15962,3,3,0
507960,15963,3,1,2
973376,15964,3,0,3
3534008,15965,3,1,2
142496,15966,3,2,1
101984,15967,3,2,1
345360,15968,3,2,1
198464,15969,3,2,1
413136,15970,3,0,3
276592,15971,3,2,1
616728,15972,3,1,2
141248,15973,3,2,1
481872,15974,3,2,1
149216,15975,3,2,1
463016,15976,3,1,2
308592,15977,3,0,3
256096,15978,3,2,1
36176,15979,3,3,0
464984,15980,3,1,2
181928,15981,3,1,2
164056,15982,3,2,1
126032,15983,3,1,2
162952,15984,3,2,1
186224,15985,3,1,2
75064,15986,3,2,1
155624,15987,3,3,0
262912,15988,3,3,0
603864,15989,3,1,2
100888,15990,3,1,2
208048,15991,3,2,1
389056,15992,3,2,1
196904,15993,3,1,2
71560,15994,3,2,1
713552,15995,3,1,2
150136,15996,3,2,1
161872,15997,3,1,2
1526448,15998,3,2,1
754776,15999,3,1,2
231144,16000,3,1,2
133512,16001,3,3,0
144984,16002,3,3,0
111048,16003,3,2,1
221376,16004,3,1,2
300776,16005,3,2,1
186952,16006,3,3,0
377472,16007,3,1,2
189584,16008,3,3,0
102704,16009,3,2,1
94824,16010,3,1,2
84368,16011,3,1,2
1204448,16012,3,2,1
645456,16013,3,1,2
140408,16014,3,1,2
2664696,16015,3,3,0
302312,16016,3,1,2
538912,16017,3,0,3
502264,16018,3,2,1
93832,16019,3,1,2
181936,16020,3,1,2
345472,16021,3,3,0
66728,16022,3,3,0
111400,16023,3,2,1
834720,16024,3,3,0
79448,16025,3,2,1
554976,16026,3,1,2
369400,16027,3,1,2
510280,16028,3,2,1
173856,16029,3,0,3
182952,16030,3,0,3
940016,16031,3,2,1
167472,16032,3,2,1
161248,16033,3,1,2
442288,16034,3,0,3
78640,16035,3,2,1
133360,16036,3,2,1
87240,16037,3,3,0
635280,16038,3,2,1
502280,16039,3,2,1
57624,16040,3,1,2
89936,16041,3,2,1
191416,16042,3,1,2
211096,16043,3,2,1
785448,16044,3,1,2
287056,16045,3,1,2
404344,16046,3,3,0
2969512,16047,3,2,1
96880,16048,3,2,1
80048,16049,3,0,3
343928,16050,3,1,2
348304,16051,3,1,2
153296,16052,3,2,1
219600,16053,3,1,2
117056,16054,3,2,1
230592,16055,3,1,2
84136,16056,3,2,1
99472,16057,3,1,2
176520,16058,3,2,1
98224,16059,3,1,2
236664,16060,3,2,1
7145912,16061,3,1,2
73104,16062,3,2,1
130064,16063,3,3,0
81264,16064,3,2,1
165328,16065,3,1,2
127296,16066,3,3,0
198792,16067,3,1,2
545088,16068,3,3,0
137648,16069,3,3,0
558464,16070,3,3,0
4320936,16071,3,2,1
1678568,16072,3,1,2
252720,16073,3,0,3
141024,16074,3,0,3
238784,16075,3,2,1
147472,16076,3,2,1
407032,16077,3,2,1
155824,16078,3,2,1
102784,16079,3,1,2
211608,16080,3,1,2
242592,16081,3,1,2
391168,16082,3,2,1
684824,16083,3,2,1
174256,16084,3,1,2
146984,16085,3,1,2
662448,16086,3,1,2
121600,16087,3,1,2
112864,16088,3,2,1
75248,16089,3,2,1
106736,16090,3,1,2
150968,16091,3,3,0
292264,16092,3,2,1
317224,16093,3,2,1
323592,16094,3,2,1
1700384,16095,3,2,1
212504,16096,3,3,0
1299912,16097,3,2,1
103304,16098,3,2,1
801120,16099,3,2,1
443640,16100,3,1,2
746928,16101,3,1,2
431040,16102,3,3,0
280864,16103,3,0,3
410320,16104,3,2,1
269768,16105,3,2,1
130808,16106,3,1,2
796656,16107,3,1,2
934736,16108,3,1,2
119288,16109,3,3,0
1130512,16110,3,1,2
95840,16111,3,2,1
238288,16112,3,2,1
875088,16113,3,1,2
78784,16114,3,2,1
443360,16115,3,2,1
400288,16116,3,2,1
106528,16117,3,2,1
53808,16118,3,2,1
172832,16119,3,2,1
292848,16120,3,2,1
48344,16121,3,0,3
207144,16122,3,1,2
210184,16123,3,1,2
181496,16124,3,1,2
199080,16125,3,1,2
436864,16126,3,2,1
209432,16127,3,1,2
459168,16128,3,2,1
54880,16129,3,3,0
266832,16130,3,2,1
145352,16131,3,2,1
139592,16132,3,1,2
260000,16133,3,2,1
735360,16134,3,2,1
252904,16135,3,1,2
315352,16136,3,1,2
397240,16137,3,2,1
316784,16138,3,3,0
420104,16139,3,0,3
195920,16140,3,1,2
163000,16141,3,1,2
837144,16142,3,2,1
108032,16143,3,0,3
1666240,16144,3,1,2
98992,16145,3,1,2
2064768,16146,3,1,2
204832,16147,3,1,2
330584,16148,3,3,0
120648,16149,3,2,1
204872,16150,3,3,0
672856,16151,3,0,3
42512,16152,3,3,0
118208,16153,3,1,2
158160,16154,3,3,0
1135760,16155,3,1,2
315328,16156,3,2,1
143160,16157,3,0,3
306504,16158,3,1,2
218032,16159,3,3,0
214704,16160,3,1,2
246168,16161,3,1,2
110800,16162,3,0,3
249960,16163,3,1,2
81880,16164,3,1,2
2249928,16165,3,2,1
162616,16166,3,1,2
277600,16167,3,0,3
1193328,16168,3,1,2
55448,16169,3,1,2
405720,16170,3,0,3
49496,16171,3,1,2
386504,16172,3,0,3
125848,16173,3,1,2
484936,16174,3,3,0
313520,16175,3,1,2
351816,16176,3,1,2
1364608,16177,3,1,2
266456,16178,3,1,2
163416,16179,3,1,2
169096,16180,3,1,2
144200,16181,3,0,3
95256,16182,3,2,1
173160,16183,3,0,3
364664,16184,3,1,2
73080,16185,3,2,1
239840,16186,3,3,0
255456,16187,3,2,1
70264,16188,3,1,2
258016,16189,3,1,2
106808,16190,3,2,1
652408,16191,3,2,1
190232,16192,3,1,2
101456,16193,3,0,3
115784,16194,3,2,1
72800,16195,3,1,2
212840,16196,3,2,1
98144,16197,3,0,3
65072,16198,3,1,2
1137944,16199,3,1,2
78976,16200,3,2,1
193128,16201,3,0,3
1329240,16202,3,1,2
153000,16203,3,1,2
78216,16204,3,1,2
397328,16205,3,2,1
2339136,16206,3,1,2
109504,16207,3,2,1
137112,16208,3,2,1
168048,16209,3,1,2
671536,16210,3,1,2
289392,16211,3,2,1
171952,16212,3,1,2
958008,16213,3,1,2
112664,16214,3,1,2
145320,16215,3,2,1
130376,16216,3,1,2
62800,16217,3,1,2
126888,16218,3,2,1
215312,16219,3,2,1
177400,16220,3,1,2
580536,16221,3,3,0
260824,16222,3,2,1
372368,16223,3,2,1
163032,16224,3,2,1
1098512,16225,3,3,0
543920,16226,3,2,1
172072,16227,3,3,0
95296,16228,3,0,3
109328,16229,3,1,2
702984,16230,3,2,1
683984,16231,3,1,2
401672,16232,3,0,3
213528,16233,3,1,2
67504,16234,3,1,2
3297216,16235,3,1,2
212472,16236,3,2,1
63616,16237,3,3,0
153376,16238,3,3,0
433632,16239,3,2,1
241344,16240,3,1,2
496808,16241,3,2,1
133280,16242,3,2,1
80424,16243,3,3,0
192832,16244,3,1,2
461384,16245,3,2,1
219064,16246,3,2,1
358224,16247,3,2,1
1116608,16248,3,2,1
308392,16249,3,1,2
893800,16250,3,2,1
146672,16251,3,3,0
125112,16252,3,1,2
312760,16253,3,0,3
152960,16254,3,1,2
1246480,16255,3,0,3
239784,16256,3,2,1
224592,16257,3,3,0
333320,16258,3,2,1
108848,16259,3,2,1
259104,16260,3,2,1
242528,16261,3,3,0
183576,16262,3,2,1
1725728,16263,3,2,1
813576,16264,3,3,0
270592,16265,3,1,2
78328,16266,3,0,3
935920,16267,3,3,0
1228480,16268,3,1,2
136656,16269,3,2,1
304392,16270,3,1,2
353680,16271,3,2,1
162600,16272,3,0,3
168576,16273,3,1,2
300584,16274,3,3,0
594704,16275,3,2,1
107736,16276,3,1,2
192192,16277,3,1,2
583184,16278,3,1,2
77224,16279,3,1,2
122824,16280,3,0,3
219344,16281,3,2,1
229008,16282,3,3,0
252848,16283,3,0,3
209624,16284,3,2,1
304528,16285,3,1,2
239808,16286,3,3,0
110704,16287,3,2,1
99968,16288,3,3,0
467792,16289,3,2,1
521472,16290,3,2,1
654632,16291,3,3,0
98120,16292,3,2,1
237856,16293,3,3,0
146056,16294,3,3,0
195480,16295,3,0,3
258912,16296,3,2,1
92728,16297,3,2,1
114528,16298,3,2,1
8292856,16299,3,3,0
144320,16300,3,2,1
1332336,16301,3,1,2
413272,16302,3,2,1
101688,16303,3,2,1
64968,16304,3,2,1
87152,16305,3,0,3
241896,16306,3,2,1
180096,16307,3,1,2
169720,16308,3,1,2
387448,16309,3,0,3
685560,16310,3,2,1
137024,16311,3,2,1
337144,16312,3,0,3
303176,16313,3,2,1
334912,16314,3,2,1
132952,16315,3,1,2
139744,16316,3,0,3
182824,16317,3,3,0
226280,16318,3,1,2
215168,16319,3,1,2
597160,16320,3,1,2
754976,16321,3,1,2
181760,16322,3,0,3
140968,16323,3,2,1
220264,16324,3,1,2
137792,16325,3,0,3
1059760,16326,3,1,2
188720,16327,3,3,0
332344,16328,3,2,1
101432,16329,3,2,1
158640,16330,3,3,0
266064,16331,3,2,1
149456,16332,3,2,1
86656,16333,3,2,1
311128,16334,3,3,0
129608,16335,3,2,1
110752,16336,3,2,1
268112,16337,3,2,1
61056,16338,3,1,2
230808,16339,3,1,2
201984,16340,3,2,1
314224,16341,3,2,1
171912,16342,3,2,1
290264,16343,3,2,1
80360,16344,3,0,3
319832,16345,3,1,2
122232,16346,3,2,1
445464,16347,3,1,2
226240,16348,3,2,1
990464,16349,3,1,2
138968,16350,3,3,0
365752,16351,3,1,2
104032,16352,3,2,1
41184,16353,3,1,2
565224,16354,3,3,0
96216,16355,3,2,1
324080,16356,3,3,0
142992,16357,3,2,1
138640,16358,3,2,1
182432,16359,3,3,0
521736,16360,3,2,1
164536,16361,3,1,2
877496,16362,3,1,2
190048,16363,3,3,0
87120,16364,3,2,1
217128,16365,3,3,0
129656,16366,3,1,2
334776,16367,3,3,0
315112,16368,3,2,1
112056,16369,3,2,1
351376,16370,3,2,1
4576456,16371,3,2,1
148744,16372,3,1,2
276168,16373,3,1,2
209128,16374,3,0,3
149088,16375,3,2,1
261872,16376,3,2,1
74984,16377,3,1,2
1478136,16378,3,0,3
222096,16379,3,2,1
204104,16380,3,2,1
211568,16381,3,1,2
117352,16382,3,2,1
131088,16383,3,2,1
46512,16384,3,2,1
154968,16385,3,2,1
192688,16386,3,3,0
130408,16387,3,1,2
253760,16388,3,2,1
279872,16389,3,2,1
56208,16390,3,1,2
103504,16391,3,0,3
219008,16392,3,1,2
162256,16393,3,1,2
293216,16394,3,0,3
223696,16395,3,1,2
654176,16396,3,2,1
553632,16397,3,1,2
492720,16398,3,2,1
77352,16399,3,2,1
168968,16400,3,2,1
139232,16401,3,1,2
386552,16402,3,1,2
1084688,16403,3,1,2
684512,16404,3,2,1
188952,16405,3,2,1
199512,16406,3,1,2
266112,16407,3,1,2
240760,16408,3,2,1
101488,16409,3,1,2
633048,16410,3,2,1
68808,16411,3,3,0
909920,16412,3,1,2
101416,16413,3,1,2
126776,16414,3,0,3
70968,16415,3,2,1
270608,16416,3,2,1
60840,16417,3,2,1
81864,16418,3,1,2
268296,16419,3,3,0
46960,16420,3,2,1
319880,16421,3,3,0
104336,16422,3,3,0
130856,16423,3,1,2
921344,16424,3,2,1
53032,16425,3,1,2
539584,16426,3,3,0
99768,16427,3,2,1
247040,16428,3,1,2
326232,16429,3,2,1
151984,16430,3,1,2
142504,16431,3,2,1
338936,16432,3,0,3
117184,16433,3,2,1
120248,16434,3,1,2
118712,16435,3,0,3
270384,16436,3,1,2
462952,16437,3,0,3
823056,16438,3,1,2
156624,16439,3,1,2
1849560,16440,3,2,1
322584,16441,3,3,0
351920,16442,3,1,2
125144,16443,3,1,2
124400,16444,3,1,2
402720,16445,3,1,2
595952,16446,3,0,3
124824,16447,3,1,2
140864,16448,3,0,3
169712,16449,3,2,1
1058000,16450,3,0,3
833896,16451,3,1,2
418024,16452,3,3,0
127856,16453,3,2,1
199536,16454,3,2,1
122832,16455,3,3,0
2794888,16456,3,0,3
407792,16457,3,0,3
183064,16458,3,1,2
329480,16459,3,0,3
819104,16460,3,2,1
411152,16461,3,0,3
309120,16462,3,3,0
234280,16463,3,0,3
298792,16464,3,1,2
270512,16465,3,1,2
161352,16466,3,2,1
127632,16467,3,1,2
381064,16468,3,2,1
187848,16469,3,2,1
277760,16470,3,1,2
239208,16471,3,2,1
752800,16472,3,0,3
108112,16473,3,2,1
618336,16474,3,2,1
365936,16475,3,2,1
79680,16476,3,2,1
478360,16477,3,2,1
1231872,16478,3,1,2
624464,16479,3,2,1
253592,16480,3,1,2
2210016,16481,3,1,2
266912,16482,3,0,3
105736,16483,3,1,2
581424,16484,3,0,3
526960,16485,3,1,2
116088,16486,3,1,2
62768,16487,3,2,1
285832,16488,3,3,0
224648,16489,3,1,2
95672,16490,3,0,3
61024,16491,3,1,2
193032,16492,3,2,1
307048,16493,3,1,2
306800,16494,3,1,2
138192,16495,3,2,1
148872,16496,3,2,1
179560,16497,3,1,2
337480,16498,3,2,1
471728,16499,3,3,0
140528,16500,3,2,1
192376,16501,3,3,0
937512,16502,3,2,1
385712,16503,3,2,1
152048,16504,3,2,1
306824,16505,3,2,1
202096,16506,3,1,2
747960,16507,3,0,3
260240,16508,3,0,3
247888,16509,3,2,1
102544,16510,3,2,1
150824,16511,3,0,3
136768,16512,3,2,1
1158352,16513,3,1,2
1160600,16514,3,1,2
324000,16515,3,3,0
115664,16516,3,1,2
349016,16517,3,2,1
199592,16518,3,2,1
276600,16519,3,2,1
1900104,16520,3,1,2
126640,16521,3,0,3
439760,16522,3,2,1
216872,16523,3,2,1
89320,16524,3,3,0
134752,16525,3,1,2
292912,16526,3,1,2
83112,16527,3,3,0
370952,16528,3,1,2
118168,16529,3,1,2
150088,16530,3,2,1
123840,16531,3,2,1
166896,16532,3,1,2
123104,16533,3,2,1
104000,16534,3,1,2
199976,16535,3,0,3
285920,16536,3,1,2
214992,16537,3,0,3
184920,16538,3,0,3
153096,16539,3,1,2
262000,16540,3,2,1
147648,16541,3,3,0
3175376,16542,3,3,0
121112,16543,3,1,2
178232,16544,3,2,1
198304,16545,3,2,1
222912,16546,3,1,2
396736,16547,3,0,3
47232,16548,3,1,2
234960,16549,3,1,2
755936,16550,3,1,2
451152,16551,3,1,2
824896,16552,3,2,1
93096,16553,3,0,3
457648,16554,3,1,2
843848,16555,3,2,1
79568,16556,3,3,0
266608,16557,3,2,1
2212136,16558,3,1,2
165648,16559,3,2,1
103712,16560,3,1,2
83872,16561,3,2,1
6765248,16562,3,1,2
126752,16563,3,0,3
157424,16564,3,3,0
110232,16565,3,2,1
336040,16566,3,0,3
414440,16567,3,2,1
183272,16568,3,1,2
602336,16569,3,2,1
295840,16570,3,2,1
1322640,16571,3,2,1
346864,16572,3,2,1
302656,16573,3,2,1
142216,16574,3,2,1
2366888,16575,3,1,2
74240,16576,3,2,1
342456,16577,3,2,1
64072,16578,3,1,2
197376,16579,3,1,2
95176,16580,3,1,2
582384,16581,3,0,3
224584,16582,3,3,0
799224,16583,3,2,1
1534544,16584,3,1,2
359408,16585,3,1,2
265432,16586,3,3,0
629008,16587,3,1,2
626176,16588,3,3,0
120352,16589,3,3,0
122248,16590,3,1,2
65000,16591,3,2,1
412984,16592,3,1,2
570744,16593,3,3,0
178608,16594,3,2,1
410712,16595,3,2,1
227400,16596,3,1,2
101168,16597,3,2,1
618416,16598,3,3,0
68624,16599,3,2,1
628768,16600,3,1,2
201248,16601,3,2,1
419272,16602,3,1,2
118264,16603,3,2,1
357864,16604,3,2,1
150128,16605,3,0,3
179800,16606,3,2,1
97488,16607,3,1,2
528752,16608,3,2,1
1024608,16609,3,1,2
49608,16610,3,2,1
422080,16611,3,1,2
391024,16612,3,2,1
130224,16613,3,2,1
188424,16614,3,2,1
105048,16615,3,2,1
124208,16616,3,2,1
354224,16617,3,2,1
3462736,16618,3,1,2
88776,16619,3,1,2
1031184,16620,3,1,2
567160,16621,3,1,2
164696,16622,3,1,2
1980304,16623,3,3,0
92912,16624,3,2,1
2300808,16625,3,3,0
233384,16626,3,1,2
288808,16627,3,3,0
110096,16628,3,1,2
516912,16629,3,1,2
507496,16630,3,1,2
216112,16631,3,1,2
128608,16632,3,1,2
226360,16633,3,3,0
2585192,16634,3,2,1
224192,16635,3,2,1
49024,16636,3,2,1
237768,16637,3,2,1
132752,16638,3,2,1
109968,16639,3,1,2
273752,16640,3,1,2
4337336,16641,3,2,1
777856,16642,3,2,1
138392,16643,3,1,2
104920,16644,3,1,2
428144,16645,3,2,1
211760,16646,3,0,3
162424,16647,3,1,2
111880,16648,3,0,3
259472,16649,3,2,1
176896,16650,3,0,3
101656,16651,3,1,2
244120,16652,3,1,2
60640,16653,3,1,2
82192,16654,3,2,1
451120,16655,3,0,3
321384,16656,3,1,2
413968,16657,3,1,2
219480,16658,3,1,2
169024,16659,3,2,1
262144,16660,3,2,1
1775176,16661,3,0,3
98832,16662,3,2,1
90328,16663,3,0,3
88728,16664,3,3,0
4744864,16665,3,2,1
204200,16666,3,2,1
250816,16667,3,0,3
195816,16668,3,1,2
264704,16669,3,1,2
161992,16670,3,2,1
133936,16671,3,2,1
146208,16672,3,2,1
196960,16673,3,0,3
587424,16674,3,2,1
103240,16675,3,1,2
77912,16676,3,0,3
677192,16677,3,0,3
331608,16678,3,2,1
319056,16679,3,2,1
390120,16680,3,2,1
751688,16681,3,2,1
371680,16682,3,0,3
98264,16683,3,3,0
253424,16684,3,1,2
211680,16685,3,2,1
2701032,16686,3,2,1
254544,16687,3,1,2
89280,16688,3,1,2
39824,16689,3,1,2
129208,16690,3,1,2
199088,16691,3,3,0
172368,16692,3,2,1
3331720,16693,3,1,2
443088,16694,3,1,2
68336,16695,3,2,1
498744,16696,3,1,2
291952,16697,3,2,1
843496,16698,3,1,2
163688,16699,3,1,2
976504,16700,3,2,1
111944,16701,3,0,3
233904,16702,3,2,1
209000,16703,3,2,1
542168,16704,3,2,1
153736,16705,3,0,3
556120,16706,3,1,2
258416,16707,3,3,0
271984,16708,3,1,2
127048,16709,3,2,1
374544,16710,3,0,3
181448,16711,3,3,0
255640,16712,3,1,2
263288,16713,3,2,1
869032,16714,3,1,2
295960,16715,3,0,3
228288,16716,3,1,2
168432,16717,3,1,2
170816,16718,3,3,0
308464,16719,3,2,1
168880,16720,3,1,2
403384,16721,3,3,0
1258888,16722,3,0,3
103480,16723,3,1,2
418640,16724,3,1,2
91816,16725,3,0,3
432720,16726,3,2,1
1428624,16727,3,1,2
291080,16728,3,2,1
91384,16729,3,1,2
226624,16730,3,2,1
1316576,16731,3,0,3
278856,16732,3,1,2
74616,16733,3,3,0
92480,16734,3,2,1
99480,16735,3,1,2
160104,16736,3,1,2
327256,16737,3,2,1
503696,16738,3,1,2
60264,16739,3,2,1
92416,16740,3,3,0
856408,16741,3,1,2
93696,16742,3,2,1
4890368,16743,3,3,0
124336,16744,3,2,1
199160,16745,3,2,1
242768,16746,3,0,3
24600,16747,3,1,2
1022048,16748,3,2,1
119704,16749,3,1,2
180024,16750,3,2,1
194392,16751,3,3,0
67712,16752,3,2,1
1869848,16753,3,1,2
181584,16754,3,1,2
299104,16755,3,1,2
59928,16756,3,2,1
86120,16757,3,0,3
97712,16758,3,1,2
247656,16759,3,2,1
750008,16760,3,1,2
1517496,16761,3,1,2
383912,16762,3,1,2
388592,16763,3,3,0
442952,16764,3,3,0
71088,16765,3,2,1
46160,16766,3,2,1
623088,16767,3,1,2
292928,16768,3,0,3
98840,16769,3,2,1
258920,16770,3,1,2
489096,16771,3,1,2
34400,16772,3,3,0
505376,16773,3,2,1
126016,16774,3,3,0
275504,16775,3,1,2
228216,16776,3,3,0
208056,16777,3,1,2
1040872,16778,3,0,3
326688,16779,3,0,3
400776,16780,3,2,1
170560,16781,3,0,3
278408,16782,3,2,1
200848,16783,3,2,1
245216,16784,3,0,3
294752,16785,3,1,2
176016,16786,3,2,1
225568,16787,3,1,2
380552,16788,3,1,2
278712,16789,3,2,1
53224,16790,3,2,1
187664,16791,3,1,2
1385272,16792,3,2,1
112576,16793,3,2,1
324384,16794,3,2,1
1242832,16795,3,1,2
118536,16796,3,3,0
441640,16797,3,2,1
324952,16798,3,1,2
1774888,16799,3,2,1
237064,16800,3,2,1
111064,16801,3,2,1
156072,16802,3,2,1
200840,16803,3,2,1
217672,16804,3,3,0
212928,16805,3,2,1
341888,16806,3,2,1
411008,16807,3,0,3
358936,16808,3,1,2
373440,16809,3,1,2
61632,16810,3,0,3
287632,16811,3,2,1
253192,16812,3,3,0
484520,16813,3,1,2
328048,16814,3,0,3
147008,16815,3,0,3
2027160,16816,3,1,2
609352,16817,3,2,1
68880,16818,3,2,1
144728,16819,3,1,2
430344,16820,3,2,1
242032,16821,3,2,1
261456,16822,3,2,1
131792,16823,3,1,2
2997568,16824,3,2,1
960944,16825,3,1,2
218408,16826,3,0,3
536120,16827,3,2,1
461280,16828,3,2,1
101232,16829,3,2,1
181840,16830,3,1,2
192384,16831,3,2,1
71000,16832,3,0,3
69184,16833,3,1,2
1766552,16834,3,1,2
2769920,16835,3,1,2
90600,16836,3,2,1
510192,16837,3,1,2
227976,16838,3,1,2
956984,16839,3,2,1
140736,16840,3,2,1
110288,16841,3,2,1
80888,16842,3,0,3
1790824,16843,3,2,1
114192,16844,3,1,2
404160,16845,3,1,2
366296,16846,3,2,1
164480,16847,3,1,2
118792,16848,3,2,1
715152,16849,3,0,3
249488,16850,3,1,2
128520,16851,3,1,2
110504,16852,3,1,2
590520,16853,3,2,1
141232,16854,3,1,2
218016,16855,3,2,1
331800,16856,3,2,1
113032,16857,3,2,1
762568,16858,3,2,1
801728,16859,3,2,1
106608,16860,3,2,1
163624,16861,3,3,0
142904,16862,3,2,1
117272,16863,3,3,0
289504,16864,3,3,0
102368,16865,3,1,2
440016,16866,3,2,1
644944,16867,3,1,2
297912,16868,3,1,2
98072,16869,3,2,1
3032672,16870,3,3,0
129968,16871,3,2,1
5604736,16872,3,0,3
288312,16873,3,2,1
395528,16874,3,1,2
1504048,16875,3,0,3
497112,16876,3,1,2
41192,16877,3,0,3
397920,16878,3,0,3
284928,16879,3,0,3
760672,16880,3,2,1
71472,16881,3,0,3
135064,16882,3,1,2
204464,16883,3,1,2
245200,16884,3,0,3
115840,16885,3,1,2
325296,16886,3,2,1
93672,16887,3,2,1
143400,16888,3,2,1
243664,16889,3,2,1
234176,16890,3,1,2
297312,16891,3,2,1
512768,16892,3,2,1
216384,16893,3,1,2
170048,16894,3,0,3
60200,16895,3,1,2
200536,16896,3,3,0
158448,16897,3,1,2
70088,16898,3,2,1
75272,16899,3,1,2
271856,16900,3,2,1
211208,16901,3,2,1
128752,16902,3,2,1
482304,16903,3,3,0
727440,16904,3,0,3
748776,16905,3,2,1
4008448,16906,3,3,0
152456,16907,3,2,1
265168,16908,3,2,1
310872,16909,3,3,0
163240,16910,3,3,0
72520,16911,3,1,2
319608,16912,3,3,0
60816,16913,3,0,3
188488,16914,3,1,2
70192,16915,3,2,1
94288,16916,3,1,2
276264,16917,3,2,1
232624,16918,3,2,1
64720,16919,3,2,1
454760,16920,3,2,1
209296,16921,3,1,2
71320,16922,3,1,2
61472,16923,3,2,1
216904,16924,3,2,1
192552,16925,3,3,0
539040,16926,3,2,1
142792,16927,3,2,1
413160,16928,3,3,0
503024,16929,3,2,1
188288,16930,3,3,0
257312,16931,3,1,2
270088,16932,3,2,1
97608,16933,3,0,3
164240,16934,3,2,1
182960,16935,3,2,1
2864448,16936,3,3,0
149344,16937,3,2,1
405856,16938,3,2,1
107696,16939,3,2,1
530120,16940,3,2,1
86080,16941,3,3,0
84488,16942,3,3,0
971744,16943,3,3,0
170456,16944,3,3,0
93544,16945,3,0,3
679496,16946,3,3,0
88440,16947,3,1,2
143048,16948,3,1,2
320696,16949,3,2,1
282376,16950,3,3,0
878488,16951,3,1,2
317200,16952,3,1,2
145384,16953,3,1,2
850416,16954,3,1,2
223544,16955,3,2,1
63912,16956,3,1,2
617648,16957,3,1,2
1244544,16958,3,2,1
149064,16959,3,3,0
228080,16960,3,1,2
245432,16961,3,1,2
252184,16962,3,3,0
592880,16963,3,2,1
500080,16964,3,1,2
946272,16965,3,2,1
123640,16966,3,1,2
737544,16967,3,2,1
343488,16968,3,2,1
1000672,16969,3,2,1
108824,16970,3,1,2
392784,16971,3,1,2
117872,16972,3,1,2
469416,16973,3,2,1
53656,16974,3,0,3
68056,16975,3,1,2
43224,16976,3,1,2
213128,16977,3,2,1
754472,16978,3,2,1
94712,16979,3,2,1
77080,16980,3,1,2
2171264,16981,3,2,1
364696,16982,3,0,3
102880,16983,3,1,2
571744,16984,3,2,1
419120,16985,3,2,1
195384,16986,3,1,2
190792,16987,3,2,1
129360,16988,3,2,1
912384,16989,3,2,1
584792,16990,3,2,1
101616,16991,3,1,2
2607552,16992,3,3,0
165952,16993,3,1,2
78968,16994,3,2,1
164184,16995,3,1,2
98368,16996,3,3,0
224728,16997,3,1,2
1158848,16998,3,2,1
284208,16999,3,0,3
476056,17000,3,1,2
275872,17001,3,2,1
339160,17002,3,2,1
888912,17003,3,0,3
318584,17004,3,1,2
237888,17005,3,1,2
96584,17006,3,3,0
97384,17007,3,2,1
419704,17008,3,1,2
3615864,17009,3,3,0
824472,17010,3,2,1
233448,17011,3,2,1
376888,17012,3,2,1
225552,17013,3,1,2
80296,17014,3,1,2
5194800,17015,3,3,0
376312,17016,3,3,0
236608,17017,3,2,1
148576,17018,3,1,2
406344,17019,3,0,3
395488,17020,3,2,1
523984,17021,3,0,3
313640,17022,3,2,1
157568,17023,3,2,1
35392,17024,3,2,1
457344,17025,3,2,1
80624,17026,3,2,1
604136,17027,3,0,3
245248,17028,3,2,1
601408,17029,3,2,1
132656,17030,3,3,0
237944,17031,3,2,1
99160,17032,3,0,3
401448,17033,3,1,2
81352,17034,3,1,2
365992,17035,3,2,1
607352,17036,3,2,1
255360,17037,3,1,2
533464,17038,3,1,2
98416,17039,3,0,3
92312,17040,3,1,2
167664,17041,3,1,2
183248,17042,3,1,2
207216,17043,3,2,1
303688,17044,3,2,1
147768,17045,3,2,1
308560,17046,3,3,0
135128,17047,3,2,1
405088,17048,3,3,0
331480,17049,3,2,1
56192,17050,3,2,1
391928,17051,3,1,2
604832,17052,3,2,1
116824,17053,3,2,1
330464,17054,3,1,2
257944,17055,3,2,1
87192,17056,3,1,2
5764360,17057,3,1,2
224968,17058,3,3,0
444832,17059,3,2,1
294528,17060,3,2,1
357664,17061,3,1,2
136496,17062,3,2,1
122856,17063,3,2,1
69168,17064,3,2,1
55920,17065,3,3,0
997488,17066,3,3,0
262152,17067,3,1,2
556968,17068,3,2,1
68296,17069,3,1,2
215536,17070,3,2,1
230408,17071,3,2,1
67944,17072,3,2,1
300248,17073,3,0,3
284920,17074,3,1,2
290680,17075,3,0,3
439344,17076,3,2,1
207480,17077,3,3,0
417104,17078,3,1,2
128848,17079,3,2,1
70704,17080,3,2,1
106792,17081,3,1,2
1439904,17082,3,1,2
139784,17083,3,0,3
79240,17084,3,1,2
1674456,17085,3,2,1
249656,17086,3,2,1
105376,17087,3,3,0
77872,17088,3,1,2
462248,17089,3,1,2
900336,17090,3,0,3
200512,17091,3,2,1
163280,17092,3,1,2
118968,17093,3,2,1
90080,17094,3,2,1
61600,17095,3,1,2
148520,17096,3,2,1
504488,17097,3,3,0
210936,17098,3,1,2
179424,17099,3,2,1
41688,17100,3,1,2
7116072,17101,3,0,3
174552,17102,3,0,3
389696,17103,3,1,2
781304,17104,3,3,0
971848,17105,3,1,2
810048,17106,3,2,1
285432,17107,3,1,2
686000,17108,3,1,2
194296,17109,3,1,2
228808,17110,3,1,2
244312,17111,3,2,1
173720,17112,3,2,1
265384,17113,3,0,3
425056,17114,3,0,3
173952,17115,3,1,2
76960,17116,3,2,1
96992,17117,3,2,1
498104,17118,3,1,2
342288,17119,3,3,0
734576,17120,3,3,0
153760,17121,3,0,3
275136,17122,3,0,3
141816,17123,3,2,1
487016,17124,3,1,2
74304,17125,3,1,2
371240,17126,3,2,1
1064128,17127,3,3,0
298496,17128,3,0,3
679816,17129,3,3,0
139432,17130,3,2,1
232272,17131,3,1,2
407120,17132,3,1,2
98944,17133,3,1,2
58512,17134,3,1,2
120360,17135,3,1,2
167024,17136,3,1,2
615400,17137,3,0,3
363240,17138,3,2,1
347912,17139,3,2,1
50432,17140,3,2,1
258504,17141,3,1,2
210824,17142,3,2,1
171448,17143,3,1,2
152056,17144,3,0,3
163248,17145,3,1,2
294136,17146,3,0,3
40600,17147,3,1,2
160200,17148,3,1,2
121336,17149,3,0,3
408808,17150,3,1,2
392336,17151,3,2,1
228752,17152,3,3,0
165504,17153,3,2,1
105440,17154,3,0,3
91080,17155,3,1,2
482064,17156,3,2,1
281944,17157,3,1,2
204592,17158,3,2,1
420184,17159,3,1,2
1554536,17160,3,2,1
176224,17161,3,1,2
294040,17162,3,2,1
159056,17163,3,1,2
54728,17164,3,1,2
161496,17165,3,1,2
1038408,17166,3,0,3
286848,17167,3,1,2
291464,17168,3,0,3
515200,17169,3,2,1
2400600,17170,3,2,1
222880,17171,3,2,1
145832,17172,3,2,1
749104,17173,3,3,0
103432,17174,3,1,2
439488,17175,3,2,1
49464,17176,3,2,1
130504,17177,3,1,2
251560,17178,3,1,2
379976,17179,3,2,1
885512,17180,3,2,1
53744,17181,3,3,0
210040,17182,3,2,1
201768,17183,3,2,1
89680,17184,3,1,2
45544,17185,3,0,3
1465496,17186,3,1,2
117008,17187,3,3,0
630984,17188,3,3,0
66944,17189,3,1,2
966952,17190,3,3,0
100584,17191,3,1,2
570608,17192,3,2,1
118520,17193,3,2,1
124184,17194,3,1,2
180224,17195,3,2,1
1237064,17196,3,1,2
195552,17197,3,0,3
224328,17198,3,0,3
498616,17199,3,3,0
97640,17200,3,2,1
161728,17201,3,2,1
218272,17202,3,1,2
883536,17203,3,2,1
50856,17204,3,1,2
796872,17205,3,2,1
1842152,17206,3,2,1
637040,17207,3,3,0
185816,17208,3,3,0
424456,17209,3,1,2
186048,17210,3,2,1
283144,17211,3,2,1
113488,17212,3,1,2
130952,17213,3,0,3
106744,17214,3,0,3
240712,17215,3,1,2
151304,17216,3,0,3
122176,17217,3,3,0
124408,17218,3,2,1
239728,17219,3,0,3
541800,17220,3,1,2
220504,17221,3,0,3
535936,17222,3,2,1
325672,17223,3,2,1
286568,17224,3,2,1
732768,17225,3,0,3
196272,17226,3,1,2
1667736,17227,3,2,1
127720,17228,3,3,0
137920,17229,3,2,1
1381360,17230,3,2,1
532224,17231,3,2,1
311504,17232,3,2,1
733416,17233,3,2,1
149328,17234,3,1,2
394496,17235,3,1,2
751560,17236,3,2,1
83344,17237,3,0,3
958656,17238,3,1,2
127584,17239,3,0,3
95728,17240,3,1,2
129336,17241,3,0,3
151928,17242,3,2,1
124056,17243,3,2,1
212440,17244,3,1,2
303952,17245,3,1,2
455312,17246,3,3,0
496944,17247,3,1,2
74152,17248,3,1,2
568768,17249,3,2,1
421192,17250,3,0,3
248912,17251,3,0,3
1527616,17252,3,2,1
6223392,17253,3,1,2
201608,17254,3,1,2
345528,17255,3,0,3
102408,17256,3,2,1
77096,17257,3,2,1
1176832,17258,3,1,2
284952,17259,3,3,0
376952,17260,3,1,2
122496,17261,3,1,2
453944,17262,3,1,2
369648,17263,3,1,2
48392,17264,3,1,2
145576,17265,3,3,0
122560,17266,3,0,3
131352,17267,3,2,1
370328,17268,3,2,1
3095232,17269,3,2,1
234928,17270,3,3,0
567632,17271,3,3,0
68592,17272,3,1,2
840808,17273,3,2,1
1871160,17274,3,1,2
210408,17275,3,1,2
197328,17276,3,1,2
81696,17277,3,1,2
1348400,17278,3,2,1
266376,17279,3,2,1
126992,17280,3,1,2
3613552,17281,3,2,1
155680,17282,3,2,1
133608,17283,3,2,1
336016,17284,3,2,1
1904624,17285,3,3,0
76488,17286,3,3,0
195040,17287,3,2,1
593728,17288,3,2,1
710088,17289,3,0,3
393168,17290,3,2,1
193488,17291,3,2,1
336840,17292,3,3,0
1582152,17293,3,0,3
114776,17294,3,2,1
1832648,17295,3,3,0
375440,17296,3,1,2
133776,17297,3,3,0
431688,17298,3,1,2
251552,17299,3,2,1
615776,17300,3,3,0
54632,17301,3,2,1
588584,17302,3,1,2
718872,17303,3,3,0
121984,17304,3,1,2
272792,17305,3,2,1
92432,17306,3,0,3
198136,17307,3,2,1
1142640,17308,3,3,0
296944,17309,3,2,1
128648,17310,3,2,1
623264,17311,3,1,2
231400,17312,3,2,1
169040,17313,3,1,2
2046952,17314,3,1,2
784728,17315,3,0,3
3229704,17316,3,2,1
235472,17317,3,1,2
86896,17318,3,0,3
50416,17319,3,1,2
194792,17320,3,0,3
181888,17321,3,3,0
82880,17322,3,2,1
1835184,17323,3,1,2
266440,17324,3,2,1
948960,17325,3,2,1
158864,17326,3,1,2
568072,17327,3,1,2
3383568,17328,3,1,2
298632,17329,3,3,0
309984,17330,3,1,2
107872,17331,3,1,2
1785104,17332,3,0,3
164160,17333,3,0,3
151840,17334,3,3,0
100872,17335,3,2,1
613408,17336,3,1,2
1121376,17337,3,1,2
137968,17338,3,3,0
446848,17339,3,3,0
292096,17340,3,1,2
204272,17341,3,3,0
92200,17342,3,2,1
836456,17343,3,3,0
121176,17344,3,0,3
72192,17345,3,2,1
176704,17346,3,1,2
167088,17347,3,2,1
193928,17348,3,2,1
459432,17349,3,2,1
173416,17350,3,1,2
698328,17351,3,0,3
345120,17352,3,1,2
358544,17353,3,2,1
62656,17354,3,1,2
73448,17355,3,1,2
266704,17356,3,1,2
217016,17357,3,0,3
1014096,17358,3,2,1
291320,17359,3,1,2
583864,17360,3,0,3
1806456,17361,3,1,2
148736,17362,3,2,1
706080,17363,3,2,1
777288,17364,3,2,1
1082792,17365,3,2,1
92152,17366,3,0,3
141384,17367,3,3,0
325192,17368,3,2,1
363128,17369,3,1,2
299424,17370,3,3,0
1566888,17371,3,2,1
2283720,17372,3,1,2
112216,17373,3,1,2
43752,17374,3,0,3
3106168,17375,3,2,1
768952,17376,3,1,2
1074848,17377,3,1,2
293712,17378,3,0,3
158608,17379,3,2,1
84560,17380,3,3,0
93712,17381,3,2,1
32472,17382,3,1,2
214936,17383,3,2,1
202832,17384,3,2,1
540048,17385,3,1,2
92640,17386,3,1,2
136648,17387,3,2,1
325480,17388,3,1,2
137056,17389,3,1,2
64560,17390,3,1,2
870312,17391,3,2,1
231736,17392,3,1,2
517688,17393,3,3,0
1584456,17394,3,1,2
122752,17395,3,3,0
208432,17396,3,3,0
307360,17397,3,1,2
3785976,17398,3,3,0
264624,17399,3,0,3
188608,17400,3,3,0
729824,17401,3,1,2
173760,17402,3,0,3
598832,17403,3,2,1
529432,17404,3,2,1
140208,17405,3,1,2
412744,17406,3,2,1
206288,17407,3,1,2
1150304,17408,3,1,2
553672,17409,3,0,3
188352,17410,3,1,2
179776,17411,3,0,3
119464,17412,3,1,2
395152,17413,3,2,1
287608,17414,3,1,2
150240,17415,3,1,2
125600,17416,3,2,1
244800,17417,3,2,1
1153688,17418,3,1,2
463416,17419,3,1,2
111456,17420,3,0,3
141400,17421,3,0,3
52432,17422,3,1,2
380968,17423,3,1,2
266680,17424,3,1,2
1307976,17425,3,2,1
374080,17426,3,1,2
308824,17427,3,3,0
84624,17428,3,2,1
118624,17429,3,1,2
467544,17430,3,1,2
256744,17431,3,2,1
1674176,17432,3,1,2
933016,17433,3,2,1
191920,17434,3,1,2
1062888,17435,3,1,2
118216,17436,3,1,2
276200,17437,3,2,1
122208,17438,3,1,2
115440,17439,3,2,1
490400,17440,3,2,1
204056,17441,3,0,3
137032,17442,3,1,2
66712,17443,3,2,1
519992,17444,3,1,2
95760,17445,3,2,1
195680,17446,3,2,1
153352,17447,3,1,2
82936,17448,3,0,3
1233944,17449,3,2,1
76984,17450,3,2,1
662720,17451,3,2,1
261536,17452,3,2,1
267312,17453,3,1,2
76720,17454,3,1,2
620784,17455,3,2,1
604728,17456,3,1,2
650344,17457,3,1,2
127352,17458,3,2,1
80024,17459,3,0,3
321936,17460,3,2,1
608304,17461,3,0,3
46344,17462,3,1,2
107160,17463,3,3,0
101480,17464,3,1,2
259488,17465,3,2,1
2271600,17466,3,1,2
454872,17467,3,2,1
223904,17468,3,1,2
1449304,17469,3,1,2
326336,17470,3,1,2
198640,17471,3,3,0
133256,17472,3,1,2
646760,17473,3,2,1
391296,17474,3,1,2
104632,17475,3,1,2
372680,17476,3,3,0
109760,17477,3,2,1
209872,17478,3,2,1
190400,17479,3,2,1
743624,17480,3,1,2
99056,17481,3,2,1
45592,17482,3,3,0
269928,17483,3,1,2
342680,17484,3,2,1
63768,17485,3,1,2
390552,17486,3,2,1
758784,17487,3,2,1
545160,17488,3,2,1
95920,17489,3,1,2
107080,17490,3,1,2
119232,17491,3,2,1
138832,17492,3,0,3
104264,17493,3,3,0
100000,17494,3,1,2
109648,17495,3,2,1
990904,17496,3,2,1
287640,17497,3,1,2
168160,17498,3,1,2
494016,17499,3,1,2
149176,17500,3,3,0
63888,17501,3,2,1
221720,17502,3,1,2
143568,17503,3,3,0
174768,17504,3,1,2
251008,17505,3,1,2
117536,17506,3,0,3
56296,17507,3,1,2
847208,17508,3,2,1
376624,17509,3,1,2
232232,17510,3,2,1
185656,17511,3,2,1
156480,17512,3,1,2
574744,17513,3,2,1
189168,17514,3,3,0
91040,17515,3,1,2
114752,17516,3,2,1
1877168,17517,3,2,1
116016,17518,3,0,3
678536,17519,3,0,3
56024,17520,3,0,3
239480,17521,3,1,2
351128,17522,3,1,2
407760,17523,3,2,1
188528,17524,3,1,2
111312,17525,3,1,2
169520,17526,3,2,1
661408,17527,3,2,1
162032,17528,3,1,2
60016,17529,3,2,1
74280,17530,3,2,1
199448,17531,3,1,2
622336,17532,3,3,0
130072,17533,3,2,1
62712,17534,3,2,1
46832,17535,3,2,1
91856,17536,3,2,1
245392,17537,3,2,1
249000,17538,3,0,3
1826200,17539,3,2,1
365024,17540,3,2,1
128536,17541,3,1,2
708560,17542,3,3,0
198456,17543,3,2,1
85168,17544,3,1,2
333704,17545,3,0,3
1020976,17546,3,1,2
140344,17547,3,1,2
159624,17548,3,2,1
422264,17549,3,2,1
446664,17550,3,2,1
118056,17551,3,1,2
95504,17552,3,0,3
136032,17553,3,2,1
430376,17554,3,3,0
205592,17555,3,0,3
198144,17556,3,0,3
82920,17557,3,2,1
314976,17558,3,1,2
458856,17559,3,1,2
93376,17560,3,2,1
603976,17561,3,1,2
165240,17562,3,2,1
462472,17563,3,2,1
321208,17564,3,3,0
223304,17565,3,1,2
172984,17566,3,0,3
210024,17567,3,2,1
343704,17568,3,3,0
81240,17569,3,1,2
1548232,17570,3,0,3
63752,17571,3,1,2
520280,17572,3,0,3
467816,17573,3,1,2
924480,17574,3,0,3
135472,17575,3,2,1
115616,17576,3,2,1
492816,17577,3,0,3
139144,17578,3,2,1
293776,17579,3,1,2
322680,17580,3,0,3
222424,17581,3,3,0
100032,17582,3,2,1
126192,17583,3,1,2
1021208,17584,3,1,2
398840,17585,3,0,3
95944,17586,3,1,2
714832,17587,3,2,1
114672,17588,3,0,3
116976,17589,3,1,2
249208,17590,3,1,2
160880,17591,3,1,2
135208,17592,3,2,1
373104,17593,3,0,3
286696,17594,3,1,2
485784,17595,3,2,1
104848,17596,3,1,2
133504,17597,3,0,3
588048,17598,3,2,1
209744,17599,3,3,0
89072,17600,3,3,0
79840,17601,3,1,2
113976,17602,3,1,2
222944,17603,3,0,3
301152,17604,3,1,2
175352,17605,3,2,1
372752,17606,3,2,1
768304,17607,3,3,0
139936,17608,3,3,0
77520,17609,3,2,1
128624,17610,3,0,3
160992,17611,3,2,1
128392,17612,3,0,3
154456,17613,3,1,2
220416,17614,3,1,2
155376,17615,3,1,2
809808,17616,3,3,0
155128,17617,3,2,1
458808,17618,3,1,2
351960,17619,3,2,1
381696,17620,3,1,2
241200,17621,3,0,3
371808,17622,3,1,2
143288,17623,3,0,3
186504,17624,3,1,2
876568,17625,3,1,2
457216,17626,3,2,1
193704,17627,3,2,1
75856,17628,3,3,0
75464,17629,3,1,2
211296,17630,3,2,1
246448,17631,3,3,0
380792,17632,3,2,1
777232,17633,3,2,1
109896,17634,3,1,2
481864,17635,3,1,2
371024,17636,3,2,1
284680,17637,3,2,1
974536,17638,3,1,2
115680,17639,3,2,1
198128,17640,3,1,2
63432,17641,3,2,1
188504,17642,3,2,1
375568,17643,3,1,2
684904,17644,3,1,2
148328,17645,3,2,1
1329576,17646,3,2,1
64448,17647,3,0,3
319856,17648,3,0,3
151848,17649,3,2,1
247952,17650,3,1,2
93984,17651,3,2,1
220496,17652,3,3,0
199832,17653,3,0,3
248608,17654,3,2,1
196352,17655,3,0,3
149760,17656,3,0,3
342760,17657,3,1,2
257784,17658,3,1,2
73752,17659,3,1,2
353536,17660,3,2,1
542808,17661,3,2,1
156336,17662,3,2,1
1508624,17663,3,1,2
317416,17664,3,2,1
300512,17665,3,1,2
84912,17666,3,2,1
924600,17667,3,1,2
236072,17668,3,2,1
116968,17669,3,1,2
181384,17670,3,2,1
309776,17671,3,1,2
53968,17672,3,1,2
243552,17673,3,0,3
486728,17674,3,0,3
153720,17675,3,3,0
176216,17676,3,2,1
163576,17677,3,1,2
229416,17678,3,2,1
70488,17679,3,2,1
311320,17680,3,3,0
2393720,17681,3,1,2
275192,17682,3,2,1
189912,17683,3,0,3
1353256,17684,3,1,2
208272,17685,3,0,3
123408,17686,3,2,1
414304,17687,3,1,2
392744,17688,3,1,2
2938328,17689,3,0,3
1288208,17690,3,2,1
130824,17691,3,0,3
405864,17692,3,2,1
69616,17693,3,1,2
73464,17694,3,2,1
75408,17695,3,2,1
78264,17696,3,1,2
205648,17697,3,3,0
122576,17698,3,1,2
478368,17699,3,0,3
1084704,17700,3,2,1
680576,17701,3,1,2
1296112,17702,3,1,2
190112,17703,3,0,3
295216,17704,3,1,2
1137856,17705,3,1,2
650968,17706,3,0,3
208352,17707,3,1,2
174608,17708,3,2,1
496368,17709,3,1,2
597296,17710,3,2,1
206120,17711,3,1,2
106312,17712,3,1,2
245192,17713,3,2,1
1357552,17714,3,3,0
409872,17715,3,0,3
310992,17716,3,1,2
237920,17717,3,3,0
123944,17718,3,2,1
166656,17719,3,2,1
130792,17720,3,1,2
120600,17721,3,0,3
131552,17722,3,1,2
485464,17723,3,0,3
136472,17724,3,2,1
314144,17725,3,0,3
60808,17726,3,1,2
928776,17727,3,2,1
810296,17728,3,1,2
258248,17729,3,1,2
191568,17730,3,1,2
186728,17731,3,2,1
144576,17732,3,2,1
129992,17733,3,2,1
109528,17734,3,0,3
393952,17735,3,3,0
208344,17736,3,2,1
124352,17737,3,2,1
359232,17738,3,2,1
148256,17739,3,1,2
2980864,17740,3,2,1
123904,17741,3,3,0
120464,17742,3,0,3
84816,17743,3,3,0
815336,17744,3,1,2
929144,17745,3,1,2
950024,17746,3,2,1
1097856,17747,3,3,0
82216,17748,3,2,1
339872,17749,3,2,1
100368,17750,3,2,1
633176,17751,3,1,2
167864,17752,3,2,1
133352,17753,3,2,1
922736,17754,3,1,2
81048,17755,3,1,2
147808,17756,3,2,1
124024,17757,3,2,1
184024,17758,3,0,3
65616,17759,3,3,0
782688,17760,3,2,1
166088,17761,3,1,2
289000,17762,3,1,2
140416,17763,3,1,2
1200264,17764,3,1,2
1102432,17765,3,1,2
819368,17766,3,0,3
38824,17767,3,2,1
156056,17768,3,1,2
183384,17769,3,0,3
195840,17770,3,2,1
612328,17771,3,2,1
275904,17772,3,1,2
87824,17773,3,1,2
442160,17774,3,1,2
292520,17775,3,1,2
341344,17776,3,0,3
921360,17777,3,3,0
264480,17778,3,0,3
227344,17779,3,1,2
148816,17780,3,1,2
872760,17781,3,2,1
205376,17782,3,0,3
146264,17783,3,1,2
66856,17784,3,0,3
3259808,17785,3,2,1
103592,17786,3,0,3
517664,17787,3,0,3
291232,17788,3,3,0
281024,17789,3,1,2
115736,17790,3,2,1
123312,17791,3,3,0
237448,17792,3,1,2
106424,17793,3,1,2
611904,17794,3,1,2
180992,17795,3,1,2
512560,17796,3,3,0
107344,17797,3,3,0
144976,17798,3,3,0
4417400,17799,3,2,1
508640,17800,3,0,3
243512,17801,3,2,1
163792,17802,3,1,2
3654536,17803,3,3,0
536024,17804,3,0,3
155600,17805,3,3,0
83024,17806,3,0,3
164016,17807,3,1,2
81080,17808,3,1,2
344808,17809,3,0,3
309712,17810,3,2,1
208216,17811,3,1,2
227040,17812,3,2,1
86832,17813,3,2,1
313320,17814,3,2,1
238912,17815,3,2,1
582824,17816,3,1,2
1680408,17817,3,1,2
137480,17818,3,2,1
300672,17819,3,1,2
265360,17820,3,0,3
101784,17821,3,2,1
47320,17822,3,0,3
412096,17823,3,2,1
67352,17824,3,1,2
2766232,17825,3,2,1
873192,17826,3,1,2
230776,17827,3,1,2
80416,17828,3,2,1
1518608,17829,3,2,1
2417560,17830,3,2,1
1148600,17831,3,0,3
1522352,17832,3,2,1
786992,17833,3,2,1
178200,17834,3,2,1
361712,17835,3,2,1
122896,17836,3,1,2
131328,17837,3,1,2
210032,17838,3,3,0
189032,17839,3,0,3
197624,17840,3,2,1
586200,17841,3,0,3
1975744,17842,3,3,0
202440,17843,3,1,2
135248,17844,3,2,1
334008,17845,3,1,2
343816,17846,3,0,3
217472,17847,3,2,1
148936,17848,3,1,2
51064,17849,3,2,1
281184,17850,3,1,2
321224,17851,3,3,0
94640,17852,3,3,0
396320,17853,3,0,3
318392,17854,3,2,1
106376,17855,3,1,2
75296,17856,3,1,2
172552,17857,3,1,2
139040,17858,3,1,2
1047480,17859,3,1,2
322520,17860,3,2,1
130816,17861,3,2,1
1027392,17862,3,2,1
302520,17863,3,1,2
100304,17864,3,2,1
280008,17865,3,1,2
227480,17866,3,2,1
574928,17867,3,2,1
184640,17868,3,3,0
231992,17869,3,2,1
197232,17870,3,3,0
72056,17871,3,2,1
99208,17872,3,1,2
152928,17873,3,1,2
78392,17874,3,0,3
340032,17875,3,1,2
203848,17876,3,2,1
124456,17877,3,2,1
1669920,17878,3,1,2
302304,17879,3,1,2
527768,17880,3,2,1
147784,17881,3,1,2
123664,17882,3,2,1
175424,17883,3,3,0
408552,17884,3,2,1
46720,17885,3,3,0
140880,17886,3,2,1
1727872,17887,3,1,2
45008,17888,3,1,2
482840,17889,3,1,2
159032,17890,3,2,1
72144,17891,3,1,2
310936,17892,3,1,2
129176,17893,3,1,2
190992,17894,3,2,1
323232,17895,3,0,3
570176,17896,3,1,2
535656,17897,3,2,1
754320,17898,3,1,2
121144,17899,3,2,1
668936,17900,3,2,1
1753960,17901,3,1,2
693952,17902,3,2,1
657344,17903,3,1,2
2804584,17904,3,1,2
508960,17905,3,1,2
247064,17906,3,2,1
273808,17907,3,1,2
213096,17908,3,0,3
154712,17909,3,1,2
211624,17910,3,2,1
176440,17911,3,1,2
206480,17912,3,1,2
152512,17913,3,2,1
588232,17914,3,2,1
70408,17915,3,3,0
245912,17916,3,3,0
398040,17917,3,2,1
118488,17918,3,2,1
248544,17919,3,0,3
118312,17920,3,2,1
471288,17921,3,3,0
237008,17922,3,1,2
67256,17923,3,2,1
83552,17924,3,1,2
205152,17925,3,1,2
76448,17926,3,2,1
81648,17927,3,0,3
133096,17928,3,2,1
258024,17929,3,1,2
363576,17930,3,2,1
448696,17931,3,0,3
91408,17932,3,3,0
1436736,17933,3,2,1
1351352,17934,3,1,2
170728,17935,3,2,1
618288,17936,3,2,1
151352,17937,3,2,1
2926504,17938,3,1,2
598280,17939,3,0,3
201920,17940,3,2,1
345008,17941,3,3,0
188792,17942,3,2,1
384248,17943,3,2,1
313096,17944,3,1,2
204760,17945,3,2,1
226096,17946,3,2,1
196552,17947,3,1,2
134072,17948,3,1,2
61272,17949,3,2,1
750664,17950,3,2,1
288872,17951,3,2,1
423848,17952,3,2,1
107144,17953,3,2,1
419736,17954,3,1,2
1220512,17955,3,0,3
3113064,17956,3,1,2
529912,17957,3,3,0
728896,17958,3,0,3
224512,17959,3,0,3
93424,17960,3,2,1
45072,17961,3,1,2
289008,17962,3,2,1
387320,17963,3,2,1
105464,17964,3,0,3
696152,17965,3,3,0
136296,17966,3,1,2
185920,17967,3,1,2
161344,17968,3,2,1
97880,17969,3,3,0
134184,17970,3,3,0
65584,17971,3,1,2
685016,17972,3,3,0
371136,17973,3,1,2
60336,17974,3,2,1
489784,17975,3,1,2
190728,17976,3,3,0
662784,17977,3,2,1
173808,17978,3,2,1
102688,17979,3,1,2
92384,17980,3,0,3
108000,17981,3,2,1
221936,17982,3,2,1
464328,17983,3,1,2
599776,17984,3,1,2
111000,17985,3,1,2
890120,17986,3,2,1
112264,17987,3,1,2
239024,17988,3,1,2
521328,17989,3,1,2
695496,17990,3,2,1
399704,17991,3,2,1
110384,17992,3,0,3
196888,17993,3,1,2
233016,17994,3,3,0
531600,17995,3,1,2
89512,17996,3,1,2
1335840,17997,3,1,2
460608,17998,3,1,2
195576,17999,3,1,2
1500648,18000,3,1,2
1376880,18001,3,2,1
865792,18002,3,2,1
65840,18003,3,1,2
112256,18004,3,2,1
1266944,18005,3,3,0
93576,18006,3,2,1
248080,18007,3,3,0
110672,18008,3,1,2
505720,18009,3,0,3
515272,18010,3,2,1
306664,18011,3,3,0
283664,18012,3,2,1
513560,18013,3,1,2
356952,18014,3,2,1
77184,18015,3,2,1
181368,18016,3,3,0
414936,18017,3,3,0
57880,18018,3,3,0
269824,18019,3,0,3
221168,18020,3,2,1
182648,18021,3,2,1
366104,18022,3,3,0
1939752,18023,3,3,0
85352,18024,3,2,1
1051824,18025,3,1,2
110816,18026,3,1,2
193608,18027,3,2,1
260144,18028,3,2,1
62920,18029,3,1,2
197920,18030,3,1,2
711832,18031,3,2,1
89232,18032,3,3,0
258856,18033,3,2,1
257104,18034,3,2,1
125184,18035,3,2,1
298840,18036,3,2,1
160312,18037,3,1,2
83264,18038,3,2,1
201328,18039,3,3,0
146200,18040,3,3,0
221864,18041,3,2,1
762096,18042,3,2,1
177744,18043,3,0,3
268232,18044,3,1,2
223936,18045,3,0,3
322120,18046,3,2,1
86856,18047,3,2,1
1989088,18048,3,1,2
172992,18049,3,2,1
357736,18050,3,2,1
64224,18051,3,1,2
151176,18052,3,1,2
181848,18053,3,3,0
313264,18054,3,2,1
82728,18055,3,1,2
697456,18056,3,2,1
61688,18057,3,1,2
254824,18058,3,0,3
169728,18059,3,1,2
1256808,18060,3,2,1
106096,18061,3,2,1
314560,18062,3,3,0
184216,18063,3,2,1
109680,18064,3,2,1
210064,18065,3,2,1
160208,18066,3,3,0
168536,18067,3,1,2
389536,18068,3,0,3
79640,18069,3,2,1
77688,18070,3,1,2
478128,18071,3,2,1
59792,18072,3,3,0
154048,18073,3,0,3
189240,18074,3,1,2
211728,18075,3,2,1
388024,18076,3,0,3
654728,18077,3,1,2
140224,18078,3,3,0
88240,18079,3,3,0
342984,18080,3,2,1
77000,18081,3,2,1
96784,18082,3,3,0
229928,18083,3,1,2
1755288,18084,3,2,1
393968,18085,3,0,3
84040,18086,3,2,1
165984,18087,3,0,3
179024,18088,3,2,1
90944,18089,3,1,2
221056,18090,3,3,0
155880,18091,3,3,0
398976,18092,3,2,1
118232,18093,3,1,2
874264,18094,3,1,2
560544,18095,3,2,1
95824,18096,3,3,0
171664,18097,3,1,2
302336,18098,3,2,1
250744,18099,3,2,1
77640,18100,3,1,2
305040,18101,3,1,2
118016,18102,3,0,3
599440,18103,3,1,2
92928,18104,3,1,2
546824,18105,3,2,1
267248,18106,3,2,1
144472,18107,3,2,1
939616,18108,3,2,1
217640,18109,3,3,0
850840,18110,3,3,0
114568,18111,3,2,1
187976,18112,3,1,2
108944,18113,3,1,2
83736,18114,3,1,2
231792,18115,3,2,1
1390880,18116,3,2,1
331920,18117,3,2,1
357016,18118,3,1,2
129960,18119,3,2,1
578984,18120,3,1,2
304304,18121,3,1,2
178296,18122,3,1,2
285840,18123,3,3,0
317360,18124,3,3,0
2159616,18125,3,3,0
110872,18126,3,0,3
457584,18127,3,1,2
293064,18128,3,2,1
175112,18129,3,1,2
343944,18130,3,3,0
591040,18131,3,3,0
260360,18132,3,2,1
534712,18133,3,2,1
332464,18134,3,3,0
194368,18135,3,1,2
124224,18136,3,2,1
380992,18137,3,1,2
241360,18138,3,3,0
491496,18139,3,3,0
263360,18140,3,2,1
409216,18141,3,1,2
231864,18142,3,1,2
301096,18143,3,0,3
309560,18144,3,1,2
133880,18145,3,2,1
131112,18146,3,2,1
629408,18147,3,1,2
264304,18148,3,1,2
939104,18149,3,3,0
175472,18150,3,1,2
145400,18151,3,3,0
94200,18152,3,1,2
378000,18153,3,2,1
184848,18154,3,2,1
375600,18155,3,1,2
244032,18156,3,2,1
256080,18157,3,2,1
3617544,18158,3,3,0
90616,18159,3,2,1
290688,18160,3,2,1
137264,18161,3,0,3
105424,18162,3,3,0
208232,18163,3,2,1
132296,18164,3,2,1
109792,18165,3,2,1
248760,18166,3,2,1
136920,18167,3,1,2
497720,18168,3,1,2
151336,18169,3,3,0
950592,18170,3,0,3
338224,18171,3,3,0
236240,18172,3,0,3
309232,18173,3,1,2
239216,18174,3,1,2
899992,18175,3,2,1
116440,18176,3,1,2
96072,18177,3,1,2
77264,18178,3,1,2
195976,18179,3,2,1
176808,18180,3,1,2
865328,18181,3,2,1
172352,18182,3,3,0
984824,18183,3,2,1
824376,18184,3,2,1
112360,18185,3,0,3
477352,18186,3,0,3
131048,18187,3,2,1
175904,18188,3,2,1
629976,18189,3,0,3
258960,18190,3,2,1
118400,18191,3,0,3
161664,18192,3,0,3
125024,18193,3,0,3
104472,18194,3,1,2
240056,18195,3,3,0
244008,18196,3,2,1
1598208,18197,3,1,2
195968,18198,3,1,2
125800,18199,3,1,2
245808,18200,3,1,2
184896,18201,3,1,2
1026872,18202,3,3,0
186016,18203,3,1,2
72984,18204,3,2,1
269792,18205,3,3,0
245736,18206,3,0,3
205232,18207,3,2,1
669144,18208,3,2,1
1164648,18209,3,2,1
1255576,18210,3,1,2
496720,18211,3,2,1
497176,18212,3,1,2
200024,18213,3,1,2
181328,18214,3,1,2
2086120,18215,3,2,1
671216,18216,3,3,0
83720,18217,3,1,2
104256,18218,3,2,1
1134808,18219,3,2,1
386656,18220,3,1,2
232008,18221,3,0,3
111192,18222,3,2,1
158184,18223,3,3,0
372712,18224,3,1,2
422416,18225,3,1,2
170680,18226,3,0,3
157192,18227,3,1,2
271768,18228,3,2,1
582616,18229,3,2,1
118544,18230,3,2,1
1126736,18231,3,2,1
2366048,18232,3,2,1
639504,18233,3,1,2
320000,18234,3,3,0
814600,18235,3,2,1
203880,18236,3,2,1
94176,18237,3,3,0
946776,18238,3,2,1
93952,18239,3,1,2
83984,18240,3,0,3
1982600,18241,3,2,1
776880,18242,3,2,1
152496,18243,3,1,2
231376,18244,3,3,0
965960,18245,3,2,1
769168,18246,3,1,2
152968,18247,3,1,2
1315736,18248,3,1,2
149336,18249,3,2,1
699800,18250,3,1,2
269640,18251,3,1,2
194784,18252,3,2,1
220328,18253,3,1,2
346984,18254,3,2,1
66664,18255,3,1,2
189488,18256,3,0,3
348472,18257,3,1,2
51160,18258,3,1,2
600152,18259,3,0,3
1340248,18260,3,2,1
220592,18261,3,1,2
169528,18262,3,0,3
1133224,18263,3,1,2
610872,18264,3,1,2
139520,18265,3,2,1
966432,18266,3,3,0
158224,18267,3,3,0
135904,18268,3,1,2
141464,18269,3,1,2
376080,18270,3,0,3
142464,18271,3,1,2
231832,18272,3,1,2
1309136,18273,3,0,3
74224,18274,3,1,2
308192,18275,3,2,1
344272,18276,3,2,1
437880,18277,3,2,1
184696,18278,3,1,2
265624,18279,3,1,2
253984,18280,3,2,1
1354960,18281,3,3,0
798320,18282,3,2,1
325960,18283,3,2,1
116480,18284,3,0,3
120392,18285,3,1,2
146472,18286,3,2,1
109768,18287,3,3,0
606000,18288,3,1,2
1054816,18289,3,2,1
217304,18290,3,0,3
232968,18291,3,0,3
151000,18292,3,1,2
112384,18293,3,0,3
1229944,18294,3,0,3
388400,18295,3,2,1
305224,18296,3,1,2
268320,18297,3,0,3
95240,18298,3,2,1
557016,18299,3,1,2
163520,18300,3,1,2
378392,18301,3,2,1
202336,18302,3,2,1
162984,18303,3,0,3
182400,18304,3,1,2
244352,18305,3,3,0
71184,18306,3,1,2
174968,18307,3,1,2
1529080,18308,3,1,2
184488,18309,3,1,2
127208,18310,3,2,1
133688,18311,3,2,1
3534208,18312,3,1,2
198448,18313,3,2,1
142184,18314,3,2,1
1949736,18315,3,0,3
570064,18316,3,3,0
276144,18317,3,0,3
76608,18318,3,2,1
131408,18319,3,2,1
310288,18320,3,2,1
700216,18321,3,3,0
312976,18322,3,1,2
130320,18323,3,1,2
101280,18324,3,1,2
221824,18325,3,1,2
1118392,18326,3,1,2
1000832,18327,3,2,1
372184,18328,3,1,2
530392,18329,3,1,2
329224,18330,3,1,2
144248,18331,3,1,2
578936,18332,3,1,2
150768,18333,3,1,2
6586040,18334,3,0,3
368416,18335,3,1,2
3678152,18336,3,2,1
388616,18337,3,1,2
170280,18338,3,2,1
494680,18339,3,1,2
133568,18340,3,1,2
198528,18341,3,1,2
158392,18342,3,2,1
108440,18343,3,1,2
191144,18344,3,0,3
346456,18345,3,1,2
281216,18346,3,1,2
206248,18347,3,2,1
252352,18348,3,3,0
594568,18349,3,3,0
166000,18350,3,1,2
477584,18351,3,3,0
198112,18352,3,2,1
150360,18353,3,3,0
138784,18354,3,1,2
113952,18355,3,3,0
2651096,18356,3,1,2
5252760,18357,3,2,1
520112,18358,3,0,3
119456,18359,3,2,1
120456,18360,3,0,3
193816,18361,3,1,2
89856,18362,3,2,1
589120,18363,3,1,2
301584,18364,3,2,1
571888,18365,3,1,2
297568,18366,3,3,0
317712,18367,3,1,2
2549744,18368,3,2,1
1020408,18369,3,1,2
160824,18370,3,1,2
339432,18371,3,2,1
144624,18372,3,1,2
107208,18373,3,2,1
60688,18374,3,1,2
281696,18375,3,2,1
67312,18376,3,1,2
240232,18377,3,1,2
176424,18378,3,1,2
834584,18379,3,2,1
108856,18380,3,0,3
509104,18381,3,1,2
94192,18382,3,2,1
134784,18383,3,2,1
1457760,18384,3,1,2
4217088,18385,3,1,2
325456,18386,3,1,2
480752,18387,3,3,0
6833312,18388,3,2,1
370080,18389,3,2,1
233312,18390,3,0,3
292968,18391,3,2,1
94320,18392,3,3,0
1685504,18393,3,1,2
1292536,18394,3,2,1
175208,18395,3,2,1
422496,18396,3,1,2
160136,18397,3,2,1
494024,18398,3,1,2
157400,18399,3,0,3
121080,18400,3,0,3
1344968,18401,3,2,1
327096,18402,3,1,2
123232,18403,3,1,2
506960,18404,3,2,1
215024,18405,3,2,1
256168,18406,3,2,1
523328,18407,3,1,2
376744,18408,3,2,1
331128,18409,3,0,3
91504,18410,3,1,2
216224,18411,3,2,1
145024,18412,3,3,0
150048,18413,3,1,2
200632,18414,3,2,1
3460312,18415,3,2,1
432072,18416,3,3,0
528232,18417,3,1,2
103560,18418,3,1,2
89120,18419,3,1,2
1088096,18420,3,1,2
209976,18421,3,2,1
569000,18422,3,2,1
1983912,18423,3,2,1
377272,18424,3,3,0
265976,18425,3,2,1
105008,18426,3,1,2
522400,18427,3,3,0
205032,18428,3,1,2
338944,18429,3,2,1
98344,18430,3,2,1
479160,18431,3,0,3
40968,18432,3,2,1
277280,18433,3,3,0
3108648,18434,3,3,0
143176,18435,3,0,3
1568704,18436,3,2,1
282392,18437,3,3,0
193112,18438,3,1,2
730920,18439,3,1,2
173248,18440,3,0,3
58840,18441,3,0,3
454448,18442,3,2,1
111488,18443,3,3,0
227800,18444,3,3,0
180480,18445,3,2,1
427960,18446,3,3,0
1669784,18447,3,1,2
93048,18448,3,1,2
65776,18449,3,3,0
272280,18450,3,1,2
196760,18451,3,1,2
358320,18452,3,1,2
417208,18453,3,3,0
285784,18454,3,3,0
92288,18455,3,3,0
131728,18456,3,2,1
746728,18457,3,2,1
350872,18458,3,2,1
176528,18459,3,2,1
129568,18460,3,2,1
113504,18461,3,2,1
147744,18462,3,2,1
110016,18463,3,1,2
703632,18464,3,2,1
392064,18465,3,2,1
168168,18466,3,2,1
49224,18467,3,2,1
311528,18468,3,2,1
469512,18469,3,2,1
242368,18470,3,1,2
174088,18471,3,0,3
526880,18472,3,1,2
79936,18473,3,1,2
108736,18474,3,3,0
188776,18475,3,3,0
153344,18476,3,0,3
249816,18477,3,3,0
422304,18478,3,1,2
493192,18479,3,1,2
398512,18480,3,2,1
263112,18481,3,1,2
237112,18482,3,3,0
371056,18483,3,2,1
328240,18484,3,2,1
60584,18485,3,3,0
262160,18486,3,2,1
107784,18487,3,2,1
159456,18488,3,0,3
347528,18489,3,1,2
141744,18490,3,2,1
215376,18491,3,0,3
188432,18492,3,3,0
196408,18493,3,1,2
367384,18494,3,1,2
255864,18495,3,2,1
55872,18496,3,0,3
180552,18497,3,2,1
154808,18498,3,1,2
167712,18499,3,1,2
335688,18500,3,1,2
105016,18501,3,2,1
93296,18502,3,1,2
544312,18503,3,0,3
219584,18504,3,0,3
688648,18505,3,2,1
1182136,18506,3,3,0
467192,18507,3,1,2
176408,18508,3,1,2
214264,18509,3,1,2
419912,18510,3,3,0
57384,18511,3,1,2
90696,18512,3,1,2
503624,18513,3,1,2
226656,18514,3,2,1
865808,18515,3,1,2
285664,18516,3,1,2
155352,18517,3,1,2
409696,18518,3,1,2
1332752,18519,3,1,2
665760,18520,3,1,2
443592,18521,3,2,1
236712,18522,3,1,2
58984,18523,3,1,2
128560,18524,3,2,1
233392,18525,3,1,2
162232,18526,3,2,1
353872,18527,3,1,2
174704,18528,3,1,2
251160,18529,3,2,1
143256,18530,3,2,1
66096,18531,3,1,2
97120,18532,3,1,2
414096,18533,3,0,3
117288,18534,3,1,2
88816,18535,3,1,2
459072,18536,3,2,1
468216,18537,3,2,1
541024,18538,3,1,2
577096,18539,3,2,1
183408,18540,3,3,0
324640,18541,3,2,1
77240,18542,3,2,1
259144,18543,3,2,1
222272,18544,3,2,1
787016,18545,3,3,0
323424,18546,3,2,1
132736,18547,3,0,3
758984,18548,3,2,1
649352,18549,3,1,2
418136,18550,3,3,0
132976,18551,3,1,2
181736,18552,3,1,2
140464,18553,3,1,2
599920,18554,3,1,2
208912,18555,3,2,1
468104,18556,3,1,2
277120,18557,3,3,0
244328,18558,3,1,2
281344,18559,3,1,2
184752,18560,3,2,1
203048,18561,3,0,3
170968,18562,3,1,2
246232,18563,3,0,3
239264,18564,3,2,1
117440,18565,3,2,1
56920,18566,3,2,1
465432,18567,3,2,1
1049032,18568,3,2,1
459992,18569,3,2,1
1094416,18570,3,2,1
155440,18571,3,2,1
127664,18572,3,2,1
315632,18573,3,3,0
190752,18574,3,1,2
91640,18575,3,1,2
183432,18576,3,1,2
267416,18577,3,3,0
199840,18578,3,1,2
169224,18579,3,2,1
97416,18580,3,2,1
213328,18581,3,1,2
7138592,18582,3,2,1
123624,18583,3,1,2
278456,18584,3,1,2
92016,18585,3,1,2
151944,18586,3,1,2
126080,18587,3,1,2
98920,18588,3,2,1
87520,18589,3,0,3
856008,18590,3,2,1
102272,18591,3,2,1
2476248,18592,3,1,2
438568,18593,3,1,2
483760,18594,3,3,0
337704,18595,3,1,2
135936,18596,3,0,3
209152,18597,3,1,2
342040,18598,3,1,2
950072,18599,3,1,2
370736,18600,3,2,1
89504,18601,3,3,0
2097440,18602,3,2,1
396520,18603,3,3,0
408424,18604,3,2,1
404248,18605,3,3,0
60824,18606,3,2,1
826008,18607,3,2,1
107432,18608,3,1,2
473408,18609,3,2,1
291744,18610,3,2,1
197584,18611,3,1,2
183240,18612,3,3,0
632768,18613,3,1,2
101032,18614,3,2,1
106200,18615,3,1,2
250680,18616,3,3,0
631264,18617,3,2,1
431496,18618,3,2,1
214056,18619,3,1,2
1179032,18620,3,1,2
214784,18621,3,2,1
273728,18622,3,1,2
424416,18623,3,2,1
84224,18624,3,2,1
178344,18625,3,1,2
478312,18626,3,3,0
95048,18627,3,1,2
49544,18628,3,3,0
393304,18629,3,1,2
166736,18630,3,3,0
315584,18631,3,1,2
231872,18632,3,3,0
203600,18633,3,2,1
329760,18634,3,0,3
48184,18635,3,1,2
237824,18636,3,2,1
83360,18637,3,1,2
198696,18638,3,1,2
206264,18639,3,1,2
935184,18640,3,2,1
3759272,18641,3,1,2
501920,18642,3,1,2
97736,18643,3,2,1
346352,18644,3,1,2
283648,18645,3,1,2
210096,18646,3,2,1
38336,18647,3,2,1
200720,18648,3,2,1
170064,18649,3,2,1
85544,18650,3,2,1
61864,18651,3,2,1
100256,18652,3,1,2
256552,18653,3,2,1
240696,18654,3,1,2
548216,18655,3,1,2
91800,18656,3,2,1
95096,18657,3,1,2
954440,18658,3,2,1
414168,18659,3,2,1
208360,18660,3,1,2
151784,18661,3,1,2
86152,18662,3,1,2
1025560,18663,3,0,3
171216,18664,3,2,1
396720,18665,3,1,2
264928,18666,3,1,2
740136,18667,3,1,2
182864,18668,3,3,0
979616,18669,3,2,1
717968,18670,3,1,2
471376,18671,3,2,1
121672,18672,3,1,2
141000,18673,3,2,1
510256,18674,3,3,0
599848,18675,3,1,2
269312,18676,3,2,1
175552,18677,3,3,0
406048,18678,3,2,1
398272,18679,3,2,1
612736,18680,3,2,1
275264,18681,3,0,3
206208,18682,3,3,0
298216,18683,3,2,1
108720,18684,3,1,2
139088,18685,3,0,3
351808,18686,3,2,1
104312,18687,3,1,2
373152,18688,3,0,3
122776,18689,3,0,3
260328,18690,3,2,1
140280,18691,3,2,1
168088,18692,3,1,2
460800,18693,3,2,1
45160,18694,3,1,2
400824,18695,3,0,3
4353696,18696,3,0,3
479712,18697,3,3,0
219752,18698,3,0,3
148152,18699,3,2,1
1397816,18700,3,1,2
154552,18701,3,2,1
957968,18702,3,1,2
759536,18703,3,1,2
87944,18704,3,1,2
103472,18705,3,1,2
175080,18706,3,3,0
387032,18707,3,3,0
357176,18708,3,2,1
112552,18709,3,1,2
74128,18710,3,1,2
252384,18711,3,1,2
161400,18712,3,0,3
1993384,18713,3,2,1
81256,18714,3,2,1
569352,18715,3,0,3
326496,18716,3,2,1
632832,18717,3,2,1
258640,18718,3,3,0
168024,18719,3,0,3
138384,18720,3,1,2
461520,18721,3,2,1
396960,18722,3,2,1
338216,18723,3,1,2
235464,18724,3,3,0
212256,18725,3,0,3
375648,18726,3,0,3
228368,18727,3,0,3
150712,18728,3,0,3
114872,18729,3,1,2
1264224,18730,3,1,2
501392,18731,3,2,1
821224,18732,3,2,1
266696,18733,3,2,1
293848,18734,3,0,3
96016,18735,3,1,2
183544,18736,3,1,2
334032,18737,3,3,0
137720,18738,3,1,2
513024,18739,3,1,2
867336,18740,3,1,2
126768,18741,3,0,3
171488,18742,3,2,1
268904,18743,3,1,2
256512,18744,3,1,2
297880,18745,3,1,2
165752,18746,3,1,2
211352,18747,3,2,1
104568,18748,3,1,2
1482304,18749,3,2,1
218512,18750,3,2,1
1918456,18751,3,1,2
177616,18752,3,0,3
570872,18753,3,0,3
88648,18754,3,2,1
175408,18755,3,2,1
538280,18756,3,2,1
45552,18757,3,1,2
1037728,18758,3,0,3
228040,18759,3,1,2
285928,18760,3,2,1
510304,18761,3,2,1
193776,18762,3,2,1
104456,18763,3,2,1
107576,18764,3,1,2
148048,18765,3,2,1
174104,18766,3,0,3
89272,18767,3,2,1
246504,18768,3,1,2
148824,18769,3,2,1
191096,18770,3,1,2
2072568,18771,3,3,0
446312,18772,3,1,2
506264,18773,3,2,1
150056,18774,3,1,2
56664,18775,3,1,2
721952,18776,3,2,1
403624,18777,3,1,2
123488,18778,3,2,1
256440,18779,3,2,1
2190264,18780,3,2,1
1543160,18781,3,2,1
337384,18782,3,0,3
169456,18783,3,2,1
307896,18784,3,2,1
441552,18785,3,0,3
128176,18786,3,0,3
136744,18787,3,2,1
136304,18788,3,0,3
618128,18789,3,2,1
66336,18790,3,1,2
176272,18791,3,2,1
866328,18792,3,2,1
474856,18793,3,2,1
149240,18794,3,0,3
345176,18795,3,1,2
181392,18796,3,1,2
133928,18797,3,1,2
114616,18798,3,2,1
271096,18799,3,2,1
54080,18800,3,2,1
196952,18801,3,1,2
171824,18802,3,1,2
508440,18803,3,1,2
85440,18804,3,1,2
587576,18805,3,0,3
248840,18806,3,1,2
116064,18807,3,2,1
165424,18808,3,1,2
2385544,18809,3,2,1
148720,18810,3,3,0
391528,18811,3,2,1
295016,18812,3,0,3
356480,18813,3,2,1
231752,18814,3,2,1
173184,18815,3,0,3
115632,18816,3,2,1
546608,18817,3,2,1
108528,18818,3,0,3
285408,18819,3,0,3
245472,18820,3,1,2
120288,18821,3,3,0
96360,18822,3,2,1
239704,18823,3,1,2
155936,18824,3,1,2
77816,18825,3,3,0
304496,18826,3,0,3
277520,18827,3,2,1
326704,18828,3,1,2
83592,18829,3,2,1
444056,18830,3,3,0
1067760,18831,3,1,2
537904,18832,3,1,2
137272,18833,3,1,2
76600,18834,3,3,0
244336,18835,3,3,0
282368,18836,3,1,2
332040,18837,3,1,2
307944,18838,3,2,1
245880,18839,3,3,0
176880,18840,3,2,1
127304,18841,3,1,2
83464,18842,3,1,2
107904,18843,3,2,1
210216,18844,3,1,2
923176,18845,3,1,2
219240,18846,3,1,2
87144,18847,3,0,3
853544,18848,3,2,1
1111440,18849,3,0,3
145152,18850,3,0,3
332656,18851,3,1,2
213648,18852,3,2,1
339824,18853,3,1,2
127376,18854,3,1,2
126152,18855,3,2,1
215568,18856,3,1,2
325552,18857,3,1,2
1121336,18858,3,1,2
422152,18859,3,1,2
250376,18860,3,2,1
508608,18861,3,2,1
336440,18862,3,2,1
292384,18863,3,2,1
252304,18864,3,2,1
78368,18865,3,1,2
94816,18866,3,3,0
707432,18867,3,3,0
206608,18868,3,2,1
172840,18869,3,3,0
66504,18870,3,3,0
783528,18871,3,2,1
130032,18872,3,0,3
85896,18873,3,1,2
50248,18874,3,2,1
202088,18875,3,3,0
171552,18876,3,2,1
1229424,18877,3,2,1
116424,18878,3,1,2
892208,18879,3,1,2
297800,18880,3,0,3
172672,18881,3,2,1
120696,18882,3,0,3
210560,18883,3,2,1
83568,18884,3,1,2
162672,18885,3,1,2
403560,18886,3,2,1
196576,18887,3,2,1
116288,18888,3,1,2
372824,18889,3,0,3
172656,18890,3,2,1
224360,18891,3,3,0
223320,18892,3,2,1
370912,18893,3,2,1
65296,18894,3,2,1
49992,18895,3,0,3
532704,18896,3,2,1
319728,18897,3,1,2
734544,18898,3,2,1
178328,18899,3,2,1
206488,18900,3,1,2
158080,18901,3,3,0
102480,18902,3,1,2
1222920,18903,3,2,1
200416,18904,3,2,1
268344,18905,3,3,0
449520,18906,3,1,2
619128,18907,3,2,1
140776,18908,3,2,1
248152,18909,3,1,2
187456,18910,3,1,2
272216,18911,3,1,2
196144,18912,3,1,2
90088,18913,3,2,1
414520,18914,3,2,1
141856,18915,3,1,2
267792,18916,3,3,0
456256,18917,3,2,1
285232,18918,3,1,2
49216,18919,3,1,2
613392,18920,3,2,1
173888,18921,3,1,2
180944,18922,3,2,1
1062832,18923,3,2,1
742488,18924,3,1,2
127520,18925,3,2,1
1918896,18926,3,0,3
300688,18927,3,0,3
186848,18928,3,1,2
97232,18929,3,2,1
7107936,18930,3,1,2
599568,18931,3,2,1
176336,18932,3,0,3
274712,18933,3,1,2
1185912,18934,3,1,2
141808,18935,3,3,0
433336,18936,3,0,3
180368,18937,3,1,2
550016,18938,3,1,2
345648,18939,3,0,3
76424,18940,3,2,1
240416,18941,3,1,2
75384,18942,3,2,1
188400,18943,3,2,1
278880,18944,3,2,1
3453896,18945,3,2,1
664888,18946,3,1,2
86560,18947,3,0,3
2162112,18948,3,2,1
99224,18949,3,0,3
695688,18950,3,1,2
5125336,18951,3,3,0
91208,18952,3,1,2
252824,18953,3,2,1
355088,18954,3,2,1
297216,18955,3,1,2
104376,18956,3,3,0
212544,18957,3,1,2
475288,18958,3,2,1
78656,18959,3,3,0
1575432,18960,3,1,2
197072,18961,3,2,1
267704,18962,3,1,2
230056,18963,3,2,1
2075584,18964,3,0,3
480456,18965,3,3,0
263256,18966,3,0,3
347800,18967,3,1,2
661200,18968,3,1,2
594880,18969,3,2,1
162320,18970,3,3,0
1691760,18971,3,2,1
220064,18972,3,2,1
242312,18973,3,1,2
80696,18974,3,2,1
3539704,18975,3,2,1
115800,18976,3,1,2
136312,18977,3,1,2
77216,18978,3,2,1
317704,18979,3,2,1
360032,18980,3,2,1
119400,18981,3,1,2
232040,18982,3,1,2
85288,18983,3,2,1
1248664,18984,3,3,0
209488,18985,3,3,0
159416,18986,3,2,1
228760,18987,3,0,3
435672,18988,3,3,0
72008,18989,3,2,1
78200,18990,3,1,2
198664,18991,3,2,1
200440,18992,3,2,1
714976,18993,3,1,2
160416,18994,3,1,2
202680,18995,3,1,2
463176,18996,3,2,1
855440,18997,3,2,1
73568,18998,3,1,2
217200,18999,3,2,1
726592,19000,3,2,1
623632,19001,3,2,1
240144,19002,3,2,1
1292864,19003,3,2,1
502024,19004,3,2,1
2778984,19005,3,2,1
72472,19006,3,1,2
378312,19007,3,1,2
320520,19008,3,2,1
317608,19009,3,2,1
298200,19010,3,1,2
820272,19011,3,2,1
82544,19012,3,1,2
112192,19013,3,2,1
81616,19014,3,1,2
88016,19015,3,3,0
102728,19016,3,1,2
331712,19017,3,2,1
797872,19018,3,0,3
135504,19019,3,2,1
480440,19020,3,2,1
124272,19021,3,3,0
79512,19022,3,2,1
561568,19023,3,2,1
171400,19024,3,2,1
5233008,19025,3,1,2
129224,19026,3,0,3
543656,19027,3,1,2
211336,19028,3,3,0
236840,19029,3,2,1
123864,19030,3,2,1
74504,19031,3,0,3
30856,19032,3,2,1
758848,19033,3,3,0
75208,19034,3,1,2
833360,19035,3,0,3
259456,19036,3,3,0
116952,19037,3,1,2
870736,19038,3,2,1
516832,19039,3,1,2
258000,19040,3,1,2
281352,19041,3,2,1
99304,19042,3,2,1
127736,19043,3,2,1
66296,19044,3,2,1
1585104,19045,3,1,2
204616,19046,3,1,2
81840,19047,3,1,2
137832,19048,3,1,2
142784,19049,3,3,0
399296,19050,3,1,2
218728,19051,3,0,3
67696,19052,3,1,2
1289920,19053,3,1,2
293448,19054,3,0,3
107072,19055,3,2,1
186152,19056,3,1,2
326968,19057,3,2,1
336152,19058,3,2,1
220128,19059,3,1,2
1437016,19060,3,1,2
478880,19061,3,1,2
623480,19062,3,1,2
272040,19063,3,3,0
108048,19064,3,2,1
111168,19065,3,1,2
175744,19066,3,2,1
196256,19067,3,2,1
178096,19068,3,3,0
31320,19069,3,2,1
343168,19070,3,1,2
399840,19071,3,2,1
106128,19072,3,2,1
319424,19073,3,1,2
240888,19074,3,2,1
85640,19075,3,2,1
1024024,19076,3,1,2
191320,19077,3,2,1
148408,19078,3,3,0
151400,19079,3,2,1
56704,19080,3,1,2
62416,19081,3,1,2
116312,19082,3,1,2
140176,19083,3,3,0
186400,19084,3,0,3
351160,19085,3,1,2
68240,19086,3,3,0
608544,19087,3,2,1
161936,19088,3,2,1
321776,19089,3,2,1
471832,19090,3,3,0
488408,19091,3,1,2
461304,19092,3,2,1
390800,19093,3,2,1
88824,19094,3,2,1
211968,19095,3,0,3
374192,19096,3,0,3
236232,19097,3,3,0
249160,19098,3,1,2
601256,19099,3,1,2
773208,19100,3,1,2
143992,19101,3,1,2
78120,19102,3,2,1
125776,19103,3,1,2
209688,19104,3,1,2
309976,19105,3,2,1
239456,19106,3,2,1
1541728,19107,3,1,2
180880,19108,3,2,1
236376,19109,3,0,3
295312,19110,3,1,2
189944,19111,3,2,1
256472,19112,3,1,2
77896,19113,3,0,3
532344,19114,3,1,2
656416,19115,3,2,1
347016,19116,3,2,1
501496,19117,3,2,1
135024,19118,3,0,3
228664,19119,3,3,0
157272,19120,3,2,1
601472,19121,3,2,1
268528,19122,3,3,0
1293064,19123,3,2,1
1076776,19124,3,2,1
305120,19125,3,2,1
251760,19126,3,0,3
3147952,19127,3,1,2
520184,19128,3,2,1
818568,19129,3,1,2
52552,19130,3,2,1
389848,19131,3,1,2
683240,19132,3,1,2
95624,19133,3,2,1
341312,19134,3,1,2
198632,19135,3,2,1
299832,19136,3,2,1
93920,19137,3,2,1
638544,19138,3,1,2
482760,19139,3,2,1
600296,19140,3,2,1
105728,19141,3,0,3
366320,19142,3,2,1
868144,19143,3,3,0
112016,19144,3,1,2
115584,19145,3,2,1
223264,19146,3,0,3
304088,19147,3,1,2
371536,19148,3,1,2
651552,19149,3,1,2
60560,19150,3,1,2
250544,19151,3,3,0
108920,19152,3,3,0
256192,19153,3,2,1
295448,19154,3,2,1
195272,19155,3,0,3
86640,19156,3,0,3
277176,19157,3,1,2
50128,19158,3,1,2
286072,19159,3,2,1
562432,19160,3,0,3
144040,19161,3,1,2
142816,19162,3,0,3
111112,19163,3,1,2
512024,19164,3,1,2
168512,19165,3,1,2
167560,19166,3,1,2
356440,19167,3,3,0
1518992,19168,3,3,0
382096,19169,3,2,1
98808,19170,3,0,3
102032,19171,3,1,2
167992,19172,3,0,3
211928,19173,3,2,1
260864,19174,3,0,3
96752,19175,3,1,2
395552,19176,3,1,2
293744,19177,3,1,2
976608,19178,3,0,3
194224,19179,3,0,3
52784,19180,3,0,3
215528,19181,3,2,1
156216,19182,3,3,0
103840,19183,3,3,0
125128,19184,3,1,2
402848,19185,3,1,2
211168,19186,3,1,2
680040,19187,3,1,2
298304,19188,3,2,1
522568,19189,3,1,2
1075256,19190,3,2,1
361472,19191,3,2,1
37696,19192,3,2,1
104056,19193,3,2,1
122448,19194,3,1,2
703976,19195,3,0,3
278104,19196,3,1,2
62904,19197,3,1,2
348272,19198,3,1,2
517112,19199,3,2,1
116736,19200,3,0,3
232320,19201,3,3,0
273560,19202,3,1,2
252096,19203,3,2,1
669336,19204,3,1,2
607360,19205,3,2,1
1159744,19206,3,2,1
156288,19207,3,2,1
179464,19208,3,3,0
265216,19209,3,2,1
470512,19210,3,1,2
225168,19211,3,2,1
200168,19212,3,1,2
1463816,19213,3,1,2
137344,19214,3,2,1
185496,19215,3,3,0
252328,19216,3,3,0
118768,19217,3,2,1
62272,19218,3,0,3
343864,19219,3,1,2
250704,19220,3,1,2
133072,19221,3,2,1
179128,19222,3,1,2
313760,19223,3,2,1
640376,19224,3,3,0
99928,19225,3,2,1
4337552,19226,3,1,2
196464,19227,3,0,3
1099200,19228,3,0,3
157976,19229,3,2,1
314880,19230,3,2,1
44880,19231,3,0,3
149016,19232,3,1,2
1559368,19233,3,0,3
308936,19234,3,1,2
1503696,19235,3,3,0
399632,19236,3,3,0
185392,19237,3,0,3
185512,19238,3,1,2
147600,19239,3,2,1
117504,19240,3,1,2
122744,19241,3,2,1
264896,19242,3,0,3
143944,19243,3,1,2
2447712,19244,3,2,1
579432,19245,3,2,1
1575624,19246,3,2,1
91136,19247,3,1,2
111136,19248,3,2,1
125872,19249,3,2,1
110640,19250,3,2,1
258136,19251,3,2,1
132176,19252,3,1,2
827392,19253,3,2,1
79312,19254,3,2,1
295472,19255,3,0,3
608880,19256,3,1,2
132304,19257,3,3,0
95112,19258,3,2,1
2317056,19259,3,2,1
172080,19260,3,2,1
162736,19261,3,2,1
134872,19262,3,0,3
212696,19263,3,3,0
52936,19264,3,2,1
108456,19265,3,2,1
151040,19266,3,2,1
1320048,19267,3,2,1
262904,19268,3,2,1
98720,19269,3,1,2
212808,19270,3,2,1
87856,19271,3,3,0
594792,19272,3,2,1
394480,19273,3,1,2
633192,19274,3,1,2
78744,19275,3,1,2
263272,19276,3,1,2
209808,19277,3,1,2
69520,19278,3,2,1
638168,19279,3,0,3
551024,19280,3,1,2
153232,19281,3,3,0
225432,19282,3,3,0
161712,19283,3,3,0
143832,19284,3,2,1
104576,19285,3,2,1
116368,19286,3,2,1
893880,19287,3,2,1
621704,19288,3,2,1
511376,19289,3,1,2
175704,19290,3,1,2
274048,19291,3,2,1
1382504,19292,3,1,2
221608,19293,3,1,2
263824,19294,3,1,2
210608,19295,3,1,2
98656,19296,3,2,1
141952,19297,3,2,1
774576,19298,3,1,2
603160,19299,3,2,1
1973272,19300,3,0,3
920624,19301,3,1,2
82312,19302,3,1,2
113384,19303,3,1,2
526080,19304,3,1,2
318952,19305,3,1,2
320688,19306,3,2,1
307840,19307,3,2,1
438656,19308,3,3,0
71536,19309,3,3,0
128480,19310,3,1,2
803352,19311,3,3,0
875680,19312,3,1,2
715296,19313,3,0,3
147920,19314,3,0,3
165832,19315,3,1,2
401888,19316,3,1,2
629160,19317,3,2,1
511048,19318,3,1,2
167704,19319,3,0,3
129944,19320,3,3,0
65888,19321,3,0,3
47624,19322,3,0,3
139760,19323,3,2,1
657960,19324,3,2,1
260728,19325,3,1,2
163992,19326,3,1,2
221288,19327,3,2,1
575816,19328,3,0,3
374592,19329,3,2,1
221032,19330,3,2,1
1075984,19331,3,2,1
90424,19332,3,2,1
406728,19333,3,3,0
61760,19334,3,1,2
193368,19335,3,2,1
67192,19336,3,2,1
444592,19337,3,0,3
78360,19338,3,1,2
286296,19339,3,3,0
137872,19340,3,1,2
474056,19341,3,1,2
151160,19342,3,0,3
256696,19343,3,3,0
62168,19344,3,2,1
358680,19345,3,0,3
303856,19346,3,2,1
359864,19347,3,2,1
144272,19348,3,1,2
124816,19349,3,1,2
159360,19350,3,2,1
58056,19351,3,2,1
745896,19352,3,2,1
160008,19353,3,0,3
146112,19354,3,2,1
207488,19355,3,2,1
109512,19356,3,2,1
267408,19357,3,1,2
73072,19358,3,3,0
1456176,19359,3,0,3
128264,19360,3,0,3
294744,19361,3,2,1
87224,19362,3,1,2
52536,19363,3,3,0
170024,19364,3,2,1
231856,19365,3,2,1
468240,19366,3,0,3
209216,19367,3,1,2
125504,19368,3,3,0
1080784,19369,3,2,1
83744,19370,3,2,1
126864,19371,3,1,2
364728,19372,3,1,2
85776,19373,3,2,1
137512,19374,3,2,1
214792,19375,3,2,1
76040,19376,3,0,3
720704,19377,3,1,2
177600,19378,3,0,3
663872,19379,3,0,3
242352,19380,3,1,2
721152,19381,3,2,1
610672,19382,3,1,2
147976,19383,3,1,2
590984,19384,3,1,2
223768,19385,3,1,2
1782784,19386,3,2,1
306216,19387,3,2,1
186088,19388,3,1,2
201752,19389,3,1,2
190936,19390,3,1,2
192224,19391,3,1,2
260568,19392,3,3,0
188768,19393,3,2,1
152152,19394,3,1,2
77056,19395,3,3,0
525688,19396,3,2,1
59568,19397,3,1,2
192344,19398,3,2,1
97168,19399,3,1,2
220216,19400,3,2,1
291728,19401,3,2,1
157544,19402,3,1,2
104320,19403,3,1,2
65432,19404,3,0,3
1916240,19405,3,2,1
2371232,19406,3,1,2
152096,19407,3,2,1
365640,19408,3,0,3
147680,19409,3,3,0
197720,19410,3,2,1
195080,19411,3,3,0
2782688,19412,3,3,0
211312,19413,3,1,2
280728,19414,3,2,1
160296,19415,3,1,2
5813608,19416,3,1,2
440288,19417,3,3,0
211328,19418,3,1,2
338448,19419,3,1,2
574944,19420,3,2,1
831768,19421,3,3,0
204008,19422,3,0,3
254504,19423,3,1,2
147392,19424,3,1,2
191600,19425,3,1,2
1119992,19426,3,1,2
70000,19427,3,1,2
123456,19428,3,2,1
186552,19429,3,1,2
637240,19430,3,2,1
44800,19431,3,1,2
252632,19432,3,2,1
261496,19433,3,2,1
102720,19434,3,0,3
186872,19435,3,1,2
222976,19436,3,2,1
177088,19437,3,0,3
2759928,19438,3,1,2
498216,19439,3,2,1
97272,19440,3,2,1
432352,19441,3,2,1
166312,19442,3,1,2
269544,19443,3,1,2
515696,19444,3,2,1
200616,19445,3,1,2
221392,19446,3,2,1
560376,19447,3,1,2
53424,19448,3,1,2
62288,19449,3,1,2
528584,19450,3,1,2
219416,19451,3,2,1
178912,19452,3,1,2
1113712,19453,3,1,2
275480,19454,3,2,1
219312,19455,3,2,1
206152,19456,3,3,0
1563864,19457,3,1,2
644608,19458,3,3,0
491888,19459,3,2,1
258576,19460,3,0,3
84112,19461,3,2,1
1724872,19462,3,1,2
86384,19463,3,1,2
106184,19464,3,1,2
174912,19465,3,1,2
236416,19466,3,2,1
112720,19467,3,2,1
96288,19468,3,1,2
253224,19469,3,1,2
131080,19470,3,1,2
341952,19471,3,3,0
1024888,19472,3,3,0
788720,19473,3,1,2
551064,19474,3,1,2
1224784,19475,3,2,1
1137168,19476,3,1,2
395344,19477,3,1,2
93704,19478,3,2,1
248288,19479,3,2,1
229408,19480,3,1,2
321584,19481,3,0,3
280744,19482,3,2,1
179784,19483,3,2,1
119864,19484,3,2,1
1292976,19485,3,3,0
813504,19486,3,1,2
81008,19487,3,2,1
77864,19488,3,1,2
132080,19489,3,2,1
592760,19490,3,2,1
56376,19491,3,3,0
156456,19492,3,1,2
102960,19493,3,3,0
139288,19494,3,1,2
1240928,19495,3,2,1
291296,19496,3,3,0
971208,19497,3,3,0
236320,19498,3,2,1
72504,19499,3,2,1
171496,19500,3,2,1
176616,19501,3,0,3
132560,19502,3,3,0
75168,19503,3,0,3
99992,19504,3,1,2
133976,19505,3,1,2
142248,19506,3,0,3
89728,19507,3,2,1
480664,19508,3,2,1
476752,19509,3,1,2
312392,19510,3,2,1
81656,19511,3,0,3
215624,19512,3,2,1
320320,19513,3,2,1
112936,19514,3,2,1
102752,19515,3,2,1
816016,19516,3,2,1
320704,19517,3,0,3
280352,19518,3,1,2
161768,19519,3,1,2
1986208,19520,3,1,2
257088,19521,3,2,1
147672,19522,3,1,2
205696,19523,3,2,1
1440040,19524,3,0,3
140296,19525,3,1,2
588856,19526,3,2,1
37768,19527,3,1,2
548376,19528,3,1,2
202120,19529,3,2,1
376872,19530,3,3,0
372632,19531,3,2,1
95848,19532,3,3,0
74480,19533,3,0,3
357312,19534,3,2,1
261008,19535,3,2,1
125656,19536,3,1,2
68352,19537,3,1,2
309600,19538,3,2,1
139360,19539,3,2,1
118240,19540,3,2,1
719776,19541,3,1,2
186720,19542,3,1,2
87808,19543,3,3,0
75544,19544,3,2,1
212384,19545,3,2,1
257240,19546,3,2,1
160968,19547,3,3,0
475976,19548,3,1,2
93440,19549,3,1,2
172728,19550,3,3,0
190952,19551,3,1,2
323648,19552,3,0,3
209176,19553,3,2,1
100544,19554,3,3,0
249288,19555,3,2,1
416560,19556,3,1,2
406784,19557,3,1,2
809136,19558,3,0,3
870584,19559,3,1,2
988104,19560,3,2,1
222168,19561,3,1,2
67176,19562,3,1,2
269096,19563,3,1,2
258064,19564,3,0,3
400736,19565,3,1,2
61720,19566,3,1,2
141368,19567,3,2,1
220136,19568,3,3,0
680080,19569,3,1,2
103976,19570,3,1,2
559936,19571,3,3,0
701680,19572,3,3,0
66984,19573,3,3,0
119984,19574,3,1,2
336352,19575,3,3,0
553816,19576,3,1,2
157336,19577,3,0,3
486408,19578,3,1,2
324232,19579,3,2,1
1099904,19580,3,2,1
169816,19581,3,2,1
280496,19582,3,1,2
276960,19583,3,1,2
530576,19584,3,0,3
95976,19585,3,2,1
295728,19586,3,3,0
405800,19587,3,1,2
351168,19588,3,0,3
152824,19589,3,3,0
349104,19590,3,2,1
54968,19591,3,2,1
106840,19592,3,1,2
114464,19593,3,1,2
721136,19594,3,1,2
426280,19595,3,1,2
602744,19596,3,1,2
86864,19597,3,1,2
937904,19598,3,2,1
135816,19599,3,1,2
42848,19600,3,1,2
58072,19601,3,2,1
261296,19602,3,1,2
565664,19603,3,0,3
295320,19604,3,1,2
355200,19605,3,2,1
245136,19606,3,3,0
84880,19607,3,2,1
4514968,19608,3,1,2
227936,19609,3,0,3
129920,19610,3,0,3
392520,19611,3,1,2
166584,19612,3,0,3
77600,19613,3,2,1
150728,19614,3,2,1
103824,19615,3,1,2
75288,19616,3,0,3
626312,19617,3,3,0
199848,19618,3,1,2
211712,19619,3,3,0
384512,19620,3,1,2
440936,19621,3,0,3
414216,19622,3,1,2
125816,19623,3,2,1
116488,19624,3,1,2
184168,19625,3,1,2
294760,19626,3,1,2
387192,19627,3,2,1
2448280,19628,3,2,1
1181328,19629,3,1,2
137160,19630,3,0,3
296888,19631,3,0,3
162536,19632,3,1,2
90192,19633,3,2,1
207496,19634,3,3,0
122864,19635,3,2,1
790944,19636,3,1,2
253160,19637,3,3,0
670632,19638,3,3,0
291600,19639,3,2,1
155144,19640,3,3,0
932792,19641,3,2,1
47936,19642,3,0,3
85448,19643,3,2,1
107592,19644,3,3,0
402712,19645,3,1,2
65304,19646,3,1,2
143408,19647,3,0,3
376456,19648,3,2,1
459960,19649,3,1,2
102992,19650,3,1,2
62008,19651,3,2,1
176760,19652,3,1,2
286064,19653,3,1,2
1776816,19654,3,1,2
301992,19655,3,2,1
474648,19656,3,2,1
430440,19657,3,3,0
676680,19658,3,1,2
310424,19659,3,1,2
60488,19660,3,0,3
237160,19661,3,2,1
246856,19662,3,2,1
271520,19663,3,1,2
623008,19664,3,2,1
618240,19665,3,1,2
167512,19666,3,3,0
87032,19667,3,2,1
142168,19668,3,2,1
175520,19669,3,2,1
100040,19670,3,2,1
430488,19671,3,3,0
62840,19672,3,1,2
134656,19673,3,1,2
531672,19674,3,2,1
265560,19675,3,1,2
64096,19676,3,0,3
146600,19677,3,1,2
254376,19678,3,2,1
475528,19679,3,1,2
191752,19680,3,0,3
286320,19681,3,1,2
168288,19682,3,3,0
166688,19683,3,3,0
278960,19684,3,3,0
613592,19685,3,2,1
368480,19686,3,1,2
263264,19687,3,2,1
297432,19688,3,2,1
176344,19689,3,0,3
97440,19690,3,3,0
698488,19691,3,2,1
144960,19692,3,3,0
383264,19693,3,1,2
333296,19694,3,1,2
130096,19695,3,3,0
463392,19696,3,2,1
45168,19697,3,1,2
356768,19698,3,2,1
503152,19699,3,2,1
727016,19700,3,1,2
919928,19701,3,2,1
76552,19702,3,2,1
406624,19703,3,0,3
690384,19704,3,1,2
1561328,19705,3,2,1
1457800,19706,3,2,1
58160,19707,3,1,2
146680,19708,3,2,1
196184,19709,3,1,2
371280,19710,3,1,2
245048,19711,3,0,3
110208,19712,3,2,1
233232,19713,3,1,2
347832,19714,3,2,1
119016,19715,3,0,3
656992,19716,3,3,0
195720,19717,3,1,2
92832,19718,3,3,0
112032,19719,3,3,0
187776,19720,3,1,2
501664,19721,3,1,2
292656,19722,3,1,2
561696,19723,3,2,1
607752,19724,3,1,2
1027128,19725,3,1,2
174528,19726,3,1,2
244864,19727,3,2,1
95088,19728,3,2,1
196008,19729,3,3,0
603504,19730,3,0,3
126784,19731,3,2,1
1099360,19732,3,2,1
2302848,19733,3,1,2
824816,19734,3,1,2
277016,19735,3,1,2
146976,19736,3,1,2
151320,19737,3,2,1
81152,19738,3,2,1
118920,19739,3,3,0
525904,19740,3,1,2
1195776,19741,3,0,3
864296,19742,3,0,3
253312,19743,3,2,1
476448,19744,3,2,1
175136,19745,3,1,2
316984,19746,3,2,1
177648,19747,3,2,1
137176,19748,3,2,1
1314096,19749,3,0,3
657168,19750,3,0,3
208248,19751,3,2,1
92352,19752,3,2,1
122656,19753,3,1,2
201064,19754,3,0,3
303424,19755,3,1,2
166592,19756,3,1,2
246952,19757,3,3,0
231448,19758,3,1,2
2439920,19759,3,1,2
154120,19760,3,1,2
235760,19761,3,1,2
289032,19762,3,0,3
161896,19763,3,2,1
239104,19764,3,1,2
73592,19765,3,1,2
143024,19766,3,2,1
1192368,19767,3,3,0
116800,19768,3,2,1
279752,19769,3,2,1
349728,19770,3,2,1
694680,19771,3,1,2
180440,19772,3,2,1
142360,19773,3,2,1
195704,19774,3,1,2
213592,19775,3,1,2
60152,19776,3,2,1
61200,19777,3,0,3
128880,19778,3,1,2
447528,19779,3,1,2
717720,19780,3,0,3
984808,19781,3,1,2
305832,19782,3,2,1
219384,19783,3,2,1
236432,19784,3,1,2
229184,19785,3,0,3
602368,19786,3,0,3
252272,19787,3,1,2
1371400,19788,3,0,3
2012040,19789,3,1,2
61968,19790,3,3,0
55712,19791,3,1,2
53024,19792,3,2,1
1522936,19793,3,1,2
273984,19794,3,2,1
1317520,19795,3,2,1
464464,19796,3,2,1
90520,19797,3,3,0
323112,19798,3,3,0
1089872,19799,3,2,1
2311880,19800,3,0,3
90104,19801,3,1,2
153128,19802,3,3,0
257256,19803,3,3,0
90768,19804,3,1,2
73440,19805,3,2,1
282040,19806,3,0,3
112632,19807,3,2,1
153904,19808,3,2,1
666576,19809,3,2,1
111632,19810,3,0,3
339216,19811,3,1,2
186480,19812,3,2,1
174648,19813,3,0,3
91240,19814,3,0,3
77320,19815,3,0,3
283200,19816,3,0,3
1223920,19817,3,0,3
289352,19818,3,1,2
539424,19819,3,0,3
283504,19820,3,1,2
267640,19821,3,1,2
116520,19822,3,2,1
174064,19823,3,2,1
261848,19824,3,2,1
1285080,19825,3,2,1
113304,19826,3,2,1
145040,19827,3,1,2
103616,19828,3,1,2
330592,19829,3,1,2
135608,19830,3,1,2
105304,19831,3,2,1
252072,19832,3,2,1
106224,19833,3,0,3
871080,19834,3,3,0
152888,19835,3,1,2
182656,19836,3,2,1
527984,19837,3,2,1
70384,19838,3,2,1
2123224,19839,3,1,2
556224,19840,3,1,2
65344,19841,3,1,2
169152,19842,3,1,2
299088,19843,3,2,1
133872,19844,3,1,2
248648,19845,3,1,2
329568,19846,3,1,2
277208,19847,3,0,3
230240,19848,3,1,2
59096,19849,3,2,1
241088,19850,3,1,2
163872,19851,3,3,0
121448,19852,3,1,2
80816,19853,3,3,0
152264,19854,3,2,1
145768,19855,3,1,2
95712,19856,3,1,2
237848,19857,3,3,0
141784,19858,3,1,2
155368,19859,3,1,2
229528,19860,3,1,2
465016,19861,3,0,3
118064,19862,3,3,0
88752,19863,3,1,2
454984,19864,3,0,3
386624,19865,3,3,0
324200,19866,3,2,1
450384,19867,3,0,3
583136,19868,3,1,2
104112,19869,3,3,0
82560,19870,3,3,0
189864,19871,3,0,3
309424,19872,3,0,3
143448,19873,3,1,2
294384,19874,3,3,0
582416,19875,3,2,1
51864,19876,3,2,1
398920,19877,3,1,2
153672,19878,3,2,1
257984,19879,3,0,3
384496,19880,3,0,3
313856,19881,3,2,1
455208,19882,3,0,3
299328,19883,3,2,1
290136,19884,3,1,2
224088,19885,3,1,2
302136,19886,3,3,0
196432,19887,3,1,2
570880,19888,3,1,2
730216,19889,3,1,2
697336,19890,3,3,0
459344,19891,3,2,1
121896,19892,3,3,0
162312,19893,3,2,1
234856,19894,3,2,1
199712,19895,3,0,3
136112,19896,3,2,1
247608,19897,3,2,1
634928,19898,3,3,0
59368,19899,3,0,3
224248,19900,3,1,2
119624,19901,3,2,1
193056,19902,3,2,1
1087552,19903,3,1,2
82648,19904,3,1,2
552504,19905,3,1,2
379208,19906,3,1,2
108024,19907,3,0,3
216528,19908,3,3,0
156992,19909,3,0,3
38872,19910,3,2,1
175584,19911,3,2,1
518104,19912,3,0,3
710352,19913,3,2,1
219824,19914,3,2,1
507880,19915,3,3,0
581304,19916,3,1,2
286792,19917,3,3,0
559656,19918,3,3,0
204560,19919,3,1,2
1013992,19920,3,2,1
217984,19921,3,1,2
153872,19922,3,2,1
142720,19923,3,2,1
404960,19924,3,2,1
148504,19925,3,3,0
2383112,19926,3,2,1
519176,19927,3,2,1
518304,19928,3,1,2
243592,19929,3,1,2
247624,19930,3,2,1
1614032,19931,3,2,1
243912,19932,3,2,1
832544,19933,3,2,1
406528,19934,3,1,2
115432,19935,3,2,1
208728,19936,3,2,1
99112,19937,3,2,1
105656,19938,3,2,1
116024,19939,3,0,3
254648,19940,3,0,3
265752,19941,3,1,2
227016,19942,3,1,2
35872,19943,3,1,2
108616,19944,3,1,2
563576,19945,3,1,2
1206448,19946,3,1,2
163392,19947,3,1,2
194448,19948,3,1,2
573176,19949,3,3,0
100272,19950,3,3,0
731024,19951,3,1,2
296312,19952,3,2,1
172872,19953,3,2,1
491616,19954,3,2,1
202288,19955,3,2,1
89944,19956,3,0,3
301688,19957,3,2,1
203632,19958,3,1,2
283472,19959,3,1,2
285520,19960,3,1,2
1819008,19961,3,1,2
170088,19962,3,1,2
339624,19963,3,2,1
593352,19964,3,0,3
813640,19965,3,2,1
685448,19966,3,1,2
340584,19967,3,2,1
217624,19968,3,3,0
1087440,19969,3,3,0
626872,19970,3,1,2
496176,19971,3,2,1
182928,19972,3,1,2
183520,19973,3,2,1
169776,19974,3,1,2
124192,19975,3,1,2
317480,19976,3,2,1
159136,19977,3,2,1
89696,19978,3,0,3
910128,19979,3,2,1
325304,19980,3,3,0
94552,19981,3,2,1
86176,19982,3,2,1
165584,19983,3,1,2
514248,19984,3,3,0
239176,19985,3,0,3
509688,19986,3,1,2
172272,19987,3,3,0
382872,19988,3,2,1
191384,19989,3,1,2
300712,19990,3,3,0
269480,19991,3,1,2
499616,19992,3,0,3
179488,19993,3,2,1
99432,19994,3,2,1
677440,19995,3,2,1
1388032,19996,3,1,2
285056,19997,3,2,1
317264,19998,3,0,3
90416,19999,3,2,1
351000,20000,3,3,0
700280,20001,3,1,2
500824,20002,3,1,2
346304,20003,3,2,1
295936,20004,3,1,2
106920,20005,3,1,2
374528,20006,3,3,0
186608,20007,3,0,3
2044504,20008,3,0,3
173672,20009,3,3,0
64744,20010,3,2,1
1657912,20011,3,2,1
91216,20012,3,1,2
883216,20013,3,1,2
160040,20014,3,1,2
323952,20015,3,0,3
4697552,20016,3,3,0
243256,20017,3,2,1
114768,20018,3,2,1
646736,20019,3,1,2
969320,20020,3,2,1
365408,20021,3,2,1
822128,20022,3,1,2
1785408,20023,3,1,2
107360,20024,3,1,2
298464,20025,3,3,0
168776,20026,3,2,1
379872,20027,3,1,2
101128,20028,3,1,2
326408,20029,3,1,2
120416,20030,3,2,1
68208,20031,3,2,1
136616,20032,3,3,0
72168,20033,3,1,2
492160,20034,3,1,2
153848,20035,3,3,0
171144,20036,3,2,1
330328,20037,3,3,0
659432,20038,3,3,0
708576,20039,3,0,3
1927448,20040,3,2,1
87376,20041,3,2,1
54672,20042,3,0,3
248944,20043,3,1,2
226304,20044,3,1,2
244496,20045,3,2,1
69384,20046,3,0,3
194088,20047,3,2,1
112608,20048,3,1,2
347456,20049,3,2,1
142760,20050,3,2,1
57088,20051,3,2,1
78176,20052,3,1,2
350688,20053,3,2,1
165128,20054,3,1,2
353464,20055,3,3,0
3941096,20056,3,1,2
106168,20057,3,1,2
191872,20058,3,1,2
214280,20059,3,2,1
141520,20060,3,1,2
57888,20061,3,2,1
704352,20062,3,1,2
850568,20063,3,1,2
313608,20064,3,0,3
382328,20065,3,3,0
990368,20066,3,1,2
143472,20067,3,1,2
122736,20068,3,1,2
178592,20069,3,1,2
134360,20070,3,2,1
1263568,20071,3,2,1
236016,20072,3,1,2
3402616,20073,3,2,1
766832,20074,3,3,0
91520,20075,3,1,2
114536,20076,3,3,0
137600,20077,3,2,1
225544,20078,3,3,0
88248,20079,3,1,2
372856,20080,3,1,2
126104,20081,3,1,2
270968,20082,3,3,0
915024,20083,3,1,2
235392,20084,3,1,2
563360,20085,3,1,2
286080,20086,3,2,1
162512,20087,3,1,2
212992,20088,3,1,2
248016,20089,3,2,1
591920,20090,3,2,1
186424,20091,3,2,1
115200,20092,3,1,2
124672,20093,3,2,1
445840,20094,3,2,1
133624,20095,3,2,1
211696,20096,3,3,0
522056,20097,3,3,0
310088,20098,3,2,1
565560,20099,3,1,2
456632,20100,3,1,2
193472,20101,3,1,2
215704,20102,3,2,1
416352,20103,3,0,3
82112,20104,3,1,2
602920,20105,3,0,3
2556768,20106,3,2,1
81384,20107,3,3,0
177016,20108,3,1,2
917952,20109,3,1,2
98312,20110,3,1,2
200088,20111,3,1,2
188640,20112,3,2,1
371840,20113,3,0,3
158096,20114,3,2,1
226040,20115,3,3,0
493224,20116,3,0,3
665912,20117,3,1,2
126424,20118,3,0,3
177840,20119,3,1,2
180928,20120,3,2,1
599480,20121,3,1,2
681648,20122,3,0,3
166168,20123,3,1,2
393520,20124,3,2,1
162664,20125,3,3,0
4410176,20126,3,1,2
553352,20127,3,1,2
65736,20128,3,2,1
249224,20129,3,2,1
122784,20130,3,2,1
109160,20131,3,1,2
185768,20132,3,1,2
216464,20133,3,0,3
773152,20134,3,0,3
205928,20135,3,3,0
69088,20136,3,2,1
498560,20137,3,2,1
787864,20138,3,0,3
222456,20139,3,2,1
465920,20140,3,2,1
73776,20141,3,1,2
1009824,20142,3,1,2
96208,20143,3,3,0
114208,20144,3,2,1
133304,20145,3,1,2
246496,20146,3,0,3
124136,20147,3,3,0
126272,20148,3,2,1
332032,20149,3,1,2
388464,20150,3,2,1
1059496,20151,3,2,1
1031240,20152,3,1,2
188616,20153,3,1,2
233632,20154,3,3,0
298888,20155,3,2,1
61616,20156,3,2,1
84672,20157,3,3,0
155832,20158,3,2,1
260552,20159,3,1,2
188936,20160,3,0,3
257968,20161,3,0,3
792816,20162,3,3,0
916592,20163,3,1,2
283168,20164,3,1,2
180840,20165,3,2,1
974896,20166,3,1,2
128088,20167,3,2,1
469784,20168,3,2,1
191240,20169,3,2,1
237048,20170,3,1,2
1646848,20171,3,2,1
159704,20172,3,2,1
187240,20173,3,1,2
94928,20174,3,0,3
251888,20175,3,3,0
260600,20176,3,0,3
1242776,20177,3,1,2
367288,20178,3,1,2
460712,20179,3,1,2
354976,20180,3,2,1
2238016,20181,3,2,1
2907624,20182,3,3,0
287704,20183,3,2,1
200072,20184,3,2,1
276312,20185,3,2,1
138568,20186,3,2,1
63376,20187,3,0,3
165824,20188,3,2,1
427096,20189,3,1,2
336192,20190,3,1,2
760680,20191,3,2,1
178752,20192,3,1,2
301592,20193,3,3,0
179896,20194,3,2,1
171560,20195,3,0,3
272208,20196,3,1,2
93136,20197,3,1,2
349344,20198,3,2,1
360264,20199,3,1,2
107960,20200,3,1,2
193080,20201,3,1,2
1610264,20202,3,1,2
304352,20203,3,2,1
755648,20204,3,1,2
117712,20205,3,1,2
101592,20206,3,1,2
71112,20207,3,1,2
99824,20208,3,2,1
142456,20209,3,1,2
255808,20210,3,2,1
108872,20211,3,1,2
247272,20212,3,2,1
536192,20213,3,1,2
66088,20214,3,2,1
187360,20215,3,1,2
46784,20216,3,1,2
99944,20217,3,2,1
179248,20218,3,2,1
260944,20219,3,3,0
2747800,20220,3,3,0
167600,20221,3,0,3
223584,20222,3,3,0
262112,20223,3,3,0
170984,20224,3,1,2
98768,20225,3,1,2
238888,20226,3,1,2
276480,20227,3,3,0
210536,20228,3,1,2
189480,20229,3,1,2
292864,20230,3,1,2
72024,20231,3,2,1
289968,20232,3,2,1
7120288,20233,3,1,2
324984,20234,3,0,3
1410112,20235,3,0,3
95280,20236,3,1,2
278232,20237,3,2,1
234952,20238,3,0,3
133640,20239,3,2,1
192776,20240,3,3,0
169976,20241,3,2,1
259856,20242,3,2,1
287240,20243,3,1,2
131576,20244,3,2,1
161064,20245,3,1,2
80664,20246,3,1,2
203496,20247,3,1,2
315840,20248,3,2,1
60104,20249,3,0,3
402032,20250,3,0,3
868992,20251,3,3,0
121704,20252,3,2,1
140304,20253,3,0,3
222712,20254,3,3,0
72448,20255,3,1,2
601456,20256,3,1,2
298032,20257,3,2,1
300536,20258,3,3,0
112784,20259,3,2,1
218872,20260,3,2,1
383664,20261,3,2,1
270168,20262,3,3,0
1668256,20263,3,1,2
65944,20264,3,0,3
501728,20265,3,1,2
258264,20266,3,2,1
134376,20267,3,2,1
136320,20268,3,2,1
116352,20269,3,1,2
1312912,20270,3,3,0
57568,20271,3,2,1
69808,20272,3,1,2
846528,20273,3,3,0
49936,20274,3,0,3
192680,20275,3,3,0
217144,20276,3,2,1
199672,20277,3,0,3
88680,20278,3,1,2
188240,20279,3,1,2
842432,20280,3,1,2
127872,20281,3,2,1
285984,20282,3,2,1
89376,20283,3,1,2
106384,20284,3,1,2
113128,20285,3,2,1
212136,20286,3,3,0
185904,20287,3,1,2
56992,20288,3,2,1
177576,20289,3,2,1
103576,20290,3,2,1
88920,20291,3,1,2
688824,20292,3,2,1
157960,20293,3,0,3
72736,20294,3,2,1
91120,20295,3,1,2
309936,20296,3,2,1
211408,20297,3,2,1
758752,20298,3,2,1
171920,20299,3,1,2
623592,20300,3,1,2
245408,20301,3,0,3
244664,20302,3,0,3
376880,20303,3,2,1
271232,20304,3,2,1
327216,20305,3,1,2
264208,20306,3,2,1
1650440,20307,3,2,1
677152,20308,3,2,1
109200,20309,3,1,2
494912,20310,3,0,3
85120,20311,3,3,0
96184,20312,3,1,2
321696,20313,3,1,2
258592,20314,3,1,2
511408,20315,3,1,2
494760,20316,3,1,2
490248,20317,3,2,1
245152,20318,3,1,2
101400,20319,3,1,2
179152,20320,3,1,2
563208,20321,3,1,2
371408,20322,3,1,2
395320,20323,3,3,0
125648,20324,3,2,1
106496,20325,3,0,3
158024,20326,3,2,1
197680,20327,3,2,1
189776,20328,3,0,3
345296,20329,3,2,1
146432,20330,3,2,1
154240,20331,3,1,2
699560,20332,3,2,1
219968,20333,3,1,2
174248,20334,3,0,3
81536,20335,3,1,2
524472,20336,3,2,1
229624,20337,3,1,2
317816,20338,3,1,2
1232760,20339,3,3,0
203736,20340,3,2,1
310616,20341,3,1,2
198824,20342,3,2,1
1577672,20343,3,3,0
187960,20344,3,3,0
277968,20345,3,1,2
239632,20346,3,2,1
283808,20347,3,1,2
392608,20348,3,2,1
321544,20349,3,2,1
1392952,20350,3,0,3
62936,20351,3,1,2
1018200,20352,3,2,1
226768,20353,3,1,2
487616,20354,3,2,1
344896,20355,3,1,2
204144,20356,3,2,1
245928,20357,3,2,1
130968,20358,3,1,2
483072,20359,3,1,2
1649144,20360,3,3,0
548184,20361,3,1,2
173152,20362,3,2,1
121664,20363,3,3,0
90072,20364,3,3,0
311136,20365,3,2,1
2426816,20366,3,0,3
53144,20367,3,2,1
159040,20368,3,0,3
146392,20369,3,1,2
265352,20370,3,2,1
939112,20371,3,3,0
165064,20372,3,0,3
205336,20373,3,1,2
396096,20374,3,2,1
71504,20375,3,1,2
254456,20376,3,1,2
81576,20377,3,1,2
260120,20378,3,3,0
101552,20379,3,2,1
349968,20380,3,1,2
1907080,20381,3,2,1
186304,20382,3,1,2
123792,20383,3,3,0
141768,20384,3,1,2
671128,20385,3,0,3
396128,20386,3,0,3
73888,20387,3,1,2
362024,20388,3,2,1
236264,20389,3,2,1
467960,20390,3,1,2
153512,20391,3,0,3
624288,20392,3,0,3
292248,20393,3,1,2
1613296,20394,3,2,1
822464,20395,3,1,2
121272,20396,3,2,1
75992,20397,3,3,0
74136,20398,3,2,1
113472,20399,3,2,1
74552,20400,3,1,2
204960,20401,3,2,1
123216,20402,3,3,0
356064,20403,3,1,2
795856,20404,3,1,2
168944,20405,3,1,2
283824,20406,3,1,2
922648,20407,3,2,1
858184,20408,3,1,2
66032,20409,3,1,2
419568,20410,3,0,3
406192,20411,3,0,3
300664,20412,3,1,2
250328,20413,3,2,1
161296,20414,3,1,2
319696,20415,3,2,1
182904,20416,3,1,2
321408,20417,3,3,0
65112,20418,3,2,1
540400,20419,3,2,1
372360,20420,3,1,2
122792,20421,3,2,1
268400,20422,3,1,2
1314816,20423,3,2,1
308608,20424,3,2,1
239712,20425,3,1,2
86024,20426,3,1,2
366536,20427,3,1,2
1529112,20428,3,1,2
347432,20429,3,2,1
328760,20430,3,0,3
84736,20431,3,1,2
559960,20432,3,1,2
76576,20433,3,2,1
351688,20434,3,2,1
389384,20435,3,2,1
100160,20436,3,3,0
600848,20437,3,3,0
110296,20438,3,0,3
39056,20439,3,2,1
228568,20440,3,1,2
75480,20441,3,1,2
87960,20442,3,0,3
137632,20443,3,1,2
329640,20444,3,1,2
1665944,20445,3,1,2
251488,20446,3,3,0
259920,20447,3,1,2
172640,20448,3,2,1
457704,20449,3,1,2
208928,20450,3,1,2
139048,20451,3,2,1
251736,20452,3,3,0
971704,20453,3,2,1
409192,20454,3,1,2
104992,20455,3,2,1
2322904,20456,3,1,2
97728,20457,3,2,1
278056,20458,3,1,2
331960,20459,3,1,2
55144,20460,3,2,1
91632,20461,3,2,1
146624,20462,3,2,1
708656,20463,3,1,2
282448,20464,3,1,2
160224,20465,3,1,2
61032,20466,3,1,2
315768,20467,3,0,3
2718672,20468,3,3,0
109184,20469,3,2,1
239616,20470,3,1,2
311920,20471,3,1,2
355104,20472,3,1,2
765912,20473,3,1,2
618136,20474,3,2,1
142768,20475,3,0,3
275840,20476,3,1,2
330800,20477,3,0,3
2619968,20478,3,3,0
286120,20479,3,3,0
69408,20480,3,2,1
106912,20481,3,1,2
167552,20482,3,1,2
1521008,20483,3,1,2
839984,20484,3,2,1
870528,20485,3,3,0
405752,20486,3,1,2
74072,20487,3,2,1
334536,20488,3,1,2
471912,20489,3,1,2
163736,20490,3,2,1
438688,20491,3,1,2
356040,20492,3,1,2
177704,20493,3,2,1
161528,20494,3,1,2
375200,20495,3,0,3
106232,20496,3,1,2
975408,20497,3,1,2
195896,20498,3,1,2
2583344,20499,3,2,1
120096,20500,3,2,1
978704,20501,3,2,1
133408,20502,3,2,1
108232,20503,3,2,1
167416,20504,3,0,3
357192,20505,3,2,1
126952,20506,3,2,1
511752,20507,3,2,1
284912,20508,3,2,1
168344,20509,3,1,2
61192,20510,3,1,2
148848,20511,3,2,1
310096,20512,3,1,2
71232,20513,3,1,2
572648,20514,3,2,1
364712,20515,3,2,1
486384,20516,3,2,1
1549048,20517,3,1,2
344296,20518,3,3,0
118552,20519,3,2,1
235088,20520,3,2,1
283048,20521,3,1,2
122712,20522,3,2,1
135112,20523,3,1,2
161280,20524,3,2,1
557368,20525,3,1,2
285824,20526,3,2,1
107832,20527,3,1,2
892736,20528,3,1,2
329736,20529,3,1,2
415464,20530,3,2,1
284352,20531,3,2,1
6865608,20532,3,1,2
136232,20533,3,1,2
3196488,20534,3,2,1
101112,20535,3,1,2
277936,20536,3,1,2
206904,20537,3,0,3
160392,20538,3,1,2
204256,20539,3,1,2
115248,20540,3,2,1
91312,20541,3,2,1
108984,20542,3,0,3
83472,20543,3,1,2
111408,20544,3,0,3
441440,20545,3,1,2
331384,20546,3,1,2
256536,20547,3,1,2
1390904,20548,3,2,1
1099352,20549,3,0,3
753496,20550,3,2,1
96568,20551,3,0,3
140504,20552,3,0,3
119856,20553,3,3,0
328400,20554,3,2,1
281456,20555,3,0,3
3499624,20556,3,2,1
510176,20557,3,1,2
1614824,20558,3,2,1
776112,20559,3,2,1
97864,20560,3,2,1
133984,20561,3,1,2
219360,20562,3,0,3
904008,20563,3,2,1
651672,20564,3,2,1
176712,20565,3,2,1
125880,20566,3,2,1
494936,20567,3,1,2
190104,20568,3,2,1
159944,20569,3,3,0
420968,20570,3,1,2
1683200,20571,3,3,0
896048,20572,3,1,2
304808,20573,3,3,0
85744,20574,3,2,1
438944,20575,3,2,1
324008,20576,3,1,2
459392,20577,3,1,2
62280,20578,3,2,1
110720,20579,3,2,1
86744,20580,3,2,1
176464,20581,3,2,1
128488,20582,3,2,1
320112,20583,3,3,0
261704,20584,3,2,1
253920,20585,3,2,1
939864,20586,3,1,2
99616,20587,3,2,1
47176,20588,3,1,2
273576,20589,3,2,1
133744,20590,3,1,2
80720,20591,3,2,1
62016,20592,3,2,1
93944,20593,3,1,2
164712,20594,3,1,2
75720,20595,3,3,0
221968,20596,3,1,2
2251448,20597,3,2,1
477688,20598,3,0,3
130472,20599,3,1,2
216240,20600,3,0,3
244232,20601,3,2,1
90592,20602,3,1,2
181232,20603,3,1,2
108008,20604,3,1,2
90576,20605,3,3,0
195200,20606,3,2,1
383808,20607,3,3,0
201840,20608,3,1,2
1019024,20609,3,1,2
120296,20610,3,2,1
419400,20611,3,2,1
697288,20612,3,1,2
687328,20613,3,1,2
230360,20614,3,2,1
102200,20615,3,1,2
1338616,20616,3,2,1
293832,20617,3,2,1
57584,20618,3,3,0
187320,20619,3,1,2
268976,20620,3,1,2
106320,20621,3,2,1
122584,20622,3,0,3
431064,20623,3,1,2
581832,20624,3,1,2
75624,20625,3,1,2
715824,20626,3,1,2
192120,20627,3,2,1
1769520,20628,3,0,3
155768,20629,3,2,1
270744,20630,3,0,3
48952,20631,3,2,1
96176,20632,3,1,2
169216,20633,3,1,2
101496,20634,3,2,1
86600,20635,3,1,2
137168,20636,3,1,2
237056,20637,3,3,0
278032,20638,3,2,1
327064,20639,3,2,1
346320,20640,3,1,2
144152,20641,3,1,2
255352,20642,3,0,3
298648,20643,3,2,1
61248,20644,3,1,2
320760,20645,3,1,2
423832,20646,3,1,2
68416,20647,3,0,3
517424,20648,3,1,2
38792,20649,3,0,3
622664,20650,3,1,2
411080,20651,3,2,1
190360,20652,3,2,1
144160,20653,3,1,2
227600,20654,3,0,3
219144,20655,3,2,1
106752,20656,3,2,1
127832,20657,3,2,1
203888,20658,3,1,2
413264,20659,3,1,2
64624,20660,3,2,1
274776,20661,3,1,2
121096,20662,3,1,2
59688,20663,3,0,3
516496,20664,3,1,2
3150360,20665,3,3,0
261712,20666,3,2,1
160192,20667,3,1,2
278096,20668,3,1,2
437536,20669,3,2,1
113560,20670,3,1,2
260024,20671,3,3,0
105568,20672,3,2,1
88216,20673,3,1,2
62344,20674,3,3,0
766504,20675,3,0,3
146016,20676,3,2,1
161464,20677,3,0,3
143960,20678,3,0,3
185360,20679,3,2,1
153056,20680,3,1,2
266088,20681,3,1,2
187440,20682,3,2,1
707344,20683,3,2,1
743768,20684,3,2,1
64440,20685,3,0,3
250208,20686,3,0,3
121416,20687,3,1,2
139336,20688,3,2,1
334576,20689,3,2,1
127464,20690,3,3,0
180896,20691,3,1,2
846680,20692,3,2,1
277704,20693,3,1,2
50472,20694,3,1,2
92512,20695,3,2,1
620800,20696,3,1,2
204400,20697,3,0,3
554008,20698,3,2,1
200432,20699,3,0,3
294424,20700,3,1,2
251520,20701,3,1,2
303280,20702,3,1,2
182528,20703,3,2,1
286728,20704,3,1,2
383312,20705,3,2,1
83368,20706,3,1,2
119488,20707,3,1,2
3642320,20708,3,2,1
356584,20709,3,1,2
123272,20710,3,3,0
225232,20711,3,1,2
1166880,20712,3,1,2
769696,20713,3,1,2
2107408,20714,3,1,2
1304368,20715,3,2,1
146784,20716,3,2,1
142264,20717,3,1,2
374208,20718,3,2,1
85936,20719,3,0,3
659472,20720,3,1,2
156680,20721,3,2,1
333968,20722,3,1,2
244224,20723,3,2,1
198760,20724,3,1,2
163112,20725,3,1,2
198520,20726,3,2,1
59840,20727,3,0,3
135304,20728,3,2,1
114640,20729,3,0,3
214984,20730,3,3,0
183016,20731,3,1,2
271424,20732,3,3,0
390560,20733,3,2,1
178568,20734,3,0,3
137912,20735,3,1,2
113680,20736,3,1,2
82144,20737,3,2,1
92944,20738,3,1,2
127288,20739,3,2,1
80232,20740,3,2,1
653808,20741,3,0,3
818864,20742,3,0,3
70664,20743,3,0,3
324320,20744,3,2,1
940816,20745,3,1,2
217032,20746,3,1,2
150888,20747,3,3,0
121512,20748,3,0,3
958896,20749,3,0,3
250088,20750,3,2,1
424680,20751,3,1,2
641664,20752,3,2,1
1251824,20753,3,1,2
349864,20754,3,1,2
116112,20755,3,1,2
527440,20756,3,2,1
74928,20757,3,1,2
136280,20758,3,3,0
70024,20759,3,3,0
174016,20760,3,1,2
370864,20761,3,2,1
251976,20762,3,0,3
138504,20763,3,3,0
719792,20764,3,2,1
203608,20765,3,2,1
455088,20766,3,2,1
116592,20767,3,2,1
444784,20768,3,2,1
206048,20769,3,1,2
525536,20770,3,2,1
377616,20771,3,1,2
450736,20772,3,0,3
683384,20773,3,2,1
70760,20774,3,0,3
171832,20775,3,1,2
85528,20776,3,1,2
303968,20777,3,3,0
220384,20778,3,1,2
320232,20779,3,2,1
604016,20780,3,1,2
124448,20781,3,2,1
191376,20782,3,1,2
225888,20783,3,2,1
740448,20784,3,2,1
84632,20785,3,1,2
269160,20786,3,1,2
1332968,20787,3,1,2
70328,20788,3,2,1
233920,20789,3,1,2
201824,20790,3,2,1
875576,20791,3,2,1
118600,20792,3,2,1
553624,20793,3,3,0
161048,20794,3,0,3
287600,20795,3,1,2
1603640,20796,3,3,0
168848,20797,3,2,1
222520,20798,3,1,2
67464,20799,3,1,2
840416,20800,3,2,1
33088,20801,3,0,3
132128,20802,3,0,3
507336,20803,3,2,1
377304,20804,3,2,1
76112,20805,3,1,2
457224,20806,3,3,0
236968,20807,3,2,1
212664,20808,3,1,2
77616,20809,3,2,1
85792,20810,3,1,2
132552,20811,3,2,1
103808,20812,3,1,2
195936,20813,3,1,2
260936,20814,3,2,1
492080,20815,3,0,3
471168,20816,3,2,1
136960,20817,3,2,1
66000,20818,3,2,1
716072,20819,3,2,1
125376,20820,3,2,1
356920,20821,3,1,2
767352,20822,3,2,1
291864,20823,3,2,1
205520,20824,3,2,1
1613792,20825,3,3,0
615152,20826,3,0,3
97552,20827,3,2,1
122352,20828,3,1,2
608160,20829,3,2,1
92816,20830,3,2,1
319168,20831,3,1,2
565184,20832,3,1,2
249408,20833,3,1,2
318136,20834,3,1,2
403136,20835,3,2,1
236896,20836,3,2,1
178480,20837,3,1,2
401032,20838,3,2,1
1178192,20839,3,1,2
165008,20840,3,1,2
92056,20841,3,1,2
210904,20842,3,1,2
364656,20843,3,2,1
154592,20844,3,2,1
1496416,20845,3,1,2
215456,20846,3,3,0
131888,20847,3,1,2
108432,20848,3,3,0
316432,20849,3,2,1
109536,20850,3,1,2
134792,20851,3,0,3
1175048,20852,3,0,3
102488,20853,3,1,2
159160,20854,3,3,0
137552,20855,3,3,0
545712,20856,3,0,3
790000,20857,3,3,0
348056,20858,3,1,2
231440,20859,3,1,2
121120,20860,3,2,1
172256,20861,3,2,1
555784,20862,3,2,1
309096,20863,3,1,2
223800,20864,3,0,3
555312,20865,3,1,2
308384,20866,3,2,1
234208,20867,3,3,0
874680,20868,3,1,2
960472,20869,3,2,1
397008,20870,3,2,1
571696,20871,3,1,2
595016,20872,3,0,3
106448,20873,3,2,1
854416,20874,3,2,1
225192,20875,3,1,2
499368,20876,3,2,1
1223216,20877,3,1,2
218432,20878,3,0,3
122992,20879,3,2,1
66800,20880,3,1,2
274152,20881,3,1,2
245904,20882,3,1,2
337288,20883,3,1,2
257552,20884,3,2,1
547512,20885,3,0,3
126416,20886,3,2,1
84664,20887,3,2,1
225664,20888,3,2,1
298744,20889,3,2,1
87608,20890,3,2,1
371576,20891,3,2,1
217088,20892,3,2,1
101696,20893,3,0,3
144016,20894,3,1,2
6265856,20895,3,3,0
560896,20896,3,1,2
234792,20897,3,1,2
150264,20898,3,3,0
296648,20899,3,2,1
252320,20900,3,2,1
1198056,20901,3,2,1
490672,20902,3,0,3
192784,20903,3,2,1
191968,20904,3,2,1
178224,20905,3,1,2
48312,20906,3,1,2
193848,20907,3,3,0
105240,20908,3,1,2
762024,20909,3,3,0
51088,20910,3,1,2
111896,20911,3,2,1
58328,20912,3,2,1
448880,20913,3,2,1
431744,20914,3,1,2
114440,20915,3,2,1
493640,20916,3,1,2
153640,20917,3,3,0
386968,20918,3,3,0
172512,20919,3,2,1
292224,20920,3,0,3
863312,20921,3,2,1
800048,20922,3,2,1
68968,20923,3,2,1
756168,20924,3,2,1
114904,20925,3,1,2
177680,20926,3,0,3
339096,20927,3,3,0
441616,20928,3,0,3
39720,20929,3,1,2
186640,20930,3,1,2
345608,20931,3,1,2
181224,20932,3,1,2
216104,20933,3,2,1
111384,20934,3,2,1
483120,20935,3,1,2
297096,20936,3,1,2
139848,20937,3,1,2
203664,20938,3,3,0
155480,20939,3,3,0
90112,20940,3,2,1
417416,20941,3,0,3
160600,20942,3,1,2
83648,20943,3,3,0
1276272,20944,3,1,2
1576320,20945,3,2,1
337664,20946,3,0,3
674616,20947,3,3,0
183208,20948,3,1,2
147064,20949,3,1,2
211072,20950,3,1,2
385680,20951,3,3,0
1597552,20952,3,3,0
533576,20953,3,1,2
2430032,20954,3,1,2
436472,20955,3,3,0
81688,20956,3,3,0
161448,20957,3,1,2
435384,20958,3,2,1
136864,20959,3,0,3
6405640,20960,3,1,2
237640,20961,3,1,2
89616,20962,3,2,1
70456,20963,3,1,2
621248,20964,3,2,1
146408,20965,3,1,2
275856,20966,3,2,1
180424,20967,3,2,1
438632,20968,3,0,3
163640,20969,3,2,1
861136,20970,3,1,2
355928,20971,3,0,3
249920,20972,3,1,2
65336,20973,3,3,0
514960,20974,3,1,2
288384,20975,3,2,1
97224,20976,3,3,0
424768,20977,3,2,1
130848,20978,3,2,1
184664,20979,3,1,2
105776,20980,3,0,3
470496,20981,3,2,1
122976,20982,3,3,0
813272,20983,3,1,2
1129288,20984,3,1,2
193496,20985,3,1,2
152200,20986,3,1,2
551752,20987,3,0,3
245800,20988,3,2,1
236360,20989,3,1,2
82264,20990,3,2,1
326064,20991,3,1,2
174128,20992,3,1,2
124432,20993,3,2,1
120424,20994,3,2,1
170120,20995,3,2,1
136240,20996,3,1,2
115960,20997,3,1,2
61648,20998,3,1,2
188912,20999,3,1,2
129216,21000,3,1,2
458056,21001,3,1,2
2011944,21002,3,1,2
187088,21003,3,0,3
334024,21004,3,0,3
988616,21005,3,2,1
183904,21006,3,2,1
778288,21007,3,3,0
146552,21008,3,1,2
124968,21009,3,0,3
183040,21010,3,3,0
82824,21011,3,2,1
955608,21012,3,1,2
107288,21013,3,1,2
206232,21014,3,1,2
193616,21015,3,1,2
128456,21016,3,1,2
359888,21017,3,0,3
250296,21018,3,1,2
1024088,21019,3,1,2
333152,21020,3,2,1
228208,21021,3,1,2
695480,21022,3,1,2
315968,21023,3,3,0
264088,21024,3,2,1
78240,21025,3,3,0
1496232,21026,3,2,1
448544,21027,3,2,1
73640,21028,3,1,2
165056,21029,3,1,2
1160440,21030,3,2,1
1759872,21031,3,1,2
69360,21032,3,2,1
187224,21033,3,1,2
83680,21034,3,2,1
239752,21035,3,0,3
316856,21036,3,2,1
352440,21037,3,1,2
369200,21038,3,1,2
151408,21039,3,2,1
88264,21040,3,0,3
382912,21041,3,1,2
49696,21042,3,1,2
44648,21043,3,1,2
337136,21044,3,1,2
165944,21045,3,1,2
170672,21046,3,1,2
123616,21047,3,2,1
876896,21048,3,1,2
359752,21049,3,1,2
772968,21050,3,2,1
121872,21051,3,1,2
142672,21052,3,2,1
581104,21053,3,0,3
277648,21054,3,1,2
48080,21055,3,1,2
95448,21056,3,0,3
69400,21057,3,1,2
95896,21058,3,1,2
97016,21059,3,2,1
550656,21060,3,0,3
76136,21061,3,1,2
300280,21062,3,0,3
247560,21063,3,3,0
492264,21064,3,3,0
149624,21065,3,1,2
1733856,21066,3,0,3
861328,21067,3,2,1
265944,21068,3,3,0
52312,21069,3,1,2
306144,21070,3,0,3
129496,21071,3,2,1
52232,21072,3,3,0
209048,21073,3,2,1
341016,21074,3,1,2
118280,21075,3,1,2
156632,21076,3,0,3
134544,21077,3,1,2
662712,21078,3,1,2
406056,21079,3,2,1
34504,21080,3,2,1
199360,21081,3,2,1
485632,21082,3,3,0
245760,21083,3,1,2
178488,21084,3,1,2
239360,21085,3,2,1
49720,21086,3,2,1
111360,21087,3,0,3
93408,21088,3,2,1
74024,21089,3,3,0
62912,21090,3,3,0
379952,21091,3,2,1
537176,21092,3,0,3
97136,21093,3,1,2
68312,21094,3,2,1
601504,21095,3,0,3
241400,21096,3,2,1
908624,21097,3,2,1
519472,21098,3,2,1
574408,21099,3,1,2
648384,21100,3,2,1
140472,21101,3,2,1
53928,21102,3,2,1
415136,21103,3,1,2
329384,21104,3,2,1
180688,21105,3,3,0
287192,21106,3,2,1
273672,21107,3,2,1
1120424,21108,3,2,1
1173736,21109,3,1,2
1113424,21110,3,1,2
1611328,21111,3,2,1
374928,21112,3,0,3
466952,21113,3,2,1
388344,21114,3,2,1
1634640,21115,3,1,2
357952,21116,3,2,1
50656,21117,3,0,3
250784,21118,3,1,2
135480,21119,3,1,2
155896,21120,3,0,3
142952,21121,3,1,2
239552,21122,3,1,2
217024,21123,3,1,2
189000,21124,3,3,0
451344,21125,3,2,1
298880,21126,3,0,3
343344,21127,3,3,0
109408,21128,3,2,1
188224,21129,3,3,0
445192,21130,3,0,3
86648,21131,3,2,1
101704,21132,3,2,1
86456,21133,3,2,1
213288,21134,3,2,1
804496,21135,3,0,3
867296,21136,3,2,1
773920,21137,3,1,2
406312,21138,3,0,3
200568,21139,3,3,0
297176,21140,3,0,3
128792,21141,3,1,2
420288,21142,3,2,1
624792,21143,3,2,1
207560,21144,3,0,3
304360,21145,3,2,1
503856,21146,3,2,1
595008,21147,3,2,1
71840,21148,3,2,1
215432,21149,3,0,3
193464,21150,3,1,2
297544,21151,3,2,1
85768,21152,3,2,1
1210608,21153,3,1,2
2157832,21154,3,0,3
497008,21155,3,1,2
86944,21156,3,3,0
325696,21157,3,1,2
263008,21158,3,2,1
458920,21159,3,1,2
100192,21160,3,2,1
509456,21161,3,2,1
154344,21162,3,2,1
94400,21163,3,0,3
152304,21164,3,3,0
281208,21165,3,2,1
345704,21166,3,2,1
996368,21167,3,1,2
414208,21168,3,0,3
113248,21169,3,3,0
217000,21170,3,3,0
304944,21171,3,2,1
222536,21172,3,2,1
468440,21173,3,2,1
319296,21174,3,1,2
181720,21175,3,1,2
544088,21176,3,1,2
149152,21177,3,1,2
96808,21178,3,0,3
424168,21179,3,2,1
158016,21180,3,0,3
582304,21181,3,1,2
345104,21182,3,1,2
226920,21183,3,2,1
74648,21184,3,2,1
279912,21185,3,1,2
81032,21186,3,1,2
454680,21187,3,1,2
102648,21188,3,2,1
164136,21189,3,0,3
200048,21190,3,2,1
72424,21191,3,2,1
135016,21192,3,1,2
57872,21193,3,1,2
140136,21194,3,0,3
262224,21195,3,2,1
410072,21196,3,2,1
151432,21197,3,2,1
651352,21198,3,3,0
91056,21199,3,2,1
442080,21200,3,1,2
194512,21201,3,1,2
622584,21202,3,0,3
378648,21203,3,2,1
266872,21204,3,2,1
84336,21205,3,0,3
479232,21206,3,2,1
409384,21207,3,1,2
212088,21208,3,1,2
131120,21209,3,2,1
805048,21210,3,2,1
243760,21211,3,0,3
180360,21212,3,0,3
1152248,21213,3,2,1
305816,21214,3,1,2
138048,21215,3,2,1
152920,21216,3,2,1
121352,21217,3,2,1
417008,21218,3,3,0
92544,21219,3,2,1
173768,21220,3,2,1
222016,21221,3,2,1
96592,21222,3,2,1
149640,21223,3,2,1
60568,21224,3,0,3
38976,21225,3,2,1
187272,21226,3,2,1
632848,21227,3,1,2
741472,21228,3,1,2
225424,21229,3,1,2
186192,21230,3,3,0
820608,21231,3,2,1
148896,21232,3,3,0
192408,21233,3,2,1
410280,21234,3,2,1
431368,21235,3,2,1
615928,21236,3,1,2
717280,21237,3,2,1
397784,21238,3,1,2
166296,21239,3,1,2
154336,21240,3,1,2
260280,21241,3,2,1
291928,21242,3,2,1
95688,21243,3,2,1
189672,21244,3,1,2
226608,21245,3,2,1
899984,21246,3,2,1
413632,21247,3,1,2
69848,21248,3,0,3
284784,21249,3,2,1
462448,21250,3,1,2
441000,21251,3,1,2
137528,21252,3,3,0
1069744,21253,3,2,1
1101224,21254,3,1,2
328664,21255,3,2,1
235016,21256,3,2,1
180112,21257,3,2,1
398744,21258,3,3,0
225464,21259,3,2,1
64144,21260,3,3,0
85248,21261,3,1,2
166744,21262,3,2,1
228520,21263,3,1,2
1006256,21264,3,1,2
275880,21265,3,0,3
100216,21266,3,3,0
175096,21267,3,0,3
595848,21268,3,1,2
2003368,21269,3,0,3
119976,21270,3,1,2
119848,21271,3,3,0
1467536,21272,3,0,3
431648,21273,3,1,2
481448,21274,3,2,1
117520,21275,3,1,2
251608,21276,3,2,1
160976,21277,3,3,0
260464,21278,3,1,2
178896,21279,3,2,1
199792,21280,3,2,1
1656136,21281,3,0,3
1243528,21282,3,0,3
67040,21283,3,1,2
358264,21284,3,1,2
120904,21285,3,1,2
2058936,21286,3,2,1
566312,21287,3,0,3
379048,21288,3,1,2
147272,21289,3,1,2
264432,21290,3,2,1
544568,21291,3,3,0
153152,21292,3,1,2
311816,21293,3,1,2
191768,21294,3,1,2
291680,21295,3,1,2
424936,21296,3,3,0
72096,21297,3,2,1
236392,21298,3,2,1
150544,21299,3,2,1
505400,21300,3,3,0
168472,21301,3,1,2
947688,21302,3,2,1
1212632,21303,3,1,2
345072,21304,3,1,2
123520,21305,3,3,0
117968,21306,3,1,2
862272,21307,3,2,1
439696,21308,3,1,2
194640,21309,3,3,0
287832,21310,3,0,3
300456,21311,3,0,3
172496,21312,3,3,0
247856,21313,3,3,0
117064,21314,3,3,0
47872,21315,3,1,2
659256,21316,3,1,2
148072,21317,3,1,2
112224,21318,3,2,1
110688,21319,3,2,1
205120,21320,3,2,1
68424,21321,3,2,1
265984,21322,3,0,3
125640,21323,3,1,2
78496,21324,3,1,2
213688,21325,3,2,1
277504,21326,3,2,1
244096,21327,3,1,2
136688,21328,3,1,2
2029920,21329,3,2,1
204608,21330,3,2,1
310024,21331,3,1,2
227928,21332,3,2,1
586408,21333,3,0,3
2148960,21334,3,2,1
248224,21335,3,2,1
139992,21336,3,2,1
361256,21337,3,2,1
275080,21338,3,1,2
412600,21339,3,2,1
211744,21340,3,1,2
249200,21341,3,2,1
123008,21342,3,3,0
247136,21343,3,1,2
436792,21344,3,2,1
277672,21345,3,2,1
237072,21346,3,1,2
331096,21347,3,1,2
405632,21348,3,2,1
309040,21349,3,2,1
190616,21350,3,2,1
265712,21351,3,2,1
175440,21352,3,2,1
108376,21353,3,1,2
696984,21354,3,2,1
5117192,21355,3,1,2
41712,21356,3,1,2
126960,21357,3,1,2
309536,21358,3,2,1
102024,21359,3,0,3
121760,21360,3,1,2
208024,21361,3,2,1
367272,21362,3,1,2
170144,21363,3,1,2
63568,21364,3,3,0
473656,21365,3,2,1
49840,21366,3,1,2
92840,21367,3,1,2
808432,21368,3,2,1
425712,21369,3,1,2
557024,21370,3,1,2
489456,21371,3,1,2
149312,21372,3,3,0
51120,21373,3,1,2
246728,21374,3,2,1
137624,21375,3,1,2
138376,21376,3,1,2
241168,21377,3,3,0
288368,21378,3,2,1
198480,21379,3,2,1
271728,21380,3,1,2
275928,21381,3,3,0
172376,21382,3,3,0
602192,21383,3,3,0
437592,21384,3,2,1
158040,21385,3,3,0
53104,21386,3,2,1
407288,21387,3,2,1
171760,21388,3,1,2
318104,21389,3,1,2
145888,21390,3,3,0
331464,21391,3,1,2
609752,21392,3,2,1
222368,21393,3,2,1
1995104,21394,3,2,1
119536,21395,3,1,2
297720,21396,3,2,1
344208,21397,3,0,3
275712,21398,3,1,2
278760,21399,3,1,2
309616,21400,3,2,1
198360,21401,3,1,2
310528,21402,3,1,2
106936,21403,3,2,1
125064,21404,3,0,3
106160,21405,3,1,2
123888,21406,3,2,1
148592,21407,3,1,2
379592,21408,3,1,2
132632,21409,3,2,1
159328,21410,3,2,1
682440,21411,3,1,2
211504,21412,3,3,0
821608,21413,3,3,0
49288,21414,3,1,2
146320,21415,3,2,1
332560,21416,3,1,2
165696,21417,3,2,1
86368,21418,3,1,2
231784,21419,3,2,1
337680,21420,3,2,1
264240,21421,3,2,1
608512,21422,3,1,2
2652048,21423,3,2,1
439312,21424,3,2,1
368144,21425,3,1,2
306264,21426,3,1,2
128448,21427,3,0,3
565880,21428,3,3,0
917280,21429,3,2,1
401808,21430,3,1,2
240536,21431,3,1,2
409552,21432,3,2,1
187200,21433,3,0,3
185408,21434,3,1,2
148976,21435,3,2,1
101640,21436,3,2,1
173968,21437,3,1,2
798776,21438,3,1,2
111088,21439,3,1,2
425584,21440,3,2,1
152680,21441,3,1,2
136720,21442,3,1,2
149448,21443,3,2,1
804304,21444,3,3,0
390392,21445,3,0,3
171752,21446,3,2,1
436496,21447,3,1,2
133392,21448,3,1,2
146312,21449,3,0,3
139016,21450,3,2,1
568184,21451,3,1,2
107552,21452,3,0,3
150496,21453,3,0,3
76400,21454,3,0,3
296120,21455,3,0,3
1007656,21456,3,1,2
200248,21457,3,3,0
1783912,21458,3,0,3
257512,21459,3,3,0
182696,21460,3,3,0
226128,21461,3,2,1
119360,21462,3,1,2
958096,21463,3,1,2
172536,21464,3,3,0
126672,21465,3,2,1
318416,21466,3,2,1
243864,21467,3,1,2
121832,21468,3,1,2
124000,21469,3,3,0
134120,21470,3,0,3
536056,21471,3,2,1
81440,21472,3,1,2
105104,21473,3,1,2
375496,21474,3,1,2
429856,21475,3,0,3
445696,21476,3,3,0
2082992,21477,3,2,1
773304,21478,3,1,2
359448,21479,3,0,3
249952,21480,3,2,1
1810480,21481,3,1,2
187680,21482,3,2,1
149472,21483,3,1,2
113960,21484,3,1,2
126112,21485,3,2,1
351720,21486,3,1,2
454544,21487,3,0,3
203288,21488,3,1,2
74888,21489,3,2,1
153776,21490,3,2,1
97592,21491,3,0,3
1879168,21492,3,3,0
128640,21493,3,2,1
214496,21494,3,1,2
171944,21495,3,3,0
122120,21496,3,2,1
58992,21497,3,2,1
760000,21498,3,3,0
130992,21499,3,0,3
404352,21500,3,1,2
252456,21501,3,2,1
174440,21502,3,0,3
158376,21503,3,2,1
84784,21504,3,2,1
671176,21505,3,2,1
458800,21506,3,2,1
397528,21507,3,2,1
1026616,21508,3,2,1
585968,21509,3,0,3
129296,21510,3,2,1
259224,21511,3,1,2
299184,21512,3,0,3
175784,21513,3,2,1
358928,21514,3,2,1
124488,21515,3,1,2
171600,21516,3,1,2
164800,21517,3,1,2
54176,21518,3,1,2
185192,21519,3,1,2
213928,21520,3,3,0
103288,21521,3,1,2
331744,21522,3,0,3
1379664,21523,3,3,0
969072,21524,3,1,2
630632,21525,3,2,1
290576,21526,3,2,1
252864,21527,3,2,1
299256,21528,3,0,3
144696,21529,3,2,1
1227464,21530,3,1,2
141168,21531,3,2,1
336464,21532,3,0,3
2447760,21533,3,1,2
311656,21534,3,2,1
79776,21535,3,2,1
85144,21536,3,1,2
4076056,21537,3,3,0
1676048,21538,3,2,1
1338920,21539,3,1,2
131536,21540,3,2,1
394048,21541,3,2,1
107520,21542,3,1,2
207296,21543,3,2,1
680896,21544,3,2,1
271616,21545,3,2,1
2756056,21546,3,2,1
48920,21547,3,2,1
563400,21548,3,1,2
126552,21549,3,2,1
159352,21550,3,2,1
579128,21551,3,2,1
911840,21552,3,0,3
175432,21553,3,1,2
115912,21554,3,2,1
91720,21555,3,0,3
483272,21556,3,0,3
385016,21557,3,3,0
555608,21558,3,1,2
221640,21559,3,2,1
160576,21560,3,1,2
481712,21561,3,1,2
166768,21562,3,1,2
94280,21563,3,0,3
127960,21564,3,2,1
97976,21565,3,3,0
265760,21566,3,3,0
129136,21567,3,2,1
165048,21568,3,1,2
700968,21569,3,2,1
115336,21570,3,1,2
158032,21571,3,0,3
849968,21572,3,2,1
230496,21573,3,2,1
3766880,21574,3,1,2
1529968,21575,3,0,3
460920,21576,3,2,1
246400,21577,3,2,1
89000,21578,3,0,3
242296,21579,3,2,1
563216,21580,3,2,1
341584,21581,3,2,1
188176,21582,3,0,3
74568,21583,3,2,1
268496,21584,3,1,2
597368,21585,3,2,1
425232,21586,3,1,2
162496,21587,3,1,2
122032,21588,3,3,0
239656,21589,3,3,0
208776,21590,3,2,1
203336,21591,3,1,2
539320,21592,3,1,2
407360,21593,3,1,2
46608,21594,3,0,3
1007856,21595,3,1,2
241720,21596,3,3,0
410056,21597,3,2,1
473752,21598,3,3,0
185320,21599,3,2,1
350304,21600,3,0,3
90352,21601,3,2,1
42152,21602,3,1,2
519904,21603,3,1,2
90656,21604,3,0,3
299728,21605,3,2,1
143712,21606,3,2,1
126376,21607,3,1,2
44568,21608,3,2,1
118856,21609,3,1,2
68040,21610,3,3,0
124952,21611,3,3,0
256632,21612,3,3,0
534264,21613,3,1,2
68232,21614,3,2,1
77944,21615,3,1,2
428160,21616,3,3,0
263728,21617,3,0,3
2813416,21618,3,2,1
180912,21619,3,0,3
151328,21620,3,1,2
323744,21621,3,3,0
312328,21622,3,3,0
159936,21623,3,2,1
589208,21624,3,2,1
233824,21625,3,1,2
653880,21626,3,2,1
75440,21627,3,1,2
243056,21628,3,0,3
202432,21629,3,0,3
434352,21630,3,1,2
313656,21631,3,2,1
167064,21632,3,0,3
133272,21633,3,1,2
93792,21634,3,3,0
111264,21635,3,1,2
228728,21636,3,2,1
272032,21637,3,3,0
106088,21638,3,2,1
188680,21639,3,2,1
257360,21640,3,3,0
917496,21641,3,0,3
216824,21642,3,2,1
248792,21643,3,0,3
842320,21644,3,1,2
58560,21645,3,2,1
144528,21646,3,3,0
107120,21647,3,1,2
140632,21648,3,1,2
264064,21649,3,2,1
93040,21650,3,3,0
97768,21651,3,1,2
146528,21652,3,2,1
115184,21653,3,2,1
74440,21654,3,2,1
210248,21655,3,1,2
1260488,21656,3,2,1
106344,21657,3,1,2
338200,21658,3,0,3
269696,21659,3,1,2
476368,21660,3,2,1
664024,21661,3,2,1
1409280,21662,3,1,2
78792,21663,3,2,1
605912,21664,3,1,2
261792,21665,3,0,3
193168,21666,3,2,1
98616,21667,3,2,1
199048,21668,3,2,1
321352,21669,3,2,1
459840,21670,3,0,3
165360,21671,3,1,2
97496,21672,3,1,2
293472,21673,3,1,2
264992,21674,3,2,1
157536,21675,3,1,2
542216,21676,3,2,1
225736,21677,3,1,2
656504,21678,3,2,1
142480,21679,3,1,2
89808,21680,3,2,1
216984,21681,3,0,3
886520,21682,3,2,1
624520,21683,3,1,2
184784,21684,3,2,1
66880,21685,3,0,3
317520,21686,3,2,1
127216,21687,3,3,0
150584,21688,3,1,2
401488,21689,3,0,3
304728,21690,3,1,2
1165480,21691,3,1,2
258480,21692,3,1,2
627952,21693,3,2,1
63256,21694,3,1,2
399656,21695,3,1,2
436888,21696,3,3,0
420504,21697,3,2,1
235024,21698,3,0,3
618400,21699,3,1,2
3077560,21700,3,0,3
137464,21701,3,2,1
86448,21702,3,1,2
367824,21703,3,1,2
128096,21704,3,1,2
360056,21705,3,0,3
104552,21706,3,0,3
55520,21707,3,2,1
132232,21708,3,2,1
179872,21709,3,2,1
274176,21710,3,3,0
191008,21711,3,2,1
177184,21712,3,0,3
193416,21713,3,2,1
192848,21714,3,2,1
89024,21715,3,3,0
444400,21716,3,0,3
190960,21717,3,2,1
135704,21718,3,2,1
781936,21719,3,2,1
481848,21720,3,1,2
80088,21721,3,3,0
258688,21722,3,1,2
418856,21723,3,2,1
291248,21724,3,1,2
338296,21725,3,0,3
411128,21726,3,3,0
277856,21727,3,0,3
330248,21728,3,2,1
192424,21729,3,2,1
80776,21730,3,2,1
157632,21731,3,1,2
96768,21732,3,0,3
192288,21733,3,2,1
376424,21734,3,0,3
95008,21735,3,2,1
1542248,21736,3,1,2
95912,21737,3,0,3
220904,21738,3,3,0
160872,21739,3,2,1
320728,21740,3,2,1
120168,21741,3,2,1
3293240,21742,3,1,2
106520,21743,3,2,1
91000,21744,3,2,1
128504,21745,3,2,1
240208,21746,3,2,1
674816,21747,3,2,1
732200,21748,3,2,1
474376,21749,3,1,2
162472,21750,3,3,0
174464,21751,3,2,1
636344,21752,3,2,1
209232,21753,3,0,3
980696,21754,3,1,2
364472,21755,3,2,1
774136,21756,3,0,3
247896,21757,3,1,2
345312,21758,3,1,2
177984,21759,3,0,3
228720,21760,3,2,1
1897192,21761,3,2,1
146656,21762,3,2,1
306672,21763,3,3,0
5422744,21764,3,1,2
209160,21765,3,3,0
105368,21766,3,3,0
112176,21767,3,2,1
328504,21768,3,2,1
422168,21769,3,1,2
291064,21770,3,3,0
613656,21771,3,3,0
349224,21772,3,2,1
333280,21773,3,0,3
194176,21774,3,1,2
95560,21775,3,0,3
86912,21776,3,1,2
117512,21777,3,2,1
290640,21778,3,1,2
64408,21779,3,0,3
3450368,21780,3,1,2
383184,21781,3,1,2
267016,21782,3,1,2
168568,21783,3,1,2
276184,21784,3,1,2
729112,21785,3,3,0
83824,21786,3,2,1
84152,21787,3,1,2
174096,21788,3,1,2
190040,21789,3,2,1
393688,21790,3,1,2
930840,21791,3,2,1
533512,21792,3,1,2
382240,21793,3,1,2
518376,21794,3,1,2
138736,21795,3,1,2
157464,21796,3,3,0
917336,21797,3,2,1
1613760,21798,3,3,0
553968,21799,3,1,2
337952,21800,3,2,1
391472,21801,3,0,3
277072,21802,3,1,2
278432,21803,3,2,1
87424,21804,3,3,0
161584,21805,3,1,2
651512,21806,3,2,1
302144,21807,3,0,3
129624,21808,3,2,1
1593280,21809,3,1,2
140824,21810,3,1,2
552704,21811,3,3,0
104800,21812,3,1,2
292904,21813,3,1,2
220808,21814,3,1,2
725288,21815,3,2,1
479848,21816,3,1,2
1307648,21817,3,3,0
1301008,21818,3,0,3
120896,21819,3,0,3
125040,21820,3,2,1
1216480,21821,3,1,2
36328,21822,3,1,2
82816,21823,3,1,2
596152,21824,3,0,3
179232,21825,3,1,2
306016,21826,3,2,1
1854768,21827,3,2,1
92304,21828,3,1,2
1313528,21829,3,2,1
306968,21830,3,1,2
615480,21831,3,1,2
254272,21832,3,2,1
198944,21833,3,2,1
6416392,21834,3,1,2
131448,21835,3,3,0
945600,21836,3,1,2
1620704,21837,3,3,0
218600,21838,3,1,2
681128,21839,3,2,1
455656,21840,3,1,2
397800,21841,3,3,0
118576,21842,3,1,2
227584,21843,3,1,2
80848,21844,3,3,0
261112,21845,3,2,1
951312,21846,3,1,2
161016,21847,3,1,2
349376,21848,3,2,1
219976,21849,3,1,2
543256,21850,3,2,1
189232,21851,3,3,0
81720,21852,3,0,3
648856,21853,3,1,2
143008,21854,3,1,2
499768,21855,3,2,1
248784,21856,3,3,0
207176,21857,3,2,1
130304,21858,3,0,3
169560,21859,3,0,3
762408,21860,3,3,0
1102424,21861,3,1,2
49456,21862,3,2,1
103184,21863,3,0,3
89920,21864,3,3,0
105296,21865,3,0,3
109904,21866,3,3,0
341384,21867,3,0,3
301720,21868,3,2,1
269376,21869,3,3,0
872584,21870,3,2,1
199888,21871,3,3,0
47712,21872,3,3,0
6366920,21873,3,2,1
142896,21874,3,0,3
248896,21875,3,1,2
74536,21876,3,2,1
451056,21877,3,2,1
121240,21878,3,3,0
76616,21879,3,2,1
382648,21880,3,1,2
169280,21881,3,2,1
202720,21882,3,1,2
561608,21883,3,2,1
135232,21884,3,2,1
218104,21885,3,1,2
332512,21886,3,1,2
387744,21887,3,3,0
161480,21888,3,1,2
4205432,21889,3,0,3
260744,21890,3,2,1
1299904,21891,3,1,2
196784,21892,3,3,0
230976,21893,3,3,0
415160,21894,3,1,2
378600,21895,3,2,1
290992,21896,3,2,1
217960,21897,3,2,1
938320,21898,3,1,2
1073920,21899,3,1,2
65448,21900,3,1,2
137304,21901,3,1,2
1172768,21902,3,3,0
84328,21903,3,2,1
166056,21904,3,1,2
230552,21905,3,2,1
107176,21906,3,2,1
189768,21907,3,1,2
259304,21908,3,1,2
389744,21909,3,2,1
122536,21910,3,2,1
263768,21911,3,2,1
54040,21912,3,0,3
684856,21913,3,2,1
143560,21914,3,2,1
534064,21915,3,2,1
117480,21916,3,2,1
192416,21917,3,2,1
273920,21918,3,0,3
308400,21919,3,2,1
180600,21920,3,1,2
902096,21921,3,0,3
67752,21922,3,0,3
1061536,21923,3,2,1
71920,21924,3,0,3
495880,21925,3,3,0
153168,21926,3,1,2
305104,21927,3,2,1
110696,21928,3,2,1
1141216,21929,3,2,1
57440,21930,3,1,2
586296,21931,3,1,2
584896,21932,3,0,3
1096112,21933,3,1,2
73576,21934,3,1,2
271208,21935,3,1,2
233000,21936,3,1,2
177936,21937,3,0,3
32464,21938,3,2,1
173408,21939,3,1,2
224232,21940,3,0,3
533128,21941,3,0,3
137392,21942,3,1,2
65080,21943,3,3,0
111200,21944,3,3,0
71944,21945,3,1,2
419240,21946,3,1,2
180240,21947,3,1,2
521192,21948,3,3,0
1351160,21949,3,0,3
415504,21950,3,2,1
364648,21951,3,2,1
1750568,21952,3,2,1
198976,21953,3,1,2
542320,21954,3,2,1
104400,21955,3,3,0
1135288,21956,3,2,1
86336,21957,3,1,2
101200,21958,3,3,0
67544,21959,3,3,0
156896,21960,3,2,1
166016,21961,3,1,2
178120,21962,3,1,2
100480,21963,3,1,2
120152,21964,3,3,0
47800,21965,3,1,2
111680,21966,3,1,2
216080,21967,3,1,2
643552,21968,3,1,2
398344,21969,3,2,1
71896,21970,3,1,2
197672,21971,3,2,1
170416,21972,3,2,1
136872,21973,3,1,2
203000,21974,3,1,2
385640,21975,3,0,3
94096,21976,3,0,3
131376,21977,3,2,1
406008,21978,3,2,1
150304,21979,3,1,2
595376,21980,3,2,1
177976,21981,3,0,3
272840,21982,3,2,1
306448,21983,3,2,1
219128,21984,3,0,3
38192,21985,3,0,3
2924568,21986,3,2,1
212984,21987,3,2,1
123688,21988,3,1,2
503920,21989,3,2,1
476336,21990,3,2,1
96376,21991,3,2,1
167208,21992,3,2,1
507480,21993,3,3,0
1345856,21994,3,2,1
893368,21995,3,1,2
206320,21996,3,1,2
793824,21997,3,3,0
182576,21998,3,2,1
151416,21999,3,1,2
217600,22000,3,1,2
554912,22001,3,0,3
110160,22002,3,3,0
258712,22003,3,3,0
92408,22004,3,1,2
196240,22005,3,0,3
136600,22006,3,2,1
170208,22007,3,1,2
1011040,22008,3,1,2
141072,22009,3,2,1
94384,22010,3,2,1
93456,22011,3,1,2
325232,22012,3,1,2
296632,22013,3,1,2
263680,22014,3,1,2
143248,22015,3,0,3
475952,22016,3,3,0
77432,22017,3,2,1
211216,22018,3,2,1
229288,22019,3,2,1
724400,22020,3,1,2
176912,22021,3,0,3
239768,22022,3,1,2
472008,22023,3,1,2
941736,22024,3,2,1
166520,22025,3,1,2
359824,22026,3,2,1
339608,22027,3,1,2
119840,22028,3,2,1
383472,22029,3,2,1
373984,22030,3,1,2
427984,22031,3,2,1
575184,22032,3,2,1
147336,22033,3,0,3
91336,22034,3,1,2
677992,22035,3,2,1
628880,22036,3,1,2
468864,22037,3,1,2
158280,22038,3,1,2
5688544,22039,3,0,3
321680,22040,3,2,1
137456,22041,3,1,2
207312,22042,3,3,0
475256,22043,3,2,1
86136,22044,3,0,3
307736,22045,3,0,3
1136720,22046,3,1,2
109248,22047,3,3,0
221320,22048,3,2,1
1699688,22049,3,0,3
100752,22050,3,1,2
367008,22051,3,1,2
353208,22052,3,2,1
154448,22053,3,3,0
87792,22054,3,2,1
148440,22055,3,0,3
122320,22056,3,1,2
123928,22057,3,2,1
947720,22058,3,2,1
584768,22059,3,1,2
955144,22060,3,2,1
49000,22061,3,1,2
423224,22062,3,2,1
240400,22063,3,0,3
117640,22064,3,0,3
297192,22065,3,3,0
165576,22066,3,2,1
1375328,22067,3,2,1
204512,22068,3,1,2
353248,22069,3,1,2
36272,22070,3,3,0
353192,22071,3,1,2
168464,22072,3,1,2
43272,22073,3,0,3
238216,22074,3,2,1
371608,22075,3,2,1
264800,22076,3,1,2
205480,22077,3,2,1
528256,22078,3,2,1
389824,22079,3,2,1
800352,22080,3,2,1
2282352,22081,3,1,2
120200,22082,3,1,2
828056,22083,3,2,1
151384,22084,3,0,3
136328,22085,3,1,2
503872,22086,3,0,3
49352,22087,3,1,2
105256,22088,3,3,0
105344,22089,3,2,1
193064,22090,3,3,0
72688,22091,3,1,2
67328,22092,3,1,2
131712,22093,3,1,2
3087856,22094,3,2,1
60968,22095,3,1,2
602528,22096,3,0,3
336824,22097,3,2,1
114712,22098,3,2,1
246416,22099,3,1,2
313056,22100,3,1,2
107976,22101,3,2,1
279664,22102,3,2,1
513912,22103,3,2,1
3030304,22104,3,0,3
158128,22105,3,2,1
115880,22106,3,2,1
219400,22107,3,3,0
103376,22108,3,3,0
121432,22109,3,2,1
185448,22110,3,1,2
1275088,22111,3,2,1
221656,22112,3,3,0
49704,22113,3,0,3
851720,22114,3,1,2
163712,22115,3,3,0
610824,22116,3,2,1
188840,22117,3,1,2
830624,22118,3,0,3
425896,22119,3,2,1
129240,22120,3,2,1
466808,22121,3,0,3
76200,22122,3,1,2
226792,22123,3,3,0
412736,22124,3,2,1
64184,22125,3,2,1
157040,22126,3,2,1
328440,22127,3,2,1
261632,22128,3,1,2
223232,22129,3,2,1
499312,22130,3,3,0
131240,22131,3,1,2
208504,22132,3,1,2
983472,22133,3,2,1
491448,22134,3,2,1
264856,22135,3,1,2
358160,22136,3,2,1
141320,22137,3,2,1
111816,22138,3,2,1
238952,22139,3,1,2
326880,22140,3,0,3
137536,22141,3,1,2
62040,22142,3,1,2
206136,22143,3,2,1
290184,22144,3,2,1
294440,22145,3,1,2
818456,22146,3,2,1
707648,22147,3,0,3
67488,22148,3,2,1
605448,22149,3,1,2
207728,22150,3,3,0
849152,22151,3,2,1
139832,22152,3,3,0
1691112,22153,3,1,2
619904,22154,3,1,2
152128,22155,3,2,1
1809160,22156,3,0,3
161856,22157,3,1,2
836312,22158,3,1,2
220192,22159,3,0,3
168304,22160,3,1,2
147176,22161,3,2,1
214928,22162,3,0,3
6059592,22163,3,1,2
646080,22164,3,2,1
183232,22165,3,0,3
298552,22166,3,2,1
106272,22167,3,0,3
169912,22168,3,0,3
113912,22169,3,1,2
144744,22170,3,2,1
268944,22171,3,1,2
586272,22172,3,2,1
127424,22173,3,1,2
305808,22174,3,1,2
212640,22175,3,0,3
549656,22176,3,1,2
576864,22177,3,2,1
2426512,22178,3,2,1
431512,22179,3,1,2
693696,22180,3,2,1
1220040,22181,3,1,2
55104,22182,3,1,2
433208,22183,3,3,0
393496,22184,3,2,1
132112,22185,3,2,1
227072,22186,3,3,0
171128,22187,3,1,2
110512,22188,3,1,2
175344,22189,3,0,3
1165264,22190,3,1,2
1195008,22191,3,1,2
216544,22192,3,0,3
319760,22193,3,1,2
380200,22194,3,0,3
84440,22195,3,1,2
224768,22196,3,3,0
630880,22197,3,2,1
1326176,22198,3,1,2
903944,22199,3,1,2
624144,22200,3,0,3
124256,22201,3,0,3
360872,22202,3,2,1
425392,22203,3,2,1
488864,22204,3,0,3
1999216,22205,3,1,2
134712,22206,3,2,1
267160,22207,3,1,2
45032,22208,3,0,3
187264,22209,3,2,1
1652104,22210,3,1,2
125248,22211,3,0,3
325472,22212,3,0,3
338512,22213,3,2,1
507216,22214,3,3,0
475712,22215,3,3,0
733216,22216,3,1,2
472488,22217,3,0,3
348784,22218,3,2,1
1053456,22219,3,2,1
359432,22220,3,2,1
114744,22221,3,1,2
838296,22222,3,2,1
67368,22223,3,2,1
220992,22224,3,1,2
146416,22225,3,2,1
136440,22226,3,0,3
823064,22227,3,2,1
536536,22228,3,1,2
949464,22229,3,3,0
548312,22230,3,2,1
876552,22231,3,2,1
191520,22232,3,1,2
729408,22233,3,0,3
763928,22234,3,1,2
655144,22235,3,0,3
152752,22236,3,1,2
452128,22237,3,0,3
219680,22238,3,1,2
212040,22239,3,1,2
100936,22240,3,2,1
255800,22241,3,3,0
135832,22242,3,1,2
586384,22243,3,0,3
300872,22244,3,1,2
631520,22245,3,0,3
788248,22246,3,2,1
127224,22247,3,3,0
465336,22248,3,1,2
324160,22249,3,2,1
1132384,22250,3,2,1
242704,22251,3,0,3
290344,22252,3,0,3
404104,22253,3,1,2
686896,22254,3,1,2
104520,22255,3,0,3
1120784,22256,3,2,1
4874288,22257,3,2,1
316288,22258,3,3,0
121552,22259,3,3,0
207720,22260,3,1,2
178192,22261,3,1,2
925344,22262,3,1,2
288096,22263,3,2,1
212072,22264,3,1,2
208464,22265,3,0,3
152952,22266,3,1,2
1621496,22267,3,2,1
129384,22268,3,2,1
1116064,22269,3,0,3
576920,22270,3,3,0
75048,22271,3,1,2
984944,22272,3,1,2
90808,22273,3,3,0
1512688,22274,3,0,3
158584,22275,3,1,2
229496,22276,3,2,1
681072,22277,3,1,2
488072,22278,3,0,3
148088,22279,3,1,2
764608,22280,3,2,1
263584,22281,3,0,3
143152,22282,3,3,0
768096,22283,3,1,2
250176,22284,3,2,1
505912,22285,3,1,2
95328,22286,3,1,2
73848,22287,3,2,1
162112,22288,3,2,1
111776,22289,3,3,0
85200,22290,3,1,2
111336,22291,3,0,3
412184,22292,3,3,0
122888,22293,3,3,0
93816,22294,3,1,2
833400,22295,3,1,2
145512,22296,3,2,1
883008,22297,3,3,0
213984,22298,3,2,1
95128,22299,3,2,1
272136,22300,3,1,2
593200,22301,3,3,0
177120,22302,3,2,1
382024,22303,3,1,2
60064,22304,3,1,2
71824,22305,3,0,3
412416,22306,3,1,2
345760,22307,3,2,1
707232,22308,3,2,1
128832,22309,3,2,1
213104,22310,3,1,2
312872,22311,3,1,2
91016,22312,3,2,1
353328,22313,3,0,3
187136,22314,3,1,2
230712,22315,3,1,2
261104,22316,3,3,0
278208,22317,3,0,3
110336,22318,3,3,0
736712,22319,3,1,2
151280,22320,3,3,0
643736,22321,3,2,1
152712,22322,3,3,0
1168648,22323,3,0,3
130232,22324,3,1,2
87720,22325,3,0,3
861584,22326,3,2,1
225456,22327,3,3,0
876504,22328,3,1,2
36424,22329,3,1,2
103232,22330,3,1,2
532120,22331,3,1,2
401920,22332,3,1,2
414504,22333,3,1,2
249192,22334,3,2,1
598824,22335,3,2,1
601592,22336,3,1,2
3141672,22337,3,1,2
439480,22338,3,2,1
198800,22339,3,1,2
108184,22340,3,1,2
832864,22341,3,2,1
960120,22342,3,1,2
145896,22343,3,2,1
77736,22344,3,2,1
829744,22345,3,1,2
403184,22346,3,0,3
55544,22347,3,1,2
252160,22348,3,3,0
847360,22349,3,2,1
131784,22350,3,2,1
220552,22351,3,3,0
84920,22352,3,2,1
59232,22353,3,0,3
104144,22354,3,1,2
1047352,22355,3,3,0
712032,22356,3,2,1
243104,22357,3,1,2
218752,22358,3,1,2
1003600,22359,3,2,1
1065784,22360,3,1,2
49712,22361,3,1,2
1835424,22362,3,2,1
285024,22363,3,2,1
142424,22364,3,3,0
772768,22365,3,3,0
175280,22366,3,1,2
81192,22367,3,1,2
283120,22368,3,1,2
706520,22369,3,1,2
355416,22370,3,2,1
141624,22371,3,1,2
671656,22372,3,1,2
576416,22373,3,2,1
388984,22374,3,1,2
306624,22375,3,1,2
210664,22376,3,1,2
325352,22377,3,2,1
453488,22378,3,1,2
146168,22379,3,2,1
338424,22380,3,1,2
184344,22381,3,2,1
288944,22382,3,2,1
125960,22383,3,2,1
90216,22384,3,2,1
75024,22385,3,1,2
240304,22386,3,1,2
169936,22387,3,3,0
411704,22388,3,2,1
87184,22389,3,2,1
168632,22390,3,2,1
944840,22391,3,2,1
338384,22392,3,1,2
118664,22393,3,2,1
228000,22394,3,1,2
145800,22395,3,2,1
189496,22396,3,1,2
101024,22397,3,2,1
257288,22398,3,0,3
204248,22399,3,3,0
100224,22400,3,2,1
156808,22401,3,1,2
37760,22402,3,2,1
734440,22403,3,2,1
114928,22404,3,2,1
100592,22405,3,1,2
100800,22406,3,1,2
167176,22407,3,2,1
96432,22408,3,0,3
155096,22409,3,1,2
1071496,22410,3,1,2
441120,22411,3,1,2
301944,22412,3,2,1
180312,22413,3,1,2
1046808,22414,3,1,2
133232,22415,3,1,2
237144,22416,3,2,1
75432,22417,3,2,1
117488,22418,3,3,0
175464,22419,3,1,2
378224,22420,3,2,1
232384,22421,3,1,2
526864,22422,3,0,3
438128,22423,3,1,2
262600,22424,3,1,2
185872,22425,3,2,1
799360,22426,3,3,0
593384,22427,3,2,1
265672,22428,3,1,2
1806656,22429,3,2,1
201384,22430,3,1,2
515400,22431,3,1,2
97024,22432,3,2,1
747584,22433,3,1,2
286488,22434,3,1,2
172976,22435,3,2,1
763824,22436,3,1,2
498328,22437,3,0,3
103664,22438,3,2,1
441472,22439,3,1,2
107336,22440,3,2,1
432864,22441,3,3,0
468536,22442,3,2,1
361672,22443,3,2,1
2587696,22444,3,2,1
66368,22445,3,2,1
156416,22446,3,2,1
215872,22447,3,2,1
580376,22448,3,0,3
241944,22449,3,0,3
466616,22450,3,1,2
76160,22451,3,1,2
534624,22452,3,2,1
181704,22453,3,2,1
185200,22454,3,1,2
281576,22455,3,2,1
548736,22456,3,1,2
124632,22457,3,3,0
253328,22458,3,1,2
839520,22459,3,1,2
1542576,22460,3,2,1
386960,22461,3,2,1
180304,22462,3,3,0
147952,22463,3,2,1
155504,22464,3,3,0
63560,22465,3,1,2
368560,22466,3,1,2
103000,22467,3,1,2
272928,22468,3,0,3
92080,22469,3,2,1
728464,22470,3,1,2
310456,22471,3,1,2
2161344,22472,3,1,2
38640,22473,3,2,1
166720,22474,3,2,1
229568,22475,3,3,0
158216,22476,3,1,2
212192,22477,3,0,3
1413552,22478,3,3,0
7541552,22479,3,2,1
199000,22480,3,2,1
345232,22481,3,2,1
103272,22482,3,2,1
2616880,22483,3,1,2
350472,22484,3,1,2
430424,22485,3,2,1
263400,22486,3,2,1
100600,22487,3,1,2
410944,22488,3,2,1
539120,22489,3,3,0
185000,22490,3,2,1
290256,22491,3,2,1
59160,22492,3,2,1
80640,22493,3,2,1
100424,22494,3,2,1
137800,22495,3,3,0
398480,22496,3,1,2
340200,22497,3,0,3
788320,22498,3,2,1
182728,22499,3,2,1
216264,22500,3,2,1
126216,22501,3,0,3
622824,22502,3,1,2
310952,22503,3,2,1
132160,22504,3,2,1
189664,22505,3,1,2
195376,22506,3,2,1
198584,22507,3,0,3
349536,22508,3,0,3
175072,22509,3,3,0
98488,22510,3,1,2
177904,22511,3,2,1
541200,22512,3,1,2
519744,22513,3,1,2
205264,22514,3,2,1
185584,22515,3,1,2
270256,22516,3,2,1
400496,22517,3,0,3
175800,22518,3,2,1
311808,22519,3,1,2
486992,22520,3,2,1
1306200,22521,3,1,2
502936,22522,3,1,2
218808,22523,3,3,0
208640,22524,3,2,1
144488,22525,3,2,1
275272,22526,3,2,1
128424,22527,3,1,2
847424,22528,3,2,1
323632,22529,3,3,0
263752,22530,3,1,2
97992,22531,3,1,2
286584,22532,3,0,3
257800,22533,3,2,1
82592,22534,3,2,1
191392,22535,3,0,3
2391904,22536,3,2,1
438144,22537,3,0,3
217976,22538,3,1,2
75648,22539,3,2,1
250016,22540,3,1,2
1002944,22541,3,1,2
296224,22542,3,2,1
530848,22543,3,3,0
500320,22544,3,2,1
124176,22545,3,2,1
1011696,22546,3,1,2
135624,22547,3,2,1
129688,22548,3,1,2
215008,22549,3,2,1
370336,22550,3,3,0
169768,22551,3,1,2
168752,22552,3,2,1
833264,22553,3,0,3
186072,22554,3,1,2
181568,22555,3,2,1
145952,22556,3,3,0
292832,22557,3,0,3
116984,22558,3,3,0
101064,22559,3,2,1
184776,22560,3,2,1
1668552,22561,3,2,1
36312,22562,3,1,2
670728,22563,3,2,1
206952,22564,3,1,2
157256,22565,3,1,2
162936,22566,3,2,1
167776,22567,3,1,2
129928,22568,3,2,1
647688,22569,3,1,2
126512,22570,3,1,2
986808,22571,3,1,2
308856,22572,3,2,1
100664,22573,3,3,0
137608,22574,3,2,1
232600,22575,3,2,1
77984,22576,3,1,2
120368,22577,3,2,1
81088,22578,3,1,2
184608,22579,3,1,2
182128,22580,3,1,2
114552,22581,3,2,1
109912,22582,3,0,3
359672,22583,3,3,0
190248,22584,3,1,2
38088,22585,3,1,2
131200,22586,3,1,2
123112,22587,3,1,2
669696,22588,3,2,1
258816,22589,3,1,2
180248,22590,3,2,1
47744,22591,3,0,3
59632,22592,3,1,2
282472,22593,3,2,1
411776,22594,3,0,3
139176,22595,3,3,0
113296,22596,3,2,1
723920,22597,3,0,3
286192,22598,3,2,1
206736,22599,3,1,2
175576,22600,3,1,2
170784,22601,3,2,1
170912,22602,3,2,1
162744,22603,3,1,2
1167760,22604,3,2,1
179968,22605,3,2,1
385072,22606,3,2,1
314688,22607,3,3,0
727496,22608,3,3,0
634448,22609,3,1,2
319176,22610,3,1,2
573584,22611,3,1,2
300728,22612,3,1,2
274104,22613,3,2,1
635888,22614,3,2,1
126968,22615,3,1,2
195792,22616,3,2,1
912520,22617,3,2,1
1195168,22618,3,1,2
968688,22619,3,3,0
1343272,22620,3,2,1
141032,22621,3,1,2
275160,22622,3,2,1
438064,22623,3,2,1
560184,22624,3,2,1
121952,22625,3,1,2
1431968,22626,3,2,1
301464,22627,3,2,1
95928,22628,3,2,1
592960,22629,3,0,3
138144,22630,3,1,2
1383856,22631,3,1,2
355072,22632,3,1,2
214848,22633,3,1,2
906288,22634,3,2,1
195072,22635,3,2,1
118776,22636,3,0,3
1411824,22637,3,2,1
104720,22638,3,3,0
554960,22639,3,0,3
113704,22640,3,0,3
309592,22641,3,1,2
240920,22642,3,2,1
963640,22643,3,1,2
135840,22644,3,2,1
163016,22645,3,2,1
375400,22646,3,2,1
262336,22647,3,1,2
357728,22648,3,3,0
60792,22649,3,1,2
181120,22650,3,2,1
167840,22651,3,2,1
101664,22652,3,2,1
320200,22653,3,2,1
1225296,22654,3,1,2
103624,22655,3,1,2
117880,22656,3,0,3
127088,22657,3,2,1
144536,22658,3,2,1
123856,22659,3,1,2
156280,22660,3,0,3
157176,22661,3,2,1
535432,22662,3,0,3
324608,22663,3,3,0
285768,22664,3,0,3
87040,22665,3,0,3
732224,22666,3,1,2
42864,22667,3,0,3
73320,22668,3,0,3
250592,22669,3,1,2
142320,22670,3,2,1
285808,22671,3,3,0
334952,22672,3,2,1
730136,22673,3,1,2
426616,22674,3,2,1
91152,22675,3,0,3
441072,22676,3,2,1
1471864,22677,3,0,3
48968,22678,3,2,1
64544,22679,3,1,2
1200568,22680,3,3,0
110176,22681,3,0,3
459256,22682,3,2,1
190968,22683,3,1,2
383560,22684,3,1,2
113240,22685,3,2,1
109152,22686,3,2,1
162632,22687,3,0,3
96800,22688,3,1,2
399360,22689,3,2,1
144000,22690,3,2,1
373296,22691,3,1,2
106328,22692,3,1,2
176688,22693,3,1,2
530304,22694,3,3,0
138112,22695,3,1,2
137200,22696,3,3,0
322712,22697,3,1,2
693040,22698,3,2,1
417800,22699,3,2,1
151192,22700,3,0,3
418464,22701,3,1,2
110472,22702,3,1,2
2356600,22703,3,3,0
303696,22704,3,2,1
90128,22705,3,1,2
176536,22706,3,2,1
294696,22707,3,3,0
288624,22708,3,3,0
154784,22709,3,1,2
172328,22710,3,3,0
318256,22711,3,3,0
342592,22712,3,2,1
856168,22713,3,0,3
305048,22714,3,1,2
51016,22715,3,1,2
426560,22716,3,3,0
1115912,22717,3,1,2
135288,22718,3,1,2
1316480,22719,3,1,2
115672,22720,3,2,1
351280,22721,3,0,3
144304,22722,3,3,0
331544,22723,3,1,2
113216,22724,3,2,1
522680,22725,3,1,2
494744,22726,3,1,2
611728,22727,3,3,0
79696,22728,3,2,1
635376,22729,3,2,1
636072,22730,3,1,2
132328,22731,3,1,2
78872,22732,3,2,1
748552,22733,3,1,2
187480,22734,3,2,1
217920,22735,3,1,2
147192,22736,3,1,2
40008,22737,3,3,0
792624,22738,3,2,1
142176,22739,3,1,2
188896,22740,3,2,1
140168,22741,3,2,1
1132480,22742,3,1,2
111744,22743,3,3,0
218928,22744,3,1,2
169736,22745,3,2,1
184600,22746,3,2,1
91288,22747,3,1,2
299456,22748,3,1,2
170800,22749,3,3,0
212048,22750,3,1,2
230112,22751,3,2,1
723088,22752,3,1,2
87456,22753,3,3,0
496448,22754,3,0,3
190632,22755,3,3,0
1269024,22756,3,1,2
89224,22757,3,2,1
216168,22758,3,1,2
470688,22759,3,1,2
249416,22760,3,2,1
607776,22761,3,2,1
210048,22762,3,3,0
982072,22763,3,1,2
75328,22764,3,2,1
112464,22765,3,2,1
99528,22766,3,1,2
151360,22767,3,1,2
68216,22768,3,0,3
152696,22769,3,2,1
344952,22770,3,2,1
119544,22771,3,3,0
468512,22772,3,2,1
120000,22773,3,2,1
509752,22774,3,2,1
214040,22775,3,2,1
80016,22776,3,1,2
63936,22777,3,1,2
133168,22778,3,1,2
215928,22779,3,2,1
175216,22780,3,2,1
453160,22781,3,1,2
98432,22782,3,2,1
1242408,22783,3,3,0
290296,22784,3,2,1
78168,22785,3,3,0
968064,22786,3,2,1
2451336,22787,3,2,1
132024,22788,3,2,1
120688,22789,3,2,1
153120,22790,3,1,2
155264,22791,3,2,1
519448,22792,3,1,2
228336,22793,3,0,3
724552,22794,3,1,2
603584,22795,3,2,1
112600,22796,3,2,1
1672944,22797,3,0,3
143656,22798,3,0,3
305944,22799,3,2,1
496816,22800,3,1,2
142736,22801,3,3,0
198208,22802,3,1,2
114288,22803,3,2,1
233536,22804,3,1,2
339472,22805,3,1,2
126224,22806,3,1,2
2555232,22807,3,1,2
313136,22808,3,1,2
337848,22809,3,2,1
320472,22810,3,2,1
75776,22811,3,2,1
202248,22812,3,1,2
278920,22813,3,2,1
208304,22814,3,2,1
118184,22815,3,2,1
97784,22816,3,2,1
126488,22817,3,1,2
1622728,22818,3,3,0
315776,22819,3,2,1
269416,22820,3,0,3
252176,22821,3,2,1
674224,22822,3,3,0
245784,22823,3,3,0
528704,22824,3,1,2
222344,22825,3,2,1
392448,22826,3,2,1
561216,22827,3,0,3
88064,22828,3,2,1
245336,22829,3,1,2
203680,22830,3,2,1
231800,22831,3,2,1
1893840,22832,3,2,1
155184,22833,3,0,3
277040,22834,3,2,1
1380752,22835,3,2,1
1660192,22836,3,1,2
131776,22837,3,0,3
113208,22838,3,3,0
117752,22839,3,1,2
65608,22840,3,1,2
146336,22841,3,1,2
356824,22842,3,3,0
373072,22843,3,0,3
1876392,22844,3,3,0
132416,22845,3,1,2
250168,22846,3,1,2
1086568,22847,3,1,2
309840,22848,3,1,2
176768,22849,3,1,2
374408,22850,3,2,1
129648,22851,3,2,1
492880,22852,3,1,2
90440,22853,3,2,1
72304,22854,3,3,0
1015928,22855,3,2,1
205776,22856,3,1,2
403544,22857,3,1,2
226368,22858,3,2,1
272800,22859,3,1,2
217440,22860,3,2,1
231464,22861,3,2,1
146232,22862,3,0,3
402128,22863,3,2,1
1415144,22864,3,2,1
165408,22865,3,2,1
376752,22866,3,1,2
142240,22867,3,1,2
55696,22868,3,2,1
182568,22869,3,1,2
435768,22870,3,1,2
119056,22871,3,2,1
109488,22872,3,2,1
77976,22873,3,0,3
107704,22874,3,0,3
151464,22875,3,1,2
430528,22876,3,3,0
197368,22877,3,0,3
54240,22878,3,3,0
673640,22879,3,2,1
90832,22880,3,3,0
786832,22881,3,2,1
434480,22882,3,1,2
145008,22883,3,1,2
204784,22884,3,2,1
110984,22885,3,2,1
179160,22886,3,1,2
663352,22887,3,2,1
63872,22888,3,1,2
246048,22889,3,1,2
283160,22890,3,0,3
988976,22891,3,2,1
698024,22892,3,2,1
345624,22893,3,1,2
308704,22894,3,0,3
302384,22895,3,2,1
79728,22896,3,2,1
182480,22897,3,2,1
500488,22898,3,2,1
509680,22899,3,1,2
203208,22900,3,2,1
1241128,22901,3,2,1
1252032,22902,3,2,1
623536,22903,3,0,3
48568,22904,3,1,2
224520,22905,3,2,1
188712,22906,3,3,0
320424,22907,3,1,2
928576,22908,3,3,0
383632,22909,3,0,3
138032,22910,3,3,0
298192,22911,3,2,1
566672,22912,3,1,2
119072,22913,3,1,2
227920,22914,3,1,2
176976,22915,3,0,3
97376,22916,3,1,2
292424,22917,3,2,1
230664,22918,3,1,2
886864,22919,3,1,2
1608584,22920,3,2,1
132888,22921,3,2,1
137432,22922,3,1,2
203384,22923,3,2,1
170096,22924,3,1,2
284816,22925,3,2,1
281744,22926,3,3,0
195424,22927,3,3,0
307352,22928,3,1,2
764504,22929,3,2,1
109040,22930,3,2,1
1411064,22931,3,1,2
100448,22932,3,2,1
504112,22933,3,1,2
139792,22934,3,0,3
1443872,22935,3,2,1
964704,22936,3,2,1
249088,22937,3,1,2
732960,22938,3,0,3
107896,22939,3,1,2
375776,22940,3,2,1
380896,22941,3,2,1
231648,22942,3,2,1
414488,22943,3,2,1
200288,22944,3,2,1
1307880,22945,3,1,2
272816,22946,3,1,2
524112,22947,3,1,2
89440,22948,3,2,1
318832,22949,3,1,2
180712,22950,3,3,0
117016,22951,3,0,3
787712,22952,3,2,1
294888,22953,3,1,2
126504,22954,3,2,1
1364592,22955,3,2,1
223528,22956,3,2,1
321104,22957,3,1,2
765600,22958,3,2,1
249080,22959,3,1,2
183640,22960,3,1,2
2979328,22961,3,0,3
701248,22962,3,2,1
678408,22963,3,1,2
408784,22964,3,2,1
345208,22965,3,2,1
587888,22966,3,1,2
59648,22967,3,2,1
96136,22968,3,2,1
110448,22969,3,2,1
458864,22970,3,0,3
311784,22971,3,2,1
123120,22972,3,2,1
154624,22973,3,2,1
181544,22974,3,2,1
266424,22975,3,2,1
341056,22976,3,2,1
41136,22977,3,1,2
109944,22978,3,2,1
249152,22979,3,1,2
1515120,22980,3,2,1
46392,22981,3,2,1
458576,22982,3,3,0
142056,22983,3,2,1
605624,22984,3,3,0
133720,22985,3,3,0
205200,22986,3,3,0
138360,22987,3,1,2
122800,22988,3,2,1
127656,22989,3,3,0
349216,22990,3,3,0
101216,22991,3,0,3
833128,22992,3,1,2
313704,22993,3,2,1
239984,22994,3,2,1
169376,22995,3,1,2
92328,22996,3,2,1
571368,22997,3,2,1
728400,22998,3,1,2
193232,22999,3,2,1
358480,23000,3,0,3
128104,23001,3,2,1
96160,23002,3,0,3
324832,23003,3,2,1
140584,23004,3,2,1
163328,23005,3,1,2
1504672,23006,3,2,1
1325824,23007,3,1,2
714456,23008,3,2,1
59776,23009,3,2,1
467024,23010,3,2,1
121280,23011,3,2,1
177168,23012,3,1,2
87256,23013,3,1,2
202776,23014,3,1,2
2138392,23015,3,1,2
190352,23016,3,1,2
539960,23017,3,1,2
307424,23018,3,0,3
324264,23019,3,2,1
229784,23020,3,0,3
234384,23021,3,2,1
211128,23022,3,2,1
245096,23023,3,2,1
47272,23024,3,0,3
440024,23025,3,2,1
213248,23026,3,1,2
110272,23027,3,0,3
285560,23028,3,1,2
99800,23029,3,0,3
3187392,23030,3,2,1
225952,23031,3,1,2
160488,23032,3,0,3
125424,23033,3,1,2
143032,23034,3,1,2
1150776,23035,3,2,1
177104,23036,3,2,1
911784,23037,3,0,3
243488,23038,3,1,2
295376,23039,3,3,0
1584592,23040,3,1,2
116632,23041,3,2,1
104432,23042,3,3,0
155840,23043,3,1,2
259184,23044,3,1,2
289016,23045,3,2,1
183560,23046,3,2,1
212120,23047,3,1,2
159784,23048,3,0,3
201240,23049,3,0,3
254816,23050,3,2,1
213312,23051,3,2,1
360784,23052,3,2,1
143728,23053,3,0,3
241952,23054,3,1,2
389880,23055,3,1,2
99400,23056,3,0,3
734088,23057,3,1,2
273952,23058,3,1,2
512888,23059,3,1,2
126336,23060,3,0,3
296824,23061,3,2,1
458096,23062,3,2,1
667128,23063,3,1,2
562936,23064,3,0,3
478184,23065,3,2,1
103224,23066,3,2,1
259392,23067,3,2,1
202800,23068,3,3,0
166040,23069,3,2,1
252200,23070,3,0,3
261416,23071,3,0,3
352928,23072,3,1,2
535152,23073,3,2,1
325440,23074,3,2,1
84096,23075,3,2,1
392224,23076,3,2,1
77576,23077,3,1,2
158672,23078,3,0,3
185696,23079,3,3,0
397816,23080,3,2,1
1807416,23081,3,2,1
389400,23082,3,3,0
264936,23083,3,2,1
203952,23084,3,1,2
1691472,23085,3,2,1
3070776,23086,3,1,2
268192,23087,3,1,2
115496,23088,3,3,0
187464,23089,3,2,1
55888,23090,3,3,0
306480,23091,3,3,0
429304,23092,3,1,2
1715096,23093,3,2,1
148688,23094,3,1,2
291792,23095,3,1,2
354600,23096,3,0,3
1390744,23097,3,2,1
948400,23098,3,1,2
551280,23099,3,2,1
2489848,23100,3,1,2
2195528,23101,3,2,1
98272,23102,3,1,2
220168,23103,3,2,1
112888,23104,3,2,1
1748072,23105,3,2,1
412784,23106,3,1,2
89536,23107,3,1,2
130424,23108,3,1,2
392440,23109,3,2,1
363432,23110,3,1,2
706912,23111,3,0,3
1187872,23112,3,2,1
612776,23113,3,1,2
81448,23114,3,1,2
102464,23115,3,1,2
237520,23116,3,2,1
672296,23117,3,1,2
127328,23118,3,2,1
1092320,23119,3,1,2
211488,23120,3,2,1
400768,23121,2,1,1
578496,23122,2,1,1
439008,23123,2,1,1
329824,23124,2,0,2
106072,23125,2,2,0
242952,23126,2,0,2
401048,23127,2,1,1
356872,23128,2,1,1
2895160,23129,2,2,0
301200,23130,2,2,0
458960,23131,2,2,0
338232,23132,2,1,1
3797112,23133,2,0,2
1147552,23134,2,1,1
153288,23135,2,1,1
1040768,23136,2,2,0
308896,23137,2,1,1
53504,23138,2,0,2
1295400,23139,2,1,1
95528,23140,2,0,2
435800,23141,2,2,0
7601336,23142,2,1,1
1895760,23143,2,1,1
96736,23144,2,2,0
607152,23145,2,2,0
242512,23146,2,1,1
224536,23147,2,2,0
435656,23148,2,1,1
149432,23149,2,0,2
2282584,23150,2,1,1
42872,23151,2,1,1
751736,23152,2,1,1
5859544,23153,2,1,1
344384,23154,2,0,2
153680,23155,2,0,2
204896,23156,2,1,1
1602704,23157,2,1,1
5420776,23158,2,2,0
1696888,23159,2,1,1
1131832,23160,2,0,2
2846672,23161,2,1,1
611544,23162,2,2,0
201008,23163,2,1,1
229736,23164,2,0,2
2085840,23165,2,1,1
76104,23166,2,0,2
238016,23167,2,2,0
923480,23168,2,0,2
571400,23169,2,1,1
242224,23170,2,0,2
1864928,23171,2,0,2
3323928,23172,2,1,1
381880,23173,2,1,1
756512,23174,2,2,0
941112,23175,2,2,0
411920,23176,2,1,1
2411896,23177,2,1,1
342200,23178,2,1,1
520600,23179,2,1,1
716680,23180,2,1,1
171904,23181,2,0,2
2056744,23182,2,0,2
8215624,23183,2,1,1
297296,23184,2,1,1
158488,23185,2,0,2
718288,23186,2,1,1
2482536,23187,2,1,1
2412624,23188,2,1,1
127544,23189,2,0,2
885160,23190,2,1,1
409896,23191,2,2,0
172624,23192,2,0,2
69600,23193,2,0,2
2860840,23194,2,1,1
418952,23195,2,1,1
472144,23196,2,1,1
658264,23197,2,0,2
4648592,23198,2,0,2
154064,23199,2,1,1
1469824,23200,2,2,0
668008,23201,2,2,0
354448,23202,2,1,1
494224,23203,2,0,2
1681856,23204,2,1,1
831056,23205,2,1,1
883456,23206,2,1,1
1028040,23207,2,1,1
978976,23208,2,0,2
276272,23209,2,0,2
250216,23210,2,2,0
61440,23211,2,1,1
1116032,23212,2,0,2
1748256,23213,2,2,0
396616,23214,2,1,1
141432,23215,2,0,2
118224,23216,2,1,1
706848,23217,2,0,2
972400,23218,2,1,1
4558200,23219,2,0,2
598512,23220,2,1,1
4195872,23221,2,1,1
2027024,23222,2,1,1
2448072,23223,2,1,1
1279248,23224,2,2,0
5263856,23225,2,1,1
166176,23226,2,1,1
494136,23227,2,2,0
305864,23228,2,2,0
6258800,23229,2,2,0
190624,23230,2,1,1
904360,23231,2,0,2
1136632,23232,2,1,1
721816,23233,2,1,1
1623608,23234,2,1,1
502008,23235,2,0,2
1484704,23236,2,2,0
456664,23237,2,1,1
3716920,23238,2,2,0
302464,23239,2,1,1
1475120,23240,2,1,1
964416,23241,2,0,2
690424,23242,2,1,1
663264,23243,2,0,2
1016560,23244,2,1,1
1511744,23245,2,1,1
1439136,23246,2,1,1
235664,23247,2,1,1
1109752,23248,2,2,0
422184,23249,2,1,1
193256,23250,2,1,1
175192,23251,2,1,1
1461984,23252,2,1,1
263240,23253,2,1,1
217576,23254,2,2,0
854064,23255,2,1,1
182712,23256,2,1,1
249720,23257,2,1,1
179272,23258,2,2,0
1739392,23259,2,1,1
305888,23260,2,1,1
2126296,23261,2,1,1
497600,23262,2,1,1
771032,23263,2,1,1
493072,23264,2,2,0
185664,23265,2,1,1
2306600,23266,2,1,1
463248,23267,2,2,0
416944,23268,2,2,0
116152,23269,2,1,1
197392,23270,2,2,0
1232680,23271,2,1,1
491200,23272,2,0,2
397024,23273,2,1,1
579848,23274,2,0,2
209504,23275,2,2,0
1448264,23276,2,0,2
166560,23277,2,2,0
419368,23278,2,1,1
1515680,23279,2,1,1
115112,23280,2,1,1
164848,23281,2,0,2
1225472,23282,2,2,0
720552,23283,2,0,2
982968,23284,2,1,1
1281160,23285,2,1,1
360496,23286,2,1,1
532336,23287,2,1,1
1641960,23288,2,2,0
426592,23289,2,1,1
201528,23290,2,1,1
604720,23291,2,1,1
638056,23292,2,2,0
227144,23293,2,1,1
973528,23294,2,0,2
214896,23295,2,2,0
1047464,23296,2,0,2
2329840,23297,2,2,0
1546864,23298,2,0,2
373888,23299,2,1,1
366008,23300,2,2,0
789712,23301,2,1,1
154400,23302,2,1,1
371528,23303,2,1,1
337520,23304,2,1,1
7375032,23305,2,2,0
323696,23306,2,2,0
1652784,23307,2,1,1
2447488,23308,2,2,0
777312,23309,2,1,1
1207088,23310,2,1,1
145192,23311,2,0,2
806856,23312,2,1,1
174984,23313,2,0,2
472240,23314,2,1,1
280896,23315,2,0,2
2789984,23316,2,1,1
917048,23317,2,1,1
344680,23318,2,2,0
1664480,23319,2,0,2
157720,23320,2,0,2
1919264,23321,2,2,0
431632,23322,2,1,1
3474296,23323,2,1,1
6941184,23324,2,1,1
122904,23325,2,2,0
4846400,23326,2,1,1
856672,23327,2,0,2
434680,23328,2,2,0
491272,23329,2,2,0
284288,23330,2,2,0
107384,23331,2,1,1
3106216,23332,2,1,1
724144,23333,2,2,0
1026056,23334,2,2,0
2958360,23335,2,1,1
6509992,23336,2,1,1
1255208,23337,2,1,1
178056,23338,2,1,1
309376,23339,2,2,0
509024,23340,2,0,2
266272,23341,2,0,2
80544,23342,2,1,1
5322808,23343,2,0,2
175944,23344,2,1,1
115984,23345,2,1,1
2626208,23346,2,2,0
166992,23347,2,1,1
116496,23348,2,1,1
1153168,23349,2,0,2
2151328,23350,2,2,0
1182848,23351,2,2,0
1618192,23352,2,1,1
251680,23353,2,1,1
221672,23354,2,0,2
1470016,23355,2,1,1
319128,23356,2,1,1
2901120,23357,2,0,2
1600992,23358,2,2,0
574776,23359,2,1,1
648696,23360,2,1,1
3840544,23361,2,1,1
301696,23362,2,1,1
6675808,23363,2,0,2
554856,23364,2,1,1
485480,23365,2,1,1
268808,23366,2,2,0
372320,23367,2,1,1
372848,23368,2,2,0
96656,23369,2,1,1
439024,23370,2,0,2
1524352,23371,2,0,2
1019736,23372,2,1,1
1867400,23373,2,1,1
395848,23374,2,1,1
3637424,23375,2,0,2
978480,23376,2,1,1
584024,23377,2,0,2
850984,23378,2,2,0
1782960,23379,2,2,0
2181760,23380,2,2,0
177448,23381,2,1,1
227472,23382,2,2,0
176512,23383,2,2,0
288592,23384,2,1,1
4287168,23385,2,1,1
1689440,23386,2,2,0
1613376,23387,2,1,1
6544256,23388,2,1,1
748680,23389,2,1,1
173624,23390,2,2,0
725408,23391,2,1,1
621224,23392,2,1,1
867800,23393,2,2,0
5687152,23394,2,0,2
270056,23395,2,1,1
593568,23396,2,0,2
736272,23397,2,0,2
326392,23398,2,2,0
7388496,23399,2,1,1
238360,23400,2,0,2
2598440,23401,2,1,1
2762416,23402,2,0,2
5423592,23403,2,2,0
4224384,23404,2,1,1
385384,23405,2,1,1
811032,23406,2,0,2
915664,23407,2,1,1
1557344,23408,2,2,0
3864944,23409,2,1,1
218672,23410,2,2,0
670600,23411,2,1,1
719440,23412,2,1,1
1209784,23413,2,2,0
449808,23414,2,1,1
389712,23415,2,2,0
108072,23416,2,1,1
2495456,23417,2,0,2
392360,23418,2,0,2
288000,23419,2,1,1
284824,23420,2,2,0
1620112,23421,2,1,1
1188728,23422,2,2,0
419536,23423,2,2,0
2261656,23424,2,0,2
168120,23425,2,1,1
627928,23426,2,2,0
1459768,23427,2,1,1
125712,23428,2,1,1
79408,23429,2,1,1
97504,23430,2,2,0
562720,23431,2,2,0
295304,23432,2,1,1
1473312,23433,2,2,0
194912,23434,2,1,1
3434824,23435,2,1,1
1113888,23436,2,2,0
424384,23437,2,2,0
222464,23438,2,0,2
1034016,23439,2,1,1
4617144,23440,2,1,1
230080,23441,2,1,1
5211000,23442,2,1,1
350504,23443,2,2,0
392832,23444,2,1,1
788968,23445,2,1,1
534368,23446,2,1,1
548936,23447,2,1,1
388576,23448,2,2,0
83584,23449,2,1,1
382560,23450,2,2,0
4155320,23451,2,1,1
1148048,23452,2,0,2
4055000,23453,2,2,0
257280,23454,2,1,1
207416,23455,2,0,2
268984,23456,2,2,0
54000,23457,2,1,1
199392,23458,2,0,2
75880,23459,2,1,1
610920,23460,2,2,0
124232,23461,2,1,1
237840,23462,2,2,0
1920008,23463,2,2,0
1233464,23464,2,1,1
448424,23465,2,0,2
293280,23466,2,0,2
58960,23467,2,2,0
520040,23468,2,1,1
345640,23469,2,1,1
2767016,23470,2,1,1
280120,23471,2,1,1
234688,23472,2,2,0
526920,23473,2,1,1
1591960,23474,2,1,1
693976,23475,2,2,0
972472,23476,2,1,1
491248,23477,2,2,0
353264,23478,2,2,0
6613896,23479,2,2,0
148640,23480,2,2,0
170848,23481,2,2,0
1520544,23482,2,2,0
150168,23483,2,1,1
172848,23484,2,2,0
780400,23485,2,1,1
434832,23486,2,1,1
1554576,23487,2,2,0
665832,23488,2,2,0
537992,23489,2,1,1
87024,23490,2,2,0
90256,23491,2,1,1
515008,23492,2,2,0
477784,23493,2,2,0
82608,23494,2,2,0
881512,23495,2,2,0
574592,23496,2,1,1
999336,23497,2,0,2
221584,23498,2,1,1
4212568,23499,2,1,1
4201160,23500,2,2,0
1687024,23501,2,1,1
7803672,23502,2,2,0
113576,23503,2,0,2
37568,23504,2,0,2
820240,23505,2,2,0
1556320,23506,2,1,1
150272,23507,2,0,2
303144,23508,2,1,1
1190080,23509,2,1,1
381944,23510,2,1,1
429560,23511,2,1,1
645544,23512,2,1,1
231760,23513,2,1,1
564656,23514,2,1,1
2166400,23515,2,1,1
856352,23516,2,0,2
524720,23517,2,2,0
336744,23518,2,1,1
234088,23519,2,2,0
296168,23520,2,2,0
1029656,23521,2,2,0
720088,23522,2,0,2
2144320,23523,2,1,1
1648200,23524,2,1,1
677664,23525,2,1,1
1193448,23526,2,1,1
35864,23527,2,1,1
359296,23528,2,0,2
6982952,23529,2,1,1
534944,23530,2,1,1
262248,23531,2,1,1
118176,23532,2,2,0
300680,23533,2,1,1
406936,23534,2,1,1
310272,23535,2,1,1
1193960,23536,2,1,1
857864,23537,2,2,0
1774376,23538,2,2,0
315568,23539,2,0,2
62064,23540,2,2,0
351224,23541,2,1,1
112248,23542,2,2,0
404360,23543,2,1,1
121784,23544,2,0,2
2815144,23545,2,1,1
399792,23546,2,0,2
506072,23547,2,2,0
93304,23548,2,1,1
367728,23549,2,1,1
1440168,23550,2,0,2
493944,23551,2,1,1
1002088,23552,2,1,1
349504,23553,2,0,2
2186040,23554,2,1,1
109192,23555,2,1,1
506568,23556,2,2,0
1408568,23557,2,1,1
464632,23558,2,0,2
895576,23559,2,2,0
335376,23560,2,1,1
423720,23561,2,1,1
1200320,23562,2,1,1
424488,23563,2,0,2
81168,23564,2,0,2
1474584,23565,2,1,1
222312,23566,2,1,1
122600,23567,2,1,1
677880,23568,2,1,1
668984,23569,2,1,1
235656,23570,2,1,1
4229520,23571,2,2,0
331280,23572,2,1,1
952184,23573,2,1,1
379432,23574,2,2,0
1417056,23575,2,2,0
120528,23576,2,0,2
1164176,23577,2,0,2
1318064,23578,2,1,1
372488,23579,2,1,1
3345888,23580,2,2,0
249320,23581,2,1,1
1517800,23582,2,1,1
850136,23583,2,1,1
473144,23584,2,2,0
3600888,23585,2,1,1
217696,23586,2,0,2
1124776,23587,2,1,1
3593904,23588,2,1,1
860664,23589,2,1,1
3191528,23590,2,1,1
181728,23591,2,0,2
2126408,23592,2,0,2
643240,23593,2,1,1
691424,23594,2,1,1
1896296,23595,2,0,2
425144,23596,2,1,1
4412296,23597,2,1,1
348288,23598,2,1,1
5035312,23599,2,0,2
326048,23600,2,1,1
625024,23601,2,2,0
420728,23602,2,2,0
2436624,23603,2,1,1
219704,23604,2,0,2
1089480,23605,2,0,2
163608,23606,2,0,2
300144,23607,2,2,0
1550840,23608,2,0,2
284088,23609,2,1,1
654080,23610,2,0,2
393448,23611,2,2,0
6534648,23612,2,1,1
356904,23613,2,1,1
806216,23614,2,2,0
151200,23615,2,2,0
1330592,23616,2,1,1
5913240,23617,2,1,1
78288,23618,2,1,1
2259064,23619,2,2,0
424968,23620,2,0,2
672528,23621,2,1,1
112976,23622,2,1,1
315464,23623,2,0,2
613368,23624,2,0,2
1104736,23625,2,2,0
94416,23626,2,1,1
448368,23627,2,1,1
360248,23628,2,2,0
369344,23629,2,1,1
1758456,23630,2,2,0
367336,23631,2,0,2
336272,23632,2,2,0
1240712,23633,2,0,2
389856,23634,2,0,2
191184,23635,2,2,0
373920,23636,2,1,1
352848,23637,2,1,1
6653368,23638,2,1,1
2412720,23639,2,2,0
138984,23640,2,2,0
584056,23641,2,2,0
1051368,23642,2,2,0
215968,23643,2,0,2
2098080,23644,2,1,1
231176,23645,2,2,0
2727720,23646,2,0,2
226576,23647,2,1,1
6953688,23648,2,2,0
220952,23649,2,2,0
3395416,23650,2,1,1
647200,23651,2,1,1
389488,23652,2,1,1
867520,23653,2,2,0
229536,23654,2,1,1
117496,23655,2,2,0
468280,23656,2,1,1
284448,23657,2,2,0
98872,23658,2,2,0
1093168,23659,2,1,1
430056,23660,2,2,0
7720888,23661,2,2,0
6444664,23662,2,1,1
536616,23663,2,2,0
269968,23664,2,0,2
589464,23665,2,1,1
1437408,23666,2,1,1
6759192,23667,2,1,1
449728,23668,2,0,2
348960,23669,2,0,2
251152,23670,2,1,1
163216,23671,2,2,0
1246400,23672,2,2,0
6735576,23673,2,1,1
4506496,23674,2,1,1
5942512,23675,2,0,2
1580448,23676,2,1,1
1618416,23677,2,2,0
825448,23678,2,1,1
7683368,23679,2,1,1
293696,23680,2,2,0
1158336,23681,2,2,0
283320,23682,2,1,1
2500368,23683,2,1,1
521864,23684,2,1,1
373040,23685,2,1,1
518728,23686,2,1,1
692696,23687,2,1,1
1413472,23688,2,2,0
124592,23689,2,1,1
1376440,23690,2,0,2
504416,23691,2,1,1
833408,23692,2,1,1
1980192,23693,2,2,0
395616,23694,2,2,0
255872,23695,2,1,1
1513840,23696,2,2,0
248376,23697,2,1,1
5383352,23698,2,1,1
6889008,23699,2,2,0
490984,23700,2,2,0
3547200,23701,2,1,1
72744,23702,2,1,1
680904,23703,2,2,0
393752,23704,2,1,1
3372720,23705,2,0,2
792240,23706,2,1,1
875872,23707,2,1,1
3704872,23708,2,2,0
4147352,23709,2,2,0
216368,23710,2,1,1
228112,23711,2,1,1
3171520,23712,2,1,1
795064,23713,2,1,1
453264,23714,2,2,0
932744,23715,2,1,1
255592,23716,2,1,1
522632,23717,2,0,2
233424,23718,2,0,2
2836048,23719,2,1,1
1403400,23720,2,2,0
2508584,23721,2,1,1
440360,23722,2,1,1
170864,23723,2,2,0
414288,23724,2,1,1
563760,23725,2,0,2
562336,23726,2,1,1
666480,23727,2,1,1
279928,23728,2,2,0
365600,23729,2,2,0
1587352,23730,2,1,1
244528,23731,2,0,2
2117496,23732,2,0,2
647192,23733,2,1,1
973760,23734,2,1,1
217888,23735,2,0,2
477152,23736,2,0,2
128464,23737,2,0,2
660080,23738,2,0,2
2094256,23739,2,2,0
4728032,23740,2,0,2
568512,23741,2,1,1
246776,23742,2,0,2
73456,23743,2,0,2
221512,23744,2,1,1
526536,23745,2,0,2
783176,23746,2,2,0
1284448,23747,2,0,2
300568,23748,2,2,0
152448,23749,2,1,1
222848,23750,2,0,2
3304656,23751,2,2,0
174448,23752,2,0,2
651736,23753,2,2,0
578656,23754,2,2,0
781848,23755,2,1,1
452648,23756,2,1,1
87272,23757,2,2,0
423120,23758,2,1,1
54960,23759,2,1,1
199400,23760,2,1,1
734704,23761,2,0,2
780160,23762,2,2,0
2096024,23763,2,1,1
884056,23764,2,2,0
2113360,23765,2,1,1
7116376,23766,2,1,1
808288,23767,2,0,2
900792,23768,2,1,1
235680,23769,2,2,0
274624,23770,2,0,2
2821392,23771,2,0,2
772832,23772,2,1,1
253280,23773,2,1,1
677968,23774,2,1,1
85760,23775,2,1,1
518592,23776,2,1,1
1025072,23777,2,0,2
7006240,23778,2,1,1
3448624,23779,2,2,0
491632,23780,2,0,2
220560,23781,2,0,2
174752,23782,2,1,1
865720,23783,2,2,0
243720,23784,2,2,0
253584,23785,2,1,1
199256,23786,2,1,1
1334944,23787,2,0,2
1854632,23788,2,2,0
3035944,23789,2,0,2
510552,23790,2,1,1
466112,23791,2,2,0
1331224,23792,2,1,1
2044000,23793,2,0,2
488600,23794,2,1,1
129672,23795,2,1,1
918584,23796,2,1,1
728392,23797,2,2,0
2168264,23798,2,1,1
254248,23799,2,2,0
841968,23800,2,2,0
255008,23801,2,1,1
705992,23802,2,0,2
196152,23803,2,1,1
194488,23804,2,2,0
2623184,23805,2,1,1
4936064,23806,2,1,1
1403136,23807,2,0,2
2317464,23808,2,0,2
1304320,23809,2,1,1
404712,23810,2,0,2
514672,23811,2,1,1
302280,23812,2,0,2
117544,23813,2,1,1
385768,23814,2,1,1
470616,23815,2,2,0
404656,23816,2,1,1
873464,23817,2,0,2
1958952,23818,2,1,1
753400,23819,2,0,2
282584,23820,2,1,1
1718496,23821,2,0,2
4617960,23822,2,0,2
464552,23823,2,1,1
491208,23824,2,2,0
899456,23825,2,1,1
984616,23826,2,2,0
161256,23827,2,0,2
410472,23828,2,0,2
1405360,23829,2,2,0
990568,23830,2,1,1
5746128,23831,2,2,0
127160,23832,2,1,1
1407944,23833,2,1,1
1144672,23834,2,0,2
2141432,23835,2,1,1
362384,23836,2,1,1
289728,23837,2,2,0
1014176,23838,2,2,0
203320,23839,2,2,0
56408,23840,2,0,2
213208,23841,2,1,1
487704,23842,2,1,1
567384,23843,2,1,1
153792,23844,2,2,0
1538136,23845,2,0,2
877592,23846,2,1,1
132104,23847,2,1,1
172008,23848,2,0,2
190832,23849,2,1,1
567984,23850,2,1,1
626536,23851,2,0,2
232144,23852,2,0,2
4083880,23853,2,0,2
457096,23854,2,0,2
1915944,23855,2,2,0
253704,23856,2,0,2
1189968,23857,2,1,1
478216,23858,2,1,1
338264,23859,2,1,1
500376,23860,2,2,0
522976,23861,2,0,2
313864,23862,2,0,2
614872,23863,2,1,1
1062192,23864,2,1,1
800128,23865,2,2,0
788008,23866,2,1,1
293232,23867,2,1,1
3412304,23868,2,1,1
411416,23869,2,1,1
121296,23870,2,1,1
720720,23871,2,0,2
419800,23872,2,2,0
3219952,23873,2,1,1
416768,23874,2,1,1
674272,23875,2,1,1
1019224,23876,2,2,0
1686920,23877,2,2,0
960416,23878,2,0,2
185632,23879,2,2,0
1392256,23880,2,1,1
1045752,23881,2,1,1
320120,23882,2,0,2
162624,23883,2,2,0
530880,23884,2,0,2
6814528,23885,2,0,2
548144,23886,2,1,1
1461184,23887,2,1,1
6247896,23888,2,1,1
1442632,23889,2,0,2
382640,23890,2,0,2
247160,23891,2,2,0
1567008,23892,2,2,0
4166296,23893,2,1,1
930408,23894,2,2,0
180648,23895,2,0,2
556336,23896,2,1,1
777184,23897,2,0,2
2634960,23898,2,2,0
282824,23899,2,0,2
352496,23900,2,0,2
2189408,23901,2,1,1
405520,23902,2,1,1
139512,23903,2,2,0
476200,23904,2,1,1
5122152,23905,2,1,1
135440,23906,2,0,2
453456,23907,2,1,1
2306800,23908,2,1,1
724240,23909,2,1,1
7018328,23910,2,1,1
1059624,23911,2,2,0
941528,23912,2,1,1
370232,23913,2,2,0
1326728,23914,2,0,2
716208,23915,2,1,1
6415528,23916,2,1,1
839560,23917,2,1,1
396544,23918,2,2,0
543552,23919,2,1,1
689736,23920,2,2,0
144680,23921,2,2,0
155520,23922,2,1,1
7243552,23923,2,1,1
6271288,23924,2,2,0
1876728,23925,2,2,0
515176,23926,2,1,1
6836280,23927,2,1,1
683152,23928,2,0,2
221752,23929,2,1,1
115384,23930,2,0,2
663600,23931,2,0,2
3165408,23932,2,1,1
350984,23933,2,1,1
720896,23934,2,0,2
199968,23935,2,0,2
73560,23936,2,1,1
538424,23937,2,2,0
855712,23938,2,1,1
210656,23939,2,1,1
467864,23940,2,1,1
2255496,23941,2,0,2
1799592,23942,2,1,1
603080,23943,2,0,2
268584,23944,2,2,0
383840,23945,2,2,0
349632,23946,2,0,2
1094952,23947,2,1,1
1150352,23948,2,1,1
310640,23949,2,2,0
331256,23950,2,0,2
286384,23951,2,0,2
603568,23952,2,0,2
886560,23953,2,1,1
236480,23954,2,2,0
965480,23955,2,2,0
299272,23956,2,1,1
352392,23957,2,2,0
637984,23958,2,2,0
1036608,23959,2,0,2
1849160,23960,2,2,0
255720,23961,2,0,2
2706720,23962,2,1,1
3438472,23963,2,1,1
497608,23964,2,1,1
2231824,23965,2,1,1
385736,23966,2,2,0
1125376,23967,2,0,2
787224,23968,2,1,1
137240,23969,2,0,2
624568,23970,2,0,2
146872,23971,2,1,1
173120,23972,2,2,0
739288,23973,2,1,1
420800,23974,2,1,1
95208,23975,2,0,2
207016,23976,2,2,0
121592,23977,2,1,1
1697688,23978,2,0,2
1416384,23979,2,0,2
382824,23980,2,1,1
293104,23981,2,2,0
131192,23982,2,0,2
92224,23983,2,0,2
1040384,23984,2,0,2
260344,23985,2,1,1
626056,23986,2,0,2
605192,23987,2,0,2
334320,23988,2,1,1
998496,23989,2,2,0
1678480,23990,2,1,1
7116064,23991,2,2,0
6519744,23992,2,1,1
916864,23993,2,1,1
618192,23994,2,1,1
4316032,23995,2,1,1
1995880,23996,2,0,2
509712,23997,2,1,1
658896,23998,2,0,2
2693648,23999,2,0,2
461464,24000,2,1,1
1145736,24001,2,1,1
1220472,24002,2,1,1
1514408,24003,2,1,1
3743048,24004,2,0,2
5305288,24005,2,1,1
226416,24006,2,0,2
335888,24007,2,1,1
2061472,24008,2,1,1
267912,24009,2,1,1
3084320,24010,2,1,1
141936,24011,2,0,2
1167048,24012,2,1,1
323784,24013,2,0,2
2361888,24014,2,1,1
305296,24015,2,2,0
308672,24016,2,0,2
5777016,24017,2,1,1
288496,24018,2,1,1
401112,24019,2,2,0
1013336,24020,2,2,0
1143376,24021,2,1,1
1903504,24022,2,1,1
396192,24023,2,1,1
6687400,24024,2,2,0
447472,24025,2,1,1
1486832,24026,2,2,0
104048,24027,2,1,1
1401072,24028,2,1,1
722424,24029,2,1,1
1882768,24030,2,0,2
99744,24031,2,2,0
94312,24032,2,1,1
369408,24033,2,1,1
2885728,24034,2,1,1
5939984,24035,2,1,1
263512,24036,2,1,1
534736,24037,2,2,0
1892464,24038,2,1,1
622296,24039,2,1,1
502712,24040,2,1,1
474040,24041,2,1,1
131280,24042,2,1,1
1163352,24043,2,0,2
714576,24044,2,2,0
3266360,24045,2,0,2
128568,24046,2,1,1
278832,24047,2,0,2
1008224,24048,2,0,2
545872,24049,2,1,1
201696,24050,2,1,1
499240,24051,2,1,1
1265304,24052,2,1,1
257000,24053,2,1,1
71584,24054,2,2,0
475096,24055,2,1,1
6484744,24056,2,1,1
540264,24057,2,0,2
129976,24058,2,0,2
535200,24059,2,1,1
665672,24060,2,2,0
134112,24061,2,2,0
242816,24062,2,1,1
2772304,24063,2,1,1
314632,24064,2,1,1
563488,24065,2,0,2
2266232,24066,2,1,1
328312,24067,2,1,1
185568,24068,2,2,0
87472,24069,2,0,2
3690080,24070,2,2,0
599624,24071,2,0,2
138040,24072,2,1,1
309792,24073,2,1,1
1614528,24074,2,0,2
298712,24075,2,1,1
735112,24076,2,2,0
2570200,24077,2,1,1
1751048,24078,2,1,1
665976,24079,2,1,1
212632,24080,2,2,0
144512,24081,2,1,1
492800,24082,2,1,1
1888704,24083,2,1,1
2505608,24084,2,0,2
472784,24085,2,2,0
1120704,24086,2,1,1
4987392,24087,2,0,2
1523128,24088,2,2,0
1214136,24089,2,1,1
48144,24090,2,1,1
448936,24091,2,2,0
154840,24092,2,1,1
229640,24093,2,2,0
263904,24094,2,0,2
7054312,24095,2,2,0
1269824,24096,2,1,1
1082304,24097,2,1,1
2384608,24098,2,0,2
1070456,24099,2,1,1
265768,24100,2,1,1
6660912,24101,2,0,2
3220088,24102,2,0,2
445056,24103,2,0,2
604352,24104,2,0,2
375320,24105,2,2,0
581136,24106,2,0,2
371928,24107,2,1,1
892288,24108,2,0,2
6624576,24109,2,1,1
93824,24110,2,0,2
660072,24111,2,0,2
893680,24112,2,1,1
524912,24113,2,1,1
4089440,24114,2,2,0
330640,24115,2,1,1
660472,24116,2,1,1
1022528,24117,2,0,2
406408,24118,2,1,1
282152,24119,2,1,1
220304,24120,2,1,1
5005728,24121,2,2,0
162848,24122,2,2,0
309392,24123,2,0,2
473832,24124,2,0,2
173576,24125,2,0,2
3228896,24126,2,2,0
422592,24127,2,2,0
207096,24128,2,1,1
283232,24129,2,1,1
996976,24130,2,1,1
629424,24131,2,2,0
183224,24132,2,1,1
491656,24133,2,2,0
150512,24134,2,0,2
1352144,24135,2,1,1
189008,24136,2,2,0
4793056,24137,2,2,0
43872,24138,2,1,1
879224,24139,2,1,1
549400,24140,2,0,2
75376,24141,2,0,2
575848,24142,2,1,1
2493032,24143,2,0,2
2164480,24144,2,1,1
497128,24145,2,1,1
514192,24146,2,2,0
694768,24147,2,1,1
343616,24148,2,1,1
755360,24149,2,0,2
1611688,24150,2,1,1
174976,24151,2,1,1
1293728,24152,2,0,2
1075872,24153,2,1,1
214600,24154,2,0,2
301848,24155,2,0,2
627064,24156,2,2,0
576336,24157,2,0,2
180760,24158,2,1,1
180632,24159,2,1,1
611400,24160,2,1,1
504344,24161,2,0,2
174784,24162,2,1,1
678016,24163,2,1,1
180080,24164,2,1,1
420872,24165,2,1,1
607080,24166,2,2,0
837400,24167,2,0,2
544064,24168,2,1,1
356816,24169,2,1,1
615296,24170,2,0,2
5738408,24171,2,0,2
485816,24172,2,1,1
649792,24173,2,0,2
1001544,24174,2,1,1
1173024,24175,2,1,1
231520,24176,2,1,1
510016,24177,2,1,1
1373240,24178,2,0,2
242648,24179,2,1,1
84168,24180,2,1,1
203928,24181,2,2,0
953776,24182,2,2,0
475560,24183,2,1,1
147696,24184,2,1,1
446952,24185,2,0,2
173320,24186,2,1,1
188160,24187,2,1,1
355872,24188,2,0,2
872640,24189,2,2,0
630712,24190,2,0,2
635152,24191,2,1,1
148960,24192,2,1,1
274944,24193,2,0,2
155448,24194,2,1,1
5112008,24195,2,1,1
1137984,24196,2,2,0
591024,24197,2,1,1
728712,24198,2,2,0
346768,24199,2,1,1
632224,24200,2,0,2
387992,24201,2,2,0
944192,24202,2,0,2
1349160,24203,2,0,2
379056,24204,2,0,2
7803896,24205,2,0,2
189872,24206,2,1,1
1134640,24207,2,1,1
777592,24208,2,0,2
285376,24209,2,1,1
6014768,24210,2,0,2
160264,24211,2,2,0
303384,24212,2,1,1
98008,24213,2,1,1
877000,24214,2,1,1
188296,24215,2,1,1
229456,24216,2,1,1
1969696,24217,2,0,2
527480,24218,2,1,1
1310416,24219,2,1,1
1272032,24220,2,1,1
169256,24221,2,1,1
2938168,24222,2,2,0
371000,24223,2,1,1
271008,24224,2,0,2
256064,24225,2,2,0
196856,24226,2,1,1
662624,24227,2,1,1
774912,24228,2,1,1
776648,24229,2,2,0
117840,24230,2,1,1
3651424,24231,2,2,0
364872,24232,2,1,1
1753008,24233,2,1,1
956344,24234,2,0,2
3977200,24235,2,1,1
1371576,24236,2,0,2
2622040,24237,2,1,1
1850328,24238,2,1,1
7202224,24239,2,0,2
374496,24240,2,0,2
1952008,24241,2,2,0
167528,24242,2,1,1
183256,24243,2,1,1
452232,24244,2,1,1
329216,24245,2,1,1
1139128,24246,2,0,2
543688,24247,2,2,0
909728,24248,2,1,1
351360,24249,2,1,1
1470264,24250,2,1,1
112120,24251,2,1,1
1433456,24252,2,1,1
6194480,24253,2,2,0
6290592,24254,2,0,2
623280,24255,2,0,2
1764760,24256,2,1,1
93512,24257,2,1,1
163536,24258,2,1,1
140832,24259,2,2,0
474488,24260,2,0,2
2666432,24261,2,1,1
281424,24262,2,0,2
649000,24263,2,2,0
213496,24264,2,1,1
1477768,24265,2,0,2
1323232,24266,2,1,1
574032,24267,2,0,2
6187976,24268,2,2,0
405416,24269,2,0,2
5151968,24270,2,2,0
611448,24271,2,1,1
1040608,24272,2,1,1
695176,24273,2,0,2
4445024,24274,2,1,1
1591304,24275,2,0,2
413112,24276,2,0,2
893032,24277,2,1,1
226720,24278,2,2,0
1262008,24279,2,2,0
121656,24280,2,1,1
340416,24281,2,2,0
471072,24282,2,1,1
1107712,24283,2,2,0
950232,24284,2,2,0
272232,24285,2,1,1
526664,24286,2,0,2
1375880,24287,2,1,1
158544,24288,2,2,0
1486328,24289,2,0,2
582808,24290,2,1,1
265272,24291,2,1,1
527880,24292,2,1,1
961880,24293,2,0,2
589264,24294,2,1,1
1054792,24295,2,1,1
223792,24296,2,1,1
2571032,24297,2,1,1
246464,24298,2,1,1
463536,24299,2,2,0
645824,24300,2,2,0
857152,24301,2,2,0
194632,24302,2,0,2
1848672,24303,2,1,1
233712,24304,2,1,1
608824,24305,2,2,0
1453600,24306,2,1,1
260208,24307,2,2,0
467408,24308,2,2,0
3993160,24309,2,1,1
433488,24310,2,1,1
238352,24311,2,1,1
1446920,24312,2,2,0
857032,24313,2,1,1
1198928,24314,2,0,2
104616,24315,2,0,2
263632,24316,2,2,0
328864,24317,2,1,1
3788336,24318,2,2,0
1074008,24319,2,0,2
803360,24320,2,1,1
1330408,24321,2,1,1
82784,24322,2,1,1
2394408,24323,2,0,2
273720,24324,2,0,2
657232,24325,2,1,1
469776,24326,2,1,1
110072,24327,2,0,2
2513368,24328,2,0,2
2044472,24329,2,1,1
264072,24330,2,1,1
1935568,24331,2,2,0
3344440,24332,2,2,0
277136,24333,2,1,1
951208,24334,2,1,1
149496,24335,2,1,1
176552,24336,2,1,1
248736,24337,2,1,1
498232,24338,2,0,2
567096,24339,2,0,2
3470736,24340,2,1,1
115056,24341,2,1,1
3171016,24342,2,2,0
101360,24343,2,2,0
192920,24344,2,0,2
2480440,24345,2,2,0
3746640,24346,2,1,1
832256,24347,2,1,1
702576,24348,2,1,1
573912,24349,2,0,2
108208,24350,2,0,2
226600,24351,2,1,1
390744,24352,2,1,1
1633040,24353,2,1,1
1090456,24354,2,0,2
96496,24355,2,1,1
249184,24356,2,2,0
608784,24357,2,1,1
584400,24358,2,1,1
611600,24359,2,0,2
169984,24360,2,1,1
539432,24361,2,0,2
635400,24362,2,2,0
547184,24363,2,0,2
168744,24364,2,0,2
690856,24365,2,2,0
446440,24366,2,1,1
169592,24367,2,0,2
290384,24368,2,0,2
872208,24369,2,1,1
183608,24370,2,1,1
579976,24371,2,1,1
332632,24372,2,1,1
2143792,24373,2,0,2
3164320,24374,2,1,1
740488,24375,2,1,1
627472,24376,2,1,1
2170976,24377,2,2,0
6402328,24378,2,1,1
2332448,24379,2,1,1
794152,24380,2,1,1
1667952,24381,2,1,1
284176,24382,2,1,1
844144,24383,2,2,0
1372776,24384,2,1,1
1847520,24385,2,1,1
362712,24386,2,2,0
2129936,24387,2,2,0
337320,24388,2,1,1
361088,24389,2,1,1
416464,24390,2,1,1
340680,24391,2,0,2
136696,24392,2,0,2
207248,24393,2,1,1
342376,24394,2,2,0
163368,24395,2,0,2
890800,24396,2,1,1
810832,24397,2,1,1
3657288,24398,2,2,0
133016,24399,2,1,1
824088,24400,2,0,2
799704,24401,2,1,1
246216,24402,2,1,1
330840,24403,2,1,1
3210248,24404,2,0,2
3482904,24405,2,2,0
292080,24406,2,0,2
406712,24407,2,1,1
601240,24408,2,0,2
537672,24409,2,1,1
1630080,24410,2,1,1
429024,24411,2,1,1
780152,24412,2,2,0
233816,24413,2,0,2
514936,24414,2,2,0
180144,24415,2,2,0
512776,24416,2,2,0
649984,24417,2,1,1
573096,24418,2,2,0
338912,24419,2,2,0
556904,24420,2,1,1
304288,24421,2,1,1
169200,24422,2,1,1
294344,24423,2,1,1
976888,24424,2,0,2
1070240,24425,2,2,0
241120,24426,2,1,1
2234960,24427,2,1,1
1337448,24428,2,2,0
1873888,24429,2,1,1
6743896,24430,2,1,1
99416,24431,2,2,0
516728,24432,2,1,1
510560,24433,2,1,1
568384,24434,2,0,2
786640,24435,2,1,1
332720,24436,2,0,2
158976,24437,2,0,2
350928,24438,2,0,2
1689776,24439,2,1,1
6005536,24440,2,0,2
204080,24441,2,2,0
842760,24442,2,1,1
385224,24443,2,1,1
1222896,24444,2,2,0
1297888,24445,2,2,0
249368,24446,2,2,0
545392,24447,2,2,0
305208,24448,2,2,0
704280,24449,2,1,1
125688,24450,2,1,1
653040,24451,2,1,1
577920,24452,2,0,2
160936,24453,2,1,1
317880,24454,2,1,1
141832,24455,2,1,1
1223272,24456,2,0,2
343144,24457,2,1,1
357384,24458,2,0,2
718640,24459,2,0,2
521672,24460,2,2,0
308456,24461,2,1,1
3860024,24462,2,2,0
464848,24463,2,2,0
550688,24464,2,1,1
649032,24465,2,0,2
111240,24466,2,2,0
779168,24467,2,1,1
284344,24468,2,2,0
4759856,24469,2,1,1
1712928,24470,2,1,1
1452360,24471,2,1,1
212792,24472,2,1,1
461584,24473,2,2,0
329624,24474,2,2,0
209368,24475,2,1,1
590248,24476,2,0,2
702552,24477,2,0,2
4133448,24478,2,2,0
1522992,24479,2,1,1
344840,24480,2,1,1
291648,24481,2,2,0
175264,24482,2,2,0
1779096,24483,2,1,1
842840,24484,2,0,2
429472,24485,2,0,2
1583712,24486,2,1,1
867720,24487,2,2,0
189888,24488,2,1,1
1560496,24489,2,1,1
739680,24490,2,0,2
2136480,24491,2,1,1
3089336,24492,2,1,1
1126560,24493,2,1,1
472000,24494,2,2,0
986464,24495,2,1,1
1374272,24496,2,1,1
563520,24497,2,1,1
819424,24498,2,1,1
1993872,24499,2,1,1
1563664,24500,2,1,1
254072,24501,2,1,1
668376,24502,2,1,1
196016,24503,2,1,1
795648,24504,2,1,1
452352,24505,2,2,0
5367600,24506,2,1,1
2946856,24507,2,0,2
335144,24508,2,1,1
44832,24509,2,1,1
960872,24510,2,1,1
462512,24511,2,2,0
82576,24512,2,1,1
174200,24513,2,0,2
2993880,24514,2,1,1
2258936,24515,2,1,1
5540392,24516,2,2,0
691240,24517,2,0,2
976696,24518,2,1,1
249024,24519,2,1,1
205304,24520,2,2,0
1778048,24521,2,1,1
341776,24522,2,1,1
583376,24523,2,1,1
398928,24524,2,2,0
141960,24525,2,1,1
416880,24526,2,1,1
220488,24527,2,0,2
235696,24528,2,1,1
346488,24529,2,1,1
347160,24530,2,1,1
6867240,24531,2,1,1
1395856,24532,2,1,1
5065800,24533,2,1,1
409760,24534,2,1,1
5918056,24535,2,2,0
286112,24536,2,0,2
1656664,24537,2,2,0
5422008,24538,2,1,1
96536,24539,2,1,1
952624,24540,2,2,0
1028456,24541,2,0,2
6456176,24542,2,1,1
2116104,24543,2,1,1
3590232,24544,2,1,1
541608,24545,2,1,1
774568,24546,2,0,2
824800,24547,2,1,1
300840,24548,2,2,0
318200,24549,2,1,1
939056,24550,2,1,1
438456,24551,2,0,2
902720,24552,2,0,2
431592,24553,2,0,2
88000,24554,2,1,1
692504,24555,2,1,1
468208,24556,2,1,1
789096,24557,2,1,1
4868520,24558,2,2,0
6083600,24559,2,0,2
684424,24560,2,1,1
989592,24561,2,0,2
343464,24562,2,1,1
683144,24563,2,1,1
1709184,24564,2,2,0
843896,24565,2,2,0
115232,24566,2,2,0
396536,24567,2,1,1
618816,24568,2,1,1
939784,24569,2,1,1
785864,24570,2,2,0
6447616,24571,2,1,1
149600,24572,2,0,2
183464,24573,2,0,2
141752,24574,2,0,2
319792,24575,2,1,1
2553392,24576,2,1,1
1300880,24577,2,1,1
519584,24578,2,0,2
1634528,24579,2,0,2
1267016,24580,2,2,0
1396968,24581,2,0,2
492552,24582,2,1,1
2412376,24583,2,1,1
2803936,24584,2,2,0
1088520,24585,2,0,2
161368,24586,2,1,1
204696,24587,2,1,1
1738824,24588,2,2,0
5967400,24589,2,1,1
437320,24590,2,0,2
289376,24591,2,1,1
649600,24592,2,1,1
1201832,24593,2,1,1
4627288,24594,2,0,2
451136,24595,2,2,0
1609816,24596,2,1,1
917704,24597,2,1,1
678808,24598,2,0,2
187168,24599,2,1,1
397840,24600,2,2,0
165768,24601,2,1,1
575496,24602,2,0,2
295872,24603,2,2,0
7898904,24604,2,1,1
756936,24605,2,0,2
6401624,24606,2,2,0
1246448,24607,2,2,0
3400424,24608,2,1,1
1649472,24609,2,1,1
850920,24610,2,1,1
301080,24611,2,1,1
613944,24612,2,1,1
433056,24613,2,1,1
1231736,24614,2,0,2
838960,24615,2,1,1
416584,24616,2,1,1
1708912,24617,2,2,0
1741856,24618,2,1,1
353072,24619,2,2,0
1799880,24620,2,2,0
1686680,24621,2,1,1
157360,24622,2,1,1
5959384,24623,2,2,0
194856,24624,2,2,0
527072,24625,2,2,0
4054992,24626,2,1,1
199128,24627,2,0,2
1959520,24628,2,1,1
6214008,24629,2,1,1
694344,24630,2,2,0
293312,24631,2,2,0
330384,24632,2,0,2
215976,24633,2,1,1
372104,24634,2,0,2
229704,24635,2,2,0
122056,24636,2,0,2
426336,24637,2,0,2
170976,24638,2,2,0
250672,24639,2,2,0
401832,24640,2,1,1
3567648,24641,2,2,0
2986632,24642,2,1,1
275384,24643,2,1,1
1898760,24644,2,2,0
301288,24645,2,1,1
125232,24646,2,2,0
4172872,24647,2,2,0
3767216,24648,2,0,2
213520,24649,2,1,1
571280,24650,2,1,1
230520,24651,2,1,1
435520,24652,2,0,2
465928,24653,2,1,1
330080,24654,2,2,0
2372784,24655,2,1,1
490640,24656,2,1,1
232864,24657,2,0,2
101904,24658,2,1,1
173712,24659,2,0,2
1056832,24660,2,2,0
536984,24661,2,1,1
4725072,24662,2,2,0
759272,24663,2,1,1
526032,24664,2,1,1
3553520,24665,2,1,1
3713192,24666,2,2,0
171784,24667,2,2,0
146512,24668,2,0,2
196896,24669,2,0,2
397872,24670,2,1,1
1620136,24671,2,0,2
6526608,24672,2,0,2
90552,24673,2,2,0
1180032,24674,2,0,2
930592,24675,2,2,0
215512,24676,2,0,2
635664,24677,2,1,1
556776,24678,2,1,1
2211632,24679,2,1,1
206968,24680,2,2,0
3138736,24681,2,0,2
227384,24682,2,1,1
310688,24683,2,1,1
379072,24684,2,0,2
2500024,24685,2,1,1
5143328,24686,2,2,0
935320,24687,2,1,1
164120,24688,2,1,1
1453048,24689,2,2,0
667464,24690,2,0,2
483608,24691,2,0,2
54112,24692,2,1,1
879528,24693,2,1,1
282016,24694,2,0,2
1174984,24695,2,0,2
64992,24696,2,0,2
1664424,24697,2,0,2
452944,24698,2,1,1
694152,24699,2,1,1
140568,24700,2,2,0
139216,24701,2,2,0
317024,24702,2,1,1
443584,24703,2,1,1
966936,24704,2,0,2
1238368,24705,2,2,0
672192,24706,2,1,1
169248,24707,2,1,1
724320,24708,2,2,0
413184,24709,2,1,1
1427648,24710,2,2,0
983952,24711,2,1,1
79664,24712,2,1,1
149200,24713,2,2,0
163984,24714,2,0,2
205848,24715,2,0,2
1377360,24716,2,0,2
1834280,24717,2,1,1
789232,24718,2,2,0
1925400,24719,2,0,2
198720,24720,2,2,0
1181080,24721,2,0,2
1463160,24722,2,1,1
420152,24723,2,0,2
538640,24724,2,1,1
1119752,24725,2,0,2
1405520,24726,2,1,1
231160,24727,2,0,2
479008,24728,2,2,0
434416,24729,2,0,2
204952,24730,2,2,0
586208,24731,2,1,1
925640,24732,2,1,1
360936,24733,2,1,1
938400,24734,2,2,0
4129008,24735,2,1,1
216376,24736,2,1,1
374872,24737,2,0,2
795272,24738,2,1,1
499200,24739,2,0,2
959200,24740,2,0,2
1207200,24741,2,1,1
96032,24742,2,1,1
232840,24743,2,2,0
1584824,24744,2,1,1
215608,24745,2,1,1
2430784,24746,2,2,0
1011016,24747,2,2,0
284744,24748,2,0,2
725608,24749,2,1,1
126536,24750,2,1,1
132720,24751,2,1,1
755896,24752,2,1,1
250576,24753,2,1,1
474736,24754,2,1,1
583568,24755,2,1,1
155848,24756,2,2,0
417528,24757,2,1,1
631456,24758,2,1,1
851472,24759,2,1,1
1194192,24760,2,1,1
2492304,24761,2,1,1
278360,24762,2,2,0
447176,24763,2,2,0
1313616,24764,2,1,1
1855672,24765,2,2,0
2128280,24766,2,1,1
3684216,24767,2,0,2
244624,24768,2,0,2
307136,24769,2,2,0
1296584,24770,2,0,2
2745712,24771,2,0,2
1380680,24772,2,2,0
79720,24773,2,1,1
845760,24774,2,2,0
73736,24775,2,0,2
7928824,24776,2,1,1
155032,24777,2,1,1
549200,24778,2,0,2
1122824,24779,2,2,0
357768,24780,2,1,1
525960,24781,2,1,1
931800,24782,2,1,1
511808,24783,2,2,0
309112,24784,2,1,1
166800,24785,2,0,2
51320,24786,2,1,1
1245416,24787,2,1,1
2784368,24788,2,1,1
580984,24789,2,2,0
928280,24790,2,2,0
4894632,24791,2,0,2
304144,24792,2,0,2
145104,24793,2,1,1
266976,24794,2,2,0
102680,24795,2,0,2
4716216,24796,2,2,0
294912,24797,2,2,0
1403808,24798,2,1,1
2459496,24799,2,2,0
549176,24800,2,1,1
1250688,24801,2,1,1
417736,24802,2,2,0
146480,24803,2,0,2
373168,24804,2,1,1
189120,24805,2,2,0
1835400,24806,2,0,2
359848,24807,2,0,2
488976,24808,2,0,2
3234808,24809,2,0,2
321048,24810,2,0,2
380160,24811,2,1,1
455128,24812,2,2,0
453128,24813,2,2,0
818576,24814,2,0,2
589512,24815,2,1,1
112912,24816,2,2,0
228640,24817,2,0,2
278672,24818,2,1,1
1224968,24819,2,0,2
330824,24820,2,0,2
502248,24821,2,1,1
146800,24822,2,1,1
185576,24823,2,2,0
2643552,24824,2,2,0
1476824,24825,2,1,1
3321144,24826,2,1,1
1082376,24827,2,2,0
133648,24828,2,1,1
310768,24829,2,1,1
314320,24830,2,0,2
257720,24831,2,1,1
1249504,24832,2,1,1
351912,24833,2,0,2
1043552,24834,2,1,1
69376,24835,2,1,1
874256,24836,2,2,0
2952288,24837,2,0,2
3511064,24838,2,1,1
1596976,24839,2,0,2
1678184,24840,2,1,1
1705040,24841,2,1,1
4184080,24842,2,1,1
3661688,24843,2,2,0
829872,24844,2,2,0
4393112,24845,2,2,0
855376,24846,2,0,2
3609576,24847,2,0,2
560744,24848,2,1,1
40672,24849,2,1,1
345576,24850,2,2,0
117392,24851,2,1,1
480200,24852,2,2,0
319784,24853,2,2,0
166496,24854,2,1,1
958928,24855,2,1,1
386800,24856,2,2,0
7201624,24857,2,2,0
297032,24858,2,2,0
776440,24859,2,1,1
507032,24860,2,2,0
901408,24861,2,0,2
332304,24862,2,0,2
148280,24863,2,1,1
232680,24864,2,1,1
104968,24865,2,2,0
208624,24866,2,2,0
271952,24867,2,1,1
608952,24868,2,1,1
545384,24869,2,1,1
508344,24870,2,0,2
90024,24871,2,2,0
225864,24872,2,1,1
442576,24873,2,2,0
1693064,24874,2,1,1
220408,24875,2,2,0
520656,24876,2,0,2
79824,24877,2,2,0
458112,24878,2,2,0
41592,24879,2,2,0
1641240,24880,2,2,0
2540736,24881,2,1,1
245440,24882,2,1,1
1345232,24883,2,0,2
145336,24884,2,0,2
89760,24885,2,2,0
2654304,24886,2,2,0
8163440,24887,2,2,0
2256488,24888,2,0,2
3191064,24889,2,2,0
819376,24890,2,0,2
2341792,24891,2,0,2
4636952,24892,2,1,1
462528,24893,2,0,2
617400,24894,2,2,0
149304,24895,2,0,2
746960,24896,2,0,2
1909008,24897,2,2,0
459096,24898,2,1,1
2156568,24899,2,1,1
310600,24900,2,1,1
2186680,24901,2,2,0
1666592,24902,2,2,0
1171504,24903,2,1,1
423584,24904,2,1,1
158064,24905,2,1,1
8322888,24906,2,1,1
5577952,24907,2,1,1
1476488,24908,2,0,2
4268336,24909,2,1,1
936000,24910,2,1,1
508184,24911,2,0,2
271968,24912,2,2,0
456720,24913,2,0,2
368208,24914,2,1,1
494560,24915,2,2,0
4662912,24916,2,2,0
1711144,24917,2,1,1
1312336,24918,2,1,1
5675432,24919,2,2,0
1032160,24920,2,1,1
300192,24921,2,1,1
127984,24922,2,1,1
1521960,24923,2,0,2
474776,24924,2,0,2
272304,24925,2,1,1
1480136,24926,2,1,1
65720,24927,2,1,1
875248,24928,2,0,2
310744,24929,2,1,1
176320,24930,2,1,1
5931040,24931,2,0,2
2103824,24932,2,1,1
542680,24933,2,2,0
583960,24934,2,1,1
124464,24935,2,1,1
2880144,24936,2,1,1
161944,24937,2,2,0
550008,24938,2,2,0
1316280,24939,2,2,0
293040,24940,2,2,0
81296,24941,2,1,1
96520,24942,2,1,1
599128,24943,2,0,2
173984,24944,2,1,1
1227616,24945,2,0,2
687064,24946,2,2,0
450176,24947,2,1,1
650728,24948,2,2,0
277920,24949,2,2,0
589440,24950,2,0,2
159096,24951,2,2,0
6092696,24952,2,0,2
790128,24953,2,1,1
384032,24954,2,0,2
1748448,24955,2,2,0
84464,24956,2,2,0
3454448,24957,2,2,0
142664,24958,2,1,1
235832,24959,2,1,1
2690552,24960,2,1,1
1478672,24961,2,0,2
744024,24962,2,1,1
3519848,24963,2,1,1
882088,24964,2,0,2
4222656,24965,2,2,0
239232,24966,2,1,1
214128,24967,2,0,2
769544,24968,2,2,0
333032,24969,2,1,1
218184,24970,2,2,0
121776,24971,2,0,2
6123128,24972,2,2,0
972176,24973,2,1,1
1096912,24974,2,1,1
311648,24975,2,1,1
614416,24976,2,2,0
543776,24977,2,1,1
259016,24978,2,2,0
856656,24979,2,0,2
115096,24980,2,1,1
1038992,24981,2,2,0
479536,24982,2,1,1
65696,24983,2,0,2
2747144,24984,2,1,1
242440,24985,2,1,1
846896,24986,2,2,0
383512,24987,2,2,0
289584,24988,2,1,1
191640,24989,2,1,1
1493672,24990,2,1,1
399392,24991,2,0,2
615752,24992,2,0,2
476416,24993,2,1,1
398304,24994,2,0,2
1410904,24995,2,1,1
1657768,24996,2,2,0
613856,24997,2,1,1
371336,24998,2,2,0
924272,24999,2,1,1
50832,25000,2,0,2
312744,25001,2,1,1
6371944,25002,2,2,0
928288,25003,2,2,0
184512,25004,2,0,2
826560,25005,2,1,1
167672,25006,2,2,0
663664,25007,2,1,1
3045408,25008,2,2,0
588952,25009,2,0,2
209648,25010,2,1,1
4527720,25011,2,0,2
2382304,25012,2,1,1
647288,25013,2,0,2
202672,25014,2,0,2
2200160,25015,2,0,2
382752,25016,2,0,2
124840,25017,2,2,0
1745584,25018,2,2,0
295296,25019,2,0,2
1177480,25020,2,1,1
1520632,25021,2,0,2
462968,25022,2,0,2
807880,25023,2,2,0
394968,25024,2,1,1
197000,25025,2,1,1
1282024,25026,2,1,1
501208,25027,2,1,1
562248,25028,2,1,1
281080,25029,2,1,1
617584,25030,2,1,1
822040,25031,2,1,1
780472,25032,2,2,0
6543192,25033,2,1,1
1691704,25034,2,1,1
725808,25035,2,2,0
2229256,25036,2,1,1
5371960,25037,2,1,1
2873320,25038,2,1,1
521960,25039,2,0,2
930456,25040,2,0,2
829352,25041,2,1,1
1529032,25042,2,2,0
834784,25043,2,2,0
193768,25044,2,1,1
291888,25045,2,1,1
309488,25046,2,1,1
93192,25047,2,1,1
4455376,25048,2,2,0
302344,25049,2,0,2
557704,25050,2,1,1
2460888,25051,2,1,1
527248,25052,2,0,2
148248,25053,2,1,1
416256,25054,2,0,2
769456,25055,2,1,1
161888,25056,2,1,1
459744,25057,2,2,0
253576,25058,2,0,2
487416,25059,2,1,1
425168,25060,2,0,2
589840,25061,2,0,2
325360,25062,2,1,1
320040,25063,2,1,1
2596264,25064,2,0,2
435640,25065,2,1,1
187400,25066,2,2,0
163472,25067,2,1,1
3374528,25068,2,1,1
172928,25069,2,1,1
350032,25070,2,0,2
414792,25071,2,1,1
212168,25072,2,1,1
370488,25073,2,1,1
363728,25074,2,0,2
544744,25075,2,1,1
396232,25076,2,0,2
770360,25077,2,2,0
432576,25078,2,2,0
471400,25079,2,1,1
2345416,25080,2,1,1
1267232,25081,2,1,1
5909960,25082,2,2,0
285336,25083,2,2,0
182536,25084,2,1,1
546848,25085,2,1,1
3459848,25086,2,1,1
2983784,25087,2,1,1
2441216,25088,2,1,1
429512,25089,2,0,2
1429312,25090,2,1,1
509096,25091,2,0,2
893944,25092,2,0,2
281256,25093,2,0,2
49304,25094,2,2,0
327376,25095,2,1,1
180808,25096,2,0,2
161984,25097,2,1,1
3222312,25098,2,1,1
1077152,25099,2,1,1
1401040,25100,2,1,1
797840,25101,2,2,0
542192,25102,2,2,0
7908648,25103,2,2,0
2903040,25104,2,0,2
243568,25105,2,1,1
85280,25106,2,0,2
1043832,25107,2,2,0
373928,25108,2,0,2
1219352,25109,2,0,2
502200,25110,2,1,1
525760,25111,2,1,1
210416,25112,2,2,0
251000,25113,2,1,1
1239296,25114,2,1,1
181856,25115,2,2,0
156984,25116,2,1,1
555200,25117,2,1,1
360120,25118,2,2,0
623912,25119,2,0,2
1240792,25120,2,0,2
276136,25121,2,2,0
289552,25122,2,1,1
299768,25123,2,1,1
3218472,25124,2,1,1
1860272,25125,2,0,2
309752,25126,2,1,1
302544,25127,2,1,1
2374184,25128,2,0,2
829160,25129,2,1,1
374488,25130,2,0,2
269832,25131,2,2,0
388976,25132,2,2,0
100112,25133,2,1,1
206384,25134,2,1,1
206528,25135,2,0,2
1074264,25136,2,2,0
156008,25137,2,1,1
190120,25138,2,2,0
87864,25139,2,1,1
433096,25140,2,1,1
592512,25141,2,1,1
576744,25142,2,1,1
1446576,25143,2,2,0
216432,25144,2,2,0
613520,25145,2,1,1
1064168,25146,2,1,1
80600,25147,2,2,0
3814912,25148,2,1,1
1808096,25149,2,2,0
387896,25150,2,1,1
2528536,25151,2,1,1
703600,25152,2,1,1
3320120,25153,2,0,2
611752,25154,2,1,1
847488,25155,2,1,1
528264,25156,2,2,0
1082632,25157,2,2,0
2162320,25158,2,1,1
4145448,25159,2,1,1
1028416,25160,2,2,0
324184,25161,2,2,0
215056,25162,2,0,2
240976,25163,2,1,1
671568,25164,2,2,0
213704,25165,2,1,1
506304,25166,2,0,2
7748080,25167,2,2,0
79064,25168,2,2,0
329664,25169,2,0,2
227128,25170,2,0,2
845144,25171,2,1,1
4446624,25172,2,1,1
3760496,25173,2,1,1
296256,25174,2,1,1
372800,25175,2,1,1
381088,25176,2,1,1
974056,25177,2,1,1
801664,25178,2,1,1
5310448,25179,2,1,1
279056,25180,2,2,0
907232,25181,2,1,1
2294936,25182,2,1,1
1211552,25183,2,1,1
145560,25184,2,1,1
149544,25185,2,2,0
705960,25186,2,0,2
272088,25187,2,2,0
1696648,25188,2,0,2
969144,25189,2,2,0
1466168,25190,2,1,1
1283144,25191,2,1,1
3450032,25192,2,2,0
1617584,25193,2,1,1
2105112,25194,2,0,2
1363688,25195,2,1,1
1127984,25196,2,1,1
969944,25197,2,1,1
235544,25198,2,0,2
159384,25199,2,2,0
281800,25200,2,1,1
686672,25201,2,0,2
134592,25202,2,2,0
752600,25203,2,0,2
147560,25204,2,0,2
1275464,25205,2,1,1
2444272,25206,2,0,2
671704,25207,2,2,0
4077672,25208,2,0,2
329088,25209,2,2,0
799472,25210,2,1,1
139312,25211,2,1,1
297224,25212,2,0,2
355400,25213,2,2,0
1183952,25214,2,0,2
127576,25215,2,0,2
287320,25216,2,0,2
76536,25217,2,1,1
3538568,25218,2,1,1
53984,25219,2,1,1
673200,25220,2,1,1
338728,25221,2,1,1
1313768,25222,2,0,2
4328672,25223,2,2,0
509600,25224,2,1,1
906560,25225,2,2,0
462976,25226,2,2,0
250528,25227,2,1,1
707584,25228,2,1,1
1083600,25229,2,1,1
246520,25230,2,2,0
417048,25231,2,1,1
1206680,25232,2,2,0
562280,25233,2,1,1
905728,25234,2,1,1
139464,25235,2,0,2
277352,25236,2,0,2
115368,25237,2,0,2
1494320,25238,2,2,0
407504,25239,2,1,1
572176,25240,2,0,2
569832,25241,2,0,2
730952,25242,2,0,2
1663832,25243,2,2,0
1720200,25244,2,1,1
193968,25245,2,1,1
672144,25246,2,0,2
5173440,25247,2,1,1
1647408,25248,2,2,0
952720,25249,2,0,2
144880,25250,2,1,1
585512,25251,2,1,1
200968,25252,2,1,1
2431368,25253,2,1,1
2292328,25254,2,0,2
3264992,25255,2,2,0
3367192,25256,2,0,2
202632,25257,2,0,2
677848,25258,2,1,1
155784,25259,2,2,0
510496,25260,2,0,2
391216,25261,2,2,0
2104600,25262,2,1,1
2433944,25263,2,0,2
4306560,25264,2,1,1
259080,25265,2,1,1
3434400,25266,2,2,0
1033888,25267,2,1,1
1988328,25268,2,2,0
150616,25269,2,0,2
301456,25270,2,0,2
420720,25271,2,1,1
1592000,25272,2,0,2
3404040,25273,2,2,0
184592,25274,2,1,1
516736,25275,2,0,2
757232,25276,2,1,1
298096,25277,2,1,1
3937304,25278,2,1,1
130200,25279,2,1,1
2072640,25280,2,1,1
359104,25281,2,1,1
235352,25282,2,1,1
1529152,25283,2,1,1
209120,25284,2,1,1
1669728,25285,2,0,2
1572800,25286,2,0,2
56320,25287,2,1,1
1786344,25288,2,2,0
2816688,25289,2,1,1
362848,25290,2,2,0
267184,25291,2,1,1
5476608,25292,2,1,1
941304,25293,2,2,0
91272,25294,2,0,2
746504,25295,2,1,1
107424,25296,2,2,0
2076504,25297,2,1,1
4610768,25298,2,0,2
453440,25299,2,1,1
712640,25300,2,2,0
196688,25301,2,2,0
553776,25302,2,1,1
2042280,25303,2,1,1
631712,25304,2,1,1
449672,25305,2,1,1
4712512,25306,2,0,2
358112,25307,2,2,0
2328448,25308,2,1,1
3607016,25309,2,2,0
464672,25310,2,1,1
208824,25311,2,1,1
261720,25312,2,1,1
5142688,25313,2,1,1
8331864,25314,2,2,0
476248,25315,2,0,2
492600,25316,2,1,1
6234248,25317,2,0,2
1140352,25318,2,1,1
96024,25319,2,0,2
475032,25320,2,1,1
346800,25321,2,0,2
165800,25322,2,0,2
3114304,25323,2,1,1
1815528,25324,2,1,1
1170616,25325,2,1,1
484536,25326,2,1,1
5445312,25327,2,1,1
256032,25328,2,1,1
169808,25329,2,2,0
255216,25330,2,1,1
208080,25331,2,1,1
267904,25332,2,2,0
476720,25333,2,0,2
2047336,25334,2,2,0
1708032,25335,2,2,0
408736,25336,2,2,0
1108592,25337,2,1,1
1126184,25338,2,2,0
289568,25339,2,2,0
112672,25340,2,0,2
385416,25341,2,2,0
323128,25342,2,1,1
2383040,25343,2,1,1
338688,25344,2,0,2
65144,25345,2,2,0
667512,25346,2,2,0
467800,25347,2,1,1
168112,25348,2,1,1
298488,25349,2,1,1
126592,25350,2,1,1
624808,25351,2,0,2
2282208,25352,2,2,0
2665392,25353,2,0,2
1199928,25354,2,0,2
402656,25355,2,1,1
1389248,25356,2,1,1
554064,25357,2,1,1
7332920,25358,2,2,0
415976,25359,2,1,1
952136,25360,2,1,1
260400,25361,2,1,1
813608,25362,2,1,1
1082904,25363,2,1,1
1806104,25364,2,0,2
141112,25365,2,1,1
909072,25366,2,1,1
2029984,25367,2,0,2
297040,25368,2,1,1
1200880,25369,2,0,2
1884096,25370,2,0,2
1079768,25371,2,1,1
251208,25372,2,2,0
5619448,25373,2,1,1
390024,25374,2,0,2
373320,25375,2,1,1
240376,25376,2,0,2
2407880,25377,2,1,1
826136,25378,2,1,1
184280,25379,2,1,1
215912,25380,2,1,1
829544,25381,2,2,0
106544,25382,2,0,2
2298112,25383,2,2,0
255576,25384,2,0,2
1289880,25385,2,0,2
2043768,25386,2,0,2
150464,25387,2,1,1
230944,25388,2,0,2
5639712,25389,2,1,1
280280,25390,2,0,2
1096048,25391,2,1,1
1007816,25392,2,1,1
787080,25393,2,0,2
6788408,25394,2,1,1
4553496,25395,2,2,0
312536,25396,2,1,1
229944,25397,2,1,1
156472,25398,2,0,2
235552,25399,2,1,1
100552,25400,2,0,2
249616,25401,2,1,1
1857592,25402,2,1,1
162816,25403,2,1,1
468184,25404,2,0,2
162776,25405,2,0,2
537048,25406,2,1,1
4436656,25407,2,0,2
241560,25408,2,2,0
271112,25409,2,1,1
362856,25410,2,1,1
149000,25411,2,1,1
810112,25412,2,1,1
375560,25413,2,1,1
850240,25414,2,2,0
1584920,25415,2,2,0
662544,25416,2,1,1
2667672,25417,2,2,0
441480,25418,2,1,1
4068368,25419,2,2,0
1506232,25420,2,0,2
489008,25421,2,1,1
369912,25422,2,1,1
1155976,25423,2,2,0
231048,25424,2,2,0
571824,25425,2,0,2
7172016,25426,2,0,2
353848,25427,2,1,1
529128,25428,2,2,0
152192,25429,2,1,1
5674560,25430,2,0,2
317352,25431,2,1,1
1526288,25432,2,1,1
202912,25433,2,2,0
3410504,25434,2,0,2
4994968,25435,2,1,1
7755656,25436,2,1,1
337248,25437,2,0,2
570920,25438,2,2,0
866360,25439,2,1,1
411944,25440,2,1,1
4741384,25441,2,2,0
826376,25442,2,1,1
813128,25443,2,2,0
213712,25444,2,1,1
287984,25445,2,1,1
825664,25446,2,1,1
462376,25447,2,2,0
849312,25448,2,1,1
265720,25449,2,2,0
640144,25450,2,2,0
8292376,25451,2,1,1
1106320,25452,2,1,1
4108768,25453,2,1,1
541864,25454,2,0,2
966560,25455,2,1,1
1001800,25456,2,1,1
2909184,25457,2,1,1
728032,25458,2,1,1
122256,25459,2,1,1
91976,25460,2,1,1
2541272,25461,2,1,1
301616,25462,2,0,2
2853512,25463,2,0,2
929768,25464,2,1,1
586224,25465,2,1,1
259656,25466,2,1,1
755024,25467,2,1,1
291960,25468,2,2,0
5777248,25469,2,1,1
170512,25470,2,0,2
455256,25471,2,1,1
806936,25472,2,1,1
142552,25473,2,2,0
8099064,25474,2,2,0
73632,25475,2,1,1
231096,25476,2,0,2
5394736,25477,2,0,2
316472,25478,2,1,1
5585944,25479,2,1,1
660856,25480,2,1,1
1087152,25481,2,1,1
1414464,25482,2,2,0
226344,25483,2,0,2
321456,25484,2,1,1
165272,25485,2,0,2
262712,25486,2,1,1
1123432,25487,2,2,0
779192,25488,2,1,1
288728,25489,2,0,2
551720,25490,2,1,1
625448,25491,2,1,1
4182552,25492,2,2,0
923808,25493,2,2,0
140600,25494,2,1,1
250040,25495,2,1,1
837296,25496,2,0,2
2925680,25497,2,1,1
1324880,25498,2,0,2
396872,25499,2,0,2
1108352,25500,2,1,1
932088,25501,2,1,1
674952,25502,2,1,1
284624,25503,2,2,0
1448112,25504,2,2,0
405888,25505,2,0,2
330936,25506,2,2,0
163936,25507,2,2,0
661160,25508,2,1,1
3932840,25509,2,1,1
104200,25510,2,2,0
283384,25511,2,0,2
2390024,25512,2,2,0
1823848,25513,2,1,1
608336,25514,2,2,0
1143856,25515,2,0,2
225448,25516,2,0,2
1099840,25517,2,1,1
155992,25518,2,2,0
1135208,25519,2,1,1
326400,25520,2,1,1
594760,25521,2,2,0
2396464,25522,2,2,0
7773856,25523,2,0,2
1654880,25524,2,0,2
295568,25525,2,1,1
774232,25526,2,1,1
107152,25527,2,2,0
112024,25528,2,1,1
970464,25529,2,1,1
5286864,25530,2,0,2
806288,25531,2,1,1
97760,25532,2,1,1
93368,25533,2,2,0
950720,25534,2,1,1
324280,25535,2,0,2
364520,25536,2,0,2
2988896,25537,2,1,1
702192,25538,2,1,1
353984,25539,2,1,1
291616,25540,2,2,0
229544,25541,2,1,1
1326632,25542,2,2,0
200064,25543,2,0,2
1149016,25544,2,1,1
259640,25545,2,0,2
162864,25546,2,1,1
1179192,25547,2,0,2
2144000,25548,2,1,1
1089952,25549,2,1,1
128528,25550,2,1,1
2370960,25551,2,2,0
621904,25552,2,1,1
1855320,25553,2,0,2
186168,25554,2,0,2
1259888,25555,2,1,1
870592,25556,2,1,1
1438912,25557,2,2,0
1661144,25558,2,1,1
132016,25559,2,1,1
4482008,25560,2,0,2
131656,25561,2,1,1
424016,25562,2,1,1
232448,25563,2,2,0
878392,25564,2,2,0
759832,25565,2,0,2
456480,25566,2,2,0
590680,25567,2,2,0
591944,25568,2,1,1
339528,25569,2,0,2
494456,25570,2,1,1
1002656,25571,2,2,0
367128,25572,2,0,2
2044944,25573,2,1,1
3305840,25574,2,1,1
155648,25575,2,1,1
645720,25576,2,1,1
805880,25577,2,0,2
128032,25578,2,1,1
357576,25579,2,2,0
132120,25580,2,1,1
826536,25581,2,2,0
720176,25582,2,1,1
1364072,25583,2,1,1
103144,25584,2,1,1
275400,25585,2,1,1
2867688,25586,2,2,0
3716904,25587,2,0,2
1031816,25588,2,0,2
1731200,25589,2,0,2
198200,25590,2,0,2
425448,25591,2,1,1
6182544,25592,2,1,1
248392,25593,2,1,1
1494912,25594,2,0,2
3302368,25595,2,0,2
3933088,25596,2,1,1
1347648,25597,2,2,0
2267960,25598,2,1,1
260104,25599,2,2,0
1379376,25600,2,1,1
401440,25601,2,0,2
3606888,25602,2,1,1
966024,25603,2,0,2
393136,25604,2,0,2
74688,25605,2,1,1
167568,25606,2,1,1
375840,25607,2,1,1
386520,25608,2,1,1
638408,25609,2,1,1
618024,25610,2,1,1
201280,25611,2,1,1
382944,25612,2,1,1
460008,25613,2,0,2
3436856,25614,2,1,1
1380144,25615,2,1,1
5925600,25616,2,0,2
100848,25617,2,1,1
1486792,25618,2,2,0
872024,25619,2,1,1
648952,25620,2,2,0
485096,25621,2,0,2
321136,25622,2,2,0
576016,25623,2,1,1
181112,25624,2,1,1
875944,25625,2,0,2
263472,25626,2,1,1
870448,25627,2,0,2
3666088,25628,2,0,2
2626376,25629,2,2,0
295984,25630,2,1,1
1698392,25631,2,1,1
207192,25632,2,1,1
433760,25633,2,1,1
224208,25634,2,2,0
800560,25635,2,2,0
749768,25636,2,1,1
297552,25637,2,0,2
222104,25638,2,1,1
575824,25639,2,1,1
467904,25640,2,2,0
307608,25641,2,2,0
1056984,25642,2,0,2
3821320,25643,2,1,1
724200,25644,2,0,2
2487592,25645,2,1,1
1471048,25646,2,0,2
5148768,25647,2,2,0
427536,25648,2,1,1
2470008,25649,2,2,0
208296,25650,2,0,2
328184,25651,2,1,1
649656,25652,2,1,1
457952,25653,2,1,1
679472,25654,2,1,1
6181664,25655,2,0,2
449200,25656,2,2,0
1180704,25657,2,1,1
84984,25658,2,1,1
2534920,25659,2,0,2
6458592,25660,2,1,1
94944,25661,2,1,1
145280,25662,2,1,1
217432,25663,2,1,1
481384,25664,2,0,2
91624,25665,2,1,1
1064472,25666,2,0,2
524416,25667,2,0,2
2723024,25668,2,0,2
949192,25669,2,1,1
121848,25670,2,1,1
7941472,25671,2,0,2
4137856,25672,2,1,1
973192,25673,2,2,0
253144,25674,2,2,0
389920,25675,2,1,1
3002328,25676,2,0,2
331888,25677,2,0,2
189616,25678,2,1,1
2001768,25679,2,1,1
1223408,25680,2,1,1
217296,25681,2,1,1
743208,25682,2,1,1
2647560,25683,2,2,0
60912,25684,2,0,2
424392,25685,2,1,1
674168,25686,2,2,0
1336232,25687,2,2,0
186352,25688,2,1,1
155304,25689,2,1,1
557088,25690,2,1,1
122088,25691,2,0,2
670920,25692,2,1,1
635504,25693,2,0,2
6072008,25694,2,0,2
2983208,25695,2,1,1
359568,25696,2,1,1
196728,25697,2,0,2
1881912,25698,2,2,0
185384,25699,2,2,0
4287864,25700,2,1,1
1166248,25701,2,1,1
355192,25702,2,0,2
961992,25703,2,1,1
318176,25704,2,0,2
139568,25705,2,2,0
72992,25706,2,0,2
662216,25707,2,0,2
1450776,25708,2,2,0
487224,25709,2,0,2
394216,25710,2,1,1
685552,25711,2,0,2
207400,25712,2,0,2
303448,25713,2,1,1
1202608,25714,2,0,2
3438072,25715,2,1,1
307584,25716,2,0,2
2563264,25717,2,0,2
283640,25718,2,1,1
645512,25719,2,0,2
639112,25720,2,2,0
394240,25721,2,0,2
1639752,25722,2,0,2
445392,25723,2,1,1
411680,25724,2,0,2
849856,25725,2,1,1
1721288,25726,2,1,1
7112632,25727,2,0,2
247440,25728,2,0,2
158792,25729,2,0,2
1114096,25730,2,0,2
88152,25731,2,1,1
2790736,25732,2,2,0
1912312,25733,2,2,0
1182104,25734,2,0,2
111976,25735,2,0,2
2328592,25736,2,1,1
459816,25737,2,1,1
2323504,25738,2,1,1
4333152,25739,2,1,1
910904,25740,2,0,2
172408,25741,2,1,1
594832,25742,2,0,2
97056,25743,2,2,0
67336,25744,2,1,1
862784,25745,2,0,2
8316200,25746,2,2,0
298848,25747,2,1,1
254176,25748,2,2,0
577992,25749,2,1,1
311968,25750,2,1,1
766904,25751,2,1,1
1034640,25752,2,0,2
1822008,25753,2,1,1
252552,25754,2,0,2
410184,25755,2,1,1
1485824,25756,2,1,1
267984,25757,2,2,0
1608216,25758,2,1,1
192264,25759,2,2,0
400960,25760,2,1,1
2529984,25761,2,1,1
1600392,25762,2,2,0
117448,25763,2,2,0
330808,25764,2,1,1
1857240,25765,2,1,1
120256,25766,2,0,2
492672,25767,2,0,2
180432,25768,2,2,0
610632,25769,2,2,0
504656,25770,2,0,2
1818504,25771,2,2,0
2682512,25772,2,1,1
1317248,25773,2,2,0
838200,25774,2,1,1
488392,25775,2,1,1
1214072,25776,2,2,0
848672,25777,2,1,1
848776,25778,2,0,2
3367720,25779,2,0,2
338240,25780,2,1,1
488888,25781,2,0,2
1129648,25782,2,2,0
3405728,25783,2,2,0
248904,25784,2,1,1
1315744,25785,2,0,2
2286928,25786,2,0,2
183320,25787,2,2,0
972040,25788,2,1,1
2663544,25789,2,0,2
7080840,25790,2,1,1
4016104,25791,2,1,1
3713200,25792,2,2,0
1012696,25793,2,0,2
1512960,25794,2,1,1
430736,25795,2,1,1
125984,25796,2,0,2
1928232,25797,2,1,1
506192,25798,2,1,1
258848,25799,2,2,0
1099264,25800,2,1,1
633568,25801,2,1,1
232928,25802,2,1,1
278016,25803,2,1,1
1065504,25804,2,1,1
640992,25805,2,0,2
122968,25806,2,1,1
240664,25807,2,1,1
355376,25808,2,0,2
4867888,25809,2,2,0
1535656,25810,2,1,1
804968,25811,2,2,0
2222624,25812,2,1,1
368752,25813,2,1,1
163600,25814,2,1,1
617496,25815,2,2,0
4777664,25816,2,2,0
159432,25817,2,1,1
833600,25818,2,0,2
388568,25819,2,0,2
89704,25820,2,0,2
3055000,25821,2,0,2
390168,25822,2,1,1
4625720,25823,2,1,1
3467592,25824,2,1,1
7161208,25825,2,0,2
2506688,25826,2,2,0
526984,25827,2,0,2
279192,25828,2,1,1
231232,25829,2,0,2
4094136,25830,2,2,0
116784,25831,2,1,1
1838792,25832,2,1,1
1797616,25833,2,0,2
323080,25834,2,2,0
427048,25835,2,1,1
1474600,25836,2,1,1
677800,25837,2,1,1
3706296,25838,2,1,1
1070272,25839,2,1,1
307792,25840,2,2,0
312008,25841,2,0,2
118888,25842,2,0,2
1244592,25843,2,0,2
1403040,25844,2,1,1
133216,25845,2,2,0
662520,25846,2,2,0
209776,25847,2,0,2
791952,25848,2,0,2
452432,25849,2,1,1
633368,25850,2,0,2
322472,25851,2,1,1
342008,25852,2,1,1
239160,25853,2,1,1
2164656,25854,2,1,1
5342224,25855,2,1,1
113744,25856,2,0,2
1274848,25857,2,2,0
2011512,25858,2,0,2
663952,25859,2,1,1
1539696,25860,2,1,1
2427632,25861,2,0,2
215080,25862,2,2,0
1821184,25863,2,2,0
4442528,25864,2,2,0
82408,25865,2,0,2
1412128,25866,2,0,2
588808,25867,2,2,0
201192,25868,2,2,0
1756624,25869,2,0,2
434168,25870,2,1,1
3541848,25871,2,2,0
213424,25872,2,1,1
3881720,25873,2,0,2
746840,25874,2,0,2
2002488,25875,2,0,2
1290120,25876,2,2,0
6086888,25877,2,0,2
402976,25878,2,2,0
1275496,25879,2,1,1
1310728,25880,2,1,1
134648,25881,2,0,2
964440,25882,2,2,0
1026176,25883,2,0,2
911904,25884,2,1,1
2067352,25885,2,1,1
385080,25886,2,0,2
3738368,25887,2,2,0
6330376,25888,2,1,1
286592,25889,2,2,0
4215192,25890,2,1,1
523424,25891,2,1,1
382128,25892,2,0,2
457888,25893,2,2,0
500512,25894,2,2,0
1045640,25895,2,2,0
540472,25896,2,0,2
951112,25897,2,0,2
2803792,25898,2,1,1
336512,25899,2,2,0
211720,25900,2,2,0
601176,25901,2,1,1
558776,25902,2,1,1
380304,25903,2,1,1
1235016,25904,2,0,2
707040,25905,2,1,1
493784,25906,2,1,1
94248,25907,2,0,2
451368,25908,2,2,0
184088,25909,2,2,0
388088,25910,2,2,0
758024,25911,2,1,1
163896,25912,2,1,1
435944,25913,2,2,0
2795872,25914,2,2,0
2132216,25915,2,0,2
2797880,25916,2,0,2
313872,25917,2,2,0
1889728,25918,2,0,2
279440,25919,2,1,1
1365128,25920,2,2,0
1322416,25921,2,1,1
199608,25922,2,0,2
1904440,25923,2,1,1
641008,25924,2,2,0
1894216,25925,2,1,1
242264,25926,2,0,2
333224,25927,2,1,1
97704,25928,2,1,1
2132456,25929,2,1,1
746600,25930,2,1,1
423496,25931,2,1,1
2904952,25932,2,1,1
2170880,25933,2,1,1
226976,25934,2,1,1
496544,25935,2,0,2
870232,25936,2,2,0
722992,25937,2,0,2
590296,25938,2,1,1
333144,25939,2,1,1
244408,25940,2,1,1
1024472,25941,2,2,0
267536,25942,2,1,1
421440,25943,2,1,1
2325752,25944,2,0,2
158248,25945,2,1,1
148304,25946,2,2,0
774416,25947,2,1,1
2254104,25948,2,0,2
1495312,25949,2,1,1
218984,25950,2,1,1
275968,25951,2,2,0
457960,25952,2,1,1
541880,25953,2,2,0
549224,25954,2,2,0
118640,25955,2,1,1
1407320,25956,2,2,0
312600,25957,2,0,2
319912,25958,2,0,2
410520,25959,2,1,1
178104,25960,2,1,1
140800,25961,2,1,1
182016,25962,2,1,1
5236672,25963,2,0,2
652488,25964,2,0,2
1966968,25965,2,2,0
195176,25966,2,1,1
2793312,25967,2,1,1
328008,25968,2,2,0
1559872,25969,2,0,2
121328,25970,2,1,1
3702264,25971,2,1,1
920840,25972,2,1,1
3409816,25973,2,2,0
164368,25974,2,2,0
279120,25975,2,1,1
124832,25976,2,1,1
414616,25977,2,2,0
6433592,25978,2,2,0
1554624,25979,2,2,0
2434880,25980,2,0,2
353496,25981,2,1,1
840592,25982,2,1,1
5815176,25983,2,1,1
437352,25984,2,1,1
384456,25985,2,2,0
467912,25986,2,1,1
159464,25987,2,2,0
685584,25988,2,1,1
322112,25989,2,1,1
334112,25990,2,0,2
1782800,25991,2,0,2
119320,25992,2,1,1
335360,25993,2,0,2
1050648,25994,2,0,2
1089808,25995,2,1,1
1230072,25996,2,2,0
68504,25997,2,1,1
706120,25998,2,1,1
244784,25999,2,1,1
741080,26000,2,1,1
2735744,26001,2,1,1
5789480,26002,2,2,0
974640,26003,2,1,1
538760,26004,2,0,2
1892984,26005,2,1,1
791632,26006,2,2,0
1009928,26007,2,1,1
4554968,26008,2,1,1
540992,26009,2,1,1
161608,26010,2,1,1
483752,26011,2,1,1
240200,26012,2,0,2
2326296,26013,2,2,0
187368,26014,2,2,0
77744,26015,2,2,0
205976,26016,2,1,1
517864,26017,2,2,0
395912,26018,2,1,1
236552,26019,2,2,0
851432,26020,2,1,1
1775376,26021,2,0,2
178576,26022,2,2,0
134800,26023,2,2,0
4219272,26024,2,2,0
438840,26025,2,1,1
169192,26026,2,1,1
87648,26027,2,1,1
808048,26028,2,1,1
2865304,26029,2,1,1
362608,26030,2,1,1
1177448,26031,2,0,2
271328,26032,2,2,0
3021448,26033,2,1,1
2659520,26034,2,0,2
477376,26035,2,0,2
642960,26036,2,2,0
645384,26037,2,1,1
5717184,26038,2,1,1
5736312,26039,2,1,1
263552,26040,2,2,0
6116360,26041,2,1,1
659848,26042,2,1,1
722704,26043,2,1,1
705832,26044,2,1,1
3145048,26045,2,0,2
145784,26046,2,1,1
422904,26047,2,2,0
224776,26048,2,0,2
381560,26049,2,1,1
112712,26050,2,1,1
278752,26051,2,0,2
570936,26052,2,0,2
123960,26053,2,2,0
447456,26054,2,1,1
446712,26055,2,2,0
577104,26056,2,2,0
399688,26057,2,2,0
468448,26058,2,2,0
186216,26059,2,2,0
350008,26060,2,2,0
725112,26061,2,1,1
672664,26062,2,1,1
7672216,26063,2,1,1
447608,26064,2,0,2
292112,26065,2,1,1
131160,26066,2,2,0
752016,26067,2,0,2
2523984,26068,2,1,1
591264,26069,2,1,1
1727968,26070,2,1,1
225328,26071,2,2,0
254448,26072,2,0,2
1045256,26073,2,2,0
123744,26074,2,1,1
1507040,26075,2,2,0
504328,26076,2,1,1
627640,26077,2,1,1
144176,26078,2,1,1
3272992,26079,2,1,1
265288,26080,2,0,2
493744,26081,2,1,1
1055512,26082,2,1,1
353904,26083,2,1,1
105536,26084,2,1,1
768440,26085,2,1,1
167000,26086,2,2,0
328656,26087,2,1,1
262392,26088,2,1,1
228064,26089,2,2,0
3542672,26090,2,1,1
1142224,26091,2,2,0
927224,26092,2,1,1
547912,26093,2,0,2
1509896,26094,2,1,1
193552,26095,2,1,1
374696,26096,2,1,1
190192,26097,2,2,0
3154672,26098,2,1,1
4695248,26099,2,1,1
4927248,26100,2,1,1
728576,26101,2,2,0
318968,26102,2,1,1
564624,26103,2,2,0
574672,26104,2,2,0
4830496,26105,2,1,1
494344,26106,2,2,0
532648,26107,2,0,2
1292408,26108,2,0,2
422624,26109,2,1,1
1881552,26110,2,0,2
605480,26111,2,1,1
5349920,26112,2,0,2
441832,26113,2,2,0
219264,26114,2,0,2
4971688,26115,2,1,1
850736,26116,2,1,1
295696,26117,2,2,0
265728,26118,2,1,1
226424,26119,2,0,2
462432,26120,2,1,1
124976,26121,2,0,2
420312,26122,2,1,1
392640,26123,2,0,2
254680,26124,2,2,0
405232,26125,2,1,1
164840,26126,2,1,1
511280,26127,2,1,1
3397160,26128,2,1,1
80536,26129,2,1,1
1916568,26130,2,1,1
1074584,26131,2,1,1
2154240,26132,2,1,1
637000,26133,2,0,2
1780800,26134,2,0,2
184152,26135,2,1,1
340352,26136,2,0,2
1126864,26137,2,0,2
265816,26138,2,0,2
1888536,26139,2,1,1
333440,26140,2,2,0
210008,26141,2,2,0
1045304,26142,2,1,1
109312,26143,2,2,0
699328,26144,2,1,1
1182576,26145,2,0,2
258352,26146,2,2,0
3517944,26147,2,2,0
1601376,26148,2,0,2
1698584,26149,2,0,2
136592,26150,2,1,1
508904,26151,2,0,2
2015432,26152,2,2,0
1739280,26153,2,2,0
113048,26154,2,1,1
93744,26155,2,0,2
2662736,26156,2,2,0
606312,26157,2,2,0
394880,26158,2,1,1
240312,26159,2,0,2
505936,26160,2,1,1
220224,26161,2,1,1
873120,26162,2,0,2
6047136,26163,2,0,2
1868464,26164,2,0,2
209840,26165,2,1,1
392256,26166,2,1,1
145416,26167,2,0,2
754392,26168,2,1,1
203376,26169,2,2,0
2588088,26170,2,1,1
527960,26171,2,1,1
130584,26172,2,0,2
107768,26173,2,1,1
311760,26174,2,1,1
169944,26175,2,2,0
618952,26176,2,2,0
594000,26177,2,1,1
191224,26178,2,0,2
334808,26179,2,1,1
2706392,26180,2,1,1
964232,26181,2,2,0
5551464,26182,2,0,2
115192,26183,2,2,0
389048,26184,2,1,1
180344,26185,2,1,1
370408,26186,2,1,1
421064,26187,2,0,2
3160648,26188,2,0,2
3123712,26189,2,2,0
238600,26190,2,2,0
849200,26191,2,1,1
221736,26192,2,0,2
252288,26193,2,1,1
6477792,26194,2,2,0
2616160,26195,2,1,1
1304288,26196,2,1,1
285656,26197,2,1,1
736640,26198,2,1,1
479128,26199,2,1,1
655016,26200,2,0,2
535400,26201,2,1,1
781168,26202,2,0,2
375472,26203,2,1,1
557064,26204,2,2,0
198912,26205,2,1,1
298936,26206,2,1,1
2218248,26207,2,0,2
1219376,26208,2,1,1
255256,26209,2,0,2
2271256,26210,2,1,1
5583464,26211,2,0,2
2640304,26212,2,2,0
416216,26213,2,1,1
149224,26214,2,0,2
1544592,26215,2,2,0
345768,26216,2,1,1
496392,26217,2,1,1
1158024,26218,2,2,0
93536,26219,2,2,0
974904,26220,2,2,0
981504,26221,2,2,0
205392,26222,2,0,2
408888,26223,2,0,2
319184,26224,2,2,0
1031264,26225,2,0,2
1405688,26226,2,1,1
1005920,26227,2,1,1
216312,26228,2,1,1
1463320,26229,2,1,1
924616,26230,2,1,1
198232,26231,2,2,0
318384,26232,2,0,2
247936,26233,2,1,1
337856,26234,2,0,2
1508584,26235,2,2,0
2134800,26236,2,1,1
467176,26237,2,0,2
69872,26238,2,1,1
5211288,26239,2,2,0
4550144,26240,2,1,1
89888,26241,2,1,1
516016,26242,2,0,2
484016,26243,2,1,1
403304,26244,2,0,2
1174840,26245,2,2,0
107608,26246,2,2,0
740296,26247,2,1,1
320880,26248,2,2,0
242112,26249,2,0,2
1037232,26250,2,0,2
1104176,26251,2,1,1
284720,26252,2,2,0
279616,26253,2,1,1
88112,26254,2,2,0
317944,26255,2,2,0
499936,26256,2,0,2
209968,26257,2,2,0
808856,26258,2,1,1
959672,26259,2,1,1
372096,26260,2,1,1
137560,26261,2,1,1
1415416,26262,2,2,0
249984,26263,2,1,1
4148312,26264,2,0,2
949776,26265,2,2,0
637152,26266,2,1,1
4893776,26267,2,1,1
509264,26268,2,1,1
134472,26269,2,1,1
7355128,26270,2,1,1
268088,26271,2,2,0
2520336,26272,2,1,1
398128,26273,2,0,2
1241848,26274,2,0,2
2134848,26275,2,1,1
80304,26276,2,0,2
425408,26277,2,1,1
2262808,26278,2,2,0
3431432,26279,2,0,2
454472,26280,2,0,2
512496,26281,2,2,0
170520,26282,2,1,1
163752,26283,2,2,0
2864592,26284,2,1,1
1138224,26285,2,2,0
201584,26286,2,1,1
191672,26287,2,1,1
474504,26288,2,0,2
1431744,26289,2,2,0
995248,26290,2,1,1
446984,26291,2,1,1
1311072,26292,2,1,1
826328,26293,2,0,2
481488,26294,2,2,0
918704,26295,2,2,0
426608,26296,2,1,1
5435696,26297,2,1,1
132840,26298,2,0,2
223656,26299,2,1,1
270096,26300,2,2,0
320448,26301,2,2,0
374704,26302,2,2,0
3754912,26303,2,0,2
1024968,26304,2,1,1
548472,26305,2,1,1
745128,26306,2,0,2
195832,26307,2,1,1
950952,26308,2,2,0
261248,26309,2,0,2
1164688,26310,2,0,2
100992,26311,2,1,1
1669552,26312,2,0,2
612840,26313,2,1,1
653536,26314,2,0,2
260960,26315,2,1,1
318296,26316,2,1,1
86192,26317,2,0,2
4238040,26318,2,1,1
568648,26319,2,0,2
750704,26320,2,1,1
2920712,26321,2,2,0
370008,26322,2,2,0
1424464,26323,2,0,2
177136,26324,2,1,1
506856,26325,2,0,2
1389704,26326,2,2,0
538192,26327,2,0,2
51840,26328,2,0,2
617168,26329,2,1,1
154584,26330,2,1,1
1866776,26331,2,2,0
453728,26332,2,0,2
8101448,26333,2,1,1
761504,26334,2,1,1
3364840,26335,2,1,1
469288,26336,2,2,0
2943984,26337,2,0,2
253808,26338,2,1,1
719752,26339,2,1,1
239624,26340,2,1,1
543800,26341,2,1,1
357336,26342,2,1,1
717848,26343,2,1,1
1149496,26344,2,1,1
906632,26345,2,1,1
1952176,26346,2,1,1
2465528,26347,2,0,2
154920,26348,2,1,1
327536,26349,2,0,2
1361992,26350,2,0,2
3805008,26351,2,0,2
433000,26352,2,1,1
826952,26353,2,2,0
433432,26354,2,1,1
354208,26355,2,0,2
240624,26356,2,1,1
6113128,26357,2,0,2
2186912,26358,2,2,0
643040,26359,2,1,1
6206656,26360,2,1,1
487280,26361,2,2,0
2530552,26362,2,1,1
487792,26363,2,1,1
256800,26364,2,1,1
1521160,26365,2,0,2
818144,26366,2,2,0
2008232,26367,2,1,1
302768,26368,2,2,0
3165304,26369,2,1,1
1116496,26370,2,1,1
242232,26371,2,2,0
2560136,26372,2,0,2
191040,26373,2,0,2
3435296,26374,2,0,2
346536,26375,2,0,2
147752,26376,2,1,1
1871072,26377,2,1,1
193280,26378,2,2,0
275336,26379,2,1,1
4825296,26380,2,1,1
89528,26381,2,0,2
1887472,26382,2,1,1
1142624,26383,2,1,1
1270376,26384,2,1,1
828624,26385,2,2,0
5509008,26386,2,0,2
747240,26387,2,1,1
409064,26388,2,0,2
3383152,26389,2,1,1
5941504,26390,2,1,1
292720,26391,2,2,0
1606184,26392,2,2,0
921800,26393,2,1,1
48104,26394,2,2,0
453936,26395,2,2,0
233144,26396,2,1,1
1912944,26397,2,2,0
181352,26398,2,0,2
280592,26399,2,2,0
440920,26400,2,1,1
116712,26401,2,0,2
200136,26402,2,0,2
809312,26403,2,2,0
1314328,26404,2,1,1
2627992,26405,2,1,1
291560,26406,2,1,1
3203280,26407,2,0,2
1104168,26408,2,1,1
214376,26409,2,1,1
7103112,26410,2,0,2
270400,26411,2,1,1
299240,26412,2,2,0
1357488,26413,2,2,0
143352,26414,2,2,0
2573248,26415,2,1,1
1176848,26416,2,2,0
5051664,26417,2,1,1
297624,26418,2,1,1
201792,26419,2,1,1
120864,26420,2,1,1
1437080,26421,2,0,2
3996360,26422,2,1,1
538744,26423,2,1,1
226000,26424,2,2,0
1518040,26425,2,1,1
134136,26426,2,0,2
978048,26427,2,1,1
5401528,26428,2,1,1
790016,26429,2,2,0
3686704,26430,2,1,1
403488,26431,2,0,2
152616,26432,2,1,1
2202448,26433,2,2,0
104120,26434,2,2,0
47912,26435,2,1,1
627784,26436,2,2,0
2604024,26437,2,1,1
3966952,26438,2,2,0
2958136,26439,2,0,2
355392,26440,2,1,1
239776,26441,2,0,2
511320,26442,2,2,0
156560,26443,2,0,2
330392,26444,2,1,1
4061704,26445,2,1,1
421152,26446,2,0,2
251376,26447,2,1,1
1094904,26448,2,1,1
355328,26449,2,1,1
1789152,26450,2,0,2
3155904,26451,2,0,2
3258232,26452,2,2,0
2862192,26453,2,1,1
501744,26454,2,1,1
654624,26455,2,2,0
243600,26456,2,2,0
74600,26457,2,2,0
877640,26458,2,0,2
113360,26459,2,0,2
2091824,26460,2,1,1
624848,26461,2,1,1
3585544,26462,2,1,1
1541184,26463,2,1,1
1251336,26464,2,0,2
1002320,26465,2,0,2
2850752,26466,2,1,1
206056,26467,2,0,2
704976,26468,2,1,1
3043336,26469,2,2,0
153016,26470,2,0,2
847120,26471,2,1,1
750752,26472,2,1,1
138216,26473,2,2,0
351736,26474,2,1,1
2674416,26475,2,0,2
227616,26476,2,1,1
2283136,26477,2,0,2
5219600,26478,2,1,1
6553816,26479,2,0,2
2404216,26480,2,2,0
460456,26481,2,2,0
2671152,26482,2,1,1
518320,26483,2,2,0
174520,26484,2,2,0
313464,26485,2,2,0
378480,26486,2,1,1
2014232,26487,2,1,1
526824,26488,2,1,1
283464,26489,2,1,1
514512,26490,2,2,0
306736,26491,2,1,1
250504,26492,2,2,0
6211880,26493,2,2,0
1904104,26494,2,1,1
305152,26495,2,2,0
133520,26496,2,1,1
857936,26497,2,2,0
471864,26498,2,0,2
2214496,26499,2,1,1
431280,26500,2,1,1
2339128,26501,2,2,0
310224,26502,2,1,1
110880,26503,2,2,0
1225368,26504,2,2,0
303208,26505,2,0,2
1213856,26506,2,1,1
589688,26507,2,0,2
2620280,26508,2,1,1
5030512,26509,2,1,1
159640,26510,2,2,0
659056,26511,2,1,1
192936,26512,2,2,0
180496,26513,2,0,2
330488,26514,2,0,2
1277072,26515,2,2,0
279448,26516,2,1,1
167288,26517,2,2,0
344048,26518,2,1,1
290088,26519,2,1,1
648168,26520,2,1,1
840304,26521,2,1,1
325496,26522,2,1,1
607656,26523,2,0,2
1156960,26524,2,1,1
3537600,26525,2,1,1
180128,26526,2,1,1
131232,26527,2,1,1
799840,26528,2,1,1
2085496,26529,2,0,2
1403872,26530,2,1,1
623848,26531,2,1,1
94056,26532,2,2,0
385792,26533,2,1,1
3322440,26534,2,1,1
870632,26535,2,0,2
110912,26536,2,1,1
610128,26537,2,0,2
6431608,26538,2,1,1
229096,26539,2,0,2
943080,26540,2,1,1
152416,26541,2,1,1
445672,26542,2,0,2
4571888,26543,2,1,1
558712,26544,2,1,1
657184,26545,2,1,1
219112,26546,2,1,1
2489760,26547,2,1,1
594480,26548,2,2,0
363768,26549,2,1,1
323008,26550,2,1,1
1975064,26551,2,2,0
343480,26552,2,0,2
2773592,26553,2,1,1
2302624,26554,2,2,0
455576,26555,2,0,2
617224,26556,2,0,2
544712,26557,2,1,1
1495000,26558,2,2,0
70992,26559,2,1,1
637256,26560,2,1,1
428184,26561,2,0,2
3234744,26562,2,2,0
1285912,26563,2,1,1
556144,26564,2,0,2
1143384,26565,2,2,0
415744,26566,2,1,1
1487248,26567,2,0,2
1495336,26568,2,1,1
1536168,26569,2,2,0
1221072,26570,2,1,1
945736,26571,2,1,1
1943344,26572,2,2,0
156320,26573,2,1,1
419560,26574,2,1,1
586376,26575,2,0,2
97776,26576,2,1,1
978648,26577,2,1,1
4369688,26578,2,0,2
697360,26579,2,1,1
390648,26580,2,1,1
5708144,26581,2,1,1
387784,26582,2,0,2
5012976,26583,2,1,1
106248,26584,2,1,1
748616,26585,2,2,0
1557640,26586,2,2,0
6070520,26587,2,2,0
564080,26588,2,1,1
236800,26589,2,1,1
125240,26590,2,1,1
783952,26591,2,0,2
2742416,26592,2,1,1
1190424,26593,2,1,1
307008,26594,2,2,0
499128,26595,2,1,1
320328,26596,2,2,0
1040664,26597,2,2,0
2129640,26598,2,2,0
123592,26599,2,1,1
212496,26600,2,1,1
1050656,26601,2,1,1
240912,26602,2,2,0
4171680,26603,2,2,0
243704,26604,2,1,1
1842720,26605,2,1,1
672120,26606,2,0,2
2145216,26607,2,0,2
5959088,26608,2,1,1
151472,26609,2,1,1
164528,26610,2,1,1
513312,26611,2,2,0
524360,26612,2,0,2
1000984,26613,2,0,2
2011648,26614,2,0,2
2015552,26615,2,1,1
421872,26616,2,0,2
358256,26617,2,2,0
174192,26618,2,0,2
1837560,26619,2,1,1
211456,26620,2,2,0
516656,26621,2,2,0
278864,26622,2,1,1
3450336,26623,2,0,2
725416,26624,2,1,1
268240,26625,2,2,0
158880,26626,2,2,0
601352,26627,2,0,2
139896,26628,2,2,0
115008,26629,2,1,1
88552,26630,2,2,0
255392,26631,2,1,1
472768,26632,2,0,2
568520,26633,2,2,0
3263936,26634,2,1,1
739840,26635,2,1,1
100288,26636,2,2,0
322840,26637,2,1,1
185176,26638,2,1,1
1431936,26639,2,2,0
165312,26640,2,1,1
2607392,26641,2,1,1
1576920,26642,2,1,1
519856,26643,2,0,2
7444808,26644,2,1,1
3863472,26645,2,2,0
5598832,26646,2,0,2
2695576,26647,2,1,1
846984,26648,2,1,1
1455848,26649,2,1,1
56104,26650,2,1,1
1278528,26651,2,0,2
786880,26652,2,1,1
534656,26653,2,1,1
283744,26654,2,0,2
352608,26655,2,1,1
251808,26656,2,1,1
1246104,26657,2,0,2
2330032,26658,2,1,1
617392,26659,2,0,2
381256,26660,2,1,1
4253032,26661,2,2,0
201136,26662,2,2,0
2278952,26663,2,1,1
984304,26664,2,1,1
814224,26665,2,2,0
234000,26666,2,0,2
300152,26667,2,2,0
2092184,26668,2,1,1
1927136,26669,2,1,1
835472,26670,2,0,2
375936,26671,2,1,1
777656,26672,2,1,1
549920,26673,2,1,1
274120,26674,2,1,1
1735824,26675,2,0,2
246080,26676,2,1,1
660056,26677,2,0,2
166368,26678,2,2,0
416760,26679,2,2,0
818016,26680,2,1,1
3263664,26681,2,0,2
1611776,26682,2,2,0
409096,26683,2,2,0
208448,26684,2,1,1
97928,26685,2,1,1
919288,26686,2,1,1
1378712,26687,2,1,1
283704,26688,2,2,0
203792,26689,2,1,1
157440,26690,2,2,0
2261536,26691,2,0,2
1055104,26692,2,2,0
1338104,26693,2,0,2
243848,26694,2,1,1
53920,26695,2,1,1
94792,26696,2,1,1
237240,26697,2,1,1
1002576,26698,2,2,0
5250792,26699,2,0,2
904112,26700,2,0,2
3197256,26701,2,2,0
375576,26702,2,1,1
946912,26703,2,1,1
1513384,26704,2,2,0
121560,26705,2,2,0
189688,26706,2,1,1
196136,26707,2,1,1
328752,26708,2,0,2
661992,26709,2,0,2
62832,26710,2,0,2
385296,26711,2,0,2
736688,26712,2,0,2
283984,26713,2,2,0
1217944,26714,2,2,0
418200,26715,2,1,1
3257680,26716,2,0,2
226336,26717,2,1,1
176360,26718,2,2,0
4632952,26719,2,1,1
1005528,26720,2,1,1
554320,26721,2,1,1
685184,26722,2,0,2
4713832,26723,2,0,2
1714608,26724,2,0,2
259368,26725,2,2,0
233648,26726,2,0,2
350184,26727,2,1,1
5720712,26728,2,1,1
406400,26729,2,2,0
2950712,26730,2,2,0
1043432,26731,2,1,1
2365752,26732,2,2,0
1208704,26733,2,0,2
289936,26734,2,0,2
1431928,26735,2,1,1
219216,26736,2,1,1
2867536,26737,2,1,1
3572280,26738,2,1,1
426848,26739,2,1,1
390496,26740,2,2,0
658872,26741,2,1,1
2440328,26742,2,1,1
566768,26743,2,2,0
2339352,26744,2,0,2
1515576,26745,2,1,1
523824,26746,2,0,2
122368,26747,2,0,2
1130064,26748,2,1,1
99704,26749,2,2,0
146592,26750,2,2,0
610520,26751,2,1,1
785472,26752,2,1,1
460984,26753,2,0,2
454944,26754,2,1,1
238896,26755,2,1,1
662160,26756,2,1,1
380472,26757,2,1,1
1391296,26758,2,1,1
423784,26759,2,1,1
328616,26760,2,1,1
1226360,26761,2,1,1
5067944,26762,2,0,2
1375808,26763,2,2,0
813536,26764,2,1,1
163864,26765,2,1,1
2151552,26766,2,2,0
6233760,26767,2,1,1
388280,26768,2,1,1
959680,26769,2,1,1
280736,26770,2,0,2
5073632,26771,2,0,2
215216,26772,2,2,0
384048,26773,2,1,1
786824,26774,2,1,1
174664,26775,2,1,1
863256,26776,2,2,0
608744,26777,2,1,1
780504,26778,2,1,1
188744,26779,2,1,1
162376,26780,2,2,0
344776,26781,2,1,1
658712,26782,2,1,1
749032,26783,2,2,0
760144,26784,2,2,0
147888,26785,2,2,0
7843912,26786,2,0,2
428368,26787,2,1,1
376304,26788,2,2,0
688912,26789,2,0,2
751384,26790,2,1,1
655184,26791,2,0,2
226480,26792,2,0,2
325416,26793,2,1,1
7721040,26794,2,2,0
1978176,26795,2,2,0
5473608,26796,2,1,1
622136,26797,2,0,2
119520,26798,2,1,1
123416,26799,2,2,0
836320,26800,2,1,1
2225880,26801,2,1,1
302208,26802,2,1,1
1333656,26803,2,0,2
1326032,26804,2,1,1
483952,26805,2,0,2
664640,26806,2,0,2
1256696,26807,2,1,1
1105360,26808,2,2,0
1344888,26809,2,1,1
2271664,26810,2,1,1
1118064,26811,2,1,1
74752,26812,2,1,1
2099880,26813,2,1,1
541544,26814,2,2,0
254208,26815,2,1,1
269264,26816,2,0,2
192592,26817,2,0,2
812040,26818,2,1,1
3921408,26819,2,0,2
371360,26820,2,1,1
1080616,26821,2,1,1
248720,26822,2,1,1
390576,26823,2,1,1
1483832,26824,2,0,2
425520,26825,2,1,1
795288,26826,2,1,1
285544,26827,2,1,1
4128408,26828,2,2,0
239256,26829,2,1,1
1842328,26830,2,1,1
3918520,26831,2,1,1
93864,26832,2,1,1
365200,26833,2,0,2
567320,26834,2,1,1
391872,26835,2,0,2
2181984,26836,2,2,0
260096,26837,2,1,1
6974952,26838,2,1,1
101680,26839,2,1,1
375464,26840,2,2,0
438584,26841,2,1,1
871128,26842,2,1,1
1871144,26843,2,2,0
313288,26844,2,1,1
6809384,26845,2,1,1
225024,26846,2,1,1
6693144,26847,2,1,1
2035352,26848,2,1,1
2282680,26849,2,1,1
672560,26850,2,2,0
4350320,26851,2,1,1
781064,26852,2,1,1
188552,26853,2,1,1
2639616,26854,2,1,1
1809200,26855,2,1,1
683472,26856,2,1,1
96728,26857,2,1,1
2121048,26858,2,2,0
418904,26859,2,1,1
451696,26860,2,0,2
353928,26861,2,1,1
300608,26862,2,1,1
487800,26863,2,2,0
7694680,26864,2,1,1
2485904,26865,2,1,1
211528,26866,2,0,2
212920,26867,2,1,1
7313688,26868,2,0,2
127152,26869,2,0,2
1240072,26870,2,1,1
222552,26871,2,0,2
354728,26872,2,1,1
2631504,26873,2,0,2
270352,26874,2,0,2
166608,26875,2,1,1
374816,26876,2,0,2
1156040,26877,2,1,1
1157776,26878,2,2,0
401152,26879,2,0,2
6167136,26880,2,1,1
675864,26881,2,0,2
2957168,26882,2,1,1
221544,26883,2,2,0
282672,26884,2,1,1
1188416,26885,2,1,1
279560,26886,2,0,2
689968,26887,2,1,1
637512,26888,2,1,1
323456,26889,2,1,1
362936,26890,2,1,1
387792,26891,2,0,2
2607800,26892,2,2,0
170536,26893,2,1,1
464432,26894,2,2,0
221576,26895,2,2,0
711720,26896,2,1,1
52528,26897,2,1,1
678856,26898,2,2,0
148920,26899,2,1,1
6325944,26900,2,1,1
2248400,26901,2,0,2
245696,26902,2,1,1
1686832,26903,2,0,2
1722856,26904,2,0,2
2130440,26905,2,1,1
321504,26906,2,1,1
223752,26907,2,1,1
315808,26908,2,2,0
248304,26909,2,1,1
2316296,26910,2,2,0
1193584,26911,2,1,1
938128,26912,2,0,2
2574400,26913,2,0,2
3259568,26914,2,1,1
499600,26915,2,2,0
679848,26916,2,1,1
5202264,26917,2,2,0
464896,26918,2,2,0
5056864,26919,2,1,1
1150904,26920,2,2,0
594456,26921,2,2,0
301504,26922,2,1,1
6209880,26923,2,1,1
364464,26924,2,0,2
1510136,26925,2,1,1
1746240,26926,2,2,0
59984,26927,2,0,2
383672,26928,2,0,2
252416,26929,2,1,1
1177672,26930,2,1,1
758128,26931,2,0,2
117704,26932,2,0,2
1793840,26933,2,1,1
724024,26934,2,1,1
366504,26935,2,1,1
971120,26936,2,1,1
279240,26937,2,0,2
431952,26938,2,0,2
773160,26939,2,0,2
139304,26940,2,0,2
1215792,26941,2,1,1
97360,26942,2,2,0
481696,26943,2,2,0
1224584,26944,2,1,1
341680,26945,2,1,1
1162928,26946,2,1,1
1683112,26947,2,1,1
4794072,26948,2,0,2
253008,26949,2,1,1
5286368,26950,2,1,1
3162024,26951,2,1,1
1319880,26952,2,1,1
2958384,26953,2,2,0
63088,26954,2,0,2
284056,26955,2,0,2
1196672,26956,2,2,0
4028904,26957,2,1,1
342072,26958,2,1,1
2747944,26959,2,0,2
2053032,26960,2,0,2
632480,26961,2,0,2
2045000,26962,2,1,1
560256,26963,2,1,1
391136,26964,2,1,1
414296,26965,2,1,1
1649856,26966,2,1,1
1368256,26967,2,1,1
4179288,26968,2,1,1
71344,26969,2,1,1
218336,26970,2,0,2
979720,26971,2,1,1
300616,26972,2,1,1
560392,26973,2,2,0
6304096,26974,2,1,1
71328,26975,2,1,1
3736464,26976,2,1,1
502600,26977,2,2,0
1918808,26978,2,1,1
206016,26979,2,1,1
3448392,26980,2,2,0
3628688,26981,2,1,1
421720,26982,2,0,2
3307792,26983,2,0,2
184824,26984,2,1,1
3109216,26985,2,1,1
831888,26986,2,0,2
145720,26987,2,0,2
6572768,26988,2,1,1
604384,26989,2,1,1
426328,26990,2,1,1
8036752,26991,2,2,0
695704,26992,2,1,1
1430272,26993,2,1,1
97904,26994,2,2,0
470160,26995,2,2,0
254992,26996,2,1,1
814024,26997,2,1,1
292880,26998,2,1,1
5813808,26999,2,0,2
1012328,27000,2,0,2
292840,27001,2,1,1
610232,27002,2,2,0
573120,27003,2,0,2
213184,27004,2,1,1
512544,27005,2,0,2
609096,27006,2,1,1
300040,27007,2,1,1
6283504,27008,2,1,1
2600864,27009,2,1,1
102088,27010,2,1,1
2059200,27011,2,1,1
279688,27012,2,2,0
254408,27013,2,1,1
626688,27014,2,2,0
1289944,27015,2,0,2
2073752,27016,2,1,1
885816,27017,2,2,0
1011816,27018,2,0,2
224432,27019,2,2,0
2943640,27020,2,1,1
179584,27021,2,1,1
1657056,27022,2,2,0
194024,27023,2,0,2
1302584,27024,2,1,1
6768872,27025,2,1,1
1514888,27026,2,0,2
137592,27027,2,0,2
506208,27028,2,1,1
4111208,27029,2,1,1
154576,27030,2,2,0
1172648,27031,2,1,1
84776,27032,2,1,1
639568,27033,2,1,1
1475112,27034,2,0,2
2238072,27035,2,0,2
1471136,27036,2,2,0
1440904,27037,2,2,0
5193360,27038,2,1,1
1241920,27039,2,1,1
146000,27040,2,1,1
1134320,27041,2,0,2
1265520,27042,2,2,0
308376,27043,2,1,1
778112,27044,2,2,0
563016,27045,2,1,1
2558528,27046,2,0,2
158296,27047,2,0,2
926288,27048,2,2,0
201312,27049,2,2,0
1032504,27050,2,1,1
248744,27051,2,2,0
4857312,27052,2,1,1
108408,27053,2,2,0
217056,27054,2,1,1
106872,27055,2,1,1
247600,27056,2,1,1
1074992,27057,2,1,1
3086792,27058,2,1,1
406560,27059,2,1,1
987184,27060,2,1,1
520168,27061,2,2,0
754680,27062,2,0,2
1273496,27063,2,2,0
89736,27064,2,1,1
412576,27065,2,0,2
281768,27066,2,2,0
161536,27067,2,2,0
459592,27068,2,2,0
754000,27069,2,2,0
2602288,27070,2,1,1
1202112,27071,2,0,2
1663392,27072,2,1,1
94616,27073,2,2,0
194544,27074,2,0,2
301368,27075,2,1,1
491296,27076,2,1,1
4400368,27077,2,2,0
2904632,27078,2,1,1
306080,27079,2,2,0
530520,27080,2,1,1
87056,27081,2,0,2
452624,27082,2,0,2
217152,27083,2,1,1
1609928,27084,2,1,1
310328,27085,2,1,1
3335176,27086,2,0,2
1329288,27087,2,0,2
959432,27088,2,1,1
1520160,27089,2,0,2
621200,27090,2,0,2
3411296,27091,2,1,1
1276640,27092,2,1,1
1244056,27093,2,2,0
380048,27094,2,2,0
671368,27095,2,2,0
784088,27096,2,0,2
518664,27097,2,2,0
3910568,27098,2,1,1
140200,27099,2,1,1
1880896,27100,2,1,1
272936,27101,2,1,1
505560,27102,2,1,1
234872,27103,2,0,2
257320,27104,2,1,1
114408,27105,2,1,1
216576,27106,2,2,0
1095968,27107,2,0,2
1803576,27108,2,0,2
603984,27109,2,2,0
136896,27110,2,1,1
752720,27111,2,1,1
268832,27112,2,0,2
241136,27113,2,0,2
695080,27114,2,0,2
516984,27115,2,0,2
922560,27116,2,1,1
418720,27117,2,1,1
131424,27118,2,0,2
425616,27119,2,2,0
7994080,27120,2,1,1
632688,27121,2,2,0
1916680,27122,2,2,0
3929080,27123,2,1,1
7519456,27124,2,1,1
1155432,27125,2,2,0
257040,27126,2,1,1
98592,27127,2,1,1
285032,27128,2,1,1
826968,27129,2,2,0
283600,27130,2,1,1
985544,27131,2,2,0
642152,27132,2,0,2
2303736,27133,2,0,2
2504064,27134,2,2,0
131456,27135,2,1,1
2535224,27136,2,1,1
114456,27137,2,1,1
770992,27138,2,1,1
2605232,27139,2,2,0
284944,27140,2,1,1
1957384,27141,2,1,1
514488,27142,2,1,1
995336,27143,2,0,2
1543552,27144,2,1,1
282336,27145,2,1,1
128712,27146,2,1,1
3582688,27147,2,1,1
302096,27148,2,2,0
1906912,27149,2,2,0
827176,27150,2,2,0
194768,27151,2,2,0
2991520,27152,2,0,2
1551736,27153,2,0,2
5326888,27154,2,0,2
884824,27155,2,1,1
307024,27156,2,2,0
2252048,27157,2,2,0
1177408,27158,2,0,2
3373664,27159,2,2,0
294272,27160,2,1,1
1074696,27161,2,1,1
424920,27162,2,0,2
265576,27163,2,1,1
378424,27164,2,2,0
89568,27165,2,0,2
444736,27166,2,1,1
597760,27167,2,0,2
239800,27168,2,1,1
252568,27169,2,1,1
321128,27170,2,0,2
603536,27171,2,1,1
198472,27172,2,1,1
481352,27173,2,0,2
888144,27174,2,1,1
361936,27175,2,1,1
657408,27176,2,1,1
804136,27177,2,2,0
915448,27178,2,1,1
4785688,27179,2,1,1
785880,27180,2,2,0
206160,27181,2,1,1
92424,27182,2,0,2
565600,27183,2,1,1
1351296,27184,2,1,1
376480,27185,2,1,1
2743784,27186,2,0,2
748368,27187,2,1,1
185272,27188,2,1,1
399136,27189,2,0,2
540024,27190,2,2,0
1528976,27191,2,1,1
6027872,27192,2,0,2
704672,27193,2,0,2
1564760,27194,2,1,1
904064,27195,2,1,1
427920,27196,2,0,2
5303224,27197,2,0,2
340904,27198,2,1,1
216456,27199,2,0,2
94488,27200,2,1,1
660312,27201,2,1,1
228904,27202,2,2,0
488624,27203,2,1,1
104592,27204,2,1,1
232944,27205,2,1,1
85376,27206,2,0,2
268144,27207,2,0,2
2911096,27208,2,0,2
362048,27209,2,0,2
2562272,27210,2,2,0
345344,27211,2,1,1
331656,27212,2,1,1
159072,27213,2,2,0
2001752,27214,2,2,0
1118312,27215,2,1,1
259040,27216,2,1,1
304440,27217,2,2,0
200600,27218,2,1,1
951592,27219,2,1,1
3830424,27220,2,0,2
178024,27221,2,1,1
1940808,27222,2,1,1
776712,27223,2,1,1
4969824,27224,2,0,2
139560,27225,2,1,1
345824,27226,2,0,2
4545680,27227,2,1,1
620224,27228,2,0,2
1897752,27229,2,1,1
671744,27230,2,1,1
541952,27231,2,2,0
595272,27232,2,1,1
738592,27233,2,2,0
3471272,27234,2,1,1
330528,27235,2,1,1
50904,27236,2,0,2
511344,27237,2,0,2
720144,27238,2,1,1
339296,27239,2,2,0
183032,27240,2,1,1
912016,27241,2,2,0
889552,27242,2,1,1
589456,27243,2,0,2
692464,27244,2,1,1
505632,27245,2,2,0
478064,27246,2,1,1
2080160,27247,2,1,1
1531464,27248,2,1,1
262240,27249,2,2,0
512248,27250,2,0,2
228232,27251,2,1,1
1174600,27252,2,1,1
261624,27253,2,2,0
735576,27254,2,1,1
1075296,27255,2,2,0
520576,27256,2,0,2
685048,27257,2,2,0
7820288,27258,2,0,2
553168,27259,2,0,2
355712,27260,2,2,0
1650216,27261,2,1,1
239528,27262,2,1,1
71248,27263,2,0,2
161824,27264,2,1,1
1308288,27265,2,2,0
1560872,27266,2,2,0
285504,27267,2,1,1
5244456,27268,2,1,1
1340200,27269,2,1,1
710384,27270,2,0,2
702424,27271,2,1,1
501904,27272,2,0,2
1801928,27273,2,2,0
1535864,27274,2,0,2
850584,27275,2,2,0
59872,27276,2,1,1
343896,27277,2,1,1
234304,27278,2,2,0
367960,27279,2,0,2
955904,27280,2,1,1
633272,27281,2,1,1
2843752,27282,2,1,1
934280,27283,2,1,1
371512,27284,2,0,2
690920,27285,2,1,1
849960,27286,2,1,1
828000,27287,2,0,2
364104,27288,2,1,1
1568536,27289,2,0,2
1619968,27290,2,0,2
1518568,27291,2,2,0
231344,27292,2,1,1
350232,27293,2,1,1
1302624,27294,2,1,1
133008,27295,2,0,2
3253728,27296,2,1,1
2200088,27297,2,1,1
6071264,27298,2,0,2
433504,27299,2,1,1
1249392,27300,2,0,2
527864,27301,2,2,0
1355136,27302,2,0,2
2236832,27303,2,0,2
447984,27304,2,0,2
88760,27305,2,1,1
5761160,27306,2,1,1
1029096,27307,2,0,2
150680,27308,2,1,1
244144,27309,2,0,2
358736,27310,2,2,0
171160,27311,2,2,0
1675968,27312,2,0,2
706384,27313,2,0,2
617192,27314,2,1,1
343128,27315,2,0,2
1793040,27316,2,2,0
763552,27317,2,1,1
3062088,27318,2,2,0
2767160,27319,2,1,1
1112880,27320,2,1,1
1300944,27321,2,2,0
4293768,27322,2,2,0
2334960,27323,2,1,1
388560,27324,2,1,1
274616,27325,2,0,2
424160,27326,2,0,2
180192,27327,2,2,0
559320,27328,2,1,1
636296,27329,2,0,2
377920,27330,2,0,2
423664,27331,2,1,1
1321960,27332,2,1,1
197464,27333,2,1,1
374520,27334,2,1,1
519752,27335,2,2,0
225120,27336,2,0,2
5405696,27337,2,0,2
1474320,27338,2,0,2
430064,27339,2,1,1
893936,27340,2,1,1
462208,27341,2,2,0
963504,27342,2,1,1
5426344,27343,2,1,1
346000,27344,2,1,1
539976,27345,2,1,1
1245544,27346,2,1,1
1309240,27347,2,0,2
1716400,27348,2,1,1
398360,27349,2,0,2
2037360,27350,2,0,2
165536,27351,2,1,1
1431608,27352,2,0,2
889240,27353,2,1,1
1072160,27354,2,2,0
3426032,27355,2,1,1
118376,27356,2,0,2
643784,27357,2,1,1
424640,27358,2,2,0
415072,27359,2,0,2
1616752,27360,2,1,1
3314040,27361,2,1,1
299480,27362,2,0,2
1087448,27363,2,2,0
2325408,27364,2,1,1
7825536,27365,2,0,2
533544,27366,2,1,1
690656,27367,2,0,2
653256,27368,2,0,2
1672056,27369,2,2,0
2266216,27370,2,2,0
221568,27371,2,0,2
268264,27372,2,1,1
1585488,27373,2,0,2
659488,27374,2,1,1
3388152,27375,2,2,0
548912,27376,2,2,0
323088,27377,2,2,0
4323192,27378,2,2,0
238368,27379,2,2,0
273120,27380,2,0,2
279432,27381,2,2,0
1271408,27382,2,1,1
262048,27383,2,1,1
2584472,27384,2,0,2
1450512,27385,2,1,1
352168,27386,2,0,2
3553560,27387,2,1,1
515816,27388,2,0,2
250264,27389,2,2,0
677624,27390,2,1,1
1660056,27391,2,2,0
1641928,27392,2,0,2
158528,27393,2,0,2
321216,27394,2,1,1
446704,27395,2,1,1
120544,27396,2,2,0
106616,27397,2,1,1
293752,27398,2,1,1
232472,27399,2,0,2
366080,27400,2,0,2
1498928,27401,2,1,1
1300384,27402,2,1,1
349712,27403,2,0,2
134488,27404,2,1,1
2668448,27405,2,0,2
1309288,27406,2,2,0
5927832,27407,2,1,1
739712,27408,2,2,0
508928,27409,2,0,2
971048,27410,2,1,1
369176,27411,2,1,1
5611712,27412,2,1,1
1624744,27413,2,1,1
629416,27414,2,1,1
4515672,27415,2,1,1
859056,27416,2,1,1
669616,27417,2,1,1
102696,27418,2,0,2
90344,27419,2,0,2
6332216,27420,2,2,0
464192,27421,2,2,0
1300264,27422,2,1,1
1223512,27423,2,2,0
1373384,27424,2,0,2
791672,27425,2,0,2
298352,27426,2,2,0
894936,27427,2,2,0
1735320,27428,2,2,0
3404712,27429,2,0,2
775608,27430,2,1,1
1898880,27431,2,1,1
870848,27432,2,2,0
362744,27433,2,1,1
5126576,27434,2,1,1
269224,27435,2,1,1
6920496,27436,2,0,2
601904,27437,2,0,2
190568,27438,2,1,1
2199976,27439,2,1,1
6710312,27440,2,1,1
1380688,27441,2,2,0
4081496,27442,2,1,1
357568,27443,2,1,1
272512,27444,2,2,0
1777360,27445,2,0,2
4187960,27446,2,1,1
682848,27447,2,1,1
236184,27448,2,0,2
116832,27449,2,1,1
138800,27450,2,2,0
597472,27451,2,0,2
2514648,27452,2,0,2
1106544,27453,2,0,2
305672,27454,2,1,1
603040,27455,2,1,1
1006608,27456,2,2,0
148928,27457,2,0,2
829200,27458,2,1,1
634696,27459,2,2,0
742648,27460,2,2,0
117984,27461,2,2,0
2469328,27462,2,1,1
85072,27463,2,0,2
3836952,27464,2,0,2
677496,27465,2,1,1
347080,27466,2,0,2
1385752,27467,2,1,1
4020880,27468,2,1,1
251968,27469,2,2,0
5442024,27470,2,1,1
345224,27471,2,1,1
674208,27472,2,0,2
1480200,27473,2,2,0
3149056,27474,2,2,0
432224,27475,2,2,0
5248248,27476,2,2,0
930248,27477,2,2,0
484256,27478,2,2,0
335496,27479,2,0,2
1002448,27480,2,0,2
899648,27481,2,2,0
447312,27482,2,1,1
392176,27483,2,1,1
657824,27484,2,2,0
1306096,27485,2,1,1
3829504,27486,2,1,1
363848,27487,2,2,0
800064,27488,2,2,0
108704,27489,2,1,1
580192,27490,2,1,1
151712,27491,2,2,0
206352,27492,2,1,1
1204480,27493,2,2,0
371736,27494,2,0,2
117912,27495,2,2,0
200768,27496,2,2,0
969088,27497,2,0,2
445320,27498,2,1,1
107448,27499,2,0,2
998808,27500,2,0,2
99552,27501,2,1,1
393640,27502,2,2,0
4337008,27503,2,0,2
457712,27504,2,1,1
742688,27505,2,0,2
359128,27506,2,1,1
654336,27507,2,1,1
161040,27508,2,2,0
109704,27509,2,0,2
141288,27510,2,2,0
195416,27511,2,1,1
261968,27512,2,2,0
676864,27513,2,2,0
1196648,27514,2,1,1
311144,27515,2,1,1
333056,27516,2,2,0
957288,27517,2,2,0
1452024,27518,2,1,1
445304,27519,2,0,2
3775344,27520,2,0,2
243272,27521,2,0,2
192800,27522,2,2,0
134288,27523,2,1,1
698392,27524,2,1,1
935984,27525,2,2,0
3722168,27526,2,1,1
1588864,27527,2,1,1
847216,27528,2,1,1
958072,27529,2,0,2
509168,27530,2,0,2
127112,27531,2,1,1
181504,27532,2,2,0
1084760,27533,2,1,1
373336,27534,2,1,1
100208,27535,2,1,1
158144,27536,2,0,2
1011512,27537,2,1,1
2474392,27538,2,0,2
202768,27539,2,1,1
120344,27540,2,1,1
927920,27541,2,2,0
453048,27542,2,0,2
2692360,27543,2,1,1
1126616,27544,2,0,2
520736,27545,2,1,1
227608,27546,2,2,0
4107616,27547,2,0,2
3946344,27548,2,1,1
2274672,27549,2,0,2
1189712,27550,2,1,1
7020672,27551,2,1,1
1199160,27552,2,0,2
139872,27553,2,1,1
168656,27554,2,1,1
520432,27555,2,1,1
1488184,27556,2,2,0
187432,27557,2,1,1
909440,27558,2,2,0
2254760,27559,2,1,1
388192,27560,2,1,1
433720,27561,2,2,0
922400,27562,2,0,2
70040,27563,2,1,1
487768,27564,2,2,0
474800,27565,2,1,1
327720,27566,2,2,0
308744,27567,2,2,0
927608,27568,2,1,1
397680,27569,2,1,1
1628200,27570,2,1,1
132872,27571,2,1,1
486048,27572,2,1,1
7241568,27573,2,2,0
213848,27574,2,0,2
486584,27575,2,0,2
334856,27576,2,0,2
693944,27577,2,0,2
655088,27578,2,0,2
185728,27579,2,0,2
1329744,27580,2,1,1
1187040,27581,2,1,1
668904,27582,2,1,1
144664,27583,2,2,0
59760,27584,2,0,2
808592,27585,2,2,0
312344,27586,2,1,1
2007784,27587,2,0,2
791072,27588,2,2,0
7041384,27589,2,2,0
490760,27590,2,1,1
420496,27591,2,0,2
575224,27592,2,1,1
3484080,27593,2,2,0
1741880,27594,2,2,0
260528,27595,2,1,1
4096128,27596,2,2,0
708136,27597,2,1,1
449192,27598,2,2,0
213344,27599,2,0,2
231152,27600,2,1,1
549072,27601,2,0,2
294168,27602,2,0,2
115064,27603,2,1,1
316512,27604,2,1,1
108216,27605,2,1,1
5442824,27606,2,2,0
125680,27607,2,1,1
960240,27608,2,1,1
281280,27609,2,1,1
393560,27610,2,2,0
6283232,27611,2,1,1
312048,27612,2,0,2
1245664,27613,2,1,1
78512,27614,2,2,0
292232,27615,2,1,1
425072,27616,2,0,2
711536,27617,2,1,1
5608104,27618,2,2,0
5072936,27619,2,1,1
4289864,27620,2,1,1
205896,27621,2,2,0
607760,27622,2,2,0
191264,27623,2,1,1
65576,27624,2,0,2
1508880,27625,2,2,0
483400,27626,2,1,1
608832,27627,2,1,1
2266792,27628,2,1,1
887672,27629,2,0,2
415032,27630,2,1,1
746936,27631,2,2,0
365536,27632,2,1,1
529336,27633,2,0,2
569048,27634,2,1,1
450392,27635,2,2,0
4449536,27636,2,1,1
365232,27637,2,1,1
136784,27638,2,2,0
295792,27639,2,2,0
83064,27640,2,1,1
1986040,27641,2,1,1
650120,27642,2,0,2
299144,27643,2,1,1
236688,27644,2,2,0
425256,27645,2,2,0
606080,27646,2,1,1
1948656,27647,2,1,1
597064,27648,2,0,2
7562776,27649,2,1,1
145688,27650,2,1,1
563040,27651,2,2,0
170240,27652,2,2,0
5774256,27653,2,0,2
608128,27654,2,2,0
204472,27655,2,0,2
2659896,27656,2,1,1
539936,27657,2,1,1
340600,27658,2,1,1
229192,27659,2,2,0
1402128,27660,2,2,0
361320,27661,2,2,0
1438040,27662,2,1,1
3370672,27663,2,2,0
122144,27664,2,0,2
257504,27665,2,1,1
114952,27666,2,1,1
1984000,27667,2,1,1
293864,27668,2,1,1
262848,27669,2,1,1
201680,27670,2,2,0
386848,27671,2,1,1
1800264,27672,2,1,1
561504,27673,2,1,1
170344,27674,2,2,0
732040,27675,2,0,2
341472,27676,2,1,1
109936,27677,2,1,1
318760,27678,2,1,1
319992,27679,2,0,2
1119800,27680,2,0,2
373016,27681,2,2,0
317560,27682,2,1,1
450344,27683,2,2,0
255000,27684,2,1,1
155664,27685,2,2,0
319096,27686,2,2,0
368192,27687,2,1,1
135048,27688,2,2,0
138256,27689,2,1,1
305112,27690,2,2,0
4758256,27691,2,1,1
453720,27692,2,1,1
738832,27693,2,1,1
610832,27694,2,2,0
1104448,27695,2,1,1
684944,27696,2,1,1
470088,27697,2,2,0
93432,27698,2,2,0
1776664,27699,2,1,1
2415768,27700,2,0,2
632328,27701,2,0,2
866104,27702,2,1,1
450984,27703,2,1,1
4060424,27704,2,1,1
7408504,27705,2,2,0
406592,27706,2,1,1
281376,27707,2,1,1
394360,27708,2,1,1
60216,27709,2,0,2
431808,27710,2,0,2
232544,27711,2,0,2
617968,27712,2,1,1
327208,27713,2,0,2
222304,27714,2,1,1
297608,27715,2,1,1
8229848,27716,2,1,1
240528,27717,2,0,2
541688,27718,2,1,1
756264,27719,2,1,1
456992,27720,2,1,1
801256,27721,2,0,2
150648,27722,2,1,1
489720,27723,2,1,1
330952,27724,2,0,2
896096,27725,2,1,1
753992,27726,2,1,1
1273272,27727,2,1,1
1020856,27728,2,2,0
261072,27729,2,2,0
129080,27730,2,2,0
2198656,27731,2,1,1
1043496,27732,2,0,2
4912328,27733,2,1,1
5397840,27734,2,2,0
194320,27735,2,1,1
711944,27736,2,1,1
302880,27737,2,1,1
1754080,27738,2,1,1
244872,27739,2,1,1
121160,27740,2,0,2
395056,27741,2,1,1
105328,27742,2,2,0
359808,27743,2,1,1
413376,27744,2,1,1
329296,27745,2,1,1
142304,27746,2,1,1
414592,27747,2,0,2
105520,27748,2,0,2
2355952,27749,2,2,0
299432,27750,2,1,1
970976,27751,2,2,0
369080,27752,2,1,1
448080,27753,2,0,2
1112296,27754,2,2,0
209880,27755,2,2,0
7713104,27756,2,0,2
1129680,27757,2,2,0
135584,27758,2,2,0
1129760,27759,2,0,2
127480,27760,2,1,1
459008,27761,2,1,1
2198560,27762,2,0,2
709072,27763,2,1,1
631568,27764,2,0,2
2094544,27765,2,0,2
1134344,27766,2,2,0
854872,27767,2,0,2
723216,27768,2,1,1
1790992,27769,2,2,0
1074632,27770,2,1,1
3771864,27771,2,0,2
260288,27772,2,0,2
1889288,27773,2,2,0
314824,27774,2,1,1
1648584,27775,2,1,1
92952,27776,2,1,1
107032,27777,2,1,1
1285816,27778,2,1,1
215696,27779,2,0,2
160424,27780,2,1,1
1417536,27781,2,0,2
155416,27782,2,0,2
484544,27783,2,0,2
458072,27784,2,1,1
6444872,27785,2,1,1
201592,27786,2,1,1
466704,27787,2,2,0
563928,27788,2,1,1
163760,27789,2,2,0
252592,27790,2,1,1
425272,27791,2,1,1
1708312,27792,2,0,2
124048,27793,2,0,2
184960,27794,2,2,0
1323984,27795,2,0,2
647104,27796,2,1,1
185800,27797,2,0,2
1177984,27798,2,1,1
139472,27799,2,1,1
147016,27800,2,1,1
2487392,27801,2,2,0
148536,27802,2,1,1
582896,27803,2,1,1
362008,27804,2,2,0
3904984,27805,2,0,2
1214032,27806,2,0,2
2936632,27807,2,1,1
1341160,27808,2,0,2
2238176,27809,2,0,2
484312,27810,2,2,0
425720,27811,2,1,1
370296,27812,2,1,1
179280,27813,2,2,0
589544,27814,2,1,1
902064,27815,2,2,0
823760,27816,2,0,2
244320,27817,2,1,1
202136,27818,2,1,1
2513800,27819,2,0,2
634624,27820,2,1,1
195312,27821,2,0,2
1242320,27822,2,0,2
2425912,27823,2,2,0
213552,27824,2,1,1
1022136,27825,2,1,1
231688,27826,2,1,1
597640,27827,2,1,1
365632,27828,2,1,1
420816,27829,2,1,1
1036080,27830,2,2,0
515864,27831,2,0,2
1342616,27832,2,0,2
1319448,27833,2,1,1
2862504,27834,2,1,1
165744,27835,2,1,1
896488,27836,2,0,2
2302016,27837,2,2,0
998088,27838,2,1,1
488792,27839,2,1,1
510200,27840,2,1,1
156520,27841,2,2,0
496232,27842,2,2,0
1360752,27843,2,1,1
824944,27844,2,1,1
780448,27845,2,0,2
270640,27846,2,0,2
707848,27847,2,1,1
1385816,27848,2,2,0
7346496,27849,2,0,2
345384,27850,2,2,0
526848,27851,2,0,2
1195792,27852,2,0,2
3780192,27853,2,2,0
653144,27854,2,1,1
215552,27855,2,2,0
833768,27856,2,1,1
2466728,27857,2,1,1
287416,27858,2,1,1
394952,27859,2,1,1
411760,27860,2,2,0
828512,27861,2,0,2
195728,27862,2,1,1
328912,27863,2,0,2
464288,27864,2,1,1
1213312,27865,2,1,1
4078952,27866,2,1,1
685592,27867,2,2,0
904696,27868,2,1,1
1277360,27869,2,1,1
522760,27870,2,1,1
1902184,27871,2,1,1
108880,27872,2,1,1
787304,27873,2,1,1
182040,27874,2,0,2
1077608,27875,2,1,1
237896,27876,2,1,1
378352,27877,2,1,1
229056,27878,2,1,1
4294736,27879,2,1,1
151904,27880,2,1,1
690960,27881,2,0,2
343064,27882,2,1,1
302872,27883,2,0,2
122296,27884,2,1,1
225816,27885,2,0,2
1475096,27886,2,0,2
475336,27887,2,1,1
190864,27888,2,1,1
517824,27889,2,1,1
429056,27890,2,1,1
436944,27891,2,0,2
304544,27892,2,0,2
891464,27893,2,0,2
234608,27894,2,1,1
5274648,27895,2,2,0
211144,27896,2,2,0
251648,27897,2,0,2
616984,27898,2,2,0
1145176,27899,2,1,1
2973248,27900,2,1,1
997632,27901,2,0,2
150520,27902,2,2,0
703592,27903,2,1,1
439768,27904,2,1,1
1590776,27905,2,1,1
367776,27906,2,1,1
436872,27907,2,1,1
2523424,27908,2,1,1
279360,27909,2,1,1
2521272,27910,2,1,1
892224,27911,2,1,1
3483032,27912,2,2,0
809688,27913,2,0,2
246152,27914,2,1,1
170448,27915,2,1,1
66112,27916,2,2,0
92688,27917,2,2,0
444904,27918,2,2,0
149384,27919,2,0,2
154416,27920,2,1,1
93088,27921,2,0,2
118472,27922,2,0,2
3506744,27923,2,2,0
290208,27924,2,1,1
283928,27925,2,1,1
524544,27926,2,0,2
163184,27927,2,1,1
72664,27928,2,0,2
216400,27929,2,1,1
29584,27930,2,0,2
994816,27931,2,2,0
220712,27932,2,2,0
396248,27933,2,1,1
513920,27934,2,2,0
589320,27935,2,2,0
91776,27936,2,1,1
2758224,27937,2,1,1
633664,27938,2,1,1
386544,27939,2,1,1
1110248,27940,2,0,2
5256464,27941,2,2,0
399184,27942,2,1,1
3746912,27943,2,2,0
386920,27944,2,1,1
494728,27945,2,1,1
141984,27946,2,1,1
180512,27947,2,1,1
165792,27948,2,0,2
2477720,27949,2,0,2
2311888,27950,2,1,1
761320,27951,2,1,1
548824,27952,2,1,1
202072,27953,2,1,1
1377344,27954,2,0,2
2600768,27955,2,0,2
597656,27956,2,2,0
455344,27957,2,0,2
388216,27958,2,1,1
141224,27959,2,0,2
104176,27960,2,1,1
3045416,27961,2,1,1
645352,27962,2,2,0
1165552,27963,2,0,2
856160,27964,2,1,1
1221400,27965,2,1,1
1240872,27966,2,1,1
626232,27967,2,1,1
267544,27968,2,0,2
2548448,27969,2,2,0
1661904,27970,2,2,0
346016,27971,2,1,1
440144,27972,2,1,1
169008,27973,2,0,2
3238784,27974,2,1,1
2275512,27975,2,0,2
480688,27976,2,0,2
254736,27977,2,1,1
1249808,27978,2,1,1
134168,27979,2,2,0
1337416,27980,2,1,1
444584,27981,2,1,1
1371336,27982,2,2,0
426864,27983,2,0,2
132776,27984,2,0,2
150608,27985,2,1,1
316048,27986,2,1,1
929512,27987,2,1,1
1114248,27988,2,2,0
3533280,27989,2,1,1
438872,27990,2,0,2
293456,27991,2,0,2
1028112,27992,2,2,0
276576,27993,2,2,0
311864,27994,2,1,1
288632,27995,2,1,1
3394168,27996,2,1,1
1535008,27997,2,1,1
582232,27998,2,1,1
154464,27999,2,1,1
4567072,28000,2,1,1
600528,28001,2,1,1
283024,28002,2,0,2
97344,28003,2,2,0
2388264,28004,2,1,1
665584,28005,2,1,1
456264,28006,2,1,1
2322240,28007,2,1,1
1656984,28008,2,0,2
661128,28009,2,1,1
243944,28010,2,0,2
359224,28011,2,1,1
213576,28012,2,0,2
142328,28013,2,1,1
677856,28014,2,1,1
502048,28015,2,2,0
2255248,28016,2,1,1
1102904,28017,2,1,1
5134624,28018,2,1,1
131768,28019,2,1,1
204944,28020,2,2,0
848320,28021,2,1,1
176384,28022,2,0,2
190880,28023,2,1,1
857264,28024,2,1,1
7750624,28025,2,1,1
200664,28026,2,2,0
1922912,28027,2,1,1
486472,28028,2,1,1
5070048,28029,2,1,1
387400,28030,2,0,2
629440,28031,2,2,0
1576368,28032,2,0,2
1389136,28033,2,1,1
4365240,28034,2,0,2
1449760,28035,2,2,0
1256880,28036,2,1,1
3162120,28037,2,0,2
4411456,28038,2,0,2
1032120,28039,2,0,2
275888,28040,2,1,1
81672,28041,2,2,0
288192,28042,2,1,1
576856,28043,2,2,0
638680,28044,2,2,0
438136,28045,2,0,2
165296,28046,2,1,1
1028624,28047,2,1,1
1232368,28048,2,0,2
187640,28049,2,1,1
3859424,28050,2,0,2
110392,28051,2,0,2
270184,28052,2,2,0
470288,28053,2,1,1
5082856,28054,2,0,2
212520,28055,2,1,1
593288,28056,2,1,1
5226568,28057,2,1,1
262416,28058,2,1,1
5088056,28059,2,0,2
154128,28060,2,0,2
490928,28061,2,1,1
1292592,28062,2,0,2
85264,28063,2,0,2
553040,28064,2,2,0
582912,28065,2,0,2
7812744,28066,2,1,1
1321112,28067,2,0,2
1857136,28068,2,1,1
295808,28069,2,1,1
594088,28070,2,1,1
2610456,28071,2,1,1
410920,28072,2,2,0
363400,28073,2,1,1
309432,28074,2,1,1
1826504,28075,2,1,1
360256,28076,2,1,1
128440,28077,2,1,1
1270872,28078,2,1,1
1259432,28079,2,2,0
5860840,28080,2,0,2
1339008,28081,2,0,2
2891672,28082,2,1,1
1932464,28083,2,0,2
1433744,28084,2,1,1
811712,28085,2,1,1
466080,28086,2,1,1
571496,28087,2,2,0
1404160,28088,2,1,1
279104,28089,2,2,0
1282576,28090,2,2,0
189304,28091,2,2,0
186856,28092,2,1,1
791152,28093,2,0,2
406112,28094,2,0,2
170152,28095,2,0,2
3945088,28096,2,2,0
253296,28097,2,1,1
3023024,28098,2,1,1
128240,28099,2,1,1
166352,28100,2,1,1
1325464,28101,2,1,1
1617872,28102,2,0,2
159864,28103,2,0,2
1487672,28104,2,1,1
85912,28105,2,1,1
764992,28106,2,0,2
232496,28107,2,2,0
3813552,28108,2,0,2
3439912,28109,2,1,1
7136840,28110,2,0,2
1547424,28111,2,1,1
3450824,28112,2,0,2
906000,28113,2,1,1
1864816,28114,2,2,0
279800,28115,2,1,1
128968,28116,2,1,1
190600,28117,2,1,1
263312,28118,2,1,1
458744,28119,2,1,1
238696,28120,2,0,2
1456856,28121,2,0,2
8382872,28122,2,2,0
873224,28123,2,2,0
928072,28124,2,1,1
1308872,28125,2,1,1
6467264,28126,2,0,2
727864,28127,2,0,2
387776,28128,2,0,2
792800,28129,2,2,0
857712,28130,2,1,1
231632,28131,2,1,1
866944,28132,2,0,2
220056,28133,2,1,1
437296,28134,2,1,1
6089176,28135,2,1,1
143632,28136,2,1,1
2542352,28137,2,0,2
543992,28138,2,1,1
485720,28139,2,1,1
2089112,28140,2,2,0
3204496,28141,2,1,1
93872,28142,2,1,1
587824,28143,2,1,1
224752,28144,2,1,1
351024,28145,2,2,0
125696,28146,2,1,1
938912,28147,2,1,1
301656,28148,2,2,0
277312,28149,2,1,1
520776,28150,2,0,2
604800,28151,2,1,1
527640,28152,2,0,2
1451912,28153,2,2,0
116664,28154,2,1,1
975984,28155,2,0,2
388656,28156,2,1,1
213664,28157,2,0,2
1119936,28158,2,1,1
897784,28159,2,0,2
2955184,28160,2,1,1
1479880,28161,2,1,1
246736,28162,2,0,2
1224552,28163,2,1,1
107184,28164,2,2,0
392184,28165,2,0,2
411848,28166,2,1,1
485576,28167,2,1,1
1135368,28168,2,2,0
1501688,28169,2,1,1
133336,28170,2,1,1
490336,28171,2,0,2
326280,28172,2,0,2
960096,28173,2,0,2
736536,28174,2,2,0
4375968,28175,2,0,2
4023736,28176,2,2,0
651544,28177,2,0,2
399416,28178,2,1,1
322416,28179,2,1,1
184424,28180,2,1,1
2896736,28181,2,1,1
56592,28182,2,2,0
174696,28183,2,1,1
473272,28184,2,1,1
2342400,28185,2,2,0
1784320,28186,2,1,1
759088,28187,2,1,1
319072,28188,2,0,2
227216,28189,2,0,2
1696040,28190,2,1,1
362264,28191,2,1,1
397000,28192,2,1,1
94632,28193,2,2,0
577080,28194,2,0,2
380240,28195,2,2,0
612192,28196,2,2,0
423976,28197,2,1,1
2528824,28198,2,1,1
273024,28199,2,1,1
1629304,28200,2,1,1
2258960,28201,2,1,1
267520,28202,2,1,1
658088,28203,2,1,1
2335552,28204,2,1,1
4967976,28205,2,2,0
318536,28206,2,1,1
193992,28207,2,1,1
597016,28208,2,0,2
315128,28209,2,0,2
1631328,28210,2,0,2
2484656,28211,2,2,0
1408784,28212,2,0,2
489312,28213,2,0,2
1220352,28214,2,0,2
367736,28215,2,1,1
165632,28216,2,1,1
1065024,28217,2,2,0
1096760,28218,2,0,2
427824,28219,2,2,0
210400,28220,2,1,1
380656,28221,2,0,2
197944,28222,2,2,0
456784,28223,2,0,2
3659384,28224,2,0,2
2977760,28225,2,0,2
222816,28226,2,0,2
233408,28227,2,1,1
226712,28228,2,2,0
6421768,28229,2,1,1
352424,28230,2,0,2
106632,28231,2,2,0
322808,28232,2,1,1
1993392,28233,2,1,1
6529944,28234,2,0,2
1552888,28235,2,1,1
1225304,28236,2,1,1
132456,28237,2,2,0
540688,28238,2,1,1
1689392,28239,2,0,2
412400,28240,2,1,1
131472,28241,2,2,0
2048520,28242,2,2,0
187880,28243,2,1,1
7769552,28244,2,0,2
470984,28245,2,2,0
489624,28246,2,0,2
343872,28247,2,2,0
294488,28248,2,1,1
590024,28249,2,0,2
858336,28250,2,0,2
231600,28251,2,1,1
3856352,28252,2,0,2
4028128,28253,2,0,2
2899344,28254,2,0,2
332760,28255,2,0,2
595992,28256,2,1,1
1662232,28257,2,1,1
4709288,28258,2,1,1
239224,28259,2,1,1
2020640,28260,2,1,1
5840384,28261,2,1,1
995192,28262,2,2,0
377672,28263,2,1,1
1147344,28264,2,0,2
3441232,28265,2,0,2
189960,28266,2,2,0
52648,28267,2,2,0
1303328,28268,2,1,1
4759880,28269,2,0,2
150528,28270,2,0,2
315424,28271,2,0,2
938560,28272,2,0,2
6267816,28273,2,1,1
686904,28274,2,2,0
112040,28275,2,2,0
105112,28276,2,1,1
527408,28277,2,0,2
434544,28278,2,0,2
188320,28279,2,1,1
292792,28280,2,1,1
230448,28281,2,0,2
383784,28282,2,2,0
693408,28283,2,0,2
174880,28284,2,1,1
523520,28285,2,1,1
395880,28286,2,2,0
639216,28287,2,0,2
2589600,28288,2,1,1
319544,28289,2,1,1
496656,28290,2,1,1
1647072,28291,2,2,0
171384,28292,2,1,1
1069192,28293,2,2,0
1271304,28294,2,0,2
346440,28295,2,1,1
1586712,28296,2,0,2
95472,28297,2,0,2
203720,28298,2,1,1
608680,28299,2,2,0
935048,28300,2,1,1
123656,28301,2,0,2
1628608,28302,2,1,1
144128,28303,2,1,1
763864,28304,2,2,0
188040,28305,2,1,1
274648,28306,2,1,1
1170864,28307,2,2,0
1396496,28308,2,1,1
1139136,28309,2,0,2
237232,28310,2,2,0
801464,28311,2,1,1
66304,28312,2,0,2
976176,28313,2,2,0
397736,28314,2,1,1
942936,28315,2,2,0
360960,28316,2,1,1
1587504,28317,2,2,0
265440,28318,2,2,0
768080,28319,2,0,2
1307576,28320,2,2,0
802208,28321,2,1,1
2951520,28322,2,1,1
441736,28323,2,0,2
422096,28324,2,1,1
541152,28325,2,1,1
264952,28326,2,2,0
1796272,28327,2,1,1
6240168,28328,2,1,1
3673960,28329,2,1,1
828744,28330,2,1,1
957840,28331,2,1,1
266880,28332,2,0,2
224760,28333,2,2,0
127096,28334,2,1,1
100648,28335,2,2,0
1207016,28336,2,1,1
207080,28337,2,1,1
318320,28338,2,1,1
311056,28339,2,0,2
46184,28340,2,1,1
337048,28341,2,0,2
427016,28342,2,0,2
3629120,28343,2,0,2
171520,28344,2,0,2
1071776,28345,2,1,1
799256,28346,2,1,1
801680,28347,2,1,1
503168,28348,2,1,1
260224,28349,2,1,1
4653120,28350,2,1,1
1579832,28351,2,0,2
211616,28352,2,2,0
2530184,28353,2,1,1
334768,28354,2,1,1
1982384,28355,2,1,1
913040,28356,2,1,1
69864,28357,2,0,2
334288,28358,2,0,2
302608,28359,2,2,0
341664,28360,2,0,2
7156888,28361,2,0,2
732968,28362,2,1,1
1178016,28363,2,1,1
6825872,28364,2,0,2
96424,28365,2,0,2
2065656,28366,2,2,0
121728,28367,2,0,2
1332016,28368,2,0,2
2745264,28369,2,1,1
6375312,28370,2,0,2
68160,28371,2,2,0
860728,28372,2,0,2
615648,28373,2,2,0
392000,28374,2,2,0
522808,28375,2,0,2
556024,28376,2,0,2
713568,28377,2,1,1
365808,28378,2,1,1
1539000,28379,2,2,0
101960,28380,2,0,2
115216,28381,2,0,2
287856,28382,2,2,0
111752,28383,2,2,0
242408,28384,2,1,1
168952,28385,2,0,2
944728,28386,2,1,1
882960,28387,2,1,1
108200,28388,2,2,0
724472,28389,2,2,0
2386904,28390,2,1,1
119304,28391,2,2,0
286248,28392,2,1,1
177264,28393,2,1,1
193432,28394,2,1,1
143328,28395,2,1,1
578096,28396,2,1,1
280688,28397,2,1,1
2082656,28398,2,2,0
3391232,28399,2,2,0
229576,28400,2,1,1
1177072,28401,2,1,1
495840,28402,2,2,0
497136,28403,2,2,0
173256,28404,2,1,1
297992,28405,2,1,1
787424,28406,2,2,0
3949760,28407,2,0,2
1561024,28408,2,0,2
922688,28409,2,2,0
779104,28410,2,1,1
317928,28411,2,1,1
7883640,28412,2,0,2
527584,28413,2,0,2
1700672,28414,2,1,1
613776,28415,2,1,1
474048,28416,2,0,2
4270272,28417,2,1,1
1048312,28418,2,1,1
3281512,28419,2,1,1
317048,28420,2,1,1
220912,28421,2,2,0
417432,28422,2,1,1
628312,28423,2,1,1
2286304,28424,2,1,1
836696,28425,2,0,2
139384,28426,2,0,2
376616,28427,2,0,2
2777704,28428,2,0,2
167632,28429,2,1,1
1026312,28430,2,0,2
119800,28431,2,2,0
1421576,28432,2,1,1
3076296,28433,2,1,1
1896304,28434,2,2,0
359968,28435,2,2,0
741848,28436,2,1,1
632672,28437,2,2,0
350408,28438,2,1,1
593232,28439,2,0,2
340280,28440,2,1,1
1254632,28441,2,2,0
78960,28442,2,2,0
522280,28443,2,1,1
458704,28444,2,1,1
147728,28445,2,2,0
329520,28446,2,2,0
375624,28447,2,0,2
500984,28448,2,2,0
215712,28449,2,2,0
812368,28450,2,2,0
224440,28451,2,1,1
580000,28452,2,0,2
505944,28453,2,1,1
531568,28454,2,1,1
256984,28455,2,2,0
385024,28456,2,0,2
3060216,28457,2,1,1
1698792,28458,2,1,1
6526088,28459,2,1,1
1208040,28460,2,1,1
3105328,28461,2,0,2
476696,28462,2,0,2
236208,28463,2,2,0
2012368,28464,2,0,2
416600,28465,2,1,1
225624,28466,2,1,1
296488,28467,2,0,2
162784,28468,2,1,1
557872,28469,2,0,2
636624,28470,2,2,0
900728,28471,2,1,1
1798824,28472,2,1,1
1125928,28473,2,0,2
1710840,28474,2,1,1
798192,28475,2,2,0
1570320,28476,2,1,1
175456,28477,2,2,0
5477912,28478,2,2,0
193960,28479,2,1,1
431960,28480,2,1,1
1335072,28481,2,1,1
7697232,28482,2,0,2
158104,28483,2,1,1
709904,28484,2,1,1
234936,28485,2,2,0
939912,28486,2,1,1
2128928,28487,2,1,1
969240,28488,2,0,2
7394856,28489,2,0,2
98016,28490,2,1,1
416960,28491,2,1,1
349560,28492,2,1,1
2345856,28493,2,1,1
321744,28494,2,1,1
283552,28495,2,1,1
791064,28496,2,0,2
554952,28497,2,1,1
1030024,28498,2,2,0
1047960,28499,2,1,1
387456,28500,2,0,2
1596864,28501,2,2,0
1544616,28502,2,1,1
6486192,28503,2,1,1
3194488,28504,2,2,0
155856,28505,2,2,0
295888,28506,2,0,2
241680,28507,2,1,1
1541920,28508,2,1,1
81328,28509,2,1,1
511080,28510,2,0,2
518392,28511,2,2,0
164456,28512,2,1,1
1814608,28513,2,1,1
499088,28514,2,0,2
1209744,28515,2,1,1
241640,28516,2,1,1
660904,28517,2,2,0
332584,28518,2,1,1
677744,28519,2,2,0
126912,28520,2,1,1
608248,28521,2,2,0
2268080,28522,2,2,0
579736,28523,2,1,1
177200,28524,2,2,0
565528,28525,2,0,2
269720,28526,2,1,1
407616,28527,2,1,1
2258736,28528,2,1,1
2215616,28529,2,2,0
4343792,28530,2,2,0
141096,28531,2,2,0
1174728,28532,2,0,2
540008,28533,2,1,1
454904,28534,2,0,2
561496,28535,2,0,2
191544,28536,2,0,2
214672,28537,2,1,1
1901104,28538,2,1,1
267264,28539,2,1,1
396752,28540,2,1,1
321952,28541,2,2,0
2959296,28542,2,2,0
257752,28543,2,1,1
2577288,28544,2,1,1
234048,28545,2,1,1
533680,28546,2,0,2
505368,28547,2,2,0
619424,28548,2,2,0
498032,28549,2,1,1
2500560,28550,2,1,1
172136,28551,2,1,1
71696,28552,2,1,1
467520,28553,2,2,0
1348872,28554,2,1,1
596496,28555,2,1,1
221560,28556,2,2,0
232248,28557,2,0,2
4184328,28558,2,1,1
545800,28559,2,0,2
1880576,28560,2,1,1
1290688,28561,2,2,0
5655888,28562,2,1,1
1010528,28563,2,2,0
2921424,28564,2,1,1
517704,28565,2,1,1
3046696,28566,2,1,1
98472,28567,2,1,1
345040,28568,2,0,2
242760,28569,2,0,2
5033208,28570,2,0,2
1760736,28571,2,1,1
440408,28572,2,1,1
204344,28573,2,0,2
733488,28574,2,1,1
116928,28575,2,0,2
867352,28576,2,2,0
1330704,28577,2,1,1
2767832,28578,2,2,0
149032,28579,2,0,2
116464,28580,2,0,2
3489256,28581,2,2,0
5066384,28582,2,0,2
2492608,28583,2,1,1
193456,28584,2,0,2
106024,28585,2,1,1
1855728,28586,2,1,1
6696392,28587,2,1,1
882304,28588,2,0,2
248312,28589,2,1,1
1806744,28590,2,1,1
68288,28591,2,1,1
521952,28592,2,1,1
383888,28593,2,1,1
659136,28594,2,0,2
2160904,28595,2,2,0
434576,28596,2,2,0
206080,28597,2,1,1
143704,28598,2,1,1
1084496,28599,2,1,1
392888,28600,2,1,1
1713920,28601,2,2,0
209456,28602,2,1,1
159872,28603,2,1,1
5073560,28604,2,1,1
3840240,28605,2,1,1
365352,28606,2,1,1
219208,28607,2,1,1
194552,28608,2,2,0
488712,28609,2,1,1
499584,28610,2,1,1
147072,28611,2,0,2
111592,28612,2,2,0
1081416,28613,2,2,0
506040,28614,2,0,2
665512,28615,2,0,2
3328288,28616,2,0,2
981944,28617,2,0,2
229240,28618,2,2,0
2056824,28619,2,2,0
1154992,28620,2,1,1
434632,28621,2,2,0
3026136,28622,2,2,0
6339952,28623,2,1,1
6971976,28624,2,0,2
898176,28625,2,0,2
1198088,28626,2,1,1
102288,28627,2,1,1
152816,28628,2,0,2
6156256,28629,2,1,1
4911480,28630,2,0,2
687072,28631,2,0,2
588408,28632,2,0,2
530856,28633,2,1,1
574152,28634,2,0,2
1672464,28635,2,1,1
171672,28636,2,1,1
945088,28637,2,1,1
2427712,28638,2,1,1
2112264,28639,2,1,1
3169808,28640,2,2,0
174992,28641,2,2,0
392632,28642,2,1,1
150784,28643,2,2,0
142120,28644,2,1,1
370992,28645,2,2,0
151816,28646,2,1,1
1049632,28647,2,1,1
243248,28648,2,2,0
857760,28649,2,0,2
560224,28650,2,0,2
566984,28651,2,0,2
849632,28652,2,1,1
601184,28653,2,1,1
803120,28654,2,2,0
6178600,28655,2,2,0
256664,28656,2,1,1
335128,28657,2,1,1
817752,28658,2,1,1
921768,28659,2,1,1
1700680,28660,2,2,0
393888,28661,2,1,1
425760,28662,2,2,0
417760,28663,2,1,1
657712,28664,2,0,2
1136936,28665,2,1,1
371904,28666,2,1,1
656816,28667,2,1,1
154824,28668,2,2,0
267816,28669,2,1,1
505088,28670,2,2,0
317856,28671,2,1,1
192656,28672,2,1,1
177624,28673,2,0,2
1498816,28674,2,2,0
2232176,28675,2,1,1
249496,28676,2,1,1
177320,28677,2,1,1
112728,28678,2,2,0
904248,28679,2,1,1
549800,28680,2,2,0
3805544,28681,2,1,1
71136,28682,2,2,0
536072,28683,2,2,0
2012296,28684,2,1,1
365896,28685,2,1,1
631960,28686,2,2,0
771352,28687,2,2,0
1083616,28688,2,1,1
2364400,28689,2,2,0
719848,28690,2,1,1
1741608,28691,2,0,2
322824,28692,2,1,1
1977112,28693,2,2,0
153472,28694,2,1,1
122192,28695,2,1,1
255032,28696,2,2,0
868032,28697,2,1,1
1033376,28698,2,0,2
139032,28699,2,1,1
827760,28700,2,2,0
598304,28701,2,1,1
4859720,28702,2,1,1
1902112,28703,2,1,1
166264,28704,2,0,2
1073528,28705,2,1,1
3007544,28706,2,1,1
1093520,28707,2,1,1
195360,28708,2,1,1
918712,28709,2,0,2
945224,28710,2,0,2
3151080,28711,2,1,1
589384,28712,2,1,1
263896,28713,2,1,1
639832,28714,2,1,1
525432,28715,2,2,0
106824,28716,2,0,2
980816,28717,2,1,1
2569336,28718,2,1,1
200464,28719,2,1,1
1478624,28720,2,2,0
162184,28721,2,0,2
144496,28722,2,0,2
355640,28723,2,1,1
1758000,28724,2,1,1
3634256,28725,2,0,2
874520,28726,2,1,1
7874848,28727,2,1,1
382768,28728,2,0,2
490320,28729,2,2,0
368584,28730,2,0,2
3746376,28731,2,1,1
314832,28732,2,0,2
3618120,28733,2,0,2
414608,28734,2,0,2
4648384,28735,2,2,0
1578424,28736,2,2,0
1813768,28737,2,2,0
541656,28738,2,1,1
2279832,28739,2,2,0
500272,28740,2,0,2
855432,28741,2,0,2
307184,28742,2,1,1
816368,28743,2,1,1
3433624,28744,2,0,2
361640,28745,2,1,1
1670304,28746,2,2,0
406120,28747,2,1,1
404984,28748,2,0,2
1605816,28749,2,0,2
1656720,28750,2,1,1
1859680,28751,2,1,1
7872560,28752,2,1,1
210648,28753,2,1,1
997240,28754,2,1,1
212824,28755,2,1,1
340368,28756,2,1,1
816384,28757,2,1,1
530048,28758,2,2,0
429048,28759,2,1,1
731320,28760,2,1,1
107040,28761,2,1,1
4554200,28762,2,1,1
286032,28763,2,2,0
443368,28764,2,0,2
857104,28765,2,1,1
159048,28766,2,0,2
58152,28767,2,1,1
2329496,28768,2,2,0
205904,28769,2,1,1
84160,28770,2,1,1
320512,28771,2,1,1
3930760,28772,2,0,2
272664,28773,2,0,2
382200,28774,2,0,2
5258952,28775,2,0,2
986056,28776,2,1,1
1377200,28777,2,1,1
2285384,28778,2,0,2
40952,28779,2,2,0
1715008,28780,2,1,1
388840,28781,2,2,0
2430072,28782,2,1,1
339808,28783,2,1,1
1103224,28784,2,0,2
2280048,28785,2,0,2
6329856,28786,2,0,2
236312,28787,2,1,1
260440,28788,2,2,0
1746184,28789,2,1,1
196672,28790,2,1,1
488384,28791,2,1,1
2543248,28792,2,1,1
228928,28793,2,0,2
771912,28794,2,1,1
318120,28795,2,2,0
442840,28796,2,0,2
704992,28797,2,2,0
581816,28798,2,1,1
933248,28799,2,0,2
233760,28800,2,1,1
109376,28801,2,1,1
439040,28802,2,1,1
174488,28803,2,2,0
1065216,28804,2,1,1
117768,28805,2,1,1
1101600,28806,2,0,2
489496,28807,2,1,1
2737408,28808,2,0,2
170200,28809,2,1,1
223832,28810,2,1,1
1703808,28811,2,2,0
441680,28812,2,0,2
1369048,28813,2,2,0
1736240,28814,2,0,2
514984,28815,2,0,2
3090224,28816,2,2,0
5224152,28817,2,2,0
468464,28818,2,1,1
3790008,28819,2,0,2
1022256,28820,2,1,1
225360,28821,2,1,1
271072,28822,2,0,2
247632,28823,2,1,1
193888,28824,2,1,1
265328,28825,2,1,1
2394384,28826,2,1,1
4081672,28827,2,2,0
187832,28828,2,2,0
523624,28829,2,0,2
2080184,28830,2,1,1
3228864,28831,2,2,0
254384,28832,2,1,1
88600,28833,2,1,1
499424,28834,2,1,1
226168,28835,2,1,1
439168,28836,2,1,1
411368,28837,2,1,1
7298480,28838,2,1,1
684360,28839,2,1,1
2264104,28840,2,1,1
2642808,28841,2,2,0
3581856,28842,2,2,0
2281048,28843,2,2,0
278688,28844,2,1,1
7263616,28845,2,1,1
121200,28846,2,1,1
328512,28847,2,0,2
5088296,28848,2,1,1
363184,28849,2,1,1
620920,28850,2,2,0
579680,28851,2,2,0
886320,28852,2,1,1
397688,28853,2,1,1
1501248,28854,2,2,0
112656,28855,2,1,1
140120,28856,2,1,1
558952,28857,2,1,1
631944,28858,2,0,2
380112,28859,2,2,0
1940744,28860,2,1,1
3183200,28861,2,2,0
293896,28862,2,2,0
760520,28863,2,2,0
251992,28864,2,1,1
354944,28865,2,1,1
1060640,28866,2,2,0
125000,28867,2,1,1
646664,28868,2,0,2
298456,28869,2,0,2
876968,28870,2,2,0
1750904,28871,2,1,1
146240,28872,2,1,1
238144,28873,2,0,2
4775248,28874,2,1,1
92368,28875,2,1,1
6691664,28876,2,0,2
2103080,28877,2,2,0
334760,28878,2,2,0
1166608,28879,2,0,2
313072,28880,2,2,0
385960,28881,2,2,0
563648,28882,2,1,1
361432,28883,2,1,1
1502696,28884,2,1,1
830312,28885,2,2,0
147200,28886,2,1,1
1931264,28887,2,2,0
575120,28888,2,2,0
267104,28889,2,1,1
564872,28890,2,1,1
307760,28891,2,2,0
3956400,28892,2,0,2
782584,28893,2,2,0
3339432,28894,2,2,0
576944,28895,2,0,2
244832,28896,2,1,1
699208,28897,2,0,2
1023192,28898,2,1,1
817448,28899,2,2,0
560464,28900,2,1,1
330448,28901,2,1,1
274856,28902,2,1,1
234424,28903,2,1,1
3851528,28904,2,2,0
410624,28905,2,2,0
616576,28906,2,1,1
1557968,28907,2,1,1
94896,28908,2,2,0
315296,28909,2,1,1
417920,28910,2,1,1
391328,28911,2,2,0
923776,28912,2,2,0
1120392,28913,2,0,2
518264,28914,2,0,2
217704,28915,2,0,2
1603376,28916,2,1,1
844512,28917,2,0,2
462168,28918,2,1,1
900544,28919,2,2,0
133904,28920,2,0,2
304264,28921,2,1,1
275440,28922,2,1,1
994576,28923,2,2,0
170720,28924,2,0,2
205568,28925,2,1,1
1041864,28926,2,0,2
1914632,28927,2,1,1
216136,28928,2,2,0
340816,28929,2,0,2
1718024,28930,2,0,2
290632,28931,2,1,1
3001112,28932,2,1,1
130568,28933,2,1,1
392160,28934,2,2,0
1817496,28935,2,2,0
1827744,28936,2,1,1
313104,28937,2,1,1
628048,28938,2,2,0
1009960,28939,2,0,2
2104512,28940,2,0,2
1613528,28941,2,2,0
76656,28942,2,2,0
818424,28943,2,1,1
4577280,28944,2,1,1
597600,28945,2,0,2
595496,28946,2,1,1
271144,28947,2,0,2
229136,28948,2,1,1
3916384,28949,2,1,1
677080,28950,2,1,1
2198048,28951,2,1,1
890472,28952,2,2,0
1815704,28953,2,2,0
1179616,28954,2,2,0
335800,28955,2,1,1
433512,28956,2,1,1
2052168,28957,2,0,2
161904,28958,2,1,1
573920,28959,2,0,2
117744,28960,2,1,1
499168,28961,2,1,1
404680,28962,2,2,0
247808,28963,2,1,1
206672,28964,2,0,2
1192328,28965,2,1,1
567352,28966,2,2,0
1925224,28967,2,2,0
95576,28968,2,0,2
217424,28969,2,1,1
390456,28970,2,1,1
319488,28971,2,1,1
402544,28972,2,1,1
7900312,28973,2,1,1
3520312,28974,2,2,0
761272,28975,2,1,1
964840,28976,2,1,1
708960,28977,2,0,2
146904,28978,2,1,1
374480,28979,2,0,2
140096,28980,2,0,2
3599448,28981,2,1,1
245256,28982,2,2,0
378640,28983,2,1,1
507808,28984,2,2,0
619640,28985,2,1,1
175928,28986,2,2,0
646544,28987,2,1,1
366192,28988,2,2,0
2768336,28989,2,1,1
3741080,28990,2,0,2
276840,28991,2,1,1
260184,28992,2,1,1
520544,28993,2,2,0
6332312,28994,2,1,1
323144,28995,2,1,1
2277680,28996,2,1,1
547088,28997,2,1,1
2988712,28998,2,0,2
236272,28999,2,1,1
665568,29000,2,0,2
211104,29001,2,0,2
403424,29002,2,2,0
3317304,29003,2,1,1
1302376,29004,2,0,2
502176,29005,2,1,1
238344,29006,2,1,1
1998800,29007,2,0,2
147832,29008,2,1,1
3228328,29009,2,0,2
702528,29010,2,1,1
526200,29011,2,0,2
360672,29012,2,0,2
571480,29013,2,2,0
1203424,29014,2,0,2
566744,29015,2,1,1
792352,29016,2,1,1
195632,29017,2,1,1
989448,29018,2,0,2
839896,29019,2,0,2
340832,29020,2,1,1
7049800,29021,2,0,2
1048320,29022,2,1,1
1723176,29023,2,1,1
400504,29024,2,1,1
289048,29025,2,0,2
308360,29026,2,0,2
834528,29027,2,2,0
600776,29028,2,1,1
123608,29029,2,1,1
1053384,29030,2,0,2
66520,29031,2,0,2
275048,29032,2,0,2
172824,29033,2,1,1
2480936,29034,2,0,2
175400,29035,2,0,2
103800,29036,2,1,1
83048,29037,2,1,1
6559976,29038,2,1,1
274312,29039,2,2,0
2209328,29040,2,0,2
1028264,29041,2,1,1
531224,29042,2,1,1
251480,29043,2,2,0
6350496,29044,2,0,2
1021496,29045,2,2,0
125520,29046,2,1,1
1363864,29047,2,2,0
112368,29048,2,2,0
4496952,29049,2,0,2
45720,29050,2,0,2
198608,29051,2,1,1
328248,29052,2,1,1
435968,29053,2,2,0
507160,29054,2,0,2
1937520,29055,2,2,0
1182592,29056,2,1,1
437552,29057,2,0,2
565256,29058,2,0,2
401368,29059,2,1,1
1079752,29060,2,2,0
764328,29061,2,1,1
1520264,29062,2,0,2
212432,29063,2,1,1
4699080,29064,2,1,1
2413136,29065,2,0,2
1641672,29066,2,2,0
1027568,29067,2,2,0
967960,29068,2,1,1
1056968,29069,2,1,1
174952,29070,2,1,1
1947776,29071,2,1,1
833728,29072,2,1,1
2504360,29073,2,1,1
1145600,29074,2,1,1
8232416,29075,2,2,0
201616,29076,2,2,0
1148056,29077,2,1,1
1358008,29078,2,0,2
1007696,29079,2,2,0
1150592,29080,2,0,2
316264,29081,2,1,1
1323344,29082,2,2,0
1469528,29083,2,1,1
2935024,29084,2,2,0
102744,29085,2,2,0
336664,29086,2,1,1
230208,29087,2,1,1
1513544,29088,2,1,1
1355560,29089,2,1,1
173312,29090,2,0,2
637440,29091,2,1,1
308496,29092,2,1,1
875856,29093,2,1,1
190320,29094,2,1,1
550816,29095,2,1,1
450584,29096,2,1,1
1026368,29097,2,0,2
368904,29098,2,2,0
179400,29099,2,1,1
3735864,29100,2,2,0
1375608,29101,2,2,0
668632,29102,2,2,0
395664,29103,2,1,1
528936,29104,2,1,1
304688,29105,2,0,2
4199296,29106,2,0,2
476496,29107,2,1,1
1980584,29108,2,0,2
332544,29109,2,1,1
744312,29110,2,1,1
171880,29111,2,1,1
1051920,29112,2,1,1
127528,29113,2,0,2
362464,29114,2,2,0
406600,29115,2,0,2
148768,29116,2,2,0
442656,29117,2,1,1
207792,29118,2,1,1
1305992,29119,2,1,1
6398336,29120,2,1,1
355888,29121,2,0,2
195440,29122,2,1,1
187208,29123,2,1,1
139456,29124,2,2,0
335544,29125,2,1,1
620536,29126,2,1,1
828464,29127,2,2,0
841152,29128,2,0,2
950400,29129,2,2,0
493528,29130,2,1,1
201664,29131,2,2,0
282936,29132,2,1,1
5616496,29133,2,1,1
2193136,29134,2,0,2
445544,29135,2,0,2
285872,29136,2,2,0
398032,29137,2,1,1
4270472,29138,2,1,1
1003432,29139,2,1,1
553608,29140,2,2,0
484840,29141,2,0,2
944336,29142,2,1,1
208288,29143,2,1,1
1199952,29144,2,1,1
232920,29145,2,1,1
5218976,29146,2,0,2
315856,29147,2,2,0
1390856,29148,2,1,1
214120,29149,2,0,2
3280896,29150,2,0,2
3851624,29151,2,0,2
1434568,29152,2,1,1
3261016,29153,2,1,1
280880,29154,2,1,1
227208,29155,2,2,0
510368,29156,2,1,1
211704,29157,2,1,1
379864,29158,2,2,0
536960,29159,2,0,2
3469472,29160,2,1,1
859600,29161,2,1,1
525704,29162,2,0,2
60848,29163,2,2,0
374768,29164,2,1,1
1325648,29165,2,0,2
1272536,29166,2,0,2
679632,29167,2,0,2
362632,29168,2,1,1
340264,29169,2,1,1
1164096,29170,2,2,0
1858824,29171,2,1,1
1737408,29172,2,1,1
569480,29173,2,1,1
1476720,29174,2,2,0
357640,29175,2,1,1
277488,29176,2,1,1
456768,29177,2,1,1
662056,29178,2,1,1
806176,29179,2,2,0
8166480,29180,2,2,0
1762976,29181,2,1,1
2775600,29182,2,1,1
335016,29183,2,2,0
472648,29184,2,2,0
232688,29185,2,1,1
378448,29186,2,2,0
201392,29187,2,1,1
297560,29188,2,2,0
124096,29189,2,0,2
732712,29190,2,0,2
210688,29191,2,1,1
637808,29192,2,0,2
495048,29193,2,2,0
740408,29194,2,1,1
2577328,29195,2,1,1
2243976,29196,2,0,2
433584,29197,2,2,0
3541208,29198,2,0,2
987832,29199,2,1,1
255440,29200,2,0,2
999384,29201,2,2,0
2249032,29202,2,2,0
148448,29203,2,1,1
142744,29204,2,0,2
7656992,29205,2,1,1
836664,29206,2,0,2
909008,29207,2,2,0
331552,29208,2,1,1
1231608,29209,2,1,1
742208,29210,2,2,0
1343560,29211,2,2,0
341024,29212,2,1,1
181248,29213,2,1,1
1517856,29214,2,1,1
2708040,29215,2,1,1
584376,29216,2,0,2
1538240,29217,2,0,2
64272,29218,2,1,1
253032,29219,2,2,0
4184560,29220,2,1,1
940840,29221,2,1,1
2595928,29222,2,1,1
842912,29223,2,1,1
441728,29224,2,0,2
1347984,29225,2,2,0
335472,29226,2,1,1
550536,29227,2,1,1
701368,29228,2,1,1
1485232,29229,2,1,1
976336,29230,2,0,2
269304,29231,2,0,2
1425808,29232,2,1,1
579136,29233,2,2,0
848760,29234,2,1,1
283512,29235,2,0,2
479968,29236,2,0,2
1181712,29237,2,2,0
1121352,29238,2,1,1
281704,29239,2,1,1
2364296,29240,2,1,1
195848,29241,2,2,0
5040624,29242,2,1,1
154776,29243,2,1,1
7536872,29244,2,2,0
3656976,29245,2,2,0
69456,29246,2,2,0
343032,29247,2,1,1
1090248,29248,2,2,0
1082808,29249,2,2,0
5668656,29250,2,0,2
252544,29251,2,1,1
1095120,29252,2,2,0
3398952,29253,2,0,2
140912,29254,2,1,1
206192,29255,2,2,0
214032,29256,2,1,1
354624,29257,2,1,1
814528,29258,2,2,0
3072312,29259,2,0,2
1837728,29260,2,1,1
138656,29261,2,2,0
4457408,29262,2,1,1
1912200,29263,2,1,1
65224,29264,2,0,2
261200,29265,2,0,2
117552,29266,2,1,1
861536,29267,2,0,2
51344,29268,2,0,2
635768,29269,2,1,1
469752,29270,2,0,2
137152,29271,2,1,1
87000,29272,2,2,0
700608,29273,2,1,1
115160,29274,2,1,1
632720,29275,2,1,1
404088,29276,2,0,2
475168,29277,2,0,2
906856,29278,2,0,2
1963808,29279,2,1,1
1506560,29280,2,0,2
4369376,29281,2,1,1
130248,29282,2,0,2
5198376,29283,2,1,1
1906000,29284,2,2,0
133160,29285,2,1,1
317640,29286,2,1,1
270024,29287,2,2,0
242560,29288,2,0,2
1352920,29289,2,1,1
179088,29290,2,0,2
5871208,29291,2,1,1
2767736,29292,2,0,2
394816,29293,2,2,0
3504456,29294,2,1,1
280336,29295,2,1,1
5493960,29296,2,1,1
4652312,29297,2,1,1
416552,29298,2,1,1
1167432,29299,2,1,1
1756448,29300,2,1,1
5340384,29301,2,1,1
2538552,29302,2,0,2
1234624,29303,2,1,1
4117392,29304,2,1,1
319712,29305,2,0,2
395568,29306,2,2,0
439192,29307,2,1,1
1456104,29308,2,1,1
268656,29309,2,2,0
1115600,29310,2,2,0
146376,29311,2,2,0
421000,29312,2,1,1
954592,29313,2,1,1
2595024,29314,2,0,2
810936,29315,2,1,1
476272,29316,2,1,1
697304,29317,2,1,1
301888,29318,2,1,1
347496,29319,2,1,1
209616,29320,2,1,1
7240216,29321,2,1,1
738176,29322,2,1,1
1816672,29323,2,2,0
101040,29324,2,1,1
5731024,29325,2,1,1
413216,29326,2,1,1
303720,29327,2,2,0
498152,29328,2,2,0
1263768,29329,2,1,1
723640,29330,2,0,2
805368,29331,2,0,2
1001792,29332,2,2,0
441448,29333,2,1,1
213856,29334,2,0,2
4965768,29335,2,0,2
720360,29336,2,0,2
849872,29337,2,1,1
1308464,29338,2,1,1
1202544,29339,2,0,2
1351848,29340,2,1,1
184432,29341,2,1,1
1271544,29342,2,1,1
3410024,29343,2,2,0
1019984,29344,2,1,1
418336,29345,2,2,0
95496,29346,2,0,2
374736,29347,2,2,0
620040,29348,2,1,1
371352,29349,2,1,1
1617728,29350,2,1,1
2075472,29351,2,1,1
1137312,29352,2,2,0
304640,29353,2,1,1
252496,29354,2,0,2
520720,29355,2,0,2
898520,29356,2,1,1
1759336,29357,2,1,1
960296,29358,2,2,0
568392,29359,2,0,2
4654648,29360,2,0,2
2367744,29361,2,1,1
101080,29362,2,2,0
2457256,29363,2,1,1
146344,29364,2,0,2
155120,29365,2,1,1
7105080,29366,2,0,2
331488,29367,2,2,0
431528,29368,2,1,1
432680,29369,2,1,1
1580480,29370,2,0,2
228896,29371,2,1,1
1324000,29372,2,1,1
68064,29373,2,1,1
4090408,29374,2,1,1
698192,29375,2,1,1
280416,29376,2,1,1
480920,29377,2,1,1
1369352,29378,2,1,1
1845536,29379,2,2,0
1821296,29380,2,1,1
1370888,29381,2,0,2
709736,29382,2,0,2
814704,29383,2,2,0
982264,29384,2,2,0
1748912,29385,2,1,1
367464,29386,2,1,1
911432,29387,2,1,1
298920,29388,2,1,1
237000,29389,2,2,0
1740912,29390,2,2,0
459856,29391,2,2,0
341304,29392,2,1,1
104344,29393,2,0,2
600672,29394,2,1,1
1073512,29395,2,2,0
1025488,29396,2,1,1
326008,29397,2,2,0
1485880,29398,2,2,0
499208,29399,2,0,2
261264,29400,2,0,2
473032,29401,2,0,2
288352,29402,2,1,1
264120,29403,2,0,2
543448,29404,2,2,0
3154520,29405,2,1,1
3149544,29406,2,2,0
866992,29407,2,0,2
3990304,29408,2,1,1
128304,29409,2,0,2
765528,29410,2,2,0
589472,29411,2,0,2
286176,29412,2,2,0
181592,29413,2,0,2
6204072,29414,2,1,1
119080,29415,2,2,0
2053664,29416,2,1,1
767984,29417,2,2,0
969120,29418,2,2,0
154032,29419,2,0,2
2233920,29420,2,0,2
742032,29421,2,2,0
630240,29422,2,0,2
234488,29423,2,0,2
864392,29424,2,1,1
279272,29425,2,1,1
189744,29426,2,0,2
357512,29427,2,1,1
795832,29428,2,1,1
1056992,29429,2,1,1
897776,29430,2,1,1
719560,29431,2,1,1
2413968,29432,2,0,2
315184,29433,2,2,0
2536752,29434,2,0,2
733096,29435,2,1,1
801888,29436,2,2,0
1043168,29437,2,1,1
687256,29438,2,2,0
632968,29439,2,1,1
1227664,29440,2,1,1
795976,29441,2,2,0
1704824,29442,2,0,2
996856,29443,2,2,0
879448,29444,2,0,2
265416,29445,2,1,1
226048,29446,2,0,2
41432,29447,2,1,1
2221936,29448,2,0,2
127432,29449,2,2,0
342560,29450,2,0,2
591376,29451,2,0,2
323920,29452,2,1,1
627248,29453,2,1,1
1718288,29454,2,2,0
1122328,29455,2,1,1
339752,29456,2,0,2
442008,29457,2,2,0
817760,29458,2,1,1
245304,29459,2,0,2
439120,29460,2,1,1
378368,29461,2,2,0
4410936,29462,2,1,1
1152536,29463,2,2,0
1181560,29464,2,2,0
6593144,29465,2,1,1
984552,29466,2,1,1
479960,29467,2,1,1
1601688,29468,2,1,1
727200,29469,2,1,1
373056,29470,2,0,2
218472,29471,2,1,1
122048,29472,2,0,2
638032,29473,2,0,2
580144,29474,2,1,1
305856,29475,2,1,1
947080,29476,2,2,0
575344,29477,2,1,1
737776,29478,2,1,1
392936,29479,2,2,0
484560,29480,2,2,0
393960,29481,2,0,2
2525440,29482,2,2,0
2089128,29483,2,2,0
278512,29484,2,1,1
4661432,29485,2,2,0
200752,29486,2,1,1
1408664,29487,2,1,1
302712,29488,2,1,1
210872,29489,2,1,1
570048,29490,2,1,1
649408,29491,2,1,1
825888,29492,2,1,1
352968,29493,2,0,2
517224,29494,2,1,1
6637704,29495,2,1,1
1052728,29496,2,1,1
269192,29497,2,2,0
4503256,29498,2,2,0
1579208,29499,2,1,1
1382232,29500,2,2,0
209136,29501,2,1,1
1691864,29502,2,1,1
82800,29503,2,1,1
394144,29504,2,2,0
113272,29505,2,1,1
1421616,29506,2,1,1
318480,29507,2,1,1
514240,29508,2,1,1
2830120,29509,2,0,2
1985528,29510,2,0,2
3037104,29511,2,2,0
197600,29512,2,0,2
491104,29513,2,2,0
80336,29514,2,1,1
517616,29515,2,1,1
377328,29516,2,1,1
308448,29517,2,0,2
1184536,29518,2,0,2
5243048,29519,2,2,0
6175136,29520,2,1,1
380648,29521,2,1,1
152280,29522,2,2,0
1089088,29523,2,1,1
111056,29524,2,0,2
1440880,29525,2,1,1
144048,29526,2,1,1
1705712,29527,2,2,0
178272,29528,2,1,1
780592,29529,2,2,0
410824,29530,2,2,0
807824,29531,2,2,0
4564848,29532,2,1,1
1914696,29533,2,1,1
478888,29534,2,1,1
685336,29535,2,1,1
2848080,29536,2,0,2
3767120,29537,2,2,0
94040,29538,2,2,0
6763616,29539,2,0,2
4252552,29540,2,1,1
590408,29541,2,1,1
130912,29542,2,0,2
4545480,29543,2,2,0
74168,29544,2,1,1
2308272,29545,2,1,1
61400,29546,2,1,1
374008,29547,2,2,0
304584,29548,2,1,1
317784,29549,2,1,1
161752,29550,2,0,2
541008,29551,2,2,0
2223992,29552,2,0,2
1675024,29553,2,1,1
1333136,29554,2,2,0
1830064,29555,2,1,1
1008552,29556,2,1,1
124616,29557,2,2,0
90152,29558,2,1,1
313880,29559,2,0,2
97304,29560,2,2,0
366608,29561,2,2,0
3288240,29562,2,2,0
3937048,29563,2,1,1
2230408,29564,2,1,1
3878168,29565,2,1,1
3167888,29566,2,2,0
4219296,29567,2,2,0
3209304,29568,2,1,1
1923872,29569,2,1,1
1531744,29570,2,1,1
220120,29571,2,2,0
580904,29572,2,2,0
333576,29573,2,2,0
650232,29574,2,1,1
1029456,29575,2,1,1
1009184,29576,2,1,1
433904,29577,2,1,1
426160,29578,2,1,1
227272,29579,2,1,1
6948584,29580,2,0,2
48128,29581,2,1,1
1024432,29582,2,2,0
117560,29583,2,0,2
387384,29584,2,0,2
853984,29585,2,1,1
2172360,29586,2,2,0
1833912,29587,2,1,1
284064,29588,2,1,1
1607096,29589,2,1,1
340528,29590,2,2,0
7736832,29591,2,0,2
73048,29592,2,2,0
1704560,29593,2,0,2
180296,29594,2,1,1
206848,29595,2,1,1
176000,29596,2,1,1
1132216,29597,2,0,2
141200,29598,2,1,1
123136,29599,2,1,1
1540872,29600,2,1,1
1044584,29601,2,0,2
843192,29602,2,2,0
586880,29603,2,1,1
292464,29604,2,1,1
987320,29605,2,1,1
87288,29606,2,2,0
2287232,29607,2,1,1
60192,29608,2,0,2
3682280,29609,2,0,2
2341312,29610,2,1,1
214808,29611,2,1,1
3486400,29612,2,2,0
986872,29613,2,2,0
2946520,29614,2,2,0
3403824,29615,2,2,0
924256,29616,2,2,0
308952,29617,2,0,2
571584,29618,2,1,1
53072,29619,2,1,1
1579352,29620,2,2,0
404096,29621,2,2,0
114520,29622,2,1,1
133264,29623,2,2,0
350192,29624,2,0,2
209208,29625,2,0,2
1530584,29626,2,0,2
258432,29627,2,0,2
220256,29628,2,1,1
393344,29629,2,1,1
669984,29630,2,1,1
286208,29631,2,1,1
82568,29632,2,1,1
956424,29633,2,2,0
1114632,29634,2,0,2
120520,29635,2,0,2
3017656,29636,2,2,0
1378160,29637,2,1,1
529576,29638,2,2,0
514000,29639,2,1,1
195160,29640,2,1,1
178904,29641,2,0,2
370672,29642,2,0,2
1656896,29643,2,2,0
1545920,29644,2,2,0
184232,29645,2,1,1
344912,29646,2,2,0
1225336,29647,2,0,2
173000,29648,2,0,2
235256,29649,2,1,1
401792,29650,2,2,0
2259272,29651,2,1,1
2751144,29652,2,0,2
327560,29653,2,0,2
1212816,29654,2,2,0
261648,29655,2,1,1
1781920,29656,2,2,0
6182096,29657,2,1,1
475816,29658,2,1,1
3979936,29659,2,1,1
1445480,29660,2,0,2
4055864,29661,2,1,1
3437904,29662,2,0,2
3352536,29663,2,0,2
667760,29664,2,1,1
73976,29665,2,2,0
3592944,29666,2,2,0
379304,29667,2,1,1
788048,29668,2,1,1
256264,29669,2,1,1
259608,29670,2,1,1
2305152,29671,2,1,1
172192,29672,2,2,0
550928,29673,2,0,2
1354640,29674,2,1,1
708216,29675,2,1,1
734384,29676,2,1,1
1396920,29677,2,1,1
2096496,29678,2,2,0
371304,29679,2,1,1
591240,29680,2,2,0
652200,29681,2,2,0
973768,29682,2,1,1
7643360,29683,2,1,1
588448,29684,2,1,1
286688,29685,2,1,1
653472,29686,2,1,1
126608,29687,2,2,0
359560,29688,2,2,0
96792,29689,2,2,0
740216,29690,2,1,1
558448,29691,2,1,1
111104,29692,2,1,1
332296,29693,2,1,1
7355632,29694,2,1,1
164616,29695,2,1,1
293048,29696,2,1,1
2679328,29697,2,1,1
1517416,29698,2,1,1
6546664,29699,2,1,1
141472,29700,2,1,1
667208,29701,2,2,0
966264,29702,2,2,0
5640000,29703,2,1,1
143384,29704,2,1,1
164912,29705,2,0,2
86280,29706,2,1,1
307728,29707,2,1,1
238440,29708,2,2,0
652072,29709,2,1,1
208744,29710,2,1,1
556352,29711,2,2,0
1659112,29712,2,1,1
601520,29713,2,1,1
1530616,29714,2,2,0
1707776,29715,2,0,2
534608,29716,2,1,1
143664,29717,2,1,1
866000,29718,2,2,0
303824,29719,2,0,2
1007528,29720,2,1,1
1894856,29721,2,2,0
790672,29722,2,1,1
138632,29723,2,2,0
4835480,29724,2,1,1
1562408,29725,2,1,1
108056,29726,2,2,0
174240,29727,2,2,0
532160,29728,2,1,1
444624,29729,2,1,1
715064,29730,2,2,0
553648,29731,2,0,2
99520,29732,2,1,1
203408,29733,2,2,0
167096,29734,2,1,1
3364872,29735,2,1,1
800448,29736,2,2,0
409568,29737,2,1,1
3659872,29738,2,0,2
167968,29739,2,1,1
275488,29740,2,1,1
494304,29741,2,0,2
640448,29742,2,1,1
1360928,29743,2,2,0
2243640,29744,2,0,2
1168936,29745,2,2,0
151520,29746,2,2,0
350496,29747,2,1,1
3258040,29748,2,0,2
1528760,29749,2,2,0
317112,29750,2,1,1
235488,29751,2,1,1
298896,29752,2,1,1
545000,29753,2,0,2
766040,29754,2,0,2
3296712,29755,2,1,1
713016,29756,2,1,1
1084440,29757,2,1,1
389080,29758,2,0,2
1007776,29759,2,2,0
2712192,29760,2,0,2
478608,29761,2,1,1
1589680,29762,2,1,1
906992,29763,2,1,1
305544,29764,2,1,1
161232,29765,2,0,2
128696,29766,2,1,1
152136,29767,2,1,1
671616,29768,2,1,1
179944,29769,2,0,2
165232,29770,2,1,1
816464,29771,2,2,0
1570008,29772,2,1,1
339664,29773,2,2,0
1635280,29774,2,1,1
2471448,29775,2,1,1
742480,29776,2,1,1
221728,29777,2,0,2
3817600,29778,2,1,1
3151800,29779,2,2,0
477864,29780,2,0,2
166336,29781,2,0,2
494768,29782,2,1,1
2090896,29783,2,2,0
1393336,29784,2,1,1
103440,29785,2,1,1
1687584,29786,2,1,1
1999880,29787,2,0,2
345920,29788,2,1,1
98728,29789,2,1,1
242040,29790,2,1,1
3698360,29791,2,0,2
2674592,29792,2,1,1
430096,29793,2,2,0
1071552,29794,2,0,2
555440,29795,2,1,1
264672,29796,2,1,1
1284648,29797,2,0,2
7522432,29798,2,1,1
1558048,29799,2,1,1
808896,29800,2,1,1
279968,29801,2,0,2
240016,29802,2,2,0
3845640,29803,2,1,1
303056,29804,2,0,2
1082192,29805,2,1,1
945496,29806,2,2,0
378736,29807,2,2,0
3158616,29808,2,1,1
2520872,29809,2,2,0
3787432,29810,2,1,1
2156904,29811,2,0,2
1217648,29812,2,1,1
854736,29813,2,2,0
1436672,29814,2,0,2
727960,29815,2,1,1
1661560,29816,2,1,1
812248,29817,2,1,1
734832,29818,2,0,2
520728,29819,2,1,1
408696,29820,2,1,1
1288896,29821,2,2,0
597288,29822,2,0,2
1078688,29823,2,1,1
2844928,29824,2,1,1
5944568,29825,2,2,0
1263584,29826,2,2,0
218328,29827,2,2,0
197816,29828,2,1,1
4046320,29829,2,1,1
281952,29830,2,0,2
472336,29831,2,0,2
3195744,29832,2,0,2
535776,29833,2,1,1
634072,29834,2,1,1
757584,29835,2,0,2
2334208,29836,2,1,1
815160,29837,2,1,1
642752,29838,2,2,0
449112,29839,2,0,2
2796488,29840,2,1,1
206920,29841,2,2,0
645464,29842,2,2,0
147664,29843,2,0,2
2570304,29844,2,1,1
350728,29845,2,1,1
319216,29846,2,2,0
961216,29847,2,1,1
326488,29848,2,1,1
211960,29849,2,1,1
4396968,29850,2,1,1
3717648,29851,2,0,2
1035504,29852,2,1,1
131384,29853,2,0,2
213800,29854,2,2,0
722528,29855,2,0,2
469600,29856,2,2,0
615912,29857,2,0,2
1057456,29858,2,1,1
2721448,29859,2,1,1
4008496,29860,2,2,0
611352,29861,2,1,1
553896,29862,2,1,1
5216936,29863,2,1,1
3115040,29864,2,2,0
369184,29865,2,2,0
1992816,29866,2,1,1
527944,29867,2,0,2
535624,29868,2,1,1
2472432,29869,2,0,2
2332136,29870,2,1,1
136552,29871,2,0,2
505456,29872,2,1,1
561816,29873,2,1,1
730576,29874,2,0,2
3590112,29875,2,0,2
469968,29876,2,2,0
173352,29877,2,2,0
143480,29878,2,0,2
1141560,29879,2,1,1
395256,29880,2,2,0
184248,29881,2,2,0
587344,29882,2,0,2
840024,29883,2,0,2
6395392,29884,2,1,1
1888440,29885,2,0,2
5747888,29886,2,2,0
1041688,29887,2,2,0
337440,29888,2,0,2
176088,29889,2,0,2
1322928,29890,2,1,1
191704,29891,2,2,0
215152,29892,2,0,2
1267656,29893,2,0,2
728848,29894,2,2,0
483904,29895,2,1,1
35416,29896,2,0,2
2847200,29897,2,2,0
196192,29898,2,2,0
146272,29899,2,2,0
809272,29900,2,1,1
1280736,29901,2,1,1
670048,29902,2,1,1
427104,29903,2,1,1
415128,29904,2,0,2
32064,29905,2,2,0
313024,29906,2,1,1
268696,29907,2,1,1
468072,29908,2,2,0
1335488,29909,2,0,2
393680,29910,2,0,2
359952,29911,2,1,1
669976,29912,2,1,1
758136,29913,2,2,0
1574480,29914,2,1,1
4778592,29915,2,1,1
1181224,29916,2,1,1
286104,29917,2,1,1
84384,29918,2,1,1
2648416,29919,2,2,0
137680,29920,2,1,1
1836760,29921,2,2,0
421824,29922,2,2,0
427880,29923,2,2,0
343000,29924,2,2,0
899624,29925,2,2,0
508512,29926,2,2,0
2614360,29927,2,2,0
464208,29928,2,1,1
1874568,29929,2,1,1
122696,29930,2,0,2
250880,29931,2,1,1
317304,29932,2,2,0
206840,29933,2,2,0
201024,29934,2,1,1
586504,29935,2,1,1
433256,29936,2,0,2
1545568,29937,2,1,1
747368,29938,2,0,2
682928,29939,2,1,1
840968,29940,2,2,0
65200,29941,2,1,1
792448,29942,2,0,2
2255208,29943,2,1,1
255656,29944,2,2,0
316864,29945,2,1,1
665040,29946,2,1,1
242720,29947,2,0,2
795728,29948,2,0,2
1100016,29949,2,1,1
7353944,29950,2,0,2
642192,29951,2,2,0
2007360,29952,2,1,1
1164968,29953,2,1,1
6828048,29954,2,1,1
1274448,29955,2,0,2
240584,29956,2,2,0
929416,29957,2,1,1
387576,29958,2,1,1
3236336,29959,2,1,1
2833248,29960,2,1,1
8031704,29961,2,1,1
215800,29962,2,1,1
1404472,29963,2,1,1
962648,29964,2,1,1
123952,29965,2,2,0
934832,29966,2,2,0
88736,29967,2,1,1
147368,29968,2,1,1
893856,29969,2,1,1
352256,29970,2,0,2
3847800,29971,2,0,2
300880,29972,2,0,2
366824,29973,2,2,0
1361640,29974,2,1,1
698368,29975,2,0,2
698416,29976,2,1,1
940952,29977,2,1,1
425744,29978,2,1,1
3155752,29979,2,2,0
352056,29980,2,0,2
557176,29981,2,1,1
844320,29982,2,2,0
826408,29983,2,0,2
3630552,29984,2,2,0
373864,29985,2,0,2
204888,29986,2,2,0
282120,29987,2,1,1
427472,29988,2,0,2
2707128,29989,2,1,1
4247448,29990,2,2,0
107792,29991,2,0,2
202080,29992,2,1,1
1818640,29993,2,1,1
347880,29994,2,0,2
613768,29995,2,0,2
1152952,29996,2,1,1
4096160,29997,2,1,1
217520,29998,2,1,1
201168,29999,2,0,2
354800,30000,2,0,2
553144,30001,2,1,1
771752,30002,2,0,2
2286288,30003,2,1,1
1873696,30004,2,2,0
881056,30005,2,0,2
266640,30006,2,1,1
618056,30007,2,1,1
214304,30008,2,1,1
556088,30009,2,2,0
743112,30010,2,1,1
127840,30011,2,0,2
227464,30012,2,0,2
564936,30013,2,1,1
164312,30014,2,1,1
341784,30015,2,2,0
5836568,30016,2,2,0
1200592,30017,2,1,1
202728,30018,2,2,0
159520,30019,2,1,1
561176,30020,2,1,1
1658592,30021,2,1,1
144368,30022,2,1,1
642704,30023,2,1,1
1934384,30024,2,1,1
848552,30025,2,2,0
357160,30026,2,1,1
1149352,30027,2,2,0
401320,30028,2,1,1
605288,30029,2,0,2
191976,30030,2,2,0
153752,30031,2,0,2
215112,30032,2,1,1
2893744,30033,2,1,1
1765904,30034,2,1,1
934496,30035,2,0,2
325504,30036,2,1,1
1241808,30037,2,1,1
513824,30038,2,0,2
273480,30039,2,2,0
383688,30040,2,0,2
369240,30041,2,1,1
2116720,30042,2,1,1
567496,30043,2,1,1
711120,30044,2,1,1
1168768,30045,2,1,1
674232,30046,2,2,0
853408,30047,2,2,0
1534752,30048,2,2,0
304912,30049,2,2,0
545064,30050,2,2,0
276392,30051,2,1,1
1183744,30052,2,1,1
3149344,30053,2,2,0
395584,30054,2,1,1
1301928,30055,2,1,1
250856,30056,2,1,1
1038512,30057,2,1,1
624032,30058,2,2,0
109640,30059,2,0,2
400352,30060,2,0,2
262400,30061,2,0,2
176800,30062,2,1,1
883480,30063,2,1,1
348640,30064,2,1,1
143240,30065,2,2,0
182088,30066,2,0,2
248328,30067,2,1,1
639680,30068,2,2,0
374912,30069,2,1,1
1244440,30070,2,1,1
5119688,30071,2,0,2
2065672,30072,2,1,1
228344,30073,2,1,1
99280,30074,2,0,2
2150520,30075,2,1,1
717600,30076,2,1,1
448704,30077,2,1,1
205960,30078,2,1,1
7511984,30079,2,2,0
203184,30080,2,0,2
571904,30081,2,0,2
1686568,30082,2,0,2
127568,30083,2,0,2
2261960,30084,2,0,2
378880,30085,2,1,1
246792,30086,2,0,2
703456,30087,2,2,0
273000,30088,2,1,1
626776,30089,2,1,1
235768,30090,2,0,2
485696,30091,2,2,0
3403224,30092,2,2,0
55240,30093,2,2,0
506840,30094,2,2,0
651448,30095,2,2,0
5071736,30096,2,2,0
6655216,30097,2,0,2
878816,30098,2,2,0
140312,30099,2,1,1
60856,30100,2,1,1
1436592,30101,2,2,0
129824,30102,2,0,2
749208,30103,2,1,1
1289816,30104,2,1,1
537792,30105,2,0,2
198648,30106,2,1,1
912056,30107,2,1,1
2185648,30108,2,1,1
313448,30109,2,0,2
115144,30110,2,1,1
231184,30111,2,1,1
7438456,30112,2,0,2
1434800,30113,2,2,0
163616,30114,2,1,1
434288,30115,2,2,0
5105592,30116,2,1,1
186944,30117,2,0,2
221136,30118,2,2,0
3064768,30119,2,1,1
110032,30120,2,2,0
453224,30121,2,1,1
118120,30122,2,1,1
143616,30123,2,1,1
4167848,30124,2,1,1
1580792,30125,2,2,0
660704,30126,2,1,1
416976,30127,2,2,0
391320,30128,2,2,0
629576,30129,2,0,2
5661720,30130,2,0,2
6366152,30131,2,1,1
850864,30132,2,1,1
1489560,30133,2,2,0
1617696,30134,2,1,1
2074504,30135,2,1,1
570520,30136,2,1,1
419024,30137,2,1,1
228168,30138,2,0,2
503256,30139,2,1,1
147168,30140,2,2,0
5394656,30141,2,1,1
403704,30142,2,1,1
64824,30143,2,2,0
4692608,30144,2,1,1
870800,30145,2,0,2
183136,30146,2,1,1
154312,30147,2,1,1
491408,30148,2,0,2
1221432,30149,2,2,0
1290840,30150,2,1,1
613072,30151,2,1,1
468160,30152,2,0,2
83352,30153,2,1,1
284248,30154,2,0,2
607192,30155,2,1,1
486000,30156,2,1,1
242880,30157,2,2,0
113848,30158,2,0,2
56392,30159,2,1,1
441904,30160,2,0,2
5231904,30161,2,1,1
340592,30162,2,0,2
368792,30163,2,1,1
152976,30164,2,1,1
1116432,30165,2,1,1
3133888,30166,2,1,1
1335960,30167,2,1,1
147800,30168,2,2,0
242896,30169,2,2,0
2964808,30170,2,1,1
207984,30171,2,0,2
220760,30172,2,2,0
319600,30173,2,1,1
318912,30174,2,1,1
136888,30175,2,1,1
232368,30176,2,2,0
128168,30177,2,1,1
5294712,30178,2,1,1
7667184,30179,2,0,2
630032,30180,2,0,2
2107128,30181,2,0,2
437248,30182,2,2,0
6273632,30183,2,1,1
250032,30184,2,1,1
288168,30185,2,1,1
105544,30186,2,1,1
291448,30187,2,1,1
2076728,30188,2,0,2
185976,30189,2,1,1
127240,30190,2,1,1
981120,30191,2,0,2
234512,30192,2,1,1
653760,30193,2,0,2
217392,30194,2,0,2
921224,30195,2,1,1
3571000,30196,2,1,1
2200896,30197,2,0,2
1695456,30198,2,1,1
2227768,30199,2,1,1
1064408,30200,2,2,0
2063504,30201,2,2,0
355840,30202,2,2,0
602208,30203,2,1,1
867784,30204,2,1,1
283432,30205,2,1,1
577304,30206,2,1,1
467016,30207,2,1,1
153080,30208,2,0,2
630352,30209,2,0,2
299336,30210,2,2,0
226504,30211,2,1,1
459456,30212,2,0,2
527752,30213,2,1,1
76144,30214,2,0,2
824856,30215,2,0,2
929544,30216,2,1,1
688728,30217,2,0,2
726904,30218,2,2,0
126760,30219,2,2,0
184728,30220,2,2,0
552232,30221,2,2,0
174816,30222,2,1,1
318752,30223,2,2,0
446360,30224,2,1,1
898792,30225,2,0,2
120512,30226,2,2,0
2061168,30227,2,1,1
2161832,30228,2,0,2
276152,30229,2,0,2
3790912,30230,2,1,1
707840,30231,2,0,2
409624,30232,2,0,2
1284136,30233,2,1,1
789816,30234,2,2,0
216832,30235,2,2,0
557688,30236,2,1,1
1676160,30237,2,2,0
183848,30238,2,2,0
336584,30239,2,2,0
549280,30240,2,1,1
445384,30241,2,2,0
1820312,30242,2,2,0
151064,30243,2,1,1
648344,30244,2,0,2
375208,30245,2,1,1
171064,30246,2,0,2
944240,30247,2,1,1
207848,30248,2,0,2
274000,30249,2,0,2
193832,30250,2,2,0
313248,30251,2,1,1
115040,30252,2,2,0
107664,30253,2,1,1
269176,30254,2,0,2
310752,30255,2,1,1
222112,30256,2,0,2
369776,30257,2,2,0
181152,30258,2,0,2
663784,30259,2,1,1
6069936,30260,2,0,2
918040,30261,2,1,1
417600,30262,2,1,1
838232,30263,2,2,0
296960,30264,2,1,1
2702592,30265,2,1,1
828496,30266,2,0,2
249520,30267,2,0,2
112200,30268,2,1,1
374720,30269,2,2,0
73176,30270,2,1,1
804272,30271,2,1,1
1211824,30272,2,2,0
831944,30273,2,2,0
240568,30274,2,1,1
4459360,30275,2,2,0
3948592,30276,2,2,0
272288,30277,2,1,1
715208,30278,2,0,2
3861680,30279,2,1,1
592472,30280,2,1,1
4355592,30281,2,1,1
523656,30282,2,0,2
340344,30283,2,2,0
1407432,30284,2,0,2
3533184,30285,2,0,2
773928,30286,2,1,1
2726888,30287,2,2,0
739152,30288,2,0,2
134992,30289,2,1,1
89608,30290,2,2,0
1304032,30291,2,2,0
284000,30292,2,2,0
4829640,30293,2,2,0
676856,30294,2,1,1
210448,30295,2,1,1
70344,30296,2,1,1
811152,30297,2,2,0
746568,30298,2,0,2
2628936,30299,2,1,1
1084344,30300,2,2,0
422688,30301,2,2,0
2607672,30302,2,2,0
1047160,30303,2,1,1
87408,30304,2,1,1
2523352,30305,2,0,2
4350960,30306,2,0,2
326936,30307,2,0,2
282088,30308,2,1,1
608320,30309,2,2,0
614680,30310,2,1,1
665336,30311,2,2,0
515744,30312,2,1,1
1340712,30313,2,2,0
407176,30314,2,1,1
371832,30315,2,1,1
5621208,30316,2,1,1
5755656,30317,2,1,1
380920,30318,2,1,1
568736,30319,2,1,1
312880,30320,2,1,1
1009816,30321,2,2,0
1801512,30322,2,0,2
442944,30323,2,2,0
1304680,30324,2,1,1
158904,30325,2,2,0
525208,30326,2,1,1
136200,30327,2,0,2
381632,30328,2,1,1
913664,30329,2,0,2
312552,30330,2,2,0
618792,30331,2,1,1
530672,30332,2,1,1
236424,30333,2,0,2
417224,30334,2,2,0
2051936,30335,2,0,2
289776,30336,2,1,1
583464,30337,2,1,1
87992,30338,2,1,1
2900488,30339,2,1,1
63760,30340,2,1,1
223720,30341,2,0,2
177424,30342,2,2,0
210088,30343,2,1,1
2067472,30344,2,1,1
351056,30345,2,1,1
2312408,30346,2,1,1
285792,30347,2,2,0
166904,30348,2,0,2
1872096,30349,2,1,1
384552,30350,2,0,2
866808,30351,2,1,1
398504,30352,2,1,1
7335296,30353,2,2,0
677064,30354,2,1,1
166320,30355,2,2,0
377176,30356,2,1,1
117248,30357,2,1,1
175856,30358,2,2,0
209472,30359,2,1,1
916432,30360,2,2,0
1908752,30361,2,0,2
363120,30362,2,0,2
1094280,30363,2,1,1
250048,30364,2,1,1
2111184,30365,2,2,0
90048,30366,2,2,0
1491408,30367,2,1,1
92968,30368,2,1,1
1091016,30369,2,1,1
338560,30370,2,1,1
228256,30371,2,1,1
1687272,30372,2,1,1
488016,30373,2,2,0
333336,30374,2,1,1
479856,30375,2,1,1
758384,30376,2,2,0
163888,30377,2,1,1
69344,30378,2,1,1
1446392,30379,2,2,0
522424,30380,2,1,1
179216,30381,2,1,1
97872,30382,2,0,2
649080,30383,2,1,1
688080,30384,2,1,1
360552,30385,2,0,2
341624,30386,2,1,1
489680,30387,2,1,1
266960,30388,2,2,0
144768,30389,2,1,1
354160,30390,2,1,1
1926608,30391,2,2,0
378936,30392,2,1,1
413328,30393,2,2,0
210912,30394,2,0,2
3553552,30395,2,0,2
4867608,30396,2,0,2
305984,30397,2,1,1
188928,30398,2,1,1
826632,30399,2,0,2
756704,30400,2,0,2
192496,30401,2,1,1
332224,30402,2,0,2
7041136,30403,2,2,0
486280,30404,2,1,1
4691872,30405,2,0,2
295608,30406,2,0,2
716488,30407,2,1,1
245128,30408,2,1,1
882344,30409,2,1,1
317792,30410,2,1,1
302008,30411,2,2,0
245848,30412,2,1,1
660568,30413,2,0,2
558672,30414,2,0,2
272808,30415,2,2,0
1185264,30416,2,1,1
70672,30417,2,2,0
679096,30418,2,1,1
201088,30419,2,2,0
643584,30420,2,1,1
1308160,30421,2,2,0
337424,30422,2,2,0
1029272,30423,2,2,0
177408,30424,2,0,2
102928,30425,2,1,1
1973472,30426,2,1,1
1272696,30427,2,1,1
2838040,30428,2,1,1
2967832,30429,2,1,1
299640,30430,2,1,1
67024,30431,2,0,2
56000,30432,2,1,1
2993616,30433,2,0,2
433264,30434,2,1,1
1873816,30435,2,2,0
383344,30436,2,2,0
958704,30437,2,1,1
1614424,30438,2,0,2
211280,30439,2,1,1
51208,30440,2,2,0
644584,30441,2,1,1
915152,30442,2,1,1
4487992,30443,2,1,1
1864664,30444,2,1,1
703376,30445,2,1,1
382416,30446,2,1,1
270872,30447,2,1,1
5921440,30448,2,1,1
267480,30449,2,0,2
887352,30450,2,1,1
6317032,30451,2,1,1
627184,30452,2,1,1
546936,30453,2,2,0
304800,30454,2,0,2
7298456,30455,2,1,1
3362464,30456,2,1,1
907480,30457,2,2,0
275096,30458,2,1,1
2097712,30459,2,2,0
274832,30460,2,2,0
3813424,30461,2,1,1
261240,30462,2,1,1
7059864,30463,2,2,0
205016,30464,2,1,1
316640,30465,2,0,2
551376,30466,2,0,2
3709336,30467,2,1,1
2410072,30468,2,1,1
689312,30469,2,1,1
204632,30470,2,0,2
276120,30471,2,2,0
2941152,30472,2,2,0
7757512,30473,2,0,2
934944,30474,2,1,1
171320,30475,2,0,2
932912,30476,2,0,2
487504,30477,2,2,0
1140408,30478,2,2,0
1936600,30479,2,1,1
710024,30480,2,1,1
451072,30481,2,1,1
183448,30482,2,2,0
1534920,30483,2,1,1
455848,30484,2,1,1
381496,30485,2,0,2
1129888,30486,2,1,1
347632,30487,2,0,2
181280,30488,2,1,1
397976,30489,2,1,1
2903776,30490,2,2,0
383296,30491,2,1,1
938744,30492,2,2,0
232720,30493,2,1,1
619688,30494,2,0,2
1207272,30495,2,1,1
394552,30496,2,0,2
6370664,30497,2,2,0
1554288,30498,2,1,1
807832,30499,2,1,1
137408,30500,2,1,1
1335536,30501,2,1,1
827216,30502,2,2,0
1585760,30503,2,0,2
385904,30504,2,0,2
654232,30505,2,1,1
97296,30506,2,1,1
462296,30507,2,1,1
567104,30508,2,2,0
1648040,30509,2,1,1
706440,30510,2,2,0
3094048,30511,2,0,2
3883368,30512,2,0,2
3878888,30513,2,2,0
886664,30514,2,1,1
1181816,30515,2,1,1
289768,30516,2,1,1
306720,30517,2,0,2
536544,30518,2,2,0
2835768,30519,2,1,1
671096,30520,2,2,0
2654728,30521,2,2,0
353200,30522,2,1,1
346504,30523,2,0,2
429040,30524,2,0,2
1719336,30525,2,1,1
6684472,30526,2,0,2
152072,30527,2,1,1
7750504,30528,2,1,1
539248,30529,2,2,0
881304,30530,2,2,0
745984,30531,2,1,1
439216,30532,2,1,1
637272,30533,2,1,1
4335552,30534,2,1,1
282568,30535,2,1,1
1663344,30536,2,1,1
590376,30537,2,2,0
1235928,30538,2,1,1
614240,30539,2,0,2
508080,30540,2,2,0
466496,30541,2,1,1
412720,30542,2,0,2
1984768,30543,2,1,1
791432,30544,2,1,1
910280,30545,2,2,0
394192,30546,2,0,2
1360744,30547,2,1,1
170888,30548,2,1,1
2246512,30549,2,1,1
597832,30550,2,1,1
1092696,30551,2,2,0
186840,30552,2,0,2
951064,30553,2,2,0
74080,30554,2,1,1
441400,30555,2,2,0
709848,30556,2,0,2
386168,30557,2,1,1
474608,30558,2,0,2
363312,30559,2,0,2
200608,30560,2,1,1
397664,30561,2,1,1
131648,30562,2,1,1
3122368,30563,2,1,1
126024,30564,2,1,1
276664,30565,2,1,1
283544,30566,2,0,2
2071304,30567,2,0,2
1452688,30568,2,1,1
416448,30569,2,0,2
4843344,30570,2,2,0
270576,30571,2,2,0
1413024,30572,2,1,1
3271232,30573,2,0,2
374320,30574,2,2,0
735016,30575,2,2,0
3376408,30576,2,1,1
178816,30577,2,0,2
823696,30578,2,1,1
160744,30579,2,1,1
475736,30580,2,1,1
323544,30581,2,1,1
348992,30582,2,2,0
360136,30583,2,0,2
7419256,30584,2,1,1
2536072,30585,2,1,1
223712,30586,2,1,1
285608,30587,2,2,0
902640,30588,2,1,1
1621728,30589,2,1,1
387880,30590,2,1,1
639776,30591,2,2,0
131176,30592,2,1,1
119680,30593,2,1,1
112168,30594,2,2,0
2877872,30595,2,1,1
1014968,30596,2,1,1
179320,30597,2,2,0
1847304,30598,2,1,1
275568,30599,2,1,1
700656,30600,2,1,1
2023280,30601,2,1,1
241104,30602,2,0,2
173640,30603,2,2,0
96984,30604,2,1,1
445400,30605,2,1,1
150040,30606,2,0,2
668480,30607,2,1,1
941376,30608,2,0,2
3048048,30609,2,1,1
369232,30610,2,1,1
232176,30611,2,1,1
806840,30612,2,1,1
417168,30613,2,1,1
429704,30614,2,2,0
1353568,30615,2,1,1
600456,30616,2,0,2
274040,30617,2,1,1
2628872,30618,2,0,2
267448,30619,2,0,2
2482184,30620,2,1,1
221280,30621,2,1,1
2467744,30622,2,1,1
430960,30623,2,1,1
257520,30624,2,0,2
233848,30625,2,2,0
2868848,30626,2,1,1
271400,30627,2,0,2
242960,30628,2,2,0
328080,30629,2,1,1
3508528,30630,2,2,0
499712,30631,2,1,1
2014464,30632,2,0,2
1601712,30633,2,2,0
259776,30634,2,1,1
1004568,30635,2,1,1
493664,30636,2,1,1
168384,30637,2,2,0
1243400,30638,2,1,1
318672,30639,2,1,1
525104,30640,2,0,2
149992,30641,2,0,2
5863624,30642,2,0,2
622520,30643,2,2,0
4279856,30644,2,1,1
2376144,30645,2,0,2
4707952,30646,2,1,1
432736,30647,2,0,2
566568,30648,2,0,2
154600,30649,2,0,2
1677920,30650,2,0,2
491512,30651,2,1,1
3143384,30652,2,2,0
692224,30653,2,2,0
238904,30654,2,1,1
141680,30655,2,2,0
484392,30656,2,0,2
438936,30657,2,2,0
276296,30658,2,0,2
853568,30659,2,0,2
77760,30660,2,0,2
2797216,30661,2,1,1
193392,30662,2,1,1
3729472,30663,2,1,1
520760,30664,2,1,1
615744,30665,2,1,1
998896,30666,2,2,0
185760,30667,2,0,2
371176,30668,2,2,0
279512,30669,2,0,2
500032,30670,2,0,2
477512,30671,2,2,0
6134328,30672,2,1,1
196680,30673,2,1,1
483552,30674,2,1,1
134352,30675,2,0,2
396712,30676,2,1,1
2282472,30677,2,0,2
273896,30678,2,0,2
93736,30679,2,1,1
241376,30680,2,0,2
323808,30681,2,1,1
5007880,30682,2,1,1
1402640,30683,2,0,2
82016,30684,2,1,1
3611232,30685,2,1,1
162344,30686,2,1,1
579952,30687,2,1,1
5475440,30688,2,0,2
3677144,30689,2,2,0
820672,30690,2,1,1
175568,30691,2,1,1
253408,30692,2,2,0
2300648,30693,2,1,1
2360400,30694,2,1,1
240088,30695,2,0,2
348736,30696,2,1,1
395928,30697,2,0,2
1021736,30698,2,2,0
231928,30699,2,1,1
1139856,30700,2,0,2
469160,30701,2,1,1
300168,30702,2,2,0
805152,30703,2,1,1
428856,30704,2,2,0
6889800,30705,2,1,1
2967152,30706,2,2,0
305376,30707,2,2,0
52400,30708,2,1,1
2552944,30709,2,2,0
477360,30710,2,0,2
3678336,30711,2,1,1
476024,30712,2,1,1
3606496,30713,2,1,1
1418104,30714,2,2,0
1276280,30715,2,2,0
381816,30716,2,2,0
1422864,30717,2,0,2
3303752,30718,2,1,1
822064,30719,2,1,1
2031472,30720,2,1,1
6548000,30721,2,1,1
555456,30722,2,0,2
634552,30723,2,0,2
1329872,30724,2,2,0
700160,30725,2,0,2
1579384,30726,2,1,1
448480,30727,2,1,1
103984,30728,2,1,1
709592,30729,2,1,1
1384136,30730,2,1,1
164488,30731,2,1,1
2101576,30732,2,1,1
569944,30733,2,2,0
4157392,30734,2,1,1
539968,30735,2,1,1
1333424,30736,2,0,2
168792,30737,2,2,0
231032,30738,2,0,2
48520,30739,2,0,2
431000,30740,2,1,1
6403496,30741,2,1,1
201208,30742,2,1,1
696752,30743,2,0,2
867992,30744,2,1,1
920008,30745,2,2,0
2111856,30746,2,0,2
943456,30747,2,1,1
190024,30748,2,0,2
588720,30749,2,1,1
347512,30750,2,1,1
3434536,30751,2,2,0
514736,30752,2,1,1
703152,30753,2,1,1
2848064,30754,2,1,1
970552,30755,2,1,1
1714224,30756,2,2,0
226736,30757,2,2,0
721008,30758,2,1,1
4064552,30759,2,0,2
625744,30760,2,1,1
115176,30761,2,1,1
318800,30762,2,2,0
165928,30763,2,1,1
652536,30764,2,1,1
638496,30765,2,0,2
84608,30766,2,0,2
516600,30767,2,0,2
2515616,30768,2,0,2
1090160,30769,2,0,2
7247264,30770,2,1,1
578376,30771,2,0,2
189112,30772,2,0,2
302128,30773,2,2,0
217552,30774,2,1,1
528536,30775,2,1,1
996904,30776,2,0,2
6905768,30777,2,2,0
126408,30778,2,0,2
4461112,30779,2,1,1
339328,30780,2,2,0
469312,30781,2,1,1
886848,30782,2,2,0
2220528,30783,2,2,0
51856,30784,2,2,0
164592,30785,2,1,1
1488304,30786,2,1,1
628040,30787,2,2,0
1081312,30788,2,2,0
481072,30789,2,1,1
687000,30790,2,1,1
362864,30791,2,2,0
448576,30792,2,2,0
286280,30793,2,1,1
320720,30794,2,2,0
954008,30795,2,0,2
1095792,30796,2,0,2
568152,30797,2,1,1
1221528,30798,2,2,0
348456,30799,2,2,0
1811656,30800,2,1,1
272672,30801,2,1,1
346752,30802,2,0,2
110240,30803,2,2,0
533968,30804,2,1,1
370712,30805,2,0,2
435984,30806,2,0,2
393248,30807,2,1,1
1036792,30808,2,1,1
2157448,30809,2,2,0
4561080,30810,2,1,1
316488,30811,2,2,0
786464,30812,2,2,0
1168784,30813,2,0,2
1160464,30814,2,2,0
2899080,30815,2,0,2
1054240,30816,2,1,1
277608,30817,2,2,0
299112,30818,2,1,1
729624,30819,2,1,1
1497840,30820,2,2,0
553296,30821,2,1,1
434552,30822,2,2,0
294536,30823,2,2,0
539296,30824,2,1,1
644208,30825,2,2,0
549536,30826,2,0,2
4952728,30827,2,1,1
225512,30828,2,2,0
1775216,30829,2,0,2
1572824,30830,2,2,0
901320,30831,2,2,0
168544,30832,2,1,1
199544,30833,2,2,0
1193856,30834,2,0,2
1767104,30835,2,0,2
5018968,30836,2,1,1
850272,30837,2,1,1
495264,30838,2,0,2
5838824,30839,2,1,1
7589656,30840,2,1,1
308088,30841,2,2,0
64384,30842,2,2,0
301360,30843,2,0,2
3048368,30844,2,1,1
3590208,30845,2,1,1
2170480,30846,2,0,2
274728,30847,2,1,1
99984,30848,2,2,0
1634088,30849,2,0,2
127392,30850,2,1,1
1633264,30851,2,1,1
2083168,30852,2,0,2
1056320,30853,2,1,1
78040,30854,2,0,2
85704,30855,2,0,2
1743624,30856,2,2,0
1162096,30857,2,1,1
580760,30858,2,1,1
544432,30859,2,2,0
3184040,30860,2,2,0
118584,30861,2,1,1
2463040,30862,2,0,2
948104,30863,2,1,1
769072,30864,2,2,0
623816,30865,2,1,1
616856,30866,2,1,1
1231528,30867,2,1,1
377976,30868,2,2,0
216856,30869,2,0,2
1069480,30870,2,0,2
186776,30871,2,1,1
2747112,30872,2,1,1
1062600,30873,2,0,2
682016,30874,2,0,2
1767664,30875,2,0,2
496112,30876,2,1,1
347032,30877,2,1,1
715856,30878,2,0,2
567272,30879,2,2,0
1076896,30880,2,0,2
617248,30881,2,2,0
403904,30882,2,1,1
2344288,30883,2,0,2
1666576,30884,2,1,1
468872,30885,2,0,2
836208,30886,2,0,2
85432,30887,2,0,2
795248,30888,2,1,1
2160520,30889,2,0,2
70656,30890,2,1,1
873896,30891,2,1,1
2004688,30892,2,2,0
3443248,30893,2,1,1
491072,30894,2,1,1
179288,30895,2,2,0
584032,30896,2,2,0
231240,30897,2,0,2
292136,30898,2,1,1
493936,30899,2,1,1
430760,30900,2,2,0
666776,30901,2,2,0
1030440,30902,2,2,0
1404224,30903,2,1,1
5253224,30904,2,0,2
686008,30905,2,0,2
413416,30906,2,2,0
817744,30907,2,2,0
1656256,30908,2,1,1
353584,30909,2,2,0
506608,30910,2,0,2
687896,30911,2,0,2
243968,30912,2,1,1
274824,30913,2,1,1
59640,30914,2,0,2
220464,30915,2,1,1
5846272,30916,2,0,2
2547008,30917,2,1,1
184952,30918,2,0,2
3483392,30919,2,1,1
508200,30920,2,1,1
355896,30921,2,1,1
2037656,30922,2,2,0
279744,30923,2,1,1
6316728,30924,2,1,1
150064,30925,2,0,2
185928,30926,2,0,2
609080,30927,2,1,1
817560,30928,2,2,0
1513096,30929,2,0,2
383616,30930,2,1,1
143000,30931,2,0,2
237368,30932,2,1,1
547448,30933,2,2,0
149096,30934,2,2,0
207048,30935,2,1,1
2526560,30936,2,2,0
1138936,30937,2,2,0
245360,30938,2,0,2
202392,30939,2,0,2
606304,30940,2,2,0
2956256,30941,2,1,1
238832,30942,2,1,1
571440,30943,2,1,1
117176,30944,2,0,2
3399128,30945,2,1,1
3270936,30946,2,2,0
402824,30947,2,2,0
317104,30948,2,1,1
395128,30949,2,1,1
3705096,30950,2,1,1
548552,30951,2,0,2
228688,30952,2,1,1
748416,30953,2,0,2
592456,30954,2,1,1
793272,30955,2,0,2
255080,30956,2,1,1
665528,30957,2,0,2
634528,30958,2,1,1
2388144,30959,2,1,1
745776,30960,2,1,1
440512,30961,2,1,1
252168,30962,2,1,1
327520,30963,2,0,2
2354392,30964,2,0,2
216056,30965,2,1,1
2751216,30966,2,0,2
85400,30967,2,1,1
318080,30968,2,0,2
516480,30969,2,1,1
396784,30970,2,1,1
262896,30971,2,2,0
8051768,30972,2,1,1
1612576,30973,2,1,1
267024,30974,2,2,0
5792264,30975,2,1,1
108336,30976,2,1,1
3507336,30977,2,2,0
76760,30978,2,2,0
218936,30979,2,2,0
285112,30980,2,1,1
195736,30981,2,0,2
419584,30982,2,2,0
557632,30983,2,0,2
143544,30984,2,0,2
6024448,30985,2,2,0
533808,30986,2,1,1
4565432,30987,2,2,0
565040,30988,2,1,1
2368448,30989,2,1,1
356088,30990,2,1,1
77920,30991,2,0,2
410936,30992,2,0,2
736160,30993,2,0,2
150144,30994,2,0,2
1267424,30995,2,0,2
107920,30996,2,2,0
356808,30997,2,2,0
1631288,30998,2,2,0
427440,30999,2,0,2
436392,31000,2,2,0
1359224,31001,2,1,1
112320,31002,2,2,0
350784,31003,2,1,1
2480064,31004,2,0,2
898800,31005,2,1,1
360216,31006,2,0,2
403888,31007,2,1,1
2932232,31008,2,1,1
141136,31009,2,1,1
1525136,31010,2,0,2
1310920,31011,2,0,2
547952,31012,2,1,1
3010944,31013,2,2,0
5252496,31014,2,1,1
840168,31015,2,2,0
394096,31016,2,1,1
1204104,31017,2,0,2
1017152,31018,2,1,1
742520,31019,2,0,2
6599864,31020,2,1,1
6747000,31021,2,0,2
1081728,31022,2,1,1
1306288,31023,2,2,0
2385344,31024,2,1,1
203752,31025,2,0,2
904120,31026,2,1,1
2844832,31027,2,2,0
782352,31028,2,1,1
2514400,31029,2,1,1
271136,31030,2,1,1
280720,31031,2,1,1
503728,31032,2,1,1
146712,31033,2,2,0
6886616,31034,2,2,0
4907448,31035,2,2,0
741608,31036,2,1,1
3321640,31037,2,1,1
885208,31038,2,2,0
610656,31039,2,1,1
497528,31040,2,1,1
1002768,31041,2,0,2
320504,31042,2,1,1
117648,31043,2,1,1
142408,31044,2,1,1
531048,31045,2,0,2
1716280,31046,2,0,2
172808,31047,2,1,1
213880,31048,2,1,1
761056,31049,2,1,1
354240,31050,2,1,1
599224,31051,2,1,1
106944,31052,2,0,2
179296,31053,2,1,1
4971128,31054,2,0,2
230952,31055,2,0,2
3423504,31056,2,2,0
217112,31057,2,0,2
2233616,31058,2,1,1
251880,31059,2,1,1
565648,31060,2,1,1
1128584,31061,2,0,2
1140128,31062,2,2,0
2285360,31063,2,0,2
3372424,31064,2,2,0
7729928,31065,2,1,1
849320,31066,2,1,1
759544,31067,2,0,2
222560,31068,2,1,1
1028672,31069,2,1,1
1821568,31070,2,2,0
2202784,31071,2,1,1
615384,31072,2,0,2
315336,31073,2,2,0
204976,31074,2,1,1
1267512,31075,2,0,2
902896,31076,2,2,0
455336,31077,2,1,1
665608,31078,2,2,0
130648,31079,2,0,2
122816,31080,2,1,1
4780120,31081,2,1,1
291368,31082,2,1,1
1192728,31083,2,1,1
243792,31084,2,1,1
230464,31085,2,1,1
698520,31086,2,2,0
238960,31087,2,2,0
976576,31088,2,1,1
273352,31089,2,1,1
1018744,31090,2,0,2
373528,31091,2,0,2
797600,31092,2,0,2
440768,31093,2,1,1
226088,31094,2,1,1
1970224,31095,2,1,1
50552,31096,2,2,0
325432,31097,2,1,1
1143952,31098,2,2,0
301408,31099,2,0,2
349576,31100,2,0,2
156432,31101,2,1,1
238624,31102,2,2,0
140496,31103,2,1,1
317512,31104,2,2,0
1527320,31105,2,1,1
379008,31106,2,2,0
2617776,31107,2,0,2
2780488,31108,2,0,2
1282192,31109,2,0,2
1400104,31110,2,1,1
386568,31111,2,2,0
417240,31112,2,0,2
4571472,31113,2,2,0
7234488,31114,2,1,1
1471616,31115,2,1,1
435040,31116,2,0,2
895216,31117,2,0,2
1415000,31118,2,1,1
5858240,31119,2,0,2
812776,31120,2,0,2
832520,31121,2,2,0
223520,31122,2,0,2
197416,31123,2,0,2
2526792,31124,2,2,0
2370680,31125,2,1,1
1476528,31126,2,0,2
88712,31127,2,1,1
5757664,31128,2,1,1
1969272,31129,2,0,2
3639272,31130,2,1,1
1186736,31131,2,1,1
5654520,31132,2,1,1
801568,31133,2,2,0
1830912,31134,2,1,1
155552,31135,2,0,2
222864,31136,2,2,0
185616,31137,2,1,1
1922592,31138,2,1,1
296512,31139,2,2,0
1440072,31140,2,1,1
1474952,31141,2,1,1
362432,31142,2,1,1
295160,31143,2,0,2
1183720,31144,2,2,0
448624,31145,2,1,1
1021792,31146,2,1,1
414120,31147,2,0,2
387832,31148,2,1,1
255152,31149,2,0,2
726464,31150,2,1,1
714032,31151,2,0,2
105400,31152,2,1,1
599728,31153,2,1,1
66672,31154,2,1,1
274424,31155,2,1,1
854464,31156,2,1,1
1148320,31157,2,1,1
5197632,31158,2,2,0
1919320,31159,2,0,2
2313256,31160,2,1,1
244912,31161,2,1,1
1258560,31162,2,1,1
729768,31163,2,0,2
3054560,31164,2,1,1
251120,31165,2,1,1
455472,31166,2,2,0
849424,31167,2,1,1
2809144,31168,2,1,1
2256160,31169,2,1,1
56720,31170,2,0,2
616376,31171,2,1,1
927192,31172,2,1,1
423792,31173,2,1,1
98504,31174,2,2,0
3331448,31175,2,2,0
4755408,31176,2,1,1
164664,31177,2,1,1
442960,31178,2,1,1
611128,31179,2,1,1
365240,31180,2,1,1
2755504,31181,2,1,1
100008,31182,2,2,0
182008,31183,2,2,0
241056,31184,2,2,0
167368,31185,2,1,1
1908608,31186,2,1,1
854256,31187,2,1,1
1186976,31188,2,1,1
395576,31189,2,2,0
1279176,31190,2,2,0
722904,31191,2,2,0
1309704,31192,2,2,0
2774344,31193,2,2,0
303160,31194,2,1,1
1433400,31195,2,2,0
208384,31196,2,0,2
1167056,31197,2,1,1
1859664,31198,2,1,1
255928,31199,2,1,1
564776,31200,2,1,1
449432,31201,2,1,1
6477464,31202,2,2,0
1495200,31203,2,1,1
439824,31204,2,1,1
572016,31205,2,1,1
3019600,31206,2,0,2
437432,31207,2,1,1
97336,31208,2,1,1
689680,31209,2,2,0
2579096,31210,2,2,0
396352,31211,2,0,2
290864,31212,2,2,0
620088,31213,2,1,1
1383864,31214,2,1,1
370536,31215,2,1,1
88400,31216,2,2,0
125920,31217,2,1,1
86200,31218,2,1,1
2532648,31219,2,0,2
6131728,31220,2,1,1
145112,31221,2,0,2
5552040,31222,2,1,1
178992,31223,2,1,1
3089160,31224,2,2,0
188696,31225,2,0,2
1106488,31226,2,1,1
448528,31227,2,2,0
4744120,31228,2,1,1
190168,31229,2,1,1
738792,31230,2,0,2
488176,31231,2,2,0
325848,31232,2,1,1
262640,31233,2,0,2
406480,31234,2,1,1
3800488,31235,2,1,1
937792,31236,2,2,0
664008,31237,2,1,1
308152,31238,2,0,2
301072,31239,2,1,1
472112,31240,2,1,1
230608,31241,2,2,0
671680,31242,2,2,0
1026480,31243,2,1,1
598480,31244,2,2,0
119240,31245,2,2,0
1992488,31246,2,1,1
258344,31247,2,2,0
708664,31248,2,2,0
430720,31249,2,2,0
1396136,31250,2,2,0
89416,31251,2,1,1
5776240,31252,2,2,0
183496,31253,2,1,1
952160,31254,2,0,2
162960,31255,2,0,2
171112,31256,2,1,1
581232,31257,2,1,1
786952,31258,2,1,1
234624,31259,2,1,1
422720,31260,2,1,1
2091944,31261,2,0,2
385784,31262,2,1,1
148952,31263,2,0,2
384320,31264,2,2,0
2354664,31265,2,1,1
658728,31266,2,2,0
2520264,31267,2,2,0
936224,31268,2,2,0
161504,31269,2,1,1
255936,31270,2,0,2
196832,31271,2,0,2
184032,31272,2,2,0
158816,31273,2,0,2
573256,31274,2,2,0
688736,31275,2,2,0
2337312,31276,2,1,1
520328,31277,2,0,2
198784,31278,2,2,0
361688,31279,2,2,0
3004656,31280,2,1,1
2649992,31281,2,1,1
117920,31282,2,2,0
3443784,31283,2,1,1
4115240,31284,2,2,0
1840232,31285,2,0,2
456392,31286,2,2,0
371744,31287,2,0,2
685600,31288,2,1,1
4650400,31289,2,0,2
211160,31290,2,1,1
387216,31291,2,0,2
3670832,31292,2,0,2
679416,31293,2,2,0
175632,31294,2,1,1
572840,31295,2,1,1
1718128,31296,2,0,2
1305144,31297,2,1,1
90248,31298,2,1,1
2085032,31299,2,0,2
467200,31300,2,1,1
6691416,31301,2,2,0
765760,31302,2,2,0
1580440,31303,2,1,1
352720,31304,2,1,1
178544,31305,2,2,0
1756400,31306,2,2,0
614712,31307,2,2,0
477256,31308,2,1,1
2509176,31309,2,1,1
125352,31310,2,1,1
3796008,31311,2,2,0
5650424,31312,2,2,0
1966472,31313,2,1,1
1754448,31314,2,2,0
855104,31315,2,1,1
205400,31316,2,1,1
967528,31317,2,2,0
2283680,31318,2,0,2
1194160,31319,2,1,1
405968,31320,2,2,0
208520,31321,2,0,2
119280,31322,2,2,0
352312,31323,2,2,0
1964640,31324,2,1,1
582768,31325,2,0,2
498792,31326,2,1,1
205800,31327,2,1,1
782792,31328,2,0,2
5605064,31329,2,1,1
380528,31330,2,1,1
4270608,31331,2,0,2
1806760,31332,2,2,0
234864,31333,2,1,1
89592,31334,2,0,2
4083232,31335,2,0,2
753816,31336,2,2,0
6455384,31337,2,0,2
577552,31338,2,0,2
168616,31339,2,1,1
764600,31340,2,1,1
1062024,31341,2,1,1
762984,31342,2,1,1
3949344,31343,2,1,1
2270232,31344,2,1,1
303560,31345,2,0,2
414000,31346,2,0,2
793776,31347,2,2,0
692240,31348,2,1,1
4706408,31349,2,1,1
1038472,31350,2,1,1
937568,31351,2,2,0
466232,31352,2,1,1
389688,31353,2,0,2
2095664,31354,2,2,0
579464,31355,2,1,1
2990744,31356,2,1,1
939360,31357,2,1,1
646296,31358,2,0,2
1048392,31359,2,2,0
519248,31360,2,1,1
99456,31361,2,0,2
122440,31362,2,2,0
1303416,31363,2,1,1
125176,31364,2,2,0
398768,31365,2,1,1
180504,31366,2,2,0
131624,31367,2,1,1
1162344,31368,2,1,1
500944,31369,2,2,0
5658376,31370,2,1,1
171200,31371,2,2,0
608456,31372,2,0,2
104464,31373,2,0,2
7964376,31374,2,2,0
276440,31375,2,0,2
468704,31376,2,0,2
238272,31377,2,1,1
2079376,31378,2,2,0
3934672,31379,2,0,2
151544,31380,2,2,0
137128,31381,2,0,2
2190584,31382,2,0,2
1640112,31383,2,2,0
3636152,31384,2,0,2
161808,31385,2,2,0
180280,31386,2,0,2
2845080,31387,2,1,1
1093840,31388,2,1,1
537584,31389,2,0,2
351576,31390,2,1,1
1716792,31391,2,1,1
331040,31392,2,2,0
452472,31393,2,1,1
795040,31394,2,1,1
2569976,31395,2,1,1
1908624,31396,2,2,0
605656,31397,2,1,1
781872,31398,2,2,0
716344,31399,2,1,1
2012648,31400,2,1,1
684088,31401,2,1,1
495096,31402,2,1,1
1863600,31403,2,2,0
951944,31404,2,2,0
420320,31405,2,1,1
245456,31406,2,1,1
166096,31407,2,0,2
738688,31408,2,1,1
300744,31409,2,1,1
5929424,31410,2,0,2
211384,31411,2,1,1
2260352,31412,2,1,1
873040,31413,2,2,0
6666448,31414,2,2,0
359440,31415,2,2,0
82400,31416,2,2,0
659208,31417,2,1,1
1963480,31418,2,2,0
516720,31419,2,1,1
692256,31420,2,0,2
887136,31421,2,1,1
947272,31422,2,1,1
158648,31423,2,1,1
296024,31424,2,1,1
255296,31425,2,2,0
1642592,31426,2,2,0
2126448,31427,2,2,0
2892856,31428,2,1,1
451984,31429,2,0,2
981080,31430,2,0,2
3309128,31431,2,1,1
1250384,31432,2,2,0
1700152,31433,2,2,0
330552,31434,2,0,2
124392,31435,2,1,1
280824,31436,2,0,2
87736,31437,2,2,0
1410696,31438,2,1,1
1452424,31439,2,1,1
268560,31440,2,2,0
4328944,31441,2,0,2
867608,31442,2,2,0
241144,31443,2,0,2
372384,31444,2,1,1
119144,31445,2,1,1
139224,31446,2,1,1
3228992,31447,2,2,0
1171608,31448,2,2,0
536648,31449,2,1,1
510104,31450,2,1,1
440176,31451,2,1,1
1189768,31452,2,1,1
643064,31453,2,2,0
203744,31454,2,1,1
3710056,31455,2,1,1
913968,31456,2,1,1
549488,31457,2,2,0
830792,31458,2,0,2
8257992,31459,2,2,0
1048368,31460,2,0,2
2936320,31461,2,1,1
323752,31462,2,2,0
490632,31463,2,1,1
470368,31464,2,2,0
172120,31465,2,1,1
200856,31466,2,1,1
3806216,31467,2,1,1
1734944,31468,2,1,1
249768,31469,2,0,2
5614352,31470,2,2,0
775104,31471,2,2,0
393736,31472,2,1,1
1141392,31473,2,1,1
214680,31474,2,1,1
3729784,31475,2,1,1
1026912,31476,2,1,1
2139720,31477,2,1,1
112208,31478,2,0,2
285320,31479,2,1,1
1581584,31480,2,0,2
7860840,31481,2,1,1
2732856,31482,2,1,1
1009840,31483,2,1,1
1053752,31484,2,0,2
1131016,31485,2,2,0
359960,31486,2,1,1
235064,31487,2,1,1
329920,31488,2,0,2
327264,31489,2,1,1
571064,31490,2,1,1
591424,31491,2,2,0
206720,31492,2,2,0
66136,31493,2,1,1
456400,31494,2,1,1
726440,31495,2,0,2
1404640,31496,2,2,0
225880,31497,2,0,2
1111632,31498,2,1,1
269856,31499,2,1,1
1061592,31500,2,0,2
176400,31501,2,1,1
433472,31502,2,0,2
4892808,31503,2,1,1
602560,31504,2,2,0
298184,31505,2,1,1
249056,31506,2,1,1
242120,31507,2,1,1
5334288,31508,2,1,1
149840,31509,2,1,1
2472072,31510,2,2,0
1056096,31511,2,2,0
1240696,31512,2,1,1
1394976,31513,2,1,1
856832,31514,2,1,1
350168,31515,2,0,2
3428104,31516,2,0,2
5625856,31517,2,1,1
296376,31518,2,0,2
248776,31519,2,1,1
162584,31520,2,0,2
3290904,31521,2,0,2
2507384,31522,2,2,0
1483656,31523,2,0,2
1678016,31524,2,1,1
947552,31525,2,1,1
2894288,31526,2,2,0
7762264,31527,2,0,2
1295120,31528,2,0,2
2480224,31529,2,1,1
56368,31530,2,2,0
421144,31531,2,2,0
884216,31532,2,0,2
708088,31533,2,1,1
905992,31534,2,1,1
281904,31535,2,1,1
259272,31536,2,2,0
753488,31537,2,1,1
329456,31538,2,1,1
263992,31539,2,2,0
997096,31540,2,0,2
429936,31541,2,2,0
918408,31542,2,1,1
139888,31543,2,1,1
1194616,31544,2,1,1
68472,31545,2,1,1
367600,31546,2,0,2
382600,31547,2,2,0
973896,31548,2,1,1
2698320,31549,2,1,1
1742536,31550,2,0,2
271264,31551,2,1,1
481512,31552,2,0,2
627520,31553,2,2,0
291384,31554,2,0,2
523184,31555,2,1,1
311536,31556,2,2,0
3138560,31557,2,1,1
143144,31558,2,1,1
6141448,31559,2,1,1
1060976,31560,2,0,2
1230616,31561,2,1,1
472304,31562,2,2,0
828560,31563,2,1,1
121464,31564,2,2,0
1903392,31565,2,1,1
539792,31566,2,1,1
2675984,31567,2,1,1
1202016,31568,2,1,1
172768,31569,2,1,1
239592,31570,2,0,2
3280368,31571,2,2,0
2483128,31572,2,1,1
311272,31573,2,1,1
127344,31574,2,0,2
2928016,31575,2,1,1
1284944,31576,2,0,2
1875048,31577,2,2,0
464360,31578,2,0,2
1511536,31579,2,1,1
363064,31580,2,0,2
1350048,31581,2,1,1
243624,31582,2,1,1
109224,31583,2,1,1
870880,31584,2,1,1
539208,31585,2,0,2
1050056,31586,2,1,1
328688,31587,2,1,1
937544,31588,2,2,0
233744,31589,2,0,2
4547776,31590,2,1,1
522800,31591,2,0,2
393240,31592,2,1,1
2072456,31593,2,1,1
555296,31594,2,1,1
208592,31595,2,0,2
330400,31596,2,0,2
624800,31597,2,1,1
161424,31598,2,1,1
2382696,31599,2,1,1
2513576,31600,2,2,0
2544768,31601,2,0,2
125256,31602,2,2,0
270832,31603,2,2,0
931816,31604,2,1,1
794440,31605,2,2,0
500552,31606,2,1,1
327160,31607,2,1,1
91496,31608,2,1,1
301472,31609,2,1,1
287944,31610,2,1,1
753416,31611,2,2,0
261032,31612,2,2,0
845432,31613,2,1,1
2971040,31614,2,2,0
122632,31615,2,1,1
299208,31616,2,1,1
183976,31617,2,2,0
446432,31618,2,2,0
1644968,31619,2,0,2
311608,31620,2,1,1
3065592,31621,2,2,0
92144,31622,2,0,2
3370360,31623,2,1,1
241672,31624,2,1,1
1762544,31625,2,0,2
211864,31626,2,0,2
7984904,31627,2,1,1
140048,31628,2,1,1
258896,31629,2,2,0
679944,31630,2,0,2
2607576,31631,2,1,1
279544,31632,2,0,2
464008,31633,2,2,0
189952,31634,2,2,0
1716568,31635,2,2,0
1809848,31636,2,1,1
849184,31637,2,2,0
4672784,31638,2,0,2
343720,31639,2,0,2
1823808,31640,2,1,1
271912,31641,2,1,1
242464,31642,2,1,1
157520,31643,2,1,1
2109248,31644,2,2,0
342856,31645,2,2,0
549520,31646,2,0,2
135496,31647,2,1,1
328552,31648,2,1,1
799024,31649,2,2,0
2235552,31650,2,2,0
723560,31651,2,1,1
249376,31652,2,2,0
532448,31653,2,2,0
197120,31654,2,2,0
3706384,31655,2,1,1
1140064,31656,2,1,1
334664,31657,2,0,2
561720,31658,2,2,0
197344,31659,2,0,2
144224,31660,2,1,1
864712,31661,2,1,1
1911896,31662,2,1,1
7513296,31663,2,1,1
2713480,31664,2,2,0
240160,31665,2,0,2
799352,31666,2,0,2
219000,31667,2,2,0
371720,31668,2,2,0
2015792,31669,2,2,0
910008,31670,2,0,2
451200,31671,2,0,2
1004248,31672,2,0,2
194952,31673,2,1,1
798000,31674,2,1,1
177344,31675,2,2,0
1608960,31676,2,2,0
115408,31677,2,2,0
485808,31678,2,1,1
556736,31679,2,1,1
377408,31680,2,1,1
584664,31681,2,1,1
664048,31682,2,1,1
310520,31683,2,2,0
3129472,31684,2,0,2
518864,31685,2,2,0
576128,31686,2,1,1
1242168,31687,2,2,0
354488,31688,2,0,2
1283656,31689,2,1,1
236024,31690,2,2,0
675368,31691,2,0,2
413640,31692,2,1,1
1314160,31693,2,2,0
3668848,31694,2,2,0
148112,31695,2,2,0
127136,31696,2,1,1
133896,31697,2,2,0
2163000,31698,2,0,2
974872,31699,2,0,2
228952,31700,2,1,1
228848,31701,2,2,0
1115760,31702,2,2,0
518672,31703,2,1,1
214008,31704,2,0,2
6550208,31705,2,1,1
1527992,31706,2,1,1
1070360,31707,2,1,1
121184,31708,2,2,0
487864,31709,2,0,2
4328152,31710,2,1,1
194624,31711,2,0,2
344360,31712,2,1,1
1143120,31713,2,0,2
482800,31714,2,2,0
371872,31715,2,0,2
3361304,31716,2,1,1
159688,31717,2,0,2
2956200,31718,2,2,0
3467960,31719,2,1,1
268152,31720,2,2,0
133736,31721,2,1,1
366888,31722,2,1,1
221648,31723,2,1,1
1249952,31724,2,2,0
466312,31725,2,2,0
2684176,31726,2,1,1
473200,31727,2,2,0
3261240,31728,2,2,0
237200,31729,2,1,1
417496,31730,2,1,1
2098448,31731,2,0,2
660224,31732,2,2,0
1102392,31733,2,1,1
7660024,31734,2,1,1
486800,31735,2,1,1
183840,31736,2,0,2
519736,31737,2,1,1
186600,31738,2,1,1
189536,31739,2,2,0
1047280,31740,2,2,0
526448,31741,2,1,1
1995152,31742,2,1,1
387104,31743,2,2,0
689816,31744,2,0,2
291504,31745,2,2,0
561488,31746,2,1,1
562680,31747,2,2,0
266072,31748,2,1,1
944952,31749,2,1,1
257728,31750,2,1,1
336168,31751,2,1,1
957960,31752,2,1,1
133752,31753,2,1,1
3212184,31754,2,1,1
273584,31755,2,0,2
2628696,31756,2,1,1
195296,31757,2,2,0
1307280,31758,2,1,1
123496,31759,2,1,1
327688,31760,2,0,2
3706680,31761,2,1,1
176600,31762,2,2,0
1126000,31763,2,1,1
785904,31764,2,1,1
362272,31765,2,1,1
1624968,31766,2,1,1
281992,31767,2,1,1
1239632,31768,2,2,0
630664,31769,2,2,0
51224,31770,2,2,0
1053320,31771,2,1,1
2273928,31772,2,1,1
1698920,31773,2,1,1
4916128,31774,2,0,2
506144,31775,2,2,0
7319584,31776,2,2,0
624184,31777,2,2,0
144992,31778,2,1,1
987232,31779,2,1,1
5803632,31780,2,1,1
199856,31781,2,2,0
256896,31782,2,1,1
4934472,31783,2,1,1
155472,31784,2,1,1
1420928,31785,2,2,0
241240,31786,2,1,1
202704,31787,2,1,1
2781328,31788,2,1,1
281792,31789,2,0,2
884696,31790,2,1,1
1054264,31791,2,0,2
2543920,31792,2,1,1
799608,31793,2,1,1
97424,31794,2,2,0
181776,31795,2,1,1
2806552,31796,2,0,2
158952,31797,2,1,1
124600,31798,2,2,0
428360,31799,2,1,1
190888,31800,2,2,0
413944,31801,2,1,1
596968,31802,2,2,0
192232,31803,2,1,1
1724184,31804,2,1,1
675504,31805,2,1,1
210768,31806,2,2,0
611136,31807,2,0,2
138240,31808,2,1,1
214816,31809,2,1,1
2551144,31810,2,2,0
719328,31811,2,1,1
544240,31812,2,1,1
278080,31813,2,2,0
662944,31814,2,0,2
345464,31815,2,1,1
149552,31816,2,2,0
3831432,31817,2,0,2
579056,31818,2,0,2
2320264,31819,2,1,1
244200,31820,2,2,0
667720,31821,2,0,2
1485496,31822,2,2,0
4071632,31823,2,2,0
8379688,31824,2,1,1
130488,31825,2,2,0
452216,31826,2,0,2
2191776,31827,2,2,0
1756976,31828,2,1,1
437904,31829,2,0,2
250832,31830,2,1,1
315512,31831,2,1,1
157488,31832,2,2,0
1391584,31833,2,0,2
2495576,31834,2,2,0
113608,31835,2,1,1
224128,31836,2,1,1
332280,31837,2,1,1
2015304,31838,2,1,1
917824,31839,2,0,2
1869608,31840,2,1,1
360824,31841,2,2,0
1162176,31842,2,0,2
2603984,31843,2,1,1
4437032,31844,2,0,2
5104032,31845,2,2,0
1458200,31846,2,2,0
932712,31847,2,1,1
616200,31848,2,1,1
506112,31849,2,1,1
655624,31850,2,0,2
1179120,31851,2,1,1
579856,31852,2,1,1
1012640,31853,2,1,1
354832,31854,2,2,0
1015880,31855,2,2,0
1297016,31856,2,1,1
1140672,31857,2,2,0
1621112,31858,2,1,1
2215736,31859,2,2,0
1916216,31860,2,1,1
1010608,31861,2,0,2
297784,31862,2,1,1
162240,31863,2,0,2
143272,31864,2,0,2
608264,31865,2,2,0
7006768,31866,2,0,2
160808,31867,2,1,1
1027912,31868,2,1,1
511736,31869,2,1,1
431736,31870,2,1,1
1626856,31871,2,1,1
589632,31872,2,1,1
732384,31873,2,1,1
614000,31874,2,0,2
970376,31875,2,1,1
902520,31876,2,0,2
163800,31877,2,1,1
1188448,31878,2,0,2
119024,31879,2,1,1
383336,31880,2,1,1
204000,31881,2,1,1
1989000,31882,2,0,2
2576400,31883,2,1,1
1051056,31884,2,1,1
368000,31885,2,1,1
376512,31886,2,1,1
4259600,31887,2,2,0
136104,31888,2,2,0
257048,31889,2,1,1
1685848,31890,2,1,1
567328,31891,2,1,1
2107968,31892,2,2,0
353480,31893,2,1,1
1276704,31894,2,1,1
146176,31895,2,1,1
4403664,31896,2,2,0
290416,31897,2,2,0
55088,31898,2,1,1
154320,31899,2,2,0
786920,31900,2,0,2
125416,31901,2,1,1
2926112,31902,2,1,1
210336,31903,2,1,1
1350208,31904,2,0,2
79112,31905,2,1,1
226912,31906,2,0,2
1651776,31907,2,1,1
8116904,31908,2,1,1
1062760,31909,2,1,1
557496,31910,2,0,2
314912,31911,2,1,1
192072,31912,2,1,1
621464,31913,2,1,1
577512,31914,2,1,1
76816,31915,2,1,1
219096,31916,2,2,0
342832,31917,2,1,1
1033832,31918,2,1,1
2753096,31919,2,1,1
167544,31920,2,0,2
695880,31921,2,1,1
450416,31922,2,1,1
663000,31923,2,1,1
279408,31924,2,1,1
166888,31925,2,0,2
1201888,31926,2,1,1
102384,31927,2,1,1
745320,31928,2,0,2
365064,31929,2,2,0
167192,31930,2,0,2
193976,31931,2,1,1
2907032,31932,2,2,0
546408,31933,2,0,2
427544,31934,2,1,1
500920,31935,2,1,1
709688,31936,2,1,1
4361744,31937,2,0,2
2017248,31938,2,2,0
2915432,31939,2,1,1
221680,31940,2,1,1
576624,31941,2,1,1
2431608,31942,2,1,1
366640,31943,2,1,1
1961736,31944,2,0,2
330072,31945,2,0,2
194152,31946,2,1,1
655504,31947,2,2,0
420160,31948,2,2,0
129400,31949,2,2,0
386248,31950,2,2,0
261824,31951,2,1,1
706168,31952,2,0,2
40424,31953,2,2,0
82448,31954,2,1,1
571520,31955,2,1,1
550784,31956,2,1,1
2261952,31957,2,0,2
78760,31958,2,1,1
291920,31959,2,2,0
2582912,31960,2,1,1
3220288,31961,2,1,1
681520,31962,2,1,1
4583352,31963,2,0,2
150480,31964,2,2,0
1390032,31965,2,1,1
276952,31966,2,1,1
520096,31967,2,2,0
79808,31968,2,1,1
534136,31969,2,1,1
1263176,31970,2,1,1
877360,31971,2,2,0
352048,31972,2,2,0
126200,31973,2,1,1
313776,31974,2,2,0
441064,31975,2,1,1
3690616,31976,2,0,2
82176,31977,2,2,0
850264,31978,2,2,0
590840,31979,2,1,1
1628232,31980,2,1,1
1066392,31981,2,0,2
3693648,31982,2,1,1
134040,31983,2,1,1
1494368,31984,2,0,2
77960,31985,2,1,1
95736,31986,2,0,2
394736,31987,2,1,1
2800408,31988,2,2,0
227672,31989,2,0,2
528144,31990,2,1,1
293824,31991,2,2,0
611328,31992,2,2,0
370976,31993,2,1,1
198288,31994,2,2,0
1034304,31995,2,1,1
5015728,31996,2,1,1
872408,31997,2,0,2
202368,31998,2,2,0
182992,31999,2,2,0
275704,32000,2,1,1
741712,32001,2,1,1
1988592,32002,2,1,1
919304,32003,2,1,1
692032,32004,2,1,1
593704,32005,2,2,0
581760,32006,2,2,0
156952,32007,2,2,0
1409792,32008,2,0,2
478960,32009,2,2,0
547872,32010,2,1,1
992176,32011,2,0,2
447944,32012,2,0,2
773960,32013,2,2,0
289448,32014,2,2,0
243000,32015,2,1,1
432928,32016,2,0,2
1926928,32017,2,1,1
690896,32018,2,2,0
402776,32019,2,2,0
160688,32020,2,0,2
399680,32021,2,1,1
384272,32022,2,1,1
162248,32023,2,1,1
186808,32024,2,1,1
105632,32025,2,1,1
438240,32026,2,1,1
593896,32027,2,2,0
460544,32028,2,2,0
964128,32029,2,1,1
866168,32030,2,1,1
2661256,32031,2,1,1
367224,32032,2,1,1
94024,32033,2,2,0
150368,32034,2,2,0
169688,32035,2,0,2
1025576,32036,2,1,1
636368,32037,2,1,1
4274112,32038,2,2,0
47544,32039,2,2,0
2633472,32040,2,1,1
1606288,32041,2,1,1
564824,32042,2,1,1
3421144,32043,2,1,1
237600,32044,2,1,1
1011768,32045,2,0,2
1867176,32046,2,2,0
268928,32047,2,1,1
134512,32048,2,1,1
1436080,32049,2,1,1
725656,32050,2,2,0
274696,32051,2,0,2
3200272,32052,2,1,1
304744,32053,2,1,1
142064,32054,2,1,1
721552,32055,2,0,2
744960,32056,2,2,0
721064,32057,2,1,1
871584,32058,2,1,1
455056,32059,2,1,1
963280,32060,2,0,2
973128,32061,2,1,1
287096,32062,2,0,2
1442504,32063,2,1,1
227944,32064,2,1,1
6092224,32065,2,1,1
795464,32066,2,1,1
615512,32067,2,0,2
133152,32068,2,1,1
359000,32069,2,1,1
134632,32070,2,2,0
5498744,32071,2,0,2
313416,32072,2,1,1
488560,32073,2,0,2
311904,32074,2,1,1
218840,32075,2,1,1
2012168,32076,2,2,0
308648,32077,2,2,0
1643720,32078,2,1,1
5311944,32079,2,1,1
983296,32080,2,0,2
520200,32081,2,2,0
1006032,32082,2,1,1
6294864,32083,2,1,1
7324456,32084,2,0,2
375680,32085,2,1,1
724760,32086,2,2,0
1934528,32087,2,1,1
448776,32088,2,2,0
876152,32089,2,2,0
812760,32090,2,1,1
201456,32091,2,1,1
1603184,32092,2,0,2
4213696,32093,2,1,1
3289560,32094,2,1,1
922888,32095,2,1,1
289072,32096,2,1,1
514104,32097,2,0,2
230216,32098,2,1,1
2810936,32099,2,1,1
691368,32100,2,1,1
281224,32101,2,1,1
1360848,32102,2,1,1
112536,32103,2,1,1
1324568,32104,2,1,1
2182616,32105,2,2,0
390304,32106,2,1,1
1464712,32107,2,1,1
4664648,32108,2,1,1
209896,32109,2,2,0
1285600,32110,2,0,2
132912,32111,2,1,1
208192,32112,2,2,0
425944,32113,2,0,2
583664,32114,2,0,2
222616,32115,2,1,1
390864,32116,2,1,1
2713296,32117,2,2,0
277744,32118,2,0,2
299472,32119,2,2,0
757944,32120,2,1,1
3020520,32121,2,0,2
914296,32122,2,2,0
3664408,32123,2,1,1
827064,32124,2,1,1
731328,32125,2,2,0
387664,32126,2,2,0
459736,32127,2,1,1
939824,32128,2,0,2
960128,32129,2,1,1
465096,32130,2,0,2
5513816,32131,2,1,1
1388680,32132,2,1,1
1968336,32133,2,2,0
398912,32134,2,1,1
504224,32135,2,1,1
295736,32136,2,0,2
762152,32137,2,1,1
82392,32138,2,1,1
1213816,32139,2,2,0
1644560,32140,2,1,1
1114368,32141,2,0,2
1225616,32142,2,1,1
1198792,32143,2,0,2
1751896,32144,2,1,1
1435168,32145,2,1,1
2503072,32146,2,2,0
505896,32147,2,1,1
394320,32148,2,1,1
216416,32149,2,2,0
1324256,32150,2,1,1
1779048,32151,2,1,1
325256,32152,2,2,0
291592,32153,2,1,1
1161272,32154,2,1,1
372280,32155,2,1,1
385136,32156,2,1,1
2525688,32157,2,0,2
1123360,32158,2,1,1
886432,32159,2,1,1
563464,32160,2,1,1
424368,32161,2,1,1
539360,32162,2,2,0
831264,32163,2,1,1
1516936,32164,2,2,0
348264,32165,2,2,0
482864,32166,2,1,1
212624,32167,2,1,1
1171952,32168,2,1,1
331640,32169,2,1,1
708904,32170,2,2,0
179760,32171,2,2,0
927424,32172,2,1,1
2124960,32173,2,1,1
951776,32174,2,1,1
1668960,32175,2,0,2
1406448,32176,2,1,1
567072,32177,2,1,1
2240920,32178,2,0,2
896064,32179,2,2,0
471032,32180,2,1,1
4734456,32181,2,0,2
128816,32182,2,1,1
1106696,32183,2,0,2
1886736,32184,2,1,1
185960,32185,2,2,0
6820896,32186,2,2,0
345248,32187,2,2,0
80312,32188,2,2,0
247144,32189,2,1,1
2894696,32190,2,0,2
893736,32191,2,2,0
727160,32192,2,1,1
1178872,32193,2,0,2
104672,32194,2,2,0
145368,32195,2,1,1
1685776,32196,2,1,1
287904,32197,2,2,0
562856,32198,2,2,0
195568,32199,2,2,0
2119256,32200,2,1,1
1664272,32201,2,1,1
237376,32202,2,1,1
1010120,32203,2,1,1
7462112,32204,2,0,2
866016,32205,2,1,1
317848,32206,2,1,1
344104,32207,2,0,2
128024,32208,2,0,2
992024,32209,2,1,1
181608,32210,2,2,0
283376,32211,2,1,1
666864,32212,2,1,1
2101864,32213,2,1,1
7618664,32214,2,1,1
706040,32215,2,0,2
499784,32216,2,1,1
108864,32217,2,1,1
1243752,32218,2,0,2
420040,32219,2,0,2
1533824,32220,2,1,1
1484544,32221,2,1,1
232512,32222,2,1,1
4596408,32223,2,0,2
533376,32224,2,1,1
241064,32225,2,1,1
130368,32226,2,1,1
915272,32227,2,0,2
251224,32228,2,0,2
3335968,32229,2,2,0
1947144,32230,2,1,1
395776,32231,2,0,2
301312,32232,2,1,1
900568,32233,2,2,0
797824,32234,2,0,2
992504,32235,2,1,1
1143888,32236,2,1,1
1412248,32237,2,2,0
289656,32238,2,0,2
341712,32239,2,0,2
1577240,32240,2,1,1
132800,32241,2,0,2
278216,32242,2,2,0
1578560,32243,2,0,2
525928,32244,2,1,1
4937968,32245,2,2,0
1006848,32246,2,1,1
1263152,32247,2,1,1
58096,32248,2,2,0
1511976,32249,2,0,2
411856,32250,2,0,2
127312,32251,2,2,0
722552,32252,2,2,0
618512,32253,2,1,1
1803488,32254,2,0,2
466936,32255,2,2,0
135664,32256,2,2,0
784808,32257,2,1,1
217448,32258,2,0,2
684128,32259,2,2,0
659120,32260,2,1,1
2673800,32261,2,1,1
962344,32262,2,1,1
270232,32263,2,2,0
1563768,32264,2,2,0
226824,32265,2,1,1
355472,32266,2,2,0
534592,32267,2,1,1
312584,32268,2,0,2
148080,32269,2,2,0
476904,32270,2,1,1
256576,32271,2,1,1
818024,32272,2,1,1
931808,32273,2,0,2
559608,32274,2,0,2
1939552,32275,2,0,2
273552,32276,2,0,2
908648,32277,2,1,1
189136,32278,2,0,2
1686464,32279,2,0,2
392840,32280,2,0,2
1448328,32281,2,1,1
143920,32282,2,0,2
4023216,32283,2,0,2
1531544,32284,2,1,1
298256,32285,2,0,2
85808,32286,2,1,1
7937968,32287,2,2,0
711272,32288,2,1,1
756768,32289,2,1,1
3098616,32290,2,1,1
428104,32291,2,1,1
1255752,32292,2,0,2
6108088,32293,2,0,2
2937880,32294,2,1,1
2512208,32295,2,0,2
5477464,32296,2,1,1
1491976,32297,2,1,1
388224,32298,2,1,1
3983800,32299,2,1,1
915144,32300,2,1,1
1276136,32301,2,0,2
5752152,32302,2,0,2
498928,32303,2,1,1
523736,32304,2,0,2
491768,32305,2,1,1
4579160,32306,2,2,0
960384,32307,2,1,1
709416,32308,2,2,0
5779248,32309,2,0,2
2134464,32310,2,0,2
1855576,32311,2,2,0
2977072,32312,2,2,0
734464,32313,2,2,0
333712,32314,2,0,2
6295808,32315,2,0,2
102576,32316,2,0,2
633896,32317,2,0,2
4555408,32318,2,1,1
332208,32319,2,1,1
810104,32320,2,2,0
2909440,32321,2,0,2
501640,32322,2,0,2
540240,32323,2,2,0
493792,32324,2,1,1
420632,32325,2,1,1
786296,32326,2,0,2
706008,32327,2,1,1
472672,32328,2,0,2
482480,32329,2,2,0
494320,32330,2,2,0
5527920,32331,2,1,1
303376,32332,2,2,0
865664,32333,2,1,1
991672,32334,2,1,1
305440,32335,2,2,0
255664,32336,2,0,2
339848,32337,2,0,2
152104,32338,2,2,0
1237496,32339,2,1,1
484872,32340,2,2,0
388968,32341,2,2,0
454088,32342,2,1,1
272768,32343,2,1,1
1914808,32344,2,0,2
84928,32345,2,0,2
5012088,32346,2,2,0
147256,32347,2,1,1
7541608,32348,2,2,0
1629968,32349,2,0,2
253456,32350,2,2,0
1405616,32351,2,0,2
265584,32352,2,1,1
84304,32353,2,2,0
607256,32354,2,2,0
339840,32355,2,1,1
4745464,32356,2,2,0
2232680,32357,2,1,1
420408,32358,2,1,1
2076744,32359,2,2,0
221880,32360,2,0,2
951744,32361,2,1,1
481416,32362,2,1,1
245528,32363,2,1,1
187232,32364,2,2,0
314472,32365,2,2,0
242080,32366,2,1,1
555984,32367,2,1,1
221248,32368,2,1,1
872928,32369,2,0,2
97472,32370,2,2,0
4363616,32371,2,1,1
2007600,32372,2,1,1
1312440,32373,2,1,1
654200,32374,2,0,2
1222240,32375,2,2,0
382320,32376,2,2,0
3134448,32377,2,1,1
368544,32378,2,0,2
5201792,32379,2,0,2
5931216,32380,2,2,0
200328,32381,2,1,1
1959256,32382,2,2,0
1641008,32383,2,2,0
563712,32384,2,0,2
531520,32385,2,1,1
5192536,32386,2,0,2
590800,32387,2,1,1
588496,32388,2,1,1
236584,32389,2,0,2
744344,32390,2,1,1
7594816,32391,2,2,0
1107728,32392,2,2,0
249840,32393,2,1,1
255416,32394,2,2,0
138208,32395,2,0,2
68248,32396,2,0,2
551448,32397,2,2,0
2948440,32398,2,0,2
1213440,32399,2,1,1
459080,32400,2,0,2
8277464,32401,2,1,1
572976,32402,2,1,1
1391672,32403,2,1,1
229040,32404,2,2,0
147640,32405,2,0,2
1852032,32406,2,0,2
129952,32407,2,1,1
92920,32408,2,2,0
281296,32409,2,1,1
478496,32410,2,1,1
2361800,32411,2,2,0
285328,32412,2,1,1
281600,32413,2,2,0
4182624,32414,2,1,1
209096,32415,2,1,1
596200,32416,2,1,1
2311784,32417,2,1,1
457520,32418,2,2,0
2273736,32419,2,1,1
1755984,32420,2,0,2
577864,32421,2,1,1
440008,32422,2,2,0
263376,32423,2,1,1
701424,32424,2,1,1
3934184,32425,2,1,1
360856,32426,2,0,2
2443488,32427,2,0,2
954976,32428,2,1,1
787832,32429,2,0,2
1643688,32430,2,1,1
1096656,32431,2,1,1
980808,32432,2,1,1
228424,32433,2,1,1
191944,32434,2,2,0
467776,32435,2,2,0
5596920,32436,2,1,1
765832,32437,2,0,2
660040,32438,2,1,1
209424,32439,2,0,2
1060176,32440,2,1,1
1869256,32441,2,0,2
243408,32442,2,2,0
793832,32443,2,0,2
1464912,32444,2,2,0
254976,32445,2,1,1
458512,32446,2,1,1
3248240,32447,2,1,1
180984,32448,2,1,1
3518032,32449,2,0,2
6784352,32450,2,2,0
517320,32451,2,2,0
1251592,32452,2,1,1
205528,32453,2,0,2
228944,32454,2,1,1
919544,32455,2,1,1
652864,32456,2,2,0
768584,32457,2,1,1
185296,32458,2,1,1
127760,32459,2,1,1
323800,32460,2,0,2
6365224,32461,2,1,1
378816,32462,2,1,1
832952,32463,2,2,0
121264,32464,2,1,1
649104,32465,2,1,1
3869040,32466,2,1,1
286336,32467,2,1,1
175320,32468,2,1,1
170376,32469,2,2,0
100608,32470,2,0,2
269200,32471,2,0,2
1510968,32472,2,1,1
1038520,32473,2,0,2
287840,32474,2,1,1
854136,32475,2,2,0
1514880,32476,2,1,1
4148808,32477,2,1,1
48424,32478,2,1,1
260168,32479,2,2,0
210784,32480,2,2,0
448384,32481,2,2,0
285680,32482,2,0,2
431120,32483,2,1,1
397168,32484,2,0,2
386160,32485,2,1,1
653248,32486,2,0,2
121824,32487,2,2,0
285640,32488,2,2,0
199784,32489,2,1,1
5272808,32490,2,2,0
320976,32491,2,2,0
2426304,32492,2,1,1
297456,32493,2,1,1
966584,32494,2,1,1
92320,32495,2,1,1
678608,32496,2,1,1
746616,32497,2,1,1
103792,32498,2,1,1
937536,32499,2,2,0
337584,32500,2,2,0
549912,32501,2,2,0
714912,32502,2,2,0
357760,32503,2,1,1
1349584,32504,2,1,1
2095888,32505,2,0,2
3162312,32506,2,0,2
787624,32507,2,1,1
3589256,32508,2,1,1
1363144,32509,2,0,2
263856,32510,2,1,1
363320,32511,2,0,2
91848,32512,2,2,0
1576672,32513,2,2,0
798624,32514,2,1,1
666120,32515,2,2,0
4438520,32516,2,0,2
3336584,32517,2,0,2
312472,32518,2,0,2
294072,32519,2,0,2
1562728,32520,2,1,1
247792,32521,2,1,1
2756872,32522,2,0,2
1006496,32523,2,1,1
225344,32524,2,1,1
361264,32525,2,0,2
7271992,32526,2,1,1
461000,32527,2,0,2
171040,32528,2,2,0
241864,32529,2,1,1
2406496,32530,2,1,1
2507200,32531,2,2,0
983248,32532,2,2,0
4961032,32533,2,1,1
559856,32534,2,2,0
527160,32535,2,1,1
134208,32536,2,1,1
3178872,32537,2,2,0
299568,32538,2,1,1
883784,32539,2,1,1
628680,32540,2,1,1
445968,32541,2,1,1
403416,32542,2,1,1
243680,32543,2,1,1
997272,32544,2,1,1
797808,32545,2,1,1
3465056,32546,2,1,1
395376,32547,2,2,0
1790032,32548,2,1,1
235288,32549,2,1,1
725368,32550,2,2,0
155160,32551,2,1,1
331720,32552,2,0,2
7389016,32553,2,2,0
1773840,32554,2,1,1
4469752,32555,2,1,1
514448,32556,2,1,1
240104,32557,2,2,0
226136,32558,2,2,0
457416,32559,2,1,1
314528,32560,2,1,1
71760,32561,2,0,2
652448,32562,2,0,2
977328,32563,2,0,2
4595144,32564,2,1,1
704360,32565,2,1,1
143696,32566,2,2,0
1041520,32567,2,0,2
82720,32568,2,0,2
712552,32569,2,2,0
148600,32570,2,0,2
500024,32571,2,0,2
467240,32572,2,0,2
431360,32573,2,1,1
135952,32574,2,0,2
1179104,32575,2,2,0
951216,32576,2,0,2
4998728,32577,2,1,1
4370624,32578,2,1,1
2873800,32579,2,0,2
2637248,32580,2,1,1
510696,32581,2,1,1
318624,32582,2,0,2
1250200,32583,2,2,0
80760,32584,2,0,2
300464,32585,2,1,1
224464,32586,2,1,1
615760,32587,2,2,0
185032,32588,2,1,1
764944,32589,2,2,0
273440,32590,2,2,0
3292784,32591,2,2,0
98568,32592,2,0,2
113408,32593,2,1,1
332088,32594,2,0,2
2251496,32595,2,0,2
1221904,32596,2,0,2
242616,32597,2,1,1
180000,32598,2,0,2
303712,32599,2,0,2
536872,32600,2,1,1
983480,32601,2,2,0
545792,32602,2,2,0
84680,32603,2,2,0
182832,32604,2,0,2
144504,32605,2,2,0
122528,32606,2,1,1
3414056,32607,2,0,2
541312,32608,2,2,0
7616928,32609,2,1,1
150312,32610,2,2,0
78816,32611,2,1,1
980400,32612,2,1,1
8122952,32613,2,1,1
601928,32614,2,2,0
362664,32615,2,1,1
2254720,32616,2,2,0
866216,32617,2,1,1
328808,32618,2,1,1
2809560,32619,2,2,0
271192,32620,2,1,1
97664,32621,2,1,1
3293528,32622,2,1,1
606512,32623,2,1,1
1308200,32624,2,0,2
662848,32625,2,2,0
101344,32626,2,1,1
1550464,32627,2,1,1
213440,32628,2,1,1
1460312,32629,2,1,1
597776,32630,2,1,1
523560,32631,2,0,2
1272952,32632,2,1,1
457016,32633,2,0,2
648616,32634,2,1,1
325408,32635,2,1,1
1601904,32636,2,1,1
476464,32637,2,2,0
1229448,32638,2,2,0
884784,32639,2,0,2
332680,32640,2,1,1
1121544,32641,2,1,1
1064344,32642,2,1,1
4589024,32643,2,0,2
1426608,32644,2,1,1
3921552,32645,2,1,1
3120840,32646,2,2,0
712440,32647,2,2,0
118720,32648,2,1,1
74104,32649,2,1,1
708016,32650,2,0,2
743264,32651,2,2,0
296016,32652,2,0,2
189824,32653,2,2,0
521480,32654,2,0,2
741192,32655,2,1,1
479760,32656,2,0,2
938800,32657,2,2,0
441232,32658,2,1,1
624744,32659,2,0,2
167440,32660,2,2,0
2523568,32661,2,1,1
822328,32662,2,2,0
511728,32663,2,0,2
1770496,32664,2,1,1
64336,32665,2,0,2
515720,32666,2,1,1
552112,32667,2,0,2
586840,32668,2,1,1
113872,32669,2,2,0
496352,32670,2,1,1
543112,32671,2,2,0
2464608,32672,2,1,1
1205608,32673,2,1,1
95184,32674,2,0,2
338584,32675,2,1,1
192568,32676,2,1,1
49080,32677,2,0,2
3311200,32678,2,1,1
607088,32679,2,1,1
1351704,32680,2,1,1
209760,32681,2,0,2
2192768,32682,2,2,0
942464,32683,2,1,1
1766824,32684,2,2,0
854208,32685,2,2,0
599552,32686,2,0,2
3082216,32687,2,1,1
76696,32688,2,0,2
824592,32689,2,1,1
156400,32690,2,1,1
155008,32691,2,2,0
405568,32692,2,1,1
524728,32693,2,1,1
626328,32694,2,0,2
942512,32695,2,0,2
339184,32696,2,2,0
460232,32697,2,1,1
216584,32698,2,1,1
6432600,32699,2,0,2
415728,32700,2,1,1
346784,32701,2,1,1
251448,32702,2,1,1
785264,32703,2,1,1
870280,32704,2,1,1
883760,32705,2,1,1
241280,32706,2,1,1
248104,32707,2,0,2
759696,32708,2,1,1
91680,32709,2,1,1
2495600,32710,2,2,0
1864856,32711,2,0,2
622120,32712,2,1,1
1400192,32713,2,0,2
1089768,32714,2,1,1
481992,32715,2,0,2
2259600,32716,2,1,1
285360,32717,2,1,1
505096,32718,2,1,1
1811600,32719,2,1,1
254288,32720,2,0,2
2868056,32721,2,0,2
1311080,32722,2,1,1
1196824,32723,2,1,1
191784,32724,2,0,2
1270136,32725,2,0,2
203800,32726,2,0,2
3951000,32727,2,0,2
688424,32728,2,1,1
115648,32729,2,1,1
703448,32730,2,2,0
931472,32731,2,2,0
804168,32732,2,2,0
202320,32733,2,0,2
509176,32734,2,1,1
789208,32735,2,0,2
160760,32736,2,2,0
3930048,32737,2,1,1
317016,32738,2,1,1
2372952,32739,2,1,1
572664,32740,2,1,1
343280,32741,2,2,0
3425024,32742,2,2,0
3385520,32743,2,1,1
456088,32744,2,2,0
3123440,32745,2,1,1
4116208,32746,2,0,2
305728,32747,2,1,1
50776,32748,2,2,0
7530664,32749,2,0,2
412256,32750,2,0,2
935872,32751,2,0,2
1419368,32752,2,1,1
354152,32753,2,1,1
571800,32754,2,1,1
1258784,32755,2,0,2
1064112,32756,2,1,1
1752240,32757,2,1,1
916536,32758,2,1,1
7236064,32759,2,1,1
529480,32760,2,0,2
322288,32761,2,2,0
1115464,32762,2,0,2
2050104,32763,2,0,2
137784,32764,2,0,2
334152,32765,2,0,2
117576,32766,2,1,1
617632,32767,2,1,1
798936,32768,2,1,1
565432,32769,2,0,2
356984,32770,2,0,2
313120,32771,2,0,2
829472,32772,2,1,1
7254136,32773,2,1,1
1150072,32774,2,1,1
288552,32775,2,0,2
1070408,32776,2,0,2
2307896,32777,2,1,1
535288,32778,2,2,0
710160,32779,2,0,2
399464,32780,2,0,2
579752,32781,2,1,1
146928,32782,2,1,1
4253488,32783,2,1,1
436440,32784,2,0,2
128192,32785,2,0,2
540904,32786,2,1,1
391184,32787,2,2,0
1787528,32788,2,1,1
1281952,32789,2,1,1
1060784,32790,2,2,0
588664,32791,2,1,1
7437792,32792,2,2,0
2716952,32793,2,0,2
126600,32794,2,1,1
496072,32795,2,0,2
595888,32796,2,0,2
468096,32797,2,1,1
2226288,32798,2,1,1
992720,32799,2,1,1
1268744,32800,2,1,1
3711880,32801,2,2,0
190560,32802,2,1,1
438336,32803,2,1,1
225096,32804,2,1,1
721184,32805,2,1,1
498208,32806,2,2,0
392016,32807,2,1,1
100808,32808,2,2,0
158824,32809,2,0,2
300824,32810,2,1,1
609144,32811,2,2,0
126632,32812,2,2,0
389008,32813,2,1,1
113144,32814,2,0,2
326216,32815,2,0,2
877304,32816,2,2,0
2571608,32817,2,0,2
299936,32818,2,2,0
398960,32819,2,2,0
2504376,32820,2,2,0
4034488,32821,2,0,2
2058464,32822,2,1,1
460184,32823,2,0,2
185280,32824,2,1,1
78320,32825,2,1,1
851704,32826,2,1,1
272296,32827,2,1,1
1140296,32828,2,0,2
2457440,32829,2,1,1
3526464,32830,2,1,1
550024,32831,2,1,1
677736,32832,2,1,1
330888,32833,2,1,1
95040,32834,2,1,1
455440,32835,2,1,1
161208,32836,2,1,1
2135184,32837,2,1,1
332392,32838,2,0,2
1830712,32839,2,1,1
133368,32840,2,1,1
4523096,32841,2,1,1
1651136,32842,2,2,0
1586744,32843,2,1,1
186360,32844,2,1,1
1102664,32845,2,0,2
665432,32846,2,2,0
402640,32847,2,1,1
1149960,32848,2,2,0
919176,32849,2,0,2
3206568,32850,2,1,1
475128,32851,2,0,2
293160,32852,2,2,0
716560,32853,2,0,2
267376,32854,2,1,1
164024,32855,2,2,0
151056,32856,2,0,2
6651648,32857,2,0,2
344032,32858,2,0,2
1890496,32859,2,0,2
839320,32860,2,1,1
400560,32861,2,2,0
4321536,32862,2,1,1
6752440,32863,2,0,2
666336,32864,2,1,1
552744,32865,2,2,0
64000,32866,2,2,0
5378880,32867,2,0,2
200400,32868,2,2,0
322224,32869,2,0,2
359416,32870,2,2,0
306296,32871,2,1,1
3535056,32872,2,1,1
956840,32873,2,0,2
581712,32874,2,2,0
213296,32875,2,0,2
4861848,32876,2,2,0
896280,32877,2,0,2
791768,32878,2,0,2
521888,32879,2,1,1
85152,32880,2,1,1
373712,32881,2,0,2
379936,32882,2,0,2
110152,32883,2,2,0
423048,32884,2,1,1
266544,32885,2,1,1
2365680,32886,2,0,2
74840,32887,2,1,1
329912,32888,2,1,1
7041408,32889,2,1,1
330240,32890,2,0,2
141408,32891,2,1,1
2684384,32892,2,1,1
667096,32893,2,1,1
311560,32894,2,0,2
3211856,32895,2,0,2
118728,32896,2,2,0
114864,32897,2,2,0
121224,32898,2,0,2
144112,32899,2,1,1
261360,32900,2,1,1
156824,32901,2,0,2
304448,32902,2,1,1
486888,32903,2,1,1
258880,32904,2,2,0
470904,32905,2,2,0
2324376,32906,2,0,2
3881824,32907,2,1,1
693536,32908,2,0,2
554680,32909,2,1,1
115808,32910,2,1,1
330688,32911,2,1,1
118448,32912,2,2,0
2228448,32913,2,1,1
151888,32914,2,1,1
2810016,32915,2,1,1
5009576,32916,2,1,1
129792,32917,2,2,0
368744,32918,2,2,0
584264,32919,2,1,1
679936,32920,2,2,0
1953912,32921,2,0,2
312720,32922,2,1,1
7875160,32923,2,1,1
418760,32924,2,1,1
160400,32925,2,1,1
144144,32926,2,1,1
191120,32927,2,1,1
3970368,32928,2,1,1
134832,32929,2,0,2
238432,32930,2,1,1
1679224,32931,2,0,2
5700304,32932,2,1,1
317344,32933,2,0,2
137448,32934,2,2,0
1866432,32935,2,1,1
729016,32936,2,2,0
298824,32937,2,2,0
394280,32938,2,1,1
165856,32939,2,2,0
553272,32940,2,2,0
3384184,32941,2,2,0
528744,32942,2,0,2
1619712,32943,2,0,2
168248,32944,2,2,0
477200,32945,2,1,1
4757704,32946,2,1,1
718760,32947,2,2,0
753456,32948,2,0,2
186320,32949,2,1,1
141608,32950,2,1,1
1316376,32951,2,2,0
201072,32952,2,1,1
148840,32953,2,0,2
610216,32954,2,1,1
448992,32955,2,1,1
2658832,32956,2,1,1
117784,32957,2,2,0
4683192,32958,2,1,1
229264,32959,2,2,0
936136,32960,2,1,1
4963192,32961,2,1,1
133440,32962,2,0,2
3436864,32963,2,1,1
1312728,32964,2,0,2
91320,32965,2,1,1
714008,32966,2,0,2
1989968,32967,2,0,2
367912,32968,2,1,1
2636784,32969,2,0,2
1119792,32970,2,1,1
82512,32971,2,1,1
248872,32972,2,0,2
1645400,32973,2,2,0
585760,32974,2,1,1
224472,32975,2,1,1
2029632,32976,2,1,1
479200,32977,2,2,0
1028584,32978,2,2,0
447552,32979,2,1,1
369640,32980,2,0,2
82640,32981,2,1,1
416048,32982,2,1,1
851456,32983,2,1,1
737488,32984,2,1,1
292472,32985,2,2,0
154632,32986,2,1,1
530800,32987,2,0,2
6525136,32988,2,1,1
431320,32989,2,1,1
292512,32990,2,0,2
2410512,32991,2,1,1
1818712,32992,2,0,2
3165296,32993,2,1,1
318216,32994,2,1,1
490496,32995,2,0,2
117320,32996,2,1,1
6626760,32997,2,0,2
7291608,32998,2,1,1
1380616,32999,2,2,0
4605688,33000,2,1,1
366552,33001,2,2,0
892560,33002,2,2,0
3004840,33003,2,0,2
126904,33004,2,0,2
452888,33005,2,0,2
3015800,33006,2,2,0
421728,33007,2,2,0
461496,33008,2,2,0
340784,33009,2,1,1
3573448,33010,2,2,0
792168,33011,2,1,1
759152,33012,2,0,2
376536,33013,2,0,2
620408,33014,2,0,2
1230184,33015,2,1,1
1019608,33016,2,2,0
1974136,33017,2,2,0
134296,33018,2,1,1
1238480,33019,2,2,0
1626104,33020,2,1,1
466928,33021,2,2,0
282896,33022,2,1,1
989624,33023,2,1,1
426840,33024,2,0,2
3897336,33025,2,1,1
190760,33026,2,1,1
383424,33027,2,1,1
512448,33028,2,1,1
297840,33029,2,1,1
60352,33030,2,1,1
440056,33031,2,2,0
296728,33032,2,0,2
96416,33033,2,2,0
7063744,33034,2,1,1
478096,33035,2,1,1
727464,33036,2,0,2
961752,33037,2,1,1
596744,33038,2,1,1
8247856,33039,2,0,2
168872,33040,2,1,1
2161504,33041,2,1,1
546856,33042,2,0,2
4461856,33043,2,1,1
241416,33044,2,2,0
107008,33045,2,1,1
127784,33046,2,0,2
803104,33047,2,1,1
2555272,33048,2,1,1
170224,33049,2,1,1
538704,33050,2,1,1
421904,33051,2,2,0
394704,33052,2,0,2
114168,33053,2,0,2
1595480,33054,2,1,1
6561592,33055,2,1,1
3246816,33056,2,1,1
592576,33057,2,2,0
6387720,33058,2,1,1
148968,33059,2,2,0
501272,33060,2,0,2
312248,33061,2,1,1
270520,33062,2,0,2
691376,33063,2,1,1
6381152,33064,2,1,1
397640,33065,2,0,2
824480,33066,2,1,1
1168504,33067,2,1,1
145672,33068,2,0,2
556280,33069,2,1,1
274296,33070,2,0,2
942864,33071,2,1,1
364680,33072,2,1,1
729048,33073,2,2,0
651656,33074,2,1,1
1163872,33075,2,1,1
2479800,33076,2,1,1
217632,33077,2,0,2
293416,33078,2,1,1
2417704,33079,2,0,2
185824,33080,2,1,1
1684968,33081,2,1,1
898152,33082,2,2,0
1009352,33083,2,1,1
842152,33084,2,1,1
334632,33085,2,0,2
6784040,33086,2,1,1
152080,33087,2,1,1
915104,33088,2,0,2
596752,33089,2,1,1
985720,33090,2,1,1
2216720,33091,2,1,1
524896,33092,2,2,0
1195160,33093,2,1,1
2418208,33094,2,0,2
555752,33095,2,0,2
1271568,33096,2,1,1
703112,33097,2,0,2
194456,33098,2,1,1
1015128,33099,2,1,1
5912656,33100,2,0,2
4592416,33101,2,2,0
1090816,33102,2,1,1
2358704,33103,2,0,2
111672,33104,2,0,2
768568,33105,2,1,1
328576,33106,2,1,1
351320,33107,2,1,1
300296,33108,2,0,2
155512,33109,2,1,1
498680,33110,2,1,1
314448,33111,2,2,0
182448,33112,2,0,2
323288,33113,2,0,2
521632,33114,2,0,2
1152160,33115,2,1,1
802592,33116,2,1,1
182288,33117,2,1,1
2238840,33118,2,0,2
614216,33119,2,1,1
506048,33120,2,2,0
642920,33121,2,0,2
326176,33122,2,0,2
70816,33123,2,0,2
1844080,33124,2,1,1
1407392,33125,2,0,2
309680,33126,2,0,2
3277272,33127,2,0,2
641680,33128,2,2,0
1032416,33129,2,1,1
2261648,33130,2,0,2
708352,33131,2,1,1
396088,33132,2,1,1
816928,33133,2,1,1
311024,33134,2,1,1
1316000,33135,2,0,2
3140352,33136,2,0,2
8196208,33137,2,1,1
114920,33138,2,1,1
310064,33139,2,1,1
4567488,33140,2,1,1
1424936,33141,2,0,2
3272464,33142,2,0,2
725128,33143,2,0,2
241832,33144,2,0,2
379344,33145,2,1,1
2269816,33146,2,1,1
342928,33147,2,2,0
575064,33148,2,1,1
259888,33149,2,1,1
217736,33150,2,0,2
346840,33151,2,1,1
401128,33152,2,1,1
6805048,33153,2,2,0
3032200,33154,2,0,2
2799864,33155,2,1,1
209496,33156,2,0,2
931648,33157,2,0,2
1777024,33158,2,2,0
4340504,33159,2,1,1
129032,33160,2,2,0
671264,33161,2,2,0
646992,33162,2,1,1
1646272,33163,2,1,1
858016,33164,2,1,1
733768,33165,2,1,1
114280,33166,2,1,1
1230976,33167,2,2,0
835000,33168,2,1,1
278744,33169,2,2,0
494664,33170,2,2,0
245448,33171,2,1,1
355224,33172,2,2,0
5249160,33173,2,0,2
814216,33174,2,2,0
1531264,33175,2,2,0
284600,33176,2,1,1
434256,33177,2,0,2
373408,33178,2,1,1
458784,33179,2,0,2
630224,33180,2,0,2
345160,33181,2,2,0
3131224,33182,2,0,2
1033720,33183,2,0,2
883024,33184,2,2,0
203136,33185,2,1,1
250120,33186,2,2,0
234760,33187,2,1,1
102064,33188,2,1,1
5993120,33189,2,2,0
164360,33190,2,1,1
741352,33191,2,0,2
639880,33192,2,2,0
600432,33193,2,1,1
369824,33194,2,0,2
1373152,33195,2,1,1
1461200,33196,2,1,1
175952,33197,2,1,1
794544,33198,2,2,0
1451440,33199,2,0,2
667576,33200,2,1,1
255568,33201,2,0,2
688392,33202,2,0,2
936944,33203,2,0,2
434448,33204,2,0,2
842312,33205,2,2,0
225200,33206,2,2,0
2536320,33207,2,0,2
129936,33208,2,0,2
658952,33209,2,1,1
361544,33210,2,0,2
760224,33211,2,1,1
528928,33212,2,2,0
147400,33213,2,1,1
774984,33214,2,0,2
924688,33215,2,2,0
2088176,33216,2,2,0
117192,33217,2,1,1
161952,33218,2,0,2
389576,33219,2,1,1
452696,33220,2,2,0
1667352,33221,2,1,1
418112,33222,2,2,0
254360,33223,2,1,1
1364040,33224,2,1,1
1525512,33225,2,1,1
5005960,33226,2,1,1
792416,33227,2,2,0
857824,33228,2,1,1
653704,33229,2,2,0
5524040,33230,2,1,1
957736,33231,2,2,0
5073232,33232,2,1,1
950656,33233,2,1,1
364192,33234,2,1,1
825224,33235,2,1,1
2172088,33236,2,0,2
1165368,33237,2,2,0
652464,33238,2,1,1
4801944,33239,2,1,1
1054608,33240,2,1,1
821720,33241,2,1,1
2010080,33242,2,2,0
872696,33243,2,1,1
380824,33244,2,1,1
378784,33245,2,2,0
94000,33246,2,2,0
165776,33247,2,1,1
235920,33248,2,2,0
747152,33249,2,2,0
1028336,33250,2,2,0
1268136,33251,2,0,2
2206392,33252,2,0,2
1047320,33253,2,0,2
313632,33254,2,2,0
324936,33255,2,0,2
151512,33256,2,1,1
6724552,33257,2,1,1
384848,33258,2,0,2
6422280,33259,2,2,0
475856,33260,2,1,1
478152,33261,2,1,1
420912,33262,2,1,1
521584,33263,2,2,0
491752,33264,2,1,1
169992,33265,2,0,2
207376,33266,2,0,2
284240,33267,2,1,1
582440,33268,2,1,1
378608,33269,2,1,1
164064,33270,2,1,1
4203328,33271,2,1,1
307144,33272,2,1,1
2035640,33273,2,2,0
151264,33274,2,2,0
137904,33275,2,2,0
777672,33276,2,1,1
296776,33277,2,1,1
89264,33278,2,0,2
3831720,33279,2,1,1
608376,33280,2,2,0
66736,33281,2,0,2
540544,33282,2,2,0
168808,33283,2,2,0
171224,33284,2,2,0
4954224,33285,2,1,1
1539888,33286,2,1,1
1412344,33287,2,0,2
4579720,33288,2,1,1
191856,33289,2,2,0
1032936,33290,2,1,1
1129264,33291,2,1,1
711432,33292,2,1,1
2184952,33293,2,1,1
1472744,33294,2,0,2
41896,33295,2,1,1
3711360,33296,2,1,1
1348648,33297,2,1,1
3170880,33298,2,0,2
557488,33299,2,0,2
2620120,33300,2,1,1
2308472,33301,2,0,2
3037944,33302,2,0,2
477176,33303,2,2,0
2865320,33304,2,2,0
166816,33305,2,1,1
294264,33306,2,1,1
1412560,33307,2,0,2
1783744,33308,2,2,0
1184712,33309,2,2,0
87432,33310,2,0,2
731720,33311,2,0,2
130024,33312,2,1,1
974352,33313,2,1,1
432464,33314,2,1,1
848992,33315,2,1,1
273856,33316,2,1,1
954040,33317,2,1,1
843240,33318,2,0,2
352960,33319,2,0,2
565424,33320,2,1,1
853040,33321,2,1,1
150192,33322,2,2,0
86984,33323,2,1,1
2549120,33324,2,1,1
5516872,33325,2,2,0
528896,33326,2,1,1
518280,33327,2,1,1
797080,33328,2,1,1
1256240,33329,2,2,0
174744,33330,2,1,1
1662328,33331,2,1,1
400416,33332,2,0,2
171584,33333,2,0,2
1672592,33334,2,1,1
342416,33335,2,0,2
728696,33336,2,1,1
432184,33337,2,2,0
165304,33338,2,0,2
3473936,33339,2,1,1
1140136,33340,2,1,1
627424,33341,2,0,2
275008,33342,2,2,0
1872872,33343,2,0,2
2932504,33344,2,1,1
2892664,33345,2,1,1
146048,33346,2,2,0
748424,33347,2,1,1
556720,33348,2,0,2
1805552,33349,2,2,0
707704,33350,2,0,2
226448,33351,2,0,2
1578488,33352,2,1,1
196592,33353,2,2,0
151792,33354,2,2,0
641296,33355,2,1,1
124536,33356,2,0,2
504240,33357,2,1,1
99536,33358,2,2,0
135528,33359,2,1,1
135120,33360,2,1,1
947504,33361,2,1,1
144864,33362,2,0,2
269992,33363,2,0,2
1336800,33364,2,1,1
926744,33365,2,1,1
403096,33366,2,2,0
1224920,33367,2,2,0
1695072,33368,2,1,1
171288,33369,2,1,1
646424,33370,2,1,1
1586064,33371,2,1,1
2455424,33372,2,2,0
806672,33373,2,1,1
3467568,33374,2,1,1
6681248,33375,2,0,2
698112,33376,2,2,0
6618072,33377,2,1,1
229672,33378,2,1,1
241480,33379,2,2,0
298752,33380,2,1,1
3325624,33381,2,2,0
1043280,33382,2,1,1
254568,33383,2,1,1
2041336,33384,2,2,0
210056,33385,2,0,2
175224,33386,2,1,1
406088,33387,2,1,1
769608,33388,2,0,2
2055104,33389,2,1,1
2279672,33390,2,0,2
3713328,33391,2,1,1
834344,33392,2,2,0
317720,33393,2,1,1
257992,33394,2,1,1
5061952,33395,2,0,2
1298648,33396,2,0,2
186584,33397,2,1,1
305736,33398,2,2,0
432944,33399,2,1,1
858488,33400,2,1,1
337872,33401,2,0,2
277296,33402,2,1,1
514816,33403,2,0,2
1487288,33404,2,2,0
378960,33405,2,1,1
317688,33406,2,1,1
259904,33407,2,1,1
3385664,33408,2,2,0
1749952,33409,2,1,1
1233176,33410,2,0,2
167240,33411,2,1,1
1613096,33412,2,0,2
462576,33413,2,1,1
506168,33414,2,1,1
317176,33415,2,1,1
203008,33416,2,2,0
196616,33417,2,1,1
816120,33418,2,0,2
207752,33419,2,2,0
1272064,33420,2,1,1
2147920,33421,2,2,0
531024,33422,2,1,1
288424,33423,2,2,0
327224,33424,2,1,1
1867832,33425,2,1,1
1150216,33426,2,1,1
6850808,33427,2,0,2
433280,33428,2,0,2
175760,33429,2,0,2
95392,33430,2,2,0
5679800,33431,2,1,1
3649120,33432,2,1,1
250064,33433,2,2,0
121856,33434,2,2,0
456488,33435,2,1,1
321328,33436,2,0,2
1049240,33437,2,1,1
3911760,33438,2,1,1
117848,33439,2,1,1
147632,33440,2,1,1
548040,33441,2,2,0
1688920,33442,2,0,2
2383864,33443,2,0,2
3233696,33444,2,2,0
832768,33445,2,0,2
143688,33446,2,1,1
1005952,33447,2,2,0
509608,33448,2,1,1
244112,33449,2,0,2
386488,33450,2,1,1
3781808,33451,2,1,1
862464,33452,2,1,1
205744,33453,2,1,1
189936,33454,2,1,1
155640,33455,2,1,1
544616,33456,2,2,0
564768,33457,2,1,1
203296,33458,2,1,1
352336,33459,2,2,0
83712,33460,2,0,2
1357624,33461,2,1,1
141824,33462,2,1,1
409432,33463,2,1,1
1782328,33464,2,0,2
6254176,33465,2,1,1
2691384,33466,2,2,0
813600,33467,2,1,1
1438832,33468,2,2,0
283688,33469,2,1,1
228592,33470,2,1,1
236832,33471,2,1,1
811232,33472,2,1,1
3568232,33473,2,2,0
76256,33474,2,2,0
930664,33475,2,2,0
563536,33476,2,1,1
836096,33477,2,1,1
724776,33478,2,1,1
438496,33479,2,2,0
127752,33480,2,1,1
447440,33481,2,1,1
207880,33482,2,0,2
2701952,33483,2,1,1
3061528,33484,2,1,1
155400,33485,2,1,1
2770384,33486,2,1,1
338784,33487,2,1,1
1236360,33488,2,0,2
523104,33489,2,2,0
243128,33490,2,2,0
161776,33491,2,2,0
321488,33492,2,1,1
1908152,33493,2,1,1
3335984,33494,2,1,1
209440,33495,2,2,0
1198040,33496,2,2,0
7025256,33497,2,1,1
1149784,33498,2,2,0
99720,33499,2,1,1
1160976,33500,2,1,1
561200,33501,2,1,1
184672,33502,2,2,0
5233264,33503,2,2,0
568592,33504,2,2,0
138880,33505,2,1,1
94224,33506,2,1,1
79544,33507,2,1,1
545736,33508,2,1,1
139552,33509,2,2,0
381144,33510,2,0,2
127456,33511,2,1,1
2154720,33512,2,1,1
3110848,33513,2,1,1
1374216,33514,2,0,2
199480,33515,2,2,0
628000,33516,2,1,1
925680,33517,2,1,1
1030368,33518,2,1,1
2072504,33519,2,2,0
219928,33520,2,2,0
2077648,33521,2,1,1
5099024,33522,2,1,1
3065504,33523,2,0,2
269520,33524,2,1,1
851896,33525,2,2,0
7565288,33526,2,2,0
273624,33527,2,1,1
118944,33528,2,0,2
738488,33529,2,1,1
1160704,33530,2,2,0
342120,33531,2,1,1
1187048,33532,2,2,0
2551768,33533,2,0,2
164288,33534,2,1,1
625248,33535,2,1,1
2152960,33536,2,1,1
568240,33537,2,1,1
4297456,33538,2,0,2
312648,33539,2,1,1
1425776,33540,2,1,1
1532104,33541,2,1,1
1169520,33542,2,1,1
2015656,33543,2,0,2
169856,33544,2,0,2
111720,33545,2,2,0
529688,33546,2,2,0
193896,33547,2,1,1
238880,33548,2,1,1
166400,33549,2,0,2
133384,33550,2,1,1
450624,33551,2,1,1
135800,33552,2,1,1
704304,33553,2,1,1
570904,33554,2,0,2
606800,33555,2,2,0
854976,33556,2,0,2
395760,33557,2,0,2
160520,33558,2,0,2
455960,33559,2,2,0
333328,33560,2,1,1
653936,33561,2,1,1
213776,33562,2,0,2
713480,33563,2,2,0
155976,33564,2,1,1
728544,33565,2,1,1
496920,33566,2,0,2
3285784,33567,2,0,2
445704,33568,2,0,2
3845568,33569,2,1,1
225288,33570,2,2,0
412728,33571,2,0,2
636048,33572,2,2,0
161744,33573,2,0,2
348696,33574,2,0,2
74712,33575,2,1,1
674352,33576,2,2,0
279648,33577,2,1,1
231280,33578,2,2,0
937984,33579,2,0,2
497480,33580,2,1,1
214584,33581,2,0,2
3609680,33582,2,1,1
1341576,33583,2,1,1
80368,33584,2,1,1
4910096,33585,2,1,1
422368,33586,2,2,0
933216,33587,2,1,1
4787712,33588,2,1,1
273032,33589,2,2,0
718184,33590,2,1,1
317248,33591,2,2,0
465664,33592,2,1,1
4527264,33593,2,0,2
5966304,33594,2,0,2
1274112,33595,2,0,2
344072,33596,2,0,2
612448,33597,2,2,0
2028168,33598,2,0,2
1512176,33599,2,1,1
2552848,33600,2,1,1
618320,33601,2,1,1
1089376,33602,2,0,2
303456,33603,2,1,1
316072,33604,2,0,2
113968,33605,2,0,2
1735568,33606,2,1,1
1097832,33607,2,2,0
100144,33608,2,1,1
1584976,33609,2,1,1
82336,33610,2,2,0
394608,33611,2,1,1
468736,33612,2,1,1
195256,33613,2,0,2
194464,33614,2,0,2
406544,33615,2,1,1
211080,33616,2,2,0
254896,33617,2,2,0
1138512,33618,2,1,1
322856,33619,2,0,2
1958976,33620,2,0,2
1148080,33621,2,0,2
2345232,33622,2,1,1
1660304,33623,2,1,1
793984,33624,2,1,1
458200,33625,2,1,1
351872,33626,2,2,0
270688,33627,2,1,1
335816,33628,2,2,0
750960,33629,2,1,1
931752,33630,2,1,1
3094624,33631,2,1,1
1410392,33632,2,2,0
766664,33633,2,1,1
264104,33634,2,1,1
4094896,33635,2,2,0
219608,33636,2,1,1
413888,33637,2,1,1
1739056,33638,2,1,1
272184,33639,2,1,1
373936,33640,2,1,1
168224,33641,2,1,1
1790632,33642,2,1,1
713352,33643,2,1,1
527216,33644,2,0,2
7263288,33645,2,0,2
816800,33646,2,0,2
1103624,33647,2,2,0
3921520,33648,2,1,1
1361000,33649,2,1,1
8218320,33650,2,0,2
2502952,33651,2,1,1
135152,33652,2,1,1
468016,33653,2,2,0
303184,33654,2,0,2
294960,33655,2,1,1
241584,33656,2,2,0
8363448,33657,2,1,1
187504,33658,2,1,1
1114432,33659,2,0,2
975176,33660,2,0,2
2034888,33661,2,0,2
5102520,33662,2,2,0
697696,33663,2,1,1
1980440,33664,2,2,0
542048,33665,2,1,1
1639184,33666,2,1,1
2632992,33667,2,1,1
999376,33668,2,1,1
1342600,33669,2,0,2
358864,33670,2,1,1
382976,33671,2,0,2
2691984,33672,2,0,2
620720,33673,2,0,2
375760,33674,2,1,1
549952,33675,2,0,2
266032,33676,2,2,0
1064160,33677,2,1,1
1572544,33678,2,2,0
1496504,33679,2,1,1
767776,33680,2,0,2
2214944,33681,2,1,1
66768,33682,2,1,1
443480,33683,2,2,0
1462216,33684,2,2,0
962424,33685,2,0,2
2707168,33686,2,1,1
190056,33687,2,1,1
696424,33688,2,1,1
3697144,33689,2,2,0
375944,33690,2,1,1
173280,33691,2,2,0
659016,33692,2,1,1
729400,33693,2,0,2
252224,33694,2,1,1
273216,33695,2,0,2
604688,33696,2,2,0
104928,33697,2,1,1
466016,33698,2,1,1
1044816,33699,2,1,1
1294440,33700,2,1,1
597720,33701,2,0,2
157104,33702,2,2,0
428464,33703,2,0,2
756288,33704,2,1,1
617704,33705,2,1,1
1694504,33706,2,0,2
133728,33707,2,1,1
765368,33708,2,1,1
419184,33709,2,0,2
866280,33710,2,1,1
517928,33711,2,1,1
576120,33712,2,1,1
223240,33713,2,1,1
545128,33714,2,1,1
207264,33715,2,2,0
4216728,33716,2,2,0
287896,33717,2,0,2
3068864,33718,2,1,1
5430000,33719,2,0,2
948120,33720,2,1,1
2015344,33721,2,2,0
221448,33722,2,0,2
4842920,33723,2,1,1
359928,33724,2,1,1
455872,33725,2,0,2
692216,33726,2,1,1
1527440,33727,2,1,1
492808,33728,2,0,2
483664,33729,2,1,1
2374672,33730,2,2,0
1723040,33731,2,1,1
284752,33732,2,0,2
3871688,33733,2,0,2
284800,33734,2,2,0
282720,33735,2,1,1
95312,33736,2,2,0
1353696,33737,2,1,1
1450016,33738,2,2,0
496272,33739,2,2,0
7686168,33740,2,0,2
784504,33741,2,1,1
312464,33742,2,2,0
532544,33743,2,1,1
480816,33744,2,0,2
1082296,33745,2,0,2
450352,33746,2,2,0
1222584,33747,2,2,0
843008,33748,2,1,1
922912,33749,2,2,0
1177344,33750,2,1,1
424440,33751,2,2,0
1132888,33752,2,2,0
512936,33753,2,2,0
216808,33754,2,1,1
433136,33755,2,0,2
2556288,33756,2,1,1
548776,33757,2,1,1
559336,33758,2,1,1
1128264,33759,2,0,2
416488,33760,2,2,0
119176,33761,2,0,2
1073248,33762,2,0,2
517568,33763,2,1,1
936120,33764,2,1,1
108568,33765,2,1,1
769256,33766,2,1,1
738200,33767,2,0,2
271944,33768,2,1,1
541416,33769,2,1,1
210840,33770,2,1,1
2467720,33771,2,1,1
156384,33772,2,1,1
1460344,33773,2,2,0
2604784,33774,2,1,1
433800,33775,2,1,1
468712,33776,2,1,1
592848,33777,2,1,1
199616,33778,2,2,0
86752,33779,2,2,0
313904,33780,2,1,1
329136,33781,2,0,2
226696,33782,2,1,1
617592,33783,2,2,0
805584,33784,2,1,1
5195856,33785,2,1,1
1010104,33786,2,1,1
156040,33787,2,0,2
937384,33788,2,1,1
2218840,33789,2,1,1
682648,33790,2,0,2
302352,33791,2,1,1
219808,33792,2,1,1
389792,33793,2,1,1
2587120,33794,2,1,1
476808,33795,2,2,0
333368,33796,2,2,0
785952,33797,2,1,1
191712,33798,2,1,1
409448,33799,2,0,2
97288,33800,2,2,0
5883632,33801,2,0,2
3748792,33802,2,1,1
183512,33803,2,1,1
370064,33804,2,0,2
853752,33805,2,1,1
674048,33806,2,1,1
185792,33807,2,1,1
157216,33808,2,2,0
4017136,33809,2,0,2
68616,33810,2,2,0
1687464,33811,2,2,0
1724592,33812,2,1,1
2376272,33813,2,0,2
510336,33814,2,1,1
8049208,33815,2,1,1
5714368,33816,2,1,1
1368840,33817,2,0,2
908840,33818,2,0,2
3142304,33819,2,1,1
597952,33820,2,1,1
1223048,33821,2,1,1
563336,33822,2,1,1
2387800,33823,2,1,1
5722088,33824,2,0,2
1023984,33825,2,0,2
721808,33826,2,0,2
180528,33827,2,1,1
368104,33828,2,1,1
2665672,33829,2,0,2
1458744,33830,2,2,0
269536,33831,2,1,1
872704,33832,2,2,0
177800,33833,2,1,1
379992,33834,2,0,2
250432,33835,2,1,1
455136,33836,2,1,1
1217512,33837,2,1,1
788528,33838,2,1,1
162104,33839,2,0,2
90816,33840,2,0,2
778840,33841,2,1,1
909224,33842,2,2,0
198296,33843,2,1,1
551384,33844,2,2,0
732312,33845,2,0,2
6818816,33846,2,1,1
369616,33847,2,0,2
1046480,33848,2,1,1
175360,33849,2,0,2
233360,33850,2,2,0
1677752,33851,2,1,1
106296,33852,2,2,0
86992,33853,2,0,2
676336,33854,2,2,0
175288,33855,2,1,1
716432,33856,2,2,0
158336,33857,2,0,2
1229920,33858,2,2,0
853600,33859,2,2,0
1243096,33860,2,1,1
908688,33861,2,2,0
1985168,33862,2,0,2
287224,33863,2,2,0
425424,33864,2,2,0
255736,33865,2,1,1
171504,33866,2,2,0
1892400,33867,2,2,0
203560,33868,2,1,1
158304,33869,2,2,0
154328,33870,2,1,1
475904,33871,2,1,1
420264,33872,2,1,1
205784,33873,2,2,0
881472,33874,2,0,2
557752,33875,2,1,1
3664848,33876,2,1,1
7892744,33877,2,2,0
4594608,33878,2,1,1
262752,33879,2,2,0
237480,33880,2,1,1
1259024,33881,2,1,1
135168,33882,2,2,0
207008,33883,2,0,2
71392,33884,2,1,1
4231696,33885,2,0,2
875928,33886,2,1,1
117384,33887,2,2,0
345888,33888,2,2,0
245112,33889,2,2,0
4493800,33890,2,1,1
1328448,33891,2,0,2
560064,33892,2,1,1
1046976,33893,2,1,1
207024,33894,2,2,0
1530416,33895,2,1,1
807600,33896,2,2,0
2766016,33897,2,2,0
326464,33898,2,0,2
6259432,33899,2,1,1
678184,33900,2,0,2
831992,33901,2,2,0
299296,33902,2,1,1
456896,33903,2,1,1
741912,33904,2,1,1
1517704,33905,2,0,2
6995360,33906,2,2,0
2535504,33907,2,1,1
159920,33908,2,2,0
4494584,33909,2,0,2
312280,33910,2,2,0
1433472,33911,2,1,1
542240,33912,2,2,0
1407480,33913,2,1,1
257616,33914,2,0,2
353240,33915,2,1,1
179680,33916,2,2,0
2525064,33917,2,0,2
335504,33918,2,0,2
220096,33919,2,0,2
1868296,33920,2,2,0
306008,33921,2,2,0
180016,33922,2,0,2
245496,33923,2,0,2
822968,33924,2,0,2
308768,33925,2,2,0
309128,33926,2,1,1
357048,33927,2,0,2
132264,33928,2,2,0
628192,33929,2,2,0
598008,33930,2,1,1
1843600,33931,2,1,1
454168,33932,2,1,1
1126176,33933,2,2,0
368288,33934,2,0,2
566976,33935,2,1,1
5550152,33936,2,1,1
230728,33937,2,1,1
2148816,33938,2,1,1
5986448,33939,2,1,1
394288,33940,2,1,1
1529736,33941,2,1,1
405352,33942,2,1,1
614888,33943,2,1,1
1397704,33944,2,2,0
136456,33945,2,0,2
682344,33946,2,1,1
801312,33947,2,2,0
2980712,33948,2,0,2
1097200,33949,2,0,2
2361672,33950,2,0,2
232104,33951,2,1,1
702736,33952,2,1,1
730312,33953,2,1,1
305760,33954,2,2,0
550304,33955,2,1,1
1261504,33956,2,0,2
439472,33957,2,1,1
2256616,33958,2,2,0
124080,33959,2,1,1
159184,33960,2,1,1
2453816,33961,2,0,2
89408,33962,2,1,1
5857216,33963,2,2,0
353864,33964,2,2,0
3608096,33965,2,2,0
99728,33966,2,1,1
756920,33967,2,2,0
140904,33968,2,1,1
270472,33969,2,0,2
2946752,33970,2,1,1
377112,33971,2,1,1
271608,33972,2,1,1
855680,33973,2,1,1
945048,33974,2,1,1
1834392,33975,2,1,1
1738488,33976,2,2,0
469240,33977,2,1,1
217568,33978,2,1,1
376584,33979,2,1,1
379808,33980,2,1,1
380280,33981,2,0,2
828104,33982,2,2,0
418312,33983,2,1,1
601160,33984,2,1,1
1211880,33985,2,1,1
600872,33986,2,0,2
233696,33987,2,0,2
1970776,33988,2,1,1
1261032,33989,2,1,1
483144,33990,2,2,0
213744,33991,2,0,2
631752,33992,2,1,1
244776,33993,2,1,1
119424,33994,2,1,1
617472,33995,2,2,0
682664,33996,2,1,1
6906480,33997,2,1,1
2645504,33998,2,1,1
235640,33999,2,0,2
464304,34000,2,0,2
3980352,34001,2,1,1
189568,34002,2,2,0
1622464,34003,2,0,2
180872,34004,2,1,1
1297896,34005,2,2,0
399752,34006,2,2,0
2083096,34007,2,0,2
1579288,34008,2,1,1
365400,34009,2,0,2
1014792,34010,2,1,1
324056,34011,2,1,1
848944,34012,2,1,1
1057848,34013,2,2,0
422712,34014,2,1,1
808232,34015,2,1,1
4170216,34016,2,2,0
369512,34017,2,2,0
1936400,34018,2,1,1
673336,34019,2,1,1
758112,34020,2,0,2
2054792,34021,2,2,0
387472,34022,2,0,2
155040,34023,2,1,1
3701456,34024,2,0,2
2177640,34025,2,0,2
210632,34026,2,0,2
98480,34027,2,1,1
1102448,34028,2,1,1
796368,34029,2,0,2
1242184,34030,2,1,1
131544,34031,2,2,0
76712,34032,2,2,0
505016,34033,2,1,1
167720,34034,2,2,0
336680,34035,2,1,1
595472,34036,2,0,2
2813320,34037,2,0,2
2613880,34038,2,2,0
1328648,34039,2,0,2
439328,34040,2,2,0
357368,34041,2,0,2
279160,34042,2,1,1
732280,34043,2,1,1
1667576,34044,2,2,0
1480592,34045,2,1,1
179192,34046,2,0,2
4768176,34047,2,2,0
1479336,34048,2,1,1
428984,34049,2,1,1
72944,34050,2,2,0
200152,34051,2,1,1
562472,34052,2,0,2
1016952,34053,2,1,1
404128,34054,2,0,2
565824,34055,2,0,2
611032,34056,2,0,2
3390528,34057,2,0,2
1452616,34058,2,0,2
2873696,34059,2,2,0
165032,34060,2,1,1
1982728,34061,2,1,1
173392,34062,2,0,2
1681216,34063,2,1,1
151560,34064,2,1,1
116760,34065,2,0,2
1640768,34066,2,1,1
325744,34067,2,0,2
193784,34068,2,1,1
286096,34069,2,1,1
5229280,34070,2,1,1
974952,34071,2,0,2
661288,34072,2,2,0
1462600,34073,2,0,2
1615088,34074,2,0,2
3041736,34075,2,1,1
115104,34076,2,0,2
156768,34077,2,1,1
131136,34078,2,1,1
3718352,34079,2,0,2
476312,34080,2,1,1
844504,34081,2,2,0
472832,34082,2,0,2
1628496,34083,2,0,2
116376,34084,2,0,2
1995784,34085,2,2,0
3417792,34086,2,1,1
942336,34087,2,1,1
266744,34088,2,0,2
619240,34089,2,1,1
525392,34090,2,1,1
137184,34091,2,1,1
287120,34092,2,1,1
1681928,34093,2,0,2
675536,34094,2,1,1
236336,34095,2,1,1
229648,34096,2,0,2
94376,34097,2,1,1
73808,34098,2,1,1
283784,34099,2,2,0
205448,34100,2,0,2
542640,34101,2,2,0
547064,34102,2,1,1
470752,34103,2,0,2
282760,34104,2,1,1
167648,34105,2,0,2
191736,34106,2,1,1
239280,34107,2,2,0
823616,34108,2,1,1
4462496,34109,2,1,1
172952,34110,2,1,1
696952,34111,2,1,1
104448,34112,2,1,1
307536,34113,2,1,1
1494688,34114,2,1,1
1415592,34115,2,0,2
116144,34116,2,2,0
1493248,34117,2,1,1
2643968,34118,2,2,0
3745824,34119,2,1,1
1528816,34120,2,2,0
8273856,34121,2,1,1
3612688,34122,2,1,1
403088,34123,2,1,1
139752,34124,2,1,1
2014592,34125,2,1,1
3611904,34126,2,0,2
980936,34127,2,1,1
76352,34128,2,0,2
618928,34129,2,1,1
411800,34130,2,2,0
1238584,34131,2,0,2
1237616,34132,2,1,1
348392,34133,2,1,1
7215032,34134,2,2,0
97688,34135,2,2,0
111544,34136,2,1,1
923840,34137,2,1,1
452664,34138,2,1,1
1466640,34139,2,1,1
272176,34140,2,1,1
464952,34141,2,1,1
756880,34142,2,1,1
591408,34143,2,2,0
155464,34144,2,0,2
1095240,34145,2,2,0
269448,34146,2,1,1
4249984,34147,2,0,2
1306848,34148,2,2,0
365872,34149,2,2,0
798832,34150,2,2,0
619888,34151,2,0,2
780744,34152,2,1,1
1956800,34153,2,1,1
518480,34154,2,0,2
399208,34155,2,2,0
531320,34156,2,2,0
54824,34157,2,1,1
958696,34158,2,1,1
281128,34159,2,1,1
2082368,34160,2,1,1
435512,34161,2,2,0
240472,34162,2,0,2
991272,34163,2,1,1
6185776,34164,2,1,1
687688,34165,2,2,0
395856,34166,2,0,2
158744,34167,2,1,1
1619640,34168,2,1,1
775688,34169,2,2,0
1288488,34170,2,2,0
827424,34171,2,0,2
657968,34172,2,1,1
639408,34173,2,1,1
586560,34174,2,1,1
180456,34175,2,1,1
6636640,34176,2,1,1
2901680,34177,2,2,0
1286760,34178,2,1,1
148648,34179,2,0,2
539512,34180,2,1,1
2140328,34181,2,2,0
2913104,34182,2,1,1
6502136,34183,2,2,0
1974352,34184,2,1,1
324168,34185,2,1,1
1269696,34186,2,1,1
1114408,34187,2,1,1
1735424,34188,2,1,1
155984,34189,2,1,1
294472,34190,2,1,1
675176,34191,2,0,2
121032,34192,2,0,2
891024,34193,2,1,1
8356496,34194,2,2,0
617712,34195,2,2,0
3699568,34196,2,0,2
5703480,34197,2,0,2
1664616,34198,2,2,0
604904,34199,2,1,1
804608,34200,2,0,2
192088,34201,2,1,1
203128,34202,2,0,2
463360,34203,2,1,1
119296,34204,2,1,1
329192,34205,2,1,1
762032,34206,2,1,1
6468632,34207,2,1,1
267296,34208,2,0,2
4233672,34209,2,1,1
1708992,34210,2,2,0
854912,34211,2,1,1
215016,34212,2,1,1
1252368,34213,2,1,1
973520,34214,2,2,0
729136,34215,2,0,2
1184832,34216,2,2,0
100672,34217,2,1,1
7330232,34218,2,1,1
2931624,34219,2,2,0
2905152,34220,2,1,1
71152,34221,2,1,1
8240208,34222,2,0,2
766296,34223,2,1,1
396104,34224,2,1,1
566560,34225,2,2,0
808152,34226,2,2,0
1978936,34227,2,1,1
164552,34228,2,1,1
1528584,34229,2,1,1
811992,34230,2,1,1
336872,34231,2,0,2
752040,34232,2,1,1
161416,34233,2,1,1
5118976,34234,2,2,0
63528,34235,2,2,0
504904,34236,2,1,1
355592,34237,2,0,2
1021440,34238,2,1,1
318272,34239,2,2,0
201936,34240,2,1,1
2618384,34241,2,1,1
5800360,34242,2,2,0
1596184,34243,2,0,2
82984,34244,2,1,1
736752,34245,2,0,2
2278808,34246,2,1,1
689216,34247,2,1,1
267872,34248,2,1,1
6509704,34249,2,1,1
1972384,34250,2,1,1
1351768,34251,2,1,1
706632,34252,2,1,1
967000,34253,2,1,1
654456,34254,2,2,0
170312,34255,2,1,1
699744,34256,2,0,2
1696904,34257,2,2,0
1731776,34258,2,2,0
3262568,34259,2,1,1
191152,34260,2,1,1
381008,34261,2,2,0
246056,34262,2,1,1
1642240,34263,2,1,1
325272,34264,2,0,2
240640,34265,2,1,1
663104,34266,2,2,0
1969264,34267,2,1,1
1257496,34268,2,2,0
7511160,34269,2,1,1
6880120,34270,2,2,0
2339984,34271,2,0,2
5227504,34272,2,2,0
662512,34273,2,1,1
170104,34274,2,1,1
4328664,34275,2,0,2
1813240,34276,2,2,0
1632240,34277,2,2,0
138008,34278,2,1,1
391880,34279,2,2,0
706024,34280,2,2,0
3752360,34281,2,1,1
207680,34282,2,1,1
448712,34283,2,1,1
329040,34284,2,1,1
678552,34285,2,1,1
845768,34286,2,2,0
629080,34287,2,1,1
513096,34288,2,0,2
1376592,34289,2,1,1
1656064,34290,2,0,2
4340448,34291,2,2,0
4849472,34292,2,1,1
1880752,34293,2,2,0
123976,34294,2,1,1
55384,34295,2,1,1
781256,34296,2,0,2
242864,34297,2,2,0
3747296,34298,2,0,2
720752,34299,2,0,2
420168,34300,2,1,1
4580096,34301,2,1,1
409088,34302,2,1,1
195640,34303,2,0,2
520984,34304,2,1,1
929672,34305,2,2,0
1023696,34306,2,0,2
1080720,34307,2,1,1
233960,34308,2,2,0
82056,34309,2,2,0
1918120,34310,2,1,1
247104,34311,2,1,1
433792,34312,2,2,0
138152,34313,2,2,0
261808,34314,2,1,1
3113272,34315,2,1,1
829520,34316,2,0,2
184936,34317,2,2,0
297816,34318,2,1,1
558784,34319,2,1,1
149848,34320,2,2,0
494496,34321,2,0,2
373160,34322,2,2,0
3529416,34323,2,2,0
1296656,34324,2,0,2
142936,34325,2,1,1
930760,34326,2,0,2
687432,34327,2,1,1
437376,34328,2,1,1
815184,34329,2,2,0
1813776,34330,2,0,2
196048,34331,2,1,1
1761184,34332,2,2,0
426472,34333,2,1,1
3585224,34334,2,2,0
562328,34335,2,1,1
2836840,34336,2,2,0
188880,34337,2,0,2
444696,34338,2,0,2
149080,34339,2,1,1
436800,34340,2,0,2
418568,34341,2,0,2
589944,34342,2,1,1
299544,34343,2,1,1
678248,34344,2,2,0
147248,34345,2,0,2
583992,34346,2,0,2
646744,34347,2,1,1
298584,34348,2,1,1
630360,34349,2,2,0
621784,34350,2,1,1
338336,34351,2,2,0
3807008,34352,2,1,1
258032,34353,2,1,1
5513384,34354,2,2,0
5492584,34355,2,1,1
547384,34356,2,1,1
540968,34357,2,0,2
539992,34358,2,1,1
653968,34359,2,1,1
1075200,34360,2,1,1
657264,34361,2,1,1
684544,34362,2,2,0
178040,34363,2,0,2
1073136,34364,2,0,2
4997432,34365,2,1,1
135080,34366,2,1,1
3323360,34367,2,1,1
261352,34368,2,1,1
168504,34369,2,1,1
445880,34370,2,1,1
51528,34371,2,1,1
766592,34372,2,2,0
194416,34373,2,0,2
160696,34374,2,0,2
439952,34375,2,2,0
3713144,34376,2,1,1
1053960,34377,2,0,2
431576,34378,2,1,1
448920,34379,2,2,0
558616,34380,2,1,1
121720,34381,2,1,1
1164768,34382,2,0,2
1375360,34383,2,1,1
406416,34384,2,2,0
1163824,34385,2,2,0
200576,34386,2,1,1
2652696,34387,2,0,2
529288,34388,2,0,2
78904,34389,2,1,1
136608,34390,2,1,1
723456,34391,2,1,1
1085352,34392,2,0,2
148704,34393,2,1,1
247216,34394,2,0,2
94592,34395,2,2,0
360608,34396,2,0,2
556072,34397,2,2,0
392496,34398,2,2,0
795384,34399,2,0,2
618488,34400,2,1,1
1068272,34401,2,1,1
2283480,34402,2,0,2
213632,34403,2,1,1
760456,34404,2,2,0
1025384,34405,2,0,2
2614560,34406,2,0,2
168584,34407,2,2,0
2123520,34408,2,2,0
377088,34409,2,1,1
48152,34410,2,1,1
305056,34411,2,2,0
1392344,34412,2,0,2
6184664,34413,2,0,2
5655504,34414,2,1,1
425776,34415,2,1,1
1290152,34416,2,1,1
1026336,34417,2,1,1
2374224,34418,2,1,1
560832,34419,2,2,0
2033608,34420,2,1,1
331944,34421,2,2,0
4036336,34422,2,0,2
325000,34423,2,2,0
358312,34424,2,1,1
157832,34425,2,1,1
719112,34426,2,0,2
389888,34427,2,0,2
2806464,34428,2,1,1
341944,34429,2,1,1
893424,34430,2,2,0
174832,34431,2,1,1
500632,34432,2,0,2
171008,34433,2,1,1
408088,34434,2,2,0
2612840,34435,2,2,0
6935248,34436,2,2,0
353136,34437,2,2,0
210224,34438,2,1,1
802952,34439,2,1,1
2774632,34440,2,1,1
6543248,34441,2,1,1
1940648,34442,2,1,1
6925264,34443,2,1,1
463736,34444,2,1,1
467040,34445,2,0,2
825128,34446,2,2,0
133000,34447,2,1,1
1201800,34448,2,1,1
268568,34449,2,0,2
1576072,34450,2,1,1
675680,34451,2,1,1
1522856,34452,2,2,0
1186784,34453,2,2,0
333904,34454,2,1,1
1537656,34455,2,0,2
2635232,34456,2,0,2
447080,34457,2,1,1
187416,34458,2,1,1
230144,34459,2,0,2
1516688,34460,2,0,2
235496,34461,2,0,2
300936,34462,2,0,2
3902808,34463,2,2,0
205320,34464,2,2,0
361832,34465,2,1,1
1888384,34466,2,1,1
549496,34467,2,0,2
695216,34468,2,0,2
1630704,34469,2,2,0
285600,34470,2,1,1
941088,34471,2,1,1
950736,34472,2,0,2
382512,34473,2,1,1
158368,34474,2,1,1
2792024,34475,2,0,2
567672,34476,2,0,2
3281720,34477,2,2,0
183192,34478,2,1,1
94672,34479,2,2,0
921320,34480,2,2,0
410432,34481,2,1,1
134624,34482,2,1,1
324592,34483,2,1,1
5379640,34484,2,2,0
673328,34485,2,1,1
374560,34486,2,0,2
319344,34487,2,1,1
133488,34488,2,1,1
1101608,34489,2,0,2
4707960,34490,2,1,1
1018232,34491,2,2,0
218824,34492,2,2,0
355080,34493,2,1,1
4103680,34494,2,0,2
460152,34495,2,2,0
1483568,34496,2,1,1
804736,34497,2,2,0
601568,34498,2,2,0
174584,34499,2,1,1
776128,34500,2,2,0
98448,34501,2,0,2
2273952,34502,2,0,2
1680024,34503,2,1,1
125928,34504,2,1,1
168904,34505,2,1,1
3822312,34506,2,2,0
867984,34507,2,1,1
87008,34508,2,1,1
1393360,34509,2,0,2
116704,34510,2,1,1
904792,34511,2,0,2
1994520,34512,2,1,1
316808,34513,2,0,2
571208,34514,2,1,1
534928,34515,2,2,0
78480,34516,2,2,0
2125104,34517,2,1,1
1472168,34518,2,0,2
2633776,34519,2,1,1
3130120,34520,2,2,0
673256,34521,2,1,1
280472,34522,2,0,2
559264,34523,2,1,1
759616,34524,2,2,0
300232,34525,2,1,1
517808,34526,2,1,1
648584,34527,2,1,1
303584,34528,2,1,1
291168,34529,2,1,1
352616,34530,2,0,2
184296,34531,2,0,2
692800,34532,2,2,0
218056,34533,2,1,1
591600,34534,2,1,1
212240,34535,2,0,2
177056,34536,2,2,0
789248,34537,2,1,1
2343800,34538,2,1,1
919920,34539,2,1,1
1473872,34540,2,2,0
921632,34541,2,1,1
551312,34542,2,2,0
4462080,34543,2,1,1
1023880,34544,2,1,1
273072,34545,2,1,1
7424584,34546,2,2,0
443632,34547,2,1,1
679872,34548,2,0,2
3412328,34549,2,1,1
1171672,34550,2,2,0
430880,34551,2,0,2
3424736,34552,2,2,0
6361800,34553,2,1,1
474432,34554,2,0,2
2933784,34555,2,1,1
481088,34556,2,1,1
458184,34557,2,0,2
2203200,34558,2,2,0
2854992,34559,2,1,1
1005280,34560,2,0,2
368296,34561,2,1,1
830280,34562,2,2,0
1120768,34563,2,1,1
2337824,34564,2,1,1
1296568,34565,2,1,1
75120,34566,2,0,2
391720,34567,2,0,2
1556680,34568,2,1,1
1145480,34569,2,1,1
275168,34570,2,0,2
784200,34571,2,1,1
1370768,34572,2,2,0
1147480,34573,2,1,1
6311000,34574,2,0,2
872296,34575,2,2,0
1422448,34576,2,1,1
921960,34577,2,1,1
997160,34578,2,0,2
814040,34579,2,1,1
549296,34580,2,1,1
124984,34581,2,2,0
87816,34582,2,1,1
391376,34583,2,0,2
341216,34584,2,1,1
1846096,34585,2,0,2
133832,34586,2,2,0
112640,34587,2,2,0
235384,34588,2,1,1
130336,34589,2,0,2
976072,34590,2,2,0
336960,34591,2,1,1
700424,34592,2,1,1
6201216,34593,2,0,2
392600,34594,2,1,1
329504,34595,2,0,2
624384,34596,2,1,1
865128,34597,2,0,2
3380216,34598,2,1,1
1901256,34599,2,2,0
521128,34600,2,0,2
8329152,34601,2,1,1
4913208,34602,2,2,0
101240,34603,2,1,1
1739880,34604,2,1,1
1809768,34605,2,1,1
4204488,34606,2,0,2
226616,34607,2,1,1
479296,34608,2,2,0
176496,34609,2,1,1
536048,34610,2,2,0
445120,34611,2,1,1
195768,34612,2,2,0
135136,34613,2,1,1
319520,34614,2,1,1
7755312,34615,2,0,2
6822848,34616,2,1,1
1707728,34617,2,1,1
2922720,34618,2,1,1
174808,34619,2,1,1
2097264,34620,2,2,0
96504,34621,2,1,1
1057480,34622,2,1,1
188848,34623,2,2,0
238864,34624,2,2,0
358296,34625,2,2,0
189128,34626,2,2,0
401240,34627,2,1,1
683656,34628,2,2,0
183280,34629,2,1,1
406792,34630,2,1,1
3422280,34631,2,0,2
192064,34632,2,2,0
307176,34633,2,1,1
1165504,34634,2,1,1
1525264,34635,2,1,1
5561224,34636,2,2,0
188304,34637,2,1,1
1396952,34638,2,1,1
1181872,34639,2,2,0
382296,34640,2,1,1
2597472,34641,2,1,1
147968,34642,2,1,1
192640,34643,2,1,1
230832,34644,2,1,1
1884920,34645,2,0,2
273424,34646,2,1,1
98912,34647,2,1,1
194136,34648,2,0,2
712000,34649,2,2,0
345504,34650,2,1,1
645520,34651,2,1,1
934640,34652,2,1,1
7165616,34653,2,1,1
413584,34654,2,1,1
565488,34655,2,1,1
854184,34656,2,1,1
317256,34657,2,0,2
124864,34658,2,1,1
771744,34659,2,2,0
3694880,34660,2,1,1
89864,34661,2,1,1
58352,34662,2,1,1
1034720,34663,2,2,0
415232,34664,2,1,1
188416,34665,2,1,1
400648,34666,2,2,0
503304,34667,2,2,0
336216,34668,2,0,2
179392,34669,2,0,2
2645560,34670,2,1,1
5581864,34671,2,1,1
436504,34672,2,1,1
154528,34673,2,1,1
234672,34674,2,1,1
313888,34675,2,0,2
831864,34676,2,2,0
1097376,34677,2,1,1
617112,34678,2,1,1
596384,34679,2,0,2
2788288,34680,2,2,0
1081256,34681,2,0,2
1254160,34682,2,1,1
164224,34683,2,0,2
5766312,34684,2,1,1
937136,34685,2,1,1
157576,34686,2,2,0
57456,34687,2,1,1
227296,34688,2,1,1
230784,34689,2,1,1
422976,34690,2,1,1
1665864,34691,2,2,0
321112,34692,2,1,1
224160,34693,2,0,2
94976,34694,2,2,0
7138208,34695,2,1,1
1824712,34696,2,1,1
1243272,34697,2,1,1
5362288,34698,2,1,1
1303576,34699,2,2,0
998648,34700,2,0,2
1556688,34701,2,0,2
5887024,34702,2,1,1
6328208,34703,2,2,0
2529208,34704,2,1,1
203192,34705,2,2,0
599760,34706,2,1,1
673864,34707,2,0,2
4674424,34708,2,2,0
286200,34709,2,1,1
244216,34710,2,0,2
1103904,34711,2,2,0
1711016,34712,2,1,1
188080,34713,2,2,0
26640,34714,2,1,1
3883608,34715,2,1,1
7898280,34716,2,0,2
202448,34717,2,0,2
143744,34718,2,1,1
1733480,34719,2,1,1
797792,34720,2,0,2
132944,34721,2,1,1
108224,34722,2,1,1
291072,34723,2,0,2
80392,34724,2,1,1
243384,34725,2,0,2
2213520,34726,2,2,0
900160,34727,2,2,0
3168040,34728,2,1,1
1640608,34729,2,0,2
316696,34730,2,2,0
740264,34731,2,0,2
1470816,34732,2,2,0
823360,34733,2,1,1
803168,34734,2,0,2
367992,34735,2,1,1
519088,34736,2,0,2
1040312,34737,2,1,1
971640,34738,2,0,2
489848,34739,2,2,0
1905160,34740,2,1,1
296504,34741,2,1,1
182640,34742,2,1,1
4106320,34743,2,1,1
4642488,34744,2,0,2
959720,34745,2,1,1
194888,34746,2,1,1
2121152,34747,2,2,0
1097744,34748,2,2,0
699160,34749,2,0,2
238200,34750,2,1,1
327488,34751,2,2,0
242800,34752,2,1,1
834016,34753,2,1,1
503400,34754,2,1,1
1185168,34755,2,0,2
720112,34756,2,2,0
203808,34757,2,0,2
4091352,34758,2,1,1
309200,34759,2,1,1
358464,34760,2,0,2
1794104,34761,2,0,2
199184,34762,2,0,2
237168,34763,2,0,2
444296,34764,2,2,0
168208,34765,2,1,1
1753992,34766,2,0,2
1698568,34767,2,0,2
575624,34768,2,2,0
818888,34769,2,2,0
627552,34770,2,1,1
293032,34771,2,2,0
623968,34772,2,2,0
447448,34773,2,0,2
529240,34774,2,1,1
6006400,34775,2,1,1
113072,34776,2,1,1
2637008,34777,2,0,2
2241368,34778,2,1,1
332952,34779,2,1,1
347400,34780,2,0,2
911744,34781,2,1,1
140192,34782,2,1,1
180328,34783,2,2,0
5946104,34784,2,2,0
985432,34785,2,1,1
1275920,34786,2,1,1
302600,34787,2,2,0
2307120,34788,2,0,2
658288,34789,2,0,2
337904,34790,2,2,0
210152,34791,2,1,1
1292920,34792,2,1,1
4197128,34793,2,1,1
2123256,34794,2,0,2
192960,34795,2,2,0
557784,34796,2,0,2
183168,34797,2,1,1
1809776,34798,2,1,1
334784,34799,2,1,1
871592,34800,2,0,2
817792,34801,2,1,1
546648,34802,2,1,1
144280,34803,2,1,1
2124056,34804,2,2,0
2058240,34805,2,1,1
1304464,34806,2,2,0
440896,34807,2,1,1
796664,34808,2,1,1
594576,34809,2,0,2
973392,34810,2,0,2
141216,34811,2,1,1
1337616,34812,2,1,1
152376,34813,2,1,1
650016,34814,2,1,1
3793560,34815,2,1,1
1172680,34816,2,1,1
783248,34817,2,1,1
542432,34818,2,1,1
1008480,34819,2,0,2
194496,34820,2,1,1
474880,34821,2,0,2
79296,34822,2,1,1
2943040,34823,2,2,0
860456,34824,2,1,1
3798680,34825,2,1,1
1480536,34826,2,1,1
575008,34827,2,1,1
773528,34828,2,0,2
3336904,34829,2,2,0
1240752,34830,2,1,1
1743424,34831,2,1,1
608944,34832,2,0,2
3020912,34833,2,1,1
197688,34834,2,2,0
837616,34835,2,1,1
297496,34836,2,1,1
1460392,34837,2,1,1
1018648,34838,2,0,2
175248,34839,2,2,0
166120,34840,2,1,1
386232,34841,2,0,2
1949376,34842,2,2,0
733864,34843,2,2,0
836568,34844,2,0,2
1215480,34845,2,2,0
2872944,34846,2,1,1
210528,34847,2,1,1
156152,34848,2,2,0
6263656,34849,2,1,1
765336,34850,2,0,2
550512,34851,2,1,1
346776,34852,2,0,2
698800,34853,2,1,1
224896,34854,2,1,1
5501360,34855,2,1,1
1252616,34856,2,2,0
2328680,34857,2,0,2
977616,34858,2,2,0
462240,34859,2,2,0
1385344,34860,2,1,1
474336,34861,2,2,0
636424,34862,2,2,0
921528,34863,2,0,2
111376,34864,2,2,0
373352,34865,2,1,1
6702336,34866,2,2,0
859032,34867,2,1,1
4582360,34868,2,1,1
1093800,34869,2,2,0
100400,34870,2,0,2
215776,34871,2,0,2
211832,34872,2,0,2
81120,34873,2,1,1
115624,34874,2,1,1
435704,34875,2,2,0
4781168,34876,2,1,1
397312,34877,2,1,1
522344,34878,2,0,2
2875952,34879,2,1,1
722488,34880,2,1,1
268408,34881,2,0,2
2803656,34882,2,1,1
1998016,34883,2,0,2
320008,34884,2,2,0
566376,34885,2,2,0
752944,34886,2,1,1
563816,34887,2,2,0
1543432,34888,2,1,1
1077368,34889,2,2,0
558808,34890,2,1,1
421640,34891,2,0,2
875280,34892,2,1,1
1364896,34893,2,1,1
233344,34894,2,2,0
3628744,34895,2,1,1
558512,34896,2,1,1
1102256,34897,2,0,2
127896,34898,2,1,1
130640,34899,2,2,0
531728,34900,2,2,0
189504,34901,2,0,2
519208,34902,2,1,1
6450880,34903,2,2,0
369856,34904,2,0,2
430088,34905,2,1,1
186464,34906,2,1,1
770368,34907,2,1,1
157480,34908,2,0,2
562528,34909,2,2,0
920464,34910,2,0,2
516312,34911,2,1,1
113728,34912,2,0,2
1384376,34913,2,2,0
721880,34914,2,1,1
3957192,34915,2,2,0
1508944,34916,2,1,1
1638496,34917,2,2,0
123056,34918,2,1,1
3973232,34919,2,1,1
3721024,34920,2,2,0
98864,34921,2,0,2
178456,34922,2,2,0
477024,34923,2,0,2
113424,34924,2,1,1
816944,34925,2,1,1
370176,34926,2,2,0
103728,34927,2,0,2
2154656,34928,2,2,0
88392,34929,2,1,1
842448,34930,2,2,0
1485224,34931,2,2,0
218976,34932,2,2,0
2277688,34933,2,1,1
693048,34934,2,0,2
2012144,34935,2,1,1
1808792,34936,2,0,2
1910760,34937,2,2,0
422824,34938,2,1,1
643496,34939,2,1,1
383176,34940,2,1,1
2190616,34941,2,1,1
383640,34942,2,0,2
200176,34943,2,0,2
623096,34944,2,0,2
1242632,34945,2,1,1
3104064,34946,2,2,0
1047888,34947,2,2,0
1287496,34948,2,0,2
386288,34949,2,1,1
5670936,34950,2,1,1
1217288,34951,2,0,2
1089720,34952,2,2,0
89464,34953,2,1,1
206344,34954,2,1,1
1491008,34955,2,1,1
803648,34956,2,1,1
201576,34957,2,1,1
4965176,34958,2,1,1
298328,34959,2,2,0
3243944,34960,2,0,2
3562024,34961,2,1,1
388424,34962,2,1,1
4060520,34963,2,2,0
409024,34964,2,1,1
602160,34965,2,0,2
323280,34966,2,1,1
781600,34967,2,1,1
401696,34968,2,0,2
1583152,34969,2,1,1
1055320,34970,2,1,1
2756816,34971,2,1,1
2763000,34972,2,0,2
688656,34973,2,2,0
189880,34974,2,1,1
206104,34975,2,0,2
166624,34976,2,0,2
3412552,34977,2,2,0
1429072,34978,2,0,2
560872,34979,2,2,0
342024,34980,2,2,0
3861184,34981,2,2,0
313688,34982,2,0,2
7609496,34983,2,1,1
1502824,34984,2,1,1
88936,34985,2,2,0
1819264,34986,2,2,0
108496,34987,2,1,1
982952,34988,2,1,1
1242568,34989,2,1,1
256120,34990,2,1,1
581392,34991,2,2,0
344200,34992,2,1,1
1053736,34993,2,2,0
4374496,34994,2,1,1
279904,34995,2,2,0
1180536,34996,2,0,2
938776,34997,2,2,0
1392328,34998,2,0,2
5676224,34999,2,0,2
904488,35000,2,1,1
2090880,35001,2,1,1
1125400,35002,2,2,0
689840,35003,2,1,1
919640,35004,2,1,1
6531072,35005,2,0,2
490512,35006,2,0,2
66824,35007,2,1,1
697904,35008,2,1,1
3338824,35009,2,1,1
809408,35010,2,2,0
203840,35011,2,0,2
1743952,35012,2,2,0
1398328,35013,2,1,1
712392,35014,2,1,1
817160,35015,2,0,2
249136,35016,2,1,1
370664,35017,2,1,1
162872,35018,2,2,0
810168,35019,2,0,2
317280,35020,2,1,1
69272,35021,2,2,0
5619768,35022,2,1,1
899720,35023,2,0,2
149696,35024,2,1,1
2241984,35025,2,1,1
138624,35026,2,1,1
274208,35027,2,0,2
395920,35028,2,2,0
6007160,35029,2,1,1
261888,35030,2,1,1
971920,35031,2,1,1
285288,35032,2,1,1
620336,35033,2,1,1
1434496,35034,2,1,1
294632,35035,2,2,0
1007736,35036,2,0,2
1410736,35037,2,1,1
591864,35038,2,1,1
354192,35039,2,0,2
150024,35040,2,1,1
6380432,35041,2,1,1
927240,35042,2,1,1
510320,35043,2,0,2
254528,35044,2,1,1
2221736,35045,2,0,2
1570104,35046,2,0,2
385304,35047,2,0,2
484264,35048,2,1,1
1943280,35049,2,1,1
175816,35050,2,1,1
580456,35051,2,1,1
1947584,35052,2,0,2
1144544,35053,2,1,1
222080,35054,2,1,1
376552,35055,2,0,2
3680744,35056,2,0,2
107352,35057,2,1,1
68016,35058,2,1,1
664072,35059,2,1,1
182896,35060,2,2,0
1079952,35061,2,1,1
603528,35062,2,2,0
411360,35063,2,2,0
441560,35064,2,0,2
295864,35065,2,2,0
118912,35066,2,2,0
253488,35067,2,1,1
1776504,35068,2,1,1
1804112,35069,2,0,2
202904,35070,2,1,1
455728,35071,2,0,2
473288,35072,2,1,1
234824,35073,2,1,1
924144,35074,2,2,0
429104,35075,2,0,2
2619056,35076,2,0,2
202048,35077,2,0,2
8385448,35078,2,1,1
462856,35079,2,1,1
1158416,35080,2,0,2
388240,35081,2,1,1
811488,35082,2,2,0
512264,35083,2,1,1
282360,35084,2,0,2
629200,35085,2,1,1
203344,35086,2,0,2
258336,35087,2,0,2
950240,35088,2,0,2
124280,35089,2,0,2
1592392,35090,2,1,1
1500552,35091,2,2,0
1268904,35092,2,2,0
635160,35093,2,1,1
314384,35094,2,1,1
1294432,35095,2,1,1
510664,35096,2,2,0
1298968,35097,2,1,1
1925200,35098,2,1,1
431048,35099,2,2,0
741928,35100,2,1,1
129864,35101,2,1,1
236088,35102,2,2,0
3849232,35103,2,1,1
3571776,35104,2,0,2
138792,35105,2,1,1
2897200,35106,2,1,1
4008736,35107,2,0,2
4073608,35108,2,0,2
1554704,35109,2,2,0
3076024,35110,2,2,0
1256104,35111,2,1,1
322232,35112,2,2,0
314992,35113,2,1,1
829680,35114,2,0,2
4834688,35115,2,0,2
4546136,35116,2,2,0
1283984,35117,2,2,0
236296,35118,2,2,0
325520,35119,2,0,2
1998768,35120,2,1,1
951984,35121,2,1,1
1659224,35122,2,1,1
1977752,35123,2,1,1
541224,35124,2,1,1
466552,35125,2,1,1
3865960,35126,2,0,2
244592,35127,2,1,1
518512,35128,2,1,1
959128,35129,2,2,0
1550072,35130,2,1,1
915904,35131,2,1,1
183992,35132,2,0,2
433744,35133,2,0,2
428584,35134,2,1,1
3769456,35135,2,0,2
412704,35136,2,0,2
2240928,35137,2,2,0
429032,35138,2,0,2
523136,35139,2,1,1
1246552,35140,2,2,0
512352,35141,2,2,0
832944,35142,2,1,1
240856,35143,2,1,1
208992,35144,2,1,1
261400,35145,2,2,0
630080,35146,2,1,1
117328,35147,2,2,0
8090328,35148,2,0,2
1318400,35149,2,1,1
6822616,35150,2,2,0
609008,35151,2,2,0
227728,35152,2,1,1
522584,35153,2,1,1
344328,35154,2,1,1
455608,35155,2,2,0
87528,35156,2,2,0
2623120,35157,2,0,2
602240,35158,2,0,2
935192,35159,2,1,1
1467832,35160,2,1,1
2049960,35161,2,0,2
534288,35162,2,2,0
87896,35163,2,0,2
218768,35164,2,0,2
185896,35165,2,1,1
3796680,35166,2,0,2
217928,35167,2,0,2
912432,35168,2,2,0
333680,35169,2,0,2
1559152,35170,2,2,0
269432,35171,2,1,1
6234720,35172,2,0,2
1287264,35173,2,1,1
508528,35174,2,1,1
720376,35175,2,0,2
389152,35176,2,1,1
436768,35177,2,2,0
566048,35178,2,1,1
758072,35179,2,2,0
1320248,35180,2,2,0
625688,35181,2,1,1
733000,35182,2,1,1
374184,35183,2,1,1
3910128,35184,2,0,2
414088,35185,2,1,1
190424,35186,2,2,0
6044224,35187,2,1,1
5085656,35188,2,2,0
2447544,35189,2,1,1
860744,35190,2,0,2
1993856,35191,2,1,1
705720,35192,2,1,1
1288976,35193,2,1,1
179432,35194,2,2,0
686408,35195,2,0,2
2120936,35196,2,1,1
4176384,35197,2,1,1
302056,35198,2,1,1
468992,35199,2,1,1
969800,35200,2,1,1
99120,35201,2,2,0
2009184,35202,2,1,1
543928,35203,2,1,1
258424,35204,2,0,2
6358752,35205,2,1,1
501120,35206,2,2,0
660504,35207,2,2,0
180200,35208,2,1,1
1994744,35209,2,0,2
537016,35210,2,0,2
160664,35211,2,1,1
1030808,35212,2,2,0
78312,35213,2,2,0
494984,35214,2,1,1
354904,35215,2,1,1
2510840,35216,2,1,1
1352200,35217,2,1,1
2478024,35218,2,1,1
3467656,35219,2,2,0
408336,35220,2,0,2
1570160,35221,2,1,1
1023656,35222,2,1,1
492440,35223,2,0,2
2316904,35224,2,0,2
268992,35225,2,2,0
198536,35226,2,1,1
213392,35227,2,2,0
2732912,35228,2,1,1
870888,35229,2,0,2
533160,35230,2,1,1
2154728,35231,2,1,1
652880,35232,2,2,0
1490128,35233,2,0,2
112768,35234,2,2,0
672792,35235,2,2,0
1314464,35236,2,1,1
554504,35237,2,2,0
1124752,35238,2,1,1
2666400,35239,2,1,1
1371272,35240,2,0,2
3848096,35241,2,1,1
428688,35242,2,1,1
1193104,35243,2,0,2
960032,35244,2,0,2
437128,35245,2,1,1
126144,35246,2,2,0
329176,35247,2,2,0
5601344,35248,2,1,1
1468376,35249,2,0,2
2710504,35250,2,1,1
210696,35251,2,1,1
1155616,35252,2,1,1
450632,35253,2,2,0
1297352,35254,2,2,0
586312,35255,2,2,0
162840,35256,2,0,2
2514736,35257,2,0,2
302048,35258,2,0,2
911464,35259,2,1,1
522208,35260,2,2,0
649736,35261,2,1,1
320168,35262,2,0,2
232032,35263,2,1,1
5418872,35264,2,0,2
1061968,35265,2,1,1
3629088,35266,2,0,2
2520640,35267,2,0,2
273696,35268,2,0,2
256568,35269,2,0,2
601512,35270,2,1,1
1467848,35271,2,1,1
206600,35272,2,0,2
215592,35273,2,1,1
815704,35274,2,2,0
6006032,35275,2,2,0
241496,35276,2,1,1
476568,35277,2,0,2
1245832,35278,2,2,0
7166176,35279,2,2,0
184352,35280,2,2,0
1864592,35281,2,0,2
2097912,35282,2,2,0
459864,35283,2,0,2
87800,35284,2,1,1
399520,35285,2,1,1
3267640,35286,2,1,1
2357832,35287,2,1,1
611312,35288,2,1,1
1529208,35289,2,1,1
1148696,35290,2,1,1
95648,35291,2,1,1
1769040,35292,2,2,0
265256,35293,2,0,2
541472,35294,2,1,1
391480,35295,2,0,2
190984,35296,2,0,2
191696,35297,2,0,2
863344,35298,2,0,2
554304,35299,2,0,2
817040,35300,2,1,1
7925768,35301,2,1,1
603216,35302,2,1,1
687568,35303,2,2,0
173824,35304,2,2,0
654904,35305,2,1,1
784480,35306,2,2,0
4368496,35307,2,2,0
1467376,35308,2,0,2
1595912,35309,2,1,1
243360,35310,2,0,2
930016,35311,2,1,1
1124392,35312,2,0,2
130464,35313,2,1,1
399008,35314,2,1,1
437984,35315,2,1,1
1196888,35316,2,1,1
127616,35317,2,0,2
2557536,35318,2,1,1
2235696,35319,2,2,0
6971800,35320,2,1,1
557600,35321,2,1,1
3641224,35322,2,0,2
5394936,35323,2,0,2
2202224,35324,2,1,1
4065144,35325,2,1,1
1730360,35326,2,1,1
511816,35327,2,2,0
201504,35328,2,1,1
525360,35329,2,2,0
4893856,35330,2,1,1
1722408,35331,2,2,0
371616,35332,2,0,2
183400,35333,2,1,1
638928,35334,2,1,1
1205360,35335,2,1,1
305496,35336,2,1,1
191824,35337,2,1,1
3645736,35338,2,1,1
1105072,35339,2,1,1
2690568,35340,2,2,0
3853096,35341,2,1,1
536312,35342,2,1,1
309280,35343,2,2,0
1467416,35344,2,2,0
4135392,35345,2,0,2
74728,35346,2,2,0
797648,35347,2,0,2
1743056,35348,2,1,1
743000,35349,2,1,1
363376,35350,2,0,2
7548216,35351,2,2,0
486968,35352,2,1,1
349160,35353,2,2,0
750336,35354,2,1,1
657912,35355,2,1,1
500840,35356,2,1,1
1620952,35357,2,1,1
1059976,35358,2,0,2
141120,35359,2,1,1
1697800,35360,2,2,0
195696,35361,2,2,0
376808,35362,2,2,0
311488,35363,2,0,2
513672,35364,2,1,1
650896,35365,2,2,0
59656,35366,2,1,1
289136,35367,2,1,1
495520,35368,2,2,0
75840,35369,2,1,1
788736,35370,2,1,1
2561088,35371,2,1,1
167576,35372,2,2,0
708648,35373,2,1,1
1099776,35374,2,0,2
194424,35375,2,1,1
256768,35376,2,2,0
4614288,35377,2,1,1
1182208,35378,2,1,1
640920,35379,2,1,1
169624,35380,2,1,1
244744,35381,2,1,1
708152,35382,2,1,1
877984,35383,2,2,0
4066864,35384,2,0,2
109344,35385,2,2,0
329904,35386,2,2,0
237304,35387,2,1,1
858296,35388,2,2,0
1398224,35389,2,1,1
164272,35390,2,1,1
179752,35391,2,1,1
553088,35392,2,0,2
2256496,35393,2,1,1
1049408,35394,2,1,1
415648,35395,2,2,0
580672,35396,2,1,1
1393688,35397,2,1,1
599584,35398,2,2,0
106112,35399,2,1,1
252608,35400,2,0,2
1599320,35401,2,2,0
2006536,35402,2,2,0
6214832,35403,2,0,2
6201456,35404,2,2,0
306048,35405,2,1,1
1134008,35406,2,2,0
1048208,35407,2,2,0
1669720,35408,2,1,1
719400,35409,2,1,1
681768,35410,2,1,1
84528,35411,2,0,2
601264,35412,2,2,0
264904,35413,2,0,2
233872,35414,2,1,1
240488,35415,2,1,1
502208,35416,2,0,2
979160,35417,2,0,2
1144224,35418,2,1,1
310568,35419,2,2,0
214824,35420,2,2,0
1964968,35421,2,2,0
470864,35422,2,2,0
1948984,35423,2,2,0
473304,35424,2,0,2
2414480,35425,2,1,1
552576,35426,2,2,0
309552,35427,2,2,0
911336,35428,2,1,1
1678472,35429,2,2,0
701304,35430,2,1,1
4952576,35431,2,0,2
1081264,35432,2,1,1
827696,35433,2,1,1
268016,35434,2,2,0
5567736,35435,2,2,0
606152,35436,2,2,0
618216,35437,2,0,2
444608,35438,2,0,2
174800,35439,2,2,0
67632,35440,2,0,2
866176,35441,2,0,2
475880,35442,2,2,0
491184,35443,2,1,1
618744,35444,2,2,0
169184,35445,2,0,2
256304,35446,2,1,1
250144,35447,2,2,0
219016,35448,2,1,1
152360,35449,2,0,2
132984,35450,2,0,2
364504,35451,2,0,2
705368,35452,2,2,0
661664,35453,2,1,1
178440,35454,2,1,1
1106640,35455,2,1,1
491136,35456,2,0,2
5373424,35457,2,1,1
1555496,35458,2,0,2
543016,35459,2,1,1
489296,35460,2,2,0
444208,35461,2,0,2
2176872,35462,2,2,0
253040,35463,2,1,1
317968,35464,2,0,2
2476760,35465,2,0,2
1455216,35466,2,1,1
4887024,35467,2,1,1
950880,35468,2,1,1
269800,35469,2,2,0
5509328,35470,2,0,2
1512200,35471,2,1,1
127408,35472,2,0,2
1205616,35473,2,1,1
122360,35474,2,1,1
141592,35475,2,0,2
4641656,35476,2,1,1
4381888,35477,2,2,0
377680,35478,2,1,1
215856,35479,2,0,2
3094272,35480,2,1,1
1390240,35481,2,1,1
1051432,35482,2,1,1
534664,35483,2,1,1
233104,35484,2,2,0
274032,35485,2,2,0
3526848,35486,2,0,2
137816,35487,2,1,1
126248,35488,2,2,0
703832,35489,2,0,2
6886104,35490,2,1,1
3623288,35491,2,0,2
230280,35492,2,1,1
1581136,35493,2,1,1
300328,35494,2,2,0
475472,35495,2,2,0
1076904,35496,2,1,1
384040,35497,2,0,2
398192,35498,2,0,2
455904,35499,2,2,0
328296,35500,2,0,2
189656,35501,2,0,2
1475720,35502,2,1,1
5678464,35503,2,0,2
2021584,35504,2,2,0
927056,35505,2,2,0
4533888,35506,2,2,0
238456,35507,2,1,1
989784,35508,2,1,1
470408,35509,2,1,1
347392,35510,2,2,0
131528,35511,2,0,2
104304,35512,2,1,1
220160,35513,2,0,2
1031632,35514,2,1,1
223488,35515,2,1,1
449536,35516,2,1,1
1232928,35517,2,2,0
3242376,35518,2,2,0
678392,35519,2,2,0
1987592,35520,2,1,1
4376344,35521,2,1,1
789952,35522,2,1,1
1148224,35523,2,1,1
128408,35524,2,0,2
1836096,35525,2,0,2
276920,35526,2,0,2
567704,35527,2,2,0
147432,35528,2,2,0
1500200,35529,2,1,1
2300120,35530,2,0,2
640240,35531,2,1,1
274440,35532,2,0,2
1839256,35533,2,1,1
1601344,35534,2,1,1
70128,35535,2,1,1
7380152,35536,2,2,0
375296,35537,2,1,1
1273872,35538,2,1,1
3152168,35539,2,1,1
4346840,35540,2,1,1
3323176,35541,2,2,0
81232,35542,2,2,0
2026464,35543,2,0,2
631040,35544,2,1,1
3996784,35545,2,0,2
296392,35546,2,0,2
451912,35547,2,0,2
417872,35548,2,0,2
1524280,35549,2,0,2
250608,35550,2,0,2
748000,35551,2,0,2
1935016,35552,2,1,1
198544,35553,2,2,0
2267504,35554,2,1,1
2024952,35555,2,1,1
2584888,35556,2,0,2
1135704,35557,2,2,0
384208,35558,2,0,2
1374200,35559,2,0,2
2595288,35560,2,1,1
91704,35561,2,2,0
787336,35562,2,1,1
704552,35563,2,1,1
500464,35564,2,2,0
81560,35565,2,1,1
226760,35566,2,0,2
578672,35567,2,1,1
455064,35568,2,1,1
1160144,35569,2,1,1
1598304,35570,2,1,1
2023448,35571,2,2,0
3689872,35572,2,2,0
97184,35573,2,1,1
912280,35574,2,2,0
470216,35575,2,1,1
1062416,35576,2,2,0
143368,35577,2,1,1
747080,35578,2,0,2
73264,35579,2,1,1
1639792,35580,2,1,1
602312,35581,2,1,1
1528560,35582,2,1,1
1064680,35583,2,1,1
1927048,35584,2,0,2
745824,35585,2,2,0
246712,35586,2,0,2
1997968,35587,2,0,2
1370512,35588,2,2,0
751888,35589,2,2,0
87664,35590,2,1,1
3863424,35591,2,2,0
192432,35592,2,0,2
100360,35593,2,0,2
3156384,35594,2,1,1
366088,35595,2,1,1
285856,35596,2,2,0
1000440,35597,2,1,1
188000,35598,2,0,2
1133072,35599,2,0,2
96192,35600,2,2,0
1285136,35601,2,0,2
593080,35602,2,2,0
307744,35603,2,1,1
749952,35604,2,2,0
1145968,35605,2,0,2
97432,35606,2,1,1
6591736,35607,2,1,1
1433584,35608,2,2,0
1444504,35609,2,0,2
2020760,35610,2,1,1
955168,35611,2,0,2
169432,35612,2,2,0
1495048,35613,2,1,1
2492976,35614,2,0,2
1708416,35615,2,1,1
800832,35616,2,1,1
895472,35617,2,1,1
694888,35618,2,2,0
406200,35619,2,1,1
70824,35620,2,0,2
301064,35621,2,1,1
1321000,35622,2,1,1
1530592,35623,2,2,0
69112,35624,2,1,1
248880,35625,2,1,1
4232920,35626,2,0,2
502344,35627,2,0,2
120120,35628,2,0,2
1111288,35629,2,2,0
144024,35630,2,1,1
237688,35631,2,2,0
3432200,35632,2,1,1
281304,35633,2,1,1
2602240,35634,2,0,2
381824,35635,2,0,2
374624,35636,2,1,1
1401896,35637,2,2,0
203232,35638,2,1,1
225984,35639,2,2,0
292624,35640,2,1,1
251256,35641,2,1,1
481552,35642,2,0,2
7924976,35643,2,1,1
230744,35644,2,2,0
1675000,35645,2,1,1
1026704,35646,2,0,2
466648,35647,2,1,1
2770768,35648,2,0,2
541456,35649,2,1,1
106352,35650,2,2,0
377816,35651,2,2,0
184928,35652,2,0,2
172344,35653,2,1,1
868376,35654,2,1,1
968408,35655,2,0,2
254952,35656,2,1,1
506288,35657,2,0,2
498592,35658,2,0,2
291408,35659,2,2,0
204184,35660,2,1,1
254064,35661,2,0,2
225696,35662,2,1,1
254256,35663,2,1,1
443768,35664,2,1,1
6832896,35665,2,2,0
436672,35666,2,2,0
3158824,35667,2,1,1
1378184,35668,2,0,2
465400,35669,2,1,1
1036928,35670,2,1,1
566200,35671,2,2,0
795072,35672,2,2,0
150960,35673,2,0,2
91224,35674,2,1,1
285880,35675,2,0,2
2429064,35676,2,0,2
4077688,35677,2,1,1
96544,35678,2,1,1
3490544,35679,2,2,0
103032,35680,2,1,1
953496,35681,2,1,1
68280,35682,2,0,2
3364568,35683,2,1,1
189728,35684,2,1,1
581528,35685,2,1,1
1381096,35686,2,1,1
399696,35687,2,2,0
321784,35688,2,0,2
146296,35689,2,1,1
1080512,35690,2,1,1
288584,35691,2,1,1
331912,35692,2,1,1
979432,35693,2,2,0
1200848,35694,2,0,2
561456,35695,2,1,1
1056056,35696,2,0,2
6929128,35697,2,1,1
1172344,35698,2,0,2
486544,35699,2,1,1
250488,35700,2,1,1
1043232,35701,2,2,0
162592,35702,2,0,2
651288,35703,2,1,1
1612384,35704,2,1,1
1214616,35705,2,0,2
1896520,35706,2,1,1
387736,35707,2,1,1
920640,35708,2,1,1
1138352,35709,2,1,1
1110272,35710,2,1,1
236808,35711,2,0,2
5274928,35712,2,1,1
5649184,35713,2,2,0
683880,35714,2,2,0
487064,35715,2,2,0
114424,35716,2,0,2
272408,35717,2,1,1
239648,35718,2,2,0
2602904,35719,2,1,1
707560,35720,2,1,1
1349568,35721,2,2,0
193208,35722,2,1,1
863496,35723,2,2,0
285800,35724,2,1,1
1188688,35725,2,1,1
131736,35726,2,2,0
516808,35727,2,1,1
210752,35728,2,2,0
6331792,35729,2,2,0
491048,35730,2,0,2
2601992,35731,2,2,0
1858552,35732,2,1,1
2793528,35733,2,0,2
943832,35734,2,1,1
186056,35735,2,1,1
1015776,35736,2,1,1
329152,35737,2,2,0
951072,35738,2,1,1
1798368,35739,2,0,2
585408,35740,2,1,1
650096,35741,2,0,2
1535200,35742,2,1,1
711752,35743,2,0,2
178848,35744,2,1,1
251040,35745,2,0,2
401776,35746,2,2,0
3113344,35747,2,1,1
1866024,35748,2,1,1
1587576,35749,2,1,1
652160,35750,2,2,0
956608,35751,2,1,1
137960,35752,2,2,0
245688,35753,2,2,0
1190928,35754,2,0,2
2853224,35755,2,1,1
250360,35756,2,1,1
1701488,35757,2,2,0
393784,35758,2,0,2
918968,35759,2,1,1
5349000,35760,2,1,1
910704,35761,2,2,0
341000,35762,2,2,0
187352,35763,2,1,1
614392,35764,2,1,1
355560,35765,2,0,2
740248,35766,2,1,1
504280,35767,2,0,2
7688000,35768,2,1,1
300416,35769,2,2,0
4485000,35770,2,1,1
346184,35771,2,1,1
435352,35772,2,0,2
5431872,35773,2,2,0
149872,35774,2,1,1
1238296,35775,2,2,0
3885192,35776,2,0,2
293704,35777,2,0,2
1917080,35778,2,1,1
501680,35779,2,0,2
883184,35780,2,1,1
340936,35781,2,0,2
4573120,35782,2,1,1
133712,35783,2,1,1
387616,35784,2,1,1
854768,35785,2,1,1
173600,35786,2,1,1
208040,35787,2,1,1
226392,35788,2,1,1
318504,35789,2,1,1
214520,35790,2,1,1
1999152,35791,2,0,2
2483072,35792,2,2,0
205912,35793,2,1,1
346880,35794,2,1,1
643664,35795,2,1,1
2095712,35796,2,1,1
397928,35797,2,2,0
140544,35798,2,1,1
178624,35799,2,1,1
4467888,35800,2,2,0
1089224,35801,2,1,1
1074648,35802,2,2,0
847264,35803,2,1,1
557528,35804,2,0,2
6934792,35805,2,1,1
951816,35806,2,0,2
241440,35807,2,1,1
196528,35808,2,1,1
89576,35809,2,0,2
188832,35810,2,1,1
353824,35811,2,1,1
352536,35812,2,1,1
1212608,35813,2,2,0
129264,35814,2,1,1
860472,35815,2,1,1
1141344,35816,2,1,1
574232,35817,2,0,2
72952,35818,2,1,1
5421872,35819,2,1,1
641920,35820,2,2,0
1593504,35821,2,0,2
489480,35822,2,0,2
641688,35823,2,2,0
461072,35824,2,1,1
215760,35825,2,2,0
326320,35826,2,0,2
6123848,35827,2,2,0
1501392,35828,2,0,2
3335232,35829,2,1,1
2513440,35830,2,1,1
975048,35831,2,0,2
248520,35832,2,1,1
1994480,35833,2,1,1
1631000,35834,2,2,0
93528,35835,2,2,0
1513584,35836,2,2,0
1292896,35837,2,1,1
2133696,35838,2,0,2
7914792,35839,2,1,1
994112,35840,2,1,1
269384,35841,2,2,0
5300040,35842,2,0,2
109112,35843,2,2,0
343736,35844,2,1,1
866504,35845,2,2,0
205440,35846,2,0,2
469136,35847,2,1,1
2788368,35848,2,1,1
230848,35849,2,1,1
6061104,35850,2,0,2
384312,35851,2,0,2
312608,35852,2,2,0
553544,35853,2,2,0
2119072,35854,2,1,1
2675472,35855,2,1,1
868920,35856,2,0,2
222824,35857,2,0,2
49392,35858,2,1,1
1071120,35859,2,2,0
2047552,35860,2,2,0
985984,35861,2,2,0
171192,35862,2,1,1
334328,35863,2,2,0
419008,35864,2,0,2
340912,35865,2,2,0
1852712,35866,2,1,1
2444432,35867,2,1,1
159896,35868,2,1,1
8285400,35869,2,1,1
453096,35870,2,1,1
260256,35871,2,0,2
432424,35872,2,1,1
385496,35873,2,1,1
1311736,35874,2,1,1
970744,35875,2,0,2
2150696,35876,2,0,2
56768,35877,2,2,0
1772128,35878,2,2,0
4582048,35879,2,0,2
1473232,35880,2,0,2
566392,35881,2,1,1
2241640,35882,2,0,2
3125992,35883,2,1,1
209360,35884,2,1,1
346112,35885,2,1,1
411792,35886,2,1,1
347104,35887,2,1,1
1261888,35888,2,2,0
1257488,35889,2,2,0
200000,35890,2,1,1
45568,35891,2,0,2
882640,35892,2,1,1
1031760,35893,2,1,1
504216,35894,2,0,2
757176,35895,2,1,1
388688,35896,2,1,1
342360,35897,2,0,2
251072,35898,2,1,1
365768,35899,2,2,0
215824,35900,2,1,1
1206552,35901,2,1,1
66168,35902,2,2,0
1847240,35903,2,1,1
3519920,35904,2,2,0
2770288,35905,2,1,1
1602976,35906,2,1,1
122112,35907,2,0,2
284152,35908,2,2,0
283448,35909,2,1,1
101096,35910,2,1,1
1412536,35911,2,1,1
149672,35912,2,1,1
173552,35913,2,0,2
870120,35914,2,2,0
674160,35915,2,0,2
2868360,35916,2,1,1
545784,35917,2,1,1
4422200,35918,2,0,2
548784,35919,2,2,0
3136824,35920,2,0,2
213304,35921,2,2,0
1331856,35922,2,1,1
2009864,35923,2,1,1
500136,35924,2,0,2
1432728,35925,2,1,1
138744,35926,2,1,1
571160,35927,2,0,2
78336,35928,2,0,2
310120,35929,2,1,1
1703232,35930,2,1,1
782800,35931,2,0,2
102848,35932,2,1,1
892168,35933,2,1,1
3333752,35934,2,1,1
756816,35935,2,2,0
4312336,35936,2,1,1
1980376,35937,2,0,2
174216,35938,2,1,1
156976,35939,2,2,0
838336,35940,2,1,1
198088,35941,2,2,0
537912,35942,2,1,1
372920,35943,2,2,0
4646680,35944,2,0,2
59080,35945,2,0,2
201152,35946,2,1,1
289736,35947,2,1,1
349120,35948,2,0,2
145432,35949,2,1,1
5601712,35950,2,1,1
1610008,35951,2,1,1
327808,35952,2,0,2
56440,35953,2,2,0
3472080,35954,2,1,1
4043904,35955,2,1,1
34480,35956,2,2,0
2059736,35957,2,1,1
1992384,35958,2,2,0
654056,35959,2,1,1
116656,35960,2,1,1
1824736,35961,2,1,1
1573760,35962,2,2,0
2277832,35963,2,1,1
166024,35964,2,1,1
214472,35965,2,2,0
165712,35966,2,1,1
266392,35967,2,2,0
2025528,35968,2,0,2
5963952,35969,2,1,1
1356400,35970,2,0,2
6433544,35971,2,1,1
180544,35972,2,2,0
1349904,35973,2,1,1
772760,35974,2,1,1
5792344,35975,2,0,2
1557056,35976,2,1,1
347120,35977,2,1,1
183584,35978,2,1,1
406688,35979,2,0,2
4923496,35980,2,1,1
4487144,35981,2,2,0
98800,35982,2,1,1
482184,35983,2,2,0
140952,35984,2,1,1
221352,35985,2,2,0
541624,35986,2,1,1
128312,35987,2,1,1
351104,35988,2,0,2
3163024,35989,2,2,0
1585768,35990,2,1,1
160528,35991,2,2,0
83952,35992,2,1,1
757656,35993,2,1,1
302560,35994,2,0,2
294120,35995,2,0,2
246144,35996,2,1,1
1016488,35997,2,1,1
378896,35998,2,1,1
945304,35999,2,1,1
1181096,36000,2,1,1
496016,36001,2,2,0
1028496,36002,2,1,1
172712,36003,2,1,1
774744,36004,2,1,1
8055192,36005,2,0,2
165760,36006,2,1,1
175480,36007,2,0,2
1032472,36008,2,2,0
1222064,36009,2,2,0
505664,36010,2,1,1
320928,36011,2,1,1
1040248,36012,2,0,2
860512,36013,2,0,2
53288,36014,2,2,0
1372248,36015,2,2,0
595400,36016,2,1,1
326752,36017,2,2,0
225728,36018,2,1,1
6356456,36019,2,1,1
504384,36020,2,2,0
612096,36021,2,0,2
113536,36022,2,0,2
1643096,36023,2,0,2
492408,36024,2,1,1
201264,36025,2,2,0
1762864,36026,2,1,1
799376,36027,2,1,1
681264,36028,2,0,2
1415544,36029,2,0,2
1760704,36030,2,2,0
1788656,36031,2,1,1
6086840,36032,2,0,2
498728,36033,2,2,0
154744,36034,2,1,1
4069800,36035,2,1,1
7681976,36036,2,1,1
553528,36037,2,1,1
1093824,36038,2,0,2
2261072,36039,2,1,1
561384,36040,2,0,2
6560152,36041,2,0,2
3034752,36042,2,1,1
1150128,36043,2,2,0
1520688,36044,2,1,1
822240,36045,2,0,2
875816,36046,2,2,0
511272,36047,2,1,1
3423544,36048,2,1,1
752664,36049,2,1,1
464568,36050,2,0,2
5918864,36051,2,1,1
1174624,36052,2,1,1
285584,36053,2,0,2
121376,36054,2,1,1
180472,36055,2,2,0
718264,36056,2,0,2
5720544,36057,2,2,0
725528,36058,2,1,1
398688,36059,2,0,2
1610712,36060,2,1,1
115656,36061,2,1,1
363584,36062,2,2,0
317072,36063,2,0,2
809528,36064,2,1,1
352216,36065,2,1,1
3800624,36066,2,0,2
706920,36067,2,1,1
248496,36068,2,2,0
2828368,36069,2,1,1
2688152,36070,2,1,1
2333160,36071,2,0,2
371344,36072,2,1,1
425464,36073,2,1,1
790680,36074,2,2,0
442696,36075,2,1,1
381200,36076,2,1,1
2302528,36077,2,2,0
5892928,36078,2,2,0
4022888,36079,2,1,1
3896248,36080,2,1,1
103992,36081,2,2,0
3354136,36082,2,2,0
541424,36083,2,2,0
89248,36084,2,2,0
399176,36085,2,1,1
719784,36086,2,0,2
454312,36087,2,2,0
406552,36088,2,1,1
2005648,36089,2,2,0
102768,36090,2,0,2
338824,36091,2,1,1
270200,36092,2,2,0
103192,36093,2,1,1
1695024,36094,2,1,1
340232,36095,2,1,1
1617424,36096,2,2,0
713432,36097,2,0,2
1022056,36098,2,1,1
4653928,36099,2,0,2
223392,36100,2,1,1
500872,36101,2,0,2
1604280,36102,2,0,2
76176,36103,2,1,1
2329128,36104,2,2,0
227512,36105,2,1,1
6812488,36106,2,1,1
1678648,36107,2,1,1
431520,36108,2,1,1
133680,36109,2,2,0
304064,36110,2,0,2
91752,36111,2,0,2
5364920,36112,2,1,1
2446928,36113,2,1,1
358456,36114,2,1,1
349440,36115,2,0,2
1517112,36116,2,0,2
958792,36117,2,1,1
312360,36118,2,2,0
298368,36119,2,1,1
766480,36120,2,1,1
341256,36121,2,2,0
304344,36122,2,2,0
333688,36123,2,0,2
102376,36124,2,1,1
299864,36125,2,1,1
2516448,36126,2,1,1
393232,36127,2,0,2
281472,36128,2,2,0
3494472,36129,2,2,0
158688,36130,2,0,2
269056,36131,2,1,1
224000,36132,2,1,1
5645456,36133,2,1,1
206224,36134,2,1,1
635600,36135,2,2,0
119208,36136,2,0,2
323000,36137,2,0,2
924736,36138,2,1,1
171032,36139,2,0,2
315640,36140,2,0,2
339264,36141,2,0,2
2067544,36142,2,1,1
3453416,36143,2,0,2
1991040,36144,2,1,1
400480,36145,2,1,1
3537312,36146,2,1,1
239184,36147,2,2,0
1202560,36148,2,2,0
1320008,36149,2,1,1
1299240,36150,2,1,1
642544,36151,2,0,2
2431736,36152,2,1,1
941888,36153,2,2,0
188760,36154,2,0,2
3982912,36155,2,1,1
6246192,36156,2,0,2
583936,36157,2,2,0
204640,36158,2,2,0
162352,36159,2,1,1
2415840,36160,2,1,1
198928,36161,2,1,1
128680,36162,2,1,1
86768,36163,2,2,0
764864,36164,2,1,1
278680,36165,2,1,1
298416,36166,2,1,1
684872,36167,2,2,0
64552,36168,2,1,1
290536,36169,2,1,1
2443504,36170,2,1,1
2455800,36171,2,0,2
1851584,36172,2,1,1
3752784,36173,2,2,0
505672,36174,2,1,1
772792,36175,2,0,2
3049208,36176,2,1,1
3197336,36177,2,1,1
1520344,36178,2,1,1
6047608,36179,2,1,1
1680504,36180,2,0,2
484864,36181,2,2,0
165024,36182,2,1,1
374256,36183,2,1,1
593440,36184,2,2,0
2174216,36185,2,0,2
1362552,36186,2,0,2
360064,36187,2,2,0
1122576,36188,2,2,0
169104,36189,2,0,2
134216,36190,2,1,1
2047848,36191,2,1,1
1261224,36192,2,1,1
6071464,36193,2,2,0
1848280,36194,2,1,1
1324576,36195,2,2,0
158424,36196,2,1,1
1992752,36197,2,0,2
90064,36198,2,0,2
985592,36199,2,0,2
89960,36200,2,0,2
2021960,36201,2,0,2
7254184,36202,2,1,1
747008,36203,2,1,1
3753448,36204,2,2,0
1701352,36205,2,0,2
5713320,36206,2,1,1
189224,36207,2,1,1
452264,36208,2,1,1
564496,36209,2,2,0
487136,36210,2,0,2
7757712,36211,2,1,1
856752,36212,2,0,2
112736,36213,2,0,2
7195744,36214,2,1,1
3199144,36215,2,2,0
1274104,36216,2,2,0
402256,36217,2,0,2
753152,36218,2,2,0
1453664,36219,2,1,1
107776,36220,2,1,1
375256,36221,2,2,0
935584,36222,2,2,0
72704,36223,2,1,1
3931840,36224,2,1,1
398448,36225,2,1,1
111176,36226,2,1,1
368384,36227,2,1,1
232400,36228,2,0,2
890192,36229,2,1,1
426952,36230,2,0,2
176072,36231,2,2,0
137072,36232,2,0,2
298616,36233,2,1,1
141664,36234,2,1,1
573872,36235,2,1,1
563152,36236,2,2,0
549680,36237,2,0,2
1972432,36238,2,1,1
502840,36239,2,0,2
234360,36240,2,1,1
2477592,36241,2,2,0
954336,36242,2,1,1
361856,36243,2,1,1
151448,36244,2,2,0
752608,36245,2,1,1
408032,36246,2,2,0
618888,36247,2,1,1
630648,36248,2,1,1
1962856,36249,2,0,2
1001152,36250,2,2,0
414824,36251,2,1,1
383192,36252,2,1,1
141264,36253,2,2,0
1948592,36254,2,0,2
1421016,36255,2,1,1
405432,36256,2,1,1
185720,36257,2,2,0
314584,36258,2,0,2
389992,36259,2,2,0
1294920,36260,2,1,1
3163392,36261,2,0,2
551608,36262,2,0,2
3247640,36263,2,1,1
4213032,36264,2,0,2
862608,36265,2,1,1
320248,36266,2,2,0
185016,36267,2,1,1
3986704,36268,2,2,0
367696,36269,2,0,2
317664,36270,2,2,0
121968,36271,2,1,1
1548368,36272,2,0,2
195328,36273,2,0,2
273776,36274,2,1,1
214624,36275,2,2,0
173696,36276,2,1,1
195600,36277,2,2,0
185208,36278,2,1,1
1531792,36279,2,0,2
3763592,36280,2,2,0
297464,36281,2,1,1
255528,36282,2,1,1
1571016,36283,2,1,1
1662584,36284,2,2,0
239008,36285,2,1,1
5732568,36286,2,1,1
1959320,36287,2,0,2
2739336,36288,2,1,1
984600,36289,2,2,0
152832,36290,2,1,1
136160,36291,2,0,2
821240,36292,2,2,0
295856,36293,2,1,1
963864,36294,2,1,1
394072,36295,2,1,1
271688,36296,2,1,1
285960,36297,2,2,0
1893560,36298,2,0,2
178744,36299,2,2,0
930744,36300,2,1,1
238136,36301,2,2,0
2580992,36302,2,1,1
196376,36303,2,1,1
866936,36304,2,0,2
1891168,36305,2,0,2
345752,36306,2,1,1
320680,36307,2,1,1
238632,36308,2,0,2
2491000,36309,2,0,2
4477104,36310,2,0,2
1330712,36311,2,2,0
707952,36312,2,2,0
889600,36313,2,0,2
1495744,36314,2,2,0
262360,36315,2,1,1
2410096,36316,2,2,0
199032,36317,2,1,1
602520,36318,2,0,2
446976,36319,2,1,1
3005520,36320,2,1,1
1609560,36321,2,2,0
992704,36322,2,1,1
162480,36323,2,2,0
135360,36324,2,1,1
385376,36325,2,0,2
489752,36326,2,2,0
3584488,36327,2,2,0
359664,36328,2,1,1
839160,36329,2,2,0
2940624,36330,2,0,2
1812352,36331,2,1,1
748544,36332,2,1,1
286832,36333,2,1,1
363168,36334,2,1,1
1073152,36335,2,1,1
287336,36336,2,2,0
1514808,36337,2,0,2
237880,36338,2,1,1
462840,36339,2,1,1
2518368,36340,2,1,1
831976,36341,2,1,1
125784,36342,2,2,0
1118912,36343,2,1,1
191584,36344,2,1,1
3094016,36345,2,1,1
515704,36346,2,0,2
5802024,36347,2,1,1
2049192,36348,2,0,2
4700040,36349,2,0,2
362920,36350,2,1,1
778656,36351,2,1,1
219768,36352,2,1,1
1236752,36353,2,2,0
6122256,36354,2,1,1
329800,36355,2,0,2
291968,36356,2,2,0
198512,36357,2,1,1
93480,36358,2,2,0
181200,36359,2,0,2
774736,36360,2,1,1
630536,36361,2,1,1
671448,36362,2,1,1
269184,36363,2,2,0
261208,36364,2,0,2
306568,36365,2,2,0
175688,36366,2,0,2
153072,36367,2,1,1
200216,36368,2,1,1
2442448,36369,2,2,0
1158224,36370,2,1,1
2457072,36371,2,0,2
382712,36372,2,1,1
375248,36373,2,0,2
125096,36374,2,1,1
63632,36375,2,0,2
969248,36376,2,0,2
154152,36377,2,0,2
3032944,36378,2,0,2
4495336,36379,2,1,1
59184,36380,2,2,0
263776,36381,2,1,1
1725488,36382,2,1,1
256624,36383,2,1,1
2780216,36384,2,2,0
1633064,36385,2,1,1
1087888,36386,2,0,2
881008,36387,2,0,2
920056,36388,2,1,1
846856,36389,2,1,1
498448,36390,2,1,1
902808,36391,2,2,0
484400,36392,2,1,1
2852256,36393,2,2,0
82872,36394,2,0,2
349232,36395,2,1,1
1241192,36396,2,2,0
336816,36397,2,1,1
487992,36398,2,1,1
4253168,36399,2,1,1
393808,36400,2,1,1
2212688,36401,2,1,1
1380416,36402,2,2,0
482496,36403,2,1,1
135672,36404,2,1,1
327824,36405,2,1,1
680504,36406,2,0,2
1677216,36407,2,1,1
247312,36408,2,2,0
852224,36409,2,1,1
3334888,36410,2,0,2
2826976,36411,2,1,1
1935152,36412,2,1,1
256968,36413,2,2,0
475184,36414,2,2,0
181072,36415,2,0,2
759944,36416,2,0,2
516624,36417,2,0,2
154296,36418,2,0,2
2473952,36419,2,1,1
210344,36420,2,0,2
216952,36421,2,1,1
263936,36422,2,1,1
1370976,36423,2,0,2
198280,36424,2,1,1
223608,36425,2,2,0
1323176,36426,2,0,2
2458240,36427,2,1,1
112880,36428,2,1,1
309864,36429,2,0,2
629000,36430,2,0,2
1478464,36431,2,1,1
872256,36432,2,2,0
630840,36433,2,1,1
295848,36434,2,1,1
459664,36435,2,2,0
3307896,36436,2,1,1
4950032,36437,2,0,2
189440,36438,2,2,0
212896,36439,2,1,1
336488,36440,2,0,2
5365312,36441,2,2,0
154072,36442,2,1,1
1110872,36443,2,0,2
155872,36444,2,0,2
964872,36445,2,1,1
615640,36446,2,2,0
4196544,36447,2,1,1
184272,36448,2,1,1
363416,36449,2,2,0
197136,36450,2,2,0
242168,36451,2,1,1
363880,36452,2,1,1
195872,36453,2,0,2
6466976,36454,2,1,1
673288,36455,2,2,0
5623520,36456,2,0,2
2739648,36457,2,0,2
803552,36458,2,1,1
709832,36459,2,0,2
172544,36460,2,1,1
100968,36461,2,0,2
724848,36462,2,2,0
266648,36463,2,2,0
67128,36464,2,2,0
200624,36465,2,0,2
137312,36466,2,1,1
107376,36467,2,2,0
359584,36468,2,1,1
1336040,36469,2,2,0
655520,36470,2,1,1
515936,36471,2,0,2
88080,36472,2,1,1
2113664,36473,2,1,1
364600,36474,2,1,1
3250120,36475,2,1,1
979192,36476,2,0,2
665488,36477,2,2,0
1922256,36478,2,0,2
4534392,36479,2,0,2
158984,36480,2,2,0
2341656,36481,2,1,1
1003584,36482,2,1,1
352872,36483,2,1,1
1110176,36484,2,1,1
174032,36485,2,2,0
578832,36486,2,1,1
168936,36487,2,0,2
930296,36488,2,2,0
155808,36489,2,0,2
494216,36490,2,2,0
274928,36491,2,1,1
101512,36492,2,1,1
264176,36493,2,0,2
248616,36494,2,0,2
207112,36495,2,2,0
246024,36496,2,1,1
212944,36497,2,0,2
127440,36498,2,2,0
149808,36499,2,0,2
3261472,36500,2,1,1
6500408,36501,2,2,0
1245888,36502,2,0,2
171864,36503,2,0,2
839960,36504,2,1,1
960160,36505,2,1,1
1506416,36506,2,1,1
1300184,36507,2,2,0
436536,36508,2,1,1
1026280,36509,2,1,1
259896,36510,2,1,1
198000,36511,2,1,1
1102968,36512,2,1,1
530512,36513,2,1,1
647912,36514,2,2,0
798696,36515,2,1,1
1788168,36516,2,1,1
210080,36517,2,2,0
235992,36518,2,1,1
163360,36519,2,1,1
829592,36520,2,1,1
4442976,36521,2,1,1
398200,36522,2,1,1
918488,36523,2,1,1
641272,36524,2,0,2
306912,36525,2,1,1
852856,36526,2,1,1
304472,36527,2,1,1
876848,36528,2,0,2
689648,36529,2,1,1
979728,36530,2,2,0
1075712,36531,2,0,2
4710360,36532,2,1,1
291104,36533,2,1,1
1187080,36534,2,2,0
2705464,36535,2,0,2
1011368,36536,2,0,2
3836640,36537,2,1,1
3691880,36538,2,1,1
2331248,36539,2,0,2
1053168,36540,2,1,1
905968,36541,2,2,0
313600,36542,2,1,1
3647728,36543,2,2,0
230816,36544,2,2,0
2523936,36545,2,0,2
597192,36546,2,2,0
535816,36547,2,1,1
170360,36548,2,1,1
376840,36549,2,0,2
400568,36550,2,2,0
297528,36551,2,2,0
5276640,36552,2,1,1
215944,36553,2,1,1
1085976,36554,2,0,2
3981992,36555,2,2,0
4104416,36556,2,1,1
1392712,36557,2,2,0
8099656,36558,2,1,1
332944,36559,2,2,0
1611520,36560,2,1,1
2471752,36561,2,1,1
2104624,36562,2,1,1
608568,36563,2,1,1
642576,36564,2,1,1
469112,36565,2,1,1
57328,36566,2,1,1
1208968,36567,2,1,1
443336,36568,2,1,1
1407032,36569,2,1,1
3797104,36570,2,0,2
2748192,36571,2,1,1
337272,36572,2,1,1
2442848,36573,2,2,0
89064,36574,2,0,2
955152,36575,2,1,1
2346744,36576,2,2,0
191000,36577,2,0,2
89104,36578,2,0,2
360904,36579,2,0,2
122264,36580,2,0,2
270864,36581,2,2,0
1070744,36582,2,2,0
6600808,36583,2,2,0
7206512,36584,2,2,0
153032,36585,2,1,1
2996496,36586,2,2,0
570344,36587,2,1,1
59344,36588,2,2,0
219280,36589,2,1,1
212232,36590,2,2,0
243872,36591,2,1,1
508224,36592,2,2,0
1850616,36593,2,2,0
8152256,36594,2,1,1
2387752,36595,2,1,1
237616,36596,2,1,1
137016,36597,2,0,2
500128,36598,2,1,1
234648,36599,2,1,1
236616,36600,2,0,2
215040,36601,2,0,2
891048,36602,2,1,1
240320,36603,2,1,1
5106784,36604,2,1,1
722032,36605,2,0,2
158504,36606,2,1,1
98704,36607,2,0,2
267392,36608,2,1,1
688848,36609,2,1,1
544416,36610,2,1,1
652336,36611,2,2,0
418736,36612,2,2,0
329720,36613,2,1,1
245624,36614,2,1,1
241928,36615,2,2,0
1470840,36616,2,1,1
1350976,36617,2,0,2
407624,36618,2,0,2
5507808,36619,2,1,1
4634408,36620,2,2,0
1874632,36621,2,2,0
874240,36622,2,0,2
5990024,36623,2,1,1
1523368,36624,2,0,2
420368,36625,2,1,1
465984,36626,2,0,2
349192,36627,2,1,1
89456,36628,2,0,2
390688,36629,2,1,1
1389208,36630,2,2,0
272440,36631,2,1,1
392312,36632,2,1,1
202928,36633,2,1,1
414800,36634,2,0,2
107064,36635,2,1,1
272360,36636,2,1,1
202656,36637,2,1,1
291984,36638,2,1,1
556984,36639,2,1,1
319136,36640,2,1,1
2332368,36641,2,2,0
277424,36642,2,1,1
1140600,36643,2,1,1
298376,36644,2,2,0
145656,36645,2,1,1
265024,36646,2,0,2
5903176,36647,2,2,0
588744,36648,2,0,2
807920,36649,2,0,2
178072,36650,2,2,0
684504,36651,2,2,0
67824,36652,2,1,1
217456,36653,2,0,2
635432,36654,2,0,2
577808,36655,2,0,2
655776,36656,2,2,0
251664,36657,2,1,1
253840,36658,2,1,1
919832,36659,2,1,1
748472,36660,2,0,2
570208,36661,2,0,2
216424,36662,2,1,1
2653904,36663,2,1,1
1896424,36664,2,0,2
834984,36665,2,1,1
705184,36666,2,2,0
870400,36667,2,1,1
1484744,36668,2,2,0
214208,36669,2,0,2
340160,36670,2,1,1
131600,36671,2,1,1
327384,36672,2,1,1
387000,36673,2,0,2
100096,36674,2,0,2
413720,36675,2,1,1
1161360,36676,2,0,2
188008,36677,2,2,0
520816,36678,2,2,0
420528,36679,2,1,1
301328,36680,2,1,1
395504,36681,2,1,1
2090328,36682,2,0,2
213000,36683,2,1,1
1362416,36684,2,1,1
464616,36685,2,1,1
125896,36686,2,1,1
586544,36687,2,1,1
70840,36688,2,1,1
2940304,36689,2,0,2
836704,36690,2,2,0
180408,36691,2,2,0
743056,36692,2,1,1
3989144,36693,2,1,1
197528,36694,2,1,1
171080,36695,2,0,2
83384,36696,2,0,2
984168,36697,2,1,1
472752,36698,2,2,0
1630560,36699,2,2,0
760544,36700,2,1,1
702048,36701,2,1,1
2645680,36702,2,0,2
693864,36703,2,2,0
319504,36704,2,2,0
1114160,36705,2,2,0
1596040,36706,2,1,1
542272,36707,2,1,1
488376,36708,2,0,2
386936,36709,2,1,1
495848,36710,2,2,0
99696,36711,2,1,1
595720,36712,2,1,1
469656,36713,2,1,1
208712,36714,2,1,1
318600,36715,2,0,2
1276968,36716,2,2,0
1164848,36717,2,1,1
55504,36718,2,1,1
1232400,36719,2,1,1
845584,36720,2,2,0
174848,36721,2,1,1
87696,36722,2,1,1
197656,36723,2,1,1
3033192,36724,2,1,1
255408,36725,2,1,1
976976,36726,2,0,2
1089032,36727,2,1,1
330720,36728,2,1,1
380368,36729,2,0,2
653848,36730,2,1,1
3458936,36731,2,1,1
262088,36732,2,0,2
482032,36733,2,1,1
242624,36734,2,0,2
1109600,36735,2,1,1
2487608,36736,2,1,1
768312,36737,2,2,0
2468392,36738,2,0,2
177664,36739,2,0,2
480280,36740,2,1,1
1657256,36741,2,0,2
203448,36742,2,1,1
971024,36743,2,0,2
152656,36744,2,0,2
2471504,36745,2,0,2
3223680,36746,2,1,1
2230824,36747,2,1,1
73904,36748,2,0,2
1804008,36749,2,2,0
165416,36750,2,2,0
540448,36751,2,2,0
324360,36752,2,0,2
1847008,36753,2,2,0
132464,36754,2,1,1
393104,36755,2,1,1
3264400,36756,2,0,2
2331640,36757,2,1,1
807840,36758,2,1,1
1520672,36759,2,1,1
195280,36760,2,1,1
275464,36761,2,0,2
338104,36762,2,0,2
351832,36763,2,1,1
502968,36764,2,2,0
6553296,36765,2,1,1
455304,36766,2,2,0
402800,36767,2,1,1
650296,36768,2,1,1
220776,36769,2,1,1
552680,36770,2,1,1
979296,36771,2,1,1
751152,36772,2,2,0
2414360,36773,2,1,1
159808,36774,2,2,0
650800,36775,2,1,1
1929192,36776,2,0,2
408448,36777,2,1,1
231552,36778,2,0,2
197144,36779,2,0,2
267008,36780,2,0,2
468784,36781,2,1,1
232048,36782,2,0,2
3278808,36783,2,0,2
340520,36784,2,0,2
1143512,36785,2,1,1
2290968,36786,2,0,2
7965824,36787,2,0,2
426344,36788,2,0,2
4917992,36789,2,2,0
1361608,36790,2,2,0
109320,36791,2,1,1
3952616,36792,2,2,0
936832,36793,2,1,1
468376,36794,2,1,1
4838832,36795,2,1,1
4479056,36796,2,1,1
1071648,36797,2,2,0
3674184,36798,2,2,0
279584,36799,2,0,2
224384,36800,2,1,1
240432,36801,2,0,2
270952,36802,2,0,2
651208,36803,2,0,2
984544,36804,2,1,1
2341552,36805,2,2,0
1076176,36806,2,2,0
756984,36807,2,1,1
1089408,36808,2,0,2
526744,36809,2,1,1
206768,36810,2,2,0
2358696,36811,2,2,0
330152,36812,2,1,1
2673032,36813,2,1,1
7227296,36814,2,2,0
139160,36815,2,1,1
8067280,36816,2,0,2
131008,36817,2,0,2
705304,36818,2,0,2
2647496,36819,2,0,2
2501912,36820,2,2,0
104728,36821,2,2,0
1201056,36822,2,1,1
3557448,36823,2,1,1
340008,36824,2,2,0
123680,36825,2,1,1
192000,36826,2,2,0
393760,36827,2,1,1
2075296,36828,2,0,2
141128,36829,2,0,2
663336,36830,2,1,1
395720,36831,2,1,1
230368,36832,2,1,1
7839632,36833,2,1,1
4326664,36834,2,1,1
181680,36835,2,1,1
552200,36836,2,1,1
222280,36837,2,2,0
2245200,36838,2,2,0
861704,36839,2,1,1
2344936,36840,2,1,1
805312,36841,2,0,2
5672808,36842,2,2,0
2453528,36843,2,1,1
1241328,36844,2,2,0
167448,36845,2,2,0
307624,36846,2,1,1
3245008,36847,2,2,0
332928,36848,2,1,1
141328,36849,2,1,1
896528,36850,2,2,0
2592752,36851,2,1,1
3154104,36852,2,0,2
6390120,36853,2,2,0
1430120,36854,2,2,0
885568,36855,2,0,2
339280,36856,2,1,1
371296,36857,2,0,2
236560,36858,2,2,0
428288,36859,2,1,1
464184,36860,2,2,0
4798848,36861,2,2,0
2372984,36862,2,0,2
672216,36863,2,1,1
474144,36864,2,1,1
178928,36865,2,0,2
355480,36866,2,1,1
528384,36867,2,1,1
1497584,36868,2,0,2
1132928,36869,2,0,2
333696,36870,2,0,2
538176,36871,2,1,1
4226608,36872,2,0,2
5370696,36873,2,2,0
175032,36874,2,2,0
2340456,36875,2,0,2
469992,36876,2,1,1
207912,36877,2,1,1
6723816,36878,2,1,1
88056,36879,2,1,1
1532888,36880,2,2,0
329632,36881,2,0,2
296656,36882,2,1,1
205328,36883,2,2,0
412000,36884,2,2,0
346552,36885,2,1,1
669112,36886,2,1,1
365168,36887,2,1,1
853664,36888,2,0,2
57672,36889,2,0,2
315152,36890,2,1,1
2545608,36891,2,1,1
915928,36892,2,2,0
353736,36893,2,2,0
469664,36894,2,0,2
1765488,36895,2,0,2
2678336,36896,2,1,1
437384,36897,2,1,1
134920,36898,2,1,1
1414784,36899,2,2,0
1946848,36900,2,1,1
324488,36901,2,0,2
6484776,36902,2,1,1
1168304,36903,2,1,1
155816,36904,2,1,1
4104352,36905,2,2,0
1531640,36906,2,1,1
631896,36907,2,0,2
430624,36908,2,1,1
636160,36909,2,2,0
1511544,36910,2,1,1
764248,36911,2,1,1
420296,36912,2,0,2
337928,36913,2,1,1
79104,36914,2,1,1
1057128,36915,2,1,1
88488,36916,2,1,1
105624,36917,2,1,1
230384,36918,2,1,1
335576,36919,2,1,1
294104,36920,2,1,1
106000,36921,2,2,0
279336,36922,2,1,1
1661976,36923,2,2,0
1052048,36924,2,2,0
1156872,36925,2,2,0
717760,36926,2,0,2
6978320,36927,2,2,0
132496,36928,2,1,1
2784224,36929,2,1,1
104904,36930,2,1,1
1195056,36931,2,1,1
401272,36932,2,1,1
756440,36933,2,2,0
464928,36934,2,2,0
114912,36935,2,2,0
911760,36936,2,2,0
204552,36937,2,0,2
230176,36938,2,2,0
137856,36939,2,1,1
169544,36940,2,2,0
3086912,36941,2,1,1
2168808,36942,2,1,1
3320560,36943,2,1,1
437920,36944,2,1,1
216848,36945,2,0,2
4371040,36946,2,1,1
1069672,36947,2,0,2
228560,36948,2,0,2
547784,36949,2,2,0
238664,36950,2,1,1
356832,36951,2,1,1
2606944,36952,2,1,1
1854152,36953,2,1,1
366392,36954,2,1,1
4314616,36955,2,0,2
290944,36956,2,1,1
203328,36957,2,0,2
448336,36958,2,2,0
844584,36959,2,0,2
1509696,36960,2,0,2
181464,36961,2,1,1
1750496,36962,2,2,0
346712,36963,2,1,1
277752,36964,2,2,0
527704,36965,2,1,1
520560,36966,2,2,0
919416,36967,2,0,2
79592,36968,2,1,1
235928,36969,2,0,2
601840,36970,2,1,1
561256,36971,2,2,0
283416,36972,2,1,1
1173096,36973,2,1,1
542584,36974,2,0,2
190000,36975,2,1,1
776344,36976,2,0,2
394120,36977,2,1,1
865384,36978,2,0,2
104104,36979,2,1,1
320784,36980,2,0,2
4639712,36981,2,0,2
4762080,36982,2,1,1
3258632,36983,2,2,0
825056,36984,2,0,2
787488,36985,2,1,1
2271080,36986,2,2,0
181632,36987,2,2,0
297240,36988,2,1,1
5210008,36989,2,0,2
2067808,36990,2,2,0
502456,36991,2,1,1
101728,36992,2,1,1
1005656,36993,2,0,2
163744,36994,2,1,1
275824,36995,2,1,1
4543784,36996,2,1,1
1956488,36997,2,1,1
529448,36998,2,2,0
308264,36999,2,2,0
1118528,37000,2,1,1
1190616,37001,2,2,0
276240,37002,2,2,0
663560,37003,2,1,1
1979592,37004,2,1,1
3025176,37005,2,2,0
162000,37006,2,1,1
427896,37007,2,0,2
88672,37008,2,0,2
5457072,37009,2,2,0
629304,37010,2,1,1
2419344,37011,2,1,1
660552,37012,2,2,0
887392,37013,2,2,0
801760,37014,2,2,0
1032680,37015,2,1,1
286504,37016,2,1,1
408672,37017,2,1,1
171328,37018,2,1,1
266904,37019,2,2,0
1976296,37020,2,1,1
499320,37021,2,1,1
1468192,37022,2,1,1
176504,37023,2,2,0
4317512,37024,2,2,0
3466976,37025,2,1,1
511032,37026,2,1,1
516792,37027,2,2,0
4236632,37028,2,1,1
615120,37029,2,1,1
190848,37030,2,2,0
1597472,37031,2,2,0
436272,37032,2,1,1
376688,37033,2,2,0
644992,37034,2,2,0
2227072,37035,2,1,1
186800,37036,2,2,0
7173464,37037,2,1,1
1136272,37038,2,2,0
321688,37039,2,0,2
217816,37040,2,1,1
493680,37041,2,1,1
250640,37042,2,2,0
97832,37043,2,1,1
1236488,37044,2,1,1
933656,37045,2,0,2
132792,37046,2,1,1
527536,37047,2,0,2
81104,37048,2,1,1
905360,37049,2,0,2
666224,37050,2,1,1
618344,37051,2,1,1
4661528,37052,2,2,0
235048,37053,2,1,1
166512,37054,2,1,1
638400,37055,2,0,2
4363688,37056,2,0,2
5413600,37057,2,1,1
306512,37058,2,1,1
251056,37059,2,1,1
638248,37060,2,0,2
218624,37061,2,1,1
4557808,37062,2,1,1
305568,37063,2,1,1
78544,37064,2,1,1
346480,37065,2,1,1
2916896,37066,2,1,1
642568,37067,2,1,1
578704,37068,2,0,2
2626592,37069,2,2,0
257736,37070,2,0,2
105792,37071,2,1,1
400616,37072,2,1,1
193336,37073,2,1,1
474952,37074,2,0,2
90480,37075,2,0,2
155536,37076,2,2,0
223952,37077,2,0,2
720280,37078,2,0,2
6753056,37079,2,0,2
1764040,37080,2,2,0
6600496,37081,2,2,0
276048,37082,2,1,1
725264,37083,2,0,2
339736,37084,2,2,0
314800,37085,2,1,1
299880,37086,2,0,2
109664,37087,2,1,1
396112,37088,2,0,2
2669320,37089,2,0,2
1932960,37090,2,1,1
642016,37091,2,1,1
3503560,37092,2,1,1
268136,37093,2,1,1
493016,37094,2,1,1
861152,37095,2,1,1
290464,37096,2,2,0
1613288,37097,2,0,2
131904,37098,2,0,2
1104768,37099,2,1,1
523392,37100,2,2,0
312296,37101,2,2,0
180104,37102,2,0,2
729800,37103,2,2,0
1726248,37104,2,2,0
131032,37105,2,2,0
474408,37106,2,1,1
513240,37107,2,1,1
1551792,37108,2,2,0
1502104,37109,2,1,1
429160,37110,2,1,1
166536,37111,2,2,0
136560,37112,2,1,1
276816,37113,2,1,1
1625312,37114,2,2,0
1776456,37115,2,1,1
264464,37116,2,1,1
485080,37117,2,1,1
686152,37118,2,2,0
389024,37119,2,1,1
853720,37120,2,2,0
137776,37121,2,1,1
118936,37122,2,1,1
173728,37123,2,1,1
204456,37124,2,1,1
104224,37125,2,1,1
1044784,37126,2,1,1
180736,37127,2,2,0
938232,37128,2,1,1
184440,37129,2,1,1
130688,37130,2,1,1
2396688,37131,2,1,1
4467776,37132,2,2,0
3700400,37133,2,1,1
316416,37134,2,2,0
604712,37135,2,2,0
160120,37136,2,0,2
691024,37137,2,1,1
1337624,37138,2,0,2
384904,37139,2,2,0
1151360,37140,2,1,1
427840,37141,2,0,2
333048,37142,2,0,2
375640,37143,2,2,0
3182424,37144,2,1,1
5987752,37145,2,0,2
1354752,37146,2,1,1
447904,37147,2,1,1
247072,37148,2,1,1
744648,37149,2,0,2
1928080,37150,2,2,0
387208,37151,2,1,1
792544,37152,2,0,2
541528,37153,2,1,1
1802768,37154,2,1,1
1047200,37155,2,0,2
1684240,37156,2,0,2
505536,37157,2,1,1
357696,37158,2,1,1
181336,37159,2,1,1
227160,37160,2,2,0
398416,37161,2,0,2
1880728,37162,2,2,0
2601696,37163,2,0,2
1948912,37164,2,1,1
505344,37165,2,1,1
671832,37166,2,2,0
465512,37167,2,0,2
106816,37168,2,2,0
504448,37169,2,0,2
755912,37170,2,1,1
205888,37171,2,1,1
1221736,37172,2,0,2
222288,37173,2,2,0
265040,37174,2,1,1
8074496,37175,2,2,0
292896,37176,2,1,1
8385352,37177,2,0,2
273200,37178,2,1,1
1669272,37179,2,2,0
174280,37180,2,0,2
472976,37181,2,2,0
184832,37182,2,1,1
2221184,37183,2,1,1
338376,37184,2,0,2
1140928,37185,2,2,0
791744,37186,2,2,0
506832,37187,2,2,0
910664,37188,2,1,1
243392,37189,2,1,1
437632,37190,2,0,2
1151752,37191,2,2,0
609704,37192,2,0,2
165864,37193,2,0,2
6773832,37194,2,0,2
1787992,37195,2,1,1
2846000,37196,2,1,1
292664,37197,2,1,1
1557184,37198,2,0,2
5133000,37199,2,2,0
228464,37200,2,1,1
232560,37201,2,1,1
1399624,37202,2,2,0
2505584,37203,2,0,2
132584,37204,2,1,1
3537872,37205,2,1,1
183920,37206,2,0,2
191160,37207,2,1,1
1639664,37208,2,2,0
362144,37209,2,2,0
1120696,37210,2,0,2
209792,37211,2,2,0
416384,37212,2,0,2
222768,37213,2,0,2
2465760,37214,2,1,1
72840,37215,2,1,1
794200,37216,2,1,1
3118768,37217,2,2,0
467536,37218,2,2,0
120856,37219,2,1,1
3403944,37220,2,1,1
1949032,37221,2,1,1
382568,37222,2,0,2
2951840,37223,2,1,1
2641320,37224,2,2,0
136816,37225,2,1,1
208784,37226,2,0,2
663912,37227,2,1,1
3411752,37228,2,2,0
4473496,37229,2,1,1
3799056,37230,2,2,0
348536,37231,2,1,1
988968,37232,2,0,2
223016,37233,2,2,0
94344,37234,2,1,1
123200,37235,2,0,2
2166016,37236,2,2,0
322152,37237,2,2,0
50912,37238,2,2,0
2055592,37239,2,1,1
1189152,37240,2,1,1
203120,37241,2,1,1
288344,37242,2,1,1
683392,37243,2,1,1
107760,37244,2,2,0
646680,37245,2,1,1
235624,37246,2,1,1
277344,37247,2,1,1
830928,37248,2,2,0
2662848,37249,2,0,2
470008,37250,2,2,0
3629808,37251,2,2,0
288288,37252,2,1,1
173920,37253,2,1,1
171168,37254,2,0,2
141656,37255,2,1,1
519784,37256,2,2,0
352344,37257,2,1,1
419928,37258,2,1,1
5207640,37259,2,1,1
6852120,37260,2,1,1
2371960,37261,2,1,1
353608,37262,2,1,1
3949184,37263,2,1,1
399856,37264,2,2,0
3891456,37265,2,2,0
616008,37266,2,2,0
2702304,37267,2,0,2
540360,37268,2,0,2
195288,37269,2,0,2
868416,37270,2,2,0
2022456,37271,2,1,1
4004976,37272,2,1,1
778096,37273,2,1,1
212608,37274,2,1,1
487344,37275,2,0,2
176160,37276,2,2,0
1103312,37277,2,2,0
3384512,37278,2,2,0
5890488,37279,2,2,0
387312,37280,2,0,2
1269128,37281,2,1,1
702488,37282,2,1,1
256200,37283,2,0,2
382456,37284,2,1,1
440320,37285,2,0,2
662592,37286,2,0,2
1381264,37287,2,2,0
402944,37288,2,2,0
593632,37289,2,2,0
1278824,37290,2,1,1
1877304,37291,2,0,2
164520,37292,2,1,1
833312,37293,2,1,1
497560,37294,2,0,2
381856,37295,2,0,2
247728,37296,2,2,0
2334080,37297,2,2,0
174120,37298,2,0,2
745488,37299,2,1,1
830800,37300,2,1,1
802056,37301,2,0,2
1663184,37302,2,1,1
808560,37303,2,1,1
1007160,37304,2,2,0
273008,37305,2,1,1
264344,37306,2,0,2
410120,37307,2,1,1
203416,37308,2,2,0
1433112,37309,2,0,2
798408,37310,2,1,1
405504,37311,2,1,1
221800,37312,2,1,1
491120,37313,2,0,2
725320,37314,2,1,1
4774400,37315,2,1,1
5834832,37316,2,2,0
323048,37317,2,2,0
219184,37318,2,2,0
98408,37319,2,1,1
741976,37320,2,1,1
197248,37321,2,2,0
5349824,37322,2,0,2
2389712,37323,2,1,1
2513104,37324,2,1,1
222416,37325,2,1,1
505176,37326,2,2,0
296672,37327,2,0,2
559624,37328,2,1,1
167224,37329,2,1,1
568064,37330,2,2,0
402216,37331,2,1,1
456616,37332,2,0,2
534384,37333,2,1,1
1272760,37334,2,1,1
208952,37335,2,1,1
2191576,37336,2,1,1
338184,37337,2,0,2
653976,37338,2,1,1
3999184,37339,2,1,1
296992,37340,2,0,2
942256,37341,2,1,1
156144,37342,2,1,1
4066680,37343,2,2,0
1730536,37344,2,1,1
325464,37345,2,2,0
7936256,37346,2,0,2
1086704,37347,2,0,2
240504,37348,2,1,1
473112,37349,2,0,2
1431264,37350,2,1,1
7177352,37351,2,2,0
1473848,37352,2,1,1
355344,37353,2,0,2
1301136,37354,2,0,2
1188736,37355,2,1,1
428112,37356,2,1,1
1372256,37357,2,2,0
323512,37358,2,2,0
152344,37359,2,1,1
1005408,37360,2,1,1
578856,37361,2,1,1
759896,37362,2,0,2
179208,37363,2,2,0
3159632,37364,2,1,1
3464264,37365,2,1,1
945320,37366,2,1,1
1697624,37367,2,1,1
587008,37368,2,1,1
1859224,37369,2,2,0
470888,37370,2,0,2
4706160,37371,2,1,1
831776,37372,2,1,1
1292560,37373,2,1,1
173864,37374,2,1,1
423760,37375,2,1,1
255312,37376,2,0,2
238480,37377,2,1,1
258096,37378,2,1,1
79864,37379,2,0,2
1345080,37380,2,1,1
860872,37381,2,1,1
329472,37382,2,2,0
1930760,37383,2,1,1
225136,37384,2,2,0
377800,37385,2,0,2
387864,37386,2,2,0
820712,37387,2,2,0
1346696,37388,2,0,2
708816,37389,2,0,2
582264,37390,2,0,2
267048,37391,2,1,1
454208,37392,2,2,0
599032,37393,2,0,2
2782776,37394,2,1,1
1013608,37395,2,0,2
489400,37396,2,2,0
147152,37397,2,2,0
3216792,37398,2,1,1
946200,37399,2,2,0
442720,37400,2,1,1
2058488,37401,2,0,2
303000,37402,2,1,1
780024,37403,2,0,2
135560,37404,2,1,1
472952,37405,2,1,1
1637704,37406,2,1,1
218208,37407,2,1,1
1110792,37408,2,0,2
7739752,37409,2,0,2
435960,37410,2,1,1
451304,37411,2,2,0
789392,37412,2,2,0
462848,37413,2,0,2
1019792,37414,2,2,0
1133288,37415,2,0,2
942520,37416,2,1,1
1724360,37417,2,0,2
3647360,37418,2,1,1
2517072,37419,2,1,1
127704,37420,2,0,2
611864,37421,2,1,1
528472,37422,2,1,1
829696,37423,2,0,2
7882864,37424,2,1,1
282784,37425,2,0,2
225848,37426,2,1,1
1383632,37427,2,2,0
930072,37428,2,1,1
615616,37429,2,1,1
225296,37430,2,2,0
349432,37431,2,1,1
509984,37432,2,1,1
81128,37433,2,1,1
436360,37434,2,2,0
467640,37435,2,2,0
244472,37436,2,2,0
224064,37437,2,2,0
790440,37438,2,0,2
1728600,37439,2,1,1
410360,37440,2,0,2
192328,37441,2,2,0
1061504,37442,2,1,1
549328,37443,2,1,1
442792,37444,2,2,0
210944,37445,2,1,1
3300744,37446,2,1,1
1317704,37447,2,0,2
794952,37448,2,2,0
145552,37449,2,2,0
3278288,37450,2,0,2
2334360,37451,2,0,2
374576,37452,2,0,2
1039792,37453,2,2,0
1826936,37454,2,1,1
564064,37455,2,2,0
491648,37456,2,0,2
2572824,37457,2,1,1
243496,37458,2,2,0
997872,37459,2,1,1
241544,37460,2,1,1
1723768,37461,2,2,0
120208,37462,2,2,0
4077600,37463,2,2,0
7058688,37464,2,1,1
303344,37465,2,1,1
5037968,37466,2,0,2
383568,37467,2,1,1
304872,37468,2,1,1
747784,37469,2,0,2
237784,37470,2,1,1
540872,37471,2,0,2
1838848,37472,2,1,1
160632,37473,2,2,0
331352,37474,2,2,0
7019632,37475,2,1,1
798128,37476,2,1,1
88912,37477,2,1,1
769584,37478,2,2,0
2275480,37479,2,1,1
506360,37480,2,1,1
505320,37481,2,1,1
1345016,37482,2,1,1
657608,37483,2,1,1
414352,37484,2,1,1
371648,37485,2,1,1
704048,37486,2,0,2
497880,37487,2,2,0
1062544,37488,2,0,2
374168,37489,2,1,1
469792,37490,2,1,1
875792,37491,2,2,0
5741848,37492,2,1,1
396400,37493,2,1,1
2626800,37494,2,1,1
3466288,37495,2,0,2
1220880,37496,2,1,1
942552,37497,2,0,2
401216,37498,2,1,1
359776,37499,2,0,2
194992,37500,2,2,0
192584,37501,2,2,0
2602480,37502,2,1,1
90824,37503,2,1,1
1450096,37504,2,1,1
603352,37505,2,1,1
94744,37506,2,0,2
2360888,37507,2,1,1
578456,37508,2,1,1
392696,37509,2,2,0
1114656,37510,2,1,1
267920,37511,2,0,2
236056,37512,2,1,1
453416,37513,2,1,1
395000,37514,2,1,1
231328,37515,2,1,1
308224,37516,2,2,0
461024,37517,2,1,1
330600,37518,2,1,1
348192,37519,2,1,1
1265688,37520,2,0,2
1800736,37521,2,2,0
1861192,37522,2,1,1
1353896,37523,2,2,0
301808,37524,2,1,1
986896,37525,2,0,2
2309192,37526,2,1,1
1176688,37527,2,0,2
108296,37528,2,1,1
453872,37529,2,1,1
1171976,37530,2,1,1
3256624,37531,2,1,1
217944,37532,2,0,2
532168,37533,2,1,1
654480,37534,2,0,2
5904560,37535,2,1,1
215488,37536,2,0,2
2656880,37537,2,1,1
969328,37538,2,2,0
555704,37539,2,1,1
5898424,37540,2,1,1
1466072,37541,2,1,1
2955048,37542,2,0,2
4611976,37543,2,0,2
1483064,37544,2,1,1
2178048,37545,2,1,1
6515104,37546,2,2,0
391096,37547,2,0,2
357672,37548,2,1,1
271352,37549,2,1,1
171744,37550,2,1,1
308816,37551,2,0,2
1591368,37552,2,2,0
1802192,37553,2,1,1
1329752,37554,2,0,2
4163104,37555,2,1,1
174920,37556,2,0,2
384808,37557,2,0,2
587872,37558,2,1,1
4251848,37559,2,2,0
371480,37560,2,0,2
728224,37561,2,2,0
83280,37562,2,2,0
943952,37563,2,2,0
70984,37564,2,1,1
304368,37565,2,2,0
2998024,37566,2,1,1
153088,37567,2,2,0
218232,37568,2,2,0
223776,37569,2,2,0
203504,37570,2,1,1
154080,37571,2,1,1
322272,37572,2,1,1
295656,37573,2,1,1
500960,37574,2,1,1
274912,37575,2,1,1
5568832,37576,2,0,2
135032,37577,2,1,1
786256,37578,2,0,2
168712,37579,2,1,1
93272,37580,2,2,0
481096,37581,2,2,0
651080,37582,2,0,2
217256,37583,2,1,1
713632,37584,2,2,0
1166336,37585,2,2,0
603848,37586,2,2,0
262208,37587,2,1,1
288248,37588,2,1,1
316584,37589,2,1,1
243376,37590,2,1,1
4401344,37591,2,0,2
251528,37592,2,0,2
4111344,37593,2,1,1
230912,37594,2,1,1
3775056,37595,2,1,1
1134568,37596,2,1,1
678664,37597,2,0,2
359032,37598,2,0,2
862960,37599,2,1,1
295272,37600,2,0,2
720912,37601,2,1,1
2587464,37602,2,0,2
148864,37603,2,1,1
95304,37604,2,2,0
1343048,37605,2,1,1
1535016,37606,2,1,1
368888,37607,2,1,1
1089040,37608,2,1,1
401656,37609,2,2,0
586864,37610,2,0,2
352408,37611,2,1,1
440208,37612,2,1,1
473616,37613,2,2,0
68896,37614,2,1,1
340208,37615,2,0,2
651000,37616,2,2,0
1078776,37617,2,1,1
91968,37618,2,2,0
141600,37619,2,1,1
1224792,37620,2,0,2
2612440,37621,2,0,2
1742528,37622,2,0,2
1124352,37623,2,2,0
1142992,37624,2,1,1
283296,37625,2,0,2
204440,37626,2,1,1
1476664,37627,2,2,0
551600,37628,2,1,1
1507208,37629,2,1,1
735992,37630,2,2,0
148944,37631,2,1,1
909312,37632,2,0,2
381488,37633,2,1,1
685120,37634,2,2,0
142680,37635,2,0,2
140768,37636,2,1,1
373488,37637,2,0,2
6357656,37638,2,0,2
1159336,37639,2,1,1
786488,37640,2,1,1
232352,37641,2,1,1
154184,37642,2,1,1
351704,37643,2,1,1
1013528,37644,2,1,1
1489896,37645,2,1,1
1257368,37646,2,2,0
77280,37647,2,0,2
1048864,37648,2,2,0
3689776,37649,2,1,1
360024,37650,2,1,1
2786264,37651,2,0,2
231848,37652,2,2,0
114360,37653,2,1,1
267080,37654,2,2,0
456952,37655,2,0,2
343192,37656,2,2,0
3610592,37657,2,2,0
110048,37658,2,0,2
1330464,37659,2,1,1
213088,37660,2,2,0
1453960,37661,2,1,1
1062952,37662,2,1,1
280888,37663,2,1,1
2715096,37664,2,2,0
552136,37665,2,1,1
2485656,37666,2,0,2
4967520,37667,2,1,1
174152,37668,2,1,1
377992,37669,2,2,0
85456,37670,2,2,0
1175256,37671,2,1,1
5816208,37672,2,1,1
3824768,37673,2,1,1
366016,37674,2,0,2
634352,37675,2,2,0
3144832,37676,2,1,1
2438992,37677,2,1,1
82976,37678,2,1,1
554520,37679,2,1,1
164856,37680,2,0,2
479272,37681,2,0,2
546904,37682,2,1,1
4077032,37683,2,1,1
130160,37684,2,2,0
1417120,37685,2,2,0
137208,37686,2,1,1
196648,37687,2,1,1
161112,37688,2,1,1
555480,37689,2,1,1
192352,37690,2,1,1
4508304,37691,2,1,1
4069664,37692,2,1,1
243768,37693,2,1,1
1310016,37694,2,1,1
707240,37695,2,1,1
697544,37696,2,1,1
352800,37697,2,2,0
228184,37698,2,1,1
217072,37699,2,0,2
3032480,37700,2,0,2
535848,37701,2,1,1
718256,37702,2,1,1
409600,37703,2,2,0
914840,37704,2,1,1
711168,37705,2,2,0
3414776,37706,2,1,1
1875440,37707,2,0,2
4675128,37708,2,2,0
197016,37709,2,1,1
2636496,37710,2,1,1
705744,37711,2,2,0
1749480,37712,2,1,1
841432,37713,2,1,1
663368,37714,2,1,1
264584,37715,2,1,1
964112,37716,2,1,1
493120,37717,2,1,1
844392,37718,2,1,1
3211032,37719,2,0,2
84000,37720,2,1,1
272016,37721,2,2,0
411344,37722,2,1,1
365520,37723,2,1,1
1226808,37724,2,1,1
4883696,37725,2,1,1
161272,37726,2,1,1
3606816,37727,2,1,1
392824,37728,2,1,1
340272,37729,2,2,0
375736,37730,2,1,1
79208,37731,2,1,1
170296,37732,2,1,1
195776,37733,2,2,0
1290376,37734,2,2,0
215640,37735,2,1,1
290032,37736,2,1,1
6310016,37737,2,1,1
762672,37738,2,1,1
457152,37739,2,2,0
796688,37740,2,1,1
593720,37741,2,1,1
7301880,37742,2,0,2
361880,37743,2,1,1
1102768,37744,2,0,2
353976,37745,2,1,1
392272,37746,2,1,1
564840,37747,2,1,1
4971200,37748,2,1,1
1101856,37749,2,1,1
995888,37750,2,2,0
3306128,37751,2,1,1
7393048,37752,2,1,1
2122760,37753,2,2,0
126240,37754,2,2,0
2457760,37755,2,0,2
3443768,37756,2,1,1
1464176,37757,2,1,1
524608,37758,2,0,2
1040168,37759,2,2,0
413808,37760,2,1,1
120040,37761,2,1,1
5990616,37762,2,1,1
395544,37763,2,0,2
730432,37764,2,2,0
577400,37765,2,0,2
2113464,37766,2,1,1
427168,37767,2,1,1
143624,37768,2,1,1
978696,37769,2,0,2
368976,37770,2,0,2
409000,37771,2,1,1
661584,37772,2,1,1
1047432,37773,2,2,0
5997296,37774,2,2,0
387712,37775,2,0,2
647176,37776,2,1,1
213168,37777,2,1,1
3033056,37778,2,1,1
2580952,37779,2,1,1
359840,37780,2,0,2
212576,37781,2,0,2
159240,37782,2,0,2
2089208,37783,2,1,1
4191408,37784,2,1,1
777080,37785,2,0,2
208136,37786,2,1,1
947960,37787,2,1,1
1518392,37788,2,2,0
766408,37789,2,1,1
72920,37790,2,2,0
409536,37791,2,0,2
944760,37792,2,1,1
813880,37793,2,0,2
167688,37794,2,0,2
1673960,37795,2,1,1
1019952,37796,2,2,0
1698200,37797,2,1,1
419152,37798,2,2,0
76392,37799,2,1,1
1278480,37800,2,2,0
2289560,37801,2,1,1
2362760,37802,2,2,0
918376,37803,2,0,2
713376,37804,2,2,0
3612472,37805,2,2,0
269232,37806,2,0,2
462688,37807,2,2,0
50000,37808,2,1,1
2903376,37809,2,0,2
312928,37810,2,1,1
484368,37811,2,1,1
267528,37812,2,0,2
1956088,37813,2,0,2
255168,37814,2,0,2
1333792,37815,2,1,1
470272,37816,2,1,1
127056,37817,2,2,0
1009688,37818,2,0,2
1380056,37819,2,2,0
452032,37820,2,2,0
328680,37821,2,1,1
1739096,37822,2,1,1
125968,37823,2,2,0
1362568,37824,2,0,2
3312808,37825,2,2,0
355184,37826,2,2,0
981528,37827,2,1,1
3011120,37828,2,1,1
638360,37829,2,1,1
1646944,37830,2,0,2
192520,37831,2,0,2
513576,37832,2,2,0
848864,37833,2,1,1
3197104,37834,2,1,1
6582968,37835,2,0,2
4412448,37836,2,0,2
273304,37837,2,1,1
331016,37838,2,2,0
744480,37839,2,0,2
725064,37840,2,2,0
390752,37841,2,1,1
186040,37842,2,1,1
1296768,37843,2,1,1
760960,37844,2,0,2
2809784,37845,2,2,0
1101840,37846,2,1,1
432240,37847,2,2,0
679008,37848,2,0,2
1057408,37849,2,0,2
194240,37850,2,0,2
588928,37851,2,1,1
1855888,37852,2,2,0
202528,37853,2,1,1
7581072,37854,2,1,1
79472,37855,2,1,1
1258960,37856,2,1,1
1156248,37857,2,1,1
287048,37858,2,0,2
424904,37859,2,1,1
575472,37860,2,1,1
2652280,37861,2,1,1
1546272,37862,2,1,1
412976,37863,2,2,0
498472,37864,2,1,1
368856,37865,2,2,0
277032,37866,2,2,0
4074144,37867,2,1,1
203712,37868,2,0,2
331408,37869,2,1,1
1159840,37870,2,1,1
2896528,37871,2,1,1
794312,37872,2,1,1
1465128,37873,2,2,0
7088872,37874,2,2,0
273344,37875,2,2,0
234256,37876,2,1,1
143208,37877,2,1,1
254536,37878,2,1,1
597328,37879,2,1,1
1247864,37880,2,0,2
115296,37881,2,0,2
314280,37882,2,2,0
987304,37883,2,1,1
528192,37884,2,1,1
1583528,37885,2,2,0
2097320,37886,2,1,1
1331912,37887,2,1,1
857584,37888,2,1,1
71312,37889,2,1,1
419408,37890,2,2,0
1235960,37891,2,0,2
1016544,37892,2,1,1
599736,37893,2,0,2
251952,37894,2,1,1
605072,37895,2,0,2
105448,37896,2,2,0
5243016,37897,2,0,2
885544,37898,2,1,1
754904,37899,2,1,1
174184,37900,2,1,1
263736,37901,2,2,0
42272,37902,2,2,0
188264,37903,2,0,2
146824,37904,2,1,1
655792,37905,2,0,2
266200,37906,2,1,1
236792,37907,2,1,1
361024,37908,2,1,1
2134432,37909,2,1,1
808760,37910,2,1,1
680328,37911,2,2,0
138312,37912,2,2,0
155800,37913,2,0,2
1399528,37914,2,2,0
187008,37915,2,2,0
2137840,37916,2,1,1
207280,37917,2,0,2
163336,37918,2,0,2
161456,37919,2,1,1
495776,37920,2,2,0
129720,37921,2,2,0
1523352,37922,2,1,1
59088,37923,2,1,1
102128,37924,2,1,1
370920,37925,2,1,1
2740696,37926,2,1,1
453168,37927,2,1,1
590040,37928,2,1,1
571840,37929,2,1,1
581808,37930,2,0,2
590720,37931,2,0,2
128808,37932,2,2,0
932600,37933,2,2,0
135448,37934,2,0,2
1112424,37935,2,1,1
207368,37936,2,0,2
184072,37937,2,1,1
7511320,37938,2,0,2
457808,37939,2,1,1
1206312,37940,2,2,0
219512,37941,2,1,1
316000,37942,2,2,0
436096,37943,2,1,1
7531352,37944,2,1,1
5711328,37945,2,1,1
712064,37946,2,2,0
413896,37947,2,1,1
594016,37948,2,1,1
275360,37949,2,1,1
296048,37950,2,2,0
2216472,37951,2,1,1
283496,37952,2,1,1
195024,37953,2,1,1
225928,37954,2,1,1
199984,37955,2,0,2
1844288,37956,2,1,1
98648,37957,2,2,0
174760,37958,2,1,1
531104,37959,2,2,0
244608,37960,2,1,1
229656,37961,2,1,1
321368,37962,2,1,1
97448,37963,2,2,0
1973352,37964,2,1,1
653152,37965,2,1,1
1153880,37966,2,1,1
141104,37967,2,2,0
1040864,37968,2,0,2
1537864,37969,2,0,2
2816272,37970,2,1,1
434440,37971,2,0,2
1293320,37972,2,1,1
392152,37973,2,2,0
7406648,37974,2,1,1
957776,37975,2,1,1
1283976,37976,2,0,2
4845712,37977,2,2,0
340064,37978,2,2,0
1646248,37979,2,2,0
294312,37980,2,1,1
91104,37981,2,2,0
1198136,37982,2,1,1
1690896,37983,2,1,1
884496,37984,2,1,1
416704,37985,2,1,1
476008,37986,2,1,1
1005536,37987,2,2,0
412480,37988,2,1,1
195984,37989,2,1,1
321512,37990,2,0,2
456224,37991,2,1,1
2221448,37992,2,1,1
720192,37993,2,1,1
1243800,37994,2,1,1
604648,37995,2,1,1
150488,37996,2,1,1
582728,37997,2,2,0
745544,37998,2,0,2
238552,37999,2,0,2
190648,38000,2,2,0
1153752,38001,2,1,1
4513080,38002,2,1,1
603416,38003,2,1,1
430216,38004,2,1,1
139608,38005,2,1,1
1001872,38006,2,1,1
293720,38007,2,1,1
8074680,38008,2,2,0
889040,38009,2,2,0
7671552,38010,2,1,1
938976,38011,2,2,0
783760,38012,2,1,1
533528,38013,2,0,2
3252760,38014,2,0,2
2896336,38015,2,0,2
7333608,38016,2,0,2
2595472,38017,2,1,1
406264,38018,2,1,1
862400,38019,2,1,1
222592,38020,2,0,2
193192,38021,2,0,2
1154920,38022,2,2,0
94696,38023,2,1,1
1156000,38024,2,0,2
212064,38025,2,2,0
873960,38026,2,2,0
639744,38027,2,2,0
464768,38028,2,2,0
2155064,38029,2,1,1
632544,38030,2,0,2
179136,38031,2,1,1
275304,38032,2,1,1
3076088,38033,2,1,1
448768,38034,2,0,2
3382016,38035,2,2,0
4099760,38036,2,1,1
379536,38037,2,1,1
367368,38038,2,1,1
469496,38039,2,1,1
326984,38040,2,1,1
1440656,38041,2,2,0
1554992,38042,2,2,0
924984,38043,2,1,1
102304,38044,2,2,0
340616,38045,2,2,0
1240784,38046,2,1,1
349272,38047,2,1,1
323096,38048,2,1,1
4346256,38049,2,0,2
281672,38050,2,2,0
5648808,38051,2,1,1
220104,38052,2,2,0
174264,38053,2,1,1
278328,38054,2,0,2
407128,38055,2,2,0
952104,38056,2,1,1
438592,38057,2,1,1
2271672,38058,2,2,0
511600,38059,2,1,1
2706456,38060,2,0,2
582720,38061,2,1,1
327112,38062,2,1,1
283792,38063,2,2,0
2168488,38064,2,0,2
4706768,38065,2,0,2
7740960,38066,2,1,1
1831312,38067,2,1,1
111584,38068,2,2,0
302680,38069,2,0,2
81496,38070,2,1,1
819288,38071,2,1,1
892696,38072,2,1,1
721856,38073,2,1,1
1041640,38074,2,0,2
461560,38075,2,2,0
1643568,38076,2,1,1
1297032,38077,2,2,0
364744,38078,2,0,2
898104,38079,2,1,1
71848,38080,2,0,2
225824,38081,2,1,1
887424,38082,2,1,1
452904,38083,2,1,1
212480,38084,2,2,0
2091504,38085,2,2,0
1697928,38086,2,1,1
356592,38087,2,2,0
1944800,38088,2,1,1
789640,38089,2,2,0
568120,38090,2,1,1
549736,38091,2,1,1
2183040,38092,2,1,1
1305760,38093,2,1,1
681544,38094,2,1,1
668488,38095,2,1,1
3266944,38096,2,1,1
576536,38097,2,2,0
3003560,38098,2,1,1
543720,38099,2,2,0
1903360,38100,2,1,1
1010512,38101,2,2,0
118072,38102,2,1,1
242520,38103,2,1,1
224272,38104,2,1,1
2329888,38105,2,1,1
955192,38106,2,1,1
110256,38107,2,1,1
606232,38108,2,2,0
543960,38109,2,1,1
646352,38110,2,0,2
475144,38111,2,1,1
528864,38112,2,1,1
3630560,38113,2,1,1
122616,38114,2,1,1
143280,38115,2,1,1
647824,38116,2,1,1
513928,38117,2,1,1
1006312,38118,2,0,2
3682912,38119,2,1,1
138296,38120,2,0,2
234184,38121,2,2,0
133560,38122,2,1,1
184336,38123,2,0,2
372024,38124,2,1,1
445976,38125,2,0,2
7178512,38126,2,1,1
167072,38127,2,0,2
123568,38128,2,1,1
332824,38129,2,2,0
5299544,38130,2,1,1
1459584,38131,2,1,1
172720,38132,2,1,1
1575176,38133,2,2,0
1139944,38134,2,1,1
797208,38135,2,1,1
966224,38136,2,2,0
503664,38137,2,0,2
304336,38138,2,1,1
7841272,38139,2,1,1
232536,38140,2,1,1
5636096,38141,2,1,1
3065648,38142,2,1,1
2032192,38143,2,1,1
5666528,38144,2,2,0
429192,38145,2,1,1
537936,38146,2,1,1
2121968,38147,2,2,0
184520,38148,2,1,1
98040,38149,2,1,1
1042832,38150,2,1,1
1734320,38151,2,2,0
260112,38152,2,2,0
127624,38153,2,2,0
2717456,38154,2,0,2
1162328,38155,2,0,2
152472,38156,2,0,2
362080,38157,2,0,2
1806888,38158,2,2,0
180288,38159,2,1,1
532656,38160,2,1,1
341448,38161,2,1,1
151120,38162,2,1,1
236280,38163,2,1,1
221296,38164,2,1,1
263464,38165,2,0,2
1815872,38166,2,1,1
1010888,38167,2,1,1
1723544,38168,2,0,2
1011784,38169,2,2,0
2708112,38170,2,0,2
564360,38171,2,1,1
281824,38172,2,2,0
1486392,38173,2,2,0
797248,38174,2,2,0
665248,38175,2,0,2
612576,38176,2,1,1
323552,38177,2,1,1
368816,38178,2,1,1
4035168,38179,2,1,1
5626712,38180,2,2,0
718864,38181,2,0,2
377360,38182,2,2,0
169680,38183,2,2,0
152760,38184,2,1,1
252816,38185,2,1,1
119760,38186,2,2,0
795792,38187,2,1,1
534208,38188,2,1,1
382952,38189,2,2,0
483032,38190,2,2,0
375024,38191,2,0,2
5626592,38192,2,1,1
2161952,38193,2,0,2
353648,38194,2,0,2
2251840,38195,2,1,1
946112,38196,2,1,1
687664,38197,2,0,2
1195928,38198,2,0,2
252448,38199,2,1,1
510824,38200,2,1,1
504312,38201,2,1,1
3269408,38202,2,1,1
335936,38203,2,1,1
103040,38204,2,2,0
1591272,38205,2,2,0
2119352,38206,2,1,1
1032496,38207,2,2,0
184880,38208,2,1,1
276992,38209,2,1,1
81176,38210,2,1,1
784560,38211,2,1,1
4255544,38212,2,2,0
303320,38213,2,1,1
1070064,38214,2,1,1
537856,38215,2,1,1
648416,38216,2,1,1
1136368,38217,2,0,2
830208,38218,2,2,0
1674000,38219,2,2,0
114896,38220,2,0,2
1029792,38221,2,2,0
194112,38222,2,2,0
357944,38223,2,0,2
176296,38224,2,0,2
722176,38225,2,0,2
820616,38226,2,2,0
834888,38227,2,1,1
164192,38228,2,0,2
574600,38229,2,0,2
223008,38230,2,1,1
223096,38231,2,1,1
147704,38232,2,0,2
2002808,38233,2,2,0
388632,38234,2,2,0
185952,38235,2,0,2
243072,38236,2,2,0
2690152,38237,2,1,1
1381080,38238,2,1,1
113528,38239,2,1,1
604664,38240,2,2,0
182112,38241,2,1,1
2166592,38242,2,0,2
1474696,38243,2,2,0
780568,38244,2,1,1
554200,38245,2,1,1
165184,38246,2,1,1
339968,38247,2,1,1
176592,38248,2,1,1
395952,38249,2,1,1
278936,38250,2,1,1
3743640,38251,2,0,2
198768,38252,2,1,1
806344,38253,2,2,0
123552,38254,2,0,2
1229472,38255,2,2,0
2173072,38256,2,0,2
1130376,38257,2,1,1
82480,38258,2,1,1
370224,38259,2,1,1
163720,38260,2,1,1
352504,38261,2,1,1
325448,38262,2,1,1
221224,38263,2,0,2
1171064,38264,2,0,2
675320,38265,2,2,0
1181376,38266,2,1,1
5076920,38267,2,2,0
365464,38268,2,1,1
1486264,38269,2,2,0
262264,38270,2,1,1
568472,38271,2,2,0
1459000,38272,2,2,0
3844424,38273,2,1,1
215408,38274,2,0,2
1876408,38275,2,1,1
209584,38276,2,1,1
141352,38277,2,2,0
383224,38278,2,1,1
773832,38279,2,1,1
276160,38280,2,1,1
492544,38281,2,0,2
523264,38282,2,1,1
4474008,38283,2,2,0
1009656,38284,2,1,1
653336,38285,2,1,1
793808,38286,2,1,1
1638656,38287,2,2,0
1246264,38288,2,1,1
792152,38289,2,0,2
357520,38290,2,0,2
168480,38291,2,1,1
4197080,38292,2,2,0
1565600,38293,2,2,0
140752,38294,2,1,1
355960,38295,2,2,0
4092056,38296,2,0,2
355160,38297,2,1,1
3808496,38298,2,0,2
701872,38299,2,2,0
359248,38300,2,0,2
283152,38301,2,1,1
2423144,38302,2,2,0
846840,38303,2,0,2
924544,38304,2,0,2
85904,38305,2,1,1
179408,38306,2,2,0
5995608,38307,2,1,1
2453344,38308,2,1,1
167304,38309,2,1,1
988848,38310,2,0,2
1042936,38311,2,2,0
1716600,38312,2,0,2
1372512,38313,2,2,0
113896,38314,2,2,0
1519752,38315,2,2,0
1244240,38316,2,1,1
361976,38317,2,1,1
301960,38318,2,0,2
3134528,38319,2,1,1
8003440,38320,2,1,1
1715328,38321,2,0,2
2779768,38322,2,2,0
996984,38323,2,0,2
3743416,38324,2,0,2
573824,38325,2,1,1
1465216,38326,2,1,1
2039760,38327,2,1,1
419960,38328,2,1,1
1577384,38329,2,1,1
100048,38330,2,0,2
70696,38331,2,2,0
125824,38332,2,1,1
172448,38333,2,1,1
906520,38334,2,0,2
638504,38335,2,0,2
418064,38336,2,0,2
186344,38337,2,1,1
292536,38338,2,1,1
329712,38339,2,1,1
1558608,38340,2,1,1
151008,38341,2,1,1
554608,38342,2,2,0
7543256,38343,2,2,0
3252416,38344,2,1,1
846672,38345,2,2,0
1008440,38346,2,2,0
256280,38347,2,2,0
423560,38348,2,1,1
593368,38349,2,1,1
6662088,38350,2,0,2
4462848,38351,2,1,1
161152,38352,2,0,2
1862488,38353,2,1,1
2026672,38354,2,0,2
2187640,38355,2,1,1
1442744,38356,2,2,0
546176,38357,2,0,2
692600,38358,2,2,0
600288,38359,2,2,0
413176,38360,2,0,2
787480,38361,2,1,1
686968,38362,2,1,1
71032,38363,2,2,0
929632,38364,2,1,1
223336,38365,2,1,1
1325224,38366,2,1,1
3700208,38367,2,0,2
907280,38368,2,2,0
2461040,38369,2,2,0
947912,38370,2,1,1
571648,38371,2,1,1
464368,38372,2,1,1
1764464,38373,2,0,2
577336,38374,2,0,2
754640,38375,2,1,1
908608,38376,2,1,1
139272,38377,2,1,1
85560,38378,2,2,0
1829904,38379,2,0,2
88744,38380,2,0,2
160544,38381,2,2,0
922824,38382,2,1,1
1544104,38383,2,1,1
85824,38384,2,2,0
53624,38385,2,1,1
528352,38386,2,1,1
8012080,38387,2,1,1
4370776,38388,2,2,0
475176,38389,2,1,1
308208,38390,2,1,1
6864816,38391,2,2,0
3697384,38392,2,2,0
528200,38393,2,2,0
491720,38394,2,0,2
387328,38395,2,2,0
714584,38396,2,2,0
350360,38397,2,1,1
395792,38398,2,0,2
1219432,38399,2,2,0
7290296,38400,2,2,0
772016,38401,2,1,1
127488,38402,2,2,0
32296,38403,2,0,2
164576,38404,2,1,1
63016,38405,2,0,2
323928,38406,2,0,2
186008,38407,2,1,1
5441992,38408,2,2,0
329320,38409,2,1,1
387056,38410,2,2,0
178648,38411,2,2,0
1065128,38412,2,1,1
450864,38413,2,1,1
839120,38414,2,1,1
1777264,38415,2,2,0
1891544,38416,2,1,1
252960,38417,2,1,1
205432,38418,2,1,1
2172400,38419,2,0,2
897456,38420,2,1,1
317760,38421,2,0,2
5544336,38422,2,1,1
377192,38423,2,2,0
137288,38424,2,1,1
252392,38425,2,1,1
2046800,38426,2,1,1
2008096,38427,2,1,1
305880,38428,2,1,1
1138792,38429,2,2,0
276808,38430,2,1,1
507088,38431,2,1,1
3704448,38432,2,0,2
2103392,38433,2,2,0
108760,38434,2,1,1
4047792,38435,2,1,1
411096,38436,2,0,2
316336,38437,2,1,1
153064,38438,2,1,1
268720,38439,2,1,1
2519528,38440,2,0,2
409344,38441,2,1,1
1111128,38442,2,1,1
5287928,38443,2,1,1
1166896,38444,2,1,1
311376,38445,2,1,1
3987800,38446,2,2,0
1108096,38447,2,1,1
583152,38448,2,1,1
1419192,38449,2,0,2
847784,38450,2,1,1
576136,38451,2,2,0
237128,38452,2,2,0
4943808,38453,2,1,1
84976,38454,2,0,2
1719784,38455,2,0,2
2457312,38456,2,2,0
335192,38457,2,1,1
456672,38458,2,1,1
1144928,38459,2,1,1
311744,38460,2,2,0
783008,38461,2,2,0
1026208,38462,2,2,0
155736,38463,2,1,1
522496,38464,2,1,1
3770824,38465,2,0,2
1973128,38466,2,1,1
3674760,38467,2,0,2
4727544,38468,2,1,1
1087696,38469,2,0,2
1537368,38470,2,1,1
500096,38471,2,1,1
811192,38472,2,1,1
1152464,38473,2,1,1
735272,38474,2,1,1
2108992,38475,2,0,2
1079944,38476,2,2,0
538688,38477,2,2,0
2987576,38478,2,2,0
1189248,38479,2,2,0
1083072,38480,2,2,0
861880,38481,2,1,1
179104,38482,2,0,2
4995952,38483,2,0,2
108712,38484,2,2,0
259280,38485,2,0,2
933896,38486,2,1,1
1979352,38487,2,1,1
2915104,38488,2,1,1
1698016,38489,2,0,2
337280,38490,2,1,1
335528,38491,2,1,1
2287008,38492,2,0,2
579936,38493,2,0,2
2117648,38494,2,1,1
351176,38495,2,1,1
280264,38496,2,2,0
1264536,38497,2,1,1
121768,38498,2,1,1
487832,38499,2,0,2
1696248,38500,2,1,1
363488,38501,2,1,1
2192728,38502,2,1,1
2977648,38503,2,0,2
531736,38504,2,0,2
1576176,38505,2,1,1
872752,38506,2,1,1
7319816,38507,2,2,0
1455344,38508,2,0,2
563104,38509,2,0,2
583856,38510,2,1,1
651160,38511,2,0,2
114072,38512,2,2,0
762176,38513,2,0,2
1179584,38514,2,0,2
2614912,38515,2,1,1
922704,38516,2,0,2
7776376,38517,2,1,1
267112,38518,2,2,0
526816,38519,2,0,2
2210920,38520,2,1,1
442768,38521,2,0,2
326264,38522,2,2,0
230344,38523,2,0,2
945712,38524,2,2,0
80256,38525,2,1,1
338176,38526,2,0,2
676448,38527,2,1,1
678120,38528,2,1,1
6940768,38529,2,1,1
1071688,38530,2,1,1
4819840,38531,2,1,1
363808,38532,2,0,2
504848,38533,2,0,2
318920,38534,2,0,2
400104,38535,2,2,0
8133368,38536,2,1,1
459896,38537,2,2,0
188472,38538,2,1,1
467056,38539,2,0,2
429224,38540,2,1,1
146424,38541,2,0,2
3313352,38542,2,1,1
498536,38543,2,1,1
1911304,38544,2,0,2
261192,38545,2,1,1
2517184,38546,2,0,2
426064,38547,2,1,1
285904,38548,2,2,0
637288,38549,2,1,1
392928,38550,2,1,1
662152,38551,2,0,2
678064,38552,2,1,1
4657384,38553,2,1,1
532056,38554,2,0,2
2070064,38555,2,1,1
345744,38556,2,2,0
131856,38557,2,1,1
416336,38558,2,2,0
132936,38559,2,1,1
290224,38560,2,2,0
610280,38561,2,0,2
391344,38562,2,1,1
812520,38563,2,0,2
5246952,38564,2,1,1
238192,38565,2,1,1
327552,38566,2,1,1
190976,38567,2,2,0
740552,38568,2,0,2
1109320,38569,2,2,0
314064,38570,2,1,1
237440,38571,2,1,1
1442776,38572,2,0,2
2084240,38573,2,1,1
4348800,38574,2,1,1
101672,38575,2,2,0
875768,38576,2,0,2
1614784,38577,2,0,2
2143648,38578,2,0,2
1285176,38579,2,0,2
117096,38580,2,0,2
656096,38581,2,1,1
241008,38582,2,2,0
889160,38583,2,1,1
3126704,38584,2,0,2
1201400,38585,2,0,2
7538312,38586,2,1,1
282536,38587,2,0,2
1330184,38588,2,1,1
335712,38589,2,2,0
169160,38590,2,2,0
392008,38591,2,1,1
1598008,38592,2,2,0
324824,38593,2,1,1
829120,38594,2,2,0
584136,38595,2,2,0
1649480,38596,2,0,2
214872,38597,2,1,1
128056,38598,2,1,1
1375184,38599,2,1,1
682120,38600,2,1,1
83032,38601,2,1,1
2658968,38602,2,1,1
828136,38603,2,2,0
361704,38604,2,0,2
2799144,38605,2,2,0
153504,38606,2,0,2
381760,38607,2,2,0
179888,38608,2,0,2
1630024,38609,2,2,0
548160,38610,2,0,2
293768,38611,2,1,1
535128,38612,2,1,1
1838376,38613,2,0,2
614144,38614,2,1,1
2456336,38615,2,2,0
117048,38616,2,0,2
648624,38617,2,2,0
961272,38618,2,1,1
155488,38619,2,1,1
129040,38620,2,1,1
5321088,38621,2,2,0
591512,38622,2,1,1
168760,38623,2,1,1
750720,38624,2,0,2
5464512,38625,2,0,2
2426144,38626,2,1,1
273960,38627,2,1,1
146848,38628,2,2,0
943368,38629,2,2,0
768520,38630,2,1,1
640416,38631,2,0,2
1153808,38632,2,1,1
843768,38633,2,0,2
94352,38634,2,2,0
314152,38635,2,1,1
211816,38636,2,1,1
136760,38637,2,1,1
539416,38638,2,1,1
247000,38639,2,0,2
164296,38640,2,1,1
497088,38641,2,2,0
554968,38642,2,1,1
2427040,38643,2,1,1
248584,38644,2,0,2
52328,38645,2,1,1
621736,38646,2,0,2
394544,38647,2,1,1
176792,38648,2,1,1
2293624,38649,2,1,1
404792,38650,2,0,2
1374976,38651,2,1,1
6632416,38652,2,1,1
199992,38653,2,1,1
1727752,38654,2,1,1
1398856,38655,2,2,0
305352,38656,2,0,2
1864624,38657,2,0,2
109336,38658,2,1,1
940432,38659,2,2,0
349808,38660,2,0,2
633344,38661,2,0,2
338352,38662,2,0,2
151632,38663,2,2,0
4305544,38664,2,1,1
330232,38665,2,1,1
6136168,38666,2,2,0
1831160,38667,2,1,1
850936,38668,2,1,1
160160,38669,2,1,1
1487584,38670,2,1,1
3109096,38671,2,1,1
659520,38672,2,2,0
1637088,38673,2,1,1
529976,38674,2,1,1
255072,38675,2,1,1
344560,38676,2,0,2
436112,38677,2,1,1
245552,38678,2,0,2
1976456,38679,2,1,1
1183760,38680,2,1,1
2562712,38681,2,1,1
332880,38682,2,0,2
276208,38683,2,1,1
3553160,38684,2,0,2
3500352,38685,2,1,1
161704,38686,2,1,1
771672,38687,2,1,1
3614360,38688,2,0,2
435216,38689,2,2,0
2719976,38690,2,1,1
111504,38691,2,2,0
239376,38692,2,2,0
805424,38693,2,2,0
4130016,38694,2,1,1
303064,38695,2,1,1
1514952,38696,2,1,1
270552,38697,2,0,2
732496,38698,2,1,1
1356928,38699,2,1,1
204624,38700,2,1,1
2226472,38701,2,0,2
451640,38702,2,1,1
1329800,38703,2,1,1
790360,38704,2,2,0
197296,38705,2,0,2
394152,38706,2,0,2
196640,38707,2,2,0
683600,38708,2,2,0
232136,38709,2,2,0
1724384,38710,2,1,1
91008,38711,2,1,1
620136,38712,2,1,1
1019912,38713,2,2,0
621864,38714,2,1,1
642024,38715,2,2,0
783728,38716,2,0,2
817328,38717,2,0,2
268488,38718,2,0,2
486568,38719,2,0,2
804408,38720,2,0,2
1173384,38721,2,0,2
5945968,38722,2,0,2
2612584,38723,2,0,2
364304,38724,2,0,2
997760,38725,2,1,1
7087136,38726,2,1,1
654064,38727,2,1,1
528240,38728,2,2,0
308864,38729,2,1,1
1772920,38730,2,1,1
2298768,38731,2,1,1
121944,38732,2,1,1
653816,38733,2,1,1
132488,38734,2,1,1
463448,38735,2,2,0
868656,38736,2,2,0
570888,38737,2,1,1
724352,38738,2,0,2
2276480,38739,2,1,1
5289304,38740,2,1,1
1433264,38741,2,0,2
276360,38742,2,0,2
75832,38743,2,1,1
89096,38744,2,0,2
270728,38745,2,0,2
651032,38746,2,1,1
626368,38747,2,0,2
328160,38748,2,2,0
294736,38749,2,1,1
662024,38750,2,1,1
1613512,38751,2,0,2
308512,38752,2,1,1
404824,38753,2,2,0
619536,38754,2,0,2
457432,38755,2,1,1
5777376,38756,2,1,1
2515152,38757,2,2,0
166696,38758,2,2,0
1291656,38759,2,1,1
487152,38760,2,1,1
5585000,38761,2,2,0
4688440,38762,2,2,0
2518912,38763,2,1,1
398216,38764,2,0,2
378208,38765,2,2,0
353792,38766,2,0,2
411136,38767,2,0,2
299200,38768,2,1,1
351424,38769,2,0,2
268712,38770,2,2,0
174624,38771,2,1,1
135312,38772,2,2,0
419792,38773,2,0,2
408128,38774,2,1,1
1807624,38775,2,0,2
586696,38776,2,2,0
280584,38777,2,2,0
539024,38778,2,1,1
696144,38779,2,2,0
640064,38780,2,0,2
453808,38781,2,1,1
1600416,38782,2,2,0
1191384,38783,2,2,0
1168352,38784,2,0,2
173072,38785,2,1,1
573312,38786,2,0,2
443192,38787,2,0,2
114152,38788,2,0,2
424208,38789,2,1,1
670784,38790,2,2,0
650872,38791,2,0,2
182792,38792,2,1,1
1570408,38793,2,1,1
415472,38794,2,1,1
800768,38795,2,1,1
947368,38796,2,1,1
210072,38797,2,0,2
36720,38798,2,2,0
5407376,38799,2,1,1
3153496,38800,2,2,0
7787280,38801,2,0,2
3416488,38802,2,2,0
391368,38803,2,0,2
311216,38804,2,1,1
1206368,38805,2,1,1
540200,38806,2,1,1
411576,38807,2,2,0
296592,38808,2,2,0
1017336,38809,2,1,1
691624,38810,2,2,0
852432,38811,2,0,2
2133192,38812,2,2,0
686144,38813,2,1,1
1659088,38814,2,0,2
128328,38815,2,1,1
1479632,38816,2,2,0
7864600,38817,2,1,1
1006072,38818,2,0,2
217264,38819,2,2,0
176856,38820,2,1,1
1364992,38821,2,0,2
408120,38822,2,2,0
164320,38823,2,1,1
2302032,38824,2,1,1
2166784,38825,2,1,1
1053616,38826,2,2,0
584120,38827,2,2,0
1574384,38828,2,1,1
971944,38829,2,1,1
400232,38830,2,2,0
71928,38831,2,1,1
173976,38832,2,0,2
169368,38833,2,0,2
97696,38834,2,1,1
2497904,38835,2,1,1
4017864,38836,2,0,2
409984,38837,2,2,0
207104,38838,2,1,1
321592,38839,2,2,0
319824,38840,2,0,2
247368,38841,2,0,2
95704,38842,2,0,2
6320016,38843,2,1,1
371600,38844,2,1,1
8309192,38845,2,1,1
444336,38846,2,2,0
380208,38847,2,0,2
1041912,38848,2,0,2
1167904,38849,2,1,1
3127936,38850,2,1,1
302832,38851,2,1,1
154856,38852,2,1,1
518736,38853,2,1,1
2063048,38854,2,1,1
228272,38855,2,1,1
386744,38856,2,0,2
4384672,38857,2,1,1
1037624,38858,2,1,1
169896,38859,2,1,1
235408,38860,2,1,1
1454424,38861,2,0,2
1527280,38862,2,0,2
261520,38863,2,2,0
206552,38864,2,1,1
611552,38865,2,1,1
231808,38866,2,0,2
2779200,38867,2,1,1
3137424,38868,2,1,1
170920,38869,2,2,0
4581920,38870,2,1,1
456976,38871,2,0,2
250256,38872,2,1,1
626184,38873,2,1,1
651112,38874,2,1,1
237176,38875,2,1,1
223976,38876,2,1,1
1137688,38877,2,0,2
2031776,38878,2,0,2
311160,38879,2,2,0
2000752,38880,2,2,0
549144,38881,2,2,0
434640,38882,2,2,0
781584,38883,2,0,2
7895888,38884,2,0,2
1062976,38885,2,0,2
1940400,38886,2,1,1
5515664,38887,2,0,2
178160,38888,2,0,2
277008,38889,2,1,1
576792,38890,2,1,1
4254824,38891,2,0,2
4806760,38892,2,1,1
5061296,38893,2,2,0
6425752,38894,2,0,2
153576,38895,2,0,2
246312,38896,2,1,1
206088,38897,2,0,2
129728,38898,2,0,2
229584,38899,2,0,2
119328,38900,2,2,0
88008,38901,2,1,1
113632,38902,2,1,1
174304,38903,2,2,0
3012752,38904,2,1,1
2840384,38905,2,0,2
2467416,38906,2,1,1
257176,38907,2,0,2
359200,38908,2,1,1
625992,38909,2,2,0
447880,38910,2,1,1
262384,38911,2,0,2
238152,38912,2,1,1
101864,38913,2,0,2
406512,38914,2,0,2
856096,38915,2,0,2
523864,38916,2,2,0
194256,38917,2,2,0
105760,38918,2,0,2
411496,38919,2,2,0
718000,38920,2,1,1
775704,38921,2,0,2
166504,38922,2,1,1
934744,38923,2,1,1
970688,38924,2,1,1
2685168,38925,2,0,2
1041008,38926,2,0,2
518056,38927,2,0,2
229120,38928,2,1,1
2075336,38929,2,2,0
203104,38930,2,2,0
411816,38931,2,1,1
465496,38932,2,2,0
1080000,38933,2,1,1
5109096,38934,2,1,1
831136,38935,2,0,2
189024,38936,2,0,2
163856,38937,2,1,1
197912,38938,2,1,1
918752,38939,2,2,0
727840,38940,2,1,1
141896,38941,2,0,2
641520,38942,2,0,2
815752,38943,2,0,2
386528,38944,2,1,1
147584,38945,2,1,1
4263376,38946,2,2,0
96480,38947,2,1,1
237872,38948,2,2,0
776304,38949,2,2,0
1844936,38950,2,0,2
2285688,38951,2,0,2
103152,38952,2,2,0
509072,38953,2,1,1
1943944,38954,2,0,2
604072,38955,2,0,2
2955320,38956,2,1,1
1219024,38957,2,2,0
374680,38958,2,1,1
5951728,38959,2,1,1
309904,38960,2,1,1
521008,38961,2,0,2
2315480,38962,2,2,0
471744,38963,2,1,1
5515304,38964,2,2,0
849728,38965,2,2,0
1543096,38966,2,1,1
2125984,38967,2,1,1
4402000,38968,2,2,0
318072,38969,2,0,2
396472,38970,2,2,0
1741920,38971,2,1,1
249064,38972,2,1,1
7719024,38973,2,1,1
311984,38974,2,1,1
612856,38975,2,1,1
474888,38976,2,0,2
86432,38977,2,2,0
1616936,38978,2,2,0
1873608,38979,2,2,0
8271400,38980,2,1,1
345952,38981,2,1,1
505688,38982,2,1,1
825096,38983,2,2,0
3451280,38984,2,2,0
1538024,38985,2,1,1
621016,38986,2,1,1
515632,38987,2,2,0
178584,38988,2,0,2
480112,38989,2,1,1
121744,38990,2,2,0
135520,38991,2,0,2
1967520,38992,2,2,0
288680,38993,2,0,2
191912,38994,2,1,1
1170112,38995,2,2,0
706400,38996,2,2,0
752904,38997,2,1,1
271320,38998,2,1,1
143512,38999,2,1,1
1005048,39000,2,0,2
348128,39001,2,1,1
595824,39002,2,0,2
217384,39003,2,1,1
1510408,39004,2,1,1
74288,39005,2,2,0
463352,39006,2,1,1
493288,39007,2,1,1
1596568,39008,2,1,1
183488,39009,2,1,1
305064,39010,2,2,0
1849752,39011,2,1,1
768672,39012,2,1,1
129640,39013,2,2,0
1220048,39014,2,1,1
212184,39015,2,2,0
2786992,39016,2,1,1
261512,39017,2,2,0
141976,39018,2,1,1
249104,39019,2,2,0
330160,39020,2,0,2
776176,39021,2,1,1
3047096,39022,2,2,0
3397376,39023,2,0,2
303744,39024,2,2,0
7572312,39025,2,1,1
536096,39026,2,2,0
108672,39027,2,1,1
6027904,39028,2,0,2
1085360,39029,2,0,2
434224,39030,2,0,2
7345848,39031,2,2,0
4742936,39032,2,2,0
305272,39033,2,2,0
6176104,39034,2,2,0
413304,39035,2,1,1
1079576,39036,2,1,1
6075728,39037,2,1,1
572928,39038,2,2,0
258200,39039,2,1,1
659856,39040,2,1,1
1024208,39041,2,1,1
199440,39042,2,1,1
606096,39043,2,2,0
401984,39044,2,1,1
509008,39045,2,2,0
428472,39046,2,2,0
893168,39047,2,1,1
5239920,39048,2,2,0
1319592,39049,2,1,1
366528,39050,2,1,1
253256,39051,2,0,2
4889976,39052,2,0,2
145968,39053,2,1,1
193288,39054,2,1,1
246088,39055,2,1,1
2842952,39056,2,0,2
299264,39057,2,0,2
7771680,39058,2,1,1
1252640,39059,2,1,1
231664,39060,2,0,2
618480,39061,2,1,1
301184,39062,2,2,0
1242216,39063,2,1,1
1065256,39064,2,1,1
461152,39065,2,0,2
168960,39066,2,0,2
1338864,39067,2,0,2
551872,39068,2,1,1
1731696,39069,2,1,1
395512,39070,2,1,1
1921712,39071,2,1,1
397456,39072,2,1,1
5172248,39073,2,1,1
2614208,39074,2,1,1
2844360,39075,2,2,0
1821632,39076,2,0,2
217248,39077,2,2,0
392200,39078,2,1,1
477056,39079,2,1,1
660480,39080,2,1,1
165320,39081,2,2,0
303680,39082,2,0,2
1518136,39083,2,0,2
293904,39084,2,1,1
2393824,39085,2,0,2
4415320,39086,2,0,2
1698624,39087,2,2,0
3260368,39088,2,1,1
1143408,39089,2,1,1
141048,39090,2,1,1
1484536,39091,2,2,0
168648,39092,2,1,1
1272432,39093,2,2,0
6321536,39094,2,1,1
1187400,39095,2,2,0
867904,39096,2,2,0
170608,39097,2,2,0
867136,39098,2,1,1
2763216,39099,2,1,1
235504,39100,2,0,2
706056,39101,2,2,0
704888,39102,2,0,2
457944,39103,2,1,1
419944,39104,2,0,2
253856,39105,2,1,1
3388680,39106,2,0,2
994352,39107,2,2,0
83496,39108,2,2,0
169264,39109,2,0,2
524592,39110,2,0,2
578960,39111,2,1,1
185472,39112,2,2,0
6668856,39113,2,1,1
447344,39114,2,0,2
612680,39115,2,2,0
340656,39116,2,1,1
775088,39117,2,1,1
135696,39118,2,1,1
2588648,39119,2,1,1
2468296,39120,2,1,1
314704,39121,2,0,2
1452536,39122,2,0,2
331672,39123,2,0,2
1290296,39124,2,0,2
4832032,39125,2,0,2
837808,39126,2,0,2
1194368,39127,2,2,0
365984,39128,2,1,1
1155696,39129,2,1,1
648296,39130,2,1,1
194592,39131,2,1,1
68664,39132,2,0,2
262176,39133,2,1,1
884560,39134,2,1,1
109888,39135,2,0,2
193664,39136,2,2,0
157552,39137,2,1,1
1351424,39138,2,0,2
713760,39139,2,1,1
438608,39140,2,0,2
738664,39141,2,1,1
3546880,39142,2,1,1
220880,39143,2,1,1
3087144,39144,2,1,1
749176,39145,2,1,1
1262096,39146,2,1,1
439616,39147,2,1,1
1068440,39148,2,1,1
7365672,39149,2,1,1
2679160,39150,2,1,1
1268688,39151,2,0,2
1257856,39152,2,0,2
495912,39153,2,0,2
111416,39154,2,1,1
983680,39155,2,0,2
1290752,39156,2,2,0
318232,39157,2,1,1
987576,39158,2,0,2
1568424,39159,2,1,1
142136,39160,2,0,2
462152,39161,2,0,2
1107296,39162,2,1,1
3916984,39163,2,1,1
370880,39164,2,2,0
1383456,39165,2,1,1
4188712,39166,2,2,0
981336,39167,2,0,2
475552,39168,2,0,2
472152,39169,2,0,2
234096,39170,2,1,1
4385368,39171,2,1,1
1479672,39172,2,1,1
976808,39173,2,1,1
911304,39174,2,1,1
300944,39175,2,1,1
235584,39176,2,1,1
752216,39177,2,2,0
2675224,39178,2,1,1
304512,39179,2,1,1
1265624,39180,2,1,1
131224,39181,2,1,1
2473248,39182,2,0,2
219336,39183,2,1,1
1846224,39184,2,2,0
269216,39185,2,2,0
345928,39186,2,0,2
2396960,39187,2,1,1
2311928,39188,2,2,0
1789752,39189,2,1,1
786352,39190,2,1,1
515776,39191,2,2,0
194648,39192,2,1,1
1779408,39193,2,1,1
362120,39194,2,2,0
61464,39195,2,1,1
2696008,39196,2,2,0
1397000,39197,2,0,2
665928,39198,2,2,0
508672,39199,2,1,1
1089064,39200,2,1,1
4025672,39201,2,1,1
394688,39202,2,1,1
2174192,39203,2,1,1
4916408,39204,2,1,1
1326616,39205,2,0,2
344576,39206,2,0,2
149784,39207,2,2,0
7023224,39208,2,1,1
169408,39209,2,2,0
385968,39210,2,2,0
885024,39211,2,2,0
850720,39212,2,1,1
761632,39213,2,2,0
1190976,39214,2,1,1
2751352,39215,2,0,2
168216,39216,2,1,1
1178224,39217,2,1,1
5429704,39218,2,2,0
612312,39219,2,1,1
2140072,39220,2,2,0
158992,39221,2,2,0
2696864,39222,2,0,2
133792,39223,2,1,1
705840,39224,2,1,1
2629440,39225,2,1,1
3865224,39226,2,1,1
415832,39227,2,1,1
8339016,39228,2,1,1
179816,39229,2,1,1
320456,39230,2,1,1
2326168,39231,2,1,1
903520,39232,2,1,1
2488304,39233,2,2,0
249688,39234,2,1,1
906192,39235,2,0,2
1682368,39236,2,1,1
4403616,39237,2,0,2
124680,39238,2,2,0
3445624,39239,2,2,0
106656,39240,2,1,1
774032,39241,2,0,2
1171024,39242,2,1,1
388168,39243,2,1,1
471384,39244,2,1,1
576392,39245,2,1,1
2921008,39246,2,1,1
265376,39247,2,0,2
110528,39248,2,1,1
223880,39249,2,1,1
184472,39250,2,0,2
392856,39251,2,2,0
146640,39252,2,1,1
215936,39253,2,1,1
4463480,39254,2,1,1
2175800,39255,2,1,1
224528,39256,2,2,0
1679800,39257,2,0,2
431176,39258,2,1,1
1598064,39259,2,1,1
529864,39260,2,0,2
181488,39261,2,0,2
323024,39262,2,2,0
1007096,39263,2,0,2
691696,39264,2,2,0
3320472,39265,2,1,1
731528,39266,2,1,1
3538736,39267,2,1,1
182144,39268,2,0,2
1784800,39269,2,1,1
171136,39270,2,2,0
353712,39271,2,1,1
4934008,39272,2,1,1
731072,39273,2,1,1
276176,39274,2,1,1
726776,39275,2,0,2
161576,39276,2,2,0
811584,39277,2,1,1
2523496,39278,2,1,1
470968,39279,2,1,1
1819560,39280,2,1,1
770336,39281,2,2,0
1368888,39282,2,2,0
1040520,39283,2,2,0
615696,39284,2,0,2
1793400,39285,2,1,1
263912,39286,2,1,1
272544,39287,2,2,0
340408,39288,2,0,2
1568272,39289,2,0,2
163568,39290,2,1,1
420128,39291,2,1,1
626824,39292,2,2,0
156256,39293,2,0,2
372896,39294,2,2,0
237312,39295,2,0,2
4544760,39296,2,0,2
320096,39297,2,2,0
692408,39298,2,1,1
147912,39299,2,2,0
1250784,39300,2,1,1
551648,39301,2,1,1
472464,39302,2,2,0
208664,39303,2,1,1
778216,39304,2,1,1
941048,39305,2,0,2
200504,39306,2,0,2
178048,39307,2,0,2
1618784,39308,2,2,0
469552,39309,2,1,1
518400,39310,2,1,1
713976,39311,2,2,0
1165152,39312,2,2,0
360896,39313,2,2,0
740688,39314,2,1,1
65624,39315,2,0,2
542872,39316,2,1,1
3740032,39317,2,1,1
2819208,39318,2,0,2
2993040,39319,2,0,2
3676080,39320,2,1,1
145304,39321,2,1,1
693120,39322,2,1,1
569544,39323,2,0,2
194824,39324,2,2,0
135008,39325,2,2,0
120816,39326,2,1,1
2132440,39327,2,1,1
3792392,39328,2,1,1
412624,39329,2,2,0
4118576,39330,2,1,1
483176,39331,2,2,0
683936,39332,2,2,0
195808,39333,2,1,1
655320,39334,2,1,1
85416,39335,2,1,1
915008,39336,2,1,1
188208,39337,2,2,0
1098104,39338,2,0,2
452984,39339,2,2,0
3007936,39340,2,1,1
563552,39341,2,1,1
3203072,39342,2,0,2
1292144,39343,2,0,2
174344,39344,2,2,0
2067800,39345,2,1,1
1171984,39346,2,2,0
1560984,39347,2,1,1
632648,39348,2,2,0
634808,39349,2,1,1
892272,39350,2,1,1
1189592,39351,2,0,2
3108560,39352,2,1,1
1202488,39353,2,1,1
1362104,39354,2,0,2
198896,39355,2,0,2
1130336,39356,2,1,1
228496,39357,2,2,0
1218440,39358,2,1,1
7049312,39359,2,1,1
300896,39360,2,1,1
422680,39361,2,2,0
489528,39362,2,1,1
274056,39363,2,2,0
266568,39364,2,1,1
1406704,39365,2,2,0
2300144,39366,2,2,0
359384,39367,2,2,0
230984,39368,2,1,1
287352,39369,2,1,1
164248,39370,2,1,1
1422592,39371,2,2,0
7299272,39372,2,2,0
1194640,39373,2,1,1
398936,39374,2,2,0
4387608,39375,2,1,1
865032,39376,2,1,1
3854240,39377,2,1,1
5277872,39378,2,1,1
2049680,39379,2,1,1
81184,39380,2,1,1
2281776,39381,2,1,1
5152904,39382,2,2,0
457208,39383,2,2,0
306392,39384,2,1,1
439240,39385,2,1,1
2819528,39386,2,1,1
1988424,39387,2,1,1
1801000,39388,2,2,0
426832,39389,2,1,1
151616,39390,2,2,0
1108928,39391,2,0,2
2227744,39392,2,1,1
671144,39393,2,0,2
231640,39394,2,1,1
152144,39395,2,1,1
788600,39396,2,2,0
135296,39397,2,1,1
1105656,39398,2,0,2
1409136,39399,2,1,1
790528,39400,2,0,2
1429944,39401,2,1,1
723816,39402,2,2,0
232080,39403,2,2,0
188560,39404,2,2,0
326112,39405,2,0,2
295024,39406,2,0,2
1819472,39407,2,0,2
144544,39408,2,1,1
2938912,39409,2,2,0
2243864,39410,2,1,1
133192,39411,2,1,1
723008,39412,2,1,1
191064,39413,2,1,1
1428000,39414,2,2,0
2856632,39415,2,0,2
413912,39416,2,1,1
282600,39417,2,1,1
2445480,39418,2,0,2
231720,39419,2,0,2
3421952,39420,2,1,1
53776,39421,2,1,1
2140016,39422,2,1,1
103008,39423,2,1,1
167976,39424,2,0,2
319744,39425,2,1,1
458752,39426,2,0,2
1421088,39427,2,1,1
416064,39428,2,1,1
5148024,39429,2,2,0
1286376,39430,2,2,0
1027984,39431,2,2,0
461512,39432,2,0,2
171048,39433,2,1,1
602704,39434,2,0,2
111256,39435,2,1,1
126848,39436,2,0,2
449160,39437,2,1,1
904320,39438,2,1,1
151232,39439,2,0,2
509784,39440,2,2,0
542936,39441,2,1,1
3646776,39442,2,1,1
528008,39443,2,2,0
3340848,39444,2,2,0
363608,39445,2,2,0
148176,39446,2,1,1
1096776,39447,2,2,0
5394360,39448,2,2,0
537056,39449,2,0,2
2958648,39450,2,1,1
278064,39451,2,1,1
538464,39452,2,1,1
1465488,39453,2,2,0
339560,39454,2,1,1
436280,39455,2,1,1
230272,39456,2,1,1
182352,39457,2,1,1
1564208,39458,2,1,1
226208,39459,2,1,1
206648,39460,2,1,1
887456,39461,2,1,1
2630160,39462,2,1,1
2793776,39463,2,2,0
1637400,39464,2,1,1
871368,39465,2,1,1
269440,39466,2,1,1
2377360,39467,2,1,1
331632,39468,2,0,2
961984,39469,2,2,0
130192,39470,2,0,2
944768,39471,2,2,0
401952,39472,2,2,0
248144,39473,2,1,1
813408,39474,2,1,1
1011288,39475,2,0,2
1012888,39476,2,1,1
1453536,39477,2,2,0
101560,39478,2,1,1
8076200,39479,2,1,1
679040,39480,2,2,0
863760,39481,2,0,2
228472,39482,2,1,1
164936,39483,2,0,2
301824,39484,2,1,1
3536312,39485,2,1,1
77680,39486,2,1,1
715304,39487,2,2,0
639560,39488,2,1,1
567336,39489,2,0,2
274656,39490,2,1,1
948512,39491,2,2,0
7316944,39492,2,1,1
1988160,39493,2,2,0
1472184,39494,2,2,0
319288,39495,2,1,1
7757440,39496,2,2,0
2320064,39497,2,1,1
74944,39498,2,2,0
3751280,39499,2,2,0
125432,39500,2,1,1
512320,39501,2,1,1
633488,39502,2,0,2
383304,39503,2,1,1
303648,39504,2,2,0
2388448,39505,2,2,0
1473144,39506,2,1,1
142928,39507,2,0,2
2178832,39508,2,2,0
1587824,39509,2,0,2
326728,39510,2,1,1
584128,39511,2,0,2
1587320,39512,2,1,1
3245384,39513,2,0,2
192616,39514,2,2,0
201464,39515,2,2,0
524832,39516,2,0,2
906960,39517,2,0,2
1401584,39518,2,2,0
1057504,39519,2,0,2
6456016,39520,2,1,1
3777848,39521,2,2,0
1382736,39522,2,1,1
564056,39523,2,0,2
985224,39524,2,1,1
146936,39525,2,0,2
562744,39526,2,1,1
7070240,39527,2,1,1
256336,39528,2,2,0
667024,39529,2,1,1
452016,39530,2,1,1
1120232,39531,2,1,1
4163248,39532,2,2,0
411752,39533,2,2,0
2725040,39534,2,1,1
6258192,39535,2,2,0
65536,39536,2,1,1
3282448,39537,2,0,2
781008,39538,2,0,2
851776,39539,2,2,0
179040,39540,2,1,1
212272,39541,2,1,1
360160,39542,2,0,2
262016,39543,2,1,1
2806960,39544,2,0,2
5565856,39545,2,1,1
604480,39546,2,0,2
320408,39547,2,0,2
152904,39548,2,2,0
1894104,39549,2,1,1
789920,39550,2,0,2
1512088,39551,2,0,2
199816,39552,2,1,1
426736,39553,2,0,2
213056,39554,2,2,0
931744,39555,2,0,2
486616,39556,2,2,0
272584,39557,2,1,1
1042968,39558,2,1,1
464560,39559,2,1,1
109624,39560,2,1,1
476824,39561,2,1,1
107016,39562,2,2,0
2829664,39563,2,0,2
2530952,39564,2,0,2
1015920,39565,2,1,1
44816,39566,2,1,1
375272,39567,2,2,0
1577232,39568,2,0,2
266024,39569,2,1,1
537208,39570,2,1,1
1403816,39571,2,2,0
1029776,39572,2,1,1
1463192,39573,2,2,0
5020928,39574,2,0,2
279608,39575,2,0,2
807632,39576,2,0,2
786512,39577,2,1,1
490816,39578,2,2,0
198968,39579,2,1,1
2451464,39580,2,2,0
302456,39581,2,2,0
167344,39582,2,0,2
424240,39583,2,2,0
192528,39584,2,1,1
136408,39585,2,2,0
626664,39586,2,1,1
359152,39587,2,1,1
986864,39588,2,0,2
410152,39589,2,1,1
506632,39590,2,0,2
4268648,39591,2,2,0
582184,39592,2,1,1
1275584,39593,2,1,1
263848,39594,2,1,1
1667336,39595,2,0,2
4096648,39596,2,2,0
404072,39597,2,2,0
1658072,39598,2,1,1
2936136,39599,2,2,0
235672,39600,2,2,0
696400,39601,2,1,1
967920,39602,2,1,1
232576,39603,2,1,1
491000,39604,2,1,1
365712,39605,2,0,2
554080,39606,2,2,0
4108008,39607,2,1,1
66160,39608,2,1,1
1821728,39609,2,1,1
1598032,39610,2,0,2
522248,39611,2,0,2
911472,39612,2,0,2
3946600,39613,2,2,0
197616,39614,2,1,1
162464,39615,2,2,0
88320,39616,2,1,1
1186584,39617,2,1,1
314216,39618,2,2,0
580312,39619,2,1,1
199168,39620,2,1,1
354096,39621,2,1,1
119112,39622,2,1,1
551616,39623,2,1,1
619168,39624,2,0,2
98552,39625,2,1,1
1497896,39626,2,2,0
604408,39627,2,1,1
212968,39628,2,0,2
307872,39629,2,1,1
313720,39630,2,2,0
235744,39631,2,1,1
472912,39632,2,2,0
2401112,39633,2,1,1
562080,39634,2,2,0
1115168,39635,2,2,0
526632,39636,2,2,0
255264,39637,2,0,2
1846968,39638,2,2,0
611680,39639,2,2,0
2188840,39640,2,1,1
1127560,39641,2,2,0
1359384,39642,2,2,0
891760,39643,2,0,2
151960,39644,2,1,1
232128,39645,2,1,1
358400,39646,2,1,1
5025920,39647,2,2,0
195240,39648,2,0,2
423904,39649,2,1,1
679480,39650,2,1,1
114160,39651,2,1,1
2290744,39652,2,2,0
375520,39653,2,1,1
2052120,39654,2,2,0
231744,39655,2,1,1
7404432,39656,2,0,2
5085808,39657,2,0,2
721104,39658,2,2,0
534680,39659,2,2,0
728984,39660,2,2,0
1113072,39661,2,1,1
996592,39662,2,1,1
2130688,39663,2,1,1
168992,39664,2,2,0
817896,39665,2,2,0
185784,39666,2,0,2
275072,39667,2,2,0
489112,39668,2,2,0
2351384,39669,2,2,0
388048,39670,2,0,2
241336,39671,2,1,1
1794224,39672,2,0,2
264736,39673,2,0,2
1747424,39674,2,1,1
441648,39675,2,0,2
621432,39676,2,1,1
1546624,39677,2,1,1
1327752,39678,2,0,2
1970512,39679,2,1,1
1939224,39680,2,2,0
6011008,39681,2,1,1
1982200,39682,2,0,2
2041024,39683,2,1,1
1281584,39684,2,0,2
431624,39685,2,2,0
138944,39686,2,2,0
120968,39687,2,1,1
281432,39688,2,2,0
159288,39689,2,0,2
401864,39690,2,2,0
887888,39691,2,2,0
207000,39692,2,2,0
231656,39693,2,1,1
1704928,39694,2,1,1
1819592,39695,2,1,1
462672,39696,2,2,0
96824,39697,2,2,0
213368,39698,2,1,1
268176,39699,2,1,1
197872,39700,2,2,0
90272,39701,2,1,1
102656,39702,2,1,1
3263912,39703,2,1,1
254480,39704,2,0,2
2199128,39705,2,2,0
1068216,39706,2,1,1
5039432,39707,2,0,2
338576,39708,2,2,0
3650408,39709,2,1,1
609608,39710,2,2,0
6143152,39711,2,1,1
2299456,39712,2,2,0
1685768,39713,2,2,0
627488,39714,2,2,0
7274440,39715,2,2,0
1033048,39716,2,0,2
3250104,39717,2,1,1
509288,39718,2,2,0
2917376,39719,2,0,2
274608,39720,2,2,0
787920,39721,2,1,1
3368296,39722,2,1,1
956088,39723,2,0,2
503096,39724,2,0,2
2040104,39725,2,1,1
2074008,39726,2,1,1
223568,39727,2,2,0
321736,39728,2,0,2
305328,39729,2,0,2
194272,39730,2,0,2
220736,39731,2,1,1
2195136,39732,2,1,1
566496,39733,2,1,1
1994824,39734,2,1,1
186528,39735,2,1,1
529712,39736,2,2,0
964680,39737,2,1,1
231504,39738,2,2,0
217544,39739,2,2,0
524504,39740,2,2,0
2472560,39741,2,2,0
485000,39742,2,1,1
1409664,39743,2,1,1
267000,39744,2,0,2
7903456,39745,2,0,2
308024,39746,2,1,1
337536,39747,2,2,0
1761952,39748,2,1,1
1135872,39749,2,1,1
594408,39750,2,1,1
301800,39751,2,1,1
176304,39752,2,1,1
389592,39753,2,0,2
1393728,39754,2,1,1
619960,39755,2,1,1
185648,39756,2,1,1
6950688,39757,2,2,0
132824,39758,2,1,1
381368,39759,2,1,1
185048,39760,2,2,0
1298944,39761,2,0,2
93320,39762,2,1,1
820040,39763,2,0,2
236984,39764,2,2,0
762856,39765,2,1,1
253992,39766,2,2,0
454504,39767,2,1,1
301632,39768,2,2,0
1031744,39769,2,0,2
261896,39770,2,1,1
532232,39771,2,1,1
492584,39772,2,2,0
1030192,39773,2,1,1
106456,39774,2,1,1
1490552,39775,2,2,0
188184,39776,2,2,0
654856,39777,2,1,1
344352,39778,2,0,2
287152,39779,2,1,1
48472,39780,2,2,0
6507184,39781,2,1,1
110760,39782,2,1,1
1706384,39783,2,0,2
642112,39784,2,0,2
532080,39785,2,1,1
553024,39786,2,1,1
371088,39787,2,1,1
620504,39788,2,0,2
444424,39789,2,1,1
411488,39790,2,0,2
909584,39791,2,1,1
2004920,39792,2,1,1
192280,39793,2,1,1
284504,39794,2,0,2
347840,39795,2,1,1
661416,39796,2,1,1
3439832,39797,2,1,1
94984,39798,2,0,2
1039472,39799,2,0,2
809992,39800,2,1,1
1905976,39801,2,1,1
130864,39802,2,0,2
282232,39803,2,2,0
148128,39804,2,1,1
409944,39805,2,0,2
192144,39806,2,2,0
538320,39807,2,1,1
92336,39808,2,1,1
119712,39809,2,2,0
4646000,39810,2,1,1
240768,39811,2,0,2
1146152,39812,2,1,1
489656,39813,2,0,2
555400,39814,2,1,1
202792,39815,2,2,0
689248,39816,2,0,2
6693200,39817,2,1,1
2830528,39818,2,1,1
206368,39819,2,1,1
813240,39820,2,0,2
713592,39821,2,2,0
1591056,39822,2,0,2
445728,39823,2,0,2
1242360,39824,2,1,1
322688,39825,2,1,1
556232,39826,2,1,1
218944,39827,2,0,2
2485408,39828,2,0,2
2577432,39829,2,2,0
1504592,39830,2,0,2
864688,39831,2,2,0
108992,39832,2,1,1
2387936,39833,2,1,1
71808,39834,2,2,0
284688,39835,2,0,2
738136,39836,2,1,1
496576,39837,2,2,0
371040,39838,2,0,2
584168,39839,2,0,2
508120,39840,2,2,0
3048616,39841,2,1,1
326976,39842,2,0,2
2336224,39843,2,1,1
208544,39844,2,0,2
39112,39845,2,0,2
228384,39846,2,1,1
612264,39847,2,2,0
359784,39848,2,1,1
763096,39849,2,1,1
543744,39850,2,2,0
298432,39851,2,2,0
1741936,39852,2,1,1
347472,39853,2,0,2
511608,39854,2,1,1
337392,39855,2,2,0
1165000,39856,2,1,1
1655936,39857,2,0,2
315504,39858,2,0,2
906208,39859,2,1,1
1346208,39860,2,1,1
204024,39861,2,1,1
592696,39862,2,1,1
5733944,39863,2,2,0
562888,39864,2,0,2
3523576,39865,2,2,0
252152,39866,2,1,1
7875968,39867,2,0,2
2351528,39868,2,2,0
332248,39869,2,1,1
6489136,39870,2,1,1
331304,39871,2,0,2
1450888,39872,2,1,1
4749328,39873,2,0,2
2735616,39874,2,1,1
180272,39875,2,0,2
147688,39876,2,1,1
1708368,39877,2,1,1
190456,39878,2,0,2
1299480,39879,2,1,1
142280,39880,2,1,1
537616,39881,2,1,1
422912,39882,2,1,1
249400,39883,2,2,0
108328,39884,2,1,1
1673424,39885,2,1,1
447304,39886,2,1,1
209952,39887,2,2,0
229336,39888,2,0,2
239848,39889,2,1,1
905568,39890,2,2,0
75192,39891,2,2,0
324456,39892,2,1,1
317336,39893,2,1,1
1827088,39894,2,1,1
329992,39895,2,1,1
3938424,39896,2,0,2
5587512,39897,2,2,0
4385456,39898,2,2,0
1987792,39899,2,1,1
85520,39900,2,1,1
559392,39901,2,1,1
150936,39902,2,1,1
1160016,39903,2,0,2
270600,39904,2,0,2
320944,39905,2,1,1
356504,39906,2,1,1
128768,39907,2,2,0
620368,39908,2,1,1
270376,39909,2,1,1
99064,39910,2,2,0
308616,39911,2,0,2
345184,39912,2,0,2
980840,39913,2,2,0
989880,39914,2,1,1
122080,39915,2,2,0
74656,39916,2,1,1
1748312,39917,2,1,1
801944,39918,2,2,0
1882856,39919,2,2,0
1729792,39920,2,2,0
776608,39921,2,1,1
492072,39922,2,2,0
233200,39923,2,1,1
4708456,39924,2,2,0
2561584,39925,2,0,2
956328,39926,2,0,2
190944,39927,2,0,2
7925512,39928,2,0,2
178400,39929,2,1,1
152784,39930,2,2,0
113336,39931,2,2,0
2846080,39932,2,0,2
1431424,39933,2,1,1
1785976,39934,2,1,1
246560,39935,2,0,2
576512,39936,2,1,1
659672,39937,2,1,1
975192,39938,2,1,1
2511496,39939,2,1,1
412688,39940,2,0,2
285696,39941,2,1,1
3781160,39942,2,0,2
205760,39943,2,2,0
131864,39944,2,2,0
175232,39945,2,2,0
2824528,39946,2,1,1
1199536,39947,2,1,1
94576,39948,2,2,0
315000,39949,2,2,0
189048,39950,2,0,2
144464,39951,2,1,1
1919120,39952,2,2,0
1275384,39953,2,1,1
282424,39954,2,0,2
745024,39955,2,1,1
1347792,39956,2,2,0
3362072,39957,2,0,2
1038896,39958,2,2,0
4230752,39959,2,2,0
1138568,39960,2,1,1
1949288,39961,2,1,1
1211024,39962,2,0,2
301008,39963,2,1,1
6994816,39964,2,0,2
125320,39965,2,1,1
659992,39966,2,2,0
298360,39967,2,2,0
120312,39968,2,0,2
118192,39969,2,1,1
780056,39970,2,1,1
2142888,39971,2,1,1
1150680,39972,2,1,1
1330488,39973,2,1,1
137488,39974,2,1,1
1409440,39975,2,0,2
278616,39976,2,2,0
4626432,39977,2,2,0
600480,39978,2,0,2
1335704,39979,2,1,1
262424,39980,2,1,1
214448,39981,2,2,0
96456,39982,2,0,2
536808,39983,2,1,1
3521296,39984,2,1,1
144952,39985,2,2,0
172200,39986,2,0,2
202400,39987,2,1,1
360576,39988,2,1,1
1156944,39989,2,1,1
846416,39990,2,0,2
364384,39991,2,1,1
5026344,39992,2,1,1
7142048,39993,2,2,0
517672,39994,2,0,2
505168,39995,2,1,1
864208,39996,2,1,1
785768,39997,2,2,0
153600,39998,2,0,2
509648,39999,2,1,1
181032,40000,2,1,1
1237816,40001,2,1,1
898352,40002,2,1,1
177024,40003,2,2,0
414184,40004,2,2,0
114840,40005,2,0,2
283408,40006,2,2,0
584904,40007,2,0,2
701504,40008,2,1,1
195960,40009,2,0,2
633336,40010,2,2,0
273648,40011,2,1,1
533896,40012,2,1,1
921024,40013,2,1,1
646592,40014,2,1,1
422840,40015,2,0,2
1771440,40016,2,0,2
467120,40017,2,1,1
143608,40018,2,2,0
4296416,40019,2,2,0
192728,40020,2,0,2
579520,40021,2,0,2
1092008,40022,2,2,0
157728,40023,2,1,1
370720,40024,2,0,2
723936,40025,2,1,1
1395568,40026,2,1,1
1358336,40027,2,1,1
2443472,40028,2,1,1
2150176,40029,2,1,1
199056,40030,2,2,0
397544,40031,2,1,1
234160,40032,2,0,2
8074720,40033,2,0,2
407720,40034,2,1,1
1936632,40035,2,0,2
5141688,40036,2,2,0
698648,40037,2,1,1
551856,40038,2,2,0
2672784,40039,2,1,1
563912,40040,2,1,1
2488920,40041,2,2,0
963232,40042,2,1,1
6843960,40043,2,2,0
4574472,40044,2,1,1
2049784,40045,2,1,1
846184,40046,2,1,1
1341480,40047,2,0,2
62496,40048,2,1,1
320888,40049,2,0,2
556976,40050,2,1,1
1030232,40051,2,1,1
369136,40052,2,1,1
5350352,40053,2,1,1
147544,40054,2,1,1
853792,40055,2,0,2
857328,40056,2,1,1
167408,40057,2,1,1
565960,40058,2,1,1
175680,40059,2,1,1
256392,40060,2,2,0
525504,40061,2,1,1
87920,40062,2,2,0
672408,40063,2,2,0
176256,40064,2,0,2
3061792,40065,2,2,0
632872,40066,2,1,1
398536,40067,2,1,1
1656400,40068,2,1,1
370600,40069,2,2,0
1148488,40070,2,1,1
6302640,40071,2,0,2
651920,40072,2,2,0
592008,40073,2,2,0
5884416,40074,2,2,0
2224048,40075,2,1,1
95336,40076,2,1,1
1739168,40077,2,1,1
253480,40078,2,1,1
714304,40079,2,1,1
688024,40080,2,0,2
2016848,40081,2,1,1
207432,40082,2,0,2
388056,40083,2,0,2
1205440,40084,2,1,1
144064,40085,2,2,0
348144,40086,2,1,1
157736,40087,2,1,1
257016,40088,2,0,2
910264,40089,2,2,0
143136,40090,2,1,1
159480,40091,2,0,2
637176,40092,2,1,1
241264,40093,2,2,0
3647072,40094,2,0,2
1909216,40095,2,2,0
349024,40096,2,0,2
621616,40097,2,0,2
1117984,40098,2,2,0
187656,40099,2,1,1
6010896,40100,2,0,2
68176,40101,2,2,0
2712696,40102,2,0,2
308504,40103,2,1,1
764080,40104,2,2,0
829600,40105,2,0,2
266128,40106,2,1,1
963968,40107,2,1,1
3433360,40108,2,1,1
4813520,40109,2,1,1
196488,40110,2,1,1
69608,40111,2,2,0
1080416,40112,2,2,0
1753832,40113,2,0,2
202968,40114,2,0,2
291880,40115,2,2,0
120584,40116,2,1,1
854360,40117,2,1,1
173752,40118,2,0,2
1804232,40119,2,1,1
386720,40120,2,1,1
928176,40121,2,1,1
606112,40122,2,1,1
285208,40123,2,1,1
247840,40124,2,1,1
2402440,40125,2,2,0
577416,40126,2,1,1
455032,40127,2,0,2
177280,40128,2,1,1
964176,40129,2,2,0
305320,40130,2,1,1
264600,40131,2,1,1
452960,40132,2,1,1
443120,40133,2,1,1
4158760,40134,2,1,1
801672,40135,2,1,1
442344,40136,2,0,2
5624784,40137,2,1,1
143200,40138,2,1,1
2284576,40139,2,1,1
913720,40140,2,1,1
650336,40141,2,2,0
2348472,40142,2,1,1
1032624,40143,2,2,0
125120,40144,2,1,1
907560,40145,2,1,1
335072,40146,2,2,0
957992,40147,2,2,0
3890256,40148,2,1,1
1733600,40149,2,0,2
836104,40150,2,1,1
1822672,40151,2,1,1
53056,40152,2,1,1
1426344,40153,2,2,0
1356584,40154,2,1,1
78912,40155,2,0,2
301272,40156,2,1,1
164264,40157,2,1,1
1129592,40158,2,2,0
644032,40159,2,1,1
514496,40160,2,0,2
1979968,40161,2,2,0
3136528,40162,2,2,0
155864,40163,2,2,0
465552,40164,2,0,2
363624,40165,2,0,2
489792,40166,2,2,0
666816,40167,2,0,2
7350768,40168,2,1,1
956208,40169,2,2,0
754488,40170,2,1,1
1432600,40171,2,1,1
1821712,40172,2,0,2
284320,40173,2,0,2
3922992,40174,2,2,0
1124432,40175,2,1,1
3645648,40176,2,1,1
6456368,40177,2,1,1
1398424,40178,2,2,0
387432,40179,2,1,1
4351752,40180,2,2,0
302776,40181,2,0,2
130016,40182,2,0,2
368728,40183,2,1,1
4993480,40184,2,1,1
6371464,40185,2,1,1
157680,40186,2,1,1
248800,40187,2,2,0
363480,40188,2,2,0
2095552,40189,2,1,1
2505392,40190,2,1,1
1475776,40191,2,2,0
3706576,40192,2,0,2
1004488,40193,2,1,1
358016,40194,2,2,0
268592,40195,2,0,2
6814672,40196,2,1,1
135424,40197,2,1,1
1710408,40198,2,1,1
204528,40199,2,1,1
101632,40200,2,1,1
1237536,40201,2,0,2
405728,40202,2,1,1
686440,40203,2,2,0
2199992,40204,2,0,2
2685992,40205,2,1,1
183088,40206,2,0,2
498320,40207,2,1,1
5156296,40208,2,2,0
3833800,40209,2,1,1
486024,40210,2,1,1
2536624,40211,2,0,2
215632,40212,2,2,0
5821376,40213,2,1,1
487328,40214,2,1,1
369144,40215,2,1,1
158656,40216,2,0,2
362192,40217,2,1,1
127024,40218,2,2,0
252504,40219,2,2,0
1000184,40220,2,2,0
162912,40221,2,2,0
86184,40222,2,0,2
1878696,40223,2,0,2
139840,40224,2,2,0
317992,40225,2,1,1
442560,40226,2,2,0
951912,40227,2,2,0
216072,40228,2,2,0
147160,40229,2,1,1
307400,40230,2,2,0
153176,40231,2,0,2
361032,40232,2,0,2
3339576,40233,2,0,2
481672,40234,2,1,1
171232,40235,2,0,2
659696,40236,2,1,1
1054072,40237,2,2,0
1510752,40238,2,1,1
5621648,40239,2,0,2
642672,40240,2,1,1
468136,40241,2,0,2
3403976,40242,2,2,0
153440,40243,2,0,2
633864,40244,2,2,0
196288,40245,2,1,1
180056,40246,2,1,1
109368,40247,2,0,2
2864608,40248,2,1,1
483312,40249,2,0,2
3717040,40250,2,1,1
1536664,40251,2,0,2
176368,40252,2,0,2
266920,40253,2,1,1
466336,40254,2,2,0
2910776,40255,2,2,0
449512,40256,2,2,0
5439232,40257,2,1,1
630568,40258,2,1,1
285088,40259,2,1,1
302848,40260,2,2,0
1086968,40261,2,1,1
726352,40262,2,2,0
1186240,40263,2,0,2
1013752,40264,2,1,1
711400,40265,2,1,1
3401744,40266,2,2,0
507096,40267,2,1,1
811440,40268,2,1,1
2274176,40269,2,1,1
6087928,40270,2,1,1
493336,40271,2,0,2
2135848,40272,2,1,1
910184,40273,2,2,0
2925224,40274,2,1,1
288040,40275,2,1,1
173544,40276,2,2,0
353128,40277,2,2,0
806456,40278,2,0,2
145712,40279,2,1,1
6661680,40280,2,2,0
169840,40281,2,0,2
985176,40282,2,0,2
5752168,40283,2,1,1
509872,40284,2,0,2
3251840,40285,2,1,1
540296,40286,2,2,0
744464,40287,2,1,1
1068840,40288,2,2,0
761744,40289,2,2,0
2437184,40290,2,1,1
164448,40291,2,1,1
96816,40292,2,0,2
76168,40293,2,1,1
5179856,40294,2,2,0
193352,40295,2,2,0
3580584,40296,2,1,1
741744,40297,2,1,1
1200464,40298,2,2,0
2313992,40299,2,1,1
817832,40300,2,0,2
3971320,40301,2,2,0
1175168,40302,2,0,2
2460344,40303,2,2,0
656696,40304,2,1,1
454232,40305,2,1,1
850992,40306,2,1,1
3863800,40307,2,0,2
81144,40308,2,1,1
267032,40309,2,2,0
623552,40310,2,0,2
109304,40311,2,1,1
159376,40312,2,1,1
1055224,40313,2,1,1
386280,40314,2,0,2
650824,40315,2,2,0
196328,40316,2,1,1
1243600,40317,2,2,0
298536,40318,2,1,1
1420432,40319,2,1,1
107312,40320,2,0,2
226784,40321,2,2,0
786144,40322,2,1,1
194160,40323,2,1,1
539032,40324,2,1,1
4201712,40325,2,2,0
119512,40326,2,0,2
661728,40327,2,0,2
1611904,40328,2,0,2
1017648,40329,2,1,1
773768,40330,2,0,2
1043488,40331,2,0,2
888920,40332,2,1,1
3421648,40333,2,0,2
1499368,40334,2,2,0
563656,40335,2,0,2
269360,40336,2,1,1
199648,40337,2,0,2
6002720,40338,2,1,1
176456,40339,2,0,2
355368,40340,2,2,0
339416,40341,2,1,1
2351256,40342,2,2,0
225840,40343,2,2,0
429744,40344,2,1,1
481128,40345,2,1,1
726768,40346,2,2,0
4655152,40347,2,1,1
660456,40348,2,1,1
129392,40349,2,2,0
2774608,40350,2,0,2
236288,40351,2,2,0
1931768,40352,2,0,2
931912,40353,2,1,1
251312,40354,2,0,2
1031504,40355,2,0,2
317656,40356,2,1,1
265528,40357,2,2,0
2348552,40358,2,1,1
426504,40359,2,0,2
416480,40360,2,2,0
129896,40361,2,0,2
437936,40362,2,1,1
1124856,40363,2,1,1
244416,40364,2,0,2
979984,40365,2,1,1
2055304,40366,2,1,1
263088,40367,2,0,2
339552,40368,2,1,1
1018520,40369,2,1,1
272432,40370,2,1,1
829368,40371,2,1,1
1102384,40372,2,2,0
1699512,40373,2,1,1
5279712,40374,2,1,1
1482824,40375,2,1,1
791648,40376,2,0,2
99360,40377,2,1,1
233032,40378,2,0,2
377080,40379,2,2,0
1301712,40380,2,1,1
167120,40381,2,1,1
2581936,40382,2,2,0
61736,40383,2,2,0
1002192,40384,2,2,0
702664,40385,2,2,0
2953736,40386,2,1,1
345808,40387,2,2,0
279352,40388,2,1,1
499816,40389,2,1,1
830976,40390,2,1,1
958232,40391,2,2,0
208760,40392,2,1,1
526000,40393,2,1,1
5613032,40394,2,1,1
885864,40395,2,0,2
200056,40396,2,1,1
1152792,40397,2,1,1
788256,40398,2,1,1
1109344,40399,2,1,1
572152,40400,2,0,2
488760,40401,2,2,0
2038080,40402,2,2,0
3466024,40403,2,1,1
2266408,40404,2,1,1
246360,40405,2,2,0
237960,40406,2,1,1
947872,40407,2,1,1
6031632,40408,2,2,0
1047368,40409,2,1,1
311848,40410,2,0,2
5052984,40411,2,1,1
1350480,40412,2,0,2
267232,40413,2,2,0
771856,40414,2,2,0
335208,40415,2,1,1
367208,40416,2,0,2
728336,40417,2,1,1
1230520,40418,2,0,2
306168,40419,2,0,2
1726472,40420,2,1,1
825200,40421,2,0,2
1383520,40422,2,1,1
220960,40423,2,2,0
283000,40424,2,2,0
688752,40425,2,0,2
415312,40426,2,1,1
2828000,40427,2,2,0
138056,40428,2,1,1
395784,40429,2,1,1
983856,40430,2,1,1
1553560,40431,2,1,1
3437568,40432,2,0,2
333232,40433,2,1,1
228576,40434,2,1,1
136976,40435,2,1,1
785512,40436,2,0,2
371864,40437,2,1,1
506992,40438,2,2,0
2533496,40439,2,1,1
1671496,40440,2,1,1
6199824,40441,2,1,1
4593520,40442,2,0,2
1864016,40443,2,1,1
103128,40444,2,1,1
233600,40445,2,1,1
475912,40446,2,2,0
946040,40447,2,0,2
355784,40448,2,1,1
881264,40449,2,1,1
423928,40450,2,1,1
466880,40451,2,2,0
134432,40452,2,2,0
1278104,40453,2,2,0
228024,40454,2,0,2
3582184,40455,2,2,0
1056256,40456,2,2,0
6251384,40457,2,2,0
297416,40458,2,0,2
147792,40459,2,0,2
857976,40460,2,2,0
481392,40461,2,2,0
397656,40462,2,1,1
473424,40463,2,0,2
500640,40464,2,2,0
2369480,40465,2,1,1
4527784,40466,2,2,0
178448,40467,2,1,1
598760,40468,2,0,2
207768,40469,2,2,0
115320,40470,2,1,1
311936,40471,2,0,2
2003144,40472,2,2,0
514648,40473,2,1,1
286960,40474,2,0,2
209920,40475,2,0,2
1040960,40476,2,1,1
163312,40477,2,0,2
2925896,40478,2,1,1
250200,40479,2,2,0
52608,40480,2,1,1
456640,40481,2,1,1
2983088,40482,2,1,1
232112,40483,2,1,1
398624,40484,2,0,2
128080,40485,2,0,2
135408,40486,2,2,0
568864,40487,2,1,1
931864,40488,2,1,1
203624,40489,2,1,1
455616,40490,2,0,2
157032,40491,2,1,1
741560,40492,2,1,1
5330048,40493,2,2,0
484344,40494,2,1,1
187792,40495,2,1,1
210120,40496,2,1,1
284704,40497,2,0,2
297304,40498,2,2,0
429992,40499,2,1,1
182776,40500,2,1,1
84280,40501,2,1,1
340880,40502,2,2,0
91256,40503,2,1,1
736472,40504,2,2,0
376072,40505,2,0,2
1079920,40506,2,0,2
1932472,40507,2,0,2
213064,40508,2,1,1
508296,40509,2,1,1
3057232,40510,2,0,2
320184,40511,2,1,1
301552,40512,2,2,0
242432,40513,2,0,2
117472,40514,2,2,0
3462824,40515,2,0,2
681392,40516,2,0,2
1506208,40517,2,1,1
1016368,40518,2,2,0
1140856,40519,2,0,2
146080,40520,2,1,1
834968,40521,2,2,0
897976,40522,2,0,2
592944,40523,2,0,2
2274432,40524,2,0,2
156640,40525,2,1,1
878616,40526,2,1,1
534640,40527,2,0,2
186328,40528,2,1,1
395048,40529,2,0,2
3392272,40530,2,0,2
293392,40531,2,0,2
1791920,40532,2,1,1
193512,40533,2,1,1
1434320,40534,2,0,2
516368,40535,2,0,2
679952,40536,2,2,0
687704,40537,2,2,0
90968,40538,2,1,1
168408,40539,2,1,1
2433640,40540,2,2,0
8290144,40541,2,1,1
701272,40542,2,1,1
263800,40543,2,2,0
389952,40544,2,1,1
664176,40545,2,0,2
4097248,40546,2,1,1
891184,40547,2,2,0
423936,40548,2,2,0
1846584,40549,2,0,2
573976,40550,2,1,1
584712,40551,2,1,1
434872,40552,2,0,2
1126072,40553,2,1,1
1266392,40554,2,0,2
1511304,40555,2,2,0
96240,40556,2,0,2
342264,40557,2,1,1
360016,40558,2,2,0
64008,40559,2,1,1
258720,40560,2,2,0
221272,40561,2,2,0
468560,40562,2,0,2
4726256,40563,2,0,2
1501904,40564,2,0,2
1164880,40565,2,1,1
468176,40566,2,1,1
320664,40567,2,2,0
284112,40568,2,1,1
171576,40569,2,1,1
243432,40570,2,1,1
2200688,40571,2,1,1
543160,40572,2,1,1
419056,40573,2,1,1
255376,40574,2,1,1
96392,40575,2,1,1
253384,40576,2,1,1
516920,40577,2,0,2
3229200,40578,2,1,1
167112,40579,2,0,2
428824,40580,2,2,0
1246488,40581,2,1,1
2574608,40582,2,2,0
4219312,40583,2,1,1
293992,40584,2,1,1
275280,40585,2,1,1
375800,40586,2,2,0
844080,40587,2,2,0
2350360,40588,2,2,0
271200,40589,2,1,1
614088,40590,2,2,0
631328,40591,2,1,1
338136,40592,2,2,0
536920,40593,2,0,2
890824,40594,2,0,2
384432,40595,2,0,2
2087728,40596,2,1,1
1464680,40597,2,1,1
528432,40598,2,2,0
1572144,40599,2,2,0
376104,40600,2,1,1
516560,40601,2,0,2
3971744,40602,2,2,0
8133640,40603,2,1,1
3076432,40604,2,0,2
3174992,40605,2,0,2
596000,40606,2,2,0
168352,40607,2,2,0
229160,40608,2,1,1
5213552,40609,2,2,0
99440,40610,2,1,1
291112,40611,2,1,1
320272,40612,2,0,2
342152,40613,2,1,1
908064,40614,2,1,1
112568,40615,2,2,0
2292176,40616,2,1,1
780832,40617,2,2,0
224696,40618,2,0,2
1149608,40619,2,1,1
532664,40620,2,1,1
127000,40621,2,1,1
247304,40622,2,0,2
85592,40623,2,0,2
6427888,40624,2,2,0
7141584,40625,2,1,1
609168,40626,2,1,1
1731120,40627,2,1,1
1574256,40628,2,1,1
2343128,40629,2,1,1
131144,40630,2,1,1
1110704,40631,2,0,2
612472,40632,2,1,1
1633024,40633,2,2,0
3646064,40634,2,0,2
714664,40635,2,1,1
1077328,40636,2,0,2
497064,40637,2,1,1
498352,40638,2,2,0
179312,40639,2,1,1
5099624,40640,2,0,2
1232552,40641,2,2,0
656144,40642,2,1,1
721632,40643,2,0,2
115816,40644,2,1,1
286216,40645,2,1,1
326160,40646,2,1,1
394632,40647,2,1,1
161592,40648,2,1,1
722312,40649,2,0,2
944376,40650,2,2,0
590256,40651,2,2,0
5878992,40652,2,1,1
3745136,40653,2,0,2
437344,40654,2,0,2
167816,40655,2,2,0
708696,40656,2,1,1
182584,40657,2,2,0
381360,40658,2,1,1
600624,40659,2,1,1
2520728,40660,2,2,0
143064,40661,2,2,0
319408,40662,2,0,2
577296,40663,2,0,2
989712,40664,2,1,1
447624,40665,2,1,1
3101696,40666,2,1,1
310432,40667,2,0,2
2687096,40668,2,2,0
427648,40669,2,1,1
116680,40670,2,1,1
133952,40671,2,1,1
1919800,40672,2,1,1
1480552,40673,2,1,1
492024,40674,2,2,0
593128,40675,2,0,2
3054168,40676,2,1,1
216488,40677,2,0,2
903832,40678,2,0,2
117432,40679,2,1,1
1096096,40680,2,2,0
535216,40681,2,1,1
700000,40682,2,2,0
587408,40683,2,2,0
172128,40684,2,1,1
1538000,40685,2,1,1
59200,40686,2,1,1
6850408,40687,2,1,1
345584,40688,2,0,2
109048,40689,2,0,2
1543448,40690,2,1,1
368640,40691,2,0,2
129232,40692,2,0,2
2310704,40693,2,1,1
212656,40694,2,2,0
645000,40695,2,0,2
944600,40696,2,1,1
1898344,40697,2,1,1
468056,40698,2,2,0
1991096,40699,2,0,2
857544,40700,2,1,1
1530848,40701,2,1,1
2506560,40702,2,0,2
726616,40703,2,1,1
2950960,40704,2,2,0
541936,40705,2,1,1
1310216,40706,2,2,0
2702264,40707,2,2,0
487688,40708,2,0,2
624216,40709,2,1,1
2794248,40710,2,1,1
1523672,40711,2,2,0
1837000,40712,2,0,2
768904,40713,2,1,1
1888640,40714,2,0,2
594200,40715,2,1,1
828096,40716,2,1,1
768488,40717,2,0,2
412392,40718,2,0,2
244968,40719,2,2,0
3976080,40720,2,1,1
483040,40721,2,2,0
891064,40722,2,1,1
295096,40723,2,1,1
478656,40724,2,2,0
76584,40725,2,2,0
1623584,40726,2,0,2
1398776,40727,2,1,1
1634560,40728,2,2,0
7702520,40729,2,2,0
1155752,40730,2,2,0
1981760,40731,2,1,1
257600,40732,2,2,0
801856,40733,2,1,1
243008,40734,2,1,1
866408,40735,2,2,0
3199560,40736,2,0,2
112072,40737,2,2,0
248208,40738,2,1,1
599056,40739,2,1,1
1054720,40740,2,0,2
3937744,40741,2,2,0
283856,40742,2,0,2
745152,40743,2,2,0
1974616,40744,2,1,1
200296,40745,2,1,1
134480,40746,2,1,1
165376,40747,2,1,1
6621104,40748,2,0,2
703768,40749,2,2,0
958040,40750,2,1,1
1155272,40751,2,2,0
1088040,40752,2,1,1
2107576,40753,2,1,1
149008,40754,2,0,2
703688,40755,2,1,1
147080,40756,2,2,0
2075600,40757,2,1,1
1404216,40758,2,2,0
657736,40759,2,0,2
100088,40760,2,0,2
154616,40761,2,1,1
492112,40762,2,1,1
549856,40763,2,1,1
2185368,40764,2,0,2
259600,40765,2,2,0
1537320,40766,2,0,2
113888,40767,2,2,0
185424,40768,2,2,0
309304,40769,2,1,1
2791696,40770,2,2,0
213824,40771,2,2,0
510384,40772,2,0,2
1193232,40773,2,1,1
177208,40774,2,1,1
338896,40775,2,2,0
492368,40776,2,1,1
1757912,40777,2,1,1
492048,40778,2,0,2
452976,40779,2,2,0
3636336,40780,2,1,1
834960,40781,2,2,0
8096968,40782,2,1,1
2559680,40783,2,0,2
902792,40784,2,1,1
368736,40785,2,0,2
8333392,40786,2,1,1
1301752,40787,2,1,1
753064,40788,2,0,2
5906840,40789,2,1,1
132184,40790,2,1,1
255240,40791,2,1,1
305312,40792,2,0,2
3643760,40793,2,0,2
3211408,40794,2,0,2
546240,40795,2,2,0
57520,40796,2,1,1
2162952,40797,2,1,1
3454640,40798,2,1,1
568504,40799,2,0,2
114344,40800,2,1,1
175920,40801,2,1,1
207624,40802,2,2,0
295720,40803,2,1,1
2302896,40804,2,1,1
901376,40805,2,2,0
2031952,40806,2,2,0
793320,40807,2,2,0
313016,40808,2,1,1
169696,40809,2,2,0
459680,40810,2,1,1
321712,40811,2,2,0
1389408,40812,2,0,2
858576,40813,2,1,1
964728,40814,2,1,1
3004664,40815,2,1,1
781736,40816,2,1,1
358672,40817,2,2,0
267168,40818,2,0,2
6531568,40819,2,2,0
632936,40820,2,2,0
319720,40821,2,2,0
944312,40822,2,0,2
4561144,40823,2,1,1
560120,40824,2,1,1
84064,40825,2,0,2
260512,40826,2,1,1
2097280,40827,2,0,2
894584,40828,2,1,1
8310088,40829,2,0,2
459720,40830,2,2,0
1296096,40831,2,2,0
4236416,40832,2,0,2
923256,40833,2,1,1
7296568,40834,2,2,0
2675400,40835,2,0,2
1116224,40836,2,1,1
916760,40837,2,1,1
98520,40838,2,2,0
1323744,40839,2,1,1
397936,40840,2,1,1
256216,40841,2,2,0
629072,40842,2,1,1
8283248,40843,2,2,0
392648,40844,2,2,0
261120,40845,2,2,0
269240,40846,2,1,1
2005136,40847,2,1,1
801656,40848,2,0,2
284232,40849,2,0,2
6020456,40850,2,2,0
259520,40851,2,1,1
1829936,40852,2,1,1
231568,40853,2,2,0
344736,40854,2,1,1
196216,40855,2,2,0
209768,40856,2,2,0
213120,40857,2,1,1
1103912,40858,2,0,2
779512,40859,2,1,1
383952,40860,2,1,1
3728704,40861,2,0,2
265032,40862,2,2,0
5217088,40863,2,1,1
181048,40864,2,2,0
207288,40865,2,0,2
501592,40866,2,2,0
883992,40867,2,1,1
481920,40868,2,0,2
334872,40869,2,2,0
152800,40870,2,2,0
210672,40871,2,1,1
1741232,40872,2,1,1
766960,40873,2,1,1
427272,40874,2,1,1
1642856,40875,2,2,0
1920248,40876,2,1,1
699912,40877,2,2,0
779024,40878,2,0,2
480016,40879,2,0,2
560456,40880,2,0,2
395192,40881,2,1,1
2919528,40882,2,1,1
1179984,40883,2,1,1
421320,40884,2,1,1
147656,40885,2,1,1
264944,40886,2,0,2
3870280,40887,2,1,1
836040,40888,2,2,0
1251056,40889,2,0,2
3919512,40890,2,0,2
756072,40891,2,0,2
1975280,40892,2,1,1
1776496,40893,2,2,0
257336,40894,2,1,1
5080560,40895,2,0,2
1608048,40896,2,2,0
434016,40897,2,2,0
754344,40898,2,1,1
440352,40899,2,1,1
611296,40900,2,0,2
669392,40901,2,1,1
536680,40902,2,1,1
595528,40903,2,1,1
695488,40904,2,2,0
1410976,40905,2,0,2
359056,40906,2,0,2
430288,40907,2,1,1
1042184,40908,2,1,1
263864,40909,2,1,1
182392,40910,2,2,0
1320448,40911,2,1,1
803968,40912,2,0,2
1618600,40913,2,2,0
400064,40914,2,2,0
187304,40915,2,2,0
1661384,40916,2,1,1
654664,40917,2,2,0
226848,40918,2,2,0
159440,40919,2,2,0
436264,40920,2,2,0
978552,40921,2,0,2
2772640,40922,2,0,2
2596440,40923,2,1,1
300360,40924,2,1,1
241824,40925,2,1,1
1198264,40926,2,1,1
210760,40927,2,0,2
2472024,40928,2,2,0
171992,40929,2,1,1
81216,40930,2,1,1
1952608,40931,2,2,0
415248,40932,2,1,1
1430288,40933,2,0,2
1304376,40934,2,1,1
756424,40935,2,0,2
859416,40936,2,0,2
77368,40937,2,2,0
266448,40938,2,0,2
966848,40939,2,1,1
633440,40940,2,1,1
188632,40941,2,2,0
206864,40942,2,1,1
1698960,40943,2,1,1
249336,40944,2,1,1
214384,40945,2,0,2
198320,40946,2,1,1
156920,40947,2,2,0
6529936,40948,2,0,2
2973984,40949,2,0,2
355736,40950,2,1,1
3122560,40951,2,2,0
61920,40952,2,1,1
106712,40953,2,0,2
467296,40954,2,1,1
994376,40955,2,0,2
351072,40956,2,1,1
155544,40957,2,2,0
704496,40958,2,1,1
376032,40959,2,2,0
1804480,40960,2,2,0
802776,40961,2,1,1
3019424,40962,2,1,1
220720,40963,2,1,1
641384,40964,2,1,1
298424,40965,2,1,1
2655472,40966,2,1,1
1469208,40967,2,1,1
5626936,40968,2,1,1
994632,40969,2,2,0
2646288,40970,2,2,0
489688,40971,2,0,2
68736,40972,2,0,2
5194816,40973,2,1,1
612832,40974,2,0,2
979304,40975,2,0,2
7814768,40976,2,1,1
447816,40977,2,2,0
329744,40978,2,0,2
440240,40979,2,1,1
400520,40980,2,1,1
2164672,40981,2,1,1
4307416,40982,2,2,0
2404944,40983,2,0,2
886016,40984,2,1,1
876576,40985,2,1,1
1743200,40986,2,1,1
477216,40987,2,2,0
323768,40988,2,2,0
1310888,40989,2,1,1
1189800,40990,2,1,1
1491736,40991,2,1,1
7856416,40992,2,1,1
271776,40993,2,0,2
235040,40994,2,2,0
101896,40995,2,2,0
855192,40996,2,1,1
1056528,40997,2,2,0
199944,40998,2,0,2
3539104,40999,2,2,0
1693128,41000,2,1,1
1729160,41001,2,1,1
1489480,41002,2,2,0
3425504,41003,2,2,0
462808,41004,2,2,0
582880,41005,2,0,2
136344,41006,2,1,1
82912,41007,2,1,1
490016,41008,2,2,0
2343048,41009,2,2,0
847112,41010,2,2,0
763024,41011,2,2,0
1678552,41012,2,1,1
3951032,41013,2,0,2
2162008,41014,2,2,0
1416848,41015,2,1,1
595640,41016,2,1,1
2206544,41017,2,0,2
2462080,41018,2,2,0
1477512,41019,2,0,2
2214864,41020,2,1,1
371488,41021,2,2,0
189096,41022,2,1,1
1031552,41023,2,0,2
2749712,41024,2,0,2
888640,41025,2,1,1
419856,41026,2,1,1
547368,41027,2,2,0
1706480,41028,2,2,0
224112,41029,2,1,1
140848,41030,2,1,1
1595512,41031,2,1,1
3843744,41032,2,1,1
815408,41033,2,1,1
1406264,41034,2,0,2
387128,41035,2,0,2
98880,41036,2,0,2
1968464,41037,2,0,2
5171232,41038,2,1,1
1610304,41039,2,1,1
692760,41040,2,0,2
3234568,41041,2,1,1
245576,41042,2,1,1
1561152,41043,2,1,1
379752,41044,2,1,1
2253240,41045,2,2,0
113776,41046,2,2,0
277952,41047,2,0,2
253240,41048,2,1,1
2757048,41049,2,1,1
197216,41050,2,1,1
111576,41051,2,1,1
528728,41052,2,1,1
269896,41053,2,1,1
338304,41054,2,2,0
809168,41055,2,0,2
321896,41056,2,0,2
1815984,41057,2,1,1
2141976,41058,2,0,2
99032,41059,2,1,1
668912,41060,2,1,1
157760,41061,2,1,1
814568,41062,2,1,1
2617672,41063,2,2,0
668520,41064,2,1,1
239664,41065,2,2,0
865408,41066,2,0,2
164720,41067,2,1,1
568776,41068,2,1,1
562040,41069,2,0,2
790784,41070,2,1,1
80984,41071,2,0,2
64488,41072,2,2,0
899144,41073,2,0,2
169832,41074,2,1,1
2705880,41075,2,1,1
135744,41076,2,2,0
6198808,41077,2,2,0
1207456,41078,2,0,2
301600,41079,2,1,1
1376648,41080,2,0,2
378320,41081,2,0,2
529792,41082,2,2,0
465488,41083,2,1,1
307160,41084,2,0,2
720160,41085,2,1,1
557456,41086,2,2,0
731728,41087,2,1,1
326760,41088,2,1,1
889752,41089,2,1,1
1285576,41090,2,2,0
2921232,41091,2,1,1
295464,41092,2,2,0
2444088,41093,2,1,1
127688,41094,2,2,0
646104,41095,2,0,2
885696,41096,2,1,1
688624,41097,2,1,1
445592,41098,2,0,2
190096,41099,2,0,2
197288,41100,2,1,1
188312,41101,2,1,1
1046960,41102,2,0,2
293288,41103,2,1,1
84800,41104,2,1,1
496488,41105,2,1,1
535352,41106,2,0,2
123336,41107,2,1,1
551352,41108,2,1,1
1421248,41109,2,1,1
167464,41110,2,0,2
344864,41111,2,2,0
953168,41112,2,0,2
66568,41113,2,1,1
905144,41114,2,1,1
623888,41115,2,1,1
174112,41116,2,0,2
2979368,41117,2,1,1
1680592,41118,2,1,1
248184,41119,2,1,1
4427664,41120,2,2,0
512896,41121,2,1,1
1653592,41122,2,1,1
430072,41123,2,1,1
1007184,41124,2,1,1
2377096,41125,2,1,1
109384,41126,2,0,2
1310656,41127,2,0,2
617752,41128,2,1,1
2759936,41129,2,2,0
2958024,41130,2,2,0
135256,41131,2,0,2
1075000,41132,2,0,2
404872,41133,2,1,1
283616,41134,2,1,1
222640,41135,2,2,0
904552,41136,2,1,1
264080,41137,2,1,1
390664,41138,2,2,0
806736,41139,2,2,0
2264520,41140,2,1,1
77048,41141,2,0,2
2561424,41142,2,1,1
841904,41143,2,0,2
698624,41144,2,0,2
885960,41145,2,1,1
159176,41146,2,2,0
105968,41147,2,2,0
1267496,41148,2,1,1
411384,41149,2,1,1
278800,41150,2,1,1
907072,41151,2,1,1
1059720,41152,2,1,1
410288,41153,2,0,2
2291664,41154,2,0,2
310400,41155,2,2,0
7308616,41156,2,1,1
1766360,41157,2,0,2
159216,41158,2,2,0
253336,41159,2,0,2
231496,41160,2,2,0
6023928,41161,2,1,1
1379704,41162,2,2,0
222856,41163,2,2,0
1662456,41164,2,2,0
4702248,41165,2,1,1
272192,41166,2,0,2
4927640,41167,2,1,1
146248,41168,2,0,2
2395776,41169,2,0,2
1241312,41170,2,1,1
839536,41171,2,0,2
1014112,41172,2,1,1
4820120,41173,2,2,0
1035352,41174,2,1,1
474616,41175,2,1,1
202568,41176,2,1,1
1204376,41177,2,0,2
857024,41178,2,2,0
871608,41179,2,1,1
82928,41180,2,2,0
2877560,41181,2,1,1
1215552,41182,2,1,1
7778904,41183,2,1,1
2028944,41184,2,1,1
1027408,41185,2,2,0
308752,41186,2,2,0
3738624,41187,2,2,0
872736,41188,2,0,2
935912,41189,2,2,0
185560,41190,2,0,2
1073880,41191,2,1,1
171208,41192,2,1,1
162192,41193,2,1,1
1657176,41194,2,2,0
394336,41195,2,1,1
1988920,41196,2,1,1
1494080,41197,2,1,1
242752,41198,2,1,1
6746992,41199,2,2,0
151216,41200,2,0,2
2807696,41201,2,1,1
705008,41202,2,1,1
1260624,41203,2,2,0
5463264,41204,2,2,0
1068696,41205,2,1,1
70136,41206,2,0,2
200592,41207,2,2,0
140816,41208,2,1,1
7996496,41209,2,1,1
3528056,41210,2,0,2
758296,41211,2,0,2
2370008,41212,2,1,1
1090336,41213,2,1,1
282608,41214,2,2,0
310208,41215,2,0,2
517528,41216,2,2,0
397712,41217,2,2,0
548792,41218,2,1,1
906840,41219,2,1,1
135888,41220,2,2,0
2228256,41221,2,1,1
287256,41222,2,1,1
3286008,41223,2,1,1
245352,41224,2,0,2
184136,41225,2,1,1
1773944,41226,2,1,1
234968,41227,2,0,2
449688,41228,2,1,1
404512,41229,2,1,1
319304,41230,2,2,0
2510976,41231,2,1,1
744856,41232,2,2,0
420936,41233,2,1,1
2555752,41234,2,2,0
124656,41235,2,2,0
163976,41236,2,2,0
107104,41237,2,1,1
373464,41238,2,2,0
382440,41239,2,0,2
3036736,41240,2,1,1
139800,41241,2,2,0
499552,41242,2,1,1
685704,41243,2,2,0
2461304,41244,2,1,1
472344,41245,2,2,0
92440,41246,2,0,2
497248,41247,2,1,1
1937640,41248,2,1,1
759720,41249,2,0,2
363136,41250,2,2,0
590128,41251,2,1,1
1869112,41252,2,2,0
408112,41253,2,1,1
825440,41254,2,0,2
1047256,41255,2,1,1
93112,41256,2,0,2
2176192,41257,2,1,1
2196816,41258,2,0,2
450216,41259,2,0,2
1074120,41260,2,1,1
133768,41261,2,0,2
705352,41262,2,2,0
737448,41263,2,0,2
1626728,41264,2,1,1
366256,41265,2,1,1
785392,41266,2,2,0
2080312,41267,2,1,1
597112,41268,2,0,2
528328,41269,2,1,1
609392,41270,2,0,2
1241232,41271,2,0,2
800960,41272,2,1,1
437336,41273,2,1,1
853648,41274,2,1,1
269392,41275,2,0,2
1076616,41276,2,1,1
2438944,41277,2,0,2
423944,41278,2,1,1
1714720,41279,2,0,2
818264,41280,2,2,0
189152,41281,2,1,1
297368,41282,2,0,2
6992128,41283,2,1,1
446120,41284,2,1,1
1239928,41285,2,2,0
210320,41286,2,0,2
2833552,41287,2,1,1
493968,41288,2,2,0
617368,41289,2,0,2
1095768,41290,2,0,2
145240,41291,2,1,1
909208,41292,2,0,2
2668120,41293,2,1,1
1162168,41294,2,2,0
324656,41295,2,2,0
507856,41296,2,2,0
158944,41297,2,0,2
4063968,41298,2,1,1
290056,41299,2,1,1
313584,41300,2,2,0
249744,41301,2,1,1
90776,41302,2,0,2
353224,41303,2,1,1
173792,41304,2,1,1
901696,41305,2,2,0
572672,41306,2,1,1
531384,41307,2,0,2
1549104,41308,2,0,2
1120528,41309,2,0,2
1351640,41310,2,1,1
348664,41311,2,1,1
2058000,41312,2,0,2
3343128,41313,2,1,1
228680,41314,2,2,0
474824,41315,2,2,0
2021160,41316,2,2,0
142712,41317,2,1,1
457552,41318,2,2,0
86224,41319,2,1,1
443280,41320,2,1,1
440416,41321,2,1,1
1812232,41322,2,2,0
1183904,41323,2,1,1
71768,41324,2,0,2
2253768,41325,2,2,0
538696,41326,2,1,1
2152224,41327,2,2,0
2867584,41328,2,0,2
819616,41329,2,2,0
1392832,41330,2,0,2
765976,41331,2,2,0
1154864,41332,2,2,0
3068472,41333,2,0,2
6996352,41334,2,1,1
4107992,41335,2,1,1
873528,41336,2,1,1
265136,41337,2,2,0
1980104,41338,2,2,0
261432,41339,2,2,0
172568,41340,2,0,2
3363088,41341,2,0,2
163144,41342,2,0,2
548952,41343,2,1,1
1024768,41344,2,2,0
293496,41345,2,1,1
501480,41346,2,1,1
271680,41347,2,0,2
315104,41348,2,0,2
3838520,41349,2,1,1
334680,41350,2,0,2
2559112,41351,2,1,1
2269672,41352,2,2,0
634760,41353,2,0,2
1106168,41354,2,2,0
893608,41355,2,2,0
144816,41356,2,2,0
105352,41357,2,1,1
462616,41358,2,1,1
676344,41359,2,0,2
281328,41360,2,1,1
112288,41361,2,1,1
2547504,41362,2,1,1
762616,41363,2,2,0
168280,41364,2,2,0
194120,41365,2,1,1
636888,41366,2,1,1
4665784,41367,2,1,1
818128,41368,2,0,2
934184,41369,2,1,1
1230912,41370,2,1,1
1710120,41371,2,1,1
363856,41372,2,2,0
722520,41373,2,0,2
916728,41374,2,2,0
1956616,41375,2,2,0
743664,41376,2,1,1
1622120,41377,2,2,0
515096,41378,2,2,0
1158280,41379,2,1,1
658752,41380,2,1,1
236752,41381,2,1,1
383024,41382,2,1,1
915880,41383,2,1,1
311000,41384,2,1,1
197664,41385,2,2,0
76664,41386,2,1,1
386104,41387,2,2,0
631632,41388,2,1,1
466456,41389,2,1,1
358056,41390,2,2,0
235232,41391,2,1,1
239080,41392,2,2,0
998408,41393,2,1,1
1446208,41394,2,1,1
271536,41395,2,1,1
94760,41396,2,1,1
144592,41397,2,1,1
197512,41398,2,1,1
286656,41399,2,2,0
409128,41400,2,1,1
555064,41401,2,1,1
85136,41402,2,0,2
2092936,41403,2,1,1
1902224,41404,2,1,1
286928,41405,2,1,1
43704,41406,2,0,2
259960,41407,2,0,2
256480,41408,2,0,2
105040,41409,2,1,1
429656,41410,2,1,1
90904,41411,2,1,1
1179888,41412,2,0,2
3659152,41413,2,0,2
684632,41414,2,1,1
341248,41415,2,1,1
640880,41416,2,1,1
132376,41417,2,1,1
1203304,41418,2,1,1
473552,41419,2,1,1
4720712,41420,2,0,2
1148608,41421,2,1,1
499112,41422,2,1,1
445368,41423,2,0,2
1112928,41424,2,2,0
1081920,41425,2,0,2
1191032,41426,2,0,2
1642528,41427,2,1,1
341144,41428,2,1,1
472792,41429,2,1,1
720048,41430,2,2,0
1492856,41431,2,0,2
887024,41432,2,0,2
203456,41433,2,2,0
1755200,41434,2,1,1
545528,41435,2,0,2
141568,41436,2,2,0
173592,41437,2,2,0
283720,41438,2,1,1
155248,41439,2,2,0
363112,41440,2,0,2
73832,41441,2,2,0
2673464,41442,2,0,2
589600,41443,2,1,1
624208,41444,2,0,2
289328,41445,2,1,1
6146064,41446,2,0,2
173992,41447,2,0,2
443440,41448,2,1,1
2034344,41449,2,0,2
872368,41450,2,1,1
1309416,41451,2,0,2
512256,41452,2,0,2
1315488,41453,2,2,0
1173952,41454,2,2,0
3574456,41455,2,2,0
933520,41456,2,1,1
2003216,41457,2,1,1
298720,41458,2,1,1
1655408,41459,2,2,0
184328,41460,2,2,0
1737512,41461,2,1,1
5771312,41462,2,0,2
538144,41463,2,1,1
2769080,41464,2,0,2
277200,41465,2,2,0
318696,41466,2,1,1
984720,41467,2,1,1
2493072,41468,2,1,1
303656,41469,2,2,0
119368,41470,2,2,0
543472,41471,2,0,2
1010152,41472,2,2,0
624840,41473,2,1,1
191592,41474,2,1,1
2888736,41475,2,1,1
169016,41476,2,1,1
451416,41477,2,2,0
520528,41478,2,0,2
1738352,41479,2,1,1
1085640,41480,2,1,1
337592,41481,2,2,0
74880,41482,2,1,1
1383968,41483,2,1,1
199152,41484,2,1,1
2697336,41485,2,1,1
188248,41486,2,0,2
230104,41487,2,0,2
404032,41488,2,0,2
1518680,41489,2,0,2
516176,41490,2,1,1
244296,41491,2,0,2
370200,41492,2,1,1
619680,41493,2,1,1
4295832,41494,2,2,0
468520,41495,2,0,2
123384,41496,2,0,2
645400,41497,2,2,0
479312,41498,2,1,1
296296,41499,2,1,1
187856,41500,2,0,2
906928,41501,2,0,2
816520,41502,2,1,1
439664,41503,2,0,2
1527376,41504,2,1,1
309368,41505,2,0,2
1066824,41506,2,1,1
811416,41507,2,1,1
152288,41508,2,2,0
134744,41509,2,2,0
74832,41510,2,1,1
2540800,41511,2,1,1
965200,41512,2,0,2
90120,41513,2,2,0
333720,41514,2,1,1
219992,41515,2,2,0
257168,41516,2,2,0
190392,41517,2,0,2
2144472,41518,2,0,2
318728,41519,2,1,1
509256,41520,2,1,1
241408,41521,2,0,2
1821288,41522,2,1,1
721160,41523,2,2,0
282984,41524,2,2,0
270480,41525,2,2,0
1705472,41526,2,1,1
2550160,41527,2,0,2
597968,41528,2,1,1
5623536,41529,2,1,1
1800848,41530,2,0,2
3475560,41531,2,1,1
1193008,41532,2,0,2
475568,41533,2,0,2
149272,41534,2,1,1
788096,41535,2,0,2
2544784,41536,2,1,1
151656,41537,2,1,1
713984,41538,2,1,1
440400,41539,2,1,1
319088,41540,2,0,2
825640,41541,2,1,1
1819200,41542,2,1,1
1301392,41543,2,0,2
4072720,41544,2,2,0
135536,41545,2,1,1
277528,41546,2,1,1
518112,41547,2,1,1
371688,41548,2,0,2
490216,41549,2,1,1
285272,41550,2,1,1
396448,41551,2,1,1
224792,41552,2,2,0
768920,41553,2,1,1
649288,41554,2,1,1
1862024,41555,2,1,1
399312,41556,2,0,2
3097488,41557,2,2,0
480632,41558,2,2,0
964272,41559,2,1,1
658232,41560,2,2,0
86592,41561,2,0,2
1124744,41562,2,1,1
109480,41563,2,2,0
2444232,41564,2,1,1
1037560,41565,2,2,0
4699968,41566,2,0,2
436432,41567,2,1,1
199432,41568,2,1,1
735728,41569,2,0,2
440688,41570,2,1,1
4958512,41571,2,2,0
4190976,41572,2,2,0
1335856,41573,2,1,1
523280,41574,2,2,0
366720,41575,2,0,2
74816,41576,2,2,0
251464,41577,2,1,1
1273056,41578,2,2,0
1048040,41579,2,2,0
3606584,41580,2,0,2
209288,41581,2,2,0
132096,41582,2,0,2
241504,41583,2,2,0
831448,41584,2,0,2
907096,41585,2,2,0
3342768,41586,2,2,0
1128640,41587,2,2,0
297904,41588,2,2,0
179200,41589,2,1,1
906944,41590,2,1,1
441184,41591,2,1,1
1413928,41592,2,1,1
122288,41593,2,1,1
2665872,41594,2,1,1
99184,41595,2,1,1
721608,41596,2,0,2
569808,41597,2,1,1
785440,41598,2,0,2
2501656,41599,2,1,1
122624,41600,2,0,2
453328,41601,2,1,1
220144,41602,2,0,2
432456,41603,2,1,1
1903520,41604,2,2,0
1372232,41605,2,0,2
2995496,41606,2,2,0
245560,41607,2,1,1
158920,41608,2,0,2
2919696,41609,2,1,1
318488,41610,2,0,2
405264,41611,2,1,1
364056,41612,2,1,1
2281232,41613,2,1,1
1634040,41614,2,0,2
209928,41615,2,2,0
767112,41616,2,0,2
592920,41617,2,2,0
2574560,41618,2,1,1
182720,41619,2,0,2
143392,41620,2,1,1
924880,41621,2,1,1
1743064,41622,2,1,1
257384,41623,2,1,1
8237128,41624,2,1,1
195192,41625,2,1,1
285440,41626,2,1,1
647072,41627,2,1,1
1012384,41628,2,0,2
7416840,41629,2,0,2
171696,41630,2,1,1
120736,41631,2,1,1
730896,41632,2,2,0
1841096,41633,2,1,1
1643112,41634,2,1,1
431208,41635,2,1,1
417328,41636,2,1,1
801144,41637,2,1,1
3093176,41638,2,1,1
4434224,41639,2,2,0
325176,41640,2,2,0
6304072,41641,2,2,0
139120,41642,2,2,0
393480,41643,2,0,2
1703312,41644,2,2,0
135808,41645,2,1,1
247592,41646,2,1,1
342472,41647,2,1,1
481432,41648,2,2,0
206760,41649,2,1,1
678128,41650,2,1,1
2170496,41651,2,2,0
1001448,41652,2,1,1
308424,41653,2,2,0
158704,41654,2,1,1
3441000,41655,2,1,1
1977984,41656,2,0,2
191192,41657,2,1,1
516472,41658,2,2,0
855616,41659,2,2,0
1115432,41660,2,1,1
439672,41661,2,0,2
1259016,41662,2,0,2
5075544,41663,2,0,2
912808,41664,2,2,0
1765040,41665,2,1,1
371424,41666,2,2,0
387352,41667,2,1,1
5660872,41668,2,2,0
188976,41669,2,1,1
2318896,41670,2,1,1
656920,41671,2,1,1
205416,41672,2,0,2
1312112,41673,2,2,0
396600,41674,2,1,1
316840,41675,2,1,1
272112,41676,2,1,1
96928,41677,2,1,1
7041704,41678,2,2,0
224624,41679,2,1,1
170432,41680,2,0,2
1403552,41681,2,0,2
451672,41682,2,1,1
2901088,41683,2,2,0
199864,41684,2,0,2
799944,41685,2,1,1
3705136,41686,2,1,1
328072,41687,2,1,1
1866864,41688,2,1,1
321144,41689,2,2,0
2103728,41690,2,1,1
615352,41691,2,1,1
4056048,41692,2,2,0
832064,41693,2,2,0
2744136,41694,2,0,2
8131400,41695,2,2,0
119576,41696,2,1,1
1226368,41697,2,0,2
2911216,41698,2,0,2
1199128,41699,2,1,1
1631808,41700,2,0,2
863464,41701,2,1,1
4245464,41702,2,1,1
198504,41703,2,1,1
1906408,41704,2,0,2
478448,41705,2,0,2
965456,41706,2,0,2
8268280,41707,2,0,2
316136,41708,2,1,1
383776,41709,2,0,2
1741088,41710,2,0,2
184392,41711,2,2,0
62880,41712,2,1,1
47016,41713,2,2,0
290736,41714,2,1,1
383080,41715,2,1,1
4073192,41716,2,1,1
537976,41717,2,0,2
2366576,41718,2,1,1
892640,41719,2,0,2
1720128,41720,2,2,0
435744,41721,2,1,1
2390472,41722,2,0,2
2734528,41723,2,2,0
209256,41724,2,0,2
357440,41725,2,1,1
178960,41726,2,2,0
976264,41727,2,2,0
1555248,41728,2,1,1
177568,41729,2,1,1
779480,41730,2,1,1
1631368,41731,2,2,0
249032,41732,2,1,1
177416,41733,2,1,1
167744,41734,2,2,0
343504,41735,2,2,0
352552,41736,2,0,2
320488,41737,2,0,2
1885944,41738,2,2,0
505024,41739,2,1,1
346392,41740,2,1,1
90096,41741,2,1,1
5169592,41742,2,2,0
554496,41743,2,1,1
956856,41744,2,1,1
209544,41745,2,2,0
592592,41746,2,2,0
689952,41747,2,0,2
1113192,41748,2,0,2
1309840,41749,2,1,1
184456,41750,2,1,1
778376,41751,2,1,1
304120,41752,2,2,0
120304,41753,2,0,2
1579120,41754,2,0,2
544944,41755,2,1,1
639584,41756,2,2,0
469720,41757,2,2,0
1295568,41758,2,0,2
379016,41759,2,1,1
221344,41760,2,1,1
5651432,41761,2,0,2
761288,41762,2,1,1
524368,41763,2,2,0
696960,41764,2,1,1
656776,41765,2,0,2
1429672,41766,2,0,2
349304,41767,2,1,1
430192,41768,2,2,0
2065384,41769,2,2,0
352384,41770,2,0,2
194312,41771,2,1,1
520464,41772,2,1,1
990504,41773,2,1,1
194360,41774,2,1,1
1287856,41775,2,1,1
168552,41776,2,1,1
174432,41777,2,2,0
731192,41778,2,1,1
418664,41779,2,2,0
136424,41780,2,0,2
319816,41781,2,1,1
491152,41782,2,0,2
5886480,41783,2,1,1
1373216,41784,2,1,1
224200,41785,2,1,1
2037944,41786,2,1,1
236112,41787,2,2,0
874968,41788,2,1,1
365072,41789,2,0,2
1490488,41790,2,1,1
6012136,41791,2,2,0
243984,41792,2,1,1
2416104,41793,2,2,0
3061336,41794,2,1,1
112160,41795,2,2,0
3662832,41796,2,0,2
4866608,41797,2,0,2
211496,41798,2,2,0
610704,41799,2,0,2
1090680,41800,2,1,1
212584,41801,2,0,2
1018816,41802,2,1,1
3648640,41803,2,1,1
1098328,41804,2,1,1
612744,41805,2,2,0
177728,41806,2,0,2
1944752,41807,2,1,1
193072,41808,2,1,1
511688,41809,2,0,2
937944,41810,2,1,1
1633568,41811,2,1,1
239240,41812,2,1,1
464120,41813,2,1,1
208336,41814,2,0,2
125488,41815,2,2,0
6099192,41816,2,0,2
256016,41817,2,2,0
4052808,41818,2,1,1
209184,41819,2,1,1
4515792,41820,2,1,1
215088,41821,2,1,1
955096,41822,2,0,2
291264,41823,2,2,0
1484896,41824,2,2,0
1060352,41825,2,0,2
867208,41826,2,2,0
317864,41827,2,1,1
4635000,41828,2,1,1
253544,41829,2,1,1
61568,41830,2,1,1
1093040,41831,2,1,1
1943504,41832,2,1,1
309576,41833,2,2,0
1859872,41834,2,1,1
2694152,41835,2,2,0
2606440,41836,2,2,0
2482448,41837,2,1,1
893016,41838,2,1,1
287392,41839,2,1,1
144584,41840,2,2,0
258968,41841,2,0,2
3467696,41842,2,1,1
386584,41843,2,0,2
123672,41844,2,1,1
2300560,41845,2,1,1
130880,41846,2,1,1
1067360,41847,2,1,1
545256,41848,2,2,0
4184808,41849,2,1,1
344584,41850,2,1,1
851640,41851,2,1,1
1434816,41852,2,0,2
449696,41853,2,1,1
704256,41854,2,1,1
149192,41855,2,2,0
527592,41856,2,1,1
428120,41857,2,0,2
275312,41858,2,0,2
447584,41859,2,0,2
169296,41860,2,0,2
659840,41861,2,0,2
145520,41862,2,2,0
98384,41863,2,2,0
1737192,41864,2,2,0
354040,41865,2,2,0
3146392,41866,2,2,0
1463128,41867,2,0,2
3784872,41868,2,2,0
239496,41869,2,1,1
1006376,41870,2,1,1
5716856,41871,2,1,1
2532264,41872,2,0,2
783192,41873,2,1,1
274680,41874,2,1,1
612632,41875,2,1,1
714312,41876,2,0,2
756640,41877,2,1,1
356336,41878,2,0,2
235192,41879,2,1,1
1325568,41880,2,0,2
803960,41881,2,1,1
127952,41882,2,0,2
672928,41883,2,2,0
7588992,41884,2,1,1
2285536,41885,2,1,1
1534240,41886,2,0,2
157872,41887,2,0,2
848368,41888,2,2,0
223352,41889,2,0,2
182984,41890,2,1,1
1086384,41891,2,0,2
501192,41892,2,1,1
109464,41893,2,2,0
3499584,41894,2,1,1
563328,41895,2,1,1
218648,41896,2,0,2
496872,41897,2,1,1
1134336,41898,2,1,1
436296,41899,2,0,2
467480,41900,2,1,1
1269544,41901,2,0,2
558328,41902,2,2,0
1217016,41903,2,0,2
568712,41904,2,1,1
7495608,41905,2,1,1
1588728,41906,2,0,2
97112,41907,2,0,2
3922752,41908,2,1,1
1668776,41909,2,2,0
137576,41910,2,1,1
1777288,41911,2,1,1
875128,41912,2,1,1
287992,41913,2,1,1
133576,41914,2,1,1
176264,41915,2,1,1
267384,41916,2,1,1
280288,41917,2,1,1
675840,41918,2,0,2
238168,41919,2,0,2
209080,41920,2,1,1
204584,41921,2,1,1
275392,41922,2,2,0
418096,41923,2,2,0
428952,41924,2,1,1
676008,41925,2,2,0
8316584,41926,2,1,1
3188344,41927,2,1,1
358472,41928,2,1,1
1748176,41929,2,1,1
755048,41930,2,0,2
360008,41931,2,1,1
667968,41932,2,1,1
292192,41933,2,0,2
751872,41934,2,0,2
1177688,41935,2,1,1
202640,41936,2,1,1
903280,41937,2,1,1
2701960,41938,2,1,1
318288,41939,2,1,1
210392,41940,2,0,2
278304,41941,2,1,1
209168,41942,2,2,0
560216,41943,2,2,0
75008,41944,2,0,2
2904136,41945,2,2,0
522352,41946,2,1,1
160736,41947,2,1,1
1319312,41948,2,2,0
626464,41949,2,0,2
836776,41950,2,2,0
4559536,41951,2,1,1
536664,41952,2,0,2
63048,41953,2,2,0
1994440,41954,2,0,2
907808,41955,2,0,2
1628760,41956,2,1,1
8162160,41957,2,1,1
701920,41958,2,2,0
78848,41959,2,0,2
604368,41960,2,0,2
2561192,41961,2,0,2
264128,41962,2,1,1
356144,41963,2,1,1
1474976,41964,2,1,1
166832,41965,2,1,1
596848,41966,2,1,1
386880,41967,2,0,2
314048,41968,2,0,2
784320,41969,2,0,2
5830928,41970,2,1,1
2373368,41971,2,1,1
391144,41972,2,2,0
413096,41973,2,1,1
378096,41974,2,1,1
365432,41975,2,2,0
1242984,41976,2,1,1
3269776,41977,2,0,2
1865304,41978,2,0,2
45928,41979,2,1,1
2090712,41980,2,0,2
1057248,41981,2,2,0
2398168,41982,2,2,0
2590464,41983,2,1,1
3229576,41984,2,2,0
802024,41985,2,0,2
7241736,41986,2,1,1
667264,41987,2,1,1
136992,41988,2,2,0
72256,41989,2,0,2
465536,41990,2,1,1
514432,41991,2,1,1
4518312,41992,2,1,1
149888,41993,2,0,2
360712,41994,2,1,1
404288,41995,2,2,0
210384,41996,2,0,2
5870984,41997,2,1,1
448520,41998,2,1,1
279208,41999,2,1,1
412848,42000,2,0,2
282384,42001,2,0,2
359040,42002,2,1,1
188864,42003,2,2,0
1347736,42004,2,0,2
7053288,42005,2,1,1
3666400,42006,2,0,2
745336,42007,2,0,2
129504,42008,2,1,1
388920,42009,2,2,0
3284256,42010,2,1,1
488656,42011,2,0,2
280240,42012,2,1,1
1055848,42013,2,2,0
130280,42014,2,1,1
532920,42015,2,2,0
708528,42016,2,0,2
2494152,42017,2,2,0
290624,42018,2,1,1
1084008,42019,2,0,2
689320,42020,2,0,2
5855896,42021,2,1,1
201488,42022,2,1,1
3019360,42023,2,0,2
344464,42024,2,1,1
806400,42025,2,2,0
3385240,42026,2,0,2
626168,42027,2,2,0
545440,42028,2,2,0
3005912,42029,2,1,1
3330120,42030,2,1,1
2196520,42031,2,0,2
325224,42032,2,1,1
709112,42033,2,0,2
1801240,42034,2,1,1
805472,42035,2,1,1
497952,42036,2,1,1
326272,42037,2,0,2
187992,42038,2,1,1
1034920,42039,2,0,2
226744,42040,2,2,0
253648,42041,2,2,0
4912544,42042,2,2,0
119272,42043,2,0,2
304920,42044,2,0,2
191952,42045,2,0,2
3993784,42046,2,0,2
533608,42047,2,1,1
82344,42048,2,1,1
6116144,42049,2,1,1
246096,42050,2,0,2
627192,42051,2,2,0
1141624,42052,2,0,2
498088,42053,2,0,2
7628616,42054,2,2,0
1002552,42055,2,2,0
259664,42056,2,1,1
508824,42057,2,0,2
886472,42058,2,1,1
298592,42059,2,1,1
251504,42060,2,2,0
1500992,42061,2,1,1
6049208,42062,2,1,1
230136,42063,2,1,1
977592,42064,2,0,2
729024,42065,2,1,1
467104,42066,2,1,1
360096,42067,2,1,1
212288,42068,2,2,0
2241808,42069,2,1,1
323168,42070,2,1,1
444224,42071,2,0,2
297448,42072,2,1,1
282520,42073,2,1,1
448208,42074,2,2,0
1164616,42075,2,2,0
713768,42076,2,1,1
1506168,42077,2,2,0
342272,42078,2,0,2
292560,42079,2,1,1
378912,42080,2,1,1
268448,42081,2,1,1
246904,42082,2,1,1
232416,42083,2,1,1
861312,42084,2,1,1
2948568,42085,2,2,0
517352,42086,2,2,0
338672,42087,2,1,1
1110080,42088,2,2,0
1397544,42089,2,2,0
323432,42090,2,1,1
1345144,42091,2,1,1
84032,42092,2,0,2
229848,42093,2,1,1
830728,42094,2,0,2
601816,42095,2,1,1
1421416,42096,2,2,0
198168,42097,2,1,1
4859032,42098,2,1,1
3624104,42099,2,0,2
4313888,42100,2,0,2
656328,42101,2,1,1
1073056,42102,2,0,2
375848,42103,2,2,0
101304,42104,2,1,1
931872,42105,2,0,2
644512,42106,2,0,2
1047664,42107,2,2,0
5949216,42108,2,0,2
102712,42109,2,2,0
599616,42110,2,1,1
1354776,42111,2,1,1
227120,42112,2,2,0
748048,42113,2,0,2
350808,42114,2,1,1
217192,42115,2,1,1
159424,42116,2,0,2
299968,42117,2,0,2
3313208,42118,2,2,0
744656,42119,2,1,1
1241760,42120,2,1,1
359744,42121,2,2,0
5204968,42122,2,1,1
294728,42123,2,0,2
4255048,42124,2,0,2
166672,42125,2,0,2
386072,42126,2,2,0
144288,42127,2,1,1
385944,42128,2,2,0
344920,42129,2,1,1
292616,42130,2,1,1
566648,42131,2,2,0
974472,42132,2,0,2
613992,42133,2,1,1
396336,42134,2,1,1
6091464,42135,2,0,2
348528,42136,2,1,1
1124528,42137,2,1,1
156128,42138,2,0,2
1312520,42139,2,1,1
2022072,42140,2,1,1
301624,42141,2,1,1
1736368,42142,2,1,1
1055008,42143,2,1,1
755472,42144,2,1,1
4095744,42145,2,1,1
2595872,42146,2,1,1
368944,42147,2,2,0
380808,42148,2,1,1
820888,42149,2,1,1
935040,42150,2,2,0
511008,42151,2,2,0
292816,42152,2,1,1
821304,42153,2,0,2
4180856,42154,2,1,1
403448,42155,2,2,0
147280,42156,2,2,0
3090496,42157,2,1,1
138128,42158,2,2,0
287016,42159,2,0,2
227408,42160,2,1,1
1350096,42161,2,1,1
1243344,42162,2,0,2
197048,42163,2,1,1
423280,42164,2,2,0
180960,42165,2,1,1
169048,42166,2,1,1
7477056,42167,2,2,0
650272,42168,2,2,0
3556112,42169,2,1,1
500240,42170,2,1,1
258240,42171,2,0,2
136136,42172,2,2,0
2424936,42173,2,1,1
312776,42174,2,1,1
2657896,42175,2,1,1
5281392,42176,2,1,1
273664,42177,2,2,0
324176,42178,2,0,2
2139816,42179,2,2,0
288840,42180,2,1,1
6978920,42181,2,1,1
769992,42182,2,1,1
1046600,42183,2,1,1
353160,42184,2,1,1
258744,42185,2,2,0
390488,42186,2,0,2
3963312,42187,2,1,1
408456,42188,2,1,1
1873328,42189,2,1,1
724328,42190,2,0,2
252048,42191,2,0,2
165072,42192,2,1,1
183072,42193,2,0,2
957704,42194,2,1,1
383504,42195,2,1,1
518792,42196,2,2,0
3062720,42197,2,1,1
4249056,42198,2,2,0
126120,42199,2,1,1
4608368,42200,2,1,1
237104,42201,2,0,2
7408392,42202,2,2,0
693224,42203,2,1,1
1506096,42204,2,1,1
126976,42205,2,2,0
268576,42206,2,1,1
435368,42207,2,0,2
235960,42208,2,0,2
139920,42209,2,1,1
146968,42210,2,2,0
421360,42211,2,1,1
342104,42212,2,1,1
1173280,42213,2,2,0
1148648,42214,2,2,0
150856,42215,2,0,2
4793656,42216,2,2,0
6641232,42217,2,1,1
2522888,42218,2,1,1
195056,42219,2,0,2
579704,42220,2,0,2
804800,42221,2,0,2
3109752,42222,2,0,2
1033104,42223,2,1,1
577464,42224,2,1,1
770304,42225,2,2,0
3585256,42226,2,0,2
985256,42227,2,2,0
242456,42228,2,0,2
350696,42229,2,2,0
231128,42230,2,1,1
3034480,42231,2,0,2
957432,42232,2,0,2
1611264,42233,2,0,2
3861032,42234,2,1,1
2624208,42235,2,1,1
80128,42236,2,2,0
844600,42237,2,1,1
928192,42238,2,0,2
1191280,42239,2,2,0
318520,42240,2,1,1
611856,42241,2,2,0
359896,42242,2,1,1
477872,42243,2,1,1
1715216,42244,2,0,2
2329160,42245,2,0,2
1993976,42246,2,0,2
4893880,42247,2,2,0
311664,42248,2,0,2
4697920,42249,2,1,1
633648,42250,2,1,1
320160,42251,2,2,0
986312,42252,2,1,1
272336,42253,2,0,2
116000,42254,2,0,2
5117456,42255,2,2,0
1352296,42256,2,1,1
199320,42257,2,0,2
357200,42258,2,1,1
463160,42259,2,1,1
219352,42260,2,1,1
228400,42261,2,0,2
1069264,42262,2,1,1
359648,42263,2,0,2
1289728,42264,2,1,1
175792,42265,2,0,2
1656448,42266,2,0,2
346376,42267,2,1,1
2532216,42268,2,1,1
441048,42269,2,1,1
618352,42270,2,0,2
1892312,42271,2,2,0
5979232,42272,2,1,1
2500864,42273,2,1,1
132424,42274,2,0,2
875512,42275,2,2,0
299040,42276,2,1,1
1361944,42277,2,1,1
2311760,42278,2,1,1
511800,42279,2,0,2
115360,42280,2,1,1
256760,42281,2,0,2
476128,42282,2,1,1
1491624,42283,2,1,1
186560,42284,2,0,2
742112,42285,2,0,2
1228696,42286,2,1,1
2968456,42287,2,1,1
253360,42288,2,1,1
244264,42289,2,0,2
6183904,42290,2,1,1
127264,42291,2,0,2
567504,42292,2,1,1
3049000,42293,2,0,2
139904,42294,2,2,0
1755472,42295,2,2,0
140888,42296,2,1,1
619384,42297,2,0,2
1809032,42298,2,0,2
8101984,42299,2,1,1
3440208,42300,2,2,0
124608,42301,2,1,1
157496,42302,2,0,2
142224,42303,2,2,0
443792,42304,2,1,1
1908544,42305,2,1,1
280144,42306,2,1,1
208848,42307,2,2,0
2118080,42308,2,1,1
166568,42309,2,0,2
5765184,42310,2,1,1
561040,42311,2,1,1
1980512,42312,2,1,1
3251312,42313,2,2,0
214952,42314,2,0,2
1884304,42315,2,1,1
1844400,42316,2,0,2
2486888,42317,2,1,1
119720,42318,2,0,2
278472,42319,2,1,1
180320,42320,2,2,0
517008,42321,2,2,0
649440,42322,2,1,1
1267520,42323,2,2,0
2746024,42324,2,1,1
324288,42325,2,1,1
2394736,42326,2,0,2
686976,42327,2,1,1
71272,42328,2,1,1
382088,42329,2,1,1
121016,42330,2,1,1
284592,42331,2,2,0
486336,42332,2,1,1
2446680,42333,2,0,2
495816,42334,2,2,0
435480,42335,2,0,2
7523856,42336,2,1,1
2925200,42337,2,2,0
697784,42338,2,2,0
5231056,42339,2,1,1
247584,42340,2,1,1
76008,42341,2,1,1
2671672,42342,2,1,1
1013928,42343,2,1,1
1010672,42344,2,1,1
2705600,42345,2,1,1
316224,42346,2,1,1
455240,42347,2,0,2
769192,42348,2,1,1
188096,42349,2,1,1
4167384,42350,2,1,1
118696,42351,2,2,0
3818464,42352,2,2,0
237032,42353,2,0,2
860760,42354,2,1,1
981104,42355,2,2,0
106192,42356,2,1,1
764040,42357,2,1,1
267128,42358,2,1,1
3250608,42359,2,1,1
3541128,42360,2,1,1
1112280,42361,2,0,2
297688,42362,2,2,0
158592,42363,2,1,1
5428240,42364,2,2,0
5665912,42365,2,2,0
1084472,42366,2,1,1
97456,42367,2,2,0
2233328,42368,2,1,1
253792,42369,2,1,1
1422568,42370,2,1,1
375984,42371,2,2,0
764792,42372,2,1,1
4254136,42373,2,1,1
2608912,42374,2,0,2
1290216,42375,2,2,0
134640,42376,2,2,0
759624,42377,2,2,0
187048,42378,2,2,0
391608,42379,2,1,1
2443984,42380,2,1,1
326072,42381,2,1,1
298296,42382,2,0,2
2179040,42383,2,1,1
795480,42384,2,1,1
706904,42385,2,0,2
1358704,42386,2,1,1
741872,42387,2,1,1
1380576,42388,2,2,0
152240,42389,2,1,1
898432,42390,2,0,2
226216,42391,2,0,2
82440,42392,2,0,2
6638816,42393,2,0,2
499872,42394,2,0,2
550280,42395,2,2,0
2328648,42396,2,1,1
406632,42397,2,2,0
1381960,42398,2,1,1
260488,42399,2,1,1
830352,42400,2,0,2
5581568,42401,2,1,1
392024,42402,2,0,2
7360648,42403,2,1,1
248968,42404,2,0,2
1102016,42405,2,2,0
263624,42406,2,1,1
513464,42407,2,1,1
352648,42408,2,1,1
366968,42409,2,0,2
2232240,42410,2,2,0
4380464,42411,2,1,1
375264,42412,2,1,1
254880,42413,2,0,2
2904128,42414,2,2,0
510160,42415,2,0,2
484232,42416,2,1,1
251024,42417,2,1,1
3482168,42418,2,2,0
1266728,42419,2,2,0
1731832,42420,2,0,2
1519384,42421,2,1,1
668040,42422,2,1,1
1865920,42423,2,1,1
343112,42424,2,2,0
3303960,42425,2,1,1
5559928,42426,2,2,0
200736,42427,2,1,1
148776,42428,2,0,2
516824,42429,2,2,0
871600,42430,2,1,1
805128,42431,2,1,1
2000608,42432,2,1,1
662480,42433,2,2,0
848208,42434,2,0,2
196968,42435,2,1,1
1333800,42436,2,2,0
256488,42437,2,2,0
509320,42438,2,2,0
8173616,42439,2,2,0
904960,42440,2,1,1
3449584,42441,2,2,0
2055440,42442,2,1,1
1431904,42443,2,0,2
402072,42444,2,2,0
272912,42445,2,1,1
565504,42446,2,0,2
2183072,42447,2,0,2
1190528,42448,2,1,1
877280,42449,2,2,0
356936,42450,2,0,2
916848,42451,2,1,1
151608,42452,2,2,0
849288,42453,2,1,1
81312,42454,2,1,1
356624,42455,2,1,1
1862048,42456,2,2,0
105784,42457,2,0,2
603912,42458,2,1,1
3193760,42459,2,1,1
202624,42460,2,2,0
180120,42461,2,1,1
195472,42462,2,1,1
3529912,42463,2,1,1
8127744,42464,2,1,1
1122368,42465,2,1,1
312616,42466,2,1,1
268968,42467,2,1,1
5513832,42468,2,0,2
605712,42469,2,0,2
605264,42470,2,1,1
296304,42471,2,1,1
792568,42472,2,1,1
2419976,42473,2,1,1
2851440,42474,2,1,1
406464,42475,2,1,1
1020640,42476,2,1,1
588536,42477,2,2,0
578032,42478,2,2,0
480072,42479,2,0,2
4927872,42480,2,1,1
540416,42481,2,0,2
474312,42482,2,0,2
321344,42483,2,1,1
1399984,42484,2,1,1
76272,42485,2,2,0
162216,42486,2,1,1
2540104,42487,2,0,2
609136,42488,2,2,0
469328,42489,2,1,1
392904,42490,2,2,0
110376,42491,2,1,1
2603440,42492,2,2,0
140392,42493,2,1,1
131808,42494,2,1,1
257808,42495,2,2,0
528360,42496,2,1,1
2782368,42497,2,1,1
272536,42498,2,2,0
325160,42499,2,1,1
1524112,42500,2,0,2
2190496,42501,2,2,0
1048616,42502,2,1,1
1819144,42503,2,2,0
838952,42504,2,1,1
689904,42505,2,1,1
299720,42506,2,2,0
975536,42507,2,1,1
173800,42508,2,0,2
2147408,42509,2,1,1
568904,42510,2,2,0
1375592,42511,2,1,1
701792,42512,2,1,1
361288,42513,2,1,1
295504,42514,2,1,1
4537840,42515,2,0,2
1752200,42516,2,0,2
809088,42517,2,1,1
5145424,42518,2,1,1
225320,42519,2,2,0
587048,42520,2,1,1
394384,42521,2,1,1
431824,42522,2,0,2
150080,42523,2,2,0
1827704,42524,2,0,2
1418264,42525,2,1,1
293400,42526,2,1,1
675096,42527,2,1,1
686080,42528,2,1,1
5141200,42529,2,0,2
1053160,42530,2,2,0
1779472,42531,2,1,1
731744,42532,2,1,1
2278824,42533,2,0,2
148528,42534,2,2,0
7259568,42535,2,2,0
3220824,42536,2,1,1
272008,42537,2,2,0
677376,42538,2,0,2
269848,42539,2,1,1
613504,42540,2,1,1
491520,42541,2,2,0
425328,42542,2,1,1
1367272,42543,2,2,0
2794624,42544,2,1,1
449736,42545,2,1,1
2830208,42546,2,2,0
2150320,42547,2,1,1
409784,42548,2,1,1
450264,42549,2,1,1
529392,42550,2,2,0
776664,42551,2,2,0
543784,42552,2,1,1
2276568,42553,2,2,0
678520,42554,2,0,2
2532536,42555,2,0,2
276256,42556,2,1,1
278648,42557,2,1,1
668120,42558,2,0,2
687472,42559,2,0,2
876008,42560,2,0,2
454856,42561,2,2,0
135976,42562,2,1,1
754032,42563,2,1,1
1380432,42564,2,0,2
882160,42565,2,2,0
342976,42566,2,1,1
469032,42567,2,0,2
99072,42568,2,0,2
122400,42569,2,0,2
823440,42570,2,2,0
152464,42571,2,1,1
752712,42572,2,1,1
372160,42573,2,1,1
4112456,42574,2,1,1
214488,42575,2,1,1
467704,42576,2,0,2
228816,42577,2,0,2
380384,42578,2,1,1
4866680,42579,2,1,1
207816,42580,2,0,2
566504,42581,2,1,1
4096056,42582,2,1,1
348352,42583,2,2,0
238920,42584,2,1,1
363616,42585,2,1,1
132600,42586,2,1,1
229112,42587,2,2,0
437520,42588,2,0,2
261528,42589,2,0,2
990520,42590,2,1,1
2004264,42591,2,1,1
3615600,42592,2,1,1
5376656,42593,2,1,1
1456352,42594,2,0,2
757816,42595,2,0,2
5369312,42596,2,0,2
1025696,42597,2,1,1
117160,42598,2,2,0
95192,42599,2,0,2
123600,42600,2,2,0
166328,42601,2,1,1
268256,42602,2,1,1
252872,42603,2,1,1
324504,42604,2,1,1
460272,42605,2,0,2
798264,42606,2,2,0
378256,42607,2,2,0
1046704,42608,2,0,2
234272,42609,2,0,2
213432,42610,2,1,1
351112,42611,2,1,1
90496,42612,2,1,1
187184,42613,2,1,1
4867384,42614,2,1,1
366744,42615,2,2,0
1117728,42616,2,0,2
2228400,42617,2,0,2
611040,42618,2,1,1
261616,42619,2,1,1
774632,42620,2,1,1
1686344,42621,2,0,2
351464,42622,2,1,1
178680,42623,2,1,1
4848944,42624,2,1,1
4957048,42625,2,2,0
3039872,42626,2,0,2
482240,42627,2,2,0
986440,42628,2,0,2
2851832,42629,2,1,1
227720,42630,2,1,1
80704,42631,2,1,1
233184,42632,2,1,1
1809064,42633,2,2,0
1242416,42634,2,2,0
959920,42635,2,0,2
419592,42636,2,1,1
591744,42637,2,1,1
808064,42638,2,0,2
1338608,42639,2,1,1
478032,42640,2,2,0
442040,42641,2,1,1
148096,42642,2,2,0
438120,42643,2,1,1
774336,42644,2,1,1
148560,42645,2,0,2
258272,42646,2,1,1
869160,42647,2,1,1
736120,42648,2,1,1
722760,42649,2,1,1
2113672,42650,2,1,1
101208,42651,2,1,1
1303008,42652,2,2,0
281032,42653,2,1,1
100152,42654,2,2,0
3705648,42655,2,0,2
466464,42656,2,2,0
1156344,42657,2,1,1
85888,42658,2,2,0
685728,42659,2,1,1
57992,42660,2,2,0
352368,42661,2,1,1
675408,42662,2,2,0
224944,42663,2,0,2
70568,42664,2,1,1
2629984,42665,2,1,1
361424,42666,2,2,0
544464,42667,2,1,1
676112,42668,2,0,2
2215872,42669,2,2,0
1533880,42670,2,2,0
691056,42671,2,1,1
754992,42672,2,2,0
3710096,42673,2,1,1
647096,42674,2,1,1
985696,42675,2,2,0
57032,42676,2,0,2
209576,42677,2,1,1
3905328,42678,2,0,2
185120,42679,2,2,0
1504896,42680,2,1,1
562352,42681,2,1,1
180088,42682,2,2,0
382352,42683,2,1,1
922712,42684,2,1,1
494272,42685,2,1,1
1051280,42686,2,1,1
423424,42687,2,1,1
6081760,42688,2,1,1
205936,42689,2,1,1
290496,42690,2,0,2
494096,42691,2,1,1
384488,42692,2,2,0
1247640,42693,2,0,2
4878088,42694,2,0,2
6065344,42695,2,2,0
1151456,42696,2,1,1
226880,42697,2,1,1
101880,42698,2,1,1
346520,42699,2,2,0
2446272,42700,2,2,0
206888,42701,2,1,1
776232,42702,2,2,0
1257216,42703,2,1,1
143432,42704,2,1,1
573072,42705,2,1,1
885264,42706,2,1,1
402408,42707,2,0,2
415192,42708,2,0,2
1005712,42709,2,0,2
177376,42710,2,1,1
3518344,42711,2,0,2
5654768,42712,2,1,1
627176,42713,2,2,0
198424,42714,2,2,0
2057680,42715,2,2,0
950664,42716,2,0,2
680000,42717,2,0,2
743280,42718,2,1,1
396272,42719,2,0,2
356456,42720,2,1,1
559824,42721,2,1,1
8384472,42722,2,1,1
143264,42723,2,1,1
4835072,42724,2,0,2
611608,42725,2,0,2
3758176,42726,2,2,0
4412208,42727,2,0,2
147552,42728,2,1,1
575768,42729,2,0,2
1469896,42730,2,2,0
143752,42731,2,1,1
400384,42732,2,1,1
319192,42733,2,2,0
430688,42734,2,1,1
251688,42735,2,0,2
244536,42736,2,1,1
5236336,42737,2,2,0
794776,42738,2,1,1
224480,42739,2,2,0
599304,42740,2,1,1
910536,42741,2,0,2
5557272,42742,2,1,1
399096,42743,2,2,0
4962904,42744,2,1,1
5157880,42745,2,1,1
224448,42746,2,0,2
1138808,42747,2,0,2
363752,42748,2,1,1
1682192,42749,2,1,1
266896,42750,2,1,1
1226712,42751,2,0,2
214000,42752,2,1,1
387648,42753,2,0,2
6750784,42754,2,0,2
666888,42755,2,1,1
567000,42756,2,2,0
1222216,42757,2,0,2
196848,42758,2,1,1
2043824,42759,2,0,2
296432,42760,2,1,1
395496,42761,2,0,2
1030824,42762,2,2,0
2578320,42763,2,0,2
4885960,42764,2,2,0
161056,42765,2,0,2
513776,42766,2,1,1
225704,42767,2,1,1
6391480,42768,2,1,1
362296,42769,2,1,1
3791152,42770,2,1,1
1887424,42771,2,0,2
167456,42772,2,1,1
917288,42773,2,0,2
659392,42774,2,1,1
364024,42775,2,1,1
650920,42776,2,1,1
500328,42777,2,2,0
1613944,42778,2,1,1
781328,42779,2,0,2
231952,42780,2,1,1
8196624,42781,2,1,1
702680,42782,2,2,0
5665032,42783,2,1,1
127496,42784,2,0,2
497960,42785,2,1,1
133800,42786,2,0,2
191896,42787,2,1,1
588896,42788,2,0,2
112352,42789,2,1,1
437736,42790,2,0,2
269744,42791,2,0,2
377720,42792,2,1,1
579768,42793,2,1,1
286768,42794,2,0,2
132904,42795,2,1,1
368936,42796,2,2,0
737672,42797,2,1,1
5120144,42798,2,0,2
134056,42799,2,0,2
877912,42800,2,2,0
3746936,42801,2,0,2
519624,42802,2,2,0
1418344,42803,2,0,2
1272088,42804,2,2,0
635568,42805,2,1,1
193656,42806,2,1,1
908456,42807,2,0,2
5539064,42808,2,1,1
537528,42809,2,1,1
2262136,42810,2,0,2
1661280,42811,2,0,2
306464,42812,2,1,1
2574016,42813,2,1,1
483688,42814,2,1,1
222216,42815,2,2,0
827000,42816,2,0,2
2213880,42817,2,1,1
345680,42818,2,1,1
143488,42819,2,1,1
869544,42820,2,1,1
65488,42821,2,2,0
1058792,42822,2,2,0
370632,42823,2,1,1
238744,42824,2,0,2
752200,42825,2,1,1
1115280,42826,2,1,1
1874200,42827,2,2,0
1677192,42828,2,1,1
1421568,42829,2,1,1
209704,42830,2,0,2
514272,42831,2,0,2
930040,42832,2,2,0
183000,42833,2,0,2
490952,42834,2,0,2
542248,42835,2,2,0
1084560,42836,2,2,0
434072,42837,2,1,1
2447192,42838,2,1,1
4190424,42839,2,2,0
491392,42840,2,1,1
1087680,42841,2,0,2
286528,42842,2,0,2
652128,42843,2,1,1
2664440,42844,2,0,2
270248,42845,2,1,1
4573760,42846,2,1,1
1763216,42847,2,1,1
1882760,42848,2,1,1
2580536,42849,2,1,1
1372744,42850,2,1,1
307496,42851,2,0,2
4482568,42852,2,2,0
1333968,42853,2,2,0
153304,42854,2,2,0
381168,42855,2,1,1
304216,42856,2,1,1
83272,42857,2,1,1
1794304,42858,2,1,1
263928,42859,2,0,2
1491640,42860,2,1,1
3683464,42861,2,2,0
182520,42862,2,1,1
1128400,42863,2,1,1
254688,42864,2,0,2
794232,42865,2,1,1
190472,42866,2,2,0
116552,42867,2,0,2
605040,42868,2,1,1
163656,42869,2,1,1
762736,42870,2,1,1
370560,42871,2,1,1
193720,42872,2,2,0
156032,42873,2,2,0
138960,42874,2,0,2
3798088,42875,2,1,1
2585936,42876,2,2,0
5061336,42877,2,2,0
2073216,42878,2,1,1
980776,42879,2,2,0
183592,42880,2,2,0
96304,42881,2,2,0
259120,42882,2,2,0
1444304,42883,2,0,2
636688,42884,2,2,0
279128,42885,2,1,1
2898728,42886,2,0,2
483392,42887,2,2,0
3609824,42888,2,2,0
1680880,42889,2,0,2
281248,42890,2,0,2
84176,42891,2,0,2
105024,42892,2,0,2
1485248,42893,2,1,1
551512,42894,2,0,2
158856,42895,2,0,2
230472,42896,2,1,1
800544,42897,2,1,1
1577216,42898,2,0,2
270344,42899,2,1,1
814160,42900,2,1,1
900784,42901,2,1,1
1171536,42902,2,0,2
560360,42903,2,2,0
640536,42904,2,0,2
479600,42905,2,2,0
394264,42906,2,2,0
718152,42907,2,1,1
4123000,42908,2,2,0
114592,42909,2,0,2
176376,42910,2,0,2
1127888,42911,2,1,1
488152,42912,2,0,2
2119304,42913,2,0,2
709392,42914,2,1,1
284048,42915,2,1,1
503848,42916,2,2,0
1904944,42917,2,0,2
921272,42918,2,1,1
1703888,42919,2,1,1
935488,42920,2,0,2
323440,42921,2,1,1
185440,42922,2,0,2
610072,42923,2,1,1
6393008,42924,2,2,0
539472,42925,2,2,0
1024264,42926,2,1,1
261984,42927,2,0,2
440616,42928,2,0,2
249544,42929,2,2,0
214232,42930,2,1,1
2825272,42931,2,2,0
152184,42932,2,1,1
865536,42933,2,1,1
2112392,42934,2,1,1
454336,42935,2,1,1
124888,42936,2,1,1
837200,42937,2,1,1
787024,42938,2,0,2
2627184,42939,2,0,2
1139144,42940,2,1,1
514976,42941,2,2,0
396936,42942,2,2,0
312208,42943,2,1,1
823600,42944,2,2,0
173208,42945,2,1,1
409648,42946,2,1,1
133240,42947,2,2,0
1859120,42948,2,2,0
5235320,42949,2,1,1
2038504,42950,2,0,2
113624,42951,2,1,1
494840,42952,2,0,2
420448,42953,2,1,1
358944,42954,2,0,2
1189480,42955,2,1,1
161312,42956,2,1,1
130120,42957,2,2,0
1077544,42958,2,1,1
281264,42959,2,2,0
3291832,42960,2,2,0
8225080,42961,2,0,2
7469984,42962,2,2,0
103136,42963,2,1,1
537440,42964,2,1,1
2662312,42965,2,1,1
245344,42966,2,1,1
778296,42967,2,0,2
248712,42968,2,1,1
1002824,42969,2,1,1
1094680,42970,2,0,2
131896,42971,2,1,1
727448,42972,2,2,0
4440944,42973,2,1,1
418216,42974,2,1,1
390680,42975,2,2,0
2297208,42976,2,2,0
591568,42977,2,1,1
2894168,42978,2,0,2
231112,42979,2,0,2
2394888,42980,2,1,1
104088,42981,2,1,1
867168,42982,2,2,0
167264,42983,2,2,0
368520,42984,2,0,2
567680,42985,2,0,2
285016,42986,2,0,2
846952,42987,2,1,1
98752,42988,2,2,0
217488,42989,2,1,1
2239384,42990,2,0,2
1166280,42991,2,2,0
814880,42992,2,2,0
655208,42993,2,0,2
1536368,42994,2,1,1
1404576,42995,2,2,0
4746624,42996,2,2,0
4447992,42997,2,1,1
342336,42998,2,1,1
551008,42999,2,1,1
369376,43000,2,1,1
2150360,43001,2,1,1
1049024,43002,2,2,0
928216,43003,2,1,1
3701472,43004,2,1,1
868344,43005,2,1,1
300376,43006,2,1,1
275800,43007,2,2,0
1035736,43008,2,1,1
161240,43009,2,0,2
3123592,43010,2,1,1
516872,43011,2,1,1
456456,43012,2,1,1
328520,43013,2,2,0
765696,43014,2,0,2
350488,43015,2,1,1
308008,43016,2,1,1
191360,43017,2,2,0
493544,43018,2,1,1
178920,43019,2,1,1
1204024,43020,2,0,2
337192,43021,2,2,0
134400,43022,2,1,1
239352,43023,2,1,1
224888,43024,2,1,1
1615096,43025,2,1,1
243080,43026,2,2,0
549936,43027,2,1,1
4273200,43028,2,2,0
180160,43029,2,1,1
495224,43030,2,0,2
1809840,43031,2,0,2
1446600,43032,2,1,1
1759208,43033,2,1,1
934040,43034,2,1,1
1193816,43035,2,0,2
343840,43036,2,1,1
1619432,43037,2,2,0
5243480,43038,2,1,1
5083656,43039,2,1,1
226872,43040,2,1,1
3470712,43041,2,1,1
438816,43042,2,0,2
236168,43043,2,1,1
669712,43044,2,1,1
303776,43045,2,1,1
7456344,43046,2,0,2
893544,43047,2,1,1
161800,43048,2,0,2
4198912,43049,2,1,1
1547264,43050,2,0,2
1451496,43051,2,0,2
706368,43052,2,1,1
443400,43053,2,0,2
707880,43054,2,1,1
72496,43055,2,1,1
840520,43056,2,1,1
1211168,43057,2,0,2
264632,43058,2,1,1
118040,43059,2,0,2
240184,43060,2,2,0
518544,43061,2,1,1
1108192,43062,2,2,0
1231104,43063,2,0,2
1849624,43064,2,1,1
1206576,43065,2,1,1
462992,43066,2,0,2
92824,43067,2,0,2
848256,43068,2,2,0
533928,43069,2,0,2
353392,43070,2,1,1
286872,43071,2,1,1
310712,43072,2,0,2
4802456,43073,2,1,1
501608,43074,2,1,1
231536,43075,2,2,0
576832,43076,2,0,2
380176,43077,2,2,0
104664,43078,2,2,0
1306688,43079,2,2,0
810216,43080,2,1,1
183952,43081,2,1,1
783984,43082,2,1,1
197200,43083,2,1,1
3966944,43084,2,1,1
1441640,43085,2,1,1
3531400,43086,2,1,1
2537776,43087,2,0,2
1280888,43088,2,1,1
986384,43089,2,1,1
1306144,43090,2,1,1
1686208,43091,2,2,0
1760144,43092,2,1,1
150800,43093,2,1,1
297928,43094,2,1,1
339464,43095,2,0,2
2144024,43096,2,1,1
402520,43097,2,1,1
273496,43098,2,1,1
165904,43099,2,2,0
231728,43100,2,1,1
2406672,43101,2,0,2
2079600,43102,2,2,0
227832,43103,2,0,2
825312,43104,2,0,2
751400,43105,2,2,0
395368,43106,2,2,0
107584,43107,2,1,1
189400,43108,2,1,1
365008,43109,2,0,2
2298800,43110,2,1,1
6002640,43111,2,1,1
580600,43112,2,1,1
988920,43113,2,2,0
841520,43114,2,2,0
2600432,43115,2,2,0
738800,43116,2,1,1
296032,43117,2,1,1
383000,43118,2,1,1
699776,43119,2,0,2
525040,43120,2,1,1
1030144,43121,2,0,2
1380152,43122,2,0,2
239328,43123,2,0,2
1432064,43124,2,0,2
193504,43125,2,1,1
2031184,43126,2,1,1
719640,43127,2,2,0
400264,43128,2,2,0
1523656,43129,2,1,1
1732688,43130,2,0,2
307808,43131,2,1,1
620528,43132,2,1,1
2708216,43133,2,2,0
233256,43134,2,2,0
1316424,43135,2,0,2
214160,43136,2,2,0
113080,43137,2,1,1
310584,43138,2,2,0
634480,43139,2,1,1
205288,43140,2,1,1
329784,43141,2,1,1
758664,43142,2,1,1
516328,43143,2,2,0
1871040,43144,2,2,0
2927736,43145,2,0,2
3766080,43146,2,0,2
973624,43147,2,2,0
101536,43148,2,1,1
414544,43149,2,0,2
1590800,43150,2,1,1
144568,43151,2,2,0
2088792,43152,2,1,1
898360,43153,2,2,0
181744,43154,2,2,0
4244936,43155,2,2,0
99808,43156,2,0,2
336208,43157,2,1,1
779968,43158,2,2,0
2429360,43159,2,0,2
178936,43160,2,1,1
635784,43161,2,1,1
162144,43162,2,1,1
463168,43163,2,1,1
7170080,43164,2,0,2
447824,43165,2,1,1
1601424,43166,2,2,0
932032,43167,2,1,1
167040,43168,2,0,2
3802904,43169,2,2,0
640224,43170,2,1,1
764400,43171,2,1,1
529656,43172,2,0,2
235304,43173,2,2,0
219624,43174,2,0,2
403032,43175,2,1,1
113184,43176,2,2,0
2827064,43177,2,2,0
1345040,43178,2,1,1
733328,43179,2,1,1
465352,43180,2,2,0
3384664,43181,2,1,1
4930264,43182,2,1,1
373600,43183,2,1,1
166960,43184,2,1,1
519072,43185,2,0,2
300072,43186,2,1,1
6101448,43187,2,1,1
1518000,43188,2,1,1
2781056,43189,2,0,2
908744,43190,2,1,1
1593800,43191,2,0,2
3140520,43192,2,1,1
599280,43193,2,2,0
553064,43194,2,0,2
1161112,43195,2,1,1
6388088,43196,2,1,1
212800,43197,2,2,0
322952,43198,2,2,0
811576,43199,2,1,1
316680,43200,2,1,1
560576,43201,2,1,1
164680,43202,2,1,1
887112,43203,2,2,0
117416,43204,2,2,0
506384,43205,2,0,2
1201672,43206,2,1,1
740536,43207,2,0,2
1362864,43208,2,0,2
319448,43209,2,0,2
548592,43210,2,0,2
84088,43211,2,2,0
136944,43212,2,1,1
117112,43213,2,2,0
311360,43214,2,1,1
4310256,43215,2,1,1
472624,43216,2,2,0
1047192,43217,2,2,0
269568,43218,2,0,2
176488,43219,2,0,2
701536,43220,2,1,1
6699344,43221,2,2,0
822192,43222,2,0,2
1668328,43223,2,1,1
274080,43224,2,2,0
1624320,43225,2,2,0
73360,43226,2,1,1
1547160,43227,2,1,1
190640,43228,2,1,1
413904,43229,2,0,2
272488,43230,2,1,1
1131376,43231,2,0,2
1159280,43232,2,1,1
188272,43233,2,0,2
1542112,43234,2,0,2
539400,43235,2,1,1
221848,43236,2,0,2
64240,43237,2,1,1
59392,43238,2,2,0
3606992,43239,2,0,2
848240,43240,2,1,1
410984,43241,2,0,2
107848,43242,2,1,1
261600,43243,2,0,2
136904,43244,2,1,1
453600,43245,2,1,1
173008,43246,2,1,1
255600,43247,2,2,0
101840,43248,2,0,2
2127832,43249,2,1,1
678680,43250,2,2,0
1792704,43251,2,0,2
1198536,43252,2,1,1
307320,43253,2,1,1
293560,43254,2,1,1
215248,43255,2,2,0
342864,43256,2,2,0
202648,43257,2,1,1
88200,43258,2,2,0
857376,43259,2,1,1
496520,43260,2,1,1
1579816,43261,2,1,1
3382952,43262,2,2,0
1107944,43263,2,2,0
87072,43264,2,0,2
1685408,43265,2,2,0
384528,43266,2,1,1
3282584,43267,2,1,1
110312,43268,2,1,1
207064,43269,2,0,2
636584,43270,2,2,0
344408,43271,2,1,1
652440,43272,2,1,1
2571416,43273,2,2,0
2922544,43274,2,1,1
439848,43275,2,2,0
487808,43276,2,2,0
1342296,43277,2,1,1
269280,43278,2,1,1
4126616,43279,2,2,0
169288,43280,2,2,0
734320,43281,2,0,2
794088,43282,2,0,2
296096,43283,2,1,1
3503488,43284,2,0,2
3568104,43285,2,1,1
787400,43286,2,1,1
3510600,43287,2,1,1
774992,43288,2,1,1
631800,43289,2,1,1
2127528,43290,2,1,1
511000,43291,2,1,1
1781160,43292,2,1,1
339632,43293,2,1,1
370032,43294,2,0,2
5589456,43295,2,1,1
272080,43296,2,2,0
5264200,43297,2,0,2
244432,43298,2,0,2
1670256,43299,2,2,0
130960,43300,2,1,1
6144896,43301,2,1,1
260264,43302,2,1,1
352296,43303,2,1,1
192704,43304,2,1,1
351344,43305,2,1,1
886088,43306,2,1,1
118352,43307,2,1,1
691552,43308,2,1,1
81304,43309,2,1,1
265424,43310,2,0,2
1125544,43311,2,2,0
421520,43312,2,1,1
145216,43313,2,1,1
486904,43314,2,1,1
1326648,43315,2,1,1
807440,43316,2,1,1
163528,43317,2,1,1
600800,43318,2,0,2
1048048,43319,2,0,2
2427544,43320,2,1,1
148240,43321,2,1,1
506032,43322,2,2,0
56816,43323,2,0,2
463000,43324,2,2,0
894952,43325,2,2,0
525952,43326,2,2,0
1263520,43327,2,1,1
703696,43328,2,0,2
254616,43329,2,2,0
166848,43330,2,1,1
190720,43331,2,1,1
595968,43332,2,0,2
1006688,43333,2,1,1
1767016,43334,2,1,1
315896,43335,2,2,0
436896,43336,2,0,2
442208,43337,2,1,1
125408,43338,2,1,1
554368,43339,2,1,1
174456,43340,2,1,1
94904,43341,2,1,1
1209248,43342,2,1,1
4809768,43343,2,2,0
1051112,43344,2,1,1
711160,43345,2,0,2
516816,43346,2,1,1
703608,43347,2,2,0
109688,43348,2,0,2
637848,43349,2,1,1
340896,43350,2,1,1
2869848,43351,2,0,2
110648,43352,2,2,0
1997976,43353,2,1,1
509736,43354,2,0,2
146912,43355,2,1,1
708464,43356,2,1,1
4387072,43357,2,0,2
7693472,43358,2,0,2
86488,43359,2,1,1
2308640,43360,2,1,1
2726520,43361,2,0,2
388072,43362,2,2,0
352912,43363,2,1,1
190136,43364,2,2,0
627560,43365,2,2,0
243280,43366,2,1,1
240032,43367,2,0,2
80648,43368,2,1,1
61208,43369,2,1,1
401248,43370,2,0,2
155608,43371,2,2,0
459528,43372,2,1,1
237040,43373,2,1,1
1133552,43374,2,2,0
253024,43375,2,0,2
707336,43376,2,2,0
2544504,43377,2,1,1
357776,43378,2,2,0
1380080,43379,2,2,0
69320,43380,2,0,2
1607696,43381,2,1,1
244928,43382,2,1,1
434152,43383,2,2,0
1683176,43384,2,2,0
983720,43385,2,1,1
63416,43386,2,2,0
418536,43387,2,0,2
599432,43388,2,1,1
2754544,43389,2,2,0
1537528,43390,2,0,2
723616,43391,2,0,2
3261328,43392,2,1,1
2364168,43393,2,0,2
273800,43394,2,1,1
296936,43395,2,1,1
1331232,43396,2,2,0
261760,43397,2,1,1
87368,43398,2,0,2
624320,43399,2,2,0
159728,43400,2,1,1
732904,43401,2,2,0
93592,43402,2,2,0
860192,43403,2,0,2
212224,43404,2,0,2
3377872,43405,2,0,2
299152,43406,2,1,1
411632,43407,2,0,2
194376,43408,2,2,0
810696,43409,2,2,0
2536688,43410,2,0,2
2239824,43411,2,0,2
818248,43412,2,1,1
423912,43413,2,1,1
2852848,43414,2,2,0
409400,43415,2,1,1
5147400,43416,2,2,0
260888,43417,2,1,1
1194784,43418,2,0,2
1308560,43419,2,1,1
833464,43420,2,1,1
5335680,43421,2,1,1
2392904,43422,2,2,0
496096,43423,2,1,1
280232,43424,2,2,0
370792,43425,2,0,2
846232,43426,2,0,2
4932672,43427,2,1,1
119168,43428,2,1,1
5111064,43429,2,0,2
198984,43430,2,0,2
950960,43431,2,2,0
2714912,43432,2,2,0
625184,43433,2,2,0
689200,43434,2,1,1
388408,43435,2,2,0
7003256,43436,2,1,1
1147184,43437,2,2,0
237552,43438,2,0,2
228984,43439,2,1,1
219936,43440,2,1,1
5053760,43441,2,1,1
126456,43442,2,0,2
3278320,43443,2,2,0
1959368,43444,2,1,1
200680,43445,2,2,0
926688,43446,2,1,1
745064,43447,2,0,2
310048,43448,2,1,1
398320,43449,2,2,0
973000,43450,2,1,1
606632,43451,2,1,1
132384,43452,2,1,1
3405576,43453,2,1,1
688800,43454,2,2,0
341400,43455,2,0,2
166360,43456,2,1,1
400080,43457,2,2,0
355696,43458,2,1,1
385696,43459,2,0,2
2421768,43460,2,0,2
5961624,43461,2,2,0
331576,43462,2,1,1
2322176,43463,2,1,1
984432,43464,2,0,2
73800,43465,2,1,1
682040,43466,2,2,0
404576,43467,2,1,1
606672,43468,2,1,1
702224,43469,2,0,2
182224,43470,2,1,1
132192,43471,2,1,1
134584,43472,2,1,1
262320,43473,2,1,1
346568,43474,2,0,2
782208,43475,2,1,1
554832,43476,2,0,2
256320,43477,2,1,1
5321104,43478,2,2,0
403272,43479,2,0,2
90504,43480,2,1,1
189840,43481,2,2,0
1318904,43482,2,2,0
953336,43483,2,1,1
449824,43484,2,1,1
6980880,43485,2,1,1
297744,43486,2,2,0
2539776,43487,2,1,1
520440,43488,2,0,2
708800,43489,2,1,1
301952,43490,2,1,1
388864,43491,2,1,1
512480,43492,2,1,1
1077120,43493,2,0,2
400680,43494,2,1,1
7557032,43495,2,1,1
954112,43496,2,2,0
107672,43497,2,0,2
3116464,43498,2,0,2
2709936,43499,2,2,0
536000,43500,2,2,0
1256608,43501,2,1,1
1319552,43502,2,0,2
78024,43503,2,2,0
112328,43504,2,1,1
264760,43505,2,1,1
6652408,43506,2,2,0
318592,43507,2,0,2
172048,43508,2,2,0
166680,43509,2,1,1
243936,43510,2,1,1
2328408,43511,2,1,1
943296,43512,2,1,1
3030952,43513,2,1,1
2614608,43514,2,1,1
464216,43515,2,1,1
78592,43516,2,0,2
1405624,43517,2,1,1
480928,43518,2,1,1
118096,43519,2,0,2
519040,43520,2,2,0
559448,43521,2,1,1
792464,43522,2,1,1
205992,43523,2,0,2
848744,43524,2,1,1
510736,43525,2,1,1
3968384,43526,2,1,1
1035280,43527,2,1,1
1392728,43528,2,0,2
178600,43529,2,1,1
194608,43530,2,0,2
3047224,43531,2,1,1
548528,43532,2,1,1
653984,43533,2,1,1
2117984,43534,2,1,1
1974920,43535,2,0,2
497792,43536,2,0,2
451976,43537,2,2,0
296872,43538,2,1,1
372640,43539,2,0,2
1030200,43540,2,0,2
177432,43541,2,2,0
889568,43542,2,1,1
290832,43543,2,1,1
61120,43544,2,1,1
4754152,43545,2,1,1
716752,43546,2,1,1
326608,43547,2,2,0
429272,43548,2,0,2
103416,43549,2,1,1
295088,43550,2,2,0
234008,43551,2,0,2
2813944,43552,2,1,1
969304,43553,2,0,2
591448,43554,2,0,2
323320,43555,2,2,0
301488,43556,2,1,1
159648,43557,2,1,1
189456,43558,2,2,0
1291648,43559,2,2,0
261144,43560,2,0,2
3797936,43561,2,2,0
222056,43562,2,1,1
2053168,43563,2,1,1
1950784,43564,2,1,1
315200,43565,2,0,2
643208,43566,2,1,1
202208,43567,2,0,2
2764056,43568,2,1,1
7217544,43569,2,1,1
918112,43570,2,0,2
137096,43571,2,1,1
208224,43572,2,2,0
765960,43573,2,1,1
156776,43574,2,0,2
739720,43575,2,0,2
710360,43576,2,1,1
6785240,43577,2,0,2
136928,43578,2,1,1
304904,43579,2,2,0
217096,43580,2,1,1
5633560,43581,2,0,2
701496,43582,2,0,2
201480,43583,2,1,1
792504,43584,2,2,0
225280,43585,2,1,1
649432,43586,2,2,0
476064,43587,2,1,1
676696,43588,2,2,0
698344,43589,2,0,2
466504,43590,2,2,0
6224216,43591,2,1,1
251752,43592,2,2,0
789896,43593,2,1,1
692496,43594,2,1,1
877448,43595,2,1,1
398952,43596,2,1,1
487120,43597,2,1,1
5124624,43598,2,0,2
1978560,43599,2,1,1
113616,43600,2,1,1
326288,43601,2,0,2
2873512,43602,2,1,1
852784,43603,2,1,1
880944,43604,2,1,1
2420032,43605,2,1,1
640232,43606,2,1,1
3328768,43607,2,0,2
992576,43608,2,1,1
438464,43609,2,2,0
1755536,43610,2,1,1
281232,43611,2,0,2
187920,43612,2,2,0
473808,43613,2,1,1
363072,43614,2,0,2
7692392,43615,2,2,0
150720,43616,2,0,2
144416,43617,2,0,2
1827064,43618,2,1,1
362640,43619,2,1,1
2796960,43620,2,2,0
700672,43621,2,2,0
251192,43622,2,2,0
195592,43623,2,1,1
8139336,43624,2,1,1
210208,43625,2,1,1
3658584,43626,2,1,1
2097448,43627,2,2,0
379712,43628,2,1,1
111688,43629,2,1,1
255856,43630,2,0,2
131016,43631,2,2,0
5369480,43632,2,0,2
283592,43633,2,1,1
1289312,43634,2,2,0
3046472,43635,2,2,0
881384,43636,2,2,0
352664,43637,2,0,2
1025408,43638,2,1,1
7765592,43639,2,0,2
347464,43640,2,2,0
6982576,43641,2,2,0
861240,43642,2,0,2
748400,43643,2,0,2
289064,43644,2,2,0
1238376,43645,2,1,1
315576,43646,2,0,2
1927616,43647,2,1,1
455368,43648,2,1,1
1730720,43649,2,1,1
229896,43650,2,1,1
148632,43651,2,1,1
3283952,43652,2,2,0
210888,43653,2,0,2
313032,43654,2,0,2
145960,43655,2,2,0
608008,43656,2,1,1
784152,43657,2,1,1
106664,43658,2,2,0
673752,43659,2,2,0
217584,43660,2,1,1
1096376,43661,2,0,2
100832,43662,2,2,0
286976,43663,2,1,1
330104,43664,2,1,1
729488,43665,2,1,1
587000,43666,2,2,0
404208,43667,2,2,0
2229184,43668,2,2,0
1632112,43669,2,1,1
2785400,43670,2,0,2
915968,43671,2,1,1
188520,43672,2,0,2
223512,43673,2,1,1
327640,43674,2,2,0
456736,43675,2,0,2
56456,43676,2,2,0
1054224,43677,2,1,1
711952,43678,2,1,1
725560,43679,2,1,1
3122072,43680,2,1,1
4101416,43681,2,2,0
155456,43682,2,1,1
250824,43683,2,1,1
1395424,43684,2,2,0
634912,43685,2,0,2
479552,43686,2,2,0
1457048,43687,2,1,1
149160,43688,2,0,2
848656,43689,2,1,1
865776,43690,2,2,0
396080,43691,2,1,1
128552,43692,2,2,0
185832,43693,2,1,1
257856,43694,2,0,2
1454152,43695,2,2,0
1704112,43696,2,1,1
2660008,43697,2,1,1
329280,43698,2,0,2
212888,43699,2,2,0
4903176,43700,2,1,1
1045840,43701,2,0,2
381608,43702,2,2,0
3386584,43703,2,2,0
2160296,43704,2,0,2
142072,43705,2,1,1
1199352,43706,2,1,1
439928,43707,2,1,1
307616,43708,2,1,1
3419616,43709,2,2,0
5263000,43710,2,0,2
532592,43711,2,1,1
389480,43712,2,2,0
2479296,43713,2,0,2
710416,43714,2,1,1
212024,43715,2,2,0
312104,43716,2,0,2
1684576,43717,2,0,2
860736,43718,2,1,1
149952,43719,2,2,0
255784,43720,2,2,0
1100336,43721,2,0,2
939984,43722,2,1,1
399760,43723,2,1,1
338080,43724,2,2,0
139488,43725,2,1,1
372952,43726,2,1,1
846560,43727,2,2,0
851392,43728,2,2,0
579544,43729,2,1,1
264664,43730,2,1,1
594488,43731,2,2,0
3704008,43732,2,1,1
203280,43733,2,0,2
1850192,43734,2,1,1
145392,43735,2,2,0
316536,43736,2,1,1
576584,43737,2,1,1
490152,43738,2,1,1
152624,43739,2,1,1
88272,43740,2,2,0
937120,43741,2,0,2
287928,43742,2,1,1
921952,43743,2,1,1
247248,43744,2,2,0
354168,43745,2,0,2
1232192,43746,2,0,2
4949312,43747,2,1,1
254656,43748,2,0,2
170584,43749,2,2,0
2776632,43750,2,1,1
115768,43751,2,0,2
784952,43752,2,1,1
781528,43753,2,0,2
1799480,43754,2,1,1
96344,43755,2,2,0
186440,43756,2,1,1
390656,43757,2,1,1
996072,43758,2,0,2
5183576,43759,2,2,0
1243288,43760,2,2,0
625704,43761,2,1,1
2316656,43762,2,0,2
5983832,43763,2,0,2
45264,43764,2,1,1
136048,43765,2,2,0
105232,43766,2,0,2
3765456,43767,2,1,1
1408424,43768,2,0,2
3163672,43769,2,2,0
455560,43770,2,1,1
7124384,43771,2,2,0
130208,43772,2,1,1
781352,43773,2,2,0
3753368,43774,2,1,1
561144,43775,2,0,2
760136,43776,2,2,0
3786240,43777,2,0,2
314872,43778,2,0,2
5991368,43779,2,2,0
176120,43780,2,2,0
113752,43781,2,2,0
6409232,43782,2,2,0
113024,43783,2,1,1
127248,43784,2,2,0
1084920,43785,2,2,0
497056,43786,2,2,0
2624168,43787,2,2,0
619192,43788,2,1,1
312856,43789,2,1,1
2538216,43790,2,0,2
616880,43791,2,0,2
1478840,43792,2,1,1
2030576,43793,2,0,2
868152,43794,2,1,1
489672,43795,2,0,2
2716104,43796,2,1,1
304480,43797,2,1,1
2208488,43798,2,1,1
208064,43799,2,1,1
202504,43800,2,2,0
1020880,43801,2,0,2
216008,43802,2,0,2
797528,43803,2,2,0
1247632,43804,2,1,1
414632,43805,2,2,0
1279288,43806,2,1,1
2345336,43807,2,1,1
821920,43808,2,2,0
258464,43809,2,1,1
1258568,43810,2,2,0
493040,43811,2,1,1
232728,43812,2,1,1
1380832,43813,2,0,2
1373136,43814,2,0,2
2270888,43815,2,1,1
1039440,43816,2,2,0
315712,43817,2,1,1
454520,43818,2,0,2
439520,43819,2,1,1
596936,43820,2,0,2
1818880,43821,2,0,2
834624,43822,2,2,0
2033056,43823,2,2,0
345816,43824,2,2,0
580648,43825,2,2,0
5356536,43826,2,1,1
6922424,43827,2,2,0
917080,43828,2,1,1
161792,43829,2,2,0
1793584,43830,2,1,1
1031392,43831,2,0,2
247616,43832,2,0,2
106704,43833,2,1,1
143760,43834,2,2,0
1604616,43835,2,1,1
547056,43836,2,0,2
365344,43837,2,0,2
785504,43838,2,2,0
1450400,43839,2,1,1
181800,43840,2,1,1
793056,43841,2,2,0
8059552,43842,2,1,1
3704056,43843,2,1,1
365920,43844,2,0,2
911560,43845,2,1,1
311832,43846,2,0,2
48016,43847,2,1,1
316872,43848,2,1,1
537776,43849,2,2,0
588976,43850,2,1,1
697264,43851,2,2,0
1067544,43852,2,1,1
590904,43853,2,2,0
527696,43854,2,0,2
851296,43855,2,2,0
220584,43856,2,1,1
4985688,43857,2,1,1
318184,43858,2,1,1
1291264,43859,2,1,1
861400,43860,2,2,0
503288,43861,2,0,2
2181632,43862,2,2,0
1288104,43863,2,1,1
5399912,43864,2,1,1
1203256,43865,2,2,0
804120,43866,2,2,0
263056,43867,2,0,2
297808,43868,2,1,1
2726048,43869,2,0,2
61352,43870,2,1,1
1348256,43871,2,1,1
654792,43872,2,1,1
1882920,43873,2,2,0
451824,43874,2,2,0
408656,43875,2,1,1
128128,43876,2,1,1
595896,43877,2,0,2
1266864,43878,2,1,1
140160,43879,2,0,2
146728,43880,2,2,0
914304,43881,2,1,1
277480,43882,2,2,0
758696,43883,2,2,0
796024,43884,2,1,1
244272,43885,2,0,2
163072,43886,2,1,1
417000,43887,2,1,1
274184,43888,2,0,2
231088,43889,2,0,2
50872,43890,2,1,1
198936,43891,2,1,1
1102416,43892,2,1,1
1817712,43893,2,0,2
354760,43894,2,1,1
327728,43895,2,1,1
5178352,43896,2,1,1
527920,43897,2,2,0
1468640,43898,2,1,1
1173200,43899,2,1,1
214096,43900,2,2,0
1879416,43901,2,1,1
393320,43902,2,0,2
626624,43903,2,2,0
579144,43904,2,1,1
744568,43905,2,1,1
2476280,43906,2,2,0
1447096,43907,2,2,0
494080,43908,2,1,1
319480,43909,2,0,2
904816,43910,2,2,0
491848,43911,2,0,2
524464,43912,2,2,0
2002800,43913,2,2,0
220824,43914,2,1,1
691536,43915,2,1,1
206256,43916,2,1,1
331680,43917,2,0,2
1520992,43918,2,0,2
369192,43919,2,2,0
6510504,43920,2,1,1
1325584,43921,2,1,1
2148472,43922,2,0,2
877760,43923,2,0,2
289672,43924,2,2,0
1056704,43925,2,2,0
275536,43926,2,0,2
1857760,43927,2,1,1
1683392,43928,2,2,0
133496,43929,2,1,1
1213376,43930,2,2,0
807128,43931,2,0,2
964024,43932,2,2,0
632152,43933,2,1,1
300056,43934,2,0,2
757336,43935,2,2,0
800216,43936,2,0,2
1706024,43937,2,1,1
2883504,43938,2,1,1
318768,43939,2,1,1
588288,43940,2,2,0
3131552,43941,2,1,1
372200,43942,2,1,1
666840,43943,2,1,1
687712,43944,2,0,2
504640,43945,2,1,1
308624,43946,2,0,2
117240,43947,2,0,2
293968,43948,2,1,1
1608536,43949,2,0,2
519800,43950,2,0,2
337064,43951,2,1,1
50144,43952,2,2,0
2819360,43953,2,1,1
1359336,43954,2,1,1
154056,43955,2,2,0
293056,43956,2,1,1
213904,43957,2,1,1
376112,43958,2,1,1
3992928,43959,2,2,0
1537224,43960,2,0,2
229912,43961,2,2,0
128280,43962,2,1,1
433936,43963,2,1,1
3204056,43964,2,1,1
399816,43965,2,2,0
345016,43966,2,1,1
1462464,43967,2,1,1
141776,43968,2,1,1
5162184,43969,2,0,2
1506536,43970,2,1,1
848448,43971,2,1,1
2258544,43972,2,1,1
322800,43973,2,2,0
666432,43974,2,1,1
196128,43975,2,1,1
346064,43976,2,0,2
136752,43977,2,1,1
195264,43978,2,1,1
213752,43979,2,1,1
1277296,43980,2,1,1
357128,43981,2,2,0
551624,43982,2,0,2
3720176,43983,2,1,1
293000,43984,2,2,0
264008,43985,2,0,2
152936,43986,2,1,1
427008,43987,2,1,1
1607928,43988,2,2,0
1864368,43989,2,2,0
1871064,43990,2,1,1
1892376,43991,2,1,1
2106432,43992,2,1,1
361144,43993,2,1,1
158200,43994,2,0,2
296784,43995,2,2,0
752976,43996,2,0,2
193920,43997,2,2,0
3017872,43998,2,0,2
1676896,43999,2,1,1
438360,44000,2,0,2
329936,44001,2,1,1
1081624,44002,2,1,1
1295816,44003,2,1,1
918608,44004,2,2,0
1425784,44005,2,0,2
1267768,44006,2,0,2
3896416,44007,2,1,1
4289336,44008,2,1,1
3636128,44009,2,1,1
1105928,44010,2,2,0
473584,44011,2,1,1
287384,44012,2,1,1
1137056,44013,2,1,1
946288,44014,2,0,2
2143400,44015,2,0,2
385808,44016,2,1,1
1658336,44017,2,2,0
2490480,44018,2,0,2
203544,44019,2,1,1
214048,44020,2,0,2
6649776,44021,2,0,2
1082720,44022,2,1,1
530024,44023,2,2,0
3583560,44024,2,1,1
335048,44025,2,1,1
115592,44026,2,1,1
250440,44027,2,1,1
537784,44028,2,0,2
219912,44029,2,0,2
165448,44030,2,1,1
1337312,44031,2,0,2
905456,44032,2,0,2
1363608,44033,2,1,1
135600,44034,2,0,2
414280,44035,2,2,0
110928,44036,2,2,0
848536,44037,2,1,1
1018088,44038,2,2,0
1719408,44039,2,2,0
139064,44040,2,2,0
567800,44041,2,2,0
7763040,44042,2,2,0
2007280,44043,2,1,1
125576,44044,2,1,1
547672,44045,2,0,2
769016,44046,2,0,2
2880624,44047,2,1,1
782720,44048,2,2,0
1255528,44049,2,1,1
670336,44050,2,0,2
3013280,44051,2,2,0
1580704,44052,2,1,1
245536,44053,2,0,2
1144336,44054,2,1,1
960864,44055,2,1,1
171960,44056,2,1,1
444920,44057,2,1,1
525600,44058,2,1,1
4146176,44059,2,2,0
491008,44060,2,2,0
250560,44061,2,2,0
438208,44062,2,1,1
1332720,44063,2,2,0
3638496,44064,2,1,1
214184,44065,2,1,1
1597760,44066,2,0,2
99000,44067,2,2,0
291736,44068,2,1,1
281104,44069,2,1,1
2025168,44070,2,1,1
418040,44071,2,1,1
4110144,44072,2,0,2
932784,44073,2,1,1
570432,44074,2,1,1
4331016,44075,2,1,1
638000,44076,2,1,1
353800,44077,2,0,2
691656,44078,2,1,1
1685192,44079,2,1,1
409848,44080,2,0,2
667456,44081,2,1,1
6583648,44082,2,2,0
1463112,44083,2,1,1
2503504,44084,2,0,2
810152,44085,2,1,1
2619832,44086,2,1,1
388136,44087,2,2,0
787008,44088,2,1,1
326832,44089,2,2,0
272224,44090,2,1,1
149392,44091,2,1,1
511264,44092,2,1,1
252744,44093,2,0,2
1725800,44094,2,1,1
431104,44095,2,2,0
530680,44096,2,1,1
81568,44097,2,2,0
437232,44098,2,1,1
2497944,44099,2,2,0
94704,44100,2,0,2
641240,44101,2,2,0
555832,44102,2,2,0
696920,44103,2,1,1
7629328,44104,2,1,1
105664,44105,2,1,1
1249568,44106,2,1,1
61792,44107,2,1,1
189720,44108,2,1,1
5033424,44109,2,0,2
256088,44110,2,1,1
157920,44111,2,2,0
402392,44112,2,1,1
267744,44113,2,2,0
5850080,44114,2,2,0
89984,44115,2,0,2
294392,44116,2,0,2
877192,44117,2,2,0
77400,44118,2,1,1
1924120,44119,2,2,0
3900960,44120,2,1,1
2634808,44121,2,0,2
7471816,44122,2,1,1
150576,44123,2,2,0
895872,44124,2,2,0
774488,44125,2,0,2
2634656,44126,2,1,1
308080,44127,2,2,0
741496,44128,2,1,1
1215304,44129,2,0,2
552624,44130,2,2,0
613200,44131,2,2,0
4425304,44132,2,2,0
418712,44133,2,1,1
649464,44134,2,1,1
5286720,44135,2,2,0
2037664,44136,2,1,1
3058704,44137,2,1,1
608368,44138,2,1,1
542912,44139,2,2,0
553448,44140,2,1,1
236400,44141,2,0,2
1091440,44142,2,0,2
205136,44143,2,1,1
3973216,44144,2,0,2
459808,44145,2,1,1
1145112,44146,2,1,1
416928,44147,2,1,1
192296,44148,2,0,2
2324472,44149,2,1,1
193544,44150,2,2,0
116096,44151,2,0,2
271480,44152,2,1,1
242984,44153,2,0,2
1540200,44154,2,0,2
5093976,44155,2,2,0
2395880,44156,2,1,1
1082264,44157,2,1,1
1103704,44158,2,2,0
565280,44159,2,1,1
520144,44160,2,1,1
3431536,44161,2,2,0
1030352,44162,2,2,0
4799416,44163,2,1,1
2499704,44164,2,0,2
460760,44165,2,0,2
127120,44166,2,0,2
2054984,44167,2,1,1
3255088,44168,2,1,1
487304,44169,2,0,2
229832,44170,2,2,0
493104,44171,2,2,0
1567320,44172,2,0,2
2153064,44173,2,0,2
1182568,44174,2,1,1
206664,44175,2,0,2
726544,44176,2,1,1
1239640,44177,2,2,0
129528,44178,2,2,0
1450672,44179,2,1,1
2451000,44180,2,2,0
3417960,44181,2,1,1
310160,44182,2,1,1
1078432,44183,2,0,2
8146392,44184,2,0,2
149168,44185,2,0,2
828504,44186,2,1,1
340720,44187,2,1,1
3873968,44188,2,2,0
1849168,44189,2,1,1
204296,44190,2,0,2
2711440,44191,2,0,2
3102056,44192,2,0,2
411256,44193,2,1,1
87544,44194,2,2,0
52456,44195,2,1,1
2266992,44196,2,2,0
571656,44197,2,0,2
2117352,44198,2,1,1
290784,44199,2,1,1
187424,44200,2,0,2
209144,44201,2,1,1
3569824,44202,2,1,1
172464,44203,2,2,0
677936,44204,2,0,2
1165280,44205,2,1,1
362888,44206,2,0,2
93160,44207,2,1,1
7385672,44208,2,2,0
111432,44209,2,2,0
480096,44210,2,2,0
246160,44211,2,1,1
3939592,44212,2,0,2
1923776,44213,2,1,1
360720,44214,2,2,0
973632,44215,2,1,1
214832,44216,2,2,0
197008,44217,2,1,1
2441304,44218,2,0,2
974256,44219,2,2,0
635848,44220,2,0,2
417752,44221,2,2,0
1527904,44222,2,0,2
630752,44223,2,0,2
750944,44224,2,2,0
283680,44225,2,1,1
433712,44226,2,1,1
166872,44227,2,0,2
121440,44228,2,1,1
1865976,44229,2,1,1
6377832,44230,2,1,1
1570488,44231,2,1,1
303072,44232,2,2,0
148416,44233,2,2,0
718360,44234,2,1,1
656768,44235,2,0,2
249472,44236,2,0,2
133104,44237,2,2,0
212560,44238,2,2,0
170480,44239,2,1,1
358592,44240,2,1,1
354984,44241,2,1,1
110520,44242,2,0,2
227696,44243,2,1,1
6047944,44244,2,2,0
3058160,44245,2,1,1
200104,44246,2,1,1
304296,44247,2,2,0
985024,44248,2,2,0
2660200,44249,2,2,0
252336,44250,2,0,2
158968,44251,2,0,2
162016,44252,2,1,1
467384,44253,2,1,1
209824,44254,2,2,0
688760,44255,2,2,0
1731048,44256,2,0,2
615144,44257,2,2,0
1234640,44258,2,1,1
3288008,44259,2,1,1
1548808,44260,2,2,0
543936,44261,2,2,0
933208,44262,2,0,2
475320,44263,2,0,2
3156928,44264,2,0,2
4706520,44265,2,0,2
632096,44266,2,1,1
121168,44267,2,1,1
219424,44268,2,0,2
196224,44269,2,1,1
279384,44270,2,1,1
176928,44271,2,1,1
204376,44272,2,1,1
1305296,44273,2,2,0
139008,44274,2,1,1
173616,44275,2,1,1
840200,44276,2,1,1
2370192,44277,2,2,0
162696,44278,2,1,1
1030560,44279,2,0,2
630424,44280,2,2,0
1502304,44281,2,1,1
2631576,44282,2,0,2
412200,44283,2,1,1
210704,44284,2,1,1
1982536,44285,2,1,1
339544,44286,2,2,0
1089704,44287,2,1,1
403080,44288,2,2,0
157912,44289,2,1,1
1209592,44290,2,1,1
254832,44291,2,1,1
470152,44292,2,0,2
156528,44293,2,1,1
457968,44294,2,1,1
655568,44295,2,1,1
620096,44296,2,2,0
115016,44297,2,2,0
209592,44298,2,2,0
115904,44299,2,0,2
720024,44300,2,0,2
792880,44301,2,1,1
988008,44302,2,1,1
1803608,44303,2,1,1
860328,44304,2,1,1
1533296,44305,2,0,2
229664,44306,2,1,1
1645088,44307,2,2,0
558624,44308,2,1,1
1172440,44309,2,2,0
422968,44310,2,0,2
3844280,44311,2,1,1
168000,44312,2,1,1
124912,44313,2,0,2
490408,44314,2,2,0
986160,44315,2,1,1
170056,44316,2,1,1
3423560,44317,2,0,2
436688,44318,2,1,1
517600,44319,2,1,1
3957984,44320,2,0,2
328016,44321,2,1,1
1176200,44322,2,2,0
363568,44323,2,0,2
1954688,44324,2,0,2
2869504,44325,2,2,0
349392,44326,2,1,1
1396552,44327,2,1,1
618936,44328,2,0,2
1092992,44329,2,0,2
1161712,44330,2,0,2
7965248,44331,2,1,1
1853160,44332,2,1,1
1032056,44333,2,1,1
364272,44334,2,1,1
238056,44335,2,2,0
1417528,44336,2,0,2
361440,44337,2,0,2
257816,44338,2,2,0
778016,44339,2,1,1
118464,44340,2,0,2
454144,44341,2,0,2
6628456,44342,2,2,0
1324608,44343,2,2,0
669544,44344,2,1,1
4091784,44345,2,2,0
658792,44346,2,2,0
384768,44347,2,1,1
435912,44348,2,1,1
167928,44349,2,2,0
249176,44350,2,0,2
184648,44351,2,1,1
54328,44352,2,1,1
184120,44353,2,2,0
4759896,44354,2,2,0
1594088,44355,2,1,1
341136,44356,2,1,1
1046064,44357,2,2,0
1392864,44358,2,1,1
551288,44359,2,2,0
544960,44360,2,2,0
1123072,44361,2,1,1
1075568,44362,2,1,1
415568,44363,2,1,1
4859280,44364,2,0,2
323584,44365,2,0,2
1167312,44366,2,2,0
362312,44367,2,1,1
601824,44368,2,1,1
118512,44369,2,1,1
69768,44370,2,1,1
629224,44371,2,1,1
3340656,44372,2,1,1
6076000,44373,2,0,2
741904,44374,2,2,0
1075960,44375,2,1,1
406280,44376,2,0,2
1246192,44377,2,1,1
854752,44378,2,2,0
805080,44379,2,2,0
1000480,44380,2,1,1
301232,44381,2,0,2
192824,44382,2,1,1
185776,44383,2,2,0
2018456,44384,2,1,1
1941208,44385,2,0,2
1305152,44386,2,2,0
274144,44387,2,1,1
171408,44388,2,1,1
3749656,44389,2,0,2
3004064,44390,2,0,2
1342536,44391,2,1,1
453504,44392,2,1,1
1914472,44393,2,0,2
319952,44394,2,2,0
118152,44395,2,2,0
188984,44396,2,1,1
1540344,44397,2,0,2
2279008,44398,2,1,1
501848,44399,2,0,2
920480,44400,2,0,2
129784,44401,2,0,2
55536,44402,2,1,1
1779088,44403,2,1,1
915232,44404,2,2,0
295712,44405,2,0,2
193152,44406,2,2,0
264792,44407,2,1,1
349136,44408,2,0,2
393312,44409,2,0,2
703472,44410,2,1,1
339976,44411,2,0,2
1028752,44412,2,1,1
273184,44413,2,1,1
295256,44414,2,1,1
3694464,44415,2,0,2
2272536,44416,2,2,0
5653824,44417,2,1,1
610120,44418,2,1,1
121632,44419,2,1,1
354184,44420,2,1,1
153704,44421,2,2,0
2652952,44422,2,1,1
586072,44423,2,2,0
268352,44424,2,1,1
1919664,44425,2,1,1
4377192,44426,2,0,2
1076992,44427,2,1,1
4209336,44428,2,2,0
943544,44429,2,1,1
178632,44430,2,2,0
410424,44431,2,1,1
442136,44432,2,0,2
1937560,44433,2,2,0
511144,44434,2,1,1
252976,44435,2,1,1
328128,44436,2,1,1
60736,44437,2,1,1
500992,44438,2,1,1
317096,44439,2,2,0
219640,44440,2,1,1
837736,44441,2,1,1
378456,44442,2,2,0
204216,44443,2,1,1
1541568,44444,2,2,0
246656,44445,2,2,0
327024,44446,2,2,0
741344,44447,2,0,2
1296280,44448,2,0,2
195904,44449,2,1,1
260776,44450,2,0,2
894880,44451,2,0,2
193536,44452,2,0,2
5317560,44453,2,2,0
103320,44454,2,2,0
1634984,44455,2,1,1
135392,44456,2,1,1
1015368,44457,2,2,0
448064,44458,2,1,1
237208,44459,2,0,2
1110696,44460,2,2,0
113000,44461,2,1,1
2761840,44462,2,1,1
230000,44463,2,1,1
280256,44464,2,0,2
1077280,44465,2,2,0
2572064,44466,2,1,1
563592,44467,2,1,1
168984,44468,2,1,1
829272,44469,2,1,1
361608,44470,2,2,0
1815616,44471,2,0,2
203872,44472,2,1,1
1400216,44473,2,1,1
1113672,44474,2,2,0
685112,44475,2,0,2
336800,44476,2,1,1
298800,44477,2,1,1
829424,44478,2,2,0
881544,44479,2,1,1
263656,44480,2,2,0
6611472,44481,2,2,0
3492488,44482,2,0,2
200648,44483,2,1,1
3022120,44484,2,0,2
1494696,44485,2,0,2
98456,44486,2,2,0
2955928,44487,2,1,1
1597600,44488,2,1,1
818368,44489,2,2,0
442320,44490,2,2,0
1073784,44491,2,0,2
2804160,44492,2,1,1
372904,44493,2,1,1
250240,44494,2,1,1
448552,44495,2,1,1
332792,44496,2,1,1
216656,44497,2,1,1
662696,44498,2,1,1
902600,44499,2,2,0
422552,44500,2,1,1
176416,44501,2,0,2
438528,44502,2,2,0
254136,44503,2,1,1
2192712,44504,2,1,1
3995408,44505,2,2,0
3768600,44506,2,2,0
306808,44507,2,1,1
66264,44508,2,2,0
355728,44509,2,0,2
265448,44510,2,2,0
1853824,44511,2,1,1
604760,44512,2,1,1
200144,44513,2,2,0
248408,44514,2,1,1
213256,44515,2,0,2
1235480,44516,2,2,0
491560,44517,2,0,2
393872,44518,2,0,2
6097080,44519,2,1,1
598624,44520,2,0,2
764640,44521,2,2,0
2987472,44522,2,1,1
1102032,44523,2,1,1
801544,44524,2,1,1
722024,44525,2,1,1
693760,44526,2,1,1
8276272,44527,2,1,1
5373760,44528,2,2,0
351312,44529,2,0,2
1454760,44530,2,0,2
617552,44531,2,1,1
1006184,44532,2,0,2
2393360,44533,2,2,0
186264,44534,2,2,0
2416152,44535,2,1,1
2811960,44536,2,0,2
268008,44537,2,2,0
531184,44538,2,2,0
1402504,44539,2,1,1
2966904,44540,2,0,2
1483360,44541,2,1,1
4600440,44542,2,1,1
194960,44543,2,1,1
6837360,44544,2,2,0
789480,44545,2,2,0
322208,44546,2,0,2
6617736,44547,2,1,1
1987264,44548,2,0,2
78128,44549,2,0,2
255704,44550,2,2,0
211904,44551,2,1,1
617088,44552,2,0,2
433032,44553,2,0,2
1064976,44554,2,1,1
1382448,44555,2,0,2
1823992,44556,2,1,1
125336,44557,2,0,2
251368,44558,2,1,1
137736,44559,2,1,1
4397456,44560,2,1,1
434808,44561,2,1,1
1397528,44562,2,0,2
806432,44563,2,2,0
261152,44564,2,2,0
491856,44565,2,0,2
320808,44566,2,1,1
318680,44567,2,1,1
95080,44568,2,2,0
1086048,44569,2,1,1
270272,44570,2,1,1
1234096,44571,2,1,1
1159392,44572,2,0,2
2212424,44573,2,1,1
487048,44574,2,1,1
156960,44575,2,1,1
2689088,44576,2,1,1
296280,44577,2,0,2
446272,44578,2,1,1
101584,44579,2,0,2
1650832,44580,2,2,0
4960536,44581,2,1,1
168768,44582,2,2,0
1303760,44583,2,0,2
535424,44584,2,2,0
787384,44585,2,1,1
783288,44586,2,1,1
2493360,44587,2,0,2
457528,44588,2,1,1
308784,44589,2,1,1
268912,44590,2,1,1
682728,44591,2,0,2
778104,44592,2,1,1
2165296,44593,2,1,1
4556264,44594,2,2,0
385896,44595,2,2,0
1423928,44596,2,0,2
765688,44597,2,1,1
397432,44598,2,2,0
1011440,44599,2,2,0
356176,44600,2,1,1
78664,44601,2,1,1
976720,44602,2,0,2
242256,44603,2,1,1
409480,44604,2,0,2
317648,44605,2,2,0
539632,44606,2,0,2
56136,44607,2,1,1
819152,44608,2,1,1
989704,44609,2,2,0
83760,44610,2,1,1
925536,44611,2,1,1
232208,44612,2,1,1
1703336,44613,2,1,1
222384,44614,2,1,1
260536,44615,2,2,0
577672,44616,2,0,2
331832,44617,2,2,0
195856,44618,2,1,1
377232,44619,2,1,1
1060120,44620,2,1,1
772408,44621,2,0,2
979224,44622,2,0,2
181128,44623,2,1,1
1398912,44624,2,1,1
1311168,44625,2,2,0
6797272,44626,2,1,1
134328,44627,2,2,0
4092424,44628,2,1,1
729336,44629,2,1,1
678432,44630,2,1,1
312376,44631,2,1,1
448128,44632,2,2,0
814776,44633,2,0,2
7921904,44634,2,2,0
494672,44635,2,0,2
335672,44636,2,1,1
360192,44637,2,2,0
134336,44638,2,1,1
32488,44639,2,1,1
156000,44640,2,2,0
1633864,44641,2,1,1
889824,44642,2,1,1
159128,44643,2,2,0
1131056,44644,2,0,2
646456,44645,2,1,1
1484328,44646,2,1,1
2865160,44647,2,1,1
1021768,44648,2,0,2
357600,44649,2,0,2
393224,44650,2,1,1
781088,44651,2,1,1
139376,44652,2,2,0
826168,44653,2,1,1
330704,44654,2,0,2
365512,44655,2,1,1
645944,44656,2,1,1
348792,44657,2,0,2
750712,44658,2,0,2
83224,44659,2,2,0
2380696,44660,2,1,1
306184,44661,2,2,0
262976,44662,2,1,1
607952,44663,2,0,2
950480,44664,2,2,0
138776,44665,2,0,2
2207320,44666,2,1,1
157432,44667,2,1,1
4242544,44668,2,2,0
71784,44669,2,0,2
2128296,44670,2,1,1
293440,44671,2,1,1
685808,44672,2,1,1
311080,44673,2,1,1
4802752,44674,2,1,1
83992,44675,2,0,2
1621848,44676,2,1,1
2303168,44677,2,1,1
233784,44678,2,2,0
468392,44679,2,1,1
512960,44680,2,1,1
341048,44681,2,0,2
2219280,44682,2,1,1
170336,44683,2,1,1
1447760,44684,2,0,2
1346008,44685,2,1,1
2615944,44686,2,1,1
120496,44687,2,1,1
7945544,44688,2,1,1
3069664,44689,2,2,0
361216,44690,2,1,1
387760,44691,2,0,2
343768,44692,2,1,1
717296,44693,2,1,1
442664,44694,2,1,1
135088,44695,2,1,1
365448,44696,2,2,0
479464,44697,2,2,0
2243152,44698,2,1,1
2382264,44699,2,0,2
748592,44700,2,1,1
154848,44701,2,1,1
3936288,44702,2,2,0
1513136,44703,2,1,1
282320,44704,2,1,1
208328,44705,2,2,0
1817368,44706,2,0,2
3454064,44707,2,1,1
742376,44708,2,1,1
44928,44709,2,1,1
441240,44710,2,1,1
123784,44711,2,0,2
546752,44712,2,0,2
2535096,44713,2,1,1
3973752,44714,2,2,0
1325312,44715,2,0,2
797672,44716,2,1,1
645080,44717,2,0,2
4057104,44718,2,1,1
573848,44719,2,1,1
1051856,44720,2,1,1
4891288,44721,2,0,2
5659088,44722,2,2,0
1022616,44723,2,1,1
208944,44724,2,1,1
817432,44725,2,2,0
126344,44726,2,1,1
189384,44727,2,1,1
1501120,44728,2,2,0
996520,44729,2,2,0
142000,44730,2,1,1
116248,44731,2,1,1
393392,44732,2,1,1
195888,44733,2,1,1
115920,44734,2,1,1
73728,44735,2,2,0
830912,44736,2,1,1
482656,44737,2,1,1
170616,44738,2,2,0
3030592,44739,2,2,0
886112,44740,2,2,0
1167632,44741,2,2,0
92472,44742,2,0,2
838664,44743,2,2,0
364128,44744,2,1,1
7580456,44745,2,1,1
987264,44746,2,2,0
354344,44747,2,1,1
846144,44748,2,1,1
554072,44749,2,1,1
1137064,44750,2,1,1
1718320,44751,2,1,1
493768,44752,2,1,1
1266088,44753,2,1,1
316080,44754,2,2,0
3230296,44755,2,1,1
811768,44756,2,0,2
582328,44757,2,0,2
403344,44758,2,2,0
2942616,44759,2,2,0
352816,44760,2,1,1
2578776,44761,2,2,0
1632688,44762,2,1,1
1750408,44763,2,1,1
1003752,44764,2,1,1
1715264,44765,2,2,0
1812048,44766,2,0,2
2085896,44767,2,2,0
167800,44768,2,0,2
405128,44769,2,2,0
435936,44770,2,1,1
270768,44771,2,1,1
805712,44772,2,1,1
2125016,44773,2,2,0
763408,44774,2,1,1
197608,44775,2,2,0
2276040,44776,2,2,0
126936,44777,2,1,1
1312472,44778,2,0,2
375016,44779,2,1,1
1036664,44780,2,2,0
748888,44781,2,0,2
729568,44782,2,2,0
3673200,44783,2,1,1
1005456,44784,2,2,0
3577432,44785,2,1,1
584272,44786,2,0,2
485648,44787,2,0,2
857984,44788,2,1,1
128384,44789,2,1,1
3708016,44790,2,1,1
876792,44791,2,0,2
1834848,44792,2,1,1
2183912,44793,2,1,1
752488,44794,2,1,1
806032,44795,2,0,2
280128,44796,2,1,1
2535768,44797,2,1,1
321864,44798,2,2,0
128784,44799,2,0,2
515648,44800,2,1,1
599688,44801,2,1,1
624952,44802,2,1,1
198880,44803,2,2,0
3269528,44804,2,1,1
7595720,44805,2,1,1
673248,44806,2,2,0
241304,44807,2,0,2
226672,44808,2,1,1
1586912,44809,2,1,1
449280,44810,2,1,1
1073280,44811,2,1,1
704480,44812,2,1,1
246328,44813,2,0,2
576320,44814,2,0,2
154248,44815,2,1,1
394752,44816,2,2,0
2106536,44817,2,0,2
733520,44818,2,2,0
3024216,44819,2,1,1
846096,44820,2,0,2
592792,44821,2,2,0
423768,44822,2,1,1
234600,44823,2,2,0
2908856,44824,2,0,2
230792,44825,2,1,1
376288,44826,2,1,1
497440,44827,2,0,2
648632,44828,2,1,1
675800,44829,2,1,1
208280,44830,2,1,1
1033760,44831,2,0,2
279312,44832,2,1,1
293984,44833,2,0,2
1328936,44834,2,0,2
306112,44835,2,2,0
857664,44836,2,1,1
633056,44837,2,1,1
189040,44838,2,1,1
2403992,44839,2,0,2
105216,44840,2,2,0
1056376,44841,2,2,0
1169128,44842,2,1,1
361464,44843,2,2,0
1539248,44844,2,2,0
1146224,44845,2,0,2
88472,44846,2,0,2
270488,44847,2,0,2
6825800,44848,2,2,0
141440,44849,2,2,0
296136,44850,2,1,1
799552,44851,2,1,1
313544,44852,2,2,0
2063648,44853,2,2,0
3037760,44854,2,0,2
209464,44855,2,2,0
391152,44856,2,1,1
526944,44857,2,0,2
157456,44858,2,1,1
419648,44859,2,2,0
402056,44860,2,1,1
623488,44861,2,2,0
719944,44862,2,1,1
656104,44863,2,1,1
5896832,44864,2,1,1
981008,44865,2,1,1
2113280,44866,2,1,1
361344,44867,2,1,1
2190320,44868,2,1,1
1160640,44869,2,1,1
8318384,44870,2,1,1
2089840,44871,2,1,1
5495224,44872,2,1,1
733960,44873,2,1,1
2152864,44874,2,1,1
7777832,44875,2,1,1
1640800,44876,2,1,1
44728,44877,2,1,1
95544,44878,2,2,0
350416,44879,2,1,1
186488,44880,2,1,1
232528,44881,2,1,1
2023840,44882,2,1,1
163288,44883,2,0,2
1185648,44884,2,2,0
603192,44885,2,1,1
595808,44886,2,2,0
5527064,44887,2,1,1
151992,44888,2,1,1
359472,44889,2,1,1
530984,44890,2,0,2
1796896,44891,2,2,0
386304,44892,2,1,1
923232,44893,2,2,0
2238064,44894,2,0,2
7677504,44895,2,1,1
143096,44896,2,2,0
86792,44897,2,2,0
729168,44898,2,1,1
913248,44899,2,0,2
5187928,44900,2,0,2
1235192,44901,2,1,1
62488,44902,2,0,2
781464,44903,2,1,1
223480,44904,2,1,1
411672,44905,2,1,1
154216,44906,2,2,0
1845120,44907,2,2,0
365304,44908,2,0,2
291768,44909,2,1,1
973072,44910,2,1,1
5121840,44911,2,1,1
230440,44912,2,1,1
477816,44913,2,0,2
253368,44914,2,1,1
556176,44915,2,0,2
1263264,44916,2,1,1
514232,44917,2,0,2
2469104,44918,2,1,1
1268080,44919,2,0,2
321448,44920,2,0,2
477544,44921,2,0,2
132272,44922,2,1,1
1037440,44923,2,2,0
1255768,44924,2,0,2
1153784,44925,2,1,1
228936,44926,2,1,1
1407808,44927,2,2,0
4448856,44928,2,1,1
275328,44929,2,1,1
916336,44930,2,1,1
1216296,44931,2,0,2
1894504,44932,2,1,1
2943384,44933,2,1,1
2120192,44934,2,2,0
662648,44935,2,1,1
474816,44936,2,1,1
145328,44937,2,0,2
764304,44938,2,1,1
309760,44939,2,1,1
4382728,44940,2,1,1
5368128,44941,2,1,1
430928,44942,2,2,0
377792,44943,2,0,2
1890272,44944,2,2,0
2119528,44945,2,0,2
156696,44946,2,0,2
668280,44947,2,2,0
374136,44948,2,1,1
2121624,44949,2,1,1
479656,44950,2,1,1
823344,44951,2,2,0
500360,44952,2,2,0
1020296,44953,2,2,0
303536,44954,2,0,2
2706288,44955,2,2,0
4853520,44956,2,1,1
311552,44957,2,1,1
1367328,44958,2,2,0
328600,44959,2,1,1
1613392,44960,2,0,2
227504,44961,2,1,1
388272,44962,2,1,1
189632,44963,2,0,2
418480,44964,2,0,2
2051504,44965,2,0,2
527456,44966,2,1,1
530688,44967,2,1,1
369808,44968,2,2,0
725632,44969,2,0,2
290568,44970,2,0,2
4740672,44971,2,2,0
7806272,44972,2,1,1
406576,44973,2,0,2
2364088,44974,2,2,0
4338728,44975,2,1,1
2665072,44976,2,1,1
4008008,44977,2,0,2
1369280,44978,2,1,1
190272,44979,2,1,1
1025152,44980,2,1,1
1695976,44981,2,2,0
3586120,44982,2,2,0
844824,44983,2,1,1
55248,44984,2,0,2
120232,44985,2,1,1
401584,44986,2,2,0
711024,44987,2,2,0
147096,44988,2,1,1
2145592,44989,2,1,1
92744,44990,2,0,2
815208,44991,2,0,2
501376,44992,2,1,1
2998432,44993,2,1,1
1117936,44994,2,0,2
760696,44995,2,0,2
165640,44996,2,2,0
270496,44997,2,1,1
491440,44998,2,2,0
5665728,44999,2,1,1
162720,45000,2,0,2
305432,45001,2,0,2
4286592,45002,2,2,0
599576,45003,2,1,1
384448,45004,2,2,0
912552,45005,2,2,0
6055968,45006,2,0,2
325056,45007,2,1,1
684432,45008,2,1,1
1238888,45009,2,2,0
2401320,45010,2,1,1
113392,45011,2,1,1
1110344,45012,2,1,1
1045736,45013,2,0,2
678784,45014,2,1,1
2565072,45015,2,0,2
337624,45016,2,0,2
4973896,45017,2,1,1
253776,45018,2,0,2
223144,45019,2,1,1
520872,45020,2,0,2
3474048,45021,2,2,0
480616,45022,2,1,1
789720,45023,2,2,0
219168,45024,2,1,1
3606464,45025,2,2,0
4362552,45026,2,1,1
81424,45027,2,1,1
603152,45028,2,1,1
305720,45029,2,2,0
187376,45030,2,0,2
555016,45031,2,2,0
247008,45032,2,2,0
620824,45033,2,2,0
700888,45034,2,1,1
307752,45035,2,1,1
325512,45036,2,1,1
159848,45037,2,2,0
117040,45038,2,1,1
576912,45039,2,1,1
714240,45040,2,1,1
2173808,45041,2,1,1
3401960,45042,2,1,1
196120,45043,2,2,0
3233624,45044,2,1,1
953832,45045,2,0,2
139824,45046,2,2,0
721600,45047,2,2,0
274736,45048,2,0,2
2965248,45049,2,1,1
2850224,45050,2,2,0
305456,45051,2,1,1
2220800,45052,2,1,1
498256,45053,2,2,0
344664,45054,2,1,1
361768,45055,2,1,1
608424,45056,2,1,1
1285664,45057,2,0,2
900440,45058,2,0,2
2250472,45059,2,1,1
807456,45060,2,0,2
739984,45061,2,0,2
753848,45062,2,1,1
558144,45063,2,1,1
238400,45064,2,1,1
508976,45065,2,2,0
961872,45066,2,1,1
328584,45067,2,2,0
630784,45068,2,0,2
241272,45069,2,1,1
1181472,45070,2,1,1
302064,45071,2,1,1
2922920,45072,2,0,2
1522544,45073,2,0,2
224616,45074,2,1,1
250968,45075,2,1,1
2285840,45076,2,2,0
563808,45077,2,2,0
953768,45078,2,0,2
5016960,45079,2,2,0
3068040,45080,2,1,1
338568,45081,2,1,1
1963656,45082,2,0,2
2035952,45083,2,0,2
426128,45084,2,0,2
199304,45085,2,2,0
801472,45086,2,1,1
939600,45087,2,1,1
413000,45088,2,0,2
214168,45089,2,1,1
1807608,45090,2,1,1
329184,45091,2,1,1
529376,45092,2,0,2
1175984,45093,2,1,1
513784,45094,2,2,0
779712,45095,2,1,1
679216,45096,2,0,2
439152,45097,2,0,2
1318752,45098,2,1,1
3346800,45099,2,1,1
1274672,45100,2,0,2
1257920,45101,2,0,2
6613536,45102,2,1,1
262008,45103,2,0,2
1049472,45104,2,1,1
211560,45105,2,1,1
599864,45106,2,1,1
1486224,45107,2,1,1
1440384,45108,2,2,0
189552,45109,2,1,1
1219296,45110,2,0,2
2430448,45111,2,2,0
370216,45112,2,1,1
435680,45113,2,1,1
666624,45114,2,0,2
1398288,45115,2,1,1
176736,45116,2,1,1
2502688,45117,2,1,1
344496,45118,2,1,1
7031552,45119,2,1,1
812848,45120,2,1,1
489072,45121,2,2,0
1390672,45122,2,1,1
290968,45123,2,0,2
2373616,45124,2,1,1
52600,45125,2,2,0
2857304,45126,2,1,1
162792,45127,2,1,1
1257696,45128,2,1,1
6159536,45129,2,1,1
2452192,45130,2,1,1
864416,45131,2,1,1
938152,45132,2,0,2
259264,45133,2,0,2
87480,45134,2,1,1
398376,45135,2,0,2
2501840,45136,2,2,0
1555184,45137,2,2,0
819224,45138,2,2,0
117720,45139,2,1,1
341192,45140,2,1,1
1073344,45141,2,0,2
548992,45142,2,0,2
5918376,45143,2,1,1
1793456,45144,2,1,1
2221304,45145,2,2,0
1096040,45146,2,2,0
1095656,45147,2,1,1
1216008,45148,2,1,1
585376,45149,2,0,2
487488,45150,2,2,0
7497520,45151,2,1,1
251408,45152,2,1,1
362056,45153,2,1,1
390792,45154,2,1,1
160080,45155,2,2,0
4124160,45156,2,1,1
1477976,45157,2,0,2
261768,45158,2,1,1
1951264,45159,2,1,1
241176,45160,2,2,0
8081328,45161,2,0,2
182216,45162,2,2,0
594888,45163,2,1,1
591480,45164,2,2,0
83288,45165,2,1,1
2547704,45166,2,0,2
809824,45167,2,1,1
1803872,45168,2,2,0
859472,45169,2,1,1
1423296,45170,2,2,0
496408,45171,2,0,2
335616,45172,2,0,2
1742400,45173,2,1,1
184688,45174,2,0,2
1691200,45175,2,0,2
367864,45176,2,0,2
229352,45177,2,1,1
308800,45178,2,2,0
5703008,45179,2,1,1
260128,45180,2,2,0
2084800,45181,2,0,2
632304,45182,2,1,1
128872,45183,2,1,1
324848,45184,2,1,1
1705336,45185,2,1,1
2147016,45186,2,1,1
1464832,45187,2,2,0
211200,45188,2,2,0
4006832,45189,2,0,2
111328,45190,2,0,2
1014896,45191,2,1,1
3622296,45192,2,1,1
5301968,45193,2,1,1
6164008,45194,2,0,2
116328,45195,2,0,2
597104,45196,2,1,1
1056824,45197,2,1,1
2011768,45198,2,1,1
312288,45199,2,1,1
1779664,45200,2,0,2
3290072,45201,2,2,0
1092256,45202,2,0,2
2320856,45203,2,2,0
1493960,45204,2,0,2
583000,45205,2,1,1
1151304,45206,2,1,1
139696,45207,2,2,0
664368,45208,2,1,1
444304,45209,2,1,1
305704,45210,2,0,2
433128,45211,2,2,0
831632,45212,2,2,0
528128,45213,2,0,2
992616,45214,2,0,2
323728,45215,2,2,0
5129048,45216,2,1,1
331160,45217,2,0,2
159472,45218,2,1,1
183832,45219,2,2,0
800984,45220,2,1,1
2754432,45221,2,2,0
286952,45222,2,0,2
830176,45223,2,1,1
187816,45224,2,1,1
4780592,45225,2,1,1
3661784,45226,2,1,1
6878384,45227,2,0,2
331872,45228,2,1,1
1294144,45229,2,1,1
272056,45230,2,0,2
185128,45231,2,0,2
5283072,45232,2,1,1
663192,45233,2,1,1
1124400,45234,2,2,0
774024,45235,2,1,1
541760,45236,2,0,2
494040,45237,2,2,0
3033456,45238,2,0,2
1775864,45239,2,1,1
164920,45240,2,1,1
785496,45241,2,2,0
66832,45242,2,1,1
236368,45243,2,0,2
1064368,45244,2,1,1
666080,45245,2,2,0
1759744,45246,2,1,1
1475904,45247,2,1,1
440120,45248,2,1,1
3679664,45249,2,1,1
160840,45250,2,1,1
166240,45251,2,2,0
3066568,45252,2,1,1
459408,45253,2,1,1
2771664,45254,2,0,2
415520,45255,2,0,2
551632,45256,2,1,1
153192,45257,2,2,0
405976,45258,2,1,1
880768,45259,2,1,1
669408,45260,2,2,0
1499600,45261,2,1,1
967488,45262,2,2,0
2979664,45263,2,2,0
335792,45264,2,1,1
208904,45265,2,2,0
349464,45266,2,1,1
270152,45267,2,1,1
6989560,45268,2,1,1
101152,45269,2,2,0
225640,45270,2,1,1
315160,45271,2,1,1
1400712,45272,2,1,1
1044848,45273,2,2,0
514872,45274,2,1,1
1792880,45275,2,2,0
182744,45276,2,0,2
1521768,45277,2,1,1
256872,45278,2,1,1
193632,45279,2,2,0
2196880,45280,2,1,1
122280,45281,2,2,0
308280,45282,2,0,2
1061016,45283,2,2,0
1291488,45284,2,0,2
157248,45285,2,1,1
452320,45286,2,1,1
159976,45287,2,1,1
5054184,45288,2,1,1
419504,45289,2,1,1
4328328,45290,2,1,1
777712,45291,2,2,0
293552,45292,2,0,2
313208,45293,2,0,2
539672,45294,2,0,2
249424,45295,2,1,1
153616,45296,2,1,1
217688,45297,2,1,1
577904,45298,2,0,2
722480,45299,2,2,0
1584624,45300,2,1,1
81808,45301,2,1,1
3244696,45302,2,2,0
421688,45303,2,0,2
1779008,45304,2,1,1
1554792,45305,2,1,1
1541352,45306,2,1,1
1299264,45307,2,0,2
248336,45308,2,0,2
884984,45309,2,1,1
1312992,45310,2,2,0
317208,45311,2,0,2
471160,45312,2,1,1
3332184,45313,2,1,1
1311976,45314,2,1,1
1225400,45315,2,0,2
1041920,45316,2,1,1
779056,45317,2,2,0
4501040,45318,2,1,1
1048408,45319,2,2,0
278144,45320,2,1,1
4705136,45321,2,1,1
788304,45322,2,2,0
831152,45323,2,2,0
1944720,45324,2,1,1
540040,45325,2,2,0
220704,45326,2,0,2
6252344,45327,2,1,1
618720,45328,2,2,0
4997632,45329,2,1,1
1253560,45330,2,0,2
854080,45331,2,1,1
880672,45332,2,1,1
761968,45333,2,1,1
194304,45334,2,1,1
1058656,45335,2,1,1
4427016,45336,2,2,0
355512,45337,2,0,2
357584,45338,2,1,1
615560,45339,2,1,1
4382488,45340,2,1,1
1413368,45341,2,2,0
240544,45342,2,0,2
448328,45343,2,1,1
169960,45344,2,1,1
406080,45345,2,2,0
94912,45346,2,0,2
619096,45347,2,0,2
311568,45348,2,0,2
405392,45349,2,1,1
2595672,45350,2,2,0
382064,45351,2,0,2
2063128,45352,2,0,2
1710440,45353,2,1,1
368496,45354,2,0,2
574440,45355,2,2,0
354688,45356,2,1,1
327088,45357,2,1,1
1518776,45358,2,1,1
327312,45359,2,1,1
205472,45360,2,0,2
551824,45361,2,2,0
191728,45362,2,1,1
865376,45363,2,2,0
86528,45364,2,0,2
300352,45365,2,2,0
224816,45366,2,1,1
1759480,45367,2,1,1
209416,45368,2,2,0
175696,45369,2,1,1
221160,45370,2,1,1
571072,45371,2,2,0
140680,45372,2,1,1
1185536,45373,2,1,1
638176,45374,2,1,1
4047184,45375,2,1,1
810016,45376,2,1,1
336288,45377,2,0,2
2174440,45378,2,1,1
166432,45379,2,1,1
307168,45380,2,1,1
271432,45381,2,1,1
1740720,45382,2,1,1
2079496,45383,2,2,0
2581600,45384,2,2,0
103448,45385,2,0,2
55312,45386,2,2,0
4736544,45387,2,2,0
691616,45388,2,2,0
863792,45389,2,1,1
7548976,45390,2,1,1
836912,45391,2,0,2
4951008,45392,2,1,1
2406752,45393,2,0,2
637536,45394,2,1,1
3430392,45395,2,1,1
769480,45396,2,0,2
504128,45397,2,1,1
3326144,45398,2,1,1
5396072,45399,2,1,1
373584,45400,2,1,1
1731320,45401,2,1,1
371112,45402,2,0,2
1210792,45403,2,1,1
615552,45404,2,2,0
749128,45405,2,1,1
630896,45406,2,1,1
2415968,45407,2,1,1
277800,45408,2,0,2
2032568,45409,2,1,1
1197192,45410,2,0,2
233720,45411,2,1,1
335304,45412,2,1,1
247968,45413,2,0,2
129744,45414,2,0,2
516688,45415,2,1,1
1313552,45416,2,0,2
1604680,45417,2,2,0
100568,45418,2,2,0
687112,45419,2,1,1
436032,45420,2,2,0
243736,45421,2,1,1
115720,45422,2,1,1
2583464,45423,2,1,1
6437392,45424,2,1,1
2119704,45425,2,1,1
215720,45426,2,1,1
6868952,45427,2,0,2
254000,45428,2,2,0
1169856,45429,2,0,2
87088,45430,2,1,1
599768,45431,2,0,2
5518680,45432,2,0,2
795232,45433,2,1,1
386224,45434,2,0,2
704296,45435,2,1,1
322696,45436,2,2,0
1917824,45437,2,2,0
1324096,45438,2,1,1
527624,45439,2,2,0
3401136,45440,2,1,1
335136,45441,2,1,1
247016,45442,2,1,1
1675592,45443,2,0,2
194800,45444,2,0,2
6255088,45445,2,2,0
7767800,45446,2,0,2
220816,45447,2,1,1
258752,45448,2,1,1
1968744,45449,2,1,1
234440,45450,2,2,0
2751624,45451,2,1,1
757512,45452,2,0,2
1375352,45453,2,0,2
270264,45454,2,1,1
312680,45455,2,1,1
510528,45456,2,2,0
919368,45457,2,2,0
793840,45458,2,1,1
556568,45459,2,1,1
1725632,45460,2,1,1
8096040,45461,2,0,2
4365736,45462,2,2,0
2815440,45463,2,2,0
355656,45464,2,1,1
1545128,45465,2,2,0
1081248,45466,2,1,1
353696,45467,2,2,0
469200,45468,2,2,0
921416,45469,2,1,1
3343264,45470,2,1,1
102016,45471,2,1,1
392792,45472,2,1,1
930432,45473,2,2,0
3773512,45474,2,1,1
496904,45475,2,1,1
1883168,45476,2,1,1
918600,45477,2,1,1
831336,45478,2,1,1
6662856,45479,2,1,1
237712,45480,2,2,0
450784,45481,2,1,1
579656,45482,2,2,0
2955520,45483,2,0,2
473728,45484,2,1,1
3095720,45485,2,1,1
420224,45486,2,1,1
296424,45487,2,2,0
101184,45488,2,1,1
197384,45489,2,2,0
249168,45490,2,1,1
1185216,45491,2,0,2
437328,45492,2,1,1
254752,45493,2,0,2
177784,45494,2,1,1
719264,45495,2,1,1
1294264,45496,2,0,2
432160,45497,2,1,1
755440,45498,2,1,1
2170848,45499,2,1,1
116336,45500,2,0,2
2930096,45501,2,1,1
6099080,45502,2,2,0
217936,45503,2,0,2
334368,45504,2,1,1
125840,45505,2,2,0
68488,45506,2,2,0
1474008,45507,2,0,2
4079496,45508,2,0,2
513112,45509,2,2,0
974528,45510,2,0,2
534072,45511,2,0,2
690576,45512,2,0,2
1778288,45513,2,1,1
2045424,45514,2,1,1
3430664,45515,2,2,0
621424,45516,2,0,2
519896,45517,2,1,1
729440,45518,2,1,1
4818232,45519,2,2,0
950416,45520,2,2,0
8127696,45521,2,2,0
1144272,45522,2,1,1
787096,45523,2,2,0
956368,45524,2,2,0
997128,45525,2,1,1
1130920,45526,2,1,1
2326960,45527,2,1,1
162400,45528,2,1,1
297056,45529,2,2,0
4278968,45530,2,0,2
521528,45531,2,1,1
420568,45532,2,2,0
713112,45533,2,1,1
1918320,45534,2,0,2
654704,45535,2,0,2
469192,45536,2,1,1
143376,45537,2,0,2
1030880,45538,2,0,2
268280,45539,2,2,0
950368,45540,2,0,2
3938264,45541,2,1,1
419712,45542,2,1,1
1143696,45543,2,1,1
531944,45544,2,1,1
188368,45545,2,2,0
461752,45546,2,1,1
384760,45547,2,1,1
104040,45548,2,0,2
503424,45549,2,1,1
2299824,45550,2,1,1
996800,45551,2,2,0
853248,45552,2,0,2
1340672,45553,2,0,2
493128,45554,2,2,0
372032,45555,2,2,0
145072,45556,2,1,1
303832,45557,2,1,1
2346944,45558,2,2,0
423920,45559,2,0,2
1681904,45560,2,1,1
4058152,45561,2,0,2
1211888,45562,2,1,1
698456,45563,2,1,1
2231424,45564,2,2,0
103512,45565,2,1,1
127064,45566,2,1,1
4753336,45567,2,1,1
156352,45568,2,1,1
217664,45569,2,1,1
224608,45570,2,1,1
1571224,45571,2,1,1
83864,45572,2,0,2
7663424,45573,2,1,1
901520,45574,2,1,1
99584,45575,2,1,1
693032,45576,2,1,1
734816,45577,2,2,0
253400,45578,2,1,1
1003024,45579,2,2,0
192696,45580,2,2,0
232376,45581,2,1,1
1562616,45582,2,1,1
2180432,45583,2,2,0
1233048,45584,2,1,1
61360,45585,2,2,0
315608,45586,2,0,2
1769576,45587,2,1,1
496856,45588,2,2,0
1264144,45589,2,0,2
453840,45590,2,1,1
123368,45591,2,1,1
182096,45592,2,2,0
208320,45593,2,1,1
203528,45594,2,1,1
543216,45595,2,2,0
53640,45596,2,1,1
86416,45597,2,2,0
3557056,45598,2,2,0
1629568,45599,2,1,1
340304,45600,2,1,1
308480,45601,2,1,1
234296,45602,2,1,1
143536,45603,2,1,1
6928184,45604,2,1,1
125360,45605,2,1,1
131672,45606,2,1,1
324072,45607,2,2,0
475432,45608,2,0,2
2914312,45609,2,1,1
252344,45610,2,1,1
1965704,45611,2,0,2
245744,45612,2,1,1
418440,45613,2,1,1
439688,45614,2,1,1
218784,45615,2,0,2
1491304,45616,2,1,1
720008,45617,2,1,1
802648,45618,2,1,1
388472,45619,2,1,1
479952,45620,2,2,0
1618256,45621,2,2,0
425928,45622,2,1,1
469104,45623,2,1,1
1435240,45624,2,1,1
619024,45625,2,1,1
846864,45626,2,0,2
1807800,45627,2,0,2
156224,45628,2,1,1
3337184,45629,2,1,1
390312,45630,2,0,2
2015784,45631,2,0,2
548944,45632,2,2,0
993032,45633,2,2,0
158480,45634,2,2,0
298152,45635,2,2,0
2827240,45636,2,2,0
605936,45637,2,1,1
528544,45638,2,2,0
5328960,45639,2,1,1
124168,45640,2,1,1
398864,45641,2,2,0
1412960,45642,2,1,1
321992,45643,2,0,2
67408,45644,2,0,2
918304,45645,2,0,2
1227376,45646,2,1,1
1445544,45647,2,1,1
7162856,45648,2,0,2
488664,45649,2,0,2
291784,45650,2,2,0
420976,45651,2,1,1
266192,45652,2,1,1
3135512,45653,2,2,0
998912,45654,2,2,0
99544,45655,2,1,1
2073568,45656,2,2,0
136480,45657,2,2,0
266800,45658,2,1,1
3821032,45659,2,1,1
1654128,45660,2,0,2
201520,45661,2,1,1
111096,45662,2,2,0
2197816,45663,2,2,0
237352,45664,2,2,0
255112,45665,2,1,1
538904,45666,2,1,1
267952,45667,2,1,1
1599608,45668,2,2,0
1191736,45669,2,1,1
357936,45670,2,1,1
357256,45671,2,1,1
349320,45672,2,2,0
5505960,45673,2,1,1
2128008,45674,2,2,0
105688,45675,2,2,0
310072,45676,2,1,1
1077968,45677,2,0,2
3420872,45678,2,1,1
910992,45679,2,1,1
608096,45680,2,1,1
4555960,45681,2,1,1
725208,45682,2,1,1
178560,45683,2,0,2
460504,45684,2,2,0
190376,45685,2,0,2
94992,45686,2,1,1
887832,45687,2,0,2
344672,45688,2,1,1
1970104,45689,2,2,0
899576,45690,2,0,2
177072,45691,2,1,1
2022496,45692,2,2,0
2848728,45693,2,1,1
1455368,45694,2,1,1
1414832,45695,2,1,1
762600,45696,2,0,2
456024,45697,2,1,1
2737656,45698,2,1,1
2317976,45699,2,2,0
3847576,45700,2,1,1
1225552,45701,2,1,1
2952144,45702,2,1,1
241528,45703,2,1,1
871040,45704,2,0,2
600376,45705,2,1,1
388096,45706,2,2,0
433968,45707,2,1,1
1327520,45708,2,0,2
404080,45709,2,2,0
607512,45710,2,2,0
1223160,45711,2,2,0
70152,45712,2,1,1
2001472,45713,2,1,1
184256,45714,2,1,1
380872,45715,2,0,2
737888,45716,2,1,1
384408,45717,2,2,0
2667112,45718,2,1,1
3710912,45719,2,0,2
2281768,45720,2,1,1
1005704,45721,2,0,2
176040,45722,2,0,2
372352,45723,2,1,1
450656,45724,2,0,2
120472,45725,2,1,1
2069856,45726,2,2,0
592768,45727,2,1,1
347096,45728,2,2,0
247920,45729,2,1,1
732448,45730,2,1,1
442632,45731,2,1,1
633856,45732,2,0,2
127912,45733,2,1,1
3518392,45734,2,1,1
186384,45735,2,1,1
147264,45736,2,2,0
8045424,45737,2,1,1
193016,45738,2,1,1
525752,45739,2,2,0
282216,45740,2,2,0
4490848,45741,2,1,1
1630936,45742,2,0,2
233168,45743,2,1,1
514760,45744,2,1,1
212712,45745,2,1,1
397384,45746,2,1,1
1140680,45747,2,1,1
209680,45748,2,0,2
430824,45749,2,2,0
1710336,45750,2,1,1
150336,45751,2,0,2
302488,45752,2,0,2
415496,45753,2,1,1
51472,45754,2,1,1
540352,45755,2,2,0
3681448,45756,2,0,2
1306160,45757,2,1,1
319888,45758,2,0,2
773424,45759,2,0,2
927136,45760,2,1,1
1038064,45761,2,2,0
727816,45762,2,1,1
733560,45763,2,2,0
2414552,45764,2,1,1
292456,45765,2,0,2
344288,45766,2,0,2
180848,45767,2,1,1
233224,45768,2,2,0
115312,45769,2,1,1
3090056,45770,2,1,1
62536,45771,2,2,0
202696,45772,2,1,1
564136,45773,2,0,2
6697472,45774,2,1,1
784144,45775,2,1,1
2172024,45776,2,1,1
370144,45777,2,1,1
1799032,45778,2,1,1
778008,45779,2,2,0
67120,45780,2,1,1
823936,45781,2,0,2
1339360,45782,2,1,1
53200,45783,2,1,1
376152,45784,2,0,2
279888,45785,2,1,1
267488,45786,2,2,0
268424,45787,2,1,1
1759512,45788,2,1,1
7266840,45789,2,2,0
386128,45790,2,1,1
595360,45791,2,1,1
3142960,45792,2,1,1
473776,45793,2,1,1
1531992,45794,2,1,1
163024,45795,2,0,2
858824,45796,2,1,1
4878464,45797,2,1,1
634288,45798,2,1,1
1582688,45799,2,0,2
1006792,45800,2,1,1
356256,45801,2,1,1
2038128,45802,2,1,1
168784,45803,2,1,1
171976,45804,2,1,1
172264,45805,2,0,2
1529808,45806,2,1,1
203512,45807,2,2,0
646936,45808,2,0,2
541032,45809,2,1,1
874488,45810,2,0,2
347664,45811,2,1,1
372688,45812,2,1,1
1959928,45813,2,0,2
434976,45814,2,2,0
495808,45815,2,1,1
641832,45816,2,1,1
434128,45817,2,1,1
5370912,45818,2,1,1
711112,45819,2,1,1
748008,45820,2,1,1
512432,45821,2,1,1
1620864,45822,2,0,2
200944,45823,2,1,1
990600,45824,2,0,2
91360,45825,2,1,1
2531840,45826,2,0,2
924584,45827,2,1,1
1181888,45828,2,1,1
743216,45829,2,2,0
580472,45830,2,0,2
140976,45831,2,0,2
258992,45832,2,1,1
252520,45833,2,1,1
480728,45834,2,2,0
1879928,45835,2,0,2
474656,45836,2,1,1
318032,45837,2,1,1
530240,45838,2,2,0
5661128,45839,2,0,2
1048064,45840,2,2,0
264576,45841,2,1,1
389416,45842,2,0,2
791024,45843,2,2,0
243712,45844,2,0,2
2643952,45845,2,0,2
250272,45846,2,0,2
233704,45847,2,0,2
131592,45848,2,0,2
218352,45849,2,1,1
2662752,45850,2,1,1
665680,45851,2,1,1
776376,45852,2,1,1
3981704,45853,2,2,0
328040,45854,2,2,0
450952,45855,2,1,1
409456,45856,2,2,0
186032,45857,2,1,1
1069784,45858,2,1,1
427480,45859,2,2,0
266848,45860,2,2,0
274560,45861,2,0,2
1756648,45862,2,1,1
5815944,45863,2,1,1
550184,45864,2,1,1
553360,45865,2,2,0
1219624,45866,2,1,1
7710504,45867,2,2,0
1429888,45868,2,0,2
4106440,45869,2,1,1
1025032,45870,2,1,1
117312,45871,2,1,1
147416,45872,2,2,0
142568,45873,2,0,2
118928,45874,2,0,2
126664,45875,2,2,0
266152,45876,2,1,1
384064,45877,2,1,1
597168,45878,2,1,1
1413712,45879,2,0,2
688168,45880,2,2,0
200864,45881,2,1,1
138896,45882,2,0,2
329928,45883,2,1,1
1356912,45884,2,2,0
332496,45885,2,0,2
536896,45886,2,1,1
235248,45887,2,2,0
383248,45888,2,2,0
2033160,45889,2,2,0
1817632,45890,2,1,1
519224,45891,2,0,2
540864,45892,2,0,2
1781288,45893,2,2,0
376272,45894,2,2,0
1506384,45895,2,1,1
519592,45896,2,0,2
340672,45897,2,1,1
1098648,45898,2,2,0
460200,45899,2,1,1
549808,45900,2,0,2
287864,45901,2,1,1
318864,45902,2,0,2
189512,45903,2,0,2
390728,45904,2,2,0
100064,45905,2,1,1
4220048,45906,2,2,0
820920,45907,2,2,0
221536,45908,2,1,1
567520,45909,2,1,1
1828840,45910,2,0,2
576464,45911,2,0,2
1355000,45912,2,1,1
3223792,45913,2,1,1
327184,45914,2,1,1
957808,45915,2,1,1
2502536,45916,2,1,1
1206144,45917,2,1,1
1140208,45918,2,1,1
1567688,45919,2,1,1
407920,45920,2,0,2
2888280,45921,2,1,1
990296,45922,2,1,1
364184,45923,2,0,2
673792,45924,2,2,0
471704,45925,2,0,2
209248,45926,2,1,1
130088,45927,2,0,2
202560,45928,2,0,2
415752,45929,2,1,1
1243992,45930,2,2,0
997888,45931,2,1,1
1000680,45932,2,1,1
1007936,45933,2,0,2
343752,45934,2,2,0
6488048,45935,2,0,2
1140184,45936,2,1,1
4417256,45937,2,0,2
278264,45938,2,0,2
2984608,45939,2,1,1
1396888,45940,2,1,1
438512,45941,2,2,0
354568,45942,2,0,2
1573648,45943,2,2,0
361192,45944,2,0,2
578776,45945,2,0,2
228408,45946,2,1,1
180256,45947,2,1,1
308248,45948,2,0,2
586608,45949,2,1,1
488592,45950,2,1,1
757368,45951,2,0,2
219368,45952,2,2,0
219816,45953,2,1,1
414176,45954,2,1,1
1423776,45955,2,0,2
394344,45956,2,1,1
150000,45957,2,1,1
58184,45958,2,1,1
180640,45959,2,1,1
352824,45960,2,0,2
1781568,45961,2,0,2
3897328,45962,2,1,1
470568,45963,2,0,2
842648,45964,2,0,2
196992,45965,2,0,2
427528,45966,2,1,1
287040,45967,2,1,1
1904888,45968,2,2,0
897488,45969,2,1,1
1546616,45970,2,0,2
378792,45971,2,1,1
325784,45972,2,2,0
759528,45973,2,2,0
697280,45974,2,1,1
1177208,45975,2,1,1
296112,45976,2,2,0
1255744,45977,2,1,1
1128712,45978,2,1,1
74416,45979,2,1,1
116080,45980,2,1,1
154352,45981,2,0,2
297664,45982,2,0,2
7929496,45983,2,0,2
366896,45984,2,1,1
2644104,45985,2,2,0
229760,45986,2,2,0
3019944,45987,2,1,1
4700736,45988,2,2,0
170488,45989,2,1,1
622544,45990,2,2,0
369880,45991,2,1,1
493440,45992,2,0,2
407088,45993,2,1,1
4902632,45994,2,1,1
771712,45995,2,1,1
289752,45996,2,0,2
359008,45997,2,1,1
436608,45998,2,1,1
1397568,45999,2,0,2
1924864,46000,2,0,2
624672,46001,2,1,1
7039944,46002,2,0,2
667008,46003,2,2,0
179656,46004,2,1,1
411784,46005,2,1,1
169640,46006,2,1,1
2310624,46007,2,1,1
513640,46008,2,1,1
590864,46009,2,0,2
4136968,46010,2,0,2
1715576,46011,2,2,0
126440,46012,2,0,2
393512,46013,2,1,1
418168,46014,2,1,1
626120,46015,2,1,1
4441720,46016,2,1,1
1274032,46017,2,1,1
1262816,46018,2,0,2
417088,46019,2,1,1
149632,46020,2,1,1
951416,46021,2,1,1
357792,46022,2,0,2
138824,46023,2,2,0
948792,46024,2,1,1
323680,46025,2,1,1
1010336,46026,2,0,2
266080,46027,2,1,1
350944,46028,2,0,2
2902048,46029,2,0,2
401472,46030,2,1,1
190016,46031,2,2,0
1946312,46032,2,0,2
162656,46033,2,0,2
666904,46034,2,2,0
142400,46035,2,1,1
324304,46036,2,1,1
1798832,46037,2,1,1
1379856,46038,2,2,0
996288,46039,2,1,1
2308768,46040,2,1,1
807552,46041,2,1,1
480880,46042,2,1,1
1757936,46043,2,1,1
361872,46044,2,1,1
1037032,46045,2,2,0
1179224,46046,2,1,1
575696,46047,2,2,0
286824,46048,2,1,1
1990768,46049,2,2,0
836632,46050,2,1,1
6565024,46051,2,2,0
171632,46052,2,2,0
1352496,46053,2,1,1
196320,46054,2,1,1
1075528,46055,2,1,1
598608,46056,2,1,1
762632,46057,2,0,2
1083880,46058,2,1,1
308880,46059,2,2,0
465648,46060,2,1,1
356992,46061,2,1,1
484904,46062,2,1,1
8183608,46063,2,2,0
495584,46064,2,0,2
798008,46065,2,1,1
365800,46066,2,1,1
2883848,46067,2,1,1
191200,46068,2,1,1
95800,46069,2,0,2
830536,46070,2,0,2
1990192,46071,2,1,1
439504,46072,2,2,0
725696,46073,2,1,1
602360,46074,2,0,2
320968,46075,2,2,0
99040,46076,2,2,0
1261000,46077,2,1,1
436520,46078,2,1,1
219984,46079,2,1,1
245816,46080,2,1,1
1559720,46081,2,1,1
980240,46082,2,1,1
121248,46083,2,1,1
69056,46084,2,2,0
386088,46085,2,2,0
5014864,46086,2,1,1
629472,46087,2,1,1
196200,46088,2,1,1
6420480,46089,2,2,0
167856,46090,2,2,0
5837328,46091,2,2,0
486952,46092,2,0,2
398264,46093,2,0,2
314096,46094,2,0,2
395960,46095,2,1,1
577344,46096,2,0,2
183152,46097,2,1,1
2074096,46098,2,2,0
2374344,46099,2,2,0
1818248,46100,2,1,1
301912,46101,2,1,1
826232,46102,2,1,1
312192,46103,2,2,0
1750880,46104,2,1,1
4788336,46105,2,1,1
851696,46106,2,2,0
271408,46107,2,0,2
1247432,46108,2,1,1
170832,46109,2,0,2
521744,46110,2,0,2
159256,46111,2,1,1
973224,46112,2,2,0
169088,46113,2,2,0
444992,46114,2,0,2
572344,46115,2,1,1
776072,46116,2,1,1
5971176,46117,2,2,0
141312,46118,2,0,2
584592,46119,2,0,2
696520,46120,2,2,0
264720,46121,2,1,1
129872,46122,2,1,1
2232024,46123,2,1,1
441528,46124,2,1,1
330208,46125,2,1,1
249248,46126,2,2,0
80656,46127,2,2,0
1775688,46128,2,0,2
6355672,46129,2,2,0
1519368,46130,2,1,1
2210480,46131,2,1,1
518208,46132,2,1,1
172888,46133,2,0,2
246896,46134,2,1,1
1254624,46135,2,2,0
7456056,46136,2,0,2
1669616,46137,2,1,1
84768,46138,2,0,2
6278432,46139,2,2,0
300736,46140,2,2,0
1746928,46141,2,0,2
1815192,46142,2,1,1
1189664,46143,2,0,2
163488,46144,2,1,1
165152,46145,2,1,1
165168,46146,2,2,0
536816,46147,2,0,2
132848,46148,2,2,0
5535232,46149,2,2,0
1510512,46150,2,2,0
310968,46151,2,2,0
2827632,46152,2,1,1
1508096,46153,2,1,1
2527680,46154,2,1,1
1792912,46155,2,2,0
1380272,46156,2,0,2
3279552,46157,2,1,1
411048,46158,2,1,1
447544,46159,2,1,1
668640,46160,2,1,1
466848,46161,2,0,2
163912,46162,2,2,0
828640,46163,2,2,0
2213568,46164,2,0,2
5137176,46165,2,0,2
430920,46166,2,1,1
2925360,46167,2,0,2
343744,46168,2,0,2
3278512,46169,2,1,1
603624,46170,2,1,1
555896,46171,2,1,1
389816,46172,2,1,1
265304,46173,2,1,1
427000,46174,2,2,0
144424,46175,2,0,2
216736,46176,2,2,0
1098344,46177,2,1,1
178424,46178,2,1,1
1475832,46179,2,1,1
215160,46180,2,1,1
260616,46181,2,2,0
2392224,46182,2,2,0
3758032,46183,2,1,1
954992,46184,2,1,1
2734704,46185,2,1,1
1154736,46186,2,1,1
218416,46187,2,0,2
371856,46188,2,1,1
270712,46189,2,0,2
116920,46190,2,2,0
1177352,46191,2,2,0
230624,46192,2,1,1
275616,46193,2,1,1
59560,46194,2,0,2
771256,46195,2,2,0
3696056,46196,2,0,2
1387784,46197,2,1,1
4920200,46198,2,0,2
588832,46199,2,1,1
650072,46200,2,1,1
227136,46201,2,0,2
1916416,46202,2,1,1
368352,46203,2,2,0
209656,46204,2,2,0
221600,46205,2,0,2
833336,46206,2,2,0
4628168,46207,2,0,2
65880,46208,2,0,2
1280320,46209,2,1,1
2678408,46210,2,1,1
221144,46211,2,2,0
1630320,46212,2,2,0
6014664,46213,2,1,1
249672,46214,2,1,1
1599664,46215,2,0,2
1806696,46216,2,2,0
554088,46217,2,1,1
343712,46218,2,2,0
457696,46219,2,0,2
8151936,46220,2,2,0
495872,46221,2,2,0
299520,46222,2,1,1
459800,46223,2,1,1
808904,46224,2,2,0
250160,46225,2,1,1
479896,46226,2,2,0
260992,46227,2,0,2
4191016,46228,2,2,0
496000,46229,2,1,1
602504,46230,2,1,1
82128,46231,2,0,2
1105792,46232,2,2,0
2488440,46233,2,1,1
346616,46234,2,2,0
69680,46235,2,1,1
1663288,46236,2,2,0
3120104,46237,2,2,0
856184,46238,2,0,2
1623176,46239,2,1,1
2304080,46240,2,2,0
430568,46241,2,1,1
119040,46242,2,1,1
1661448,46243,2,1,1
162200,46244,2,1,1
1061880,46245,2,1,1
286880,46246,2,2,0
272144,46247,2,1,1
368232,46248,2,1,1
1937728,46249,2,0,2
100248,46250,2,0,2
1459696,46251,2,2,0
321016,46252,2,1,1
1669840,46253,2,0,2
453136,46254,2,1,1
108632,46255,2,0,2
147720,46256,2,1,1
334160,46257,2,1,1
7746000,46258,2,1,1
462416,46259,2,1,1
805392,46260,2,0,2
835704,46261,2,2,0
8117648,46262,2,1,1
336144,46263,2,1,1
113592,46264,2,2,0
2022200,46265,2,2,0
559176,46266,2,1,1
1184672,46267,2,1,1
195456,46268,2,0,2
1237112,46269,2,1,1
160096,46270,2,1,1
412664,46271,2,1,1
785912,46272,2,1,1
1097848,46273,2,0,2
1174216,46274,2,1,1
136984,46275,2,1,1
1338784,46276,2,1,1
340048,46277,2,1,1
2452304,46278,2,0,2
6868112,46279,2,1,1
440744,46280,2,0,2
151168,46281,2,1,1
3148712,46282,2,2,0
1373520,46283,2,1,1
185600,46284,2,0,2
305136,46285,2,0,2
1625808,46286,2,1,1
580120,46287,2,2,0
2590416,46288,2,1,1
170112,46289,2,1,1
652608,46290,2,1,1
176208,46291,2,2,0
982240,46292,2,0,2
576648,46293,2,0,2
278984,46294,2,1,1
2015392,46295,2,2,0
254928,46296,2,1,1
2910456,46297,2,2,0
380192,46298,2,2,0
239504,46299,2,1,1
4230032,46300,2,1,1
288760,46301,2,2,0
208528,46302,2,1,1
113696,46303,2,1,1
333392,46304,2,0,2
1168864,46305,2,0,2
93152,46306,2,2,0
232432,46307,2,2,0
445040,46308,2,1,1
1106528,46309,2,1,1
70104,46310,2,1,1
818592,46311,2,1,1
237336,46312,2,1,1
1909904,46313,2,1,1
203360,46314,2,1,1
253632,46315,2,1,1
8364480,46316,2,2,0
147536,46317,2,1,1
242128,46318,2,2,0
1530352,46319,2,2,0
1448936,46320,2,2,0
499176,46321,2,1,1
635352,46322,2,0,2
2718384,46323,2,0,2
5096824,46324,2,0,2
799048,46325,2,0,2
915424,46326,2,1,1
3058792,46327,2,1,1
3674920,46328,2,0,2
262504,46329,2,0,2
2567888,46330,2,1,1
4075960,46331,2,1,1
3475088,46332,2,0,2
454728,46333,2,0,2
422880,46334,2,1,1
395592,46335,2,0,2
331584,46336,2,0,2
4100448,46337,2,1,1
448672,46338,2,1,1
190080,46339,2,1,1
2907416,46340,2,0,2
788960,46341,2,1,1
291136,46342,2,2,0
1063984,46343,2,1,1
950472,46344,2,0,2
1426184,46345,2,0,2
1482472,46346,2,0,2
599312,46347,2,2,0
202152,46348,2,0,2
254296,46349,2,1,1
563160,46350,2,1,1
354424,46351,2,1,1
1709872,46352,2,1,1
275976,46353,2,1,1
442408,46354,2,1,1
963144,46355,2,1,1
673760,46356,2,1,1
120664,46357,2,1,1
6308560,46358,2,0,2
336328,46359,2,1,1
2032544,46360,2,1,1
548120,46361,2,2,0
1422960,46362,2,1,1
98608,46363,2,1,1
1091992,46364,2,1,1
991880,46365,2,0,2
581752,46366,2,1,1
8185176,46367,2,1,1
3032760,46368,2,2,0
599344,46369,2,1,1
161032,46370,2,1,1
1423208,46371,2,0,2
3702880,46372,2,0,2
290024,46373,2,1,1
1717056,46374,2,1,1
253504,46375,2,1,1
894504,46376,2,1,1
521424,46377,2,1,1
327016,46378,2,1,1
5631936,46379,2,2,0
856728,46380,2,1,1
1266768,46381,2,0,2
878336,46382,2,2,0
259800,46383,2,1,1
588760,46384,2,0,2
565032,46385,2,2,0
211520,46386,2,0,2
260592,46387,2,0,2
936296,46388,2,0,2
774192,46389,2,1,1
6485392,46390,2,2,0
1607912,46391,2,1,1
925016,46392,2,2,0
3223872,46393,2,1,1
361048,46394,2,2,0
837120,46395,2,1,1
723064,46396,2,1,1
1112464,46397,2,0,2
3415528,46398,2,0,2
130888,46399,2,1,1
561184,46400,2,2,0
1198768,46401,2,1,1
378144,46402,2,1,1
1272496,46403,2,1,1
752984,46404,2,2,0
425360,46405,2,1,1
407984,46406,2,0,2
142200,46407,2,1,1
502888,46408,2,2,0
247208,46409,2,2,0
147520,46410,2,2,0
512592,46411,2,1,1
230040,46412,2,2,0
915528,46413,2,1,1
110608,46414,2,2,0
430976,46415,2,0,2
1263608,46416,2,0,2
2338688,46417,2,1,1
300104,46418,2,1,1
2994424,46419,2,2,0
2080696,46420,2,2,0
264320,46421,2,2,0
477392,46422,2,2,0
357208,46423,2,2,0
164888,46424,2,1,1
6365192,46425,2,2,0
159344,46426,2,2,0
2045584,46427,2,2,0
531848,46428,2,2,0
420680,46429,2,1,1
972000,46430,2,1,1
1421544,46431,2,0,2
5335904,46432,2,1,1
7245504,46433,2,1,1
445448,46434,2,1,1
313680,46435,2,2,0
363504,46436,2,1,1
282432,46437,2,1,1
296104,46438,2,0,2
1185640,46439,2,1,1
375784,46440,2,1,1
1138624,46441,2,1,1
352248,46442,2,1,1
2315328,46443,2,2,0
1379208,46444,2,1,1
459232,46445,2,0,2
3688048,46446,2,0,2
3270904,46447,2,0,2
710728,46448,2,0,2
333208,46449,2,0,2
1014744,46450,2,2,0
2113976,46451,2,0,2
363384,46452,2,2,0
853848,46453,2,1,1
275184,46454,2,1,1
342184,46455,2,1,1
208960,46456,2,1,1
7208616,46457,2,1,1
223856,46458,2,1,1
300696,46459,2,1,1
888704,46460,2,1,1
1295184,46461,2,0,2
440152,46462,2,0,2
814632,46463,2,1,1
933912,46464,2,2,0
462872,46465,2,1,1
670864,46466,2,2,0
3589184,46467,2,2,0
274952,46468,2,1,1
1800080,46469,2,2,0
647256,46470,2,0,2
3922760,46471,2,2,0
476280,46472,2,0,2
7356368,46473,2,2,0
702792,46474,2,1,1
1327632,46475,2,2,0
152688,46476,2,0,2
194008,46477,2,1,1
4405968,46478,2,1,1
355864,46479,2,1,1
1001496,46480,2,1,1
701096,46481,2,1,1
759568,46482,2,1,1
911224,46483,2,0,2
421928,46484,2,1,1
3387344,46485,2,1,1
159632,46486,2,1,1
745856,46487,2,2,0
2108616,46488,2,1,1
246984,46489,2,1,1
69072,46490,2,2,0
457064,46491,2,2,0
1856976,46492,2,1,1
554032,46493,2,1,1
338760,46494,2,0,2
517904,46495,2,2,0
223456,46496,2,1,1
1694216,46497,2,2,0
687544,46498,2,2,0
1875544,46499,2,2,0
416800,46500,2,0,2
347544,46501,2,1,1
942960,46502,2,2,0
2043200,46503,2,2,0
105928,46504,2,1,1
7156872,46505,2,2,0
101264,46506,2,1,1
601464,46507,2,0,2
380680,46508,2,1,1
249144,46509,2,1,1
206896,46510,2,1,1
2890712,46511,2,2,0
157448,46512,2,1,1
1158208,46513,2,1,1
987128,46514,2,1,1
124712,46515,2,1,1
1165816,46516,2,2,0
190840,46517,2,0,2
201112,46518,2,2,0
114384,46519,2,0,2
691416,46520,2,1,1
331880,46521,2,0,2
422432,46522,2,0,2
524272,46523,2,1,1
121088,46524,2,0,2
408712,46525,2,2,0
235312,46526,2,0,2
377576,46527,2,0,2
488904,46528,2,2,0
417032,46529,2,0,2
633424,46530,2,0,2
4900328,46531,2,1,1
5712336,46532,2,2,0
584424,46533,2,2,0
7600432,46534,2,0,2
3927232,46535,2,1,1
347536,46536,2,2,0
1932744,46537,2,1,1
826424,46538,2,1,1
661208,46539,2,2,0
185504,46540,2,2,0
1899688,46541,2,2,0
248976,46542,2,0,2
257208,46543,2,1,1
370504,46544,2,1,1
1321840,46545,2,1,1
1377936,46546,2,1,1
2559008,46547,2,1,1
85424,46548,2,1,1
1334344,46549,2,1,1
5814040,46550,2,1,1
5709592,46551,2,1,1
3550744,46552,2,1,1
149208,46553,2,1,1
882120,46554,2,1,1
244480,46555,2,1,1
94528,46556,2,2,0
1000560,46557,2,1,1
966864,46558,2,0,2
132240,46559,2,1,1
2942504,46560,2,1,1
1650360,46561,2,0,2
229432,46562,2,1,1
2686632,46563,2,1,1
1557536,46564,2,0,2
690072,46565,2,2,0
1176344,46566,2,1,1
913816,46567,2,1,1
6767816,46568,2,1,1
69048,46569,2,1,1
852568,46570,2,2,0
308336,46571,2,1,1
669568,46572,2,1,1
658720,46573,2,2,0
204320,46574,2,2,0
783600,46575,2,1,1
182688,46576,2,1,1
1143808,46577,2,1,1
445984,46578,2,0,2
433352,46579,2,1,1
313112,46580,2,1,1
510672,46581,2,2,0
346560,46582,2,1,1
608576,46583,2,0,2
903248,46584,2,0,2
2157864,46585,2,1,1
1541632,46586,2,1,1
495784,46587,2,1,1
1796496,46588,2,0,2
836360,46589,2,0,2
396992,46590,2,0,2
168376,46591,2,2,0
757152,46592,2,2,0
3443408,46593,2,0,2
3579504,46594,2,1,1
426704,46595,2,1,1
269680,46596,2,0,2
1511328,46597,2,2,0
3315192,46598,2,1,1
140000,46599,2,0,2
795184,46600,2,1,1
183344,46601,2,0,2
1016896,46602,2,0,2
1337080,46603,2,2,0
7285424,46604,2,0,2
134368,46605,2,1,1
513048,46606,2,2,0
514824,46607,2,0,2
949528,46608,2,0,2
215440,46609,2,1,1
1192360,46610,2,2,0
547984,46611,2,1,1
2733752,46612,2,0,2
214152,46613,2,2,0
525096,46614,2,1,1
1079368,46615,2,0,2
1414904,46616,2,0,2
1800576,46617,2,0,2
2234168,46618,2,1,1
780696,46619,2,0,2
262616,46620,2,2,0
960928,46621,2,0,2
8234424,46622,2,1,1
306520,46623,2,1,1
563976,46624,2,1,1
303304,46625,2,1,1
273592,46626,2,1,1
4846024,46627,2,0,2
1244808,46628,2,2,0
1491080,46629,2,1,1
137584,46630,2,1,1
3400872,46631,2,0,2
713536,46632,2,1,1
131840,46633,2,0,2
7211064,46634,2,1,1
941944,46635,2,1,1
202240,46636,2,1,1
7392776,46637,2,1,1
468256,46638,2,2,0
315672,46639,2,0,2
718512,46640,2,2,0
293200,46641,2,0,2
240112,46642,2,1,1
1666688,46643,2,1,1
585664,46644,2,1,1
93552,46645,2,2,0
459520,46646,2,1,1
166664,46647,2,1,1
406472,46648,2,2,0
544504,46649,2,0,2
2229376,46650,2,2,0
4004744,46651,2,2,0
2706704,46652,2,0,2
731776,46653,2,1,1
256736,46654,2,1,1
621752,46655,2,2,0
397352,46656,2,2,0
323912,46657,2,1,1
469712,46658,2,1,1
1802824,46659,2,1,1
2247016,46660,2,1,1
4237872,46661,2,1,1
1111888,46662,2,2,0
960912,46663,2,1,1
5913848,46664,2,0,2
193824,46665,2,2,0
400728,46666,2,2,0
528304,46667,2,0,2
698888,46668,2,1,1
412792,46669,2,0,2
296088,46670,2,1,1
5985160,46671,2,1,1
909496,46672,2,1,1
1682976,46673,2,1,1
2595912,46674,2,0,2
321624,46675,2,0,2
208984,46676,2,2,0
3136296,46677,2,0,2
142336,46678,2,2,0
1235368,46679,2,0,2
538720,46680,2,2,0
234432,46681,2,1,1
4408744,46682,2,1,1
1711536,46683,2,0,2
2505888,46684,2,1,1
399144,46685,2,1,1
1122800,46686,2,1,1
321040,46687,2,1,1
469280,46688,2,0,2
355288,46689,2,0,2
795448,46690,2,1,1
238080,46691,2,1,1
1248856,46692,2,2,0
339120,46693,2,1,1
276368,46694,2,1,1
1889536,46695,2,1,1
466224,46696,2,1,1
912920,46697,2,2,0
4422320,46698,2,2,0
4914176,46699,2,0,2
2884384,46700,2,1,1
268688,46701,2,0,2
216064,46702,2,1,1
1085776,46703,2,1,1
304456,46704,2,1,1
483696,46705,2,1,1
526400,46706,2,1,1
340024,46707,2,1,1
5295032,46708,2,1,1
2862632,46709,2,1,1
2956584,46710,2,1,1
1566872,46711,2,1,1
238504,46712,2,2,0
1250184,46713,2,1,1
215368,46714,2,0,2
8035104,46715,2,1,1
274160,46716,2,1,1
358200,46717,2,1,1
629984,46718,2,0,2
423272,46719,2,1,1
3564144,46720,2,2,0
688144,46721,2,2,0
463744,46722,2,1,1
224168,46723,2,0,2
7580232,46724,2,1,1
335368,46725,2,0,2
103640,46726,2,1,1
262920,46727,2,1,1
472248,46728,2,0,2
3763424,46729,2,2,0
1258360,46730,2,1,1
1440752,46731,2,0,2
196112,46732,2,0,2
156120,46733,2,1,1
299632,46734,2,0,2
2164896,46735,2,1,1
6952448,46736,2,0,2
140480,46737,2,2,0
2458600,46738,2,0,2
473152,46739,2,1,1
499224,46740,2,2,0
585240,46741,2,1,1
177848,46742,2,2,0
102456,46743,2,1,1
146840,46744,2,0,2
585328,46745,2,1,1
85968,46746,2,2,0
6317088,46747,2,1,1
940504,46748,2,2,0
158264,46749,2,1,1
770312,46750,2,2,0
111528,46751,2,1,1
462328,46752,2,0,2
583536,46753,2,1,1
215920,46754,2,1,1
280984,46755,2,1,1
466376,46756,2,1,1
120088,46757,2,0,2
931952,46758,2,1,1
194776,46759,2,0,2
517496,46760,2,0,2
403632,46761,2,1,1
3560456,46762,2,2,0
3247248,46763,2,1,1
238104,46764,2,0,2
867464,46765,2,2,0
3913288,46766,2,2,0
5843744,46767,2,2,0
146224,46768,2,1,1
2739824,46769,2,0,2
507792,46770,2,1,1
132968,46771,2,2,0
970392,46772,2,0,2
203944,46773,2,1,1
754544,46774,2,0,2
439032,46775,2,2,0
238312,46776,2,1,1
1148512,46777,2,2,0
1564488,46778,2,1,1
2931984,46779,2,2,0
124640,46780,2,1,1
395968,46781,2,2,0
126944,46782,2,1,1
346656,46783,2,1,1
216232,46784,2,2,0
357184,46785,2,1,1
1394336,46786,2,1,1
406608,46787,2,0,2
273512,46788,2,0,2
2425576,46789,2,1,1
167320,46790,2,1,1
185056,46791,2,0,2
269920,46792,2,0,2
983832,46793,2,1,1
1144000,46794,2,0,2
549168,46795,2,1,1
341656,46796,2,1,1
899920,46797,2,2,0
1336256,46798,2,1,1
808880,46799,2,1,1
8361608,46800,2,0,2
195032,46801,2,0,2
232200,46802,2,2,0
144888,46803,2,0,2
2587344,46804,2,1,1
4964040,46805,2,0,2
197192,46806,2,2,0
721496,46807,2,0,2
1199816,46808,2,1,1
352992,46809,2,2,0
472536,46810,2,1,1
386632,46811,2,2,0
1152760,46812,2,1,1
485432,46813,2,1,1
5273696,46814,2,2,0
1724216,46815,2,1,1
2499448,46816,2,1,1
375920,46817,2,1,1
5064144,46818,2,1,1
1699656,46819,2,1,1
131752,46820,2,2,0
1274368,46821,2,1,1
750784,46822,2,2,0
3640840,46823,2,1,1
275104,46824,2,0,2
383144,46825,2,1,1
97544,46826,2,2,0
1273144,46827,2,0,2
514224,46828,2,2,0
939160,46829,2,0,2
602424,46830,2,2,0
286968,46831,2,1,1
332128,46832,2,0,2
5995808,46833,2,0,2
113672,46834,2,1,1
1321736,46835,2,0,2
576384,46836,2,2,0
1405312,46837,2,0,2
238824,46838,2,0,2
967464,46839,2,2,0
476352,46840,2,0,2
3076480,46841,2,2,0
513528,46842,2,2,0
265992,46843,2,1,1
1736128,46844,2,0,2
527616,46845,2,1,1
2641736,46846,2,2,0
193384,46847,2,1,1
4487376,46848,2,2,0
1490976,46849,2,0,2
1455608,46850,2,2,0
878288,46851,2,2,0
379880,46852,2,2,0
529680,46853,2,0,2
529984,46854,2,1,1
2122016,46855,2,0,2
3230072,46856,2,1,1
110368,46857,2,1,1
200800,46858,2,1,1
750608,46859,2,1,1
301320,46860,2,0,2
178248,46861,2,1,1
807208,46862,2,1,1
5010384,46863,2,1,1
702840,46864,2,0,2
168040,46865,2,2,0
249928,46866,2,0,2
565768,46867,2,1,1
134536,46868,2,1,1
403800,46869,2,2,0
180624,46870,2,0,2
1251728,46871,2,1,1
477128,46872,2,1,1
198856,46873,2,2,0
225384,46874,2,1,1
355768,46875,2,1,1
3528496,46876,2,0,2
199736,46877,2,1,1
167920,46878,2,2,0
359144,46879,2,1,1
642440,46880,2,0,2
194904,46881,2,1,1
2550320,46882,2,1,1
1946440,46883,2,1,1
1110168,46884,2,1,1
6871352,46885,2,2,0
1173648,46886,2,1,1
2025096,46887,2,1,1
2533344,46888,2,1,1
140808,46889,2,0,2
125440,46890,2,2,0
602824,46891,2,0,2
205272,46892,2,1,1
1312376,46893,2,1,1
5019592,46894,2,2,0
728600,46895,2,1,1
147112,46896,2,1,1
265552,46897,2,1,1
653176,46898,2,2,0
460576,46899,2,1,1
111296,46900,2,1,1
447864,46901,2,0,2
589728,46902,2,1,1
522944,46903,2,1,1
260336,46904,2,2,0
434472,46905,2,0,2
228488,46906,2,1,1
192544,46907,2,2,0
2769608,46908,2,0,2
1297840,46909,2,1,1
1266456,46910,2,1,1
410952,46911,2,2,0
112272,46912,2,0,2
277192,46913,2,2,0
1097808,46914,2,1,1
473608,46915,2,0,2
354872,46916,2,2,0
662936,46917,2,0,2
59784,46918,2,1,1
353376,46919,2,2,0
352000,46920,2,0,2
1239864,46921,2,1,1
2699256,46922,2,1,1
563056,46923,2,1,1
262120,46924,2,1,1
3014544,46925,2,1,1
395456,46926,2,2,0
149560,46927,2,1,1
534808,46928,2,1,1
3136544,46929,2,2,0
1034232,46930,2,2,0
457464,46931,2,1,1
212448,46932,2,1,1
4220488,46933,2,2,0
2121592,46934,2,0,2
303624,46935,2,1,1
898256,46936,2,0,2
2182928,46937,2,0,2
3224712,46938,2,2,0
410648,46939,2,1,1
856792,46940,2,1,1
119496,46941,2,2,0
445752,46942,2,0,2
339768,46943,2,2,0
389832,46944,2,1,1
835856,46945,2,1,1
139424,46946,2,1,1
1900128,46947,2,1,1
2701976,46948,2,2,0
479048,46949,2,0,2
1287408,46950,2,0,2
160792,46951,2,1,1
870104,46952,2,1,1
7423408,46953,2,0,2
1013400,46954,2,2,0
3227312,46955,2,2,0
227096,46956,2,0,2
1330504,46957,2,2,0
1430608,46958,2,1,1
1460272,46959,2,2,0
4265336,46960,2,0,2
361808,46961,2,0,2
627456,46962,2,1,1
3105864,46963,2,1,1
696280,46964,2,0,2
307080,46965,2,1,1
405832,46966,2,2,0
5632832,46967,2,0,2
224496,46968,2,2,0
215576,46969,2,1,1
3181256,46970,2,2,0
1087880,46971,2,0,2
1796808,46972,2,2,0
167880,46973,2,2,0
1117416,46974,2,1,1
1637976,46975,2,1,1
3396688,46976,2,2,0
137616,46977,2,1,1
542256,46978,2,0,2
83216,46979,2,0,2
227432,46980,2,1,1
2540176,46981,2,1,1
461248,46982,2,1,1
815448,46983,2,1,1
449488,46984,2,1,1
264016,46985,2,2,0
173872,46986,2,1,1
1214992,46987,2,1,1
1773208,46988,2,1,1
2192032,46989,2,1,1
586000,46990,2,1,1
187528,46991,2,1,1
666040,46992,2,1,1
337112,46993,2,1,1
650168,46994,2,0,2
450520,46995,2,1,1
674040,46996,2,2,0
109032,46997,2,0,2
765184,46998,2,1,1
471944,46999,2,0,2
3006584,47000,2,1,1
187616,47001,2,0,2
347808,47002,2,1,1
133024,47003,2,1,1
920440,47004,2,1,1
572944,47005,2,2,0
666024,47006,2,2,0
463792,47007,2,0,2
218376,47008,2,0,2
671248,47009,2,0,2
1658576,47010,2,0,2
2310336,47011,2,0,2
1841520,47012,2,1,1
1226928,47013,2,1,1
185672,47014,2,1,1
384832,47015,2,0,2
2611648,47016,2,1,1
346256,47017,2,1,1
1014080,47018,2,0,2
390080,47019,2,2,0
745552,47020,2,1,1
2036848,47021,2,1,1
4829200,47022,2,0,2
5743200,47023,2,2,0
385048,47024,2,1,1
435752,47025,2,2,0
183912,47026,2,1,1
3096720,47027,2,2,0
1951248,47028,2,1,1
949712,47029,2,2,0
768216,47030,2,2,0
3154632,47031,2,2,0
140024,47032,2,1,1
1127040,47033,2,2,0
305416,47034,2,1,1
4012392,47035,2,1,1
1199344,47036,2,2,0
216760,47037,2,2,0
398000,47038,2,2,0
947416,47039,2,2,0
285648,47040,2,0,2
326560,47041,2,0,2
645896,47042,2,1,1
6015200,47043,2,2,0
886856,47044,2,1,1
1552056,47045,2,0,2
2717096,47046,2,2,0
1262696,47047,2,1,1
824976,47048,2,0,2
238672,47049,2,1,1
122912,47050,2,2,0
7284360,47051,2,1,1
394064,47052,2,1,1
3675880,47053,2,1,1
922744,47054,2,0,2
756808,47055,2,0,2
1120376,47056,2,1,1
844264,47057,2,0,2
148192,47058,2,0,2
391632,47059,2,2,0
254728,47060,2,1,1
1464880,47061,2,1,1
391840,47062,2,2,0
2462152,47063,2,0,2
269584,47064,2,1,1
256728,47065,2,0,2
946488,47066,2,1,1
1575448,47067,2,2,0
308048,47068,2,0,2
464528,47069,2,2,0
191168,47070,2,2,0
462056,47071,2,1,1
1083504,47072,2,2,0
245144,47073,2,1,1
2011056,47074,2,1,1
3472440,47075,2,1,1
202024,47076,2,1,1
620440,47077,2,0,2
470048,47078,2,1,1
2107936,47079,2,1,1
226432,47080,2,0,2
1699368,47081,2,1,1
781888,47082,2,1,1
985656,47083,2,2,0
253232,47084,2,1,1
135456,47085,2,2,0
289984,47086,2,1,1
1281528,47087,2,2,0
157512,47088,2,0,2
1730376,47089,2,2,0
1691936,47090,2,1,1
541040,47091,2,2,0
155048,47092,2,1,1
1046744,47093,2,1,1
4450168,47094,2,0,2
202600,47095,2,2,0
364416,47096,2,2,0
187256,47097,2,1,1
141152,47098,2,1,1
333136,47099,2,2,0
5992400,47100,2,2,0
129776,47101,2,1,1
136968,47102,2,1,1
302264,47103,2,1,1
1652936,47104,2,0,2
650328,47105,2,2,0
724720,47106,2,1,1
644832,47107,2,0,2
825856,47108,2,0,2
2701736,47109,2,1,1
342880,47110,2,2,0
8190584,47111,2,1,1
173328,47112,2,2,0
977768,47113,2,1,1
171528,47114,2,1,1
1288280,47115,2,2,0
708968,47116,2,1,1
448680,47117,2,1,1
532272,47118,2,1,1
584072,47119,2,1,1
174080,47120,2,1,1
1632776,47121,2,2,0
7449328,47122,2,1,1
583096,47123,2,1,1
956432,47124,2,1,1
467496,47125,2,2,0
234328,47126,2,2,0
1165400,47127,2,2,0
4940944,47128,2,0,2
757832,47129,2,1,1
322064,47130,2,1,1
1502720,47131,2,0,2
1714512,47132,2,1,1
2226608,47133,2,2,0
439016,47134,2,0,2
1312328,47135,2,1,1
2338352,47136,2,2,0
709376,47137,2,0,2
961720,47138,2,1,1
590928,47139,2,0,2
318464,47140,2,1,1
299080,47141,2,2,0
735344,47142,2,2,0
190344,47143,2,2,0
519168,47144,2,2,0
374848,47145,2,2,0
599896,47146,2,1,1
2471880,47147,2,1,1
1359064,47148,2,0,2
492696,47149,2,1,1
461432,47150,2,0,2
3827672,47151,2,1,1
6080792,47152,2,1,1
597696,47153,2,2,0
2394640,47154,2,1,1
336432,47155,2,1,1
891488,47156,2,1,1
5631320,47157,2,0,2
1799504,47158,2,1,1
822344,47159,2,1,1
247184,47160,2,2,0
1459904,47161,2,0,2
1836904,47162,2,1,1
880848,47163,2,0,2
245656,47164,2,1,1
146504,47165,2,1,1
131488,47166,2,1,1
413664,47167,2,1,1
2462272,47168,2,1,1
2166680,47169,2,2,0
1263880,47170,2,0,2
1213360,47171,2,2,0
1718640,47172,2,2,0
112840,47173,2,1,1
3897216,47174,2,2,0
2783200,47175,2,0,2
2349912,47176,2,1,1
616000,47177,2,0,2
238592,47178,2,1,1
419232,47179,2,1,1
5155472,47180,2,0,2
1704704,47181,2,0,2
508496,47182,2,1,1
427408,47183,2,1,1
3883112,47184,2,1,1
5931200,47185,2,1,1
901128,47186,2,2,0
626432,47187,2,1,1
1062512,47188,2,1,1
637776,47189,2,2,0
333256,47190,2,2,0
1064336,47191,2,2,0
126232,47192,2,1,1
1016504,47193,2,1,1
136072,47194,2,1,1
1254456,47195,2,1,1
1526600,47196,2,2,0
523800,47197,2,2,0
6508768,47198,2,2,0
940056,47199,2,0,2
1311096,47200,2,0,2
823312,47201,2,2,0
278552,47202,2,0,2
2670384,47203,2,2,0
4800248,47204,2,1,1
5494632,47205,2,2,0
298104,47206,2,0,2
997216,47207,2,1,1
873392,47208,2,2,0
977352,47209,2,2,0
307712,47210,2,0,2
2696976,47211,2,2,0
494608,47212,2,1,1
558376,47213,2,1,1
910040,47214,2,1,1
649928,47215,2,2,0
244944,47216,2,0,2
6429448,47217,2,1,1
488672,47218,2,0,2
147736,47219,2,1,1
1221960,47220,2,0,2
344168,47221,2,1,1
4420016,47222,2,0,2
218360,47223,2,0,2
223000,47224,2,1,1
1944256,47225,2,0,2
845888,47226,2,1,1
1432320,47227,2,1,1
550216,47228,2,2,0
154880,47229,2,1,1
706424,47230,2,2,0
403232,47231,2,0,2
785176,47232,2,1,1
326440,47233,2,1,1
5601224,47234,2,1,1
1724952,47235,2,0,2
2002600,47236,2,1,1
456120,47237,2,1,1
4062648,47238,2,2,0
1588896,47239,2,1,1
452392,47240,2,2,0
341064,47241,2,0,2
590432,47242,2,1,1
5703232,47243,2,1,1
995960,47244,2,1,1
264096,47245,2,2,0
432264,47246,2,1,1
8206064,47247,2,1,1
170160,47248,2,2,0
240408,47249,2,2,0
371472,47250,2,1,1
530224,47251,2,1,1
1159248,47252,2,1,1
223208,47253,2,0,2
3029192,47254,2,1,1
391416,47255,2,1,1
483464,47256,2,1,1
219432,47257,2,2,0
1511480,47258,2,0,2
625944,47259,2,2,0
696440,47260,2,1,1
5284736,47261,2,2,0
233576,47262,2,1,1
526160,47263,2,1,1
8104016,47264,2,0,2
408328,47265,2,1,1
2228480,47266,2,1,1
784880,47267,2,2,0
393184,47268,2,1,1
242272,47269,2,2,0
783408,47270,2,1,1
815240,47271,2,1,1
541448,47272,2,0,2
1556808,47273,2,2,0
281440,47274,2,0,2
171856,47275,2,1,1
160304,47276,2,2,0
254944,47277,2,2,0
1443424,47278,2,1,1
418352,47279,2,1,1
1224936,47280,2,1,1
1946304,47281,2,1,1
169448,47282,2,2,0
160128,47283,2,1,1
2126496,47284,2,1,1
961544,47285,2,1,1
7441944,47286,2,1,1
292504,47287,2,1,1
166840,47288,2,1,1
4324664,47289,2,2,0
164440,47290,2,0,2
220696,47291,2,1,1
378240,47292,2,1,1
1774568,47293,2,1,1
5115488,47294,2,1,1
545336,47295,2,2,0
266944,47296,2,2,0
1118248,47297,2,0,2
1554880,47298,2,2,0
1917000,47299,2,0,2
129200,47300,2,2,0
1856408,47301,2,1,1
305536,47302,2,0,2
711440,47303,2,1,1
4476416,47304,2,1,1
93728,47305,2,0,2
805216,47306,2,1,1
2113688,47307,2,1,1
376208,47308,2,1,1
185592,47309,2,1,1
643136,47310,2,1,1
841744,47311,2,0,2
667448,47312,2,0,2
449440,47313,2,0,2
289144,47314,2,1,1
1124816,47315,2,0,2
944304,47316,2,1,1
754224,47317,2,0,2
336616,47318,2,2,0
1137728,47319,2,2,0
564008,47320,2,0,2
2543840,47321,2,1,1
1698856,47322,2,0,2
319200,47323,2,1,1
248952,47324,2,1,1
218712,47325,2,1,1
2507864,47326,2,1,1
1178968,47327,2,0,2
954096,47328,2,2,0
2064656,47329,2,2,0
5514760,47330,2,0,2
257960,47331,2,0,2
775256,47332,2,1,1
936416,47333,2,1,1
273904,47334,2,1,1
396856,47335,2,1,1
242016,47336,2,1,1
190160,47337,2,2,0
430680,47338,2,0,2
309632,47339,2,1,1
572824,47340,2,2,0
524952,47341,2,0,2
1289104,47342,2,2,0
2400104,47343,2,1,1
6563496,47344,2,2,0
88360,47345,2,1,1
527096,47346,2,1,1
1942144,47347,2,0,2
231064,47348,2,1,1
1297200,47349,2,0,2
3737640,47350,2,0,2
3586864,47351,2,1,1
1140256,47352,2,0,2
1152016,47353,2,1,1
981464,47354,2,1,1
188232,47355,2,0,2
1529448,47356,2,1,1
1482584,47357,2,1,1
325936,47358,2,0,2
1196192,47359,2,0,2
2014632,47360,2,1,1
485064,47361,2,1,1
1237024,47362,2,2,0
185552,47363,2,2,0
2301328,47364,2,2,0
256720,47365,2,2,0
1143736,47366,2,1,1
239088,47367,2,0,2
1098368,47368,2,1,1
440656,47369,2,1,1
2281992,47370,2,1,1
3879600,47371,2,1,1
1102480,47372,2,1,1
1470544,47373,2,0,2
452928,47374,2,2,0
3974720,47375,2,1,1
2451736,47376,2,2,0
1953440,47377,2,0,2
949096,47378,2,1,1
915680,47379,2,0,2
4263728,47380,2,1,1
2918816,47381,2,2,0
335152,47382,2,1,1
254840,47383,2,2,0
3455280,47384,2,1,1
217824,47385,2,2,0
231472,47386,2,1,1
177776,47387,2,2,0
1230432,47388,2,0,2
1882360,47389,2,2,0
920368,47390,2,1,1
1035392,47391,2,2,0
1425120,47392,2,0,2
543760,47393,2,1,1
185256,47394,2,1,1
1024152,47395,2,1,1
6208560,47396,2,2,0
210776,47397,2,1,1
670888,47398,2,1,1
297024,47399,2,2,0
422744,47400,2,2,0
267136,47401,2,1,1
1353536,47402,2,2,0
448848,47403,2,0,2
7899392,47404,2,1,1
177608,47405,2,1,1
458040,47406,2,0,2
350528,47407,2,2,0
84480,47408,2,1,1
2224192,47409,2,1,1
229888,47410,2,1,1
302936,47411,2,2,0
2918432,47412,2,1,1
5852392,47413,2,0,2
1792032,47414,2,1,1
260720,47415,2,0,2
334888,47416,2,0,2
354856,47417,2,0,2
280024,47418,2,1,1
1943176,47419,2,2,0
149880,47420,2,2,0
718632,47421,2,2,0
261040,47422,2,0,2
1741416,47423,2,1,1
227576,47424,2,1,1
138616,47425,2,0,2
353664,47426,2,1,1
102232,47427,2,1,1
128544,47428,2,0,2
1260672,47429,2,2,0
493136,47430,2,0,2
127320,47431,2,1,1
1418816,47432,2,1,1
2240696,47433,2,0,2
3820896,47434,2,1,1
731680,47435,2,1,1
133888,47436,2,1,1
123696,47437,2,2,0
98952,47438,2,1,1
1219992,47439,2,0,2
697040,47440,2,1,1
1552320,47441,2,0,2
125512,47442,2,1,1
1086632,47443,2,2,0
209696,47444,2,1,1
515536,47445,2,1,1
218696,47446,2,0,2
189352,47447,2,1,1
6336464,47448,2,1,1
229632,47449,2,1,1
508840,47450,2,2,0
412712,47451,2,0,2
112584,47452,2,1,1
571408,47453,2,0,2
1816600,47454,2,1,1
185160,47455,2,1,1
389160,47456,2,0,2
856200,47457,2,1,1
266776,47458,2,2,0
141688,47459,2,0,2
599296,47460,2,0,2
2358280,47461,2,2,0
449816,47462,2,2,0
181208,47463,2,2,0
558152,47464,2,1,1
972352,47465,2,1,1
607176,47466,2,1,1
758936,47467,2,1,1
5579472,47468,2,1,1
97816,47469,2,1,1
755760,47470,2,1,1
2742448,47471,2,2,0
1283512,47472,2,1,1
1076840,47473,2,1,1
643808,47474,2,2,0
1066216,47475,2,2,0
470032,47476,2,1,1
1249944,47477,2,2,0
3983552,47478,2,1,1
319496,47479,2,2,0
665624,47480,2,1,1
976624,47481,2,1,1
2545008,47482,2,1,1
566000,47483,2,1,1
3276504,47484,2,1,1
3842816,47485,2,2,0
180208,47486,2,2,0
1017872,47487,2,0,2
1453840,47488,2,1,1
1165080,47489,2,2,0
437544,47490,2,1,1
784536,47491,2,0,2
110000,47492,2,0,2
477920,47493,2,1,1
2214112,47494,2,2,0
1317208,47495,2,2,0
2246104,47496,2,0,2
1824424,47497,2,0,2
279064,47498,2,1,1
523496,47499,2,1,1
710048,47500,2,2,0
215400,47501,2,0,2
4713992,47502,2,0,2
102560,47503,2,1,1
126088,47504,2,1,1
421744,47505,2,0,2
753480,47506,2,1,1
3999456,47507,2,1,1
1523744,47508,2,1,1
508016,47509,2,0,2
133960,47510,2,2,0
3489992,47511,2,1,1
1055792,47512,2,1,1
748056,47513,2,0,2
619752,47514,2,0,2
2306152,47515,2,0,2
3520000,47516,2,1,1
538576,47517,2,0,2
213960,47518,2,1,1
178976,47519,2,1,1
111760,47520,2,2,0
2056864,47521,2,1,1
117904,47522,2,2,0
2106872,47523,2,1,1
3038048,47524,2,1,1
202296,47525,2,2,0
1518448,47526,2,1,1
3747952,47527,2,0,2
108464,47528,2,0,2
154256,47529,2,0,2
131320,47530,2,0,2
485688,47531,2,2,0
267320,47532,2,0,2
1231864,47533,2,0,2
1063152,47534,2,0,2
588256,47535,2,1,1
4976744,47536,2,2,0
177288,47537,2,0,2
1228056,47538,2,2,0
327856,47539,2,1,1
1954584,47540,2,1,1
1468808,47541,2,2,0
322248,47542,2,1,1
5110368,47543,2,0,2
130672,47544,2,1,1
500072,47545,2,1,1
2184328,47546,2,1,1
263520,47547,2,1,1
4745984,47548,2,0,2
6568824,47549,2,1,1
5428656,47550,2,1,1
366672,47551,2,1,1
874416,47552,2,0,2
321080,47553,2,1,1
477904,47554,2,1,1
794344,47555,2,1,1
6652808,47556,2,2,0
201376,47557,2,0,2
504152,47558,2,1,1
3084376,47559,2,1,1
691816,47560,2,1,1
81472,47561,2,0,2
5510824,47562,2,2,0
175640,47563,2,1,1
116944,47564,2,1,1
213680,47565,2,1,1
750904,47566,2,0,2
497976,47567,2,1,1
380072,47568,2,1,1
242664,47569,2,1,1
145992,47570,2,1,1
243752,47571,2,1,1
387800,47572,2,2,0
293128,47573,2,0,2
869912,47574,2,0,2
2907752,47575,2,0,2
67536,47576,2,1,1
414752,47577,2,1,1
419456,47578,2,0,2
1357600,47579,2,0,2
212704,47580,2,1,1
2533792,47581,2,0,2
637864,47582,2,2,0
1764136,47583,2,0,2
357816,47584,2,1,1
227768,47585,2,1,1
649024,47586,2,0,2
174504,47587,2,1,1
593960,47588,2,1,1
1599800,47589,2,0,2
2757400,47590,2,0,2
1746272,47591,2,1,1
4745152,47592,2,1,1
935072,47593,2,0,2
529072,47594,2,2,0
1764264,47595,2,0,2
768336,47596,2,0,2
265456,47597,2,1,1
1845000,47598,2,0,2
3399680,47599,2,1,1
216688,47600,2,0,2
571456,47601,2,2,0
4447680,47602,2,0,2
5135120,47603,2,0,2
1184984,47604,2,1,1
288280,47605,2,0,2
3589272,47606,2,1,1
702240,47607,2,1,1
3398760,47608,2,1,1
350048,47609,2,0,2
92360,47610,2,1,1
285464,47611,2,1,1
4865104,47612,2,1,1
808624,47613,2,1,1
1761904,47614,2,0,2
2097832,47615,2,2,0
2136152,47616,2,2,0
357000,47617,2,1,1
394616,47618,2,1,1
3532232,47619,2,1,1
7587624,47620,2,2,0
1268240,47621,2,0,2
396944,47622,2,0,2
107216,47623,2,2,0
537928,47624,2,0,2
175048,47625,2,0,2
1010768,47626,2,0,2
359320,47627,2,1,1
992072,47628,2,2,0
1942736,47629,2,0,2
242976,47630,2,1,1
400432,47631,2,1,1
729208,47632,2,2,0
1399024,47633,2,2,0
156096,47634,2,0,2
558976,47635,2,2,0
1369400,47636,2,1,1
953032,47637,2,1,1
480832,47638,2,1,1
74112,47639,2,2,0
3022752,47640,2,1,1
948072,47641,2,2,0
444664,47642,2,2,0
140440,47643,2,1,1
314536,47644,2,0,2
830720,47645,2,2,0
286328,47646,2,1,1
360952,47647,2,2,0
290200,47648,2,2,0
415360,47649,2,0,2
316352,47650,2,1,1
4264744,47651,2,1,1
531544,47652,2,0,2
252040,47653,2,2,0
357480,47654,2,1,1
117200,47655,2,0,2
80512,47656,2,2,0
1888552,47657,2,0,2
289632,47658,2,1,1
164408,47659,2,0,2
672240,47660,2,0,2
414736,47661,2,2,0
794600,47662,2,0,2
246016,47663,2,0,2
1952968,47664,2,2,0
5078000,47665,2,1,1
117128,47666,2,0,2
868056,47667,2,0,2
194840,47668,2,1,1
5946544,47669,2,1,1
123032,47670,2,1,1
5664464,47671,2,0,2
263384,47672,2,2,0
1654472,47673,2,0,2
311768,47674,2,1,1
285344,47675,2,2,0
6355760,47676,2,1,1
3326192,47677,2,1,1
136776,47678,2,2,0
564312,47679,2,0,2
2060112,47680,2,2,0
676720,47681,2,0,2
4133648,47682,2,0,2
599536,47683,2,1,1
213240,47684,2,1,1
513184,47685,2,0,2
950032,47686,2,1,1
253952,47687,2,0,2
956640,47688,2,0,2
3796064,47689,2,2,0
276464,47690,2,0,2
1527472,47691,2,1,1
425184,47692,2,1,1
552960,47693,2,1,1
1083440,47694,2,1,1
2462280,47695,2,1,1
2966072,47696,2,1,1
290696,47697,2,2,0
6071040,47698,2,2,0
363232,47699,2,2,0
595936,47700,2,1,1
864680,47701,2,1,1
1173624,47702,2,2,0
232984,47703,2,1,1
277264,47704,2,0,2
1116344,47705,2,1,1
2134536,47706,2,0,2
767912,47707,2,2,0
833808,47708,2,2,0
210832,47709,2,2,0
470040,47710,2,1,1
532440,47711,2,1,1
845040,47712,2,1,1
1694704,47713,2,1,1
2037232,47714,2,1,1
721744,47715,2,2,0
715024,47716,2,2,0
123344,47717,2,0,2
1131648,47718,2,1,1
101176,47719,2,2,0
3154096,47720,2,1,1
1106632,47721,2,1,1
1929584,47722,2,1,1
426680,47723,2,0,2
5384784,47724,2,1,1
365760,47725,2,2,0
277048,47726,2,2,0
1325048,47727,2,2,0
4928192,47728,2,0,2
876480,47729,2,1,1
1023608,47730,2,1,1
864544,47731,2,2,0
1699384,47732,2,0,2
294416,47733,2,2,0
1567288,47734,2,1,1
2777808,47735,2,1,1
138320,47736,2,1,1
4405160,47737,2,1,1
1001760,47738,2,2,0
248024,47739,2,1,1
83336,47740,2,1,1
250456,47741,2,1,1
562480,47742,2,0,2
5813216,47743,2,1,1
2695304,47744,2,1,1
1555264,47745,2,1,1
2522464,47746,2,0,2
6026376,47747,2,2,0
1365248,47748,2,2,0
840704,47749,2,1,1
283400,47750,2,1,1
461376,47751,2,0,2
617136,47752,2,2,0
81728,47753,2,0,2
1095152,47754,2,1,1
73232,47755,2,1,1
242856,47756,2,0,2
187128,47757,2,1,1
1049048,47758,2,1,1
323448,47759,2,0,2
833488,47760,2,1,1
635096,47761,2,1,1
3921328,47762,2,2,0
177304,47763,2,2,0
6199960,47764,2,1,1
238304,47765,2,1,1
2112416,47766,2,1,1
234464,47767,2,1,1
322608,47768,2,1,1
924520,47769,2,2,0
1074520,47770,2,0,2
5355504,47771,2,1,1
733800,47772,2,2,0
7537824,47773,2,1,1
3470808,47774,2,1,1
848888,47775,2,1,1
155136,47776,2,1,1
272264,47777,2,1,1
193240,47778,2,0,2
117864,47779,2,1,1
204704,47780,2,2,0
416000,47781,2,1,1
219672,47782,2,2,0
231416,47783,2,1,1
497992,47784,2,1,1
1895736,47785,2,1,1
2623240,47786,2,1,1
1501216,47787,2,2,0
8169760,47788,2,1,1
103096,47789,2,1,1
229680,47790,2,1,1
128704,47791,2,2,0
139152,47792,2,0,2
124752,47793,2,1,1
3199192,47794,2,1,1
1530280,47795,2,1,1
275592,47796,2,2,0
1292064,47797,2,2,0
358904,47798,2,1,1
557160,47799,2,1,1
113944,47800,2,2,0
2771880,47801,2,0,2
519848,47802,2,2,0
370240,47803,2,2,0
59224,47804,2,2,0
367176,47805,2,0,2
1999736,47806,2,0,2
293784,47807,2,0,2
8256992,47808,2,1,1
614936,47809,2,2,0
808976,47810,2,2,0
709344,47811,2,1,1
337160,47812,2,1,1
291336,47813,2,1,1
1634568,47814,2,0,2
841312,47815,2,2,0
758728,47816,2,2,0
358704,47817,2,0,2
4785456,47818,2,1,1
5543592,47819,2,0,2
1855912,47820,2,1,1
822992,47821,2,2,0
686112,47822,2,0,2
339320,47823,2,1,1
3307328,47824,2,0,2
142040,47825,2,1,1
258120,47826,2,2,0
210856,47827,2,0,2
1036264,47828,2,2,0
244136,47829,2,1,1
253056,47830,2,2,0
826472,47831,2,0,2
138688,47832,2,0,2
356048,47833,2,0,2
1551960,47834,2,1,1
1286144,47835,2,0,2
638656,47836,2,1,1
982664,47837,2,1,1
3280288,47838,2,2,0
230936,47839,2,0,2
553032,47840,2,2,0
986592,47841,2,1,1
361696,47842,2,1,1
3511008,47843,2,1,1
1356664,47844,2,1,1
239472,47845,2,1,1
237120,47846,2,2,0
149184,47847,2,1,1
1212072,47848,2,2,0
829440,47849,2,1,1
501688,47850,2,1,1
553872,47851,2,1,1
839400,47852,2,1,1
655408,47853,2,2,0
3534496,47854,2,1,1
294328,47855,2,1,1
328984,47856,2,0,2
615408,47857,2,0,2
545264,47858,2,2,0
2660832,47859,2,0,2
143888,47860,2,0,2
1380032,47861,2,0,2
262072,47862,2,1,1
160032,47863,2,1,1
598568,47864,2,2,0
3171456,47865,2,0,2
472736,47866,2,1,1
405184,47867,2,1,1
6070008,47868,2,2,0
6557344,47869,2,2,0
636800,47870,2,1,1
967496,47871,2,0,2
267728,47872,2,2,0
427552,47873,2,1,1
1566896,47874,2,2,0
707720,47875,2,0,2
87512,47876,2,2,0
247664,47877,2,0,2
170880,47878,2,1,1
810872,47879,2,2,0
4458744,47880,2,0,2
339928,47881,2,2,0
1424320,47882,2,1,1
117120,47883,2,1,1
364160,47884,2,0,2
178144,47885,2,1,1
1373688,47886,2,0,2
2572936,47887,2,0,2
668384,47888,2,0,2
110224,47889,2,2,0
493368,47890,2,2,0
221152,47891,2,0,2
156048,47892,2,0,2
334832,47893,2,2,0
333512,47894,2,0,2
3751032,47895,2,2,0
930464,47896,2,2,0
7870768,47897,2,2,0
261992,47898,2,0,2
920040,47899,2,2,0
230904,47900,2,1,1
102136,47901,2,1,1
1173456,47902,2,1,1
313368,47903,2,1,1
725992,47904,2,2,0
152256,47905,2,1,1
1023240,47906,2,2,0
2033016,47907,2,2,0
852984,47908,2,1,1
219616,47909,2,2,0
800464,47910,2,2,0
4142048,47911,2,1,1
611104,47912,2,1,1
473704,47913,2,1,1
420744,47914,2,0,2
6323136,47915,2,1,1
698744,47916,2,2,0
1363920,47917,2,0,2
457480,47918,2,1,1
820376,47919,2,0,2
306336,47920,2,1,1
632336,47921,2,2,0
114224,47922,2,0,2
1258552,47923,2,2,0
176104,47924,2,2,0
89632,47925,2,0,2
1316688,47926,2,1,1
5808152,47927,2,2,0
187824,47928,2,0,2
327144,47929,2,0,2
683616,47930,2,0,2
369552,47931,2,1,1
140728,47932,2,1,1
8030872,47933,2,2,0
275936,47934,2,1,1
609680,47935,2,1,1
1110544,47936,2,1,1
2627536,47937,2,1,1
311384,47938,2,1,1
3552032,47939,2,0,2
276752,47940,2,2,0
777448,47941,2,0,2
1101432,47942,2,2,0
143816,47943,2,1,1
185288,47944,2,2,0
628736,47945,2,2,0
1291568,47946,2,0,2
713640,47947,2,2,0
363392,47948,2,2,0
1100816,47949,2,1,1
812136,47950,2,1,1
1541792,47951,2,2,0
841576,47952,2,1,1
142824,47953,2,1,1
1139904,47954,2,1,1
574560,47955,2,1,1
265592,47956,2,1,1
4178592,47957,2,1,1
680832,47958,2,1,1
434464,47959,2,1,1
894192,47960,2,1,1
235952,47961,2,1,1
3740856,47962,2,1,1
210600,47963,2,1,1
697984,47964,2,0,2
865760,47965,2,2,0
231768,47966,2,1,1
132368,47967,2,2,0
214088,47968,2,2,0
1356696,47969,2,1,1
411840,47970,2,0,2
1409856,47971,2,1,1
217360,47972,2,2,0
693464,47973,2,1,1
189904,47974,2,1,1
2214144,47975,2,1,1
6293608,47976,2,2,0
3450960,47977,2,2,0
394928,47978,2,2,0
1123288,47979,2,0,2
2669392,47980,2,1,1
1007040,47981,2,0,2
224872,47982,2,2,0
204536,47983,2,2,0
1027232,47984,2,1,1
451208,47985,2,0,2
132504,47986,2,0,2
2854664,47987,2,0,2
1757520,47988,2,2,0
179928,47989,2,1,1
492064,47990,2,1,1
829496,47991,2,2,0
236936,47992,2,2,0
820048,47993,2,1,1
174720,47994,2,0,2
525560,47995,2,0,2
377728,47996,2,2,0
538264,47997,2,1,1
178696,47998,2,1,1
673984,47999,2,1,1
104368,48000,2,1,1
885128,48001,2,1,1
2652488,48002,2,1,1
388640,48003,2,1,1
1917088,48004,2,1,1
1882128,48005,2,2,0
193528,48006,2,0,2
618152,48007,2,1,1
606624,48008,2,1,1
272728,48009,2,1,1
3567480,48010,2,1,1
5859296,48011,2,0,2
208096,48012,2,2,0
1294064,48013,2,1,1
305520,48014,2,0,2
1201240,48015,2,0,2
114144,48016,2,1,1
370592,48017,2,1,1
223024,48018,2,1,1
379568,48019,2,0,2
267624,48020,2,0,2
165672,48021,2,1,1
199008,48022,2,0,2
1320744,48023,2,0,2
284360,48024,2,0,2
376912,48025,2,0,2
698928,48026,2,2,0
398560,48027,2,2,0
144736,48028,2,0,2
3325616,48029,2,1,1
1080136,48030,2,2,0
329464,48031,2,2,0
862256,48032,2,1,1
164624,48033,2,1,1
1297392,48034,2,1,1
281048,48035,2,2,0
767504,48036,2,1,1
212536,48037,2,2,0
416320,48038,2,0,2
95568,48039,2,1,1
199264,48040,2,1,1
342936,48041,2,0,2
781512,48042,2,1,1
7980232,48043,2,2,0
1786232,48044,2,1,1
550208,48045,2,0,2
115552,48046,2,1,1
78632,48047,2,1,1
510040,48048,2,0,2
376280,48049,2,2,0
2338792,48050,2,2,0
195016,48051,2,1,1
681184,48052,2,1,1
768392,48053,2,0,2
2785248,48054,2,1,1
1205696,48055,2,2,0
3533824,48056,2,2,0
645432,48057,2,0,2
165600,48058,2,1,1
126352,48059,2,1,1
344768,48060,2,1,1
311288,48061,2,1,1
1050432,48062,2,1,1
1264456,48063,2,1,1
3539584,48064,2,2,0
6832856,48065,2,1,1
564640,48066,2,0,2
1402040,48067,2,1,1
50664,48068,2,1,1
742880,48069,2,1,1
3903880,48070,2,2,0
198432,48071,2,0,2
407072,48072,2,1,1
1189272,48073,2,0,2
162944,48074,2,1,1
153224,48075,2,1,1
412592,48076,2,1,1
766472,48077,2,1,1
1175992,48078,2,1,1
228144,48079,2,0,2
193808,48080,2,2,0
641000,48081,2,0,2
437976,48082,2,1,1
2446920,48083,2,2,0
267400,48084,2,0,2
730048,48085,2,1,1
205952,48086,2,2,0
627416,48087,2,1,1
2109888,48088,2,1,1
1062912,48089,2,1,1
4175624,48090,2,0,2
473624,48091,2,0,2
2993504,48092,2,1,1
1601944,48093,2,0,2
540432,48094,2,1,1
4890952,48095,2,1,1
248424,48096,2,1,1
6256656,48097,2,1,1
2919672,48098,2,2,0
3289552,48099,2,1,1
281832,48100,2,2,0
272640,48101,2,0,2
484944,48102,2,0,2
668160,48103,2,0,2
372960,48104,2,1,1
320072,48105,2,2,0
852720,48106,2,1,1
1087112,48107,2,0,2
1377408,48108,2,2,0
95816,48109,2,2,0
491824,48110,2,1,1
3645048,48111,2,1,1
575888,48112,2,1,1
323664,48113,2,0,2
744264,48114,2,0,2
2189800,48115,2,2,0
373112,48116,2,1,1
4365480,48117,2,0,2
128864,48118,2,1,1
1675440,48119,2,1,1
470344,48120,2,0,2
7931984,48121,2,1,1
1581424,48122,2,0,2
609968,48123,2,1,1
621568,48124,2,1,1
422296,48125,2,0,2
1648480,48126,2,1,1
338008,48127,2,1,1
733360,48128,2,0,2
181376,48129,2,2,0
4520800,48130,2,2,0
436600,48131,2,1,1
223056,48132,2,0,2
132432,48133,2,1,1
8260312,48134,2,0,2
153888,48135,2,2,0
106040,48136,2,2,0
164376,48137,2,2,0
568680,48138,2,0,2
2255704,48139,2,1,1
4068232,48140,2,0,2
243216,48141,2,0,2
6892376,48142,2,0,2
327776,48143,2,1,1
1264232,48144,2,2,0
5956184,48145,2,1,1
189064,48146,2,0,2
650064,48147,2,1,1
755464,48148,2,0,2
133616,48149,2,2,0
477424,48150,2,0,2
6434904,48151,2,1,1
133920,48152,2,0,2
353560,48153,2,1,1
1133768,48154,2,1,1
249888,48155,2,2,0
2807800,48156,2,1,1
108088,48157,2,1,1
4197392,48158,2,1,1
341392,48159,2,0,2
457608,48160,2,1,1
1240176,48161,2,1,1
152560,48162,2,2,0
135880,48163,2,1,1
623512,48164,2,1,1
1050744,48165,2,2,0
120704,48166,2,2,0
1184280,48167,2,0,2
592808,48168,2,1,1
462832,48169,2,1,1
1350872,48170,2,1,1
1089200,48171,2,1,1
442816,48172,2,0,2
1353512,48173,2,1,1
1352024,48174,2,2,0
275672,48175,2,0,2
455672,48176,2,1,1
192048,48177,2,1,1
131480,48178,2,1,1
2034576,48179,2,2,0
1590656,48180,2,0,2
2017104,48181,2,1,1
1233096,48182,2,1,1
801704,48183,2,1,1
178384,48184,2,0,2
153424,48185,2,1,1
462384,48186,2,2,0
2197720,48187,2,1,1
2867552,48188,2,1,1
2627368,48189,2,0,2
1034824,48190,2,1,1
1712088,48191,2,0,2
1736320,48192,2,2,0
193648,48193,2,1,1
421016,48194,2,0,2
377056,48195,2,1,1
308160,48196,2,2,0
152520,48197,2,1,1
204664,48198,2,0,2
170632,48199,2,2,0
188800,48200,2,1,1
191056,48201,2,2,0
2461224,48202,2,2,0
888256,48203,2,1,1
3757472,48204,2,0,2
496768,48205,2,2,0
581704,48206,2,0,2
3878832,48207,2,1,1
462288,48208,2,1,1
7750848,48209,2,1,1
282968,48210,2,0,2
3147608,48211,2,0,2
254088,48212,2,1,1
269168,48213,2,1,1
575128,48214,2,2,0
4952464,48215,2,1,1
1054560,48216,2,2,0
7480496,48217,2,1,1
224016,48218,2,0,2
93224,48219,2,0,2
192336,48220,2,0,2
1294856,48221,2,0,2
228824,48222,2,0,2
3381912,48223,2,1,1
827360,48224,2,1,1
155584,48225,2,1,1
809832,48226,2,0,2
1510536,48227,2,1,1
906392,48228,2,0,2
3612992,48229,2,0,2
5389496,48230,2,1,1
183696,48231,2,2,0
305128,48232,2,2,0
1370704,48233,2,2,0
180568,48234,2,0,2
939440,48235,2,2,0
376760,48236,2,2,0
821288,48237,2,2,0
3162336,48238,2,0,2
4098520,48239,2,2,0
250928,48240,2,1,1
900864,48241,2,1,1
1015240,48242,2,0,2
891984,48243,2,1,1
1648008,48244,2,1,1
251856,48245,2,1,1
134272,48246,2,1,1
423248,48247,2,1,1
618408,48248,2,1,1
7119216,48249,2,1,1
544680,48250,2,1,1
619112,48251,2,1,1
267592,48252,2,0,2
269704,48253,2,0,2
355272,48254,2,2,0
121368,48255,2,1,1
2218864,48256,2,0,2
4880440,48257,2,2,0
251128,48258,2,1,1
2600360,48259,2,1,1
87080,48260,2,2,0
1874032,48261,2,1,1
2791912,48262,2,1,1
6544704,48263,2,0,2
687312,48264,2,1,1
696560,48265,2,2,0
134840,48266,2,0,2
2899736,48267,2,2,0
88896,48268,2,0,2
550232,48269,2,0,2
566600,48270,2,1,1
672400,48271,2,2,0
2807032,48272,2,2,0
46912,48273,2,1,1
2018088,48274,2,2,0
307256,48275,2,1,1
170216,48276,2,1,1
1086536,48277,2,1,1
787808,48278,2,2,0
7551240,48279,2,1,1
711520,48280,2,1,1
1256232,48281,2,2,0
701520,48282,2,1,1
1097680,48283,2,1,1
2580888,48284,2,1,1
234056,48285,2,1,1
1877072,48286,2,1,1
137880,48287,2,1,1
1272776,48288,2,0,2
537216,48289,2,0,2
892304,48290,2,1,1
1734768,48291,2,1,1
324880,48292,2,2,0
1449224,48293,2,1,1
2071888,48294,2,2,0
1854760,48295,2,2,0
411904,48296,2,0,2
386496,48297,2,1,1
537848,48298,2,2,0
361104,48299,2,1,1
1411264,48300,2,0,2
4904168,48301,2,1,1
1244048,48302,2,1,1
161104,48303,2,2,0
386472,48304,2,0,2
258456,48305,2,0,2
158776,48306,2,2,0
206584,48307,2,2,0
877992,48308,2,0,2
95880,48309,2,1,1
510136,48310,2,1,1
166128,48311,2,0,2
958192,48312,2,1,1
105672,48313,2,2,0
158664,48314,2,1,1
223112,48315,2,1,1
178656,48316,2,2,0
208696,48317,2,0,2
3234768,48318,2,1,1
212216,48319,2,1,1
738744,48320,2,0,2
697952,48321,2,1,1
145080,48322,2,1,1
165552,48323,2,2,0
334976,48324,2,2,0
492120,48325,2,2,0
1964504,48326,2,1,1
7393312,48327,2,2,0
528768,48328,2,2,0
740504,48329,2,1,1
282048,48330,2,1,1
2048304,48331,2,0,2
6599880,48332,2,1,1
1710384,48333,2,1,1
658152,48334,2,2,0
1063112,48335,2,1,1
1456784,48336,2,1,1
445504,48337,2,1,1
2295216,48338,2,2,0
150400,48339,2,1,1
925880,48340,2,2,0
2671856,48341,2,1,1
402472,48342,2,2,0
4827808,48343,2,1,1
400952,48344,2,1,1
1858400,48345,2,0,2
580624,48346,2,1,1
506504,48347,2,0,2
501672,48348,2,1,1
481520,48349,2,1,1
1311872,48350,2,1,1
512064,48351,2,1,1
685504,48352,2,1,1
531344,48353,2,0,2
217184,48354,2,0,2
128400,48355,2,0,2
713416,48356,2,1,1
710168,48357,2,1,1
184264,48358,2,2,0
634544,48359,2,1,1
3713784,48360,2,2,0
1453032,48361,2,0,2
335944,48362,2,2,0
339304,48363,2,2,0
330008,48364,2,2,0
197968,48365,2,1,1
1422616,48366,2,1,1
730736,48367,2,0,2
86096,48368,2,1,1
2052192,48369,2,0,2
224096,48370,2,1,1
124688,48371,2,1,1
280296,48372,2,2,0
1345896,48373,2,1,1
54152,48374,2,0,2
1033168,48375,2,1,1
1732752,48376,2,2,0
162224,48377,2,0,2
734176,48378,2,1,1
1640240,48379,2,1,1
1351856,48380,2,1,1
385056,48381,2,0,2
273168,48382,2,1,1
460480,48383,2,1,1
352576,48384,2,2,0
6379608,48385,2,2,0
4616744,48386,2,1,1
406456,48387,2,0,2
1528064,48388,2,0,2
1193576,48389,2,0,2
1056944,48390,2,1,1
1880312,48391,2,1,1
595072,48392,2,0,2
345064,48393,2,1,1
146864,48394,2,0,2
596024,48395,2,0,2
882784,48396,2,1,1
437368,48397,2,2,0
267832,48398,2,2,0
1086304,48399,2,1,1
405336,48400,2,2,0
2210744,48401,2,1,1
782840,48402,2,1,1
664944,48403,2,1,1
2263856,48404,2,2,0
178832,48405,2,0,2
818744,48406,2,0,2
949008,48407,2,1,1
8082824,48408,2,2,0
5891496,48409,2,1,1
158736,48410,2,2,0
237096,48411,2,1,1
168064,48412,2,1,1
111160,48413,2,1,1
279632,48414,2,2,0
101768,48415,2,2,0
841344,48416,2,0,2
299600,48417,2,1,1
584808,48418,2,1,1
713816,48419,2,0,2
240992,48420,2,2,0
8281000,48421,2,1,1
613560,48422,2,0,2
4598136,48423,2,1,1
288656,48424,2,1,1
392960,48425,2,0,2
207552,48426,2,1,1
688784,48427,2,1,1
759240,48428,2,2,0
445280,48429,2,1,1
929784,48430,2,2,0
714264,48431,2,2,0
1297784,48432,2,1,1
5232432,48433,2,0,2
813680,48434,2,1,1
468768,48435,2,1,1
317728,48436,2,0,2
1979880,48437,2,1,1
335064,48438,2,1,1
923064,48439,2,0,2
108104,48440,2,1,1
1260352,48441,2,1,1
278136,48442,2,1,1
240600,48443,2,1,1
304976,48444,2,0,2
284096,48445,2,2,0
952712,48446,2,1,1
335312,48447,2,1,1
586136,48448,2,1,1
243032,48449,2,0,2
572128,48450,2,0,2
342800,48451,2,2,0
1059600,48452,2,2,0
1451624,48453,2,0,2
3030568,48454,2,0,2
444880,48455,2,2,0
443560,48456,2,1,1
448400,48457,2,2,0
1179600,48458,2,2,0
3590360,48459,2,2,0
108472,48460,2,0,2
639448,48461,2,2,0
444856,48462,2,0,2
578192,48463,2,0,2
1513456,48464,2,2,0
104240,48465,2,1,1
1091904,48466,2,1,1
2034312,48467,2,0,2
119904,48468,2,1,1
338408,48469,2,2,0
374584,48470,2,2,0
3505656,48471,2,0,2
231392,48472,2,2,0
1441520,48473,2,1,1
2201216,48474,2,2,0
127128,48475,2,1,1
260656,48476,2,0,2
332768,48477,2,2,0
717120,48478,2,1,1
270936,48479,2,0,2
7884896,48480,2,0,2
777544,48481,2,1,1
7163816,48482,2,2,0
35656,48483,2,1,1
259296,48484,2,1,1
2150600,48485,2,2,0
130840,48486,2,2,0
446512,48487,2,1,1
5710400,48488,2,2,0
1702624,48489,2,1,1
89824,48490,2,2,0
2785256,48491,2,1,1
1735816,48492,2,2,0
216480,48493,2,0,2
689104,48494,2,1,1
5264104,48495,2,2,0
341560,48496,2,1,1
593576,48497,2,1,1
270528,48498,2,1,1
356536,48499,2,0,2
496704,48500,2,1,1
368832,48501,2,1,1
147384,48502,2,0,2
391464,48503,2,0,2
265224,48504,2,2,0
1294544,48505,2,0,2
175712,48506,2,0,2
946120,48507,2,0,2
1999224,48508,2,1,1
115464,48509,2,2,0
289592,48510,2,2,0
484448,48511,2,1,1
586120,48512,2,0,2
79784,48513,2,1,1
638560,48514,2,1,1
214432,48515,2,0,2
368120,48516,2,1,1
1432384,48517,2,2,0
1945368,48518,2,1,1
1016664,48519,2,2,0
454656,48520,2,1,1
6181992,48521,2,2,0
194744,48522,2,1,1
1345448,48523,2,1,1
382264,48524,2,1,1
4640128,48525,2,1,1
3495040,48526,2,1,1
195048,48527,2,1,1
2078200,48528,2,1,1
181944,48529,2,1,1
165728,48530,2,2,0
132400,48531,2,1,1
326624,48532,2,0,2
1025760,48533,2,1,1
792232,48534,2,1,1
1434152,48535,2,2,0
342568,48536,2,1,1
272608,48537,2,2,0
1609448,48538,2,1,1
586728,48539,2,1,1
624048,48540,2,0,2
799592,48541,2,1,1
622144,48542,2,1,1
426552,48543,2,0,2
158560,48544,2,2,0
2176744,48545,2,0,2
390408,48546,2,1,1
92128,48547,2,1,1
302904,48548,2,0,2
726448,48549,2,0,2
1692536,48550,2,2,0
1333592,48551,2,1,1
381568,48552,2,0,2
379472,48553,2,1,1
4678392,48554,2,1,1
409304,48555,2,1,1
1299016,48556,2,1,1
513256,48557,2,2,0
3684776,48558,2,0,2
303864,48559,2,1,1
2455776,48560,2,1,1
605344,48561,2,0,2
546800,48562,2,1,1
316304,48563,2,1,1
442688,48564,2,2,0
176064,48565,2,0,2
369872,48566,2,0,2
1291744,48567,2,1,1
679608,48568,2,2,0
628064,48569,2,2,0
733040,48570,2,2,0
438304,48571,2,1,1
5814624,48572,2,2,0
1118040,48573,2,1,1
60904,48574,2,2,0
357552,48575,2,1,1
2498856,48576,2,0,2
63216,48577,2,2,0
1533280,48578,2,2,0
376816,48579,2,1,1
538560,48580,2,1,1
286456,48581,2,2,0
520480,48582,2,2,0
163632,48583,2,2,0
2022592,48584,2,0,2
1344792,48585,2,0,2
3499368,48586,2,1,1
468912,48587,2,1,1
2139176,48588,2,1,1
125832,48589,2,1,1
704096,48590,2,1,1
114704,48591,2,1,1
674080,48592,2,2,0
7079832,48593,2,2,0
99600,48594,2,2,0
374568,48595,2,2,0
425472,48596,2,1,1
7668000,48597,2,1,1
411880,48598,2,2,0
393080,48599,2,2,0
1817224,48600,2,1,1
232192,48601,2,2,0
1944032,48602,2,0,2
283280,48603,2,0,2
562032,48604,2,1,1
273040,48605,2,1,1
643384,48606,2,1,1
215192,48607,2,1,1
606648,48608,2,1,1
2102744,48609,2,2,0
449328,48610,2,1,1
445680,48611,2,1,1
545408,48612,2,1,1
385600,48613,2,1,1
153496,48614,2,2,0
1734800,48615,2,1,1
234416,48616,2,1,1
967776,48617,2,2,0
1118664,48618,2,1,1
892584,48619,2,0,2
1685496,48620,2,1,1
174392,48621,2,2,0
4162352,48622,2,0,2
1107200,48623,2,2,0
622368,48624,2,0,2
949216,48625,2,1,1
821912,48626,2,1,1
1090704,48627,2,1,1
492920,48628,2,1,1
138912,48629,2,1,1
349840,48630,2,1,1
3230232,48631,2,1,1
1359560,48632,2,1,1
3811856,48633,2,1,1
1253672,48634,2,1,1
99816,48635,2,0,2
217400,48636,2,0,2
7667416,48637,2,0,2
605560,48638,2,1,1
669376,48639,2,1,1
6740952,48640,2,0,2
427744,48641,2,0,2
645176,48642,2,0,2
530480,48643,2,0,2
990744,48644,2,1,1
785080,48645,2,2,0
215808,48646,2,0,2
227664,48647,2,1,1
464128,48648,2,0,2
605472,48649,2,1,1
484880,48650,2,1,1
248600,48651,2,1,1
595128,48652,2,1,1
1421936,48653,2,1,1
3913416,48654,2,2,0
155336,48655,2,2,0
155704,48656,2,1,1
157600,48657,2,2,0
6424008,48658,2,1,1
729912,48659,2,1,1
5647880,48660,2,2,0
763440,48661,2,1,1
1633288,48662,2,2,0
5342888,48663,2,1,1
512864,48664,2,1,1
2232752,48665,2,1,1
406952,48666,2,2,0
297576,48667,2,2,0
577704,48668,2,0,2
179792,48669,2,0,2
4440568,48670,2,2,0
119408,48671,2,1,1
1697208,48672,2,0,2
280224,48673,2,1,1
119568,48674,2,1,1
667296,48675,2,1,1
862376,48676,2,0,2
223808,48677,2,2,0
125288,48678,2,1,1
80440,48679,2,1,1
232584,48680,2,0,2
109288,48681,2,0,2
1272216,48682,2,1,1
77936,48683,2,2,0
350776,48684,2,2,0
1491232,48685,2,2,0
476920,48686,2,0,2
1868120,48687,2,2,0
1179648,48688,2,1,1
1291896,48689,2,0,2
808664,48690,2,1,1
317936,48691,2,1,1
335864,48692,2,1,1
729200,48693,2,1,1
435928,48694,2,1,1
489064,48695,2,1,1
168128,48696,2,1,1
1179552,48697,2,0,2
1042384,48698,2,1,1
302648,48699,2,1,1
559184,48700,2,2,0
560760,48701,2,0,2
463208,48702,2,1,1
322176,48703,2,0,2
905120,48704,2,2,0
175000,48705,2,0,2
1629592,48706,2,2,0
618944,48707,2,2,0
246104,48708,2,1,1
179256,48709,2,1,1
95864,48710,2,2,0
127512,48711,2,2,0
965368,48712,2,0,2
111936,48713,2,0,2
7399536,48714,2,0,2
2751768,48715,2,1,1
334360,48716,2,0,2
474928,48717,2,0,2
85512,48718,2,1,1
154488,48719,2,1,1
263232,48720,2,0,2
4620528,48721,2,0,2
882872,48722,2,2,0
2088696,48723,2,1,1
1236624,48724,2,2,0
430232,48725,2,1,1
213968,48726,2,2,0
626816,48727,2,1,1
126560,48728,2,1,1
2408640,48729,2,2,0
6866384,48730,2,1,1
369888,48731,2,0,2
950224,48732,2,0,2
510624,48733,2,0,2
276504,48734,2,1,1
7449840,48735,2,0,2
883256,48736,2,1,1
3920480,48737,2,2,0
318064,48738,2,2,0
421672,48739,2,1,1
1408496,48740,2,0,2
160640,48741,2,1,1
526640,48742,2,0,2
312136,48743,2,1,1
309176,48744,2,1,1
452112,48745,2,1,1
195512,48746,2,0,2
1219768,48747,2,1,1
299648,48748,2,2,0
807712,48749,2,0,2
211256,48750,2,1,1
2718536,48751,2,1,1
321632,48752,2,0,2
5784656,48753,2,2,0
147576,48754,2,1,1
182968,48755,2,0,2
577784,48756,2,0,2
230928,48757,2,2,0
224832,48758,2,0,2
356080,48759,2,1,1
862712,48760,2,0,2
123736,48761,2,2,0
230992,48762,2,1,1
334144,48763,2,2,0
409808,48764,2,0,2
4390792,48765,2,0,2
492280,48766,2,0,2
2149864,48767,2,2,0
6989680,48768,2,1,1
347048,48769,2,2,0
1383464,48770,2,2,0
236456,48771,2,1,1
679312,48772,2,2,0
240952,48773,2,1,1
233120,48774,2,1,1
964656,48775,2,0,2
504664,48776,2,2,0
586528,48777,2,0,2
76336,48778,2,1,1
1458912,48779,2,1,1
1380016,48780,2,0,2
212416,48781,2,1,1
176680,48782,2,1,1
211992,48783,2,2,0
756568,48784,2,2,0
2501880,48785,2,2,0
163256,48786,2,1,1
155696,48787,2,1,1
1448864,48788,2,1,1
203168,48789,2,1,1
246680,48790,2,1,1
116192,48791,2,0,2
798960,48792,2,1,1
78464,48793,2,0,2
3620208,48794,2,0,2
558440,48795,2,2,0
772440,48796,2,0,2
2148184,48797,2,1,1
342304,48798,2,1,1
864248,48799,2,1,1
576632,48800,2,0,2
164176,48801,2,1,1
698608,48802,2,1,1
225376,48803,2,2,0
5125432,48804,2,2,0
144520,48805,2,1,1
556032,48806,2,2,0
683512,48807,2,1,1
144432,48808,2,2,0
271872,48809,2,1,1
344112,48810,2,2,0
1186304,48811,2,1,1
879440,48812,2,1,1
327424,48813,2,1,1
499680,48814,2,1,1
219504,48815,2,1,1
266264,48816,2,1,1
1079056,48817,2,0,2
96912,48818,2,0,2
405536,48819,2,2,0
504400,48820,2,1,1
2369424,48821,2,1,1
8266160,48822,2,1,1
386416,48823,2,1,1
442360,48824,2,0,2
289680,48825,2,1,1
754248,48826,2,1,1
734184,48827,2,0,2
963096,48828,2,2,0
525848,48829,2,1,1
6567832,48830,2,1,1
155088,48831,2,0,2
132136,48832,2,2,0
1098336,48833,2,0,2
183184,48834,2,1,1
182976,48835,2,2,0
472496,48836,2,2,0
1117176,48837,2,1,1
322160,48838,2,2,0
3235648,48839,2,0,2
122488,48840,2,1,1
4741216,48841,2,1,1
397440,48842,2,0,2
257896,48843,2,1,1
2403696,48844,2,1,1
2802224,48845,2,1,1
581672,48846,2,2,0
329512,48847,2,1,1
128296,48848,2,1,1
1755632,48849,2,0,2
2145320,48850,2,1,1
900928,48851,2,0,2
4906184,48852,2,0,2
604984,48853,2,2,0
416208,48854,2,0,2
457720,48855,2,1,1
614344,48856,2,1,1
1814120,48857,2,1,1
91352,48858,2,1,1
1212544,48859,2,0,2
439304,48860,2,2,0
2432672,48861,2,2,0
359120,48862,2,1,1
1220904,48863,2,1,1
726208,48864,2,1,1
222784,48865,2,2,0
579160,48866,2,2,0
2911024,48867,2,0,2
794512,48868,2,2,0
4115592,48869,2,1,1
3492712,48870,2,0,2
3385136,48871,2,2,0
640680,48872,2,0,2
654576,48873,2,1,1
1137456,48874,2,1,1
1132208,48875,2,1,1
181752,48876,2,0,2
404936,48877,2,1,1
438320,48878,2,1,1
627440,48879,2,1,1
390320,48880,2,1,1
2832192,48881,2,0,2
533048,48882,2,1,1
427992,48883,2,1,1
822368,48884,2,2,0
448264,48885,2,1,1
275784,48886,2,1,1
2888120,48887,2,2,0
775648,48888,2,0,2
584008,48889,2,0,2
4313104,48890,2,0,2
607408,48891,2,1,1
217560,48892,2,2,0
194016,48893,2,2,0
2206752,48894,2,0,2
794320,48895,2,1,1
6594720,48896,2,1,1
2736640,48897,2,1,1
4638560,48898,2,1,1
146632,48899,2,0,2
891992,48900,2,0,2
1818912,48901,2,1,1
401384,48902,2,2,0
635000,48903,2,1,1
170128,48904,2,2,0
307472,48905,2,1,1
3390536,48906,2,0,2
598776,48907,2,2,0
337328,48908,2,2,0
2995792,48909,2,0,2
376632,48910,2,1,1
172424,48911,2,0,2
193216,48912,2,0,2
171360,48913,2,0,2
141184,48914,2,0,2
576152,48915,2,0,2
2516824,48916,2,1,1
1334488,48917,2,0,2
1667496,48918,2,2,0
1318392,48919,2,1,1
739576,48920,2,0,2
351904,48921,2,2,0
1224248,48922,2,2,0
1205736,48923,2,2,0
68088,48924,2,1,1
651680,48925,2,2,0
873280,48926,2,1,1
1478568,48927,2,2,0
205280,48928,2,1,1
246352,48929,2,1,1
3653840,48930,2,2,0
448256,48931,2,0,2
364008,48932,2,2,0
344880,48933,2,2,0
1002984,48934,2,0,2
760104,48935,2,1,1
401088,48936,2,1,1
2179872,48937,2,2,0
251744,48938,2,1,1
3098304,48939,2,1,1
188512,48940,2,2,0
884280,48941,2,2,0
1557416,48942,2,2,0
954856,48943,2,2,0
650504,48944,2,1,1
1734096,48945,2,0,2
418976,48946,2,2,0
1165880,48947,2,1,1
335480,48948,2,1,1
572744,48949,2,0,2
498496,48950,2,1,1
1310376,48951,2,0,2
306040,48952,2,0,2
57768,48953,2,1,1
1802544,48954,2,1,1
404184,48955,2,0,2
374856,48956,2,2,0
208456,48957,2,1,1
159904,48958,2,2,0
3405400,48959,2,0,2
3273320,48960,2,0,2
401936,48961,2,2,0
2294560,48962,2,0,2
82656,48963,2,2,0
140064,48964,2,1,1
138368,48965,2,1,1
995232,48966,2,0,2
266048,48967,2,2,0
1381984,48968,2,0,2
471200,48969,2,2,0
115856,48970,2,1,1
1175408,48971,2,1,1
96464,48972,2,2,0
1267160,48973,2,1,1
858064,48974,2,0,2
611888,48975,2,1,1
601792,48976,2,1,1
6889384,48977,2,2,0
1824520,48978,2,1,1
610944,48979,2,1,1
181984,48980,2,2,0
1719048,48981,2,1,1
1244360,48982,2,2,0
988720,48983,2,1,1
483840,48984,2,0,2
4795480,48985,2,2,0
2812496,48986,2,1,1
309344,48987,2,2,0
120056,48988,2,0,2
1661392,48989,2,0,2
248688,48990,2,1,1
198256,48991,2,1,1
1257784,48992,2,1,1
323368,48993,2,2,0
217504,48994,2,0,2
2647656,48995,2,1,1
733736,48996,2,1,1
716552,48997,2,1,1
4972208,48998,2,1,1
71816,48999,2,1,1
327408,49000,2,0,2
2433760,49001,2,1,1
709960,49002,2,2,0
920200,49003,2,2,0
1573096,49004,2,1,1
437104,49005,2,0,2
601336,49006,2,1,1
409504,49007,2,1,1
1737960,49008,2,2,0
1015528,49009,2,1,1
574360,49010,2,1,1
1144264,49011,2,2,0
805360,49012,2,1,1
918520,49013,2,0,2
292016,49014,2,2,0
170080,49015,2,1,1
661352,49016,2,0,2
331968,49017,2,1,1
483576,49018,2,1,1
1351008,49019,2,1,1
363920,49020,2,1,1
327816,49021,2,1,1
945344,49022,2,1,1
384120,49023,2,0,2
117080,49024,2,1,1
356224,49025,2,0,2
1305592,49026,2,1,1
550728,49027,2,1,1
1647200,49028,2,0,2
1559136,49029,2,1,1
185312,49030,2,0,2
238328,49031,2,1,1
138016,49032,2,0,2
134968,49033,2,1,1
418160,49034,2,1,1
1992568,49035,2,1,1
64104,49036,2,1,1
1915224,49037,2,0,2
268664,49038,2,1,1
995560,49039,2,1,1
305344,49040,2,0,2
2712568,49041,2,2,0
481008,49042,2,0,2
259376,49043,2,1,1
564264,49044,2,1,1
134664,49045,2,2,0
466624,49046,2,0,2
367704,49047,2,0,2
355008,49048,2,1,1
319648,49049,2,0,2
596440,49050,2,2,0
673592,49051,2,2,0
695520,49052,2,0,2
125272,49053,2,0,2
710008,49054,2,2,0
301336,49055,2,1,1
355016,49056,2,1,1
2328368,49057,2,1,1
5325416,49058,2,1,1
1725888,49059,2,0,2
1654656,49060,2,0,2
1208984,49061,2,1,1
1442696,49062,2,1,1
589256,49063,2,0,2
2948456,49064,2,1,1
624192,49065,2,2,0
3016152,49066,2,2,0
614808,49067,2,1,1
363056,49068,2,2,0
1660176,49069,2,1,1
295992,49070,2,1,1
1016240,49071,2,1,1
4885888,49072,2,2,0
895008,49073,2,1,1
916736,49074,2,2,0
247544,49075,2,1,1
447616,49076,2,0,2
100688,49077,2,1,1
494416,49078,2,1,1
2064632,49079,2,1,1
190208,49080,2,1,1
472104,49081,2,1,1
291176,49082,2,0,2
1795232,49083,2,0,2
1039728,49084,2,0,2
659616,49085,2,2,0
672176,49086,2,1,1
706096,49087,2,0,2
7744064,49088,2,2,0
1248768,49089,2,0,2
5058240,49090,2,1,1
921408,49091,2,0,2
305784,49092,2,1,1
273432,49093,2,1,1
1932328,49094,2,1,1
2979536,49095,2,1,1
349688,49096,2,1,1
167792,49097,2,2,0
350056,49098,2,2,0
253464,49099,2,0,2
1080672,49100,2,1,1
225440,49101,2,1,1
2446528,49102,2,2,0
277824,49103,2,1,1
226520,49104,2,2,0
4062032,49105,2,1,1
265488,49106,2,0,2
902696,49107,2,1,1
200488,49108,2,2,0
142872,49109,2,0,2
572312,49110,2,1,1
4403176,49111,2,1,1
248088,49112,2,1,1
533984,49113,2,1,1
859672,49114,2,1,1
703888,49115,2,1,1
736736,49116,2,1,1
7628080,49117,2,1,1
188592,49118,2,1,1
326888,49119,2,1,1
542848,49120,2,2,0
887712,49121,2,1,1
540192,49122,2,2,0
930696,49123,2,1,1
274960,49124,2,2,0
948608,49125,2,1,1
286360,49126,2,1,1
2100248,49127,2,0,2
123984,49128,2,2,0
3997672,49129,2,0,2
479720,49130,2,1,1
684912,49131,2,1,1
507248,49132,2,1,1
475504,49133,2,1,1
353528,49134,2,0,2
3412072,49135,2,1,1
6172304,49136,2,0,2
1757624,49137,2,1,1
332816,49138,2,0,2
2927040,49139,2,2,0
1316184,49140,2,1,1
335416,49141,2,1,1
1150896,49142,2,0,2
5435440,49143,2,0,2
102248,49144,2,0,2
5946368,49145,2,1,1
157608,49146,2,0,2
688400,49147,2,1,1
852120,49148,2,2,0
200936,49149,2,2,0
2197544,49150,2,1,1
427464,49151,2,1,1
1333360,49152,2,2,0
562424,49153,2,1,1
390632,49154,2,1,1
444816,49155,2,0,2
3928328,49156,2,2,0
4533312,49157,2,2,0
4990968,49158,2,1,1
154272,49159,2,0,2
969408,49160,2,1,1
1773048,49161,2,0,2
1161168,49162,2,0,2
220288,49163,2,2,0
1477688,49164,2,1,1
344960,49165,2,2,0
1852464,49166,2,1,1
737208,49167,2,2,0
259352,49168,2,0,2
553312,49169,2,2,0
342768,49170,2,0,2
566336,49171,2,1,1
520608,49172,2,0,2
774888,49173,2,1,1
627712,49174,2,1,1
369864,49175,2,2,0
141800,49176,2,1,1
7129072,49177,2,1,1
405664,49178,2,1,1
217224,49179,2,2,0
1568392,49180,2,2,0
3401928,49181,2,1,1
5099432,49182,2,0,2
477144,49183,2,1,1
491488,49184,2,2,0
355816,49185,2,0,2
2608360,49186,2,1,1
186184,49187,2,1,1
763912,49188,2,1,1
272776,49189,2,1,1
733792,49190,2,1,1
777368,49191,2,1,1
3131088,49192,2,2,0
428832,49193,2,2,0
746184,49194,2,1,1
137728,49195,2,0,2
162808,49196,2,2,0
534000,49197,2,1,1
312072,49198,2,2,0
6338680,49199,2,0,2
236304,49200,2,2,0
666240,49201,2,1,1
1843808,49202,2,0,2
5200864,49203,2,0,2
2137656,49204,2,0,2
210504,49205,2,2,0
1930408,49206,2,2,0
4712928,49207,2,1,1
797984,49208,2,1,1
471424,49209,2,2,0
560952,49210,2,2,0
520584,49211,2,2,0
125056,49212,2,0,2
1225032,49213,2,2,0
4631792,49214,2,2,0
2968176,49215,2,1,1
839432,49216,2,2,0
8035056,49217,2,0,2
6016232,49218,2,1,1
1229456,49219,2,2,0
240256,49220,2,0,2
861232,49221,2,1,1
210616,49222,2,1,1
1150880,49223,2,2,0
192976,49224,2,1,1
2081832,49225,2,2,0
1664320,49226,2,1,1
3269200,49227,2,2,0
330216,49228,2,1,1
274352,49229,2,0,2
473696,49230,2,2,0
703744,49231,2,2,0
204768,49232,2,0,2
7757096,49233,2,1,1
7169160,49234,2,1,1
5111632,49235,2,1,1
4716896,49236,2,1,1
8142208,49237,2,1,1
1881232,49238,2,1,1
717784,49239,2,1,1
142864,49240,2,1,1
530768,49241,2,1,1
2825896,49242,2,0,2
2929752,49243,2,1,1
230504,49244,2,2,0
593712,49245,2,2,0
5422312,49246,2,1,1
118088,49247,2,1,1
1534848,49248,2,0,2
135776,49249,2,0,2
1636472,49250,2,1,1
2659232,49251,2,0,2
122840,49252,2,0,2
179080,49253,2,1,1
322720,49254,2,0,2
468456,49255,2,0,2
325928,49256,2,0,2
160432,49257,2,2,0
1168320,49258,2,2,0
671040,49259,2,1,1
607056,49260,2,2,0
423352,49261,2,1,1
109952,49262,2,1,1
833704,49263,2,0,2
1869744,49264,2,1,1
219960,49265,2,0,2
970040,49266,2,2,0
218576,49267,2,1,1
2365168,49268,2,1,1
1035672,49269,2,1,1
534360,49270,2,1,1
613928,49271,2,1,1
960312,49272,2,2,0
1128368,49273,2,1,1
257216,49274,2,1,1
394888,49275,2,2,0
3068232,49276,2,1,1
115936,49277,2,1,1
308584,49278,2,1,1
358152,49279,2,1,1
1988384,49280,2,2,0
992832,49281,2,2,0
1150616,49282,2,1,1
1223968,49283,2,2,0
752224,49284,2,1,1
895256,49285,2,1,1
157136,49286,2,1,1
403656,49287,2,0,2
3290792,49288,2,2,0
1451648,49289,2,2,0
248528,49290,2,2,0
204192,49291,2,0,2
1878392,49292,2,1,1
1157808,49293,2,0,2
88208,49294,2,0,2
1310496,49295,2,1,1
397912,49296,2,1,1
1028312,49297,2,1,1
1328296,49298,2,1,1
680368,49299,2,1,1
2768768,49300,2,0,2
235688,49301,2,1,1
1936408,49302,2,0,2
3482672,49303,2,1,1
1432816,49304,2,2,0
3009824,49305,2,1,1
5003432,49306,2,2,0
439896,49307,2,0,2
2483336,49308,2,1,1
5914184,49309,2,0,2
839184,49310,2,2,0
444072,49311,2,1,1
201176,49312,2,1,1
123768,49313,2,1,1
802768,49314,2,0,2
730184,49315,2,2,0
5940952,49316,2,1,1
310576,49317,2,1,1
1098224,49318,2,1,1
631480,49319,2,1,1
317584,49320,2,0,2
5597976,49321,2,0,2
1827312,49322,2,1,1
140384,49323,2,1,1
307248,49324,2,1,1
3756240,49325,2,0,2
1146272,49326,2,1,1
173816,49327,2,2,0
798400,49328,2,1,1
476216,49329,2,2,0
495352,49330,2,0,2
778464,49331,2,1,1
224984,49332,2,2,0
178288,49333,2,1,1
645448,49334,2,0,2
198376,49335,2,1,1
1949784,49336,2,1,1
187520,49337,2,0,2
436136,49338,2,2,0
156408,49339,2,1,1
254040,49340,2,0,2
1173592,49341,2,0,2
539096,49342,2,2,0
8003448,49343,2,0,2
514656,49344,2,1,1
113456,49345,2,1,1
261128,49346,2,1,1
1221144,49347,2,2,0
977760,49348,2,1,1
492840,49349,2,2,0
245184,49350,2,2,0
2377688,49351,2,0,2
5170304,49352,2,1,1
413192,49353,2,1,1
1392488,49354,2,1,1
3439408,49355,2,1,1
198344,49356,2,1,1
460536,49357,2,2,0
123648,49358,2,2,0
2676528,49359,2,2,0
216256,49360,2,1,1
5022872,49361,2,1,1
201336,49362,2,1,1
2927760,49363,2,1,1
1532960,49364,2,1,1
97920,49365,2,2,0
178968,49366,2,1,1
1108952,49367,2,0,2
59464,49368,2,0,2
3267136,49369,2,0,2
3360704,49370,2,2,0
531824,49371,2,1,1
165736,49372,2,0,2
539504,49373,2,0,2
3497864,49374,2,1,1
820256,49375,2,1,1
1174696,49376,2,0,2
1374704,49377,2,1,1
258448,49378,2,1,1
151208,49379,2,1,1
2686112,49380,2,1,1
893824,49381,2,1,1
4923528,49382,2,1,1
856776,49383,2,2,0
112928,49384,2,2,0
1310320,49385,2,1,1
1487504,49386,2,1,1
712632,49387,2,1,1
347944,49388,2,2,0
1568800,49389,2,0,2
935936,49390,2,2,0
1345368,49391,2,1,1
248384,49392,2,0,2
1452960,49393,2,1,1
3488920,49394,2,1,1
564688,49395,2,2,0
915640,49396,2,2,0
3855680,49397,2,0,2
651728,49398,2,0,2
346264,49399,2,1,1
774560,49400,2,1,1
842776,49401,2,1,1
2017320,49402,2,1,1
134280,49403,2,1,1
94624,49404,2,2,0
1656704,49405,1,0,1
1476080,49406,1,1,0
6235416,49407,1,0,1
7457912,49408,1,0,1
5576568,49409,1,1,0
389472,49410,1,1,0
1991056,49411,1,1,0
6010496,49412,1,1,0
928168,49413,1,1,0
3446344,49414,1,1,0
4426288,49415,1,1,0
103904,49416,1,1,0
718880,49417,1,0,1
469176,49418,1,1,0
1974320,49419,1,0,1
753080,49420,1,1,0
5801080,49421,1,1,0
5966816,49422,1,1,0
2853056,49423,1,1,0
588552,49424,1,0,1
3295528,49425,1,0,1
216608,49426,1,0,1
3422728,49427,1,1,0
5853856,49428,1,0,1
652008,49429,1,0,1
1526688,49430,1,0,1
806208,49431,1,0,1
3732472,49432,1,1,0
2781456,49433,1,1,0
1005624,49434,1,1,0
6553240,49435,1,0,1
2462312,49436,1,1,0
3448800,49437,1,0,1
2329184,49438,1,1,0
1710568,49439,1,0,1
2528056,49440,1,0,1
2407904,49441,1,0,1
5668544,49442,1,1,0
1230824,49443,1,1,0
3920208,49444,1,1,0
1521536,49445,1,0,1
5974256,49446,1,1,0
5593072,49447,1,0,1
186200,49448,1,0,1
1151736,49449,1,1,0
1124224,49450,1,0,1
2165136,49451,1,0,1
1917952,49452,1,0,1
7421304,49453,1,1,0
4799296,49454,1,1,0
4122192,49455,1,1,0
3221584,49456,1,0,1
2293648,49457,1,1,0
4860544,49458,1,0,1
3517120,49459,1,0,1
858792,49460,1,0,1
7982608,49461,1,0,1
6181248,49462,1,0,1
2323960,49463,1,0,1
2754064,49464,1,1,0
8167552,49465,1,1,0
339248,49466,1,0,1
4465144,49467,1,0,1
1011000,49468,1,1,0
6047016,49469,1,1,0
627056,49470,1,1,0
7531936,49471,1,0,1
2428912,49472,1,0,1
2778904,49473,1,0,1
4901256,49474,1,0,1
1157280,49475,1,1,0
7285568,49476,1,0,1
834376,49477,1,0,1
1681376,49478,1,0,1
2928576,49479,1,0,1
369848,49480,1,0,1
8015880,49481,1,1,0
2239688,49482,1,0,1
1876144,49483,1,1,0
7668160,49484,1,0,1
3642936,49485,1,0,1
420576,49486,1,1,0
1397832,49487,1,0,1
4908152,49488,1,1,0
1268472,49489,1,0,1
7693848,49490,1,0,1
3810928,49491,1,1,0
4412048,49492,1,1,0
1536696,49493,1,0,1
743520,49494,1,1,0
2193576,49495,1,0,1
166968,49496,1,0,1
1085760,49497,1,0,1
1289048,49498,1,1,0
1669168,49499,1,1,0
777968,49500,1,1,0
358608,49501,1,0,1
395032,49502,1,0,1
2147640,49503,1,1,0
2084704,49504,1,1,0
659688,49505,1,1,0
1491176,49506,1,0,1
1113664,49507,1,0,1
611632,49508,1,0,1
5890240,49509,1,1,0
1713080,49510,1,0,1
2643360,49511,1,1,0
7906312,49512,1,0,1
4575568,49513,1,0,1
578504,49514,1,0,1
2115184,49515,1,1,0
1111880,49516,1,1,0
1903136,49517,1,1,0
911816,49518,1,0,1
326104,49519,1,0,1
559168,49520,1,1,0
712536,49521,1,0,1
4749336,49522,1,0,1
1575912,49523,1,0,1
3470904,49524,1,1,0
808328,49525,1,0,1
1075384,49526,1,0,1
7544824,49527,1,0,1
5224496,49528,1,1,0
1490792,49529,1,0,1
3910712,49530,1,0,1
8256176,49531,1,0,1
6239200,49532,1,0,1
594384,49533,1,1,0
3182416,49534,1,1,0
1194304,49535,1,1,0
2148096,49536,1,1,0
1429408,49537,1,0,1
6959056,49538,1,1,0
154680,49539,1,1,0
7172296,49540,1,1,0
4804864,49541,1,0,1
6667016,49542,1,1,0
8311032,49543,1,1,0
1454232,49544,1,0,1
829240,49545,1,1,0
1460856,49546,1,1,0
2939248,49547,1,1,0
254024,49548,1,0,1
7433352,49549,1,0,1
2246456,49550,1,0,1
1361736,49551,1,1,0
671560,49552,1,0,1
855280,49553,1,1,0
3210232,49554,1,0,1
5426368,49555,1,0,1
1431800,49556,1,0,1
1580616,49557,1,0,1
1401000,49558,1,1,0
2475920,49559,1,0,1
6340744,49560,1,1,0
8004088,49561,1,1,0
942880,49562,1,0,1
2017360,49563,1,0,1
723872,49564,1,0,1
1078744,49565,1,1,0
2201688,49566,1,1,0
5408920,49567,1,1,0
645648,49568,1,1,0
2133504,49569,1,0,1
1562472,49570,1,0,1
4588872,49571,1,0,1
1203944,49572,1,0,1
524936,49573,1,1,0
1582848,49574,1,0,1
2996816,49575,1,1,0
4966008,49576,1,1,0
3714488,49577,1,0,1
906768,49578,1,1,0
4143776,49579,1,0,1
607024,49580,1,1,0
1989048,49581,1,0,1
3751064,49582,1,1,0
5941944,49583,1,1,0
3364656,49584,1,1,0
211248,49585,1,0,1
1979472,49586,1,0,1
8149272,49587,1,1,0
441912,49588,1,1,0
2346832,49589,1,0,1
2311904,49590,1,1,0
6959408,49591,1,0,1
572640,49592,1,0,1
1044576,49593,1,0,1
7952736,49594,1,1,0
4448480,49595,1,1,0
1510800,49596,1,1,0
2443896,49597,1,1,0
1135200,49598,1,0,1
5965064,49599,1,0,1
525528,49600,1,0,1
343848,49601,1,1,0
1744304,49602,1,0,1
3823064,49603,1,0,1
3920736,49604,1,0,1
465112,49605,1,0,1
1016768,49606,1,1,0
4595416,49607,1,1,0
5081920,49608,1,1,0
5972344,49609,1,1,0
6469704,49610,1,0,1
4615992,49611,1,0,1
1086864,49612,1,1,0
6962384,49613,1,0,1
3283992,49614,1,0,1
1144576,49615,1,0,1
824032,49616,1,0,1
364200,49617,1,1,0
8065480,49618,1,1,0
1497912,49619,1,1,0
3034680,49620,1,1,0
4694176,49621,1,1,0
7416536,49622,1,0,1
2450248,49623,1,0,1
852472,49624,1,0,1
1451416,49625,1,0,1
668144,49626,1,0,1
287648,49627,1,0,1
7390672,49628,1,1,0
2070816,49629,1,0,1
3927864,49630,1,0,1
2772688,49631,1,0,1
664272,49632,1,0,1
4563576,49633,1,0,1
1685824,49634,1,0,1
602624,49635,1,0,1
5436648,49636,1,0,1
368224,49637,1,0,1
5525888,49638,1,0,1
657656,49639,1,1,0
4035096,49640,1,1,0
4398224,49641,1,1,0
5900616,49642,1,1,0
8299640,49643,1,1,0
258544,49644,1,0,1
924856,49645,1,0,1
1460032,49646,1,1,0
6158784,49647,1,0,1
3315208,49648,1,1,0
3325896,49649,1,1,0
6873544,49650,1,0,1
544480,49651,1,0,1
6024600,49652,1,0,1
2258160,49653,1,1,0
1204616,49654,1,1,0
1025392,49655,1,1,0
4438544,49656,1,1,0
4078536,49657,1,0,1
1849704,49658,1,0,1
2168416,49659,1,1,0
2234904,49660,1,0,1
2798336,49661,1,0,1
3710688,49662,1,1,0
6261664,49663,1,0,1
688120,49664,1,1,0
1545000,49665,1,0,1
3064224,49666,1,0,1
359112,49667,1,1,0
1780160,49668,1,0,1
2907320,49669,1,0,1
3650136,49670,1,1,0
2192416,49671,1,0,1
246624,49672,1,1,0
658208,49673,1,1,0
227320,49674,1,0,1
4879264,49675,1,1,0
1272912,49676,1,0,1
4066832,49677,1,0,1
3843528,49678,1,0,1
564208,49679,1,1,0
807696,49680,1,1,0
1060552,49681,1,1,0
2298144,49682,1,1,0
8255928,49683,1,1,0
4953592,49684,1,0,1
276384,49685,1,0,1
369416,49686,1,1,0
633040,49687,1,0,1
1461400,49688,1,1,0
3218544,49689,1,1,0
5078888,49690,1,0,1
6240408,49691,1,1,0
5615896,49692,1,0,1
378728,49693,1,1,0
5400112,49694,1,0,1
8002400,49695,1,1,0
1026640,49696,1,1,0
5728704,49697,1,1,0
7564160,49698,1,1,0
1415464,49699,1,1,0
5851896,49700,1,1,0
3883192,49701,1,1,0
512624,49702,1,1,0
2245392,49703,1,0,1
848480,49704,1,0,1
698552,49705,1,1,0
2892448,49706,1,1,0
7611968,49707,1,0,1
1622816,49708,1,0,1
4558224,49709,1,0,1
6585856,49710,1,1,0
2219440,49711,1,1,0
5410864,49712,1,0,1
4827624,49713,1,1,0
1411040,49714,1,0,1
703728,49715,1,1,0
7140296,49716,1,1,0
1655888,49717,1,0,1
3119064,49718,1,1,0
1456760,49719,1,1,0
3450248,49720,1,0,1
7533168,49721,1,1,0
5620720,49722,1,0,1
4649368,49723,1,0,1
6495320,49724,1,1,0
329016,49725,1,1,0
1253880,49726,1,0,1
1016784,49727,1,0,1
1510992,49728,1,0,1
884232,49729,1,1,0
1108552,49730,1,0,1
7003384,49731,1,0,1
2283080,49732,1,0,1
499672,49733,1,1,0
635080,49734,1,1,0
226312,49735,1,0,1
663528,49736,1,1,0
1759264,49737,1,1,0
399024,49738,1,1,0
6435016,49739,1,0,1
6023288,49740,1,0,1
4919104,49741,1,0,1
1828176,49742,1,1,0
6431992,49743,1,0,1
2991048,49744,1,1,0
4053168,49745,1,1,0
7660768,49746,1,0,1
7052944,49747,1,0,1
851888,49748,1,1,0
2019328,49749,1,1,0
2034256,49750,1,0,1
4406640,49751,1,1,0
3243184,49752,1,0,1
7110096,49753,1,0,1
922640,49754,1,1,0
4652936,49755,1,0,1
3873304,49756,1,0,1
1520680,49757,1,1,0
4371296,49758,1,0,1
5435376,49759,1,1,0
1598512,49760,1,0,1
338992,49761,1,0,1
2715112,49762,1,1,0
1312856,49763,1,0,1
7856904,49764,1,0,1
195368,49765,1,0,1
2645024,49766,1,1,0
2723376,49767,1,1,0
768128,49768,1,1,0
2500192,49769,1,1,0
7331736,49770,1,0,1
997672,49771,1,1,0
1001648,49772,1,0,1
3290976,49773,1,0,1
2137888,49774,1,1,0
372496,49775,1,1,0
3437760,49776,1,1,0
355752,49777,1,1,0
8218664,49778,1,1,0
750408,49779,1,0,1
598672,49780,1,1,0
5395272,49781,1,1,0
2084728,49782,1,1,0
1577248,49783,1,1,0
1763304,49784,1,0,1
216024,49785,1,1,0
1063168,49786,1,0,1
2557416,49787,1,1,0
2366072,49788,1,0,1
3958288,49789,1,1,0
1923104,49790,1,0,1
570528,49791,1,0,1
971576,49792,1,0,1
403176,49793,1,0,1
6094856,49794,1,1,0
1247784,49795,1,0,1
2354024,49796,1,0,1
655944,49797,1,0,1
2114536,49798,1,1,0
4692776,49799,1,1,0
4700712,49800,1,0,1
1801560,49801,1,0,1
638784,49802,1,1,0
3715672,49803,1,1,0
611800,49804,1,1,0
1734216,49805,1,0,1
5098936,49806,1,0,1
6685320,49807,1,1,0
1355312,49808,1,1,0
1696080,49809,1,1,0
631416,49810,1,1,0
1337168,49811,1,0,1
4893608,49812,1,0,1
772704,49813,1,0,1
5408424,49814,1,1,0
5119976,49815,1,1,0
1970872,49816,1,1,0
640712,49817,1,1,0
3778784,49818,1,1,0
5145232,49819,1,0,1
3640696,49820,1,1,0
1282792,49821,1,1,0
419968,49822,1,0,1
2961056,49823,1,0,1
3999192,49824,1,0,1
3340704,49825,1,1,0
246720,49826,1,1,0
822664,49827,1,0,1
7554888,49828,1,1,0
365856,49829,1,1,0
1756440,49830,1,1,0
2180664,49831,1,1,0
2825880,49832,1,0,1
2141112,49833,1,1,0
901912,49834,1,1,0
926584,49835,1,0,1
3546808,49836,1,1,0
4738624,49837,1,0,1
3297160,49838,1,0,1
226544,49839,1,0,1
3221576,49840,1,0,1
3387552,49841,1,1,0
3914912,49842,1,1,0
1119432,49843,1,0,1
1815296,49844,1,0,1
2775880,49845,1,0,1
7462608,49846,1,0,1
2048648,49847,1,1,0
664656,49848,1,0,1
4056440,49849,1,1,0
401568,49850,1,1,0
4915192,49851,1,0,1
2018000,49852,1,0,1
4166528,49853,1,1,0
405120,49854,1,1,0
427608,49855,1,1,0
889136,49856,1,0,1
4480624,49857,1,1,0
982592,49858,1,0,1
2908064,49859,1,0,1
2753200,49860,1,0,1
2793248,49861,1,1,0
1487760,49862,1,0,1
293208,49863,1,1,0
636320,49864,1,1,0
4371048,49865,1,1,0
7195944,49866,1,0,1
2105000,49867,1,1,0
253536,49868,1,0,1
637248,49869,1,0,1
669056,49870,1,0,1
1116088,49871,1,0,1
5054664,49872,1,1,0
848576,49873,1,0,1
3476056,49874,1,0,1
3462168,49875,1,1,0
3198768,49876,1,1,0
2466664,49877,1,1,0
7113120,49878,1,1,0
2502704,49879,1,0,1
1651848,49880,1,1,0
618208,49881,1,0,1
743416,49882,1,0,1
398760,49883,1,0,1
1153776,49884,1,0,1
673808,49885,1,0,1
2671976,49886,1,1,0
1201600,49887,1,0,1
416296,49888,1,0,1
485528,49889,1,0,1
338776,49890,1,0,1
3115448,49891,1,1,0
412280,49892,1,0,1
1547472,49893,1,0,1
481200,49894,1,0,1
628480,49895,1,1,0
3262640,49896,1,1,0
1670472,49897,1,0,1
1648320,49898,1,0,1
2154960,49899,1,1,0
7515072,49900,1,0,1
1701064,49901,1,0,1
373680,49902,1,0,1
6578672,49903,1,0,1
6962424,49904,1,1,0
6826064,49905,1,0,1
4113240,49906,1,0,1
5005416,49907,1,1,0
2122112,49908,1,1,0
230304,49909,1,1,0
708112,49910,1,1,0
2245824,49911,1,0,1
719344,49912,1,1,0
984112,49913,1,0,1
3746280,49914,1,1,0
1875224,49915,1,0,1
2468328,49916,1,0,1
5809536,49917,1,0,1
1097280,49918,1,0,1
1153944,49919,1,0,1
2042768,49920,1,1,0
7072544,49921,1,1,0
7150240,49922,1,0,1
1422152,49923,1,1,0
268360,49924,1,1,0
1881560,49925,1,1,0
465872,49926,1,1,0
2347736,49927,1,0,1
4640120,49928,1,1,0
2242056,49929,1,0,1
560296,49930,1,1,0
5292552,49931,1,1,0
6250944,49932,1,1,0
6684656,49933,1,1,0
962912,49934,1,0,1
1129120,49935,1,0,1
3742160,49936,1,1,0
3887352,49937,1,1,0
7566840,49938,1,0,1
1777296,49939,1,0,1
2995048,49940,1,0,1
2338944,49941,1,1,0
2140920,49942,1,0,1
1650568,49943,1,1,0
157704,49944,1,0,1
6642512,49945,1,1,0
6909624,49946,1,1,0
1797864,49947,1,1,0
534952,49948,1,1,0
3450576,49949,1,1,0
1865352,49950,1,1,0
1939632,49951,1,0,1
754192,49952,1,0,1
3655632,49953,1,0,1
2749856,49954,1,0,1
2916720,49955,1,1,0
109424,49956,1,0,1
3741880,49957,1,1,0
630696,49958,1,1,0
1775712,49959,1,1,0
1694808,49960,1,1,0
3169336,49961,1,0,1
517680,49962,1,0,1
369704,49963,1,0,1
2226312,49964,1,0,1
3262112,49965,1,0,1
908320,49966,1,1,0
4155496,49967,1,1,0
2859656,49968,1,1,0
752744,49969,1,0,1
2709128,49970,1,0,1
260688,49971,1,0,1
1463920,49972,1,0,1
6848640,49973,1,0,1
1517016,49974,1,1,0
5170528,49975,1,0,1
6258736,49976,1,1,0
6904496,49977,1,1,0
291640,49978,1,0,1
2326144,49979,1,0,1
1881440,49980,1,1,0
2750984,49981,1,0,1
5523352,49982,1,0,1
7558848,49983,1,0,1
439800,49984,1,0,1
7646960,49985,1,1,0
1514272,49986,1,0,1
2018904,49987,1,0,1
1329584,49988,1,0,1
2637472,49989,1,1,0
582208,49990,1,0,1
416736,49991,1,1,0
673440,49992,1,1,0
774840,49993,1,1,0
7997720,49994,1,1,0
3193472,49995,1,1,0
5163312,49996,1,1,0
2244280,49997,1,0,1
266240,49998,1,0,1
1441552,49999,1,1,0
3636288,50000,1,0,1
5025872,50001,1,0,1
559456,50002,1,0,1
2223776,50003,1,0,1
260392,50004,1,0,1
464352,50005,1,0,1
1626792,50006,1,1,0
982800,50007,1,0,1
5865864,50008,1,1,0
5909784,50009,1,0,1
144328,50010,1,1,0
731352,50011,1,1,0
6163480,50012,1,0,1
4940352,50013,1,0,1
2637624,50014,1,1,0
3636024,50015,1,0,1
884128,50016,1,1,0
158624,50017,1,1,0
1032096,50018,1,0,1
951880,50019,1,1,0
4735496,50020,1,0,1
4604152,50021,1,0,1
6409712,50022,1,0,1
2190728,50023,1,0,1
5350328,50024,1,1,0
3851328,50025,1,0,1
669944,50026,1,1,0
1654960,50027,1,0,1
4881448,50028,1,0,1
762048,50029,1,0,1
3803568,50030,1,0,1
844544,50031,1,0,1
5756336,50032,1,1,0
465440,50033,1,0,1
116864,50034,1,0,1
3254184,50035,1,0,1
325576,50036,1,0,1
1865088,50037,1,0,1
1067312,50038,1,1,0
841056,50039,1,0,1
2669336,50040,1,0,1
524520,50041,1,0,1
4535568,50042,1,1,0
358088,50043,1,0,1
2694304,50044,1,0,1
4838616,50045,1,1,0
1960624,50046,1,1,0
5071992,50047,1,1,0
1599744,50048,1,1,0
2459504,50049,1,1,0
2556256,50050,1,0,1
799320,50051,1,0,1
1296432,50052,1,0,1
4618560,50053,1,1,0
2947960,50054,1,1,0
4113808,50055,1,0,1
4554344,50056,1,1,0
809720,50057,1,1,0
3383952,50058,1,0,1
1200088,50059,1,1,0
5382824,50060,1,0,1
3178064,50061,1,0,1
3932704,50062,1,1,0
285072,50063,1,1,0
2537560,50064,1,1,0
5546680,50065,1,0,1
446920,50066,1,0,1
328424,50067,1,0,1
4650608,50068,1,1,0
3530720,50069,1,0,1
7118432,50070,1,1,0
1216880,50071,1,0,1
2588664,50072,1,1,0
8131456,50073,1,1,0
5135208,50074,1,1,0
630720,50075,1,0,1
2155408,50076,1,0,1
5832160,50077,1,1,0
3557816,50078,1,1,0
2858576,50079,1,1,0
145264,50080,1,0,1
5154568,50081,1,0,1
6733472,50082,1,1,0
2763552,50083,1,0,1
2997240,50084,1,1,0
3157184,50085,1,1,0
2509712,50086,1,1,0
1709048,50087,1,1,0
3104680,50088,1,1,0
1325856,50089,1,1,0
1434032,50090,1,0,1
1159192,50091,1,0,1
4445848,50092,1,1,0
4080024,50093,1,0,1
407704,50094,1,1,0
2032776,50095,1,1,0
5617800,50096,1,1,0
5922768,50097,1,1,0
395464,50098,1,1,0
1717256,50099,1,1,0
1759832,50100,1,1,0
5160912,50101,1,1,0
7045552,50102,1,1,0
2383264,50103,1,0,1
7174392,50104,1,0,1
6237896,50105,1,0,1
5378240,50106,1,0,1
723896,50107,1,0,1
541400,50108,1,0,1
2450040,50109,1,1,0
1602560,50110,1,1,0
996720,50111,1,1,0
907296,50112,1,1,0
765088,50113,1,1,0
4212264,50114,1,0,1
1350776,50115,1,0,1
7229208,50116,1,0,1
591792,50117,1,1,0
223448,50118,1,1,0
6200368,50119,1,0,1
5943952,50120,1,0,1
867640,50121,1,1,0
6434504,50122,1,1,0
812120,50123,1,1,0
3191072,50124,1,0,1
1706376,50125,1,1,0
1881448,50126,1,1,0
3903720,50127,1,1,0
635480,50128,1,0,1
191448,50129,1,0,1
1311336,50130,1,1,0
2586688,50131,1,1,0
6818208,50132,1,1,0
5873152,50133,1,1,0
675736,50134,1,1,0
204208,50135,1,0,1
271392,50136,1,0,1
3104928,50137,1,1,0
506488,50138,1,0,1
4542712,50139,1,1,0
664336,50140,1,1,0
850760,50141,1,0,1
6349672,50142,1,0,1
5103784,50143,1,1,0
3329136,50144,1,1,0
7132640,50145,1,1,0
1355272,50146,1,1,0
880816,50147,1,0,1
2296096,50148,1,1,0
469080,50149,1,0,1
3685040,50150,1,0,1
4367608,50151,1,0,1
3031712,50152,1,1,0
3665952,50153,1,0,1
4463304,50154,1,1,0
3410440,50155,1,1,0
7133184,50156,1,0,1
855608,50157,1,0,1
464600,50158,1,1,0
5917704,50159,1,1,0
2240784,50160,1,0,1
4500040,50161,1,0,1
1868472,50162,1,1,0
3054480,50163,1,0,1
4054048,50164,1,1,0
5844072,50165,1,1,0
260448,50166,1,0,1
5296712,50167,1,0,1
3108464,50168,1,1,0
1376200,50169,1,1,0
7374016,50170,1,0,1
2788464,50171,1,1,0
2695968,50172,1,0,1
1251344,50173,1,1,0
1097592,50174,1,0,1
7494816,50175,1,1,0
2349968,50176,1,1,0
2824560,50177,1,1,0
941760,50178,1,1,0
598112,50179,1,1,0
2817144,50180,1,1,0
603208,50181,1,1,0
6415328,50182,1,0,1
1294792,50183,1,1,0
1946336,50184,1,0,1
1094920,50185,1,0,1
165088,50186,1,1,0
1090792,50187,1,0,1
1955784,50188,1,1,0
2647672,50189,1,0,1
1007080,50190,1,1,0
340664,50191,1,0,1
435424,50192,1,0,1
114448,50193,1,0,1
7392216,50194,1,1,0
2739792,50195,1,0,1
7795632,50196,1,1,0
7428832,50197,1,0,1
1001440,50198,1,0,1
124576,50199,1,1,0
5617336,50200,1,0,1
7946240,50201,1,1,0
3348712,50202,1,1,0
2677760,50203,1,1,0
756392,50204,1,0,1
606544,50205,1,0,1
807640,50206,1,0,1
3045872,50207,1,1,0
2242488,50208,1,1,0
3602264,50209,1,1,0
761240,50210,1,1,0
1356240,50211,1,1,0
2909880,50212,1,1,0
2061264,50213,1,0,1
3011416,50214,1,0,1
3523176,50215,1,1,0
6643000,50216,1,1,0
3519160,50217,1,1,0
938808,50218,1,0,1
3015336,50219,1,0,1
1196960,50220,1,0,1
1747224,50221,1,0,1
1820032,50222,1,0,1
3034936,50223,1,1,0
7596176,50224,1,0,1
3742768,50225,1,1,0
528184,50226,1,0,1
7139024,50227,1,0,1
2195936,50228,1,0,1
6970688,50229,1,1,0
233024,50230,1,1,0
2757088,50231,1,0,1
3087640,50232,1,0,1
963696,50233,1,0,1
5453000,50234,1,0,1
559872,50235,1,1,0
474592,50236,1,0,1
126496,50237,1,0,1
426656,50238,1,1,0
5292032,50239,1,0,1
3646336,50240,1,1,0
1068064,50241,1,1,0
851152,50242,1,1,0
2438576,50243,1,0,1
4894880,50244,1,0,1
628792,50245,1,1,0
1408624,50246,1,0,1
2272784,50247,1,1,0
466152,50248,1,1,0
4553120,50249,1,0,1
7535384,50250,1,0,1
769040,50251,1,0,1
790664,50252,1,1,0
3678248,50253,1,0,1
727920,50254,1,1,0
4628576,50255,1,1,0
5260400,50256,1,0,1
2512184,50257,1,1,0
1479192,50258,1,0,1
3577768,50259,1,0,1
4162816,50260,1,1,0
5092352,50261,1,0,1
4352672,50262,1,0,1
5824728,50263,1,0,1
5157760,50264,1,1,0
1624720,50265,1,1,0
5598048,50266,1,0,1
5216016,50267,1,1,0
820560,50268,1,1,0
4215456,50269,1,1,0
4106368,50270,1,1,0
528000,50271,1,0,1
4138696,50272,1,0,1
4035528,50273,1,1,0
2243592,50274,1,0,1
6181680,50275,1,1,0
1342360,50276,1,1,0
622032,50277,1,1,0
220856,50278,1,0,1
6573928,50279,1,0,1
1410632,50280,1,0,1
3348880,50281,1,0,1
339168,50282,1,0,1
6383024,50283,1,1,0
6195800,50284,1,0,1
1487640,50285,1,0,1
4604304,50286,1,1,0
8116528,50287,1,1,0
2330104,50288,1,1,0
2457208,50289,1,0,1
4535664,50290,1,0,1
5617568,50291,1,0,1
692792,50292,1,1,0
188200,50293,1,1,0
1564928,50294,1,0,1
3252808,50295,1,1,0
379664,50296,1,0,1
7321952,50297,1,0,1
229600,50298,1,1,0
1199936,50299,1,0,1
1631008,50300,1,1,0
846504,50301,1,0,1
1132512,50302,1,1,0
6513504,50303,1,0,1
3858504,50304,1,1,0
7040200,50305,1,0,1
2307792,50306,1,0,1
722592,50307,1,0,1
1470336,50308,1,0,1
3051352,50309,1,0,1
1807792,50310,1,1,0
6265568,50311,1,0,1
636608,50312,1,0,1
1097416,50313,1,0,1
1141776,50314,1,0,1
1776576,50315,1,0,1
1623152,50316,1,0,1
3931568,50317,1,1,0
168152,50318,1,1,0
2790776,50319,1,1,0
325208,50320,1,1,0
583352,50321,1,1,0
1373488,50322,1,1,0
544576,50323,1,1,0
6273528,50324,1,0,1
2835552,50325,1,0,1
3693696,50326,1,0,1
2563768,50327,1,0,1
8323752,50328,1,1,0
965176,50329,1,1,0
1526496,50330,1,0,1
1018664,50331,1,1,0
556400,50332,1,0,1
416672,50333,1,0,1
140328,50334,1,0,1
2554448,50335,1,0,1
8328336,50336,1,1,0
984568,50337,1,0,1
1758912,50338,1,1,0
5177736,50339,1,0,1
4309168,50340,1,1,0
1348816,50341,1,0,1
440384,50342,1,1,0
5456168,50343,1,0,1
1843336,50344,1,0,1
3528560,50345,1,1,0
519912,50346,1,1,0
7880792,50347,1,1,0
5785760,50348,1,1,0
683208,50349,1,0,1
601776,50350,1,0,1
1076448,50351,1,0,1
318664,50352,1,0,1
3610376,50353,1,0,1
7299000,50354,1,1,0
2080904,50355,1,0,1
1675912,50356,1,0,1
5105176,50357,1,1,0
7540608,50358,1,1,0
255504,50359,1,1,0
822184,50360,1,0,1
1732144,50361,1,1,0
747392,50362,1,1,0
161432,50363,1,1,0
4681280,50364,1,1,0
5592824,50365,1,1,0
5588464,50366,1,0,1
1151344,50367,1,0,1
972792,50368,1,1,0
2950208,50369,1,1,0
1418912,50370,1,1,0
1092960,50371,1,1,0
4797136,50372,1,0,1
1441008,50373,1,1,0
7893152,50374,1,0,1
4168184,50375,1,1,0
821096,50376,1,1,0
4672120,50377,1,0,1
472032,50378,1,1,0
4897528,50379,1,1,0
258840,50380,1,0,1
2228104,50381,1,0,1
3642632,50382,1,1,0
1021840,50383,1,0,1
5698752,50384,1,0,1
1305064,50385,1,1,0
5369968,50386,1,0,1
521392,50387,1,0,1
4395128,50388,1,1,0
5985752,50389,1,0,1
961280,50390,1,0,1
2456472,50391,1,0,1
2518424,50392,1,1,0
417136,50393,1,1,0
1760376,50394,1,0,1
2955752,50395,1,1,0
2297432,50396,1,1,0
172600,50397,1,0,1
815728,50398,1,0,1
691496,50399,1,1,0
2824816,50400,1,1,0
279224,50401,1,0,1
426104,50402,1,0,1
839808,50403,1,1,0
695272,50404,1,1,0
6065056,50405,1,0,1
1902520,50406,1,0,1
1456736,50407,1,1,0
969792,50408,1,0,1
1312040,50409,1,0,1
4829584,50410,1,1,0
1441608,50411,1,1,0
5207512,50412,1,0,1
2546944,50413,1,0,1
1046656,50414,1,0,1
7035240,50415,1,0,1
3061016,50416,1,1,0
925896,50417,1,1,0
4396848,50418,1,0,1
1254544,50419,1,0,1
7874248,50420,1,1,0
2048728,50421,1,0,1
6255896,50422,1,1,0
2254816,50423,1,0,1
6027232,50424,1,0,1
723200,50425,1,0,1
2489168,50426,1,0,1
326040,50427,1,1,0
3681824,50428,1,1,0
7793976,50429,1,1,0
5603704,50430,1,0,1
808208,50431,1,1,0
4388832,50432,1,0,1
3265976,50433,1,1,0
5071064,50434,1,0,1
1066416,50435,1,1,0
4802176,50436,1,0,1
2588904,50437,1,1,0
8265936,50438,1,1,0
5781968,50439,1,1,0
670712,50440,1,1,0
4664176,50441,1,1,0
1212456,50442,1,1,0
6654400,50443,1,0,1
5327144,50444,1,1,0
5078232,50445,1,1,0
4726768,50446,1,0,1
1240424,50447,1,1,0
1002968,50448,1,1,0
6806880,50449,1,1,0
6628424,50450,1,1,0
7126312,50451,1,0,1
1230792,50452,1,0,1
1813440,50453,1,1,0
1167824,50454,1,1,0
5845944,50455,1,0,1
505192,50456,1,0,1
4786136,50457,1,1,0
4358272,50458,1,0,1
4808528,50459,1,1,0
6922384,50460,1,1,0
1430536,50461,1,1,0
1717224,50462,1,1,0
75728,50463,1,0,1
437784,50464,1,1,0
3961760,50465,1,0,1
2661768,50466,1,1,0
2258072,50467,1,0,1
1456984,50468,1,0,1
6651592,50469,1,0,1
5052280,50470,1,1,0
1893304,50471,1,1,0
2453944,50472,1,0,1
2776248,50473,1,0,1
2407240,50474,1,1,0
5466488,50475,1,0,1
8356888,50476,1,0,1
3717840,50477,1,1,0
6613824,50478,1,1,0
1936144,50479,1,1,0
615032,50480,1,1,0
5644016,50481,1,0,1
4230864,50482,1,1,0
337216,50483,1,0,1
1847632,50484,1,1,0
5643376,50485,1,1,0
2970064,50486,1,0,1
7200016,50487,1,0,1
4650616,50488,1,1,0
150416,50489,1,0,1
8072072,50490,1,1,0
7450152,50491,1,1,0
2102504,50492,1,1,0
1092504,50493,1,0,1
3247688,50494,1,1,0
544408,50495,1,0,1
2602584,50496,1,0,1
2520184,50497,1,0,1
2729016,50498,1,0,1
2868096,50499,1,0,1
8109440,50500,1,1,0
622640,50501,1,1,0
5216048,50502,1,1,0
2996720,50503,1,1,0
469208,50504,1,1,0
5441480,50505,1,1,0
1238432,50506,1,0,1
4639672,50507,1,1,0
2408368,50508,1,0,1
2785624,50509,1,1,0
2920880,50510,1,1,0
849936,50511,1,1,0
279824,50512,1,0,1
1034328,50513,1,0,1
3410832,50514,1,1,0
2180080,50515,1,1,0
5418224,50516,1,0,1
1134512,50517,1,0,1
5083408,50518,1,1,0
5157984,50519,1,1,0
2687040,50520,1,0,1
1249776,50521,1,1,0
450576,50522,1,0,1
4496000,50523,1,0,1
1542592,50524,1,0,1
1628960,50525,1,0,1
1475128,50526,1,1,0
1670760,50527,1,0,1
3767328,50528,1,1,0
234168,50529,1,1,0
5642568,50530,1,0,1
5829344,50531,1,0,1
1076480,50532,1,1,0
6094536,50533,1,0,1
2629640,50534,1,1,0
1260400,50535,1,0,1
1681608,50536,1,1,0
214016,50537,1,0,1
8203536,50538,1,1,0
3323312,50539,1,1,0
6705896,50540,1,0,1
1614248,50541,1,0,1
2826416,50542,1,0,1
2164648,50543,1,0,1
1525376,50544,1,0,1
2066168,50545,1,1,0
2173704,50546,1,1,0
303888,50547,1,0,1
5599624,50548,1,0,1
2677928,50549,1,0,1
134456,50550,1,1,0
2334824,50551,1,1,0
3608192,50552,1,0,1
199424,50553,1,1,0
2800728,50554,1,0,1
1253056,50555,1,1,0
5365512,50556,1,1,0
1461008,50557,1,0,1
284896,50558,1,0,1
1000256,50559,1,1,0
4284320,50560,1,0,1
2532096,50561,1,1,0
1638584,50562,1,0,1
6667392,50563,1,1,0
2258368,50564,1,1,0
1430936,50565,1,0,1
2927248,50566,1,1,0
1013296,50567,1,0,1
7861384,50568,1,1,0
6249264,50569,1,1,0
2405976,50570,1,1,0
6815080,50571,1,0,1
707608,50572,1,1,0
997648,50573,1,1,0
2215752,50574,1,0,1
246568,50575,1,1,0
4999448,50576,1,1,0
3377464,50577,1,0,1
476256,50578,1,1,0
1971864,50579,1,1,0
2025080,50580,1,0,1
3623704,50581,1,1,0
3251656,50582,1,0,1
2241312,50583,1,1,0
1682592,50584,1,1,0
694880,50585,1,0,1
2875480,50586,1,1,0
4624320,50587,1,0,1
466736,50588,1,1,0
1725472,50589,1,1,0
450184,50590,1,1,0
528456,50591,1,1,0
1222592,50592,1,0,1
2446384,50593,1,1,0
5621808,50594,1,1,0
3950248,50595,1,1,0
1289272,50596,1,0,1
2869376,50597,1,1,0
1015720,50598,1,1,0
864904,50599,1,1,0
2209336,50600,1,0,1
4011680,50601,1,0,1
1822648,50602,1,0,1
3015824,50603,1,1,0
5391160,50604,1,0,1
3969328,50605,1,1,0
6184200,50606,1,1,0
1579040,50607,1,1,0
5244672,50608,1,1,0
2007040,50609,1,0,1
2587728,50610,1,0,1
2349896,50611,1,1,0
1497232,50612,1,0,1
362592,50613,1,0,1
169480,50614,1,1,0
2630488,50615,1,0,1
395176,50616,1,1,0
4278128,50617,1,1,0
8006384,50618,1,0,1
5776896,50619,1,1,0
6312224,50620,1,1,0
6634176,50621,1,0,1
303784,50622,1,1,0
3654968,50623,1,1,0
279248,50624,1,1,0
145464,50625,1,1,0
6402816,50626,1,0,1
6636760,50627,1,1,0
7378776,50628,1,1,0
4812544,50629,1,1,0
2922528,50630,1,0,1
3213344,50631,1,1,0
2471152,50632,1,0,1
342608,50633,1,0,1
7769360,50634,1,1,0
5154352,50635,1,1,0
7164720,50636,1,1,0
1913648,50637,1,1,0
5873400,50638,1,1,0
1477592,50639,1,1,0
1083920,50640,1,1,0
2931272,50641,1,1,0
772720,50642,1,0,1
531040,50643,1,0,1
503456,50644,1,0,1
2912672,50645,1,1,0
1007608,50646,1,0,1
1820368,50647,1,0,1
1571392,50648,1,0,1
1076640,50649,1,0,1
1159184,50650,1,1,0
1032528,50651,1,0,1
1203544,50652,1,1,0
1893080,50653,1,0,1
7210208,50654,1,1,0
2358528,50655,1,1,0
1468312,50656,1,0,1
6851520,50657,1,1,0
1697480,50658,1,0,1
5317192,50659,1,0,1
4469960,50660,1,1,0
6598032,50661,1,0,1
7876408,50662,1,1,0
6067152,50663,1,1,0
3007744,50664,1,1,0
3775728,50665,1,1,0
6001864,50666,1,1,0
405672,50667,1,1,0
5716944,50668,1,0,1
8194368,50669,1,1,0
5504720,50670,1,0,1
118304,50671,1,0,1
8380784,50672,1,1,0
5601104,50673,1,1,0
888984,50674,1,0,1
5112016,50675,1,0,1
5161960,50676,1,0,1
6592864,50677,1,0,1
4684056,50678,1,0,1
3569176,50679,1,0,1
2520856,50680,1,0,1
6410760,50681,1,1,0
537272,50682,1,1,0
943112,50683,1,1,0
6345160,50684,1,0,1
7005208,50685,1,1,0
682360,50686,1,1,0
2094456,50687,1,0,1
3601848,50688,1,1,0
1864152,50689,1,1,0
2405528,50690,1,0,1
5107840,50691,1,1,0
4196032,50692,1,1,0
3728584,50693,1,1,0
2999976,50694,1,1,0
5355752,50695,1,0,1
446216,50696,1,1,0
4089752,50697,1,0,1
359096,50698,1,1,0
276456,50699,1,0,1
3307248,50700,1,1,0
3771760,50701,1,0,1
1213152,50702,1,1,0
292304,50703,1,0,1
8174120,50704,1,0,1
778200,50705,1,0,1
671312,50706,1,0,1
2790600,50707,1,1,0
4830632,50708,1,1,0
1886528,50709,1,1,0
4062288,50710,1,0,1
7429552,50711,1,0,1
520120,50712,1,0,1
2398728,50713,1,0,1
357216,50714,1,0,1
3944216,50715,1,1,0
221176,50716,1,0,1
4382320,50717,1,1,0
2021472,50718,1,0,1
851168,50719,1,0,1
4956976,50720,1,0,1
4704888,50721,1,1,0
6314936,50722,1,1,0
4685312,50723,1,0,1
676592,50724,1,1,0
8177952,50725,1,1,0
585736,50726,1,1,0
1204088,50727,1,1,0
7403360,50728,1,1,0
1541336,50729,1,1,0
224688,50730,1,0,1
6916752,50731,1,1,0
882384,50732,1,0,1
7516664,50733,1,0,1
7020328,50734,1,0,1
2543712,50735,1,1,0
1947320,50736,1,0,1
756488,50737,1,1,0
6533720,50738,1,0,1
3849016,50739,1,0,1
5704144,50740,1,1,0
3026352,50741,1,1,0
166712,50742,1,0,1
4668776,50743,1,0,1
754096,50744,1,1,0
3474320,50745,1,1,0
190896,50746,1,1,0
236000,50747,1,0,1
5598328,50748,1,0,1
6470144,50749,1,0,1
5975192,50750,1,0,1
1701808,50751,1,0,1
5858360,50752,1,1,0
646904,50753,1,0,1
6237376,50754,1,1,0
1284008,50755,1,0,1
3122120,50756,1,1,0
8184584,50757,1,0,1
676360,50758,1,0,1
2786984,50759,1,0,1
3971384,50760,1,0,1
4781840,50761,1,0,1
3329800,50762,1,1,0
3306760,50763,1,0,1
7604168,50764,1,1,0
1637648,50765,1,1,0
950536,50766,1,0,1
3848344,50767,1,1,0
5007584,50768,1,0,1
2314448,50769,1,0,1
150984,50770,1,0,1
6474376,50771,1,0,1
2045392,50772,1,0,1
5146496,50773,1,0,1
5767432,50774,1,0,1
237344,50775,1,1,0
2125248,50776,1,1,0
4534584,50777,1,0,1
740584,50778,1,1,0
6361744,50779,1,1,0
868840,50780,1,1,0
3653528,50781,1,0,1
5247064,50782,1,0,1
678368,50783,1,1,0
1892688,50784,1,1,0
2705080,50785,1,1,0
3601064,50786,1,0,1
4849520,50787,1,1,0
1226272,50788,1,0,1
2862696,50789,1,1,0
886712,50790,1,1,0
4824064,50791,1,1,0
1833272,50792,1,0,1
118904,50793,1,0,1
1130464,50794,1,0,1
5295928,50795,1,1,0
7027584,50796,1,0,1
7531736,50797,1,1,0
1901792,50798,1,0,1
7572736,50799,1,1,0
901224,50800,1,0,1
2533536,50801,1,0,1
831472,50802,1,0,1
1560064,50803,1,0,1
1732288,50804,1,0,1
202232,50805,1,1,0
899584,50806,1,1,0
618560,50807,1,0,1
1235112,50808,1,1,0
2597440,50809,1,0,1
2218624,50810,1,1,0
4410208,50811,1,1,0
6637768,50812,1,0,1
1693936,50813,1,0,1
2325480,50814,1,1,0
498888,50815,1,0,1
4122344,50816,1,0,1
2435336,50817,1,1,0
439784,50818,1,0,1
5192616,50819,1,0,1
907352,50820,1,0,1
7438448,50821,1,1,0
639640,50822,1,0,1
1783712,50823,1,1,0
6702376,50824,1,1,0
7656472,50825,1,0,1
3975656,50826,1,0,1
216752,50827,1,0,1
2878816,50828,1,1,0
99848,50829,1,0,1
1650600,50830,1,0,1
6465000,50831,1,0,1
2781448,50832,1,1,0
6271016,50833,1,1,0
467568,50834,1,1,0
4656248,50835,1,0,1
1952048,50836,1,1,0
899888,50837,1,0,1
2747256,50838,1,0,1
7221992,50839,1,1,0
2587872,50840,1,1,0
4292152,50841,1,1,0
4545592,50842,1,1,0
2825968,50843,1,0,1
840488,50844,1,0,1
1531888,50845,1,0,1
3245912,50846,1,0,1
2222016,50847,1,0,1
220744,50848,1,1,0
4826952,50849,1,0,1
714272,50850,1,1,0
597416,50851,1,0,1
3245928,50852,1,1,0
2278664,50853,1,0,1
4363376,50854,1,0,1
500768,50855,1,1,0
6779184,50856,1,1,0
968864,50857,1,0,1
296752,50858,1,1,0
1456536,50859,1,1,0
158192,50860,1,1,0
1529296,50861,1,1,0
6032352,50862,1,1,0
1031440,50863,1,1,0
8042496,50864,1,0,1
262552,50865,1,1,0
2411608,50866,1,0,1
1942640,50867,1,1,0
212848,50868,1,0,1
2037624,50869,1,0,1
807240,50870,1,1,0
3250400,50871,1,1,0
1691816,50872,1,1,0
838656,50873,1,0,1
1427352,50874,1,1,0
789176,50875,1,1,0
657472,50876,1,0,1
5471432,50877,1,1,0
1849992,50878,1,1,0
2016832,50879,1,1,0
5141040,50880,1,1,0
7234872,50881,1,0,1
2879488,50882,1,1,0
363976,50883,1,1,0
6122464,50884,1,1,0
1729480,50885,1,0,1
3061104,50886,1,0,1
2019968,50887,1,0,1
1978408,50888,1,1,0
272472,50889,1,1,0
377208,50890,1,1,0
7277464,50891,1,1,0
3942856,50892,1,1,0
545400,50893,1,1,0
6567752,50894,1,1,0
4953416,50895,1,0,1
2518120,50896,1,0,1
866184,50897,1,1,0
562256,50898,1,0,1
2505400,50899,1,0,1
2852576,50900,1,1,0
2017048,50901,1,1,0
2617272,50902,1,1,0
4953384,50903,1,1,0
1584800,50904,1,0,1
4758008,50905,1,0,1
2215528,50906,1,0,1
2863680,50907,1,1,0
1139712,50908,1,0,1
1743600,50909,1,0,1
6012240,50910,1,1,0
509400,50911,1,1,0
895200,50912,1,0,1
599704,50913,1,0,1
144896,50914,1,0,1
441312,50915,1,1,0
2329144,50916,1,1,0
994336,50917,1,0,1
6125880,50918,1,1,0
6660464,50919,1,0,1
385760,50920,1,1,0
7781152,50921,1,0,1
867024,50922,1,1,0
1051584,50923,1,0,1
610264,50924,1,0,1
5536352,50925,1,0,1
1929280,50926,1,1,0
123808,50927,1,1,0
1752744,50928,1,0,1
4438448,50929,1,0,1
198888,50930,1,1,0
1673024,50931,1,1,0
2547992,50932,1,0,1
4138816,50933,1,1,0
155168,50934,1,1,0
3070160,50935,1,0,1
3558312,50936,1,0,1
925872,50937,1,1,0
7240536,50938,1,0,1
6914048,50939,1,0,1
4449040,50940,1,1,0
1235056,50941,1,1,0
6864248,50942,1,1,0
1990352,50943,1,0,1
572608,50944,1,0,1
251080,50945,1,1,0
1664232,50946,1,1,0
2578456,50947,1,1,0
3220104,50948,1,1,0
320280,50949,1,1,0
8148592,50950,1,0,1
476080,50951,1,1,0
6487416,50952,1,1,0
6079888,50953,1,1,0
887792,50954,1,0,1
6097816,50955,1,0,1
788952,50956,1,0,1
2508288,50957,1,0,1
3456264,50958,1,1,0
3216328,50959,1,1,0
946056,50960,1,1,0
7834544,50961,1,0,1
5898648,50962,1,0,1
3318168,50963,1,0,1
6528560,50964,1,0,1
2754992,50965,1,1,0
2363856,50966,1,1,0
7038344,50967,1,0,1
1294000,50968,1,0,1
984080,50969,1,1,0
4852472,50970,1,1,0
4166160,50971,1,1,0
5627448,50972,1,1,0
1449616,50973,1,1,0
1260152,50974,1,0,1
1788712,50975,1,1,0
8199440,50976,1,0,1
190504,50977,1,1,0
2169464,50978,1,0,1
1035864,50979,1,0,1
940464,50980,1,0,1
141672,50981,1,0,1
1116528,50982,1,1,0
3365816,50983,1,1,0
4768464,50984,1,0,1
4851192,50985,1,0,1
8201512,50986,1,0,1
2843512,50987,1,0,1
951928,50988,1,0,1
476600,50989,1,1,0
2803008,50990,1,1,0
7253936,50991,1,0,1
1031656,50992,1,1,0
2757664,50993,1,0,1
429088,50994,1,1,0
905912,50995,1,0,1
447896,50996,1,1,0
7680584,50997,1,1,0
5923016,50998,1,1,0
6089464,50999,1,0,1
963584,51000,1,1,0
2457368,51001,1,0,1
1058968,51002,1,0,1
2535600,51003,1,1,0
518504,51004,1,1,0
6884360,51005,1,0,1
2681040,51006,1,1,0
3871040,51007,1,0,1
1974488,51008,1,1,0
1036592,51009,1,0,1
4022336,51010,1,1,0
6565936,51011,1,0,1
3791216,51012,1,1,0
1821656,51013,1,1,0
1712104,51014,1,0,1
1938456,51015,1,0,1
359288,51016,1,0,1
3655544,51017,1,0,1
4982688,51018,1,0,1
1328696,51019,1,1,0
6541816,51020,1,0,1
4585040,51021,1,1,0
520024,51022,1,1,0
3698992,51023,1,0,1
125496,51024,1,0,1
1791000,51025,1,1,0
4526744,51026,1,1,0
2064112,51027,1,1,0
1121728,51028,1,1,0
428344,51029,1,0,1
1606768,51030,1,0,1
4309984,51031,1,1,0
1515480,51032,1,0,1
5250568,51033,1,0,1
5309336,51034,1,0,1
5342168,51035,1,0,1
4374408,51036,1,1,0
4381624,51037,1,1,0
245568,51038,1,0,1
1228064,51039,1,1,0
2846464,51040,1,1,0
2358992,51041,1,1,0
4403792,51042,1,1,0
2764824,51043,1,1,0
3956960,51044,1,1,0
2497248,51045,1,0,1
7443520,51046,1,1,0
764680,51047,1,1,0
2034152,51048,1,1,0
5912464,51049,1,1,0
4460384,51050,1,0,1
4608936,51051,1,0,1
6612080,51052,1,1,0
2531624,51053,1,0,1
391352,51054,1,0,1
2280768,51055,1,0,1
1788696,51056,1,1,0
1619288,51057,1,1,0
637720,51058,1,0,1
2459096,51059,1,1,0
1856200,51060,1,1,0
733112,51061,1,0,1
3199856,51062,1,0,1
473640,51063,1,0,1
824688,51064,1,1,0
2158992,51065,1,0,1
2649632,51066,1,1,0
1871920,51067,1,0,1
8097040,51068,1,1,0
8071008,51069,1,0,1
3999896,51070,1,0,1
3679624,51071,1,0,1
440704,51072,1,0,1
1288168,51073,1,0,1
491240,51074,1,0,1
1984752,51075,1,1,0
7098880,51076,1,0,1
2781688,51077,1,1,0
258056,51078,1,1,0
6353384,51079,1,0,1
154544,51080,1,1,0
2142528,51081,1,0,1
5482864,51082,1,0,1
590488,51083,1,1,0
1110112,51084,1,1,0
4104592,51085,1,0,1
1553296,51086,1,1,0
2516656,51087,1,1,0
289088,51088,1,1,0
2571912,51089,1,1,0
2255224,51090,1,0,1
1314392,51091,1,0,1
498584,51092,1,0,1
7541592,51093,1,1,0
314520,51094,1,0,1
332592,51095,1,1,0
620952,51096,1,0,1
1866848,51097,1,0,1
6335560,51098,1,1,0
1592424,51099,1,1,0
921728,51100,1,0,1
6693168,51101,1,0,1
2832600,51102,1,0,1
1523856,51103,1,0,1
1307968,51104,1,1,0
4700344,51105,1,0,1
317440,51106,1,0,1
6258376,51107,1,1,0
7468856,51108,1,1,0
494432,51109,1,0,1
245160,51110,1,0,1
1625304,51111,1,1,0
2794936,51112,1,1,0
2022464,51113,1,0,1
5694136,51114,1,0,1
6361144,51115,1,0,1
2157048,51116,1,1,0
5764720,51117,1,0,1
4239360,51118,1,1,0
5129224,51119,1,1,0
4069952,51120,1,1,0
7975656,51121,1,1,0
410200,51122,1,0,1
1461488,51123,1,1,0
5932424,51124,1,0,1
910648,51125,1,1,0
5324536,51126,1,1,0
441664,51127,1,1,0
633200,51128,1,0,1
6627888,51129,1,1,0
2864784,51130,1,1,0
5588040,51131,1,1,0
648056,51132,1,1,0
1091224,51133,1,1,0
5541712,51134,1,1,0
3791384,51135,1,1,0
5408648,51136,1,0,1
7492824,51137,1,1,0
3173616,51138,1,0,1
1560768,51139,1,0,1
2421504,51140,1,1,0
4939280,51141,1,1,0
5710888,51142,1,1,0
438176,51143,1,0,1
5242696,51144,1,1,0
2314872,51145,1,0,1
1580840,51146,1,0,1
123584,51147,1,1,0
356264,51148,1,0,1
1168112,51149,1,1,0
3196656,51150,1,0,1
732696,51151,1,1,0
536008,51152,1,0,1
6975944,51153,1,1,0
279680,51154,1,0,1
6064896,51155,1,1,0
4189312,51156,1,0,1
566848,51157,1,1,0
169784,51158,1,0,1
1368928,51159,1,1,0
6451296,51160,1,1,0
7611336,51161,1,0,1
1710664,51162,1,0,1
3513128,51163,1,0,1
1856368,51164,1,0,1
1771256,51165,1,0,1
3927816,51166,1,0,1
4286032,51167,1,0,1
3988272,51168,1,1,0
1161600,51169,1,1,0
8319600,51170,1,1,0
1538904,51171,1,1,0
611440,51172,1,1,0
6929120,51173,1,0,1
2626160,51174,1,1,0
908144,51175,1,1,0
204544,51176,1,0,1
378112,51177,1,1,0
1381280,51178,1,0,1
5205376,51179,1,1,0
597872,51180,1,0,1
5435992,51181,1,0,1
855072,51182,1,1,0
7125512,51183,1,1,0
7852048,51184,1,1,0
2288416,51185,1,1,0
1553704,51186,1,0,1
6700216,51187,1,1,0
1822880,51188,1,1,0
5821720,51189,1,0,1
193296,51190,1,0,1
607200,51191,1,1,0
420512,51192,1,0,1
191312,51193,1,0,1
1843872,51194,1,0,1
5322320,51195,1,1,0
1229104,51196,1,1,0
3074760,51197,1,0,1
6477808,51198,1,1,0
5267016,51199,1,0,1
706448,51200,1,0,1
2503752,51201,1,1,0
507424,51202,1,1,0
1340776,51203,1,1,0
1624496,51204,1,0,1
4350112,51205,1,1,0
2222392,51206,1,0,1
1817192,51207,1,0,1
1489272,51208,1,1,0
1003152,51209,1,0,1
931368,51210,1,0,1
2497544,51211,1,1,0
186368,51212,1,1,0
2420360,51213,1,0,1
1074040,51214,1,0,1
2953936,51215,1,0,1
330416,51216,1,0,1
3238408,51217,1,1,0
7595920,51218,1,1,0
2522616,51219,1,0,1
3581624,51220,1,1,0
4654888,51221,1,1,0
3773576,51222,1,1,0
2361712,51223,1,0,1
1947024,51224,1,0,1
3046704,51225,1,1,0
3757688,51226,1,1,0
5782720,51227,1,0,1
6737528,51228,1,0,1
5891136,51229,1,0,1
4079048,51230,1,0,1
2177688,51231,1,0,1
919568,51232,1,0,1
5511304,51233,1,1,0
4669832,51234,1,1,0
3907016,51235,1,0,1
4115256,51236,1,0,1
2774696,51237,1,0,1
1876504,51238,1,1,0
6637792,51239,1,1,0
5688872,51240,1,0,1
313216,51241,1,0,1
2454920,51242,1,1,0
4090096,51243,1,0,1
6850696,51244,1,1,0
5774768,51245,1,0,1
735952,51246,1,0,1
6581784,51247,1,1,0
1136680,51248,1,0,1
3969704,51249,1,1,0
361624,51250,1,0,1
1620384,51251,1,0,1
4752152,51252,1,1,0
6709864,51253,1,1,0
535704,51254,1,1,0
270392,51255,1,1,0
1543128,51256,1,0,1
618600,51257,1,0,1
1264656,51258,1,1,0
2832896,51259,1,1,0
1661000,51260,1,1,0
1550488,51261,1,1,0
3735104,51262,1,0,1
3471024,51263,1,1,0
1117880,51264,1,1,0
799272,51265,1,0,1
2546432,51266,1,1,0
144720,51267,1,0,1
486432,51268,1,0,1
2827344,51269,1,1,0
1777144,51270,1,0,1
938592,51271,1,1,0
4394184,51272,1,0,1
1491952,51273,1,0,1
6873984,51274,1,0,1
465592,51275,1,0,1
1449032,51276,1,0,1
1459960,51277,1,0,1
7825768,51278,1,0,1
1400016,51279,1,1,0
1702552,51280,1,0,1
7673448,51281,1,0,1
6015008,51282,1,0,1
754968,51283,1,1,0
3107424,51284,1,1,0
1517208,51285,1,0,1
5050288,51286,1,0,1
5054528,51287,1,1,0
2893552,51288,1,1,0
1599760,51289,1,1,0
2284032,51290,1,0,1
2987504,51291,1,0,1
4997848,51292,1,1,0
735200,51293,1,1,0
886280,51294,1,0,1
8114952,51295,1,1,0
628488,51296,1,0,1
2147272,51297,1,0,1
887928,51298,1,0,1
4454008,51299,1,0,1
743576,51300,1,1,0
1910040,51301,1,1,0
2649056,51302,1,0,1
780104,51303,1,1,0
1527344,51304,1,0,1
7432312,51305,1,1,0
866832,51306,1,1,0
3865112,51307,1,0,1
6049632,51308,1,0,1
2299080,51309,1,1,0
841736,51310,1,1,0
422104,51311,1,1,0
7784144,51312,1,0,1
2135432,51313,1,0,1
2736288,51314,1,1,0
408392,51315,1,1,0
55776,51316,1,0,1
4504120,51317,1,0,1
638328,51318,1,0,1
981272,51319,1,0,1
389584,51320,1,1,0
965336,51321,1,0,1
705432,51322,1,0,1
7429208,51323,1,1,0
5573592,51324,1,0,1
5251432,51325,1,1,0
7827280,51326,1,1,0
1127848,51327,1,0,1
3669192,51328,1,0,1
3766312,51329,1,1,0
2064264,51330,1,1,0
2007968,51331,1,0,1
450608,51332,1,0,1
5292856,51333,1,0,1
7599856,51334,1,1,0
6272192,51335,1,1,0
5930584,51336,1,1,0
907984,51337,1,1,0
3025832,51338,1,1,0
159144,51339,1,0,1
1651120,51340,1,1,0
470624,51341,1,1,0
6840640,51342,1,1,0
603000,51343,1,0,1
4317256,51344,1,0,1
1946840,51345,1,1,0
2741976,51346,1,0,1
7234056,51347,1,1,0
1764000,51348,1,0,1
1533712,51349,1,1,0
3782464,51350,1,0,1
2796896,51351,1,1,0
918008,51352,1,0,1
570632,51353,1,0,1
1621256,51354,1,1,0
2872512,51355,1,0,1
5018224,51356,1,1,0
366112,51357,1,1,0
1405936,51358,1,0,1
1831648,51359,1,0,1
5557904,51360,1,0,1
428656,51361,1,0,1
114808,51362,1,1,0
3760824,51363,1,1,0
3438152,51364,1,1,0
5985920,51365,1,0,1
2566888,51366,1,0,1
581272,51367,1,0,1
7254992,51368,1,1,0
4907112,51369,1,1,0
3284152,51370,1,1,0
840920,51371,1,0,1
477840,51372,1,1,0
2583360,51373,1,0,1
8060592,51374,1,1,0
1122504,51375,1,0,1
365584,51376,1,0,1
859264,51377,1,1,0
2648280,51378,1,0,1
7930456,51379,1,1,0
3476616,51380,1,1,0
6698624,51381,1,1,0
5681480,51382,1,0,1
3876560,51383,1,0,1
1168416,51384,1,1,0
1234880,51385,1,0,1
1239624,51386,1,1,0
6360552,51387,1,1,0
7462688,51388,1,1,0
612824,51389,1,0,1
2552696,51390,1,0,1
3091416,51391,1,1,0
3064696,51392,1,1,0
856744,51393,1,1,0
1456192,51394,1,1,0
5828936,51395,1,1,0
2042272,51396,1,1,0
5023560,51397,1,0,1
1533552,51398,1,1,0
4772440,51399,1,1,0
1224192,51400,1,1,0
4005224,51401,1,1,0
3338400,51402,1,1,0
896848,51403,1,0,1
2398368,51404,1,1,0
3791680,51405,1,1,0
1310840,51406,1,1,0
1247464,51407,1,0,1
922776,51408,1,0,1
641656,51409,1,0,1
835552,51410,1,1,0
8006336,51411,1,0,1
1978880,51412,1,1,0
3102888,51413,1,0,1
1453288,51414,1,0,1
1651920,51415,1,0,1
644360,51416,1,0,1
4996760,51417,1,1,0
5796656,51418,1,1,0
801216,51419,1,0,1
3499024,51420,1,1,0
1463144,51421,1,0,1
7448608,51422,1,1,0
7339424,51423,1,0,1
350616,51424,1,0,1
3870992,51425,1,1,0
2627736,51426,1,1,0
5144576,51427,1,0,1
6536840,51428,1,1,0
5779984,51429,1,0,1
7130560,51430,1,1,0
1416688,51431,1,1,0
8260376,51432,1,1,0
7814376,51433,1,0,1
1433768,51434,1,0,1
472840,51435,1,1,0
1558504,51436,1,0,1
7065176,51437,1,0,1
912944,51438,1,0,1
8192472,51439,1,1,0
1843672,51440,1,0,1
193672,51441,1,1,0
5520608,51442,1,0,1
2332088,51443,1,1,0
5766576,51444,1,1,0
3493432,51445,1,1,0
7909752,51446,1,1,0
8212984,51447,1,0,1
3374800,51448,1,1,0
642680,51449,1,1,0
686304,51450,1,1,0
1503272,51451,1,1,0
2210448,51452,1,1,0
2908952,51453,1,1,0
3152000,51454,1,1,0
5049824,51455,1,0,1
3112896,51456,1,1,0
502728,51457,1,1,0
482144,51458,1,1,0
7426024,51459,1,1,0
1437904,51460,1,1,0
3427168,51461,1,1,0
6225912,51462,1,0,1
3077248,51463,1,1,0
555616,51464,1,1,0
366600,51465,1,0,1
1325360,51466,1,0,1
1997392,51467,1,0,1
2606544,51468,1,1,0
5776952,51469,1,0,1
5337984,51470,1,1,0
447328,51471,1,1,0
196704,51472,1,0,1
5642632,51473,1,0,1
378304,51474,1,0,1
6733648,51475,1,0,1
8013584,51476,1,1,0
1358936,51477,1,1,0
6849672,51478,1,0,1
6445968,51479,1,1,0
292856,51480,1,0,1
3764888,51481,1,0,1
3213520,51482,1,0,1
2546280,51483,1,0,1
5411680,51484,1,0,1
3008272,51485,1,1,0
4160832,51486,1,1,0
1764968,51487,1,1,0
1148584,51488,1,0,1
6209408,51489,1,0,1
611376,51490,1,0,1
5314688,51491,1,0,1
7106272,51492,1,1,0
3579280,51493,1,0,1
391336,51494,1,1,0
5727536,51495,1,1,0
3510144,51496,1,1,0
865912,51497,1,0,1
5308968,51498,1,1,0
2180000,51499,1,0,1
4691536,51500,1,1,0
1869208,51501,1,1,0
4292464,51502,1,0,1
2523128,51503,1,0,1
8230104,51504,1,1,0
3244248,51505,1,0,1
1023464,51506,1,1,0
683816,51507,1,1,0
369432,51508,1,1,0
6364784,51509,1,1,0
8195072,51510,1,0,1
5747008,51511,1,1,0
3942952,51512,1,1,0
3474360,51513,1,1,0
2798568,51514,1,1,0
1219984,51515,1,0,1
500112,51516,1,1,0
7293984,51517,1,1,0
132672,51518,1,0,1
6424800,51519,1,0,1
1023848,51520,1,1,0
4445808,51521,1,1,0
973208,51522,1,0,1
416328,51523,1,0,1
1970496,51524,1,0,1
216016,51525,1,1,0
242544,51526,1,1,0
3047328,51527,1,0,1
1213712,51528,1,0,1
8148600,51529,1,0,1
2356616,51530,1,0,1
7861968,51531,1,1,0
1940440,51532,1,0,1
699696,51533,1,0,1
2849272,51534,1,1,0
508192,51535,1,1,0
851632,51536,1,1,0
649624,51537,1,0,1
5844320,51538,1,1,0
438296,51539,1,0,1
2960384,51540,1,0,1
1372152,51541,1,0,1
1733408,51542,1,1,0
914104,51543,1,1,0
1800248,51544,1,0,1
1612488,51545,1,0,1
8068904,51546,1,0,1
506184,51547,1,1,0
6559672,51548,1,1,0
4664232,51549,1,1,0
127712,51550,1,1,0
7416408,51551,1,1,0
4996848,51552,1,1,0
247232,51553,1,1,0
7920144,51554,1,1,0
478792,51555,1,0,1
4446632,51556,1,0,1
5617536,51557,1,1,0
991280,51558,1,1,0
4560184,51559,1,0,1
476848,51560,1,0,1
4315688,51561,1,1,0
1640448,51562,1,0,1
3336888,51563,1,1,0
2295224,51564,1,0,1
4645768,51565,1,0,1
259384,51566,1,0,1
274664,51567,1,1,0
2961536,51568,1,0,1
1109952,51569,1,0,1
442808,51570,1,0,1
138104,51571,1,0,1
167152,51572,1,1,0
5540280,51573,1,1,0
4052160,51574,1,0,1
1319792,51575,1,1,0
1195448,51576,1,1,0
875864,51577,1,0,1
3003488,51578,1,1,0
7075544,51579,1,0,1
2296056,51580,1,0,1
3642096,51581,1,1,0
808024,51582,1,1,0
3200976,51583,1,0,1
1391480,51584,1,0,1
3118400,51585,1,0,1
1420896,51586,1,1,0
4794096,51587,1,1,0
3758504,51588,1,0,1
490728,51589,1,1,0
4507184,51590,1,1,0
6382584,51591,1,0,1
667440,51592,1,1,0
1201272,51593,1,1,0
705256,51594,1,1,0
921992,51595,1,1,0
7917864,51596,1,1,0
2421176,51597,1,0,1
1973592,51598,1,0,1
5679624,51599,1,0,1
6768632,51600,1,1,0
6663848,51601,1,1,0
981088,51602,1,1,0
975368,51603,1,1,0
261840,51604,1,0,1
964224,51605,1,1,0
2163872,51606,1,0,1
2065320,51607,1,0,1
367056,51608,1,1,0
2358776,51609,1,0,1
1461192,51610,1,1,0
7044040,51611,1,1,0
1351568,51612,1,1,0
6322184,51613,1,1,0
244640,51614,1,1,0
4831864,51615,1,1,0
4404008,51616,1,1,0
399968,51617,1,1,0
7110288,51618,1,0,1
7417192,51619,1,0,1
4368976,51620,1,0,1
8026752,51621,1,0,1
5091616,51622,1,1,0
982096,51623,1,0,1
5786256,51624,1,0,1
899232,51625,1,1,0
3434776,51626,1,1,0
5102008,51627,1,1,0
2420688,51628,1,0,1
4942640,51629,1,1,0
639400,51630,1,1,0
5523944,51631,1,1,0
1249592,51632,1,0,1
7286296,51633,1,0,1
2808672,51634,1,0,1
1115632,51635,1,1,0
2107440,51636,1,0,1
599448,51637,1,1,0
566080,51638,1,1,0
5379432,51639,1,1,0
1668296,51640,1,0,1
4679104,51641,1,0,1
621416,51642,1,1,0
415408,51643,1,1,0
3389840,51644,1,0,1
324920,51645,1,1,0
6999072,51646,1,1,0
899776,51647,1,0,1
964184,51648,1,1,0
6172592,51649,1,1,0
555560,51650,1,1,0
289416,51651,1,1,0
2323008,51652,1,1,0
5626504,51653,1,0,1
875896,51654,1,0,1
4727824,51655,1,0,1
1653456,51656,1,1,0
1895944,51657,1,0,1
4006952,51658,1,0,1
5416336,51659,1,1,0
1945248,51660,1,1,0
4870320,51661,1,0,1
731832,51662,1,0,1
7269112,51663,1,1,0
1229432,51664,1,0,1
2770376,51665,1,0,1
547000,51666,1,0,1
6388368,51667,1,1,0
4110552,51668,1,0,1
608720,51669,1,1,0
1195600,51670,1,0,1
1694072,51671,1,1,0
7898072,51672,1,1,0
8361016,51673,1,1,0
4737704,51674,1,1,0
2846184,51675,1,1,0
2874096,51676,1,0,1
7933400,51677,1,1,0
3695752,51678,1,1,0
1315008,51679,1,0,1
585176,51680,1,0,1
495432,51681,1,0,1
870872,51682,1,1,0
3541272,51683,1,1,0
3665560,51684,1,1,0
716856,51685,1,1,0
7410912,51686,1,0,1
487072,51687,1,0,1
4200432,51688,1,0,1
2066648,51689,1,1,0
6882072,51690,1,0,1
827128,51691,1,1,0
5588336,51692,1,0,1
3107168,51693,1,1,0
2516424,51694,1,0,1
1294016,51695,1,0,1
1057568,51696,1,1,0
935080,51697,1,1,0
465144,51698,1,1,0
7529312,51699,1,1,0
4341720,51700,1,1,0
892400,51701,1,1,0
542224,51702,1,1,0
1869432,51703,1,0,1
1740200,51704,1,0,1
96264,51705,1,1,0
4541136,51706,1,1,0
1048656,51707,1,0,1
3088152,51708,1,1,0
2197800,51709,1,1,0
2948408,51710,1,0,1
1686712,51711,1,1,0
135384,51712,1,0,1
545200,51713,1,0,1
6377168,51714,1,1,0
314264,51715,1,0,1
7407216,51716,1,1,0
390400,51717,1,0,1
5805456,51718,1,0,1
630448,51719,1,0,1
1503720,51720,1,0,1
7441592,51721,1,1,0
2316984,51722,1,0,1
4683696,51723,1,0,1
272352,51724,1,1,0
8191112,51725,1,0,1
3783688,51726,1,0,1
5385472,51727,1,1,0
6027800,51728,1,1,0
3790424,51729,1,1,0
1731272,51730,1,1,0
1717344,51731,1,1,0
5500960,51732,1,1,0
775280,51733,1,0,1
3742792,51734,1,0,1
2708120,51735,1,0,1
4889896,51736,1,0,1
1331792,51737,1,1,0
5324560,51738,1,1,0
2684208,51739,1,1,0
2779096,51740,1,1,0
4617616,51741,1,1,0
671904,51742,1,1,0
561024,51743,1,1,0
2109688,51744,1,0,1
7186560,51745,1,1,0
647984,51746,1,0,1
4197840,51747,1,1,0
6235864,51748,1,0,1
778888,51749,1,0,1
4596872,51750,1,1,0
2585544,51751,1,0,1
106504,51752,1,0,1
728904,51753,1,0,1
167296,51754,1,0,1
972800,51755,1,1,0
8108120,51756,1,1,0
3038816,51757,1,1,0
951640,51758,1,1,0
812888,51759,1,1,0
5351960,51760,1,0,1
3673808,51761,1,1,0
760008,51762,1,0,1
1072672,51763,1,0,1
4682408,51764,1,0,1
1509400,51765,1,1,0
980264,51766,1,1,0
4158600,51767,1,0,1
200520,51768,1,1,0
380360,51769,1,1,0
4829520,51770,1,1,0
6647632,51771,1,1,0
818768,51772,1,0,1
822592,51773,1,1,0
4985944,51774,1,1,0
4851008,51775,1,0,1
6376880,51776,1,1,0
1827464,51777,1,0,1
616688,51778,1,1,0
866984,51779,1,1,0
1542640,51780,1,0,1
6147088,51781,1,1,0
7730792,51782,1,1,0
4100560,51783,1,1,0
3677576,51784,1,1,0
7123608,51785,1,1,0
5146392,51786,1,0,1
4062992,51787,1,1,0
5001128,51788,1,0,1
2551176,51789,1,0,1
7829400,51790,1,1,0
3855552,51791,1,1,0
6700384,51792,1,0,1
4264912,51793,1,0,1
1012064,51794,1,0,1
6914976,51795,1,1,0
266560,51796,1,0,1
2429416,51797,1,0,1
3900424,51798,1,1,0
2733696,51799,1,0,1
2201416,51800,1,0,1
7596392,51801,1,1,0
2296184,51802,1,1,0
1808568,51803,1,0,1
3096288,51804,1,0,1
6313112,51805,1,1,0
791736,51806,1,1,0
5128032,51807,1,0,1
1993896,51808,1,0,1
6528912,51809,1,1,0
2514968,51810,1,1,0
3873344,51811,1,1,0
1789984,51812,1,1,0
3726928,51813,1,0,1
203064,51814,1,1,0
3195640,51815,1,1,0
7319472,51816,1,0,1
463304,51817,1,0,1
250312,51818,1,1,0
3620664,51819,1,0,1
896208,51820,1,0,1
681936,51821,1,1,0
1825032,51822,1,1,0
1425592,51823,1,1,0
373496,51824,1,0,1
6463296,51825,1,0,1
5408808,51826,1,1,0
722048,51827,1,1,0
2734128,51828,1,1,0
2652656,51829,1,1,0
3681888,51830,1,0,1
422776,51831,1,0,1
345240,51832,1,1,0
1226448,51833,1,1,0
704920,51834,1,0,1
6098840,51835,1,1,0
938080,51836,1,0,1
647920,51837,1,1,0
1240608,51838,1,1,0
1502080,51839,1,0,1
480248,51840,1,1,0
6388152,51841,1,1,0
505952,51842,1,1,0
819696,51843,1,1,0
4065320,51844,1,0,1
242192,51845,1,0,1
1702664,51846,1,1,0
1526312,51847,1,1,0
2381064,51848,1,0,1
4736480,51849,1,1,0
7047296,51850,1,0,1
3363848,51851,1,0,1
2399904,51852,1,1,0
1872464,51853,1,1,0
7935648,51854,1,0,1
1747392,51855,1,1,0
6253272,51856,1,1,0
6585240,51857,1,1,0
5005776,51858,1,0,1
3882712,51859,1,0,1
1149792,51860,1,1,0
6218800,51861,1,1,0
8271200,51862,1,0,1
8105112,51863,1,0,1
1200192,51864,1,1,0
1626144,51865,1,0,1
2211952,51866,1,1,0
1514232,51867,1,0,1
1587264,51868,1,1,0
6536200,51869,1,1,0
7294208,51870,1,0,1
1292944,51871,1,1,0
477960,51872,1,0,1
3402576,51873,1,1,0
1965864,51874,1,0,1
3191216,51875,1,1,0
1834776,51876,1,0,1
1310544,51877,1,1,0
3317600,51878,1,1,0
6721896,51879,1,0,1
897968,51880,1,0,1
2939384,51881,1,0,1
3082176,51882,1,0,1
4111312,51883,1,1,0
5754400,51884,1,0,1
126872,51885,1,1,0
2610752,51886,1,0,1
1189696,51887,1,1,0
163464,51888,1,0,1
2059952,51889,1,1,0
1904448,51890,1,1,0
5438920,51891,1,0,1
3178480,51892,1,0,1
3140712,51893,1,0,1
899368,51894,1,0,1
88784,51895,1,0,1
6952512,51896,1,0,1
1171088,51897,1,1,0
264568,51898,1,1,0
2780648,51899,1,1,0
4023968,51900,1,0,1
4416960,51901,1,0,1
914832,51902,1,0,1
2301528,51903,1,0,1
1941464,51904,1,0,1
937272,51905,1,0,1
7562736,51906,1,1,0
6367144,51907,1,0,1
1166568,51908,1,0,1
2382000,51909,1,1,0
793032,51910,1,0,1
181792,51911,1,0,1
6402504,51912,1,1,0
4971528,51913,1,1,0
4391056,51914,1,0,1
1234160,51915,1,0,1
4044208,51916,1,1,0
904152,51917,1,1,0
3738848,51918,1,0,1
2182040,51919,1,1,0
696584,51920,1,0,1
6792576,51921,1,0,1
6086048,51922,1,0,1
6964440,51923,1,1,0
1607872,51924,1,1,0
1176488,51925,1,1,0
4787664,51926,1,1,0
744768,51927,1,1,0
2562600,51928,1,0,1
775096,51929,1,1,0
2219624,51930,1,0,1
851552,51931,1,1,0
4379144,51932,1,0,1
6495672,51933,1,0,1
3553216,51934,1,1,0
8045864,51935,1,1,0
7368440,51936,1,0,1
2626240,51937,1,1,0
8182168,51938,1,1,0
4682080,51939,1,0,1
1062880,51940,1,0,1
492432,51941,1,1,0
789736,51942,1,1,0
5424736,51943,1,1,0
934024,51944,1,1,0
3261000,51945,1,0,1
5327968,51946,1,0,1
499048,51947,1,0,1
1478872,51948,1,0,1
5465696,51949,1,1,0
1807640,51950,1,1,0
6841392,51951,1,1,0
2264904,51952,1,0,1
3895056,51953,1,1,0
4952792,51954,1,0,1
3345688,51955,1,0,1
1004104,51956,1,1,0
2882112,51957,1,0,1
1739528,51958,1,0,1
403536,51959,1,1,0
957200,51960,1,0,1
928824,51961,1,0,1
637464,51962,1,0,1
1839896,51963,1,0,1
349048,51964,1,1,0
267560,51965,1,0,1
3061080,51966,1,0,1
1262200,51967,1,0,1
1070440,51968,1,0,1
277904,51969,1,0,1
4343432,51970,1,0,1
1066072,51971,1,0,1
545056,51972,1,1,0
6568520,51973,1,1,0
5010112,51974,1,1,0
5556304,51975,1,1,0
6095936,51976,1,0,1
2061048,51977,1,0,1
617560,51978,1,1,0
2879376,51979,1,1,0
1756608,51980,1,1,0
2771304,51981,1,1,0
4420352,51982,1,1,0
427680,51983,1,1,0
1656528,51984,1,1,0
4615424,51985,1,0,1
3418752,51986,1,1,0
314120,51987,1,0,1
3758608,51988,1,1,0
1531904,51989,1,0,1
5835768,51990,1,0,1
1519672,51991,1,0,1
1918688,51992,1,0,1
4374304,51993,1,0,1
162456,51994,1,1,0
1031720,51995,1,0,1
404728,51996,1,1,0
1471264,51997,1,1,0
145376,51998,1,1,0
4628896,51999,1,1,0
687368,52000,1,0,1
648032,52001,1,1,0
2394104,52002,1,0,1
8050128,52003,1,0,1
4717160,52004,1,1,0
1367736,52005,1,1,0
2415600,52006,1,1,0
978992,52007,1,1,0
3817504,52008,1,0,1
1407176,52009,1,1,0
305592,52010,1,0,1
3531552,52011,1,1,0
2830000,52012,1,0,1
2784336,52013,1,1,0
204912,52014,1,1,0
7202616,52015,1,1,0
364608,52016,1,1,0
1036344,52017,1,1,0
5371624,52018,1,1,0
7660192,52019,1,0,1
4619312,52020,1,0,1
2905400,52021,1,0,1
1086576,52022,1,1,0
1202368,52023,1,1,0
5398360,52024,1,0,1
432744,52025,1,1,0
1725136,52026,1,0,1
974680,52027,1,0,1
7544568,52028,1,0,1
2577520,52029,1,0,1
1974624,52030,1,1,0
269248,52031,1,0,1
7103304,52032,1,0,1
5649024,52033,1,0,1
109560,52034,1,0,1
7703920,52035,1,1,0
2328360,52036,1,1,0
2619224,52037,1,0,1
1374696,52038,1,0,1
962520,52039,1,0,1
3500152,52040,1,1,0
2959624,52041,1,0,1
1909048,52042,1,0,1
2394184,52043,1,0,1
1634920,52044,1,1,0
7631512,52045,1,0,1
5511680,52046,1,0,1
753520,52047,1,0,1
1289448,52048,1,0,1
2821152,52049,1,0,1
3459016,52050,1,0,1
2145704,52051,1,0,1
7091584,52052,1,0,1
4483448,52053,1,0,1
6974080,52054,1,0,1
573624,52055,1,0,1
6058496,52056,1,1,0
915184,52057,1,1,0
8129872,52058,1,1,0
3080184,52059,1,1,0
1269600,52060,1,1,0
2256056,52061,1,1,0
2200360,52062,1,1,0
3565032,52063,1,1,0
8260248,52064,1,1,0
802216,52065,1,0,1
1670608,52066,1,1,0
2500504,52067,1,1,0
802496,52068,1,1,0
7740944,52069,1,1,0
3863488,52070,1,1,0
546728,52071,1,0,1
974824,52072,1,1,0
1194816,52073,1,0,1
288560,52074,1,0,1
794728,52075,1,1,0
3038624,52076,1,0,1
3545096,52077,1,1,0
2276072,52078,1,0,1
1704008,52079,1,1,0
313496,52080,1,0,1
4147976,52081,1,1,0
4294408,52082,1,1,0
1392880,52083,1,0,1
1314136,52084,1,1,0
4960496,52085,1,0,1
6425496,52086,1,1,0
2536984,52087,1,0,1
355048,52088,1,0,1
6136152,52089,1,1,0
6757536,52090,1,0,1
217376,52091,1,1,0
2017704,52092,1,0,1
7975864,52093,1,0,1
183704,52094,1,0,1
6054544,52095,1,1,0
3305944,52096,1,0,1
2798856,52097,1,1,0
6992448,52098,1,1,0
894808,52099,1,0,1
4369248,52100,1,0,1
4802864,52101,1,0,1
3946128,52102,1,0,1
5297952,52103,1,1,0
3181752,52104,1,1,0
7539864,52105,1,0,1
946960,52106,1,1,0
3603496,52107,1,0,1
4561512,52108,1,0,1
3968336,52109,1,1,0
1007376,52110,1,1,0
3177720,52111,1,0,1
876712,52112,1,1,0
205168,52113,1,0,1
698408,52114,1,0,1
2705408,52115,1,1,0
705064,52116,1,1,0
392768,52117,1,1,0
967264,52118,1,0,1
5248968,52119,1,1,0
1692920,52120,1,0,1
332376,52121,1,1,0
1212392,52122,1,1,0
1901344,52123,1,1,0
6061200,52124,1,1,0
5409152,52125,1,1,0
3748688,52126,1,0,1
1643976,52127,1,1,0
542744,52128,1,1,0
7003144,52129,1,0,1
205968,52130,1,0,1
1973304,52131,1,1,0
1557880,52132,1,1,0
6339432,52133,1,0,1
3030704,52134,1,0,1
2720264,52135,1,0,1
6216536,52136,1,0,1
2748072,52137,1,0,1
3505416,52138,1,0,1
3229288,52139,1,0,1
1173968,52140,1,0,1
869448,52141,1,0,1
7438776,52142,1,1,0
4705712,52143,1,0,1
3385864,52144,1,1,0
644656,52145,1,0,1
1420048,52146,1,1,0
4342280,52147,1,1,0
4097000,52148,1,0,1
293688,52149,1,1,0
1427048,52150,1,1,0
6080616,52151,1,0,1
5714112,52152,1,1,0
689528,52153,1,1,0
2883976,52154,1,0,1
6705512,52155,1,0,1
5788400,52156,1,1,0
1638616,52157,1,1,0
315600,52158,1,1,0
2136432,52159,1,0,1
2259408,52160,1,0,1
292704,52161,1,0,1
7654056,52162,1,0,1
6068912,52163,1,1,0
5717432,52164,1,1,0
4599288,52165,1,0,1
1417432,52166,1,0,1
7369768,52167,1,1,0
1246528,52168,1,0,1
1726056,52169,1,1,0
3065072,52170,1,0,1
2562592,52171,1,1,0
3606784,52172,1,1,0
405816,52173,1,1,0
673464,52174,1,1,0
6449240,52175,1,1,0
2526048,52176,1,1,0
2115840,52177,1,1,0
2241408,52178,1,0,1
6740720,52179,1,1,0
136264,52180,1,1,0
1518088,52181,1,0,1
1990936,52182,1,0,1
6446840,52183,1,0,1
7244864,52184,1,0,1
6293632,52185,1,1,0
382312,52186,1,0,1
3043264,52187,1,0,1
1188496,52188,1,1,0
2295248,52189,1,0,1
5586400,52190,1,1,0
5962864,52191,1,1,0
7723560,52192,1,0,1
1068384,52193,1,1,0
8375232,52194,1,1,0
583456,52195,1,0,1
800752,52196,1,0,1
4441048,52197,1,0,1
682384,52198,1,1,0
826832,52199,1,1,0
2750120,52200,1,1,0
5272800,52201,1,0,1
7913184,52202,1,0,1
1359016,52203,1,0,1
3505184,52204,1,1,0
280248,52205,1,1,0
1888024,52206,1,0,1
3144744,52207,1,0,1
3249280,52208,1,0,1
192856,52209,1,0,1
3713160,52210,1,1,0
3792480,52211,1,0,1
1873192,52212,1,1,0
1616040,52213,1,0,1
772536,52214,1,0,1
1933608,52215,1,0,1
1805440,52216,1,0,1
7395832,52217,1,1,0
571216,52218,1,1,0
5382424,52219,1,0,1
6591592,52220,1,0,1
3956424,52221,1,0,1
434688,52222,1,1,0
650704,52223,1,0,1
5155536,52224,1,1,0
5422472,52225,1,1,0
2431136,52226,1,1,0
3540792,52227,1,0,1
3681960,52228,1,1,0
5332464,52229,1,0,1
510288,52230,1,0,1
4340568,52231,1,0,1
5913072,52232,1,1,0
4615320,52233,1,0,1
8089672,52234,1,1,0
1057728,52235,1,1,0
483928,52236,1,1,0
1299744,52237,1,1,0
5185216,52238,1,1,0
288984,52239,1,0,1
1655112,52240,1,0,1
462768,52241,1,1,0
1650512,52242,1,1,0
1216760,52243,1,0,1
1472592,52244,1,0,1
6166328,52245,1,0,1
510896,52246,1,0,1
2122096,52247,1,0,1
5262688,52248,1,0,1
7886016,52249,1,0,1
2903488,52250,1,1,0
3058528,52251,1,0,1
3271056,52252,1,0,1
849160,52253,1,1,0
404616,52254,1,1,0
5340776,52255,1,1,0
3193376,52256,1,0,1
1692128,52257,1,0,1
1092912,52258,1,0,1
7209496,52259,1,0,1
1248008,52260,1,0,1
2831600,52261,1,1,0
803488,52262,1,0,1
2923616,52263,1,1,0
5651912,52264,1,1,0
5995304,52265,1,1,0
155112,52266,1,1,0
6513752,52267,1,1,0
328928,52268,1,1,0
175864,52269,1,1,0
629232,52270,1,1,0
971688,52271,1,0,1
7372752,52272,1,0,1
4608528,52273,1,1,0
1281704,52274,1,0,1
3206896,52275,1,0,1
8002848,52276,1,0,1
1821912,52277,1,1,0
453856,52278,1,1,0
849712,52279,1,0,1
407960,52280,1,0,1
223064,52281,1,0,1
8156328,52282,1,1,0
464960,52283,1,1,0
818552,52284,1,1,0
960728,52285,1,0,1
830704,52286,1,1,0
6316776,52287,1,0,1
4482952,52288,1,0,1
3870800,52289,1,1,0
339680,52290,1,1,0
5311696,52291,1,0,1
1274048,52292,1,1,0
3685160,52293,1,0,1
1637456,52294,1,0,1
431384,52295,1,0,1
1270992,52296,1,1,0
8013704,52297,1,0,1
1575568,52298,1,1,0
4585216,52299,1,0,1
4288896,52300,1,0,1
378744,52301,1,1,0
6386928,52302,1,0,1
554904,52303,1,0,1
8167264,52304,1,1,0
3108248,52305,1,1,0
1448680,52306,1,1,0
510712,52307,1,1,0
8132248,52308,1,0,1
8372728,52309,1,1,0
3730264,52310,1,0,1
5394576,52311,1,0,1
503064,52312,1,0,1
1894384,52313,1,1,0
417624,52314,1,1,0
2710992,52315,1,0,1
1274208,52316,1,0,1
826224,52317,1,1,0
6592496,52318,1,0,1
5306984,52319,1,1,0
3679040,52320,1,1,0
202496,52321,1,0,1
3731088,52322,1,1,0
7460488,52323,1,0,1
3292872,52324,1,0,1
1617712,52325,1,1,0
4524688,52326,1,1,0
7542600,52327,1,1,0
5806408,52328,1,1,0
628368,52329,1,0,1
335488,52330,1,0,1
3237464,52331,1,1,0
4074976,52332,1,1,0
8377480,52333,1,1,0
401896,52334,1,0,1
3933456,52335,1,1,0
3689096,52336,1,1,0
2898864,52337,1,1,0
1426232,52338,1,0,1
334744,52339,1,0,1
2148480,52340,1,1,0
1366680,52341,1,1,0
2037768,52342,1,1,0
1294896,52343,1,0,1
890096,52344,1,0,1
5531216,52345,1,0,1
4797240,52346,1,0,1
8211768,52347,1,1,0
501032,52348,1,1,0
136416,52349,1,1,0
6103680,52350,1,1,0
1716384,52351,1,1,0
325816,52352,1,1,0
3519528,52353,1,1,0
348136,52354,1,1,0
2557848,52355,1,0,1
2748808,52356,1,0,1
820688,52357,1,1,0
8073544,52358,1,0,1
3497904,52359,1,0,1
8141880,52360,1,0,1
814792,52361,1,0,1
7867640,52362,1,0,1
474632,52363,1,0,1
3592176,52364,1,1,0
898248,52365,1,0,1
3994744,52366,1,0,1
548248,52367,1,1,0
1541968,52368,1,0,1
5729080,52369,1,0,1
6889584,52370,1,1,0
1221112,52371,1,1,0
1298376,52372,1,1,0
2562672,52373,1,0,1
2662992,52374,1,1,0
1856992,52375,1,0,1
5811192,52376,1,0,1
1905656,52377,1,0,1
1142632,52378,1,1,0
3609600,52379,1,0,1
2701872,52380,1,1,0
2186440,52381,1,0,1
1380856,52382,1,0,1
1533480,52383,1,0,1
609824,52384,1,0,1
3137216,52385,1,0,1
1434024,52386,1,1,0
1375384,52387,1,1,0
669224,52388,1,0,1
1525656,52389,1,1,0
162048,52390,1,1,0
2010000,52391,1,1,0
1112528,52392,1,0,1
1177680,52393,1,0,1
1733056,52394,1,1,0
618984,52395,1,1,0
6927136,52396,1,0,1
6246888,52397,1,1,0
2181912,52398,1,1,0
5539456,52399,1,1,0
4705344,52400,1,0,1
2074472,52401,1,1,0
623272,52402,1,0,1
2170384,52403,1,1,0
1085728,52404,1,0,1
4267272,52405,1,0,1
444976,52406,1,1,0
3281696,52407,1,0,1
1881280,52408,1,0,1
2395232,52409,1,1,0
1171096,52410,1,1,0
6036048,52411,1,1,0
680560,52412,1,0,1
4245016,52413,1,0,1
4628352,52414,1,1,0
1660872,52415,1,0,1
1767288,52416,1,1,0
623016,52417,1,0,1
3409992,52418,1,1,0
961928,52419,1,0,1
2111240,52420,1,0,1
546672,52421,1,0,1
1668752,52422,1,1,0
504840,52423,1,1,0
6935568,52424,1,0,1
4654560,52425,1,1,0
2502864,52426,1,0,1
104640,52427,1,0,1
617912,52428,1,0,1
1029384,52429,1,1,0
1883392,52430,1,1,0
3985816,52431,1,1,0
2982680,52432,1,1,0
198160,52433,1,0,1
139928,52434,1,1,0
3043216,52435,1,1,0
4872856,52436,1,0,1
589304,52437,1,0,1
792576,52438,1,0,1
579712,52439,1,1,0
3556008,52440,1,0,1
2726088,52441,1,1,0
420280,52442,1,1,0
7111992,52443,1,0,1
1710848,52444,1,1,0
3459704,52445,1,0,1
1140056,52446,1,1,0
1941744,52447,1,1,0
189328,52448,1,1,0
728480,52449,1,0,1
3069064,52450,1,1,0
409712,52451,1,0,1
2973744,52452,1,1,0
2022968,52453,1,1,0
1636280,52454,1,0,1
8187080,52455,1,1,0
8016872,52456,1,0,1
783224,52457,1,1,0
5073320,52458,1,0,1
5307432,52459,1,0,1
5981904,52460,1,0,1
7989552,52461,1,1,0
3740600,52462,1,0,1
2099432,52463,1,1,0
3178560,52464,1,0,1
2847064,52465,1,0,1
4682304,52466,1,1,0
5978512,52467,1,1,0
1701200,52468,1,0,1
1392856,52469,1,1,0
709456,52470,1,0,1
6320616,52471,1,0,1
4599112,52472,1,0,1
5868856,52473,1,1,0
2379512,52474,1,0,1
4897920,52475,1,1,0
221904,52476,1,1,0
2895016,52477,1,1,0
1594712,52478,1,1,0
3837920,52479,1,1,0
2059008,52480,1,0,1
2315032,52481,1,1,0
7518904,52482,1,0,1
518296,52483,1,1,0
2408888,52484,1,1,0
1241816,52485,1,1,0
3385424,52486,1,0,1
1550992,52487,1,0,1
811944,52488,1,0,1
649392,52489,1,0,1
4191216,52490,1,0,1
2806304,52491,1,0,1
842344,52492,1,1,0
1451272,52493,1,1,0
2034600,52494,1,0,1
3501816,52495,1,1,0
629712,52496,1,0,1
705560,52497,1,0,1
1456400,52498,1,0,1
5340680,52499,1,1,0
1070384,52500,1,0,1
1718536,52501,1,1,0
6179296,52502,1,1,0
5849440,52503,1,1,0
556784,52504,1,0,1
83920,52505,1,1,0
4194608,52506,1,1,0
645864,52507,1,0,1
2618504,52508,1,1,0
636952,52509,1,1,0
8097816,52510,1,1,0
4144976,52511,1,0,1
2824888,52512,1,0,1
5470024,52513,1,0,1
271256,52514,1,0,1
3509536,52515,1,0,1
2252096,52516,1,1,0
5528720,52517,1,1,0
131000,52518,1,1,0
1323224,52519,1,0,1
1770504,52520,1,1,0
4893312,52521,1,0,1
4502912,52522,1,0,1
2664048,52523,1,1,0
1017184,52524,1,1,0
3450496,52525,1,0,1
7840864,52526,1,1,0
775032,52527,1,0,1
2169824,52528,1,0,1
510168,52529,1,1,0
207184,52530,1,0,1
2085296,52531,1,0,1
5672664,52532,1,1,0
677240,52533,1,0,1
1697112,52534,1,1,0
1006440,52535,1,0,1
1962544,52536,1,0,1
7151960,52537,1,1,0
1918264,52538,1,0,1
8302624,52539,1,0,1
925904,52540,1,0,1
5762600,52541,1,0,1
7071416,52542,1,1,0
2952536,52543,1,0,1
474208,52544,1,1,0
7796768,52545,1,1,0
6112736,52546,1,0,1
4565552,52547,1,1,0
2054216,52548,1,1,0
849256,52549,1,0,1
231968,52550,1,0,1
906344,52551,1,0,1
8213224,52552,1,0,1
7595856,52553,1,0,1
1147128,52554,1,0,1
4391000,52555,1,0,1
2451408,52556,1,1,0
2236208,52557,1,0,1
1588960,52558,1,1,0
2472128,52559,1,1,0
1312128,52560,1,0,1
7916464,52561,1,1,0
1031800,52562,1,1,0
1186384,52563,1,0,1
3331544,52564,1,0,1
4020624,52565,1,0,1
8372304,52566,1,1,0
5803240,52567,1,0,1
6446920,52568,1,0,1
3778328,52569,1,1,0
303096,52570,1,0,1
798448,52571,1,0,1
2257504,52572,1,1,0
1130800,52573,1,1,0
7681152,52574,1,0,1
6828336,52575,1,0,1
416184,52576,1,0,1
583888,52577,1,0,1
861640,52578,1,0,1
4524168,52579,1,1,0
1358024,52580,1,1,0
5381936,52581,1,1,0
270800,52582,1,1,0
1627656,52583,1,0,1
2594272,52584,1,0,1
92520,52585,1,1,0
4328456,52586,1,1,0
4195504,52587,1,1,0
2623560,52588,1,0,1
1905680,52589,1,1,0
8234600,52590,1,1,0
3722008,52591,1,1,0
1596120,52592,1,0,1
187080,52593,1,1,0
3385832,52594,1,1,0
661712,52595,1,0,1
4297688,52596,1,0,1
1810456,52597,1,0,1
423008,52598,1,1,0
1136536,52599,1,1,0
453984,52600,1,1,0
6741136,52601,1,1,0
799176,52602,1,1,0
990000,52603,1,1,0
1667616,52604,1,1,0
5604224,52605,1,1,0
934152,52606,1,1,0
2848848,52607,1,1,0
863720,52608,1,1,0
344312,52609,1,1,0
4123840,52610,1,1,0
7490144,52611,1,1,0
786584,52612,1,1,0
2772480,52613,1,1,0
5132848,52614,1,1,0
2752328,52615,1,1,0
5875576,52616,1,1,0
592856,52617,1,0,1
5177392,52618,1,0,1
2088712,52619,1,0,1
1038488,52620,1,0,1
890640,52621,1,1,0
5913600,52622,1,0,1
7355536,52623,1,1,0
2636560,52624,1,1,0
786904,52625,1,1,0
7212848,52626,1,1,0
4937304,52627,1,0,1
664088,52628,1,1,0
6365680,52629,1,0,1
482352,52630,1,0,1
1729144,52631,1,1,0
2015288,52632,1,0,1
5490384,52633,1,1,0
215264,52634,1,0,1
3215328,52635,1,0,1
5815336,52636,1,0,1
4808216,52637,1,1,0
504096,52638,1,1,0
2693752,52639,1,1,0
2871040,52640,1,1,0
5467608,52641,1,0,1
3036512,52642,1,1,0
774040,52643,1,0,1
3975664,52644,1,0,1
2033184,52645,1,0,1
2200984,52646,1,1,0
428776,52647,1,1,0
1059584,52648,1,0,1
1204520,52649,1,0,1
361064,52650,1,1,0
148616,52651,1,0,1
6941976,52652,1,1,0
3717264,52653,1,1,0
4787912,52654,1,1,0
111248,52655,1,1,0
4096272,52656,1,0,1
6288592,52657,1,1,0
3114104,52658,1,1,0
933144,52659,1,1,0
8259232,52660,1,0,1
3783328,52661,1,0,1
5207560,52662,1,1,0
5283280,52663,1,0,1
6064464,52664,1,0,1
1050776,52665,1,1,0
6343808,52666,1,1,0
4721808,52667,1,0,1
1205280,52668,1,1,0
1212088,52669,1,0,1
4284608,52670,1,1,0
3356272,52671,1,0,1
5114872,52672,1,1,0
7871816,52673,1,1,0
7253136,52674,1,1,0
5802224,52675,1,0,1
5193424,52676,1,1,0
5256008,52677,1,0,1
4406072,52678,1,1,0
434520,52679,1,1,0
1101552,52680,1,1,0
3401192,52681,1,1,0
1304424,52682,1,0,1
346336,52683,1,0,1
5958768,52684,1,0,1
3055080,52685,1,0,1
831712,52686,1,0,1
1432808,52687,1,1,0
2405968,52688,1,0,1
8071336,52689,1,0,1
1493320,52690,1,0,1
4260248,52691,1,0,1
274112,52692,1,0,1
1101720,52693,1,0,1
713208,52694,1,1,0
4406848,52695,1,1,0
4223416,52696,1,1,0
591200,52697,1,0,1
3868088,52698,1,0,1
5860576,52699,1,1,0
4775168,52700,1,1,0
1868600,52701,1,0,1
2963776,52702,1,1,0
8000560,52703,1,0,1
895088,52704,1,0,1
8243456,52705,1,0,1
224336,52706,1,1,0
1335136,52707,1,0,1
4232368,52708,1,1,0
2304784,52709,1,0,1
925848,52710,1,0,1
6248688,52711,1,0,1
5260416,52712,1,0,1
1538280,52713,1,1,0
1504008,52714,1,1,0
338344,52715,1,0,1
4547544,52716,1,0,1
5285792,52717,1,1,0
3328392,52718,1,0,1
4855968,52719,1,0,1
2028328,52720,1,0,1
152160,52721,1,0,1
5372400,52722,1,1,0
358760,52723,1,0,1
176696,52724,1,1,0
793008,52725,1,0,1
998152,52726,1,1,0
1229720,52727,1,1,0
7498752,52728,1,0,1
1185856,52729,1,1,0
8134656,52730,1,1,0
4119896,52731,1,0,1
3519272,52732,1,1,0
5940976,52733,1,0,1
2719880,52734,1,0,1
1574576,52735,1,0,1
1260720,52736,1,0,1
3148952,52737,1,1,0
8126976,52738,1,1,0
3489392,52739,1,1,0
4522768,52740,1,0,1
5503832,52741,1,0,1
1694760,52742,1,1,0
325528,52743,1,1,0
1734640,52744,1,1,0
1728984,52745,1,1,0
1309248,52746,1,1,0
607848,52747,1,0,1
877368,52748,1,0,1
910808,52749,1,1,0
1056728,52750,1,0,1
2652392,52751,1,1,0
296000,52752,1,1,0
5754656,52753,1,1,0
7855176,52754,1,0,1
1729864,52755,1,1,0
2408696,52756,1,1,0
972064,52757,1,0,1
4764648,52758,1,1,0
1814280,52759,1,1,0
5718160,52760,1,1,0
873800,52761,1,0,1
628832,52762,1,0,1
2543072,52763,1,1,0
676872,52764,1,1,0
5366104,52765,1,0,1
3888096,52766,1,0,1
545568,52767,1,0,1
3397496,52768,1,1,0
1802904,52769,1,1,0
5498088,52770,1,1,0
780488,52771,1,1,0
418256,52772,1,0,1
7808992,52773,1,1,0
623656,52774,1,0,1
5553848,52775,1,0,1
113712,52776,1,0,1
4000552,52777,1,0,1
392912,52778,1,0,1
726960,52779,1,1,0
999472,52780,1,0,1
571424,52781,1,1,0
287888,52782,1,0,1
2355320,52783,1,0,1
4232752,52784,1,1,0
2939992,52785,1,0,1
779216,52786,1,1,0
2989232,52787,1,1,0
4902208,52788,1,1,0
3686496,52789,1,1,0
5558984,52790,1,1,0
962024,52791,1,0,1
5033480,52792,1,1,0
1152432,52793,1,1,0
374992,52794,1,1,0
944152,52795,1,0,1
4596216,52796,1,1,0
2683408,52797,1,1,0
1736824,52798,1,0,1
1081216,52799,1,1,0
2746416,52800,1,0,1
1143280,52801,1,1,0
6868400,52802,1,0,1
662392,52803,1,1,0
5171064,52804,1,0,1
3957032,52805,1,0,1
2352808,52806,1,1,0
3868832,52807,1,0,1
1226800,52808,1,0,1
3741800,52809,1,1,0
397280,52810,1,0,1
1909712,52811,1,1,0
1252776,52812,1,1,0
5268640,52813,1,1,0
2997360,52814,1,0,1
1169448,52815,1,1,0
5974344,52816,1,0,1
5503912,52817,1,1,0
2010872,52818,1,0,1
1513856,52819,1,0,1
940048,52820,1,0,1
2739368,52821,1,0,1
2426952,52822,1,1,0
3897896,52823,1,0,1
336536,52824,1,0,1
5642456,52825,1,0,1
2528576,52826,1,1,0
2890064,52827,1,0,1
806464,52828,1,0,1
364376,52829,1,0,1
5772944,52830,1,0,1
638792,52831,1,0,1
369168,52832,1,1,0
5294008,52833,1,0,1
3909552,52834,1,0,1
891288,52835,1,0,1
2884600,52836,1,0,1
1847040,52837,1,1,0
5485128,52838,1,0,1
4239312,52839,1,1,0
4280728,52840,1,1,0
7430784,52841,1,0,1
4191288,52842,1,0,1
4729160,52843,1,1,0
4928504,52844,1,0,1
422312,52845,1,1,0
3163584,52846,1,0,1
343912,52847,1,1,0
272856,52848,1,1,0
845752,52849,1,0,1
1016344,52850,1,0,1
325776,52851,1,0,1
5893840,52852,1,0,1
1748568,52853,1,1,0
8057680,52854,1,0,1
1485424,52855,1,1,0
259936,52856,1,1,0
7261736,52857,1,0,1
4543152,52858,1,0,1
1579912,52859,1,0,1
3227048,52860,1,0,1
363264,52861,1,0,1
406992,52862,1,0,1
5938728,52863,1,0,1
331624,52864,1,0,1
641232,52865,1,1,0
5478376,52866,1,1,0
657112,52867,1,0,1
1488192,52868,1,0,1
703128,52869,1,0,1
1753216,52870,1,0,1
2460160,52871,1,1,0
2302176,52872,1,1,0
349784,52873,1,1,0
6573752,52874,1,1,0
7425872,52875,1,0,1
525912,52876,1,1,0
705944,52877,1,0,1
1485600,52878,1,1,0
2305448,52879,1,0,1
2781928,52880,1,1,0
607768,52881,1,1,0
974392,52882,1,0,1
2146848,52883,1,0,1
5899288,52884,1,1,0
6328608,52885,1,0,1
3048888,52886,1,0,1
2498152,52887,1,1,0
3162432,52888,1,0,1
4469616,52889,1,1,0
3768976,52890,1,0,1
4912336,52891,1,0,1
7896016,52892,1,0,1
930808,52893,1,0,1
3132376,52894,1,1,0
1554064,52895,1,0,1
3940608,52896,1,1,0
6314008,52897,1,0,1
6663720,52898,1,0,1
6617304,52899,1,1,0
1882304,52900,1,1,0
6383640,52901,1,1,0
1417656,52902,1,0,1
1093160,52903,1,0,1
2160552,52904,1,1,0
1659080,52905,1,1,0
1130592,52906,1,1,0
3721560,52907,1,1,0
7719552,52908,1,1,0
8027312,52909,1,1,0
1353360,52910,1,1,0
2854768,52911,1,0,1
1682624,52912,1,1,0
2132584,52913,1,0,1
484008,52914,1,1,0
1019760,52915,1,0,1
2926744,52916,1,0,1
4131104,52917,1,0,1
1690976,52918,1,1,0
1620392,52919,1,1,0
605976,52920,1,1,0
1730304,52921,1,0,1
370360,52922,1,1,0
3836512,52923,1,0,1
5130040,52924,1,0,1
1981848,52925,1,1,0
5840360,52926,1,1,0
1329272,52927,1,0,1
1174256,52928,1,0,1
2248440,52929,1,1,0
2651608,52930,1,0,1
4337192,52931,1,0,1
4386176,52932,1,1,0
797640,52933,1,0,1
141544,52934,1,0,1
259336,52935,1,1,0
2490616,52936,1,0,1
3367304,52937,1,0,1
4709368,52938,1,0,1
406664,52939,1,0,1
4141856,52940,1,1,0
5901792,52941,1,0,1
4348312,52942,1,0,1
1633552,52943,1,0,1
1779296,52944,1,1,0
632056,52945,1,0,1
6356192,52946,1,0,1
867080,52947,1,1,0
1143400,52948,1,1,0
131312,52949,1,0,1
371552,52950,1,0,1
1092792,52951,1,1,0
276800,52952,1,0,1
4752216,52953,1,0,1
5367728,52954,1,0,1
5492272,52955,1,1,0
316168,52956,1,0,1
8231480,52957,1,1,0
1038168,52958,1,0,1
1095816,52959,1,0,1
878072,52960,1,0,1
595088,52961,1,1,0
2267400,52962,1,0,1
5463856,52963,1,1,0
5381256,52964,1,0,1
3705640,52965,1,1,0
1091920,52966,1,1,0
1101992,52967,1,0,1
4950704,52968,1,0,1
6887232,52969,1,0,1
5940280,52970,1,1,0
4745456,52971,1,1,0
3729120,52972,1,1,0
6494216,52973,1,1,0
5435968,52974,1,1,0
5839848,52975,1,1,0
5402232,52976,1,1,0
2161488,52977,1,1,0
3148920,52978,1,0,1
475840,52979,1,0,1
1483864,52980,1,1,0
530368,52981,1,0,1
213384,52982,1,1,0
1524928,52983,1,0,1
3082984,52984,1,1,0
2818896,52985,1,0,1
143896,52986,1,1,0
1349056,52987,1,1,0
2457496,52988,1,1,0
1986376,52989,1,1,0
1296744,52990,1,0,1
350960,52991,1,1,0
7574920,52992,1,0,1
3391104,52993,1,1,0
3367704,52994,1,0,1
3664728,52995,1,1,0
245544,52996,1,1,0
2769008,52997,1,1,0
295784,52998,1,1,0
452408,52999,1,0,1
5947864,53000,1,0,1
3174488,53001,1,1,0
1543424,53002,1,1,0
1052128,53003,1,0,1
4378584,53004,1,1,0
1517944,53005,1,0,1
86712,53006,1,0,1
869288,53007,1,1,0
3755824,53008,1,1,0
667488,53009,1,0,1
4167232,53010,1,1,0
2192904,53011,1,0,1
2023736,53012,1,0,1
3970152,53013,1,1,0
7635336,53014,1,1,0
259632,53015,1,0,1
1889976,53016,1,0,1
611896,53017,1,0,1
2672472,53018,1,0,1
3464920,53019,1,1,0
5266280,53020,1,1,0
4500608,53021,1,0,1
6402408,53022,1,0,1
5292352,53023,1,1,0
1653144,53024,1,1,0
5448496,53025,1,1,0
4893320,53026,1,0,1
4355424,53027,1,0,1
397616,53028,1,1,0
3273152,53029,1,1,0
285528,53030,1,1,0
2080152,53031,1,1,0
7616392,53032,1,1,0
3222480,53033,1,1,0
5738472,53034,1,0,1
1146920,53035,1,1,0
1337272,53036,1,0,1
3270736,53037,1,1,0
2629408,53038,1,1,0
1810200,53039,1,0,1
929912,53040,1,1,0
5128200,53041,1,0,1
876800,53042,1,0,1
5928880,53043,1,0,1
1674808,53044,1,0,1
1306352,53045,1,1,0
1225008,53046,1,1,0
4165520,53047,1,0,1
1903200,53048,1,1,0
1237464,53049,1,1,0
590512,53050,1,0,1
1824488,53051,1,0,1
3355136,53052,1,0,1
1028032,53053,1,0,1
7311120,53054,1,1,0
2048880,53055,1,1,0
1175712,53056,1,0,1
745208,53057,1,0,1
1862808,53058,1,0,1
7064464,53059,1,1,0
6359072,53060,1,0,1
2926344,53061,1,0,1
3612272,53062,1,1,0
316648,53063,1,0,1
2418792,53064,1,1,0
1830120,53065,1,1,0
5183088,53066,1,1,0
7709600,53067,1,0,1
5669880,53068,1,1,0
3635336,53069,1,0,1
1544944,53070,1,1,0
1098000,53071,1,0,1
4369664,53072,1,1,0
4317424,53073,1,1,0
3480520,53074,1,1,0
1694800,53075,1,0,1
1665152,53076,1,1,0
2372152,53077,1,1,0
3441968,53078,1,0,1
8317312,53079,1,0,1
2686656,53080,1,0,1
693184,53081,1,0,1
1801568,53082,1,0,1
1802856,53083,1,0,1
2186000,53084,1,1,0
846048,53085,1,1,0
5286224,53086,1,1,0
4798168,53087,1,0,1
4568320,53088,1,0,1
3236016,53089,1,0,1
4425568,53090,1,0,1
471904,53091,1,1,0
575648,53092,1,1,0
2209848,53093,1,0,1
954688,53094,1,1,0
957520,53095,1,0,1
7174736,53096,1,0,1
3567912,53097,1,1,0
3891368,53098,1,0,1
4195328,53099,1,0,1
216408,53100,1,0,1
1773232,53101,1,1,0
4115616,53102,1,0,1
5819608,53103,1,1,0
428056,53104,1,0,1
6452312,53105,1,0,1
6857464,53106,1,1,0
249448,53107,1,0,1
2428464,53108,1,1,0
474280,53109,1,0,1
6038136,53110,1,1,0
3985904,53111,1,1,0
396984,53112,1,1,0
4516392,53113,1,1,0
1148448,53114,1,0,1
591736,53115,1,1,0
2713368,53116,1,0,1
4573312,53117,1,1,0
6366016,53118,1,1,0
2161224,53119,1,0,1
417336,53120,1,1,0
2175376,53121,1,1,0
1032656,53122,1,0,1
4346480,53123,1,1,0
1692528,53124,1,0,1
696312,53125,1,1,0
2070376,53126,1,0,1
6527336,53127,1,1,0
3564192,53128,1,0,1
332840,53129,1,1,0
2266664,53130,1,0,1
2669512,53131,1,0,1
2658200,53132,1,1,0
2461400,53133,1,1,0
4710232,53134,1,1,0
4103760,53135,1,0,1
2004080,53136,1,1,0
376232,53137,1,0,1
2745056,53138,1,0,1
518288,53139,1,1,0
1380632,53140,1,1,0
5964952,53141,1,1,0
407928,53142,1,0,1
6759680,53143,1,1,0
7938936,53144,1,0,1
4331464,53145,1,0,1
3564752,53146,1,0,1
5089320,53147,1,1,0
315848,53148,1,1,0
4429056,53149,1,1,0
4042840,53150,1,1,0
8206088,53151,1,0,1
1847120,53152,1,1,0
4652848,53153,1,1,0
2773184,53154,1,1,0
1831360,53155,1,1,0
3332336,53156,1,1,0
2553880,53157,1,1,0
3819912,53158,1,0,1
5080960,53159,1,0,1
1544528,53160,1,0,1
1258192,53161,1,1,0
1382496,53162,1,0,1
2376696,53163,1,1,0
2370128,53164,1,0,1
4837560,53165,1,0,1
242712,53166,1,1,0
2006048,53167,1,1,0
4547352,53168,1,0,1
1129808,53169,1,1,0
6374080,53170,1,1,0
2540256,53171,1,1,0
5660384,53172,1,0,1
7400832,53173,1,0,1
1640744,53174,1,0,1
6097112,53175,1,1,0
478176,53176,1,0,1
653488,53177,1,0,1
1468656,53178,1,1,0
6358736,53179,1,0,1
801784,53180,1,0,1
3262240,53181,1,1,0
4192296,53182,1,1,0
2664616,53183,1,0,1
4806664,53184,1,1,0
3203048,53185,1,1,0
1910776,53186,1,0,1
881952,53187,1,1,0
447648,53188,1,1,0
223984,53189,1,1,0
3871448,53190,1,0,1
3344688,53191,1,0,1
1000840,53192,1,1,0
492184,53193,1,1,0
1875520,53194,1,1,0
971504,53195,1,0,1
2845256,53196,1,1,0
938936,53197,1,0,1
8237216,53198,1,1,0
818392,53199,1,1,0
567792,53200,1,0,1
764176,53201,1,0,1
286128,53202,1,1,0
1741600,53203,1,0,1
3184144,53204,1,1,0
2193880,53205,1,0,1
1176904,53206,1,1,0
2445864,53207,1,1,0
604960,53208,1,1,0
5494496,53209,1,1,0
1626056,53210,1,1,0
2496232,53211,1,0,1
406104,53212,1,1,0
6324448,53213,1,1,0
3063168,53214,1,1,0
2587608,53215,1,1,0
692720,53216,1,0,1
289264,53217,1,1,0
7929768,53218,1,1,0
1870936,53219,1,1,0
1101896,53220,1,0,1
2299872,53221,1,1,0
197352,53222,1,1,0
5851200,53223,1,1,0
3545576,53224,1,1,0
322304,53225,1,0,1
4542112,53226,1,1,0
3595720,53227,1,0,1
7123992,53228,1,0,1
5997232,53229,1,1,0
571560,53230,1,0,1
5835256,53231,1,0,1
1453632,53232,1,1,0
187936,53233,1,0,1
4413296,53234,1,1,0
2116800,53235,1,1,0
3910704,53236,1,0,1
5616080,53237,1,1,0
2482112,53238,1,1,0
1776328,53239,1,0,1
5162720,53240,1,0,1
5555568,53241,1,0,1
1284160,53242,1,0,1
8139072,53243,1,0,1
597224,53244,1,1,0
1239992,53245,1,0,1
4605016,53246,1,1,0
8231952,53247,1,1,0
5431608,53248,1,1,0
4949392,53249,1,0,1
3398344,53250,1,1,0
5226880,53251,1,0,1
4754464,53252,1,0,1
4815824,53253,1,1,0
1948552,53254,1,1,0
8231256,53255,1,0,1
226352,53256,1,0,1
142368,53257,1,0,1
2105920,53258,1,1,0
436024,53259,1,0,1
1835528,53260,1,0,1
6374008,53261,1,1,0
1588096,53262,1,0,1
3164448,53263,1,0,1
1861136,53264,1,1,0
1288936,53265,1,0,1
6325656,53266,1,1,0
7502352,53267,1,1,0
418304,53268,1,1,0
218128,53269,1,1,0
223728,53270,1,0,1
7657328,53271,1,0,1
1151792,53272,1,0,1
3487472,53273,1,1,0
5299760,53274,1,0,1
2358728,53275,1,1,0
3204248,53276,1,1,0
478488,53277,1,0,1
2655696,53278,1,1,0
8317928,53279,1,1,0
469832,53280,1,0,1
3673976,53281,1,0,1
3736480,53282,1,0,1
6566744,53283,1,0,1
2661872,53284,1,1,0
6062192,53285,1,1,0
1643712,53286,1,0,1
1013944,53287,1,0,1
5142976,53288,1,1,0
6286184,53289,1,1,0
3564656,53290,1,1,0
317776,53291,1,0,1
1747312,53292,1,0,1
5510200,53293,1,1,0
4536568,53294,1,1,0
620056,53295,1,0,1
1016000,53296,1,1,0
590328,53297,1,0,1
2994856,53298,1,1,0
4306168,53299,1,1,0
1631608,53300,1,0,1
4460648,53301,1,1,0
2998040,53302,1,1,0
706064,53303,1,1,0
5287912,53304,1,0,1
5718144,53305,1,0,1
456192,53306,1,0,1
468664,53307,1,1,0
6855656,53308,1,0,1
2203832,53309,1,1,0
306856,53310,1,1,0
447088,53311,1,1,0
2260656,53312,1,0,1
426456,53313,1,1,0
1311456,53314,1,0,1
583544,53315,1,1,0
7507104,53316,1,0,1
1430304,53317,1,0,1
608888,53318,1,0,1
7249184,53319,1,0,1
4057192,53320,1,1,0
528104,53321,1,0,1
2783272,53322,1,0,1
155064,53323,1,1,0
909448,53324,1,0,1
6971440,53325,1,1,0
4088664,53326,1,1,0
1217200,53327,1,0,1
2725536,53328,1,1,0
822456,53329,1,0,1
201000,53330,1,1,0
3842520,53331,1,1,0
1007056,53332,1,0,1
2101056,53333,1,0,1
2630344,53334,1,0,1
8186096,53335,1,0,1
1133864,53336,1,1,0
5143752,53337,1,1,0
2770368,53338,1,0,1
1019720,53339,1,0,1
1561808,53340,1,0,1
221456,53341,1,1,0
7825304,53342,1,1,0
2122424,53343,1,1,0
1175728,53344,1,1,0
488648,53345,1,1,0
3790240,53346,1,0,1
735312,53347,1,0,1
6041720,53348,1,1,0
6547264,53349,1,1,0
337632,53350,1,1,0
2848632,53351,1,0,1
486536,53352,1,0,1
3729464,53353,1,1,0
2407112,53354,1,0,1
769008,53355,1,0,1
1546696,53356,1,1,0
92176,53357,1,0,1
4191848,53358,1,0,1
2992136,53359,1,1,0
1323296,53360,1,1,0
6774800,53361,1,1,0
159840,53362,1,1,0
1673928,53363,1,0,1
2488880,53364,1,1,0
311248,53365,1,1,0
2203064,53366,1,0,1
792336,53367,1,1,0
6680056,53368,1,1,0
5323888,53369,1,0,1
1827288,53370,1,1,0
676800,53371,1,1,0
851328,53372,1,0,1
3485344,53373,1,1,0
3579272,53374,1,1,0
2926160,53375,1,0,1
412840,53376,1,0,1
1110408,53377,1,0,1
6079920,53378,1,0,1
574752,53379,1,1,0
319808,53380,1,1,0
3979560,53381,1,0,1
1508008,53382,1,1,0
2601872,53383,1,0,1
7240952,53384,1,0,1
5483008,53385,1,0,1
8093688,53386,1,0,1
674024,53387,1,1,0
4491680,53388,1,0,1
358392,53389,1,1,0
712152,53390,1,1,0
4705832,53391,1,0,1
2909736,53392,1,0,1
1781184,53393,1,1,0
4371304,53394,1,0,1
2744896,53395,1,1,0
387608,53396,1,0,1
6377160,53397,1,0,1
584096,53398,1,0,1
193688,53399,1,1,0
4884272,53400,1,0,1
1227680,53401,1,1,0
1407952,53402,1,1,0
288392,53403,1,1,0
4440544,53404,1,1,0
3030912,53405,1,1,0
1328120,53406,1,0,1
6112528,53407,1,0,1
1652136,53408,1,1,0
3957456,53409,1,1,0
4345216,53410,1,1,0
1316528,53411,1,1,0
4838944,53412,1,0,1
6909128,53413,1,1,0
1550176,53414,1,0,1
220928,53415,1,1,0
941600,53416,1,0,1
6629488,53417,1,1,0
2067784,53418,1,0,1
8166560,53419,1,1,0
7725152,53420,1,0,1
1739912,53421,1,0,1
1827480,53422,1,0,1
423488,53423,1,1,0
1563336,53424,1,1,0
130008,53425,1,0,1
2193768,53426,1,0,1
1266192,53427,1,1,0
4714960,53428,1,0,1
4860744,53429,1,1,0
2190232,53430,1,0,1
7169496,53431,1,0,1
736200,53432,1,0,1
6587568,53433,1,0,1
429536,53434,1,0,1
1339584,53435,1,1,0
4546912,53436,1,1,0
737976,53437,1,0,1
692848,53438,1,1,0
3469640,53439,1,1,0
6812648,53440,1,0,1
420656,53441,1,1,0
5250392,53442,1,1,0
2401272,53443,1,0,1
5173272,53444,1,1,0
1693328,53445,1,0,1
1441624,53446,1,1,0
3713944,53447,1,1,0
5732336,53448,1,1,0
2385112,53449,1,0,1
4874440,53450,1,1,0
250664,53451,1,0,1
3490352,53452,1,0,1
875432,53453,1,1,0
1421064,53454,1,1,0
4398576,53455,1,0,1
5703808,53456,1,0,1
1078712,53457,1,1,0
3978112,53458,1,1,0
493328,53459,1,1,0
2454408,53460,1,1,0
8200712,53461,1,0,1
369128,53462,1,0,1
1787584,53463,1,0,1
5430784,53464,1,1,0
855856,53465,1,0,1
6328440,53466,1,1,0
7446976,53467,1,1,0
312112,53468,1,0,1
4325064,53469,1,0,1
7328184,53470,1,1,0
340336,53471,1,1,0
1960168,53472,1,0,1
1284128,53473,1,0,1
1501504,53474,1,1,0
3398728,53475,1,1,0
5979800,53476,1,0,1
2874408,53477,1,0,1
542144,53478,1,0,1
7842744,53479,1,1,0
673000,53480,1,1,0
3494256,53481,1,1,0
7567816,53482,1,0,1
8055600,53483,1,0,1
897952,53484,1,1,0
1486608,53485,1,0,1
932464,53486,1,1,0
282928,53487,1,1,0
935152,53488,1,1,0
1610088,53489,1,1,0
669656,53490,1,0,1
2573680,53491,1,1,0
576448,53492,1,0,1
1361328,53493,1,0,1
408096,53494,1,0,1
5684544,53495,1,1,0
1271776,53496,1,0,1
5882888,53497,1,0,1
1821824,53498,1,1,0
5782712,53499,1,1,0
4410432,53500,1,1,0
723536,53501,1,1,0
868928,53502,1,0,1
2626712,53503,1,1,0
6935288,53504,1,1,0
4002672,53505,1,1,0
587088,53506,1,0,1
4014000,53507,1,1,0
6653192,53508,1,0,1
5450256,53509,1,0,1
2959240,53510,1,0,1
4224960,53511,1,1,0
286552,53512,1,1,0
3803384,53513,1,1,0
1074664,53514,1,1,0
3862040,53515,1,1,0
1147088,53516,1,0,1
3096224,53517,1,1,0
743584,53518,1,0,1
402272,53519,1,0,1
5636824,53520,1,0,1
821672,53521,1,0,1
2608992,53522,1,0,1
1574472,53523,1,1,0
423016,53524,1,0,1
5717664,53525,1,1,0
6213008,53526,1,1,0
4853912,53527,1,0,1
4690264,53528,1,0,1
4280152,53529,1,1,0
1263080,53530,1,0,1
8355224,53531,1,0,1
3299088,53532,1,1,0
2149544,53533,1,0,1
415296,53534,1,0,1
1434352,53535,1,1,0
5174936,53536,1,1,0
802632,53537,1,0,1
3977968,53538,1,0,1
3457328,53539,1,1,0
1661928,53540,1,0,1
1352168,53541,1,0,1
2467208,53542,1,1,0
6225392,53543,1,1,0
4622416,53544,1,1,0
1208296,53545,1,1,0
1958432,53546,1,0,1
7404792,53547,1,1,0
1524504,53548,1,0,1
6605624,53549,1,0,1
7978224,53550,1,1,0
8311272,53551,1,1,0
2685792,53552,1,0,1
2700480,53553,1,1,0
1171896,53554,1,1,0
4038288,53555,1,0,1
2766880,53556,1,1,0
608392,53557,1,0,1
1169600,53558,1,0,1
1251880,53559,1,1,0
3799768,53560,1,1,0
1861456,53561,1,1,0
5569968,53562,1,0,1
1737128,53563,1,0,1
1581560,53564,1,1,0
1219384,53565,1,1,0
4485696,53566,1,1,0
2805872,53567,1,1,0
8187392,53568,1,1,0
3456592,53569,1,1,0
824360,53570,1,1,0
1791432,53571,1,0,1
6322360,53572,1,1,0
6985200,53573,1,1,0
3937864,53574,1,1,0
1073296,53575,1,0,1
4673808,53576,1,0,1
167168,53577,1,1,0
2118464,53578,1,1,0
6393392,53579,1,1,0
542632,53580,1,1,0
999088,53581,1,0,1
1045264,53582,1,1,0
2425424,53583,1,1,0
1270048,53584,1,1,0
3064968,53585,1,0,1
2393480,53586,1,0,1
3838152,53587,1,0,1
3622128,53588,1,1,0
254960,53589,1,1,0
5158056,53590,1,1,0
7058912,53591,1,1,0
305912,53592,1,0,1
6172544,53593,1,1,0
2699216,53594,1,1,0
776896,53595,1,1,0
948856,53596,1,0,1
4279960,53597,1,0,1
1466432,53598,1,1,0
1389472,53599,1,0,1
4640520,53600,1,1,0
7749584,53601,1,1,0
1202096,53602,1,0,1
1058064,53603,1,1,0
2419728,53604,1,1,0
204496,53605,1,0,1
5323008,53606,1,0,1
694096,53607,1,0,1
285200,53608,1,0,1
2295040,53609,1,1,0
2969368,53610,1,1,0
2990664,53611,1,0,1
2128984,53612,1,0,1
517888,53613,1,0,1
7687960,53614,1,1,0
577680,53615,1,1,0
6123008,53616,1,0,1
3906792,53617,1,0,1
1561744,53618,1,0,1
3229256,53619,1,1,0
3168824,53620,1,0,1
489304,53621,1,0,1
4984528,53622,1,0,1
4484624,53623,1,1,0
7944192,53624,1,1,0
1031136,53625,1,1,0
1400288,53626,1,0,1
4406608,53627,1,1,0
7448328,53628,1,1,0
3500760,53629,1,0,1
4051344,53630,1,1,0
7014920,53631,1,1,0
665496,53632,1,0,1
5880864,53633,1,1,0
2714536,53634,1,1,0
3419824,53635,1,1,0
373344,53636,1,1,0
2047856,53637,1,0,1
2799608,53638,1,1,0
1751472,53639,1,0,1
3764584,53640,1,0,1
3968216,53641,1,0,1
66992,53642,1,1,0
1788144,53643,1,1,0
2992536,53644,1,0,1
254888,53645,1,1,0
1482224,53646,1,0,1
4560064,53647,1,1,0
2501744,53648,1,1,0
220296,53649,1,1,0
4049400,53650,1,1,0
1587080,53651,1,1,0
6592968,53652,1,0,1
3044192,53653,1,1,0
2540120,53654,1,0,1
3394968,53655,1,1,0
293272,53656,1,1,0
773120,53657,1,1,0
1153976,53658,1,0,1
7892584,53659,1,1,0
7881568,53660,1,0,1
7004560,53661,1,0,1
387048,53662,1,1,0
7231736,53663,1,1,0
2363992,53664,1,1,0
1134328,53665,1,0,1
723112,53666,1,0,1
202280,53667,1,1,0
6204608,53668,1,1,0
782536,53669,1,0,1
2238640,53670,1,1,0
8343872,53671,1,1,0
5169232,53672,1,1,0
3141768,53673,1,1,0
1793952,53674,1,1,0
2150024,53675,1,1,0
6443968,53676,1,1,0
356520,53677,1,1,0
1606648,53678,1,1,0
957480,53679,1,1,0
6656688,53680,1,1,0
4191256,53681,1,0,1
3559800,53682,1,0,1
1864944,53683,1,0,1
2678288,53684,1,0,1
6231168,53685,1,0,1
7107976,53686,1,1,0
1940992,53687,1,1,0
1876376,53688,1,1,0
291304,53689,1,0,1
771360,53690,1,1,0
2377736,53691,1,1,0
4346048,53692,1,0,1
2131616,53693,1,0,1
674472,53694,1,0,1
7209536,53695,1,0,1
2391800,53696,1,0,1
1395800,53697,1,0,1
1210496,53698,1,1,0
542040,53699,1,1,0
6681448,53700,1,0,1
2107824,53701,1,1,0
1819296,53702,1,0,1
515520,53703,1,0,1
3780384,53704,1,1,0
353280,53705,1,0,1
7761304,53706,1,1,0
3429520,53707,1,1,0
2375016,53708,1,1,0
756296,53709,1,0,1
930000,53710,1,0,1
2846792,53711,1,0,1
336648,53712,1,0,1
1548448,53713,1,0,1
5234760,53714,1,0,1
5543744,53715,1,0,1
7457240,53716,1,0,1
823392,53717,1,1,0
1489000,53718,1,0,1
2738720,53719,1,0,1
384856,53720,1,0,1
281400,53721,1,1,0
6144216,53722,1,0,1
1087384,53723,1,1,0
630216,53724,1,1,0
131400,53725,1,0,1
2168272,53726,1,0,1
715432,53727,1,1,0
636656,53728,1,0,1
6185552,53729,1,0,1
3615528,53730,1,1,0
2964912,53731,1,1,0
1513088,53732,1,1,0
292568,53733,1,0,1
3520752,53734,1,1,0
679544,53735,1,0,1
4256000,53736,1,1,0
527080,53737,1,1,0
101288,53738,1,0,1
1005120,53739,1,0,1
430256,53740,1,0,1
3464360,53741,1,1,0
1697920,53742,1,1,0
726832,53743,1,0,1
1993376,53744,1,0,1
7361848,53745,1,1,0
670176,53746,1,0,1
385488,53747,1,1,0
2669848,53748,1,1,0
2313104,53749,1,1,0
1778208,53750,1,0,1
6039328,53751,1,1,0
113784,53752,1,0,1
5166088,53753,1,1,0
4252272,53754,1,0,1
2730824,53755,1,0,1
1921224,53756,1,1,0
3617496,53757,1,1,0
2944312,53758,1,1,0
2330704,53759,1,1,0
2217960,53760,1,1,0
2004848,53761,1,1,0
557344,53762,1,0,1
1865496,53763,1,0,1
649400,53764,1,0,1
5266544,53765,1,0,1
850016,53766,1,0,1
3893760,53767,1,0,1
6505712,53768,1,1,0
3619472,53769,1,0,1
1484048,53770,1,0,1
7636256,53771,1,1,0
6665416,53772,1,1,0
374096,53773,1,0,1
1691240,53774,1,0,1
398704,53775,1,1,0
2768496,53776,1,1,0
595552,53777,1,0,1
7678160,53778,1,1,0
3368840,53779,1,0,1
279264,53780,1,0,1
990064,53781,1,1,0
1682072,53782,1,1,0
1477264,53783,1,1,0
4160320,53784,1,1,0
2019272,53785,1,1,0
1504984,53786,1,0,1
1935472,53787,1,1,0
965896,53788,1,0,1
1938896,53789,1,1,0
1304728,53790,1,1,0
7627960,53791,1,0,1
1540328,53792,1,1,0
4200128,53793,1,0,1
594504,53794,1,0,1
4861408,53795,1,1,0
859336,53796,1,0,1
3555824,53797,1,0,1
7967760,53798,1,1,0
6813952,53799,1,1,0
637480,53800,1,1,0
4313232,53801,1,1,0
2080472,53802,1,0,1
290560,53803,1,0,1
208256,53804,1,0,1
1923960,53805,1,0,1
5744080,53806,1,0,1
1287360,53807,1,1,0
6434744,53808,1,1,0
8220320,53809,1,0,1
7205392,53810,1,1,0
243184,53811,1,0,1
7464480,53812,1,0,1
4646240,53813,1,0,1
6555696,53814,1,1,0
3577176,53815,1,0,1
427768,53816,1,0,1
1426600,53817,1,1,0
4212480,53818,1,0,1
2632024,53819,1,0,1
706144,53820,1,0,1
4840640,53821,1,0,1
3923592,53822,1,0,1
6002512,53823,1,1,0
1302032,53824,1,0,1
3064840,53825,1,1,0
3736424,53826,1,1,0
2959400,53827,1,1,0
2224280,53828,1,0,1
2909096,53829,1,0,1
654536,53830,1,0,1
3848920,53831,1,1,0
1324032,53832,1,0,1
835600,53833,1,1,0
1807768,53834,1,0,1
742288,53835,1,0,1
4291816,53836,1,0,1
522856,53837,1,1,0
683648,53838,1,0,1
5414888,53839,1,0,1
1060512,53840,1,1,0
7549160,53841,1,1,0
2037424,53842,1,1,0
332640,53843,1,1,0
2693552,53844,1,1,0
1044808,53845,1,1,0
1166056,53846,1,0,1
5213920,53847,1,1,0
522368,53848,1,1,0
1989904,53849,1,0,1
847480,53850,1,1,0
5316896,53851,1,0,1
3056480,53852,1,1,0
6745872,53853,1,1,0
1670584,53854,1,0,1
3937248,53855,1,1,0
2430296,53856,1,1,0
2757904,53857,1,1,0
2988640,53858,1,1,0
1354120,53859,1,1,0
832744,53860,1,0,1
1167696,53861,1,1,0
5463920,53862,1,0,1
571936,53863,1,0,1
6178968,53864,1,1,0
6078408,53865,1,1,0
1233008,53866,1,1,0
4797424,53867,1,1,0
443720,53868,1,1,0
2000728,53869,1,1,0
1918952,53870,1,1,0
724792,53871,1,0,1
2599920,53872,1,1,0
3259440,53873,1,1,0
1880608,53874,1,0,1
3235056,53875,1,1,0
163928,53876,1,1,0
206328,53877,1,1,0
350280,53878,1,0,1
5285600,53879,1,0,1
464168,53880,1,0,1
5908760,53881,1,0,1
1425688,53882,1,1,0
2025864,53883,1,1,0
4524136,53884,1,0,1
7243832,53885,1,0,1
6104608,53886,1,0,1
6906000,53887,1,0,1
1798952,53888,1,1,0
5291864,53889,1,1,0
3773792,53890,1,1,0
4976840,53891,1,1,0
3806624,53892,1,0,1
232184,53893,1,0,1
4096424,53894,1,0,1
7311296,53895,1,1,0
1749528,53896,1,1,0
3470512,53897,1,0,1
520208,53898,1,0,1
7491640,53899,1,0,1
1678416,53900,1,0,1
1052848,53901,1,1,0
662856,53902,1,1,0
7220112,53903,1,0,1
7734368,53904,1,1,0
2218728,53905,1,1,0
1101272,53906,1,0,1
963632,53907,1,1,0
2393680,53908,1,1,0
5149176,53909,1,0,1
2109408,53910,1,0,1
2819600,53911,1,0,1
2239160,53912,1,1,0
5383536,53913,1,0,1
1162008,53914,1,0,1
298768,53915,1,1,0
6854160,53916,1,1,0
2668024,53917,1,0,1
5253968,53918,1,1,0
176056,53919,1,0,1
3863280,53920,1,0,1
140352,53921,1,0,1
3130864,53922,1,0,1
290504,53923,1,1,0
279568,53924,1,0,1
238816,53925,1,1,0
7233168,53926,1,1,0
2985608,53927,1,1,0
7695120,53928,1,0,1
895672,53929,1,1,0
756968,53930,1,1,0
2278648,53931,1,1,0
1319392,53932,1,1,0
5991944,53933,1,0,1
1299216,53934,1,0,1
449264,53935,1,1,0
3517888,53936,1,1,0
4709952,53937,1,1,0
904080,53938,1,1,0
7122104,53939,1,0,1
212152,53940,1,1,0
785096,53941,1,1,0
643776,53942,1,1,0
4023336,53943,1,1,0
4393528,53944,1,1,0
1703984,53945,1,1,0
903872,53946,1,0,1
4466848,53947,1,0,1
456496,53948,1,1,0
793072,53949,1,0,1
1117576,53950,1,0,1
1677704,53951,1,1,0
90232,53952,1,0,1
941904,53953,1,1,0
1870008,53954,1,0,1
1176320,53955,1,1,0
1185184,53956,1,0,1
915064,53957,1,0,1
5713592,53958,1,0,1
326256,53959,1,0,1
1361952,53960,1,1,0
4118504,53961,1,0,1
328288,53962,1,0,1
2157032,53963,1,0,1
6442704,53964,1,1,0
6243176,53965,1,0,1
2292000,53966,1,1,0
753808,53967,1,1,0
1969216,53968,1,0,1
713456,53969,1,0,1
241048,53970,1,0,1
647872,53971,1,1,0
3346968,53972,1,0,1
2278560,53973,1,0,1
4079528,53974,1,1,0
2292320,53975,1,0,1
2330520,53976,1,1,0
5387688,53977,1,0,1
5161296,53978,1,0,1
931120,53979,1,1,0
2808528,53980,1,1,0
5812560,53981,1,1,0
6197648,53982,1,0,1
474120,53983,1,0,1
1508872,53984,1,1,0
6827696,53985,1,0,1
939336,53986,1,1,0
2638224,53987,1,0,1
2849216,53988,1,0,1
2164344,53989,1,1,0
8304568,53990,1,1,0
6610856,53991,1,0,1
2835232,53992,1,0,1
1150192,53993,1,0,1
1817272,53994,1,0,1
4696104,53995,1,1,0
4972472,53996,1,0,1
3805080,53997,1,1,0
5783264,53998,1,1,0
2250576,53999,1,1,0
1641656,54000,1,0,1
1172936,54001,1,0,1
5230504,54002,1,0,1
2458768,54003,1,0,1
7626144,54004,1,1,0
4179672,54005,1,1,0
507720,54006,1,1,0
1917288,54007,1,1,0
2115936,54008,1,0,1
344544,54009,1,0,1
4279312,54010,1,1,0
401064,54011,1,0,1
7241800,54012,1,0,1
559504,54013,1,0,1
1332096,54014,1,1,0
518704,54015,1,1,0
5377344,54016,1,0,1
4136816,54017,1,0,1
908112,54018,1,1,0
2132304,54019,1,1,0
5482824,54020,1,1,0
322216,54021,1,1,0
1546408,54022,1,0,1
526424,54023,1,1,0
4512272,54024,1,1,0
434384,54025,1,1,0
4729944,54026,1,1,0
680784,54027,1,0,1
2174408,54028,1,0,1
3198040,54029,1,1,0
1542856,54030,1,0,1
576896,54031,1,0,1
6577040,54032,1,0,1
7749296,54033,1,0,1
6891528,54034,1,1,0
2266288,54035,1,0,1
4270008,54036,1,0,1
5051192,54037,1,1,0
1038872,54038,1,1,0
3213864,54039,1,0,1
6070352,54040,1,0,1
3214856,54041,1,1,0
701296,54042,1,0,1
5025992,54043,1,1,0
6273920,54044,1,0,1
2057784,54045,1,0,1
1843224,54046,1,1,0
204352,54047,1,1,0
7621696,54048,1,0,1
928672,54049,1,1,0
6656400,54050,1,0,1
5221400,54051,1,0,1
2632128,54052,1,1,0
7832256,54053,1,0,1
3058224,54054,1,0,1
1312120,54055,1,0,1
7939552,54056,1,0,1
7345912,54057,1,1,0
1820696,54058,1,0,1
3721656,54059,1,0,1
1309768,54060,1,1,0
1519552,54061,1,1,0
5099160,54062,1,1,0
4027168,54063,1,0,1
193200,54064,1,1,0
2936952,54065,1,1,0
792480,54066,1,1,0
2787096,54067,1,1,0
2039696,54068,1,0,1
4522064,54069,1,0,1
363600,54070,1,0,1
5412912,54071,1,0,1
3187080,54072,1,1,0
6941504,54073,1,0,1
828296,54074,1,0,1
748936,54075,1,1,0
443520,54076,1,0,1
7567040,54077,1,0,1
861184,54078,1,0,1
408224,54079,1,1,0
963984,54080,1,0,1
5653248,54081,1,1,0
755448,54082,1,0,1
1689416,54083,1,1,0
1795544,54084,1,1,0
1238520,54085,1,0,1
276424,54086,1,0,1
1013088,54087,1,1,0
2586120,54088,1,1,0
2949720,54089,1,1,0
3710832,54090,1,0,1
263128,54091,1,1,0
466384,54092,1,0,1
3274504,54093,1,1,0
383984,54094,1,0,1
8362816,54095,1,1,0
698400,54096,1,0,1
244024,54097,1,1,0
2709544,54098,1,0,1
1948080,54099,1,0,1
255048,54100,1,1,0
1373560,54101,1,1,0
1242144,54102,1,1,0
1123696,54103,1,0,1
4156616,54104,1,0,1
2470488,54105,1,1,0
3303528,54106,1,0,1
3691288,54107,1,0,1
2562944,54108,1,0,1
3277576,54109,1,0,1
3304184,54110,1,1,0
5745680,54111,1,1,0
3127824,54112,1,1,0
6136232,54113,1,1,0
518552,54114,1,1,0
922880,54115,1,1,0
2377456,54116,1,0,1
124552,54117,1,1,0
1477528,54118,1,0,1
428264,54119,1,0,1
2520968,54120,1,0,1
1953240,54121,1,1,0
3747568,54122,1,1,0
4760008,54123,1,1,0
1036440,54124,1,1,0
645256,54125,1,0,1
1783008,54126,1,1,0
4884920,54127,1,0,1
3026416,54128,1,0,1
2192736,54129,1,0,1
6313088,54130,1,1,0
1723200,54131,1,0,1
5800832,54132,1,1,0
2860992,54133,1,0,1
747112,54134,1,0,1
2155864,54135,1,0,1
254624,54136,1,0,1
1512696,54137,1,1,0
1708000,54138,1,1,0
3002632,54139,1,1,0
4214504,54140,1,1,0
2493568,54141,1,0,1
3211944,54142,1,1,0
1022416,54143,1,1,0
2451760,54144,1,1,0
1572592,54145,1,0,1
1400560,54146,1,0,1
2302904,54147,1,1,0
96840,54148,1,0,1
143840,54149,1,1,0
6696720,54150,1,1,0
1124544,54151,1,0,1
1600496,54152,1,0,1
1990296,54153,1,1,0
335592,54154,1,1,0
6941416,54155,1,1,0
3127720,54156,1,0,1
2299352,54157,1,1,0
1686792,54158,1,1,0
1728992,54159,1,1,0
626352,54160,1,0,1
2632304,54161,1,0,1
4651968,54162,1,1,0
4604696,54163,1,1,0
848840,54164,1,0,1
3796696,54165,1,1,0
4244248,54166,1,1,0
5660104,54167,1,0,1
4466808,54168,1,1,0
4973200,54169,1,1,0
8003768,54170,1,1,0
1329504,54171,1,0,1
1217976,54172,1,0,1
424864,54173,1,1,0
7575648,54174,1,0,1
4737808,54175,1,1,0
2717416,54176,1,1,0
4367512,54177,1,1,0
1110384,54178,1,0,1
127560,54179,1,0,1
2341744,54180,1,1,0
4700576,54181,1,1,0
243728,54182,1,0,1
4786536,54183,1,1,0
5785152,54184,1,0,1
3158416,54185,1,1,0
2544680,54186,1,1,0
559192,54187,1,1,0
7198024,54188,1,1,0
1507928,54189,1,1,0
7427304,54190,1,1,0
4313480,54191,1,0,1
3388304,54192,1,1,0
7207240,54193,1,0,1
2342768,54194,1,1,0
3560168,54195,1,1,0
1975160,54196,1,1,0
4377512,54197,1,1,0
4961792,54198,1,0,1
8068152,54199,1,1,0
7182160,54200,1,1,0
436048,54201,1,1,0
8093360,54202,1,1,0
511656,54203,1,1,0
1229376,54204,1,0,1
2323480,54205,1,1,0
3532800,54206,1,0,1
3674528,54207,1,0,1
745960,54208,1,1,0
4185024,54209,1,1,0
51080,54210,1,0,1
2663576,54211,1,1,0
6868552,54212,1,0,1
3496880,54213,1,0,1
1158968,54214,1,1,0
7251088,54215,1,0,1
2627656,54216,1,1,0
1103544,54217,1,1,0
4969544,54218,1,1,0
1322560,54219,1,1,0
2104824,54220,1,1,0
207776,54221,1,1,0
1126608,54222,1,1,0
3774464,54223,1,1,0
1429144,54224,1,0,1
2201816,54225,1,1,0
7529000,54226,1,0,1
1435512,54227,1,1,0
6939696,54228,1,0,1
536928,54229,1,0,1
2767448,54230,1,0,1
7618840,54231,1,1,0
5759416,54232,1,1,0
2830496,54233,1,1,0
6322048,54234,1,1,0
3074888,54235,1,1,0
7087720,54236,1,1,0
3414816,54237,1,1,0
3688432,54238,1,1,0
162008,54239,1,0,1
506480,54240,1,0,1
2064368,54241,1,1,0
2519048,54242,1,0,1
1112816,54243,1,0,1
535496,54244,1,0,1
4781312,54245,1,0,1
2275056,54246,1,1,0
1880712,54247,1,1,0
2387736,54248,1,0,1
879944,54249,1,0,1
376344,54250,1,1,0
190088,54251,1,1,0
3518016,54252,1,1,0
5765544,54253,1,1,0
478720,54254,1,1,0
119640,54255,1,0,1
3356720,54256,1,1,0
8205216,54257,1,0,1
1030160,54258,1,0,1
8047416,54259,1,1,0
3690640,54260,1,1,0
250320,54261,1,1,0
3315832,54262,1,0,1
5011008,54263,1,1,0
4596088,54264,1,1,0
1814848,54265,1,1,0
1814288,54266,1,1,0
4252144,54267,1,1,0
540832,54268,1,0,1
2759056,54269,1,1,0
4487984,54270,1,0,1
400512,54271,1,1,0
861416,54272,1,0,1
1699704,54273,1,0,1
2128288,54274,1,1,0
260640,54275,1,0,1
2826264,54276,1,1,0
929984,54277,1,1,0
448784,54278,1,0,1
569304,54279,1,0,1
7141440,54280,1,1,0
1662536,54281,1,1,0
3162856,54282,1,1,0
1212416,54283,1,1,0
406352,54284,1,1,0
6347216,54285,1,0,1
2677000,54286,1,0,1
472944,54287,1,0,1
7707216,54288,1,1,0
1472216,54289,1,0,1
365424,54290,1,1,0
367840,54291,1,0,1
282728,54292,1,0,1
3904384,54293,1,0,1
1181176,54294,1,1,0
4865688,54295,1,0,1
3290808,54296,1,1,0
3475048,54297,1,1,0
759224,54298,1,1,0
818832,54299,1,1,0
143856,54300,1,1,0
704464,54301,1,1,0
5149440,54302,1,0,1
74608,54303,1,0,1
3770488,54304,1,0,1
3311728,54305,1,1,0
5948176,54306,1,0,1
615920,54307,1,1,0
1240024,54308,1,0,1
6318840,54309,1,1,0
2848248,54310,1,1,0
540736,54311,1,0,1
1467512,54312,1,1,0
410464,54313,1,1,0
2800096,54314,1,1,0
2593248,54315,1,1,0
1657192,54316,1,0,1
4314800,54317,1,1,0
1542192,54318,1,1,0
1657664,54319,1,1,0
532640,54320,1,0,1
1026136,54321,1,1,0
1795640,54322,1,0,1
1813064,54323,1,0,1
722648,54324,1,1,0
1491064,54325,1,1,0
1424880,54326,1,0,1
4209704,54327,1,0,1
127800,54328,1,1,0
3667472,54329,1,1,0
4853600,54330,1,1,0
6525088,54331,1,0,1
7796672,54332,1,0,1
4457184,54333,1,0,1
2209024,54334,1,1,0
3785776,54335,1,0,1
3191664,54336,1,1,0
1304024,54337,1,1,0
4831880,54338,1,0,1
3846336,54339,1,0,1
2687752,54340,1,1,0
373952,54341,1,0,1
8191192,54342,1,1,0
3906656,54343,1,0,1
480184,54344,1,1,0
561392,54345,1,1,0
3636968,54346,1,0,1
529312,54347,1,1,0
532760,54348,1,1,0
1408328,54349,1,0,1
1806408,54350,1,1,0
5105608,54351,1,0,1
1789264,54352,1,0,1
3072544,54353,1,0,1
1048536,54354,1,1,0
2788352,54355,1,0,1
1763736,54356,1,0,1
3797896,54357,1,0,1
1162528,54358,1,1,0
631448,54359,1,0,1
1089280,54360,1,1,0
252280,54361,1,1,0
1626616,54362,1,0,1
903216,54363,1,1,0
464656,54364,1,0,1
400088,54365,1,1,0
675448,54366,1,1,0
8090448,54367,1,1,0
2065216,54368,1,0,1
2951392,54369,1,1,0
865992,54370,1,1,0
3533056,54371,1,0,1
3833032,54372,1,0,1
545744,54373,1,0,1
7107880,54374,1,0,1
560440,54375,1,1,0
318632,54376,1,1,0
6601648,54377,1,0,1
5891880,54378,1,1,0
4088112,54379,1,1,0
5220400,54380,1,1,0
8206392,54381,1,0,1
4441432,54382,1,1,0
1947048,54383,1,0,1
3993248,54384,1,0,1
539656,54385,1,1,0
906464,54386,1,1,0
955440,54387,1,1,0
814208,54388,1,0,1
5169752,54389,1,0,1
6485256,54390,1,1,0
137768,54391,1,1,0
4117216,54392,1,0,1
6069000,54393,1,1,0
3817376,54394,1,0,1
3250144,54395,1,1,0
6469880,54396,1,0,1
7006712,54397,1,0,1
7344216,54398,1,1,0
133248,54399,1,1,0
709672,54400,1,1,0
584584,54401,1,0,1
865240,54402,1,0,1
276904,54403,1,1,0
7051608,54404,1,0,1
2886368,54405,1,1,0
1778808,54406,1,1,0
7097696,54407,1,1,0
2522216,54408,1,0,1
5261984,54409,1,0,1
3442456,54410,1,1,0
1100288,54411,1,1,0
482728,54412,1,0,1
1406824,54413,1,0,1
1261376,54414,1,0,1
2191632,54415,1,0,1
756720,54416,1,0,1
1157024,54417,1,1,0
1584384,54418,1,1,0
5968928,54419,1,1,0
4093424,54420,1,0,1
5424720,54421,1,0,1
4699664,54422,1,1,0
1061960,54423,1,1,0
1452664,54424,1,1,0
3704280,54425,1,1,0
258328,54426,1,1,0
1035168,54427,1,1,0
782552,54428,1,1,0
465376,54429,1,0,1
546040,54430,1,0,1
4816152,54431,1,0,1
4513192,54432,1,1,0
2469632,54433,1,0,1
4709808,54434,1,1,0
2428600,54435,1,1,0
408008,54436,1,0,1
6321368,54437,1,0,1
2083304,54438,1,0,1
408376,54439,1,1,0
522272,54440,1,1,0
5353024,54441,1,1,0
1601160,54442,1,1,0
810224,54443,1,0,1
3148008,54444,1,0,1
660216,54445,1,1,0
1849432,54446,1,1,0
4059424,54447,1,0,1
1858928,54448,1,0,1
7853168,54449,1,0,1
3795008,54450,1,1,0
1889384,54451,1,1,0
582504,54452,1,1,0
117344,54453,1,0,1
1742736,54454,1,1,0
8030424,54455,1,0,1
4472008,54456,1,1,0
925696,54457,1,0,1
5747080,54458,1,1,0
5663104,54459,1,0,1
6192632,54460,1,1,0
4983904,54461,1,1,0
3718720,54462,1,0,1
5428944,54463,1,1,0
7399456,54464,1,0,1
970416,54465,1,0,1
1634672,54466,1,0,1
6733608,54467,1,0,1
131288,54468,1,0,1
6862112,54469,1,1,0
5931872,54470,1,1,0
1401080,54471,1,1,0
7181904,54472,1,1,0
179984,54473,1,0,1
369440,54474,1,1,0
2431088,54475,1,1,0
4900728,54476,1,0,1
1735760,54477,1,0,1
7512128,54478,1,1,0
4005592,54479,1,1,0
2060632,54480,1,1,0
711648,54481,1,0,1
7519040,54482,1,1,0
7444392,54483,1,1,0
7550600,54484,1,1,0
570304,54485,1,1,0
411608,54486,1,1,0
812072,54487,1,1,0
8096808,54488,1,1,0
925528,54489,1,0,1
1414176,54490,1,1,0
830056,54491,1,0,1
2073272,54492,1,0,1
5664512,54493,1,0,1
1399120,54494,1,0,1
4290256,54495,1,1,0
2404744,54496,1,0,1
714816,54497,1,0,1
4208328,54498,1,1,0
5732544,54499,1,0,1
760464,54500,1,0,1
214240,54501,1,1,0
716352,54502,1,0,1
3944840,54503,1,1,0
2221232,54504,1,1,0
4098848,54505,1,1,0
4118216,54506,1,1,0
4891680,54507,1,1,0
4033856,54508,1,0,1
1651912,54509,1,0,1
4976896,54510,1,1,0
6843784,54511,1,1,0
1777200,54512,1,0,1
391672,54513,1,1,0
4338400,54514,1,1,0
4442464,54515,1,0,1
3859048,54516,1,1,0
4512232,54517,1,1,0
1880440,54518,1,1,0
6636296,54519,1,1,0
1969152,54520,1,0,1
1565216,54521,1,0,1
1281200,54522,1,0,1
3328952,54523,1,1,0
4982736,54524,1,0,1
564544,54525,1,0,1
2897312,54526,1,0,1
2058144,54527,1,0,1
894888,54528,1,1,0
1162392,54529,1,0,1
1865040,54530,1,1,0
80864,54531,1,0,1
343120,54532,1,0,1
169864,54533,1,0,1
5272504,54534,1,1,0
1491680,54535,1,0,1
2675352,54536,1,1,0
6047856,54537,1,0,1
3154216,54538,1,1,0
3947944,54539,1,1,0
1842816,54540,1,0,1
7106000,54541,1,0,1
3241256,54542,1,0,1
1559240,54543,1,0,1
3725576,54544,1,0,1
1070584,54545,1,1,0
5160696,54546,1,0,1
5116800,54547,1,0,1
8114528,54548,1,1,0
2226088,54549,1,0,1
7969016,54550,1,1,0
1255672,54551,1,0,1
7333360,54552,1,1,0
5371920,54553,1,0,1
7200888,54554,1,0,1
908880,54555,1,1,0
965528,54556,1,1,0
1822944,54557,1,0,1
5049504,54558,1,1,0
365704,54559,1,0,1
394080,54560,1,0,1
3643440,54561,1,1,0
4019440,54562,1,0,1
7860040,54563,1,0,1
8255032,54564,1,0,1
3012648,54565,1,0,1
6204368,54566,1,0,1
8095288,54567,1,1,0
4457008,54568,1,1,0
6517832,54569,1,0,1
2036528,54570,1,0,1
1877272,54571,1,1,0
565728,54572,1,0,1
519568,54573,1,1,0
1230712,54574,1,0,1
3706448,54575,1,1,0
417112,54576,1,1,0
5446584,54577,1,1,0
1396728,54578,1,0,1
2471816,54579,1,0,1
509392,54580,1,0,1
4051176,54581,1,1,0
1187376,54582,1,0,1
888888,54583,1,1,0
1680672,54584,1,1,0
6899200,54585,1,0,1
1344584,54586,1,0,1
3469528,54587,1,1,0
2144432,54588,1,1,0
309056,54589,1,0,1
278608,54590,1,0,1
4351112,54591,1,0,1
1536864,54592,1,1,0
779208,54593,1,1,0
487392,54594,1,1,0
6461448,54595,1,0,1
587216,54596,1,0,1
6196208,54597,1,0,1
7613536,54598,1,1,0
3200584,54599,1,1,0
4656704,54600,1,1,0
3090632,54601,1,0,1
383496,54602,1,0,1
3124904,54603,1,0,1
6664904,54604,1,1,0
4298840,54605,1,0,1
678272,54606,1,1,0
3502152,54607,1,1,0
3958944,54608,1,1,0
3213696,54609,1,0,1
1844928,54610,1,0,1
7201808,54611,1,0,1
2572008,54612,1,0,1
121128,54613,1,0,1
5925096,54614,1,0,1
5552248,54615,1,0,1
2105936,54616,1,1,0
477848,54617,1,1,0
4592008,54618,1,1,0
509112,54619,1,0,1
3918336,54620,1,0,1
1946064,54621,1,0,1
6230464,54622,1,0,1
7665584,54623,1,1,0
1617432,54624,1,1,0
6855520,54625,1,0,1
963048,54626,1,0,1
4568624,54627,1,1,0
186920,54628,1,0,1
6124016,54629,1,1,0
1484752,54630,1,1,0
795576,54631,1,1,0
492512,54632,1,0,1
6184144,54633,1,0,1
3301216,54634,1,0,1
1588352,54635,1,1,0
2225208,54636,1,0,1
4405272,54637,1,0,1
979872,54638,1,0,1
1657896,54639,1,0,1
5408848,54640,1,0,1
7679624,54641,1,0,1
1493288,54642,1,1,0
517120,54643,1,0,1
1444520,54644,1,1,0
6226096,54645,1,0,1
262056,54646,1,1,0
913440,54647,1,1,0
3227328,54648,1,0,1
3125656,54649,1,1,0
3526744,54650,1,0,1
2331752,54651,1,0,1
3527024,54652,1,0,1
1565024,54653,1,1,0
4687384,54654,1,0,1
6252848,54655,1,1,0
394648,54656,1,0,1
366400,54657,1,1,0
4864792,54658,1,1,0
6178456,54659,1,0,1
2900264,54660,1,1,0
918056,54661,1,1,0
3441640,54662,1,1,0
2918600,54663,1,0,1
5344928,54664,1,1,0
835128,54665,1,1,0
688512,54666,1,0,1
433928,54667,1,1,0
4968864,54668,1,1,0
566936,54669,1,1,0
1613120,54670,1,1,0
2428344,54671,1,0,1
3800592,54672,1,1,0
7055120,54673,1,1,0
2716096,54674,1,1,0
4659696,54675,1,1,0
473184,54676,1,0,1
431912,54677,1,1,0
6094600,54678,1,0,1
1267984,54679,1,0,1
6913696,54680,1,1,0
6692560,54681,1,1,0
4321968,54682,1,1,0
5807896,54683,1,1,0
8076400,54684,1,0,1
2737696,54685,1,1,0
1571800,54686,1,1,0
4266336,54687,1,1,0
2788032,54688,1,1,0
529352,54689,1,1,0
4479736,54690,1,0,1
2664472,54691,1,0,1
970664,54692,1,1,0
3106104,54693,1,0,1
5302840,54694,1,0,1
7256560,54695,1,0,1
272704,54696,1,1,0
5722504,54697,1,1,0
7761232,54698,1,1,0
907120,54699,1,0,1
733720,54700,1,0,1
1482136,54701,1,1,0
304192,54702,1,0,1
633280,54703,1,1,0
1518976,54704,1,1,0
4869272,54705,1,1,0
928240,54706,1,1,0
5169656,54707,1,1,0
465368,54708,1,1,0
5833320,54709,1,1,0
944320,54710,1,1,0
1263952,54711,1,0,1
819328,54712,1,1,0
662272,54713,1,0,1
1719640,54714,1,0,1
667136,54715,1,0,1
5473232,54716,1,0,1
396592,54717,1,0,1
5806672,54718,1,0,1
4562968,54719,1,1,0
1346184,54720,1,1,0
3603096,54721,1,1,0
747072,54722,1,0,1
6934472,54723,1,1,0
926512,54724,1,0,1
562048,54725,1,0,1
596480,54726,1,0,1
4865608,54727,1,1,0
2543352,54728,1,1,0
7878752,54729,1,1,0
3250152,54730,1,1,0
3524184,54731,1,0,1
4815536,54732,1,0,1
1237512,54733,1,0,1
4397304,54734,1,1,0
7512584,54735,1,1,0
859616,54736,1,0,1
2459256,54737,1,1,0
1035944,54738,1,0,1
4092608,54739,1,1,0
2760968,54740,1,0,1
644336,54741,1,0,1
690848,54742,1,0,1
1885648,54743,1,1,0
549688,54744,1,1,0
2985448,54745,1,0,1
593216,54746,1,0,1
7989976,54747,1,0,1
428880,54748,1,1,0
4739352,54749,1,1,0
6751032,54750,1,1,0
891208,54751,1,0,1
2270784,54752,1,1,0
1924944,54753,1,0,1
4714544,54754,1,1,0
4432288,54755,1,1,0
2661224,54756,1,1,0
1484064,54757,1,1,0
1515648,54758,1,1,0
269576,54759,1,0,1
682408,54760,1,0,1
4965720,54761,1,0,1
3145160,54762,1,1,0
1780536,54763,1,0,1
2458992,54764,1,0,1
2528328,54765,1,0,1
2933072,54766,1,1,0
302512,54767,1,0,1
5623032,54768,1,1,0
5530160,54769,1,0,1
5956792,54770,1,1,0
7413992,54771,1,0,1
1852424,54772,1,0,1
511952,54773,1,1,0
2139232,54774,1,0,1
177232,54775,1,1,0
2953224,54776,1,0,1
1965040,54777,1,1,0
6455984,54778,1,1,0
6087232,54779,1,1,0
7878504,54780,1,1,0
885064,54781,1,1,0
3869696,54782,1,1,0
1025984,54783,1,0,1
7150456,54784,1,0,1
2034952,54785,1,0,1
638736,54786,1,1,0
2971056,54787,1,0,1
5835704,54788,1,1,0
4514912,54789,1,0,1
204280,54790,1,1,0
5734016,54791,1,1,0
3858536,54792,1,1,0
4622432,54793,1,1,0
6848608,54794,1,1,0
4307664,54795,1,0,1
978008,54796,1,0,1
7957792,54797,1,1,0
5152256,54798,1,1,0
4186432,54799,1,1,0
5813056,54800,1,0,1
1651192,54801,1,1,0
3994584,54802,1,0,1
7100176,54803,1,0,1
7906384,54804,1,0,1
3189568,54805,1,0,1
1897456,54806,1,0,1
815088,54807,1,1,0
7187496,54808,1,1,0
6524368,54809,1,0,1
1904208,54810,1,0,1
5280032,54811,1,0,1
1232480,54812,1,1,0
950120,54813,1,0,1
2996928,54814,1,0,1
330480,54815,1,0,1
1048144,54816,1,1,0
1830424,54817,1,1,0
441768,54818,1,1,0
391744,54819,1,0,1
2104344,54820,1,0,1
2249656,54821,1,0,1
1551472,54822,1,0,1
776912,54823,1,1,0
2663752,54824,1,0,1
1680400,54825,1,0,1
3669616,54826,1,1,0
201800,54827,1,1,0
3208296,54828,1,1,0
922328,54829,1,1,0
1388248,54830,1,1,0
855776,54831,1,0,1
890024,54832,1,0,1
3439952,54833,1,0,1
801088,54834,1,0,1
166008,54835,1,1,0
2550568,54836,1,1,0
390384,54837,1,1,0
962488,54838,1,1,0
2703504,54839,1,1,0
561152,54840,1,0,1
8317552,54841,1,0,1
286440,54842,1,0,1
3177408,54843,1,1,0
3606800,54844,1,0,1
5042744,54845,1,1,0
328800,54846,1,0,1
6459112,54847,1,0,1
2450008,54848,1,1,0
306616,54849,1,1,0
1559952,54850,1,0,1
1187640,54851,1,1,0
6773040,54852,1,0,1
768088,54853,1,1,0
3800464,54854,1,1,0
6793184,54855,1,0,1
603784,54856,1,1,0
3844880,54857,1,1,0
4882456,54858,1,1,0
2231584,54859,1,0,1
862776,54860,1,1,0
344848,54861,1,0,1
1093112,54862,1,1,0
6038952,54863,1,1,0
3257992,54864,1,0,1
5818248,54865,1,0,1
420712,54866,1,0,1
1606056,54867,1,1,0
2943544,54868,1,0,1
6534200,54869,1,0,1
194672,54870,1,0,1
4911920,54871,1,1,0
2114328,54872,1,0,1
2831864,54873,1,1,0
5237696,54874,1,1,0
1122624,54875,1,0,1
5169632,54876,1,0,1
1621984,54877,1,0,1
466816,54878,1,1,0
3133544,54879,1,0,1
427616,54880,1,1,0
2904784,54881,1,1,0
6945696,54882,1,0,1
683288,54883,1,0,1
1137232,54884,1,0,1
3091656,54885,1,0,1
6742576,54886,1,1,0
334600,54887,1,1,0
2183448,54888,1,0,1
2787872,54889,1,0,1
1004664,54890,1,0,1
533872,54891,1,1,0
2463320,54892,1,1,0
1525864,54893,1,0,1
508352,54894,1,1,0
1376136,54895,1,0,1
8352368,54896,1,1,0
1937048,54897,1,0,1
852304,54898,1,0,1
4571744,54899,1,1,0
1392936,54900,1,0,1
1311528,54901,1,1,0
874584,54902,1,1,0
1257768,54903,1,1,0
5828008,54904,1,0,1
1089448,54905,1,0,1
5069568,54906,1,0,1
3551680,54907,1,1,0
1354152,54908,1,0,1
4461104,54909,1,1,0
3275688,54910,1,0,1
1011456,54911,1,0,1
7374448,54912,1,1,0
2809024,54913,1,0,1
3549096,54914,1,1,0
3351592,54915,1,1,0
5229904,54916,1,0,1
1289912,54917,1,0,1
7933240,54918,1,1,0
2020944,54919,1,1,0
3348128,54920,1,1,0
1421592,54921,1,0,1
3110312,54922,1,1,0
1440056,54923,1,1,0
1333832,54924,1,1,0
6225008,54925,1,0,1
2466472,54926,1,0,1
234664,54927,1,1,0
1366368,54928,1,0,1
1125536,54929,1,0,1
6698864,54930,1,1,0
2900552,54931,1,1,0
896296,54932,1,0,1
2962280,54933,1,0,1
4129440,54934,1,1,0
3329032,54935,1,1,0
539624,54936,1,1,0
6717336,54937,1,1,0
142656,54938,1,1,0
2862984,54939,1,1,0
6395592,54940,1,0,1
670264,54941,1,0,1
2561704,54942,1,0,1
7436760,54943,1,1,0
6753472,54944,1,1,0
2167944,54945,1,0,1
1431536,54946,1,1,0
1697600,54947,1,0,1
6669072,54948,1,1,0
5411528,54949,1,0,1
2083472,54950,1,0,1
7387136,54951,1,1,0
8342040,54952,1,0,1
599472,54953,1,0,1
783968,54954,1,1,0
4861048,54955,1,0,1
235848,54956,1,1,0
1176584,54957,1,0,1
1591504,54958,1,1,0
4419152,54959,1,1,0
616256,54960,1,1,0
6253560,54961,1,0,1
7357520,54962,1,0,1
7385952,54963,1,0,1
6659016,54964,1,1,0
6252152,54965,1,0,1
5747616,54966,1,1,0
754496,54967,1,1,0
6531232,54968,1,1,0
2430224,54969,1,0,1
537144,54970,1,0,1
5826584,54971,1,1,0
487336,54972,1,1,0
2267552,54973,1,0,1
2757344,54974,1,0,1
1172048,54975,1,1,0
7658464,54976,1,0,1
6190016,54977,1,1,0
3158752,54978,1,0,1
2497704,54979,1,0,1
1916968,54980,1,0,1
6192376,54981,1,0,1
6417016,54982,1,0,1
8387728,54983,1,1,0
2902936,54984,1,1,0
287288,54985,1,1,0
231776,54986,1,1,0
260320,54987,1,0,1
1819360,54988,1,1,0
7464672,54989,1,1,0
1872088,54990,1,0,1
1737072,54991,1,1,0
8006432,54992,1,0,1
599968,54993,1,1,0
5862360,54994,1,1,0
4363408,54995,1,1,0
7664744,54996,1,1,0
6054136,54997,1,1,0
260576,54998,1,1,0
3152416,54999,1,1,0
5371952,55000,1,0,1
4120896,55001,1,0,1
915744,55002,1,1,0
4632352,55003,1,0,1
901104,55004,1,0,1
2252856,55005,1,0,1
1315264,55006,1,1,0
589192,55007,1,1,0
6624648,55008,1,0,1
1125552,55009,1,1,0
2120904,55010,1,0,1
4157792,55011,1,0,1
2352432,55012,1,0,1
7277352,55013,1,1,0
1859032,55014,1,1,0
7791792,55015,1,1,0
2752536,55016,1,1,0
5821832,55017,1,1,0
7463416,55018,1,0,1
8304656,55019,1,1,0
3074560,55020,1,0,1
342664,55021,1,1,0
7468896,55022,1,0,1
1438632,55023,1,0,1
2805504,55024,1,1,0
100344,55025,1,1,0
7251912,55026,1,0,1
4028784,55027,1,1,0
85720,55028,1,0,1
5829208,55029,1,0,1
1506744,55030,1,1,0
4460112,55031,1,0,1
1249280,55032,1,1,0
3943592,55033,1,0,1
4614568,55034,1,0,1
3419056,55035,1,1,0
2752728,55036,1,1,0
1993360,55037,1,1,0
1441912,55038,1,0,1
4095408,55039,1,0,1
945560,55040,1,1,0
1784376,55041,1,0,1
3316200,55042,1,1,0
5464008,55043,1,1,0
3025288,55044,1,1,0
476432,55045,1,0,1
1719200,55046,1,0,1
1073256,55047,1,0,1
4493168,55048,1,1,0
7141856,55049,1,1,0
2075960,55050,1,1,0
579496,55051,1,1,0
540392,55052,1,1,0
2228856,55053,1,1,0
851952,55054,1,0,1
2649456,55055,1,1,0
1067472,55056,1,1,0
445800,55057,1,0,1
893056,55058,1,0,1
5643744,55059,1,1,0
4429752,55060,1,0,1
2489648,55061,1,1,0
7935368,55062,1,0,1
3181264,55063,1,0,1
3514664,55064,1,1,0
951320,55065,1,0,1
2357160,55066,1,0,1
5673560,55067,1,0,1
992352,55068,1,1,0
3057768,55069,1,0,1
2886288,55070,1,0,1
1421872,55071,1,0,1
3952552,55072,1,0,1
1526584,55073,1,0,1
345664,55074,1,1,0
3577976,55075,1,0,1
1361984,55076,1,1,0
4182248,55077,1,0,1
4911352,55078,1,0,1
2783424,55079,1,1,0
791208,55080,1,0,1
319064,55081,1,0,1
250872,55082,1,0,1
5327872,55083,1,0,1
6366000,55084,1,1,0
3310144,55085,1,1,0
201040,55086,1,1,0
7375952,55087,1,1,0
1361624,55088,1,1,0
5445184,55089,1,1,0
879344,55090,1,1,0
561160,55091,1,1,0
3868256,55092,1,0,1
148104,55093,1,1,0
7538040,55094,1,1,0
3756104,55095,1,0,1
456040,55096,1,0,1
1021368,55097,1,1,0
168720,55098,1,0,1
3001888,55099,1,1,0
6644664,55100,1,1,0
798048,55101,1,0,1
1387768,55102,1,0,1
5510336,55103,1,1,0
1063664,55104,1,0,1
294064,55105,1,1,0
4078736,55106,1,1,0
1364224,55107,1,1,0
1625832,55108,1,0,1
387720,55109,1,0,1
8336848,55110,1,0,1
5620200,55111,1,1,0
2129344,55112,1,1,0
2659088,55113,1,0,1
887272,55114,1,0,1
8111992,55115,1,0,1
4998112,55116,1,0,1
3659696,55117,1,0,1
4721752,55118,1,0,1
661808,55119,1,0,1
8058512,55120,1,0,1
2174952,55121,1,1,0
5637856,55122,1,1,0
195944,55123,1,1,0
1126352,55124,1,1,0
5362688,55125,1,0,1
783416,55126,1,0,1
1268536,55127,1,0,1
781672,55128,1,1,0
2808224,55129,1,0,1
448872,55130,1,0,1
7587288,55131,1,0,1
833872,55132,1,0,1
5162864,55133,1,0,1
3035904,55134,1,0,1
794400,55135,1,1,0
8157872,55136,1,0,1
1196936,55137,1,0,1
6082840,55138,1,0,1
3383440,55139,1,0,1
788816,55140,1,0,1
694424,55141,1,0,1
3317544,55142,1,1,0
1427808,55143,1,1,0
825480,55144,1,0,1
4907680,55145,1,0,1
672464,55146,1,0,1
1434176,55147,1,1,0
6013920,55148,1,0,1
4433672,55149,1,0,1
3350848,55150,1,0,1
782048,55151,1,1,0
3382448,55152,1,1,0
6394488,55153,1,1,0
2808136,55154,1,0,1
816392,55155,1,1,0
2450472,55156,1,1,0
3253288,55157,1,1,0
730552,55158,1,0,1
2433504,55159,1,1,0
1029128,55160,1,0,1
1125184,55161,1,1,0
6609896,55162,1,1,0
722880,55163,1,1,0
3265840,55164,1,1,0
2243208,55165,1,0,1
5120496,55166,1,1,0
88344,55167,1,1,0
3876864,55168,1,1,0
402328,55169,1,0,1
1598160,55170,1,1,0
604632,55171,1,0,1
5345040,55172,1,0,1
7979072,55173,1,1,0
6161480,55174,1,0,1
6704488,55175,1,1,0
2136848,55176,1,1,0
906120,55177,1,1,0
8266472,55178,1,0,1
7214704,55179,1,0,1
4840848,55180,1,1,0
5045392,55181,1,0,1
3722904,55182,1,0,1
686848,55183,1,0,1
2932832,55184,1,0,1
1203728,55185,1,0,1
694984,55186,1,0,1
3489952,55187,1,1,0
798072,55188,1,0,1
1097864,55189,1,0,1
979216,55190,1,0,1
1331432,55191,1,0,1
1097912,55192,1,1,0
3568400,55193,1,1,0
1493024,55194,1,0,1
3374520,55195,1,1,0
5993016,55196,1,1,0
2336056,55197,1,1,0
333808,55198,1,1,0
2738080,55199,1,1,0
6080904,55200,1,1,0
772904,55201,1,1,0
3597432,55202,1,0,1
1432552,55203,1,1,0
7162848,55204,1,0,1
1346712,55205,1,0,1
2264952,55206,1,1,0
7893608,55207,1,0,1
172816,55208,1,1,0
1843952,55209,1,1,0
1442096,55210,1,0,1
8364008,55211,1,0,1
1284784,55212,1,0,1
3531600,55213,1,1,0
2179824,55214,1,0,1
5246912,55215,1,1,0
1093904,55216,1,0,1
3151696,55217,1,0,1
5645600,55218,1,0,1
1567880,55219,1,1,0
4472728,55220,1,1,0
2221920,55221,1,1,0
1004976,55222,1,0,1
652120,55223,1,0,1
2640392,55224,1,1,0
2903328,55225,1,0,1
256520,55226,1,0,1
3873152,55227,1,0,1
1770368,55228,1,0,1
862144,55229,1,1,0
793352,55230,1,1,0
2568008,55231,1,0,1
1984376,55232,1,0,1
220984,55233,1,1,0
107504,55234,1,1,0
714680,55235,1,1,0
6902864,55236,1,1,0
6143680,55237,1,0,1
1706968,55238,1,0,1
447400,55239,1,1,0
6004016,55240,1,0,1
2650392,55241,1,0,1
8339160,55242,1,0,1
5412272,55243,1,1,0
890816,55244,1,0,1
3779208,55245,1,0,1
6012320,55246,1,0,1
5521056,55247,1,1,0
4333464,55248,1,1,0
7262120,55249,1,0,1
8355384,55250,1,0,1
2829808,55251,1,0,1
7419952,55252,1,1,0
1390072,55253,1,1,0
530872,55254,1,1,0
1538208,55255,1,0,1
1980920,55256,1,0,1
4196224,55257,1,0,1
4140920,55258,1,0,1
797056,55259,1,1,0
1146536,55260,1,1,0
174144,55261,1,0,1
2420048,55262,1,1,0
4581056,55263,1,0,1
258040,55264,1,1,0
2438704,55265,1,1,0
171728,55266,1,0,1
2700696,55267,1,0,1
524648,55268,1,1,0
2718960,55269,1,0,1
7714520,55270,1,0,1
5854056,55271,1,0,1
2963184,55272,1,1,0
2396560,55273,1,0,1
1506400,55274,1,0,1
2129400,55275,1,1,0
6287192,55276,1,0,1
6556776,55277,1,1,0
3343464,55278,1,0,1
7865504,55279,1,0,1
388008,55280,1,0,1
4572912,55281,1,1,0
7006048,55282,1,1,0
1900752,55283,1,1,0
1732760,55284,1,1,0
4076536,55285,1,1,0
7767960,55286,1,1,0
1597896,55287,1,0,1
1430320,55288,1,1,0
7060960,55289,1,1,0
4957224,55290,1,1,0
3901424,55291,1,1,0
8145016,55292,1,1,0
1198992,55293,1,1,0
8131696,55294,1,0,1
4340064,55295,1,0,1
1638968,55296,1,1,0
2139280,55297,1,1,0
2391376,55298,1,0,1
3111736,55299,1,1,0
8386960,55300,1,1,0
1319168,55301,1,1,0
654320,55302,1,1,0
1358352,55303,1,0,1
2282512,55304,1,1,0
302360,55305,1,1,0
475512,55306,1,0,1
387040,55307,1,0,1
1259584,55308,1,1,0
2799240,55309,1,0,1
3406912,55310,1,0,1
1273368,55311,1,0,1
657200,55312,1,1,0
2018312,55313,1,0,1
1557832,55314,1,1,0
981400,55315,1,1,0
5050888,55316,1,1,0
7261800,55317,1,1,0
951056,55318,1,0,1
884080,55319,1,1,0
2631280,55320,1,1,0
7331472,55321,1,1,0
1401232,55322,1,1,0
851824,55323,1,1,0
3594312,55324,1,1,0
6912064,55325,1,1,0
5958192,55326,1,1,0
1959352,55327,1,0,1
462792,55328,1,1,0
1700264,55329,1,0,1
5720568,55330,1,0,1
4274576,55331,1,0,1
5587928,55332,1,1,0
229696,55333,1,0,1
5580536,55334,1,0,1
4292112,55335,1,1,0
1144408,55336,1,1,0
1138160,55337,1,0,1
201408,55338,1,0,1
504504,55339,1,1,0
803392,55340,1,1,0
2174320,55341,1,0,1
8296792,55342,1,0,1
1838736,55343,1,0,1
898264,55344,1,0,1
4277016,55345,1,0,1
1183896,55346,1,0,1
475072,55347,1,0,1
2029472,55348,1,0,1
4250976,55349,1,0,1
707800,55350,1,1,0
1218760,55351,1,1,0
8282136,55352,1,1,0
875504,55353,1,1,0
3001920,55354,1,1,0
1356632,55355,1,1,0
8079672,55356,1,0,1
409512,55357,1,0,1
2490096,55358,1,1,0
1226016,55359,1,1,0
2343640,55360,1,0,1
1519288,55361,1,0,1
7434504,55362,1,1,0
4935216,55363,1,0,1
1517464,55364,1,0,1
2291632,55365,1,1,0
3477632,55366,1,1,0
5409192,55367,1,1,0
2643112,55368,1,1,0
6617728,55369,1,1,0
1234904,55370,1,1,0
305192,55371,1,1,0
2117208,55372,1,0,1
5971288,55373,1,0,1
4890792,55374,1,1,0
4707320,55375,1,0,1
5667144,55376,1,0,1
6938288,55377,1,0,1
6435648,55378,1,0,1
4470024,55379,1,1,0
2323064,55380,1,1,0
7664192,55381,1,0,1
3012496,55382,1,1,0
70616,55383,1,0,1
3386152,55384,1,0,1
3201136,55385,1,0,1
5405056,55386,1,0,1
2686720,55387,1,0,1
1736712,55388,1,1,0
7216344,55389,1,1,0
870840,55390,1,0,1
3122400,55391,1,0,1
1926104,55392,1,0,1
2492352,55393,1,0,1
6034360,55394,1,1,0
2241592,55395,1,0,1
5609360,55396,1,1,0
7973096,55397,1,1,0
4196760,55398,1,1,0
4025648,55399,1,0,1
1412240,55400,1,1,0
5627088,55401,1,0,1
4712168,55402,1,0,1
1164664,55403,1,0,1
3168376,55404,1,1,0
6074760,55405,1,1,0
7230576,55406,1,1,0
4216008,55407,1,1,0
2862376,55408,1,1,0
1104408,55409,1,0,1
1227736,55410,1,1,0
630456,55411,1,0,1
2026440,55412,1,1,0
889944,55413,1,1,0
2454616,55414,1,0,1
1764384,55415,1,1,0
4039776,55416,1,0,1
7807560,55417,1,0,1
973848,55418,1,1,0
3220904,55419,1,1,0
1394760,55420,1,1,0
443904,55421,1,1,0
548328,55422,1,0,1
2694096,55423,1,1,0
277416,55424,1,0,1
2444920,55425,1,0,1
2021112,55426,1,0,1
350952,55427,1,1,0
6276784,55428,1,0,1
6615592,55429,1,0,1
4876288,55430,1,0,1
1326232,55431,1,1,0
4817912,55432,1,0,1
3146416,55433,1,1,0
4044120,55434,1,1,0
2301376,55435,1,1,0
3500144,55436,1,1,0
515360,55437,1,0,1
1523240,55438,1,0,1
8139256,55439,1,1,0
2949992,55440,1,1,0
1292472,55441,1,1,0
6292576,55442,1,1,0
1101032,55443,1,1,0
3121272,55444,1,1,0
1110120,55445,1,1,0
2592248,55446,1,0,1
948928,55447,1,0,1
970448,55448,1,0,1
3071496,55449,1,0,1
7906208,55450,1,1,0
547232,55451,1,0,1
3640480,55452,1,0,1
2917424,55453,1,1,0
788632,55454,1,0,1
644232,55455,1,1,0
3775832,55456,1,1,0
6747192,55457,1,1,0
832736,55458,1,0,1
5044600,55459,1,1,0
3580968,55460,1,1,0
7922552,55461,1,0,1
8030768,55462,1,1,0
499952,55463,1,1,0
388776,55464,1,0,1
2772208,55465,1,0,1
3058088,55466,1,1,0
2000000,55467,1,0,1
3138312,55468,1,1,0
2879792,55469,1,0,1
2755288,55470,1,1,0
5219424,55471,1,1,0
3552192,55472,1,1,0
2330896,55473,1,0,1
334416,55474,1,0,1
2683536,55475,1,0,1
372464,55476,1,0,1
1152496,55477,1,1,0
2715416,55478,1,1,0
1741552,55479,1,0,1
2448216,55480,1,1,0
5416928,55481,1,1,0
2345952,55482,1,0,1
1726288,55483,1,0,1
722088,55484,1,0,1
1697360,55485,1,0,1
7223656,55486,1,1,0
4308184,55487,1,0,1
1674696,55488,1,0,1
511216,55489,1,0,1
6291528,55490,1,0,1
1185280,55491,1,1,0
1384304,55492,1,1,0
5638568,55493,1,0,1
2459168,55494,1,1,0
2728704,55495,1,1,0
2820000,55496,1,1,0
908680,55497,1,1,0
6399752,55498,1,1,0
6640920,55499,1,0,1
6142992,55500,1,0,1
4663416,55501,1,1,0
1573696,55502,1,0,1
3349856,55503,1,1,0
1641328,55504,1,1,0
2025232,55505,1,1,0
1415600,55506,1,1,0
4690392,55507,1,0,1
2582936,55508,1,1,0
1807384,55509,1,1,0
6158712,55510,1,0,1
2847072,55511,1,1,0
3302792,55512,1,0,1
7245784,55513,1,0,1
894080,55514,1,1,0
2919008,55515,1,1,0
8163336,55516,1,0,1
6121360,55517,1,1,0
576840,55518,1,0,1
403248,55519,1,1,0
7950272,55520,1,1,0
2738944,55521,1,0,1
6328072,55522,1,1,0
7582872,55523,1,1,0
1134136,55524,1,1,0
6058440,55525,1,1,0
4119672,55526,1,0,1
3083184,55527,1,1,0
3392408,55528,1,0,1
1796904,55529,1,0,1
5571024,55530,1,0,1
7290336,55531,1,1,0
7597264,55532,1,0,1
7064800,55533,1,0,1
8192416,55534,1,1,0
4542040,55535,1,1,0
1963848,55536,1,1,0
168608,55537,1,1,0
184480,55538,1,1,0
5672160,55539,1,1,0
3085600,55540,1,1,0
141296,55541,1,0,1
6918440,55542,1,1,0
7170432,55543,1,0,1
2347224,55544,1,1,0
6471048,55545,1,1,0
5490600,55546,1,1,0
4061312,55547,1,0,1
6304800,55548,1,0,1
3206856,55549,1,1,0
4698280,55550,1,1,0
709776,55551,1,1,0
2342936,55552,1,1,0
1460920,55553,1,1,0
3856120,55554,1,1,0
4161944,55555,1,0,1
803736,55556,1,1,0
347904,55557,1,1,0
6858512,55558,1,0,1
193736,55559,1,1,0
1827624,55560,1,1,0
4682152,55561,1,0,1
701720,55562,1,1,0
2478528,55563,1,1,0
464936,55564,1,1,0
6432096,55565,1,0,1
2155808,55566,1,0,1
943384,55567,1,0,1
337448,55568,1,1,0
5547208,55569,1,1,0
2271064,55570,1,1,0
2506296,55571,1,1,0
3131216,55572,1,0,1
3021944,55573,1,0,1
362336,55574,1,1,0
2085320,55575,1,0,1
3044712,55576,1,1,0
901528,55577,1,0,1
1925048,55578,1,0,1
823528,55579,1,1,0
5422808,55580,1,1,0
3703944,55581,1,1,0
3418440,55582,1,1,0
4124144,55583,1,0,1
2002136,55584,1,1,0
1325544,55585,1,1,0
408680,55586,1,1,0
456600,55587,1,1,0
2703632,55588,1,0,1
1009784,55589,1,0,1
8275016,55590,1,1,0
961008,55591,1,0,1
5936464,55592,1,0,1
6629280,55593,1,1,0
1109784,55594,1,0,1
7509040,55595,1,0,1
907424,55596,1,0,1
4908248,55597,1,0,1
486152,55598,1,1,0
726136,55599,1,1,0
3348600,55600,1,0,1
3952752,55601,1,0,1
3763016,55602,1,1,0
6307880,55603,1,1,0
691592,55604,1,1,0
1753128,55605,1,1,0
7160432,55606,1,1,0
7118888,55607,1,1,0
1101680,55608,1,1,0
4707904,55609,1,1,0
6252080,55610,1,1,0
1110432,55611,1,0,1
2650432,55612,1,1,0
2697768,55613,1,0,1
8086232,55614,1,0,1
483352,55615,1,1,0
5007112,55616,1,0,1
3578104,55617,1,1,0
6895088,55618,1,0,1
1719296,55619,1,1,0
1491792,55620,1,0,1
810248,55621,1,1,0
251424,55622,1,1,0
3438488,55623,1,0,1
2097744,55624,1,1,0
2109920,55625,1,1,0
771328,55626,1,0,1
614408,55627,1,1,0
181696,55628,1,0,1
1923080,55629,1,0,1
1918736,55630,1,0,1
311224,55631,1,0,1
2920784,55632,1,0,1
4476352,55633,1,0,1
7290400,55634,1,1,0
3849256,55635,1,1,0
476136,55636,1,0,1
2617424,55637,1,0,1
2026432,55638,1,0,1
1023120,55639,1,1,0
2149568,55640,1,1,0
314960,55641,1,0,1
8293216,55642,1,1,0
435880,55643,1,1,0
8238384,55644,1,1,0
3000616,55645,1,0,1
7632128,55646,1,1,0
1564064,55647,1,0,1
2577296,55648,1,1,0
682080,55649,1,0,1
4924368,55650,1,0,1
1229936,55651,1,1,0
2231344,55652,1,0,1
1335848,55653,1,1,0
1864752,55654,1,0,1
1632160,55655,1,0,1
4016304,55656,1,1,0
4817896,55657,1,0,1
521592,55658,1,0,1
481776,55659,1,0,1
519632,55660,1,1,0
1126648,55661,1,1,0
167032,55662,1,1,0
2781264,55663,1,0,1
797744,55664,1,1,0
3396712,55665,1,1,0
6338568,55666,1,1,0
3774968,55667,1,0,1
194864,55668,1,1,0
1758536,55669,1,0,1
2626184,55670,1,1,0
2180520,55671,1,0,1
6398856,55672,1,0,1
2072176,55673,1,0,1
304648,55674,1,0,1
7879264,55675,1,0,1
1315056,55676,1,1,0
1047272,55677,1,0,1
563584,55678,1,1,0
8021264,55679,1,0,1
607224,55680,1,1,0
2913720,55681,1,0,1
3207840,55682,1,0,1
2039064,55683,1,1,0
2532528,55684,1,1,0
4363728,55685,1,0,1
4407496,55686,1,1,0
3722896,55687,1,0,1
2369920,55688,1,0,1
6986488,55689,1,1,0
225496,55690,1,0,1
8107088,55691,1,1,0
2574168,55692,1,0,1
2482056,55693,1,1,0
864648,55694,1,0,1
2473512,55695,1,1,0
1881616,55696,1,1,0
619880,55697,1,1,0
202856,55698,1,0,1
6649888,55699,1,0,1
1171040,55700,1,0,1
2343912,55701,1,1,0
962208,55702,1,1,0
7376528,55703,1,0,1
884992,55704,1,1,0
1761528,55705,1,1,0
888680,55706,1,0,1
1865184,55707,1,0,1
2775776,55708,1,0,1
1067536,55709,1,1,0
1111304,55710,1,1,0
421072,55711,1,1,0
1235872,55712,1,0,1
1470800,55713,1,0,1
2161984,55714,1,0,1
7353720,55715,1,0,1
445200,55716,1,0,1
1523160,55717,1,1,0
868384,55718,1,1,0
7473352,55719,1,0,1
8351208,55720,1,0,1
2195848,55721,1,0,1
682048,55722,1,1,0
7500536,55723,1,1,0
1577408,55724,1,0,1
1033184,55725,1,1,0
418400,55726,1,1,0
1283000,55727,1,0,1
1015192,55728,1,0,1
7520992,55729,1,0,1
6295968,55730,1,1,0
576872,55731,1,0,1
1879080,55732,1,0,1
1820648,55733,1,1,0
635368,55734,1,0,1
561240,55735,1,1,0
2075360,55736,1,0,1
6691688,55737,1,0,1
186696,55738,1,1,0
6876568,55739,1,1,0
3375016,55740,1,0,1
2380472,55741,1,0,1
2387176,55742,1,1,0
5303072,55743,1,0,1
2394840,55744,1,0,1
7371600,55745,1,1,0
7377328,55746,1,1,0
239560,55747,1,0,1
868856,55748,1,1,0
5889432,55749,1,1,0
4093144,55750,1,0,1
2389520,55751,1,0,1
2955072,55752,1,1,0
945896,55753,1,0,1
358072,55754,1,0,1
5967600,55755,1,0,1
475984,55756,1,1,0
5647448,55757,1,0,1
846056,55758,1,1,0
404168,55759,1,0,1
1570296,55760,1,1,0
1758792,55761,1,0,1
865576,55762,1,1,0
1351728,55763,1,1,0
6670864,55764,1,1,0
3301904,55765,1,0,1
2693912,55766,1,1,0
4578920,55767,1,1,0
2272080,55768,1,1,0
2811984,55769,1,0,1
1404400,55770,1,1,0
2318592,55771,1,1,0
854392,55772,1,1,0
1665904,55773,1,1,0
3108360,55774,1,0,1
3805704,55775,1,0,1
5079512,55776,1,1,0
982960,55777,1,1,0
4721688,55778,1,0,1
5650032,55779,1,1,0
6338728,55780,1,0,1
187888,55781,1,1,0
607744,55782,1,0,1
6010464,55783,1,1,0
156424,55784,1,0,1
3792952,55785,1,0,1
3050648,55786,1,1,0
236656,55787,1,1,0
2921744,55788,1,1,0
2536144,55789,1,0,1
754152,55790,1,1,0
243896,55791,1,1,0
899432,55792,1,1,0
1598488,55793,1,0,1
1488136,55794,1,0,1
7493960,55795,1,0,1
456608,55796,1,1,0
3820672,55797,1,0,1
5897192,55798,1,1,0
423888,55799,1,1,0
2572136,55800,1,1,0
4180328,55801,1,0,1
1994656,55802,1,0,1
7597640,55803,1,0,1
3966344,55804,1,1,0
702448,55805,1,0,1
1145904,55806,1,1,0
417720,55807,1,0,1
3293608,55808,1,1,0
192256,55809,1,0,1
448192,55810,1,1,0
5710264,55811,1,1,0
2727352,55812,1,1,0
2347040,55813,1,1,0
2106384,55814,1,1,0
1545672,55815,1,1,0
7948872,55816,1,1,0
152336,55817,1,0,1
3882032,55818,1,1,0
114264,55819,1,1,0
2883448,55820,1,1,0
2836584,55821,1,0,1
2233144,55822,1,0,1
7627016,55823,1,1,0
305288,55824,1,1,0
4974816,55825,1,1,0
5439920,55826,1,1,0
4647016,55827,1,1,0
1088680,55828,1,0,1
613256,55829,1,1,0
951648,55830,1,0,1
1022720,55831,1,1,0
195560,55832,1,1,0
578880,55833,1,1,0
4589480,55834,1,0,1
4179064,55835,1,1,0
1459168,55836,1,0,1
1541608,55837,1,1,0
6269176,55838,1,1,0
6399624,55839,1,0,1
5088584,55840,1,0,1
6124408,55841,1,1,0
7185232,55842,1,1,0
4203640,55843,1,0,1
345424,55844,1,1,0
296440,55845,1,1,0
3322544,55846,1,0,1
3478784,55847,1,0,1
1868000,55848,1,0,1
4305696,55849,1,1,0
251944,55850,1,1,0
7841048,55851,1,0,1
6518648,55852,1,1,0
703464,55853,1,0,1
606744,55854,1,1,0
2412104,55855,1,1,0
3650096,55856,1,1,0
3473272,55857,1,0,1
6764744,55858,1,1,0
2832104,55859,1,0,1
6716224,55860,1,1,0
7034992,55861,1,1,0
8273024,55862,1,1,0
6445696,55863,1,1,0
2344248,55864,1,1,0
369952,55865,1,1,0
525608,55866,1,1,0
2081696,55867,1,0,1
409912,55868,1,0,1
976256,55869,1,1,0
2191552,55870,1,1,0
4548184,55871,1,1,0
2047808,55872,1,0,1
3654448,55873,1,0,1
1538568,55874,1,1,0
1619560,55875,1,1,0
4929424,55876,1,0,1
806184,55877,1,0,1
1825640,55878,1,1,0
1984632,55879,1,1,0
867568,55880,1,0,1
4866920,55881,1,0,1
2804568,55882,1,0,1
3412176,55883,1,1,0
678240,55884,1,1,0
954184,55885,1,1,0
7087400,55886,1,1,0
2461624,55887,1,0,1
3141336,55888,1,0,1
3050392,55889,1,1,0
2266728,55890,1,0,1
313952,55891,1,1,0
1492144,55892,1,0,1
3151520,55893,1,0,1
6815456,55894,1,1,0
6475048,55895,1,1,0
2302552,55896,1,1,0
802864,55897,1,1,0
1670904,55898,1,0,1
501408,55899,1,1,0
7307904,55900,1,0,1
729104,55901,1,0,1
494352,55902,1,0,1
4840824,55903,1,0,1
2977472,55904,1,0,1
1507592,55905,1,0,1
3752144,55906,1,0,1
1448584,55907,1,0,1
4381288,55908,1,0,1
4080296,55909,1,1,0
3349016,55910,1,1,0
404328,55911,1,1,0
669640,55912,1,0,1
8322288,55913,1,1,0
662832,55914,1,1,0
4329848,55915,1,0,1
376504,55916,1,0,1
281144,55917,1,0,1
3019120,55918,1,0,1
955016,55919,1,0,1
1150928,55920,1,1,0
5588656,55921,1,0,1
7950912,55922,1,0,1
3516928,55923,1,0,1
3183248,55924,1,1,0
6761400,55925,1,1,0
1789048,55926,1,1,0
4357088,55927,1,0,1
6943976,55928,1,1,0
714568,55929,1,0,1
2072848,55930,1,0,1
6415512,55931,1,1,0
1742656,55932,1,0,1
1075136,55933,1,1,0
506584,55934,1,0,1
5584912,55935,1,0,1
674592,55936,1,1,0
4788688,55937,1,1,0
192992,55938,1,0,1
697344,55939,1,1,0
1723272,55940,1,0,1
4796520,55941,1,0,1
1931624,55942,1,0,1
5676528,55943,1,0,1
748496,55944,1,1,0
1044272,55945,1,1,0
2228776,55946,1,0,1
6810584,55947,1,1,0
1331048,55948,1,0,1
495456,55949,1,1,0
4392752,55950,1,1,0
6810968,55951,1,0,1
5301008,55952,1,1,0
4560824,55953,1,1,0
2292696,55954,1,0,1
518784,55955,1,0,1
3312680,55956,1,0,1
5124720,55957,1,0,1
402936,55958,1,0,1
2113992,55959,1,1,0
3969944,55960,1,1,0
250384,55961,1,1,0
1208904,55962,1,0,1
3448504,55963,1,0,1
5415168,55964,1,0,1
2921624,55965,1,1,0
445408,55966,1,1,0
3856936,55967,1,0,1
4348288,55968,1,1,0
543864,55969,1,0,1
2571920,55970,1,0,1
337264,55971,1,0,1
836000,55972,1,1,0
1796312,55973,1,1,0
7027120,55974,1,0,1
4370312,55975,1,0,1
1003208,55976,1,1,0
1235296,55977,1,1,0
2103368,55978,1,0,1
6784632,55979,1,0,1
7650840,55980,1,0,1
4833232,55981,1,1,0
2352192,55982,1,0,1
255952,55983,1,1,0
7314248,55984,1,1,0
2405768,55985,1,0,1
5077112,55986,1,0,1
1210600,55987,1,1,0
1612856,55988,1,1,0
1390232,55989,1,1,0
4453208,55990,1,0,1
7518000,55991,1,1,0
3047512,55992,1,0,1
2346696,55993,1,0,1
386928,55994,1,1,0
2040656,55995,1,1,0
1757672,55996,1,0,1
5130296,55997,1,0,1
863776,55998,1,1,0
1462272,55999,1,0,1
6281520,56000,1,0,1
2998696,56001,1,0,1
725136,56002,1,0,1
1254608,56003,1,0,1
4634512,56004,1,0,1
357296,56005,1,0,1
1377728,56006,1,1,0
270360,56007,1,1,0
6098640,56008,1,0,1
4459648,56009,1,0,1
5959192,56010,1,0,1
1587712,56011,1,0,1
1007592,56012,1,1,0
339064,56013,1,0,1
843920,56014,1,0,1
531168,56015,1,1,0
7568496,56016,1,1,0
3372072,56017,1,1,0
5569424,56018,1,0,1
8286704,56019,1,0,1
2838136,56020,1,1,0
4320080,56021,1,0,1
1512584,56022,1,1,0
2519616,56023,1,0,1
6246232,56024,1,1,0
476424,56025,1,1,0
1781280,56026,1,0,1
7945344,56027,1,0,1
4354560,56028,1,0,1
553432,56029,1,0,1
768000,56030,1,1,0
3113960,56031,1,0,1
2515736,56032,1,0,1
1441376,56033,1,1,0
433496,56034,1,0,1
333960,56035,1,0,1
7985200,56036,1,0,1
5970384,56037,1,0,1
2113208,56038,1,0,1
2128224,56039,1,1,0
2239800,56040,1,0,1
4738296,56041,1,0,1
4884808,56042,1,1,0
2943976,56043,1,1,0
4640504,56044,1,1,0
1752800,56045,1,1,0
484488,56046,1,0,1
2365888,56047,1,1,0
6514384,56048,1,0,1
4525416,56049,1,1,0
3410192,56050,1,1,0
1506992,56051,1,0,1
1296048,56052,1,1,0
2904944,56053,1,0,1
4811176,56054,1,0,1
6957320,56055,1,1,0
313224,56056,1,0,1
1699936,56057,1,0,1
469152,56058,1,0,1
598736,56059,1,0,1
2390296,56060,1,1,0
911504,56061,1,1,0
3109784,56062,1,0,1
4478848,56063,1,1,0
4576864,56064,1,0,1
5451936,56065,1,1,0
471736,56066,1,1,0
520392,56067,1,1,0
1529656,56068,1,1,0
3724896,56069,1,1,0
578264,56070,1,1,0
7796216,56071,1,0,1
205920,56072,1,1,0
2830032,56073,1,0,1
1714824,56074,1,0,1
5123152,56075,1,1,0
1750440,56076,1,1,0
535056,56077,1,0,1
4784424,56078,1,0,1
2391016,56079,1,0,1
4410456,56080,1,1,0
5962160,56081,1,0,1
5423848,56082,1,1,0
2643672,56083,1,0,1
3875184,56084,1,0,1
666920,56085,1,1,0
5084008,56086,1,0,1
6361888,56087,1,1,0
813304,56088,1,0,1
3086368,56089,1,1,0
1013584,56090,1,1,0
2230688,56091,1,1,0
1667400,56092,1,1,0
176888,56093,1,0,1
6151416,56094,1,0,1
249016,56095,1,0,1
2634080,56096,1,1,0
4459344,56097,1,1,0
3974640,56098,1,1,0
631088,56099,1,1,0
5482456,56100,1,0,1
388304,56101,1,0,1
1742760,56102,1,1,0
581584,56103,1,0,1
2066856,56104,1,1,0
1277576,56105,1,0,1
505448,56106,1,1,0
581616,56107,1,1,0
7762008,56108,1,1,0
5732456,56109,1,1,0
6511440,56110,1,0,1
1136888,56111,1,1,0
713344,56112,1,1,0
4551040,56113,1,0,1
1083688,56114,1,0,1
4623968,56115,1,1,0
3190112,56116,1,0,1
4977744,56117,1,0,1
1929696,56118,1,0,1
3439728,56119,1,0,1
4677032,56120,1,0,1
254128,56121,1,1,0
1862800,56122,1,0,1
3601216,56123,1,1,0
1136088,56124,1,0,1
6279376,56125,1,0,1
1594632,56126,1,1,0
2398752,56127,1,0,1
864096,56128,1,0,1
1413120,56129,1,1,0
4290176,56130,1,0,1
1629800,56131,1,1,0
5744688,56132,1,0,1
1068352,56133,1,0,1
3378800,56134,1,0,1
391072,56135,1,0,1
331472,56136,1,0,1
1691712,56137,1,1,0
5259240,56138,1,0,1
7748656,56139,1,0,1
264560,56140,1,0,1
241512,56141,1,1,0
2769216,56142,1,1,0
4294008,56143,1,0,1
6590992,56144,1,0,1
8288096,56145,1,1,0
3815168,56146,1,1,0
1072808,56147,1,1,0
2827592,56148,1,0,1
872912,56149,1,0,1
4428536,56150,1,1,0
1320256,56151,1,0,1
2454568,56152,1,0,1
2936696,56153,1,0,1
5709464,56154,1,1,0
7368608,56155,1,0,1
819352,56156,1,1,0
707112,56157,1,0,1
5493776,56158,1,1,0
672608,56159,1,1,0
2450096,56160,1,1,0
1482496,56161,1,1,0
5498480,56162,1,1,0
1843712,56163,1,1,0
3540448,56164,1,0,1
4878400,56165,1,1,0
6955296,56166,1,0,1
1657936,56167,1,1,0
526064,56168,1,1,0
2626576,56169,1,0,1
8004128,56170,1,1,0
1187008,56171,1,0,1
6888752,56172,1,0,1
901584,56173,1,0,1
791320,56174,1,0,1
388016,56175,1,1,0
854616,56176,1,0,1
3274888,56177,1,1,0
4618256,56178,1,0,1
6297752,56179,1,0,1
5028120,56180,1,1,0
4270600,56181,1,1,0
511136,56182,1,0,1
7203568,56183,1,1,0
520680,56184,1,1,0
3853528,56185,1,0,1
2262672,56186,1,0,1
6144640,56187,1,0,1
924568,56188,1,1,0
368760,56189,1,1,0
603112,56190,1,1,0
5125472,56191,1,1,0
1207464,56192,1,1,0
315224,56193,1,1,0
1405768,56194,1,1,0
4158040,56195,1,1,0
5380952,56196,1,0,1
3337992,56197,1,1,0
2849160,56198,1,1,0
1326952,56199,1,0,1
4396864,56200,1,1,0
2732712,56201,1,0,1
1745552,56202,1,1,0
1537536,56203,1,0,1
3415784,56204,1,1,0
2420592,56205,1,1,0
3110648,56206,1,1,0
510464,56207,1,0,1
433680,56208,1,0,1
1097144,56209,1,0,1
5995656,56210,1,1,0
3098848,56211,1,1,0
6998808,56212,1,1,0
5320320,56213,1,0,1
4412832,56214,1,0,1
1505752,56215,1,1,0
543944,56216,1,0,1
670208,56217,1,1,0
7174864,56218,1,1,0
213376,56219,1,1,0
997728,56220,1,0,1
6747672,56221,1,1,0
4983632,56222,1,0,1
339720,56223,1,0,1
643752,56224,1,0,1
1260880,56225,1,1,0
119944,56226,1,1,0
3726904,56227,1,0,1
5048056,56228,1,1,0
854816,56229,1,1,0
1547224,56230,1,0,1
5460176,56231,1,0,1
306096,56232,1,1,0
4715744,56233,1,0,1
4316760,56234,1,0,1
3384112,56235,1,0,1
784232,56236,1,0,1
2300248,56237,1,0,1
5015384,56238,1,1,0
3039856,56239,1,0,1
242504,56240,1,1,0
369320,56241,1,0,1
551640,56242,1,0,1
6018920,56243,1,1,0
5645032,56244,1,1,0
1699416,56245,1,1,0
926344,56246,1,1,0
7781928,56247,1,0,1
478296,56248,1,1,0
5736304,56249,1,1,0
4328904,56250,1,1,0
5838392,56251,1,0,1
2469800,56252,1,1,0
2198136,56253,1,1,0
4654920,56254,1,0,1
2910296,56255,1,0,1
160440,56256,1,1,0
868520,56257,1,1,0
681272,56258,1,0,1
6024872,56259,1,1,0
1631712,56260,1,1,0
785544,56261,1,0,1
1387752,56262,1,1,0
2279768,56263,1,1,0
2361224,56264,1,0,1
5105560,56265,1,1,0
2408376,56266,1,1,0
1236656,56267,1,1,0
4370656,56268,1,0,1
946168,56269,1,0,1
1078648,56270,1,1,0
1900496,56271,1,1,0
4179208,56272,1,0,1
3389512,56273,1,0,1
7849088,56274,1,1,0
1379512,56275,1,0,1
270120,56276,1,1,0
2929408,56277,1,1,0
6549600,56278,1,0,1
430360,56279,1,0,1
3833544,56280,1,0,1
523936,56281,1,1,0
2763208,56282,1,0,1
7109392,56283,1,1,0
883112,56284,1,0,1
8188392,56285,1,0,1
7141608,56286,1,1,0
7018440,56287,1,1,0
594768,56288,1,0,1
2516072,56289,1,1,0
6062344,56290,1,1,0
3958736,56291,1,0,1
2949392,56292,1,1,0
5621384,56293,1,0,1
2206256,56294,1,0,1
5023160,56295,1,0,1
5923824,56296,1,0,1
418048,56297,1,1,0
1954184,56298,1,0,1
635688,56299,1,1,0
7769680,56300,1,0,1
1276312,56301,1,1,0
1645760,56302,1,1,0
1170736,56303,1,1,0
3105840,56304,1,0,1
1244856,56305,1,1,0
8287448,56306,1,1,0
1464632,56307,1,1,0
4423792,56308,1,0,1
3862312,56309,1,1,0
8057552,56310,1,1,0
1356840,56311,1,0,1
6982056,56312,1,1,0
5596168,56313,1,0,1
6505304,56314,1,1,0
6528832,56315,1,0,1
484288,56316,1,1,0
205632,56317,1,0,1
6216440,56318,1,1,0
778920,56319,1,1,0
3328048,56320,1,1,0
7303280,56321,1,1,0
315016,56322,1,1,0
1314688,56323,1,0,1
5837480,56324,1,0,1
60240,56325,1,0,1
3135120,56326,1,0,1
749512,56327,1,1,0
8377368,56328,1,0,1
6669432,56329,1,0,1
6224328,56330,1,0,1
3112784,56331,1,1,0
418520,56332,1,0,1
6878896,56333,1,1,0
4280008,56334,1,1,0
522264,56335,1,1,0
4154304,56336,1,0,1
884488,56337,1,1,0
557968,56338,1,1,0
1805672,56339,1,0,1
3551736,56340,1,0,1
6369648,56341,1,1,0
4955000,56342,1,0,1
2665408,56343,1,1,0
91664,56344,1,0,1
2975568,56345,1,0,1
959416,56346,1,1,0
4754720,56347,1,0,1
2679512,56348,1,1,0
374800,56349,1,0,1
374296,56350,1,0,1
1840776,56351,1,1,0
366512,56352,1,0,1
2681128,56353,1,0,1
806576,56354,1,0,1
686488,56355,1,0,1
1423848,56356,1,0,1
6579360,56357,1,1,0
3735032,56358,1,0,1
8030288,56359,1,1,0
5718824,56360,1,1,0
4917408,56361,1,0,1
844520,56362,1,1,0
201352,56363,1,1,0
1891504,56364,1,1,0
526472,56365,1,0,1
416232,56366,1,1,0
5914992,56367,1,1,0
833936,56368,1,0,1
5728960,56369,1,1,0
7273320,56370,1,0,1
172480,56371,1,1,0
547136,56372,1,1,0
862848,56373,1,0,1
1091736,56374,1,0,1
739760,56375,1,1,0
1500616,56376,1,1,0
178088,56377,1,0,1
297592,56378,1,0,1
374688,56379,1,0,1
3066088,56380,1,0,1
3833616,56381,1,0,1
258488,56382,1,1,0
1575888,56383,1,1,0
1166176,56384,1,0,1
6902576,56385,1,1,0
5994696,56386,1,0,1
8172976,56387,1,0,1
2147072,56388,1,1,0
2214520,56389,1,0,1
5450192,56390,1,1,0
3409896,56391,1,1,0
673080,56392,1,0,1
6119960,56393,1,0,1
2865144,56394,1,1,0
5708416,56395,1,0,1
3846600,56396,1,1,0
323656,56397,1,0,1
5091928,56398,1,1,0
316776,56399,1,0,1
1456088,56400,1,0,1
636520,56401,1,0,1
3364136,56402,1,1,0
2626128,56403,1,1,0
392848,56404,1,0,1
3495800,56405,1,0,1
4270680,56406,1,1,0
482512,56407,1,1,0
366488,56408,1,1,0
3461224,56409,1,1,0
2856072,56410,1,1,0
1163384,56411,1,0,1
7001920,56412,1,0,1
3552832,56413,1,0,1
1477472,56414,1,1,0
549928,56415,1,0,1
6836816,56416,1,0,1
6869568,56417,1,0,1
781312,56418,1,0,1
1485464,56419,1,0,1
2322136,56420,1,0,1
1057096,56421,1,0,1
1816384,56422,1,1,0
2940312,56423,1,0,1
1409760,56424,1,0,1
953000,56425,1,1,0
5544392,56426,1,1,0
2523776,56427,1,0,1
5264600,56428,1,1,0
3436568,56429,1,1,0
474192,56430,1,0,1
5715048,56431,1,1,0
881192,56432,1,0,1
1686520,56433,1,0,1
1456288,56434,1,1,0
2478272,56435,1,1,0
5194248,56436,1,1,0
3888984,56437,1,1,0
5319184,56438,1,0,1
2080744,56439,1,0,1
683280,56440,1,1,0
6226144,56441,1,0,1
1254144,56442,1,0,1
4820016,56443,1,1,0
1208096,56444,1,0,1
3715280,56445,1,1,0
2657760,56446,1,1,0
1793664,56447,1,1,0
1602320,56448,1,0,1
624944,56449,1,1,0
514176,56450,1,1,0
6980384,56451,1,0,1
399576,56452,1,0,1
758840,56453,1,1,0
153240,56454,1,1,0
2135992,56455,1,0,1
4351984,56456,1,0,1
1181976,56457,1,1,0
5964736,56458,1,0,1
167872,56459,1,0,1
7046920,56460,1,0,1
498904,56461,1,0,1
4788560,56462,1,0,1
2024192,56463,1,1,0
4795168,56464,1,0,1
3573600,56465,1,1,0
1221848,56466,1,0,1
1476592,56467,1,1,0
2464096,56468,1,1,0
2386528,56469,1,1,0
6749064,56470,1,0,1
509384,56471,1,0,1
1296424,56472,1,1,0
4538984,56473,1,0,1
2329664,56474,1,0,1
6794416,56475,1,1,0
4601712,56476,1,1,0
154288,56477,1,0,1
4483248,56478,1,0,1
5494912,56479,1,0,1
4457120,56480,1,1,0
5782264,56481,1,1,0
1362736,56482,1,0,1
7094656,56483,1,0,1
2717856,56484,1,1,0
6267856,56485,1,0,1
1750464,56486,1,1,0
4009824,56487,1,1,0
7454904,56488,1,0,1
253640,56489,1,1,0
4431136,56490,1,0,1
2871056,56491,1,1,0
1765816,56492,1,0,1
6165272,56493,1,0,1
1885104,56494,1,1,0
5328088,56495,1,0,1
262496,56496,1,0,1
727512,56497,1,1,0
6196432,56498,1,1,0
480968,56499,1,1,0
2158096,56500,1,1,0
4384232,56501,1,0,1
2887352,56502,1,0,1
318304,56503,1,1,0
2552768,56504,1,0,1
1461592,56505,1,0,1
262168,56506,1,1,0
1285984,56507,1,0,1
1715520,56508,1,0,1
4676640,56509,1,0,1
407424,56510,1,1,0
5245752,56511,1,1,0
840656,56512,1,0,1
5435320,56513,1,0,1
7657944,56514,1,1,0
2795000,56515,1,0,1
3929128,56516,1,0,1
892456,56517,1,1,0
3913432,56518,1,1,0
1533184,56519,1,0,1
2531816,56520,1,1,0
3556808,56521,1,0,1
2073352,56522,1,1,0
1236832,56523,1,1,0
408544,56524,1,1,0
199872,56525,1,0,1
4093624,56526,1,1,0
2735112,56527,1,1,0
372304,56528,1,0,1
2584264,56529,1,0,1
7438400,56530,1,0,1
787608,56531,1,1,0
7612768,56532,1,0,1
5436784,56533,1,1,0
4064320,56534,1,1,0
1163368,56535,1,1,0
3710712,56536,1,1,0
1505896,56537,1,0,1
974240,56538,1,0,1
1608840,56539,1,0,1
151456,56540,1,0,1
1268056,56541,1,0,1
7897696,56542,1,1,0
5082656,56543,1,1,0
5112928,56544,1,1,0
4351688,56545,1,0,1
1931672,56546,1,0,1
320088,56547,1,0,1
8011104,56548,1,0,1
2918160,56549,1,1,0
256024,56550,1,0,1
358352,56551,1,0,1
784224,56552,1,1,0
581560,56553,1,0,1
1625984,56554,1,1,0
3281272,56555,1,0,1
863840,56556,1,0,1
713360,56557,1,0,1
532832,56558,1,1,0
303736,56559,1,1,0
2803000,56560,1,1,0
1926016,56561,1,0,1
1290760,56562,1,1,0
2922392,56563,1,0,1
4435616,56564,1,0,1
259808,56565,1,0,1
1679440,56566,1,1,0
1688872,56567,1,0,1
1898600,56568,1,0,1
6463792,56569,1,0,1
3699352,56570,1,0,1
529664,56571,1,0,1
431864,56572,1,0,1
3106528,56573,1,1,0
1091352,56574,1,1,0
489336,56575,1,1,0
3086216,56576,1,1,0
5664584,56577,1,0,1
7110784,56578,1,1,0
936976,56579,1,0,1
495704,56580,1,0,1
1366304,56581,1,1,0
6191936,56582,1,1,0
2701640,56583,1,1,0
1964472,56584,1,0,1
1003200,56585,1,0,1
7380936,56586,1,0,1
8257944,56587,1,1,0
3233264,56588,1,1,0
1328960,56589,1,0,1
6800648,56590,1,0,1
510856,56591,1,1,0
510616,56592,1,0,1
6967680,56593,1,0,1
1588808,56594,1,0,1
1791264,56595,1,1,0
3410200,56596,1,1,0
4081232,56597,1,1,0
8374872,56598,1,1,0
2000696,56599,1,1,0
5635944,56600,1,0,1
2255536,56601,1,1,0
1311984,56602,1,0,1
2860096,56603,1,0,1
3723984,56604,1,1,0
2913392,56605,1,1,0
3399640,56606,1,0,1
5769128,56607,1,1,0
2279896,56608,1,1,0
8086320,56609,1,1,0
3583208,56610,1,0,1
3092600,56611,1,0,1
755232,56612,1,0,1
1535928,56613,1,0,1
737200,56614,1,0,1
3656048,56615,1,1,0
4801280,56616,1,1,0
5030552,56617,1,0,1
7846240,56618,1,0,1
575200,56619,1,1,0
8087584,56620,1,0,1
702624,56621,1,0,1
5832824,56622,1,0,1
1145784,56623,1,0,1
7929480,56624,1,1,0
5541008,56625,1,1,0
1279488,56626,1,0,1
377592,56627,1,0,1
2041256,56628,1,1,0
2594936,56629,1,1,0
4315760,56630,1,0,1
903984,56631,1,1,0
761680,56632,1,1,0
3829592,56633,1,1,0
2638824,56634,1,1,0
2429256,56635,1,0,1
3627224,56636,1,1,0
274336,56637,1,1,0
1569024,56638,1,1,0
2878168,56639,1,0,1
5244792,56640,1,1,0
350864,56641,1,0,1
5489744,56642,1,0,1
1832224,56643,1,0,1
730128,56644,1,0,1
3650992,56645,1,0,1
157024,56646,1,1,0
3050656,56647,1,1,0
2228976,56648,1,0,1
7725768,56649,1,1,0
851904,56650,1,0,1
1517440,56651,1,1,0
2747616,56652,1,1,0
4127040,56653,1,0,1
1522136,56654,1,0,1
1001096,56655,1,1,0
3746504,56656,1,1,0
929360,56657,1,1,0
969736,56658,1,1,0
430496,56659,1,0,1
400048,56660,1,0,1
3263496,56661,1,1,0
2612504,56662,1,0,1
3833568,56663,1,0,1
7884632,56664,1,1,0
4156848,56665,1,0,1
5330264,56666,1,1,0
6160992,56667,1,0,1
804936,56668,1,1,0
886752,56669,1,1,0
1189472,56670,1,1,0
2074416,56671,1,1,0
3690272,56672,1,0,1
432248,56673,1,0,1
2848136,56674,1,0,1
5614008,56675,1,0,1
1718480,56676,1,1,0
6803560,56677,1,1,0
1353944,56678,1,1,0
216776,56679,1,1,0
5500240,56680,1,0,1
857200,56681,1,0,1
7131424,56682,1,0,1
3037888,56683,1,1,0
1949208,56684,1,1,0
2472488,56685,1,0,1
921512,56686,1,0,1
4460576,56687,1,1,0
899800,56688,1,0,1
5593704,56689,1,1,0
543768,56690,1,1,0
474576,56691,1,1,0
2413944,56692,1,0,1
1167400,56693,1,0,1
2399144,56694,1,1,0
7857072,56695,1,0,1
1452088,56696,1,0,1
1516192,56697,1,0,1
1619736,56698,1,0,1
1245944,56699,1,0,1
7028456,56700,1,0,1
3155864,56701,1,0,1
8235224,56702,1,1,0
6048688,56703,1,0,1
1147432,56704,1,1,0
1684560,56705,1,1,0
198024,56706,1,0,1
1674824,56707,1,1,0
6039392,56708,1,1,0
1644600,56709,1,0,1
2329040,56710,1,1,0
1649632,56711,1,1,0
1190992,56712,1,0,1
3549032,56713,1,0,1
2533296,56714,1,0,1
2919456,56715,1,1,0
303408,56716,1,1,0
3424696,56717,1,1,0
6032200,56718,1,1,0
8029864,56719,1,0,1
294360,56720,1,1,0
1085840,56721,1,0,1
1017960,56722,1,1,0
5549344,56723,1,1,0
4490696,56724,1,1,0
4033240,56725,1,1,0
2368552,56726,1,0,1
4942600,56727,1,1,0
438896,56728,1,0,1
416144,56729,1,1,0
913976,56730,1,1,0
6253800,56731,1,0,1
6054600,56732,1,1,0
7841664,56733,1,1,0
2392048,56734,1,0,1
2867376,56735,1,1,0
1962664,56736,1,1,0
324240,56737,1,1,0
8291560,56738,1,0,1
1513248,56739,1,0,1
1277744,56740,1,1,0
427720,56741,1,0,1
3898072,56742,1,1,0
3458816,56743,1,1,0
523192,56744,1,0,1
6415856,56745,1,1,0
1511832,56746,1,1,0
243808,56747,1,1,0
6600912,56748,1,1,0
928888,56749,1,0,1
4185544,56750,1,1,0
6076360,56751,1,1,0
1347016,56752,1,0,1
5174424,56753,1,0,1
1147912,56754,1,1,0
855176,56755,1,0,1
3104304,56756,1,1,0
225056,56757,1,1,0
4622728,56758,1,0,1
3263024,56759,1,1,0
323944,56760,1,1,0
252888,56761,1,0,1
3010040,56762,1,1,0
1718664,56763,1,0,1
256584,56764,1,0,1
744008,56765,1,0,1
4813792,56766,1,0,1
1832032,56767,1,1,0
5688192,56768,1,0,1
504976,56769,1,0,1
835584,56770,1,0,1
390248,56771,1,1,0
744080,56772,1,1,0
2691808,56773,1,0,1
1637336,56774,1,1,0
5326152,56775,1,0,1
142192,56776,1,1,0
1768408,56777,1,0,1
1318168,56778,1,1,0
6604080,56779,1,0,1
282528,56780,1,0,1
2160968,56781,1,1,0
1587656,56782,1,1,0
2842512,56783,1,1,0
5713688,56784,1,1,0
1897304,56785,1,1,0
1381168,56786,1,0,1
4893040,56787,1,0,1
5696160,56788,1,1,0
3559472,56789,1,0,1
3636104,56790,1,0,1
6669528,56791,1,0,1
4039200,56792,1,0,1
1222904,56793,1,0,1
502704,56794,1,0,1
1615288,56795,1,0,1
2507896,56796,1,1,0
4612064,56797,1,1,0
2637288,56798,1,0,1
2603256,56799,1,1,0
290016,56800,1,1,0
206880,56801,1,0,1
564216,56802,1,0,1
5474880,56803,1,0,1
1170176,56804,1,0,1
3846512,56805,1,0,1
3133248,56806,1,0,1
817904,56807,1,0,1
5264464,56808,1,1,0
697176,56809,1,1,0
7329840,56810,1,1,0
1226664,56811,1,1,0
1111520,56812,1,0,1
6089136,56813,1,1,0
420592,56814,1,1,0
1951712,56815,1,0,1
266592,56816,1,1,0
697224,56817,1,0,1
1510248,56818,1,0,1
294968,56819,1,1,0
750776,56820,1,1,0
2947184,56821,1,0,1
482168,56822,1,0,1
1005192,56823,1,1,0
384304,56824,1,1,0
1856944,56825,1,0,1
4512016,56826,1,1,0
5842456,56827,1,0,1
1686008,56828,1,1,0
545864,56829,1,1,0
1071728,56830,1,0,1
3307072,56831,1,0,1
6199032,56832,1,0,1
1263008,56833,1,0,1
3282256,56834,1,1,0
839496,56835,1,0,1
1147056,56836,1,0,1
3527000,56837,1,0,1
569648,56838,1,1,0
223888,56839,1,0,1
473008,56840,1,0,1
1276480,56841,1,1,0
4434152,56842,1,0,1
1065688,56843,1,1,0
1285616,56844,1,0,1
8173568,56845,1,1,0
1789560,56846,1,1,0
7140104,56847,1,0,1
2258896,56848,1,1,0
1028696,56849,1,0,1
4648280,56850,1,1,0
7928888,56851,1,1,0
3619480,56852,1,0,1
5758208,56853,1,0,1
2463568,56854,1,1,0
4041056,56855,1,1,0
3319760,56856,1,0,1
4548872,56857,1,0,1
3594296,56858,1,0,1
3433272,56859,1,1,0
7252352,56860,1,0,1
2376712,56861,1,0,1
3271624,56862,1,0,1
953904,56863,1,0,1
5536224,56864,1,1,0
773968,56865,1,1,0
1294480,56866,1,1,0
1439160,56867,1,0,1
1201616,56868,1,1,0
532496,56869,1,1,0
2913840,56870,1,1,0
1939536,56871,1,0,1
2864688,56872,1,0,1
2785008,56873,1,1,0
2224600,56874,1,1,0
170808,56875,1,1,0
1927120,56876,1,1,0
4782792,56877,1,0,1
112816,56878,1,1,0
1193120,56879,1,1,0
6004632,56880,1,0,1
745288,56881,1,0,1
1024616,56882,1,1,0
3608136,56883,1,1,0
1576768,56884,1,0,1
7725976,56885,1,1,0
7286688,56886,1,1,0
3188440,56887,1,0,1
4875440,56888,1,1,0
5642176,56889,1,0,1
3413592,56890,1,0,1
871712,56891,1,1,0
499456,56892,1,0,1
5197864,56893,1,0,1
8096624,56894,1,0,1
4672248,56895,1,1,0
3278712,56896,1,1,0
5969184,56897,1,0,1
887856,56898,1,0,1
1936720,56899,1,0,1
3886328,56900,1,0,1
395328,56901,1,0,1
489776,56902,1,1,0
1771880,56903,1,0,1
2644448,56904,1,1,0
2401920,56905,1,0,1
233728,56906,1,1,0
1297520,56907,1,0,1
6859832,56908,1,1,0
595024,56909,1,1,0
1807424,56910,1,0,1
473912,56911,1,1,0
4743768,56912,1,1,0
3863056,56913,1,0,1
6456528,56914,1,0,1
4033592,56915,1,0,1
685776,56916,1,0,1
561576,56917,1,0,1
464064,56918,1,0,1
3195624,56919,1,1,0
2780672,56920,1,1,0
5665064,56921,1,1,0
3009976,56922,1,0,1
3357864,56923,1,0,1
7792912,56924,1,0,1
3217528,56925,1,1,0
3278008,56926,1,1,0
344984,56927,1,1,0
5412128,56928,1,1,0
5550016,56929,1,0,1
1099384,56930,1,1,0
8238600,56931,1,1,0
1853416,56932,1,0,1
6566088,56933,1,1,0
4859424,56934,1,1,0
7977400,56935,1,1,0
678312,56936,1,1,0
1850608,56937,1,0,1
4357608,56938,1,0,1
5329848,56939,1,1,0
1696920,56940,1,0,1
3029056,56941,1,0,1
801192,56942,1,1,0
2304008,56943,1,0,1
604568,56944,1,0,1
1664880,56945,1,0,1
182944,56946,1,0,1
2190712,56947,1,0,1
5415744,56948,1,1,0
1900952,56949,1,0,1
1860320,56950,1,0,1
7175520,56951,1,0,1
4858216,56952,1,0,1
5784512,56953,1,1,0
5922984,56954,1,1,0
329104,56955,1,1,0
4840192,56956,1,1,0
1561488,56957,1,0,1
1726672,56958,1,0,1
1536576,56959,1,0,1
249864,56960,1,0,1
702032,56961,1,0,1
1395688,56962,1,0,1
3320544,56963,1,1,0
1632640,56964,1,1,0
1751544,56965,1,1,0
2288960,56966,1,0,1
623944,56967,1,0,1
273096,56968,1,1,0
5006304,56969,1,1,0
5467240,56970,1,1,0
289848,56971,1,0,1
4718824,56972,1,0,1
3577808,56973,1,0,1
2152648,56974,1,1,0
284376,56975,1,1,0
2278872,56976,1,0,1
1424808,56977,1,1,0
3012976,56978,1,0,1
1260208,56979,1,0,1
614320,56980,1,0,1
569608,56981,1,1,0
6766264,56982,1,1,0
2041064,56983,1,1,0
741696,56984,1,0,1
6224184,56985,1,0,1
1326472,56986,1,0,1
3018976,56987,1,1,0
2344696,56988,1,1,0
1660728,56989,1,0,1
5118512,56990,1,0,1
3292400,56991,1,0,1
8233000,56992,1,0,1
8036520,56993,1,0,1
7494024,56994,1,0,1
1789976,56995,1,0,1
1540560,56996,1,0,1
1338984,56997,1,1,0
6043632,56998,1,1,0
2086296,56999,1,1,0
3228560,57000,1,0,1
1756760,57001,1,1,0
7761480,57002,1,1,0
6056712,57003,1,1,0
1391208,57004,1,0,1
3010072,57005,1,1,0
3654928,57006,1,1,0
6126800,57007,1,1,0
6892368,57008,1,1,0
5500480,57009,1,0,1
1723560,57010,1,0,1
1687520,57011,1,0,1
5250192,57012,1,0,1
5764024,57013,1,0,1
2319656,57014,1,1,0
513760,57015,1,0,1
1526224,57016,1,1,0
264496,57017,1,1,0
292128,57018,1,1,0
466264,57019,1,0,1
305464,57020,1,1,0
5510872,57021,1,1,0
2125728,57022,1,0,1
4450896,57023,1,0,1
2413560,57024,1,1,0
672832,57025,1,0,1
943304,57026,1,0,1
3473016,57027,1,1,0
1102192,57028,1,0,1
1771464,57029,1,1,0
3885896,57030,1,1,0
373376,57031,1,1,0
5035784,57032,1,0,1
3510048,57033,1,0,1
8162816,57034,1,1,0
2865784,57035,1,0,1
145744,57036,1,0,1
438432,57037,1,0,1
592776,57038,1,0,1
4901896,57039,1,1,0
1846024,57040,1,1,0
1302432,57041,1,0,1
874904,57042,1,1,0
7609000,57043,1,1,0
6129792,57044,1,1,0
634112,57045,1,1,0
3945544,57046,1,1,0
2730304,57047,1,1,0
5114360,57048,1,1,0
7570256,57049,1,0,1
1011032,57050,1,0,1
6740064,57051,1,1,0
696824,57052,1,1,0
3888104,57053,1,1,0
1476248,57054,1,1,0
1089464,57055,1,1,0
4965320,57056,1,0,1
854704,57057,1,1,0
7169584,57058,1,1,0
7546664,57059,1,1,0
396584,57060,1,0,1
1230952,57061,1,1,0
1697776,57062,1,1,0
4057544,57063,1,1,0
4103264,57064,1,0,1
3093648,57065,1,0,1
2716312,57066,1,1,0
7311184,57067,1,1,0
5023360,57068,1,1,0
725432,57069,1,0,1
313800,57070,1,1,0
1034800,57071,1,0,1
6899584,57072,1,0,1
1316560,57073,1,0,1
1947104,57074,1,1,0
1621680,57075,1,1,0
689168,57076,1,0,1
4672888,57077,1,1,0
2134144,57078,1,1,0
1152864,57079,1,0,1
641600,57080,1,0,1
3631624,57081,1,1,0
6297120,57082,1,0,1
3315848,57083,1,1,0
232768,57084,1,1,0
5950320,57085,1,0,1
4045704,57086,1,1,0
3041088,57087,1,0,1
1185392,57088,1,1,0
3537296,57089,1,0,1
548320,57090,1,0,1
1636344,57091,1,1,0
5336992,57092,1,0,1
2665160,57093,1,1,0
2667928,57094,1,1,0
4451912,57095,1,0,1
1863888,57096,1,1,0
1720696,57097,1,1,0
1697792,57098,1,1,0
673144,57099,1,0,1
2371608,57100,1,1,0
405920,57101,1,0,1
2578264,57102,1,1,0
1929824,57103,1,0,1
8172496,57104,1,0,1
1582328,57105,1,1,0
476928,57106,1,0,1
3078320,57107,1,0,1
2015528,57108,1,0,1
689608,57109,1,1,0
947040,57110,1,1,0
4893024,57111,1,0,1
1488360,57112,1,1,0
831368,57113,1,1,0
522512,57114,1,0,1
7953912,57115,1,1,0
885808,57116,1,1,0
7112616,57117,1,1,0
925632,57118,1,0,1
4127552,57119,1,0,1
4558320,57120,1,0,1
7515640,57121,1,1,0
4291280,57122,1,1,0
484760,57123,1,1,0
1748432,57124,1,0,1
7424368,57125,1,1,0
1792240,57126,1,0,1
694576,57127,1,1,0
1842104,57128,1,1,0
1768240,57129,1,0,1
6607392,57130,1,1,0
2188472,57131,1,0,1
2070864,57132,1,1,0
997248,57133,1,0,1
6057056,57134,1,1,0
617672,57135,1,1,0
6644288,57136,1,0,1
3870936,57137,1,0,1
1513720,57138,1,0,1
3500856,57139,1,1,0
5145968,57140,1,1,0
1410432,57141,1,1,0
763072,57142,1,1,0
7044552,57143,1,1,0
3215424,57144,1,1,0
999040,57145,1,1,0
696056,57146,1,1,0
2396584,57147,1,0,1
2394128,57148,1,0,1
2352544,57149,1,0,1
6159752,57150,1,1,0
1441960,57151,1,0,1
6380416,57152,1,0,1
544904,57153,1,1,0
112968,57154,1,0,1
8242848,57155,1,0,1
5145960,57156,1,0,1
1933584,57157,1,0,1
2151792,57158,1,0,1
2100808,57159,1,0,1
1972040,57160,1,1,0
1007808,57161,1,1,0
685072,57162,1,1,0
3590648,57163,1,1,0
7019496,57164,1,0,1
7547248,57165,1,1,0
1988800,57166,1,1,0
1209184,57167,1,0,1
2056056,57168,1,1,0
354808,57169,1,0,1
1814160,57170,1,0,1
2084080,57171,1,0,1
1483080,57172,1,1,0
7356248,57173,1,0,1
2223888,57174,1,0,1
3374464,57175,1,1,0
1169808,57176,1,1,0
6139904,57177,1,1,0
5278048,57178,1,0,1
2448080,57179,1,1,0
2707728,57180,1,1,0
1036976,57181,1,1,0
4913944,57182,1,0,1
304776,57183,1,1,0
265912,57184,1,0,1
3275264,57185,1,0,1
1593456,57186,1,1,0
6749888,57187,1,1,0
2996072,57188,1,0,1
2021456,57189,1,1,0
1739032,57190,1,1,0
3760464,57191,1,0,1
284200,57192,1,1,0
1101120,57193,1,0,1
638984,57194,1,1,0
4117432,57195,1,1,0
2089440,57196,1,0,1
3288184,57197,1,0,1
1688024,57198,1,0,1
5893360,57199,1,0,1
1431792,57200,1,0,1
218960,57201,1,0,1
5750360,57202,1,1,0
6068504,57203,1,1,0
399432,57204,1,0,1
4704016,57205,1,1,0
4715728,57206,1,0,1
275224,57207,1,1,0
5440256,57208,1,1,0
2383376,57209,1,1,0
350632,57210,1,1,0
4232512,57211,1,1,0
505552,57212,1,1,0
487600,57213,1,0,1
6184472,57214,1,0,1
2197824,57215,1,1,0
728688,57216,1,0,1
2451952,57217,1,1,0
2210496,57218,1,1,0
3481208,57219,1,0,1
495568,57220,1,0,1
1795312,57221,1,0,1
4149832,57222,1,1,0
1633824,57223,1,0,1
5232240,57224,1,0,1
3703616,57225,1,0,1
625328,57226,1,1,0
512160,57227,1,0,1
707680,57228,1,1,0
7099448,57229,1,0,1
4583600,57230,1,1,0
3401608,57231,1,0,1
89720,57232,1,1,0
1200224,57233,1,1,0
3442256,57234,1,0,1
1330792,57235,1,0,1
2542224,57236,1,0,1
3481112,57237,1,1,0
347624,57238,1,1,0
742752,57239,1,1,0
4312488,57240,1,1,0
3261368,57241,1,1,0
1039224,57242,1,1,0
1318824,57243,1,0,1
962960,57244,1,1,0
2546448,57245,1,0,1
3178264,57246,1,0,1
985664,57247,1,1,0
1069432,57248,1,1,0
1636960,57249,1,1,0
747184,57250,1,1,0
3501560,57251,1,1,0
3285432,57252,1,1,0
2479152,57253,1,0,1
838016,57254,1,0,1
195584,57255,1,0,1
460392,57256,1,1,0
782384,57257,1,1,0
1078456,57258,1,1,0
1699376,57259,1,0,1
376160,57260,1,1,0
7896920,57261,1,0,1
713144,57262,1,0,1
481400,57263,1,1,0
1437352,57264,1,1,0
387984,57265,1,1,0
6620896,57266,1,0,1
297424,57267,1,0,1
3008768,57268,1,0,1
6513536,57269,1,1,0
2364328,57270,1,1,0
2733184,57271,1,0,1
7235048,57272,1,1,0
6153040,57273,1,0,1
3003952,57274,1,0,1
185856,57275,1,1,0
2468928,57276,1,0,1
6081880,57277,1,1,0
221984,57278,1,0,1
1116992,57279,1,1,0
1075584,57280,1,0,1
2852360,57281,1,1,0
1632320,57282,1,0,1
384352,57283,1,1,0
1955560,57284,1,0,1
1594080,57285,1,0,1
1398656,57286,1,1,0
5279240,57287,1,0,1
3256704,57288,1,0,1
929224,57289,1,0,1
2571208,57290,1,0,1
5617352,57291,1,0,1
2074840,57292,1,1,0
1554104,57293,1,0,1
7781848,57294,1,0,1
8096376,57295,1,0,1
805176,57296,1,0,1
1647136,57297,1,0,1
7193320,57298,1,1,0
2807288,57299,1,0,1
1464552,57300,1,1,0
322144,57301,1,0,1
2435216,57302,1,1,0
7795712,57303,1,1,0
476192,57304,1,0,1
2509864,57305,1,1,0
7608688,57306,1,0,1
1140376,57307,1,0,1
5287192,57308,1,1,0
589424,57309,1,1,0
2011192,57310,1,0,1
6392416,57311,1,0,1
4762840,57312,1,1,0
186976,57313,1,1,0
4996608,57314,1,0,1
699472,57315,1,0,1
265016,57316,1,0,1
2101944,57317,1,0,1
6765712,57318,1,0,1
1139992,57319,1,1,0
996768,57320,1,0,1
1144280,57321,1,1,0
4265048,57322,1,0,1
4011568,57323,1,0,1
870368,57324,1,1,0
481408,57325,1,0,1
1370824,57326,1,1,0
1246960,57327,1,1,0
1478664,57328,1,1,0
3343400,57329,1,0,1
1690208,57330,1,1,0
7928152,57331,1,1,0
691136,57332,1,1,0
653584,57333,1,0,1
5872024,57334,1,0,1
3617056,57335,1,0,1
1557328,57336,1,1,0
6658376,57337,1,1,0
331528,57338,1,1,0
1954904,57339,1,0,1
3471064,57340,1,0,1
823040,57341,1,1,0
8102152,57342,1,1,0
2819616,57343,1,0,1
2792880,57344,1,0,1
682240,57345,1,1,0
318352,57346,1,1,0
6783096,57347,1,0,1
727712,57348,1,1,0
3029784,57349,1,1,0
1966384,57350,1,0,1
1582984,57351,1,0,1
989688,57352,1,0,1
991824,57353,1,0,1
608464,57354,1,1,0
3252640,57355,1,0,1
1325384,57356,1,0,1
961416,57357,1,0,1
8194456,57358,1,1,0
367664,57359,1,1,0
5463248,57360,1,1,0
6164760,57361,1,1,0
1598360,57362,1,1,0
4737728,57363,1,1,0
1641040,57364,1,1,0
2498544,57365,1,0,1
260056,57366,1,1,0
5581232,57367,1,0,1
212456,57368,1,1,0
1236552,57369,1,0,1
1778336,57370,1,0,1
2500816,57371,1,0,1
3079000,57372,1,1,0
939800,57373,1,1,0
1510256,57374,1,1,0
840032,57375,1,0,1
3365368,57376,1,1,0
1065016,57377,1,0,1
1604664,57378,1,1,0
2284384,57379,1,1,0
559768,57380,1,0,1
4235760,57381,1,0,1
2819888,57382,1,0,1
5263072,57383,1,1,0
1974128,57384,1,0,1
1033688,57385,1,1,0
6095560,57386,1,1,0
5689632,57387,1,1,0
2094216,57388,1,1,0
1782088,57389,1,0,1
694400,57390,1,0,1
148664,57391,1,1,0
280408,57392,1,0,1
7805136,57393,1,1,0
664096,57394,1,0,1
7053136,57395,1,1,0
1088960,57396,1,0,1
3246448,57397,1,1,0
717048,57398,1,0,1
4919080,57399,1,0,1
2531928,57400,1,1,0
3990496,57401,1,1,0
1476776,57402,1,0,1
2109352,57403,1,1,0
7900000,57404,1,0,1
2572968,57405,1,0,1
1164568,57406,1,1,0
4428040,57407,1,1,0
3345448,57408,1,1,0
5007232,57409,1,1,0
2101320,57410,1,0,1
5702056,57411,1,1,0
5125344,57412,1,0,1
1006664,57413,1,1,0
253136,57414,1,1,0
7096792,57415,1,1,0
538040,57416,1,0,1
405400,57417,1,1,0
1814928,57418,1,0,1
7025576,57419,1,0,1
2105720,57420,1,1,0
6605232,57421,1,1,0
573336,57422,1,1,0
2017512,57423,1,1,0
1581928,57424,1,0,1
362984,57425,1,1,0
847968,57426,1,0,1
2741040,57427,1,0,1
1134656,57428,1,1,0
2215056,57429,1,1,0
4435936,57430,1,0,1
577352,57431,1,1,0
2894184,57432,1,1,0
1458288,57433,1,1,0
942176,57434,1,0,1
442928,57435,1,0,1
6735744,57436,1,0,1
7039720,57437,1,1,0
5198176,57438,1,0,1
5640144,57439,1,1,0
5986864,57440,1,0,1
4625872,57441,1,0,1
6920816,57442,1,0,1
1062968,57443,1,0,1
232816,57444,1,0,1
1292224,57445,1,1,0
185488,57446,1,1,0
5207664,57447,1,0,1
1067968,57448,1,1,0
5499824,57449,1,1,0
4201384,57450,1,1,0
1137472,57451,1,1,0
233192,57452,1,0,1
261224,57453,1,1,0
4623544,57454,1,0,1
361824,57455,1,0,1
2116224,57456,1,1,0
1815680,57457,1,1,0
1152264,57458,1,0,1
831824,57459,1,1,0
131128,57460,1,0,1
653768,57461,1,1,0
847336,57462,1,1,0
2134608,57463,1,1,0
497232,57464,1,0,1
5840072,57465,1,1,0
310720,57466,1,1,0
4179688,57467,1,0,1
831800,57468,1,0,1
392216,57469,1,1,0
1885888,57470,1,1,0
1064328,57471,1,1,0
4686480,57472,1,1,0
7250064,57473,1,1,0
318824,57474,1,0,1
2063672,57475,1,1,0
5071096,57476,1,0,1
538112,57477,1,1,0
282560,57478,1,1,0
6747064,57479,1,1,0
7142400,57480,1,0,1
2553800,57481,1,0,1
459152,57482,1,1,0
6247864,57483,1,1,0
3294936,57484,1,1,0
5139768,57485,1,1,0
1329608,57486,1,1,0
4120280,57487,1,0,1
1021968,57488,1,1,0
2373344,57489,1,1,0
5201008,57490,1,1,0
2513688,57491,1,0,1
647304,57492,1,0,1
2059632,57493,1,0,1
412528,57494,1,1,0
1548608,57495,1,1,0
2790744,57496,1,1,0
3390960,57497,1,1,0
738096,57498,1,0,1
6086816,57499,1,0,1
2962976,57500,1,0,1
7443312,57501,1,0,1
2652504,57502,1,0,1
1508992,57503,1,0,1
3129808,57504,1,0,1
4002600,57505,1,1,0
1222992,57506,1,1,0
5878912,57507,1,0,1
1622680,57508,1,1,0
6820968,57509,1,1,0
668552,57510,1,1,0
1769904,57511,1,0,1
521904,57512,1,1,0
6949520,57513,1,0,1
2591456,57514,1,1,0
2384712,57515,1,0,1
954776,57516,1,0,1
7242904,57517,1,1,0
6384224,57518,1,1,0
1858176,57519,1,0,1
881976,57520,1,0,1
6847416,57521,1,0,1
8342304,57522,1,1,0
2133280,57523,1,1,0
4780424,57524,1,0,1
7630104,57525,1,1,0
1754944,57526,1,1,0
1113680,57527,1,0,1
3498672,57528,1,0,1
672592,57529,1,0,1
1809440,57530,1,0,1
5289616,57531,1,1,0
611984,57532,1,0,1
1139528,57533,1,0,1
8273976,57534,1,0,1
2115592,57535,1,1,0
2756120,57536,1,1,0
540808,57537,1,0,1
2533680,57538,1,1,0
294096,57539,1,0,1
1636832,57540,1,0,1
1160616,57541,1,0,1
4470704,57542,1,1,0
3078256,57543,1,1,0
3771080,57544,1,0,1
238976,57545,1,0,1
763904,57546,1,0,1
7458928,57547,1,1,0
1560352,57548,1,0,1
930920,57549,1,1,0
6938520,57550,1,1,0
327784,57551,1,0,1
7219840,57552,1,0,1
4140424,57553,1,0,1
4321144,57554,1,1,0
4218304,57555,1,1,0
4545096,57556,1,0,1
4654504,57557,1,0,1
970832,57558,1,0,1
2347000,57559,1,1,0
3558016,57560,1,1,0
3748776,57561,1,0,1
2959824,57562,1,1,0
785072,57563,1,1,0
3153568,57564,1,0,1
1779880,57565,1,0,1
2046008,57566,1,0,1
5509944,57567,1,0,1
1829816,57568,1,1,0
6668512,57569,1,1,0
2295496,57570,1,0,1
800208,57571,1,0,1
602272,57572,1,1,0
644296,57573,1,0,1
572112,57574,1,1,0
3503096,57575,1,0,1
867096,57576,1,1,0
377144,57577,1,1,0
3113112,57578,1,1,0
1575800,57579,1,0,1
3811224,57580,1,1,0
6529328,57581,1,0,1
4233744,57582,1,1,0
2415352,57583,1,1,0
1410160,57584,1,0,1
2729232,57585,1,0,1
397192,57586,1,0,1
1503024,57587,1,0,1
454568,57588,1,1,0
4599832,57589,1,0,1
302976,57590,1,1,0
321904,57591,1,0,1
1422704,57592,1,1,0
3361568,57593,1,1,0
1227480,57594,1,0,1
1127544,57595,1,0,1
5445264,57596,1,1,0
875584,57597,1,0,1
5734920,57598,1,0,1
403336,57599,1,0,1
1295368,57600,1,1,0
4106792,57601,1,1,0
186120,57602,1,1,0
954864,57603,1,0,1
871632,57604,1,1,0
967936,57605,1,1,0
992864,57606,1,0,1
4220680,57607,1,0,1
1597296,57608,1,0,1
3608472,57609,1,0,1
1748328,57610,1,1,0
6782880,57611,1,0,1
1826480,57612,1,1,0
2624464,57613,1,0,1
2051368,57614,1,1,0
1625912,57615,1,1,0
4345456,57616,1,0,1
5312880,57617,1,1,0
7929784,57618,1,0,1
2642520,57619,1,0,1
7538056,57620,1,0,1
6351792,57621,1,0,1
1681792,57622,1,0,1
1264176,57623,1,0,1
351528,57624,1,1,0
3634920,57625,1,1,0
2801352,57626,1,1,0
1153072,57627,1,1,0
1017296,57628,1,0,1
8223608,57629,1,1,0
2151584,57630,1,0,1
2289336,57631,1,0,1
154000,57632,1,1,0
974832,57633,1,1,0
524992,57634,1,1,0
2308576,57635,1,1,0
2059568,57636,1,0,1
5630024,57637,1,0,1
2253760,57638,1,0,1
1749656,57639,1,1,0
687656,57640,1,0,1
1312056,57641,1,1,0
8341192,57642,1,0,1
4960200,57643,1,1,0
3180496,57644,1,1,0
869704,57645,1,0,1
347552,57646,1,0,1
853744,57647,1,0,1
1813896,57648,1,0,1
1037400,57649,1,0,1
1655920,57650,1,0,1
2048592,57651,1,0,1
328624,57652,1,1,0
183376,57653,1,0,1
2187336,57654,1,1,0
1070136,57655,1,1,0
4123928,57656,1,0,1
1351912,57657,1,0,1
4802448,57658,1,1,0
511504,57659,1,0,1
4094792,57660,1,0,1
1600592,57661,1,0,1
356640,57662,1,1,0
2863080,57663,1,1,0
302784,57664,1,1,0
3618368,57665,1,1,0
2649448,57666,1,0,1
298736,57667,1,0,1
2242832,57668,1,1,0
1491392,57669,1,0,1
5928896,57670,1,1,0
1325064,57671,1,1,0
1160032,57672,1,1,0
7854528,57673,1,0,1
3710952,57674,1,1,0
4923696,57675,1,0,1
444824,57676,1,1,0
2272808,57677,1,1,0
3379784,57678,1,1,0
1833376,57679,1,0,1
1969896,57680,1,1,0
4031152,57681,1,1,0
534784,57682,1,0,1
3104688,57683,1,1,0
1398936,57684,1,1,0
3270944,57685,1,0,1
1318536,57686,1,0,1
297480,57687,1,1,0
1086488,57688,1,1,0
3424592,57689,1,0,1
4537552,57690,1,1,0
361944,57691,1,1,0
7230432,57692,1,1,0
739256,57693,1,0,1
3240600,57694,1,1,0
1852696,57695,1,1,0
1007576,57696,1,0,1
954016,57697,1,0,1
2809384,57698,1,1,0
6838688,57699,1,1,0
4825776,57700,1,1,0
4688968,57701,1,1,0
5524408,57702,1,0,1
3478440,57703,1,0,1
1453080,57704,1,1,0
2540408,57705,1,0,1
5722440,57706,1,1,0
3917816,57707,1,0,1
5156392,57708,1,1,0
1091312,57709,1,0,1
312224,57710,1,1,0
947344,57711,1,1,0
2565480,57712,1,1,0
2090960,57713,1,0,1
1543832,57714,1,1,0
3900352,57715,1,1,0
1908008,57716,1,0,1
6240504,57717,1,1,0
4659088,57718,1,0,1
7457256,57719,1,0,1
463968,57720,1,0,1
5842872,57721,1,0,1
4914424,57722,1,1,0
3939776,57723,1,1,0
1326912,57724,1,0,1
5104960,57725,1,1,0
1294560,57726,1,0,1
5203520,57727,1,1,0
3049280,57728,1,0,1
202064,57729,1,0,1
1212968,57730,1,0,1
338792,57731,1,0,1
2462696,57732,1,1,0
4853552,57733,1,0,1
7266128,57734,1,0,1
329616,57735,1,0,1
6203224,57736,1,0,1
1167608,57737,1,0,1
1682664,57738,1,0,1
802664,57739,1,0,1
4802768,57740,1,0,1
5011984,57741,1,0,1
4705752,57742,1,0,1
8058552,57743,1,1,0
1021272,57744,1,1,0
5438088,57745,1,0,1
3998256,57746,1,0,1
884632,57747,1,1,0
1085816,57748,1,0,1
3623896,57749,1,0,1
2262040,57750,1,0,1
105472,57751,1,1,0
843136,57752,1,1,0
159824,57753,1,1,0
992680,57754,1,1,0
1840600,57755,1,0,1
605704,57756,1,0,1
1763496,57757,1,1,0
4559968,57758,1,0,1
2902416,57759,1,1,0
114304,57760,1,1,0
600992,57761,1,0,1
6272856,57762,1,0,1
3909984,57763,1,0,1
2166504,57764,1,1,0
2440760,57765,1,0,1
2483696,57766,1,1,0
426872,57767,1,0,1
2807232,57768,1,1,0
2533944,57769,1,0,1
605592,57770,1,1,0
4699816,57771,1,1,0
608760,57772,1,1,0
6750896,57773,1,1,0
3568368,57774,1,0,1
1084416,57775,1,1,0
323720,57776,1,1,0
3034152,57777,1,0,1
4949528,57778,1,1,0
1176616,57779,1,1,0
496696,57780,1,0,1
4607072,57781,1,1,0
2627064,57782,1,1,0
1589424,57783,1,1,0
2805376,57784,1,1,0
2153528,57785,1,1,0
1430408,57786,1,1,0
5106752,57787,1,0,1
1125312,57788,1,1,0
694176,57789,1,1,0
1114984,57790,1,0,1
2024752,57791,1,0,1
2891744,57792,1,0,1
6743792,57793,1,0,1
1742136,57794,1,0,1
889344,57795,1,1,0
581608,57796,1,1,0
1457520,57797,1,0,1
5055712,57798,1,1,0
8317184,57799,1,0,1
2530016,57800,1,1,0
563128,57801,1,0,1
359696,57802,1,0,1
2577944,57803,1,0,1
2377224,57804,1,0,1
1948864,57805,1,1,0
6278720,57806,1,0,1
824936,57807,1,1,0
2637720,57808,1,1,0
6026664,57809,1,1,0
6863808,57810,1,1,0
1049288,57811,1,0,1
4330064,57812,1,0,1
7417024,57813,1,1,0
646064,57814,1,1,0
5589504,57815,1,0,1
1076224,57816,1,1,0
5333040,57817,1,0,1
3077472,57818,1,0,1
996040,57819,1,0,1
1929752,57820,1,0,1
537080,57821,1,0,1
1072568,57822,1,1,0
2874480,57823,1,0,1
2599456,57824,1,1,0
2986272,57825,1,1,0
3108536,57826,1,0,1
6395120,57827,1,1,0
259152,57828,1,0,1
7784064,57829,1,0,1
628536,57830,1,0,1
3687880,57831,1,1,0
2394160,57832,1,1,0
923904,57833,1,0,1
8200720,57834,1,1,0
178640,57835,1,1,0
2737272,57836,1,1,0
8231200,57837,1,0,1
484640,57838,1,0,1
2285456,57839,1,0,1
5298448,57840,1,1,0
136056,57841,1,0,1
5288720,57842,1,0,1
1641424,57843,1,1,0
2306112,57844,1,0,1
857304,57845,1,1,0
1324008,57846,1,0,1
1754040,57847,1,1,0
991056,57848,1,0,1
2886792,57849,1,1,0
6596040,57850,1,0,1
6190256,57851,1,1,0
5307896,57852,1,0,1
5410584,57853,1,0,1
185544,57854,1,1,0
283536,57855,1,0,1
6826144,57856,1,1,0
2691856,57857,1,0,1
1422752,57858,1,1,0
873152,57859,1,1,0
2476552,57860,1,0,1
2402304,57861,1,1,0
6013568,57862,1,0,1
1827424,57863,1,0,1
967096,57864,1,1,0
3644080,57865,1,1,0
3989808,57866,1,1,0
957040,57867,1,1,0
6466304,57868,1,0,1
7629512,57869,1,1,0
1099256,57870,1,0,1
2010760,57871,1,1,0
1000616,57872,1,1,0
276352,57873,1,1,0
6749624,57874,1,0,1
3735256,57875,1,1,0
1107520,57876,1,1,0
2360448,57877,1,0,1
6094656,57878,1,0,1
3957136,57879,1,1,0
298640,57880,1,0,1
4577120,57881,1,1,0
360448,57882,1,0,1
868232,57883,1,0,1
1018808,57884,1,0,1
1162080,57885,1,1,0
1234504,57886,1,0,1
2542192,57887,1,1,0
1965336,57888,1,0,1
2989336,57889,1,0,1
287448,57890,1,0,1
1617792,57891,1,1,0
3085264,57892,1,1,0
1071576,57893,1,1,0
8370504,57894,1,0,1
1934112,57895,1,1,0
2691744,57896,1,1,0
1485104,57897,1,0,1
307672,57898,1,0,1
4860432,57899,1,0,1
254776,57900,1,0,1
3133880,57901,1,1,0
1428192,57902,1,0,1
6745656,57903,1,1,0
143440,57904,1,1,0
700128,57905,1,1,0
296528,57906,1,1,0
8327296,57907,1,1,0
189648,57908,1,0,1
1544864,57909,1,0,1
5134376,57910,1,1,0
6653248,57911,1,1,0
2309384,57912,1,1,0
2610128,57913,1,1,0
4051200,57914,1,1,0
1261616,57915,1,0,1
1699832,57916,1,0,1
3471232,57917,1,1,0
1968968,57918,1,1,0
539616,57919,1,1,0
144944,57920,1,0,1
1493144,57921,1,1,0
2327968,57922,1,1,0
5831192,57923,1,1,0
7046688,57924,1,0,1
448928,57925,1,0,1
895064,57926,1,0,1
6994456,57927,1,1,0
4265760,57928,1,1,0
7936928,57929,1,0,1
784680,57930,1,1,0
3550984,57931,1,0,1
610440,57932,1,0,1
1063416,57933,1,1,0
4917608,57934,1,0,1
1373528,57935,1,0,1
2306536,57936,1,1,0
2950696,57937,1,0,1
6111376,57938,1,0,1
6277544,57939,1,1,0
1437760,57940,1,0,1
4212904,57941,1,1,0
3556520,57942,1,1,0
302392,57943,1,0,1
834456,57944,1,1,0
7608504,57945,1,1,0
2585760,57946,1,0,1
1479008,57947,1,0,1
310136,57948,1,1,0
359048,57949,1,0,1
1610464,57950,1,0,1
2058976,57951,1,0,1
6682480,57952,1,0,1
7324936,57953,1,0,1
4566832,57954,1,1,0
544952,57955,1,0,1
2582248,57956,1,1,0
2608104,57957,1,1,0
6477720,57958,1,0,1
374512,57959,1,1,0
1084352,57960,1,1,0
374392,57961,1,0,1
5028704,57962,1,1,0
2898272,57963,1,0,1
303296,57964,1,0,1
2474200,57965,1,1,0
383680,57966,1,0,1
8076488,57967,1,1,0
4879904,57968,1,1,0
7489760,57969,1,0,1
3013864,57970,1,1,0
4187256,57971,1,1,0
1188664,57972,1,1,0
2146448,57973,1,1,0
861408,57974,1,0,1
3184936,57975,1,1,0
1420736,57976,1,0,1
2961016,57977,1,1,0
3394424,57978,1,0,1
7090152,57979,1,0,1
3828864,57980,1,0,1
4157576,57981,1,0,1
3198376,57982,1,0,1
665520,57983,1,1,0
353232,57984,1,0,1
1456656,57985,1,1,0
6008728,57986,1,1,0
3922728,57987,1,0,1
876880,57988,1,0,1
3738488,57989,1,0,1
6229392,57990,1,1,0
2441016,57991,1,1,0
6868592,57992,1,1,0
845680,57993,1,1,0
1983592,57994,1,1,0
1922168,57995,1,1,0
1781064,57996,1,0,1
6983376,57997,1,0,1
189208,57998,1,0,1
593120,57999,1,0,1
7018048,58000,1,1,0
5087064,58001,1,0,1
6272480,58002,1,1,0
661504,58003,1,0,1
7115464,58004,1,1,0
5526448,58005,1,1,0
1377392,58006,1,0,1
1445224,58007,1,1,0
2809872,58008,1,0,1
1849376,58009,1,1,0
1847072,58010,1,0,1
3181512,58011,1,0,1
6347640,58012,1,1,0
6912672,58013,1,0,1
2777984,58014,1,0,1
5075688,58015,1,0,1
2123536,58016,1,0,1
1113392,58017,1,1,0
2095048,58018,1,0,1
7665512,58019,1,0,1
3113384,58020,1,1,0
8251712,58021,1,1,0
537496,58022,1,0,1
1014560,58023,1,0,1
2843712,58024,1,1,0
7951408,58025,1,0,1
1427512,58026,1,1,0
8232824,58027,1,1,0
7239184,58028,1,0,1
999152,58029,1,0,1
3093560,58030,1,0,1
597040,58031,1,1,0
3496056,58032,1,1,0
203976,58033,1,0,1
5371368,58034,1,1,0
1211672,58035,1,0,1
389304,58036,1,1,0
4251376,58037,1,0,1
2703232,58038,1,0,1
4240120,58039,1,0,1
313184,58040,1,1,0
3045360,58041,1,0,1
2427280,58042,1,1,0
7255160,58043,1,0,1
2271968,58044,1,0,1
7157664,58045,1,0,1
7582168,58046,1,0,1
5048448,58047,1,1,0
707536,58048,1,0,1
2537600,58049,1,1,0
1458000,58050,1,1,0
4645344,58051,1,1,0
1005368,58052,1,1,0
618448,58053,1,0,1
5772088,58054,1,0,1
517744,58055,1,0,1
4094968,58056,1,1,0
3583080,58057,1,0,1
7374440,58058,1,0,1
7762360,58059,1,1,0
6675424,58060,1,0,1
1037248,58061,1,0,1
1550280,58062,1,1,0
7931904,58063,1,0,1
2021688,58064,1,0,1
2671928,58065,1,0,1
2238160,58066,1,1,0
3674952,58067,1,1,0
5075344,58068,1,1,0
4049040,58069,1,0,1
1550904,58070,1,1,0
561480,58071,1,0,1
6331400,58072,1,1,0
317680,58073,1,0,1
3311904,58074,1,0,1
6255224,58075,1,0,1
7203448,58076,1,0,1
453536,58077,1,1,0
917768,58078,1,0,1
4181936,58079,1,1,0
6991448,58080,1,1,0
3315968,58081,1,1,0
818544,58082,1,1,0
1216912,58083,1,0,1
3341344,58084,1,0,1
5881312,58085,1,0,1
549960,58086,1,1,0
974920,58087,1,1,0
4606528,58088,1,1,0
1057720,58089,1,1,0
2087776,58090,1,1,0
886768,58091,1,0,1
3608048,58092,1,0,1
4569496,58093,1,0,1
300400,58094,1,1,0
3710960,58095,1,0,1
475448,58096,1,1,0
4938616,58097,1,1,0
390760,58098,1,1,0
533616,58099,1,0,1
1853128,58100,1,1,0
1040040,58101,1,0,1
1235528,58102,1,1,0
8234336,58103,1,0,1
1403920,58104,1,0,1
760864,58105,1,1,0
5996064,58106,1,0,1
1439264,58107,1,1,0
4522680,58108,1,1,0
1129672,58109,1,0,1
7350016,58110,1,0,1
4878248,58111,1,0,1
4782088,58112,1,0,1
949384,58113,1,1,0
3862840,58114,1,1,0
142576,58115,1,0,1
4866256,58116,1,1,0
524576,58117,1,0,1
2495056,58118,1,0,1
417504,58119,1,1,0
620512,58120,1,0,1
648640,58121,1,1,0
774952,58122,1,0,1
3161168,58123,1,0,1
824008,58124,1,0,1
2452016,58125,1,0,1
603664,58126,1,1,0
973584,58127,1,0,1
2121000,58128,1,0,1
234752,58129,1,1,0
5052488,58130,1,0,1
5484256,58131,1,1,0
2718568,58132,1,1,0
3474336,58133,1,1,0
8016896,58134,1,1,0
1104200,58135,1,0,1
2479968,58136,1,0,1
6928384,58137,1,0,1
3749912,58138,1,1,0
2136864,58139,1,1,0
8268624,58140,1,0,1
350856,58141,1,0,1
431440,58142,1,1,0
5772896,58143,1,0,1
4567656,58144,1,1,0
1091232,58145,1,0,1
1213192,58146,1,1,0
481296,58147,1,0,1
40504,58148,1,0,1
6628232,58149,1,0,1
116896,58150,1,0,1
5064256,58151,1,0,1
4470152,58152,1,0,1
148320,58153,1,0,1
1814440,58154,1,0,1
3551936,58155,1,1,0
204984,58156,1,0,1
1259368,58157,1,1,0
193088,58158,1,0,1
2104736,58159,1,1,0
773760,58160,1,1,0
3582776,58161,1,1,0
2042632,58162,1,1,0
2977376,58163,1,1,0
4376160,58164,1,0,1
1501288,58165,1,0,1
2620320,58166,1,0,1
167352,58167,1,0,1
997032,58168,1,0,1
4871088,58169,1,1,0
3328776,58170,1,1,0
1187472,58171,1,0,1
497816,58172,1,0,1
2954128,58173,1,1,0
5848624,58174,1,0,1
471792,58175,1,0,1
2131424,58176,1,1,0
3272096,58177,1,0,1
599040,58178,1,0,1
1598944,58179,1,1,0
2767744,58180,1,0,1
6185296,58181,1,1,0
7274712,58182,1,0,1
611288,58183,1,0,1
545912,58184,1,0,1
4437744,58185,1,0,1
8178496,58186,1,0,1
1743136,58187,1,0,1
1914624,58188,1,0,1
891056,58189,1,0,1
1529120,58190,1,1,0
493808,58191,1,1,0
1993272,58192,1,0,1
4006488,58193,1,1,0
1223312,58194,1,1,0
7225872,58195,1,0,1
5892248,58196,1,0,1
906816,58197,1,0,1
1128736,58198,1,1,0
326312,58199,1,0,1
670272,58200,1,0,1
1766800,58201,1,1,0
2420384,58202,1,1,0
1089136,58203,1,1,0
4347584,58204,1,0,1
1831056,58205,1,1,0
2385552,58206,1,0,1
486368,58207,1,1,0
2816192,58208,1,0,1
2090832,58209,1,1,0
139344,58210,1,0,1
5918952,58211,1,1,0
7070424,58212,1,0,1
6838048,58213,1,0,1
4501312,58214,1,1,0
5140928,58215,1,0,1
7504232,58216,1,0,1
763432,58217,1,0,1
1538112,58218,1,0,1
2221392,58219,1,1,0
1923064,58220,1,1,0
347792,58221,1,1,0
820216,58222,1,1,0
467392,58223,1,0,1
3343944,58224,1,0,1
1520064,58225,1,1,0
2910488,58226,1,0,1
1671600,58227,1,1,0
1286024,58228,1,0,1
3205776,58229,1,1,0
3533312,58230,1,1,0
1559640,58231,1,0,1
881816,58232,1,1,0
1119688,58233,1,0,1
2725568,58234,1,1,0
7320544,58235,1,0,1
4480392,58236,1,1,0
1622984,58237,1,1,0
2925928,58238,1,1,0
2859272,58239,1,1,0
3913192,58240,1,0,1
5364976,58241,1,1,0
1766368,58242,1,1,0
4303752,58243,1,1,0
472040,58244,1,1,0
2745528,58245,1,0,1
7417576,58246,1,0,1
3045688,58247,1,0,1
2536016,58248,1,0,1
170936,58249,1,1,0
810600,58250,1,0,1
493728,58251,1,0,1
1348704,58252,1,0,1
3193280,58253,1,1,0
1971936,58254,1,0,1
803616,58255,1,0,1
418152,58256,1,0,1
924400,58257,1,0,1
3303888,58258,1,1,0
3255112,58259,1,0,1
631000,58260,1,1,0
8082024,58261,1,1,0
2384544,58262,1,1,0
1805056,58263,1,0,1
5226728,58264,1,0,1
1469104,58265,1,1,0
613672,58266,1,0,1
1287352,58267,1,1,0
977224,58268,1,0,1
2090976,58269,1,1,0
6404776,58270,1,1,0
3180824,58271,1,1,0
7114096,58272,1,1,0
7370600,58273,1,1,0
3917896,58274,1,0,1
1617568,58275,1,1,0
4893936,58276,1,0,1
1791592,58277,1,0,1
3101512,58278,1,0,1
1384888,58279,1,1,0
6424256,58280,1,1,0
1892072,58281,1,0,1
686608,58282,1,0,1
415216,58283,1,1,0
229968,58284,1,0,1
6834768,58285,1,0,1
521560,58286,1,1,0
3859504,58287,1,0,1
352104,58288,1,1,0
6679760,58289,1,1,0
7276688,58290,1,0,1
1064144,58291,1,1,0
5127520,58292,1,0,1
855264,58293,1,0,1
3166016,58294,1,1,0
3250832,58295,1,1,0
7210672,58296,1,0,1
4723880,58297,1,0,1
2448856,58298,1,0,1
2428168,58299,1,0,1
467600,58300,1,1,0
506136,58301,1,0,1
1326360,58302,1,0,1
6246152,58303,1,0,1
2546048,58304,1,1,0
4210976,58305,1,1,0
3201640,58306,1,0,1
5535520,58307,1,1,0
521616,58308,1,0,1
5140104,58309,1,1,0
1978096,58310,1,0,1
644216,58311,1,0,1
1203272,58312,1,1,0
1915536,58313,1,1,0
1117616,58314,1,1,0
1708056,58315,1,0,1
349200,58316,1,0,1
1876024,58317,1,0,1
4632608,58318,1,0,1
3201792,58319,1,0,1
717440,58320,1,0,1
7029864,58321,1,0,1
2347688,58322,1,1,0
5820808,58323,1,0,1
2510968,58324,1,0,1
1970848,58325,1,1,0
363960,58326,1,0,1
2033616,58327,1,1,0
2971200,58328,1,0,1
4665840,58329,1,1,0
2362896,58330,1,0,1
806920,58331,1,1,0
5402440,58332,1,0,1
1124704,58333,1,1,0
6830200,58334,1,1,0
281136,58335,1,0,1
2435784,58336,1,1,0
1169680,58337,1,1,0
7893912,58338,1,0,1
1453176,58339,1,1,0
329792,58340,1,1,0
7990728,58341,1,1,0
1411896,58342,1,1,0
3951888,58343,1,0,1
986512,58344,1,1,0
2045856,58345,1,0,1
755976,58346,1,0,1
471560,58347,1,0,1
1815992,58348,1,1,0
835240,58349,1,0,1
2253136,58350,1,0,1
1079416,58351,1,1,0
7322080,58352,1,0,1
499840,58353,1,1,0
4358456,58354,1,1,0
6105080,58355,1,0,1
3234736,58356,1,1,0
1799960,58357,1,0,1
941216,58358,1,0,1
2530712,58359,1,0,1
4330208,58360,1,0,1
6564752,58361,1,0,1
925976,58362,1,0,1
5692472,58363,1,1,0
6543816,58364,1,1,0
1680688,58365,1,0,1
8074824,58366,1,0,1
696512,58367,1,0,1
2555544,58368,1,0,1
3093632,58369,1,0,1
2550000,58370,1,1,0
3110672,58371,1,1,0
4307792,58372,1,0,1
7862368,58373,1,1,0
7356448,58374,1,1,0
3596800,58375,1,0,1
1048712,58376,1,0,1
4212712,58377,1,0,1
6864304,58378,1,0,1
153824,58379,1,0,1
3029328,58380,1,1,0
3723592,58381,1,1,0
1076296,58382,1,0,1
1087864,58383,1,0,1
1547072,58384,1,1,0
1568776,58385,1,1,0
239568,58386,1,0,1
5228928,58387,1,1,0
4010896,58388,1,1,0
1247928,58389,1,1,0
1755904,58390,1,0,1
1338736,58391,1,0,1
4852536,58392,1,0,1
1615520,58393,1,1,0
5028472,58394,1,1,0
7338856,58395,1,1,0
506104,58396,1,0,1
5227624,58397,1,1,0
1762736,58398,1,1,0
3608464,58399,1,1,0
296248,58400,1,1,0
3769920,58401,1,0,1
3161832,58402,1,0,1
1521656,58403,1,0,1
3184888,58404,1,0,1
328608,58405,1,0,1
4124040,58406,1,0,1
5100488,58407,1,1,0
4411752,58408,1,1,0
1497936,58409,1,0,1
4502104,58410,1,1,0
6371256,58411,1,1,0
1572096,58412,1,0,1
5444720,58413,1,1,0
7437888,58414,1,1,0
2134112,58415,1,1,0
3803736,58416,1,1,0
6461440,58417,1,0,1
2325808,58418,1,1,0
1967928,58419,1,1,0
908896,58420,1,0,1
4096608,58421,1,1,0
8166896,58422,1,1,0
225936,58423,1,0,1
3104480,58424,1,0,1
166704,58425,1,0,1
7282720,58426,1,1,0
3610336,58427,1,0,1
7202200,58428,1,1,0
1439688,58429,1,0,1
368576,58430,1,0,1
1562184,58431,1,1,0
7098896,58432,1,0,1
7094512,58433,1,0,1
4836104,58434,1,0,1
4480568,58435,1,1,0
6520720,58436,1,0,1
1946208,58437,1,0,1
2567184,58438,1,0,1
1202296,58439,1,1,0
458320,58440,1,1,0
544544,58441,1,1,0
737560,58442,1,0,1
351456,58443,1,1,0
968568,58444,1,1,0
8011840,58445,1,0,1
2266384,58446,1,1,0
635736,58447,1,1,0
1461016,58448,1,1,0
5152096,58449,1,0,1
1143768,58450,1,1,0
3508192,58451,1,0,1
6656312,58452,1,1,0
2556800,58453,1,0,1
1918184,58454,1,0,1
3183064,58455,1,0,1
2323112,58456,1,0,1
4332888,58457,1,0,1
6591208,58458,1,0,1
3663680,58459,1,1,0
515888,58460,1,1,0
553496,58461,1,1,0
7132008,58462,1,1,0
2975512,58463,1,1,0
5775608,58464,1,1,0
299176,58465,1,1,0
1596464,58466,1,1,0
1533176,58467,1,0,1
386704,58468,1,0,1
1897584,58469,1,0,1
6313624,58470,1,1,0
5355808,58471,1,1,0
1429208,58472,1,0,1
1494400,58473,1,0,1
2932008,58474,1,0,1
656264,58475,1,0,1
519832,58476,1,1,0
3340224,58477,1,1,0
1451136,58478,1,0,1
4802416,58479,1,0,1
3068768,58480,1,1,0
7030840,58481,1,0,1
1920552,58482,1,0,1
2264712,58483,1,1,0
5320984,58484,1,1,0
3226576,58485,1,0,1
1502544,58486,1,1,0
206792,58487,1,0,1
590560,58488,1,0,1
2713448,58489,1,0,1
2810328,58490,1,1,0
210968,58491,1,1,0
4788232,58492,1,1,0
1680384,58493,1,1,0
4984016,58494,1,0,1
3170312,58495,1,1,0
748736,58496,1,1,0
5285184,58497,1,0,1
2878856,58498,1,0,1
2135984,58499,1,1,0
6273728,58500,1,0,1
6944240,58501,1,1,0
272328,58502,1,0,1
1250112,58503,1,0,1
6471744,58504,1,0,1
1212752,58505,1,1,0
7798080,58506,1,1,0
383048,58507,1,1,0
7487992,58508,1,1,0
6556416,58509,1,0,1
1209560,58510,1,1,0
4694688,58511,1,1,0
3429344,58512,1,1,0
168624,58513,1,0,1
822520,58514,1,0,1
3106880,58515,1,0,1
7113704,58516,1,0,1
619048,58517,1,0,1
1951480,58518,1,0,1
3220048,58519,1,0,1
3630272,58520,1,0,1
3033648,58521,1,1,0
348808,58522,1,1,0
1699408,58523,1,1,0
899976,58524,1,1,0
1015416,58525,1,1,0
1383304,58526,1,1,0
4922608,58527,1,0,1
609600,58528,1,0,1
1174320,58529,1,0,1
959736,58530,1,1,0
664928,58531,1,0,1
2227808,58532,1,1,0
4838816,58533,1,1,0
5357136,58534,1,0,1
901776,58535,1,1,0
1574832,58536,1,0,1
1313256,58537,1,0,1
5028544,58538,1,1,0
883616,58539,1,0,1
1094648,58540,1,1,0
711504,58541,1,0,1
3511504,58542,1,1,0
5995856,58543,1,1,0
420256,58544,1,1,0
3749552,58545,1,1,0
610984,58546,1,0,1
463800,58547,1,0,1
672656,58548,1,0,1
1022896,58549,1,1,0
1167520,58550,1,0,1
1345976,58551,1,0,1
247504,58552,1,1,0
4544144,58553,1,1,0
5028800,58554,1,1,0
7570304,58555,1,1,0
2128344,58556,1,0,1
239032,58557,1,0,1
599640,58558,1,0,1
2890352,58559,1,0,1
5016024,58560,1,0,1
3700936,58561,1,1,0
2047912,58562,1,0,1
2868968,58563,1,1,0
2592960,58564,1,1,0
2163880,58565,1,0,1
4509792,58566,1,1,0
2546920,58567,1,1,0
4418256,58568,1,0,1
844912,58569,1,0,1
7923936,58570,1,1,0
619320,58571,1,0,1
2082512,58572,1,1,0
7666456,58573,1,1,0
888040,58574,1,1,0
7988864,58575,1,1,0
1654560,58576,1,1,0
1572256,58577,1,1,0
3659536,58578,1,1,0
2669840,58579,1,0,1
1707200,58580,1,0,1
693336,58581,1,0,1
699856,58582,1,1,0
7465424,58583,1,0,1
1514472,58584,1,0,1
4213408,58585,1,0,1
8186992,58586,1,1,0
1698936,58587,1,1,0
7347816,58588,1,1,0
583584,58589,1,1,0
4126624,58590,1,0,1
232736,58591,1,0,1
5240760,58592,1,0,1
1883000,58593,1,0,1
1671584,58594,1,0,1
6717600,58595,1,0,1
1722968,58596,1,1,0
4448016,58597,1,0,1
3447504,58598,1,1,0
3787256,58599,1,1,0
7791232,58600,1,0,1
260432,58601,1,0,1
2903832,58602,1,0,1
3644168,58603,1,1,0
147928,58604,1,0,1
997976,58605,1,0,1
7278904,58606,1,1,0
3648312,58607,1,1,0
2366344,58608,1,1,0
593192,58609,1,1,0
2993720,58610,1,1,0
967280,58611,1,1,0
2450160,58612,1,1,0
5149528,58613,1,1,0
219392,58614,1,1,0
2237728,58615,1,0,1
497640,58616,1,1,0
4910672,58617,1,0,1
2645256,58618,1,0,1
6705680,58619,1,1,0
5669816,58620,1,0,1
5560640,58621,1,1,0
1464136,58622,1,0,1
504592,58623,1,1,0
1901848,58624,1,1,0
2242016,58625,1,1,0
5048304,58626,1,1,0
6682096,58627,1,0,1
6491384,58628,1,0,1
4612456,58629,1,0,1
1298808,58630,1,0,1
4187392,58631,1,1,0
649184,58632,1,1,0
3887688,58633,1,1,0
573008,58634,1,1,0
833624,58635,1,1,0
3146056,58636,1,1,0
353968,58637,1,1,0
3513192,58638,1,1,0
691328,58639,1,1,0
7602808,58640,1,0,1
2087520,58641,1,0,1
1100856,58642,1,0,1
4705400,58643,1,0,1
7284152,58644,1,0,1
2522056,58645,1,0,1
2643464,58646,1,1,0
901864,58647,1,1,0
1406376,58648,1,1,0
6912312,58649,1,0,1
4976600,58650,1,0,1
1320088,58651,1,1,0
6975672,58652,1,0,1
958176,58653,1,0,1
5075384,58654,1,1,0
7307648,58655,1,0,1
4338808,58656,1,1,0
100912,58657,1,0,1
1384800,58658,1,0,1
3173064,58659,1,1,0
7773712,58660,1,1,0
6143080,58661,1,0,1
650576,58662,1,1,0
1395880,58663,1,1,0
2093624,58664,1,1,0
2176040,58665,1,1,0
2620376,58666,1,0,1
6782136,58667,1,0,1
2929184,58668,1,0,1
3573728,58669,1,1,0
547744,58670,1,1,0
4525776,58671,1,0,1
4667824,58672,1,0,1
229952,58673,1,1,0
202040,58674,1,0,1
1099488,58675,1,1,0
2448592,58676,1,0,1
856608,58677,1,0,1
6166912,58678,1,1,0
1656440,58679,1,0,1
5024976,58680,1,0,1
1487688,58681,1,1,0
8057152,58682,1,0,1
7233616,58683,1,1,0
811560,58684,1,1,0
3415136,58685,1,0,1
4122368,58686,1,1,0
8232976,58687,1,1,0
2475040,58688,1,1,0
543880,58689,1,1,0
294032,58690,1,1,0
2463544,58691,1,1,0
2481840,58692,1,1,0
2470256,58693,1,1,0
7953304,58694,1,0,1
6254152,58695,1,1,0
6369096,58696,1,1,0
235440,58697,1,1,0
631912,58698,1,1,0
1105848,58699,1,1,0
2060040,58700,1,1,0
462368,58701,1,1,0
2217032,58702,1,0,1
3439856,58703,1,1,0
957832,58704,1,1,0
4851256,58705,1,1,0
4767656,58706,1,0,1
7604720,58707,1,0,1
5702736,58708,1,1,0
1258904,58709,1,0,1
173016,58710,1,1,0
7761200,58711,1,1,0
5579760,58712,1,1,0
2206872,58713,1,0,1
6489640,58714,1,0,1
6976928,58715,1,0,1
1322608,58716,1,0,1
179840,58717,1,1,0
3879064,58718,1,0,1
2680096,58719,1,1,0
246880,58720,1,0,1
1650256,58721,1,0,1
534248,58722,1,1,0
5771760,58723,1,0,1
1702648,58724,1,0,1
1198824,58725,1,0,1
1113432,58726,1,0,1
4906376,58727,1,0,1
1327344,58728,1,1,0
4274400,58729,1,0,1
6670040,58730,1,1,0
788128,58731,1,1,0
670112,58732,1,0,1
150624,58733,1,0,1
805856,58734,1,1,0
1406728,58735,1,1,0
2925616,58736,1,1,0
5501224,58737,1,1,0
399216,58738,1,0,1
264920,58739,1,1,0
1528664,58740,1,0,1
2001648,58741,1,1,0
2817152,58742,1,1,0
357680,58743,1,1,0
354264,58744,1,0,1
4907152,58745,1,1,0
1944592,58746,1,0,1
2548240,58747,1,0,1
3488544,58748,1,1,0
436832,58749,1,1,0
6271160,58750,1,1,0
2804184,58751,1,0,1
2709472,58752,1,0,1
5929104,58753,1,0,1
128688,58754,1,1,0
612216,58755,1,0,1
7759072,58756,1,1,0
5176224,58757,1,1,0
5471760,58758,1,0,1
492504,58759,1,1,0
3869352,58760,1,0,1
1864360,58761,1,0,1
1951736,58762,1,0,1
4571800,58763,1,0,1
1735184,58764,1,1,0
518992,58765,1,0,1
1583136,58766,1,0,1
6995944,58767,1,1,0
3825552,58768,1,0,1
525968,58769,1,1,0
4576776,58770,1,0,1
200392,58771,1,1,0
2101192,58772,1,0,1
209448,58773,1,0,1
1118816,58774,1,0,1
3665352,58775,1,0,1
7940320,58776,1,0,1
7889424,58777,1,1,0
2553144,58778,1,0,1
1206248,58779,1,0,1
993208,58780,1,1,0
7571808,58781,1,1,0
316240,58782,1,1,0
370800,58783,1,1,0
782696,58784,1,1,0
710632,58785,1,0,1
2335088,58786,1,1,0
1926192,58787,1,0,1
1544608,58788,1,0,1
4842368,58789,1,1,0
281336,58790,1,0,1
7169848,58791,1,0,1
4874256,58792,1,0,1
2792856,58793,1,0,1
6004800,58794,1,0,1
69368,58795,1,0,1
805792,58796,1,1,0
934488,58797,1,0,1
2524320,58798,1,1,0
319864,58799,1,0,1
1957248,58800,1,1,0
3867544,58801,1,1,0
1463552,58802,1,1,0
125728,58803,1,0,1
787576,58804,1,0,1
2333336,58805,1,0,1
6004032,58806,1,0,1
8027584,58807,1,1,0
2864272,58808,1,1,0
599832,58809,1,1,0
3893704,58810,1,1,0
932800,58811,1,0,1
2269168,58812,1,0,1
892296,58813,1,1,0
7028352,58814,1,0,1
4922232,58815,1,0,1
247176,58816,1,1,0
5440408,58817,1,0,1
5953520,58818,1,0,1
6423832,58819,1,0,1
1132016,58820,1,1,0
2735152,58821,1,1,0
6392408,58822,1,1,0
704752,58823,1,0,1
6434264,58824,1,1,0
3916664,58825,1,1,0
668048,58826,1,0,1
977072,58827,1,1,0
6014752,58828,1,1,0
3891720,58829,1,1,0
2113328,58830,1,0,1
1241584,58831,1,0,1
1506072,58832,1,1,0
316400,58833,1,0,1
2838680,58834,1,1,0
6735776,58835,1,1,0
868216,58836,1,0,1
1207592,58837,1,0,1
8136816,58838,1,1,0
4449400,58839,1,0,1
296552,58840,1,1,0
742384,58841,1,0,1
885600,58842,1,0,1
2021080,58843,1,1,0
8312944,58844,1,1,0
1211912,58845,1,0,1
5705216,58846,1,0,1
8258464,58847,1,1,0
1356616,58848,1,0,1
2081032,58849,1,0,1
312656,58850,1,0,1
494000,58851,1,0,1
3827160,58852,1,1,0
2590008,58853,1,1,0
285480,58854,1,0,1
2449664,58855,1,0,1
143072,58856,1,1,0
6749040,58857,1,0,1
262944,58858,1,1,0
2953968,58859,1,0,1
1987432,58860,1,0,1
152032,58861,1,1,0
540320,58862,1,1,0
3156808,58863,1,1,0
4529160,58864,1,0,1
2212800,58865,1,0,1
4832024,58866,1,0,1
5477776,58867,1,1,0
5085352,58868,1,1,0
152120,58869,1,1,0
751928,58870,1,0,1
4386864,58871,1,1,0
769232,58872,1,1,0
510272,58873,1,0,1
1515144,58874,1,0,1
5584576,58875,1,0,1
5971544,58876,1,0,1
1197400,58877,1,0,1
3036240,58878,1,0,1
8196672,58879,1,1,0
4037544,58880,1,0,1
5430560,58881,1,1,0
1388416,58882,1,0,1
522408,58883,1,0,1
935032,58884,1,1,0
2075800,58885,1,0,1
2656672,58886,1,0,1
557664,58887,1,0,1
606712,58888,1,0,1
2152976,58889,1,0,1
1770928,58890,1,1,0
237248,58891,1,0,1
5829920,58892,1,0,1
4697824,58893,1,1,0
2997000,58894,1,0,1
7803968,58895,1,1,0
241848,58896,1,0,1
8370616,58897,1,1,0
3616656,58898,1,1,0
366152,58899,1,1,0
2646984,58900,1,0,1
755376,58901,1,0,1
394560,58902,1,1,0
4655672,58903,1,0,1
7499928,58904,1,1,0
5181496,58905,1,0,1
289864,58906,1,0,1
6547216,58907,1,1,0
1938608,58908,1,0,1
1172752,58909,1,0,1
1734808,58910,1,0,1
607232,58911,1,0,1
1234856,58912,1,1,0
208648,58913,1,0,1
5768616,58914,1,1,0
2547360,58915,1,0,1
5299464,58916,1,0,1
1285216,58917,1,1,0
846664,58918,1,1,0
5211920,58919,1,1,0
6512216,58920,1,0,1
478160,58921,1,1,0
578408,58922,1,0,1
1152552,58923,1,0,1
285416,58924,1,1,0
6244152,58925,1,1,0
4201304,58926,1,0,1
2733528,58927,1,0,1
1046192,58928,1,0,1
3593120,58929,1,0,1
64480,58930,1,0,1
4390840,58931,1,0,1
4784648,58932,1,0,1
556160,58933,1,0,1
1200808,58934,1,1,0
2050920,58935,1,0,1
2063704,58936,1,1,0
5753272,58937,1,0,1
1677104,58938,1,0,1
1026472,58939,1,0,1
1443888,58940,1,0,1
4353184,58941,1,0,1
3757704,58942,1,1,0
647496,58943,1,1,0
216784,58944,1,0,1
2223704,58945,1,0,1
1597016,58946,1,1,0
1543992,58947,1,1,0
858872,58948,1,1,0
114032,58949,1,0,1
628944,58950,1,1,0
192928,58951,1,0,1
593984,58952,1,0,1
2268336,58953,1,1,0
8350880,58954,1,1,0
4119336,58955,1,0,1
3949232,58956,1,0,1
4273472,58957,1,0,1
2214840,58958,1,0,1
2781120,58959,1,0,1
5182424,58960,1,0,1
905200,58961,1,1,0
3657056,58962,1,1,0
559352,58963,1,0,1
5703920,58964,1,0,1
193480,58965,1,0,1
5317416,58966,1,0,1
4515936,58967,1,0,1
3773832,58968,1,0,1
1058504,58969,1,1,0
207616,58970,1,1,0
5026264,58971,1,1,0
5270384,58972,1,1,0
3020464,58973,1,0,1
1169056,58974,1,1,0
5905232,58975,1,1,0
1776072,58976,1,0,1
831968,58977,1,0,1
2616224,58978,1,0,1
474704,58979,1,0,1
545240,58980,1,0,1
3629248,58981,1,0,1
1068760,58982,1,1,0
664376,58983,1,0,1
1400248,58984,1,0,1
820000,58985,1,0,1
1036944,58986,1,0,1
2318424,58987,1,0,1
962184,58988,1,1,0
740424,58989,1,1,0
6645392,58990,1,0,1
6422952,58991,1,1,0
1123168,58992,1,1,0
623616,58993,1,0,1
1449832,58994,1,1,0
1703296,58995,1,0,1
6023824,58996,1,0,1
2224288,58997,1,1,0
2418216,58998,1,0,1
478240,58999,1,1,0
3166304,59000,1,0,1
3908512,59001,1,0,1
1570728,59002,1,1,0
3761048,59003,1,1,0
6326704,59004,1,1,0
7559712,59005,1,0,1
1483144,59006,1,1,0
337488,59007,1,0,1
499072,59008,1,0,1
7722288,59009,1,1,0
422008,59010,1,1,0
2458520,59011,1,0,1
3070376,59012,1,0,1
7533136,59013,1,0,1
7262936,59014,1,0,1
4677472,59015,1,1,0
929824,59016,1,0,1
1742488,59017,1,1,0
681440,59018,1,1,0
4421808,59019,1,0,1
289424,59020,1,0,1
3167504,59021,1,1,0
6966952,59022,1,0,1
892864,59023,1,1,0
696736,59024,1,1,0
5495992,59025,1,1,0
7154616,59026,1,0,1
1512904,59027,1,0,1
1521440,59028,1,1,0
7654464,59029,1,0,1
905216,59030,1,1,0
3229416,59031,1,1,0
4466432,59032,1,1,0
2730440,59033,1,1,0
626680,59034,1,0,1
2248856,59035,1,0,1
793664,59036,1,0,1
4863120,59037,1,1,0
931056,59038,1,0,1
6297928,59039,1,1,0
1019128,59040,1,0,1
2404600,59041,1,0,1
1342528,59042,1,0,1
271672,59043,1,0,1
548744,59044,1,0,1
2571304,59045,1,0,1
1127424,59046,1,0,1
4103712,59047,1,1,0
7521256,59048,1,1,0
8069576,59049,1,1,0
414344,59050,1,1,0
7832304,59051,1,0,1
2267088,59052,1,0,1
3832048,59053,1,0,1
3071632,59054,1,0,1
307528,59055,1,0,1
6912704,59056,1,0,1
2226120,59057,1,1,0
2354448,59058,1,0,1
1617744,59059,1,0,1
6096784,59060,1,0,1
2272856,59061,1,0,1
368088,59062,1,0,1
547040,59063,1,1,0
3980616,59064,1,0,1
2563560,59065,1,0,1
172904,59066,1,1,0
904288,59067,1,1,0
2959672,59068,1,1,0
3898816,59069,1,0,1
6434640,59070,1,1,0
7296608,59071,1,0,1
814680,59072,1,0,1
6900232,59073,1,1,0
576456,59074,1,1,0
1611592,59075,1,1,0
3735736,59076,1,0,1
976440,59077,1,0,1
1802184,59078,1,0,1
6266864,59079,1,0,1
1909896,59080,1,0,1
4330664,59081,1,1,0
1015184,59082,1,1,0
5396104,59083,1,0,1
1368416,59084,1,1,0
573864,59085,1,0,1
6772824,59086,1,1,0
5141936,59087,1,1,0
809608,59088,1,1,0
681664,59089,1,0,1
2299112,59090,1,0,1
152248,59091,1,0,1
574416,59092,1,1,0
5765064,59093,1,0,1
796184,59094,1,0,1
1866008,59095,1,0,1
2159600,59096,1,0,1
5851128,59097,1,1,0
514264,59098,1,0,1
396376,59099,1,1,0
7014736,59100,1,1,0
877608,59101,1,0,1
549272,59102,1,0,1
426496,59103,1,1,0
291032,59104,1,1,0
7868784,59105,1,0,1
1317336,59106,1,0,1
549000,59107,1,0,1
8308440,59108,1,1,0
1916896,59109,1,0,1
7298528,59110,1,0,1
589224,59111,1,1,0
1466784,59112,1,1,0
5414232,59113,1,1,0
2249472,59114,1,1,0
5006888,59115,1,0,1
989744,59116,1,1,0
2388000,59117,1,0,1
4683640,59118,1,1,0
1066168,59119,1,1,0
1476656,59120,1,1,0
1293896,59121,1,1,0
2006952,59122,1,0,1
425800,59123,1,0,1
406040,59124,1,0,1
8154624,59125,1,0,1
6989216,59126,1,1,0
3259208,59127,1,0,1
2376416,59128,1,0,1
8297224,59129,1,0,1
2536832,59130,1,0,1
2803488,59131,1,0,1
612128,59132,1,0,1
391360,59133,1,1,0
690480,59134,1,0,1
5442048,59135,1,0,1
461592,59136,1,1,0
1970544,59137,1,1,0
5153560,59138,1,1,0
2103928,59139,1,0,1
3914136,59140,1,0,1
4295552,59141,1,1,0
277776,59142,1,0,1
3837320,59143,1,0,1
2162096,59144,1,1,0
3770816,59145,1,1,0
7593472,59146,1,1,0
430352,59147,1,0,1
741944,59148,1,1,0
553216,59149,1,0,1
2289936,59150,1,0,1
5886296,59151,1,1,0
3339768,59152,1,1,0
1988112,59153,1,1,0
3760712,59154,1,0,1
6561528,59155,1,1,0
388040,59156,1,1,0
862744,59157,1,0,1
799752,59158,1,0,1
533656,59159,1,1,0
1750632,59160,1,0,1
1113320,59161,1,1,0
1453088,59162,1,0,1
5249184,59163,1,1,0
4788840,59164,1,0,1
2867648,59165,1,0,1
4491768,59166,1,0,1
2673968,59167,1,1,0
2376560,59168,1,0,1
7293376,59169,1,0,1
4415560,59170,1,1,0
6303624,59171,1,0,1
298056,59172,1,0,1
5898696,59173,1,1,0
4122112,59174,1,1,0
8128160,59175,1,1,0
1703192,59176,1,1,0
1571024,59177,1,0,1
5187776,59178,1,0,1
6015440,59179,1,1,0
4734192,59180,1,0,1
2702912,59181,1,0,1
337024,59182,1,1,0
2789120,59183,1,1,0
2679400,59184,1,1,0
1094824,59185,1,1,0
2042144,59186,1,0,1
6136912,59187,1,0,1
2296192,59188,1,1,0
976840,59189,1,1,0
6406608,59190,1,0,1
3629144,59191,1,0,1
766208,59192,1,0,1
1961864,59193,1,0,1
1529128,59194,1,1,0
1824944,59195,1,1,0
2522584,59196,1,1,0
3826752,59197,1,0,1
7478912,59198,1,0,1
1344536,59199,1,1,0
604008,59200,1,1,0
972264,59201,1,1,0
3883272,59202,1,0,1
4937832,59203,1,1,0
1327312,59204,1,1,0
1747208,59205,1,0,1
1021384,59206,1,0,1
7613304,59207,1,1,0
4105776,59208,1,0,1
7117952,59209,1,1,0
7070328,59210,1,1,0
6559464,59211,1,0,1
231200,59212,1,1,0
4098072,59213,1,1,0
4438440,59214,1,1,0
471480,59215,1,0,1
1505592,59216,1,1,0
2167696,59217,1,0,1
4295200,59218,1,1,0
3024408,59219,1,1,0
1221752,59220,1,0,1
6974928,59221,1,0,1
470432,59222,1,1,0
4542392,59223,1,1,0
2051768,59224,1,1,0
5416696,59225,1,0,1
1520440,59226,1,1,0
4942800,59227,1,0,1
121936,59228,1,1,0
2710720,59229,1,0,1
952000,59230,1,1,0
884288,59231,1,0,1
6928984,59232,1,1,0
2858392,59233,1,1,0
808264,59234,1,0,1
796296,59235,1,0,1
487352,59236,1,0,1
724632,59237,1,1,0
2703200,59238,1,1,0
3188424,59239,1,0,1
4409120,59240,1,0,1
6816064,59241,1,0,1
587096,59242,1,1,0
4439792,59243,1,1,0
2832304,59244,1,0,1
259312,59245,1,0,1
356032,59246,1,0,1
4699216,59247,1,1,0
4680928,59248,1,1,0
2071240,59249,1,1,0
478936,59250,1,1,0
5844888,59251,1,0,1
1582024,59252,1,1,0
2559648,59253,1,0,1
1584208,59254,1,1,0
1710184,59255,1,1,0
5138552,59256,1,0,1
1751464,59257,1,0,1
5124184,59258,1,1,0
579552,59259,1,0,1
8164896,59260,1,0,1
3509848,59261,1,1,0
3285648,59262,1,1,0
4883584,59263,1,1,0
574720,59264,1,1,0
4207112,59265,1,0,1
1946656,59266,1,1,0
2303600,59267,1,1,0
5109480,59268,1,1,0
2397528,59269,1,0,1
2692848,59270,1,1,0
1306920,59271,1,0,1
1451808,59272,1,0,1
5930568,59273,1,0,1
4339376,59274,1,1,0
1640040,59275,1,1,0
7593936,59276,1,0,1
2744208,59277,1,0,1
4294776,59278,1,1,0
1765984,59279,1,1,0
4569736,59280,1,1,0
1601808,59281,1,1,0
2531256,59282,1,0,1
4686936,59283,1,0,1
3622384,59284,1,0,1
473880,59285,1,1,0
1456160,59286,1,0,1
6332360,59287,1,0,1
5336016,59288,1,0,1
1671424,59289,1,0,1
746048,59290,1,1,0
1583016,59291,1,1,0
501240,59292,1,1,0
3344760,59293,1,1,0
5997424,59294,1,0,1
2906880,59295,1,1,0
1504640,59296,1,1,0
418912,59297,1,1,0
1034912,59298,1,1,0
835144,59299,1,0,1
3997944,59300,1,0,1
102160,59301,1,0,1
1210144,59302,1,0,1
515896,59303,1,0,1
341160,59304,1,0,1
119616,59305,1,1,0
1941016,59306,1,0,1
485488,59307,1,1,0
4664560,59308,1,1,0
2117512,59309,1,1,0
216320,59310,1,0,1
3232272,59311,1,1,0
2485496,59312,1,0,1
7163448,59313,1,0,1
4863496,59314,1,0,1
7486952,59315,1,1,0
5446056,59316,1,1,0
337832,59317,1,0,1
6528880,59318,1,0,1
808792,59319,1,1,0
1356960,59320,1,0,1
941144,59321,1,1,0
3432624,59322,1,0,1
2267904,59323,1,1,0
1300992,59324,1,1,0
7238216,59325,1,0,1
460320,59326,1,0,1
2191256,59327,1,0,1
768024,59328,1,0,1
301448,59329,1,1,0
2107768,59330,1,0,1
279304,59331,1,1,0
765824,59332,1,1,0
1572080,59333,1,0,1
2450168,59334,1,0,1
289512,59335,1,1,0
3818880,59336,1,1,0
2244376,59337,1,0,1
6955136,59338,1,0,1
714056,59339,1,0,1
547920,59340,1,1,0
785288,59341,1,0,1
2103208,59342,1,1,0
7881936,59343,1,0,1
2260296,59344,1,0,1
2437880,59345,1,0,1
560336,59346,1,0,1
1260784,59347,1,1,0
3648856,59348,1,0,1
3405520,59349,1,0,1
162640,59350,1,0,1
1080088,59351,1,0,1
7265992,59352,1,1,0
407864,59353,1,1,0
2568760,59354,1,0,1
4917920,59355,1,1,0
777032,59356,1,0,1
4573904,59357,1,0,1
6258992,59358,1,0,1
6504904,59359,1,1,0
4824848,59360,1,0,1
1756528,59361,1,0,1
1736936,59362,1,1,0
2314216,59363,1,1,0
966424,59364,1,0,1
4818312,59365,1,0,1
7281064,59366,1,1,0
683432,59367,1,1,0
980136,59368,1,0,1
551488,59369,1,1,0
1952864,59370,1,1,0
7313480,59371,1,0,1
5811872,59372,1,1,0
1371872,59373,1,0,1
3301192,59374,1,1,0
1611944,59375,1,1,0
3751568,59376,1,0,1
1161536,59377,1,0,1
3313272,59378,1,0,1
5508904,59379,1,0,1
5466088,59380,1,1,0
5180496,59381,1,1,0
577968,59382,1,1,0
7150728,59383,1,1,0
195760,59384,1,1,0
960136,59385,1,0,1
2329224,59386,1,0,1
643344,59387,1,1,0
1947896,59388,1,1,0
5316944,59389,1,0,1
2900144,59390,1,0,1
118248,59391,1,0,1
3415776,59392,1,0,1
572992,59393,1,0,1
3524016,59394,1,1,0
736080,59395,1,1,0
3066024,59396,1,1,0
1844280,59397,1,0,1
4100776,59398,1,0,1
2125952,59399,1,0,1
1117000,59400,1,1,0
1105600,59401,1,0,1
2948448,59402,1,1,0
5406528,59403,1,1,0
404456,59404,1,0,1
1653904,59405,1,1,0
2030176,59406,1,1,0
5301040,59407,1,0,1
3274712,59408,1,1,0
2238856,59409,1,1,0
94568,59410,1,1,0
540960,59411,1,0,1
1376568,59412,1,0,1
5945808,59413,1,1,0
2681920,59414,1,1,0
506936,59415,1,0,1
4980176,59416,1,1,0
1944016,59417,1,1,0
2804928,59418,1,1,0
1556288,59419,1,0,1
760792,59420,1,1,0
4126808,59421,1,0,1
4940272,59422,1,0,1
8276192,59423,1,1,0
481808,59424,1,1,0
3614640,59425,1,1,0
3992488,59426,1,0,1
8088872,59427,1,0,1
1221280,59428,1,0,1
1288664,59429,1,1,0
3555928,59430,1,0,1
3255592,59431,1,1,0
636080,59432,1,1,0
2798672,59433,1,0,1
566008,59434,1,1,0
6126520,59435,1,0,1
2308424,59436,1,1,0
704136,59437,1,1,0
4145152,59438,1,0,1
553464,59439,1,1,0
3282712,59440,1,1,0
825112,59441,1,0,1
3308208,59442,1,0,1
4863144,59443,1,0,1
778456,59444,1,1,0
892656,59445,1,1,0
3273576,59446,1,1,0
6424744,59447,1,1,0
1411296,59448,1,1,0
6616776,59449,1,0,1
743512,59450,1,1,0
1197080,59451,1,0,1
5102176,59452,1,1,0
1696632,59453,1,0,1
2187872,59454,1,0,1
1799136,59455,1,0,1
1493096,59456,1,0,1
1852856,59457,1,1,0
316688,59458,1,1,0
917784,59459,1,1,0
637768,59460,1,1,0
5602080,59461,1,0,1
1628984,59462,1,1,0
1236736,59463,1,1,0
379600,59464,1,0,1
5501720,59465,1,1,0
2082096,59466,1,0,1
7811152,59467,1,1,0
785216,59468,1,0,1
4839616,59469,1,1,0
2614632,59470,1,1,0
2962624,59471,1,0,1
5573832,59472,1,0,1
2498816,59473,1,1,0
6900960,59474,1,0,1
2370984,59475,1,1,0
7744736,59476,1,1,0
1544968,59477,1,0,1
6573368,59478,1,1,0
5065864,59479,1,1,0
90960,59480,1,0,1
3270040,59481,1,0,1
656784,59482,1,0,1
3532592,59483,1,1,0
2107144,59484,1,1,0
4639600,59485,1,0,1
5069968,59486,1,0,1
815296,59487,1,0,1
1866616,59488,1,0,1
703648,59489,1,1,0
8292024,59490,1,1,0
731736,59491,1,1,0
1973888,59492,1,1,0
626656,59493,1,1,0
1190096,59494,1,1,0
820112,59495,1,1,0
2670672,59496,1,0,1
4708168,59497,1,0,1
1618720,59498,1,0,1
2257336,59499,1,1,0
3340120,59500,1,1,0
2555832,59501,1,1,0
3383096,59502,1,1,0
5866384,59503,1,1,0
1716200,59504,1,0,1
6932352,59505,1,0,1
6147880,59506,1,1,0
1260264,59507,1,0,1
2215560,59508,1,1,0
290776,59509,1,0,1
792200,59510,1,1,0
7522936,59511,1,1,0
508328,59512,1,1,0
1438096,59513,1,1,0
2304208,59514,1,0,1
5402696,59515,1,0,1
469008,59516,1,1,0
3591128,59517,1,0,1
6264504,59518,1,0,1
2792944,59519,1,0,1
1701024,59520,1,1,0
6093200,59521,1,1,0
874552,59522,1,0,1
1315984,59523,1,1,0
2719184,59524,1,0,1
633296,59525,1,0,1
1042992,59526,1,1,0
2003544,59527,1,1,0
1546984,59528,1,1,0
1660352,59529,1,1,0
1403776,59530,1,1,0
295920,59531,1,1,0
3363616,59532,1,0,1
3218144,59533,1,0,1
335088,59534,1,0,1
1063296,59535,1,0,1
966200,59536,1,0,1
1031768,59537,1,0,1
1141608,59538,1,0,1
534888,59539,1,1,0
727744,59540,1,0,1
2794960,59541,1,0,1
1971904,59542,1,1,0
3123880,59543,1,0,1
524616,59544,1,1,0
322704,59545,1,1,0
1590200,59546,1,0,1
2964584,59547,1,0,1
3355720,59548,1,1,0
1632368,59549,1,0,1
4202000,59550,1,1,0
724872,59551,1,0,1
6937024,59552,1,1,0
2973552,59553,1,0,1
1756952,59554,1,1,0
6644760,59555,1,1,0
920976,59556,1,0,1
1283056,59557,1,1,0
132928,59558,1,0,1
3185544,59559,1,1,0
1904896,59560,1,0,1
2036128,59561,1,0,1
7555496,59562,1,0,1
7396544,59563,1,0,1
1819680,59564,1,0,1
8049728,59565,1,1,0
2948720,59566,1,0,1
5491080,59567,1,1,0
6857992,59568,1,1,0
333264,59569,1,0,1
1069368,59570,1,1,0
3113928,59571,1,0,1
2428360,59572,1,0,1
4972784,59573,1,0,1
853048,59574,1,1,0
4160048,59575,1,1,0
2621064,59576,1,1,0
5760088,59577,1,0,1
433104,59578,1,0,1
1712768,59579,1,1,0
1244472,59580,1,0,1
2905944,59581,1,1,0
3392376,59582,1,0,1
676304,59583,1,0,1
660288,59584,1,1,0
2165656,59585,1,1,0
4700288,59586,1,0,1
1035096,59587,1,1,0
2145808,59588,1,0,1
1732584,59589,1,0,1
4320592,59590,1,0,1
691400,59591,1,0,1
402432,59592,1,0,1
2217312,59593,1,1,0
1095056,59594,1,0,1
1706976,59595,1,1,0
1292648,59596,1,0,1
214480,59597,1,1,0
2054480,59598,1,1,0
285144,59599,1,0,1
2896992,59600,1,1,0
3246528,59601,1,0,1
910240,59602,1,0,1
3824392,59603,1,1,0
2445112,59604,1,0,1
4302896,59605,1,1,0
929760,59606,1,1,0
7273512,59607,1,1,0
781776,59608,1,1,0
1541464,59609,1,0,1
7409888,59610,1,0,1
1109312,59611,1,0,1
3699448,59612,1,1,0
3362552,59613,1,1,0
202016,59614,1,1,0
1446936,59615,1,1,0
3536640,59616,1,1,0
6670264,59617,1,0,1
5865632,59618,1,1,0
752728,59619,1,1,0
222960,59620,1,0,1
1150536,59621,1,0,1
748712,59622,1,1,0
5432688,59623,1,1,0
2615216,59624,1,0,1
1912400,59625,1,1,0
1609888,59626,1,0,1
1712320,59627,1,1,0
1847648,59628,1,1,0
1470504,59629,1,1,0
3438560,59630,1,0,1
3069256,59631,1,1,0
2435056,59632,1,0,1
1115488,59633,1,0,1
478544,59634,1,0,1
1407104,59635,1,0,1
1197712,59636,1,0,1
6607808,59637,1,0,1
4975936,59638,1,0,1
599192,59639,1,1,0
533640,59640,1,1,0
2631544,59641,1,0,1
2025496,59642,1,0,1
1385024,59643,1,0,1
5167672,59644,1,0,1
340472,59645,1,0,1
3147144,59646,1,0,1
327984,59647,1,1,0
2635456,59648,1,0,1
2908072,59649,1,0,1
1156992,59650,1,0,1
749152,59651,1,1,0
4268392,59652,1,1,0
2624696,59653,1,0,1
6062792,59654,1,0,1
1137096,59655,1,1,0
1461448,59656,1,1,0
6766840,59657,1,1,0
5019976,59658,1,1,0
959120,59659,1,1,0
6586336,59660,1,1,0
968376,59661,1,1,0
2232512,59662,1,0,1
1747456,59663,1,0,1
221952,59664,1,0,1
625760,59665,1,0,1
709104,59666,1,0,1
4235344,59667,1,1,0
2629704,59668,1,0,1
843424,59669,1,1,0
1380472,59670,1,1,0
1963616,59671,1,1,0
493696,59672,1,1,0
7978192,59673,1,1,0
821944,59674,1,1,0
4283288,59675,1,0,1
2013976,59676,1,1,0
7186744,59677,1,1,0
1616320,59678,1,1,0
3300152,59679,1,0,1
265680,59680,1,0,1
4157400,59681,1,1,0
865752,59682,1,0,1
2979376,59683,1,1,0
4577952,59684,1,0,1
1728544,59685,1,1,0
243616,59686,1,1,0
4623904,59687,1,0,1
1830984,59688,1,0,1
2642672,59689,1,0,1
7418648,59690,1,0,1
1839920,59691,1,1,0
2119648,59692,1,1,0
5907152,59693,1,1,0
2070336,59694,1,1,0
392248,59695,1,1,0
4868936,59696,1,1,0
6049384,59697,1,0,1
7283552,59698,1,1,0
2733592,59699,1,1,0
216120,59700,1,0,1
1574616,59701,1,0,1
7569432,59702,1,0,1
265120,59703,1,1,0
2624064,59704,1,1,0
1336304,59705,1,0,1
2483352,59706,1,1,0
5128272,59707,1,0,1
538504,59708,1,0,1
1230112,59709,1,1,0
2538096,59710,1,0,1
168016,59711,1,1,0
1366288,59712,1,1,0
1221048,59713,1,0,1
3543848,59714,1,1,0
4461752,59715,1,1,0
1933600,59716,1,1,0
4524328,59717,1,0,1
2964024,59718,1,1,0
8011520,59719,1,1,0
2536808,59720,1,0,1
3698216,59721,1,1,0
2982896,59722,1,0,1
1238048,59723,1,1,0
2205312,59724,1,1,0
6886440,59725,1,1,0
1789096,59726,1,0,1
6321640,59727,1,0,1
6798872,59728,1,0,1
4423232,59729,1,1,0
7785240,59730,1,1,0
4924096,59731,1,1,0
3427344,59732,1,0,1
7506392,59733,1,0,1
2693664,59734,1,0,1
4064208,59735,1,0,1
4271136,59736,1,1,0
876288,59737,1,1,0
536472,59738,1,0,1
1748344,59739,1,0,1
6546136,59740,1,0,1
1611712,59741,1,0,1
905416,59742,1,1,0
7727272,59743,1,1,0
2002000,59744,1,1,0
6851656,59745,1,1,0
4819968,59746,1,1,0
159320,59747,1,0,1
4607904,59748,1,1,0
397672,59749,1,1,0
1208384,59750,1,0,1
1261648,59751,1,0,1
4371536,59752,1,1,0
1075456,59753,1,0,1
1738944,59754,1,0,1
278640,59755,1,0,1
3911416,59756,1,0,1
5107344,59757,1,0,1
4733552,59758,1,1,0
3249784,59759,1,1,0
2729696,59760,1,0,1
2767512,59761,1,0,1
3987232,59762,1,1,0
383200,59763,1,0,1
1765072,59764,1,1,0
3283232,59765,1,0,1
3725728,59766,1,0,1
1325176,59767,1,1,0
5655152,59768,1,0,1
2778784,59769,1,1,0
3835904,59770,1,1,0
240152,59771,1,1,0
7763112,59772,1,1,0
4616336,59773,1,0,1
1910208,59774,1,1,0
2081152,59775,1,0,1
6362336,59776,1,0,1
7098472,59777,1,1,0
4114272,59778,1,1,0
3850288,59779,1,1,0
5529400,59780,1,0,1
4924472,59781,1,1,0
4393248,59782,1,0,1
2087368,59783,1,1,0
330440,59784,1,0,1
6955712,59785,1,0,1
1915688,59786,1,1,0
5461208,59787,1,1,0
503224,59788,1,1,0
365864,59789,1,1,0
5866688,59790,1,0,1
1489016,59791,1,0,1
357240,59792,1,0,1
7321056,59793,1,1,0
442520,59794,1,1,0
2924248,59795,1,0,1
6767288,59796,1,0,1
1062320,59797,1,0,1
7326176,59798,1,0,1
4122616,59799,1,1,0
430664,59800,1,1,0
2086640,59801,1,0,1
7628968,59802,1,1,0
1712016,59803,1,0,1
2566392,59804,1,1,0
509656,59805,1,1,0
309808,59806,1,1,0
5460280,59807,1,0,1
828040,59808,1,0,1
3259896,59809,1,0,1
2998032,59810,1,1,0
657584,59811,1,1,0
400576,59812,1,0,1
2442928,59813,1,1,0
1518880,59814,1,0,1
290064,59815,1,1,0
5700192,59816,1,0,1
2558728,59817,1,1,0
6046336,59818,1,0,1
5077392,59819,1,1,0
6979496,59820,1,0,1
1094640,59821,1,1,0
1107224,59822,1,0,1
4708416,59823,1,1,0
2241616,59824,1,1,0
1206728,59825,1,1,0
7930648,59826,1,1,0
3745904,59827,1,1,0
2193928,59828,1,0,1
2315104,59829,1,0,1
7229624,59830,1,0,1
7132760,59831,1,1,0
1810648,59832,1,0,1
588488,59833,1,1,0
618624,59834,1,1,0
3660976,59835,1,1,0
1348000,59836,1,0,1
7669128,59837,1,1,0
2802952,59838,1,1,0
727184,59839,1,1,0
3305656,59840,1,0,1
3248080,59841,1,0,1
1820072,59842,1,0,1
628152,59843,1,1,0
381416,59844,1,1,0
483288,59845,1,0,1
8055808,59846,1,1,0
4523704,59847,1,1,0
1380904,59848,1,0,1
3030928,59849,1,1,0
2544400,59850,1,1,0
6182432,59851,1,1,0
2544080,59852,1,0,1
7542648,59853,1,1,0
591464,59854,1,1,0
2103136,59855,1,0,1
3805584,59856,1,1,0
4079800,59857,1,1,0
1926696,59858,1,1,0
3345784,59859,1,1,0
5540704,59860,1,1,0
3777568,59861,1,1,0
2133096,59862,1,1,0
3565888,59863,1,0,1
4812456,59864,1,1,0
810520,59865,1,0,1
3791136,59866,1,0,1
2704840,59867,1,1,0
3412376,59868,1,1,0
4237848,59869,1,0,1
6801096,59870,1,0,1
1219736,59871,1,1,0
670200,59872,1,0,1
1019200,59873,1,1,0
4894456,59874,1,0,1
761648,59875,1,0,1
1796728,59876,1,0,1
6828768,59877,1,0,1
1540336,59878,1,1,0
5037272,59879,1,0,1
1569976,59880,1,1,0
216448,59881,1,0,1
998960,59882,1,1,0
616944,59883,1,0,1
740728,59884,1,1,0
3562576,59885,1,1,0
931512,59886,1,1,0
7633016,59887,1,1,0
1160056,59888,1,0,1
1500560,59889,1,1,0
2105456,59890,1,0,1
4627824,59891,1,1,0
3013504,59892,1,0,1
601440,59893,1,1,0
3703608,59894,1,1,0
747592,59895,1,0,1
2821280,59896,1,0,1
543224,59897,1,1,0
1111472,59898,1,0,1
2261528,59899,1,1,0
3660472,59900,1,0,1
8341720,59901,1,1,0
4148640,59902,1,1,0
5511816,59903,1,1,0
8336488,59904,1,1,0
5665536,59905,1,0,1
374472,59906,1,1,0
815592,59907,1,0,1
1002480,59908,1,0,1
704784,59909,1,0,1
1886960,59910,1,1,0
566288,59911,1,0,1
332104,59912,1,0,1
1416024,59913,1,1,0
350968,59914,1,1,0
118824,59915,1,0,1
7675808,59916,1,0,1
733544,59917,1,0,1
2307168,59918,1,0,1
1119944,59919,1,1,0
2431288,59920,1,0,1
3896888,59921,1,1,0
2857184,59922,1,1,0
3683952,59923,1,1,0
8342096,59924,1,1,0
1606408,59925,1,1,0
190672,59926,1,1,0
940872,59927,1,1,0
7211080,59928,1,1,0
3579944,59929,1,1,0
2954688,59930,1,1,0
5478296,59931,1,0,1
3086288,59932,1,0,1
7729088,59933,1,1,0
2656024,59934,1,0,1
1451712,59935,1,0,1
1641520,59936,1,1,0
1314424,59937,1,1,0
950928,59938,1,0,1
99080,59939,1,0,1
1153864,59940,1,0,1
3830048,59941,1,1,0
4876784,59942,1,1,0
5617088,59943,1,0,1
1705704,59944,1,0,1
5079648,59945,1,1,0
4340240,59946,1,0,1
5694000,59947,1,1,0
6454272,59948,1,0,1
823880,59949,1,0,1
3944320,59950,1,1,0
5024816,59951,1,1,0
336936,59952,1,1,0
4463576,59953,1,1,0
8145072,59954,1,1,0
6709480,59955,1,0,1
7878168,59956,1,0,1
2449568,59957,1,0,1
1707016,59958,1,1,0
231840,59959,1,0,1
4382160,59960,1,0,1
1298864,59961,1,1,0
4204408,59962,1,1,0
1287656,59963,1,0,1
5586480,59964,1,1,0
2310480,59965,1,0,1
536952,59966,1,1,0
655424,59967,1,0,1
7282976,59968,1,0,1
5614504,59969,1,0,1
1366184,59970,1,0,1
5660856,59971,1,0,1
4037232,59972,1,0,1
1044528,59973,1,0,1
2166296,59974,1,0,1
3239776,59975,1,0,1
1908648,59976,1,1,0
8364744,59977,1,1,0
1010112,59978,1,1,0
7070968,59979,1,1,0
1844512,59980,1,1,0
1991200,59981,1,1,0
7471464,59982,1,0,1
3230352,59983,1,1,0
5212744,59984,1,0,1
1848048,59985,1,0,1
2155368,59986,1,1,0
1111816,59987,1,0,1
823296,59988,1,1,0
652768,59989,1,1,0
462200,59990,1,1,0
4765320,59991,1,0,1
5821256,59992,1,0,1
3429352,59993,1,1,0
1616480,59994,1,1,0
1504416,59995,1,1,0
935648,59996,1,1,0
1974152,59997,1,1,0
1177976,59998,1,1,0
1255464,59999,1,1,0
2328768,60000,1,1,0
2733616,60001,1,1,0
698808,60002,1,1,0
1081192,60003,1,1,0
918904,60004,1,1,0
1524136,60005,1,1,0
1090168,60006,1,1,0
3627624,60007,1,1,0
7019048,60008,1,1,0
879120,60009,1,0,1
213336,60010,1,0,1
3867744,60011,1,1,0
1880744,60012,1,1,0
2402056,60013,1,0,1
787560,60014,1,0,1
4670584,60015,1,0,1
774664,60016,1,1,0
255896,60017,1,0,1
238944,60018,1,0,1
4261800,60019,1,0,1
473264,60020,1,1,0
1016800,60021,1,1,0
6797656,60022,1,0,1
3949608,60023,1,1,0
4100584,60024,1,0,1
3798616,60025,1,1,0
6718656,60026,1,1,0
3916400,60027,1,1,0
4752768,60028,1,0,1
3477856,60029,1,1,0
1350168,60030,1,1,0
892048,60031,1,1,0
901960,60032,1,1,0
1635088,60033,1,1,0
6935584,60034,1,1,0
2833880,60035,1,0,1
155328,60036,1,0,1
1392472,60037,1,0,1
4786824,60038,1,1,0
3648648,60039,1,1,0
6414976,60040,1,1,0
2061256,60041,1,0,1
5013600,60042,1,0,1
3122904,60043,1,1,0
6941104,60044,1,1,0
289256,60045,1,0,1
7875752,60046,1,0,1
1760832,60047,1,1,0
155576,60048,1,1,0
6051032,60049,1,1,0
1851680,60050,1,1,0
4854600,60051,1,0,1
3928824,60052,1,1,0
1295624,60053,1,1,0
5615344,60054,1,1,0
622048,60055,1,1,0
898632,60056,1,0,1
5337000,60057,1,0,1
1245184,60058,1,1,0
1566424,60059,1,0,1
1457656,60060,1,1,0
3959536,60061,1,1,0
4981792,60062,1,0,1
3304432,60063,1,0,1
1704176,60064,1,1,0
1148208,60065,1,0,1
770400,60066,1,1,0
1451432,60067,1,1,0
868064,60068,1,1,0
4410152,60069,1,0,1
785056,60070,1,1,0
255128,60071,1,0,1
2577856,60072,1,1,0
4402952,60073,1,0,1
1952112,60074,1,0,1
1011008,60075,1,0,1
7382656,60076,1,1,0
2079752,60077,1,0,1
4161456,60078,1,0,1
1652424,60079,1,1,0
650192,60080,1,0,1
3489936,60081,1,0,1
613536,60082,1,0,1
7641488,60083,1,0,1
1885360,60084,1,1,0
2938136,60085,1,0,1
2153360,60086,1,0,1
5388816,60087,1,1,0
1057376,60088,1,1,0
3395816,60089,1,0,1
2885568,60090,1,1,0
2065560,60091,1,0,1
3450600,60092,1,0,1
412344,60093,1,0,1
4076720,60094,1,0,1
275368,60095,1,1,0
8313928,60096,1,0,1
3882760,60097,1,0,1
6899280,60098,1,0,1
520784,60099,1,0,1
7734896,60100,1,0,1
1208120,60101,1,1,0
1037752,60102,1,1,0
5781496,60103,1,1,0
4791080,60104,1,1,0
3558592,60105,1,0,1
6218888,60106,1,1,0
763536,60107,1,1,0
6064920,60108,1,0,1
1551192,60109,1,1,0
6775360,60110,1,1,0
390544,60111,1,0,1
4839320,60112,1,1,0
1444512,60113,1,0,1
3164520,60114,1,1,0
818696,60115,1,1,0
592256,60116,1,0,1
7198480,60117,1,0,1
4068648,60118,1,0,1
592600,60119,1,0,1
2139400,60120,1,0,1
2605968,60121,1,1,0
2188960,60122,1,1,0
7716152,60123,1,0,1
620024,60124,1,1,0
7678936,60125,1,1,0
3685224,60126,1,0,1
4286800,60127,1,0,1
2096600,60128,1,0,1
6120344,60129,1,1,0
1817432,60130,1,1,0
1764456,60131,1,0,1
6181352,60132,1,0,1
7912440,60133,1,0,1
2641384,60134,1,1,0
6119400,60135,1,0,1
3494592,60136,1,0,1
3133168,60137,1,0,1
2224176,60138,1,0,1
314000,60139,1,1,0
2113840,60140,1,0,1
2241800,60141,1,0,1
3465176,60142,1,0,1
721944,60143,1,0,1
2537288,60144,1,1,0
5386488,60145,1,0,1
584936,60146,1,1,0
1842792,60147,1,0,1
757696,60148,1,1,0
1584056,60149,1,0,1
2257008,60150,1,1,0
6116880,60151,1,0,1
160024,60152,1,1,0
710864,60153,1,1,0
3297376,60154,1,0,1
1460120,60155,1,0,1
5202992,60156,1,0,1
6614656,60157,1,1,0
5378560,60158,1,0,1
300576,60159,1,0,1
5601744,60160,1,1,0
2349440,60161,1,1,0
1010840,60162,1,0,1
3265400,60163,1,0,1
8225000,60164,1,0,1
4170048,60165,1,1,0
187176,60166,1,0,1
295896,60167,1,0,1
7334632,60168,1,0,1
561272,60169,1,1,0
5021456,60170,1,1,0
1430368,60171,1,1,0
131024,60172,1,1,0
1936816,60173,1,0,1
2765504,60174,1,0,1
2622432,60175,1,0,1
3894840,60176,1,1,0
1515256,60177,1,0,1
786776,60178,1,0,1
576432,60179,1,0,1
291936,60180,1,1,0
4817656,60181,1,0,1
1238896,60182,1,0,1
1757592,60183,1,1,0
1085576,60184,1,1,0
4534944,60185,1,1,0
6189912,60186,1,0,1
5724584,60187,1,0,1
1935464,60188,1,1,0
4016832,60189,1,0,1
548984,60190,1,1,0
1697200,60191,1,1,0
3294048,60192,1,0,1
724440,60193,1,0,1
523224,60194,1,0,1
1002608,60195,1,0,1
179344,60196,1,0,1
426448,60197,1,0,1
4764696,60198,1,0,1
1075240,60199,1,1,0
2088280,60200,1,0,1
2036504,60201,1,0,1
1492176,60202,1,1,0
164544,60203,1,0,1
975736,60204,1,0,1
494112,60205,1,0,1
2719152,60206,1,0,1
843696,60207,1,0,1
3182016,60208,1,0,1
1242880,60209,1,1,0
2450536,60210,1,0,1
2049016,60211,1,1,0
2426480,60212,1,0,1
7414648,60213,1,1,0
6619992,60214,1,1,0
714592,60215,1,0,1
4373072,60216,1,0,1
91736,60217,1,0,1
4761512,60218,1,1,0
6444216,60219,1,0,1
2074832,60220,1,1,0
1139080,60221,1,0,1
630808,60222,1,0,1
1368152,60223,1,0,1
1264520,60224,1,0,1
4853848,60225,1,1,0
1959272,60226,1,0,1
496976,60227,1,0,1
2389832,60228,1,0,1
2022016,60229,1,1,0
575352,60230,1,0,1
5489392,60231,1,0,1
1046928,60232,1,1,0
6992584,60233,1,0,1
3309488,60234,1,1,0
1937280,60235,1,1,0
3377968,60236,1,0,1
149968,60237,1,1,0
2931096,60238,1,1,0
995544,60239,1,0,1
1431040,60240,1,1,0
1919960,60241,1,0,1
1200904,60242,1,1,0
3669568,60243,1,0,1
3795456,60244,1,1,0
8029816,60245,1,0,1
4284688,60246,1,1,0
1911792,60247,1,0,1
1557840,60248,1,1,0
2065344,60249,1,0,1
554600,60250,1,1,0
4563592,60251,1,1,0
849224,60252,1,0,1
6244768,60253,1,0,1
3199720,60254,1,0,1
598888,60255,1,1,0
553120,60256,1,0,1
4035464,60257,1,1,0
3087664,60258,1,0,1
3274248,60259,1,1,0
4576528,60260,1,0,1
420544,60261,1,1,0
2522920,60262,1,0,1
1457912,60263,1,0,1
2306184,60264,1,0,1
3729112,60265,1,0,1
1998752,60266,1,0,1
3914416,60267,1,1,0
1369064,60268,1,1,0
1713072,60269,1,0,1
354960,60270,1,1,0
5055720,60271,1,0,1
3723720,60272,1,1,0
150552,60273,1,1,0
2822872,60274,1,0,1
4674144,60275,1,1,0
1406160,60276,1,0,1
1199360,60277,1,0,1
3946584,60278,1,0,1
778384,60279,1,0,1
7254680,60280,1,1,0
2786904,60281,1,1,0
4004616,60282,1,0,1
420008,60283,1,1,0
1194272,60284,1,0,1
2268368,60285,1,0,1
3720288,60286,1,0,1
912496,60287,1,0,1
3967680,60288,1,1,0
492216,60289,1,0,1
1842888,60290,1,1,0
2277224,60291,1,0,1
1370808,60292,1,1,0
1175392,60293,1,0,1
6910968,60294,1,0,1
4006752,60295,1,0,1
1590160,60296,1,1,0
5600768,60297,1,0,1
2730576,60298,1,0,1
796768,60299,1,1,0
2149504,60300,1,1,0
1382960,60301,1,0,1
1323392,60302,1,0,1
3513072,60303,1,1,0
2796728,60304,1,0,1
2292896,60305,1,0,1
531496,60306,1,1,0
996552,60307,1,1,0
7978688,60308,1,0,1
410048,60309,1,1,0
1921600,60310,1,1,0
2006784,60311,1,1,0
954128,60312,1,0,1
4836704,60313,1,0,1
391808,60314,1,0,1
2177224,60315,1,0,1
544224,60316,1,0,1
6370512,60317,1,0,1
6207160,60318,1,1,0
2620688,60319,1,0,1
1318136,60320,1,0,1
2761648,60321,1,0,1
792920,60322,1,1,0
4838840,60323,1,1,0
1418536,60324,1,1,0
272376,60325,1,1,0
2995448,60326,1,1,0
5297120,60327,1,1,0
2739392,60328,1,1,0
1472136,60329,1,0,1
4247568,60330,1,1,0
216536,60331,1,1,0
201832,60332,1,1,0
564344,60333,1,0,1
5069152,60334,1,0,1
1259776,60335,1,1,0
7746408,60336,1,0,1
1466112,60337,1,1,0
3961744,60338,1,1,0
732552,60339,1,1,0
6662072,60340,1,1,0
3348504,60341,1,0,1
2455304,60342,1,0,1
5577904,60343,1,0,1
2193752,60344,1,1,0
1098864,60345,1,0,1
4043808,60346,1,1,0
2532600,60347,1,1,0
395936,60348,1,1,0
2572312,60349,1,0,1
518152,60350,1,0,1
1455624,60351,1,0,1
2099736,60352,1,0,1
2470088,60353,1,0,1
3057760,60354,1,0,1
342808,60355,1,0,1
2668824,60356,1,1,0
2197576,60357,1,0,1
1775968,60358,1,1,0
431432,60359,1,1,0
1419248,60360,1,1,0
552968,60361,1,1,0
1474192,60362,1,1,0
1389464,60363,1,0,1
427024,60364,1,1,0
3078176,60365,1,0,1
8054528,60366,1,0,1
1421952,60367,1,1,0
278544,60368,1,0,1
3690120,60369,1,0,1
3963776,60370,1,1,0
8297360,60371,1,0,1
1703048,60372,1,0,1
6415312,60373,1,1,0
5801160,60374,1,1,0
2054280,60375,1,1,0
233416,60376,1,1,0
2104328,60377,1,0,1
7541968,60378,1,0,1
4589112,60379,1,0,1
5452048,60380,1,0,1
1218008,60381,1,1,0
2969976,60382,1,0,1
6404208,60383,1,0,1
2923992,60384,1,0,1
3057216,60385,1,0,1
1776560,60386,1,1,0
5129584,60387,1,0,1
2108928,60388,1,1,0
5979080,60389,1,1,0
6085232,60390,1,0,1
338592,60391,1,1,0
3327224,60392,1,1,0
5555952,60393,1,1,0
7619144,60394,1,0,1
1006752,60395,1,1,0
593600,60396,1,1,0
1100720,60397,1,1,0
4901528,60398,1,0,1
354680,60399,1,0,1
427624,60400,1,0,1
2036016,60401,1,0,1
1371632,60402,1,1,0
322968,60403,1,1,0
1934912,60404,1,1,0
4483384,60405,1,0,1
456384,60406,1,1,0
5453216,60407,1,1,0
3629032,60408,1,0,1
6194152,60409,1,1,0
2845144,60410,1,1,0
186512,60411,1,1,0
1484384,60412,1,1,0
152808,60413,1,1,0
3089016,60414,1,1,0
707224,60415,1,1,0
505280,60416,1,0,1
421704,60417,1,0,1
1423048,60418,1,1,0
1644528,60419,1,1,0
2305824,60420,1,0,1
5312904,60421,1,1,0
7455728,60422,1,0,1
4903528,60423,1,0,1
553408,60424,1,0,1
2557608,60425,1,0,1
2164320,60426,1,1,0
1837032,60427,1,0,1
349296,60428,1,0,1
7967896,60429,1,0,1
2097136,60430,1,1,0
6071712,60431,1,1,0
4818848,60432,1,1,0
4360960,60433,1,1,0
524800,60434,1,0,1
365312,60435,1,1,0
2693760,60436,1,1,0
169536,60437,1,1,0
2807408,60438,1,1,0
2542952,60439,1,1,0
5033968,60440,1,0,1
2564048,60441,1,1,0
1817920,60442,1,0,1
4491976,60443,1,1,0
1378976,60444,1,0,1
3839168,60445,1,0,1
1492928,60446,1,1,0
1109816,60447,1,1,0
3597216,60448,1,1,0
6206456,60449,1,0,1
723384,60450,1,0,1
579016,60451,1,0,1
2500352,60452,1,0,1
7075320,60453,1,0,1
2974928,60454,1,0,1
3348608,60455,1,0,1
2454224,60456,1,1,0
1350336,60457,1,1,0
1819344,60458,1,0,1
6501504,60459,1,0,1
2964544,60460,1,1,0
1975544,60461,1,1,0
5172072,60462,1,1,0
506880,60463,1,1,0
3070344,60464,1,0,1
7031512,60465,1,0,1
2789928,60466,1,0,1
491336,60467,1,1,0
7606640,60468,1,1,0
7498016,60469,1,1,0
1029304,60470,1,0,1
3817552,60471,1,0,1
1910808,60472,1,1,0
749992,60473,1,1,0
3260936,60474,1,1,0
2980392,60475,1,0,1
1800840,60476,1,0,1
671456,60477,1,1,0
4907632,60478,1,0,1
826032,60479,1,0,1
815520,60480,1,0,1
7651280,60481,1,1,0
2741952,60482,1,1,0
1892384,60483,1,0,1
4463848,60484,1,1,0
2793440,60485,1,0,1
1725056,60486,1,0,1
2748864,60487,1,1,0
1349552,60488,1,0,1
5180144,60489,1,0,1
3189288,60490,1,1,0
3835768,60491,1,0,1
152088,60492,1,1,0
3037056,60493,1,1,0
1510192,60494,1,0,1
566952,60495,1,0,1
8116288,60496,1,1,0
407496,60497,1,0,1
698256,60498,1,0,1
997040,60499,1,0,1
738864,60500,1,1,0
359520,60501,1,0,1
1560408,60502,1,1,0
5450168,60503,1,0,1
511944,60504,1,1,0
4377592,60505,1,0,1
465824,60506,1,1,0
482136,60507,1,0,1
2784528,60508,1,0,1
7808512,60509,1,0,1
2434856,60510,1,0,1
6131200,60511,1,0,1
796992,60512,1,1,0
7013720,60513,1,1,0
6555632,60514,1,1,0
3822192,60515,1,0,1
633800,60516,1,0,1
1852360,60517,1,0,1
1625584,60518,1,0,1
2988376,60519,1,1,0
3711480,60520,1,0,1
1292680,60521,1,1,0
1531504,60522,1,1,0
5710472,60523,1,1,0
395144,60524,1,0,1
1716528,60525,1,0,1
199696,60526,1,1,0
1111792,60527,1,1,0
4299152,60528,1,0,1
3574440,60529,1,1,0
726728,60530,1,1,0
5054888,60531,1,0,1
711216,60532,1,1,0
713576,60533,1,0,1
5238792,60534,1,0,1
8027976,60535,1,1,0
1054208,60536,1,0,1
5125912,60537,1,1,0
735512,60538,1,1,0
1910728,60539,1,1,0
1353976,60540,1,1,0
2342216,60541,1,1,0
3704312,60542,1,1,0
3376688,60543,1,1,0
304592,60544,1,0,1
632808,60545,1,0,1
3346680,60546,1,0,1
748248,60547,1,0,1
7416880,60548,1,0,1
4667752,60549,1,0,1
603520,60550,1,1,0
3221440,60551,1,0,1
1211744,60552,1,0,1
747040,60553,1,0,1
7272672,60554,1,1,0
1597920,60555,1,0,1
423144,60556,1,1,0
6154112,60557,1,1,0
3571360,60558,1,0,1
345088,60559,1,1,0
3136464,60560,1,0,1
7497496,60561,1,1,0
2207936,60562,1,1,0
791176,60563,1,0,1
819008,60564,1,0,1
8336056,60565,1,0,1
3618424,60566,1,1,0
8011248,60567,1,0,1
2646224,60568,1,1,0
5181416,60569,1,1,0
3536704,60570,1,1,0
4341872,60571,1,0,1
1231080,60572,1,1,0
4872608,60573,1,0,1
1601360,60574,1,0,1
5713752,60575,1,0,1
1114816,60576,1,1,0
890680,60577,1,1,0
641624,60578,1,0,1
1853360,60579,1,0,1
570184,60580,1,0,1
1164240,60581,1,0,1
2618800,60582,1,1,0
2943664,60583,1,0,1
60056,60584,1,0,1
7821624,60585,1,1,0
149264,60586,1,1,0
5709208,60587,1,0,1
1578728,60588,1,1,0
2203360,60589,1,0,1
1472776,60590,1,0,1
1770176,60591,1,0,1
5749672,60592,1,1,0
1116784,60593,1,1,0
1079168,60594,1,0,1
4274232,60595,1,0,1
3339976,60596,1,0,1
5735680,60597,1,1,0
224152,60598,1,0,1
4395848,60599,1,0,1
7336960,60600,1,0,1
8166728,60601,1,1,0
5440656,60602,1,0,1
7086480,60603,1,0,1
812264,60604,1,0,1
349856,60605,1,1,0
1035624,60606,1,1,0
4328568,60607,1,1,0
5015856,60608,1,0,1
4409752,60609,1,1,0
395520,60610,1,1,0
520744,60611,1,1,0
7343288,60612,1,1,0
6951536,60613,1,0,1
4423384,60614,1,1,0
1534816,60615,1,1,0
1950608,60616,1,1,0
2951112,60617,1,0,1
3105248,60618,1,1,0
2808872,60619,1,0,1
1527128,60620,1,0,1
6044128,60621,1,0,1
6280296,60622,1,1,0
903800,60623,1,1,0
6869680,60624,1,1,0
4920848,60625,1,1,0
1991312,60626,1,0,1
1984528,60627,1,0,1
2721096,60628,1,1,0
7780008,60629,1,0,1
3814848,60630,1,1,0
2613952,60631,1,1,0
1796256,60632,1,1,0
439424,60633,1,1,0
473952,60634,1,0,1
2152816,60635,1,0,1
1177096,60636,1,1,0
1634168,60637,1,1,0
8302568,60638,1,1,0
5079528,60639,1,1,0
3898640,60640,1,1,0
6468552,60641,1,0,1
346968,60642,1,0,1
916304,60643,1,0,1
6239768,60644,1,1,0
5560392,60645,1,0,1
4749416,60646,1,0,1
1690496,60647,1,0,1
4205224,60648,1,1,0
638816,60649,1,1,0
2254680,60650,1,1,0
6977488,60651,1,0,1
658128,60652,1,1,0
1232856,60653,1,0,1
5261096,60654,1,1,0
2271520,60655,1,1,0
1434576,60656,1,1,0
4178576,60657,1,1,0
1669688,60658,1,0,1
5273800,60659,1,1,0
2298912,60660,1,1,0
581976,60661,1,1,0
4112512,60662,1,1,0
3563464,60663,1,1,0
5539408,60664,1,0,1
1054048,60665,1,0,1
1270816,60666,1,0,1
6151328,60667,1,0,1
358504,60668,1,0,1
3562496,60669,1,0,1
5868432,60670,1,0,1
3432720,60671,1,0,1
1281736,60672,1,0,1
5393112,60673,1,0,1
1182960,60674,1,0,1
818280,60675,1,1,0
3419432,60676,1,1,0
648720,60677,1,0,1
7058264,60678,1,1,0
3309720,60679,1,0,1
1763672,60680,1,1,0
3615536,60681,1,0,1
206656,60682,1,0,1
529192,60683,1,0,1
6376664,60684,1,0,1
6923424,60685,1,0,1
3003536,60686,1,1,0
2449400,60687,1,0,1
3436448,60688,1,1,0
4359104,60689,1,0,1
387360,60690,1,1,0
1754744,60691,1,0,1
2814608,60692,1,1,0
3852384,60693,1,1,0
6301344,60694,1,0,1
1575864,60695,1,1,0
1223616,60696,1,1,0
8121160,60697,1,1,0
2143656,60698,1,1,0
3814304,60699,1,1,0
2255848,60700,1,0,1
6217696,60701,1,1,0
1151096,60702,1,1,0
8078352,60703,1,1,0
7488544,60704,1,0,1
3451744,60705,1,1,0
7052384,60706,1,0,1
1157768,60707,1,1,0
3374712,60708,1,0,1
590696,60709,1,1,0
6428560,60710,1,0,1
566216,60711,1,0,1
2698944,60712,1,0,1
777816,60713,1,0,1
1875288,60714,1,0,1
958712,60715,1,0,1
6743080,60716,1,1,0
2526280,60717,1,0,1
1313944,60718,1,1,0
1513128,60719,1,1,0
7191088,60720,1,1,0
1339296,60721,1,0,1
2260832,60722,1,1,0
444080,60723,1,0,1
5832504,60724,1,1,0
361280,60725,1,0,1
2934320,60726,1,1,0
74896,60727,1,1,0
2045648,60728,1,0,1
7589960,60729,1,1,0
4229472,60730,1,1,0
6366832,60731,1,0,1
1089568,60732,1,0,1
4903352,60733,1,1,0
5877472,60734,1,0,1
8034176,60735,1,1,0
4118272,60736,1,0,1
1471480,60737,1,0,1
7656240,60738,1,0,1
1448096,60739,1,0,1
640080,60740,1,0,1
3508920,60741,1,1,0
3151088,60742,1,0,1
1050024,60743,1,0,1
1580880,60744,1,1,0
4751552,60745,1,1,0
1819608,60746,1,1,0
470648,60747,1,0,1
4187464,60748,1,0,1
4233112,60749,1,0,1
2482024,60750,1,0,1
5483048,60751,1,0,1
4358416,60752,1,1,0
7719544,60753,1,0,1
1766096,60754,1,1,0
6184344,60755,1,0,1
587168,60756,1,1,0
556312,60757,1,0,1
1600032,60758,1,1,0
1316360,60759,1,0,1
5017952,60760,1,1,0
4790592,60761,1,1,0
2772256,60762,1,1,0
7748144,60763,1,0,1
2391664,60764,1,0,1
5022160,60765,1,0,1
5517584,60766,1,0,1
5170744,60767,1,1,0
3936640,60768,1,0,1
450896,60769,1,0,1
3008328,60770,1,0,1
949672,60771,1,0,1
8338512,60772,1,0,1
3805744,60773,1,0,1
382992,60774,1,0,1
7251616,60775,1,1,0
766944,60776,1,0,1
3325192,60777,1,1,0
6092288,60778,1,1,0
5426488,60779,1,1,0
2445488,60780,1,0,1
1977184,60781,1,0,1
1991888,60782,1,0,1
2109128,60783,1,1,0
1095848,60784,1,1,0
4382392,60785,1,0,1
922296,60786,1,1,0
1792400,60787,1,0,1
2146656,60788,1,0,1
3373448,60789,1,1,0
6547976,60790,1,0,1
1729432,60791,1,1,0
1663488,60792,1,1,0
3617592,60793,1,0,1
4497184,60794,1,0,1
6915608,60795,1,0,1
213448,60796,1,1,0
8211680,60797,1,1,0
5403920,60798,1,0,1
1654384,60799,1,1,0
6448840,60800,1,1,0
588184,60801,1,0,1
329776,60802,1,1,0
2968048,60803,1,1,0
7649184,60804,1,1,0
2585560,60805,1,0,1
6576992,60806,1,0,1
7595656,60807,1,0,1
1187352,60808,1,1,0
1674056,60809,1,1,0
1496224,60810,1,0,1
1559312,60811,1,1,0
437768,60812,1,1,0
3445760,60813,1,0,1
5942032,60814,1,0,1
4768736,60815,1,1,0
4038480,60816,1,1,0
3829240,60817,1,1,0
1553928,60818,1,0,1
436056,60819,1,0,1
3511952,60820,1,0,1
1772352,60821,1,0,1
5610736,60822,1,0,1
1144304,60823,1,1,0
4511560,60824,1,1,0
4314560,60825,1,1,0
8225992,60826,1,1,0
6319032,60827,1,1,0
1796480,60828,1,1,0
2527208,60829,1,0,1
5117312,60830,1,1,0
2813432,60831,1,1,0
700704,60832,1,0,1
342584,60833,1,1,0
817008,60834,1,0,1
6489920,60835,1,1,0
2391000,60836,1,0,1
1110584,60837,1,1,0
3408960,60838,1,0,1
2656968,60839,1,0,1
5680864,60840,1,1,0
6739096,60841,1,0,1
873296,60842,1,0,1
778000,60843,1,0,1
2499992,60844,1,1,0
6931640,60845,1,1,0
378328,60846,1,0,1
7089304,60847,1,0,1
3171992,60848,1,0,1
1469008,60849,1,1,0
1489200,60850,1,1,0
3628312,60851,1,1,0
1736952,60852,1,1,0
167608,60853,1,1,0
4371024,60854,1,1,0
1269832,60855,1,0,1
1373888,60856,1,0,1
3338520,60857,1,1,0
6120168,60858,1,0,1
2881272,60859,1,0,1
1096360,60860,1,1,0
409496,60861,1,0,1
1336320,60862,1,1,0
2852184,60863,1,0,1
2224400,60864,1,0,1
3269608,60865,1,0,1
2184888,60866,1,1,0
368776,60867,1,0,1
4119792,60868,1,0,1
7256832,60869,1,0,1
1090416,60870,1,0,1
4242760,60871,1,0,1
2269136,60872,1,1,0
2352536,60873,1,0,1
5247224,60874,1,0,1
219192,60875,1,1,0
1734248,60876,1,0,1
5722768,60877,1,1,0
1473072,60878,1,1,0
196632,60879,1,1,0
1993544,60880,1,0,1
242568,60881,1,0,1
3574672,60882,1,0,1
4990384,60883,1,0,1
1362960,60884,1,1,0
364960,60885,1,1,0
7860680,60886,1,1,0
6045520,60887,1,0,1
1673672,60888,1,0,1
672552,60889,1,0,1
1443960,60890,1,0,1
2545320,60891,1,1,0
2402560,60892,1,0,1
329424,60893,1,0,1
378808,60894,1,0,1
854760,60895,1,1,0
2264336,60896,1,0,1
1917520,60897,1,1,0
2179032,60898,1,1,0
400528,60899,1,1,0
3893152,60900,1,0,1
899904,60901,1,1,0
4813736,60902,1,0,1
3256584,60903,1,1,0
3392616,60904,1,1,0
4181744,60905,1,0,1
1470096,60906,1,0,1
3200248,60907,1,1,0
4831208,60908,1,0,1
3748088,60909,1,0,1
1003800,60910,1,0,1
6607416,60911,1,1,0
3978344,60912,1,1,0
2030360,60913,1,0,1
4539608,60914,1,0,1
1367992,60915,1,0,1
454688,60916,1,0,1
413120,60917,1,1,0
5300728,60918,1,0,1
3310504,60919,1,1,0
5485856,60920,1,0,1
862568,60921,1,1,0
4709392,60922,1,0,1
1465472,60923,1,0,1
1329672,60924,1,0,1
3927176,60925,1,0,1
8268776,60926,1,1,0
1369392,60927,1,1,0
979248,60928,1,0,1
1850176,60929,1,0,1
466976,60930,1,1,0
2523728,60931,1,0,1
4480744,60932,1,0,1
7776272,60933,1,1,0
3215624,60934,1,1,0
301208,60935,1,0,1
768800,60936,1,0,1
1333096,60937,1,0,1
3736160,60938,1,1,0
300648,60939,1,0,1
142856,60940,1,0,1
5115712,60941,1,0,1
204904,60942,1,1,0
492088,60943,1,0,1
1158840,60944,1,0,1
328024,60945,1,1,0
1793368,60946,1,0,1
2726280,60947,1,0,1
1706064,60948,1,0,1
1633248,60949,1,1,0
3945200,60950,1,1,0
1106408,60951,1,1,0
4033872,60952,1,1,0
2035032,60953,1,0,1
2204928,60954,1,1,0
6440256,60955,1,0,1
4859160,60956,1,0,1
1277672,60957,1,0,1
304856,60958,1,1,0
3110160,60959,1,0,1
1855624,60960,1,0,1
1718888,60961,1,1,0
7825432,60962,1,0,1
1251360,60963,1,1,0
519416,60964,1,0,1
615224,60965,1,1,0
832144,60966,1,1,0
7295432,60967,1,1,0
4043712,60968,1,0,1
354232,60969,1,0,1
7690720,60970,1,1,0
531624,60971,1,0,1
4158144,60972,1,0,1
5211880,60973,1,1,0
625432,60974,1,1,0
4869184,60975,1,0,1
5742248,60976,1,0,1
2518936,60977,1,0,1
4094120,60978,1,0,1
1982632,60979,1,1,0
3988200,60980,1,0,1
434488,60981,1,1,0
4052080,60982,1,1,0
1747496,60983,1,1,0
1488544,60984,1,1,0
5222400,60985,1,0,1
1243680,60986,1,0,1
914728,60987,1,1,0
6303472,60988,1,1,0
5336720,60989,1,1,0
662408,60990,1,1,0
7131280,60991,1,0,1
1959424,60992,1,0,1
4144056,60993,1,1,0
624704,60994,1,1,0
1976904,60995,1,1,0
1295440,60996,1,0,1
1526672,60997,1,1,0
3470952,60998,1,0,1
6284720,60999,1,1,0
878472,61000,1,1,0
7594856,61001,1,0,1
831816,61002,1,1,0
2876608,61003,1,0,1
5084024,61004,1,1,0
5333584,61005,1,1,0
7741344,61006,1,1,0
707256,61007,1,0,1
1309480,61008,1,0,1
1793720,61009,1,1,0
568952,61010,1,0,1
6869776,61011,1,1,0
3170016,61012,1,0,1
2306168,61013,1,1,0
8016312,61014,1,1,0
2500792,61015,1,0,1
5229272,61016,1,0,1
652872,61017,1,1,0
918632,61018,1,1,0
3580352,61019,1,0,1
1685072,61020,1,1,0
1795672,61021,1,1,0
6715856,61022,1,0,1
567120,61023,1,0,1
6006624,61024,1,1,0
2531280,61025,1,1,0
7492960,61026,1,0,1
424000,61027,1,0,1
1231360,61028,1,0,1
7199744,61029,1,0,1
6129456,61030,1,1,0
2408296,61031,1,1,0
6790176,61032,1,1,0
1759536,61033,1,0,1
5320328,61034,1,0,1
5607920,61035,1,0,1
2876552,61036,1,0,1
1349136,61037,1,1,0
707144,61038,1,0,1
4798520,61039,1,1,0
832792,61040,1,0,1
335904,61041,1,0,1
3480080,61042,1,0,1
3185208,61043,1,1,0
1251000,61044,1,0,1
6611600,61045,1,0,1
3348944,61046,1,0,1
1251456,61047,1,0,1
1900416,61048,1,1,0
1419864,61049,1,0,1
2842696,61050,1,0,1
468680,61051,1,1,0
2640712,61052,1,0,1
3671384,61053,1,0,1
6010840,61054,1,0,1
941712,61055,1,1,0
2899056,61056,1,0,1
165192,61057,1,0,1
1194672,61058,1,1,0
1840696,61059,1,1,0
512200,61060,1,0,1
7400560,61061,1,0,1
4529848,61062,1,1,0
1065864,61063,1,0,1
1043520,61064,1,1,0
1236904,61065,1,1,0
6648808,61066,1,0,1
222672,61067,1,0,1
4720896,61068,1,1,0
749848,61069,1,0,1
8294504,61070,1,1,0
3607488,61071,1,0,1
946496,61072,1,1,0
2094184,61073,1,0,1
3473224,61074,1,0,1
4347392,61075,1,0,1
2034728,61076,1,0,1
2676320,61077,1,1,0
809536,61078,1,0,1
1381016,61079,1,1,0
240792,61080,1,0,1
3980840,61081,1,1,0
4657808,61082,1,0,1
3133320,61083,1,0,1
3375728,61084,1,1,0
3202816,61085,1,0,1
2873744,61086,1,0,1
1489152,61087,1,0,1
2025720,61088,1,1,0
199824,61089,1,1,0
7413568,61090,1,1,0
5950992,61091,1,0,1
865344,61092,1,1,0
824680,61093,1,0,1
440496,61094,1,1,0
1293544,61095,1,0,1
1888080,61096,1,0,1
3169232,61097,1,0,1
1962048,61098,1,1,0
7069296,61099,1,1,0
7287288,61100,1,1,0
2621392,61101,1,1,0
5840200,61102,1,1,0
2619192,61103,1,1,0
3366456,61104,1,0,1
1460584,61105,1,0,1
2778536,61106,1,0,1
105560,61107,1,0,1
891600,61108,1,1,0
7752624,61109,1,0,1
1228912,61110,1,0,1
4872896,61111,1,0,1
3834904,61112,1,1,0
7386752,61113,1,1,0
3779968,61114,1,0,1
506688,61115,1,0,1
917544,61116,1,0,1
3825216,61117,1,0,1
231360,61118,1,0,1
6874856,61119,1,1,0
3439392,61120,1,1,0
759736,61121,1,0,1
676000,61122,1,1,0
809048,61123,1,1,0
1546592,61124,1,0,1
7132400,61125,1,1,0
5560720,61126,1,0,1
668736,61127,1,0,1
554456,61128,1,1,0
423376,61129,1,0,1
188960,61130,1,1,0
7912192,61131,1,0,1
3134008,61132,1,1,0
7479992,61133,1,1,0
4935352,61134,1,0,1
4568376,61135,1,1,0
4147208,61136,1,0,1
1829136,61137,1,1,0
2441584,61138,1,0,1
927808,61139,1,0,1
790984,61140,1,1,0
2817456,61141,1,0,1
5552776,61142,1,1,0
3766624,61143,1,1,0
5954456,61144,1,0,1
3447192,61145,1,1,0
464416,61146,1,1,0
1305728,61147,1,0,1
1195648,61148,1,0,1
2532688,61149,1,0,1
2310096,61150,1,0,1
2695800,61151,1,0,1
3546304,61152,1,0,1
2491120,61153,1,1,0
8372912,61154,1,1,0
1026672,61155,1,1,0
1123152,61156,1,0,1
6511088,61157,1,1,0
948720,61158,1,1,0
336560,61159,1,1,0
7119872,61160,1,0,1
704648,61161,1,1,0
6148936,61162,1,1,0
1682472,61163,1,0,1
1009976,61164,1,0,1
749792,61165,1,0,1
4406984,61166,1,1,0
132224,61167,1,1,0
4512624,61168,1,1,0
287128,61169,1,0,1
6677792,61170,1,1,0
5445512,61171,1,0,1
4846576,61172,1,0,1
872576,61173,1,0,1
1451880,61174,1,1,0
4431664,61175,1,0,1
7933632,61176,1,1,0
6335200,61177,1,0,1
1462968,61178,1,0,1
7057384,61179,1,1,0
476048,61180,1,1,0
2795600,61181,1,1,0
331392,61182,1,1,0
785728,61183,1,0,1
3583216,61184,1,1,0
3883104,61185,1,0,1
104488,61186,1,1,0
1684688,61187,1,0,1
7872208,61188,1,1,0
2833304,61189,1,1,0
7346880,61190,1,1,0
1849192,61191,1,1,0
2715200,61192,1,1,0
4201496,61193,1,1,0
3051264,61194,1,1,0
7609720,61195,1,0,1
8275208,61196,1,0,1
7543128,61197,1,0,1
622160,61198,1,1,0
2221016,61199,1,0,1
621664,61200,1,1,0
542840,61201,1,0,1
4533936,61202,1,1,0
1602664,61203,1,1,0
4712456,61204,1,0,1
2018520,61205,1,0,1
7533144,61206,1,0,1
653696,61207,1,1,0
2438352,61208,1,1,0
187952,61209,1,1,0
635648,61210,1,1,0
1403448,61211,1,1,0
185752,61212,1,0,1
2153160,61213,1,1,0
4327416,61214,1,1,0
151744,61215,1,1,0
4382400,61216,1,0,1
2465360,61217,1,1,0
2584296,61218,1,0,1
7629616,61219,1,0,1
3752744,61220,1,0,1
966176,61221,1,0,1
6411440,61222,1,1,0
457792,61223,1,1,0
548920,61224,1,0,1
5441112,61225,1,0,1
2539592,61226,1,0,1
3879200,61227,1,1,0
3240280,61228,1,1,0
1164048,61229,1,0,1
1226680,61230,1,1,0
7374600,61231,1,1,0
2478264,61232,1,0,1
1437480,61233,1,1,0
5198488,61234,1,1,0
560920,61235,1,1,0
2525080,61236,1,0,1
7340496,61237,1,1,0
4968992,61238,1,1,0
1037688,61239,1,0,1
5921928,61240,1,1,0
5857768,61241,1,0,1
2698976,61242,1,0,1
1589880,61243,1,0,1
1688712,61244,1,1,0
2342904,61245,1,1,0
4200448,61246,1,1,0
1572120,61247,1,0,1
919968,61248,1,0,1
7399528,61249,1,1,0
831840,61250,1,1,0
1869320,61251,1,0,1
5051288,61252,1,0,1
2153984,61253,1,1,0
2112680,61254,1,0,1
1049960,61255,1,1,0
1669936,61256,1,0,1
1423672,61257,1,0,1
1899736,61258,1,0,1
1392088,61259,1,1,0
6099184,61260,1,1,0
447680,61261,1,1,0
2321368,61262,1,1,0
639656,61263,1,1,0
2293384,61264,1,0,1
6252104,61265,1,0,1
2820680,61266,1,0,1
4061920,61267,1,1,0
5203240,61268,1,1,0
4651496,61269,1,1,0
4884720,61270,1,1,0
576608,61271,1,0,1
1573072,61272,1,1,0
140144,61273,1,1,0
3723464,61274,1,1,0
6040032,61275,1,0,1
2000296,61276,1,1,0
1254224,61277,1,1,0
7094464,61278,1,0,1
1254080,61279,1,1,0
8140512,61280,1,0,1
2364200,61281,1,0,1
1758848,61282,1,1,0
973264,61283,1,0,1
7447136,61284,1,0,1
6203000,61285,1,1,0
942192,61286,1,1,0
849456,61287,1,0,1
4374176,61288,1,1,0
4334728,61289,1,1,0
254440,61290,1,1,0
2078640,61291,1,1,0
1707904,61292,1,0,1
1603936,61293,1,0,1
6716552,61294,1,1,0
105992,61295,1,1,0
2768264,61296,1,1,0
1098568,61297,1,1,0
3512544,61298,1,1,0
1622440,61299,1,1,0
1141856,61300,1,0,1
2928552,61301,1,1,0
390520,61302,1,0,1
1899392,61303,1,0,1
2622000,61304,1,1,0
629656,61305,1,1,0
2898856,61306,1,0,1
5769048,61307,1,0,1
204824,61308,1,0,1
4587800,61309,1,0,1
3583344,61310,1,0,1
3828040,61311,1,1,0
1691840,61312,1,1,0
2395552,61313,1,1,0
811520,61314,1,0,1
8305936,61315,1,1,0
3808856,61316,1,0,1
2739624,61317,1,0,1
252760,61318,1,0,1
533712,61319,1,0,1
1918944,61320,1,1,0
822840,61321,1,1,0
6198640,61322,1,0,1
7022272,61323,1,0,1
2863664,61324,1,0,1
986720,61325,1,0,1
7075128,61326,1,1,0
1804296,61327,1,0,1
1008024,61328,1,0,1
1850120,61329,1,1,0
1504936,61330,1,1,0
4434680,61331,1,1,0
4692784,61332,1,0,1
5723888,61333,1,0,1
2673512,61334,1,1,0
2437928,61335,1,1,0
1226104,61336,1,1,0
6842216,61337,1,1,0
1470664,61338,1,0,1
113720,61339,1,1,0
2962760,61340,1,1,0
6383176,61341,1,0,1
230352,61342,1,0,1
829840,61343,1,0,1
3297392,61344,1,1,0
375192,61345,1,1,0
2714048,61346,1,1,0
1669528,61347,1,1,0
6821176,61348,1,1,0
2027032,61349,1,1,0
6061712,61350,1,1,0
5895640,61351,1,0,1
5245776,61352,1,1,0
1422168,61353,1,0,1
6233152,61354,1,1,0
6535944,61355,1,0,1
2881152,61356,1,1,0
6097120,61357,1,0,1
1247016,61358,1,0,1
6108480,61359,1,0,1
179624,61360,1,0,1
1893224,61361,1,1,0
1423024,61362,1,1,0
2797176,61363,1,1,0
2366440,61364,1,1,0
6377776,61365,1,1,0
254320,61366,1,1,0
1813872,61367,1,0,1
1573824,61368,1,1,0
1003344,61369,1,0,1
1636504,61370,1,0,1
4896280,61371,1,0,1
1810240,61372,1,0,1
3038408,61373,1,0,1
3596152,61374,1,1,0
2889672,61375,1,1,0
730160,61376,1,1,0
3977000,61377,1,0,1
2472792,61378,1,0,1
190304,61379,1,0,1
7601104,61380,1,0,1
664952,61381,1,0,1
1058104,61382,1,0,1
5287104,61383,1,0,1
542208,61384,1,1,0
2150792,61385,1,1,0
1359264,61386,1,1,0
735584,61387,1,1,0
2494336,61388,1,0,1
6779992,61389,1,0,1
4843704,61390,1,0,1
2823000,61391,1,1,0
6743712,61392,1,1,0
486224,61393,1,0,1
1091264,61394,1,1,0
1099784,61395,1,0,1
927024,61396,1,1,0
905008,61397,1,0,1
2574408,61398,1,0,1
4324048,61399,1,1,0
6157448,61400,1,0,1
2633032,61401,1,1,0
6292888,61402,1,1,0
1756008,61403,1,1,0
7706640,61404,1,1,0
7424592,61405,1,0,1
633584,61406,1,0,1
3303600,61407,1,0,1
4196248,61408,1,1,0
319680,61409,1,1,0
4485176,61410,1,0,1
494584,61411,1,1,0
7275376,61412,1,0,1
1938808,61413,1,0,1
2080656,61414,1,1,0
145160,61415,1,1,0
136528,61416,1,0,1
6675816,61417,1,1,0
1557896,61418,1,1,0
1918080,61419,1,1,0
8292480,61420,1,0,1
3415656,61421,1,0,1
1384216,61422,1,0,1
279496,61423,1,0,1
1907000,61424,1,1,0
635984,61425,1,1,0
5689008,61426,1,0,1
4415120,61427,1,0,1
120408,61428,1,0,1
2168688,61429,1,1,0
2074808,61430,1,1,0
834312,61431,1,1,0
2260632,61432,1,1,0
1214312,61433,1,0,1
7075824,61434,1,0,1
355600,61435,1,1,0
774048,61436,1,0,1
729128,61437,1,1,0
516400,61438,1,1,0
1655648,61439,1,0,1
1355568,61440,1,0,1
3246904,61441,1,0,1
516392,61442,1,1,0
3720400,61443,1,1,0
338112,61444,1,1,0
320192,61445,1,0,1
4815024,61446,1,1,0
2730912,61447,1,0,1
4446312,61448,1,0,1
1209576,61449,1,1,0
1142520,61450,1,1,0
5889344,61451,1,1,0
443432,61452,1,0,1
4276160,61453,1,0,1
1040096,61454,1,1,0
1974672,61455,1,1,0
4999464,61456,1,0,1
803536,61457,1,0,1
1498032,61458,1,1,0
4158264,61459,1,1,0
631120,61460,1,0,1
3264632,61461,1,1,0
2930424,61462,1,1,0
648608,61463,1,0,1
1372800,61464,1,0,1
1741736,61465,1,0,1
1429336,61466,1,1,0
1447560,61467,1,0,1
5494928,61468,1,0,1
7180368,61469,1,0,1
494008,61470,1,1,0
4899520,61471,1,1,0
2918256,61472,1,0,1
7640632,61473,1,0,1
2870600,61474,1,1,0
2376064,61475,1,0,1
1331168,61476,1,0,1
2621816,61477,1,1,0
429728,61478,1,0,1
815856,61479,1,1,0
5191440,61480,1,1,0
3609168,61481,1,1,0
4331136,61482,1,0,1
3645176,61483,1,1,0
6167688,61484,1,0,1
483384,61485,1,1,0
3092560,61486,1,0,1
1333200,61487,1,1,0
518368,61488,1,0,1
4333560,61489,1,1,0
3995400,61490,1,0,1
4162176,61491,1,1,0
2908128,61492,1,1,0
1569096,61493,1,1,0
374032,61494,1,0,1
611968,61495,1,0,1
2150568,61496,1,1,0
90664,61497,1,1,0
2329248,61498,1,1,0
1052824,61499,1,1,0
1829856,61500,1,1,0
4323888,61501,1,1,0
1639640,61502,1,1,0
1367912,61503,1,1,0
2138656,61504,1,1,0
7320432,61505,1,1,0
6681648,61506,1,1,0
1361224,61507,1,0,1
732352,61508,1,1,0
3319408,61509,1,0,1
3500432,61510,1,1,0
1081928,61511,1,1,0
3479864,61512,1,0,1
6157760,61513,1,1,0
642624,61514,1,1,0
6130200,61515,1,1,0
1963416,61516,1,0,1
2747608,61517,1,1,0
6025384,61518,1,1,0
958688,61519,1,1,0
3539888,61520,1,0,1
116744,61521,1,0,1
441800,61522,1,1,0
322600,61523,1,1,0
431160,61524,1,1,0
2449816,61525,1,0,1
6118928,61526,1,0,1
2089288,61527,1,0,1
445560,61528,1,1,0
496984,61529,1,1,0
3091216,61530,1,1,0
1538296,61531,1,1,0
6565984,61532,1,0,1
6117624,61533,1,0,1
5934096,61534,1,1,0
751496,61535,1,0,1
8081008,61536,1,1,0
225792,61537,1,1,0
1707512,61538,1,1,0
136192,61539,1,1,0
5150072,61540,1,0,1
3306888,61541,1,1,0
416920,61542,1,0,1
5225872,61543,1,1,0
482384,61544,1,0,1
779760,61545,1,0,1
1844024,61546,1,1,0
5392352,61547,1,1,0
6253224,61548,1,1,0
1334872,61549,1,0,1
426696,61550,1,1,0
913024,61551,1,0,1
6391720,61552,1,1,0
1965600,61553,1,1,0
1670928,61554,1,1,0
2892944,61555,1,1,0
2252976,61556,1,0,1
7408496,61557,1,1,0
1166000,61558,1,1,0
6058360,61559,1,1,0
2566168,61560,1,1,0
8380376,61561,1,1,0
903880,61562,1,1,0
7107296,61563,1,1,0
1597168,61564,1,0,1
3370624,61565,1,0,1
923136,61566,1,0,1
5661744,61567,1,1,0
2376744,61568,1,1,0
7393776,61569,1,1,0
2958952,61570,1,1,0
376384,61571,1,1,0
1672280,61572,1,0,1
5265288,61573,1,1,0
5400680,61574,1,1,0
2728584,61575,1,0,1
4591272,61576,1,0,1
782064,61577,1,0,1
480760,61578,1,0,1
2016328,61579,1,0,1
4581080,61580,1,0,1
5773768,61581,1,1,0
5381416,61582,1,0,1
309032,61583,1,0,1
1874968,61584,1,1,0
1594136,61585,1,0,1
744296,61586,1,1,0
6757144,61587,1,1,0
2829952,61588,1,0,1
8091648,61589,1,1,0
1047736,61590,1,1,0
2390504,61591,1,1,0
4592144,61592,1,1,0
3397152,61593,1,1,0
1780144,61594,1,0,1
1567632,61595,1,1,0
4312712,61596,1,0,1
897640,61597,1,1,0
996328,61598,1,0,1
6791200,61599,1,1,0
866376,61600,1,0,1
1991320,61601,1,0,1
273336,61602,1,0,1
3537376,61603,1,0,1
4272384,61604,1,0,1
1427144,61605,1,1,0
4965128,61606,1,0,1
3836136,61607,1,0,1
3808896,61608,1,1,0
241384,61609,1,0,1
2098856,61610,1,0,1
1581120,61611,1,1,0
1455432,61612,1,0,1
5515008,61613,1,1,0
2407040,61614,1,0,1
1860440,61615,1,1,0
364512,61616,1,1,0
2413080,61617,1,1,0
958136,61618,1,0,1
2401704,61619,1,0,1
7163848,61620,1,1,0
1031864,61621,1,1,0
6604408,61622,1,1,0
2266224,61623,1,0,1
6108376,61624,1,0,1
2098416,61625,1,1,0
4733016,61626,1,0,1
1697544,61627,1,0,1
656048,61628,1,0,1
529632,61629,1,1,0
5871688,61630,1,0,1
7821704,61631,1,1,0
599088,61632,1,0,1
6626328,61633,1,1,0
4267544,61634,1,0,1
4308536,61635,1,1,0
3058952,61636,1,0,1
1210544,61637,1,0,1
6143784,61638,1,0,1
210976,61639,1,0,1
7440280,61640,1,1,0
6176904,61641,1,0,1
1381904,61642,1,0,1
6708224,61643,1,0,1
4668144,61644,1,0,1
7752928,61645,1,0,1
4645272,61646,1,0,1
333072,61647,1,1,0
7677248,61648,1,1,0
138816,61649,1,1,0
2951368,61650,1,0,1
915208,61651,1,1,0
6086288,61652,1,0,1
4412392,61653,1,0,1
7118656,61654,1,0,1
1100488,61655,1,1,0
596288,61656,1,1,0
8319424,61657,1,0,1
4804392,61658,1,0,1
3331120,61659,1,1,0
492104,61660,1,1,0
1257424,61661,1,1,0
3729240,61662,1,1,0
3545448,61663,1,0,1
3586224,61664,1,1,0
6539792,61665,1,1,0
5548088,61666,1,0,1
5390720,61667,1,1,0
3077432,61668,1,0,1
1665880,61669,1,1,0
7817424,61670,1,0,1
2272528,61671,1,0,1
344000,61672,1,0,1
1751088,61673,1,1,0
790880,61674,1,0,1
4249744,61675,1,0,1
3957600,61676,1,1,0
7845352,61677,1,0,1
3992648,61678,1,0,1
2240096,61679,1,1,0
3432608,61680,1,1,0
7751456,61681,1,0,1
4625464,61682,1,0,1
4139328,61683,1,0,1
1884496,61684,1,0,1
1233704,61685,1,0,1
3041136,61686,1,0,1
6535360,61687,1,0,1
756184,61688,1,1,0
7124472,61689,1,1,0
1581888,61690,1,1,0
2926896,61691,1,0,1
3441768,61692,1,0,1
201896,61693,1,0,1
415696,61694,1,0,1
1019696,61695,1,1,0
2877120,61696,1,0,1
2077240,61697,1,0,1
8223704,61698,1,0,1
6408360,61699,1,0,1
4628872,61700,1,0,1
3638552,61701,1,0,1
1132032,61702,1,1,0
3778832,61703,1,1,0
1315848,61704,1,1,0
2392256,61705,1,1,0
7150880,61706,1,1,0
1187992,61707,1,1,0
1266808,61708,1,1,0
1625248,61709,1,0,1
1380536,61710,1,0,1
1687384,61711,1,0,1
679192,61712,1,1,0
3147864,61713,1,1,0
7803504,61714,1,0,1
1008072,61715,1,0,1
7518848,61716,1,1,0
7498032,61717,1,1,0
2793784,61718,1,0,1
5926568,61719,1,0,1
7392888,61720,1,1,0
5303936,61721,1,1,0
1099392,61722,1,1,0
662368,61723,1,1,0
347440,61724,1,1,0
198672,61725,1,1,0
879472,61726,1,0,1
845920,61727,1,1,0
2568808,61728,1,0,1
405136,61729,1,0,1
5044440,61730,1,0,1
4616040,61731,1,0,1
2238984,61732,1,1,0
6599944,61733,1,0,1
1297112,61734,1,1,0
8371392,61735,1,0,1
217048,61736,1,0,1
1040776,61737,1,0,1
2951192,61738,1,1,0
140360,61739,1,1,0
890768,61740,1,1,0
741856,61741,1,0,1
4005120,61742,1,1,0
581960,61743,1,0,1
2425504,61744,1,1,0
1125960,61745,1,1,0
2316872,61746,1,1,0
1417256,61747,1,1,0
877056,61748,1,0,1
7898032,61749,1,0,1
7265768,61750,1,1,0
525640,61751,1,0,1
122704,61752,1,0,1
2998464,61753,1,1,0
1812248,61754,1,1,0
3134744,61755,1,1,0
241128,61756,1,0,1
5503064,61757,1,0,1
649808,61758,1,0,1
546640,61759,1,1,0
238712,61760,1,0,1
2569656,61761,1,1,0
3907680,61762,1,0,1
297400,61763,1,1,0
5507800,61764,1,0,1
2165840,61765,1,0,1
7869760,61766,1,1,0
5757368,61767,1,0,1
5705352,61768,1,1,0
1006152,61769,1,0,1
3152616,61770,1,0,1
1769536,61771,1,1,0
223136,61772,1,1,0
1179040,61773,1,1,0
2047696,61774,1,1,0
7690944,61775,1,1,0
2967608,61776,1,0,1
321920,61777,1,1,0
3198776,61778,1,1,0
1566592,61779,1,1,0
3608144,61780,1,0,1
320776,61781,1,0,1
4839072,61782,1,1,0
1193424,61783,1,0,1
598344,61784,1,0,1
3321976,61785,1,0,1
7865456,61786,1,0,1
3228872,61787,1,1,0
1897008,61788,1,0,1
2015880,61789,1,1,0
2609744,61790,1,1,0
295000,61791,1,0,1
1009896,61792,1,0,1
4922056,61793,1,0,1
2062056,61794,1,1,0
2293880,61795,1,0,1
226400,61796,1,0,1
1947152,61797,1,0,1
652936,61798,1,1,0
1419792,61799,1,1,0
1095680,61800,1,1,0
2325312,61801,1,1,0
223848,61802,1,1,0
5583344,61803,1,0,1
748512,61804,1,0,1
3100160,61805,1,0,1
1022248,61806,1,0,1
2824456,61807,1,0,1
303544,61808,1,1,0
6661288,61809,1,0,1
765080,61810,1,1,0
2332120,61811,1,1,0
1814232,61812,1,1,0
1881264,61813,1,1,0
2680760,61814,1,0,1
764632,61815,1,0,1
8017472,61816,1,0,1
5078504,61817,1,0,1
7854800,61818,1,0,1
845712,61819,1,1,0
623320,61820,1,1,0
324472,61821,1,0,1
1642744,61822,1,0,1
786032,61823,1,0,1
3052616,61824,1,0,1
3813952,61825,1,0,1
2898352,61826,1,0,1
1125328,61827,1,1,0
382216,61828,1,1,0
495416,61829,1,1,0
3773648,61830,1,1,0
923848,61831,1,1,0
430968,61832,1,0,1
331152,61833,1,1,0
2973184,61834,1,1,0
494048,61835,1,1,0
1978432,61836,1,1,0
5238408,61837,1,1,0
7445592,61838,1,1,0
1313064,61839,1,0,1
958936,61840,1,0,1
1587744,61841,1,0,1
6991656,61842,1,1,0
2200288,61843,1,1,0
1125016,61844,1,0,1
952200,61845,1,0,1
746056,61846,1,1,0
3002568,61847,1,0,1
6212352,61848,1,0,1
698384,61849,1,0,1
1805088,61850,1,0,1
4421128,61851,1,0,1
3801288,61852,1,1,0
438792,61853,1,0,1
3263760,61854,1,1,0
864016,61855,1,0,1
7399368,61856,1,1,0
4165576,61857,1,1,0
3099272,61858,1,0,1
1772328,61859,1,1,0
5667520,61860,1,0,1
599256,61861,1,0,1
1468152,61862,1,0,1
329984,61863,1,1,0
2137520,61864,1,0,1
1526616,61865,1,0,1
7902264,61866,1,0,1
4080512,61867,1,0,1
659592,61868,1,0,1
4320296,61869,1,0,1
5038888,61870,1,0,1
4181760,61871,1,1,0
264056,61872,1,0,1
7577168,61873,1,0,1
2341040,61874,1,1,0
4968712,61875,1,0,1
1941672,61876,1,1,0
1435080,61877,1,1,0
2604016,61878,1,1,0
1838288,61879,1,1,0
275912,61880,1,0,1
960336,61881,1,1,0
350920,61882,1,1,0
4570048,61883,1,0,1
2157888,61884,1,0,1
5684088,61885,1,1,0
201712,61886,1,0,1
931528,61887,1,1,0
6820848,61888,1,1,0
6471880,61889,1,0,1
4474440,61890,1,1,0
6753016,61891,1,1,0
6071088,61892,1,1,0
6827088,61893,1,0,1
225648,61894,1,0,1
6683424,61895,1,0,1
3273864,61896,1,1,0
4113904,61897,1,0,1
4438608,61898,1,0,1
2677160,61899,1,1,0
4012144,61900,1,1,0
7019480,61901,1,0,1
450096,61902,1,0,1
1566544,61903,1,0,1
6353624,61904,1,1,0
6440944,61905,1,1,0
4849592,61906,1,1,0
1060400,61907,1,0,1
890736,61908,1,0,1
2059880,61909,1,0,1
4992928,61910,1,0,1
3051512,61911,1,0,1
2798952,61912,1,1,0
1291304,61913,1,1,0
3970160,61914,1,0,1
6998624,61915,1,0,1
8250960,61916,1,1,0
2776472,61917,1,1,0
5684832,61918,1,1,0
611280,61919,1,1,0
1396568,61920,1,1,0
1162752,61921,1,1,0
189544,61922,1,0,1
5275504,61923,1,1,0
512072,61924,1,1,0
2388864,61925,1,0,1
419136,61926,1,0,1
2545408,61927,1,1,0
4928072,61928,1,0,1
4969920,61929,1,1,0
341280,61930,1,0,1
5529480,61931,1,1,0
4708616,61932,1,0,1
1576896,61933,1,0,1
541512,61934,1,0,1
283712,61935,1,1,0
6633104,61936,1,0,1
404496,61937,1,1,0
253896,61938,1,1,0
770464,61939,1,1,0
1853512,61940,1,1,0
2887416,61941,1,0,1
1869312,61942,1,0,1
6314568,61943,1,0,1
7975624,61944,1,1,0
455512,61945,1,1,0
7236120,61946,1,0,1
3370056,61947,1,0,1
672320,61948,1,1,0
4897392,61949,1,1,0
5164528,61950,1,1,0
1688904,61951,1,0,1
3506024,61952,1,1,0
5118896,61953,1,1,0
7149080,61954,1,1,0
2224504,61955,1,1,0
607560,61956,1,0,1
2333672,61957,1,0,1
263712,61958,1,1,0
5232400,61959,1,0,1
4104288,61960,1,0,1
337032,61961,1,0,1
8211872,61962,1,1,0
5654256,61963,1,0,1
7258968,61964,1,0,1
1063768,61965,1,0,1
1268816,61966,1,1,0
1059112,61967,1,1,0
1621968,61968,1,0,1
1497328,61969,1,1,0
5678920,61970,1,0,1
1827680,61971,1,1,0
1512736,61972,1,1,0
249792,61973,1,1,0
2043856,61974,1,0,1
567744,61975,1,0,1
1651224,61976,1,1,0
7497680,61977,1,1,0
307016,61978,1,0,1
2883600,61979,1,1,0
497784,61980,1,0,1
174928,61981,1,0,1
1617968,61982,1,0,1
488088,61983,1,0,1
344136,61984,1,1,0
931072,61985,1,0,1
4581792,61986,1,0,1
2062216,61987,1,0,1
615464,61988,1,0,1
4805296,61989,1,0,1
1367144,61990,1,0,1
5477584,61991,1,0,1
3900088,61992,1,0,1
1549672,61993,1,1,0
3156696,61994,1,1,0
7284552,61995,1,0,1
965872,61996,1,1,0
4482936,61997,1,1,0
5009408,61998,1,0,1
2646864,61999,1,0,1
1072232,62000,1,1,0
875592,62001,1,1,0
2378200,62002,1,1,0
7889752,62003,1,0,1
3004208,62004,1,1,0
3069200,62005,1,0,1
774616,62006,1,1,0
7697536,62007,1,0,1
805840,62008,1,1,0
6534864,62009,1,0,1
987592,62010,1,1,0
6455688,62011,1,0,1
8352080,62012,1,0,1
5145384,62013,1,1,0
5329248,62014,1,0,1
3556160,62015,1,0,1
5748952,62016,1,1,0
413952,62017,1,0,1
2757392,62018,1,1,0
3152936,62019,1,0,1
8086824,62020,1,0,1
2191600,62021,1,1,0
5350192,62022,1,0,1
7028624,62023,1,1,0
7685264,62024,1,0,1
5404224,62025,1,1,0
3020880,62026,1,1,0
1526976,62027,1,0,1
3917920,62028,1,0,1
3467072,62029,1,0,1
5518416,62030,1,0,1
1979464,62031,1,1,0
1377664,62032,1,1,0
7880824,62033,1,0,1
3545104,62034,1,0,1
1209200,62035,1,1,0
1147976,62036,1,1,0
2284704,62037,1,1,0
981480,62038,1,1,0
1679952,62039,1,1,0
8340752,62040,1,0,1
2425520,62041,1,0,1
2456232,62042,1,1,0
2459968,62043,1,1,0
5926752,62044,1,0,1
6826896,62045,1,0,1
497736,62046,1,1,0
349888,62047,1,0,1
1384904,62048,1,1,0
4043760,62049,1,0,1
1119032,62050,1,1,0
4412952,62051,1,1,0
284496,62052,1,0,1
2421408,62053,1,1,0
565840,62054,1,1,0
730656,62055,1,0,1
322048,62056,1,0,1
2163672,62057,1,1,0
889376,62058,1,0,1
4630192,62059,1,0,1
1486736,62060,1,0,1
7930640,62061,1,0,1
6315992,62062,1,1,0
4733392,62063,1,1,0
818896,62064,1,1,0
1653864,62065,1,0,1
5253352,62066,1,1,0
1385808,62067,1,0,1
7486480,62068,1,0,1
7562992,62069,1,0,1
3676528,62070,1,0,1
1020552,62071,1,0,1
609504,62072,1,1,0
4770784,62073,1,1,0
4430912,62074,1,0,1
2391960,62075,1,0,1
1550064,62076,1,0,1
4744824,62077,1,0,1
858744,62078,1,1,0
721616,62079,1,1,0
523728,62080,1,0,1
6116856,62081,1,0,1
5590592,62082,1,1,0
406976,62083,1,0,1
3069232,62084,1,0,1
7139448,62085,1,0,1
1436120,62086,1,0,1
1842560,62087,1,0,1
2242264,62088,1,0,1
303232,62089,1,1,0
4995328,62090,1,1,0
5862600,62091,1,1,0
1997024,62092,1,0,1
342944,62093,1,1,0
6216280,62094,1,1,0
2815176,62095,1,0,1
1551384,62096,1,1,0
1689424,62097,1,1,0
297696,62098,1,1,0
7799184,62099,1,1,0
1304672,62100,1,0,1
7625960,62101,1,0,1
1565560,62102,1,1,0
4647512,62103,1,1,0
689896,62104,1,1,0
2219696,62105,1,0,1
2770480,62106,1,0,1
7303960,62107,1,0,1
2962416,62108,1,1,0
497616,62109,1,0,1
4270424,62110,1,1,0
4839176,62111,1,1,0
5945232,62112,1,1,0
5470264,62113,1,0,1
1019040,62114,1,0,1
273712,62115,1,0,1
1336280,62116,1,1,0
1261208,62117,1,0,1
1346784,62118,1,0,1
333800,62119,1,0,1
4100408,62120,1,1,0
5253888,62121,1,1,0
2406528,62122,1,1,0
1448520,62123,1,1,0
536392,62124,1,0,1
3401944,62125,1,0,1
1670728,62126,1,0,1
353360,62127,1,1,0
4212776,62128,1,1,0
1416584,62129,1,1,0
2482456,62130,1,0,1
1067856,62131,1,1,0
4142200,62132,1,0,1
2104760,62133,1,1,0
2201304,62134,1,1,0
3032456,62135,1,1,0
464136,62136,1,0,1
7496112,62137,1,0,1
7753392,62138,1,0,1
6761376,62139,1,1,0
405320,62140,1,1,0
662496,62141,1,1,0
3182280,62142,1,0,1
4953920,62143,1,0,1
6215536,62144,1,1,0
4693440,62145,1,0,1
854536,62146,1,1,0
4546864,62147,1,1,0
878744,62148,1,0,1
5914472,62149,1,0,1
1808608,62150,1,0,1
4052632,62151,1,1,0
1442224,62152,1,1,0
465704,62153,1,1,0
613136,62154,1,0,1
2663896,62155,1,0,1
515024,62156,1,1,0
1607208,62157,1,0,1
5572968,62158,1,1,0
5026944,62159,1,0,1
1783224,62160,1,0,1
7378616,62161,1,0,1
2919944,62162,1,0,1
2499912,62163,1,0,1
1332704,62164,1,0,1
2318728,62165,1,1,0
1916744,62166,1,0,1
4143976,62167,1,1,0
2751520,62168,1,1,0
936752,62169,1,0,1
6394696,62170,1,0,1
1103720,62171,1,0,1
352920,62172,1,1,0
5717640,62173,1,0,1
444744,62174,1,0,1
303032,62175,1,1,0
923992,62176,1,1,0
6420928,62177,1,1,0
3912584,62178,1,1,0
3695360,62179,1,0,1
1751384,62180,1,1,0
4973296,62181,1,0,1
6163504,62182,1,1,0
5613552,62183,1,0,1
2918744,62184,1,0,1
651416,62185,1,0,1
1185480,62186,1,1,0
3395344,62187,1,1,0
6936448,62188,1,0,1
1468144,62189,1,0,1
6494208,62190,1,0,1
3411432,62191,1,0,1
677504,62192,1,0,1
420600,62193,1,0,1
7861288,62194,1,1,0
1493576,62195,1,0,1
2570696,62196,1,0,1
1272336,62197,1,1,0
6244496,62198,1,0,1
2909752,62199,1,0,1
6037856,62200,1,1,0
4672456,62201,1,0,1
3568176,62202,1,1,0
1292312,62203,1,0,1
5309880,62204,1,0,1
1074592,62205,1,1,0
501040,62206,1,1,0
1063632,62207,1,1,0
2369904,62208,1,0,1
1601056,62209,1,1,0
1223608,62210,1,1,0
6011792,62211,1,0,1
1391608,62212,1,0,1
389064,62213,1,1,0
407296,62214,1,0,1
4068568,62215,1,0,1
6211128,62216,1,0,1
8009112,62217,1,0,1
5828784,62218,1,0,1
8147720,62219,1,1,0
3415064,62220,1,1,0
2662504,62221,1,1,0
3755976,62222,1,0,1
204688,62223,1,0,1
652544,62224,1,1,0
504968,62225,1,0,1
1765896,62226,1,1,0
138496,62227,1,1,0
1769720,62228,1,0,1
2435952,62229,1,0,1
4355320,62230,1,1,0
5703248,62231,1,1,0
500648,62232,1,1,0
6629064,62233,1,0,1
4957528,62234,1,1,0
1053744,62235,1,0,1
1644872,62236,1,1,0
4422384,62237,1,1,0
5337456,62238,1,0,1
2022824,62239,1,1,0
5098800,62240,1,0,1
5573256,62241,1,1,0
3956256,62242,1,1,0
5383776,62243,1,1,0
5473312,62244,1,1,0
2643416,62245,1,1,0
5732672,62246,1,0,1
3614504,62247,1,0,1
1294240,62248,1,0,1
5102376,62249,1,1,0
2305936,62250,1,1,0
7717408,62251,1,1,0
765392,62252,1,0,1
5306848,62253,1,1,0
2171936,62254,1,1,0
3398392,62255,1,0,1
7443712,62256,1,1,0
3050376,62257,1,1,0
3506112,62258,1,1,0
1171440,62259,1,1,0
485776,62260,1,0,1
417936,62261,1,0,1
2704784,62262,1,1,0
4387296,62263,1,1,0
1337136,62264,1,0,1
3137504,62265,1,0,1
3443880,62266,1,0,1
7520616,62267,1,1,0
5922952,62268,1,0,1
2892296,62269,1,0,1
4919976,62270,1,1,0
587176,62271,1,1,0
7680608,62272,1,1,0
479632,62273,1,0,1
3083840,62274,1,0,1
2547832,62275,1,0,1
6874968,62276,1,1,0
645072,62277,1,1,0
451216,62278,1,0,1
7986128,62279,1,1,0
2777168,62280,1,0,1
972632,62281,1,1,0
1822616,62282,1,1,0
762944,62283,1,0,1
1132664,62284,1,1,0
2592112,62285,1,1,0
1832920,62286,1,0,1
1773808,62287,1,1,0
2673760,62288,1,0,1
3306952,62289,1,0,1
2270016,62290,1,0,1
3751312,62291,1,0,1
3715544,62292,1,0,1
621144,62293,1,0,1
123248,62294,1,1,0
7859192,62295,1,0,1
5551000,62296,1,0,1
468432,62297,1,0,1
5210304,62298,1,1,0
4560992,62299,1,0,1
7484744,62300,1,0,1
442472,62301,1,1,0
425992,62302,1,1,0
1514544,62303,1,0,1
1355912,62304,1,0,1
1307712,62305,1,0,1
2714888,62306,1,0,1
3541416,62307,1,1,0
4878648,62308,1,0,1
1385280,62309,1,0,1
999824,62310,1,1,0
7981464,62311,1,0,1
4515168,62312,1,1,0
203896,62313,1,0,1
6231680,62314,1,1,0
254640,62315,1,1,0
6195128,62316,1,0,1
557960,62317,1,0,1
985464,62318,1,0,1
4128456,62319,1,1,0
1424816,62320,1,1,0
4732568,62321,1,0,1
4580784,62322,1,1,0
863024,62323,1,0,1
807952,62324,1,1,0
409056,62325,1,1,0
2943456,62326,1,0,1
2537888,62327,1,1,0
2148464,62328,1,0,1
3217512,62329,1,1,0
2546120,62330,1,0,1
258256,62331,1,1,0
2308328,62332,1,1,0
1185952,62333,1,1,0
721720,62334,1,0,1
572096,62335,1,1,0
6466072,62336,1,0,1
2656864,62337,1,0,1
3976672,62338,1,1,0
1762224,62339,1,0,1
653432,62340,1,0,1
3279936,62341,1,0,1
88888,62342,1,1,0
1708552,62343,1,0,1
572472,62344,1,0,1
5858152,62345,1,0,1
1906600,62346,1,0,1
1052432,62347,1,1,0
1474200,62348,1,1,0
122960,62349,1,0,1
2618944,62350,1,0,1
6663544,62351,1,0,1
1018888,62352,1,0,1
6391880,62353,1,1,0
1533448,62354,1,0,1
2147120,62355,1,0,1
372568,62356,1,0,1
1394656,62357,1,0,1
540616,62358,1,1,0
757840,62359,1,0,1
739024,62360,1,1,0
1970688,62361,1,1,0
2920544,62362,1,0,1
3415672,62363,1,1,0
1132352,62364,1,0,1
4613880,62365,1,0,1
2293480,62366,1,1,0
279136,62367,1,0,1
1974360,62368,1,1,0
2203312,62369,1,0,1
2602488,62370,1,1,0
1175840,62371,1,0,1
5302232,62372,1,0,1
3604416,62373,1,0,1
562264,62374,1,0,1
1574040,62375,1,0,1
1361072,62376,1,1,0
3228512,62377,1,0,1
622384,62378,1,0,1
7431272,62379,1,1,0
604472,62380,1,1,0
690504,62381,1,0,1
216664,62382,1,1,0
4885872,62383,1,0,1
1529720,62384,1,1,0
6234448,62385,1,0,1
3140304,62386,1,1,0
4334032,62387,1,1,0
684488,62388,1,1,0
7262056,62389,1,0,1
3847856,62390,1,1,0
1649936,62391,1,1,0
4124128,62392,1,1,0
537072,62393,1,0,1
1537472,62394,1,0,1
4782200,62395,1,0,1
1616488,62396,1,0,1
625416,62397,1,0,1
953960,62398,1,0,1
1704584,62399,1,0,1
6835952,62400,1,0,1
678688,62401,1,1,0
706816,62402,1,0,1
7391096,62403,1,0,1
5660960,62404,1,0,1
4029792,62405,1,0,1
1428512,62406,1,0,1
7978912,62407,1,1,0
2357312,62408,1,0,1
4964688,62409,1,0,1
6082432,62410,1,1,0
8005832,62411,1,0,1
921656,62412,1,0,1
1640496,62413,1,0,1
435176,62414,1,1,0
1770824,62415,1,1,0
996056,62416,1,0,1
544840,62417,1,1,0
1309936,62418,1,1,0
1679472,62419,1,1,0
1164056,62420,1,1,0
2479288,62421,1,1,0
4615504,62422,1,0,1
536288,62423,1,0,1
7155088,62424,1,1,0
510376,62425,1,1,0
382152,62426,1,1,0
426640,62427,1,0,1
7360512,62428,1,1,0
6647552,62429,1,1,0
1787288,62430,1,1,0
3611728,62431,1,0,1
475088,62432,1,0,1
2569736,62433,1,0,1
6535064,62434,1,1,0
2449392,62435,1,0,1
559712,62436,1,0,1
960760,62437,1,0,1
1297624,62438,1,1,0
8165744,62439,1,0,1
1645880,62440,1,1,0
4342816,62441,1,1,0
2583056,62442,1,1,0
1818536,62443,1,0,1
3598160,62444,1,0,1
652920,62445,1,0,1
7129432,62446,1,0,1
878224,62447,1,1,0
1040056,62448,1,0,1
608360,62449,1,1,0
1826632,62450,1,0,1
636176,62451,1,1,0
144928,62452,1,1,0
7005112,62453,1,1,0
678168,62454,1,0,1
1502432,62455,1,0,1
3990400,62456,1,0,1
3560048,62457,1,0,1
3650752,62458,1,1,0
633840,62459,1,0,1
4359904,62460,1,0,1
4323624,62461,1,0,1
236680,62462,1,1,0
6699712,62463,1,0,1
491816,62464,1,0,1
7764704,62465,1,1,0
2689856,62466,1,1,0
6931336,62467,1,0,1
1363056,62468,1,0,1
1804752,62469,1,0,1
7805088,62470,1,0,1
910440,62471,1,0,1
1371864,62472,1,0,1
3992912,62473,1,1,0
908248,62474,1,1,0
622944,62475,1,1,0
4172088,62476,1,1,0
2555656,62477,1,0,1
4267992,62478,1,1,0
7509744,62479,1,0,1
3345184,62480,1,1,0
7693176,62481,1,0,1
2776136,62482,1,1,0
281464,62483,1,0,1
1228584,62484,1,0,1
7655264,62485,1,1,0
144656,62486,1,1,0
3813408,62487,1,1,0
3523472,62488,1,1,0
376488,62489,1,1,0
2724768,62490,1,0,1
2264496,62491,1,0,1
916072,62492,1,0,1
5625560,62493,1,0,1
2252520,62494,1,1,0
2172552,62495,1,1,0
7174576,62496,1,1,0
689672,62497,1,0,1
313000,62498,1,0,1
522832,62499,1,0,1
5388864,62500,1,0,1
2177984,62501,1,0,1
2175000,62502,1,0,1
1493176,62503,1,0,1
618904,62504,1,0,1
2946664,62505,1,0,1
7156880,62506,1,1,0
6187408,62507,1,1,0
2525376,62508,1,0,1
7901768,62509,1,0,1
3352272,62510,1,1,0
380456,62511,1,1,0
2362216,62512,1,1,0
3795272,62513,1,1,0
2870608,62514,1,0,1
1222456,62515,1,0,1
3172664,62516,1,1,0
3694112,62517,1,1,0
522768,62518,1,0,1
2943672,62519,1,0,1
5478168,62520,1,0,1
7891544,62521,1,1,0
1167488,62522,1,0,1
3890456,62523,1,1,0
153112,62524,1,1,0
7948280,62525,1,0,1
5765032,62526,1,1,0
3827904,62527,1,0,1
1162672,62528,1,0,1
7963016,62529,1,1,0
4492336,62530,1,0,1
1326448,62531,1,1,0
152544,62532,1,0,1
2550856,62533,1,0,1
760640,62534,1,1,0
2234144,62535,1,1,0
2921056,62536,1,0,1
991504,62537,1,1,0
4231880,62538,1,0,1
2920840,62539,1,1,0
2594304,62540,1,0,1
3149808,62541,1,0,1
470280,62542,1,0,1
6327584,62543,1,0,1
1147536,62544,1,0,1
5214600,62545,1,1,0
941576,62546,1,0,1
3265480,62547,1,1,0
4449360,62548,1,0,1
5237336,62549,1,0,1
5183560,62550,1,0,1
2193328,62551,1,0,1
3497704,62552,1,1,0
6397504,62553,1,1,0
1678640,62554,1,1,0
5791424,62555,1,0,1
443208,62556,1,1,0
3435704,62557,1,0,1
878824,62558,1,0,1
5592104,62559,1,0,1
913912,62560,1,0,1
6275688,62561,1,0,1
333920,62562,1,0,1
1415288,62563,1,1,0
854408,62564,1,1,0
2218712,62565,1,0,1
382400,62566,1,0,1
1158304,62567,1,1,0
6249368,62568,1,1,0
6339056,62569,1,1,0
284408,62570,1,1,0
2273136,62571,1,1,0
4913584,62572,1,0,1
1151208,62573,1,1,0
2497392,62574,1,0,1
4062368,62575,1,1,0
2475568,62576,1,1,0
1298760,62577,1,0,1
3327024,62578,1,0,1
4040344,62579,1,1,0
6735696,62580,1,1,0
7510576,62581,1,1,0
3774752,62582,1,1,0
1294120,62583,1,1,0
6431288,62584,1,0,1
8290240,62585,1,0,1
7588928,62586,1,1,0
842624,62587,1,1,0
502864,62588,1,0,1
5049200,62589,1,0,1
288272,62590,1,0,1
3486776,62591,1,0,1
1277960,62592,1,0,1
7466872,62593,1,1,0
818152,62594,1,0,1
756200,62595,1,1,0
200888,62596,1,1,0
6649360,62597,1,0,1
926248,62598,1,1,0
3402640,62599,1,1,0
5952992,62600,1,1,0
4037440,62601,1,0,1
7159512,62602,1,1,0
7185144,62603,1,0,1
3485480,62604,1,1,0
1664344,62605,1,0,1
4629288,62606,1,1,0
7031992,62607,1,1,0
192472,62608,1,0,1
218544,62609,1,1,0
1474496,62610,1,0,1
2984504,62611,1,1,0
6149328,62612,1,1,0
5291960,62613,1,1,0
212648,62614,1,0,1
2941904,62615,1,1,0
7051440,62616,1,1,0
1604648,62617,1,0,1
3049504,62618,1,0,1
61448,62619,1,0,1
1531648,62620,1,0,1
7087608,62621,1,0,1
1185336,62622,1,1,0
403864,62623,1,0,1
586232,62624,1,0,1
1575616,62625,1,1,0
6619568,62626,1,1,0
6514712,62627,1,1,0
1287048,62628,1,1,0
935800,62629,1,0,1
226536,62630,1,0,1
2548464,62631,1,1,0
932528,62632,1,1,0
6176960,62633,1,1,0
5043304,62634,1,1,0
7001992,62635,1,0,1
2341904,62636,1,0,1
4556840,62637,1,0,1
623928,62638,1,1,0
184304,62639,1,1,0
1728624,62640,1,1,0
7850680,62641,1,1,0
6997080,62642,1,1,0
735216,62643,1,0,1
3274816,62644,1,1,0
1566008,62645,1,0,1
2424152,62646,1,0,1
8115448,62647,1,1,0
924064,62648,1,0,1
675264,62649,1,1,0
984008,62650,1,0,1
3791448,62651,1,1,0
2526152,62652,1,0,1
751904,62653,1,0,1
1741336,62654,1,1,0
3409920,62655,1,1,0
1406128,62656,1,0,1
345400,62657,1,1,0
647880,62658,1,1,0
2611360,62659,1,0,1
1182624,62660,1,0,1
338600,62661,1,0,1
2320008,62662,1,0,1
1277384,62663,1,0,1
2479696,62664,1,0,1
346160,62665,1,1,0
569160,62666,1,0,1
158696,62667,1,0,1
4941624,62668,1,0,1
1373024,62669,1,1,0
4097800,62670,1,0,1
2243672,62671,1,1,0
202848,62672,1,1,0
1995256,62673,1,0,1
1995136,62674,1,1,0
1060584,62675,1,1,0
6956464,62676,1,1,0
3755192,62677,1,1,0
1304816,62678,1,1,0
2441760,62679,1,1,0
1088432,62680,1,1,0
8311120,62681,1,1,0
735616,62682,1,1,0
3111792,62683,1,0,1
2292936,62684,1,1,0
4058528,62685,1,0,1
6970760,62686,1,0,1
1007864,62687,1,1,0
7603720,62688,1,1,0
1278440,62689,1,1,0
678760,62690,1,1,0
462592,62691,1,1,0
1220992,62692,1,1,0
2393672,62693,1,1,0
1094976,62694,1,1,0
7358272,62695,1,1,0
415584,62696,1,0,1
2794352,62697,1,0,1
5672144,62698,1,1,0
494176,62699,1,1,0
6136976,62700,1,1,0
7888568,62701,1,0,1
564392,62702,1,1,0
3860144,62703,1,0,1
2696320,62704,1,0,1
182472,62705,1,0,1
7867584,62706,1,0,1
79904,62707,1,0,1
909184,62708,1,1,0
562176,62709,1,1,0
975632,62710,1,1,0
1196792,62711,1,0,1
1957712,62712,1,0,1
942272,62713,1,0,1
3309392,62714,1,0,1
6469856,62715,1,0,1
3451192,62716,1,0,1
4407744,62717,1,0,1
6666024,62718,1,0,1
1800800,62719,1,1,0
5338528,62720,1,1,0
5225544,62721,1,0,1
4671040,62722,1,0,1
2191104,62723,1,0,1
497984,62724,1,0,1
232392,62725,1,0,1
3025344,62726,1,0,1
527416,62727,1,0,1
7529568,62728,1,0,1
4068464,62729,1,0,1
5482224,62730,1,1,0
1339248,62731,1,1,0
1651856,62732,1,1,0
1720872,62733,1,0,1
1339424,62734,1,1,0
2578288,62735,1,1,0
911632,62736,1,1,0
886288,62737,1,0,1
1435304,62738,1,0,1
524944,62739,1,0,1
570792,62740,1,0,1
4238584,62741,1,0,1
1295408,62742,1,1,0
4955112,62743,1,0,1
841816,62744,1,1,0
1589040,62745,1,1,0
6985208,62746,1,0,1
6816512,62747,1,0,1
1514224,62748,1,0,1
537416,62749,1,1,0
2436232,62750,1,1,0
4180064,62751,1,1,0
1626384,62752,1,1,0
398752,62753,1,1,0
3946632,62754,1,1,0
2474272,62755,1,1,0
2138264,62756,1,0,1
4156264,62757,1,1,0
7400608,62758,1,1,0
2105840,62759,1,1,0
574144,62760,1,1,0
5248720,62761,1,0,1
1094536,62762,1,0,1
1324632,62763,1,1,0
2028696,62764,1,0,1
783504,62765,1,0,1
3185832,62766,1,0,1
3597400,62767,1,1,0
3050672,62768,1,0,1
8112024,62769,1,1,0
382840,62770,1,0,1
1365328,62771,1,1,0
7170520,62772,1,1,0
8101440,62773,1,0,1
6233200,62774,1,1,0
1636224,62775,1,0,1
6789920,62776,1,1,0
6596112,62777,1,0,1
4668088,62778,1,1,0
926976,62779,1,1,0
340104,62780,1,1,0
421008,62781,1,1,0
3249376,62782,1,1,0
3363024,62783,1,1,0
2118056,62784,1,1,0
2880920,62785,1,0,1
581680,62786,1,0,1
3347728,62787,1,1,0
1847680,62788,1,0,1
3554352,62789,1,0,1
2710240,62790,1,0,1
1802248,62791,1,1,0
324248,62792,1,0,1
1976608,62793,1,1,0
5172472,62794,1,0,1
997432,62795,1,1,0
3240888,62796,1,0,1
392384,62797,1,1,0
3127928,62798,1,1,0
4294592,62799,1,0,1
1450456,62800,1,0,1
167616,62801,1,1,0
2768624,62802,1,1,0
1505280,62803,1,1,0
8334280,62804,1,1,0
6206072,62805,1,1,0
5892448,62806,1,0,1
2566512,62807,1,1,0
3049648,62808,1,1,0
593024,62809,1,1,0
1626840,62810,1,0,1
761696,62811,1,0,1
2489968,62812,1,0,1
5240728,62813,1,1,0
761984,62814,1,0,1
74664,62815,1,1,0
3823488,62816,1,1,0
1067176,62817,1,0,1
1340128,62818,1,1,0
413232,62819,1,1,0
3661040,62820,1,0,1
3350496,62821,1,0,1
2630472,62822,1,1,0
6433912,62823,1,0,1
5765160,62824,1,1,0
3003352,62825,1,1,0
2772280,62826,1,1,0
3339264,62827,1,0,1
2443496,62828,1,1,0
425512,62829,1,1,0
1489464,62830,1,0,1
3605544,62831,1,1,0
1840968,62832,1,1,0
134152,62833,1,1,0
5628080,62834,1,0,1
3668008,62835,1,1,0
5263472,62836,1,0,1
1572992,62837,1,1,0
3612160,62838,1,1,0
6280080,62839,1,0,1
1488104,62840,1,0,1
108936,62841,1,1,0
4693896,62842,1,0,1
4031872,62843,1,1,0
6001200,62844,1,0,1
125328,62845,1,0,1
452104,62846,1,1,0
882400,62847,1,1,0
1300080,62848,1,1,0
5624568,62849,1,0,1
290856,62850,1,0,1
955208,62851,1,1,0
966984,62852,1,1,0
1416648,62853,1,0,1
3096248,62854,1,1,0
5609576,62855,1,0,1
3560336,62856,1,1,0
290424,62857,1,1,0
145864,62858,1,1,0
1697856,62859,1,0,1
1764944,62860,1,0,1
7062256,62861,1,0,1
1479040,62862,1,0,1
5768168,62863,1,1,0
1861672,62864,1,1,0
3369784,62865,1,1,0
2033064,62866,1,0,1
1295768,62867,1,1,0
4108536,62868,1,0,1
3525552,62869,1,0,1
2000248,62870,1,1,0
2858448,62871,1,0,1
6419440,62872,1,0,1
841600,62873,1,1,0
3490656,62874,1,1,0
6708368,62875,1,0,1
4145488,62876,1,1,0
4555136,62877,1,0,1
1174904,62878,1,1,0
479608,62879,1,1,0
711152,62880,1,0,1
300184,62881,1,1,0
1347712,62882,1,1,0
711416,62883,1,1,0
1343392,62884,1,0,1
1882440,62885,1,0,1
5654200,62886,1,1,0
2404880,62887,1,0,1
7234680,62888,1,1,0
499192,62889,1,0,1
282648,62890,1,0,1
2756088,62891,1,1,0
2345264,62892,1,1,0
4783752,62893,1,1,0
1571272,62894,1,0,1
6652424,62895,1,1,0
5961224,62896,1,1,0
4998984,62897,1,0,1
777408,62898,1,0,1
2581088,62899,1,1,0
1052496,62900,1,1,0
3209560,62901,1,0,1
1078304,62902,1,1,0
2829968,62903,1,0,1
4260576,62904,1,1,0
285008,62905,1,0,1
4010648,62906,1,0,1
1672520,62907,1,0,1
3633824,62908,1,1,0
5331344,62909,1,0,1
2326872,62910,1,1,0
1014776,62911,1,0,1
559640,62912,1,1,0
276616,62913,1,1,0
4355024,62914,1,1,0
3359248,62915,1,1,0
753104,62916,1,0,1
1801888,62917,1,0,1
2475480,62918,1,0,1
4282776,62919,1,0,1
6140616,62920,1,1,0
768600,62921,1,1,0
2120496,62922,1,1,0
5808376,62923,1,0,1
1339512,62924,1,0,1
3673552,62925,1,1,0
450040,62926,1,1,0
4700872,62927,1,1,0
3485080,62928,1,1,0
277464,62929,1,0,1
1714816,62930,1,0,1
3296376,62931,1,1,0
809384,62932,1,1,0
8283072,62933,1,0,1
6949944,62934,1,1,0
3209320,62935,1,0,1
1600208,62936,1,1,0
456176,62937,1,1,0
356472,62938,1,0,1
1664088,62939,1,0,1
528280,62940,1,0,1
585224,62941,1,1,0
4395928,62942,1,1,0
3314728,62943,1,0,1
5646616,62944,1,0,1
5938632,62945,1,0,1
2916512,62946,1,0,1
1395672,62947,1,1,0
3642616,62948,1,1,0
2533712,62949,1,1,0
898032,62950,1,1,0
2732048,62951,1,1,0
514376,62952,1,0,1
5448120,62953,1,0,1
3610768,62954,1,0,1
1960320,62955,1,0,1
662032,62956,1,0,1
5248440,62957,1,0,1
2059288,62958,1,1,0
615216,62959,1,0,1
2192864,62960,1,1,0
5386840,62961,1,0,1
5300056,62962,1,1,0
4112296,62963,1,0,1
353448,62964,1,1,0
6446496,62965,1,1,0
7951352,62966,1,1,0
4030520,62967,1,0,1
5249296,62968,1,0,1
370056,62969,1,1,0
499280,62970,1,0,1
1155184,62971,1,1,0
165016,62972,1,1,0
1121920,62973,1,1,0
5911592,62974,1,0,1
5921392,62975,1,1,0
598944,62976,1,0,1
4851912,62977,1,0,1
6295192,62978,1,0,1
370096,62979,1,1,0
976952,62980,1,1,0
3555040,62981,1,0,1
1787040,62982,1,0,1
7504048,62983,1,1,0
1632072,62984,1,0,1
567648,62985,1,0,1
3187560,62986,1,1,0
1141984,62987,1,1,0
723336,62988,1,0,1
455176,62989,1,1,0
4311240,62990,1,0,1
535104,62991,1,1,0
3552664,62992,1,0,1
240456,62993,1,1,0
897824,62994,1,0,1
4986896,62995,1,0,1
3396560,62996,1,0,1
586056,62997,1,1,0
6184440,62998,1,1,0
2577280,62999,1,1,0
321272,63000,1,0,1
316576,63001,1,0,1
1825184,63002,1,1,0
613472,63003,1,1,0
2312336,63004,1,0,1
1768328,63005,1,1,0
647704,63006,1,0,1
531032,63007,1,1,0
5446264,63008,1,0,1
6453848,63009,1,1,0
6550112,63010,1,1,0
7930672,63011,1,1,0
309656,63012,1,1,0
1738496,63013,1,1,0
4948576,63014,1,1,0
834544,63015,1,1,0
966912,63016,1,1,0
591224,63017,1,0,1
1134312,63018,1,0,1
908560,63019,1,0,1
3668536,63020,1,1,0
1001504,63021,1,0,1
514400,63022,1,0,1
2846232,63023,1,0,1
3001480,63024,1,1,0
2798704,63025,1,1,0
993920,63026,1,1,0
1372952,63027,1,0,1
1063264,63028,1,0,1
4123744,63029,1,0,1
1672384,63030,1,1,0
1069064,63031,1,0,1
2799648,63032,1,0,1
3574488,63033,1,0,1
327336,63034,1,0,1
3435080,63035,1,0,1
2213344,63036,1,0,1
370728,63037,1,1,0
6570624,63038,1,1,0
1466896,63039,1,1,0
5332296,63040,1,1,0
5807656,63041,1,1,0
594536,63042,1,0,1
431408,63043,1,1,0
825136,63044,1,0,1
4078544,63045,1,1,0
1788440,63046,1,0,1
2602264,63047,1,1,0
403120,63048,1,0,1
3877976,63049,1,1,0
1336248,63050,1,1,0
1778936,63051,1,0,1
4813712,63052,1,0,1
5857456,63053,1,1,0
456792,63054,1,1,0
6428704,63055,1,0,1
7704616,63056,1,1,0
1061608,63057,1,1,0
1067424,63058,1,1,0
664736,63059,1,0,1
1805624,63060,1,0,1
5830440,63061,1,1,0
368712,63062,1,1,0
2394280,63063,1,0,1
3315840,63064,1,1,0
1380648,63065,1,1,0
4953440,63066,1,1,0
887088,63067,1,1,0
2613944,63068,1,0,1
992728,63069,1,1,0
1201024,63070,1,1,0
2262592,63071,1,1,0
7598384,63072,1,1,0
7172584,63073,1,0,1
2937768,63074,1,0,1
3226432,63075,1,0,1
2467984,63076,1,1,0
1466448,63077,1,1,0
155688,63078,1,1,0
1924128,63079,1,0,1
778352,63080,1,1,0
4094832,63081,1,1,0
2431632,63082,1,1,0
5910280,63083,1,0,1
1835088,63084,1,0,1
349656,63085,1,0,1
240352,63086,1,1,0
3560960,63087,1,0,1
7154888,63088,1,0,1
223944,63089,1,0,1
465272,63090,1,0,1
4473888,63091,1,1,0
5738208,63092,1,1,0
155392,63093,1,0,1
1829584,63094,1,0,1
1569360,63095,1,1,0
3021456,63096,1,0,1
833104,63097,1,1,0
786520,63098,1,1,0
2297024,63099,1,1,0
6170648,63100,1,0,1
1519104,63101,1,1,0
857928,63102,1,0,1
3713968,63103,1,1,0
6985936,63104,1,1,0
5034744,63105,1,1,0
1669440,63106,1,1,0
1230096,63107,1,0,1
6040784,63108,1,1,0
6781632,63109,1,1,0
4259240,63110,1,1,0
1688288,63111,1,1,0
200792,63112,1,0,1
3365656,63113,1,1,0
3481688,63114,1,1,0
904912,63115,1,0,1
510360,63116,1,0,1
4091952,63117,1,0,1
1184696,63118,1,0,1
2209856,63119,1,0,1
1353144,63120,1,1,0
3607504,63121,1,0,1
2779960,63122,1,0,1
6475312,63123,1,1,0
1465456,63124,1,1,0
2334592,63125,1,0,1
1489144,63126,1,1,0
4552624,63127,1,0,1
385632,63128,1,0,1
624632,63129,1,1,0
7217696,63130,1,1,0
1753176,63131,1,1,0
2261752,63132,1,0,1
2288912,63133,1,1,0
5978520,63134,1,1,0
1085408,63135,1,1,0
202984,63136,1,0,1
6305448,63137,1,1,0
4196576,63138,1,0,1
1011576,63139,1,0,1
2290920,63140,1,0,1
1935392,63141,1,1,0
3219536,63142,1,1,0
404904,63143,1,0,1
735768,63144,1,1,0
7060192,63145,1,0,1
2221696,63146,1,1,0
625376,63147,1,1,0
2927208,63148,1,1,0
130936,63149,1,0,1
7183440,63150,1,0,1
7715728,63151,1,1,0
4160448,63152,1,1,0
1315240,63153,1,1,0
1496024,63154,1,1,0
5715512,63155,1,0,1
1342768,63156,1,0,1
1452040,63157,1,0,1
7409648,63158,1,1,0
2289968,63159,1,1,0
2935872,63160,1,0,1
1884232,63161,1,1,0
3120624,63162,1,0,1
1028464,63163,1,0,1
728928,63164,1,1,0
669296,63165,1,1,0
3472072,63166,1,1,0
2949016,63167,1,1,0
3486128,63168,1,1,0
6204784,63169,1,0,1
3363496,63170,1,1,0
7984392,63171,1,0,1
680864,63172,1,1,0
3902928,63173,1,0,1
3996288,63174,1,0,1
6289496,63175,1,0,1
7058720,63176,1,0,1
3510736,63177,1,0,1
609000,63178,1,1,0
132256,63179,1,0,1
1419944,63180,1,1,0
3167224,63181,1,1,0
6378576,63182,1,0,1
376560,63183,1,1,0
399624,63184,1,0,1
3100320,63185,1,0,1
148056,63186,1,1,0
3474792,63187,1,1,0
7014632,63188,1,0,1
188704,63189,1,1,0
819784,63190,1,1,0
2478680,63191,1,0,1
4812576,63192,1,1,0
8224840,63193,1,0,1
2685248,63194,1,0,1
1907784,63195,1,0,1
1192120,63196,1,0,1
785528,63197,1,1,0
137192,63198,1,0,1
1207968,63199,1,1,0
321976,63200,1,0,1
485136,63201,1,1,0
3774064,63202,1,1,0
1335920,63203,1,1,0
3475704,63204,1,0,1
5504672,63205,1,0,1
4552704,63206,1,1,0
2436168,63207,1,1,0
3089368,63208,1,0,1
1233960,63209,1,0,1
7824240,63210,1,1,0
2242120,63211,1,0,1
755424,63212,1,0,1
934824,63213,1,0,1
2877344,63214,1,1,0
4493456,63215,1,0,1
1207784,63216,1,1,0
1902752,63217,1,0,1
2222296,63218,1,1,0
2881000,63219,1,0,1
795600,63220,1,0,1
1201704,63221,1,0,1
1325328,63222,1,1,0
2415152,63223,1,0,1
1128320,63224,1,0,1
2762600,63225,1,1,0
6489264,63226,1,0,1
284368,63227,1,1,0
2187112,63228,1,1,0
4890248,63229,1,1,0
395976,63230,1,1,0
7464464,63231,1,0,1
1229664,63232,1,1,0
1490528,63233,1,0,1
139664,63234,1,0,1
1797800,63235,1,1,0
554120,63236,1,0,1
842160,63237,1,1,0
1972984,63238,1,0,1
1210688,63239,1,0,1
321640,63240,1,1,0
8061504,63241,1,0,1
3115112,63242,1,1,0
7913864,63243,1,1,0
4720688,63244,1,0,1
1348216,63245,1,0,1
4671888,63246,1,0,1
8146632,63247,1,0,1
6958184,63248,1,0,1
634440,63249,1,1,0
149752,63250,1,1,0
3577472,63251,1,1,0
624408,63252,1,1,0
6816776,63253,1,0,1
537832,63254,1,0,1
343072,63255,1,1,0
2065904,63256,1,1,0
6819200,63257,1,1,0
874936,63258,1,0,1
2355296,63259,1,0,1
2339800,63260,1,1,0
2227344,63261,1,0,1
3136160,63262,1,1,0
497688,63263,1,0,1
3262776,63264,1,0,1
1834560,63265,1,0,1
274888,63266,1,1,0
306288,63267,1,1,0
690320,63268,1,0,1
2101120,63269,1,0,1
1157416,63270,1,1,0
2162824,63271,1,0,1
1417880,63272,1,0,1
1315776,63273,1,0,1
5894408,63274,1,0,1
2951344,63275,1,1,0
209984,63276,1,1,0
285976,63277,1,1,0
2810392,63278,1,1,0
4263568,63279,1,1,0
602584,63280,1,0,1
4152176,63281,1,0,1
2643520,63282,1,1,0
6255576,63283,1,1,0
1007464,63284,1,0,1
6013280,63285,1,0,1
6578944,63286,1,1,0
540088,63287,1,1,0
1789512,63288,1,1,0
1234544,63289,1,0,1
7653968,63290,1,0,1
6279368,63291,1,0,1
6908568,63292,1,1,0
4297536,63293,1,0,1
7059776,63294,1,0,1
1332712,63295,1,1,0
3303720,63296,1,0,1
6094512,63297,1,0,1
6018960,63298,1,1,0
5361240,63299,1,1,0
2080888,63300,1,0,1
732272,63301,1,0,1
4669464,63302,1,1,0
443112,63303,1,1,0
3846200,63304,1,0,1
2250600,63305,1,0,1
776160,63306,1,0,1
6469960,63307,1,0,1
2282840,63308,1,1,0
2145616,63309,1,0,1
5717960,63310,1,1,0
194232,63311,1,1,0
1441888,63312,1,1,0
2934024,63313,1,0,1
1243048,63314,1,1,0
540224,63315,1,1,0
325904,63316,1,1,0
2306808,63317,1,0,1
1720232,63318,1,0,1
3727896,63319,1,1,0
3751896,63320,1,1,0
3458968,63321,1,0,1
3126440,63322,1,1,0
762280,63323,1,0,1
2702960,63324,1,0,1
7458464,63325,1,1,0
8330024,63326,1,1,0
867688,63327,1,0,1
7757648,63328,1,0,1
3505896,63329,1,1,0
4017824,63330,1,0,1
1256552,63331,1,1,0
4741080,63332,1,0,1
5543248,63333,1,0,1
600856,63334,1,1,0
8280184,63335,1,1,0
7628360,63336,1,0,1
364368,63337,1,0,1
3940920,63338,1,0,1
4898656,63339,1,1,0
2480824,63340,1,0,1
1560992,63341,1,0,1
4392088,63342,1,0,1
1293256,63343,1,1,0
8278256,63344,1,0,1
1322248,63345,1,1,0
6423592,63346,1,1,0
696416,63347,1,0,1
1889688,63348,1,1,0
1820968,63349,1,1,0
244400,63350,1,1,0
227536,63351,1,1,0
714952,63352,1,0,1
5402800,63353,1,0,1
2167744,63354,1,0,1
1304984,63355,1,0,1
280952,63356,1,0,1
3585976,63357,1,1,0
473816,63358,1,0,1
4566088,63359,1,0,1
4211448,63360,1,1,0
931384,63361,1,1,0
1254408,63362,1,1,0
3311144,63363,1,1,0
904368,63364,1,1,0
1007944,63365,1,1,0
7507344,63366,1,1,0
4124648,63367,1,1,0
476768,63368,1,0,1
3047872,63369,1,0,1
4189640,63370,1,1,0
3495304,63371,1,0,1
1592344,63372,1,1,0
7379008,63373,1,0,1
126880,63374,1,1,0
5000856,63375,1,0,1
920992,63376,1,0,1
855976,63377,1,0,1
471664,63378,1,0,1
1143056,63379,1,1,0
6005600,63380,1,1,0
680968,63381,1,1,0
140592,63382,1,0,1
8365952,63383,1,1,0
251032,63384,1,0,1
2522880,63385,1,1,0
3278864,63386,1,1,0
1356488,63387,1,0,1
5868760,63388,1,1,0
2509600,63389,1,0,1
2258776,63390,1,1,0
3071168,63391,1,1,0
1838600,63392,1,1,0
3329176,63393,1,1,0
1191816,63394,1,1,0
4402744,63395,1,1,0
1495296,63396,1,1,0
3731624,63397,1,0,1
1065368,63398,1,0,1
3884328,63399,1,1,0
497016,63400,1,1,0
4575328,63401,1,0,1
181440,63402,1,0,1
2654472,63403,1,0,1
344176,63404,1,1,0
3422736,63405,1,1,0
511112,63406,1,1,0
350544,63407,1,1,0
208608,63408,1,1,0
277024,63409,1,0,1
1127480,63410,1,1,0
1228936,63411,1,0,1
814152,63412,1,1,0
2513496,63413,1,1,0
1037152,63414,1,0,1
5116432,63415,1,1,0
8277096,63416,1,0,1
450840,63417,1,1,0
153944,63418,1,0,1
2856480,63419,1,1,0
6943824,63420,1,0,1
1165464,63421,1,1,0
6688984,63422,1,0,1
302728,63423,1,1,0
1158472,63424,1,1,0
3244848,63425,1,1,0
6708680,63426,1,0,1
2892808,63427,1,0,1
2646648,63428,1,0,1
401024,63429,1,0,1
821600,63430,1,1,0
596088,63431,1,0,1
1276544,63432,1,1,0
5532568,63433,1,0,1
1507104,63434,1,0,1
7834808,63435,1,1,0
1483200,63436,1,1,0
2026952,63437,1,0,1
1805320,63438,1,0,1
383600,63439,1,0,1
412360,63440,1,0,1
1763224,63441,1,0,1
1376856,63442,1,0,1
2800104,63443,1,1,0
329064,63444,1,1,0
3949816,63445,1,0,1
589168,63446,1,1,0
1880472,63447,1,1,0
2168952,63448,1,0,1
1177952,63449,1,1,0
2815512,63450,1,0,1
1973056,63451,1,1,0
5162344,63452,1,1,0
1490264,63453,1,1,0
5143896,63454,1,0,1
576728,63455,1,0,1
1565104,63456,1,1,0
142024,63457,1,0,1
1800032,63458,1,0,1
3341128,63459,1,1,0
788984,63460,1,0,1
7738352,63461,1,1,0
7841040,63462,1,1,0
7183600,63463,1,0,1
1358688,63464,1,0,1
3644128,63465,1,0,1
1603000,63466,1,1,0
792320,63467,1,1,0
2479528,63468,1,0,1
6625632,63469,1,1,0
7104104,63470,1,1,0
408592,63471,1,1,0
3472296,63472,1,1,0
7835824,63473,1,0,1
4388008,63474,1,0,1
757200,63475,1,0,1
193376,63476,1,1,0
1197160,63477,1,1,0
2912464,63478,1,1,0
665888,63479,1,0,1
7972152,63480,1,0,1
7241328,63481,1,0,1
6595240,63482,1,1,0
2531784,63483,1,0,1
841496,63484,1,1,0
757976,63485,1,0,1
3059320,63486,1,1,0
723304,63487,1,1,0
989912,63488,1,1,0
7323840,63489,1,1,0
1397352,63490,1,1,0
6942392,63491,1,1,0
1180728,63492,1,0,1
732304,63493,1,0,1
1386696,63494,1,1,0
6688848,63495,1,0,1
1696672,63496,1,1,0
207472,63497,1,1,0
3934056,63498,1,1,0
1944760,63499,1,1,0
6015616,63500,1,0,1
402312,63501,1,0,1
3874896,63502,1,0,1
871568,63503,1,0,1
1786832,63504,1,0,1
3600976,63505,1,1,0
2233536,63506,1,1,0
1828800,63507,1,1,0
964096,63508,1,1,0
165528,63509,1,1,0
5819768,63510,1,1,0
8029424,63511,1,1,0
1311320,63512,1,1,0
3341672,63513,1,0,1
4912680,63514,1,0,1
2529976,63515,1,1,0
8353120,63516,1,0,1
439408,63517,1,0,1
247128,63518,1,0,1
856400,63519,1,0,1
1912376,63520,1,0,1
2808208,63521,1,1,0
1774512,63522,1,0,1
182160,63523,1,1,0
7872808,63524,1,0,1
600592,63525,1,1,0
580520,63526,1,0,1
146560,63527,1,1,0
72264,63528,1,0,1
8379272,63529,1,0,1
4013752,63530,1,1,0
617696,63531,1,0,1
7458144,63532,1,0,1
5860200,63533,1,0,1
815232,63534,1,0,1
1121848,63535,1,1,0
588168,63536,1,0,1
1678248,63537,1,1,0
4246584,63538,1,0,1
882968,63539,1,0,1
3421936,63540,1,0,1
777304,63541,1,1,0
471360,63542,1,0,1
2430984,63543,1,0,1
203936,63544,1,1,0
5017560,63545,1,1,0
4610136,63546,1,0,1
3354160,63547,1,0,1
3110112,63548,1,1,0
2911408,63549,1,1,0
1030128,63550,1,1,0
685872,63551,1,0,1
399552,63552,1,0,1
2600704,63553,1,1,0
2231552,63554,1,0,1
1213216,63555,1,0,1
2575160,63556,1,0,1
355904,63557,1,0,1
4002320,63558,1,1,0
7940560,63559,1,1,0
613048,63560,1,1,0
3006712,63561,1,1,0
4962888,63562,1,1,0
583800,63563,1,1,0
718296,63564,1,0,1
2488104,63565,1,1,0
5468488,63566,1,0,1
1693552,63567,1,1,0
655000,63568,1,0,1
4549736,63569,1,1,0
79584,63570,1,1,0
2126144,63571,1,0,1
5689064,63572,1,1,0
822880,63573,1,1,0
1489176,63574,1,0,1
404448,63575,1,1,0
3548224,63576,1,1,0
1578440,63577,1,0,1
223384,63578,1,1,0
974384,63579,1,0,1
2506840,63580,1,0,1
2002432,63581,1,0,1
3392448,63582,1,1,0
1049272,63583,1,1,0
5932640,63584,1,0,1
3824952,63585,1,0,1
5248792,63586,1,0,1
5563056,63587,1,1,0
3853040,63588,1,0,1
3466920,63589,1,1,0
244656,63590,1,1,0
321120,63591,1,0,1
1370640,63592,1,1,0
3056832,63593,1,1,0
4576576,63594,1,0,1
317744,63595,1,0,1
267056,63596,1,1,0
235880,63597,1,1,0
1117232,63598,1,1,0
913536,63599,1,1,0
257024,63600,1,0,1
3385624,63601,1,0,1
1648776,63602,1,0,1
4051760,63603,1,0,1
2406296,63604,1,1,0
2018328,63605,1,0,1
539568,63606,1,0,1
1908672,63607,1,0,1
1246440,63608,1,1,0
3941960,63609,1,0,1
4652304,63610,1,1,0
5669520,63611,1,1,0
7177016,63612,1,1,0
1488744,63613,1,0,1
2012488,63614,1,1,0
3443392,63615,1,0,1
2038648,63616,1,1,0
466608,63617,1,0,1
4044744,63618,1,0,1
4576512,63619,1,0,1
1851480,63620,1,0,1
1826464,63621,1,0,1
7753904,63622,1,0,1
8038024,63623,1,0,1
1952896,63624,1,0,1
1451360,63625,1,0,1
3104296,63626,1,1,0
1288960,63627,1,1,0
6437352,63628,1,0,1
1358096,63629,1,0,1
838704,63630,1,0,1
1555152,63631,1,1,0
1566408,63632,1,0,1
2076880,63633,1,0,1
1034976,63634,1,0,1
2607536,63635,1,1,0
2377744,63636,1,1,0
637960,63637,1,0,1
6796528,63638,1,0,1
647008,63639,1,1,0
1171256,63640,1,0,1
5044032,63641,1,0,1
5307128,63642,1,1,0
4367936,63643,1,1,0
1665688,63644,1,0,1
6447896,63645,1,0,1
4316704,63646,1,1,0
1329768,63647,1,1,0
3387208,63648,1,1,0
555584,63649,1,1,0
4371816,63650,1,1,0
5297944,63651,1,1,0
316816,63652,1,1,0
2652768,63653,1,0,1
4098832,63654,1,0,1
1228224,63655,1,1,0
7527336,63656,1,1,0
140688,63657,1,0,1
6886880,63658,1,0,1
1454352,63659,1,0,1
1067280,63660,1,1,0
510608,63661,1,1,0
1164328,63662,1,1,0
417672,63663,1,1,0
4266216,63664,1,1,0
3065744,63665,1,1,0
5848840,63666,1,1,0
5386040,63667,1,0,1
3188912,63668,1,1,0
559240,63669,1,0,1
1348728,63670,1,1,0
691016,63671,1,0,1
6492576,63672,1,0,1
2754592,63673,1,0,1
1390752,63674,1,0,1
2812112,63675,1,1,0
6299408,63676,1,0,1
1221320,63677,1,0,1
683552,63678,1,1,0
1032336,63679,1,1,0
316632,63680,1,1,0
6767592,63681,1,0,1
1893464,63682,1,1,0
7131528,63683,1,1,0
2021272,63684,1,1,0
4113104,63685,1,1,0
8102776,63686,1,1,0
759776,63687,1,1,0
2231808,63688,1,1,0
4561904,63689,1,1,0
1865000,63690,1,0,1
7197088,63691,1,1,0
4449096,63692,1,0,1
653784,63693,1,1,0
4686416,63694,1,0,1
4392552,63695,1,1,0
2694448,63696,1,1,0
8263320,63697,1,1,0
3077512,63698,1,1,0
1520048,63699,1,0,1
544704,63700,1,1,0
1512048,63701,1,1,0
6355376,63702,1,1,0
3143280,63703,1,1,0
4845680,63704,1,1,0
4548288,63705,1,1,0
2787552,63706,1,0,1
1897248,63707,1,1,0
4690000,63708,1,1,0
2662240,63709,1,0,1
3201560,63710,1,1,0
639328,63711,1,1,0
3791792,63712,1,1,0
4619200,63713,1,0,1
6696264,63714,1,0,1
3201992,63715,1,1,0
5668048,63716,1,0,1
291272,63717,1,0,1
142440,63718,1,0,1
715240,63719,1,1,0
320400,63720,1,1,0
3526328,63721,1,0,1
1170008,63722,1,0,1
163824,63723,1,1,0
157168,63724,1,1,0
497168,63725,1,1,0
2279240,63726,1,0,1
283224,63727,1,1,0
3107600,63728,1,1,0
7731720,63729,1,0,1
2591552,63730,1,1,0
3728112,63731,1,0,1
712600,63732,1,0,1
769672,63733,1,0,1
7304320,63734,1,0,1
348416,63735,1,1,0
2623704,63736,1,1,0
5875712,63737,1,0,1
405248,63738,1,1,0
6032920,63739,1,1,0
588968,63740,1,1,0
263840,63741,1,1,0
3587096,63742,1,1,0
3408704,63743,1,1,0
668848,63744,1,1,0
4181112,63745,1,1,0
2073008,63746,1,0,1
2970984,63747,1,1,0
815712,63748,1,1,0
1720056,63749,1,0,1
1960216,63750,1,0,1
752392,63751,1,0,1
2188488,63752,1,0,1
594304,63753,1,1,0
2777088,63754,1,0,1
90760,63755,1,0,1
1854056,63756,1,0,1
1411552,63757,1,0,1
3478152,63758,1,0,1
1353416,63759,1,1,0
6421264,63760,1,0,1
437672,63761,1,0,1
836552,63762,1,0,1
2263784,63763,1,1,0
8158088,63764,1,0,1
286264,63765,1,1,0
1453832,63766,1,0,1
737904,63767,1,1,0
934552,63768,1,0,1
8334704,63769,1,0,1
447272,63770,1,0,1
1219936,63771,1,0,1
5839656,63772,1,0,1
1939864,63773,1,1,0
629360,63774,1,1,0
419576,63775,1,0,1
1525840,63776,1,0,1
4141136,63777,1,0,1
849984,63778,1,1,0
2017504,63779,1,1,0
2257936,63780,1,0,1
1293960,63781,1,0,1
2255128,63782,1,1,0
238808,63783,1,0,1
3119464,63784,1,0,1
1688784,63785,1,1,0
3772376,63786,1,0,1
2079872,63787,1,1,0
5030264,63788,1,0,1
516712,63789,1,1,0
1443816,63790,1,1,0
825000,63791,1,0,1
7044056,63792,1,0,1
668272,63793,1,1,0
2380896,63794,1,0,1
1043176,63795,1,0,1
2187472,63796,1,1,0
1530528,63797,1,1,0
790592,63798,1,1,0
6868904,63799,1,0,1
894320,63800,1,1,0
2891048,63801,1,0,1
7734208,63802,1,0,1
1861512,63803,1,0,1
4368232,63804,1,0,1
1123816,63805,1,0,1
6391112,63806,1,0,1
4137368,63807,1,1,0
304464,63808,1,1,0
1737384,63809,1,0,1
1263728,63810,1,0,1
6423104,63811,1,1,0
123992,63812,1,0,1
5063720,63813,1,0,1
2231840,63814,1,0,1
4878432,63815,1,0,1
170368,63816,1,1,0
762016,63817,1,0,1
289920,63818,1,1,0
6317424,63819,1,0,1
543128,63820,1,0,1
4093592,63821,1,1,0
2486160,63822,1,0,1
1259344,63823,1,1,0
1444576,63824,1,0,1
261096,63825,1,1,0
1695584,63826,1,1,0
8363824,63827,1,1,0
846552,63828,1,1,0
164776,63829,1,0,1
728832,63830,1,0,1
697928,63831,1,0,1
261168,63832,1,1,0
1243040,63833,1,0,1
2048288,63834,1,1,0
5789360,63835,1,0,1
1764064,63836,1,0,1
2089024,63837,1,0,1
535040,63838,1,1,0
7930488,63839,1,0,1
1663168,63840,1,1,0
792768,63841,1,0,1
645872,63842,1,1,0
7703312,63843,1,0,1
6690688,63844,1,1,0
6296648,63845,1,0,1
955672,63846,1,0,1
3500944,63847,1,0,1
1502008,63848,1,1,0
1663032,63849,1,0,1
917944,63850,1,1,0
2232056,63851,1,1,0
2218224,63852,1,1,0
3117240,63853,1,1,0
6431856,63854,1,1,0
237808,63855,1,1,0
2031416,63856,1,0,1
5268888,63857,1,0,1
526256,63858,1,1,0
485752,63859,1,1,0
7496648,63860,1,0,1
2432624,63861,1,1,0
910880,63862,1,1,0
7789880,63863,1,1,0
594728,63864,1,0,1
4992216,63865,1,1,0
4237128,63866,1,1,0
3654192,63867,1,0,1
364016,63868,1,0,1
2802112,63869,1,0,1
912248,63870,1,0,1
7265088,63871,1,1,0
4911848,63872,1,1,0
284568,63873,1,1,0
7276184,63874,1,0,1
7323856,63875,1,0,1
1756856,63876,1,0,1
5532832,63877,1,0,1
1595000,63878,1,1,0
1447416,63879,1,0,1
3837648,63880,1,1,0
930064,63881,1,0,1
723768,63882,1,0,1
1966184,63883,1,0,1
4348496,63884,1,0,1
3139848,63885,1,1,0
3571928,63886,1,1,0
274520,63887,1,0,1
3589832,63888,1,1,0
1227424,63889,1,1,0
8354096,63890,1,0,1
1561912,63891,1,1,0
2097272,63892,1,1,0
3039312,63893,1,0,1
311152,63894,1,0,1
5713792,63895,1,1,0
6332152,63896,1,1,0
2473072,63897,1,0,1
284808,63898,1,0,1
6249016,63899,1,1,0
4614008,63900,1,1,0
6768712,63901,1,1,0
3790128,63902,1,0,1
7666104,63903,1,1,0
2838088,63904,1,1,0
5763688,63905,1,0,1
1525760,63906,1,1,0
1035424,63907,1,0,1
7105968,63908,1,0,1
8078648,63909,1,1,0
3119280,63910,1,0,1
390504,63911,1,1,0
3303592,63912,1,1,0
197096,63913,1,1,0
1705952,63914,1,1,0
5538744,63915,1,0,1
1931056,63916,1,1,0
1384184,63917,1,0,1
1709832,63918,1,1,0
7695536,63919,1,1,0
494328,63920,1,0,1
441576,63921,1,1,0
3812736,63922,1,0,1
8136352,63923,1,1,0
4301624,63924,1,1,0
4134736,63925,1,1,0
1965912,63926,1,1,0
1344856,63927,1,1,0
5136992,63928,1,1,0
354864,63929,1,0,1
369464,63930,1,1,0
1646488,63931,1,0,1
206504,63932,1,1,0
888616,63933,1,0,1
2772592,63934,1,1,0
4015512,63935,1,1,0
3761024,63936,1,1,0
5122912,63937,1,1,0
2883024,63938,1,1,0
7447936,63939,1,0,1
1778016,63940,1,1,0
525136,63941,1,0,1
1668616,63942,1,0,1
3496216,63943,1,0,1
1247104,63944,1,0,1
1136416,63945,1,1,0
667504,63946,1,1,0
1786728,63947,1,1,0
1483456,63948,1,0,1
5272864,63949,1,0,1
8360304,63950,1,0,1
343984,63951,1,1,0
3177016,63952,1,1,0
2277064,63953,1,0,1
8139872,63954,1,0,1
4008168,63955,1,1,0
713672,63956,1,1,0
194248,63957,1,0,1
1602272,63958,1,0,1
817320,63959,1,1,0
2302088,63960,1,0,1
6384704,63961,1,1,0
765704,63962,1,0,1
6222680,63963,1,1,0
4244584,63964,1,1,0
4479936,63965,1,0,1
533016,63966,1,1,0
2336024,63967,1,0,1
1065800,63968,1,1,0
1868736,63969,1,1,0
1224264,63970,1,1,0
7010832,63971,1,1,0
2682792,63972,1,0,1
172384,63973,1,1,0
351088,63974,1,1,0
709064,63975,1,1,0
1470760,63976,1,1,0
575656,63977,1,1,0
6987304,63978,1,1,0
599800,63979,1,1,0
1041448,63980,1,0,1
621024,63981,1,0,1
3715408,63982,1,1,0
8041912,63983,1,1,0
8185032,63984,1,0,1
5565896,63985,1,1,0
1836624,63986,1,1,0
4033912,63987,1,0,1
886240,63988,1,0,1
5851736,63989,1,0,1
8067032,63990,1,0,1
1990392,63991,1,0,1
6027224,63992,1,0,1
3423176,63993,1,1,0
4086192,63994,1,1,0
3848856,63995,1,0,1
6262080,63996,1,0,1
1598496,63997,1,1,0
1036464,63998,1,0,1
3323824,63999,1,0,1
4006896,64000,1,1,0
4530712,64001,1,1,0
619720,64002,1,0,1
1049200,64003,1,0,1
5171304,64004,1,1,0
1688240,64005,1,1,0
661464,64006,1,1,0
3987544,64007,1,1,0
1494016,64008,1,1,0
1317104,64009,1,0,1
1208736,64010,1,0,1
7743864,64011,1,0,1
6879032,64012,1,0,1
752736,64013,1,1,0
4390744,64014,1,0,1
889192,64015,1,1,0
584304,64016,1,0,1
6580568,64017,1,1,0
4444960,64018,1,1,0
268888,64019,1,1,0
462120,64020,1,1,0
3668056,64021,1,1,0
765504,64022,1,0,1
3048416,64023,1,0,1
6264808,64024,1,0,1
5022496,64025,1,0,1
1326744,64026,1,1,0
2202944,64027,1,1,0
524928,64028,1,1,0
3499296,64029,1,1,0
5117400,64030,1,1,0
476984,64031,1,0,1
7529528,64032,1,0,1
2612328,64033,1,1,0
535880,64034,1,0,1
4968456,64035,1,0,1
2038976,64036,1,0,1
2734216,64037,1,0,1
2740824,64038,1,0,1
7931304,64039,1,0,1
634856,64040,1,0,1
428304,64041,1,0,1
6216368,64042,1,1,0
2968944,64043,1,1,0
8142552,64044,1,0,1
431248,64045,1,1,0
3619488,64046,1,1,0
3208544,64047,1,1,0
850784,64048,1,1,0
4446712,64049,1,0,1
6964152,64050,1,0,1
4503272,64051,1,0,1
172520,64052,1,0,1
2049144,64053,1,0,1
676400,64054,1,1,0
3114040,64055,1,1,0
448088,64056,1,0,1
5334208,64057,1,1,0
6273184,64058,1,1,0
4249312,64059,1,0,1
6465832,64060,1,0,1
2171696,64061,1,1,0
6778288,64062,1,0,1
1465696,64063,1,0,1
555360,64064,1,0,1
3854896,64065,1,0,1
799648,64066,1,0,1
1888336,64067,1,1,0
1855744,64068,1,1,0
1525184,64069,1,1,0
2548312,64070,1,0,1
3829312,64071,1,1,0
442072,64072,1,0,1
233664,64073,1,0,1
8249056,64074,1,0,1
234640,64075,1,0,1
7254208,64076,1,0,1
644912,64077,1,0,1
6414112,64078,1,1,0
5928376,64079,1,1,0
3011384,64080,1,1,0
4878408,64081,1,0,1
2963256,64082,1,1,0
7641440,64083,1,1,0
2324904,64084,1,0,1
6086792,64085,1,1,0
1832176,64086,1,1,0
1159208,64087,1,0,1
708568,64088,1,0,1
3844720,64089,1,0,1
7494368,64090,1,0,1
4804960,64091,1,0,1
570992,64092,1,1,0
1573600,64093,1,0,1
956552,64094,1,1,0
2473016,64095,1,0,1
4778000,64096,1,0,1
983552,64097,1,0,1
1000816,64098,1,0,1
674736,64099,1,1,0
8274280,64100,1,0,1
6181048,64101,1,1,0
3889408,64102,1,0,1
7761552,64103,1,0,1
5748960,64104,1,1,0
935440,64105,1,0,1
560088,64106,1,0,1
6654568,64107,1,0,1
3736608,64108,1,0,1
7732800,64109,1,0,1
2989592,64110,1,0,1
6443344,64111,1,1,0
2930936,64112,1,1,0
2736904,64113,1,1,0
2719688,64114,1,0,1
474808,64115,1,1,0
3353648,64116,1,1,0
4680248,64117,1,0,1
4741680,64118,1,0,1
1561784,64119,1,1,0
245672,64120,1,1,0
2229592,64121,1,0,1
401816,64122,1,1,0
835360,64123,1,0,1
6461112,64124,1,1,0
4027744,64125,1,1,0
2481216,64126,1,0,1
7843520,64127,1,1,0
3364896,64128,1,0,1
785800,64129,1,1,0
441496,64130,1,1,0
2447792,64131,1,1,0
392544,64132,1,1,0
899360,64133,1,1,0
3748120,64134,1,0,1
2200072,64135,1,1,0
522416,64136,1,0,1
7408128,64137,1,1,0
2776608,64138,1,0,1
7977984,64139,1,0,1
1190352,64140,1,1,0
3328216,64141,1,0,1
7212520,64142,1,1,0
1449776,64143,1,0,1
710216,64144,1,0,1
6604520,64145,1,0,1
2268704,64146,1,0,1
7631984,64147,1,1,0
5004216,64148,1,1,0
169336,64149,1,0,1
522904,64150,1,0,1
579112,64151,1,0,1
471208,64152,1,1,0
6956744,64153,1,0,1
4416672,64154,1,0,1
937720,64155,1,0,1
661120,64156,1,0,1
398136,64157,1,1,0
5636368,64158,1,0,1
2284280,64159,1,1,0
1020376,64160,1,1,0
422192,64161,1,0,1
1632656,64162,1,1,0
2997800,64163,1,0,1
227104,64164,1,0,1
3895536,64165,1,0,1
5283008,64166,1,0,1
4957976,64167,1,0,1
2173240,64168,1,1,0
6958256,64169,1,0,1
5636936,64170,1,1,0
6950744,64171,1,1,0
5416528,64172,1,1,0
4874400,64173,1,0,1
7419768,64174,1,1,0
1030936,64175,1,0,1
1481944,64176,1,0,1
1043200,64177,1,1,0
322672,64178,1,1,0
2784056,64179,1,0,1
2826672,64180,1,1,0
1708496,64181,1,0,1
4699392,64182,1,0,1
1574312,64183,1,1,0
1812056,64184,1,0,1
3620032,64185,1,1,0
5250088,64186,1,0,1
645016,64187,1,0,1
2196256,64188,1,1,0
3253056,64189,1,1,0
1325576,64190,1,1,0
5509992,64191,1,1,0
1591360,64192,1,0,1
7568576,64193,1,0,1
1413144,64194,1,0,1
999960,64195,1,0,1
6340256,64196,1,1,0
2749840,64197,1,1,0
850616,64198,1,1,0
987008,64199,1,0,1
192840,64200,1,0,1
2558824,64201,1,1,0
910168,64202,1,1,0
2375392,64203,1,1,0
6495928,64204,1,0,1
2511832,64205,1,1,0
5619888,64206,1,1,0
696048,64207,1,1,0
6359480,64208,1,0,1
5909592,64209,1,0,1
6739104,64210,1,1,0
1749664,64211,1,0,1
567304,64212,1,0,1
1474456,64213,1,1,0
159584,64214,1,1,0
4792048,64215,1,0,1
2280496,64216,1,0,1
3469808,64217,1,0,1
4469768,64218,1,1,0
398592,64219,1,0,1
682952,64220,1,0,1
7229312,64221,1,1,0
5174584,64222,1,1,0
4798272,64223,1,0,1
1981896,64224,1,1,0
2551568,64225,1,0,1
1248600,64226,1,0,1
6541264,64227,1,0,1
3053792,64228,1,1,0
185936,64229,1,0,1
2467928,64230,1,1,0
2859160,64231,1,0,1
892712,64232,1,0,1
4401568,64233,1,1,0
1093632,64234,1,1,0
1321024,64235,1,0,1
428648,64236,1,0,1
6314016,64237,1,0,1
3813688,64238,1,0,1
118256,64239,1,0,1
7671648,64240,1,0,1
2343752,64241,1,0,1
1039544,64242,1,0,1
4958976,64243,1,0,1
903712,64244,1,1,0
8246520,64245,1,0,1
1034712,64246,1,0,1
4409416,64247,1,0,1
450752,64248,1,0,1
6653408,64249,1,0,1
3012536,64250,1,0,1
5700176,64251,1,0,1
1243928,64252,1,1,0
7724088,64253,1,1,0
6403312,64254,1,1,0
2313456,64255,1,0,1
1867720,64256,1,1,0
381912,64257,1,1,0
5173672,64258,1,0,1
4506904,64259,1,1,0
4068824,64260,1,1,0
765728,64261,1,1,0
2453696,64262,1,1,0
3410800,64263,1,0,1
914320,64264,1,1,0
4849976,64265,1,0,1
6587368,64266,1,0,1
2461080,64267,1,1,0
2860176,64268,1,0,1
6635032,64269,1,1,0
173528,64270,1,1,0
2855352,64271,1,1,0
673920,64272,1,0,1
1043128,64273,1,0,1
2587832,64274,1,0,1
408496,64275,1,1,0
5835928,64276,1,0,1
7948800,64277,1,1,0
2425352,64278,1,1,0
3083880,64279,1,1,0
946416,64280,1,1,0
862952,64281,1,1,0
608312,64282,1,1,0
403296,64283,1,1,0
3601528,64284,1,0,1
859760,64285,1,1,0
556664,64286,1,0,1
349152,64287,1,1,0
1382912,64288,1,1,0
2226944,64289,1,1,0
1089504,64290,1,1,0
300472,64291,1,0,1
4693248,64292,1,1,0
1221016,64293,1,0,1
2196968,64294,1,1,0
190496,64295,1,0,1
382888,64296,1,0,1
612000,64297,1,0,1
4903568,64298,1,0,1
2551864,64299,1,1,0
3527328,64300,1,0,1
406376,64301,1,0,1
274088,64302,1,1,0
1723376,64303,1,1,0
411176,64304,1,1,0
1963272,64305,1,1,0
3695960,64306,1,1,0
1151104,64307,1,0,1
7093632,64308,1,1,0
6969648,64309,1,1,0
1474048,64310,1,1,0
732816,64311,1,1,0
911104,64312,1,0,1
1884856,64313,1,0,1
3893632,64314,1,1,0
4255176,64315,1,1,0
299224,64316,1,1,0
722368,64317,1,0,1
526176,64318,1,0,1
1417072,64319,1,0,1
3237376,64320,1,1,0
1309336,64321,1,1,0
2084696,64322,1,1,0
2213048,64323,1,1,0
7486432,64324,1,0,1
2542552,64325,1,1,0
1903032,64326,1,0,1
1160832,64327,1,0,1
1410864,64328,1,0,1
741296,64329,1,0,1
3003040,64330,1,0,1
2241848,64331,1,0,1
7606568,64332,1,0,1
325536,64333,1,1,0
7264408,64334,1,0,1
2452528,64335,1,1,0
7612616,64336,1,1,0
7580168,64337,1,1,0
2589696,64338,1,0,1
2813472,64339,1,0,1
1679968,64340,1,0,1
4755160,64341,1,1,0
7851992,64342,1,0,1
1020048,64343,1,0,1
4689216,64344,1,0,1
2494888,64345,1,1,0
3431272,64346,1,0,1
3796128,64347,1,0,1
912608,64348,1,0,1
3952088,64349,1,0,1
1903696,64350,1,0,1
597072,64351,1,1,0
710296,64352,1,0,1
877464,64353,1,1,0
495000,64354,1,1,0
241760,64355,1,1,0
7258440,64356,1,0,1
1368440,64357,1,0,1
271568,64358,1,0,1
6382016,64359,1,1,0
4406696,64360,1,1,0
7198640,64361,1,0,1
3510224,64362,1,1,0
254192,64363,1,0,1
4274552,64364,1,1,0
2000176,64365,1,1,0
6570152,64366,1,1,0
3343016,64367,1,1,0
3321256,64368,1,0,1
234128,64369,1,1,0
5970792,64370,1,1,0
4738384,64371,1,0,1
3007272,64372,1,0,1
7504256,64373,1,1,0
2349504,64374,1,0,1
2017576,64375,1,1,0
7999320,64376,1,1,0
648704,64377,1,1,0
1905440,64378,1,0,1
1051048,64379,1,1,0
2118824,64380,1,0,1
7985312,64381,1,0,1
4799080,64382,1,0,1
635712,64383,1,0,1
191288,64384,1,0,1
585776,64385,1,1,0
555280,64386,1,0,1
718480,64387,1,1,0
496056,64388,1,1,0
346600,64389,1,1,0
3365584,64390,1,0,1
5057744,64391,1,1,0
4274744,64392,1,0,1
4010640,64393,1,0,1
1061768,64394,1,1,0
1399192,64395,1,0,1
351448,64396,1,0,1
5466232,64397,1,0,1
4373320,64398,1,1,0
2132232,64399,1,0,1
1044288,64400,1,1,0
2833136,64401,1,1,0
2035280,64402,1,0,1
2396600,64403,1,1,0
6995248,64404,1,1,0
5499048,64405,1,0,1
3496416,64406,1,1,0
184184,64407,1,1,0
3622656,64408,1,1,0
362840,64409,1,0,1
2728712,64410,1,0,1
7475848,64411,1,1,0
308328,64412,1,1,0
659536,64413,1,0,1
1297384,64414,1,1,0
865144,64415,1,1,0
1804856,64416,1,1,0
5151680,64417,1,0,1
406496,64418,1,1,0
465752,64419,1,0,1
319872,64420,1,1,0
1819688,64421,1,1,0
916144,64422,1,0,1
1040632,64423,1,1,0
3364848,64424,1,0,1
3069176,64425,1,0,1
1521824,64426,1,1,0
1244632,64427,1,0,1
4544456,64428,1,1,0
7840064,64429,1,1,0
2471128,64430,1,1,0
5488184,64431,1,1,0
7638560,64432,1,1,0
4178904,64433,1,0,1
1539064,64434,1,1,0
3083448,64435,1,0,1
5432792,64436,1,1,0
4355360,64437,1,1,0
7661864,64438,1,1,0
995088,64439,1,1,0
734160,64440,1,0,1
606504,64441,1,1,0
3752504,64442,1,0,1
1945048,64443,1,0,1
246536,64444,1,0,1
172056,64445,1,1,0
2830168,64446,1,1,0
5048816,64447,1,1,0
1106200,64448,1,0,1
6485848,64449,1,1,0
421464,64450,1,0,1
1214848,64451,1,1,0
3886640,64452,1,0,1
1757344,64453,1,1,0
1472760,64454,1,1,0
523968,64455,1,0,1
6209928,64456,1,1,0
5691872,64457,1,0,1
1269184,64458,1,0,1
5030152,64459,1,0,1
476888,64460,1,1,0
5316048,64461,1,1,0
3107384,64462,1,0,1
1582912,64463,1,1,0
4016072,64464,1,0,1
470808,64465,1,0,1
3285704,64466,1,1,0
7480656,64467,1,1,0
3240184,64468,1,1,0
2503776,64469,1,0,1
5922848,64470,1,1,0
247976,64471,1,1,0
540656,64472,1,1,0
7785880,64473,1,0,1
8196480,64474,1,1,0
1319808,64475,1,1,0
773384,64476,1,1,0
1975984,64477,1,1,0
1093248,64478,1,1,0
240928,64479,1,1,0
1289616,64480,1,1,0
2889080,64481,1,1,0
7977440,64482,1,0,1
872544,64483,1,1,0
1129344,64484,1,0,1
6120616,64485,1,0,1
2497280,64486,1,1,0
6741424,64487,1,1,0
3477992,64488,1,0,1
6170896,64489,1,0,1
5096656,64490,1,0,1
79264,64491,1,0,1
3485024,64492,1,1,0
364120,64493,1,1,0
3694408,64494,1,1,0
1770376,64495,1,0,1
1626312,64496,1,1,0
7008904,64497,1,1,0
413768,64498,1,0,1
2283008,64499,1,1,0
499080,64500,1,0,1
5957216,64501,1,0,1
1995840,64502,1,1,0
172320,64503,1,1,0
4848720,64504,1,0,1
7192104,64505,1,1,0
2051744,64506,1,1,0
6960888,64507,1,0,1
2610232,64508,1,0,1
1584440,64509,1,1,0
2025768,64510,1,1,0
5225536,64511,1,1,0
687784,64512,1,1,0
7714104,64513,1,1,0
581912,64514,1,1,0
6251888,64515,1,1,0
1234184,64516,1,0,1
509464,64517,1,1,0
438272,64518,1,1,0
3716168,64519,1,0,1
1091072,64520,1,0,1
5668688,64521,1,0,1
495144,64522,1,1,0
716920,64523,1,1,0
473416,64524,1,0,1
1317088,64525,1,1,0
249824,64526,1,0,1
2825256,64527,1,1,0
1103440,64528,1,1,0
5915520,64529,1,0,1
4722728,64530,1,1,0
3648928,64531,1,0,1
6140512,64532,1,0,1
985904,64533,1,0,1
4805984,64534,1,0,1
2487184,64535,1,1,0
8094400,64536,1,1,0
3397088,64537,1,1,0
146760,64538,1,0,1
3688952,64539,1,1,0
3426128,64540,1,1,0
982352,64541,1,0,1
2586184,64542,1,0,1
143360,64543,1,1,0
3228624,64544,1,1,0
1038208,64545,1,1,0
4068208,64546,1,1,0
7123976,64547,1,0,1
6074816,64548,1,1,0
2726232,64549,1,1,0
1573192,64550,1,0,1
7212376,64551,1,0,1
2477304,64552,1,1,0
7109624,64553,1,0,1
7883520,64554,1,1,0
6011312,64555,1,0,1
6416616,64556,1,0,1
1770152,64557,1,1,0
634200,64558,1,0,1
620880,64559,1,0,1
4917104,64560,1,0,1
1252768,64561,1,0,1
1739680,64562,1,1,0
3438568,64563,1,1,0
900520,64564,1,1,0
7025664,64565,1,0,1
4504440,64566,1,0,1
866824,64567,1,0,1
1765480,64568,1,1,0
362568,64569,1,0,1
2259720,64570,1,1,0
1322440,64571,1,1,0
2464984,64572,1,0,1
7747704,64573,1,1,0
5573496,64574,1,1,0
2249096,64575,1,1,0
1361792,64576,1,0,1
968336,64577,1,1,0
7347192,64578,1,0,1
1463976,64579,1,0,1
4728688,64580,1,0,1
928864,64581,1,1,0
633816,64582,1,0,1
6702304,64583,1,0,1
6144064,64584,1,1,0
371368,64585,1,0,1
861352,64586,1,0,1
1716712,64587,1,0,1
8231224,64588,1,1,0
320048,64589,1,1,0
2957696,64590,1,1,0
4585904,64591,1,1,0
1190112,64592,1,0,1
2063832,64593,1,0,1
5872320,64594,1,0,1
3099696,64595,1,1,0
572184,64596,1,0,1
8047936,64597,1,0,1
157472,64598,1,0,1
322360,64599,1,0,1
616776,64600,1,1,0
3943008,64601,1,1,0
1767672,64602,1,1,0
1016696,64603,1,1,0
2615320,64604,1,1,0
236448,64605,1,1,0
4319552,64606,1,0,1
1326144,64607,1,1,0
2174896,64608,1,0,1
444872,64609,1,0,1
1401600,64610,1,1,0
2381784,64611,1,0,1
2852536,64612,1,0,1
5790528,64613,1,1,0
5535400,64614,1,0,1
516520,64615,1,1,0
1769344,64616,1,1,0
6497600,64617,1,0,1
1430280,64618,1,1,0
1970576,64619,1,0,1
7840192,64620,1,0,1
691224,64621,1,1,0
429816,64622,1,1,0
6991520,64623,1,1,0
8376936,64624,1,1,0
5623224,64625,1,1,0
5489952,64626,1,1,0
537744,64627,1,1,0
650144,64628,1,0,1
7095144,64629,1,1,0
4531600,64630,1,1,0
2521120,64631,1,0,1
6995200,64632,1,1,0
260904,64633,1,0,1
5265296,64634,1,0,1
1863872,64635,1,0,1
1340896,64636,1,0,1
1184224,64637,1,0,1
1165608,64638,1,0,1
3254472,64639,1,1,0
3904208,64640,1,0,1
3639992,64641,1,1,0
4807504,64642,1,0,1
4409656,64643,1,1,0
1111008,64644,1,0,1
6663440,64645,1,1,0
772112,64646,1,1,0
4138480,64647,1,0,1
676552,64648,1,0,1
488480,64649,1,0,1
1283856,64650,1,0,1
7261544,64651,1,0,1
2614400,64652,1,0,1
3774736,64653,1,1,0
4820272,64654,1,0,1
4297104,64655,1,1,0
1777232,64656,1,0,1
7131328,64657,1,0,1
2757232,64658,1,0,1
4459280,64659,1,1,0
857160,64660,1,0,1
3142864,64661,1,1,0
1100376,64662,1,0,1
3575912,64663,1,1,0
1538864,64664,1,1,0
504960,64665,1,1,0
239544,64666,1,1,0
3263040,64667,1,1,0
716504,64668,1,1,0
2794744,64669,1,1,0
639072,64670,1,1,0
4848840,64671,1,0,1
7377400,64672,1,0,1
1403728,64673,1,0,1
2808944,64674,1,1,0
1827976,64675,1,1,0
1602104,64676,1,1,0
860488,64677,1,0,1
4465384,64678,1,0,1
3551888,64679,1,0,1
3032112,64680,1,0,1
7948728,64681,1,0,1
1919072,64682,1,1,0
1203152,64683,1,0,1
1458584,64684,1,0,1
244728,64685,1,0,1
6221368,64686,1,1,0
3918240,64687,1,0,1
6245184,64688,1,1,0
1151648,64689,1,1,0
1521296,64690,1,0,1
6389456,64691,1,0,1
298080,64692,1,0,1
1623072,64693,1,1,0
1014168,64694,1,1,0
2652072,64695,1,1,0
2813200,64696,1,1,0
350592,64697,1,1,0
2031768,64698,1,1,0
4265680,64699,1,1,0
4323648,64700,1,1,0
7481120,64701,1,1,0
1695208,64702,1,1,0
6850896,64703,1,1,0
6044792,64704,1,1,0
4777680,64705,1,0,1
341832,64706,1,0,1
295080,64707,1,1,0
4921984,64708,1,0,1
2361624,64709,1,0,1
5410976,64710,1,1,0
1753664,64711,1,0,1
4519016,64712,1,1,0
2267992,64713,1,1,0
7753752,64714,1,0,1
2785584,64715,1,1,0
593552,64716,1,0,1
3097664,64717,1,1,0
5223928,64718,1,1,0
1111400,64719,1,1,0
502880,64720,1,1,0
6751280,64721,1,1,0
4731664,64722,1,1,0
4204056,64723,1,0,1
3186784,64724,1,1,0
2297152,64725,1,0,1
874824,64726,1,1,0
3895624,64727,1,0,1
795496,64728,1,0,1
6366472,64729,1,0,1
1734336,64730,1,0,1
2363968,64731,1,0,1
3821840,64732,1,0,1
993536,64733,1,0,1
740968,64734,1,0,1
2010072,64735,1,1,0
267976,64736,1,0,1
4181360,64737,1,0,1
7350968,64738,1,0,1
344816,64739,1,1,0
3244952,64740,1,0,1
5864232,64741,1,1,0
1041408,64742,1,1,0
443832,64743,1,1,0
6294112,64744,1,1,0
1419480,64745,1,1,0
3735024,64746,1,1,0
5274848,64747,1,1,0
6102208,64748,1,0,1
4346720,64749,1,1,0
807296,64750,1,1,0
5126936,64751,1,0,1
2237752,64752,1,0,1
2321960,64753,1,1,0
868432,64754,1,1,0
4984624,64755,1,0,1
1793136,64756,1,0,1
1672856,64757,1,1,0
617848,64758,1,1,0
1878616,64759,1,1,0
4468216,64760,1,1,0
1358224,64761,1,0,1
4962648,64762,1,0,1
3926672,64763,1,1,0
569640,64764,1,0,1
2369488,64765,1,1,0
1492288,64766,1,0,1
2366416,64767,1,0,1
5799368,64768,1,0,1
5783576,64769,1,0,1
970336,64770,1,0,1
4058616,64771,1,0,1
1380024,64772,1,1,0
3011584,64773,1,0,1
2946480,64774,1,1,0
6692656,64775,1,0,1
1054584,64776,1,1,0
6102464,64777,1,1,0
2638264,64778,1,1,0
408776,64779,1,1,0
2004192,64780,1,0,1
7068968,64781,1,0,1
6132960,64782,1,0,1
2348656,64783,1,1,0
3066016,64784,1,0,1
279808,64785,1,1,0
1945952,64786,1,1,0
2666688,64787,1,1,0
3920800,64788,1,1,0
4311880,64789,1,1,0
3835824,64790,1,0,1
1377064,64791,1,1,0
1886952,64792,1,1,0
2811712,64793,1,1,0
2504264,64794,1,0,1
2590976,64795,1,1,0
4003472,64796,1,0,1
1534304,64797,1,1,0
3210400,64798,1,0,1
1972112,64799,1,0,1
5166688,64800,1,0,1
2809712,64801,1,0,1
726272,64802,1,0,1
551224,64803,1,0,1
3544800,64804,1,1,0
2290768,64805,1,0,1
4495344,64806,1,0,1
295072,64807,1,1,0
2132248,64808,1,0,1
951328,64809,1,0,1
2216624,64810,1,0,1
7986448,64811,1,1,0
112872,64812,1,1,0
6220848,64813,1,1,0
2440016,64814,1,1,0
819968,64815,1,1,0
111800,64816,1,0,1
1886104,64817,1,1,0
4283016,64818,1,1,0
942984,64819,1,0,1
2938744,64820,1,1,0
1827360,64821,1,1,0
814352,64822,1,0,1
1207080,64823,1,0,1
1601200,64824,1,0,1
3622288,64825,1,1,0
6685904,64826,1,1,0
4762344,64827,1,0,1
630192,64828,1,0,1
512016,64829,1,0,1
2816432,64830,1,1,0
5028240,64831,1,0,1
5194088,64832,1,0,1
2657768,64833,1,1,0
1092648,64834,1,1,0
219760,64835,1,1,0
3176208,64836,1,1,0
4518520,64837,1,1,0
1417864,64838,1,1,0
873816,64839,1,0,1
5427864,64840,1,0,1
1796520,64841,1,0,1
2044968,64842,1,1,0
810120,64843,1,0,1
449336,64844,1,0,1
1735544,64845,1,1,0
1377176,64846,1,0,1
5761232,64847,1,0,1
377896,64848,1,1,0
6573288,64849,1,0,1
7664976,64850,1,1,0
1114784,64851,1,1,0
1333768,64852,1,0,1
1909208,64853,1,0,1
362992,64854,1,1,0
1328376,64855,1,0,1
1508128,64856,1,1,0
7889632,64857,1,0,1
3083168,64858,1,0,1
5822616,64859,1,0,1
7965232,64860,1,0,1
1090968,64861,1,1,0
2290712,64862,1,0,1
5871312,64863,1,1,0
5669616,64864,1,0,1
815104,64865,1,0,1
1239456,64866,1,1,0
1774024,64867,1,1,0
6868128,64868,1,0,1
1872720,64869,1,1,0
3199456,64870,1,0,1
2271768,64871,1,0,1
6154016,64872,1,1,0
1817472,64873,1,1,0
6495072,64874,1,1,0
1711992,64875,1,0,1
1202504,64876,1,0,1
556856,64877,1,1,0
1956552,64878,1,1,0
4140440,64879,1,1,0
5992944,64880,1,1,0
953624,64881,1,0,1
3003112,64882,1,0,1
445816,64883,1,0,1
490448,64884,1,0,1
1071696,64885,1,0,1
871192,64886,1,1,0
7208416,64887,1,1,0
8159880,64888,1,1,0
265152,64889,1,1,0
880496,64890,1,0,1
4931800,64891,1,1,0
3827816,64892,1,0,1
8174032,64893,1,0,1
6960528,64894,1,1,0
5045896,64895,1,0,1
3144000,64896,1,1,0
5199336,64897,1,0,1
5578824,64898,1,0,1
3926416,64899,1,0,1
306680,64900,1,0,1
2588032,64901,1,1,0
7108848,64902,1,0,1
296800,64903,1,0,1
2667040,64904,1,1,0
584448,64905,1,0,1
354912,64906,1,1,0
1591832,64907,1,0,1
347864,64908,1,0,1
4437944,64909,1,0,1
354456,64910,1,0,1
4300376,64911,1,0,1
2161472,64912,1,1,0
5782944,64913,1,0,1
1154616,64914,1,1,0
1626240,64915,1,1,0
3492592,64916,1,0,1
514536,64917,1,1,0
1108272,64918,1,0,1
1211936,64919,1,0,1
3225160,64920,1,1,0
4771416,64921,1,1,0
681120,64922,1,0,1
3419960,64923,1,0,1
2070960,64924,1,1,0
1612440,64925,1,0,1
6843952,64926,1,0,1
470320,64927,1,1,0
1754752,64928,1,1,0
8214984,64929,1,0,1
5552728,64930,1,0,1
1025704,64931,1,1,0
2549792,64932,1,0,1
288672,64933,1,0,1
1176472,64934,1,1,0
2824448,64935,1,1,0
6612584,64936,1,1,0
670016,64937,1,1,0
3852208,64938,1,1,0
1129400,64939,1,0,1
2207072,64940,1,0,1
1936384,64941,1,0,1
2050752,64942,1,0,1
1412824,64943,1,0,1
2139048,64944,1,1,0
959008,64945,1,0,1
7154400,64946,1,0,1
5500176,64947,1,0,1
864928,64948,1,0,1
1555400,64949,1,1,0
2070024,64950,1,1,0
4320224,64951,1,1,0
127072,64952,1,0,1
4685416,64953,1,1,0
1851656,64954,1,1,0
5049456,64955,1,0,1
5328312,64956,1,1,0
1092632,64957,1,1,0
4883984,64958,1,1,0
901552,64959,1,0,1
757072,64960,1,0,1
6089384,64961,1,0,1
4048040,64962,1,0,1
830952,64963,1,1,0
365888,64964,1,0,1
1163328,64965,1,0,1
836640,64966,1,0,1
7505536,64967,1,1,0
620664,64968,1,1,0
921184,64969,1,1,0
441704,64970,1,1,0
1182296,64971,1,0,1
821792,64972,1,1,0
487888,64973,1,1,0
5377184,64974,1,0,1
556080,64975,1,1,0
1524840,64976,1,0,1
529344,64977,1,1,0
704696,64978,1,1,0
707728,64979,1,1,0
2737464,64980,1,1,0
951248,64981,1,1,0
311192,64982,1,0,1
3691424,64983,1,1,0
348432,64984,1,1,0
3586392,64985,1,1,0
1078792,64986,1,1,0
324552,64987,1,1,0
7726296,64988,1,1,0
2282464,64989,1,1,0
1417264,64990,1,0,1
795208,64991,1,0,1
6721520,64992,1,1,0
5299712,64993,1,1,0
2273352,64994,1,0,1
5646760,64995,1,0,1
1142696,64996,1,1,0
1110904,64997,1,0,1
222176,64998,1,1,0
667800,64999,1,1,0
6364680,65000,1,1,0
2290408,65001,1,0,1
855016,65002,1,0,1
5400392,65003,1,0,1
4736136,65004,1,1,0
1393352,65005,1,1,0
1858664,65006,1,0,1
1461264,65007,1,0,1
1355976,65008,1,1,0
2046056,65009,1,1,0
3590296,65010,1,0,1
1883400,65011,1,1,0
1260304,65012,1,1,0
3946512,65013,1,1,0
5003472,65014,1,1,0
829168,65015,1,0,1
5479112,65016,1,1,0
6483960,65017,1,0,1
6254904,65018,1,0,1
665648,65019,1,0,1
6782840,65020,1,1,0
3963832,65021,1,1,0
7700672,65022,1,1,0
3774128,65023,1,1,0
1127840,65024,1,1,0
5259472,65025,1,1,0
1530648,65026,1,0,1
749704,65027,1,0,1
6464232,65028,1,1,0
2584536,65029,1,1,0
289872,65030,1,0,1
336696,65031,1,0,1
1662320,65032,1,0,1
432384,65033,1,0,1
1061216,65034,1,1,0
529272,65035,1,0,1
6069504,65036,1,1,0
7229392,65037,1,1,0
3257176,65038,1,0,1
1030632,65039,1,1,0
6260544,65040,1,0,1
4114056,65041,1,0,1
562944,65042,1,1,0
3616360,65043,1,1,0
2863112,65044,1,0,1
3450008,65045,1,1,0
491864,65046,1,0,1
4359856,65047,1,0,1
849992,65048,1,1,0
1478576,65049,1,0,1
5500120,65050,1,1,0
6729400,65051,1,0,1
990408,65052,1,0,1
1052392,65053,1,0,1
2985952,65054,1,0,1
787136,65055,1,1,0
3691592,65056,1,0,1
774648,65057,1,1,0
3540176,65058,1,0,1
6749368,65059,1,0,1
986344,65060,1,0,1
2671736,65061,1,1,0
2608936,65062,1,0,1
7143224,65063,1,0,1
720248,65064,1,1,0
2400072,65065,1,1,0
8017376,65066,1,0,1
3169464,65067,1,1,0
2817696,65068,1,0,1
3731008,65069,1,1,0
7320944,65070,1,1,0
1935328,65071,1,1,0
558136,65072,1,0,1
279480,65073,1,0,1
1643256,65074,1,0,1
912120,65075,1,1,0
889328,65076,1,0,1
8364472,65077,1,0,1
1229960,65078,1,0,1
676472,65079,1,0,1
532152,65080,1,0,1
524096,65081,1,1,0
2875808,65082,1,0,1
500536,65083,1,0,1
776936,65084,1,1,0
7708384,65085,1,0,1
6382456,65086,1,1,0
1456416,65087,1,1,0
2624848,65088,1,1,0
5237440,65089,1,1,0
2377216,65090,1,1,0
1782544,65091,1,1,0
1898944,65092,1,1,0
5571464,65093,1,0,1
1377336,65094,1,0,1
8351520,65095,1,1,0
752464,65096,1,0,1
553504,65097,1,1,0
2490352,65098,1,1,0
4000912,65099,1,1,0
3580312,65100,1,1,0
1941320,65101,1,1,0
2615064,65102,1,1,0
6550216,65103,1,0,1
308184,65104,1,1,0
5212016,65105,1,1,0
7154024,65106,1,1,0
4682384,65107,1,1,0
2076832,65108,1,0,1
288928,65109,1,1,0
929384,65110,1,1,0
4154448,65111,1,1,0
3616664,65112,1,0,1
264696,65113,1,1,0
2827648,65114,1,1,0
4007000,65115,1,1,0
2718608,65116,1,0,1
1073072,65117,1,1,0
6301616,65118,1,1,0
1865112,65119,1,1,0
7330224,65120,1,0,1
6822120,65121,1,0,1
1382000,65122,1,1,0
1909760,65123,1,1,0
3483416,65124,1,0,1
2144248,65125,1,1,0
7633656,65126,1,1,0
1775384,65127,1,0,1
806528,65128,1,1,0
5900648,65129,1,1,0
1359080,65130,1,1,0
6498296,65131,1,1,0
1062312,65132,1,0,1
670616,65133,1,0,1
470560,65134,1,1,0
1930504,65135,1,0,1
1005960,65136,1,0,1
1121576,65137,1,1,0
1682280,65138,1,0,1
1222376,65139,1,0,1
569720,65140,1,0,1
7908664,65141,1,0,1
7324008,65142,1,1,0
3554248,65143,1,0,1
4680336,65144,1,0,1
1440080,65145,1,1,0
1048176,65146,1,0,1
2846136,65147,1,1,0
2265016,65148,1,1,0
446688,65149,1,1,0
4032624,65150,1,0,1
813824,65151,1,1,0
508576,65152,1,0,1
2364432,65153,1,0,1
1066464,65154,1,0,1
2147352,65155,1,0,1
2543992,65156,1,1,0
1085872,65157,1,1,0
1171528,65158,1,0,1
882016,65159,1,0,1
774768,65160,1,0,1
2375688,65161,1,0,1
1029504,65162,1,0,1
707656,65163,1,1,0
4178392,65164,1,1,0
3597104,65165,1,1,0
660120,65166,1,0,1
612720,65167,1,1,0
3351696,65168,1,0,1
123096,65169,1,1,0
636600,65170,1,1,0
5041192,65171,1,1,0
607592,65172,1,0,1
5921992,65173,1,1,0
5086304,65174,1,1,0
2370400,65175,1,0,1
3313912,65176,1,0,1
3945240,65177,1,0,1
7729792,65178,1,0,1
1415640,65179,1,0,1
435360,65180,1,0,1
1091880,65181,1,1,0
1792456,65182,1,1,0
4040504,65183,1,0,1
1270256,65184,1,1,0
2115744,65185,1,0,1
6500616,65186,1,0,1
519336,65187,1,0,1
780512,65188,1,0,1
2752640,65189,1,0,1
421256,65190,1,1,0
1308904,65191,1,1,0
4425424,65192,1,0,1
6805768,65193,1,1,0
404856,65194,1,1,0
2014872,65195,1,1,0
740280,65196,1,1,0
973728,65197,1,0,1
7810912,65198,1,0,1
6497592,65199,1,1,0
4940104,65200,1,0,1
4749264,65201,1,1,0
154952,65202,1,1,0
1757184,65203,1,1,0
1521552,65204,1,1,0
769088,65205,1,0,1
7614232,65206,1,0,1
1908880,65207,1,0,1
1432952,65208,1,0,1
2547384,65209,1,0,1
2009136,65210,1,1,0
7929624,65211,1,1,0
1059376,65212,1,0,1
1144896,65213,1,1,0
790320,65214,1,1,0
169328,65215,1,1,0
428352,65216,1,1,0
767656,65217,1,1,0
2954048,65218,1,1,0
2954680,65219,1,0,1
4661072,65220,1,1,0
403792,65221,1,0,1
115864,65222,1,0,1
519576,65223,1,1,0
2638560,65224,1,0,1
3789016,65225,1,1,0
2202464,65226,1,1,0
1679344,65227,1,0,1
3297280,65228,1,0,1
236040,65229,1,0,1
5931592,65230,1,0,1
8315824,65231,1,1,0
7091440,65232,1,1,0
6564680,65233,1,1,0
4172232,65234,1,0,1
3011880,65235,1,0,1
652312,65236,1,0,1
1728128,65237,1,1,0
5169880,65238,1,0,1
646704,65239,1,1,0
5117744,65240,1,0,1
6159848,65241,1,0,1
5565072,65242,1,0,1
1743208,65243,1,1,0
165888,65244,1,1,0
569096,65245,1,0,1
5015600,65246,1,1,0
177064,65247,1,1,0
3813912,65248,1,0,1
2876592,65249,1,0,1
1119216,65250,1,1,0
1249328,65251,1,1,0
547624,65252,1,1,0
735928,65253,1,1,0
7243912,65254,1,0,1
4980432,65255,1,1,0
212952,65256,1,1,0
1270352,65257,1,1,0
2584744,65258,1,1,0
4209608,65259,1,1,0
2044448,65260,1,1,0
386736,65261,1,0,1
1687360,65262,1,0,1
2270712,65263,1,0,1
230016,65264,1,0,1
3604496,65265,1,1,0
2509064,65266,1,1,0
2938392,65267,1,1,0
2436120,65268,1,1,0
3561776,65269,1,0,1
8190992,65270,1,0,1
2615488,65271,1,1,0
7674048,65272,1,1,0
137376,65273,1,1,0
1713984,65274,1,0,1
2839408,65275,1,1,0
191256,65276,1,0,1
5458288,65277,1,0,1
2570776,65278,1,1,0
1097616,65279,1,0,1
138472,65280,1,1,0
6783984,65281,1,1,0
6155784,65282,1,0,1
5303720,65283,1,1,0
985248,65284,1,0,1
838992,65285,1,1,0
1555552,65286,1,0,1
4508512,65287,1,1,0
3576784,65288,1,0,1
2182600,65289,1,0,1
2654280,65290,1,0,1
286272,65291,1,1,0
1169704,65292,1,0,1
1587600,65293,1,0,1
6802800,65294,1,1,0
3375912,65295,1,1,0
4995088,65296,1,1,0
4228176,65297,1,1,0
1432544,65298,1,1,0
482792,65299,1,0,1
1253728,65300,1,0,1
3617872,65301,1,0,1
2440208,65302,1,0,1
3198856,65303,1,0,1
4455240,65304,1,1,0
6714576,65305,1,1,0
1143464,65306,1,1,0
3795048,65307,1,0,1
2333960,65308,1,0,1
2602352,65309,1,1,0
7765944,65310,1,1,0
2704848,65311,1,0,1
731920,65312,1,1,0
436104,65313,1,0,1
8160248,65314,1,1,0
2536280,65315,1,0,1
5073952,65316,1,1,0
208896,65317,1,0,1
3707504,65318,1,1,0
6927232,65319,1,1,0
4997400,65320,1,1,0
986112,65321,1,1,0
5784544,65322,1,1,0
1935720,65323,1,0,1
5124024,65324,1,1,0
2040968,65325,1,1,0
3903344,65326,1,0,1
212784,65327,1,0,1
755280,65328,1,1,0
1050736,65329,1,1,0
474472,65330,1,0,1
5741624,65331,1,0,1
3747024,65332,1,1,0
4818736,65333,1,0,1
6195648,65334,1,0,1
132360,65335,1,0,1
2741560,65336,1,1,0
2998312,65337,1,0,1
6522296,65338,1,1,0
2138200,65339,1,1,0
1973296,65340,1,0,1
7751040,65341,1,1,0
3119784,65342,1,1,0
5899072,65343,1,0,1
4552384,65344,1,1,0
1885688,65345,1,0,1
4960056,65346,1,1,0
494144,65347,1,1,0
2995656,65348,1,0,1
5375024,65349,1,1,0
2627696,65350,1,0,1
953280,65351,1,1,0
3226856,65352,1,0,1
791016,65353,1,0,1
345032,65354,1,0,1
732128,65355,1,0,1
2148088,65356,1,0,1
410760,65357,1,1,0
2261032,65358,1,1,0
4433480,65359,1,0,1
4726536,65360,1,0,1
945144,65361,1,0,1
5543400,65362,1,1,0
5658112,65363,1,0,1
8224336,65364,1,1,0
1772000,65365,1,1,0
991192,65366,1,0,1
7536688,65367,1,0,1
5656872,65368,1,1,0
326032,65369,1,0,1
1220064,65370,1,0,1
1636936,65371,1,1,0
570472,65372,1,0,1
621320,65373,1,0,1
1282184,65374,1,0,1
601960,65375,1,0,1
1302208,65376,1,1,0
6350064,65377,1,1,0
2650856,65378,1,0,1
4698400,65379,1,0,1
830888,65380,1,0,1
2830176,65381,1,1,0
1421520,65382,1,0,1
3699248,65383,1,0,1
862936,65384,1,0,1
6273592,65385,1,1,0
216880,65386,1,1,0
921400,65387,1,0,1
1807728,65388,1,1,0
6216256,65389,1,1,0
1412680,65390,1,1,0
962264,65391,1,1,0
3300328,65392,1,0,1
2855120,65393,1,0,1
141912,65394,1,1,0
5657544,65395,1,0,1
2715392,65396,1,0,1
640600,65397,1,1,0
809760,65398,1,0,1
990272,65399,1,1,0
3224248,65400,1,0,1
5199056,65401,1,1,0
1575936,65402,1,0,1
6098344,65403,1,0,1
6595080,65404,1,1,0
4058176,65405,1,0,1
4165688,65406,1,1,0
2024488,65407,1,0,1
98200,65408,1,1,0
1862344,65409,1,0,1
1037744,65410,1,0,1
1951600,65411,1,0,1
5486848,65412,1,1,0
4481952,65413,1,1,0
552288,65414,1,0,1
2260744,65415,1,0,1
1702392,65416,1,1,0
7543272,65417,1,0,1
5899120,65418,1,1,0
4880464,65419,1,0,1
4486688,65420,1,1,0
4699976,65421,1,0,1
6551968,65422,1,1,0
6556856,65423,1,0,1
506464,65424,1,0,1
5567584,65425,1,1,0
4368984,65426,1,1,0
983616,65427,1,0,1
4140944,65428,1,0,1
6810592,65429,1,1,0
4090368,65430,1,1,0
5837296,65431,1,1,0
1799584,65432,1,0,1
4315920,65433,1,0,1
606416,65434,1,1,0
453560,65435,1,0,1
1432120,65436,1,0,1
1632080,65437,1,1,0
1005640,65438,1,0,1
864272,65439,1,0,1
334704,65440,1,0,1
6890232,65441,1,1,0
635720,65442,1,0,1
490072,65443,1,1,0
5211376,65444,1,1,0
2707032,65445,1,1,0
2497008,65446,1,0,1
477064,65447,1,1,0
2472600,65448,1,0,1
428544,65449,1,0,1
2982984,65450,1,0,1
7823416,65451,1,1,0
6795288,65452,1,0,1
763728,65453,1,1,0
6848176,65454,1,0,1
4068096,65455,1,1,0
5680536,65456,1,0,1
3456024,65457,1,0,1
496592,65458,1,0,1
640576,65459,1,1,0
4998672,65460,1,1,0
4490216,65461,1,1,0
3778944,65462,1,0,1
760248,65463,1,1,0
1012208,65464,1,1,0
5867000,65465,1,1,0
4499872,65466,1,0,1
1367576,65467,1,0,1
5176400,65468,1,0,1
1783216,65469,1,1,0
861624,65470,1,0,1
1053728,65471,1,1,0
3625120,65472,1,1,0
3788464,65473,1,0,1
779800,65474,1,0,1
1880304,65475,1,1,0
1156680,65476,1,0,1
698544,65477,1,0,1
3091320,65478,1,0,1
2217584,65479,1,1,0
6566120,65480,1,0,1
4359136,65481,1,1,0
5544616,65482,1,0,1
4593224,65483,1,1,0
329256,65484,1,0,1
1201072,65485,1,0,1
2576128,65486,1,0,1
859872,65487,1,0,1
785936,65488,1,0,1
4498088,65489,1,1,0
7117624,65490,1,0,1
287976,65491,1,1,0
1299672,65492,1,0,1
938520,65493,1,0,1
6456768,65494,1,0,1
504472,65495,1,0,1
6016528,65496,1,0,1
4225376,65497,1,0,1
2727728,65498,1,0,1
6978720,65499,1,0,1
643360,65500,1,1,0
4434088,65501,1,1,0
1102760,65502,1,1,0
3465800,65503,1,0,1
1591736,65504,1,0,1
2172736,65505,1,0,1
1665568,65506,1,1,0
1981576,65507,1,0,1
2680616,65508,1,1,0
8100856,65509,1,1,0
1531224,65510,1,0,1
510640,65511,1,1,0
379520,65512,1,0,1
3250016,65513,1,0,1
2077440,65514,1,0,1
5902688,65515,1,0,1
267696,65516,1,1,0
4099184,65517,1,0,1
497712,65518,1,1,0
7295200,65519,1,0,1
458240,65520,1,1,0
6808704,65521,1,1,0
953696,65522,1,1,0
492976,65523,1,1,0
4319360,65524,1,1,0
5709144,65525,1,0,1
564088,65526,1,1,0
760064,65527,1,1,0
5109104,65528,1,0,1
342128,65529,1,0,1
1591496,65530,1,0,1
1039408,65531,1,0,1
3629632,65532,1,1,0
3155000,65533,1,1,0
2878656,65534,1,0,1
8363376,65535,1,1,0
1314576,65536,1,0,1
102360,65537,1,1,0
2958264,65538,1,1,0
1855064,65539,1,0,1
6047048,65540,1,1,0
7279008,65541,1,1,0
4997728,65542,1,0,1
1344416,65543,1,1,0
949520,65544,1,1,0
2578744,65545,1,0,1
4674184,65546,1,1,0
1045792,65547,1,1,0
4134368,65548,1,1,0
2517488,65549,1,1,0
253608,65550,1,0,1
2470712,65551,1,0,1
1026120,65552,1,1,0
3383024,65553,1,1,0
5622832,65554,1,1,0
1141768,65555,1,1,0
1669192,65556,1,0,1
559912,65557,1,0,1
422984,65558,1,0,1
169272,65559,1,0,1
4179592,65560,1,0,1
5191992,65561,1,0,1
4382568,65562,1,0,1
2279616,65563,1,1,0
8326072,65564,1,1,0
447968,65565,1,0,1
1797736,65566,1,1,0
1582928,65567,1,0,1
4588664,65568,1,1,0
911592,65569,1,0,1
357008,65570,1,1,0
3456040,65571,1,1,0
1695632,65572,1,1,0
3072008,65573,1,1,0
4717344,65574,1,1,0
1096664,65575,1,0,1
2573144,65576,1,0,1
7906032,65577,1,1,0
1687536,65578,1,0,1
2351968,65579,1,1,0
3605600,65580,1,1,0
2636416,65581,1,0,1
432608,65582,1,0,1
1495328,65583,1,1,0
967312,65584,1,1,0
1884560,65585,1,1,0
5364544,65586,1,1,0
1177960,65587,1,0,1
2192784,65588,1,1,0
7856552,65589,1,1,0
2721768,65590,1,1,0
1334656,65591,1,1,0
1970400,65592,1,1,0
2632800,65593,1,0,1
5846824,65594,1,1,0
1977064,65595,1,0,1
4657624,65596,1,1,0
261472,65597,1,0,1
6294944,65598,1,1,0
943248,65599,1,0,1
1693208,65600,1,1,0
557104,65601,1,0,1
5062456,65602,1,0,1
773360,65603,1,1,0
637368,65604,1,0,1
1386160,65605,1,1,0
3294312,65606,1,1,0
1586840,65607,1,1,0
2856456,65608,1,1,0
6004072,65609,1,0,1
908504,65610,1,1,0
647856,65611,1,1,0
617616,65612,1,0,1
6683960,65613,1,1,0
1659424,65614,1,1,0
8244472,65615,1,1,0
1171200,65616,1,1,0
652728,65617,1,0,1
4052064,65618,1,0,1
5061416,65619,1,0,1
3892280,65620,1,1,0
3949744,65621,1,1,0
3225240,65622,1,0,1
802720,65623,1,0,1
3989840,65624,1,0,1
222360,65625,1,0,1
6497888,65626,1,1,0
4046472,65627,1,0,1
3521648,65628,1,1,0
3246032,65629,1,1,0
4189720,65630,1,0,1
2124808,65631,1,0,1
2507408,65632,1,0,1
1441648,65633,1,0,1
8214712,65634,1,1,0
418496,65635,1,0,1
2345400,65636,1,1,0
495736,65637,1,1,0
4284624,65638,1,1,0
2640664,65639,1,0,1
4263224,65640,1,1,0
1114832,65641,1,0,1
1889792,65642,1,0,1
5336912,65643,1,0,1
424144,65644,1,1,0
3067872,65645,1,0,1
283872,65646,1,1,0
681240,65647,1,0,1
646096,65648,1,0,1
4207816,65649,1,0,1
686760,65650,1,1,0
7525232,65651,1,1,0
8026392,65652,1,0,1
3856264,65653,1,1,0
1022400,65654,1,0,1
5879624,65655,1,0,1
3943992,65656,1,1,0
411200,65657,1,0,1
2053936,65658,1,1,0
2191856,65659,1,1,0
915248,65660,1,1,0
736888,65661,1,1,0
1292664,65662,1,1,0
1516424,65663,1,0,1
1499976,65664,1,0,1
4627112,65665,1,1,0
448816,65666,1,0,1
2091304,65667,1,1,0
761976,65668,1,1,0
808784,65669,1,1,0
2428248,65670,1,0,1
1599536,65671,1,1,0
8226240,65672,1,1,0
1201744,65673,1,0,1
3800096,65674,1,0,1
293112,65675,1,1,0
1580952,65676,1,0,1
7080792,65677,1,0,1
270144,65678,1,1,0
1431528,65679,1,1,0
4201096,65680,1,0,1
1403216,65681,1,1,0
2304560,65682,1,1,0
729368,65683,1,0,1
1325808,65684,1,0,1
6647328,65685,1,0,1
608136,65686,1,0,1
1619944,65687,1,1,0
3190088,65688,1,1,0
273416,65689,1,0,1
1336696,65690,1,1,0
2408184,65691,1,1,0
3360144,65692,1,0,1
1074792,65693,1,0,1
3506696,65694,1,1,0
4926248,65695,1,0,1
4335648,65696,1,0,1
3093088,65697,1,0,1
961896,65698,1,1,0
423776,65699,1,1,0
1278248,65700,1,1,0
1014296,65701,1,1,0
1287592,65702,1,1,0
1036864,65703,1,1,0
3330800,65704,1,0,1
3344936,65705,1,0,1
937912,65706,1,0,1
579240,65707,1,0,1
7725880,65708,1,1,0
1684600,65709,1,1,0
894480,65710,1,1,0
5039560,65711,1,0,1
7420344,65712,1,0,1
1022488,65713,1,0,1
283912,65714,1,0,1
3688040,65715,1,0,1
906104,65716,1,0,1
4056888,65717,1,1,0
1462944,65718,1,0,1
756352,65719,1,0,1
1248992,65720,1,0,1
5689984,65721,1,0,1
299440,65722,1,1,0
1433704,65723,1,0,1
1262032,65724,1,0,1
5221688,65725,1,0,1
7697672,65726,1,1,0
2692600,65727,1,1,0
793968,65728,1,1,0
312168,65729,1,1,0
4942528,65730,1,1,0
807544,65731,1,1,0
4304424,65732,1,1,0
1498456,65733,1,1,0
1497040,65734,1,0,1
590640,65735,1,1,0
4363448,65736,1,0,1
1259952,65737,1,0,1
156936,65738,1,1,0
1760776,65739,1,1,0
1496952,65740,1,0,1
1715592,65741,1,1,0
3358688,65742,1,0,1
5016544,65743,1,0,1
4436632,65744,1,0,1
562288,65745,1,1,0
2852688,65746,1,1,0
5536760,65747,1,0,1
2184936,65748,1,1,0
320656,65749,1,1,0
825360,65750,1,1,0
1974960,65751,1,1,0
1099856,65752,1,1,0
4312768,65753,1,1,0
2332848,65754,1,0,1
6857632,65755,1,1,0
8363864,65756,1,0,1
6428672,65757,1,1,0
731008,65758,1,1,0
4789688,65759,1,1,0
7998376,65760,1,0,1
4109624,65761,1,0,1
356000,65762,1,0,1
867224,65763,1,0,1
4125512,65764,1,1,0
732368,65765,1,0,1
2476320,65766,1,0,1
2020496,65767,1,1,0
1050872,65768,1,1,0
2171464,65769,1,0,1
5598584,65770,1,1,0
3528608,65771,1,1,0
2600376,65772,1,1,0
5212784,65773,1,0,1
6862064,65774,1,1,0
1162592,65775,1,1,0
752264,65776,1,0,1
2836232,65777,1,1,0
8371336,65778,1,1,0
7763688,65779,1,0,1
8015176,65780,1,1,0
2801568,65781,1,0,1
417448,65782,1,1,0
615528,65783,1,0,1
2325440,65784,1,0,1
277392,65785,1,0,1
1882520,65786,1,1,0
858368,65787,1,1,0
3929112,65788,1,0,1
3163224,65789,1,1,0
1039632,65790,1,0,1
2260736,65791,1,0,1
1754384,65792,1,1,0
5255336,65793,1,0,1
1215704,65794,1,1,0
5445200,65795,1,0,1
4350600,65796,1,1,0
1075800,65797,1,0,1
4274288,65798,1,0,1
7171648,65799,1,1,0
4296128,65800,1,1,0
1351536,65801,1,0,1
477440,65802,1,0,1
7841584,65803,1,0,1
7302600,65804,1,0,1
3209752,65805,1,0,1
1518328,65806,1,1,0
6839752,65807,1,1,0
6990016,65808,1,1,0
3449248,65809,1,1,0
5154560,65810,1,0,1
4183944,65811,1,0,1
748184,65812,1,1,0
4370320,65813,1,1,0
1275064,65814,1,1,0
1492400,65815,1,0,1
4417200,65816,1,0,1
342368,65817,1,1,0
5008784,65818,1,0,1
1767376,65819,1,1,0
63192,65820,1,1,0
1721208,65821,1,0,1
2280248,65822,1,1,0
823656,65823,1,0,1
4665344,65824,1,0,1
4050536,65825,1,1,0
5469248,65826,1,1,0
517912,65827,1,1,0
6535224,65828,1,1,0
4485624,65829,1,1,0
1008272,65830,1,0,1
5258912,65831,1,1,0
4847944,65832,1,0,1
1076392,65833,1,1,0
3146976,65834,1,1,0
1806352,65835,1,1,0
1942944,65836,1,1,0
6596352,65837,1,1,0
825968,65838,1,1,0
2554232,65839,1,1,0
952392,65840,1,0,1
2968792,65841,1,1,0
1832816,65842,1,0,1
610168,65843,1,1,0
6082992,65844,1,1,0
3202224,65845,1,0,1
2610768,65846,1,0,1
3898192,65847,1,0,1
5621784,65848,1,1,0
1148952,65849,1,0,1
3356432,65850,1,0,1
3037736,65851,1,0,1
5040064,65852,1,0,1
3072704,65853,1,0,1
5949704,65854,1,0,1
7393984,65855,1,0,1
5856688,65856,1,1,0
4873392,65857,1,0,1
3016336,65858,1,1,0
577944,65859,1,0,1
6070544,65860,1,1,0
893976,65861,1,1,0
7306120,65862,1,1,0
6808480,65863,1,0,1
4200584,65864,1,1,0
7508048,65865,1,0,1
7344272,65866,1,1,0
1828496,65867,1,1,0
1515208,65868,1,1,0
475400,65869,1,0,1
1247544,65870,1,1,0
4843152,65871,1,0,1
4106928,65872,1,1,0
6511232,65873,1,0,1
729088,65874,1,1,0
3389416,65875,1,0,1
1794072,65876,1,1,0
2356440,65877,1,1,0
1117776,65878,1,0,1
3058280,65879,1,0,1
4740808,65880,1,0,1
3833064,65881,1,0,1
318048,65882,1,0,1
3473360,65883,1,1,0
1380120,65884,1,1,0
998040,65885,1,0,1
557072,65886,1,0,1
870552,65887,1,0,1
3888608,65888,1,1,0
436480,65889,1,0,1
5735400,65890,1,1,0
7009392,65891,1,1,0
5004288,65892,1,0,1
7261160,65893,1,1,0
604680,65894,1,1,0
196840,65895,1,1,0
3428328,65896,1,0,1
3474248,65897,1,1,0
2416504,65898,1,1,0
5542824,65899,1,0,1
413048,65900,1,0,1
6114904,65901,1,1,0
4898000,65902,1,1,0
7413832,65903,1,1,0
938256,65904,1,0,1
2844784,65905,1,1,0
3700504,65906,1,1,0
548608,65907,1,1,0
7633168,65908,1,1,0
892496,65909,1,1,0
5544040,65910,1,1,0
6082760,65911,1,1,0
3072848,65912,1,0,1
2426184,65913,1,1,0
2139808,65914,1,1,0
7685656,65915,1,0,1
594008,65916,1,1,0
2144536,65917,1,1,0
6303000,65918,1,0,1
1478528,65919,1,0,1
1885056,65920,1,1,0
475928,65921,1,0,1
323872,65922,1,0,1
1334176,65923,1,1,0
4658728,65924,1,0,1
331032,65925,1,1,0
2184976,65926,1,1,0
2363464,65927,1,0,1
289160,65928,1,0,1
4267648,65929,1,0,1
5043296,65930,1,1,0
5849248,65931,1,0,1
6088752,65932,1,1,0
6749856,65933,1,1,0
7881096,65934,1,0,1
182376,65935,1,0,1
3209144,65936,1,1,0
4746496,65937,1,0,1
935472,65938,1,1,0
2484096,65939,1,0,1
838896,65940,1,0,1
141728,65941,1,0,1
1633664,65942,1,1,0
4583136,65943,1,0,1
1152296,65944,1,0,1
7143264,65945,1,1,0
6727544,65946,1,0,1
4341088,65947,1,0,1
1210768,65948,1,0,1
1062088,65949,1,1,0
2421584,65950,1,0,1
587160,65951,1,1,0
646960,65952,1,0,1
5915824,65953,1,0,1
4029160,65954,1,0,1
195136,65955,1,1,0
2534000,65956,1,0,1
739032,65957,1,1,0
451352,65958,1,0,1
2805528,65959,1,0,1
1040752,65960,1,1,0
977832,65961,1,1,0
1205592,65962,1,1,0
443224,65963,1,1,0
4538688,65964,1,0,1
1079248,65965,1,0,1
2330112,65966,1,0,1
3630336,65967,1,0,1
622216,65968,1,1,0
3706176,65969,1,1,0
5910872,65970,1,1,0
2807240,65971,1,0,1
6349240,65972,1,1,0
563952,65973,1,0,1
807088,65974,1,0,1
2035456,65975,1,1,0
3807824,65976,1,0,1
1108504,65977,1,1,0
2081688,65978,1,1,0
66760,65979,1,1,0
375856,65980,1,0,1
743240,65981,1,0,1
2491664,65982,1,1,0
883096,65983,1,0,1
1721976,65984,1,0,1
3833480,65985,1,1,0
7055832,65986,1,1,0
1072520,65987,1,1,0
2688968,65988,1,0,1
8102832,65989,1,1,0
6156816,65990,1,0,1
3645560,65991,1,1,0
5757488,65992,1,1,0
3312552,65993,1,1,0
8310928,65994,1,0,1
3873416,65995,1,1,0
3342744,65996,1,1,0
1806960,65997,1,1,0
7627032,65998,1,0,1
1392176,65999,1,0,1
6751960,66000,1,0,1
758192,66001,1,1,0
6123952,66002,1,0,1
644480,66003,1,0,1
744176,66004,1,0,1
8105680,66005,1,0,1
2237360,66006,1,0,1
2289536,66007,1,0,1
4124736,66008,1,1,0
3750192,66009,1,0,1
1700160,66010,1,1,0
2041536,66011,1,1,0
6108976,66012,1,1,0
1208512,66013,1,0,1
305560,66014,1,1,0
459328,66015,1,1,0
2945608,66016,1,0,1
5363328,66017,1,1,0
4722616,66018,1,0,1
1203208,66019,1,0,1
1628472,66020,1,1,0
1913488,66021,1,1,0
2637824,66022,1,0,1
7086648,66023,1,0,1
2606456,66024,1,0,1
4353832,66025,1,0,1
4517872,66026,1,1,0
630528,66027,1,1,0
3369912,66028,1,1,0
8099360,66029,1,0,1
5901328,66030,1,1,0
4902664,66031,1,1,0
4106616,66032,1,0,1
5132088,66033,1,0,1
3270544,66034,1,0,1
1821096,66035,1,0,1
2241008,66036,1,1,0
1747440,66037,1,1,0
1203968,66038,1,1,0
845872,66039,1,1,0
3038400,66040,1,0,1
78728,66041,1,1,0
7355576,66042,1,1,0
1615912,66043,1,1,0
1079880,66044,1,1,0
798864,66045,1,1,0
3943168,66046,1,1,0
486912,66047,1,1,0
4189656,66048,1,0,1
1342784,66049,1,0,1
1744160,66050,1,1,0
1235680,66051,1,1,0
1501704,66052,1,0,1
6240552,66053,1,0,1
3598224,66054,1,0,1
409560,66055,1,0,1
1122216,66056,1,0,1
594736,66057,1,1,0
1880984,66058,1,1,0
8355616,66059,1,0,1
330560,66060,1,0,1
104072,66061,1,1,0
1904720,66062,1,1,0
1722176,66063,1,1,0
798032,66064,1,1,0
1508904,66065,1,0,1
358032,66066,1,1,0
1607920,66067,1,0,1
1122496,66068,1,1,0
5333328,66069,1,0,1
884024,66070,1,1,0
5140328,66071,1,1,0
791368,66072,1,0,1
4849000,66073,1,0,1
6221256,66074,1,0,1
2943792,66075,1,1,0
1265976,66076,1,1,0
3485544,66077,1,0,1
4044328,66078,1,1,0
949768,66079,1,1,0
574976,66080,1,1,0
635904,66081,1,1,0
2455272,66082,1,0,1
6063552,66083,1,0,1
2422328,66084,1,0,1
6296592,66085,1,0,1
5286072,66086,1,0,1
2995296,66087,1,1,0
2207904,66088,1,1,0
2244112,66089,1,1,0
329392,66090,1,1,0
791680,66091,1,0,1
726640,66092,1,0,1
567024,66093,1,0,1
568928,66094,1,0,1
1639264,66095,1,1,0
1861992,66096,1,0,1
5539928,66097,1,1,0
1130976,66098,1,0,1
1894720,66099,1,1,0
2688864,66100,1,0,1
682008,66101,1,0,1
3924176,66102,1,0,1
2340512,66103,1,1,0
1320592,66104,1,1,0
6482792,66105,1,1,0
1738792,66106,1,0,1
5147072,66107,1,1,0
622272,66108,1,1,0
876760,66109,1,1,0
275112,66110,1,0,1
3642624,66111,1,0,1
8352832,66112,1,1,0
1330288,66113,1,1,0
579248,66114,1,0,1
376144,66115,1,0,1
2373432,66116,1,0,1
212104,66117,1,1,0
7239000,66118,1,1,0
6200648,66119,1,1,0
374384,66120,1,0,1
3323776,66121,1,1,0
886992,66122,1,1,0
6677000,66123,1,1,0
1461424,66124,1,0,1
450856,66125,1,1,0
1922968,66126,1,0,1
2518072,66127,1,0,1
1760192,66128,1,1,0
932968,66129,1,1,0
4997744,66130,1,1,0
2012112,66131,1,1,0
5039360,66132,1,0,1
1030624,66133,1,1,0
2695512,66134,1,0,1
2995624,66135,1,0,1
1700840,66136,1,0,1
2174608,66137,1,1,0
724960,66138,1,1,0
2279224,66139,1,0,1
3150624,66140,1,0,1
1298832,66141,1,1,0
1166416,66142,1,0,1
8057136,66143,1,0,1
1452592,66144,1,1,0
2230064,66145,1,1,0
5954064,66146,1,0,1
3005808,66147,1,1,0
241600,66148,1,1,0
5114440,66149,1,0,1
4859856,66150,1,0,1
387848,66151,1,1,0
1561144,66152,1,1,0
4538440,66153,1,0,1
4092888,66154,1,1,0
5691136,66155,1,0,1
2887256,66156,1,0,1
975040,66157,1,0,1
684848,66158,1,1,0
759456,66159,1,1,0
2080528,66160,1,0,1
210272,66161,1,1,0
3532376,66162,1,0,1
886224,66163,1,0,1
590528,66164,1,0,1
3960368,66165,1,0,1
4141728,66166,1,1,0
6440184,66167,1,0,1
7076080,66168,1,0,1
4303704,66169,1,1,0
418776,66170,1,0,1
6777552,66171,1,0,1
2536648,66172,1,1,0
3210216,66173,1,0,1
2891312,66174,1,0,1
4457824,66175,1,1,0
751240,66176,1,1,0
3522168,66177,1,1,0
7462880,66178,1,1,0
7153784,66179,1,1,0
1800656,66180,1,0,1
5325704,66181,1,1,0
2711640,66182,1,0,1
461168,66183,1,0,1
3336352,66184,1,1,0
1304856,66185,1,0,1
1145064,66186,1,1,0
939832,66187,1,0,1
3136608,66188,1,1,0
2720808,66189,1,0,1
593848,66190,1,0,1
6804768,66191,1,0,1
202944,66192,1,1,0
1546096,66193,1,1,0
6560200,66194,1,0,1
996576,66195,1,1,0
3407184,66196,1,1,0
1659760,66197,1,0,1
1649880,66198,1,1,0
661304,66199,1,0,1
2795224,66200,1,1,0
7431296,66201,1,0,1
6901232,66202,1,0,1
926296,66203,1,1,0
3623712,66204,1,0,1
2417688,66205,1,0,1
639360,66206,1,0,1
791408,66207,1,1,0
6813656,66208,1,1,0
4182192,66209,1,0,1
3272888,66210,1,0,1
1294616,66211,1,1,0
6114608,66212,1,0,1
2609288,66213,1,1,0
988680,66214,1,1,0
2625808,66215,1,0,1
663512,66216,1,0,1
6803296,66217,1,0,1
831408,66218,1,0,1
421448,66219,1,0,1
382288,66220,1,1,0
1229168,66221,1,1,0
2515040,66222,1,1,0
897496,66223,1,0,1
5704984,66224,1,0,1
734720,66225,1,1,0
3159392,66226,1,1,0
233328,66227,1,0,1
5157432,66228,1,1,0
4575464,66229,1,0,1
3193656,66230,1,1,0
544640,66231,1,1,0
2212752,66232,1,1,0
7595776,66233,1,1,0
7293464,66234,1,0,1
3754152,66235,1,0,1
2344600,66236,1,1,0
6949248,66237,1,0,1
761896,66238,1,1,0
2487096,66239,1,1,0
587912,66240,1,0,1
1081184,66241,1,1,0
627632,66242,1,1,0
3222320,66243,1,1,0
173064,66244,1,1,0
651480,66245,1,1,0
1392416,66246,1,1,0
2449408,66247,1,0,1
7443912,66248,1,1,0
216672,66249,1,0,1
312488,66250,1,0,1
6030368,66251,1,1,0
5650656,66252,1,1,0
512512,66253,1,1,0
4930496,66254,1,0,1
414312,66255,1,1,0
1387824,66256,1,0,1
7297024,66257,1,0,1
3643784,66258,1,0,1
421608,66259,1,0,1
3187872,66260,1,1,0
1924464,66261,1,1,0
1379640,66262,1,0,1
6497800,66263,1,1,0
6546936,66264,1,0,1
4343456,66265,1,1,0
2954192,66266,1,0,1
4115992,66267,1,1,0
293264,66268,1,0,1
524808,66269,1,1,0
4591056,66270,1,0,1
4882728,66271,1,1,0
7865136,66272,1,1,0
4359984,66273,1,0,1
6658832,66274,1,1,0
1220232,66275,1,1,0
3287688,66276,1,0,1
361040,66277,1,1,0
7258456,66278,1,1,0
3335976,66279,1,0,1
304256,66280,1,0,1
3613368,66281,1,0,1
2409456,66282,1,1,0
1069696,66283,1,0,1
3198056,66284,1,0,1
7377160,66285,1,1,0
4997168,66286,1,1,0
3629680,66287,1,1,0
261272,66288,1,1,0
3985968,66289,1,1,0
2161160,66290,1,0,1
854232,66291,1,1,0
354408,66292,1,1,0
5231872,66293,1,1,0
371704,66294,1,0,1
602960,66295,1,0,1
872240,66296,1,1,0
3116376,66297,1,0,1
3666152,66298,1,1,0
928248,66299,1,1,0
7224736,66300,1,1,0
6505080,66301,1,1,0
742496,66302,1,1,0
3265312,66303,1,0,1
847096,66304,1,1,0
634328,66305,1,0,1
1032288,66306,1,1,0
2421072,66307,1,0,1
196752,66308,1,1,0
5540448,66309,1,0,1
1761656,66310,1,0,1
3109144,66311,1,1,0
280800,66312,1,1,0
226296,66313,1,0,1
758632,66314,1,1,0
648120,66315,1,0,1
557208,66316,1,1,0
2023872,66317,1,1,0
640544,66318,1,1,0
5953224,66319,1,1,0
541560,66320,1,0,1
2406504,66321,1,0,1
6317872,66322,1,1,0
3342168,66323,1,0,1
656712,66324,1,1,0
4044544,66325,1,1,0
571632,66326,1,1,0
2212848,66327,1,0,1
547600,66328,1,1,0
3563720,66329,1,0,1
4069352,66330,1,0,1
5949832,66331,1,1,0
6863600,66332,1,0,1
5857552,66333,1,1,0
353000,66334,1,1,0
234800,66335,1,0,1
8190440,66336,1,0,1
1840416,66337,1,0,1
8168264,66338,1,0,1
1698320,66339,1,1,0
1406336,66340,1,1,0
1113056,66341,1,0,1
225672,66342,1,0,1
6453760,66343,1,1,0
638392,66344,1,1,0
165704,66345,1,1,0
4013096,66346,1,1,0
1159816,66347,1,1,0
2488976,66348,1,0,1
2864624,66349,1,1,0
833864,66350,1,1,0
5689752,66351,1,1,0
876768,66352,1,1,0
879688,66353,1,0,1
582840,66354,1,1,0
3639208,66355,1,0,1
8309480,66356,1,0,1
877776,66357,1,0,1
5844104,66358,1,1,0
1844328,66359,1,1,0
4630344,66360,1,1,0
1517616,66361,1,0,1
1000968,66362,1,0,1
8328536,66363,1,1,0
888928,66364,1,0,1
6184928,66365,1,0,1
4497088,66366,1,1,0
634888,66367,1,0,1
323336,66368,1,1,0
671136,66369,1,1,0
2607424,66370,1,0,1
2111512,66371,1,0,1
1854360,66372,1,0,1
1759120,66373,1,0,1
7564000,66374,1,1,0
8279200,66375,1,0,1
6959624,66376,1,1,0
3096736,66377,1,1,0
339480,66378,1,0,1
8326912,66379,1,0,1
1433976,66380,1,0,1
347736,66381,1,1,0
6958704,66382,1,0,1
7329016,66383,1,1,0
5543960,66384,1,1,0
7509088,66385,1,0,1
576680,66386,1,1,0
1075920,66387,1,1,0
4743208,66388,1,1,0
564448,66389,1,1,0
4692552,66390,1,0,1
1963448,66391,1,1,0
801848,66392,1,1,0
318400,66393,1,0,1
442824,66394,1,0,1
3874424,66395,1,0,1
1323048,66396,1,0,1
2076040,66397,1,0,1
6934208,66398,1,1,0
1882624,66399,1,0,1
6982072,66400,1,1,0
242320,66401,1,0,1
388936,66402,1,1,0
6702816,66403,1,1,0
6306304,66404,1,0,1
3138656,66405,1,0,1
1940280,66406,1,0,1
6601832,66407,1,0,1
1398872,66408,1,1,0
587952,66409,1,0,1
4532432,66410,1,1,0
1435416,66411,1,0,1
5580520,66412,1,1,0
6420872,66413,1,1,0
3379856,66414,1,1,0
1315536,66415,1,0,1
393336,66416,1,1,0
7886208,66417,1,1,0
1723408,66418,1,1,0
5136384,66419,1,1,0
8340352,66420,1,0,1
8323464,66421,1,1,0
971344,66422,1,1,0
2510992,66423,1,1,0
2345696,66424,1,1,0
1661136,66425,1,1,0
4970760,66426,1,0,1
5582024,66427,1,1,0
2177200,66428,1,1,0
1256400,66429,1,0,1
1703280,66430,1,1,0
1701920,66431,1,1,0
712744,66432,1,1,0
1047840,66433,1,0,1
1336792,66434,1,0,1
1139024,66435,1,1,0
6696960,66436,1,1,0
5956536,66437,1,0,1
382344,66438,1,0,1
614616,66439,1,1,0
145984,66440,1,1,0
258168,66441,1,0,1
3791008,66442,1,0,1
7949048,66443,1,1,0
2304648,66444,1,0,1
3606424,66445,1,1,0
3071672,66446,1,1,0
4086992,66447,1,0,1
2148272,66448,1,0,1
1453368,66449,1,1,0
2726456,66450,1,1,0
3525432,66451,1,0,1
750936,66452,1,1,0
4148776,66453,1,0,1
5125752,66454,1,1,0
1285120,66455,1,1,0
4741584,66456,1,0,1
1608432,66457,1,0,1
6083472,66458,1,1,0
1401728,66459,1,1,0
599352,66460,1,0,1
671072,66461,1,1,0
1991112,66462,1,0,1
1514680,66463,1,0,1
3570976,66464,1,0,1
6668544,66465,1,0,1
4485400,66466,1,0,1
2362040,66467,1,1,0
1734560,66468,1,0,1
328216,66469,1,0,1
2395104,66470,1,0,1
710848,66471,1,0,1
1218560,66472,1,0,1
8131648,66473,1,1,0
5954344,66474,1,1,0
2288160,66475,1,0,1
4162096,66476,1,1,0
4679184,66477,1,0,1
783432,66478,1,0,1
3224888,66479,1,1,0
6067696,66480,1,1,0
4543992,66481,1,0,1
3167832,66482,1,1,0
3790640,66483,1,1,0
2702272,66484,1,1,0
1465016,66485,1,1,0
489360,66486,1,1,0
4091808,66487,1,0,1
2797400,66488,1,1,0
3316920,66489,1,1,0
5390016,66490,1,1,0
2112160,66491,1,0,1
1774808,66492,1,1,0
1984312,66493,1,0,1
408040,66494,1,1,0
7526488,66495,1,1,0
1646784,66496,1,0,1
685488,66497,1,0,1
5602704,66498,1,0,1
3507448,66499,1,0,1
1028552,66500,1,1,0
5518952,66501,1,1,0
819216,66502,1,0,1
1261592,66503,1,1,0
5063880,66504,1,1,0
428256,66505,1,0,1
1516272,66506,1,1,0
6987928,66507,1,0,1
2728088,66508,1,1,0
1470056,66509,1,0,1
1013904,66510,1,1,0
5267936,66511,1,0,1
7658864,66512,1,0,1
357528,66513,1,1,0
2111888,66514,1,1,0
1585136,66515,1,1,0
455504,66516,1,1,0
4278776,66517,1,1,0
738472,66518,1,1,0
5537424,66519,1,1,0
4380000,66520,1,0,1
1175960,66521,1,0,1
6204728,66522,1,1,0
7166800,66523,1,1,0
2540008,66524,1,0,1
1586328,66525,1,1,0
483448,66526,1,0,1
586760,66527,1,0,1
2753344,66528,1,1,0
531800,66529,1,1,0
2591816,66530,1,1,0
5371616,66531,1,1,0
5334192,66532,1,1,0
6658176,66533,1,0,1
184560,66534,1,1,0
1161944,66535,1,0,1
1657280,66536,1,1,0
343696,66537,1,1,0
1229864,66538,1,1,0
8274024,66539,1,1,0
4866296,66540,1,1,0
846784,66541,1,0,1
1388336,66542,1,1,0
5540904,66543,1,0,1
552184,66544,1,1,0
1779952,66545,1,1,0
8247400,66546,1,1,0
5176800,66547,1,1,0
564712,66548,1,1,0
5969512,66549,1,1,0
1383528,66550,1,0,1
7909960,66551,1,1,0
6033136,66552,1,1,0
833880,66553,1,1,0
231368,66554,1,1,0
3445160,66555,1,0,1
3791728,66556,1,1,0
359264,66557,1,0,1
1801424,66558,1,1,0
1215992,66559,1,1,0
3921544,66560,1,0,1
2878240,66561,1,1,0
569264,66562,1,0,1
1669072,66563,1,0,1
821544,66564,1,0,1
264768,66565,1,1,0
7119720,66566,1,0,1
6615968,66567,1,0,1
1269360,66568,1,0,1
414072,66569,1,0,1
5161272,66570,1,1,0
5194040,66571,1,0,1
1651936,66572,1,0,1
760784,66573,1,0,1
2269784,66574,1,0,1
253216,66575,1,1,0
3985312,66576,1,0,1
1031376,66577,1,0,1
3638976,66578,1,1,0
1224904,66579,1,0,1
383160,66580,1,1,0
2661192,66581,1,1,0
3438696,66582,1,0,1
3768672,66583,1,1,0
3052984,66584,1,1,0
814488,66585,1,1,0
2978896,66586,1,0,1
2924320,66587,1,0,1
4160712,66588,1,1,0
4679384,66589,1,1,0
1797352,66590,1,0,1
913184,66591,1,0,1
1110160,66592,1,0,1
6292608,66593,1,0,1
5496896,66594,1,0,1
1129016,66595,1,0,1
7835280,66596,1,0,1
4122952,66597,1,0,1
8141632,66598,1,1,0
4874888,66599,1,1,0
7806840,66600,1,0,1
315072,66601,1,0,1
1337104,66602,1,1,0
7788864,66603,1,0,1
941096,66604,1,0,1
215664,66605,1,0,1
61672,66606,1,0,1
553224,66607,1,1,0
8363496,66608,1,0,1
2058136,66609,1,1,0
6368424,66610,1,1,0
357656,66611,1,0,1
2451616,66612,1,1,0
8283696,66613,1,0,1
6500776,66614,1,0,1
2085096,66615,1,1,0
614304,66616,1,0,1
6732432,66617,1,1,0
788200,66618,1,1,0
4085272,66619,1,1,0
2081960,66620,1,0,1
1473096,66621,1,1,0
2561408,66622,1,1,0
5885040,66623,1,0,1
1293448,66624,1,0,1
5906968,66625,1,1,0
1543152,66626,1,0,1
1739736,66627,1,0,1
6503584,66628,1,1,0
6725616,66629,1,1,0
4448800,66630,1,0,1
1722800,66631,1,1,0
4446000,66632,1,1,0
845728,66633,1,0,1
3879840,66634,1,0,1
560672,66635,1,1,0
901904,66636,1,0,1
8146408,66637,1,0,1
5092888,66638,1,1,0
2017808,66639,1,0,1
241392,66640,1,1,0
4610352,66641,1,0,1
4372512,66642,1,1,0
276976,66643,1,1,0
7471448,66644,1,1,0
901264,66645,1,1,0
932984,66646,1,1,0
7785576,66647,1,0,1
2941944,66648,1,1,0
2092056,66649,1,0,1
4050624,66650,1,0,1
295976,66651,1,0,1
3450864,66652,1,1,0
4132288,66653,1,1,0
2059760,66654,1,1,0
107264,66655,1,0,1
3065016,66656,1,1,0
4564640,66657,1,1,0
7631048,66658,1,1,0
3317576,66659,1,1,0
5134176,66660,1,1,0
611256,66661,1,0,1
2382240,66662,1,1,0
714520,66663,1,1,0
835880,66664,1,0,1
1117736,66665,1,1,0
6085448,66666,1,1,0
5410968,66667,1,0,1
6271056,66668,1,1,0
3656280,66669,1,1,0
4419112,66670,1,1,0
3014136,66671,1,1,0
412952,66672,1,1,0
8180424,66673,1,0,1
4991432,66674,1,1,0
99296,66675,1,1,0
4488200,66676,1,0,1
6827752,66677,1,1,0
3416728,66678,1,1,0
186448,66679,1,1,0
3781840,66680,1,1,0
2941584,66681,1,1,0
474864,66682,1,1,0
8386320,66683,1,1,0
1040376,66684,1,1,0
912928,66685,1,0,1
7706440,66686,1,0,1
2847632,66687,1,0,1
1772488,66688,1,1,0
7139848,66689,1,1,0
490912,66690,1,0,1
99448,66691,1,1,0
4224888,66692,1,0,1
1853832,66693,1,1,0
832320,66694,1,1,0
7105192,66695,1,1,0
367800,66696,1,1,0
111272,66697,1,1,0
1239016,66698,1,0,1
2878920,66699,1,0,1
5926336,66700,1,1,0
2038600,66701,1,1,0
2483856,66702,1,0,1
1513024,66703,1,1,0
2086864,66704,1,0,1
309784,66705,1,1,0
278296,66706,1,1,0
349072,66707,1,1,0
83840,66708,1,0,1
6737056,66709,1,0,1
1047680,66710,1,1,0
1051064,66711,1,1,0
690560,66712,1,0,1
6188576,66713,1,0,1
4179080,66714,1,0,1
3819704,66715,1,1,0
3636544,66716,1,0,1
812344,66717,1,1,0
791496,66718,1,0,1
557096,66719,1,1,0
1192288,66720,1,0,1
7311784,66721,1,1,0
4361184,66722,1,1,0
3827880,66723,1,1,0
480168,66724,1,0,1
5798088,66725,1,0,1
1726304,66726,1,1,0
3530376,66727,1,0,1
2413256,66728,1,0,1
510520,66729,1,1,0
1171264,66730,1,0,1
718272,66731,1,0,1
313232,66732,1,1,0
450432,66733,1,0,1
5674696,66734,1,1,0
1659520,66735,1,0,1
1101936,66736,1,0,1
6547880,66737,1,0,1
235712,66738,1,1,0
1624880,66739,1,0,1
3166928,66740,1,1,0
5271984,66741,1,0,1
876392,66742,1,1,0
495928,66743,1,1,0
1700328,66744,1,0,1
4117848,66745,1,1,0
1069880,66746,1,0,1
4595072,66747,1,0,1
863544,66748,1,1,0
6916896,66749,1,0,1
4791144,66750,1,1,0
434080,66751,1,1,0
377448,66752,1,1,0
2131792,66753,1,0,1
3565304,66754,1,0,1
1389392,66755,1,0,1
3075976,66756,1,0,1
816160,66757,1,0,1
173608,66758,1,0,1
457032,66759,1,0,1
4524040,66760,1,1,0
642128,66761,1,0,1
3559944,66762,1,0,1
1566520,66763,1,1,0
2383568,66764,1,1,0
4178048,66765,1,1,0
241152,66766,1,0,1
2648664,66767,1,1,0
4886184,66768,1,1,0
1481088,66769,1,1,0
6898304,66770,1,0,1
507944,66771,1,0,1
336072,66772,1,1,0
595144,66773,1,1,0
3980760,66774,1,1,0
7914184,66775,1,0,1
722432,66776,1,0,1
4453248,66777,1,1,0
3831208,66778,1,0,1
2120176,66779,1,1,0
8013304,66780,1,0,1
7247936,66781,1,1,0
147456,66782,1,0,1
964800,66783,1,1,0
4384808,66784,1,0,1
538736,66785,1,0,1
673976,66786,1,1,0
3003144,66787,1,0,1
2274872,66788,1,0,1
3654216,66789,1,0,1
1138536,66790,1,0,1
5091256,66791,1,1,0
4904456,66792,1,1,0
5196296,66793,1,1,0
4922312,66794,1,0,1
8140096,66795,1,0,1
347504,66796,1,1,0
1345024,66797,1,0,1
3617112,66798,1,0,1
675216,66799,1,1,0
2345680,66800,1,0,1
5780088,66801,1,1,0
7553920,66802,1,1,0
1175528,66803,1,1,0
3560504,66804,1,0,1
1224680,66805,1,1,0
836968,66806,1,1,0
1045560,66807,1,0,1
3788656,66808,1,1,0
2337536,66809,1,0,1
980560,66810,1,1,0
3963792,66811,1,0,1
1186920,66812,1,1,0
871776,66813,1,0,1
406000,66814,1,0,1
158400,66815,1,0,1
1183072,66816,1,0,1
4253312,66817,1,0,1
3286960,66818,1,1,0
1439856,66819,1,0,1
2370744,66820,1,0,1
724928,66821,1,0,1
961768,66822,1,1,0
6719952,66823,1,0,1
8294320,66824,1,0,1
4895176,66825,1,0,1
849464,66826,1,1,0
4985424,66827,1,1,0
1301160,66828,1,1,0
4329248,66829,1,0,1
2703648,66830,1,0,1
3590376,66831,1,1,0
1671952,66832,1,1,0
6219096,66833,1,1,0
4128112,66834,1,0,1
472312,66835,1,1,0
7252096,66836,1,0,1
4958592,66837,1,0,1
2105424,66838,1,0,1
2931944,66839,1,1,0
4479480,66840,1,1,0
1229744,66841,1,1,0
933816,66842,1,0,1
810752,66843,1,1,0
4441808,66844,1,1,0
2250728,66845,1,0,1
1194440,66846,1,1,0
610272,66847,1,0,1
2371080,66848,1,0,1
4483816,66849,1,0,1
1882416,66850,1,1,0
2104336,66851,1,0,1
2415592,66852,1,0,1
1094808,66853,1,0,1
608416,66854,1,0,1
5253912,66855,1,1,0
6420184,66856,1,0,1
1689984,66857,1,1,0
7297072,66858,1,1,0
2397392,66859,1,1,0
941128,66860,1,0,1
7383144,66861,1,0,1
622288,66862,1,1,0
7776560,66863,1,1,0
1599192,66864,1,0,1
942472,66865,1,0,1
489584,66866,1,0,1
2754280,66867,1,1,0
199208,66868,1,0,1
4681680,66869,1,1,0
3234920,66870,1,1,0
5259560,66871,1,0,1
1673072,66872,1,0,1
6090240,66873,1,0,1
2933008,66874,1,0,1
653192,66875,1,0,1
5839064,66876,1,0,1
4485752,66877,1,0,1
1289624,66878,1,1,0
1870280,66879,1,1,0
7730576,66880,1,1,0
547688,66881,1,1,0
2423688,66882,1,0,1
1803328,66883,1,0,1
5877728,66884,1,0,1
7389040,66885,1,1,0
1034040,66886,1,0,1
6673992,66887,1,0,1
7304872,66888,1,0,1
3267352,66889,1,0,1
7487512,66890,1,1,0
727488,66891,1,0,1
2335952,66892,1,1,0
2293080,66893,1,1,0
709424,66894,1,1,0
3520192,66895,1,1,0
247408,66896,1,1,0
1495992,66897,1,1,0
2431272,66898,1,0,1
1010048,66899,1,0,1
2984984,66900,1,0,1
679704,66901,1,0,1
445624,66902,1,1,0
3021896,66903,1,0,1
363928,66904,1,0,1
4011936,66905,1,1,0
436824,66906,1,0,1
4043992,66907,1,1,0
1704328,66908,1,1,0
5212640,66909,1,0,1
264152,66910,1,1,0
2096624,66911,1,1,0
7749056,66912,1,1,0
1320408,66913,1,1,0
4650904,66914,1,1,0
841032,66915,1,0,1
1656304,66916,1,0,1
1610552,66917,1,1,0
2967520,66918,1,0,1
4779960,66919,1,0,1
697656,66920,1,0,1
1998328,66921,1,1,0
1636016,66922,1,0,1
4222552,66923,1,1,0
5859888,66924,1,1,0
4340856,66925,1,0,1
1455392,66926,1,0,1
5959264,66927,1,1,0
6616216,66928,1,0,1
8121448,66929,1,1,0
6055304,66930,1,0,1
4936648,66931,1,1,0
2726912,66932,1,1,0
1252176,66933,1,1,0
397552,66934,1,0,1
2569248,66935,1,1,0
6405096,66936,1,1,0
552552,66937,1,1,0
7831496,66938,1,1,0
4540280,66939,1,0,1
5367264,66940,1,0,1
179960,66941,1,0,1
1825120,66942,1,1,0
1377016,66943,1,0,1
1264872,66944,1,1,0
2069400,66945,1,0,1
162072,66946,1,1,0
2259896,66947,1,1,0
1164936,66948,1,1,0
5320088,66949,1,0,1
5953320,66950,1,1,0
1982376,66951,1,1,0
3245496,66952,1,1,0
624368,66953,1,1,0
678232,66954,1,1,0
5979048,66955,1,1,0
1357216,66956,1,1,0
4698480,66957,1,0,1
1985880,66958,1,1,0
1255288,66959,1,0,1
3930200,66960,1,0,1
170856,66961,1,0,1
3696840,66962,1,0,1
3728032,66963,1,1,0
4849304,66964,1,1,0
600120,66965,1,0,1
1818720,66966,1,1,0
7495480,66967,1,0,1
2326552,66968,1,1,0
7320408,66969,1,0,1
1368736,66970,1,0,1
1709224,66971,1,1,0
1729352,66972,1,0,1
2629016,66973,1,1,0
93344,66974,1,1,0
784392,66975,1,0,1
1464008,66976,1,0,1
3060432,66977,1,0,1
768864,66978,1,1,0
1035704,66979,1,1,0
5403368,66980,1,0,1
2071424,66981,1,1,0
230264,66982,1,1,0
7658560,66983,1,1,0
745584,66984,1,1,0
1798240,66985,1,1,0
616136,66986,1,1,0
2959920,66987,1,0,1
3401360,66988,1,1,0
3889592,66989,1,1,0
2514424,66990,1,0,1
1100352,66991,1,0,1
646520,66992,1,0,1
1135504,66993,1,0,1
4013328,66994,1,1,0
490536,66995,1,1,0
502824,66996,1,0,1
847792,66997,1,0,1
1236808,66998,1,0,1
3138408,66999,1,1,0
1755400,67000,1,1,0
307632,67001,1,1,0
113920,67002,1,0,1
1624712,67003,1,1,0
1941368,67004,1,1,0
2917832,67005,1,0,1
1216264,67006,1,1,0
771536,67007,1,0,1
1101216,67008,1,1,0
3139672,67009,1,1,0
6378344,67010,1,1,0
1826488,67011,1,0,1
1356424,67012,1,0,1
6649944,67013,1,1,0
1300592,67014,1,1,0
7577352,67015,1,0,1
4564072,67016,1,0,1
687824,67017,1,0,1
2864992,67018,1,0,1
1667464,67019,1,0,1
6554624,67020,1,0,1
262368,67021,1,0,1
3712040,67022,1,0,1
1859888,67023,1,0,1
2221104,67024,1,1,0
5040784,67025,1,1,0
124328,67026,1,0,1
1725992,67027,1,0,1
6859336,67028,1,1,0
656968,67029,1,1,0
486928,67030,1,1,0
6690224,67031,1,1,0
8251000,67032,1,0,1
2297056,67033,1,0,1
202416,67034,1,1,0
932216,67035,1,0,1
5262456,67036,1,0,1
1196736,67037,1,0,1
7183792,67038,1,1,0
5153040,67039,1,0,1
794944,67040,1,0,1
329072,67041,1,1,0
507472,67042,1,1,0
6243512,67043,1,0,1
2670512,67044,1,1,0
4336104,67045,1,1,0
1690240,67046,1,0,1
2702552,67047,1,1,0
3345680,67048,1,1,0
1902576,67049,1,0,1
6741032,67050,1,1,0
848160,67051,1,0,1
7651736,67052,1,0,1
906576,67053,1,1,0
379680,67054,1,1,0
971448,67055,1,0,1
4907904,67056,1,1,0
547216,67057,1,0,1
4637920,67058,1,1,0
8157360,67059,1,0,1
699232,67060,1,0,1
3588784,67061,1,0,1
5257272,67062,1,1,0
4424248,67063,1,0,1
5420416,67064,1,0,1
1233472,67065,1,0,1
1368336,67066,1,1,0
5357592,67067,1,1,0
8179064,67068,1,1,0
2459576,67069,1,0,1
4073744,67070,1,1,0
1094784,67071,1,1,0
1736232,67072,1,1,0
3168720,67073,1,0,1
2851280,67074,1,0,1
1226200,67075,1,1,0
5565480,67076,1,1,0
1563192,67077,1,1,0
5114224,67078,1,1,0
1930928,67079,1,0,1
970808,67080,1,1,0
1125072,67081,1,1,0
5397672,67082,1,0,1
1474472,67083,1,1,0
1762184,67084,1,1,0
388608,67085,1,1,0
791520,67086,1,0,1
7616104,67087,1,0,1
2754496,67088,1,0,1
2949632,67089,1,0,1
5153448,67090,1,1,0
3843064,67091,1,0,1
2070608,67092,1,1,0
4553896,67093,1,1,0
828088,67094,1,0,1
5235784,67095,1,1,0
1957704,67096,1,0,1
786424,67097,1,0,1
622080,67098,1,1,0
3329472,67099,1,1,0
3871584,67100,1,0,1
8099792,67101,1,1,0
5389688,67102,1,1,0
7176696,67103,1,0,1
3552744,67104,1,0,1
1437336,67105,1,1,0
1604136,67106,1,0,1
2544264,67107,1,1,0
3440384,67108,1,1,0
3019008,67109,1,1,0
210552,67110,1,1,0
5690888,67111,1,1,0
2676096,67112,1,0,1
6871736,67113,1,1,0
4770640,67114,1,1,0
4151168,67115,1,1,0
237392,67116,1,0,1
4700184,67117,1,0,1
774528,67118,1,1,0
4013128,67119,1,0,1
956976,67120,1,0,1
2766072,67121,1,1,0
7735816,67122,1,0,1
1941472,67123,1,1,0
874144,67124,1,0,1
3068008,67125,1,0,1
2782240,67126,1,1,0
5042000,67127,1,1,0
599496,67128,1,1,0
112488,67129,1,0,1
1062232,67130,1,1,0
1169376,67131,1,0,1
1282568,67132,1,0,1
492936,67133,1,1,0
1354800,67134,1,0,1
289688,67135,1,1,0
260248,67136,1,1,0
4512616,67137,1,1,0
418616,67138,1,0,1
2161792,67139,1,1,0
7648288,67140,1,0,1
2507904,67141,1,1,0
1031696,67142,1,0,1
855320,67143,1,0,1
1347608,67144,1,0,1
5436328,67145,1,1,0
234840,67146,1,0,1
8299024,67147,1,1,0
2859696,67148,1,0,1
5338048,67149,1,1,0
2147792,67150,1,1,0
857560,67151,1,0,1
5155320,67152,1,1,0
3338480,67153,1,1,0
4789384,67154,1,1,0
2158248,67155,1,1,0
700960,67156,1,0,1
659552,67157,1,0,1
4099680,67158,1,1,0
4812616,67159,1,0,1
791168,67160,1,1,0
737864,67161,1,0,1
5182344,67162,1,0,1
5749008,67163,1,1,0
1792608,67164,1,1,0
2268264,67165,1,0,1
6411896,67166,1,0,1
311544,67167,1,1,0
2745368,67168,1,0,1
3168672,67169,1,1,0
2570280,67170,1,1,0
1224400,67171,1,0,1
957360,67172,1,1,0
660784,67173,1,0,1
202128,67174,1,0,1
2917792,67175,1,1,0
1243072,67176,1,0,1
6047736,67177,1,1,0
3940088,67178,1,1,0
6741512,67179,1,0,1
493352,67180,1,0,1
5151640,67181,1,1,0
3050072,67182,1,0,1
2267880,67183,1,1,0
1447696,67184,1,1,0
3457888,67185,1,1,0
1538144,67186,1,1,0
1562928,67187,1,0,1
303920,67188,1,0,1
3218056,67189,1,1,0
2386472,67190,1,1,0
1489920,67191,1,0,1
7228104,67192,1,1,0
4007904,67193,1,0,1
7954360,67194,1,0,1
7950576,67195,1,0,1
4459320,67196,1,1,0
7995160,67197,1,0,1
756688,67198,1,1,0
2481568,67199,1,1,0
1151696,67200,1,0,1
3243816,67201,1,1,0
6444456,67202,1,1,0
3871336,67203,1,1,0
635112,67204,1,1,0
1580896,67205,1,0,1
2040576,67206,1,0,1
2153976,67207,1,1,0
7649832,67208,1,1,0
6224168,67209,1,1,0
4579584,67210,1,1,0
3594608,67211,1,0,1
2964104,67212,1,0,1
468984,67213,1,0,1
1351520,67214,1,0,1
7107664,67215,1,0,1
3075864,67216,1,0,1
1240168,67217,1,1,0
1126928,67218,1,0,1
599216,67219,1,0,1
2015264,67220,1,0,1
7112056,67221,1,0,1
5594416,67222,1,1,0
1933160,67223,1,0,1
3979808,67224,1,0,1
2873248,67225,1,1,0
484552,67226,1,1,0
2983288,67227,1,1,0
8044680,67228,1,1,0
3467032,67229,1,0,1
188024,67230,1,1,0
1468984,67231,1,0,1
2427152,67232,1,1,0
927712,67233,1,0,1
6224752,67234,1,0,1
5695848,67235,1,1,0
2128744,67236,1,0,1
2441632,67237,1,0,1
4543296,67238,1,0,1
6334008,67239,1,1,0
1791776,67240,1,1,0
5048088,67241,1,0,1
1803368,67242,1,1,0
2889680,67243,1,1,0
672784,67244,1,1,0
2309568,67245,1,0,1
1663128,67246,1,0,1
2149888,67247,1,1,0
6627304,67248,1,1,0
1724120,67249,1,1,0
2293144,67250,1,1,0
2312560,67251,1,0,1
1112936,67252,1,0,1
7702312,67253,1,1,0
5215752,67254,1,0,1
6492016,67255,1,0,1
167680,67256,1,0,1
3767888,67257,1,0,1
4727976,67258,1,0,1
1616768,67259,1,1,0
722928,67260,1,0,1
1042376,67261,1,0,1
5213656,67262,1,1,0
2946416,67263,1,1,0
1136448,67264,1,0,1
215472,67265,1,1,0
3295456,67266,1,1,0
3017840,67267,1,1,0
214976,67268,1,1,0
5258504,67269,1,1,0
842016,67270,1,1,0
616088,67271,1,0,1
5150592,67272,1,0,1
2061184,67273,1,0,1
1014496,67274,1,0,1
411984,67275,1,0,1
4449680,67276,1,0,1
2617024,67277,1,0,1
2899408,67278,1,1,0
1457288,67279,1,1,0
1736960,67280,1,1,0
416912,67281,1,0,1
1877928,67282,1,0,1
2284064,67283,1,1,0
82168,67284,1,0,1
1052328,67285,1,0,1
242928,67286,1,1,0
797816,67287,1,0,1
6387544,67288,1,1,0
1972352,67289,1,0,1
6960176,67290,1,0,1
2105472,67291,1,0,1
788208,67292,1,1,0
6257648,67293,1,1,0
1505920,67294,1,1,0
669776,67295,1,1,0
7949984,67296,1,0,1
1095304,67297,1,0,1
637208,67298,1,1,0
816176,67299,1,1,0
4593144,67300,1,0,1
3122912,67301,1,1,0
3928960,67302,1,1,0
3991128,67303,1,0,1
2382488,67304,1,0,1
4704608,67305,1,1,0
853368,67306,1,0,1
3930288,67307,1,1,0
3305936,67308,1,1,0
5872520,67309,1,1,0
5394888,67310,1,1,0
4257232,67311,1,0,1
3153672,67312,1,1,0
7396920,67313,1,0,1
1836272,67314,1,1,0
3919120,67315,1,1,0
3330744,67316,1,1,0
2913616,67317,1,1,0
170568,67318,1,0,1
333872,67319,1,1,0
5323584,67320,1,0,1
1932456,67321,1,1,0
4195832,67322,1,0,1
4413696,67323,1,0,1
6615856,67324,1,1,0
2693520,67325,1,0,1
1999440,67326,1,0,1
1631968,67327,1,0,1
1027472,67328,1,1,0
3522896,67329,1,1,0
1184504,67330,1,0,1
5141552,67331,1,1,0
370704,67332,1,0,1
1497240,67333,1,0,1
1318040,67334,1,1,0
6924696,67335,1,0,1
1841352,67336,1,0,1
4431424,67337,1,0,1
4058480,67338,1,0,1
1940040,67339,1,0,1
2022880,67340,1,0,1
3903448,67341,1,0,1
8121632,67342,1,0,1
1698784,67343,1,0,1
6340800,67344,1,1,0
2224592,67345,1,0,1
4794192,67346,1,0,1
686824,67347,1,1,0
646792,67348,1,1,0
2018080,67349,1,1,0
5553704,67350,1,1,0
6592872,67351,1,0,1
2541184,67352,1,0,1
8085464,67353,1,1,0
3718696,67354,1,1,0
631624,67355,1,0,1
1049440,67356,1,0,1
3348416,67357,1,1,0
4281416,67358,1,1,0
1665640,67359,1,0,1
1111672,67360,1,0,1
923824,67361,1,1,0
2019568,67362,1,0,1
2889072,67363,1,1,0
1085824,67364,1,1,0
3733496,67365,1,0,1
314856,67366,1,1,0
1543184,67367,1,0,1
4665376,67368,1,0,1
7874968,67369,1,1,0
206632,67370,1,1,0
4611720,67371,1,1,0
1356232,67372,1,1,0
583736,67373,1,0,1
5744632,67374,1,1,0
5103248,67375,1,1,0
8237280,67376,1,0,1
7274104,67377,1,0,1
2749760,67378,1,1,0
6532088,67379,1,1,0
3587856,67380,1,1,0
1169216,67381,1,0,1
3862488,67382,1,1,0
637792,67383,1,1,0
871488,67384,1,1,0
567440,67385,1,1,0
2029656,67386,1,0,1
3427096,67387,1,1,0
6878328,67388,1,1,0
7338240,67389,1,0,1
2612920,67390,1,0,1
3475688,67391,1,0,1
5573280,67392,1,0,1
3075704,67393,1,0,1
4213088,67394,1,0,1
993432,67395,1,0,1
723960,67396,1,1,0
788656,67397,1,0,1
3878904,67398,1,1,0
8179680,67399,1,0,1
7228000,67400,1,0,1
3228928,67401,1,0,1
1329296,67402,1,1,0
4340768,67403,1,1,0
4769424,67404,1,0,1
4860208,67405,1,1,0
4730664,67406,1,0,1
6000864,67407,1,0,1
2504304,67408,1,1,0
7262040,67409,1,1,0
720848,67410,1,0,1
996440,67411,1,0,1
1890424,67412,1,1,0
2083064,67413,1,1,0
372128,67414,1,0,1
4090448,67415,1,0,1
977392,67416,1,1,0
676728,67417,1,0,1
2735552,67418,1,0,1
1198256,67419,1,1,0
490176,67420,1,0,1
790208,67421,1,0,1
4996656,67422,1,1,0
378232,67423,1,1,0
2985328,67424,1,1,0
3490520,67425,1,0,1
3468384,67426,1,1,0
3825616,67427,1,0,1
3573520,67428,1,0,1
268728,67429,1,1,0
4431384,67430,1,1,0
468800,67431,1,0,1
728800,67432,1,1,0
5574824,67433,1,0,1
2155256,67434,1,1,0
554528,67435,1,1,0
891880,67436,1,0,1
357376,67437,1,1,0
4358656,67438,1,0,1
2523536,67439,1,0,1
8022472,67440,1,1,0
2218496,67441,1,1,0
552224,67442,1,1,0
259592,67443,1,0,1
6049512,67444,1,1,0
736728,67445,1,1,0
4255400,67446,1,1,0
5837528,67447,1,1,0
5012768,67448,1,0,1
1034248,67449,1,0,1
4319648,67450,1,1,0
7397200,67451,1,0,1
4024656,67452,1,0,1
6179536,67453,1,0,1
6134888,67454,1,1,0
623840,67455,1,1,0
4048504,67456,1,1,0
8346808,67457,1,0,1
834368,67458,1,0,1
921928,67459,1,1,0
1157784,67460,1,1,0
758528,67461,1,1,0
859408,67462,1,0,1
602472,67463,1,0,1
3156320,67464,1,0,1
4435104,67465,1,0,1
753432,67466,1,0,1
2947872,67467,1,0,1
8358920,67468,1,0,1
3090192,67469,1,1,0
236904,67470,1,0,1
234576,67471,1,0,1
5142960,67472,1,1,0
709008,67473,1,1,0
1030328,67474,1,0,1
689984,67475,1,0,1
4282928,67476,1,0,1
2718920,67477,1,0,1
1420000,67478,1,1,0
2056408,67479,1,0,1
4831424,67480,1,1,0
4503448,67481,1,1,0
2045576,67482,1,1,0
6070120,67483,1,1,0
6291112,67484,1,1,0
1722296,67485,1,1,0
4105072,67486,1,0,1
536800,67487,1,0,1
2245696,67488,1,0,1
347376,67489,1,0,1
1729240,67490,1,1,0
4251488,67491,1,1,0
75864,67492,1,0,1
4470768,67493,1,0,1
4616616,67494,1,1,0
443216,67495,1,0,1
5460872,67496,1,0,1
242000,67497,1,1,0
1630104,67498,1,0,1
5607464,67499,1,1,0
1074248,67500,1,0,1
447736,67501,1,1,0
6436176,67502,1,1,0
3869112,67503,1,1,0
1343912,67504,1,0,1
5696520,67505,1,1,0
444896,67506,1,0,1
5176736,67507,1,1,0
1592224,67508,1,0,1
3201360,67509,1,0,1
3316240,67510,1,1,0
1794456,67511,1,0,1
215992,67512,1,1,0
4659896,67513,1,0,1
2590968,67514,1,0,1
540568,67515,1,0,1
694704,67516,1,1,0
470576,67517,1,0,1
317384,67518,1,0,1
981856,67519,1,1,0
649144,67520,1,0,1
1366328,67521,1,1,0
5782248,67522,1,1,0
892648,67523,1,1,0
3936944,67524,1,1,0
3785136,67525,1,1,0
703144,67526,1,0,1
954824,67527,1,0,1
5332248,67528,1,0,1
3907992,67529,1,1,0
7318688,67530,1,1,0
4245712,67531,1,1,0
2814056,67532,1,1,0
5386368,67533,1,0,1
3281608,67534,1,0,1
2515216,67535,1,1,0
2499680,67536,1,1,0
2182376,67537,1,1,0
3823528,67538,1,1,0
673784,67539,1,1,0
3712776,67540,1,0,1
1875640,67541,1,1,0
1757320,67542,1,1,0
1365008,67543,1,1,0
4604544,67544,1,0,1
670736,67545,1,0,1
3696448,67546,1,1,0
8195376,67547,1,1,0
206472,67548,1,1,0
1922184,67549,1,0,1
298448,67550,1,0,1
3021656,67551,1,1,0
1141160,67552,1,0,1
2356896,67553,1,0,1
7535968,67554,1,1,0
2092800,67555,1,1,0
1524728,67556,1,1,0
5020280,67557,1,1,0
2704664,67558,1,0,1
645704,67559,1,0,1
818752,67560,1,1,0
1281816,67561,1,1,0
3178072,67562,1,1,0
1002400,67563,1,1,0
464976,67564,1,0,1
7161408,67565,1,0,1
6445232,67566,1,1,0
1345608,67567,1,0,1
3988248,67568,1,0,1
415616,67569,1,0,1
775136,67570,1,0,1
1454456,67571,1,1,0
836112,67572,1,0,1
3525880,67573,1,0,1
3155352,67574,1,0,1
2037560,67575,1,1,0
3315160,67576,1,0,1
896864,67577,1,0,1
3547944,67578,1,1,0
353728,67579,1,1,0
6495216,67580,1,1,0
1643648,67581,1,1,0
2590312,67582,1,1,0
6034144,67583,1,0,1
266712,67584,1,1,0
260480,67585,1,1,0
173344,67586,1,0,1
825064,67587,1,0,1
4615816,67588,1,0,1
5365440,67589,1,1,0
2253368,67590,1,1,0
307096,67591,1,1,0
5400472,67592,1,0,1
232976,67593,1,1,0
1997424,67594,1,1,0
4779064,67595,1,0,1
934320,67596,1,0,1
6548808,67597,1,0,1
399288,67598,1,1,0
4064200,67599,1,0,1
3183344,67600,1,0,1
815696,67601,1,0,1
7865376,67602,1,0,1
4637304,67603,1,1,0
1289680,67604,1,0,1
4229688,67605,1,0,1
4167440,67606,1,0,1
1399928,67607,1,0,1
591968,67608,1,1,0
1149616,67609,1,1,0
822976,67610,1,0,1
6013784,67611,1,0,1
485704,67612,1,0,1
2443064,67613,1,0,1
2126080,67614,1,1,0
7012888,67615,1,0,1
2187096,67616,1,0,1
1033200,67617,1,0,1
5205952,67618,1,1,0
2113336,67619,1,1,0
633384,67620,1,0,1
3044200,67621,1,1,0
991696,67622,1,1,0
4219472,67623,1,1,0
1697816,67624,1,1,0
4406976,67625,1,1,0
3781856,67626,1,0,1
3881888,67627,1,1,0
1448816,67628,1,0,1
1915400,67629,1,0,1
1749256,67630,1,0,1
3182536,67631,1,0,1
4027472,67632,1,0,1
1623128,67633,1,0,1
881112,67634,1,0,1
441792,67635,1,0,1
2744880,67636,1,1,0
3308320,67637,1,1,0
7785616,67638,1,0,1
4414016,67639,1,0,1
4252120,67640,1,1,0
1967200,67641,1,0,1
834952,67642,1,0,1
484424,67643,1,1,0
5684016,67644,1,1,0
2551512,67645,1,0,1
970560,67646,1,0,1
341808,67647,1,1,0
1928400,67648,1,1,0
710672,67649,1,0,1
543024,67650,1,0,1
4149848,67651,1,1,0
1258912,67652,1,0,1
628032,67653,1,1,0
472544,67654,1,0,1
634784,67655,1,0,1
1773184,67656,1,1,0
2967960,67657,1,0,1
999656,67658,1,1,0
5999272,67659,1,0,1
2281368,67660,1,1,0
5772736,67661,1,0,1
3225368,67662,1,0,1
1644272,67663,1,0,1
1027216,67664,1,1,0
4003816,67665,1,1,0
1342848,67666,1,0,1
1318424,67667,1,1,0
2747320,67668,1,1,0
579456,67669,1,0,1
755528,67670,1,1,0
6627088,67671,1,0,1
1412816,67672,1,0,1
3907008,67673,1,0,1
5479536,67674,1,1,0
1537888,67675,1,0,1
601128,67676,1,0,1
2972088,67677,1,0,1
2408464,67678,1,1,0
1134704,67679,1,0,1
790096,67680,1,1,0
2068760,67681,1,0,1
3665208,67682,1,0,1
4816472,67683,1,1,0
600512,67684,1,1,0
7448944,67685,1,0,1
1815080,67686,1,0,1
4172640,67687,1,1,0
5969416,67688,1,1,0
1721944,67689,1,0,1
1337304,67690,1,0,1
989824,67691,1,1,0
4264312,67692,1,0,1
1296544,67693,1,0,1
5912352,67694,1,1,0
3094352,67695,1,0,1
3644192,67696,1,1,0
378400,67697,1,1,0
927408,67698,1,0,1
902328,67699,1,0,1
1948784,67700,1,0,1
983280,67701,1,0,1
3115912,67702,1,0,1
165520,67703,1,0,1
5392896,67704,1,0,1
3262376,67705,1,1,0
1670144,67706,1,0,1
5859984,67707,1,0,1
3569000,67708,1,1,0
3381032,67709,1,0,1
4744784,67710,1,1,0
2424216,67711,1,0,1
2853080,67712,1,1,0
2221728,67713,1,1,0
2821240,67714,1,0,1
306536,67715,1,1,0
203992,67716,1,0,1
2843672,67717,1,1,0
441304,67718,1,0,1
1634968,67719,1,0,1
544000,67720,1,1,0
411224,67721,1,0,1
627920,67722,1,0,1
5154144,67723,1,1,0
8033344,67724,1,1,0
225008,67725,1,0,1
2138648,67726,1,1,0
656248,67727,1,1,0
675880,67728,1,0,1
4954648,67729,1,1,0
3147016,67730,1,1,0
4884880,67731,1,1,0
4215640,67732,1,0,1
106440,67733,1,1,0
5830320,67734,1,1,0
5277696,67735,1,1,0
380912,67736,1,0,1
1715688,67737,1,1,0
4269832,67738,1,0,1
7543960,67739,1,1,0
1836744,67740,1,1,0
3686072,67741,1,0,1
1746568,67742,1,0,1
5493400,67743,1,0,1
179120,67744,1,1,0
5202208,67745,1,1,0
3912728,67746,1,0,1
447728,67747,1,0,1
7465824,67748,1,1,0
493184,67749,1,0,1
7081560,67750,1,1,0
798944,67751,1,0,1
1733384,67752,1,0,1
730640,67753,1,1,0
289456,67754,1,0,1
1385200,67755,1,1,0
5116984,67756,1,0,1
533848,67757,1,0,1
6712600,67758,1,1,0
5131584,67759,1,0,1
1587896,67760,1,1,0
4069768,67761,1,0,1
257080,67762,1,0,1
6602856,67763,1,1,0
838096,67764,1,1,0
4548712,67765,1,1,0
5510120,67766,1,0,1
1114688,67767,1,0,1
1378112,67768,1,0,1
7028568,67769,1,0,1
1117552,67770,1,0,1
2116936,67771,1,1,0
5857432,67772,1,0,1
6667984,67773,1,0,1
5787224,67774,1,1,0
8329992,67775,1,1,0
226728,67776,1,1,0
162064,67777,1,1,0
2815928,67778,1,1,0
2935096,67779,1,1,0
8174784,67780,1,1,0
892072,67781,1,1,0
824064,67782,1,1,0
2187440,67783,1,1,0
295264,67784,1,1,0
833056,67785,1,1,0
7462976,67786,1,1,0
5484160,67787,1,1,0
4721016,67788,1,1,0
6900560,67789,1,0,1
1070392,67790,1,1,0
1344360,67791,1,1,0
1012512,67792,1,1,0
7319464,67793,1,0,1
7024248,67794,1,1,0
3550368,67795,1,0,1
892280,67796,1,0,1
5510136,67797,1,0,1
5696632,67798,1,1,0
6073648,67799,1,0,1
240248,67800,1,0,1
1841896,67801,1,1,0
8175032,67802,1,0,1
1391888,67803,1,0,1
5627592,67804,1,0,1
1922488,67805,1,1,0
7780080,67806,1,1,0
4217776,67807,1,0,1
436232,67808,1,1,0
3859408,67809,1,0,1
4032448,67810,1,0,1
3931152,67811,1,0,1
1428520,67812,1,1,0
7867384,67813,1,1,0
355576,67814,1,0,1
1412768,67815,1,0,1
304224,67816,1,0,1
4026248,67817,1,0,1
3726688,67818,1,1,0
1085896,67819,1,1,0
7558504,67820,1,1,0
1194792,67821,1,0,1
871880,67822,1,0,1
909456,67823,1,1,0
5088128,67824,1,1,0
500608,67825,1,1,0
4199152,67826,1,0,1
771320,67827,1,1,0
3317496,67828,1,1,0
4901680,67829,1,1,0
1607152,67830,1,0,1
7312616,67831,1,1,0
1055816,67832,1,1,0
984032,67833,1,0,1
5643464,67834,1,0,1
4954032,67835,1,0,1
219200,67836,1,1,0
4167088,67837,1,1,0
2800928,67838,1,0,1
1313816,67839,1,0,1
2362632,67840,1,0,1
2374928,67841,1,0,1
341184,67842,1,0,1
3468416,67843,1,0,1
607448,67844,1,0,1
5225144,67845,1,0,1
2795456,67846,1,0,1
942752,67847,1,0,1
1487872,67848,1,0,1
1972552,67849,1,0,1
7350248,67850,1,0,1
8032504,67851,1,0,1
5252520,67852,1,1,0
2541200,67853,1,0,1
6017032,67854,1,1,0
4314432,67855,1,0,1
6600976,67856,1,0,1
4642464,67857,1,0,1
669304,67858,1,1,0
1167144,67859,1,1,0
2618736,67860,1,0,1
3214184,67861,1,0,1
3972088,67862,1,0,1
2066432,67863,1,1,0
4402816,67864,1,1,0
729424,67865,1,0,1
1599728,67866,1,1,0
1039416,67867,1,1,0
4408512,67868,1,1,0
3355296,67869,1,1,0
642664,67870,1,1,0
551112,67871,1,1,0
5559096,67872,1,1,0
2172640,67873,1,1,0
101952,67874,1,0,1
676536,67875,1,1,0
261752,67876,1,1,0
3358904,67877,1,0,1
982200,67878,1,1,0
6292656,67879,1,1,0
2036952,67880,1,1,0
537720,67881,1,0,1
4080288,67882,1,0,1
3881616,67883,1,0,1
8081640,67884,1,1,0
4199544,67885,1,1,0
4617064,67886,1,0,1
8044360,67887,1,1,0
6038752,67888,1,0,1
1691296,67889,1,1,0
2221032,67890,1,0,1
3370552,67891,1,1,0
3061704,67892,1,1,0
6352104,67893,1,0,1
3202696,67894,1,0,1
5210880,67895,1,1,0
4920352,67896,1,1,0
2545304,67897,1,1,0
3953464,67898,1,0,1
3248040,67899,1,0,1
7910800,67900,1,1,0
3258896,67901,1,0,1
3628872,67902,1,0,1
1255472,67903,1,0,1
1414768,67904,1,1,0
1133424,67905,1,1,0
3423344,67906,1,1,0
5143712,67907,1,1,0
7321848,67908,1,0,1
7126848,67909,1,1,0
874608,67910,1,0,1
3747384,67911,1,0,1
5047736,67912,1,0,1
851384,67913,1,1,0
3182376,67914,1,1,0
3582320,67915,1,1,0
3327040,67916,1,0,1
740160,67917,1,1,0
683424,67918,1,1,0
5745088,67919,1,1,0
2047576,67920,1,0,1
6807080,67921,1,0,1
1149032,67922,1,1,0
2801320,67923,1,0,1
382136,67924,1,1,0
1077408,67925,1,1,0
5981880,67926,1,1,0
7665464,67927,1,1,0
1524800,67928,1,0,1
8039672,67929,1,0,1
7533024,67930,1,1,0
4489272,67931,1,1,0
6310912,67932,1,0,1
1924832,67933,1,1,0
5639512,67934,1,0,1
2786656,67935,1,0,1
1747480,67936,1,0,1
962616,67937,1,0,1
645752,67938,1,0,1
643936,67939,1,1,0
7078368,67940,1,0,1
5612680,67941,1,1,0
4254672,67942,1,1,0
268800,67943,1,1,0
6064040,67944,1,1,0
240264,67945,1,0,1
1128840,67946,1,1,0
7516208,67947,1,0,1
4038352,67948,1,0,1
3005720,67949,1,0,1
8117888,67950,1,0,1
3732712,67951,1,0,1
390480,67952,1,0,1
1703008,67953,1,0,1
338848,67954,1,1,0
2545472,67955,1,1,0
4384944,67956,1,0,1
5201160,67957,1,0,1
1629136,67958,1,0,1
1962848,67959,1,0,1
294336,67960,1,1,0
378712,67961,1,0,1
5979640,67962,1,0,1
3136128,67963,1,0,1
3671224,67964,1,0,1
891336,67965,1,1,0
3392032,67966,1,0,1
752864,67967,1,1,0
1881424,67968,1,0,1
1982776,67969,1,1,0
670560,67970,1,0,1
1188968,67971,1,1,0
6899560,67972,1,0,1
4878392,67973,1,0,1
1131808,67974,1,0,1
4995368,67975,1,1,0
1019344,67976,1,1,0
8345288,67977,1,1,0
984704,67978,1,0,1
2285112,67979,1,0,1
945008,67980,1,0,1
478040,67981,1,1,0
6289768,67982,1,0,1
851424,67983,1,1,0
543400,67984,1,1,0
640048,67985,1,0,1
5941216,67986,1,1,0
8027096,67987,1,0,1
1392184,67988,1,1,0
2087848,67989,1,1,0
3233248,67990,1,1,0
352232,67991,1,0,1
849744,67992,1,0,1
317232,67993,1,1,0
343824,67994,1,0,1
898496,67995,1,0,1
3013664,67996,1,1,0
2493576,67997,1,1,0
5680632,67998,1,1,0
4026256,67999,1,1,0
3742224,68000,1,0,1
3321216,68001,1,1,0
8046304,68002,1,1,0
591168,68003,1,1,0
6616896,68004,1,1,0
609248,68005,1,1,0
4419832,68006,1,0,1
1453064,68007,1,1,0
507184,68008,1,0,1
2001680,68009,1,1,0
388080,68010,1,1,0
7855512,68011,1,0,1
244888,68012,1,0,1
1890744,68013,1,0,1
248000,68014,1,1,0
3877216,68015,1,1,0
590320,68016,1,1,0
1133872,68017,1,1,0
7679424,68018,1,0,1
2912688,68019,1,1,0
986704,68020,1,1,0
683464,68021,1,1,0
1314032,68022,1,0,1
2134384,68023,1,1,0
6240192,68024,1,1,0
1987040,68025,1,1,0
236136,68026,1,0,1
2271696,68027,1,1,0
2641912,68028,1,0,1
4387584,68029,1,0,1
5077400,68030,1,1,0
1017832,68031,1,1,0
1739752,68032,1,0,1
1126536,68033,1,1,0
4791544,68034,1,0,1
329872,68035,1,0,1
445216,68036,1,1,0
8237872,68037,1,1,0
6275024,68038,1,0,1
633320,68039,1,0,1
440984,68040,1,1,0
1334424,68041,1,0,1
4206920,68042,1,0,1
6113096,68043,1,0,1
1752856,68044,1,1,0
3151472,68045,1,1,0
2959656,68046,1,1,0
1138600,68047,1,0,1
1146056,68048,1,1,0
6255048,68049,1,1,0
1168688,68050,1,1,0
8224208,68051,1,1,0
2532184,68052,1,0,1
748088,68053,1,1,0
1009856,68054,1,1,0
4551504,68055,1,1,0
2059904,68056,1,1,0
407408,68057,1,1,0
4494136,68058,1,0,1
6264880,68059,1,0,1
6793600,68060,1,1,0
3143608,68061,1,1,0
6488968,68062,1,0,1
349040,68063,1,0,1
299688,68064,1,0,1
5407104,68065,1,0,1
5187856,68066,1,0,1
2074928,68067,1,0,1
2357568,68068,1,0,1
6201792,68069,1,0,1
7394352,68070,1,0,1
1213728,68071,1,1,0
8097272,68072,1,0,1
5523832,68073,1,0,1
548656,68074,1,0,1
7174808,68075,1,1,0
596800,68076,1,0,1
4844504,68077,1,1,0
2159704,68078,1,1,0
652904,68079,1,1,0
4637768,68080,1,0,1
3591848,68081,1,0,1
4681640,68082,1,1,0
768624,68083,1,0,1
4338064,68084,1,1,0
217080,68085,1,0,1
7778232,68086,1,1,0
2887600,68087,1,0,1
1038296,68088,1,1,0
1590496,68089,1,1,0
268032,68090,1,1,0
1290600,68091,1,1,0
3300184,68092,1,0,1
664872,68093,1,1,0
6799688,68094,1,1,0
1528904,68095,1,1,0
1007144,68096,1,1,0
1698712,68097,1,1,0
715192,68098,1,0,1
2782456,68099,1,0,1
268600,68100,1,0,1
2991696,68101,1,0,1
2896240,68102,1,0,1
1370024,68103,1,0,1
4132856,68104,1,0,1
6282952,68105,1,0,1
3651016,68106,1,0,1
2763016,68107,1,1,0
2255080,68108,1,0,1
3449040,68109,1,0,1
1135840,68110,1,1,0
5880168,68111,1,0,1
552600,68112,1,0,1
938944,68113,1,1,0
2343560,68114,1,0,1
895592,68115,1,0,1
2015536,68116,1,0,1
3686880,68117,1,1,0
8334472,68118,1,0,1
1088488,68119,1,0,1
486552,68120,1,1,0
1788024,68121,1,1,0
6692880,68122,1,0,1
1225720,68123,1,1,0
5595600,68124,1,0,1
6562864,68125,1,1,0
6876848,68126,1,1,0
7117600,68127,1,1,0
3402840,68128,1,1,0
695712,68129,1,0,1
1694136,68130,1,0,1
1245872,68131,1,1,0
2075936,68132,1,1,0
6649144,68133,1,0,1
4566664,68134,1,0,1
924552,68135,1,1,0
7165168,68136,1,1,0
2518784,68137,1,1,0
5454664,68138,1,0,1
4525016,68139,1,1,0
1112440,68140,1,1,0
2051000,68141,1,0,1
5741616,68142,1,0,1
6608592,68143,1,0,1
1579808,68144,1,1,0
3549024,68145,1,0,1
5021776,68146,1,1,0
1734208,68147,1,0,1
1412760,68148,1,1,0
597088,68149,1,0,1
2104384,68150,1,1,0
1155000,68151,1,1,0
154280,68152,1,1,0
5062944,68153,1,0,1
426248,68154,1,0,1
941728,68155,1,0,1
209320,68156,1,0,1
1626200,68157,1,0,1
2253168,68158,1,0,1
2368328,68159,1,0,1
3958560,68160,1,1,0
3353800,68161,1,1,0
2905912,68162,1,1,0
7097056,68163,1,1,0
2483376,68164,1,0,1
2342344,68165,1,0,1
253680,68166,1,0,1
757184,68167,1,1,0
726160,68168,1,0,1
300096,68169,1,0,1
6494344,68170,1,0,1
209520,68171,1,0,1
1500304,68172,1,0,1
1148240,68173,1,1,0
4530640,68174,1,1,0
1058080,68175,1,1,0
1932968,68176,1,1,0
2472656,68177,1,1,0
4230248,68178,1,0,1
3255768,68179,1,1,0
499976,68180,1,0,1
8170112,68181,1,0,1
409408,68182,1,1,0
8282736,68183,1,0,1
1594832,68184,1,0,1
707320,68185,1,0,1
969536,68186,1,1,0
8380272,68187,1,1,0
2224616,68188,1,0,1
923336,68189,1,0,1
3929608,68190,1,1,0
6559952,68191,1,0,1
1112272,68192,1,1,0
707936,68193,1,1,0
334104,68194,1,0,1
2689744,68195,1,1,0
681320,68196,1,1,0
2375816,68197,1,0,1
6324936,68198,1,0,1
1114504,68199,1,0,1
3384208,68200,1,0,1
5021336,68201,1,0,1
7811640,68202,1,0,1
1422720,68203,1,1,0
1946936,68204,1,1,0
3829032,68205,1,0,1
4470408,68206,1,0,1
5249744,68207,1,1,0
631584,68208,1,0,1
1400320,68209,1,0,1
154504,68210,1,0,1
6990736,68211,1,0,1
2187632,68212,1,1,0
3291368,68213,1,1,0
385520,68214,1,0,1
1846016,68215,1,0,1
5350136,68216,1,1,0
878944,68217,1,1,0
3022016,68218,1,1,0
2882520,68219,1,0,1
6008144,68220,1,1,0
1242280,68221,1,1,0
3763232,68222,1,1,0
2332096,68223,1,1,0
1266856,68224,1,1,0
404744,68225,1,0,1
5990288,68226,1,1,0
1077696,68227,1,1,0
2714968,68228,1,0,1
704616,68229,1,1,0
5202968,68230,1,1,0
1969240,68231,1,0,1
384224,68232,1,0,1
4754928,68233,1,1,0
876808,68234,1,0,1
3690048,68235,1,1,0
5708624,68236,1,0,1
5749960,68237,1,1,0
3040776,68238,1,1,0
1467688,68239,1,1,0
5548392,68240,1,0,1
1812904,68241,1,1,0
1260192,68242,1,0,1
7563048,68243,1,0,1
1715032,68244,1,0,1
4023800,68245,1,1,0
1220656,68246,1,0,1
909936,68247,1,1,0
1755072,68248,1,1,0
1899144,68249,1,0,1
781728,68250,1,0,1
5789336,68251,1,0,1
3347400,68252,1,0,1
1116600,68253,1,1,0
1489432,68254,1,1,0
4916432,68255,1,0,1
5133128,68256,1,1,0
459752,68257,1,1,0
689008,68258,1,0,1
2700672,68259,1,0,1
3989016,68260,1,1,0
2431408,68261,1,1,0
4453072,68262,1,0,1
105888,68263,1,0,1
2145904,68264,1,0,1
1109960,68265,1,0,1
2752848,68266,1,0,1
683664,68267,1,1,0
1044032,68268,1,0,1
369008,68269,1,0,1
1966408,68270,1,0,1
1276248,68271,1,1,0
428480,68272,1,1,0
3102192,68273,1,1,0
449792,68274,1,1,0
679424,68275,1,0,1
3886456,68276,1,1,0
3901328,68277,1,1,0
5850208,68278,1,0,1
1038192,68279,1,0,1
1248864,68280,1,0,1
310488,68281,1,0,1
997008,68282,1,0,1
5142080,68283,1,1,0
587792,68284,1,1,0
763672,68285,1,1,0
2800976,68286,1,1,0
5100552,68287,1,0,1
1462824,68288,1,0,1
536520,68289,1,0,1
1059016,68290,1,0,1
720448,68291,1,0,1
552832,68292,1,0,1
3002176,68293,1,0,1
7130992,68294,1,1,0
4225176,68295,1,0,1
2754168,68296,1,0,1
1092832,68297,1,0,1
1642400,68298,1,1,0
7530128,68299,1,0,1
7692000,68300,1,0,1
986888,68301,1,0,1
500008,68302,1,1,0
7030608,68303,1,1,0
831640,68304,1,0,1
457056,68305,1,0,1
209344,68306,1,1,0
7837216,68307,1,1,0
3202296,68308,1,1,0
5754176,68309,1,0,1
7309696,68310,1,0,1
6428584,68311,1,0,1
723360,68312,1,0,1
2683864,68313,1,1,0
1835240,68314,1,0,1
5560560,68315,1,0,1
897272,68316,1,1,0
1053248,68317,1,0,1
268000,68318,1,1,0
1779728,68319,1,1,0
1350120,68320,1,0,1
2105248,68321,1,1,0
4917536,68322,1,0,1
631128,68323,1,1,0
698504,68324,1,1,0
3174504,68325,1,1,0
1338600,68326,1,1,0
243448,68327,1,1,0
384648,68328,1,0,1
1710368,68329,1,1,0
1905264,68330,1,1,0
4927776,68331,1,1,0
5133216,68332,1,0,1
1157656,68333,1,1,0
2848448,68334,1,1,0
1576480,68335,1,0,1
5945344,68336,1,1,0
6151872,68337,1,1,0
4963080,68338,1,0,1
4161248,68339,1,1,0
999640,68340,1,0,1
3682240,68341,1,1,0
3495848,68342,1,0,1
5235368,68343,1,0,1
3613912,68344,1,1,0
1635656,68345,1,0,1
923752,68346,1,1,0
484776,68347,1,0,1
632072,68348,1,1,0
945192,68349,1,1,0
6418912,68350,1,0,1
4789456,68351,1,1,0
3311312,68352,1,0,1
7086632,68353,1,1,0
2517944,68354,1,0,1
7249464,68355,1,1,0
3417408,68356,1,0,1
2312056,68357,1,0,1
5885720,68358,1,1,0
1199504,68359,1,0,1
5035320,68360,1,1,0
2078704,68361,1,1,0
4651272,68362,1,1,0
7815176,68363,1,1,0
2543952,68364,1,0,1
2877024,68365,1,0,1
1362192,68366,1,0,1
7773440,68367,1,0,1
4506240,68368,1,0,1
409824,68369,1,0,1
1925056,68370,1,0,1
2318008,68371,1,1,0
8051864,68372,1,0,1
760312,68373,1,0,1
660528,68374,1,1,0
6995808,68375,1,0,1
5412768,68376,1,0,1
1972224,68377,1,1,0
723400,68378,1,1,0
7708440,68379,1,1,0
6123864,68380,1,1,0
8320848,68381,1,1,0
259792,68382,1,1,0
2390432,68383,1,0,1
5595256,68384,1,0,1
3595384,68385,1,0,1
4432824,68386,1,1,0
937576,68387,1,0,1
2024504,68388,1,0,1
2964192,68389,1,0,1
3244208,68390,1,1,0
213760,68391,1,1,0
2483960,68392,1,1,0
485616,68393,1,0,1
3988056,68394,1,1,0
2083160,68395,1,1,0
6525184,68396,1,0,1
1399888,68397,1,1,0
1108744,68398,1,1,0
1630736,68399,1,0,1
678888,68400,1,1,0
4790184,68401,1,1,0
2180552,68402,1,0,1
1862768,68403,1,0,1
3704520,68404,1,1,0
927040,68405,1,0,1
443648,68406,1,0,1
660992,68407,1,0,1
2980720,68408,1,1,0
2023600,68409,1,1,0
2052976,68410,1,0,1
2604936,68411,1,1,0
2889912,68412,1,1,0
3146104,68413,1,1,0
5279008,68414,1,1,0
5103688,68415,1,1,0
7685016,68416,1,0,1
2699600,68417,1,0,1
678824,68418,1,1,0
255536,68419,1,0,1
4855128,68420,1,1,0
4123264,68421,1,1,0
285712,68422,1,1,0
1164224,68423,1,1,0
3920288,68424,1,1,0
2017232,68425,1,1,0
4560456,68426,1,1,0
2668032,68427,1,1,0
4039112,68428,1,1,0
6671336,68429,1,0,1
1269864,68430,1,1,0
4220016,68431,1,1,0
892248,68432,1,1,0
870440,68433,1,0,1
4611024,68434,1,1,0
1956712,68435,1,1,0
937648,68436,1,0,1
1463576,68437,1,0,1
7386168,68438,1,0,1
254008,68439,1,1,0
2807416,68440,1,1,0
3967928,68441,1,1,0
1924320,68442,1,1,0
7732296,68443,1,0,1
377736,68444,1,1,0
342256,68445,1,1,0
2214664,68446,1,0,1
492000,68447,1,1,0
610624,68448,1,0,1
3436256,68449,1,0,1
3232480,68450,1,1,0
3089312,68451,1,0,1
5565840,68452,1,1,0
2851144,68453,1,0,1
355264,68454,1,0,1
8384056,68455,1,1,0
4025376,68456,1,1,0
3763224,68457,1,0,1
4582648,68458,1,1,0
809112,68459,1,1,0
341032,68460,1,0,1
404120,68461,1,0,1
2820400,68462,1,1,0
7243192,68463,1,1,0
1465864,68464,1,0,1
780200,68465,1,0,1
7036128,68466,1,0,1
8228752,68467,1,0,1
1007760,68468,1,0,1
3641240,68469,1,0,1
4363832,68470,1,0,1
521992,68471,1,1,0
212392,68472,1,1,0
1540880,68473,1,0,1
1048944,68474,1,1,0
694536,68475,1,1,0
7082104,68476,1,1,0
651272,68477,1,1,0
7536080,68478,1,1,0
734288,68479,1,0,1
1905256,68480,1,0,1
2350688,68481,1,0,1
729848,68482,1,1,0
651528,68483,1,1,0
4742984,68484,1,0,1
596048,68485,1,0,1
3365296,68486,1,0,1
318336,68487,1,0,1
2872408,68488,1,0,1
422664,68489,1,0,1
956480,68490,1,0,1
2865048,68491,1,1,0
236352,68492,1,1,0
221992,68493,1,0,1
229856,68494,1,0,1
3437984,68495,1,1,0
3903936,68496,1,0,1
2274536,68497,1,1,0
4748064,68498,1,0,1
4421960,68499,1,0,1
239832,68500,1,1,0
7342376,68501,1,0,1
6101792,68502,1,1,0
502800,68503,1,1,0
551144,68504,1,0,1
264872,68505,1,0,1
978336,68506,1,1,0
261232,68507,1,1,0
5570792,68508,1,0,1
536168,68509,1,0,1
2591312,68510,1,1,0
900056,68511,1,1,0
5969064,68512,1,0,1
2416928,68513,1,0,1
947792,68514,1,1,0
653368,68515,1,1,0
1183176,68516,1,0,1
1684152,68517,1,1,0
1884696,68518,1,1,0
5215320,68519,1,0,1
2381720,68520,1,0,1
1884240,68521,1,1,0
3974976,68522,1,1,0
5322640,68523,1,1,0
3315088,68524,1,1,0
1134080,68525,1,1,0
2991584,68526,1,1,0
7355136,68527,1,0,1
1645208,68528,1,1,0
3939400,68529,1,1,0
5604592,68530,1,0,1
734656,68531,1,1,0
5403712,68532,1,1,0
188072,68533,1,0,1
6315584,68534,1,0,1
6457208,68535,1,1,0
1727936,68536,1,0,1
609304,68537,1,0,1
5578584,68538,1,0,1
4467160,68539,1,0,1
4866104,68540,1,0,1
532032,68541,1,0,1
3607176,68542,1,0,1
1760920,68543,1,0,1
2076456,68544,1,0,1
258664,68545,1,0,1
1029728,68546,1,1,0
1871240,68547,1,1,0
3371376,68548,1,0,1
5214000,68549,1,0,1
5807696,68550,1,1,0
180008,68551,1,0,1
752008,68552,1,1,0
1156528,68553,1,0,1
4663528,68554,1,0,1
959968,68555,1,1,0
2934712,68556,1,0,1
978264,68557,1,0,1
1354072,68558,1,1,0
1424640,68559,1,1,0
5847888,68560,1,0,1
2214952,68561,1,1,0
874872,68562,1,0,1
902376,68563,1,0,1
6108328,68564,1,0,1
5249104,68565,1,0,1
470776,68566,1,1,0
692480,68567,1,1,0
7286112,68568,1,0,1
5982952,68569,1,0,1
3715080,68570,1,0,1
734344,68571,1,0,1
2180360,68572,1,0,1
7168976,68573,1,1,0
4500992,68574,1,0,1
215688,68575,1,1,0
7668112,68576,1,1,0
1852648,68577,1,0,1
515072,68578,1,0,1
4109296,68579,1,1,0
224784,68580,1,0,1
1235312,68581,1,0,1
5903744,68582,1,1,0
529048,68583,1,1,0
566880,68584,1,1,0
5596784,68585,1,1,0
506944,68586,1,1,0
463344,68587,1,1,0
2910712,68588,1,0,1
530000,68589,1,1,0
736416,68590,1,0,1
1612632,68591,1,0,1
5488600,68592,1,0,1
3831944,68593,1,0,1
2501752,68594,1,1,0
819944,68595,1,1,0
1422832,68596,1,0,1
7628288,68597,1,0,1
1182032,68598,1,1,0
2631360,68599,1,1,0
897840,68600,1,1,0
1886752,68601,1,0,1
8161488,68602,1,0,1
2009176,68603,1,1,0
1708248,68604,1,1,0
2762432,68605,1,1,0
2379424,68606,1,0,1
6789616,68607,1,0,1
5129312,68608,1,0,1
7084456,68609,1,0,1
1521072,68610,1,0,1
7667296,68611,1,1,0
2375104,68612,1,0,1
4749904,68613,1,1,0
1897440,68614,1,0,1
1790960,68615,1,1,0
156760,68616,1,0,1
3459896,68617,1,1,0
6041056,68618,1,0,1
3497360,68619,1,1,0
7405552,68620,1,1,0
3457600,68621,1,1,0
943120,68622,1,1,0
8100384,68623,1,0,1
8259112,68624,1,1,0
6662544,68625,1,1,0
2615456,68626,1,1,0
3971872,68627,1,0,1
2042600,68628,1,1,0
7631328,68629,1,1,0
1402984,68630,1,1,0
3166248,68631,1,1,0
4052040,68632,1,1,0
7179880,68633,1,0,1
7182680,68634,1,1,0
1173744,68635,1,1,0
5746544,68636,1,1,0
3987312,68637,1,1,0
6123368,68638,1,1,0
186208,68639,1,0,1
1391728,68640,1,1,0
2049280,68641,1,1,0
735872,68642,1,0,1
536144,68643,1,1,0
6521224,68644,1,0,1
4159360,68645,1,0,1
7324312,68646,1,0,1
1040392,68647,1,1,0
223184,68648,1,1,0
3994184,68649,1,1,0
804112,68650,1,1,0
2489624,68651,1,0,1
3158896,68652,1,1,0
1359168,68653,1,1,0
914808,68654,1,0,1
214416,68655,1,0,1
534976,68656,1,1,0
845048,68657,1,0,1
93016,68658,1,1,0
5216576,68659,1,0,1
5540728,68660,1,0,1
1590688,68661,1,0,1
181408,68662,1,0,1
2194472,68663,1,1,0
6460856,68664,1,0,1
348544,68665,1,0,1
6951576,68666,1,0,1
5565672,68667,1,0,1
5023464,68668,1,1,0
4308376,68669,1,0,1
2079096,68670,1,1,0
323624,68671,1,1,0
671496,68672,1,1,0
1460520,68673,1,1,0
1483032,68674,1,1,0
2160824,68675,1,1,0
3130672,68676,1,1,0
2520288,68677,1,1,0
443344,68678,1,1,0
1156768,68679,1,0,1
727704,68680,1,1,0
1480640,68681,1,1,0
834248,68682,1,0,1
204936,68683,1,0,1
2044152,68684,1,0,1
786896,68685,1,0,1
621952,68686,1,0,1
401664,68687,1,0,1
7562816,68688,1,0,1
697384,68689,1,1,0
2246696,68690,1,0,1
1380160,68691,1,0,1
148360,68692,1,1,0
4177776,68693,1,1,0
269664,68694,1,1,0
3323056,68695,1,1,0
6552136,68696,1,1,0
7087928,68697,1,1,0
517416,68698,1,0,1
3497616,68699,1,1,0
5784920,68700,1,0,1
910888,68701,1,0,1
556248,68702,1,0,1
1856208,68703,1,0,1
5470560,68704,1,1,0
6177488,68705,1,1,0
1036784,68706,1,0,1
4230648,68707,1,0,1
481024,68708,1,0,1
781288,68709,1,1,0
4559224,68710,1,0,1
1884080,68711,1,0,1
3810240,68712,1,0,1
2151528,68713,1,0,1
7103504,68714,1,1,0
3778576,68715,1,0,1
5715040,68716,1,0,1
528088,68717,1,1,0
1229344,68718,1,1,0
753760,68719,1,0,1
4741792,68720,1,0,1
1039008,68721,1,0,1
673536,68722,1,0,1
5839616,68723,1,0,1
5328056,68724,1,1,0
3673824,68725,1,0,1
3346440,68726,1,0,1
7528840,68727,1,0,1
7015048,68728,1,0,1
6017488,68729,1,0,1
3062848,68730,1,0,1
1228824,68731,1,0,1
6024760,68732,1,0,1
4650640,68733,1,1,0
5563896,68734,1,1,0
985896,68735,1,0,1
3326088,68736,1,1,0
1023016,68737,1,1,0
654936,68738,1,1,0
305632,68739,1,1,0
1008088,68740,1,1,0
1240544,68741,1,1,0
2723064,68742,1,0,1
4543768,68743,1,0,1
798432,68744,1,1,0
1207656,68745,1,1,0
959224,68746,1,0,1
1903120,68747,1,0,1
498384,68748,1,1,0
117976,68749,1,1,0
2359472,68750,1,1,0
550632,68751,1,1,0
6311456,68752,1,1,0
3823352,68753,1,1,0
943976,68754,1,0,1
2762296,68755,1,0,1
944704,68756,1,1,0
950560,68757,1,0,1
455016,68758,1,1,0
764216,68759,1,1,0
1339960,68760,1,1,0
1243984,68761,1,0,1
8099328,68762,1,0,1
5311528,68763,1,0,1
3916272,68764,1,0,1
1683712,68765,1,1,0
1522392,68766,1,0,1
3359720,68767,1,0,1
999432,68768,1,1,0
7088336,68769,1,1,0
4659576,68770,1,0,1
7968744,68771,1,1,0
2934368,68772,1,0,1
5600896,68773,1,1,0
2229736,68774,1,0,1
7960560,68775,1,1,0
8139840,68776,1,0,1
2209888,68777,1,0,1
7297736,68778,1,0,1
6399144,68779,1,0,1
4207448,68780,1,1,0
6670968,68781,1,1,0
4961272,68782,1,1,0
995208,68783,1,1,0
2548792,68784,1,0,1
3956776,68785,1,0,1
5894960,68786,1,0,1
289272,68787,1,0,1
496512,68788,1,0,1
4571384,68789,1,1,0
4205912,68790,1,1,0
2270928,68791,1,1,0
3162128,68792,1,0,1
5044888,68793,1,0,1
787064,68794,1,1,0
6910632,68795,1,1,0
1180008,68796,1,1,0
2826656,68797,1,1,0
7078712,68798,1,0,1
1953952,68799,1,1,0
617744,68800,1,1,0
1592312,68801,1,1,0
1831696,68802,1,0,1
2096472,68803,1,1,0
7447040,68804,1,1,0
7419744,68805,1,1,0
2712760,68806,1,1,0
4025656,68807,1,0,1
7391896,68808,1,0,1
1847328,68809,1,0,1
452912,68810,1,1,0
1904760,68811,1,1,0
883872,68812,1,0,1
173384,68813,1,0,1
3521680,68814,1,0,1
1127184,68815,1,1,0
4628544,68816,1,0,1
886808,68817,1,0,1
2976912,68818,1,0,1
2196272,68819,1,0,1
7999216,68820,1,1,0
211480,68821,1,0,1
1893448,68822,1,1,0
1558488,68823,1,1,0
2013808,68824,1,0,1
4094712,68825,1,1,0
1693472,68826,1,1,0
5041840,68827,1,0,1
304040,68828,1,0,1
4132200,68829,1,1,0
1515280,68830,1,0,1
750992,68831,1,1,0
8006328,68832,1,1,0
7378704,68833,1,0,1
2179632,68834,1,1,0
692944,68835,1,0,1
5264080,68836,1,0,1
5106480,68837,1,0,1
771192,68838,1,1,0
3649928,68839,1,1,0
5968552,68840,1,1,0
1153928,68841,1,1,0
1226376,68842,1,1,0
1241344,68843,1,0,1
3162208,68844,1,0,1
2231904,68845,1,1,0
7415144,68846,1,1,0
677312,68847,1,1,0
1119168,68848,1,0,1
898544,68849,1,1,0
1720984,68850,1,0,1
1760032,68851,1,0,1
5496704,68852,1,1,0
3422936,68853,1,1,0
5077464,68854,1,0,1
3198160,68855,1,0,1
154408,68856,1,1,0
6474696,68857,1,0,1
3562112,68858,1,0,1
5982016,68859,1,0,1
796376,68860,1,1,0
1169648,68861,1,0,1
5617592,68862,1,0,1
253096,68863,1,0,1
4773048,68864,1,1,0
1844392,68865,1,1,0
2545848,68866,1,0,1
5976760,68867,1,1,0
5978528,68868,1,1,0
7357016,68869,1,0,1
4068800,68870,1,1,0
1010992,68871,1,0,1
823432,68872,1,0,1
1942512,68873,1,1,0
7958656,68874,1,1,0
4604312,68875,1,1,0
3653832,68876,1,1,0
3857104,68877,1,1,0
1500576,68878,1,1,0
385088,68879,1,0,1
2275736,68880,1,1,0
6405160,68881,1,0,1
552648,68882,1,1,0
1418632,68883,1,0,1
1887008,68884,1,0,1
1061320,68885,1,0,1
2099848,68886,1,1,0
1762648,68887,1,1,0
1488160,68888,1,1,0
2373504,68889,1,0,1
3990392,68890,1,0,1
506976,68891,1,0,1
449040,68892,1,0,1
785336,68893,1,1,0
2021000,68894,1,0,1
7750288,68895,1,1,0
1359272,68896,1,1,0
876736,68897,1,1,0
1623024,68898,1,1,0
604928,68899,1,0,1
558888,68900,1,0,1
4398840,68901,1,1,0
3864856,68902,1,1,0
1831112,68903,1,0,1
3887560,68904,1,0,1
6214360,68905,1,0,1
216712,68906,1,0,1
6572096,68907,1,1,0
1089304,68908,1,1,0
6841488,68909,1,1,0
2562296,68910,1,1,0
5825120,68911,1,1,0
3651600,68912,1,0,1
480328,68913,1,0,1
5204576,68914,1,1,0
779992,68915,1,1,0
6572104,68916,1,0,1
4953296,68917,1,1,0
2869984,68918,1,0,1
4120176,68919,1,0,1
658280,68920,1,1,0
2684072,68921,1,0,1
7824608,68922,1,0,1
1522928,68923,1,0,1
886064,68924,1,1,0
211736,68925,1,1,0
386208,68926,1,0,1
3011808,68927,1,1,0
6780096,68928,1,1,0
749776,68929,1,1,0
2212048,68930,1,1,0
4260680,68931,1,0,1
119936,68932,1,1,0
6659152,68933,1,1,0
2399136,68934,1,0,1
1891328,68935,1,0,1
7814040,68936,1,1,0
911040,68937,1,1,0
187472,68938,1,0,1
7416344,68939,1,0,1
683528,68940,1,1,0
8289856,68941,1,1,0
140704,68942,1,1,0
2989736,68943,1,0,1
8037184,68944,1,1,0
1102248,68945,1,0,1
1171184,68946,1,1,0
3989464,68947,1,1,0
1065928,68948,1,1,0
5715368,68949,1,0,1
1069944,68950,1,0,1
1394048,68951,1,0,1
4595056,68952,1,0,1
1420144,68953,1,0,1
5560776,68954,1,0,1
3863936,68955,1,1,0
7233840,68956,1,0,1
4573056,68957,1,1,0
4914064,68958,1,0,1
1374072,68959,1,1,0
3348008,68960,1,1,0
966392,68961,1,0,1
1466968,68962,1,1,0
1098888,68963,1,0,1
838280,68964,1,0,1
3880584,68965,1,0,1
425552,68966,1,1,0
5022272,68967,1,0,1
1612992,68968,1,0,1
1917640,68969,1,0,1
695664,68970,1,0,1
7827920,68971,1,1,0
4074544,68972,1,0,1
1181768,68973,1,1,0
3881984,68974,1,1,0
722104,68975,1,0,1
5724704,68976,1,0,1
4012536,68977,1,1,0
1830992,68978,1,1,0
4163408,68979,1,0,1
3486608,68980,1,0,1
3366256,68981,1,1,0
7649960,68982,1,0,1
1928664,68983,1,0,1
1968720,68984,1,1,0
6778128,68985,1,1,0
2456480,68986,1,0,1
5354432,68987,1,0,1
7873336,68988,1,1,0
1028136,68989,1,0,1
3957896,68990,1,1,0
305304,68991,1,0,1
236760,68992,1,0,1
5511896,68993,1,0,1
6666536,68994,1,1,0
7964624,68995,1,0,1
1704720,68996,1,0,1
1901400,68997,1,0,1
815608,68998,1,1,0
2724992,68999,1,1,0
4482720,69000,1,0,1
1112992,69001,1,0,1
1266248,69002,1,1,0
6940528,69003,1,0,1
271904,69004,1,0,1
4878128,69005,1,1,0
1225216,69006,1,0,1
723416,69007,1,1,0
4831992,69008,1,1,0
1466536,69009,1,1,0
1570024,69010,1,1,0
1006864,69011,1,0,1
6513864,69012,1,1,0
504952,69013,1,1,0
3812800,69014,1,1,0
1868032,69015,1,1,0
134008,69016,1,1,0
7590184,69017,1,0,1
1848264,69018,1,1,0
640752,69019,1,1,0
631304,69020,1,0,1
759360,69021,1,0,1
380784,69022,1,1,0
2639648,69023,1,0,1
1246216,69024,1,1,0
363096,69025,1,1,0
1223112,69026,1,1,0
1023568,69027,1,1,0
2767128,69028,1,0,1
616272,69029,1,1,0
2922184,69030,1,0,1
664792,69031,1,1,0
2548592,69032,1,1,0
259840,69033,1,0,1
4277616,69034,1,1,0
2098184,69035,1,1,0
5926992,69036,1,0,1
3529496,69037,1,1,0
860384,69038,1,0,1
994048,69039,1,0,1
905392,69040,1,0,1
1057600,69041,1,1,0
5878224,69042,1,0,1
1113608,69043,1,1,0
1862576,69044,1,1,0
2133512,69045,1,1,0
3763968,69046,1,1,0
949208,69047,1,0,1
4482616,69048,1,0,1
5523688,69049,1,1,0
653360,69050,1,1,0
4583864,69051,1,0,1
3018000,69052,1,1,0
2757528,69053,1,1,0
1755256,69054,1,1,0
3917640,69055,1,1,0
3225960,69056,1,1,0
4308408,69057,1,0,1
253448,69058,1,1,0
474904,69059,1,0,1
3048376,69060,1,1,0
1915936,69061,1,0,1
558408,69062,1,0,1
3116056,69063,1,1,0
574960,69064,1,1,0
959512,69065,1,0,1
422816,69066,1,0,1
4814568,69067,1,1,0
4225624,69068,1,0,1
2565096,69069,1,1,0
714888,69070,1,0,1
3616960,69071,1,1,0
378472,69072,1,0,1
4105992,69073,1,1,0
2998800,69074,1,0,1
7033496,69075,1,0,1
703320,69076,1,1,0
1503712,69077,1,0,1
5463440,69078,1,0,1
8129976,69079,1,1,0
161552,69080,1,0,1
1116312,69081,1,0,1
4517424,69082,1,1,0
699680,69083,1,1,0
4018520,69084,1,0,1
625120,69085,1,1,0
6036520,69086,1,1,0
627592,69087,1,0,1
2212760,69088,1,0,1
1089856,69089,1,0,1
7334208,69090,1,0,1
2123320,69091,1,0,1
967736,69092,1,1,0
3637280,69093,1,1,0
3160912,69094,1,1,0
2867808,69095,1,1,0
1660120,69096,1,1,0
330864,69097,1,0,1
5879912,69098,1,0,1
1913912,69099,1,1,0
258552,69100,1,1,0
1627840,69101,1,1,0
2704016,69102,1,1,0
2655856,69103,1,0,1
1612528,69104,1,1,0
3691352,69105,1,1,0
2380184,69106,1,0,1
1560056,69107,1,0,1
1131616,69108,1,0,1
353272,69109,1,1,0
395944,69110,1,1,0
5406656,69111,1,0,1
4615904,69112,1,1,0
605304,69113,1,1,0
232152,69114,1,0,1
1420608,69115,1,0,1
1115984,69116,1,1,0
5658584,69117,1,1,0
651640,69118,1,1,0
4128328,69119,1,0,1
2317760,69120,1,0,1
1325656,69121,1,1,0
2426784,69122,1,1,0
1505840,69123,1,1,0
1905768,69124,1,0,1
1086136,69125,1,0,1
4249672,69126,1,0,1
6041424,69127,1,0,1
6365552,69128,1,0,1
368008,69129,1,0,1
5937144,69130,1,0,1
330064,69131,1,0,1
2094136,69132,1,1,0
5359264,69133,1,1,0
3044920,69134,1,0,1
3378880,69135,1,1,0
4102232,69136,1,1,0
3386024,69137,1,0,1
5624304,69138,1,1,0
1193368,69139,1,1,0
4364936,69140,1,0,1
2333944,69141,1,1,0
1026360,69142,1,1,0
1088016,69143,1,1,0
413600,69144,1,0,1
1457496,69145,1,0,1
2542016,69146,1,1,0
5605440,69147,1,1,0
510968,69148,1,1,0
622992,69149,1,1,0
5980256,69150,1,1,0
469560,69151,1,0,1
7001296,69152,1,0,1
3704920,69153,1,1,0
1008040,69154,1,0,1
2715976,69155,1,1,0
986680,69156,1,1,0
7748464,69157,1,1,0
3766136,69158,1,1,0
1245520,69159,1,0,1
937232,69160,1,1,0
4693192,69161,1,0,1
1698376,69162,1,1,0
4381408,69163,1,1,0
3110640,69164,1,0,1
1569744,69165,1,0,1
780688,69166,1,1,0
600352,69167,1,1,0
766192,69168,1,1,0
1427312,69169,1,0,1
973616,69170,1,1,0
732608,69171,1,0,1
1461536,69172,1,0,1
1346520,69173,1,1,0
670080,69174,1,1,0
7386256,69175,1,1,0
3057744,69176,1,0,1
1619880,69177,1,1,0
1271112,69178,1,1,0
2527712,69179,1,0,1
7635144,69180,1,0,1
6166344,69181,1,1,0
308568,69182,1,0,1
536736,69183,1,1,0
6210208,69184,1,0,1
3023000,69185,1,1,0
828048,69186,1,0,1
3767776,69187,1,0,1
3162776,69188,1,0,1
608912,69189,1,0,1
7607624,69190,1,0,1
2630824,69191,1,1,0
433016,69192,1,0,1
1282520,69193,1,0,1
1454656,69194,1,1,0
331760,69195,1,1,0
6732272,69196,1,0,1
482392,69197,1,1,0
5787000,69198,1,1,0
1799600,69199,1,0,1
5454288,69200,1,1,0
289928,69201,1,0,1
594368,69202,1,1,0
3146496,69203,1,1,0
6470984,69204,1,0,1
136912,69205,1,1,0
1220488,69206,1,1,0
571624,69207,1,1,0
2490216,69208,1,1,0
6906008,69209,1,1,0
333128,69210,1,0,1
6051904,69211,1,0,1
2395328,69212,1,1,0
485008,69213,1,0,1
1606920,69214,1,0,1
5256304,69215,1,0,1
1068680,69216,1,1,0
4341024,69217,1,0,1
2291976,69218,1,1,0
427080,69219,1,1,0
457168,69220,1,1,0
1296616,69221,1,1,0
2508648,69222,1,1,0
3331016,69223,1,1,0
735296,69224,1,0,1
969448,69225,1,0,1
7365080,69226,1,0,1
5147648,69227,1,0,1
342600,69228,1,0,1
1644000,69229,1,1,0
368672,69230,1,0,1
3299168,69231,1,0,1
4689400,69232,1,1,0
344784,69233,1,0,1
255496,69234,1,1,0
3782104,69235,1,1,0
572712,69236,1,0,1
2278232,69237,1,1,0
2405200,69238,1,0,1
2048032,69239,1,1,0
2574320,69240,1,1,0
3136944,69241,1,0,1
2635696,69242,1,0,1
1851520,69243,1,0,1
6386296,69244,1,1,0
4847880,69245,1,0,1
558216,69246,1,1,0
3077792,69247,1,1,0
2958000,69248,1,0,1
2059936,69249,1,1,0
7339472,69250,1,0,1
1884944,69251,1,1,0
1948888,69252,1,0,1
1803616,69253,1,1,0
1373832,69254,1,0,1
1184576,69255,1,1,0
425680,69256,1,0,1
1977400,69257,1,1,0
7812104,69258,1,1,0
4717752,69259,1,1,0
929320,69260,1,0,1
754816,69261,1,1,0
225312,69262,1,1,0
1147280,69263,1,0,1
5104352,69264,1,0,1
3089936,69265,1,1,0
1753208,69266,1,0,1
4959560,69267,1,1,0
1371720,69268,1,1,0
3425528,69269,1,0,1
1070104,69270,1,0,1
7538288,69271,1,0,1
2533440,69272,1,1,0
6331648,69273,1,0,1
3591944,69274,1,0,1
5009288,69275,1,1,0
8105864,69276,1,1,0
3386440,69277,1,1,0
3742664,69278,1,0,1
746328,69279,1,1,0
3260448,69280,1,0,1
6444960,69281,1,1,0
2789920,69282,1,1,0
4254272,69283,1,1,0
148472,69284,1,1,0
6479880,69285,1,0,1
533976,69286,1,0,1
3403280,69287,1,0,1
5583952,69288,1,1,0
1768264,69289,1,1,0
2866520,69290,1,0,1
2088896,69291,1,0,1
1296952,69292,1,1,0
3709800,69293,1,1,0
807576,69294,1,1,0
3245112,69295,1,1,0
7249968,69296,1,0,1
1198192,69297,1,1,0
2439624,69298,1,1,0
1327952,69299,1,0,1
1736904,69300,1,0,1
1241736,69301,1,1,0
723296,69302,1,0,1
888560,69303,1,1,0
1098080,69304,1,1,0
7826344,69305,1,0,1
608080,69306,1,1,0
3144488,69307,1,1,0
6950080,69308,1,0,1
3337520,69309,1,0,1
1200624,69310,1,0,1
1773824,69311,1,1,0
5952744,69312,1,1,0
3035512,69313,1,0,1
2518152,69314,1,0,1
1185784,69315,1,1,0
1540856,69316,1,1,0
1545736,69317,1,0,1
3533640,69318,1,1,0
1594264,69319,1,1,0
588272,69320,1,0,1
8211112,69321,1,1,0
1722608,69322,1,0,1
7218312,69323,1,0,1
5070504,69324,1,1,0
653128,69325,1,0,1
6479472,69326,1,0,1
1785032,69327,1,0,1
3151384,69328,1,1,0
683176,69329,1,1,0
7251560,69330,1,0,1
177096,69331,1,1,0
2679584,69332,1,1,0
3786272,69333,1,0,1
416288,69334,1,1,0
716200,69335,1,0,1
8078360,69336,1,1,0
422696,69337,1,0,1
6177240,69338,1,0,1
891608,69339,1,1,0
4323768,69340,1,1,0
454808,69341,1,1,0
489800,69342,1,0,1
4190808,69343,1,0,1
6486248,69344,1,1,0
558752,69345,1,0,1
914600,69346,1,0,1
634104,69347,1,0,1
2154160,69348,1,0,1
3574992,69349,1,1,0
4330960,69350,1,0,1
4828032,69351,1,0,1
953216,69352,1,0,1
5508896,69353,1,1,0
859680,69354,1,0,1
1029200,69355,1,0,1
3330464,69356,1,0,1
3733744,69357,1,1,0
4448976,69358,1,0,1
2256584,69359,1,1,0
4694040,69360,1,0,1
1126432,69361,1,0,1
428792,69362,1,0,1
3174224,69363,1,0,1
519064,69364,1,0,1
1918144,69365,1,0,1
675032,69366,1,0,1
4477176,69367,1,1,0
582016,69368,1,1,0
1047104,69369,1,0,1
974728,69370,1,0,1
152064,69371,1,0,1
1607120,69372,1,0,1
1238696,69373,1,1,0
2015672,69374,1,0,1
871512,69375,1,1,0
1320216,69376,1,1,0
596248,69377,1,0,1
5750856,69378,1,0,1
662384,69379,1,0,1
4173528,69380,1,0,1
528776,69381,1,0,1
2881544,69382,1,1,0
252064,69383,1,0,1
6977896,69384,1,0,1
5675584,69385,1,0,1
1616336,69386,1,1,0
4645056,69387,1,0,1
5309712,69388,1,0,1
3038096,69389,1,0,1
1957152,69390,1,0,1
1840944,69391,1,0,1
6561320,69392,1,0,1
511672,69393,1,0,1
196920,69394,1,0,1
2485416,69395,1,1,0
2857824,69396,1,1,0
3406000,69397,1,0,1
1744312,69398,1,1,0
2165224,69399,1,0,1
4803264,69400,1,0,1
508520,69401,1,0,1
386120,69402,1,0,1
271528,69403,1,1,0
2049808,69404,1,0,1
5768416,69405,1,1,0
4788896,69406,1,1,0
153936,69407,1,0,1
4195152,69408,1,0,1
6130768,69409,1,0,1
2687304,69410,1,1,0
3557408,69411,1,1,0
4829424,69412,1,1,0
5321800,69413,1,1,0
279976,69414,1,1,0
4691072,69415,1,1,0
2910528,69416,1,0,1
478424,69417,1,0,1
5567624,69418,1,1,0
653864,69419,1,1,0
279144,69420,1,1,0
626864,69421,1,0,1
3827568,69422,1,0,1
1176112,69423,1,0,1
1339472,69424,1,1,0
4707568,69425,1,1,0
554248,69426,1,1,0
7018728,69427,1,1,0
2150544,69428,1,0,1
993960,69429,1,1,0
2158088,69430,1,0,1
1972832,69431,1,1,0
826176,69432,1,1,0
414600,69433,1,0,1
408968,69434,1,1,0
415104,69435,1,1,0
4038432,69436,1,1,0
5549040,69437,1,1,0
609768,69438,1,1,0
6144496,69439,1,1,0
4118552,69440,1,0,1
3906112,69441,1,0,1
567016,69442,1,1,0
5167888,69443,1,0,1
3409376,69444,1,0,1
7033840,69445,1,1,0
2124296,69446,1,0,1
2075456,69447,1,1,0
290544,69448,1,0,1
2866080,69449,1,0,1
4493176,69450,1,1,0
3683200,69451,1,0,1
4510824,69452,1,0,1
426488,69453,1,1,0
1669344,69454,1,0,1
4955288,69455,1,1,0
3462872,69456,1,1,0
1947736,69457,1,0,1
759000,69458,1,0,1
465944,69459,1,0,1
2661568,69460,1,0,1
5611312,69461,1,1,0
2241496,69462,1,0,1
8178856,69463,1,0,1
4157048,69464,1,0,1
1718272,69465,1,1,0
7573008,69466,1,1,0
3084144,69467,1,0,1
3829584,69468,1,0,1
287664,69469,1,0,1
574696,69470,1,0,1
835648,69471,1,1,0
1210568,69472,1,1,0
289696,69473,1,0,1
5742992,69474,1,0,1
94048,69475,1,1,0
6502232,69476,1,0,1
6673144,69477,1,1,0
2023376,69478,1,1,0
4591568,69479,1,0,1
5056248,69480,1,1,0
2469848,69481,1,0,1
6037608,69482,1,0,1
267992,69483,1,0,1
2091256,69484,1,0,1
2166448,69485,1,1,0
714352,69486,1,1,0
6518024,69487,1,1,0
5095232,69488,1,0,1
1173240,69489,1,1,0
3208032,69490,1,1,0
6459424,69491,1,0,1
1214272,69492,1,0,1
6986272,69493,1,0,1
352184,69494,1,1,0
836736,69495,1,1,0
638832,69496,1,0,1
1326520,69497,1,1,0
887696,69498,1,0,1
894688,69499,1,0,1
7858152,69500,1,0,1
3422872,69501,1,1,0
7474144,69502,1,0,1
3730032,69503,1,1,0
5000280,69504,1,0,1
373384,69505,1,1,0
2301504,69506,1,0,1
2015464,69507,1,0,1
1300208,69508,1,1,0
178952,69509,1,1,0
921760,69510,1,0,1
1984136,69511,1,0,1
1916600,69512,1,0,1
444672,69513,1,1,0
4144536,69514,1,0,1
1275224,69515,1,1,0
161616,69516,1,0,1
1414568,69517,1,1,0
1196656,69518,1,1,0
3383488,69519,1,1,0
5467416,69520,1,0,1
7820648,69521,1,1,0
2001352,69522,1,1,0
1018912,69523,1,0,1
824544,69524,1,0,1
930256,69525,1,1,0
4723848,69526,1,0,1
1172840,69527,1,1,0
731856,69528,1,0,1
5629600,69529,1,0,1
2401232,69530,1,0,1
5596112,69531,1,1,0
1034744,69532,1,1,0
7873784,69533,1,1,0
4630856,69534,1,1,0
2033960,69535,1,1,0
5269504,69536,1,1,0
3397112,69537,1,1,0
1223504,69538,1,0,1
517464,69539,1,0,1
236536,69540,1,0,1
1351440,69541,1,1,0
2303080,69542,1,0,1
505464,69543,1,0,1
244840,69544,1,1,0
1482744,69545,1,0,1
386864,69546,1,1,0
2113120,69547,1,1,0
7169424,69548,1,0,1
3384992,69549,1,1,0
1634928,69550,1,0,1
1939216,69551,1,0,1
462440,69552,1,1,0
769496,69553,1,0,1
4539816,69554,1,1,0
523056,69555,1,0,1
1255224,69556,1,1,0
251136,69557,1,1,0
178312,69558,1,0,1
3321728,69559,1,0,1
520832,69560,1,0,1
4552936,69561,1,0,1
936728,69562,1,1,0
4102352,69563,1,0,1
3739080,69564,1,1,0
6408832,69565,1,1,0
3368952,69566,1,1,0
2337608,69567,1,1,0
6595288,69568,1,1,0
1749112,69569,1,0,1
2698408,69570,1,1,0
966896,69571,1,0,1
3477416,69572,1,1,0
1047800,69573,1,0,1
282256,69574,1,1,0
4338032,69575,1,0,1
6392392,69576,1,0,1
5888264,69577,1,1,0
6930648,69578,1,0,1
1047568,69579,1,0,1
956288,69580,1,0,1
153528,69581,1,1,0
1776136,69582,1,1,0
554696,69583,1,0,1
5338808,69584,1,1,0
6405080,69585,1,0,1
289480,69586,1,0,1
1958008,69587,1,1,0
1311144,69588,1,1,0
3229768,69589,1,0,1
515712,69590,1,1,0
1337176,69591,1,1,0
5513296,69592,1,1,0
8067168,69593,1,0,1
2137424,69594,1,1,0
2307856,69595,1,1,0
1425872,69596,1,0,1
5740400,69597,1,0,1
3805200,69598,1,1,0
428736,69599,1,0,1
7586176,69600,1,1,0
445632,69601,1,0,1
3431120,69602,1,0,1
3381216,69603,1,1,0
595224,69604,1,1,0
180520,69605,1,0,1
4865328,69606,1,0,1
4306400,69607,1,1,0
3542216,69608,1,0,1
1321208,69609,1,1,0
1391128,69610,1,1,0
1057672,69611,1,0,1
4724552,69612,1,1,0
3361736,69613,1,1,0
1730864,69614,1,1,0
1353760,69615,1,1,0
579536,69616,1,0,1
225528,69617,1,0,1
477736,69618,1,1,0
639824,69619,1,0,1
228360,69620,1,0,1
3573024,69621,1,1,0
933376,69622,1,1,0
114824,69623,1,0,1
2559192,69624,1,1,0
3031064,69625,1,0,1
2480232,69626,1,1,0
4404088,69627,1,1,0
7441768,69628,1,0,1
6032512,69629,1,0,1
6482648,69630,1,0,1
5978400,69631,1,0,1
582176,69632,1,0,1
6208480,69633,1,0,1
868984,69634,1,0,1
669808,69635,1,0,1
755344,69636,1,1,0
5131704,69637,1,1,0
1176392,69638,1,0,1
7704392,69639,1,1,0
5233752,69640,1,1,0
4123784,69641,1,1,0
6853016,69642,1,1,0
1323976,69643,1,0,1
667424,69644,1,0,1
2087200,69645,1,0,1
522304,69646,1,0,1
2268656,69647,1,1,0
775544,69648,1,1,0
5504288,69649,1,0,1
1651632,69650,1,1,0
3553224,69651,1,0,1
895528,69652,1,0,1
604192,69653,1,1,0
4694760,69654,1,0,1
601488,69655,1,1,0
2909888,69656,1,1,0
2582968,69657,1,1,0
514336,69658,1,0,1
3054360,69659,1,0,1
1939048,69660,1,0,1
1129768,69661,1,0,1
2688912,69662,1,1,0
1696744,69663,1,0,1
930728,69664,1,1,0
373608,69665,1,0,1
3904528,69666,1,0,1
8009008,69667,1,1,0
1951312,69668,1,0,1
3147552,69669,1,0,1
3641528,69670,1,1,0
1577176,69671,1,0,1
1169840,69672,1,0,1
1509272,69673,1,0,1
1105680,69674,1,1,0
2005264,69675,1,0,1
4471016,69676,1,1,0
487424,69677,1,1,0
3790184,69678,1,0,1
7713824,69679,1,0,1
4823616,69680,1,1,0
184744,69681,1,0,1
2921720,69682,1,0,1
209784,69683,1,1,0
1869760,69684,1,0,1
5901696,69685,1,0,1
2028232,69686,1,0,1
7261992,69687,1,1,0
1599096,69688,1,1,0
1559448,69689,1,1,0
1483160,69690,1,0,1
732592,69691,1,0,1
1385736,69692,1,1,0
268736,69693,1,1,0
1322792,69694,1,1,0
6448152,69695,1,0,1
3266992,69696,1,0,1
547616,69697,1,1,0
4682376,69698,1,1,0
193424,69699,1,0,1
3504400,69700,1,0,1
7185176,69701,1,0,1
7640272,69702,1,0,1
3032520,69703,1,0,1
7979208,69704,1,1,0
5381360,69705,1,0,1
5569208,69706,1,0,1
680280,69707,1,0,1
3803128,69708,1,1,0
472448,69709,1,1,0
8020848,69710,1,1,0
5676880,69711,1,1,0
929584,69712,1,0,1
696760,69713,1,0,1
1532800,69714,1,0,1
625888,69715,1,0,1
1155240,69716,1,0,1
2966696,69717,1,0,1
7673008,69718,1,1,0
1024048,69719,1,1,0
829408,69720,1,1,0
4922512,69721,1,0,1
3474712,69722,1,1,0
5750416,69723,1,0,1
1423816,69724,1,0,1
2202264,69725,1,0,1
4788464,69726,1,1,0
3028368,69727,1,1,0
5063544,69728,1,1,0
414536,69729,1,0,1
678192,69730,1,1,0
1703320,69731,1,0,1
2581304,69732,1,1,0
234032,69733,1,0,1
2399016,69734,1,1,0
5243864,69735,1,1,0
346736,69736,1,0,1
155928,69737,1,1,0
7478528,69738,1,1,0
4803024,69739,1,0,1
5408240,69740,1,0,1
628400,69741,1,1,0
1211528,69742,1,0,1
3405976,69743,1,1,0
972192,69744,1,1,0
4606224,69745,1,0,1
5586592,69746,1,0,1
2286128,69747,1,1,0
1443176,69748,1,0,1
551840,69749,1,1,0
1593344,69750,1,1,0
1310872,69751,1,1,0
6693784,69752,1,1,0
490608,69753,1,0,1
717136,69754,1,1,0
380080,69755,1,1,0
5611120,69756,1,1,0
1206496,69757,1,0,1
3448056,69758,1,0,1
3155128,69759,1,0,1
3025216,69760,1,0,1
5842112,69761,1,1,0
1268856,69762,1,1,0
279256,69763,1,1,0
758304,69764,1,0,1
2668768,69765,1,0,1
411072,69766,1,1,0
1148792,69767,1,1,0
1412272,69768,1,0,1
6263448,69769,1,1,0
1158104,69770,1,1,0
6115616,69771,1,0,1
386064,69772,1,1,0
818584,69773,1,0,1
3583928,69774,1,1,0
7643000,69775,1,0,1
5928304,69776,1,1,0
2333064,69777,1,0,1
100960,69778,1,1,0
3711888,69779,1,0,1
1622880,69780,1,0,1
2189224,69781,1,1,0
3335016,69782,1,1,0
3206912,69783,1,0,1
4127680,69784,1,1,0
181600,69785,1,0,1
6039320,69786,1,0,1
7388888,69787,1,1,0
1015360,69788,1,1,0
5487944,69789,1,1,0
236472,69790,1,0,1
4472920,69791,1,1,0
2122304,69792,1,0,1
7470200,69793,1,1,0
6034976,69794,1,0,1
2389072,69795,1,1,0
4946592,69796,1,1,0
335656,69797,1,1,0
6361792,69798,1,0,1
2394328,69799,1,1,0
2053296,69800,1,1,0
2643720,69801,1,0,1
7065968,69802,1,0,1
125304,69803,1,1,0
3398072,69804,1,0,1
427760,69805,1,0,1
214336,69806,1,0,1
2261496,69807,1,1,0
3151904,69808,1,1,0
4653184,69809,1,0,1
672048,69810,1,0,1
4199984,69811,1,0,1
1306168,69812,1,0,1
2265912,69813,1,1,0
747624,69814,1,1,0
3319152,69815,1,1,0
466488,69816,1,1,0
2844368,69817,1,0,1
2341232,69818,1,0,1
1040616,69819,1,1,0
549528,69820,1,1,0
4126656,69821,1,0,1
2040640,69822,1,1,0
765280,69823,1,0,1
724936,69824,1,0,1
832248,69825,1,0,1
4417768,69826,1,1,0
556536,69827,1,0,1
3039912,69828,1,0,1
5282536,69829,1,0,1
6450344,69830,1,0,1
1245400,69831,1,1,0
852488,69832,1,0,1
3366616,69833,1,0,1
859728,69834,1,0,1
5740128,69835,1,1,0
1573048,69836,1,1,0
1261840,69837,1,0,1
1328848,69838,1,1,0
2142432,69839,1,0,1
7107232,69840,1,1,0
542824,69841,1,0,1
3055104,69842,1,1,0
198352,69843,1,0,1
985864,69844,1,0,1
918664,69845,1,1,0
6357032,69846,1,0,1
1932616,69847,1,1,0
5379024,69848,1,1,0
2890976,69849,1,0,1
7449984,69850,1,1,0
2509944,69851,1,1,0
2059192,69852,1,0,1
2569576,69853,1,1,0
1032144,69854,1,0,1
719104,69855,1,1,0
614336,69856,1,1,0
3141288,69857,1,0,1
813848,69858,1,1,0
1087488,69859,1,1,0
4985232,69860,1,1,0
442224,69861,1,0,1
144056,69862,1,1,0
339760,69863,1,1,0
2246360,69864,1,0,1
2765952,69865,1,0,1
316256,69866,1,1,0
4498072,69867,1,0,1
752856,69868,1,0,1
2145656,69869,1,0,1
782672,69870,1,1,0
2509776,69871,1,0,1
6045704,69872,1,0,1
860320,69873,1,1,0
2077816,69874,1,0,1
2634128,69875,1,0,1
2356456,69876,1,1,0
6016160,69877,1,1,0
5720800,69878,1,0,1
1564256,69879,1,1,0
366200,69880,1,0,1
1905552,69881,1,0,1
2159240,69882,1,1,0
426752,69883,1,1,0
7687344,69884,1,1,0
1162728,69885,1,1,0
1100056,69886,1,1,0
262464,69887,1,1,0
809152,69888,1,1,0
3345496,69889,1,1,0
5887984,69890,1,1,0
959024,69891,1,1,0
520768,69892,1,1,0
292064,69893,1,1,0
7174872,69894,1,1,0
8177720,69895,1,0,1
1403616,69896,1,0,1
1943544,69897,1,1,0
8103112,69898,1,1,0
940384,69899,1,1,0
1907448,69900,1,1,0
1083560,69901,1,1,0
2221336,69902,1,1,0
809144,69903,1,1,0
4534208,69904,1,1,0
554224,69905,1,0,1
1187504,69906,1,0,1
1083512,69907,1,1,0
3514536,69908,1,1,0
5139680,69909,1,1,0
1982664,69910,1,0,1
2251064,69911,1,0,1
3711960,69912,1,0,1
7352232,69913,1,0,1
1593360,69914,1,1,0
1478560,69915,1,1,0
3174888,69916,1,0,1
1893968,69917,1,1,0
5866936,69918,1,0,1
234024,69919,1,1,0
3635112,69920,1,0,1
1420912,69921,1,0,1
2732608,69922,1,1,0
3447464,69923,1,1,0
4517216,69924,1,1,0
3436424,69925,1,1,0
3428712,69926,1,0,1
3870832,69927,1,1,0
4836496,69928,1,1,0
4325824,69929,1,0,1
5365408,69930,1,0,1
572816,69931,1,0,1
1539256,69932,1,0,1
3227600,69933,1,0,1
3696184,69934,1,1,0
2713768,69935,1,1,0
3240560,69936,1,0,1
6290352,69937,1,1,0
2350392,69938,1,1,0
837536,69939,1,1,0
6038536,69940,1,0,1
4086912,69941,1,1,0
2765064,69942,1,0,1
3359152,69943,1,0,1
1100392,69944,1,0,1
775016,69945,1,1,0
4609528,69946,1,1,0
1127464,69947,1,0,1
2488312,69948,1,1,0
2978856,69949,1,0,1
1372200,69950,1,1,0
5696760,69951,1,0,1
4039432,69952,1,0,1
1046944,69953,1,0,1
1196688,69954,1,0,1
236640,69955,1,0,1
1186248,69956,1,1,0
6649624,69957,1,0,1
4776824,69958,1,1,0
3493896,69959,1,0,1
2215064,69960,1,1,0
1881832,69961,1,1,0
199368,69962,1,1,0
1856760,69963,1,1,0
519008,69964,1,1,0
421552,69965,1,1,0
1545448,69966,1,1,0
7650304,69967,1,1,0
2408408,69968,1,1,0
1012296,69969,1,1,0
889536,69970,1,1,0
1886776,69971,1,1,0
3580704,69972,1,1,0
1123376,69973,1,1,0
2484624,69974,1,1,0
6302928,69975,1,1,0
3615344,69976,1,0,1
2638272,69977,1,1,0
4094456,69978,1,1,0
973968,69979,1,1,0
7956720,69980,1,1,0
658392,69981,1,0,1
5129872,69982,1,0,1
7764024,69983,1,1,0
738400,69984,1,1,0
166728,69985,1,0,1
400928,69986,1,1,0
1077080,69987,1,0,1
1296592,69988,1,0,1
2986992,69989,1,0,1
431728,69990,1,0,1
4857560,69991,1,0,1
419096,69992,1,0,1
3430768,69993,1,1,0
5000056,69994,1,0,1
3134328,69995,1,1,0
7499672,69996,1,0,1
1668680,69997,1,0,1
3756040,69998,1,0,1
323688,69999,1,1,0
5682528,70000,1,0,1
2333216,70001,1,0,1
7826624,70002,1,0,1
1954064,70003,1,0,1
272552,70004,1,0,1
1877120,70005,1,1,0
2494544,70006,1,0,1
471696,70007,1,0,1
1129104,70008,1,0,1
3001808,70009,1,0,1
1233304,70010,1,1,0
8018616,70011,1,0,1
5584888,70012,1,0,1
543000,70013,1,0,1
1536216,70014,1,0,1
605080,70015,1,1,0
2661112,70016,1,0,1
640592,70017,1,0,1
1622896,70018,1,0,1
1195608,70019,1,0,1
351744,70020,1,0,1
7874144,70021,1,1,0
750832,70022,1,0,1
1974464,70023,1,0,1
2500280,70024,1,0,1
353840,70025,1,0,1
5982096,70026,1,0,1
1010232,70027,1,0,1
5678280,70028,1,1,0
3139472,70029,1,1,0
5451320,70030,1,1,0
398984,70031,1,0,1
783216,70032,1,0,1
840640,70033,1,0,1
7487072,70034,1,1,0
1767552,70035,1,1,0
760624,70036,1,0,1
185184,70037,1,1,0
1602192,70038,1,0,1
845128,70039,1,0,1
3323328,70040,1,1,0
6494496,70041,1,0,1
1664568,70042,1,0,1
853280,70043,1,0,1
172032,70044,1,1,0
3657680,70045,1,0,1
1209728,70046,1,1,0
1859608,70047,1,1,0
3687072,70048,1,0,1
5366720,70049,1,1,0
1555600,70050,1,0,1
5234056,70051,1,1,0
521984,70052,1,1,0
662288,70053,1,0,1
3424032,70054,1,0,1
7382744,70055,1,0,1
4668216,70056,1,0,1
2222840,70057,1,0,1
6408584,70058,1,1,0
3733328,70059,1,0,1
3009744,70060,1,1,0
1690632,70061,1,1,0
1441440,70062,1,0,1
1074560,70063,1,1,0
3755696,70064,1,0,1
7851328,70065,1,1,0
1857088,70066,1,0,1
645064,70067,1,1,0
433464,70068,1,0,1
1305072,70069,1,0,1
3090728,70070,1,0,1
1022480,70071,1,1,0
1014736,70072,1,1,0
524960,70073,1,0,1
320304,70074,1,0,1
1262344,70075,1,1,0
224312,70076,1,1,0
2565704,70077,1,0,1
1643184,70078,1,1,0
2585720,70079,1,1,0
2206808,70080,1,0,1
654928,70081,1,0,1
3969928,70082,1,1,0
4881040,70083,1,0,1
976304,70084,1,1,0
1268528,70085,1,0,1
5151040,70086,1,1,0
5814032,70087,1,1,0
2144368,70088,1,1,0
4013320,70089,1,1,0
2655400,70090,1,1,0
179808,70091,1,0,1
7637216,70092,1,1,0
2411136,70093,1,1,0
1109512,70094,1,1,0
4424200,70095,1,0,1
2332496,70096,1,0,1
5024224,70097,1,1,0
1478000,70098,1,1,0
1101008,70099,1,1,0
2951040,70100,1,1,0
2770120,70101,1,0,1
5026832,70102,1,1,0
1606928,70103,1,1,0
114664,70104,1,1,0
1230896,70105,1,1,0
274536,70106,1,0,1
70360,70107,1,1,0
6472288,70108,1,1,0
4084840,70109,1,1,0
421832,70110,1,0,1
950296,70111,1,0,1
1219408,70112,1,1,0
4359520,70113,1,1,0
2376552,70114,1,1,0
1715184,70115,1,0,1
385624,70116,1,0,1
8317304,70117,1,1,0
4447560,70118,1,1,0
1957032,70119,1,0,1
2094200,70120,1,0,1
495024,70121,1,0,1
3962600,70122,1,1,0
7550616,70123,1,0,1
1285464,70124,1,1,0
7315960,70125,1,1,0
7341912,70126,1,0,1
2309016,70127,1,1,0
1665240,70128,1,1,0
787840,70129,1,1,0
1270424,70130,1,1,0
602720,70131,1,0,1
2971048,70132,1,1,0
506024,70133,1,1,0
258568,70134,1,0,1
2921072,70135,1,1,0
1879784,70136,1,0,1
245080,70137,1,1,0
288640,70138,1,0,1
1921384,70139,1,1,0
2755648,70140,1,0,1
574496,70141,1,0,1
183968,70142,1,0,1
2205904,70143,1,0,1
4223688,70144,1,0,1
6548288,70145,1,1,0
2984520,70146,1,0,1
5636472,70147,1,0,1
3890344,70148,1,0,1
7518592,70149,1,0,1
6740056,70150,1,0,1
4326896,70151,1,0,1
355040,70152,1,1,0
4562232,70153,1,0,1
5882352,70154,1,1,0
5763144,70155,1,0,1
851752,70156,1,1,0
825432,70157,1,0,1
538024,70158,1,1,0
279600,70159,1,0,1
2766512,70160,1,1,0
7196112,70161,1,1,0
5598208,70162,1,1,0
1622520,70163,1,0,1
207272,70164,1,1,0
6902312,70165,1,1,0
4338568,70166,1,1,0
3400144,70167,1,1,0
5588416,70168,1,1,0
3295920,70169,1,0,1
7146664,70170,1,1,0
736072,70171,1,0,1
7849144,70172,1,0,1
626584,70173,1,0,1
514840,70174,1,1,0
442336,70175,1,1,0
7649976,70176,1,1,0
2874760,70177,1,1,0
3736224,70178,1,1,0
5567464,70179,1,0,1
721264,70180,1,1,0
1082440,70181,1,1,0
238208,70182,1,1,0
7174192,70183,1,1,0
338752,70184,1,1,0
843984,70185,1,0,1
270624,70186,1,1,0
2445400,70187,1,1,0
129128,70188,1,1,0
2629976,70189,1,1,0
407200,70190,1,0,1
8070096,70191,1,1,0
2473784,70192,1,0,1
500056,70193,1,0,1
3699512,70194,1,0,1
6484288,70195,1,0,1
789256,70196,1,0,1
349000,70197,1,1,0
680160,70198,1,0,1
2239152,70199,1,0,1
2794152,70200,1,0,1
8012568,70201,1,1,0
1001656,70202,1,0,1
2003320,70203,1,1,0
2134736,70204,1,0,1
205064,70205,1,0,1
605736,70206,1,1,0
218216,70207,1,0,1
4862104,70208,1,0,1
6878072,70209,1,0,1
920328,70210,1,1,0
2563128,70211,1,0,1
5496024,70212,1,1,0
3372168,70213,1,0,1
645112,70214,1,1,0
3364728,70215,1,0,1
863480,70216,1,1,0
1659064,70217,1,1,0
8308664,70218,1,1,0
1665488,70219,1,1,0
3276224,70220,1,1,0
4579728,70221,1,1,0
1063008,70222,1,0,1
227872,70223,1,0,1
3649896,70224,1,0,1
423368,70225,1,1,0
7342944,70226,1,0,1
416392,70227,1,1,0
5225712,70228,1,1,0
916464,70229,1,1,0
893272,70230,1,1,0
5488728,70231,1,0,1
3531648,70232,1,1,0
461664,70233,1,0,1
259320,70234,1,1,0
1386576,70235,1,1,0
1297072,70236,1,0,1
1712584,70237,1,0,1
869000,70238,1,0,1
6764808,70239,1,1,0
3711040,70240,1,1,0
5712944,70241,1,1,0
2864816,70242,1,0,1
1916480,70243,1,0,1
6274840,70244,1,0,1
173368,70245,1,1,0
1396672,70246,1,0,1
6119416,70247,1,1,0
3708040,70248,1,0,1
3080320,70249,1,0,1
4015152,70250,1,1,0
1499120,70251,1,0,1
436184,70252,1,1,0
1725672,70253,1,0,1
6287152,70254,1,1,0
2449352,70255,1,0,1
3799016,70256,1,1,0
1187792,70257,1,0,1
6341472,70258,1,1,0
8335792,70259,1,0,1
2110256,70260,1,1,0
1429864,70261,1,0,1
345264,70262,1,0,1
56840,70263,1,0,1
6173792,70264,1,1,0
8383808,70265,1,0,1
3927528,70266,1,1,0
6882952,70267,1,0,1
2108416,70268,1,1,0
8246296,70269,1,0,1
1406392,70270,1,0,1
3749016,70271,1,1,0
2205040,70272,1,1,0
1530320,70273,1,1,0
2770904,70274,1,1,0
2082344,70275,1,1,0
1031152,70276,1,0,1
3904336,70277,1,0,1
3989176,70278,1,1,0
4824832,70279,1,1,0
2577560,70280,1,1,0
1168024,70281,1,0,1
1187776,70282,1,1,0
2663744,70283,1,1,0
773176,70284,1,1,0
1938424,70285,1,1,0
1054424,70286,1,0,1
3721848,70287,1,1,0
5625728,70288,1,0,1
4163304,70289,1,0,1
1100344,70290,1,0,1
2669632,70291,1,0,1
919576,70292,1,1,0
837896,70293,1,1,0
844040,70294,1,0,1
1319072,70295,1,0,1
2015480,70296,1,1,0
761448,70297,1,1,0
155256,70298,1,0,1
252464,70299,1,0,1
251592,70300,1,0,1
2037456,70301,1,1,0
3223368,70302,1,0,1
5247968,70303,1,0,1
656280,70304,1,0,1
4781496,70305,1,0,1
3220352,70306,1,1,0
529512,70307,1,0,1
366696,70308,1,0,1
1878168,70309,1,1,0
4195280,70310,1,0,1
4650560,70311,1,1,0
5623792,70312,1,0,1
5694616,70313,1,0,1
1529960,70314,1,1,0
6908600,70315,1,0,1
2925032,70316,1,1,0
503368,70317,1,0,1
1279776,70318,1,1,0
3377288,70319,1,0,1
1860872,70320,1,1,0
666496,70321,1,1,0
707640,70322,1,1,0
5209616,70323,1,1,0
2713584,70324,1,1,0
435664,70325,1,1,0
2986752,70326,1,0,1
2166600,70327,1,1,0
890384,70328,1,1,0
2899328,70329,1,0,1
3275344,70330,1,0,1
5957944,70331,1,0,1
704000,70332,1,1,0
1773520,70333,1,0,1
351696,70334,1,0,1
99856,70335,1,0,1
7601752,70336,1,1,0
392816,70337,1,1,0
2318408,70338,1,0,1
3767104,70339,1,0,1
3113680,70340,1,1,0
6566592,70341,1,1,0
2400584,70342,1,1,0
3860944,70343,1,1,0
846384,70344,1,0,1
2687728,70345,1,1,0
3832944,70346,1,0,1
406864,70347,1,0,1
2510000,70348,1,0,1
1081792,70349,1,0,1
5580808,70350,1,1,0
1861744,70351,1,0,1
1948312,70352,1,0,1
2962448,70353,1,1,0
1692912,70354,1,1,0
1790888,70355,1,1,0
546896,70356,1,1,0
423320,70357,1,0,1
2439992,70358,1,0,1
5021384,70359,1,0,1
156704,70360,1,0,1
862248,70361,1,0,1
7210512,70362,1,1,0
56504,70363,1,0,1
2301512,70364,1,1,0
1077136,70365,1,0,1
4405688,70366,1,0,1
4029592,70367,1,0,1
520632,70368,1,0,1
1822296,70369,1,0,1
1080608,70370,1,1,0
5334824,70371,1,1,0
2726800,70372,1,1,0
2498104,70373,1,1,0
913176,70374,1,0,1
2735624,70375,1,1,0
4393304,70376,1,0,1
197696,70377,1,1,0
6250144,70378,1,0,1
543680,70379,1,1,0
1116664,70380,1,0,1
674920,70381,1,1,0
300632,70382,1,0,1
410024,70383,1,0,1
553840,70384,1,0,1
1342064,70385,1,1,0
3494064,70386,1,0,1
1678408,70387,1,1,0
3250944,70388,1,1,0
1479624,70389,1,1,0
3389304,70390,1,1,0
905304,70391,1,1,0
3724976,70392,1,1,0
5700496,70393,1,0,1
6462992,70394,1,1,0
5253104,70395,1,1,0
6054928,70396,1,0,1
85344,70397,1,1,0
2355496,70398,1,0,1
465424,70399,1,0,1
513632,70400,1,0,1
4200840,70401,1,1,0
6446488,70402,1,0,1
4328720,70403,1,0,1
866384,70404,1,0,1
268848,70405,1,0,1
2037392,70406,1,1,0
138696,70407,1,0,1
378864,70408,1,1,0
688712,70409,1,0,1
3264728,70410,1,1,0
1475016,70411,1,0,1
7147584,70412,1,0,1
1451536,70413,1,0,1
7621240,70414,1,1,0
2812056,70415,1,0,1
165960,70416,1,0,1
1348568,70417,1,1,0
4788248,70418,1,0,1
5630872,70419,1,0,1
110584,70420,1,0,1
1195184,70421,1,1,0
1096552,70422,1,1,0
2318736,70423,1,1,0
1765016,70424,1,1,0
2565264,70425,1,0,1
4830720,70426,1,1,0
498264,70427,1,0,1
1717504,70428,1,1,0
4940888,70429,1,0,1
4403032,70430,1,0,1
1120368,70431,1,1,0
7730368,70432,1,0,1
2788392,70433,1,1,0
5810800,70434,1,1,0
453024,70435,1,1,0
942240,70436,1,0,1
1486920,70437,1,0,1
2324032,70438,1,0,1
2310384,70439,1,1,0
1388832,70440,1,0,1
211136,70441,1,0,1
583400,70442,1,1,0
980680,70443,1,1,0
3461720,70444,1,1,0
4695032,70445,1,1,0
3997840,70446,1,0,1
6025280,70447,1,1,0
610576,70448,1,1,0
6761344,70449,1,1,0
6791712,70450,1,1,0
5267104,70451,1,1,0
2771240,70452,1,1,0
595192,70453,1,1,0
3094408,70454,1,1,0
982296,70455,1,0,1
1310152,70456,1,1,0
1981752,70457,1,0,1
2430816,70458,1,0,1
590016,70459,1,1,0
7452384,70460,1,1,0
4710744,70461,1,1,0
1057616,70462,1,0,1
2408024,70463,1,0,1
1655632,70464,1,1,0
4494104,70465,1,0,1
857880,70466,1,1,0
1686848,70467,1,1,0
1983064,70468,1,1,0
2487248,70469,1,1,0
7058320,70470,1,0,1
5995648,70471,1,1,0
5020256,70472,1,1,0
1026864,70473,1,1,0
358168,70474,1,1,0
1757560,70475,1,1,0
2165936,70476,1,0,1
7440736,70477,1,0,1
286048,70478,1,1,0
4325600,70479,1,0,1
447568,70480,1,1,0
1015024,70481,1,0,1
3847448,70482,1,0,1
6069464,70483,1,0,1
507680,70484,1,1,0
914040,70485,1,1,0
6578624,70486,1,1,0
3393024,70487,1,1,0
7482432,70488,1,1,0
611152,70489,1,0,1
3446128,70490,1,0,1
8298432,70491,1,1,0
951872,70492,1,1,0
2164296,70493,1,0,1
950000,70494,1,1,0
3162400,70495,1,1,0
5050856,70496,1,0,1
2180192,70497,1,0,1
7843320,70498,1,1,0
607312,70499,1,1,0
566104,70500,1,1,0
6600840,70501,1,0,1
408216,70502,1,0,1
1683680,70503,1,0,1
1598288,70504,1,0,1
972448,70505,1,1,0
5065248,70506,1,0,1
5464152,70507,1,0,1
2146048,70508,1,1,0
5475464,70509,1,0,1
2445960,70510,1,1,0
4241480,70511,1,0,1
524640,70512,1,0,1
329840,70513,1,1,0
6207608,70514,1,0,1
6710800,70515,1,1,0
4353536,70516,1,1,0
7071624,70517,1,1,0
458776,70518,1,1,0
1044224,70519,1,0,1
6211272,70520,1,0,1
669992,70521,1,1,0
6277136,70522,1,0,1
499384,70523,1,0,1
1336512,70524,1,1,0
4653800,70525,1,0,1
2057872,70526,1,0,1
7442248,70527,1,0,1
1889360,70528,1,1,0
512616,70529,1,0,1
4676088,70530,1,0,1
1569768,70531,1,0,1
253728,70532,1,0,1
1243976,70533,1,1,0
7972784,70534,1,1,0
7034608,70535,1,0,1
4591768,70536,1,0,1
8298488,70537,1,1,0
1516032,70538,1,0,1
491736,70539,1,1,0
7506056,70540,1,0,1
2713648,70541,1,1,0
252432,70542,1,0,1
139440,70543,1,1,0
6961560,70544,1,1,0
3504888,70545,1,1,0
6875352,70546,1,1,0
1862944,70547,1,0,1
1295584,70548,1,0,1
864040,70549,1,1,0
2648008,70550,1,1,0
1537576,70551,1,1,0
4335568,70552,1,0,1
3422248,70553,1,0,1
1713736,70554,1,1,0
4048240,70555,1,1,0
1239160,70556,1,1,0
8333736,70557,1,0,1
3757592,70558,1,1,0
336184,70559,1,1,0
837528,70560,1,1,0
1446528,70561,1,0,1
5430200,70562,1,1,0
1149552,70563,1,1,0
5444072,70564,1,0,1
452744,70565,1,0,1
574352,70566,1,0,1
273144,70567,1,0,1
385152,70568,1,0,1
3475792,70569,1,0,1
2456680,70570,1,1,0
3443008,70571,1,0,1
1452448,70572,1,0,1
5248568,70573,1,1,0
1765456,70574,1,1,0
1972424,70575,1,0,1
1943784,70576,1,0,1
3059128,70577,1,0,1
7221312,70578,1,1,0
4511048,70579,1,0,1
2943504,70580,1,1,0
1544192,70581,1,0,1
772432,70582,1,0,1
8159568,70583,1,1,0
2727928,70584,1,1,0
5301712,70585,1,1,0
4332672,70586,1,1,0
6176616,70587,1,1,0
1268088,70588,1,0,1
6041976,70589,1,1,0
675392,70590,1,0,1
6359720,70591,1,0,1
1268544,70592,1,1,0
5271832,70593,1,0,1
414328,70594,1,1,0
355408,70595,1,0,1
1278136,70596,1,0,1
3943584,70597,1,0,1
3706080,70598,1,1,0
3504952,70599,1,1,0
1668736,70600,1,0,1
785664,70601,1,0,1
4154976,70602,1,1,0
186136,70603,1,1,0
7324144,70604,1,1,0
2143472,70605,1,1,0
1165848,70606,1,0,1
2960208,70607,1,0,1
7958056,70608,1,1,0
5080640,70609,1,0,1
7503704,70610,1,0,1
5578520,70611,1,1,0
1570000,70612,1,0,1
3078688,70613,1,0,1
5100272,70614,1,0,1
1376960,70615,1,0,1
8079304,70616,1,0,1
2831680,70617,1,1,0
1105728,70618,1,0,1
3315336,70619,1,1,0
1603080,70620,1,0,1
230160,70621,1,1,0
4746008,70622,1,1,0
4126840,70623,1,0,1
1982992,70624,1,0,1
942888,70625,1,1,0
2138008,70626,1,0,1
811344,70627,1,0,1
341008,70628,1,1,0
3308336,70629,1,1,0
3576336,70630,1,1,0
4923976,70631,1,0,1
153896,70632,1,1,0
7948640,70633,1,1,0
3796048,70634,1,0,1
180768,70635,1,0,1
3546472,70636,1,1,0
284224,70637,1,1,0
76880,70638,1,0,1
3497768,70639,1,1,0
1458544,70640,1,0,1
1528320,70641,1,0,1
2569112,70642,1,0,1
2048848,70643,1,1,0
5598368,70644,1,0,1
2558680,70645,1,0,1
397056,70646,1,1,0
1054864,70647,1,0,1
242336,70648,1,1,0
6785856,70649,1,0,1
4897608,70650,1,0,1
4329856,70651,1,1,0
415896,70652,1,0,1
1215976,70653,1,0,1
1203328,70654,1,1,0
1415376,70655,1,1,0
1974712,70656,1,0,1
6045744,70657,1,1,0
345352,70658,1,0,1
5659592,70659,1,1,0
1905624,70660,1,1,0
2052384,70661,1,1,0
430776,70662,1,1,0
2466344,70663,1,1,0
728560,70664,1,0,1
8131408,70665,1,1,0
126744,70666,1,0,1
908288,70667,1,1,0
7805568,70668,1,1,0
3340784,70669,1,0,1
469880,70670,1,0,1
2492120,70671,1,0,1
1917576,70672,1,0,1
6587248,70673,1,1,0
2308664,70674,1,1,0
4020992,70675,1,1,0
1674200,70676,1,0,1
1790096,70677,1,1,0
3623576,70678,1,1,0
149296,70679,1,0,1
1209688,70680,1,0,1
1857408,70681,1,0,1
7056912,70682,1,0,1
991320,70683,1,0,1
507488,70684,1,1,0
474384,70685,1,1,0
3522000,70686,1,0,1
617352,70687,1,0,1
821040,70688,1,0,1
2469208,70689,1,0,1
2402248,70690,1,0,1
542600,70691,1,1,0
6807376,70692,1,1,0
376360,70693,1,1,0
667144,70694,1,0,1
775072,70695,1,1,0
471632,70696,1,0,1
1374464,70697,1,1,0
512720,70698,1,0,1
2170888,70699,1,1,0
1148168,70700,1,1,0
2927136,70701,1,1,0
5610576,70702,1,1,0
3185856,70703,1,1,0
1503472,70704,1,1,0
4847328,70705,1,1,0
4350264,70706,1,1,0
5653128,70707,1,1,0
5519952,70708,1,0,1
1913832,70709,1,0,1
3893600,70710,1,1,0
1902104,70711,1,0,1
242824,70712,1,0,1
1253616,70713,1,0,1
1540400,70714,1,0,1
549872,70715,1,1,0
1046560,70716,1,0,1
6921896,70717,1,1,0
469704,70718,1,0,1
666136,70719,1,1,0
7573248,70720,1,1,0
321064,70721,1,0,1
1700128,70722,1,0,1
946592,70723,1,0,1
1356968,70724,1,1,0
2033704,70725,1,0,1
7780392,70726,1,1,0
1445712,70727,1,0,1
1867904,70728,1,1,0
2515584,70729,1,1,0
6196536,70730,1,1,0
801496,70731,1,0,1
2850160,70732,1,1,0
801872,70733,1,1,0
7180032,70734,1,0,1
1971968,70735,1,1,0
1816808,70736,1,0,1
880608,70737,1,0,1
3027648,70738,1,1,0
1362448,70739,1,0,1
996392,70740,1,0,1
1439624,70741,1,1,0
1656472,70742,1,1,0
822112,70743,1,1,0
396656,70744,1,1,0
908480,70745,1,0,1
5500472,70746,1,1,0
338872,70747,1,0,1
2219264,70748,1,0,1
4685656,70749,1,0,1
8176912,70750,1,0,1
1371344,70751,1,1,0
2449600,70752,1,1,0
3654624,70753,1,0,1
7478400,70754,1,1,0
4111720,70755,1,1,0
2438456,70756,1,0,1
2099296,70757,1,1,0
2590296,70758,1,0,1
8109352,70759,1,0,1
717272,70760,1,1,0
3681920,70761,1,0,1
241432,70762,1,0,1
4166304,70763,1,1,0
260632,70764,1,0,1
5471272,70765,1,1,0
4365880,70766,1,1,0
1401952,70767,1,1,0
1717264,70768,1,1,0
2063144,70769,1,0,1
4102480,70770,1,0,1
1528016,70771,1,1,0
1335912,70772,1,0,1
1341936,70773,1,0,1
409744,70774,1,1,0
4030960,70775,1,1,0
7612992,70776,1,1,0
538752,70777,1,1,0
6482408,70778,1,1,0
4979456,70779,1,0,1
5044520,70780,1,0,1
1650120,70781,1,1,0
5650912,70782,1,1,0
395624,70783,1,0,1
1073792,70784,1,0,1
2792600,70785,1,1,0
1515352,70786,1,0,1
3645976,70787,1,0,1
1422400,70788,1,1,0
4892456,70789,1,0,1
1099240,70790,1,1,0
1785184,70791,1,1,0
4779144,70792,1,0,1
1860888,70793,1,1,0
5055384,70794,1,1,0
1499216,70795,1,0,1
4781608,70796,1,1,0
251064,70797,1,1,0
3262064,70798,1,1,0
1027592,70799,1,1,0
1541424,70800,1,0,1
673680,70801,1,1,0
2894648,70802,1,0,1
3998488,70803,1,1,0
567480,70804,1,0,1
1098840,70805,1,1,0
149728,70806,1,0,1
3797304,70807,1,1,0
874880,70808,1,1,0
1716544,70809,1,1,0
6405288,70810,1,1,0
3803920,70811,1,1,0
2758120,70812,1,0,1
786792,70813,1,0,1
988352,70814,1,0,1
1531176,70815,1,1,0
2654272,70816,1,0,1
5729584,70817,1,0,1
6540544,70818,1,0,1
6555560,70819,1,0,1
268776,70820,1,0,1
5427064,70821,1,1,0
8061816,70822,1,1,0
625016,70823,1,1,0
7276440,70824,1,0,1
2384816,70825,1,1,0
3941688,70826,1,1,0
939216,70827,1,1,0
3902464,70828,1,1,0
1932912,70829,1,0,1
697872,70830,1,0,1
8147424,70831,1,0,1
5561712,70832,1,1,0
2024672,70833,1,0,1
6503856,70834,1,1,0
1403472,70835,1,0,1
1507408,70836,1,1,0
3324288,70837,1,0,1
4419192,70838,1,1,0
1532040,70839,1,1,0
1884736,70840,1,1,0
2891176,70841,1,1,0
1480128,70842,1,0,1
426112,70843,1,1,0
2762184,70844,1,0,1
716176,70845,1,1,0
336176,70846,1,1,0
847648,70847,1,0,1
4858352,70848,1,1,0
1255904,70849,1,0,1
647864,70850,1,0,1
1333736,70851,1,0,1
5434312,70852,1,0,1
533800,70853,1,0,1
958520,70854,1,0,1
214176,70855,1,1,0
3431312,70856,1,1,0
6529720,70857,1,1,0
851816,70858,1,0,1
1934968,70859,1,0,1
4858368,70860,1,0,1
953248,70861,1,1,0
4547976,70862,1,0,1
6890096,70863,1,0,1
1672048,70864,1,1,0
2917896,70865,1,1,0
2080272,70866,1,0,1
7328368,70867,1,0,1
3146552,70868,1,1,0
3517384,70869,1,1,0
297752,70870,1,1,0
2822696,70871,1,0,1
7317592,70872,1,1,0
2314560,70873,1,0,1
3810840,70874,1,1,0
3240712,70875,1,1,0
6900152,70876,1,1,0
1670432,70877,1,0,1
1825992,70878,1,1,0
229312,70879,1,0,1
576000,70880,1,0,1
3808032,70881,1,0,1
8011112,70882,1,0,1
7338504,70883,1,1,0
3099472,70884,1,1,0
1129144,70885,1,1,0
144120,70886,1,1,0
5250544,70887,1,1,0
401504,70888,1,0,1
1453824,70889,1,0,1
1442200,70890,1,0,1
2604312,70891,1,1,0
6986784,70892,1,0,1
6599576,70893,1,1,0
1623112,70894,1,1,0
1227992,70895,1,1,0
5543136,70896,1,1,0
8366408,70897,1,0,1
4710624,70898,1,0,1
1597768,70899,1,1,0
1426216,70900,1,1,0
5827400,70901,1,0,1
4616672,70902,1,0,1
3096968,70903,1,1,0
2336176,70904,1,0,1
3014008,70905,1,1,0
225856,70906,1,0,1
1852968,70907,1,1,0
2517880,70908,1,0,1
8179192,70909,1,0,1
2573872,70910,1,1,0
5685712,70911,1,0,1
435568,70912,1,1,0
2160800,70913,1,1,0
4469120,70914,1,0,1
4093512,70915,1,0,1
705800,70916,1,1,0
127904,70917,1,0,1
4889184,70918,1,0,1
1286040,70919,1,0,1
2253688,70920,1,1,0
374016,70921,1,1,0
1278368,70922,1,1,0
745624,70923,1,1,0
8012128,70924,1,0,1
2196760,70925,1,0,1
5916856,70926,1,0,1
711624,70927,1,1,0
809680,70928,1,0,1
187512,70929,1,0,1
5675912,70930,1,1,0
4589496,70931,1,1,0
1549632,70932,1,1,0
5455368,70933,1,1,0
5996264,70934,1,1,0
2693496,70935,1,1,0
574536,70936,1,0,1
690312,70937,1,0,1
8085240,70938,1,0,1
4125256,70939,1,1,0
798720,70940,1,1,0
219072,70941,1,0,1
2418160,70942,1,1,0
7975576,70943,1,1,0
2340352,70944,1,1,0
2599200,70945,1,0,1
7630808,70946,1,0,1
5993416,70947,1,1,0
1700224,70948,1,0,1
7080040,70949,1,1,0
1155688,70950,1,0,1
2381808,70951,1,0,1
7542424,70952,1,0,1
4851984,70953,1,0,1
2878832,70954,1,1,0
3741696,70955,1,1,0
6808136,70956,1,0,1
2369656,70957,1,0,1
5259040,70958,1,1,0
2979784,70959,1,1,0
491544,70960,1,0,1
2971496,70961,1,0,1
1524024,70962,1,0,1
1406872,70963,1,0,1
2078112,70964,1,1,0
1877160,70965,1,0,1
4816264,70966,1,0,1
3139768,70967,1,0,1
2502944,70968,1,1,0
505312,70969,1,1,0
7213784,70970,1,1,0
583840,70971,1,0,1
1400632,70972,1,1,0
750736,70973,1,1,0
1786776,70974,1,0,1
4088304,70975,1,0,1
416576,70976,1,0,1
202144,70977,1,0,1
704416,70978,1,1,0
7073784,70979,1,1,0
1510920,70980,1,1,0
5734928,70981,1,0,1
2928384,70982,1,1,0
1503960,70983,1,1,0
1751296,70984,1,0,1
3913544,70985,1,1,0
3905520,70986,1,1,0
3639856,70987,1,0,1
2063240,70988,1,0,1
3945968,70989,1,0,1
2771408,70990,1,1,0
3752336,70991,1,1,0
1656328,70992,1,0,1
695536,70993,1,1,0
3647736,70994,1,0,1
3329304,70995,1,0,1
4332104,70996,1,1,0
2903648,70997,1,1,0
827656,70998,1,1,0
6313312,70999,1,1,0
1797704,71000,1,1,0
969584,71001,1,0,1
2314936,71002,1,0,1
1205320,71003,1,1,0
3109640,71004,1,1,0
522592,71005,1,0,1
4273176,71006,1,1,0
5372032,71007,1,0,1
1173104,71008,1,0,1
7889128,71009,1,0,1
7972312,71010,1,0,1
2876848,71011,1,0,1
274784,71012,1,0,1
843312,71013,1,0,1
5414504,71014,1,1,0
955304,71015,1,0,1
8054112,71016,1,1,0
5653224,71017,1,1,0
1348312,71018,1,0,1
2681368,71019,1,0,1
1565080,71020,1,1,0
559672,71021,1,0,1
7604712,71022,1,1,0
2628672,71023,1,1,0
1698944,71024,1,1,0
1899496,71025,1,0,1
929288,71026,1,0,1
2998648,71027,1,0,1
5712104,71028,1,1,0
5594672,71029,1,1,0
1387520,71030,1,1,0
450192,71031,1,1,0
6576480,71032,1,0,1
897872,71033,1,1,0
599944,71034,1,0,1
6264688,71035,1,0,1
5762480,71036,1,1,0
6508832,71037,1,0,1
422232,71038,1,1,0
235888,71039,1,0,1
501344,71040,1,1,0
5021920,71041,1,0,1
2738880,71042,1,0,1
712832,71043,1,1,0
5803056,71044,1,0,1
3885456,71045,1,0,1
4193112,71046,1,0,1
2546024,71047,1,1,0
2540224,71048,1,0,1
7365648,71049,1,0,1
259344,71050,1,1,0
361128,71051,1,0,1
1225960,71052,1,0,1
2576784,71053,1,1,0
255688,71054,1,1,0
3307504,71055,1,0,1
3918944,71056,1,0,1
3367128,71057,1,1,0
1352328,71058,1,0,1
2683080,71059,1,0,1
2910392,71060,1,1,0
196032,71061,1,1,0
1134576,71062,1,1,0
6546736,71063,1,1,0
3242472,71064,1,1,0
6908488,71065,1,1,0
700088,71066,1,0,1
2508264,71067,1,1,0
2583520,71068,1,1,0
1947864,71069,1,0,1
4128488,71070,1,0,1
2098264,71071,1,1,0
1042728,71072,1,0,1
2833096,71073,1,0,1
278040,71074,1,0,1
1285040,71075,1,0,1
400120,71076,1,1,0
3747912,71077,1,1,0
3013040,71078,1,1,0
281416,71079,1,1,0
808528,71080,1,1,0
2402888,71081,1,1,0
6682704,71082,1,0,1
4405824,71083,1,0,1
1635776,71084,1,1,0
3286680,71085,1,0,1
3044256,71086,1,1,0
1243616,71087,1,1,0
6653496,71088,1,1,0
1634184,71089,1,0,1
4982392,71090,1,1,0
1526352,71091,1,1,0
2289072,71092,1,1,0
2458200,71093,1,1,0
2372696,71094,1,0,1
4618312,71095,1,0,1
4332576,71096,1,1,0
1277312,71097,1,1,0
4376904,71098,1,0,1
7345816,71099,1,1,0
1158264,71100,1,1,0
172592,71101,1,1,0
1788680,71102,1,0,1
1518888,71103,1,1,0
6301544,71104,1,0,1
4987656,71105,1,0,1
2051216,71106,1,1,0
1080632,71107,1,1,0
316032,71108,1,1,0
5740848,71109,1,0,1
250976,71110,1,1,0
1549640,71111,1,0,1
2774528,71112,1,0,1
6715744,71113,1,1,0
4745656,71114,1,0,1
735072,71115,1,0,1
1434016,71116,1,0,1
5024568,71117,1,0,1
453520,71118,1,0,1
2877624,71119,1,1,0
3821208,71120,1,1,0
5864296,71121,1,0,1
762848,71122,1,1,0
7705632,71123,1,1,0
2217920,71124,1,1,0
1176192,71125,1,0,1
1787576,71126,1,1,0
4498528,71127,1,1,0
581168,71128,1,0,1
498952,71129,1,0,1
3465208,71130,1,1,0
1329488,71131,1,1,0
1916856,71132,1,0,1
3736032,71133,1,1,0
665304,71134,1,0,1
1319440,71135,1,1,0
5149808,71136,1,0,1
954760,71137,1,0,1
854328,71138,1,1,0
2226176,71139,1,0,1
1157632,71140,1,0,1
7091728,71141,1,1,0
393000,71142,1,0,1
2324424,71143,1,0,1
326352,71144,1,0,1
633224,71145,1,0,1
3778248,71146,1,1,0
2809160,71147,1,1,0
111984,71148,1,0,1
4623432,71149,1,1,0
1368208,71150,1,0,1
8138680,71151,1,1,0
556296,71152,1,1,0
2261784,71153,1,0,1
2201744,71154,1,1,0
4475840,71155,1,1,0
458624,71156,1,0,1
2051096,71157,1,0,1
372976,71158,1,1,0
1335184,71159,1,1,0
7559136,71160,1,1,0
3100760,71161,1,1,0
501816,71162,1,0,1
2416880,71163,1,0,1
3032072,71164,1,1,0
562952,71165,1,1,0
1354864,71166,1,0,1
1587832,71167,1,1,0
7872968,71168,1,0,1
210264,71169,1,0,1
233136,71170,1,1,0
2776784,71171,1,0,1
7805936,71172,1,0,1
2322320,71173,1,1,0
1466464,71174,1,1,0
5654096,71175,1,0,1
1594440,71176,1,0,1
5142520,71177,1,1,0
4259136,71178,1,0,1
2772368,71179,1,1,0
467968,71180,1,0,1
3211680,71181,1,1,0
2532320,71182,1,0,1
1861944,71183,1,0,1
362032,71184,1,1,0
1706464,71185,1,0,1
6348424,71186,1,0,1
6574920,71187,1,1,0
6177728,71188,1,1,0
481424,71189,1,0,1
456104,71190,1,1,0
237016,71191,1,0,1
4725176,71192,1,1,0
1255216,71193,1,1,0
231480,71194,1,0,1
1852656,71195,1,0,1
936256,71196,1,1,0
3867800,71197,1,1,0
5404952,71198,1,1,0
7071728,71199,1,1,0
864088,71200,1,1,0
1278976,71201,1,1,0
4294608,71202,1,0,1
271504,71203,1,0,1
962928,71204,1,1,0
6992728,71205,1,0,1
2063856,71206,1,1,0
3253296,71207,1,0,1
2938528,71208,1,1,0
1947648,71209,1,1,0
6726968,71210,1,1,0
290112,71211,1,1,0
631656,71212,1,0,1
7946464,71213,1,1,0
1797848,71214,1,0,1
7026200,71215,1,0,1
1427008,71216,1,1,0
562112,71217,1,0,1
6075808,71218,1,0,1
990632,71219,1,1,0
2377248,71220,1,1,0
354560,71221,1,1,0
4842640,71222,1,0,1
7757016,71223,1,0,1
6807800,71224,1,0,1
2820064,71225,1,1,0
1549584,71226,1,0,1
6496208,71227,1,1,0
4335976,71228,1,0,1
5987656,71229,1,1,0
143120,71230,1,1,0
6402576,71231,1,1,0
611512,71232,1,1,0
1317840,71233,1,1,0
1147816,71234,1,0,1
7464512,71235,1,0,1
7760056,71236,1,0,1
6331608,71237,1,1,0
6679600,71238,1,1,0
4959024,71239,1,1,0
6371208,71240,1,1,0
2680392,71241,1,0,1
524056,71242,1,0,1
517480,71243,1,0,1
3433608,71244,1,0,1
2896296,71245,1,1,0
1000568,71246,1,1,0
6072872,71247,1,0,1
304384,71248,1,0,1
1898056,71249,1,1,0
8208888,71250,1,0,1
4041896,71251,1,0,1
7959968,71252,1,0,1
4463936,71253,1,0,1
776984,71254,1,1,0
8079056,71255,1,1,0
992928,71256,1,0,1
540072,71257,1,0,1
2216400,71258,1,0,1
1046136,71259,1,1,0
483000,71260,1,0,1
7332272,71261,1,0,1
1067896,71262,1,0,1
3500056,71263,1,1,0
692840,71264,1,1,0
691296,71265,1,1,0
2415480,71266,1,1,0
7984232,71267,1,1,0
4456016,71268,1,1,0
1190952,71269,1,1,0
4327272,71270,1,0,1
4316328,71271,1,1,0
2530368,71272,1,1,0
1290456,71273,1,0,1
8141360,71274,1,1,0
6231112,71275,1,0,1
1361168,71276,1,0,1
2433792,71277,1,0,1
3858544,71278,1,1,0
1009584,71279,1,1,0
1253032,71280,1,0,1
4152688,71281,1,0,1
1822448,71282,1,1,0
2459664,71283,1,1,0
1837080,71284,1,1,0
743896,71285,1,0,1
3292032,71286,1,0,1
1398160,71287,1,0,1
657136,71288,1,1,0
2181320,71289,1,1,0
1422184,71290,1,0,1
1745000,71291,1,1,0
3372048,71292,1,0,1
2849944,71293,1,1,0
6170960,71294,1,0,1
2180728,71295,1,0,1
1703032,71296,1,1,0
614376,71297,1,1,0
6916928,71298,1,0,1
173128,71299,1,0,1
6793320,71300,1,1,0
6989040,71301,1,1,0
723312,71302,1,0,1
7406944,71303,1,1,0
2338848,71304,1,1,0
4133264,71305,1,0,1
1037496,71306,1,0,1
179328,71307,1,1,0
4733336,71308,1,1,0
821112,71309,1,0,1
633304,71310,1,0,1
6987736,71311,1,0,1
4180560,71312,1,1,0
1729320,71313,1,1,0
3484224,71314,1,0,1
7529784,71315,1,1,0
3875080,71316,1,1,0
2104832,71317,1,0,1
2439344,71318,1,1,0
7819560,71319,1,0,1
7977272,71320,1,1,0
2612120,71321,1,0,1
2181112,71322,1,1,0
2382528,71323,1,1,0
6418992,71324,1,0,1
8139376,71325,1,0,1
128736,71326,1,0,1
6386760,71327,1,0,1
819128,71328,1,1,0
1457080,71329,1,0,1
5342704,71330,1,1,0
4697856,71331,1,1,0
2094560,71332,1,1,0
2943872,71333,1,1,0
2325728,71334,1,1,0
402736,71335,1,0,1
1980504,71336,1,0,1
3346552,71337,1,0,1
2479832,71338,1,0,1
6019480,71339,1,1,0
1024808,71340,1,1,0
4533120,71341,1,0,1
6301856,71342,1,0,1
7709176,71343,1,1,0
856856,71344,1,0,1
314624,71345,1,0,1
6052752,71346,1,0,1
4837048,71347,1,0,1
6950880,71348,1,1,0
1476440,71349,1,0,1
8194136,71350,1,1,0
7544912,71351,1,0,1
7675696,71352,1,1,0
1378480,71353,1,0,1
1010504,71354,1,0,1
1789176,71355,1,1,0
4704104,71356,1,0,1
879408,71357,1,0,1
2742400,71358,1,1,0
7733368,71359,1,1,0
3006816,71360,1,1,0
7131120,71361,1,1,0
5463624,71362,1,1,0
6268184,71363,1,0,1
1877936,71364,1,1,0
1810888,71365,1,1,0
509928,71366,1,0,1
521272,71367,1,1,0
775600,71368,1,0,1
1746976,71369,1,0,1
5383864,71370,1,0,1
6868784,71371,1,1,0
8097304,71372,1,0,1
4282208,71373,1,1,0
531808,71374,1,0,1
1766520,71375,1,0,1
5240752,71376,1,1,0
2517176,71377,1,0,1
5283880,71378,1,1,0
3531760,71379,1,0,1
1801856,71380,1,1,0
3930536,71381,1,0,1
8215336,71382,1,1,0
869992,71383,1,1,0
1402960,71384,1,0,1
4055024,71385,1,0,1
3643472,71386,1,0,1
370344,71387,1,1,0
4947504,71388,1,1,0
1940008,71389,1,0,1
7664320,71390,1,1,0
3806736,71391,1,1,0
733712,71392,1,0,1
3228824,71393,1,1,0
1007360,71394,1,1,0
4414248,71395,1,1,0
4018280,71396,1,0,1
7707872,71397,1,0,1
4230304,71398,1,1,0
1614296,71399,1,1,0
1426976,71400,1,1,0
848152,71401,1,1,0
235752,71402,1,0,1
7616024,71403,1,1,0
1200168,71404,1,0,1
552824,71405,1,1,0
2415440,71406,1,0,1
976360,71407,1,1,0
4272064,71408,1,0,1
8044160,71409,1,0,1
2401752,71410,1,1,0
3266432,71411,1,0,1
3198672,71412,1,1,0
4925592,71413,1,1,0
470704,71414,1,1,0
2531632,71415,1,0,1
6027264,71416,1,0,1
404408,71417,1,1,0
2102816,71418,1,0,1
6215064,71419,1,1,0
1114128,71420,1,0,1
2787000,71421,1,1,0
3201104,71422,1,0,1
2442280,71423,1,0,1
912200,71424,1,1,0
2002328,71425,1,1,0
5660992,71426,1,1,0
5531128,71427,1,1,0
927592,71428,1,1,0
344024,71429,1,0,1
1709976,71430,1,0,1
527976,71431,1,0,1
1632360,71432,1,1,0
372784,71433,1,1,0
1656312,71434,1,1,0
365032,71435,1,1,0
4378944,71436,1,1,0
247992,71437,1,1,0
6803624,71438,1,1,0
1837800,71439,1,0,1
3825400,71440,1,0,1
3939680,71441,1,1,0
4760384,71442,1,1,0
644384,71443,1,0,1
2140816,71444,1,0,1
5094424,71445,1,1,0
683704,71446,1,1,0
2956600,71447,1,0,1
8005008,71448,1,0,1
3626304,71449,1,1,0
2721984,71450,1,0,1
876976,71451,1,0,1
1184288,71452,1,1,0
3345344,71453,1,1,0
6506648,71454,1,0,1
714472,71455,1,0,1
3660032,71456,1,0,1
3905264,71457,1,1,0
3888464,71458,1,1,0
2221848,71459,1,0,1
3087032,71460,1,1,0
8064272,71461,1,0,1
4552488,71462,1,0,1
5275560,71463,1,0,1
2820544,71464,1,1,0
966144,71465,1,0,1
4575432,71466,1,1,0
5084680,71467,1,0,1
831656,71468,1,1,0
3096592,71469,1,0,1
8275416,71470,1,1,0
6274672,71471,1,1,0
5366264,71472,1,1,0
1186488,71473,1,1,0
962976,71474,1,0,1
5636848,71475,1,1,0
628424,71476,1,1,0
1828512,71477,1,1,0
505568,71478,1,1,0
1231128,71479,1,0,1
2912528,71480,1,0,1
2156240,71481,1,0,1
3145632,71482,1,0,1
2983344,71483,1,0,1
1169888,71484,1,0,1
2707376,71485,1,1,0
1286104,71486,1,0,1
6428456,71487,1,1,0
989496,71488,1,0,1
7825080,71489,1,0,1
1102920,71490,1,0,1
806368,71491,1,1,0
7004384,71492,1,0,1
895168,71493,1,1,0
2036024,71494,1,1,0
7844672,71495,1,1,0
7359968,71496,1,0,1
6371352,71497,1,0,1
248416,71498,1,0,1
8052192,71499,1,1,0
6562032,71500,1,0,1
1683456,71501,1,1,0
1716896,71502,1,1,0
258304,71503,1,0,1
1145760,71504,1,1,0
409728,71505,1,0,1
6904640,71506,1,0,1
1898088,71507,1,1,0
1103488,71508,1,1,0
3296440,71509,1,0,1
2486272,71510,1,1,0
4432944,71511,1,0,1
5649200,71512,1,0,1
5180672,71513,1,1,0
2939160,71514,1,0,1
6384752,71515,1,0,1
6621936,71516,1,0,1
403368,71517,1,0,1
6724152,71518,1,0,1
7665960,71519,1,0,1
254032,71520,1,1,0
4123280,71521,1,0,1
651320,71522,1,1,0
4681752,71523,1,0,1
779872,71524,1,1,0
836480,71525,1,0,1
5356544,71526,1,0,1
3650800,71527,1,0,1
410880,71528,1,0,1
1470200,71529,1,0,1
5839152,71530,1,0,1
7097568,71531,1,1,0
3231496,71532,1,1,0
4812816,71533,1,0,1
1554376,71534,1,0,1
1563640,71535,1,0,1
2221560,71536,1,1,0
2224920,71537,1,1,0
2870176,71538,1,0,1
2619720,71539,1,0,1
2005720,71540,1,1,0
3118424,71541,1,0,1
5014544,71542,1,1,0
5961592,71543,1,0,1
1498792,71544,1,1,0
6898880,71545,1,0,1
3218600,71546,1,0,1
1243232,71547,1,1,0
7354712,71548,1,1,0
4594352,71549,1,1,0
2409816,71550,1,0,1
4360848,71551,1,1,0
2208456,71552,1,1,0
796944,71553,1,0,1
2235184,71554,1,1,0
3238816,71555,1,1,0
446608,71556,1,0,1
1578536,71557,1,1,0
410368,71558,1,1,0
4359296,71559,1,1,0
267944,71560,1,1,0
689152,71561,1,0,1
1484160,71562,1,1,0
4261344,71563,1,0,1
2479856,71564,1,1,0
410160,71565,1,1,0
180616,71566,1,0,1
1870264,71567,1,0,1
466000,71568,1,1,0
3276024,71569,1,0,1
1984800,71570,1,0,1
4777536,71571,1,0,1
6085160,71572,1,1,0
1790376,71573,1,1,0
1396408,71574,1,1,0
6855248,71575,1,0,1
658184,71576,1,1,0
5790160,71577,1,0,1
177696,71578,1,0,1
4512728,71579,1,0,1
468576,71580,1,0,1
3733760,71581,1,1,0
2306144,71582,1,0,1
201992,71583,1,1,0
660768,71584,1,1,0
3986416,71585,1,1,0
5197992,71586,1,0,1
2423464,71587,1,1,0
4235976,71588,1,0,1
5136088,71589,1,0,1
1422080,71590,1,1,0
1236704,71591,1,0,1
7915720,71592,1,0,1
1692264,71593,1,1,0
826304,71594,1,1,0
5317072,71595,1,0,1
2233928,71596,1,1,0
739296,71597,1,1,0
998712,71598,1,1,0
5586352,71599,1,0,1
5565328,71600,1,1,0
1619080,71601,1,1,0
489864,71602,1,0,1
2156752,71603,1,0,1
3003344,71604,1,0,1
2125144,71605,1,0,1
7434792,71606,1,1,0
602416,71607,1,0,1
4723928,71608,1,0,1
8124808,71609,1,0,1
6928296,71610,1,1,0
994032,71611,1,1,0
609496,71612,1,1,0
5437552,71613,1,1,0
7014880,71614,1,1,0
638528,71615,1,1,0
923392,71616,1,1,0
6924496,71617,1,0,1
892088,71618,1,0,1
8369400,71619,1,0,1
5174688,71620,1,0,1
308736,71621,1,0,1
164584,71622,1,0,1
6003496,71623,1,1,0
888992,71624,1,0,1
3456720,71625,1,0,1
742672,71626,1,0,1
4479520,71627,1,1,0
4152288,71628,1,1,0
4695976,71629,1,1,0
3619616,71630,1,0,1
204520,71631,1,0,1
778248,71632,1,0,1
4631720,71633,1,0,1
1161344,71634,1,1,0
8011912,71635,1,0,1
1115568,71636,1,1,0
1169208,71637,1,0,1
269368,71638,1,1,0
2459720,71639,1,0,1
1792920,71640,1,0,1
2526832,71641,1,0,1
131304,71642,1,1,0
1406912,71643,1,0,1
5574944,71644,1,1,0
2720248,71645,1,1,0
2932640,71646,1,1,0
407664,71647,1,1,0
2565040,71648,1,0,1
4045480,71649,1,0,1
597200,71650,1,0,1
3138984,71651,1,1,0
1081344,71652,1,0,1
1585536,71653,1,0,1
1683816,71654,1,1,0
1083800,71655,1,1,0
1915072,71656,1,0,1
477704,71657,1,1,0
1022680,71658,1,1,0
705712,71659,1,1,0
4188952,71660,1,1,0
277688,71661,1,1,0
7860184,71662,1,0,1
218040,71663,1,1,0
2556040,71664,1,0,1
372720,71665,1,1,0
1914344,71666,1,1,0
4716144,71667,1,0,1
255744,71668,1,0,1
8009000,71669,1,0,1
1287176,71670,1,1,0
6543152,71671,1,1,0
5226008,71672,1,0,1
4923240,71673,1,1,0
716464,71674,1,0,1
67984,71675,1,1,0
2263512,71676,1,1,0
293680,71677,1,1,0
570272,71678,1,1,0
4189088,71679,1,0,1
2615560,71680,1,1,0
2580312,71681,1,0,1
963648,71682,1,0,1
3670120,71683,1,0,1
3165472,71684,1,0,1
5211512,71685,1,1,0
5647168,71686,1,1,0
2818544,71687,1,0,1
2586856,71688,1,1,0
461848,71689,1,0,1
2494408,71690,1,0,1
2654776,71691,1,0,1
708744,71692,1,0,1
1024120,71693,1,0,1
5132232,71694,1,0,1
309048,71695,1,1,0
620240,71696,1,1,0
820864,71697,1,1,0
2595864,71698,1,0,1
561912,71699,1,0,1
3226656,71700,1,1,0
68632,71701,1,0,1
2207368,71702,1,1,0
8067864,71703,1,0,1
6354184,71704,1,0,1
7026984,71705,1,0,1
3744656,71706,1,1,0
2919424,71707,1,1,0
618576,71708,1,0,1
4068760,71709,1,0,1
1495016,71710,1,1,0
2867504,71711,1,1,0
3102704,71712,1,0,1
4796256,71713,1,1,0
6383344,71714,1,0,1
4266960,71715,1,1,0
1245064,71716,1,0,1
1947040,71717,1,1,0
255680,71718,1,0,1
165200,71719,1,1,0
7389112,71720,1,1,0
5882200,71721,1,1,0
2493400,71722,1,0,1
6677712,71723,1,0,1
1819176,71724,1,0,1
1294696,71725,1,0,1
7262480,71726,1,1,0
4766544,71727,1,0,1
6082752,71728,1,1,0
5638552,71729,1,0,1
3085960,71730,1,1,0
1683048,71731,1,0,1
1682032,71732,1,0,1
324016,71733,1,1,0
2865264,71734,1,0,1
837040,71735,1,1,0
1374992,71736,1,1,0
966512,71737,1,1,0
3269448,71738,1,0,1
7002680,71739,1,0,1
647312,71740,1,0,1
602928,71741,1,1,0
5088432,71742,1,1,0
5139104,71743,1,1,0
2831312,71744,1,1,0
2947800,71745,1,1,0
818432,71746,1,0,1
5583008,71747,1,1,0
866392,71748,1,1,0
5619456,71749,1,1,0
1944576,71750,1,1,0
6193032,71751,1,0,1
3690768,71752,1,1,0
2098016,71753,1,1,0
2688640,71754,1,1,0
5243184,71755,1,1,0
174896,71756,1,0,1
243368,71757,1,0,1
8315632,71758,1,0,1
524408,71759,1,1,0
1763288,71760,1,1,0
5298296,71761,1,1,0
3229096,71762,1,0,1
4183040,71763,1,1,0
742920,71764,1,0,1
818976,71765,1,0,1
340192,71766,1,0,1
269152,71767,1,1,0
5621336,71768,1,1,0
4912216,71769,1,0,1
4310864,71770,1,1,0
2968656,71771,1,1,0
4443120,71772,1,0,1
1198368,71773,1,0,1
1336400,71774,1,0,1
714088,71775,1,1,0
165336,71776,1,1,0
4610448,71777,1,1,0
1097296,71778,1,1,0
1711368,71779,1,0,1
780336,71780,1,0,1
3428584,71781,1,1,0
5357704,71782,1,0,1
1805720,71783,1,0,1
3801320,71784,1,0,1
2731688,71785,1,0,1
4248560,71786,1,0,1
5204888,71787,1,1,0
5553944,71788,1,0,1
1135520,71789,1,0,1
6143136,71790,1,0,1
5103120,71791,1,0,1
5873192,71792,1,1,0
944984,71793,1,1,0
651696,71794,1,0,1
2566376,71795,1,0,1
706360,71796,1,1,0
6093000,71797,1,1,0
4762608,71798,1,0,1
1184968,71799,1,0,1
329816,71800,1,1,0
557792,71801,1,0,1
688888,71802,1,1,0
8286048,71803,1,1,0
5536056,71804,1,1,0
2212640,71805,1,0,1
2228920,71806,1,1,0
5972728,71807,1,0,1
2382600,71808,1,0,1
1502496,71809,1,1,0
1059880,71810,1,1,0
4047840,71811,1,0,1
6028704,71812,1,1,0
2457872,71813,1,1,0
8106592,71814,1,0,1
1075328,71815,1,0,1
4955080,71816,1,0,1
1128072,71817,1,0,1
5770672,71818,1,1,0
65280,71819,1,1,0
321616,71820,1,1,0
363512,71821,1,1,0
570040,71822,1,1,0
1693400,71823,1,0,1
7420752,71824,1,1,0
5889856,71825,1,1,0
1331488,71826,1,0,1
6861640,71827,1,0,1
5801040,71828,1,1,0
415808,71829,1,1,0
151696,71830,1,0,1
2922944,71831,1,0,1
1280160,71832,1,1,0
1424704,71833,1,1,0
854024,71834,1,1,0
428592,71835,1,1,0
204416,71836,1,0,1
289464,71837,1,0,1
2251712,71838,1,0,1
245232,71839,1,1,0
1047456,71840,1,0,1
5177480,71841,1,0,1
2166968,71842,1,0,1
929816,71843,1,1,0
5703648,71844,1,1,0
7638440,71845,1,1,0
3201888,71846,1,0,1
6658552,71847,1,1,0
914800,71848,1,0,1
5659792,71849,1,1,0
1230624,71850,1,1,0
1847480,71851,1,0,1
7209080,71852,1,0,1
3124688,71853,1,1,0
2354488,71854,1,1,0
431856,71855,1,0,1
2621128,71856,1,1,0
7056200,71857,1,0,1
1498432,71858,1,0,1
347920,71859,1,0,1
1777104,71860,1,0,1
1432208,71861,1,0,1
931192,71862,1,0,1
844432,71863,1,1,0
7512120,71864,1,0,1
1743608,71865,1,1,0
4968120,71866,1,1,0
3209832,71867,1,0,1
6117072,71868,1,1,0
527648,71869,1,1,0
3051184,71870,1,0,1
1678784,71871,1,0,1
2757688,71872,1,1,0
6458584,71873,1,0,1
153696,71874,1,0,1
2378520,71875,1,0,1
628216,71876,1,1,0
4887528,71877,1,0,1
4542504,71878,1,1,0
8175912,71879,1,1,0
769136,71880,1,1,0
3820296,71881,1,1,0
542664,71882,1,0,1
861792,71883,1,0,1
322336,71884,1,0,1
771064,71885,1,0,1
920128,71886,1,0,1
3515192,71887,1,1,0
210576,71888,1,1,0
679408,71889,1,1,0
1719992,71890,1,1,0
547992,71891,1,0,1
3254496,71892,1,0,1
4596744,71893,1,0,1
2938584,71894,1,0,1
3014232,71895,1,1,0
665160,71896,1,0,1
1067080,71897,1,1,0
3577528,71898,1,0,1
5871280,71899,1,1,0
5628960,71900,1,0,1
3133912,71901,1,1,0
5478408,71902,1,0,1
5251480,71903,1,1,0
6990584,71904,1,1,0
8104816,71905,1,1,0
380864,71906,1,1,0
4254352,71907,1,0,1
798056,71908,1,0,1
5278536,71909,1,1,0
357096,71910,1,0,1
370288,71911,1,1,0
4233952,71912,1,0,1
1913096,71913,1,1,0
7370936,71914,1,1,0
1815248,71915,1,0,1
5032160,71916,1,1,0
2399064,71917,1,1,0
4274608,71918,1,0,1
3763152,71919,1,0,1
393992,71920,1,0,1
689208,71921,1,1,0
6639104,71922,1,0,1
4752192,71923,1,0,1
434376,71924,1,1,0
5650312,71925,1,0,1
1004520,71926,1,1,0
1949624,71927,1,0,1
3912656,71928,1,0,1
2360264,71929,1,0,1
1275952,71930,1,1,0
973384,71931,1,0,1
5143072,71932,1,1,0
2841168,71933,1,0,1
7960304,71934,1,0,1
3607800,71935,1,0,1
2614416,71936,1,1,0
5854136,71937,1,0,1
1125512,71938,1,1,0
5440824,71939,1,1,0
6737952,71940,1,0,1
737576,71941,1,0,1
837880,71942,1,1,0
288032,71943,1,1,0
419776,71944,1,1,0
1640216,71945,1,1,0
6622520,71946,1,0,1
1023816,71947,1,1,0
2909328,71948,1,0,1
3850896,71949,1,1,0
4917496,71950,1,1,0
5999504,71951,1,1,0
1864376,71952,1,1,0
1097056,71953,1,0,1
5605128,71954,1,0,1
1442392,71955,1,1,0
5207184,71956,1,1,0
282816,71957,1,0,1
2597728,71958,1,1,0
1452712,71959,1,0,1
1638184,71960,1,0,1
6933848,71961,1,0,1
5978280,71962,1,0,1
7650488,71963,1,1,0
2605392,71964,1,0,1
1912672,71965,1,0,1
556640,71966,1,0,1
2661632,71967,1,1,0
3865360,71968,1,0,1
1073872,71969,1,1,0
563504,71970,1,1,0
346728,71971,1,1,0
4579368,71972,1,0,1
602952,71973,1,0,1
2134440,71974,1,0,1
1776336,71975,1,1,0
4382000,71976,1,0,1
2758768,71977,1,1,0
3844560,71978,1,0,1
941800,71979,1,1,0
3648592,71980,1,0,1
6427312,71981,1,0,1
1525720,71982,1,0,1
3740552,71983,1,1,0
776248,71984,1,1,0
1357632,71985,1,1,0
2189848,71986,1,1,0
1934304,71987,1,0,1
8268816,71988,1,0,1
3386824,71989,1,0,1
6811952,71990,1,1,0
2832480,71991,1,0,1
618760,71992,1,0,1
576056,71993,1,1,0
8125136,71994,1,1,0
7288256,71995,1,1,0
733160,71996,1,0,1
1628696,71997,1,1,0
5204224,71998,1,0,1
7384648,71999,1,1,0
1276176,72000,1,0,1
7838408,72001,1,0,1
5706608,72002,1,0,1
7912808,72003,1,1,0
1265488,72004,1,0,1
920720,72005,1,0,1
184528,72006,1,1,0
2198584,72007,1,0,1
1157960,72008,1,0,1
776488,72009,1,1,0
4861384,72010,1,0,1
6512056,72011,1,0,1
227080,72012,1,0,1
974088,72013,1,1,0
4319992,72014,1,1,0
878120,72015,1,1,0
1806864,72016,1,0,1
155152,72017,1,0,1
562912,72018,1,1,0
2015896,72019,1,0,1
3577056,72020,1,1,0
2847976,72021,1,0,1
3303240,72022,1,1,0
904272,72023,1,0,1
680272,72024,1,0,1
594048,72025,1,0,1
391864,72026,1,1,0
5156520,72027,1,1,0
5133632,72028,1,1,0
227648,72029,1,1,0
947128,72030,1,1,0
3215640,72031,1,0,1
1516744,72032,1,0,1
2189568,72033,1,1,0
3760168,72034,1,1,0
7592216,72035,1,0,1
1549440,72036,1,0,1
4058976,72037,1,0,1
683024,72038,1,0,1
1978120,72039,1,1,0
228632,72040,1,1,0
2904832,72041,1,1,0
1842896,72042,1,1,0
3414976,72043,1,0,1
3178216,72044,1,0,1
738520,72045,1,1,0
2367760,72046,1,0,1
3040552,72047,1,1,0
328768,72048,1,0,1
509728,72049,1,1,0
6648856,72050,1,0,1
400640,72051,1,0,1
1982528,72052,1,1,0
830552,72053,1,1,0
1874680,72054,1,1,0
5195696,72055,1,1,0
3681160,72056,1,0,1
505840,72057,1,0,1
5775176,72058,1,1,0
4184160,72059,1,1,0
8369880,72060,1,1,0
3732760,72061,1,1,0
3839688,72062,1,1,0
3977544,72063,1,1,0
8016064,72064,1,1,0
542792,72065,1,1,0
7175992,72066,1,1,0
3195368,72067,1,0,1
3262072,72068,1,0,1
5677840,72069,1,0,1
891312,72070,1,0,1
1353064,72071,1,0,1
1622168,72072,1,0,1
2967184,72073,1,1,0
862656,72074,1,0,1
4741560,72075,1,1,0
426480,72076,1,0,1
4728816,72077,1,0,1
6368248,72078,1,1,0
6232440,72079,1,0,1
727760,72080,1,0,1
427040,72081,1,1,0
656368,72082,1,0,1
4989208,72083,1,0,1
2195000,72084,1,1,0
4545304,72085,1,0,1
1159976,72086,1,1,0
331904,72087,1,0,1
4823280,72088,1,0,1
5049016,72089,1,0,1
6670200,72090,1,0,1
3222608,72091,1,0,1
1318256,72092,1,0,1
2125944,72093,1,0,1
1420752,72094,1,0,1
3087096,72095,1,1,0
1633456,72096,1,1,0
5927600,72097,1,1,0
2054872,72098,1,0,1
1499288,72099,1,1,0
5758712,72100,1,1,0
894456,72101,1,1,0
225584,72102,1,0,1
567864,72103,1,1,0
2211744,72104,1,0,1
4280016,72105,1,0,1
893576,72106,1,1,0
2410368,72107,1,0,1
338696,72108,1,0,1
1020912,72109,1,0,1
4025000,72110,1,0,1
4157840,72111,1,1,0
6622392,72112,1,1,0
2202504,72113,1,0,1
1716032,72114,1,0,1
556240,72115,1,1,0
2526304,72116,1,0,1
924504,72117,1,1,0
1694528,72118,1,1,0
494960,72119,1,0,1
6254560,72120,1,1,0
5282944,72121,1,1,0
968992,72122,1,0,1
5890680,72123,1,1,0
718128,72124,1,0,1
3041800,72125,1,0,1
6539944,72126,1,0,1
1455928,72127,1,1,0
6588488,72128,1,0,1
6366776,72129,1,0,1
2865528,72130,1,1,0
1176232,72131,1,0,1
5604696,72132,1,0,1
3107816,72133,1,0,1
2122296,72134,1,1,0
1469448,72135,1,0,1
1309264,72136,1,1,0
2107832,72137,1,0,1
3527336,72138,1,1,0
2462344,72139,1,0,1
2899592,72140,1,0,1
5197024,72141,1,0,1
5634392,72142,1,0,1
2599640,72143,1,0,1
3699392,72144,1,1,0
2323984,72145,1,1,0
5253672,72146,1,0,1
1666376,72147,1,0,1
3238328,72148,1,1,0
3132624,72149,1,0,1
3512432,72150,1,0,1
268864,72151,1,0,1
2682920,72152,1,0,1
7005520,72153,1,0,1
6881152,72154,1,1,0
3819952,72155,1,0,1
911088,72156,1,1,0
2176008,72157,1,0,1
1513504,72158,1,1,0
1094464,72159,1,1,0
7423984,72160,1,0,1
3485616,72161,1,1,0
8366624,72162,1,0,1
5660624,72163,1,0,1
5885424,72164,1,1,0
8309864,72165,1,0,1
352024,72166,1,1,0
7283448,72167,1,0,1
2187328,72168,1,0,1
7759880,72169,1,0,1
408184,72170,1,0,1
1344016,72171,1,1,0
7586792,72172,1,0,1
675688,72173,1,1,0
2584256,72174,1,0,1
7066528,72175,1,1,0
1723752,72176,1,0,1
2715720,72177,1,1,0
482824,72178,1,1,0
4405024,72179,1,1,0
7459712,72180,1,1,0
5922856,72181,1,1,0
1634600,72182,1,1,0
7071600,72183,1,0,1
420136,72184,1,1,0
5291376,72185,1,1,0
679512,72186,1,0,1
2164000,72187,1,1,0
1224184,72188,1,0,1
2154680,72189,1,0,1
469576,72190,1,1,0
1108368,72191,1,1,0
4120296,72192,1,0,1
903440,72193,1,1,0
913448,72194,1,0,1
5539312,72195,1,0,1
6406720,72196,1,0,1
5678032,72197,1,0,1
6723224,72198,1,1,0
523144,72199,1,1,0
4883760,72200,1,1,0
2578160,72201,1,1,0
795120,72202,1,1,0
777192,72203,1,0,1
1083928,72204,1,0,1
3118920,72205,1,1,0
489704,72206,1,0,1
2101752,72207,1,0,1
4629168,72208,1,1,0
249680,72209,1,0,1
2044232,72210,1,0,1
225976,72211,1,0,1
7816880,72212,1,0,1
1687376,72213,1,0,1
2145856,72214,1,1,0
8136360,72215,1,0,1
4871568,72216,1,0,1
930288,72217,1,1,0
2417904,72218,1,1,0
5107200,72219,1,1,0
3648664,72220,1,0,1
966616,72221,1,0,1
982544,72222,1,0,1
788448,72223,1,1,0
2591896,72224,1,1,0
7748776,72225,1,0,1
6499448,72226,1,0,1
3599712,72227,1,0,1
6898400,72228,1,0,1
5002680,72229,1,1,0
244680,72230,1,1,0
8234840,72231,1,0,1
3634784,72232,1,0,1
4044552,72233,1,1,0
6147968,72234,1,1,0
1380200,72235,1,0,1
4755600,72236,1,0,1
2285080,72237,1,0,1
4583088,72238,1,0,1
5410696,72239,1,1,0
5421928,72240,1,1,0
618064,72241,1,0,1
1515368,72242,1,0,1
642736,72243,1,0,1
1215472,72244,1,0,1
2104104,72245,1,0,1
917176,72246,1,0,1
7693448,72247,1,1,0
4240408,72248,1,0,1
2864528,72249,1,0,1
1648360,72250,1,1,0
123240,72251,1,0,1
2725472,72252,1,0,1
7172288,72253,1,1,0
7753864,72254,1,0,1
1652528,72255,1,1,0
2229200,72256,1,0,1
4407616,72257,1,1,0
2452240,72258,1,0,1
5648120,72259,1,0,1
5642904,72260,1,1,0
316952,72261,1,1,0
1210136,72262,1,1,0
2569032,72263,1,1,0
4543728,72264,1,1,0
2474808,72265,1,1,0
397392,72266,1,0,1
1081240,72267,1,1,0
2444768,72268,1,1,0
578352,72269,1,0,1
3589584,72270,1,0,1
227952,72271,1,0,1
1785376,72272,1,0,1
2665400,72273,1,1,0
1713008,72274,1,1,0
644768,72275,1,1,0
394728,72276,1,1,0
1923312,72277,1,0,1
7565384,72278,1,0,1
1747688,72279,1,0,1
5635768,72280,1,0,1
7552696,72281,1,0,1
6950336,72282,1,1,0
2907840,72283,1,1,0
1713776,72284,1,0,1
1946928,72285,1,1,0
1519944,72286,1,0,1
5168168,72287,1,1,0
2003168,72288,1,0,1
6600240,72289,1,0,1
695816,72290,1,0,1
3590952,72291,1,1,0
6978480,72292,1,0,1
7718712,72293,1,0,1
2220328,72294,1,0,1
6905840,72295,1,0,1
580992,72296,1,1,0
3948272,72297,1,1,0
3934408,72298,1,0,1
752888,72299,1,0,1
5896784,72300,1,0,1
3343024,72301,1,0,1
2725552,72302,1,1,0
2850808,72303,1,1,0
1636792,72304,1,0,1
8379040,72305,1,1,0
2014408,72306,1,1,0
6302560,72307,1,0,1
3842632,72308,1,1,0
2803896,72309,1,1,0
1544880,72310,1,1,0
1982952,72311,1,0,1
709192,72312,1,0,1
4934608,72313,1,0,1
1436032,72314,1,0,1
6902528,72315,1,1,0
4737680,72316,1,1,0
2303312,72317,1,1,0
2257448,72318,1,1,0
1628648,72319,1,1,0
6320592,72320,1,0,1
286936,72321,1,0,1
2464816,72322,1,1,0
654008,72323,1,0,1
463328,72324,1,0,1
2381352,72325,1,0,1
3294248,72326,1,0,1
8181512,72327,1,0,1
4133392,72328,1,1,0
7806888,72329,1,0,1
5670352,72330,1,1,0
1794344,72331,1,0,1
860448,72332,1,0,1
4029288,72333,1,1,0
631144,72334,1,0,1
899000,72335,1,1,0
1496776,72336,1,0,1
2218696,72337,1,0,1
1536256,72338,1,0,1
179032,72339,1,0,1
2400384,72340,1,1,0
498624,72341,1,0,1
2427888,72342,1,0,1
380400,72343,1,1,0
5908728,72344,1,0,1
721888,72345,1,1,0
1595176,72346,1,0,1
2183504,72347,1,0,1
942432,72348,1,1,0
3753744,72349,1,1,0
3861984,72350,1,0,1
7836176,72351,1,0,1
930832,72352,1,0,1
1284584,72353,1,0,1
506712,72354,1,0,1
326224,72355,1,0,1
254240,72356,1,1,0
7627776,72357,1,0,1
8238832,72358,1,1,0
952736,72359,1,0,1
1302000,72360,1,1,0
6274728,72361,1,0,1
6215272,72362,1,1,0
1609600,72363,1,1,0
520304,72364,1,1,0
6887552,72365,1,0,1
5022840,72366,1,1,0
2346064,72367,1,1,0
1086256,72368,1,0,1
293176,72369,1,0,1
719920,72370,1,1,0
6145680,72371,1,1,0
1716808,72372,1,1,0
2155928,72373,1,1,0
5150392,72374,1,0,1
389000,72375,1,1,0
3460808,72376,1,1,0
948688,72377,1,1,0
6515744,72378,1,1,0
6309704,72379,1,0,1
1908040,72380,1,1,0
929176,72381,1,0,1
347192,72382,1,0,1
2356504,72383,1,1,0
7404984,72384,1,1,0
4499664,72385,1,0,1
7124168,72386,1,1,0
5305424,72387,1,1,0
1065168,72388,1,1,0
1908888,72389,1,0,1
972976,72390,1,1,0
929120,72391,1,1,0
5406976,72392,1,1,0
1745192,72393,1,0,1
5837424,72394,1,0,1
607568,72395,1,0,1
318792,72396,1,1,0
5291848,72397,1,1,0
1542496,72398,1,1,0
1086288,72399,1,0,1
4234824,72400,1,0,1
364552,72401,1,1,0
4965888,72402,1,0,1
1753616,72403,1,0,1
430264,72404,1,1,0
8215152,72405,1,0,1
1091216,72406,1,1,0
658480,72407,1,0,1
6067376,72408,1,0,1
4577168,72409,1,0,1
2774328,72410,1,0,1
7524424,72411,1,0,1
534200,72412,1,0,1
6185616,72413,1,1,0
1478416,72414,1,0,1
2948904,72415,1,0,1
4881200,72416,1,1,0
270944,72417,1,1,0
4720416,72418,1,0,1
2018688,72419,1,1,0
4186704,72420,1,1,0
3608576,72421,1,1,0
2691000,72422,1,1,0
3231528,72423,1,1,0
221464,72424,1,0,1
4987208,72425,1,0,1
5677280,72426,1,1,0
2341360,72427,1,0,1
5538184,72428,1,0,1
4773192,72429,1,1,0
7414960,72430,1,1,0
531784,72431,1,0,1
2645816,72432,1,1,0
8178472,72433,1,0,1
1493608,72434,1,1,0
3761760,72435,1,0,1
3738600,72436,1,1,0
333984,72437,1,1,0
2718304,72438,1,0,1
472744,72439,1,1,0
2946672,72440,1,1,0
5469344,72441,1,0,1
302736,72442,1,0,1
5503192,72443,1,0,1
7134800,72444,1,0,1
633744,72445,1,1,0
8323504,72446,1,1,0
615520,72447,1,1,0
2578504,72448,1,0,1
1287256,72449,1,1,0
6828600,72450,1,1,0
1055144,72451,1,0,1
751504,72452,1,0,1
1628168,72453,1,1,0
2756048,72454,1,1,0
8261832,72455,1,0,1
2811928,72456,1,1,0
752960,72457,1,0,1
6050720,72458,1,1,0
360768,72459,1,0,1
8272072,72460,1,0,1
1660240,72461,1,0,1
4952912,72462,1,1,0
394800,72463,1,1,0
750872,72464,1,1,0
4186472,72465,1,1,0
992400,72466,1,1,0
359088,72467,1,0,1
7134984,72468,1,1,0
842792,72469,1,1,0
3379848,72470,1,0,1
591344,72471,1,0,1
314720,72472,1,1,0
5074536,72473,1,1,0
1803656,72474,1,1,0
731296,72475,1,1,0
4943992,72476,1,0,1
659344,72477,1,0,1
2972680,72478,1,1,0
4627104,72479,1,0,1
7019304,72480,1,1,0
1986184,72481,1,1,0
1599904,72482,1,0,1
2379456,72483,1,1,0
4597744,72484,1,1,0
530216,72485,1,1,0
3010224,72486,1,0,1
1080400,72487,1,1,0
450368,72488,1,0,1
339584,72489,1,0,1
1072984,72490,1,1,0
4480192,72491,1,1,0
2244152,72492,1,0,1
4883616,72493,1,1,0
1618488,72494,1,0,1
4897976,72495,1,1,0
1746416,72496,1,0,1
2271040,72497,1,0,1
4434240,72498,1,1,0
542864,72499,1,0,1
2656584,72500,1,0,1
3959096,72501,1,1,0
706952,72502,1,0,1
2924664,72503,1,0,1
863816,72504,1,1,0
6745224,72505,1,0,1
2860360,72506,1,1,0
5581616,72507,1,1,0
418584,72508,1,0,1
2188928,72509,1,1,0
5623368,72510,1,0,1
146832,72511,1,1,0
3062960,72512,1,1,0
2481904,72513,1,0,1
1204408,72514,1,0,1
1148728,72515,1,1,0
2525256,72516,1,1,0
984088,72517,1,0,1
684592,72518,1,0,1
512368,72519,1,0,1
3708464,72520,1,1,0
929920,72521,1,0,1
1994016,72522,1,1,0
2519216,72523,1,0,1
2769016,72524,1,1,0
1186032,72525,1,1,0
927600,72526,1,0,1
2698992,72527,1,1,0
6103072,72528,1,1,0
1089632,72529,1,0,1
3127280,72530,1,1,0
947288,72531,1,1,0
467736,72532,1,0,1
3678376,72533,1,1,0
5591736,72534,1,0,1
5603928,72535,1,1,0
347128,72536,1,1,0
155288,72537,1,0,1
8140792,72538,1,1,0
796552,72539,1,0,1
724280,72540,1,1,0
1541128,72541,1,0,1
1584648,72542,1,0,1
2846488,72543,1,0,1
8221120,72544,1,0,1
1673384,72545,1,0,1
8260592,72546,1,1,0
4569864,72547,1,0,1
238128,72548,1,1,0
5932344,72549,1,0,1
359792,72550,1,1,0
161512,72551,1,0,1
262576,72552,1,0,1
2495528,72553,1,1,0
976384,72554,1,0,1
6940360,72555,1,1,0
6983032,72556,1,0,1
1419488,72557,1,1,0
4335520,72558,1,1,0
3599992,72559,1,0,1
3389640,72560,1,0,1
6302920,72561,1,1,0
853056,72562,1,1,0
962176,72563,1,0,1
1421168,72564,1,0,1
4940416,72565,1,1,0
923536,72566,1,1,0
7306232,72567,1,0,1
7339792,72568,1,0,1
643176,72569,1,1,0
1213008,72570,1,1,0
804416,72571,1,0,1
4232912,72572,1,1,0
3780856,72573,1,1,0
157928,72574,1,1,0
852600,72575,1,0,1
2051376,72576,1,0,1
1100976,72577,1,1,0
518744,72578,1,0,1
3565728,72579,1,1,0
3547848,72580,1,1,0
5655008,72581,1,0,1
7975784,72582,1,0,1
3586632,72583,1,1,0
488448,72584,1,0,1
745424,72585,1,0,1
2072800,72586,1,0,1
2641840,72587,1,1,0
3900832,72588,1,0,1
1638792,72589,1,1,0
4596232,72590,1,0,1
370824,72591,1,1,0
3765128,72592,1,1,0
3697368,72593,1,1,0
4459664,72594,1,0,1
246424,72595,1,1,0
3339464,72596,1,1,0
7453792,72597,1,0,1
2973136,72598,1,0,1
2592144,72599,1,0,1
3736080,72600,1,1,0
1709816,72601,1,1,0
225184,72602,1,0,1
4574992,72603,1,1,0
7295616,72604,1,0,1
432536,72605,1,0,1
148856,72606,1,0,1
1279592,72607,1,0,1
3535888,72608,1,0,1
2614264,72609,1,1,0
473096,72610,1,1,0
4292720,72611,1,1,0
2787536,72612,1,1,0
293328,72613,1,0,1
1203136,72614,1,1,0
6353920,72615,1,1,0
2461192,72616,1,1,0
1343024,72617,1,0,1
6056360,72618,1,1,0
5079024,72619,1,1,0
3162384,72620,1,1,0
2764040,72621,1,1,0
1593376,72622,1,0,1
753560,72623,1,0,1
2394968,72624,1,1,0
1280024,72625,1,0,1
306200,72626,1,0,1
1933880,72627,1,0,1
3851448,72628,1,1,0
622112,72629,1,1,0
879976,72630,1,1,0
1632744,72631,1,1,0
1510224,72632,1,1,0
3866760,72633,1,1,0
535912,72634,1,0,1
266472,72635,1,0,1
8016296,72636,1,0,1
264448,72637,1,0,1
7496872,72638,1,0,1
1051936,72639,1,1,0
1916472,72640,1,1,0
6895624,72641,1,0,1
4952120,72642,1,0,1
1334696,72643,1,1,0
2086512,72644,1,0,1
4009056,72645,1,0,1
725312,72646,1,1,0
6974160,72647,1,1,0
7274832,72648,1,1,0
180608,72649,1,0,1
359856,72650,1,0,1
616392,72651,1,0,1
6052608,72652,1,1,0
1134880,72653,1,0,1
1576280,72654,1,1,0
2496280,72655,1,0,1
3150688,72656,1,1,0
1134112,72657,1,1,0
945720,72658,1,1,0
566112,72659,1,1,0
4928328,72660,1,0,1
411104,72661,1,0,1
491680,72662,1,1,0
5507264,72663,1,0,1
5185928,72664,1,1,0
564808,72665,1,0,1
2896672,72666,1,0,1
2835112,72667,1,1,0
882424,72668,1,1,0
1047184,72669,1,1,0
2095776,72670,1,0,1
946872,72671,1,1,0
3237392,72672,1,1,0
1953536,72673,1,1,0
5399216,72674,1,0,1
4435848,72675,1,0,1
2236016,72676,1,0,1
1428824,72677,1,0,1
5597520,72678,1,1,0
276040,72679,1,0,1
102592,72680,1,0,1
1172984,72681,1,0,1
201952,72682,1,1,0
7826272,72683,1,1,0
1804936,72684,1,0,1
4981232,72685,1,0,1
1102536,72686,1,0,1
937848,72687,1,0,1
587768,72688,1,1,0
474136,72689,1,1,0
3143760,72690,1,0,1
5313720,72691,1,0,1
4444048,72692,1,0,1
6329024,72693,1,0,1
4703960,72694,1,1,0
3656320,72695,1,0,1
3714528,72696,1,1,0
2716256,72697,1,1,0
1765192,72698,1,1,0
3147152,72699,1,1,0
2837432,72700,1,1,0
2953656,72701,1,0,1
4444624,72702,1,1,0
4962032,72703,1,1,0
884688,72704,1,0,1
2324920,72705,1,0,1
2830344,72706,1,1,0
2355312,72707,1,1,0
4096248,72708,1,0,1
2134184,72709,1,0,1
4392016,72710,1,1,0
1421280,72711,1,0,1
2727200,72712,1,0,1
6232640,72713,1,1,0
5407600,72714,1,1,0
475464,72715,1,0,1
4872104,72716,1,1,0
718824,72717,1,1,0
2988608,72718,1,1,0
4279184,72719,1,0,1
7904080,72720,1,1,0
1305968,72721,1,1,0
2355536,72722,1,0,1
7927568,72723,1,0,1
6067272,72724,1,1,0
3055024,72725,1,0,1
6065296,72726,1,1,0
2185600,72727,1,1,0
2249064,72728,1,1,0
1769528,72729,1,0,1
372112,72730,1,0,1
286240,72731,1,0,1
5121752,72732,1,0,1
8217960,72733,1,0,1
2973464,72734,1,1,0
1639600,72735,1,0,1
7807824,72736,1,1,0
3845152,72737,1,1,0
986064,72738,1,1,0
3235752,72739,1,1,0
3575800,72740,1,0,1
4830864,72741,1,0,1
3814944,72742,1,1,0
977840,72743,1,1,0
471640,72744,1,0,1
4095384,72745,1,0,1
6306064,72746,1,0,1
3156360,72747,1,0,1
1202760,72748,1,1,0
1278624,72749,1,0,1
482248,72750,1,1,0
1521464,72751,1,1,0
4148472,72752,1,1,0
767896,72753,1,1,0
377648,72754,1,0,1
2001392,72755,1,1,0
1046736,72756,1,1,0
2001264,72757,1,1,0
3533880,72758,1,1,0
2197624,72759,1,1,0
1395144,72760,1,0,1
1586080,72761,1,0,1
2197808,72762,1,0,1
7619984,72763,1,0,1
783704,72764,1,1,0
5779288,72765,1,1,0
4877768,72766,1,1,0
3931672,72767,1,1,0
535280,72768,1,0,1
3657328,72769,1,1,0
7461072,72770,1,0,1
6346064,72771,1,1,0
1203048,72772,1,1,0
260160,72773,1,1,0
3230640,72774,1,1,0
5001392,72775,1,1,0
613184,72776,1,0,1
5355176,72777,1,0,1
7533976,72778,1,1,0
488872,72779,1,1,0
4197656,72780,1,0,1
2936360,72781,1,0,1
5557736,72782,1,1,0
4400656,72783,1,1,0
572880,72784,1,0,1
3599944,72785,1,0,1
267824,72786,1,0,1
1079208,72787,1,1,0
3222896,72788,1,1,0
5466848,72789,1,1,0
1697056,72790,1,1,0
2844576,72791,1,0,1
7438248,72792,1,1,0
325168,72793,1,1,0
1795824,72794,1,0,1
657752,72795,1,1,0
7382008,72796,1,1,0
1985496,72797,1,1,0
2304696,72798,1,1,0
1088904,72799,1,1,0
5598544,72800,1,1,0
342744,72801,1,1,0
510232,72802,1,0,1
533360,72803,1,0,1
3116664,72804,1,1,0
2222920,72805,1,0,1
1065720,72806,1,1,0
1349360,72807,1,1,0
2524640,72808,1,0,1
1576384,72809,1,0,1
141480,72810,1,0,1
3064544,72811,1,1,0
2232336,72812,1,0,1
3913952,72813,1,0,1
3104384,72814,1,1,0
1153792,72815,1,0,1
1167192,72816,1,1,0
2961496,72817,1,1,0
1850992,72818,1,0,1
3038512,72819,1,1,0
312080,72820,1,0,1
4969800,72821,1,1,0
1516136,72822,1,0,1
7570632,72823,1,0,1
644328,72824,1,1,0
521408,72825,1,0,1
2279776,72826,1,1,0
2583320,72827,1,1,0
437088,72828,1,1,0
4028848,72829,1,1,0
4993440,72830,1,1,0
4253520,72831,1,1,0
7568432,72832,1,0,1
226496,72833,1,1,0
8168160,72834,1,1,0
7148376,72835,1,1,0
1552840,72836,1,0,1
884408,72837,1,0,1
1430640,72838,1,1,0
589608,72839,1,1,0
2236040,72840,1,1,0
2031384,72841,1,0,1
5182384,72842,1,0,1
2834480,72843,1,1,0
3444936,72844,1,1,0
841288,72845,1,0,1
6550408,72846,1,0,1
971832,72847,1,0,1
2368152,72848,1,0,1
2225688,72849,1,1,0
2204792,72850,1,1,0
7494944,72851,1,1,0
408136,72852,1,1,0
1292872,72853,1,0,1
3637664,72854,1,1,0
4073544,72855,1,1,0
2975216,72856,1,1,0
3012376,72857,1,1,0
838144,72858,1,1,0
492256,72859,1,0,1
8271320,72860,1,0,1
4547296,72861,1,0,1
2397488,72862,1,1,0
766856,72863,1,0,1
1619160,72864,1,0,1
761496,72865,1,0,1
860528,72866,1,0,1
507936,72867,1,1,0
1036208,72868,1,1,0
1318232,72869,1,0,1
1581896,72870,1,1,0
860848,72871,1,1,0
1217736,72872,1,0,1
4146304,72873,1,0,1
1908168,72874,1,1,0
4811984,72875,1,0,1
228200,72876,1,0,1
967752,72877,1,1,0
4430952,72878,1,1,0
674912,72879,1,0,1
2050952,72880,1,0,1
2232216,72881,1,1,0
2813536,72882,1,0,1
358424,72883,1,0,1
7893264,72884,1,0,1
3025792,72885,1,0,1
6887928,72886,1,1,0
153320,72887,1,1,0
1848368,72888,1,1,0
677560,72889,1,1,0
5489848,72890,1,0,1
2378920,72891,1,1,0
1001576,72892,1,1,0
632760,72893,1,1,0
3604312,72894,1,0,1
5084016,72895,1,0,1
806320,72896,1,0,1
2388304,72897,1,1,0
718408,72898,1,0,1
710656,72899,1,0,1
736568,72900,1,0,1
1241296,72901,1,0,1
2795264,72902,1,0,1
3655360,72903,1,1,0
400808,72904,1,0,1
5210288,72905,1,1,0
468584,72906,1,1,0
3885840,72907,1,1,0
7848936,72908,1,0,1
3983416,72909,1,1,0
1061704,72910,1,1,0
1951856,72911,1,1,0
661080,72912,1,1,0
1830640,72913,1,0,1
1581720,72914,1,1,0
5268472,72915,1,1,0
5381744,72916,1,1,0
4105640,72917,1,0,1
2798176,72918,1,1,0
6970832,72919,1,1,0
3567720,72920,1,1,0
4278184,72921,1,1,0
464688,72922,1,0,1
720520,72923,1,0,1
1941696,72924,1,0,1
4358280,72925,1,1,0
441136,72926,1,0,1
3457416,72927,1,1,0
7340240,72928,1,1,0
1585096,72929,1,1,0
554576,72930,1,0,1
4465552,72931,1,0,1
2422440,72932,1,1,0
701392,72933,1,1,0
3860872,72934,1,0,1
3225976,72935,1,0,1
4968424,72936,1,1,0
1713560,72937,1,1,0
4495392,72938,1,0,1
1189624,72939,1,0,1
6980808,72940,1,0,1
4142088,72941,1,1,0
844696,72942,1,1,0
2077304,72943,1,1,0
692368,72944,1,1,0
7053880,72945,1,1,0
474032,72946,1,0,1
5372976,72947,1,1,0
4985864,72948,1,0,1
4469944,72949,1,1,0
7733096,72950,1,1,0
934776,72951,1,1,0
3074584,72952,1,0,1
4745848,72953,1,0,1
1023792,72954,1,0,1
6425808,72955,1,1,0
8362520,72956,1,1,0
1973752,72957,1,0,1
1126312,72958,1,0,1
7985536,72959,1,0,1
4264488,72960,1,0,1
2613544,72961,1,0,1
4029968,72962,1,0,1
1524392,72963,1,0,1
430552,72964,1,0,1
1045688,72965,1,1,0
3371096,72966,1,1,0
450088,72967,1,1,0
6498960,72968,1,0,1
1338216,72969,1,1,0
7786832,72970,1,0,1
3552592,72971,1,0,1
815744,72972,1,0,1
5255304,72973,1,1,0
3143600,72974,1,1,0
2081304,72975,1,0,1
3783448,72976,1,1,0
361648,72977,1,1,0
4313968,72978,1,0,1
2596064,72979,1,1,0
4913992,72980,1,1,0
3159680,72981,1,0,1
766712,72982,1,0,1
4481368,72983,1,1,0
575288,72984,1,1,0
5715976,72985,1,0,1
7043616,72986,1,0,1
614456,72987,1,0,1
2789696,72988,1,0,1
3502872,72989,1,0,1
3250472,72990,1,1,0
6810928,72991,1,1,0
897056,72992,1,0,1
5733384,72993,1,1,0
606608,72994,1,0,1
3458840,72995,1,1,0
6365672,72996,1,0,1
5016448,72997,1,0,1
5263496,72998,1,1,0
2068000,72999,1,1,0
7353624,73000,1,0,1
276056,73001,1,1,0
2365608,73002,1,0,1
1161856,73003,1,0,1
3325992,73004,1,0,1
518184,73005,1,1,0
2511552,73006,1,1,0
8379120,73007,1,1,0
4713520,73008,1,1,0
6310176,73009,1,0,1
1560712,73010,1,1,0
260296,73011,1,0,1
729744,73012,1,1,0
8083832,73013,1,0,1
4755464,73014,1,1,0
7985576,73015,1,1,0
5486896,73016,1,1,0
953848,73017,1,1,0
1559592,73018,1,0,1
460016,73019,1,1,0
6852616,73020,1,1,0
573984,73021,1,1,0
471448,73022,1,0,1
661816,73023,1,1,0
610744,73024,1,1,0
2715784,73025,1,1,0
5279640,73026,1,0,1
6721840,73027,1,1,0
824264,73028,1,0,1
3249152,73029,1,0,1
1583208,73030,1,0,1
1596880,73031,1,0,1
2989128,73032,1,1,0
3018784,73033,1,1,0
5286544,73034,1,0,1
133032,73035,1,1,0
4147232,73036,1,0,1
6670112,73037,1,1,0
6672392,73038,1,0,1
6989760,73039,1,0,1
1286096,73040,1,0,1
1351896,73041,1,0,1
4223408,73042,1,1,0
4827224,73043,1,1,0
5685456,73044,1,1,0
2514544,73045,1,1,0
408952,73046,1,0,1
120400,73047,1,1,0
2274768,73048,1,1,0
955544,73049,1,0,1
3394304,73050,1,1,0
5164192,73051,1,0,1
6207560,73052,1,1,0
4703248,73053,1,1,0
4649000,73054,1,1,0
5437568,73055,1,0,1
6840208,73056,1,0,1
6692696,73057,1,1,0
2274528,73058,1,1,0
5897544,73059,1,1,0
5328184,73060,1,0,1
1325440,73061,1,0,1
1670088,73062,1,1,0
1803176,73063,1,0,1
412216,73064,1,0,1
7108640,73065,1,0,1
1052984,73066,1,1,0
1406848,73067,1,1,0
2471384,73068,1,1,0
4023816,73069,1,1,0
1911832,73070,1,0,1
1161696,73071,1,1,0
4970288,73072,1,1,0
182336,73073,1,1,0
843400,73074,1,1,0
3834232,73075,1,0,1
7450400,73076,1,0,1
1121744,73077,1,1,0
144640,73078,1,0,1
164672,73079,1,0,1
4304696,73080,1,1,0
3111600,73081,1,1,0
2717392,73082,1,1,0
1433856,73083,1,0,1
4230128,73084,1,0,1
2904400,73085,1,1,0
6900816,73086,1,0,1
5235480,73087,1,1,0
8281944,73088,1,0,1
1090744,73089,1,0,1
4946752,73090,1,0,1
855824,73091,1,0,1
5706632,73092,1,1,0
1031624,73093,1,1,0
3884208,73094,1,0,1
325976,73095,1,1,0
3414664,73096,1,0,1
2875176,73097,1,0,1
1364824,73098,1,0,1
328784,73099,1,0,1
2214672,73100,1,1,0
2518736,73101,1,1,0
707856,73102,1,1,0
486560,73103,1,0,1
396072,73104,1,0,1
2737552,73105,1,0,1
1155480,73106,1,1,0
1120208,73107,1,0,1
857360,73108,1,1,0
4357432,73109,1,0,1
601344,73110,1,1,0
569176,73111,1,1,0
1006912,73112,1,1,0
1601136,73113,1,1,0
4521016,73114,1,0,1
2078368,73115,1,1,0
5876784,73116,1,1,0
2158256,73117,1,0,1
6552608,73118,1,1,0
2281432,73119,1,1,0
655544,73120,1,0,1
1112952,73121,1,0,1
856632,73122,1,0,1
5823608,73123,1,0,1
3949848,73124,1,1,0
2649144,73125,1,0,1
3265864,73126,1,1,0
639864,73127,1,0,1
7718016,73128,1,0,1
1040728,73129,1,1,0
2789368,73130,1,1,0
2741248,73131,1,0,1
625216,73132,1,0,1
141640,73133,1,0,1
1086624,73134,1,1,0
5964024,73135,1,1,0
1029376,73136,1,0,1
2138736,73137,1,1,0
3056616,73138,1,1,0
7169752,73139,1,0,1
55984,73140,1,1,0
1585992,73141,1,0,1
1140368,73142,1,1,0
6163056,73143,1,1,0
2547104,73144,1,1,0
2478448,73145,1,1,0
2574024,73146,1,0,1
59952,73147,1,1,0
1666552,73148,1,1,0
1882264,73149,1,0,1
1039512,73150,1,1,0
1941200,73151,1,1,0
425672,73152,1,1,0
3102760,73153,1,0,1
2205392,73154,1,1,0
684240,73155,1,1,0
413056,73156,1,0,1
7913984,73157,1,0,1
384416,73158,1,1,0
2572592,73159,1,1,0
1997088,73160,1,1,0
435144,73161,1,1,0
1426648,73162,1,0,1
526440,73163,1,1,0
3034256,73164,1,1,0
732024,73165,1,1,0
3291960,73166,1,1,0
5776680,73167,1,1,0
1584544,73168,1,0,1
1325192,73169,1,0,1
2161848,73170,1,1,0
1501584,73171,1,0,1
1056912,73172,1,0,1
1575088,73173,1,0,1
1455600,73174,1,1,0
3361192,73175,1,1,0
8299560,73176,1,1,0
1720272,73177,1,1,0
1521592,73178,1,1,0
1001768,73179,1,0,1
4422928,73180,1,1,0
323832,73181,1,0,1
1164624,73182,1,1,0
3265760,73183,1,1,0
1327232,73184,1,0,1
2244008,73185,1,0,1
789368,73186,1,1,0
1116200,73187,1,1,0
8293072,73188,1,0,1
1654064,73189,1,1,0
2103592,73190,1,1,0
5842672,73191,1,0,1
7168080,73192,1,0,1
2133704,73193,1,0,1
6417152,73194,1,0,1
4454816,73195,1,1,0
263176,73196,1,1,0
1864768,73197,1,1,0
5746368,73198,1,1,0
2578840,73199,1,0,1
6117576,73200,1,0,1
5939848,73201,1,1,0
1229064,73202,1,1,0
6817816,73203,1,0,1
7179680,73204,1,1,0
6496656,73205,1,0,1
5849592,73206,1,1,0
1650824,73207,1,1,0
5422904,73208,1,1,0
3767600,73209,1,0,1
1801080,73210,1,0,1
5010840,73211,1,1,0
1639536,73212,1,1,0
8385776,73213,1,0,1
1905760,73214,1,0,1
644624,73215,1,1,0
5429392,73216,1,1,0
2549096,73217,1,1,0
847128,73218,1,1,0
1351600,73219,1,0,1
548696,73220,1,0,1
5192528,73221,1,0,1
4882576,73222,1,0,1
756736,73223,1,0,1
6703552,73224,1,1,0
1520144,73225,1,0,1
3270304,73226,1,1,0
1276728,73227,1,0,1
8350032,73228,1,1,0
673936,73229,1,0,1
1294448,73230,1,1,0
3410376,73231,1,0,1
4491920,73232,1,0,1
394200,73233,1,0,1
1607032,73234,1,1,0
269984,73235,1,1,0
991224,73236,1,0,1
2151280,73237,1,1,0
1027736,73238,1,0,1
3000624,73239,1,1,0
716784,73240,1,0,1
1895904,73241,1,0,1
1287040,73242,1,1,0
462488,73243,1,1,0
7765968,73244,1,0,1
448448,73245,1,0,1
339384,73246,1,1,0
1070664,73247,1,0,1
1680984,73248,1,1,0
1331352,73249,1,0,1
4400408,73250,1,0,1
817536,73251,1,1,0
8059392,73252,1,0,1
1698344,73253,1,1,0
1477680,73254,1,1,0
3203800,73255,1,1,0
3625488,73256,1,0,1
479184,73257,1,0,1
2350656,73258,1,1,0
8373672,73259,1,1,0
624336,73260,1,0,1
3645528,73261,1,0,1
1869528,73262,1,1,0
1448456,73263,1,1,0
2351800,73264,1,1,0
2070496,73265,1,0,1
915544,73266,1,1,0
258584,73267,1,1,0
2470832,73268,1,0,1
858504,73269,1,0,1
1080872,73270,1,0,1
453752,73271,1,1,0
2633280,73272,1,0,1
428840,73273,1,0,1
4545944,73274,1,0,1
623584,73275,1,0,1
1239408,73276,1,1,0
4134128,73277,1,1,0
635120,73278,1,1,0
1071936,73279,1,1,0
1186616,73280,1,0,1
629952,73281,1,0,1
5303584,73282,1,1,0
372656,73283,1,1,0
5814024,73284,1,1,0
514136,73285,1,1,0
534864,73286,1,0,1
193000,73287,1,0,1
890600,73288,1,1,0
1213304,73289,1,0,1
5657392,73290,1,0,1
278344,73291,1,0,1
4664000,73292,1,1,0
6021200,73293,1,0,1
4192176,73294,1,1,0
1951864,73295,1,0,1
1144640,73296,1,0,1
6259368,73297,1,1,0
7417896,73298,1,0,1
177216,73299,1,1,0
263592,73300,1,0,1
6301272,73301,1,1,0
299960,73302,1,0,1
2600784,73303,1,0,1
1132488,73304,1,1,0
3394048,73305,1,0,1
1344880,73306,1,1,0
277408,73307,1,1,0
2373104,73308,1,0,1
4199136,73309,1,0,1
679568,73310,1,1,0
3115936,73311,1,1,0
1533168,73312,1,0,1
7347904,73313,1,1,0
7066904,73314,1,1,0
276288,73315,1,0,1
3417592,73316,1,1,0
1252832,73317,1,0,1
1402928,73318,1,0,1
894120,73319,1,1,0
632624,73320,1,1,0
1468040,73321,1,1,0
2941936,73322,1,0,1
4740336,73323,1,0,1
1616720,73324,1,1,0
506080,73325,1,0,1
541552,73326,1,0,1
3224008,73327,1,1,0
2468896,73328,1,1,0
7629648,73329,1,1,0
8132096,73330,1,0,1
3335608,73331,1,0,1
126704,73332,1,0,1
4451112,73333,1,1,0
2991816,73334,1,0,1
2236728,73335,1,0,1
2367368,73336,1,1,0
5628120,73337,1,1,0
263608,73338,1,0,1
1841208,73339,1,0,1
497080,73340,1,0,1
865672,73341,1,0,1
795216,73342,1,0,1
6214272,73343,1,1,0
1414656,73344,1,1,0
2314928,73345,1,0,1
3364448,73346,1,0,1
3634808,73347,1,1,0
6590168,73348,1,1,0
1225424,73349,1,1,0
6885048,73350,1,0,1
5713808,73351,1,1,0
208600,73352,1,0,1
392408,73353,1,0,1
6467568,73354,1,0,1
3341920,73355,1,1,0
2817872,73356,1,0,1
4756680,73357,1,1,0
859656,73358,1,0,1
985216,73359,1,1,0
2547480,73360,1,0,1
876208,73361,1,0,1
7195336,73362,1,0,1
707176,73363,1,0,1
5972848,73364,1,0,1
6010872,73365,1,1,0
7702392,73366,1,0,1
6594616,73367,1,0,1
442888,73368,1,0,1
7547088,73369,1,0,1
3285696,73370,1,1,0
316040,73371,1,1,0
6336664,73372,1,1,0
7645760,73373,1,1,0
554752,73374,1,0,1
3657880,73375,1,1,0
7773400,73376,1,0,1
5428760,73377,1,0,1
556272,73378,1,0,1
3225520,73379,1,1,0
2540864,73380,1,0,1
265704,73381,1,0,1
1104088,73382,1,1,0
467376,73383,1,1,0
2093024,73384,1,1,0
2635576,73385,1,0,1
4662864,73386,1,1,0
5991264,73387,1,1,0
6155448,73388,1,0,1
3171400,73389,1,0,1
755336,73390,1,1,0
895056,73391,1,1,0
192912,73392,1,1,0
2859832,73393,1,0,1
407312,73394,1,0,1
693664,73395,1,0,1
401760,73396,1,0,1
681056,73397,1,1,0
7594760,73398,1,0,1
3344000,73399,1,1,0
1320720,73400,1,1,0
6042032,73401,1,1,0
3940032,73402,1,0,1
785808,73403,1,0,1
1117072,73404,1,1,0
468840,73405,1,1,0
7010952,73406,1,0,1
712096,73407,1,1,0
4887184,73408,1,0,1
697416,73409,1,0,1
7732928,73410,1,0,1
786528,73411,1,0,1
376088,73412,1,1,0
393584,73413,1,1,0
279720,73414,1,0,1
3559896,73415,1,0,1
242688,73416,1,1,0
4604512,73417,1,0,1
3415088,73418,1,0,1
6178032,73419,1,1,0
344624,73420,1,1,0
3643648,73421,1,0,1
853592,73422,1,0,1
4354872,73423,1,1,0
1705088,73424,1,1,0
790816,73425,1,1,0
1001008,73426,1,0,1
1505928,73427,1,1,0
3139336,73428,1,1,0
302816,73429,1,1,0
1032824,73430,1,0,1
7125672,73431,1,1,0
1503944,73432,1,0,1
1437504,73433,1,1,0
5969616,73434,1,1,0
1038480,73435,1,1,0
885008,73436,1,1,0
390376,73437,1,0,1
2770240,73438,1,1,0
3629152,73439,1,1,0
2847584,73440,1,0,1
5211864,73441,1,1,0
139776,73442,1,1,0
3591536,73443,1,1,0
302024,73444,1,1,0
7681216,73445,1,0,1
1027760,73446,1,1,0
8301360,73447,1,1,0
6703744,73448,1,1,0
3744152,73449,1,0,1
1847048,73450,1,0,1
8376416,73451,1,1,0
401784,73452,1,1,0
6467120,73453,1,1,0
5307888,73454,1,0,1
3840984,73455,1,0,1
189016,73456,1,1,0
2794560,73457,1,0,1
3979032,73458,1,1,0
1602512,73459,1,0,1
955392,73460,1,0,1
1365056,73461,1,1,0
339496,73462,1,1,0
3835552,73463,1,0,1
5146184,73464,1,1,0
1066640,73465,1,1,0
8301840,73466,1,0,1
4412032,73467,1,0,1
7090856,73468,1,0,1
3686512,73469,1,0,1
3209584,73470,1,0,1
1643328,73471,1,1,0
781904,73472,1,1,0
3523648,73473,1,1,0
877616,73474,1,0,1
6264520,73475,1,0,1
415864,73476,1,0,1
3416192,73477,1,0,1
3511200,73478,1,0,1
478328,73479,1,1,0
1588792,73480,1,1,0
3253280,73481,1,0,1
2104920,73482,1,0,1
1350032,73483,1,0,1
4993016,73484,1,0,1
2016656,73485,1,0,1
7535240,73486,1,0,1
993848,73487,1,1,0
8032512,73488,1,1,0
4266952,73489,1,0,1
137472,73490,1,1,0
3009176,73491,1,0,1
3105368,73492,1,1,0
5271480,73493,1,1,0
2215032,73494,1,1,0
3195816,73495,1,0,1
7825704,73496,1,0,1
722584,73497,1,1,0
5995016,73498,1,1,0
4781624,73499,1,0,1
3811768,73500,1,1,0
794240,73501,1,0,1
6980120,73502,1,1,0
1217328,73503,1,0,1
3125208,73504,1,0,1
464512,73505,1,1,0
3812576,73506,1,0,1
2416376,73507,1,1,0
1006016,73508,1,0,1
1952744,73509,1,0,1
963272,73510,1,1,0
182840,73511,1,0,1
1383376,73512,1,1,0
1011520,73513,1,1,0
5604032,73514,1,1,0
5091400,73515,1,1,0
1036824,73516,1,0,1
3302888,73517,1,0,1
1396040,73518,1,0,1
3083656,73519,1,1,0
4848912,73520,1,1,0
1098232,73521,1,0,1
3576560,73522,1,1,0
6089008,73523,1,0,1
399832,73524,1,1,0
6242560,73525,1,1,0
2778824,73526,1,1,0
8131568,73527,1,1,0
1912576,73528,1,0,1
3537088,73529,1,1,0
2924968,73530,1,0,1
5441400,73531,1,0,1
785376,73532,1,0,1
781152,73533,1,0,1
3723880,73534,1,1,0
8048040,73535,1,1,0
7275008,73536,1,1,0
3541864,73537,1,0,1
1543904,73538,1,0,1
7854304,73539,1,0,1
1388456,73540,1,1,0
163104,73541,1,1,0
123192,73542,1,1,0
7363368,73543,1,1,0
1921400,73544,1,1,0
585440,73545,1,0,1
2312272,73546,1,1,0
317040,73547,1,0,1
1208496,73548,1,1,0
3712936,73549,1,1,0
987712,73550,1,0,1
2482192,73551,1,1,0
2131656,73552,1,1,0
6645632,73553,1,0,1
6798144,73554,1,1,0
1898424,73555,1,1,0
1109576,73556,1,1,0
8150240,73557,1,0,1
1347304,73558,1,1,0
6153528,73559,1,1,0
1994568,73560,1,0,1
3078048,73561,1,0,1
5366528,73562,1,0,1
424952,73563,1,1,0
3042840,73564,1,0,1
3422784,73565,1,0,1
5905808,73566,1,1,0
7826984,73567,1,1,0
1826872,73568,1,0,1
166248,73569,1,1,0
3997664,73570,1,0,1
6172088,73571,1,0,1
4760344,73572,1,1,0
2439392,73573,1,0,1
151392,73574,1,1,0
4356368,73575,1,1,0
4323160,73576,1,0,1
5421608,73577,1,0,1
5842416,73578,1,1,0
1582272,73579,1,0,1
860576,73580,1,0,1
1676408,73581,1,0,1
923608,73582,1,0,1
194216,73583,1,1,0
1278096,73584,1,1,0
1717848,73585,1,0,1
4833624,73586,1,1,0
1690072,73587,1,0,1
562872,73588,1,0,1
4320360,73589,1,1,0
1668744,73590,1,0,1
2995376,73591,1,1,0
715632,73592,1,0,1
8090040,73593,1,1,0
3797168,73594,1,0,1
141632,73595,1,1,0
3555192,73596,1,0,1
1070536,73597,1,1,0
3711504,73598,1,1,0
725776,73599,1,1,0
2774512,73600,1,1,0
975640,73601,1,0,1
5139776,73602,1,1,0
419952,73603,1,1,0
217728,73604,1,1,0
1108408,73605,1,0,1
670760,73606,1,1,0
5279912,73607,1,1,0
46424,73608,1,0,1
1706720,73609,1,1,0
870616,73610,1,1,0
1738096,73611,1,1,0
3801176,73612,1,0,1
4998832,73613,1,1,0
931976,73614,1,1,0
6510376,73615,1,1,0
5308280,73616,1,1,0
2901736,73617,1,0,1
261448,73618,1,1,0
706656,73619,1,0,1
2928160,73620,1,1,0
3986640,73621,1,0,1
4140744,73622,1,1,0
4121136,73623,1,1,0
5175832,73624,1,0,1
4345368,73625,1,0,1
6521160,73626,1,0,1
1928016,73627,1,0,1
4986312,73628,1,0,1
233304,73629,1,1,0
869640,73630,1,1,0
2962320,73631,1,0,1
4780200,73632,1,0,1
7985160,73633,1,1,0
3319064,73634,1,1,0
1036048,73635,1,0,1
5906200,73636,1,0,1
494632,73637,1,1,0
1641816,73638,1,0,1
1576448,73639,1,0,1
5820312,73640,1,1,0
4432512,73641,1,0,1
882328,73642,1,0,1
4418064,73643,1,1,0
3341136,73644,1,1,0
5110424,73645,1,1,0
1528504,73646,1,1,0
3125328,73647,1,0,1
955312,73648,1,0,1
1111696,73649,1,1,0
1826976,73650,1,1,0
2597432,73651,1,1,0
3148568,73652,1,1,0
221024,73653,1,0,1
623248,73654,1,0,1
530552,73655,1,1,0
4372672,73656,1,1,0
1493784,73657,1,1,0
6377456,73658,1,0,1
1003968,73659,1,0,1
6859296,73660,1,1,0
493504,73661,1,1,0
2049568,73662,1,0,1
468272,73663,1,1,0
1271184,73664,1,0,1
527336,73665,1,0,1
76512,73666,1,1,0
592352,73667,1,1,0
196656,73668,1,1,0
2872384,73669,1,0,1
110040,73670,1,1,0
1577624,73671,1,1,0
6690104,73672,1,0,1
5820616,73673,1,0,1
633000,73674,1,1,0
616160,73675,1,0,1
1564176,73676,1,0,1
1532712,73677,1,1,0
1630112,73678,1,1,0
598520,73679,1,0,1
1516920,73680,1,0,1
5399472,73681,1,1,0
7739144,73682,1,0,1
8074736,73683,1,0,1
1337048,73684,1,0,1
1887152,73685,1,0,1
3418016,73686,1,0,1
3548624,73687,1,1,0
2461640,73688,1,0,1
1178080,73689,1,1,0
249936,73690,1,1,0
2255152,73691,1,0,1
3319792,73692,1,1,0
4551680,73693,1,1,0
6635792,73694,1,1,0
7225688,73695,1,0,1
2024680,73696,1,0,1
5989008,73697,1,0,1
7779504,73698,1,1,0
2099480,73699,1,1,0
706600,73700,1,0,1
6778592,73701,1,1,0
4160072,73702,1,0,1
3753832,73703,1,0,1
3969672,73704,1,1,0
3579168,73705,1,1,0
8152520,73706,1,1,0
4608384,73707,1,0,1
331168,73708,1,0,1
5253864,73709,1,1,0
1386320,73710,1,1,0
176960,73711,1,1,0
145168,73712,1,1,0
7037360,73713,1,1,0
861680,73714,1,0,1
5119088,73715,1,1,0
3412656,73716,1,1,0
8054896,73717,1,0,1
4568872,73718,1,0,1
3052472,73719,1,1,0
6933600,73720,1,0,1
5162192,73721,1,0,1
4750056,73722,1,1,0
1484856,73723,1,1,0
3310800,73724,1,0,1
3783712,73725,1,1,0
1728040,73726,1,1,0
6913608,73727,1,0,1
6079280,73728,1,1,0
3561432,73729,1,0,1
4213896,73730,1,1,0
2065336,73731,1,0,1
7569744,73732,1,0,1
2588376,73733,1,1,0
265096,73734,1,0,1
595136,73735,1,0,1
1143560,73736,1,0,1
5821400,73737,1,1,0
3064104,73738,1,1,0
3293672,73739,1,0,1
3357552,73740,1,0,1
1923160,73741,1,1,0
4081504,73742,1,1,0
4061176,73743,1,0,1
1319408,73744,1,1,0
4556648,73745,1,1,0
3170560,73746,1,1,0
675984,73747,1,0,1
192952,73748,1,1,0
1442920,73749,1,1,0
5532640,73750,1,0,1
707664,73751,1,0,1
8109656,73752,1,0,1
1377432,73753,1,1,0
7340416,73754,1,0,1
7672368,73755,1,1,0
1938752,73756,1,1,0
2729560,73757,1,0,1
1332496,73758,1,0,1
1118256,73759,1,1,0
4033648,73760,1,1,0
3754320,73761,1,1,0
1618472,73762,1,0,1
1178104,73763,1,1,0
1054976,73764,1,0,1
5541848,73765,1,1,0
272248,73766,1,1,0
2048656,73767,1,0,1
4475576,73768,1,1,0
1558832,73769,1,1,0
1367584,73770,1,1,0
1125720,73771,1,0,1
6617440,73772,1,0,1
6973304,73773,1,1,0
5579384,73774,1,0,1
1129240,73775,1,0,1
2947840,73776,1,0,1
3234136,73777,1,1,0
620280,73778,1,1,0
426176,73779,1,1,0
2132376,73780,1,1,0
7353872,73781,1,1,0
7876568,73782,1,0,1
2569296,73783,1,1,0
787184,73784,1,0,1
904904,73785,1,0,1
6739136,73786,1,1,0
7127232,73787,1,0,1
2346408,73788,1,1,0
188784,73789,1,0,1
1198272,73790,1,1,0
5642752,73791,1,0,1
1813808,73792,1,0,1
5879000,73793,1,0,1
7218864,73794,1,1,0
862680,73795,1,0,1
150848,73796,1,1,0
5611488,73797,1,1,0
2466112,73798,1,0,1
1167360,73799,1,0,1
771512,73800,1,1,0
2921712,73801,1,1,0
2021816,73802,1,1,0
2799480,73803,1,1,0
2098392,73804,1,0,1
2729216,73805,1,0,1
3131920,73806,1,1,0
4032776,73807,1,0,1
393984,73808,1,1,0
458720,73809,1,0,1
1212696,73810,1,1,0
3754376,73811,1,0,1
2077536,73812,1,0,1
3955296,73813,1,0,1
2785000,73814,1,0,1
6565136,73815,1,0,1
2487456,73816,1,1,0
743632,73817,1,1,0
732800,73818,1,1,0
4261152,73819,1,0,1
4077624,73820,1,0,1
682272,73821,1,0,1
3082272,73822,1,1,0
970632,73823,1,0,1
4706456,73824,1,1,0
8121560,73825,1,0,1
438040,73826,1,0,1
917344,73827,1,0,1
2327920,73828,1,0,1
1209696,73829,1,1,0
7862352,73830,1,0,1
209272,73831,1,1,0
7117504,73832,1,1,0
3379984,73833,1,0,1
201424,73834,1,1,0
2625888,73835,1,1,0
8012696,73836,1,0,1
393928,73837,1,0,1
7731776,73838,1,0,1
4033760,73839,1,1,0
908296,73840,1,0,1
559400,73841,1,0,1
822248,73842,1,0,1
2679208,73843,1,0,1
450000,73844,1,1,0
4329736,73845,1,0,1
1681120,73846,1,1,0
2508808,73847,1,1,0
3512144,73848,1,0,1
7377504,73849,1,0,1
1350392,73850,1,0,1
645144,73851,1,1,0
1120248,73852,1,0,1
5250768,73853,1,0,1
3014920,73854,1,1,0
1453248,73855,1,1,0
820496,73856,1,1,0
7185032,73857,1,0,1
1790624,73858,1,0,1
1749464,73859,1,0,1
1182456,73860,1,0,1
358024,73861,1,0,1
923144,73862,1,0,1
4499928,73863,1,1,0
1474768,73864,1,0,1
4789528,73865,1,1,0
5526712,73866,1,0,1
7994168,73867,1,0,1
111616,73868,1,0,1
1812368,73869,1,0,1
4105048,73870,1,1,0
1492808,73871,1,0,1
3657840,73872,1,1,0
3125360,73873,1,1,0
4080680,73874,1,0,1
1094800,73875,1,0,1
2602312,73876,1,0,1
555544,73877,1,1,0
1168432,73878,1,0,1
1952400,73879,1,0,1
302568,73880,1,1,0
149520,73881,1,1,0
8353928,73882,1,1,0
6488520,73883,1,0,1
5023920,73884,1,1,0
265392,73885,1,0,1
4193872,73886,1,0,1
1462904,73887,1,1,0
667752,73888,1,1,0
2300408,73889,1,0,1
2361552,73890,1,1,0
6545800,73891,1,0,1
865224,73892,1,1,0
3688008,73893,1,0,1
7510824,73894,1,1,0
7561248,73895,1,0,1
594352,73896,1,1,0
175272,73897,1,0,1
196584,73898,1,0,1
372192,73899,1,1,0
1900168,73900,1,1,0
543696,73901,1,0,1
2738536,73902,1,1,0
6029272,73903,1,1,0
798136,73904,1,1,0
381920,73905,1,1,0
2207056,73906,1,0,1
4359328,73907,1,0,1
1673832,73908,1,1,0
1653576,73909,1,1,0
126544,73910,1,1,0
8221624,73911,1,1,0
1063232,73912,1,0,1
5944040,73913,1,1,0
7194856,73914,1,0,1
5449240,73915,1,1,0
392680,73916,1,0,1
5091600,73917,1,0,1
7179176,73918,1,1,0
3218480,73919,1,0,1
2257240,73920,1,1,0
2100944,73921,1,1,0
6049008,73922,1,0,1
4036520,73923,1,0,1
1881952,73924,1,0,1
5003264,73925,1,1,0
2616408,73926,1,1,0
752360,73927,1,0,1
2796120,73928,1,1,0
4073152,73929,1,0,1
1573968,73930,1,0,1
6766368,73931,1,0,1
1760040,73932,1,1,0
1549576,73933,1,1,0
1313504,73934,1,1,0
2016280,73935,1,0,1
407872,73936,1,1,0
5705920,73937,1,0,1
3668496,73938,1,0,1
1145024,73939,1,0,1
3189912,73940,1,1,0
1130272,73941,1,0,1
3109704,73942,1,0,1
4422808,73943,1,1,0
741304,73944,1,0,1
7634128,73945,1,1,0
1846536,73946,1,1,0
6501384,73947,1,0,1
3141344,73948,1,1,0
210848,73949,1,0,1
3278728,73950,1,0,1
1979160,73951,1,1,0
1925128,73952,1,0,1
624552,73953,1,0,1
591064,73954,1,0,1
3734984,73955,1,0,1
1291864,73956,1,1,0
2751944,73957,1,1,0
3612592,73958,1,0,1
6167096,73959,1,0,1
4669240,73960,1,0,1
3202928,73961,1,1,0
3325600,73962,1,0,1
1268568,73963,1,1,0
5004920,73964,1,0,1
758576,73965,1,1,0
3635464,73966,1,1,0
2315168,73967,1,0,1
7434232,73968,1,0,1
7847616,73969,1,0,1
659248,73970,1,1,0
426392,73971,1,1,0
554992,73972,1,0,1
2005160,73973,1,0,1
343456,73974,1,1,0
1479752,73975,1,1,0
3080960,73976,1,0,1
781712,73977,1,1,0
536040,73978,1,0,1
3772320,73979,1,0,1
4559472,73980,1,1,0
3165616,73981,1,0,1
5303944,73982,1,0,1
5342392,73983,1,0,1
2185416,73984,1,1,0
5570888,73985,1,0,1
5374064,73986,1,1,0
3467752,73987,1,0,1
897808,73988,1,0,1
5620280,73989,1,0,1
483728,73990,1,1,0
1025352,73991,1,0,1
598816,73992,1,0,1
1186064,73993,1,1,0
7832864,73994,1,1,0
2335824,73995,1,1,0
4162832,73996,1,0,1
5570744,73997,1,1,0
2244688,73998,1,1,0
1549160,73999,1,1,0
6954568,74000,1,0,1
730320,74001,1,1,0
502232,74002,1,1,0
1990912,74003,1,0,1
1829200,74004,1,0,1
4645736,74005,1,1,0
7065728,74006,1,0,1
4262656,74007,1,1,0
3954184,74008,1,0,1
4796144,74009,1,0,1
380616,74010,1,0,1
2039080,74011,1,0,1
6776352,74012,1,1,0
2330776,74013,1,1,0
1737568,74014,1,0,1
714144,74015,1,1,0
443536,74016,1,1,0
1900984,74017,1,1,0
276832,74018,1,1,0
3984344,74019,1,1,0
4067200,74020,1,1,0
2579104,74021,1,1,0
1470584,74022,1,0,1
6773512,74023,1,1,0
1602448,74024,1,1,0
5153440,74025,1,1,0
2339848,74026,1,1,0
897528,74027,1,0,1
566064,74028,1,0,1
4496120,74029,1,1,0
6283944,74030,1,1,0
2285920,74031,1,1,0
1202128,74032,1,1,0
552440,74033,1,1,0
494472,74034,1,0,1
1173512,74035,1,1,0
932576,74036,1,0,1
2713992,74037,1,1,0
1629120,74038,1,1,0
2038944,74039,1,0,1
5325072,74040,1,0,1
2299216,74041,1,1,0
1472664,74042,1,0,1
2609648,74043,1,1,0
2213208,74044,1,0,1
3784856,74045,1,1,0
1755712,74046,1,1,0
457112,74047,1,1,0
976680,74048,1,1,0
7749536,74049,1,0,1
4356344,74050,1,0,1
2805120,74051,1,1,0
7561960,74052,1,0,1
6620776,74053,1,0,1
346048,74054,1,1,0
3949328,74055,1,1,0
2030288,74056,1,1,0
2701600,74057,1,1,0
3481352,74058,1,0,1
111032,74059,1,1,0
2339656,74060,1,1,0
1294760,74061,1,0,1
2785528,74062,1,0,1
268272,74063,1,0,1
927064,74064,1,0,1
8206328,74065,1,1,0
7488880,74066,1,0,1
1167384,74067,1,0,1
1546744,74068,1,1,0
5040448,74069,1,1,0
1525568,74070,1,1,0
1127280,74071,1,0,1
3148112,74072,1,1,0
3421976,74073,1,0,1
4348600,74074,1,0,1
882536,74075,1,1,0
7863936,74076,1,1,0
1391800,74077,1,0,1
1354696,74078,1,1,0
6412504,74079,1,1,0
640504,74080,1,1,0
2054912,74081,1,1,0
582920,74082,1,1,0
8233424,74083,1,1,0
280320,74084,1,1,0
1286288,74085,1,1,0
1103656,74086,1,0,1
434192,74087,1,1,0
988344,74088,1,1,0
4708360,74089,1,0,1
1740432,74090,1,1,0
729160,74091,1,1,0
1491000,74092,1,0,1
469800,74093,1,0,1
322024,74094,1,1,0
3957104,74095,1,0,1
5461760,74096,1,1,0
4974272,74097,1,0,1
2331216,74098,1,0,1
3634040,74099,1,1,0
1551496,74100,1,0,1
5414992,74101,1,1,0
3667976,74102,1,0,1
403776,74103,1,1,0
2258912,74104,1,1,0
4672968,74105,1,1,0
5617176,74106,1,1,0
7933312,74107,1,0,1
7987120,74108,1,1,0
5590584,74109,1,1,0
2131560,74110,1,0,1
1057216,74111,1,1,0
727792,74112,1,1,0
1695776,74113,1,1,0
3118080,74114,1,1,0
3629016,74115,1,1,0
2891640,74116,1,0,1
4265184,74117,1,1,0
5437176,74118,1,0,1
1863920,74119,1,1,0
362536,74120,1,1,0
1946464,74121,1,1,0
1057296,74122,1,1,0
3823232,74123,1,1,0
1274152,74124,1,0,1
5061864,74125,1,0,1
948448,74126,1,0,1
3311472,74127,1,1,0
3011112,74128,1,0,1
3853920,74129,1,0,1
4852984,74130,1,1,0
7854736,74131,1,1,0
1098976,74132,1,1,0
4781440,74133,1,1,0
3389392,74134,1,1,0
3050792,74135,1,1,0
594104,74136,1,0,1
1256736,74137,1,1,0
4088536,74138,1,1,0
5510656,74139,1,0,1
3064096,74140,1,0,1
5671784,74141,1,0,1
7495384,74142,1,0,1
5143240,74143,1,1,0
2061624,74144,1,0,1
1626912,74145,1,1,0
4204080,74146,1,0,1
1741688,74147,1,0,1
2803624,74148,1,1,0
2358416,74149,1,0,1
1938304,74150,1,1,0
954664,74151,1,0,1
1542392,74152,1,0,1
1274520,74153,1,1,0
332648,74154,1,0,1
932568,74155,1,1,0
625776,74156,1,1,0
2262584,74157,1,0,1
3863520,74158,1,1,0
2199216,74159,1,1,0
830808,74160,1,1,0
6709008,74161,1,0,1
2252072,74162,1,0,1
867280,74163,1,1,0
3653416,74164,1,1,0
392464,74165,1,0,1
1950176,74166,1,0,1
625824,74167,1,1,0
1247232,74168,1,1,0
2261712,74169,1,1,0
4239008,74170,1,0,1
448432,74171,1,0,1
4853424,74172,1,1,0
5288160,74173,1,1,0
7893928,74174,1,0,1
1828056,74175,1,1,0
632032,74176,1,1,0
2436216,74177,1,0,1
399488,74178,1,0,1
600832,74179,1,1,0
302432,74180,1,1,0
7495520,74181,1,0,1
5506368,74182,1,1,0
2478048,74183,1,0,1
2187280,74184,1,1,0
749696,74185,1,1,0
5855192,74186,1,0,1
1743312,74187,1,0,1
2476712,74188,1,0,1
2243816,74189,1,0,1
1899224,74190,1,1,0
2061288,74191,1,0,1
622752,74192,1,0,1
429864,74193,1,0,1
4740496,74194,1,0,1
1891232,74195,1,1,0
1068768,74196,1,1,0
6464256,74197,1,0,1
4416592,74198,1,0,1
877816,74199,1,0,1
5464728,74200,1,1,0
199224,74201,1,0,1
1379552,74202,1,1,0
4832176,74203,1,0,1
1049808,74204,1,0,1
5383272,74205,1,0,1
7099592,74206,1,1,0
4594736,74207,1,1,0
1006384,74208,1,0,1
1648992,74209,1,1,0
4876584,74210,1,1,0
3572880,74211,1,1,0
5017360,74212,1,1,0
5565112,74213,1,0,1
1209424,74214,1,1,0
4925760,74215,1,1,0
2079896,74216,1,1,0
2287632,74217,1,1,0
3088432,74218,1,1,0
3410488,74219,1,1,0
2562856,74220,1,1,0
219080,74221,1,0,1
8002968,74222,1,1,0
3816472,74223,1,1,0
897752,74224,1,0,1
1052800,74225,1,0,1
7330312,74226,1,1,0
2931128,74227,1,0,1
1230464,74228,1,1,0
1735016,74229,1,1,0
7471968,74230,1,1,0
2469152,74231,1,1,0
3023296,74232,1,1,0
1636352,74233,1,0,1
1111608,74234,1,0,1
97328,74235,1,1,0
2165288,74236,1,0,1
7501176,74237,1,0,1
2992416,74238,1,0,1
542720,74239,1,0,1
5176904,74240,1,1,0
4323072,74241,1,1,0
4947568,74242,1,1,0
531352,74243,1,0,1
583344,74244,1,0,1
2861600,74245,1,1,0
3550488,74246,1,0,1
7642168,74247,1,0,1
4626368,74248,1,1,0
672272,74249,1,1,0
3384168,74250,1,0,1
2341696,74251,1,1,0
232712,74252,1,0,1
3537536,74253,1,0,1
1627312,74254,1,0,1
2512336,74255,1,1,0
243312,74256,1,1,0
1041120,74257,1,0,1
1818152,74258,1,0,1
201096,74259,1,1,0
5181608,74260,1,0,1
1432160,74261,1,1,0
3971560,74262,1,1,0
1055808,74263,1,1,0
2226152,74264,1,1,0
814408,74265,1,1,0
1480008,74266,1,1,0
3393688,74267,1,1,0
6111584,74268,1,0,1
2835144,74269,1,0,1
627704,74270,1,0,1
3700168,74271,1,1,0
5668552,74272,1,0,1
5693072,74273,1,0,1
1450904,74274,1,1,0
7676088,74275,1,0,1
2869336,74276,1,1,0
6221384,74277,1,1,0
7746424,74278,1,0,1
3376312,74279,1,0,1
4033984,74280,1,1,0
6936712,74281,1,0,1
107544,74282,1,0,1
8342712,74283,1,1,0
2547344,74284,1,1,0
495104,74285,1,0,1
568264,74286,1,0,1
3897360,74287,1,0,1
3421232,74288,1,1,0
6217344,74289,1,1,0
1584296,74290,1,0,1
277224,74291,1,1,0
1102280,74292,1,0,1
5174328,74293,1,0,1
3492576,74294,1,0,1
460648,74295,1,0,1
6978336,74296,1,1,0
1132432,74297,1,0,1
196536,74298,1,0,1
1226424,74299,1,0,1
4072528,74300,1,0,1
1042624,74301,1,0,1
8249096,74302,1,0,1
1074688,74303,1,1,0
557504,74304,1,0,1
2354552,74305,1,1,0
665664,74306,1,1,0
7805456,74307,1,1,0
7710352,74308,1,0,1
338120,74309,1,0,1
1881800,74310,1,1,0
345904,74311,1,1,0
5398952,74312,1,0,1
4674616,74313,1,1,0
1675960,74314,1,1,0
6730768,74315,1,0,1
6701744,74316,1,0,1
6149736,74317,1,1,0
2613760,74318,1,0,1
1033624,74319,1,1,0
4441832,74320,1,0,1
4193960,74321,1,0,1
854152,74322,1,0,1
4877040,74323,1,1,0
1766536,74324,1,0,1
2335440,74325,1,0,1
5636440,74326,1,1,0
6527216,74327,1,1,0
5353264,74328,1,0,1
1267392,74329,1,0,1
2171128,74330,1,1,0
4386216,74331,1,1,0
4287104,74332,1,1,0
777560,74333,1,1,0
6329736,74334,1,0,1
3467504,74335,1,1,0
4199920,74336,1,1,0
1679864,74337,1,1,0
3614144,74338,1,1,0
6676752,74339,1,0,1
3579608,74340,1,1,0
4636768,74341,1,0,1
2766840,74342,1,1,0
5223208,74343,1,0,1
7427256,74344,1,0,1
1360008,74345,1,0,1
570616,74346,1,1,0
3917040,74347,1,0,1
6729392,74348,1,0,1
1989800,74349,1,0,1
724456,74350,1,0,1
2672232,74351,1,0,1
3766664,74352,1,0,1
1783752,74353,1,1,0
1850488,74354,1,1,0
2790616,74355,1,1,0
6277824,74356,1,0,1
1196008,74357,1,0,1
6777584,74358,1,1,0
1472968,74359,1,1,0
1060728,74360,1,1,0
3215632,74361,1,0,1
1658416,74362,1,0,1
321656,74363,1,0,1
3497832,74364,1,0,1
7833832,74365,1,0,1
2868752,74366,1,1,0
1375720,74367,1,1,0
1078312,74368,1,1,0
5896928,74369,1,0,1
535264,74370,1,1,0
5389768,74371,1,0,1
2704544,74372,1,1,0
3862528,74373,1,0,1
3348648,74374,1,1,0
1152096,74375,1,0,1
4551176,74376,1,0,1
791992,74377,1,1,0
1705904,74378,1,1,0
1652920,74379,1,1,0
4006976,74380,1,1,0
1966304,74381,1,0,1
412232,74382,1,0,1
3474400,74383,1,0,1
630008,74384,1,1,0
709320,74385,1,0,1
4641744,74386,1,0,1
1978280,74387,1,1,0
290408,74388,1,1,0
6140520,74389,1,1,0
614264,74390,1,0,1
2333816,74391,1,1,0
1266152,74392,1,0,1
4456944,74393,1,0,1
6929848,74394,1,1,0
4242768,74395,1,0,1
2225672,74396,1,1,0
349408,74397,1,1,0
399232,74398,1,0,1
4226784,74399,1,1,0
1167576,74400,1,1,0
5969904,74401,1,1,0
477344,74402,1,1,0
3587528,74403,1,0,1
3389056,74404,1,1,0
615104,74405,1,0,1
1199336,74406,1,1,0
243144,74407,1,1,0
2141800,74408,1,0,1
6131424,74409,1,1,0
1258008,74410,1,0,1
8373632,74411,1,0,1
5674280,74412,1,0,1
6986296,74413,1,0,1
7185184,74414,1,0,1
575896,74415,1,1,0
4999104,74416,1,1,0
6063144,74417,1,1,0
600072,74418,1,1,0
669960,74419,1,0,1
5752936,74420,1,1,0
3577384,74421,1,1,0
989224,74422,1,1,0
432888,74423,1,0,1
877832,74424,1,1,0
1490512,74425,1,0,1
4467680,74426,1,1,0
7318232,74427,1,0,1
1846008,74428,1,1,0
5189120,74429,1,1,0
1626512,74430,1,0,1
3351200,74431,1,1,0
3589048,74432,1,1,0
178032,74433,1,0,1
2592560,74434,1,0,1
2059184,74435,1,1,0
181992,74436,1,1,0
290808,74437,1,1,0
2561224,74438,1,0,1
1217776,74439,1,1,0
2272344,74440,1,1,0
2689488,74441,1,0,1
285368,74442,1,0,1
5668512,74443,1,1,0
4803520,74444,1,1,0
91488,74445,1,0,1
2760624,74446,1,0,1
744576,74447,1,1,0
1018776,74448,1,1,0
3460040,74449,1,1,0
6197216,74450,1,0,1
2289392,74451,1,0,1
5170688,74452,1,0,1
368528,74453,1,1,0
4354664,74454,1,1,0
655248,74455,1,0,1
3655288,74456,1,0,1
647344,74457,1,1,0
2063656,74458,1,0,1
2437368,74459,1,1,0
1381864,74460,1,0,1
6429632,74461,1,0,1
1470112,74462,1,1,0
5624808,74463,1,1,0
2659224,74464,1,0,1
1051760,74465,1,1,0
2713600,74466,1,0,1
6884824,74467,1,1,0
1872040,74468,1,0,1
2151592,74469,1,1,0
1892480,74470,1,1,0
1125832,74471,1,1,0
5194568,74472,1,1,0
1738768,74473,1,0,1
6788384,74474,1,1,0
997752,74475,1,1,0
591976,74476,1,0,1
6405928,74477,1,0,1
1570168,74478,1,0,1
2754608,74479,1,0,1
5108976,74480,1,1,0
4134480,74481,1,1,0
1317648,74482,1,0,1
7063560,74483,1,1,0
6298000,74484,1,1,0
4835448,74485,1,1,0
1010800,74486,1,0,1
827496,74487,1,1,0
3791552,74488,1,0,1
619160,74489,1,0,1
7134120,74490,1,0,1
1819648,74491,1,1,0
2246200,74492,1,1,0
467432,74493,1,0,1
5221136,74494,1,0,1
1798800,74495,1,1,0
1236016,74496,1,1,0
2237200,74497,1,1,0
3506872,74498,1,1,0
4027552,74499,1,0,1
1134104,74500,1,1,0
1387624,74501,1,0,1
1692472,74502,1,0,1
5126312,74503,1,0,1
868784,74504,1,0,1
8284880,74505,1,1,0
267848,74506,1,1,0
328088,74507,1,0,1
1370752,74508,1,1,0
976704,74509,1,1,0
1120272,74510,1,1,0
2028320,74511,1,0,1
1642832,74512,1,1,0
1251808,74513,1,1,0
6207696,74514,1,1,0
5165472,74515,1,1,0
343216,74516,1,1,0
6573200,74517,1,0,1
5247888,74518,1,0,1
289368,74519,1,0,1
7420512,74520,1,1,0
772864,74521,1,0,1
2881008,74522,1,0,1
3341640,74523,1,0,1
427632,74524,1,0,1
8257312,74525,1,1,0
2059360,74526,1,0,1
2246208,74527,1,0,1
275064,74528,1,0,1
6993336,74529,1,1,0
943336,74530,1,0,1
271864,74531,1,0,1
6853072,74532,1,0,1
1936712,74533,1,1,0
4240184,74534,1,0,1
1680344,74535,1,0,1
1947520,74536,1,0,1
4249256,74537,1,0,1
4863056,74538,1,1,0
1435840,74539,1,1,0
262096,74540,1,0,1
3877952,74541,1,0,1
4272712,74542,1,0,1
1234920,74543,1,0,1
4642848,74544,1,0,1
1216592,74545,1,0,1
1512968,74546,1,0,1
745048,74547,1,1,0
427888,74548,1,1,0
6965056,74549,1,1,0
1355056,74550,1,0,1
1483136,74551,1,0,1
588632,74552,1,0,1
6874520,74553,1,1,0
539608,74554,1,1,0
4012192,74555,1,0,1
624976,74556,1,0,1
1098592,74557,1,0,1
4566584,74558,1,1,0
362416,74559,1,0,1
939120,74560,1,1,0
3479784,74561,1,0,1
4514656,74562,1,1,0
1260896,74563,1,1,0
7537912,74564,1,1,0
1309272,74565,1,1,0
958464,74566,1,0,1
4777880,74567,1,0,1
2318704,74568,1,0,1
200952,74569,1,1,0
815200,74570,1,1,0
7534504,74571,1,1,0
2650952,74572,1,0,1
3328456,74573,1,0,1
3776496,74574,1,0,1
5496944,74575,1,0,1
483360,74576,1,0,1
6172632,74577,1,0,1
7512640,74578,1,1,0
4054600,74579,1,1,0
1934512,74580,1,1,0
7000592,74581,1,0,1
159888,74582,1,1,0
1538600,74583,1,0,1
1454776,74584,1,0,1
1387072,74585,1,1,0
322864,74586,1,1,0
476936,74587,1,0,1
8155376,74588,1,1,0
4197848,74589,1,0,1
483816,74590,1,0,1
3453832,74591,1,1,0
2070824,74592,1,1,0
2533256,74593,1,1,0
2314168,74594,1,0,1
2178408,74595,1,0,1
5212088,74596,1,0,1
479280,74597,1,0,1
1327248,74598,1,1,0
2243968,74599,1,1,0
459536,74600,1,0,1
6360784,74601,1,1,0
1499152,74602,1,1,0
6145080,74603,1,0,1
2602400,74604,1,0,1
3985464,74605,1,1,0
1326880,74606,1,1,0
6673944,74607,1,0,1
1599040,74608,1,0,1
830112,74609,1,1,0
559664,74610,1,0,1
826504,74611,1,0,1
4181104,74612,1,0,1
3246232,74613,1,0,1
1387216,74614,1,0,1
617520,74615,1,1,0
1075416,74616,1,1,0
1426096,74617,1,1,0
1405216,74618,1,0,1
7710480,74619,1,0,1
622648,74620,1,0,1
3434120,74621,1,1,0
5119608,74622,1,1,0
2082976,74623,1,1,0
575944,74624,1,1,0
626320,74625,1,0,1
4753360,74626,1,1,0
2845640,74627,1,1,0
8201000,74628,1,1,0
5803336,74629,1,0,1
4115632,74630,1,0,1
613960,74631,1,0,1
3820464,74632,1,0,1
1861864,74633,1,1,0
4439712,74634,1,1,0
7859408,74635,1,0,1
917448,74636,1,1,0
8181328,74637,1,0,1
4394952,74638,1,1,0
87344,74639,1,0,1
649712,74640,1,0,1
1402352,74641,1,1,0
2414808,74642,1,0,1
4749040,74643,1,0,1
2059608,74644,1,1,0
5200944,74645,1,1,0
4964632,74646,1,1,0
2636808,74647,1,0,1
6631000,74648,1,0,1
3402240,74649,1,1,0
4089640,74650,1,0,1
6726264,74651,1,1,0
7553576,74652,1,1,0
280840,74653,1,1,0
1757168,74654,1,0,1
4147720,74655,1,1,0
3138008,74656,1,0,1
817240,74657,1,1,0
3402424,74658,1,0,1
482544,74659,1,1,0
4851152,74660,1,0,1
2121608,74661,1,0,1
2553208,74662,1,0,1
6502432,74663,1,1,0
5008560,74664,1,0,1
288320,74665,1,1,0
2972552,74666,1,1,0
8374456,74667,1,1,0
7773408,74668,1,0,1
1383976,74669,1,0,1
1174296,74670,1,0,1
1434456,74671,1,0,1
2664304,74672,1,0,1
2407832,74673,1,0,1
2150136,74674,1,1,0
1218696,74675,1,1,0
490624,74676,1,1,0
3327912,74677,1,1,0
6828304,74678,1,1,0
253864,74679,1,0,1
1436904,74680,1,1,0
381264,74681,1,1,0
1302192,74682,1,0,1
1012120,74683,1,1,0
399720,74684,1,1,0
2347168,74685,1,1,0
7768656,74686,1,0,1
6517720,74687,1,1,0
502240,74688,1,1,0
1116336,74689,1,0,1
6837520,74690,1,0,1
157648,74691,1,1,0
668656,74692,1,0,1
4264968,74693,1,0,1
636808,74694,1,0,1
553512,74695,1,0,1
3291968,74696,1,1,0
4588192,74697,1,1,0
858952,74698,1,1,0
1793688,74699,1,0,1
4270984,74700,1,0,1
3470560,74701,1,1,0
8037464,74702,1,0,1
5338920,74703,1,1,0
7954288,74704,1,0,1
1235904,74705,1,0,1
1597264,74706,1,1,0
6259944,74707,1,1,0
6337056,74708,1,1,0
5878984,74709,1,1,0
1344000,74710,1,0,1
5293728,74711,1,0,1
7429560,74712,1,1,0
7732768,74713,1,0,1
4536584,74714,1,1,0
2542880,74715,1,1,0
1712776,74716,1,1,0
1009104,74717,1,1,0
832128,74718,1,0,1
4340080,74719,1,1,0
2761440,74720,1,1,0
1148864,74721,1,0,1
2412368,74722,1,0,1
861472,74723,1,0,1
2462616,74724,1,0,1
724736,74725,1,1,0
4416576,74726,1,1,0
7626376,74727,1,1,0
7347472,74728,1,1,0
5325248,74729,1,0,1
3408808,74730,1,0,1
6684328,74731,1,0,1
2244720,74732,1,1,0
6240760,74733,1,0,1
1090712,74734,1,1,0
1624984,74735,1,1,0
4230720,74736,1,1,0
2703808,74737,1,0,1
155024,74738,1,0,1
2084328,74739,1,0,1
6633552,74740,1,0,1
2722104,74741,1,0,1
156464,74742,1,1,0
3572704,74743,1,1,0
3066216,74744,1,0,1
545704,74745,1,0,1
1913352,74746,1,0,1
3616752,74747,1,0,1
4087584,74748,1,0,1
2016192,74749,1,1,0
4771848,74750,1,1,0
5098184,74751,1,1,0
157240,74752,1,0,1
1039064,74753,1,1,0
461824,74754,1,1,0
2657240,74755,1,1,0
4282672,74756,1,1,0
2239648,74757,1,0,1
2663256,74758,1,0,1
2681664,74759,1,1,0
153744,74760,1,1,0
695104,74761,1,1,0
1159528,74762,1,0,1
5994392,74763,1,1,0
4617568,74764,1,1,0
523024,74765,1,1,0
1799840,74766,1,1,0
1877080,74767,1,0,1
3897688,74768,1,1,0
4687472,74769,1,1,0
5230656,74770,1,1,0
4468504,74771,1,0,1
2751408,74772,1,0,1
1272824,74773,1,0,1
145144,74774,1,1,0
3510496,74775,1,0,1
7591904,74776,1,1,0
2964824,74777,1,1,0
394008,74778,1,1,0
498168,74779,1,0,1
798112,74780,1,1,0
645960,74781,1,1,0
4634624,74782,1,0,1
2591416,74783,1,0,1
6873704,74784,1,1,0
2654992,74785,1,1,0
780536,74786,1,0,1
5353016,74787,1,0,1
1974664,74788,1,1,0
3412496,74789,1,1,0
2126848,74790,1,1,0
1055784,74791,1,0,1
2059832,74792,1,1,0
5059608,74793,1,1,0
4177448,74794,1,1,0
2437296,74795,1,0,1
2101312,74796,1,1,0
675928,74797,1,1,0
2141144,74798,1,0,1
2478120,74799,1,1,0
1167568,74800,1,1,0
3291992,74801,1,0,1
4186040,74802,1,1,0
2696088,74803,1,0,1
1281600,74804,1,1,0
1924624,74805,1,0,1
7209288,74806,1,1,0
6116496,74807,1,1,0
1139216,74808,1,1,0
1808872,74809,1,0,1
3737800,74810,1,0,1
304600,74811,1,1,0
1317744,74812,1,1,0
401144,74813,1,0,1
2985312,74814,1,1,0
2045480,74815,1,0,1
6968560,74816,1,1,0
7285512,74817,1,1,0
558792,74818,1,0,1
5735984,74819,1,1,0
4080584,74820,1,0,1
3628104,74821,1,1,0
7105472,74822,1,0,1
484416,74823,1,0,1
1214928,74824,1,1,0
6964680,74825,1,1,0
6604536,74826,1,1,0
1587512,74827,1,0,1
3812960,74828,1,1,0
749936,74829,1,1,0
2061568,74830,1,0,1
447320,74831,1,0,1
1511096,74832,1,0,1
5451184,74833,1,0,1
215952,74834,1,0,1
490880,74835,1,1,0
6179936,74836,1,1,0
6517208,74837,1,1,0
7096272,74838,1,1,0
7408248,74839,1,0,1
3963536,74840,1,1,0
1052384,74841,1,0,1
3926312,74842,1,1,0
2789232,74843,1,1,0
2319200,74844,1,0,1
7250800,74845,1,1,0
8352696,74846,1,1,0
3310208,74847,1,1,0
1411016,74848,1,1,0
6900632,74849,1,1,0
4762384,74850,1,1,0
5627920,74851,1,1,0
946720,74852,1,0,1
447360,74853,1,0,1
2837392,74854,1,1,0
4629496,74855,1,1,0
5038864,74856,1,1,0
218064,74857,1,0,1
962784,74858,1,0,1
7436664,74859,1,0,1
5016568,74860,1,0,1
6451840,74861,1,1,0
495272,74862,1,1,0
8079288,74863,1,0,1
1232568,74864,1,1,0
1907912,74865,1,1,0
2414584,74866,1,0,1
1779208,74867,1,0,1
1364944,74868,1,0,1
3232008,74869,1,1,0
7384160,74870,1,1,0
4362632,74871,1,0,1
1409672,74872,1,0,1
669160,74873,1,1,0
1160864,74874,1,1,0
3099208,74875,1,0,1
5363776,74876,1,0,1
7085344,74877,1,0,1
4055320,74878,1,1,0
2026328,74879,1,1,0
5277032,74880,1,1,0
4340888,74881,1,1,0
605664,74882,1,0,1
7362472,74883,1,0,1
2341760,74884,1,1,0
740456,74885,1,1,0
4277280,74886,1,1,0
1287632,74887,1,1,0
3494056,74888,1,0,1
2527720,74889,1,0,1
5682920,74890,1,0,1
3301128,74891,1,1,0
2496600,74892,1,1,0
4760392,74893,1,0,1
5622472,74894,1,0,1
907104,74895,1,0,1
1847952,74896,1,0,1
5749904,74897,1,0,1
4457904,74898,1,1,0
3370856,74899,1,1,0
6808904,74900,1,1,0
318576,74901,1,1,0
2142160,74902,1,1,0
1406280,74903,1,1,0
379904,74904,1,1,0
7688944,74905,1,1,0
1900576,74906,1,1,0
4633056,74907,1,1,0
8157928,74908,1,0,1
1752336,74909,1,0,1
1484616,74910,1,0,1
6681592,74911,1,0,1
812856,74912,1,1,0
7542536,74913,1,0,1
3520608,74914,1,0,1
7278176,74915,1,0,1
6626864,74916,1,1,0
1436952,74917,1,1,0
494824,74918,1,1,0
3463904,74919,1,0,1
3823536,74920,1,1,0
2191168,74921,1,0,1
956672,74922,1,0,1
5951744,74923,1,0,1
1625888,74924,1,0,1
212144,74925,1,1,0
3132920,74926,1,1,0
3756456,74927,1,1,0
2123848,74928,1,1,0
1228848,74929,1,1,0
6255160,74930,1,0,1
4078808,74931,1,1,0
1538728,74932,1,1,0
3309424,74933,1,0,1
1148000,74934,1,0,1
7898008,74935,1,1,0
5093320,74936,1,1,0
3974912,74937,1,1,0
3148704,74938,1,0,1
493400,74939,1,1,0
897008,74940,1,1,0
852160,74941,1,1,0
1107272,74942,1,0,1
1938504,74943,1,0,1
3749416,74944,1,1,0
3696392,74945,1,1,0
8376968,74946,1,1,0
2589888,74947,1,1,0
205008,74948,1,1,0
310904,74949,1,1,0
3213064,74950,1,0,1
5360224,74951,1,1,0
417584,74952,1,0,1
1694392,74953,1,1,0
1683440,74954,1,1,0
4016312,74955,1,1,0
4050544,74956,1,1,0
891320,74957,1,0,1
8169936,74958,1,0,1
438280,74959,1,1,0
4274448,74960,1,0,1
1675344,74961,1,0,1
1774288,74962,1,0,1
5404992,74963,1,0,1
2480632,74964,1,1,0
5552936,74965,1,1,0
4217232,74966,1,1,0
6736392,74967,1,0,1
1694568,74968,1,1,0
441568,74969,1,0,1
868312,74970,1,0,1
2649352,74971,1,0,1
1817736,74972,1,0,1
278496,74973,1,0,1
5562088,74974,1,0,1
771248,74975,1,1,0
696336,74976,1,0,1
6161640,74977,1,1,0
4665640,74978,1,1,0
3216160,74979,1,0,1
2540072,74980,1,0,1
2351864,74981,1,0,1
95032,74982,1,0,1
2027880,74983,1,0,1
837480,74984,1,0,1
1135304,74985,1,1,0
5280544,74986,1,0,1
3465416,74987,1,1,0
3879112,74988,1,1,0
1483408,74989,1,1,0
6991808,74990,1,0,1
1331688,74991,1,0,1
874832,74992,1,1,0
795048,74993,1,1,0
1605232,74994,1,1,0
1171784,74995,1,1,0
4822440,74996,1,1,0
2094680,74997,1,1,0
1004160,74998,1,1,0
8156472,74999,1,0,1
6408056,75000,1,1,0
955680,75001,1,1,0
1922432,75002,1,0,1
953080,75003,1,1,0
1359432,75004,1,1,0
6610344,75005,1,0,1
1234176,75006,1,0,1
2391952,75007,1,0,1
451992,75008,1,1,0
1041584,75009,1,1,0
6357392,75010,1,1,0
2096432,75011,1,0,1
548392,75012,1,0,1
502560,75013,1,1,0
934304,75014,1,0,1
1000232,75015,1,1,0
1897680,75016,1,1,0
1166432,75017,1,1,0
1975480,75018,1,0,1
6681512,75019,1,0,1
2030536,75020,1,0,1
2386072,75021,1,1,0
980984,75022,1,0,1
2892232,75023,1,1,0
1597744,75024,1,0,1
2915592,75025,1,1,0
6128264,75026,1,0,1
6831880,75027,1,0,1
6805720,75028,1,0,1
1609616,75029,1,1,0
303392,75030,1,0,1
2301880,75031,1,0,1
4640856,75032,1,0,1
6446600,75033,1,0,1
1817296,75034,1,0,1
176824,75035,1,0,1
4969512,75036,1,1,0
261136,75037,1,1,0
3417296,75038,1,1,0
1750504,75039,1,0,1
1855512,75040,1,0,1
1201384,75041,1,0,1
1486784,75042,1,0,1
1623552,75043,1,1,0
2751960,75044,1,0,1
864576,75045,1,1,0
4191888,75046,1,1,0
7519600,75047,1,0,1
4842984,75048,1,0,1
1840024,75049,1,0,1
812272,75050,1,0,1
560496,75051,1,0,1
3665512,75052,1,0,1
1937240,75053,1,1,0
3074248,75054,1,1,0
3505920,75055,1,0,1
503040,75056,1,0,1
320312,75057,1,0,1
1406784,75058,1,0,1
2298680,75059,1,1,0
3031280,75060,1,1,0
351864,75061,1,0,1
2761592,75062,1,0,1
8377640,75063,1,1,0
391016,75064,1,1,0
1264168,75065,1,0,1
2065544,75066,1,0,1
2522128,75067,1,1,0
5407632,75068,1,1,0
5623728,75069,1,1,0
1067272,75070,1,0,1
2648464,75071,1,0,1
4364824,75072,1,0,1
4483024,75073,1,0,1
6343304,75074,1,0,1
706608,75075,1,0,1
4269184,75076,1,0,1
3023128,75077,1,0,1
224392,75078,1,1,0
356368,75079,1,1,0
1000144,75080,1,1,0
1641824,75081,1,1,0
4572984,75082,1,0,1
437120,75083,1,1,0
777920,75084,1,0,1
8043912,75085,1,1,0
1365680,75086,1,1,0
5459824,75087,1,1,0
1605392,75088,1,1,0
2252176,75089,1,0,1
832688,75090,1,1,0
4415776,75091,1,1,0
4354848,75092,1,1,0
6320608,75093,1,0,1
2231144,75094,1,1,0
3421688,75095,1,0,1
183616,75096,1,1,0
1519432,75097,1,1,0
5441536,75098,1,1,0
936584,75099,1,1,0
6650856,75100,1,1,0
2009768,75101,1,1,0
1298048,75102,1,1,0
1003440,75103,1,1,0
2850448,75104,1,0,1
2820272,75105,1,1,0
3116672,75106,1,0,1
6954232,75107,1,1,0
1379024,75108,1,0,1
1311240,75109,1,0,1
2400080,75110,1,1,0
1474664,75111,1,0,1
1882000,75112,1,1,0
7926024,75113,1,0,1
3631592,75114,1,0,1
3055808,75115,1,1,0
7898152,75116,1,1,0
264608,75117,1,1,0
264144,75118,1,0,1
339712,75119,1,1,0
2399440,75120,1,1,0
3578328,75121,1,0,1
2435480,75122,1,1,0
969504,75123,1,1,0
5855664,75124,1,1,0
2818432,75125,1,0,1
2732784,75126,1,1,0
2441240,75127,1,0,1
7857624,75128,1,0,1
464840,75129,1,0,1
5680784,75130,1,0,1
3701520,75131,1,1,0
995056,75132,1,0,1
177032,75133,1,1,0
7403920,75134,1,1,0
3909032,75135,1,0,1
4875504,75136,1,1,0
7966288,75137,1,1,0
205456,75138,1,1,0
200312,75139,1,1,0
1178744,75140,1,1,0
1656224,75141,1,0,1
5764928,75142,1,0,1
1842064,75143,1,1,0
923416,75144,1,1,0
604576,75145,1,0,1
2362304,75146,1,0,1
647408,75147,1,0,1
394520,75148,1,1,0
3440616,75149,1,0,1
379464,75150,1,0,1
898760,75151,1,1,0
1486856,75152,1,0,1
5653584,75153,1,1,0
3387984,75154,1,1,0
2245064,75155,1,1,0
5854088,75156,1,0,1
1191672,75157,1,1,0
1621504,75158,1,0,1
7120264,75159,1,0,1
6476784,75160,1,0,1
3336552,75161,1,0,1
7624752,75162,1,1,0
2394112,75163,1,0,1
2622048,75164,1,0,1
410968,75165,1,0,1
1597272,75166,1,0,1
4236088,75167,1,0,1
1200248,75168,1,1,0
526904,75169,1,1,0
6931952,75170,1,1,0
922112,75171,1,0,1
1873832,75172,1,0,1
893560,75173,1,1,0
5054744,75174,1,1,0
8009848,75175,1,1,0
5576080,75176,1,0,1
6954224,75177,1,1,0
7224520,75178,1,1,0
5978048,75179,1,1,0
1785280,75180,1,0,1
687808,75181,1,0,1
2089432,75182,1,0,1
3500424,75183,1,0,1
5767392,75184,1,1,0
8199112,75185,1,1,0
1998760,75186,1,1,0
601208,75187,1,0,1
6435112,75188,1,1,0
854344,75189,1,1,0
6948352,75190,1,0,1
2057328,75191,1,0,1
7602360,75192,1,1,0
1665128,75193,1,1,0
491624,75194,1,1,0
2006480,75195,1,0,1
748392,75196,1,0,1
571096,75197,1,1,0
1985712,75198,1,0,1
7390520,75199,1,1,0
144080,75200,1,0,1
5946136,75201,1,0,1
7414864,75202,1,1,0
209816,75203,1,1,0
205176,75204,1,1,0
5078008,75205,1,1,0
848624,75206,1,0,1
3220928,75207,1,0,1
1515568,75208,1,0,1
1783624,75209,1,1,0
2405608,75210,1,1,0
1194952,75211,1,0,1
4502744,75212,1,0,1
5594576,75213,1,0,1
6525832,75214,1,1,0
6709720,75215,1,0,1
401800,75216,1,1,0
1712888,75217,1,0,1
3879416,75218,1,0,1
223968,75219,1,1,0
270288,75220,1,1,0
1734488,75221,1,1,0
406144,75222,1,0,1
1890952,75223,1,1,0
4103144,75224,1,0,1
2208680,75225,1,1,0
6886872,75226,1,1,0
3149624,75227,1,0,1
273400,75228,1,1,0
6113144,75229,1,1,0
498048,75230,1,1,0
8370304,75231,1,0,1
528792,75232,1,1,0
3561128,75233,1,0,1
552984,75234,1,1,0
1909672,75235,1,0,1
3043976,75236,1,1,0
915200,75237,1,1,0
3530584,75238,1,1,0
1484504,75239,1,1,0
6043728,75240,1,0,1
1562856,75241,1,0,1
1256752,75242,1,0,1
400368,75243,1,0,1
3589544,75244,1,0,1
2781184,75245,1,0,1
7791832,75246,1,1,0
1118144,75247,1,1,0
2309208,75248,1,0,1
789320,75249,1,0,1
486288,75250,1,1,0
1793408,75251,1,0,1
8277312,75252,1,0,1
114376,75253,1,1,0
2602824,75254,1,0,1
7120808,75255,1,0,1
1238936,75256,1,1,0
4052640,75257,1,1,0
1625552,75258,1,0,1
2716560,75259,1,0,1
544776,75260,1,0,1
3818416,75261,1,1,0
2743576,75262,1,1,0
1787816,75263,1,1,0
6827800,75264,1,1,0
4848744,75265,1,0,1
5025656,75266,1,0,1
1583984,75267,1,1,0
1644056,75268,1,0,1
1428400,75269,1,1,0
1102224,75270,1,1,0
294784,75271,1,1,0
228456,75272,1,0,1
3652864,75273,1,1,0
1934848,75274,1,0,1
1374544,75275,1,1,0
4183344,75276,1,0,1
3178736,75277,1,0,1
1453656,75278,1,0,1
239072,75279,1,1,0
1370288,75280,1,0,1
1580944,75281,1,0,1
7164168,75282,1,0,1
1117056,75283,1,1,0
136520,75284,1,0,1
2009744,75285,1,1,0
1871480,75286,1,0,1
503672,75287,1,1,0
5193944,75288,1,1,0
4719864,75289,1,1,0
3842936,75290,1,0,1
3418376,75291,1,1,0
3560016,75292,1,1,0
1705680,75293,1,0,1
856808,75294,1,1,0
426416,75295,1,1,0
4663192,75296,1,0,1
1437728,75297,1,1,0
1946920,75298,1,0,1
5571424,75299,1,0,1
1072904,75300,1,0,1
1207336,75301,1,1,0
1024488,75302,1,1,0
1410288,75303,1,0,1
1447336,75304,1,0,1
971472,75305,1,0,1
2309992,75306,1,0,1
6266632,75307,1,0,1
5752552,75308,1,1,0
458496,75309,1,0,1
1648872,75310,1,1,0
5229504,75311,1,1,0
2947752,75312,1,1,0
566760,75313,1,0,1
7808576,75314,1,1,0
803496,75315,1,1,0
534336,75316,1,0,1
2508256,75317,1,0,1
7324824,75318,1,1,0
3265096,75319,1,0,1
5045456,75320,1,1,0
537552,75321,1,0,1
7852560,75322,1,1,0
5312128,75323,1,0,1
2276552,75324,1,1,0
1778328,75325,1,1,0
1333392,75326,1,1,0
3799480,75327,1,1,0
1242368,75328,1,0,1
7719336,75329,1,1,0
1095808,75330,1,1,0
4620984,75331,1,1,0
424560,75332,1,0,1
998456,75333,1,0,1
2971992,75334,1,1,0
3797960,75335,1,1,0
6755544,75336,1,0,1
653408,75337,1,0,1
3841800,75338,1,1,0
1840984,75339,1,1,0
123176,75340,1,0,1
477568,75341,1,0,1
1164432,75342,1,1,0
482736,75343,1,0,1
1823264,75344,1,0,1
752160,75345,1,0,1
420464,75346,1,0,1
261488,75347,1,0,1
6020600,75348,1,1,0
5744088,75349,1,1,0
2815432,75350,1,0,1
725424,75351,1,0,1
3770480,75352,1,0,1
1382048,75353,1,1,0
2621848,75354,1,1,0
8119608,75355,1,1,0
2003440,75356,1,0,1
4012360,75357,1,0,1
712336,75358,1,1,0
2680992,75359,1,0,1
5467360,75360,1,0,1
3893856,75361,1,0,1
1584768,75362,1,1,0
7915648,75363,1,0,1
3379064,75364,1,1,0
3590056,75365,1,1,0
2966872,75366,1,0,1
1891152,75367,1,0,1
8256680,75368,1,0,1
1990104,75369,1,1,0
1463984,75370,1,1,0
2236568,75371,1,0,1
849696,75372,1,0,1
6070792,75373,1,0,1
2862832,75374,1,1,0
4527304,75375,1,0,1
6893056,75376,1,1,0
853016,75377,1,1,0
3310352,75378,1,1,0
4456112,75379,1,1,0
4280624,75380,1,1,0
300120,75381,1,1,0
4596096,75382,1,1,0
6878440,75383,1,1,0
718016,75384,1,1,0
713248,75385,1,0,1
8387528,75386,1,0,1
1769152,75387,1,1,0
3086600,75388,1,0,1
5471112,75389,1,1,0
4748944,75390,1,1,0
4336400,75391,1,0,1
1588520,75392,1,1,0
7227688,75393,1,1,0
6596144,75394,1,1,0
803408,75395,1,0,1
3373544,75396,1,1,0
5881896,75397,1,0,1
2150168,75398,1,1,0
3933512,75399,1,1,0
1320768,75400,1,1,0
2424616,75401,1,1,0
3963480,75402,1,1,0
2671520,75403,1,1,0
731432,75404,1,0,1
1012480,75405,1,0,1
5461288,75406,1,0,1
7059936,75407,1,0,1
6931616,75408,1,1,0
2858544,75409,1,0,1
1312816,75410,1,1,0
5978904,75411,1,1,0
2461520,75412,1,1,0
3044760,75413,1,1,0
341928,75414,1,0,1
959648,75415,1,1,0
824992,75416,1,1,0
780016,75417,1,1,0
3061800,75418,1,0,1
1157184,75419,1,0,1
3183648,75420,1,0,1
2555944,75421,1,1,0
891040,75422,1,0,1
8302464,75423,1,1,0
841280,75424,1,0,1
1182904,75425,1,1,0
7129672,75426,1,1,0
2126592,75427,1,1,0
2550136,75428,1,1,0
6118176,75429,1,0,1
2067160,75430,1,0,1
2165616,75431,1,1,0
1076168,75432,1,1,0
324600,75433,1,0,1
365080,75434,1,1,0
978720,75435,1,1,0
3125864,75436,1,1,0
620080,75437,1,1,0
1266232,75438,1,1,0
852944,75439,1,0,1
8213072,75440,1,0,1
3612888,75441,1,1,0
1039176,75442,1,0,1
487528,75443,1,0,1
5169080,75444,1,0,1
687648,75445,1,0,1
779360,75446,1,0,1
804808,75447,1,1,0
2903592,75448,1,1,0
410168,75449,1,0,1
602664,75450,1,0,1
217480,75451,1,1,0
611768,75452,1,0,1
2988128,75453,1,1,0
492016,75454,1,0,1
5029432,75455,1,0,1
969936,75456,1,1,0
3359488,75457,1,0,1
2371000,75458,1,0,1
276696,75459,1,1,0
1061520,75460,1,0,1
1833080,75461,1,1,0
926728,75462,1,0,1
1248232,75463,1,1,0
693472,75464,1,0,1
2884184,75465,1,1,0
882664,75466,1,0,1
6926936,75467,1,0,1
3701272,75468,1,0,1
340144,75469,1,0,1
1356080,75470,1,1,0
2560952,75471,1,0,1
3998576,75472,1,0,1
531912,75473,1,0,1
367456,75474,1,0,1
5937840,75475,1,1,0
5519680,75476,1,1,0
1840792,75477,1,0,1
1371896,75478,1,1,0
4871112,75479,1,0,1
6445368,75480,1,1,0
2149896,75481,1,0,1
1226288,75482,1,0,1
3706232,75483,1,0,1
1016904,75484,1,0,1
932280,75485,1,1,0
1244920,75486,1,0,1
2891984,75487,1,1,0
5378720,75488,1,0,1
4323432,75489,1,0,1
1894800,75490,1,1,0
5605168,75491,1,1,0
2166520,75492,1,0,1
3954936,75493,1,1,0
2186272,75494,1,0,1
2384880,75495,1,1,0
4679488,75496,1,1,0
2727608,75497,1,0,1
4610328,75498,1,1,0
2882608,75499,1,0,1
566944,75500,1,1,0
411688,75501,1,1,0
2735800,75502,1,0,1
3176968,75503,1,1,0
2246656,75504,1,0,1
4991744,75505,1,1,0
2365408,75506,1,1,0
1050576,75507,1,0,1
878976,75508,1,0,1
247096,75509,1,1,0
244160,75510,1,0,1
248096,75511,1,0,1
362280,75512,1,0,1
494288,75513,1,1,0
71528,75514,1,0,1
326472,75515,1,1,0
819936,75516,1,1,0
2977904,75517,1,0,1
161160,75518,1,1,0
1352008,75519,1,0,1
3516032,75520,1,1,0
705056,75521,1,1,0
1914360,75522,1,1,0
1451016,75523,1,1,0
3884976,75524,1,0,1
6282360,75525,1,1,0
523928,75526,1,0,1
4062640,75527,1,1,0
1308888,75528,1,1,0
2650472,75529,1,1,0
2016728,75530,1,1,0
617256,75531,1,0,1
1039600,75532,1,1,0
356384,75533,1,0,1
247416,75534,1,1,0
3035384,75535,1,1,0
359016,75536,1,0,1
3044832,75537,1,0,1
4523040,75538,1,1,0
1772464,75539,1,1,0
932128,75540,1,0,1
2066328,75541,1,0,1
3892376,75542,1,0,1
4161936,75543,1,1,0
2264680,75544,1,0,1
3087296,75545,1,1,0
3922784,75546,1,0,1
3940192,75547,1,0,1
324104,75548,1,1,0
4737584,75549,1,0,1
4498712,75550,1,1,0
2529312,75551,1,0,1
3572176,75552,1,0,1
1582680,75553,1,1,0
1936752,75554,1,0,1
1877920,75555,1,0,1
205720,75556,1,0,1
6226928,75557,1,0,1
3179552,75558,1,0,1
1703760,75559,1,1,0
4768096,75560,1,0,1
1645928,75561,1,0,1
5180440,75562,1,0,1
1340984,75563,1,1,0
6296528,75564,1,1,0
682104,75565,1,1,0
6581616,75566,1,0,1
1800416,75567,1,1,0
2364064,75568,1,0,1
7294592,75569,1,1,0
348840,75570,1,0,1
4061928,75571,1,0,1
424584,75572,1,1,0
4026600,75573,1,1,0
2931544,75574,1,1,0
3960776,75575,1,0,1
97952,75576,1,0,1
1205544,75577,1,0,1
589448,75578,1,1,0
782568,75579,1,1,0
2835120,75580,1,0,1
7363648,75581,1,1,0
2919192,75582,1,0,1
2838312,75583,1,1,0
1569816,75584,1,0,1
2131952,75585,1,0,1
4598312,75586,1,1,0
1228728,75587,1,1,0
7371544,75588,1,0,1
7295896,75589,1,0,1
5964288,75590,1,1,0
4111976,75591,1,1,0
4909592,75592,1,1,0
423384,75593,1,1,0
1840920,75594,1,1,0
4839040,75595,1,0,1
7285120,75596,1,1,0
6710560,75597,1,0,1
7256632,75598,1,0,1
1334016,75599,1,1,0
4780744,75600,1,1,0
612792,75601,1,0,1
4568704,75602,1,0,1
4204384,75603,1,0,1
423808,75604,1,0,1
2519392,75605,1,1,0
3427192,75606,1,0,1
7685672,75607,1,0,1
3928208,75608,1,0,1
1977432,75609,1,1,0
946016,75610,1,0,1
348504,75611,1,1,0
2578136,75612,1,1,0
509376,75613,1,0,1
4025872,75614,1,1,0
6279960,75615,1,1,0
7255040,75616,1,0,1
4111104,75617,1,1,0
3987088,75618,1,1,0
2170544,75619,1,1,0
2659768,75620,1,0,1
5121312,75621,1,1,0
109832,75622,1,1,0
2292816,75623,1,0,1
330776,75624,1,1,0
4260664,75625,1,1,0
3214336,75626,1,1,0
2456728,75627,1,1,0
3783848,75628,1,0,1
1077432,75629,1,1,0
7510128,75630,1,1,0
2190296,75631,1,0,1
1202752,75632,1,1,0
290448,75633,1,1,0
421032,75634,1,0,1
831456,75635,1,0,1
5363400,75636,1,0,1
1216408,75637,1,1,0
2971104,75638,1,0,1
1996896,75639,1,0,1
580656,75640,1,0,1
899528,75641,1,0,1
3036192,75642,1,1,0
7854952,75643,1,1,0
2661088,75644,1,1,0
765544,75645,1,1,0
1344448,75646,1,0,1
176352,75647,1,1,0
5163824,75648,1,1,0
7017472,75649,1,0,1
5572152,75650,1,1,0
688472,75651,1,0,1
1723336,75652,1,0,1
5409240,75653,1,0,1
1605456,75654,1,0,1
189704,75655,1,1,0
1250616,75656,1,0,1
1427936,75657,1,1,0
8063384,75658,1,1,0
373192,75659,1,1,0
5333912,75660,1,0,1
533688,75661,1,0,1
4246600,75662,1,1,0
3554488,75663,1,1,0
5123000,75664,1,0,1
732936,75665,1,1,0
2997200,75666,1,1,0
5134320,75667,1,0,1
1905752,75668,1,0,1
2616912,75669,1,1,0
1883888,75670,1,1,0
331736,75671,1,1,0
6378600,75672,1,0,1
417440,75673,1,1,0
1675600,75674,1,0,1
1643760,75675,1,0,1
505528,75676,1,0,1
5787920,75677,1,0,1
5160656,75678,1,0,1
2565176,75679,1,0,1
7965576,75680,1,1,0
1060088,75681,1,0,1
946824,75682,1,0,1
898328,75683,1,1,0
480800,75684,1,0,1
6459568,75685,1,0,1
6025720,75686,1,1,0
1815664,75687,1,0,1
1559080,75688,1,0,1
390848,75689,1,0,1
5154104,75690,1,0,1
2459584,75691,1,1,0
5279344,75692,1,1,0
4353360,75693,1,0,1
6396720,75694,1,1,0
4183992,75695,1,0,1
5077640,75696,1,0,1
8024672,75697,1,0,1
2795424,75698,1,1,0
762288,75699,1,0,1
314024,75700,1,0,1
3510840,75701,1,0,1
1662464,75702,1,1,0
7138704,75703,1,1,0
3725272,75704,1,1,0
628592,75705,1,0,1
176024,75706,1,0,1
1997704,75707,1,1,0
734168,75708,1,0,1
3285792,75709,1,1,0
5438552,75710,1,0,1
1461416,75711,1,0,1
937184,75712,1,0,1
7036480,75713,1,0,1
5927448,75714,1,1,0
7250280,75715,1,0,1
561408,75716,1,0,1
6694960,75717,1,0,1
1411904,75718,1,1,0
221488,75719,1,1,0
1151904,75720,1,0,1
4516560,75721,1,0,1
885856,75722,1,1,0
1679976,75723,1,0,1
3597256,75724,1,1,0
3175944,75725,1,1,0
981752,75726,1,1,0
372016,75727,1,1,0
7329800,75728,1,0,1
2803392,75729,1,1,0
5805824,75730,1,1,0
1356920,75731,1,1,0
1391016,75732,1,0,1
4719272,75733,1,0,1
4030392,75734,1,0,1
529832,75735,1,0,1
203264,75736,1,0,1
1046824,75737,1,1,0
5514088,75738,1,0,1
1249560,75739,1,1,0
3192096,75740,1,0,1
3629664,75741,1,0,1
688720,75742,1,0,1
1368384,75743,1,1,0
1766936,75744,1,0,1
227960,75745,1,0,1
6482992,75746,1,0,1
221688,75747,1,1,0
1986472,75748,1,1,0
3488368,75749,1,0,1
4166824,75750,1,0,1
993560,75751,1,0,1
539000,75752,1,0,1
586216,75753,1,1,0
538336,75754,1,0,1
423696,75755,1,0,1
3617096,75756,1,1,0
7239864,75757,1,1,0
170744,75758,1,0,1
4257024,75759,1,0,1
1264000,75760,1,1,0
199896,75761,1,1,0
551000,75762,1,1,0
2304552,75763,1,1,0
1617240,75764,1,0,1
984160,75765,1,0,1
1795776,75766,1,0,1
1570088,75767,1,1,0
2200456,75768,1,0,1
790344,75769,1,0,1
1616944,75770,1,1,0
7088080,75771,1,1,0
3276432,75772,1,1,0
5599256,75773,1,1,0
4810272,75774,1,1,0
2355784,75775,1,0,1
1813264,75776,1,1,0
3275024,75777,1,0,1
455168,75778,1,1,0
1272608,75779,1,0,1
4250224,75780,1,0,1
2859936,75781,1,1,0
3276944,75782,1,0,1
1433344,75783,1,1,0
1074224,75784,1,0,1
4149904,75785,1,0,1
1885848,75786,1,0,1
7407648,75787,1,1,0
360840,75788,1,1,0
3378960,75789,1,0,1
405160,75790,1,0,1
2678464,75791,1,1,0
1392064,75792,1,1,0
5074952,75793,1,1,0
8004048,75794,1,1,0
1023808,75795,1,0,1
1480744,75796,1,1,0
3216592,75797,1,1,0
7283880,75798,1,0,1
692816,75799,1,1,0
7769064,75800,1,0,1
1005352,75801,1,1,0
842936,75802,1,1,0
742696,75803,1,1,0
969968,75804,1,1,0
1727008,75805,1,1,0
6177448,75806,1,1,0
2386392,75807,1,1,0
5750752,75808,1,1,0
363640,75809,1,1,0
5904392,75810,1,1,0
4521968,75811,1,0,1
1042944,75812,1,0,1
4351424,75813,1,1,0
2206864,75814,1,1,0
1640160,75815,1,1,0
4802072,75816,1,0,1
7620680,75817,1,0,1
8060424,75818,1,1,0
937640,75819,1,0,1
2542504,75820,1,1,0
3362776,75821,1,0,1
5651344,75822,1,0,1
1246664,75823,1,0,1
5806600,75824,1,1,0
1300776,75825,1,1,0
1675208,75826,1,1,0
1068432,75827,1,1,0
1736704,75828,1,0,1
1927384,75829,1,0,1
5967024,75830,1,0,1
2832160,75831,1,1,0
4487960,75832,1,0,1
3246208,75833,1,1,0
5394296,75834,1,1,0
770152,75835,1,0,1
2870104,75836,1,0,1
3415560,75837,1,0,1
5884208,75838,1,0,1
2450496,75839,1,0,1
2063776,75840,1,1,0
777640,75841,1,1,0
1916864,75842,1,0,1
5320040,75843,1,1,0
4674472,75844,1,1,0
2202888,75845,1,0,1
351264,75846,1,0,1
4244008,75847,1,1,0
1269080,75848,1,0,1
7357896,75849,1,0,1
364560,75850,1,1,0
341456,75851,1,0,1
3979088,75852,1,0,1
5555808,75853,1,0,1
1424304,75854,1,1,0
547832,75855,1,1,0
1751224,75856,1,0,1
6726776,75857,1,1,0
1251152,75858,1,1,0
1406624,75859,1,1,0
4134920,75860,1,1,0
5525576,75861,1,0,1
6348824,75862,1,1,0
714696,75863,1,1,0
3042008,75864,1,0,1
6204024,75865,1,1,0
7845048,75866,1,1,0
4627872,75867,1,0,1
5484920,75868,1,1,0
7272624,75869,1,0,1
7596512,75870,1,1,0
1632856,75871,1,0,1
907488,75872,1,0,1
575376,75873,1,0,1
2784008,75874,1,1,0
5504352,75875,1,0,1
5728792,75876,1,1,0
348712,75877,1,1,0
1758968,75878,1,1,0
896432,75879,1,0,1
1160752,75880,1,1,0
2133752,75881,1,1,0
623720,75882,1,0,1
1119888,75883,1,1,0
468048,75884,1,0,1
506224,75885,1,0,1
827472,75886,1,1,0
1464792,75887,1,0,1
4460336,75888,1,0,1
537224,75889,1,0,1
831896,75890,1,1,0
567696,75891,1,0,1
1400944,75892,1,0,1
3075624,75893,1,0,1
4373464,75894,1,1,0
2142024,75895,1,1,0
2259800,75896,1,0,1
2595056,75897,1,1,0
1513744,75898,1,0,1
3743224,75899,1,0,1
748704,75900,1,0,1
1375864,75901,1,1,0
658800,75902,1,0,1
1994552,75903,1,1,0
4586960,75904,1,1,0
716000,75905,1,0,1
934720,75906,1,0,1
1766496,75907,1,0,1
4733712,75908,1,0,1
3792576,75909,1,0,1
3663328,75910,1,0,1
963904,75911,1,0,1
978688,75912,1,1,0
5857480,75913,1,0,1
3119160,75914,1,1,0
4706968,75915,1,0,1
444688,75916,1,0,1
1632768,75917,1,1,0
252584,75918,1,0,1
825472,75919,1,0,1
2568272,75920,1,0,1
407104,75921,1,1,0
269616,75922,1,1,0
4303904,75923,1,1,0
125136,75924,1,0,1
5648640,75925,1,0,1
5093576,75926,1,0,1
304832,75927,1,0,1
6396256,75928,1,0,1
1374008,75929,1,0,1
6066072,75930,1,1,0
7609576,75931,1,0,1
1119736,75932,1,0,1
3764672,75933,1,1,0
5235776,75934,1,1,0
6243032,75935,1,1,0
3027272,75936,1,1,0
1841864,75937,1,1,0
1611352,75938,1,0,1
8314456,75939,1,0,1
4140072,75940,1,1,0
1827936,75941,1,1,0
2848736,75942,1,0,1
379192,75943,1,0,1
994216,75944,1,1,0
1815688,75945,1,0,1
3845624,75946,1,0,1
2650088,75947,1,1,0
1329728,75948,1,0,1
6986992,75949,1,1,0
573616,75950,1,1,0
701008,75951,1,1,0
388528,75952,1,0,1
4293384,75953,1,0,1
4318480,75954,1,0,1
3246424,75955,1,0,1
2960016,75956,1,1,0
1631080,75957,1,1,0
2659792,75958,1,0,1
2014440,75959,1,1,0
5663648,75960,1,0,1
2552872,75961,1,1,0
6476928,75962,1,1,0
1390936,75963,1,1,0
2988120,75964,1,0,1
910320,75965,1,1,0
118112,75966,1,0,1
1222680,75967,1,1,0
475624,75968,1,1,0
3676232,75969,1,0,1
4951720,75970,1,1,0
2854024,75971,1,1,0
6838352,75972,1,1,0
2389944,75973,1,1,0
4995648,75974,1,0,1
3906616,75975,1,0,1
2420792,75976,1,1,0
6299216,75977,1,1,0
2822200,75978,1,0,1
1170752,75979,1,0,1
3673624,75980,1,0,1
137568,75981,1,1,0
4337664,75982,1,1,0
6587848,75983,1,0,1
3459672,75984,1,0,1
5871976,75985,1,0,1
355120,75986,1,1,0
2310528,75987,1,0,1
6515400,75988,1,1,0
7143688,75989,1,0,1
1441144,75990,1,0,1
3499528,75991,1,0,1
1070992,75992,1,0,1
2564792,75993,1,0,1
4429904,75994,1,0,1
507560,75995,1,1,0
382672,75996,1,1,0
4176240,75997,1,1,0
7635496,75998,1,0,1
3824376,75999,1,0,1
741968,76000,1,1,0
7326944,76001,1,0,1
1495032,76002,1,1,0
3472632,76003,1,0,1
1837816,76004,1,1,0
1835000,76005,1,0,1
2567072,76006,1,0,1
7475200,76007,1,1,0
2885056,76008,1,0,1
1113024,76009,1,1,0
1207816,76010,1,1,0
183112,76011,1,0,1
216912,76012,1,1,0
4115152,76013,1,0,1
6862664,76014,1,0,1
1816816,76015,1,0,1
734560,76016,1,0,1
198408,76017,1,1,0
2095168,76018,1,0,1
436576,76019,1,0,1
6949784,76020,1,1,0
834176,76021,1,1,0
156448,76022,1,0,1
627160,76023,1,1,0
940200,76024,1,1,0
405512,76025,1,0,1
1111936,76026,1,0,1
272240,76027,1,1,0
7677944,76028,1,0,1
1150600,76029,1,0,1
838784,76030,1,1,0
4498896,76031,1,1,0
7380328,76032,1,1,0
204392,76033,1,1,0
3876248,76034,1,1,0
4343904,76035,1,1,0
2246312,76036,1,1,0
1500096,76037,1,1,0
1300512,76038,1,0,1
2024992,76039,1,1,0
6059040,76040,1,0,1
6493056,76041,1,0,1
2870696,76042,1,0,1
3600912,76043,1,1,0
7471424,76044,1,1,0
2797496,76045,1,1,0
2271392,76046,1,1,0
2649400,76047,1,0,1
1686360,76048,1,1,0
315888,76049,1,0,1
3876160,76050,1,0,1
5128920,76051,1,1,0
487168,76052,1,0,1
8143536,76053,1,0,1
1245152,76054,1,1,0
6873672,76055,1,1,0
2509968,76056,1,0,1
7782528,76057,1,0,1
374448,76058,1,0,1
1967712,76059,1,1,0
2616544,76060,1,1,0
126856,76061,1,0,1
2111656,76062,1,0,1
2434864,76063,1,0,1
6015872,76064,1,1,0
1947328,76065,1,1,0
6014800,76066,1,0,1
6904656,76067,1,0,1
1109064,76068,1,1,0
2124984,76069,1,1,0
2340768,76070,1,1,0
7705912,76071,1,1,0
4357240,76072,1,0,1
6539016,76073,1,1,0
2688184,76074,1,1,0
3352360,76075,1,0,1
600144,76076,1,0,1
5305816,76077,1,1,0
2910192,76078,1,1,0
1276008,76079,1,1,0
462896,76080,1,1,0
1703544,76081,1,0,1
4912888,76082,1,0,1
51256,76083,1,0,1
856664,76084,1,0,1
1872848,76085,1,1,0
6516792,76086,1,0,1
1030600,76087,1,1,0
4169888,76088,1,0,1
5632336,76089,1,0,1
8236792,76090,1,1,0
673008,76091,1,0,1
1897392,76092,1,1,0
7546480,76093,1,1,0
3424120,76094,1,1,0
6345608,76095,1,1,0
3005816,76096,1,0,1
1972128,76097,1,0,1
7828456,76098,1,0,1
5881592,76099,1,0,1
5566832,76100,1,0,1
6215976,76101,1,0,1
6657536,76102,1,1,0
3189640,76103,1,1,0
4041984,76104,1,0,1
2034032,76105,1,1,0
5640632,76106,1,0,1
310680,76107,1,1,0
3177160,76108,1,0,1
8243888,76109,1,0,1
6951120,76110,1,0,1
759448,76111,1,0,1
364536,76112,1,0,1
4668352,76113,1,1,0
5660936,76114,1,0,1
1246496,76115,1,1,0
1299392,76116,1,0,1
7060216,76117,1,1,0
182456,76118,1,1,0
1198072,76119,1,1,0
2237392,76120,1,1,0
2909512,76121,1,1,0
1963992,76122,1,0,1
4518216,76123,1,1,0
1908472,76124,1,0,1
1548184,76125,1,0,1
714096,76126,1,0,1
6494864,76127,1,0,1
5889544,76128,1,1,0
1422088,76129,1,1,0
1757152,76130,1,1,0
1439144,76131,1,0,1
482680,76132,1,1,0
6482000,76133,1,0,1
4686328,76134,1,1,0
1471648,76135,1,1,0
5435176,76136,1,1,0
4600480,76137,1,0,1
441392,76138,1,1,0
5883808,76139,1,1,0
7040304,76140,1,0,1
1123632,76141,1,0,1
5327504,76142,1,0,1
6650744,76143,1,1,0
8251472,76144,1,0,1
858088,76145,1,0,1
4456360,76146,1,1,0
579232,76147,1,1,0
8187760,76148,1,0,1
1699560,76149,1,1,0
2342096,76150,1,1,0
1578736,76151,1,1,0
2722888,76152,1,0,1
3874208,76153,1,1,0
7131240,76154,1,1,0
8146512,76155,1,0,1
2367632,76156,1,1,0
7912200,76157,1,0,1
1098808,76158,1,1,0
608864,76159,1,1,0
4731184,76160,1,1,0
687872,76161,1,0,1
3228584,76162,1,0,1
4911712,76163,1,0,1
2851664,76164,1,1,0
7148064,76165,1,1,0
584736,76166,1,1,0
464496,76167,1,0,1
3494976,76168,1,1,0
3355656,76169,1,1,0
1112304,76170,1,0,1
308664,76171,1,1,0
409920,76172,1,1,0
197800,76173,1,0,1
1577888,76174,1,1,0
6420336,76175,1,1,0
1377960,76176,1,1,0
8292416,76177,1,1,0
6566712,76178,1,0,1
3242256,76179,1,0,1
2174328,76180,1,0,1
1922544,76181,1,1,0
6034488,76182,1,0,1
707016,76183,1,1,0
4135936,76184,1,1,0
2772472,76185,1,0,1
427136,76186,1,0,1
2753504,76187,1,1,0
1198784,76188,1,0,1
3052096,76189,1,0,1
2033352,76190,1,0,1
3961920,76191,1,0,1
4298256,76192,1,1,0
3730464,76193,1,0,1
2284040,76194,1,0,1
3685864,76195,1,0,1
7120128,76196,1,1,0
4238168,76197,1,0,1
4283144,76198,1,0,1
5247584,76199,1,0,1
1914584,76200,1,0,1
675576,76201,1,1,0
3804880,76202,1,1,0
2376472,76203,1,0,1
6155328,76204,1,0,1
5300248,76205,1,1,0
1168616,76206,1,0,1
984536,76207,1,0,1
6147760,76208,1,0,1
214568,76209,1,0,1
5035648,76210,1,0,1
1306232,76211,1,0,1
4488768,76212,1,0,1
5680728,76213,1,1,0
1948256,76214,1,1,0
7082272,76215,1,1,0
4858440,76216,1,1,0
2590600,76217,1,0,1
6351224,76218,1,1,0
7110448,76219,1,1,0
108144,76220,1,1,0
4301488,76221,1,0,1
1667512,76222,1,1,0
6410616,76223,1,1,0
618880,76224,1,1,0
3526472,76225,1,1,0
1264896,76226,1,0,1
1083608,76227,1,0,1
1305192,76228,1,1,0
4708160,76229,1,1,0
2270480,76230,1,0,1
839688,76231,1,1,0
4701928,76232,1,0,1
7897576,76233,1,0,1
1918280,76234,1,1,0
2043000,76235,1,0,1
6648688,76236,1,1,0
800928,76237,1,1,0
4642776,76238,1,0,1
1248344,76239,1,1,0
3815424,76240,1,1,0
4316632,76241,1,0,1
540272,76242,1,1,0
1150320,76243,1,1,0
125584,76244,1,0,1
6557608,76245,1,1,0
2143304,76246,1,0,1
933368,76247,1,0,1
1164752,76248,1,0,1
1205104,76249,1,0,1
3813928,76250,1,0,1
1241880,76251,1,1,0
1108176,76252,1,1,0
803272,76253,1,0,1
7798520,76254,1,1,0
2067432,76255,1,1,0
5499608,76256,1,0,1
5676912,76257,1,1,0
6729936,76258,1,1,0
5649064,76259,1,1,0
3623880,76260,1,0,1
205704,76261,1,0,1
4191752,76262,1,0,1
8104432,76263,1,0,1
3154712,76264,1,0,1
6666624,76265,1,0,1
7888920,76266,1,1,0
2781048,76267,1,0,1
5369624,76268,1,1,0
929608,76269,1,0,1
670160,76270,1,0,1
4238096,76271,1,0,1
4690960,76272,1,0,1
4192232,76273,1,1,0
498512,76274,1,0,1
7204824,76275,1,0,1
666440,76276,1,0,1
252936,76277,1,0,1
8341576,76278,1,0,1
649968,76279,1,1,0
6720616,76280,1,1,0
288776,76281,1,1,0
7435440,76282,1,0,1
8050280,76283,1,1,0
6138832,76284,1,1,0
719904,76285,1,1,0
4071016,76286,1,1,0
2224544,76287,1,0,1
866296,76288,1,1,0
3363584,76289,1,0,1
584648,76290,1,1,0
2555264,76291,1,0,1
289944,76292,1,0,1
808104,76293,1,1,0
6257536,76294,1,1,0
861488,76295,1,1,0
5915280,76296,1,0,1
5487720,76297,1,1,0
4951144,76298,1,0,1
717224,76299,1,1,0
1246112,76300,1,1,0
217408,76301,1,0,1
830200,76302,1,0,1
4507768,76303,1,0,1
1619368,76304,1,0,1
5312672,76305,1,1,0
2692488,76306,1,0,1
5191480,76307,1,0,1
233160,76308,1,0,1
1604440,76309,1,0,1
213872,76310,1,1,0
1959608,76311,1,1,0
189984,76312,1,0,1
2973456,76313,1,0,1
1146208,76314,1,1,0
4166048,76315,1,1,0
6422344,76316,1,1,0
3591000,76317,1,0,1
7377288,76318,1,0,1
3982160,76319,1,0,1
237992,76320,1,0,1
573648,76321,1,0,1
3516648,76322,1,0,1
5825064,76323,1,1,0
2308976,76324,1,0,1
1723816,76325,1,0,1
1147048,76326,1,0,1
251848,76327,1,1,0
898784,76328,1,1,0
320080,76329,1,0,1
7545944,76330,1,1,0
227992,76331,1,1,0
2834032,76332,1,1,0
5579048,76333,1,1,0
734664,76334,1,0,1
2175280,76335,1,0,1
5266960,76336,1,0,1
4969424,76337,1,1,0
3046232,76338,1,0,1
976856,76339,1,0,1
383384,76340,1,0,1
6779944,76341,1,0,1
1976096,76342,1,1,0
8343256,76343,1,0,1
364256,76344,1,0,1
1785944,76345,1,1,0
1362120,76346,1,0,1
1750056,76347,1,1,0
4509128,76348,1,1,0
2906824,76349,1,1,0
3111800,76350,1,1,0
1732400,76351,1,0,1
7725912,76352,1,1,0
4525280,76353,1,1,0
529904,76354,1,1,0
7824784,76355,1,1,0
4331616,76356,1,0,1
3651624,76357,1,1,0
2584048,76358,1,0,1
1605144,76359,1,1,0
455752,76360,1,0,1
2729488,76361,1,0,1
5583808,76362,1,0,1
1593096,76363,1,1,0
3189032,76364,1,0,1
4333928,76365,1,0,1
4321800,76366,1,0,1
338976,76367,1,1,0
3333184,76368,1,1,0
2048616,76369,1,1,0
199768,76370,1,0,1
786376,76371,1,1,0
2675232,76372,1,0,1
2004464,76373,1,0,1
6206080,76374,1,1,0
2771944,76375,1,0,1
6672248,76376,1,0,1
6749000,76377,1,0,1
3271704,76378,1,1,0
4486296,76379,1,1,0
7386744,76380,1,1,0
2851352,76381,1,0,1
5465984,76382,1,1,0
6941280,76383,1,1,0
3319168,76384,1,0,1
8303368,76385,1,1,0
1652168,76386,1,1,0
3329784,76387,1,1,0
8064664,76388,1,0,1
2776728,76389,1,0,1
3404432,76390,1,1,0
303016,76391,1,1,0
1934080,76392,1,0,1
7143944,76393,1,1,0
6407888,76394,1,1,0
4995336,76395,1,1,0
7772184,76396,1,0,1
483008,76397,1,1,0
2379824,76398,1,1,0
6609768,76399,1,1,0
2255752,76400,1,0,1
3035912,76401,1,0,1
648712,76402,1,1,0
1369520,76403,1,0,1
725336,76404,1,1,0
7327504,76405,1,0,1
965656,76406,1,1,0
3244352,76407,1,1,0
7327056,76408,1,1,0
1258520,76409,1,1,0
591488,76410,1,0,1
1988672,76411,1,0,1
249304,76412,1,1,0
659720,76413,1,1,0
5277704,76414,1,1,0
1273616,76415,1,0,1
374288,76416,1,1,0
2533752,76417,1,1,0
4224096,76418,1,1,0
4832112,76419,1,1,0
700032,76420,1,0,1
3049424,76421,1,0,1
3703192,76422,1,0,1
3817704,76423,1,1,0
3601672,76424,1,1,0
2986792,76425,1,0,1
2236176,76426,1,0,1
557648,76427,1,0,1
812224,76428,1,0,1
6797408,76429,1,1,0
699672,76430,1,1,0
3034728,76431,1,0,1
166808,76432,1,0,1
3097392,76433,1,1,0
1381000,76434,1,1,0
1542224,76435,1,0,1
7834872,76436,1,1,0
2455184,76437,1,0,1
1378696,76438,1,0,1
514720,76439,1,1,0
5561560,76440,1,1,0
2932904,76441,1,0,1
1723928,76442,1,0,1
3178408,76443,1,1,0
7901448,76444,1,0,1
594280,76445,1,1,0
1391400,76446,1,0,1
2319848,76447,1,1,0
5923976,76448,1,0,1
8355280,76449,1,1,0
777128,76450,1,1,0
4055088,76451,1,1,0
8374288,76452,1,0,1
6875216,76453,1,1,0
5142352,76454,1,1,0
1219880,76455,1,1,0
2637680,76456,1,1,0
554016,76457,1,0,1
2109136,76458,1,1,0
2524440,76459,1,1,0
1208280,76460,1,1,0
1272424,76461,1,0,1
989776,76462,1,0,1
6458392,76463,1,0,1
7766856,76464,1,1,0
6935608,76465,1,0,1
1753120,76466,1,1,0
5698272,76467,1,0,1
2556112,76468,1,1,0
5838264,76469,1,1,0
1193656,76470,1,1,0
1593488,76471,1,0,1
2435896,76472,1,0,1
3617480,76473,1,1,0
6144536,76474,1,0,1
1564856,76475,1,1,0
438640,76476,1,0,1
5568224,76477,1,1,0
111448,76478,1,1,0
8307696,76479,1,1,0
976448,76480,1,0,1
7046216,76481,1,0,1
503136,76482,1,1,0
2702992,76483,1,0,1
507360,76484,1,0,1
5490920,76485,1,0,1
1424360,76486,1,1,0
1808752,76487,1,0,1
6000264,76488,1,1,0
1211208,76489,1,0,1
2546392,76490,1,0,1
1777648,76491,1,0,1
1001120,76492,1,1,0
3337496,76493,1,0,1
1473248,76494,1,1,0
2538448,76495,1,1,0
7374264,76496,1,1,0
1803320,76497,1,0,1
954560,76498,1,0,1
7625864,76499,1,0,1
496328,76500,1,0,1
5392472,76501,1,1,0
1564688,76502,1,0,1
6162944,76503,1,1,0
1147544,76504,1,1,0
7079632,76505,1,1,0
1283080,76506,1,1,0
1396880,76507,1,0,1
2510336,76508,1,1,0
2144696,76509,1,0,1
6301392,76510,1,0,1
2623800,76511,1,1,0
3988936,76512,1,0,1
262544,76513,1,1,0
1169816,76514,1,1,0
473488,76515,1,1,0
3135728,76516,1,0,1
5869128,76517,1,0,1
727680,76518,1,0,1
1177312,76519,1,0,1
7652312,76520,1,0,1
1860640,76521,1,1,0
7156576,76522,1,1,0
244992,76523,1,1,0
4454952,76524,1,1,0
1919488,76525,1,0,1
1762152,76526,1,0,1
561424,76527,1,1,0
6535480,76528,1,0,1
7246392,76529,1,0,1
8029448,76530,1,1,0
8024424,76531,1,0,1
1557520,76532,1,1,0
1494008,76533,1,0,1
2268904,76534,1,1,0
7115528,76535,1,0,1
4121832,76536,1,1,0
3020976,76537,1,0,1
1182720,76538,1,1,0
2181240,76539,1,0,1
1827352,76540,1,1,0
3595832,76541,1,0,1
584872,76542,1,1,0
586496,76543,1,1,0
1914080,76544,1,1,0
654592,76545,1,0,1
494920,76546,1,0,1
4036072,76547,1,1,0
3793064,76548,1,1,0
2874936,76549,1,0,1
6581248,76550,1,1,0
6807928,76551,1,1,0
2650080,76552,1,1,0
1553496,76553,1,0,1
3591632,76554,1,0,1
1866224,76555,1,0,1
7740928,76556,1,1,0
452720,76557,1,0,1
3978904,76558,1,1,0
4381504,76559,1,0,1
4441064,76560,1,0,1
220024,76561,1,1,0
7226488,76562,1,1,0
6050672,76563,1,0,1
630168,76564,1,0,1
755128,76565,1,0,1
7190192,76566,1,0,1
3921944,76567,1,1,0
2716128,76568,1,1,0
3842656,76569,1,1,0
231320,76570,1,0,1
6690408,76571,1,1,0
1676464,76572,1,1,0
570832,76573,1,1,0
2174312,76574,1,1,0
455360,76575,1,1,0
1320648,76576,1,0,1
4079144,76577,1,1,0
2094960,76578,1,0,1
432992,76579,1,0,1
5617272,76580,1,0,1
2240680,76581,1,0,1
910464,76582,1,0,1
1402184,76583,1,0,1
7513888,76584,1,0,1
181024,76585,1,1,0
3139392,76586,1,0,1
4862624,76587,1,0,1
92888,76588,1,1,0
1175904,76589,1,1,0
267680,76590,1,0,1
3711008,76591,1,1,0
4588304,76592,1,1,0
3753496,76593,1,0,1
2559776,76594,1,1,0
7243072,76595,1,0,1
3860416,76596,1,0,1
3284528,76597,1,1,0
6942184,76598,1,1,0
1551832,76599,1,1,0
855488,76600,1,0,1
251296,76601,1,0,1
2064544,76602,1,0,1
4958144,76603,1,1,0
6780952,76604,1,1,0
3825832,76605,1,0,1
7901536,76606,1,1,0
3439664,76607,1,1,0
268104,76608,1,1,0
2670776,76609,1,0,1
3181328,76610,1,1,0
2598464,76611,1,1,0
3378312,76612,1,0,1
862592,76613,1,0,1
1183184,76614,1,0,1
1084368,76615,1,0,1
5214248,76616,1,1,0
3773768,76617,1,1,0
4747128,76618,1,0,1
2807480,76619,1,1,0
1224592,76620,1,1,0
244824,76621,1,0,1
358288,76622,1,1,0
1632024,76623,1,0,1
629744,76624,1,1,0
7285952,76625,1,0,1
486880,76626,1,1,0
657336,76627,1,0,1
2555744,76628,1,0,1
1116160,76629,1,0,1
3157256,76630,1,1,0
820096,76631,1,1,0
5316112,76632,1,1,0
2247728,76633,1,0,1
1113040,76634,1,0,1
335336,76635,1,0,1
2904584,76636,1,1,0
3216640,76637,1,0,1
831376,76638,1,1,0
332152,76639,1,0,1
1126376,76640,1,0,1
4545784,76641,1,0,1
609448,76642,1,1,0
8130720,76643,1,0,1
245000,76644,1,0,1
7331400,76645,1,0,1
2063600,76646,1,1,0
917672,76647,1,0,1
187720,76648,1,1,0
1560512,76649,1,0,1
1381400,76650,1,0,1
1494112,76651,1,0,1
8121224,76652,1,1,0
1578216,76653,1,1,0
377200,76654,1,0,1
1603256,76655,1,1,0
3401632,76656,1,1,0
386808,76657,1,0,1
441432,76658,1,0,1
2029720,76659,1,1,0
291568,76660,1,1,0
480144,76661,1,1,0
770184,76662,1,0,1
2461816,76663,1,0,1
6201112,76664,1,1,0
4026904,76665,1,1,0
1577040,76666,1,1,0
7349840,76667,1,0,1
1822568,76668,1,0,1
1388352,76669,1,0,1
7136616,76670,1,0,1
8019424,76671,1,0,1
440272,76672,1,0,1
7487296,76673,1,0,1
2433672,76674,1,0,1
3461688,76675,1,0,1
707904,76676,1,1,0
253264,76677,1,0,1
2526624,76678,1,1,0
1085544,76679,1,1,0
724152,76680,1,0,1
1261464,76681,1,0,1
939176,76682,1,1,0
391552,76683,1,0,1
2728464,76684,1,0,1
357632,76685,1,1,0
6394376,76686,1,1,0
2769464,76687,1,1,0
454192,76688,1,0,1
5643480,76689,1,0,1
838312,76690,1,0,1
742536,76691,1,1,0
787112,76692,1,0,1
1746344,76693,1,1,0
641872,76694,1,1,0
7364136,76695,1,1,0
7320952,76696,1,0,1
1035904,76697,1,1,0
356856,76698,1,0,1
362824,76699,1,1,0
2406632,76700,1,0,1
823200,76701,1,0,1
648160,76702,1,1,0
1194168,76703,1,0,1
247744,76704,1,1,0
1368624,76705,1,1,0
2152696,76706,1,0,1
3354392,76707,1,1,0
1102472,76708,1,0,1
1415224,76709,1,1,0
1246312,76710,1,0,1
3437296,76711,1,1,0
347680,76712,1,0,1
6240520,76713,1,1,0
1166104,76714,1,1,0
1299880,76715,1,1,0
4591640,76716,1,0,1
357744,76717,1,1,0
1246736,76718,1,1,0
3189880,76719,1,0,1
4166312,76720,1,0,1
6610416,76721,1,1,0
1376720,76722,1,0,1
1729112,76723,1,0,1
5590424,76724,1,1,0
284736,76725,1,1,0
229464,76726,1,1,0
576096,76727,1,0,1
473984,76728,1,0,1
884592,76729,1,1,0
4536432,76730,1,1,0
631792,76731,1,1,0
6667840,76732,1,1,0
3098128,76733,1,0,1
1442240,76734,1,0,1
2240280,76735,1,0,1
884048,76736,1,0,1
483880,76737,1,0,1
4302008,76738,1,1,0
5425080,76739,1,0,1
268208,76740,1,1,0
2568992,76741,1,0,1
6944672,76742,1,0,1
5246248,76743,1,1,0
1112360,76744,1,0,1
1555176,76745,1,0,1
3637160,76746,1,1,0
4492416,76747,1,1,0
5193904,76748,1,0,1
3873264,76749,1,0,1
5938760,76750,1,1,0
4798136,76751,1,0,1
2237480,76752,1,0,1
5195376,76753,1,1,0
5863696,76754,1,0,1
3110272,76755,1,0,1
1372456,76756,1,1,0
1699048,76757,1,0,1
8181760,76758,1,0,1
756680,76759,1,1,0
6000936,76760,1,1,0
657024,76761,1,1,0
1699200,76762,1,0,1
417376,76763,1,0,1
5003128,76764,1,0,1
2334560,76765,1,0,1
4231144,76766,1,1,0
2587912,76767,1,1,0
4740384,76768,1,1,0
1204312,76769,1,1,0
5853296,76770,1,0,1
6937168,76771,1,0,1
167752,76772,1,0,1
4711000,76773,1,1,0
678544,76774,1,1,0
1551512,76775,1,0,1
485952,76776,1,1,0
779808,76777,1,0,1
1068496,76778,1,0,1
583496,76779,1,1,0
2489024,76780,1,0,1
6138544,76781,1,1,0
3784392,76782,1,1,0
2699832,76783,1,1,0
3500064,76784,1,1,0
1107840,76785,1,0,1
4768384,76786,1,1,0
756608,76787,1,0,1
5693184,76788,1,1,0
1960848,76789,1,1,0
1538928,76790,1,1,0
1673496,76791,1,1,0
1137552,76792,1,0,1
1643168,76793,1,0,1
1609296,76794,1,1,0
774288,76795,1,0,1
1642840,76796,1,1,0
5789464,76797,1,0,1
1387336,76798,1,1,0
4118848,76799,1,0,1
1060808,76800,1,0,1
1071616,76801,1,0,1
130576,76802,1,0,1
4823448,76803,1,1,0
1623760,76804,1,0,1
2618496,76805,1,0,1
252696,76806,1,0,1
3161792,76807,1,0,1
5156008,76808,1,1,0
2005000,76809,1,0,1
159672,76810,1,0,1
7267392,76811,1,1,0
2029504,76812,1,0,1
1964096,76813,1,0,1
2179968,76814,1,0,1
503752,76815,1,1,0
5814176,76816,1,1,0
2972592,76817,1,0,1
2710256,76818,1,1,0
8088264,76819,1,1,0
6201032,76820,1,1,0
6963504,76821,1,1,0
4440384,76822,1,1,0
4385888,76823,1,1,0
3266824,76824,1,0,1
2454752,76825,1,1,0
524624,76826,1,0,1
267616,76827,1,1,0
1339128,76828,1,0,1
271848,76829,1,1,0
7905896,76830,1,0,1
1778696,76831,1,0,1
403928,76832,1,1,0
1924160,76833,1,1,0
584000,76834,1,0,1
7439048,76835,1,1,0
577152,76836,1,1,0
1192512,76837,1,1,0
743016,76838,1,0,1
4971048,76839,1,0,1
5790360,76840,1,0,1
3544496,76841,1,1,0
6348536,76842,1,1,0
669496,76843,1,0,1
4879048,76844,1,0,1
939656,76845,1,1,0
1294960,76846,1,0,1
5444160,76847,1,1,0
299008,76848,1,0,1
1670768,76849,1,1,0
1254032,76850,1,1,0
2143256,76851,1,0,1
1167328,76852,1,0,1
4954544,76853,1,1,0
7024312,76854,1,0,1
6920152,76855,1,1,0
714712,76856,1,1,0
1935368,76857,1,1,0
7271880,76858,1,0,1
2493672,76859,1,0,1
450048,76860,1,1,0
5189640,76861,1,0,1
4590344,76862,1,0,1
5209720,76863,1,0,1
214768,76864,1,0,1
411992,76865,1,1,0
7255032,76866,1,1,0
3322584,76867,1,0,1
5838280,76868,1,1,0
807056,76869,1,0,1
5425736,76870,1,1,0
948496,76871,1,1,0
2707040,76872,1,1,0
826384,76873,1,0,1
616544,76874,1,1,0
662896,76875,1,1,0
5669680,76876,1,1,0
7049600,76877,1,0,1
4862024,76878,1,1,0
1847288,76879,1,0,1
784080,76880,1,1,0
5685800,76881,1,0,1
5079496,76882,1,0,1
5586896,76883,1,0,1
2715504,76884,1,0,1
1093536,76885,1,1,0
4136456,76886,1,0,1
3520136,76887,1,0,1
406928,76888,1,1,0
575280,76889,1,1,0
5868240,76890,1,0,1
7144784,76891,1,0,1
4666640,76892,1,1,0
978584,76893,1,0,1
4959112,76894,1,1,0
476856,76895,1,0,1
3042600,76896,1,1,0
7989232,76897,1,1,0
3662552,76898,1,1,0
759416,76899,1,1,0
376800,76900,1,0,1
1186080,76901,1,0,1
1107560,76902,1,1,0
4277168,76903,1,0,1
888296,76904,1,1,0
4994160,76905,1,0,1
161912,76906,1,0,1
3833296,76907,1,0,1
304984,76908,1,0,1
4439696,76909,1,0,1
5954104,76910,1,1,0
883824,76911,1,0,1
2660440,76912,1,0,1
160448,76913,1,0,1
6004792,76914,1,1,0
7000952,76915,1,1,0
4190600,76916,1,1,0
3271696,76917,1,1,0
612536,76918,1,1,0
181672,76919,1,1,0
5881024,76920,1,1,0
1104992,76921,1,1,0
6305432,76922,1,0,1
1019688,76923,1,1,0
5252544,76924,1,0,1
2745184,76925,1,0,1
1776936,76926,1,0,1
5066696,76927,1,1,0
1747776,76928,1,1,0
744040,76929,1,0,1
1019504,76930,1,1,0
8239072,76931,1,1,0
478440,76932,1,0,1
459904,76933,1,0,1
2968392,76934,1,0,1
817704,76935,1,0,1
5371832,76936,1,0,1
4207304,76937,1,1,0
630160,76938,1,0,1
2123816,76939,1,0,1
376832,76940,1,0,1
1693632,76941,1,1,0
3364632,76942,1,0,1
3685088,76943,1,1,0
239304,76944,1,0,1
1682728,76945,1,1,0
618464,76946,1,1,0
785984,76947,1,0,1
924376,76948,1,1,0
5307800,76949,1,1,0
4405296,76950,1,0,1
2333704,76951,1,0,1
3339176,76952,1,1,0
1944984,76953,1,1,0
2904008,76954,1,1,0
1874928,76955,1,0,1
1126168,76956,1,1,0
4150200,76957,1,1,0
1694464,76958,1,1,0
6074864,76959,1,0,1
1509152,76960,1,0,1
8131072,76961,1,1,0
3360760,76962,1,1,0
90984,76963,1,1,0
2794592,76964,1,1,0
1145360,76965,1,0,1
221792,76966,1,1,0
685640,76967,1,0,1
1137112,76968,1,1,0
4756224,76969,1,1,0
3281768,76970,1,0,1
2524592,76971,1,0,1
3170976,76972,1,0,1
1178552,76973,1,1,0
748864,76974,1,0,1
1130000,76975,1,0,1
438976,76976,1,0,1
7498280,76977,1,1,0
1088176,76978,1,1,0
2899448,76979,1,1,0
5546208,76980,1,1,0
6486688,76981,1,0,1
2790696,76982,1,0,1
2945184,76983,1,0,1
4736208,76984,1,0,1
6665784,76985,1,1,0
2657472,76986,1,0,1
4053904,76987,1,1,0
7477808,76988,1,1,0
3092344,76989,1,1,0
5121440,76990,1,0,1
2537656,76991,1,0,1
5409120,76992,1,0,1
6112384,76993,1,1,0
5248624,76994,1,1,0
2734728,76995,1,1,0
3161664,76996,1,0,1
1497000,76997,1,1,0
3188152,76998,1,1,0
773944,76999,1,0,1
4771248,77000,1,0,1
2187408,77001,1,0,1
5505392,77002,1,0,1
926440,77003,1,0,1
1156224,77004,1,1,0
1341352,77005,1,1,0
4717008,77006,1,0,1
5268512,77007,1,1,0
7257632,77008,1,1,0
8303712,77009,1,0,1
7495640,77010,1,1,0
1807368,77011,1,1,0
1052544,77012,1,1,0
1013536,77013,1,1,0
1480032,77014,1,0,1
634672,77015,1,0,1
493488,77016,1,0,1
2112600,77017,1,1,0
6833960,77018,1,1,0
3320160,77019,1,1,0
1293496,77020,1,1,0
287272,77021,1,0,1
3539832,77022,1,0,1
609744,77023,1,1,0
547408,77024,1,0,1
7830632,77025,1,1,0
339240,77026,1,0,1
540760,77027,1,1,0
2708464,77028,1,1,0
3334832,77029,1,1,0
1661680,77030,1,0,1
2271536,77031,1,1,0
2124768,77032,1,1,0
1984888,77033,1,0,1
3958176,77034,1,1,0
8297792,77035,1,0,1
1814592,77036,1,1,0
290248,77037,1,0,1
394680,77038,1,1,0
1095144,77039,1,0,1
2855024,77040,1,0,1
6354456,77041,1,0,1
1700944,77042,1,0,1
1129272,77043,1,0,1
4640672,77044,1,0,1
2811880,77045,1,1,0
1270848,77046,1,0,1
1448400,77047,1,0,1
1368728,77048,1,0,1
1312008,77049,1,0,1
2961400,77050,1,0,1
675272,77051,1,0,1
5065368,77052,1,1,0
7401504,77053,1,0,1
110264,77054,1,1,0
1165656,77055,1,1,0
2715816,77056,1,1,0
1347416,77057,1,1,0
7601064,77058,1,0,1
914928,77059,1,0,1
6170872,77060,1,0,1
4670608,77061,1,0,1
3957440,77062,1,1,0
510208,77063,1,1,0
1919688,77064,1,1,0
455568,77065,1,1,0
5585080,77066,1,0,1
1664976,77067,1,0,1
542296,77068,1,0,1
1571216,77069,1,1,0
4994632,77070,1,0,1
271736,77071,1,1,0
3567080,77072,1,0,1
8059240,77073,1,1,0
2670584,77074,1,0,1
1398104,77075,1,0,1
4486176,77076,1,0,1
8147336,77077,1,0,1
5706424,77078,1,1,0
4523080,77079,1,1,0
6339368,77080,1,1,0
690664,77081,1,1,0
1846800,77082,1,1,0
942816,77083,1,1,0
8059248,77084,1,0,1
2228288,77085,1,1,0
3533728,77086,1,1,0
908008,77087,1,1,0
180168,77088,1,1,0
1735904,77089,1,1,0
4168928,77090,1,0,1
2248072,77091,1,1,0
3888424,77092,1,1,0
5174640,77093,1,0,1
2957240,77094,1,1,0
897992,77095,1,0,1
4807112,77096,1,0,1
430112,77097,1,1,0
677768,77098,1,0,1
7467688,77099,1,0,1
275408,77100,1,1,0
3037176,77101,1,0,1
5771320,77102,1,1,0
309440,77103,1,1,0
5361256,77104,1,0,1
1158192,77105,1,1,0
3037880,77106,1,1,0
2914576,77107,1,0,1
2483720,77108,1,0,1
6796352,77109,1,0,1
3461800,77110,1,1,0
2690576,77111,1,0,1
543344,77112,1,0,1
296560,77113,1,1,0
433376,77114,1,0,1
7063232,77115,1,1,0
8082616,77116,1,0,1
1057632,77117,1,1,0
5286904,77118,1,1,0
405208,77119,1,1,0
2314576,77120,1,1,0
3087952,77121,1,1,0
232592,77122,1,0,1
1721328,77123,1,1,0
6184512,77124,1,1,0
8181336,77125,1,1,0
1329720,77126,1,0,1
1107192,77127,1,1,0
180184,77128,1,1,0
1838680,77129,1,0,1
7594832,77130,1,1,0
420624,77131,1,1,0
2578392,77132,1,0,1
3236128,77133,1,0,1
7724040,77134,1,0,1
1552584,77135,1,1,0
886912,77136,1,0,1
4929368,77137,1,0,1
3609784,77138,1,1,0
862760,77139,1,0,1
268432,77140,1,1,0
8306016,77141,1,1,0
405776,77142,1,0,1
2293832,77143,1,0,1
4683376,77144,1,0,1
6095728,77145,1,1,0
2609600,77146,1,0,1
3216784,77147,1,0,1
1757896,77148,1,1,0
6799176,77149,1,0,1
5037936,77150,1,1,0
517992,77151,1,1,0
5915976,77152,1,1,0
5106496,77153,1,0,1
1474240,77154,1,0,1
331008,77155,1,0,1
2718648,77156,1,1,0
3450296,77157,1,1,0
5303456,77158,1,0,1
6267408,77159,1,1,0
1253232,77160,1,0,1
6426816,77161,1,1,0
358448,77162,1,1,0
6229336,77163,1,0,1
4030816,77164,1,0,1
4259472,77165,1,1,0
6782040,77166,1,1,0
6944968,77167,1,0,1
5131384,77168,1,1,0
7897016,77169,1,0,1
153632,77170,1,0,1
6401656,77171,1,0,1
7599192,77172,1,0,1
3347312,77173,1,0,1
735184,77174,1,1,0
2040744,77175,1,0,1
5580976,77176,1,0,1
311352,77177,1,0,1
8350008,77178,1,1,0
7065768,77179,1,1,0
436656,77180,1,0,1
5833600,77181,1,0,1
1177600,77182,1,0,1
4573672,77183,1,1,0
4592656,77184,1,0,1
2589080,77185,1,0,1
5764880,77186,1,0,1
984904,77187,1,0,1
1897384,77188,1,0,1
3848600,77189,1,0,1
2490672,77190,1,1,0
1583600,77191,1,0,1
2295488,77192,1,1,0
6159632,77193,1,0,1
2053360,77194,1,0,1
268816,77195,1,0,1
4773256,77196,1,1,0
6171184,77197,1,0,1
5113768,77198,1,0,1
498968,77199,1,0,1
7854472,77200,1,1,0
952488,77201,1,1,0
979824,77202,1,0,1
1792360,77203,1,1,0
225896,77204,1,0,1
2179432,77205,1,0,1
5402000,77206,1,1,0
1034616,77207,1,0,1
7799496,77208,1,1,0
2743968,77209,1,0,1
5452952,77210,1,1,0
652832,77211,1,1,0
5096272,77212,1,1,0
1561208,77213,1,1,0
1195960,77214,1,0,1
4015320,77215,1,1,0
5903032,77216,1,0,1
6115528,77217,1,1,0
1538624,77218,1,1,0
6648000,77219,1,0,1
5044128,77220,1,0,1
3321296,77221,1,1,0
2516744,77222,1,0,1
2836264,77223,1,0,1
3944256,77224,1,1,0
1234864,77225,1,0,1
330352,77226,1,0,1
623696,77227,1,0,1
3036728,77228,1,1,0
742336,77229,1,1,0
4640648,77230,1,1,0
459928,77231,1,1,0
6329520,77232,1,1,0
7058016,77233,1,0,1
3643960,77234,1,0,1
5859968,77235,1,1,0
4586352,77236,1,0,1
1875472,77237,1,1,0
3262992,77238,1,1,0
1700008,77239,1,1,0
2246600,77240,1,1,0
648688,77241,1,0,1
925688,77242,1,1,0
223992,77243,1,0,1
3415904,77244,1,0,1
976632,77245,1,0,1
6959784,77246,1,0,1
483624,77247,1,0,1
739656,77248,1,1,0
6606600,77249,1,1,0
4022304,77250,1,0,1
870152,77251,1,0,1
1422744,77252,1,0,1
7519536,77253,1,1,0
7271528,77254,1,1,0
429624,77255,1,1,0
470064,77256,1,0,1
4221448,77257,1,0,1
873680,77258,1,0,1
5286688,77259,1,0,1
2686016,77260,1,0,1
743936,77261,1,0,1
1617480,77262,1,0,1
3097216,77263,1,0,1
752672,77264,1,0,1
943264,77265,1,1,0
1194544,77266,1,0,1
1261760,77267,1,0,1
1186432,77268,1,1,0
7760832,77269,1,0,1
2644432,77270,1,1,0
610928,77271,1,0,1
7220600,77272,1,0,1
5612672,77273,1,0,1
703352,77274,1,1,0
1579080,77275,1,1,0
864264,77276,1,1,0
4304832,77277,1,0,1
8068928,77278,1,1,0
4988136,77279,1,1,0
488728,77280,1,1,0
4255976,77281,1,0,1
7553632,77282,1,0,1
1182408,77283,1,0,1
2692656,77284,1,1,0
1384048,77285,1,1,0
568024,77286,1,1,0
286616,77287,1,1,0
7079648,77288,1,1,0
1585040,77289,1,1,0
2601904,77290,1,0,1
2883536,77291,1,1,0
2187528,77292,1,1,0
5479576,77293,1,0,1
497384,77294,1,1,0
3310232,77295,1,0,1
3699104,77296,1,0,1
158432,77297,1,0,1
1888464,77298,1,1,0
5062744,77299,1,0,1
167384,77300,1,0,1
1034336,77301,1,1,0
5239800,77302,1,1,0
944512,77303,1,1,0
3433536,77304,1,0,1
6379680,77305,1,1,0
269912,77306,1,1,0
1050864,77307,1,0,1
7310416,77308,1,1,0
7699792,77309,1,0,1
7862968,77310,1,0,1
427872,77311,1,0,1
3411192,77312,1,1,0
4037016,77313,1,0,1
2876440,77314,1,0,1
3449840,77315,1,1,0
430800,77316,1,0,1
860952,77317,1,0,1
4342288,77318,1,1,0
6030536,77319,1,1,0
1379248,77320,1,1,0
8132512,77321,1,0,1
5301880,77322,1,1,0
1834872,77323,1,0,1
536216,77324,1,1,0
716248,77325,1,0,1
5055912,77326,1,0,1
1852504,77327,1,0,1
393416,77328,1,0,1
395248,77329,1,0,1
493648,77330,1,0,1
5998168,77331,1,1,0
1387232,77332,1,1,0
4997320,77333,1,0,1
2810088,77334,1,1,0
7355528,77335,1,1,0
7270136,77336,1,0,1
2082760,77337,1,1,0
3013304,77338,1,1,0
5706680,77339,1,0,1
1550576,77340,1,1,0
1022144,77341,1,1,0
1031488,77342,1,1,0
877536,77343,1,1,0
1441032,77344,1,1,0
5757888,77345,1,1,0
1173112,77346,1,1,0
1405568,77347,1,0,1
2010448,77348,1,0,1
4710584,77349,1,1,0
1603096,77350,1,1,0
2369000,77351,1,0,1
1357904,77352,1,1,0
5913264,77353,1,1,0
1310232,77354,1,0,1
7656344,77355,1,1,0
216248,77356,1,0,1
678472,77357,1,1,0
2149008,77358,1,1,0
681344,77359,1,1,0
2107096,77360,1,0,1
5044384,77361,1,0,1
1404808,77362,1,0,1
146952,77363,1,1,0
4900200,77364,1,1,0
5254264,77365,1,1,0
2780176,77366,1,0,1
601376,77367,1,1,0
5565224,77368,1,0,1
543976,77369,1,0,1
7977824,77370,1,0,1
2028528,77371,1,0,1
4897328,77372,1,0,1
1028744,77373,1,1,0
2705552,77374,1,1,0
1355992,77375,1,0,1
591256,77376,1,0,1
1516096,77377,1,1,0
8272440,77378,1,1,0
2429936,77379,1,0,1
1479176,77380,1,0,1
3442504,77381,1,1,0
5075600,77382,1,0,1
361008,77383,1,0,1
7633112,77384,1,1,0
3827360,77385,1,0,1
1363512,77386,1,0,1
437312,77387,1,0,1
677232,77388,1,0,1
407272,77389,1,1,0
5942920,77390,1,0,1
4779328,77391,1,0,1
851256,77392,1,1,0
500672,77393,1,1,0
622592,77394,1,0,1
5299680,77395,1,1,0
5433872,77396,1,0,1
7935848,77397,1,0,1
1690688,77398,1,1,0
6838840,77399,1,0,1
3543752,77400,1,0,1
1785848,77401,1,1,0
1799984,77402,1,1,0
494168,77403,1,0,1
3400928,77404,1,0,1
3056592,77405,1,1,0
2576856,77406,1,1,0
4301440,77407,1,0,1
5335496,77408,1,0,1
1213488,77409,1,0,1
2224232,77410,1,1,0
1844872,77411,1,0,1
4615048,77412,1,0,1
5538608,77413,1,0,1
946280,77414,1,0,1
1399944,77415,1,1,0
6338264,77416,1,1,0
908352,77417,1,0,1
454128,77418,1,1,0
1888504,77419,1,0,1
8030520,77420,1,1,0
5612552,77421,1,0,1
1751096,77422,1,0,1
997024,77423,1,0,1
2951648,77424,1,0,1
2965240,77425,1,1,0
2407128,77426,1,0,1
2898072,77427,1,1,0
1221808,77428,1,0,1
1596224,77429,1,1,0
1248712,77430,1,1,0
1035336,77431,1,1,0
752496,77432,1,1,0
1386888,77433,1,0,1
3915064,77434,1,1,0
7227992,77435,1,0,1
1568576,77436,1,0,1
7304504,77437,1,0,1
4882928,77438,1,0,1
2877304,77439,1,0,1
6486944,77440,1,0,1
1298880,77441,1,1,0
2310864,77442,1,0,1
2628968,77443,1,1,0
5811936,77444,1,1,0
349760,77445,1,0,1
6298464,77446,1,0,1
2346296,77447,1,0,1
74000,77448,1,0,1
2562432,77449,1,0,1
1248616,77450,1,1,0
497184,77451,1,1,0
644920,77452,1,1,0
1181664,77453,1,1,0
7832872,77454,1,1,0
3163632,77455,1,1,0
584984,77456,1,0,1
1557464,77457,1,0,1
7002168,77458,1,0,1
4453560,77459,1,1,0
1410592,77460,1,1,0
233888,77461,1,1,0
5555920,77462,1,0,1
6591184,77463,1,1,0
8325480,77464,1,0,1
260952,77465,1,1,0
3007328,77466,1,1,0
1832680,77467,1,1,0
7231112,77468,1,1,0
1770416,77469,1,0,1
2053608,77470,1,1,0
578312,77471,1,0,1
7271192,77472,1,1,0
4137328,77473,1,0,1
530360,77474,1,1,0
5039896,77475,1,1,0
3240104,77476,1,1,0
8200656,77477,1,1,0
3210856,77478,1,1,0
6005688,77479,1,0,1
8187208,77480,1,1,0
563968,77481,1,1,0
1137000,77482,1,0,1
881000,77483,1,1,0
4156168,77484,1,1,0
652784,77485,1,0,1
749288,77486,1,0,1
696240,77487,1,0,1
1357368,77488,1,0,1
1722024,77489,1,0,1
2375024,77490,1,0,1
719984,77491,1,0,1
7484480,77492,1,1,0
585064,77493,1,1,0
2437624,77494,1,0,1
296064,77495,1,0,1
349776,77496,1,1,0
2599480,77497,1,0,1
6144824,77498,1,0,1
1618840,77499,1,0,1
909216,77500,1,1,0
3508432,77501,1,0,1
596592,77502,1,0,1
2824480,77503,1,1,0
4694944,77504,1,1,0
6927288,77505,1,1,0
2598272,77506,1,0,1
3674672,77507,1,1,0
1388448,77508,1,1,0
1968200,77509,1,1,0
1080904,77510,1,0,1
4678992,77511,1,0,1
7722704,77512,1,1,0
1865376,77513,1,1,0
388744,77514,1,1,0
2977040,77515,1,1,0
2539200,77516,1,0,1
3275128,77517,1,0,1
6651280,77518,1,1,0
2355232,77519,1,1,0
1664744,77520,1,1,0
4201232,77521,1,0,1
955736,77522,1,1,0
970568,77523,1,1,0
2399656,77524,1,1,0
5099808,77525,1,1,0
1999544,77526,1,1,0
3675104,77527,1,0,1
3609968,77528,1,1,0
999120,77529,1,0,1
5177048,77530,1,0,1
1649216,77531,1,0,1
2053856,77532,1,0,1
2276680,77533,1,1,0
1562504,77534,1,0,1
2046048,77535,1,0,1
736880,77536,1,1,0
3575976,77537,1,1,0
1173056,77538,1,1,0
1748000,77539,1,1,0
1028816,77540,1,1,0
7545040,77541,1,0,1
4003424,77542,1,0,1
1195896,77543,1,1,0
1013672,77544,1,1,0
859624,77545,1,1,0
1008488,77546,1,1,0
1276928,77547,1,0,1
6087456,77548,1,1,0
1103208,77549,1,0,1
4479456,77550,1,1,0
3944176,77551,1,1,0
2477112,77552,1,1,0
701976,77553,1,1,0
2581464,77554,1,0,1
4778488,77555,1,0,1
2838704,77556,1,0,1
4232136,77557,1,1,0
393016,77558,1,0,1
3275000,77559,1,0,1
7705168,77560,1,0,1
2142296,77561,1,1,0
5469760,77562,1,1,0
1483256,77563,1,0,1
912744,77564,1,1,0
723144,77565,1,1,0
8036656,77566,1,0,1
2839624,77567,1,1,0
1609432,77568,1,0,1
1260856,77569,1,0,1
2388352,77570,1,0,1
710240,77571,1,0,1
2477224,77572,1,1,0
379704,77573,1,0,1
4688120,77574,1,1,0
1503184,77575,1,1,0
253064,77576,1,0,1
3281344,77577,1,1,0
2411656,77578,1,0,1
3004024,77579,1,1,0
1890536,77580,1,1,0
4143432,77581,1,0,1
2983632,77582,1,0,1
953064,77583,1,1,0
4688992,77584,1,1,0
2293232,77585,1,0,1
1415984,77586,1,1,0
1847624,77587,1,0,1
1867736,77588,1,0,1
1968672,77589,1,0,1
1645120,77590,1,1,0
2988144,77591,1,0,1
5174608,77592,1,0,1
496376,77593,1,1,0
115224,77594,1,0,1
5313488,77595,1,1,0
3867096,77596,1,0,1
6822280,77597,1,1,0
866040,77598,1,0,1
7330104,77599,1,0,1
1094928,77600,1,0,1
684056,77601,1,1,0
1186752,77602,1,1,0
5423000,77603,1,1,0
1388976,77604,1,0,1
1265752,77605,1,1,0
2919352,77606,1,0,1
7569576,77607,1,1,0
958744,77608,1,0,1
328920,77609,1,1,0
6776528,77610,1,0,1
4014192,77611,1,1,0
1277328,77612,1,0,1
4406000,77613,1,0,1
910160,77614,1,1,0
3147928,77615,1,1,0
3771024,77616,1,1,0
2325768,77617,1,0,1
5659672,77618,1,0,1
938328,77619,1,1,0
5087304,77620,1,0,1
384360,77621,1,1,0
2391784,77622,1,0,1
847088,77623,1,1,0
1001328,77624,1,1,0
1861784,77625,1,1,0
1862112,77626,1,0,1
1286368,77627,1,1,0
6564112,77628,1,1,0
1972952,77629,1,0,1
2281592,77630,1,1,0
7301144,77631,1,1,0
1585864,77632,1,1,0
4622152,77633,1,1,0
638192,77634,1,1,0
6963696,77635,1,1,0
2374952,77636,1,0,1
6350024,77637,1,1,0
369024,77638,1,0,1
835336,77639,1,0,1
1144704,77640,1,0,1
4677872,77641,1,1,0
635256,77642,1,0,1
2530112,77643,1,1,0
2888640,77644,1,1,0
2478992,77645,1,0,1
259192,77646,1,0,1
547424,77647,1,0,1
2690040,77648,1,0,1
2566536,77649,1,0,1
898024,77650,1,1,0
1612936,77651,1,0,1
5354296,77652,1,1,0
1816824,77653,1,0,1
156928,77654,1,0,1
1742392,77655,1,0,1
2787952,77656,1,1,0
998728,77657,1,1,0
2856928,77658,1,1,0
1139328,77659,1,0,1
6908144,77660,1,0,1
1384472,77661,1,1,0
1301072,77662,1,1,0
5487872,77663,1,1,0
1099048,77664,1,0,1
1223440,77665,1,0,1
427208,77666,1,1,0
2847128,77667,1,0,1
713488,77668,1,1,0
1980144,77669,1,1,0
2679456,77670,1,1,0
6654296,77671,1,0,1
6866456,77672,1,0,1
511496,77673,1,0,1
578760,77674,1,0,1
3665488,77675,1,0,1
170752,77676,1,1,0
1100944,77677,1,1,0
109008,77678,1,1,0
1572760,77679,1,1,0
7131352,77680,1,1,0
784824,77681,1,1,0
2943184,77682,1,1,0
1273208,77683,1,0,1
2247328,77684,1,1,0
934336,77685,1,0,1
3667200,77686,1,0,1
8038176,77687,1,1,0
148368,77688,1,1,0
1909232,77689,1,1,0
4581496,77690,1,1,0
555376,77691,1,0,1
6049976,77692,1,0,1
1001976,77693,1,1,0
6047432,77694,1,1,0
296216,77695,1,0,1
5591064,77696,1,1,0
2236104,77697,1,0,1
757000,77698,1,0,1
234248,77699,1,0,1
2307944,77700,1,1,0
7489296,77701,1,1,0
7800408,77702,1,1,0
2323280,77703,1,0,1
2022040,77704,1,0,1
303944,77705,1,1,0
288240,77706,1,1,0
679896,77707,1,0,1
3306480,77708,1,1,0
1591904,77709,1,0,1
296496,77710,1,1,0
3284360,77711,1,1,0
4944856,77712,1,0,1
7887968,77713,1,1,0
1423312,77714,1,0,1
4349728,77715,1,0,1
2381248,77716,1,0,1
200528,77717,1,1,0
3113248,77718,1,1,0
3877488,77719,1,0,1
3895064,77720,1,1,0
312264,77721,1,0,1
2617416,77722,1,0,1
2500312,77723,1,1,0
7376424,77724,1,1,0
7319696,77725,1,1,0
1394680,77726,1,1,0
821208,77727,1,1,0
675592,77728,1,1,0
6634944,77729,1,1,0
4524904,77730,1,0,1
828120,77731,1,0,1
2556568,77732,1,0,1
5591856,77733,1,1,0
4999408,77734,1,0,1
6778736,77735,1,0,1
2311968,77736,1,1,0
5316576,77737,1,1,0
440536,77738,1,1,0
1095744,77739,1,1,0
267096,77740,1,1,0
3913568,77741,1,0,1
3576248,77742,1,1,0
1450976,77743,1,1,0
3212336,77744,1,1,0
3189320,77745,1,0,1
5731112,77746,1,1,0
7918680,77747,1,0,1
1093600,77748,1,0,1
6103312,77749,1,0,1
7048816,77750,1,1,0
1280120,77751,1,0,1
3217856,77752,1,0,1
6631424,77753,1,1,0
4187880,77754,1,0,1
1476536,77755,1,0,1
502424,77756,1,1,0
4171264,77757,1,0,1
4044104,77758,1,1,0
1553520,77759,1,1,0
2153040,77760,1,0,1
268440,77761,1,1,0
7522992,77762,1,1,0
915648,77763,1,1,0
6445472,77764,1,0,1
953864,77765,1,0,1
5128120,77766,1,1,0
1900800,77767,1,1,0
1722584,77768,1,1,0
561432,77769,1,0,1
3731384,77770,1,1,0
1928880,77771,1,1,0
1952440,77772,1,1,0
1742600,77773,1,0,1
7504384,77774,1,1,0
4154256,77775,1,0,1
918784,77776,1,1,0
2611448,77777,1,0,1
1125888,77778,1,1,0
3695400,77779,1,1,0
6095712,77780,1,1,0
2377896,77781,1,1,0
4083600,77782,1,1,0
629808,77783,1,1,0
5498608,77784,1,0,1
4681816,77785,1,1,0
1663120,77786,1,0,1
266096,77787,1,0,1
3086408,77788,1,0,1
2124560,77789,1,0,1
5954592,77790,1,1,0
836744,77791,1,0,1
8339008,77792,1,0,1
6703568,77793,1,1,0
5009456,77794,1,0,1
2154056,77795,1,1,0
5639944,77796,1,1,0
4760232,77797,1,1,0
1140720,77798,1,0,1
1372808,77799,1,1,0
2401328,77800,1,0,1
2440008,77801,1,0,1
676880,77802,1,0,1
5987640,77803,1,0,1
5807408,77804,1,0,1
664688,77805,1,0,1
1398840,77806,1,0,1
1851824,77807,1,0,1
3318176,77808,1,1,0
2827696,77809,1,0,1
6850016,77810,1,0,1
1678544,77811,1,0,1
867256,77812,1,1,0
2673400,77813,1,1,0
5531400,77814,1,1,0
5045864,77815,1,0,1
7280360,77816,1,1,0
661016,77817,1,1,0
765784,77818,1,0,1
1524296,77819,1,0,1
3320864,77820,1,0,1
2134944,77821,1,1,0
664632,77822,1,0,1
966568,77823,1,1,0
1999096,77824,1,0,1
772416,77825,1,1,0
348632,77826,1,0,1
3928544,77827,1,0,1
1547728,77828,1,1,0
6553608,77829,1,0,1
388536,77830,1,1,0
772872,77831,1,0,1
3218328,77832,1,0,1
3265208,77833,1,1,0
7067624,77834,1,0,1
6015144,77835,1,0,1
1706240,77836,1,1,0
3661088,77837,1,0,1
1062960,77838,1,0,1
627832,77839,1,0,1
288792,77840,1,0,1
2219104,77841,1,0,1
6504792,77842,1,1,0
2231056,77843,1,0,1
6473912,77844,1,0,1
6357920,77845,1,1,0
2520048,77846,1,1,0
7106448,77847,1,1,0
6096200,77848,1,0,1
280152,77849,1,0,1
2641632,77850,1,0,1
808720,77851,1,0,1
1788920,77852,1,0,1
1331208,77853,1,0,1
1385552,77854,1,0,1
968920,77855,1,1,0
2623976,77856,1,1,0
4029256,77857,1,0,1
529168,77858,1,1,0
3428096,77859,1,1,0
640776,77860,1,1,0
5347904,77861,1,1,0
959544,77862,1,1,0
1603496,77863,1,1,0
245480,77864,1,0,1
1859192,77865,1,0,1
1623064,77866,1,0,1
4886432,77867,1,1,0
7412680,77868,1,0,1
2062760,77869,1,1,0
5000024,77870,1,1,0
1201544,77871,1,1,0
932416,77872,1,0,1
6605792,77873,1,0,1
1287968,77874,1,0,1
491968,77875,1,0,1
541176,77876,1,0,1
1140608,77877,1,1,0
1902864,77878,1,0,1
591784,77879,1,0,1
499688,77880,1,1,0
5395656,77881,1,0,1
1552440,77882,1,1,0
6695584,77883,1,1,0
2939688,77884,1,1,0
679912,77885,1,1,0
321184,77886,1,0,1
2439240,77887,1,0,1
1500176,77888,1,1,0
505888,77889,1,0,1
1225272,77890,1,1,0
144456,77891,1,0,1
2327224,77892,1,0,1
7043928,77893,1,1,0
2584848,77894,1,0,1
1034240,77895,1,0,1
1401960,77896,1,1,0
6899464,77897,1,0,1
1420464,77898,1,1,0
5374704,77899,1,1,0
309384,77900,1,0,1
7864592,77901,1,0,1
1536432,77902,1,0,1
2136920,77903,1,0,1
2647648,77904,1,1,0
866800,77905,1,1,0
5090032,77906,1,0,1
548584,77907,1,0,1
4057912,77908,1,1,0
2931816,77909,1,0,1
898968,77910,1,0,1
4652144,77911,1,0,1
1190784,77912,1,1,0
714176,77913,1,1,0
2613040,77914,1,0,1
809704,77915,1,1,0
3993040,77916,1,0,1
3173272,77917,1,1,0
2757496,77918,1,1,0
2411368,77919,1,0,1
1621272,77920,1,0,1
4415016,77921,1,0,1
5873504,77922,1,1,0
8109880,77923,1,1,0
2485200,77924,1,0,1
6500008,77925,1,1,0
748296,77926,1,0,1
4754496,77927,1,1,0
2791544,77928,1,1,0
2105560,77929,1,1,0
4997984,77930,1,1,0
6747872,77931,1,1,0
957032,77932,1,1,0
1036240,77933,1,0,1
4545288,77934,1,0,1
1866920,77935,1,0,1
343184,77936,1,1,0
5014792,77937,1,0,1
1028056,77938,1,0,1
688008,77939,1,0,1
7922648,77940,1,0,1
3975304,77941,1,1,0
8264080,77942,1,1,0
2990096,77943,1,1,0
4517040,77944,1,0,1
4132208,77945,1,1,0
1499736,77946,1,0,1
1675184,77947,1,1,0
6497360,77948,1,0,1
3527408,77949,1,0,1
7371616,77950,1,0,1
3397256,77951,1,0,1
4066304,77952,1,0,1
5747688,77953,1,1,0
2261872,77954,1,0,1
3370832,77955,1,1,0
8110368,77956,1,1,0
2671192,77957,1,0,1
343312,77958,1,1,0
4833184,77959,1,1,0
5687280,77960,1,0,1
6530648,77961,1,1,0
2590288,77962,1,1,0
596816,77963,1,1,0
3363432,77964,1,0,1
3812992,77965,1,1,0
5928936,77966,1,0,1
1316776,77967,1,0,1
5621720,77968,1,1,0
2452248,77969,1,0,1
5045528,77970,1,1,0
7095536,77971,1,1,0
1443600,77972,1,1,0
246672,77973,1,0,1
7594640,77974,1,1,0
4569952,77975,1,1,0
1097160,77976,1,0,1
2651416,77977,1,0,1
740936,77978,1,0,1
5658280,77979,1,1,0
393024,77980,1,1,0
2103016,77981,1,1,0
2924912,77982,1,1,0
2884952,77983,1,0,1
3231008,77984,1,1,0
180576,77985,1,0,1
1328552,77986,1,1,0
440976,77987,1,1,0
1882896,77988,1,0,1
4101632,77989,1,1,0
129272,77990,1,1,0
6973744,77991,1,1,0
2105928,77992,1,0,1
7722144,77993,1,1,0
3093192,77994,1,1,0
3543720,77995,1,1,0
403808,77996,1,0,1
2398200,77997,1,0,1
7305840,77998,1,1,0
6239048,77999,1,0,1
406296,78000,1,1,0
7140408,78001,1,1,0
8059672,78002,1,1,0
3672328,78003,1,0,1
2044752,78004,1,0,1
3230408,78005,1,1,0
7592952,78006,1,1,0
1134552,78007,1,1,0
929336,78008,1,1,0
7832056,78009,1,1,0
386536,78010,1,1,0
3552408,78011,1,0,1
949912,78012,1,0,1
6662848,78013,1,1,0
1437768,78014,1,1,0
630400,78015,1,1,0
303760,78016,1,1,0
1860792,78017,1,0,1
3708800,78018,1,0,1
647160,78019,1,0,1
518616,78020,1,1,0
6049744,78021,1,1,0
6325176,78022,1,0,1
4526016,78023,1,1,0
8386184,78024,1,0,1
6412128,78025,1,0,1
254984,78026,1,1,0
1558992,78027,1,0,1
3118696,78028,1,1,0
146144,78029,1,0,1
1286328,78030,1,1,0
429640,78031,1,1,0
8289528,78032,1,0,1
968816,78033,1,1,0
3981592,78034,1,0,1
3058544,78035,1,1,0
3140512,78036,1,0,1
2030744,78037,1,1,0
7096992,78038,1,0,1
4233000,78039,1,0,1
2584512,78040,1,0,1
518528,78041,1,0,1
1576824,78042,1,1,0
1044136,78043,1,0,1
721984,78044,1,0,1
4828152,78045,1,1,0
2810984,78046,1,0,1
516096,78047,1,0,1
4888424,78048,1,1,0
931936,78049,1,0,1
6295784,78050,1,1,0
1754128,78051,1,0,1
2477880,78052,1,1,0
2149936,78053,1,0,1
199112,78054,1,1,0
1001824,78055,1,1,0
3386400,78056,1,1,0
7669536,78057,1,1,0
379272,78058,1,1,0
1663296,78059,1,1,0
6689752,78060,1,0,1
3022456,78061,1,0,1
522136,78062,1,0,1
2147392,78063,1,0,1
5847568,78064,1,1,0
1318200,78065,1,0,1
1982752,78066,1,0,1
2243168,78067,1,0,1
693432,78068,1,1,0
2384072,78069,1,1,0
5344448,78070,1,1,0
642888,78071,1,0,1
358272,78072,1,0,1
7961488,78073,1,0,1
2486648,78074,1,0,1
442312,78075,1,1,0
2699312,78076,1,0,1
5399256,78077,1,1,0
3253848,78078,1,1,0
6960088,78079,1,1,0
6448848,78080,1,0,1
4829272,78081,1,0,1
1641144,78082,1,1,0
2182032,78083,1,1,0
1552760,78084,1,0,1
5482752,78085,1,1,0
3385280,78086,1,0,1
2654568,78087,1,0,1
3264128,78088,1,1,0
1445040,78089,1,1,0
2502680,78090,1,1,0
373280,78091,1,0,1
2234008,78092,1,0,1
1574848,78093,1,1,0
1109928,78094,1,0,1
6604984,78095,1,1,0
4205192,78096,1,1,0
1234736,78097,1,1,0
1366256,78098,1,0,1
6111360,78099,1,0,1
957584,78100,1,0,1
5283656,78101,1,1,0
754008,78102,1,1,0
480808,78103,1,1,0
5983928,78104,1,0,1
1836800,78105,1,0,1
7740488,78106,1,0,1
2785232,78107,1,0,1
5374344,78108,1,0,1
147136,78109,1,0,1
771136,78110,1,0,1
4550032,78111,1,1,0
632112,78112,1,0,1
1624952,78113,1,0,1
5692976,78114,1,0,1
7595184,78115,1,1,0
2518048,78116,1,1,0
770504,78117,1,1,0
1871224,78118,1,0,1
6676008,78119,1,0,1
318608,78120,1,1,0
6293736,78121,1,1,0
566960,78122,1,0,1
1245176,78123,1,0,1
5924136,78124,1,1,0
207896,78125,1,0,1
1746200,78126,1,0,1
473080,78127,1,1,0
485800,78128,1,1,0
1065912,78129,1,0,1
5511104,78130,1,0,1
5576800,78131,1,0,1
1696944,78132,1,0,1
316376,78133,1,0,1
1252384,78134,1,0,1
635560,78135,1,0,1
1830816,78136,1,1,0
4494568,78137,1,1,0
4786200,78138,1,1,0
4941616,78139,1,1,0
3900104,78140,1,1,0
3682720,78141,1,0,1
1217544,78142,1,1,0
2873088,78143,1,0,1
3220920,78144,1,0,1
625792,78145,1,1,0
5732088,78146,1,1,0
634160,78147,1,1,0
767704,78148,1,1,0
3740432,78149,1,0,1
440624,78150,1,1,0
4090440,78151,1,1,0
1894600,78152,1,0,1
5268616,78153,1,0,1
958328,78154,1,1,0
4001416,78155,1,1,0
1053488,78156,1,0,1
901872,78157,1,0,1
3112008,78158,1,1,0
3279648,78159,1,1,0
396168,78160,1,1,0
1810376,78161,1,0,1
3364000,78162,1,0,1
369992,78163,1,1,0
2174696,78164,1,0,1
4408432,78165,1,0,1
2177208,78166,1,1,0
2238136,78167,1,0,1
1157296,78168,1,0,1
5214512,78169,1,1,0
385168,78170,1,1,0
2482400,78171,1,1,0
3163080,78172,1,0,1
1464752,78173,1,0,1
742592,78174,1,0,1
970032,78175,1,0,1
1254504,78176,1,0,1
4934456,78177,1,0,1
276024,78178,1,1,0
2294768,78179,1,1,0
927680,78180,1,1,0
1155216,78181,1,0,1
963120,78182,1,1,0
7739456,78183,1,1,0
422376,78184,1,0,1
1922448,78185,1,1,0
475048,78186,1,1,0
2571664,78187,1,1,0
2808280,78188,1,0,1
1744936,78189,1,0,1
1675680,78190,1,1,0
2349576,78191,1,0,1
2185056,78192,1,1,0
6732256,78193,1,1,0
496224,78194,1,1,0
6926760,78195,1,1,0
2613448,78196,1,1,0
1395168,78197,1,1,0
547152,78198,1,1,0
659776,78199,1,1,0
2226432,78200,1,0,1
7840432,78201,1,0,1
1219256,78202,1,1,0
1733336,78203,1,0,1
8017096,78204,1,0,1
1954816,78205,1,0,1
7694288,78206,1,0,1
2657008,78207,1,1,0
5332504,78208,1,0,1
6579272,78209,1,0,1
467672,78210,1,0,1
1132840,78211,1,1,0
4459424,78212,1,1,0
5927784,78213,1,1,0
2159808,78214,1,1,0
5423024,78215,1,1,0
890296,78216,1,1,0
3499848,78217,1,0,1
7684632,78218,1,1,0
1981080,78219,1,0,1
731016,78220,1,1,0
4970048,78221,1,0,1
2389248,78222,1,1,0
839104,78223,1,0,1
673832,78224,1,1,0
435232,78225,1,1,0
4773760,78226,1,1,0
5448576,78227,1,1,0
716416,78228,1,0,1
172016,78229,1,0,1
3624264,78230,1,0,1
774872,78231,1,1,0
7399544,78232,1,0,1
2676936,78233,1,1,0
2290272,78234,1,1,0
5166080,78235,1,1,0
2738112,78236,1,0,1
558632,78237,1,1,0
1192840,78238,1,0,1
6933344,78239,1,1,0
1656584,78240,1,1,0
2921080,78241,1,1,0
1570688,78242,1,1,0
1466080,78243,1,1,0
7742232,78244,1,1,0
6658752,78245,1,0,1
7384288,78246,1,1,0
2327760,78247,1,0,1
6780288,78248,1,1,0
1823904,78249,1,1,0
3790120,78250,1,1,0
5744152,78251,1,1,0
938600,78252,1,1,0
582744,78253,1,0,1
1747104,78254,1,0,1
1442888,78255,1,1,0
3792352,78256,1,1,0
522528,78257,1,0,1
672504,78258,1,1,0
536592,78259,1,0,1
2125184,78260,1,1,0
1524864,78261,1,0,1
1217080,78262,1,0,1
264968,78263,1,1,0
547200,78264,1,1,0
7787192,78265,1,0,1
3532048,78266,1,0,1
645528,78267,1,0,1
7967192,78268,1,0,1
3488688,78269,1,0,1
7116208,78270,1,1,0
345800,78271,1,1,0
4788120,78272,1,1,0
7008144,78273,1,0,1
3463880,78274,1,1,0
7300256,78275,1,0,1
7170504,78276,1,0,1
1583912,78277,1,0,1
6949656,78278,1,1,0
3915096,78279,1,0,1
3715664,78280,1,0,1
218176,78281,1,0,1
2555680,78282,1,1,0
2351672,78283,1,0,1
5296032,78284,1,1,0
4907040,78285,1,1,0
1544720,78286,1,0,1
788376,78287,1,1,0
7047240,78288,1,1,0
6801720,78289,1,0,1
429368,78290,1,1,0
209056,78291,1,0,1
1553664,78292,1,1,0
3270080,78293,1,1,0
386192,78294,1,1,0
7374992,78295,1,0,1
1438504,78296,1,0,1
1711768,78297,1,0,1
1542648,78298,1,0,1
2968864,78299,1,1,0
341800,78300,1,0,1
3236696,78301,1,1,0
4404776,78302,1,0,1
1039504,78303,1,1,0
718352,78304,1,0,1
1097888,78305,1,0,1
5077936,78306,1,0,1
944808,78307,1,0,1
6422184,78308,1,1,0
694592,78309,1,0,1
6303056,78310,1,0,1
607912,78311,1,0,1
2388880,78312,1,0,1
3245752,78313,1,0,1
603632,78314,1,1,0
2462224,78315,1,0,1
6360528,78316,1,1,0
385272,78317,1,1,0
6031888,78318,1,1,0
5804656,78319,1,0,1
446408,78320,1,0,1
3703336,78321,1,1,0
305600,78322,1,0,1
1851056,78323,1,0,1
121360,78324,1,0,1
2746784,78325,1,0,1
4349352,78326,1,1,0
4866856,78327,1,1,0
453080,78328,1,0,1
2446912,78329,1,1,0
1179784,78330,1,1,0
3716928,78331,1,1,0
2522176,78332,1,0,1
1896920,78333,1,0,1
6522584,78334,1,1,0
269296,78335,1,1,0
1242424,78336,1,1,0
5355376,78337,1,0,1
2456320,78338,1,1,0
2330864,78339,1,1,0
3672112,78340,1,0,1
6043456,78341,1,0,1
6613952,78342,1,1,0
1603624,78343,1,0,1
4934424,78344,1,1,0
4541816,78345,1,1,0
1686648,78346,1,0,1
700520,78347,1,0,1
322640,78348,1,0,1
301112,78349,1,1,0
5307560,78350,1,0,1
5260248,78351,1,0,1
5862040,78352,1,1,0
3277096,78353,1,1,0
6850720,78354,1,1,0
954544,78355,1,0,1
5756872,78356,1,1,0
2410304,78357,1,0,1
5750928,78358,1,1,0
6022096,78359,1,0,1
2895584,78360,1,0,1
1494816,78361,1,0,1
991288,78362,1,0,1
4189464,78363,1,1,0
5141680,78364,1,1,0
7586480,78365,1,0,1
2453392,78366,1,1,0
4778888,78367,1,0,1
2293376,78368,1,1,0
7591896,78369,1,0,1
2121344,78370,1,1,0
3054600,78371,1,1,0
4128992,78372,1,1,0
1525360,78373,1,0,1
2098808,78374,1,1,0
314784,78375,1,1,0
4087120,78376,1,1,0
4335464,78377,1,1,0
6153800,78378,1,0,1
1758176,78379,1,0,1
688480,78380,1,1,0
2651720,78381,1,1,0
1288640,78382,1,1,0
392616,78383,1,0,1
271488,78384,1,0,1
1101792,78385,1,0,1
3359560,78386,1,1,0
1660928,78387,1,0,1
3222928,78388,1,0,1
401040,78389,1,0,1
735864,78390,1,0,1
321536,78391,1,1,0
3097712,78392,1,1,0
4438256,78393,1,1,0
5320864,78394,1,1,0
3537096,78395,1,0,1
1863816,78396,1,0,1
4643856,78397,1,1,0
4177072,78398,1,1,0
7991048,78399,1,0,1
3231664,78400,1,0,1
1628808,78401,1,0,1
374824,78402,1,1,0
4651584,78403,1,1,0
4078856,78404,1,1,0
5920000,78405,1,0,1
3828800,78406,1,1,0
244208,78407,1,0,1
1529440,78408,1,1,0
2188696,78409,1,0,1
1747088,78410,1,0,1
2432232,78411,1,1,0
4068992,78412,1,0,1
6147784,78413,1,0,1
908720,78414,1,0,1
5655512,78415,1,0,1
415000,78416,1,1,0
2181520,78417,1,1,0
6379784,78418,1,0,1
577760,78419,1,1,0
2959352,78420,1,0,1
495576,78421,1,0,1
1923624,78422,1,1,0
2841752,78423,1,1,0
450032,78424,1,1,0
2445752,78425,1,0,1
266496,78426,1,1,0
359816,78427,1,0,1
1929456,78428,1,1,0
8263136,78429,1,1,0
2180384,78430,1,1,0
5570976,78431,1,0,1
5053328,78432,1,0,1
3361432,78433,1,0,1
6782968,78434,1,0,1
1140040,78435,1,0,1
5787160,78436,1,1,0
6695768,78437,1,0,1
650608,78438,1,0,1
1528288,78439,1,0,1
2005576,78440,1,1,0
6925312,78441,1,1,0
2319688,78442,1,1,0
419816,78443,1,0,1
8247000,78444,1,0,1
373784,78445,1,1,0
2209800,78446,1,0,1
1692736,78447,1,1,0
5820288,78448,1,1,0
3535144,78449,1,1,0
1323960,78450,1,0,1
4294400,78451,1,1,0
7926304,78452,1,1,0
3245552,78453,1,1,0
471576,78454,1,0,1
3254968,78455,1,1,0
457488,78456,1,1,0
1113728,78457,1,1,0
3902448,78458,1,0,1
730616,78459,1,1,0
2151544,78460,1,1,0
3975048,78461,1,0,1
728992,78462,1,0,1
118328,78463,1,1,0
1520904,78464,1,0,1
489320,78465,1,1,0
3335344,78466,1,0,1
8154800,78467,1,0,1
5415184,78468,1,0,1
3537576,78469,1,0,1
2837816,78470,1,1,0
6835008,78471,1,0,1
752760,78472,1,0,1
1798120,78473,1,1,0
1220312,78474,1,1,0
5070160,78475,1,1,0
3065080,78476,1,0,1
6901168,78477,1,0,1
823104,78478,1,1,0
1793512,78479,1,1,0
2725576,78480,1,1,0
418320,78481,1,1,0
4114600,78482,1,1,0
4907744,78483,1,1,0
2262384,78484,1,1,0
1627472,78485,1,0,1
8313600,78486,1,1,0
3254648,78487,1,0,1
910760,78488,1,1,0
4848688,78489,1,0,1
2135056,78490,1,0,1
3027744,78491,1,1,0
6836552,78492,1,0,1
8188280,78493,1,1,0
7925128,78494,1,1,0
7594616,78495,1,1,0
5991592,78496,1,1,0
119664,78497,1,1,0
6168624,78498,1,0,1
952472,78499,1,1,0
4613848,78500,1,1,0
861504,78501,1,1,0
1743808,78502,1,0,1
984752,78503,1,1,0
8247256,78504,1,1,0
2996984,78505,1,1,0
3710120,78506,1,1,0
1321976,78507,1,0,1
484672,78508,1,0,1
243560,78509,1,1,0
1356560,78510,1,1,0
7418320,78511,1,0,1
381288,78512,1,1,0
5028224,78513,1,1,0
819360,78514,1,0,1
2055352,78515,1,1,0
417928,78516,1,1,0
171464,78517,1,0,1
6616928,78518,1,0,1
1507328,78519,1,0,1
335000,78520,1,0,1
3857568,78521,1,0,1
3359304,78522,1,0,1
276336,78523,1,0,1
6174848,78524,1,0,1
1033096,78525,1,0,1
6355576,78526,1,1,0
1744792,78527,1,1,0
4038064,78528,1,0,1
5500192,78529,1,0,1
6604304,78530,1,1,0
6500112,78531,1,0,1
961736,78532,1,1,0
4549504,78533,1,0,1
6477384,78534,1,1,0
566384,78535,1,1,0
2614984,78536,1,0,1
567184,78537,1,0,1
1962584,78538,1,1,0
5662560,78539,1,1,0
1356872,78540,1,0,1
3980552,78541,1,0,1
2429664,78542,1,0,1
875608,78543,1,0,1
1665360,78544,1,0,1
5106256,78545,1,1,0
2825912,78546,1,1,0
2077768,78547,1,1,0
6100672,78548,1,0,1
1110664,78549,1,0,1
7968144,78550,1,1,0
6109632,78551,1,0,1
4063016,78552,1,1,0
141992,78553,1,0,1
4628264,78554,1,1,0
2620544,78555,1,1,0
725664,78556,1,1,0
8134904,78557,1,0,1
543056,78558,1,1,0
1891312,78559,1,1,0
1232800,78560,1,1,0
6429128,78561,1,0,1
375000,78562,1,1,0
819488,78563,1,1,0
7579944,78564,1,1,0
1470408,78565,1,0,1
5149520,78566,1,1,0
1704360,78567,1,0,1
6120816,78568,1,0,1
3975984,78569,1,1,0
188568,78570,1,1,0
118688,78571,1,1,0
719880,78572,1,0,1
229320,78573,1,1,0
835672,78574,1,1,0
2304248,78575,1,1,0
694976,78576,1,0,1
1238160,78577,1,1,0
6140944,78578,1,0,1
3174600,78579,1,1,0
930768,78580,1,1,0
1472536,78581,1,0,1
2977440,78582,1,0,1
1460800,78583,1,1,0
4185552,78584,1,0,1
3019288,78585,1,1,0
5321696,78586,1,1,0
1853640,78587,1,1,0
3480272,78588,1,1,0
4701880,78589,1,1,0
1216608,78590,1,0,1
194808,78591,1,0,1
7463520,78592,1,1,0
5698248,78593,1,1,0
439072,78594,1,1,0
2860120,78595,1,1,0
108776,78596,1,1,0
6904600,78597,1,0,1
373728,78598,1,1,0
7205600,78599,1,0,1
2110536,78600,1,0,1
1376232,78601,1,1,0
558928,78602,1,1,0
751776,78603,1,1,0
5630736,78604,1,0,1
652744,78605,1,0,1
4566232,78606,1,1,0
8216152,78607,1,1,0
673880,78608,1,1,0
1934880,78609,1,1,0
1170928,78610,1,1,0
664488,78611,1,0,1
94656,78612,1,1,0
314392,78613,1,1,0
734200,78614,1,0,1
4312272,78615,1,0,1
6128560,78616,1,0,1
1311904,78617,1,0,1
343176,78618,1,1,0
2185024,78619,1,1,0
1916096,78620,1,1,0
4951904,78621,1,0,1
7835896,78622,1,0,1
3863024,78623,1,1,0
2862368,78624,1,0,1
2522680,78625,1,0,1
358552,78626,1,1,0
930224,78627,1,1,0
2759624,78628,1,0,1
3516976,78629,1,1,0
7895040,78630,1,1,0
2234424,78631,1,0,1
4814984,78632,1,1,0
6908984,78633,1,0,1
2408752,78634,1,1,0
3824256,78635,1,1,0
1754024,78636,1,1,0
681176,78637,1,1,0
1830160,78638,1,0,1
2549960,78639,1,1,0
3699592,78640,1,0,1
4297664,78641,1,1,0
5948816,78642,1,0,1
2918280,78643,1,0,1
1670912,78644,1,0,1
891920,78645,1,0,1
1690800,78646,1,0,1
4138368,78647,1,0,1
4245576,78648,1,1,0
3902536,78649,1,0,1
3749320,78650,1,0,1
680960,78651,1,1,0
1316640,78652,1,0,1
4196608,78653,1,1,0
450976,78654,1,0,1
1256832,78655,1,0,1
380336,78656,1,1,0
6692872,78657,1,0,1
637568,78658,1,0,1
2362456,78659,1,0,1
617856,78660,1,0,1
231488,78661,1,0,1
4488216,78662,1,1,0
379152,78663,1,1,0
1479896,78664,1,0,1
3886704,78665,1,0,1
960112,78666,1,1,0
1385576,78667,1,0,1
194192,78668,1,1,0
1495912,78669,1,1,0
8236264,78670,1,0,1
919384,78671,1,1,0
898224,78672,1,1,0
4501720,78673,1,1,0
1190480,78674,1,1,0
940976,78675,1,0,1
3590008,78676,1,1,0
3459520,78677,1,0,1
328352,78678,1,1,0
3823800,78679,1,0,1
1734816,78680,1,0,1
3512400,78681,1,0,1
1405320,78682,1,1,0
939480,78683,1,0,1
4032328,78684,1,0,1
7286832,78685,1,1,0
766616,78686,1,0,1
5512184,78687,1,1,0
1197936,78688,1,0,1
7360880,78689,1,1,0
4051520,78690,1,0,1
3271368,78691,1,0,1
1384408,78692,1,1,0
4838056,78693,1,0,1
1344272,78694,1,1,0
3028584,78695,1,1,0
2062128,78696,1,1,0
285864,78697,1,1,0
3158544,78698,1,0,1
8177136,78699,1,1,0
1701088,78700,1,0,1
1705928,78701,1,1,0
683536,78702,1,1,0
2723512,78703,1,1,0
4683928,78704,1,0,1
716224,78705,1,0,1
983200,78706,1,0,1
1400552,78707,1,0,1
6194992,78708,1,0,1
1086832,78709,1,1,0
1172952,78710,1,0,1
4208696,78711,1,0,1
873096,78712,1,1,0
8328680,78713,1,1,0
5263632,78714,1,0,1
2355656,78715,1,0,1
1963584,78716,1,1,0
382616,78717,1,0,1
5202920,78718,1,0,1
1650040,78719,1,1,0
539552,78720,1,1,0
1690040,78721,1,1,0
3674880,78722,1,0,1
4416760,78723,1,1,0
466176,78724,1,1,0
5700320,78725,1,1,0
958304,78726,1,1,0
497696,78727,1,1,0
1251408,78728,1,0,1
1947592,78729,1,0,1
1245048,78730,1,0,1
3585336,78731,1,0,1
1566984,78732,1,0,1
2787008,78733,1,1,0
344616,78734,1,1,0
1276920,78735,1,0,1
488696,78736,1,1,0
213560,78737,1,1,0
1622872,78738,1,0,1
4308904,78739,1,1,0
6485600,78740,1,0,1
242576,78741,1,0,1
4376200,78742,1,0,1
3950384,78743,1,0,1
1218552,78744,1,1,0
2302264,78745,1,1,0
5395760,78746,1,1,0
2277368,78747,1,0,1
658680,78748,1,0,1
4438576,78749,1,1,0
1418232,78750,1,1,0
379856,78751,1,0,1
7216184,78752,1,0,1
514568,78753,1,1,0
1820152,78754,1,0,1
2457240,78755,1,1,0
890632,78756,1,1,0
2242272,78757,1,1,0
471976,78758,1,1,0
2663768,78759,1,1,0
7810272,78760,1,1,0
5449528,78761,1,1,0
5616032,78762,1,1,0
5776056,78763,1,0,1
972592,78764,1,0,1
661752,78765,1,0,1
4074088,78766,1,0,1
4710688,78767,1,1,0
368392,78768,1,1,0
498184,78769,1,1,0
515840,78770,1,0,1
1659464,78771,1,1,0
1095424,78772,1,0,1
5529336,78773,1,0,1
869304,78774,1,1,0
386384,78775,1,0,1
3640008,78776,1,1,0
5520024,78777,1,0,1
7172312,78778,1,0,1
730144,78779,1,1,0
4836288,78780,1,1,0
3280424,78781,1,0,1
2920928,78782,1,0,1
623344,78783,1,0,1
1949048,78784,1,1,0
500568,78785,1,1,0
2405648,78786,1,1,0
1099328,78787,1,1,0
846344,78788,1,1,0
5192176,78789,1,1,0
6012808,78790,1,0,1
758896,78791,1,1,0
766784,78792,1,0,1
2153472,78793,1,1,0
312968,78794,1,0,1
1127672,78795,1,1,0
4001440,78796,1,0,1
3967424,78797,1,0,1
1916696,78798,1,1,0
2455344,78799,1,0,1
3855328,78800,1,0,1
1039904,78801,1,1,0
501416,78802,1,0,1
6041216,78803,1,0,1
621120,78804,1,0,1
2583640,78805,1,0,1
3186456,78806,1,1,0
2836608,78807,1,0,1
1827136,78808,1,0,1
637008,78809,1,1,0
1394016,78810,1,0,1
2264544,78811,1,1,0
8342184,78812,1,1,0
3617432,78813,1,0,1
5622080,78814,1,0,1
6653112,78815,1,0,1
2947928,78816,1,0,1
733120,78817,1,0,1
412632,78818,1,1,0
8022344,78819,1,1,0
448288,78820,1,0,1
230096,78821,1,1,0
563632,78822,1,0,1
6544336,78823,1,0,1
3063872,78824,1,1,0
1122848,78825,1,1,0
138264,78826,1,1,0
1172176,78827,1,0,1
5696264,78828,1,1,0
1663328,78829,1,0,1
3582072,78830,1,0,1
3031496,78831,1,1,0
3054752,78832,1,0,1
2978736,78833,1,1,0
1007600,78834,1,0,1
8262128,78835,1,0,1
2174264,78836,1,0,1
709304,78837,1,0,1
661768,78838,1,0,1
4721728,78839,1,1,0
1977600,78840,1,1,0
470328,78841,1,0,1
1248632,78842,1,0,1
2961048,78843,1,1,0
707552,78844,1,1,0
647840,78845,1,1,0
686712,78846,1,0,1
7935976,78847,1,1,0
2212264,78848,1,1,0
8376552,78849,1,0,1
2070160,78850,1,0,1
4428696,78851,1,0,1
2135680,78852,1,1,0
2874184,78853,1,0,1
3669392,78854,1,0,1
4603048,78855,1,1,0
3325552,78856,1,1,0
750816,78857,1,1,0
4154632,78858,1,0,1
6071248,78859,1,0,1
4703280,78860,1,0,1
116032,78861,1,0,1
8234112,78862,1,1,0
3042752,78863,1,0,1
2459608,78864,1,0,1
8264616,78865,1,0,1
1126920,78866,1,0,1
2559312,78867,1,1,0
1887000,78868,1,1,0
3763736,78869,1,1,0
1812224,78870,1,0,1
4587816,78871,1,1,0
994584,78872,1,0,1
5322544,78873,1,1,0
5171848,78874,1,1,0
2519696,78875,1,1,0
2582384,78876,1,1,0
936312,78877,1,1,0
2046120,78878,1,1,0
7766320,78879,1,0,1
3292952,78880,1,0,1
3444064,78881,1,0,1
5548184,78882,1,0,1
1504272,78883,1,1,0
3011608,78884,1,1,0
1508664,78885,1,0,1
954880,78886,1,0,1
5940088,78887,1,1,0
1248848,78888,1,0,1
3885552,78889,1,0,1
429752,78890,1,0,1
633360,78891,1,0,1
5748888,78892,1,1,0
2182232,78893,1,1,0
4735952,78894,1,1,0
3513656,78895,1,0,1
1232232,78896,1,0,1
998768,78897,1,0,1
3134904,78898,1,0,1
239584,78899,1,1,0
1352248,78900,1,1,0
4235864,78901,1,0,1
3408120,78902,1,0,1
1281232,78903,1,1,0
7153192,78904,1,1,0
3727016,78905,1,0,1
374024,78906,1,1,0
4382080,78907,1,0,1
3066112,78908,1,0,1
7026672,78909,1,0,1
1023776,78910,1,1,0
2639808,78911,1,0,1
140520,78912,1,1,0
380232,78913,1,1,0
372888,78914,1,0,1
2363704,78915,1,1,0
174232,78916,1,1,0
7564288,78917,1,0,1
278928,78918,1,0,1
3762512,78919,1,0,1
1461376,78920,1,1,0
6930224,78921,1,0,1
794800,78922,1,1,0
5798672,78923,1,1,0
244176,78924,1,0,1
4555608,78925,1,1,0
89112,78926,1,1,0
1793776,78927,1,0,1
1190728,78928,1,0,1
414384,78929,1,1,0
760088,78930,1,0,1
2808568,78931,1,1,0
6051248,78932,1,1,0
1796192,78933,1,1,0
2550528,78934,1,0,1
2231128,78935,1,0,1
4530888,78936,1,0,1
1007488,78937,1,0,1
705344,78938,1,1,0
2804368,78939,1,1,0
2453624,78940,1,1,0
228792,78941,1,1,0
1004952,78942,1,1,0
2658776,78943,1,0,1
1702984,78944,1,1,0
488736,78945,1,0,1
2520424,78946,1,0,1
6906064,78947,1,1,0
744872,78948,1,1,0
1239368,78949,1,1,0
823032,78950,1,0,1
4083448,78951,1,0,1
5499184,78952,1,1,0
4074192,78953,1,1,0
6672456,78954,1,1,0
1309600,78955,1,1,0
159016,78956,1,1,0
7168352,78957,1,1,0
783184,78958,1,1,0
494200,78959,1,0,1
897888,78960,1,1,0
400592,78961,1,1,0
2194048,78962,1,1,0
1268280,78963,1,1,0
704128,78964,1,0,1
8155512,78965,1,0,1
1526336,78966,1,1,0
5470624,78967,1,1,0
5188768,78968,1,1,0
537728,78969,1,1,0
694184,78970,1,0,1
632696,78971,1,0,1
1333984,78972,1,1,0
3984816,78973,1,0,1
5993336,78974,1,0,1
2527120,78975,1,0,1
414456,78976,1,1,0
4305912,78977,1,0,1
1879120,78978,1,0,1
304736,78979,1,0,1
5365384,78980,1,0,1
2544464,78981,1,0,1
1088280,78982,1,0,1
2500488,78983,1,1,0
5565128,78984,1,0,1
2484608,78985,1,0,1
5850776,78986,1,0,1
800392,78987,1,1,0
3726816,78988,1,0,1
2275704,78989,1,0,1
2603576,78990,1,0,1
5073024,78991,1,1,0
7315216,78992,1,0,1
2605832,78993,1,1,0
6529488,78994,1,0,1
4731112,78995,1,0,1
2311504,78996,1,1,0
335704,78997,1,1,0
475800,78998,1,1,0
2436544,78999,1,1,0
1033808,79000,1,1,0
6930688,79001,1,1,0
397304,79002,1,0,1
2862912,79003,1,1,0
6985296,79004,1,0,1
6169224,79005,1,1,0
3620568,79006,1,0,1
3759008,79007,1,0,1
2411808,79008,1,0,1
287400,79009,1,1,0
684720,79010,1,0,1
1508368,79011,1,1,0
2028728,79012,1,0,1
1128208,79013,1,0,1
6076624,79014,1,0,1
3488328,79015,1,0,1
648920,79016,1,1,0
179712,79017,1,0,1
7490072,79018,1,1,0
376984,79019,1,1,0
811144,79020,1,1,0
6390480,79021,1,0,1
1783720,79022,1,1,0
3281896,79023,1,0,1
3592928,79024,1,0,1
3891648,79025,1,0,1
1524344,79026,1,0,1
475312,79027,1,0,1
2972672,79028,1,0,1
405096,79029,1,1,0
470120,79030,1,0,1
1076728,79031,1,0,1
4830240,79032,1,0,1
1974088,79033,1,0,1
671992,79034,1,1,0
1728104,79035,1,1,0
2265488,79036,1,0,1
420552,79037,1,0,1
1779392,79038,1,1,0
1058368,79039,1,1,0
1832568,79040,1,1,0
5482616,79041,1,1,0
2049160,79042,1,1,0
1416288,79043,1,0,1
510976,79044,1,0,1
533384,79045,1,1,0
2061496,79046,1,1,0
3052536,79047,1,0,1
2931512,79048,1,0,1
1510272,79049,1,0,1
7039696,79050,1,1,0
282704,79051,1,1,0
1124552,79052,1,1,0
141208,79053,1,1,0
881984,79054,1,1,0
1511392,79055,1,1,0
974272,79056,1,0,1
3232000,79057,1,0,1
3765304,79058,1,0,1
2827368,79059,1,0,1
4279920,79060,1,0,1
1293928,79061,1,1,0
1163040,79062,1,1,0
1837776,79063,1,0,1
1291008,79064,1,0,1
422408,79065,1,1,0
6795160,79066,1,1,0
5122032,79067,1,1,0
1385616,79068,1,1,0
3599264,79069,1,0,1
996632,79070,1,0,1
585304,79071,1,1,0
3996640,79072,1,1,0
4573856,79073,1,1,0
3677376,79074,1,0,1
218776,79075,1,0,1
2640776,79076,1,1,0
381400,79077,1,1,0
3475080,79078,1,1,0
841440,79079,1,1,0
2124992,79080,1,0,1
8064024,79081,1,0,1
6559760,79082,1,1,0
1746536,79083,1,1,0
3883832,79084,1,0,1
614112,79085,1,0,1
5007736,79086,1,1,0
2209408,79087,1,1,0
6423872,79088,1,1,0
7799040,79089,1,1,0
282008,79090,1,0,1
2484352,79091,1,1,0
1123536,79092,1,0,1
1392888,79093,1,1,0
3724936,79094,1,1,0
1230224,79095,1,0,1
1444992,79096,1,1,0
6899552,79097,1,0,1
2021528,79098,1,0,1
831600,79099,1,1,0
1952192,79100,1,1,0
6248648,79101,1,1,0
4177528,79102,1,1,0
1356184,79103,1,1,0
222728,79104,1,0,1
840216,79105,1,1,0
357608,79106,1,1,0
2059440,79107,1,0,1
7860920,79108,1,1,0
3827208,79109,1,0,1
607464,79110,1,0,1
1782016,79111,1,1,0
1486816,79112,1,0,1
5812728,79113,1,1,0
349520,79114,1,0,1
2121032,79115,1,0,1
1291968,79116,1,0,1
1011480,79117,1,1,0
981488,79118,1,0,1
1073224,79119,1,0,1
6764200,79120,1,0,1
1548208,79121,1,1,0
8077576,79122,1,1,0
1786528,79123,1,0,1
4399520,79124,1,1,0
674264,79125,1,0,1
5336944,79126,1,1,0
1336448,79127,1,0,1
664216,79128,1,1,0
3867416,79129,1,0,1
1644904,79130,1,1,0
1662272,79131,1,1,0
1303320,79132,1,0,1
2656072,79133,1,0,1
1100232,79134,1,1,0
2689448,79135,1,0,1
2155080,79136,1,0,1
7885896,79137,1,0,1
1055288,79138,1,1,0
5300464,79139,1,1,0
5212904,79140,1,0,1
343200,79141,1,1,0
5916432,79142,1,0,1
2774648,79143,1,1,0
7524992,79144,1,1,0
1242768,79145,1,0,1
5240696,79146,1,1,0
8223752,79147,1,0,1
2479976,79148,1,0,1
563784,79149,1,1,0
8010504,79150,1,0,1
7524856,79151,1,1,0
5659376,79152,1,1,0
1156656,79153,1,0,1
137544,79154,1,0,1
1768256,79155,1,1,0
6244472,79156,1,0,1
735408,79157,1,0,1
1060296,79158,1,0,1
4426424,79159,1,1,0
7647144,79160,1,1,0
2678760,79161,1,1,0
1829416,79162,1,1,0
6875504,79163,1,0,1
5893744,79164,1,1,0
338440,79165,1,0,1
239016,79166,1,1,0
7287840,79167,1,0,1
5830248,79168,1,0,1
753096,79169,1,0,1
142840,79170,1,0,1
1156560,79171,1,1,0
1257296,79172,1,0,1
758992,79173,1,1,0
3532328,79174,1,1,0
579896,79175,1,1,0
1562296,79176,1,0,1
1938400,79177,1,0,1
79432,79178,1,0,1
1136104,79179,1,1,0
979352,79180,1,0,1
954136,79181,1,0,1
2692200,79182,1,0,1
1249176,79183,1,0,1
1670168,79184,1,1,0
7944504,79185,1,0,1
6369480,79186,1,0,1
5134192,79187,1,1,0
1645800,79188,1,1,0
2045312,79189,1,1,0
1846240,79190,1,0,1
1231840,79191,1,1,0
6366984,79192,1,1,0
3215016,79193,1,1,0
839616,79194,1,1,0
1470832,79195,1,0,1
4031728,79196,1,0,1
945912,79197,1,0,1
5746056,79198,1,1,0
868976,79199,1,1,0
4109112,79200,1,1,0
1591464,79201,1,0,1
1312568,79202,1,0,1
4556456,79203,1,1,0
5719024,79204,1,1,0
247720,79205,1,1,0
3140424,79206,1,0,1
1652000,79207,1,0,1
7484960,79208,1,1,0
1704664,79209,1,1,0
993160,79210,1,1,0
8240328,79211,1,1,0
455528,79212,1,1,0
1231016,79213,1,0,1
1181344,79214,1,1,0
7697256,79215,1,1,0
331896,79216,1,1,0
601688,79217,1,0,1
2682704,79218,1,1,0
499488,79219,1,0,1
1136544,79220,1,0,1
801360,79221,1,1,0
743688,79222,1,0,1
1836632,79223,1,1,0
3490432,79224,1,1,0
1129128,79225,1,1,0
251328,79226,1,1,0
222400,79227,1,0,1
621792,79228,1,0,1
61496,79229,1,1,0
666736,79230,1,1,0
7667856,79231,1,0,1
4764232,79232,1,1,0
6152008,79233,1,1,0
646248,79234,1,0,1
1476352,79235,1,1,0
948656,79236,1,0,1
4984952,79237,1,1,0
2640808,79238,1,1,0
355000,79239,1,1,0
2748816,79240,1,1,0
163920,79241,1,1,0
313272,79242,1,1,0
528512,79243,1,0,1
2303400,79244,1,1,0
1611832,79245,1,1,0
1352688,79246,1,1,0
1291120,79247,1,1,0
1775016,79248,1,0,1
5469200,79249,1,0,1
3965120,79250,1,0,1
3917560,79251,1,0,1
6320640,79252,1,1,0
6638960,79253,1,0,1
828584,79254,1,1,0
364976,79255,1,0,1
762008,79256,1,0,1
1019360,79257,1,1,0
6266640,79258,1,0,1
1048608,79259,1,0,1
3638224,79260,1,0,1
2265120,79261,1,0,1
558000,79262,1,0,1
367928,79263,1,0,1
5467648,79264,1,0,1
4943832,79265,1,1,0
1654184,79266,1,0,1
2198744,79267,1,1,0
1773736,79268,1,1,0
3731656,79269,1,0,1
6456008,79270,1,1,0
2657560,79271,1,1,0
3354600,79272,1,0,1
416200,79273,1,1,0
2574728,79274,1,1,0
1361464,79275,1,0,1
2172248,79276,1,1,0
7168344,79277,1,1,0
144240,79278,1,0,1
2937992,79279,1,1,0
2218432,79280,1,1,0
4380032,79281,1,0,1
1494072,79282,1,0,1
7425720,79283,1,1,0
394904,79284,1,1,0
221120,79285,1,1,0
3216216,79286,1,0,1
4731216,79287,1,1,0
500432,79288,1,1,0
3864760,79289,1,1,0
3936520,79290,1,1,0
5406424,79291,1,0,1
5080368,79292,1,1,0
2111920,79293,1,1,0
749904,79294,1,1,0
1932168,79295,1,0,1
282656,79296,1,1,0
1528696,79297,1,1,0
2225216,79298,1,0,1
7410872,79299,1,0,1
1406944,79300,1,0,1
1418584,79301,1,0,1
1865416,79302,1,1,0
4928704,79303,1,1,0
785248,79304,1,0,1
1634072,79305,1,1,0
7268576,79306,1,0,1
6252824,79307,1,0,1
1556608,79308,1,1,0
7450808,79309,1,0,1
1026784,79310,1,0,1
6191856,79311,1,0,1
4746400,79312,1,0,1
7655304,79313,1,1,0
1081328,79314,1,1,0
5263872,79315,1,0,1
5863856,79316,1,1,0
6608608,79317,1,0,1
6530552,79318,1,0,1
5643760,79319,1,0,1
2398160,79320,1,1,0
3655480,79321,1,1,0
777736,79322,1,0,1
2700168,79323,1,0,1
7753384,79324,1,0,1
934784,79325,1,1,0
4321416,79326,1,1,0
431984,79327,1,0,1
7151192,79328,1,0,1
7572264,79329,1,0,1
332112,79330,1,0,1
1847464,79331,1,1,0
2631400,79332,1,1,0
3891632,79333,1,0,1
2978904,79334,1,0,1
1614000,79335,1,1,0
661568,79336,1,0,1
3051232,79337,1,0,1
2066272,79338,1,1,0
2103000,79339,1,1,0
7399648,79340,1,1,0
145536,79341,1,0,1
3657568,79342,1,0,1
1621944,79343,1,1,0
377424,79344,1,1,0
1659872,79345,1,0,1
1478656,79346,1,0,1
2041792,79347,1,1,0
2010208,79348,1,0,1
1967832,79349,1,0,1
1640128,79350,1,0,1
2558704,79351,1,0,1
1319104,79352,1,0,1
1818184,79353,1,0,1
5245552,79354,1,1,0
612248,79355,1,0,1
2454232,79356,1,0,1
4792432,79357,1,1,0
5966296,79358,1,1,0
981816,79359,1,0,1
800296,79360,1,1,0
545112,79361,1,1,0
2999152,79362,1,0,1
6633752,79363,1,0,1
3711936,79364,1,0,1
4373616,79365,1,0,1
1375400,79366,1,0,1
514168,79367,1,0,1
4975056,79368,1,1,0
6259624,79369,1,0,1
6203152,79370,1,0,1
1622384,79371,1,1,0
6988936,79372,1,0,1
4496880,79373,1,1,0
5554904,79374,1,0,1
6340712,79375,1,0,1
3478168,79376,1,0,1
601584,79377,1,1,0
4043520,79378,1,1,0
3641584,79379,1,1,0
2998968,79380,1,0,1
1827392,79381,1,1,0
3315232,79382,1,0,1
4331880,79383,1,1,0
1717648,79384,1,1,0
290848,79385,1,0,1
6088584,79386,1,0,1
6107976,79387,1,0,1
444032,79388,1,0,1
7086832,79389,1,0,1
2486928,79390,1,1,0
2014896,79391,1,1,0
5517320,79392,1,1,0
1472984,79393,1,0,1
3823208,79394,1,1,0
2607080,79395,1,0,1
1162624,79396,1,0,1
4348920,79397,1,1,0
1091720,79398,1,1,0
748040,79399,1,0,1
1335408,79400,1,0,1
8012896,79401,1,0,1
6717640,79402,1,0,1
2016544,79403,1,1,0
2868536,79404,1,0,1
505248,79405,1,1,0
1170968,79406,1,0,1
5628720,79407,1,1,0
2307768,79408,1,1,0
419352,79409,1,0,1
1810952,79410,1,0,1
8144336,79411,1,0,1
4616352,79412,1,0,1
5401576,79413,1,0,1
3643888,79414,1,0,1
7249560,79415,1,1,0
579904,79416,1,0,1
4967024,79417,1,1,0
1593152,79418,1,1,0
3624592,79419,1,0,1
1491336,79420,1,1,0
651792,79421,1,0,1
5028032,79422,1,1,0
3236072,79423,1,0,1
1391856,79424,1,1,0
998968,79425,1,0,1
3265344,79426,1,0,1
343880,79427,1,1,0
6416280,79428,1,0,1
3712944,79429,1,0,1
4627536,79430,1,1,0
1124160,79431,1,0,1
3020872,79432,1,0,1
6511720,79433,1,0,1
7226232,79434,1,1,0
601728,79435,1,1,0
4392576,79436,1,0,1
438680,79437,1,1,0
2013480,79438,1,1,0
1748296,79439,1,0,1
2539464,79440,1,0,1
2204192,79441,1,0,1
4719072,79442,1,0,1
5637264,79443,1,1,0
3847096,79444,1,0,1
1180448,79445,1,1,0
2008552,79446,1,0,1
2830288,79447,1,0,1
2692864,79448,1,0,1
5485168,79449,1,1,0
2169848,79450,1,1,0
1325072,79451,1,0,1
748800,79452,1,1,0
2117344,79453,1,1,0
274016,79454,1,0,1
502488,79455,1,0,1
4180920,79456,1,0,1
3903592,79457,1,0,1
5846896,79458,1,0,1
1052472,79459,1,0,1
5365928,79460,1,1,0
7943488,79461,1,1,0
4886992,79462,1,0,1
1506336,79463,1,0,1
792224,79464,1,0,1
2965912,79465,1,1,0
3476440,79466,1,0,1
2313384,79467,1,1,0
4398360,79468,1,0,1
2126632,79469,1,1,0
3197072,79470,1,1,0
2354056,79471,1,1,0
4473488,79472,1,1,0
3798216,79473,1,0,1
2397120,79474,1,1,0
607904,79475,1,0,1
2886728,79476,1,1,0
1640856,79477,1,1,0
7151728,79478,1,0,1
1022072,79479,1,1,0
437720,79480,1,1,0
1224088,79481,1,1,0
1412040,79482,1,1,0
1203408,79483,1,1,0
555136,79484,1,1,0
3737984,79485,1,0,1
4374976,79486,1,0,1
7062024,79487,1,0,1
7968840,79488,1,0,1
6014968,79489,1,0,1
2309488,79490,1,0,1
2292504,79491,1,0,1
5267536,79492,1,0,1
1416672,79493,1,0,1
5287344,79494,1,1,0
3652208,79495,1,0,1
3969856,79496,1,1,0
912408,79497,1,1,0
224024,79498,1,0,1
320832,79499,1,0,1
3614712,79500,1,0,1
832096,79501,1,1,0
5524528,79502,1,1,0
7471696,79503,1,0,1
183200,79504,1,0,1
88832,79505,1,1,0
2059040,79506,1,0,1
3492840,79507,1,0,1
5057496,79508,1,0,1
1070984,79509,1,0,1
7696664,79510,1,1,0
650648,79511,1,0,1
5854992,79512,1,1,0
1561632,79513,1,0,1
4210200,79514,1,0,1
8121584,79515,1,0,1
2989360,79516,1,1,0
7682744,79517,1,0,1
2786168,79518,1,0,1
3227480,79519,1,0,1
5927248,79520,1,0,1
3732600,79521,1,0,1
976912,79522,1,1,0
1166624,79523,1,1,0
531152,79524,1,1,0
4436224,79525,1,0,1
6565440,79526,1,1,0
4905872,79527,1,1,0
7356912,79528,1,0,1
3310080,79529,1,1,0
8362264,79530,1,0,1
554312,79531,1,0,1
5999568,79532,1,1,0
7327568,79533,1,0,1
5171784,79534,1,0,1
3249888,79535,1,1,0
1493600,79536,1,1,0
3903664,79537,1,0,1
8124512,79538,1,0,1
367152,79539,1,1,0
1704600,79540,1,0,1
4010776,79541,1,1,0
4140280,79542,1,1,0
1825040,79543,1,1,0
3172880,79544,1,1,0
8092072,79545,1,0,1
2023712,79546,1,1,0
5603336,79547,1,0,1
320128,79548,1,0,1
5644744,79549,1,1,0
978104,79550,1,1,0
8128776,79551,1,1,0
2455616,79552,1,0,1
113432,79553,1,0,1
289296,79554,1,0,1
4807008,79555,1,1,0
1679352,79556,1,1,0
3505568,79557,1,1,0
710792,79558,1,1,0
4307048,79559,1,0,1
2963424,79560,1,1,0
4092848,79561,1,0,1
1709824,79562,1,1,0
2167416,79563,1,1,0
5328048,79564,1,1,0
1633400,79565,1,0,1
1400984,79566,1,0,1
3071616,79567,1,1,0
2040776,79568,1,0,1
2331944,79569,1,0,1
1176680,79570,1,0,1
7429440,79571,1,0,1
1790592,79572,1,0,1
1318112,79573,1,0,1
156272,79574,1,0,1
1980808,79575,1,0,1
1032776,79576,1,0,1
1879144,79577,1,0,1
2060400,79578,1,1,0
7258864,79579,1,0,1
3404336,79580,1,0,1
2346816,79581,1,1,0
4637592,79582,1,1,0
297064,79583,1,0,1
2712024,79584,1,0,1
697192,79585,1,0,1
3323968,79586,1,1,0
4356872,79587,1,1,0
3667888,79588,1,0,1
411064,79589,1,0,1
317800,79590,1,0,1
1088808,79591,1,0,1
6938128,79592,1,0,1
7100080,79593,1,1,0
4660408,79594,1,1,0
3281656,79595,1,1,0
2028032,79596,1,0,1
3647920,79597,1,0,1
228056,79598,1,1,0
1697216,79599,1,1,0
1218496,79600,1,0,1
1776120,79601,1,1,0
7926448,79602,1,0,1
1105864,79603,1,0,1
2362624,79604,1,0,1
1285104,79605,1,1,0
3001432,79606,1,0,1
4738672,79607,1,0,1
1437160,79608,1,0,1
431200,79609,1,0,1
2701336,79610,1,0,1
1146912,79611,1,1,0
2701800,79612,1,0,1
4313832,79613,1,0,1
434760,79614,1,1,0
5047856,79615,1,1,0
403064,79616,1,0,1
1148160,79617,1,0,1
2028872,79618,1,1,0
5004112,79619,1,1,0
2040536,79620,1,1,0
4012368,79621,1,0,1
3342968,79622,1,1,0
5069856,79623,1,0,1
345408,79624,1,1,0
1237576,79625,1,1,0
1120968,79626,1,0,1
241856,79627,1,1,0
2983640,79628,1,0,1
282464,79629,1,1,0
792184,79630,1,0,1
4534976,79631,1,0,1
4224272,79632,1,0,1
2948776,79633,1,0,1
5263360,79634,1,1,0
4541872,79635,1,1,0
969136,79636,1,0,1
682224,79637,1,1,0
1788288,79638,1,1,0
992544,79639,1,1,0
5657712,79640,1,1,0
4705664,79641,1,0,1
760304,79642,1,0,1
2073120,79643,1,0,1
5543272,79644,1,1,0
2693256,79645,1,0,1
1526032,79646,1,1,0
2168032,79647,1,1,0
1762744,79648,1,1,0
1924136,79649,1,1,0
2775632,79650,1,0,1
8350280,79651,1,0,1
3509592,79652,1,1,0
3309080,79653,1,0,1
264688,79654,1,1,0
1707496,79655,1,1,0
4795592,79656,1,1,0
5465936,79657,1,1,0
1728680,79658,1,1,0
2242800,79659,1,0,1
6893288,79660,1,0,1
3256392,79661,1,0,1
830736,79662,1,0,1
1307896,79663,1,1,0
4864848,79664,1,0,1
2348432,79665,1,1,0
685472,79666,1,0,1
1786896,79667,1,0,1
4266744,79668,1,1,0
1555040,79669,1,0,1
7375544,79670,1,1,0
2032992,79671,1,1,0
1341128,79672,1,0,1
6162264,79673,1,0,1
903856,79674,1,0,1
477272,79675,1,0,1
4118152,79676,1,0,1
6655360,79677,1,0,1
760768,79678,1,1,0
1182344,79679,1,0,1
1115576,79680,1,0,1
2531440,79681,1,0,1
1088648,79682,1,0,1
344424,79683,1,0,1
687672,79684,1,0,1
4597528,79685,1,0,1
4427376,79686,1,0,1
4738336,79687,1,0,1
1191544,79688,1,0,1
3807064,79689,1,1,0
3197904,79690,1,0,1
779504,79691,1,0,1
4867904,79692,1,0,1
451288,79693,1,0,1
7169384,79694,1,0,1
1139232,79695,1,0,1
3361848,79696,1,1,0
402384,79697,1,0,1
2272832,79698,1,1,0
782040,79699,1,0,1
6334192,79700,1,1,0
278696,79701,1,0,1
312504,79702,1,0,1
4690328,79703,1,1,0
373648,79704,1,1,0
1768720,79705,1,1,0
1156664,79706,1,1,0
858176,79707,1,1,0
3488400,79708,1,1,0
3907216,79709,1,0,1
4491352,79710,1,0,1
1802240,79711,1,1,0
7901680,79712,1,0,1
384288,79713,1,0,1
2556896,79714,1,0,1
1067400,79715,1,0,1
1918464,79716,1,0,1
685272,79717,1,0,1
1180984,79718,1,1,0
3823048,79719,1,0,1
5040384,79720,1,1,0
1153296,79721,1,0,1
3109032,79722,1,1,0
6108144,79723,1,0,1
161264,79724,1,0,1
1504480,79725,1,0,1
6692840,79726,1,0,1
2036624,79727,1,0,1
1202536,79728,1,0,1
1027928,79729,1,1,0
3296880,79730,1,1,0
3408088,79731,1,0,1
7067032,79732,1,0,1
6170728,79733,1,1,0
2775376,79734,1,0,1
1385776,79735,1,0,1
4269392,79736,1,0,1
1878976,79737,1,1,0
747888,79738,1,0,1
8285696,79739,1,1,0
4761064,79740,1,1,0
482896,79741,1,0,1
2317616,79742,1,0,1
200896,79743,1,0,1
1502976,79744,1,0,1
165680,79745,1,1,0
1539456,79746,1,0,1
1463496,79747,1,1,0
334312,79748,1,1,0
665896,79749,1,1,0
2845456,79750,1,1,0
3398864,79751,1,0,1
1319872,79752,1,0,1
949320,79753,1,1,0
1009336,79754,1,1,0
1429080,79755,1,0,1
1005336,79756,1,1,0
1467424,79757,1,0,1
6090808,79758,1,0,1
5597984,79759,1,1,0
2390360,79760,1,0,1
2350288,79761,1,0,1
1995704,79762,1,1,0
668704,79763,1,1,0
1541888,79764,1,0,1
6502112,79765,1,0,1
1308448,79766,1,0,1
7638624,79767,1,0,1
5992872,79768,1,1,0
292496,79769,1,1,0
5196536,79770,1,0,1
5085456,79771,1,1,0
1390040,79772,1,0,1
759072,79773,1,1,0
5342536,79774,1,0,1
87712,79775,1,0,1
2878480,79776,1,0,1
858672,79777,1,0,1
995792,79778,1,1,0
2974912,79779,1,1,0
2639464,79780,1,0,1
2942664,79781,1,0,1
849920,79782,1,1,0
2080376,79783,1,0,1
706200,79784,1,1,0
4346704,79785,1,0,1
4709480,79786,1,1,0
2548128,79787,1,0,1
4022960,79788,1,1,0
2281720,79789,1,1,0
709264,79790,1,0,1
8183496,79791,1,1,0
1648128,79792,1,1,0
921904,79793,1,0,1
1857208,79794,1,0,1
237088,79795,1,1,0
1315280,79796,1,0,1
315232,79797,1,0,1
3264528,79798,1,0,1
6391408,79799,1,1,0
6798592,79800,1,0,1
425320,79801,1,1,0
6508808,79802,1,1,0
6917008,79803,1,1,0
5071576,79804,1,1,0
3967360,79805,1,1,0
1274128,79806,1,0,1
609176,79807,1,1,0
6033432,79808,1,1,0
4355304,79809,1,0,1
488024,79810,1,0,1
2300288,79811,1,0,1
401456,79812,1,1,0
3690280,79813,1,0,1
3357000,79814,1,1,0
776752,79815,1,0,1
1388384,79816,1,1,0
7065056,79817,1,1,0
2893056,79818,1,1,0
322280,79819,1,0,1
3171160,79820,1,1,0
2843168,79821,1,1,0
6642784,79822,1,1,0
1431832,79823,1,1,0
4286512,79824,1,0,1
159568,79825,1,1,0
1037576,79826,1,1,0
2322024,79827,1,0,1
6124296,79828,1,1,0
914856,79829,1,1,0
1758264,79830,1,1,0
477080,79831,1,0,1
5534456,79832,1,0,1
1477064,79833,1,1,0
434064,79834,1,1,0
4085504,79835,1,0,1
5613400,79836,1,0,1
4248568,79837,1,0,1
1718144,79838,1,1,0
6047360,79839,1,1,0
1917008,79840,1,1,0
2190432,79841,1,1,0
4611424,79842,1,0,1
6020040,79843,1,1,0
2712584,79844,1,0,1
6974720,79845,1,0,1
1234248,79846,1,0,1
2469464,79847,1,0,1
2637928,79848,1,1,0
1506288,79849,1,1,0
633128,79850,1,0,1
545672,79851,1,1,0
1495784,79852,1,0,1
8228480,79853,1,1,0
2407032,79854,1,1,0
7640792,79855,1,1,0
718728,79856,1,1,0
215424,79857,1,0,1
554048,79858,1,1,0
4789408,79859,1,0,1
1754648,79860,1,0,1
106056,79861,1,1,0
990352,79862,1,1,0
1501752,79863,1,1,0
335752,79864,1,1,0
1969464,79865,1,0,1
1797272,79866,1,0,1
498080,79867,1,0,1
997192,79868,1,0,1
2112976,79869,1,1,0
5138072,79870,1,1,0
502816,79871,1,1,0
1597952,79872,1,0,1
3541200,79873,1,0,1
737920,79874,1,0,1
944224,79875,1,0,1
1580264,79876,1,1,0
1004376,79877,1,1,0
3023248,79878,1,1,0
4743344,79879,1,1,0
4382936,79880,1,0,1
610848,79881,1,1,0
4192056,79882,1,1,0
7510488,79883,1,1,0
459640,79884,1,0,1
1732328,79885,1,0,1
593320,79886,1,1,0
1332664,79887,1,0,1
2848016,79888,1,0,1
4594824,79889,1,0,1
7120040,79890,1,1,0
2042816,79891,1,1,0
631096,79892,1,0,1
554888,79893,1,1,0
610112,79894,1,1,0
2240992,79895,1,1,0
1247344,79896,1,0,1
8042256,79897,1,0,1
3555904,79898,1,0,1
2154880,79899,1,0,1
1201792,79900,1,0,1
2009112,79901,1,1,0
5295904,79902,1,0,1
181880,79903,1,0,1
7134104,79904,1,1,0
1363616,79905,1,1,0
984456,79906,1,0,1
8086616,79907,1,1,0
477608,79908,1,1,0
5040296,79909,1,0,1
1972768,79910,1,1,0
1873944,79911,1,1,0
1765008,79912,1,1,0
3243840,79913,1,1,0
973512,79914,1,1,0
1974224,79915,1,0,1
3112048,79916,1,1,0
6852456,79917,1,1,0
3143816,79918,1,1,0
954520,79919,1,1,0
6303336,79920,1,1,0
3108656,79921,1,1,0
978672,79922,1,0,1
381744,79923,1,0,1
388160,79924,1,0,1
579480,79925,1,1,0
4231736,79926,1,1,0
4528224,79927,1,1,0
1352792,79928,1,0,1
1314584,79929,1,0,1
7296104,79930,1,0,1
983792,79931,1,0,1
520880,79932,1,1,0
671720,79933,1,1,0
7242416,79934,1,0,1
1475144,79935,1,0,1
5946696,79936,1,0,1
8376136,79937,1,0,1
3318456,79938,1,1,0
4225424,79939,1,0,1
5801048,79940,1,1,0
4147472,79941,1,1,0
3346024,79942,1,1,0
6609200,79943,1,0,1
3096296,79944,1,1,0
271936,79945,1,1,0
2207592,79946,1,1,0
6896848,79947,1,1,0
2909344,79948,1,1,0
4265824,79949,1,1,0
433960,79950,1,0,1
1603344,79951,1,1,0
560328,79952,1,0,1
1295416,79953,1,0,1
945952,79954,1,0,1
1842648,79955,1,1,0
1137296,79956,1,1,0
5383256,79957,1,1,0
2348816,79958,1,1,0
1235448,79959,1,1,0
3836448,79960,1,1,0
1742704,79961,1,0,1
289560,79962,1,1,0
5492688,79963,1,0,1
2180048,79964,1,0,1
3281056,79965,1,1,0
2742744,79966,1,0,1
2404984,79967,1,1,0
794992,79968,1,0,1
6913080,79969,1,0,1
6439560,79970,1,1,0
3456184,79971,1,1,0
3629344,79972,1,1,0
1124968,79973,1,1,0
1047336,79974,1,0,1
8163752,79975,1,0,1
314848,79976,1,1,0
204736,79977,1,0,1
1651040,79978,1,0,1
518768,79979,1,0,1
2563912,79980,1,1,0
6424152,79981,1,1,0
470712,79982,1,0,1
7355400,79983,1,0,1
1454632,79984,1,1,0
1803824,79985,1,1,0
469888,79986,1,0,1
4211016,79987,1,0,1
2157104,79988,1,0,1
2649784,79989,1,1,0
849760,79990,1,0,1
3856144,79991,1,1,0
1102824,79992,1,1,0
5987000,79993,1,0,1
7599488,79994,1,1,0
2338720,79995,1,1,0
5129640,79996,1,0,1
5820656,79997,1,1,0
712184,79998,1,1,0
313960,79999,1,1,0
306752,80000,1,1,0
999936,80001,1,1,0
779744,80002,1,0,1
616992,80003,1,1,0
1256336,80004,1,1,0
1600128,80005,1,1,0
5012352,80006,1,0,1
6747232,80007,1,0,1
2963336,80008,1,0,1
8273456,80009,1,1,0
5025336,80010,1,0,1
1404184,80011,1,0,1
1742992,80012,1,1,0
624824,80013,1,1,0
402616,80014,1,0,1
2248800,80015,1,1,0
2518672,80016,1,0,1
7159264,80017,1,0,1
461064,80018,1,1,0
7094320,80019,1,1,0
5998232,80020,1,0,1
4663392,80021,1,1,0
1040640,80022,1,0,1
4546656,80023,1,1,0
7886184,80024,1,0,1
633416,80025,1,0,1
1239032,80026,1,0,1
4276680,80027,1,0,1
5283416,80028,1,0,1
5601576,80029,1,1,0
4690800,80030,1,1,0
5036344,80031,1,0,1
1167344,80032,1,0,1
7598544,80033,1,1,0
6388080,80034,1,1,0
642592,80035,1,1,0
1768216,80036,1,1,0
2360480,80037,1,0,1
1946744,80038,1,0,1
4572888,80039,1,0,1
2055776,80040,1,0,1
3602944,80041,1,0,1
3585696,80042,1,0,1
2490432,80043,1,0,1
1979936,80044,1,0,1
2655120,80045,1,1,0
1762952,80046,1,1,0
2627904,80047,1,0,1
1282752,80048,1,0,1
3443952,80049,1,0,1
6235248,80050,1,0,1
364760,80051,1,0,1
115744,80052,1,1,0
165432,80053,1,1,0
4814320,80054,1,1,0
757280,80055,1,0,1
1653232,80056,1,1,0
2525992,80057,1,1,0
2495304,80058,1,1,0
1931312,80059,1,0,1
2568592,80060,1,1,0
576880,80061,1,0,1
327864,80062,1,0,1
3556152,80063,1,1,0
3385304,80064,1,0,1
5591120,80065,1,1,0
94368,80066,1,1,0
8012192,80067,1,1,0
557128,80068,1,1,0
1343640,80069,1,1,0
1934552,80070,1,1,0
2890792,80071,1,1,0
562464,80072,1,1,0
5517568,80073,1,1,0
1376992,80074,1,1,0
2554656,80075,1,1,0
149800,80076,1,0,1
356464,80077,1,1,0
881728,80078,1,0,1
2551984,80079,1,0,1
5846440,80080,1,1,0
6571472,80081,1,1,0
395352,80082,1,0,1
6117280,80083,1,0,1
2155560,80084,1,1,0
2697280,80085,1,0,1
6137192,80086,1,0,1
2250320,80087,1,0,1
2619632,80088,1,0,1
6884808,80089,1,1,0
6786048,80090,1,1,0
2098920,80091,1,0,1
6718608,80092,1,1,0
6881840,80093,1,0,1
4145520,80094,1,1,0
6916184,80095,1,0,1
2111816,80096,1,0,1
3147384,80097,1,1,0
1883528,80098,1,0,1
3235280,80099,1,1,0
1523176,80100,1,0,1
743096,80101,1,0,1
6632792,80102,1,1,0
2099352,80103,1,0,1
7083872,80104,1,0,1
7193248,80105,1,0,1
5138968,80106,1,0,1
4419448,80107,1,0,1
3880512,80108,1,0,1
787072,80109,1,0,1
5438968,80110,1,0,1
656728,80111,1,1,0
843952,80112,1,1,0
182384,80113,1,0,1
3870664,80114,1,1,0
1431480,80115,1,1,0
4334872,80116,1,1,0
1405112,80117,1,0,1
1133664,80118,1,0,1
1308208,80119,1,0,1
563280,80120,1,0,1
5054016,80121,1,1,0
350792,80122,1,0,1
1027304,80123,1,1,0
5331152,80124,1,0,1
544488,80125,1,0,1
5837600,80126,1,1,0
2526992,80127,1,1,0
556264,80128,1,1,0
279376,80129,1,1,0
4506752,80130,1,0,1
6415144,80131,1,0,1
7663024,80132,1,0,1
1291928,80133,1,1,0
2094112,80134,1,1,0
795400,80135,1,0,1
7964272,80136,1,1,0
269952,80137,1,1,0
2951376,80138,1,0,1
4332552,80139,1,1,0
3369008,80140,1,1,0
1314480,80141,1,1,0
2330608,80142,1,0,1
648872,80143,1,0,1
735760,80144,1,1,0
682424,80145,1,1,0
1954392,80146,1,0,1
1420624,80147,1,1,0
1556944,80148,1,0,1
1545928,80149,1,1,0
7395856,80150,1,1,0
6730256,80151,1,1,0
833072,80152,1,1,0
3782800,80153,1,0,1
5647424,80154,1,0,1
467696,80155,1,0,1
3828832,80156,1,0,1
4929040,80157,1,0,1
415112,80158,1,0,1
1409960,80159,1,0,1
2108504,80160,1,0,1
1759920,80161,1,1,0
776600,80162,1,1,0
293792,80163,1,1,0
4086384,80164,1,0,1
7829408,80165,1,0,1
4394368,80166,1,0,1
7244872,80167,1,0,1
3177760,80168,1,1,0
721280,80169,1,1,0
326856,80170,1,0,1
4285872,80171,1,0,1
587488,80172,1,0,1
6884952,80173,1,1,0
7704832,80174,1,0,1
1730792,80175,1,1,0
653216,80176,1,0,1
1952520,80177,1,1,0
3028840,80178,1,1,0
3287168,80179,1,0,1
5246008,80180,1,1,0
817336,80181,1,0,1
4037000,80182,1,0,1
4795128,80183,1,1,0
775424,80184,1,1,0
4439952,80185,1,1,0
2042184,80186,1,1,0
5525928,80187,1,0,1
5385696,80188,1,1,0
1168904,80189,1,1,0
4572096,80190,1,0,1
6319248,80191,1,0,1
3835280,80192,1,0,1
347248,80193,1,0,1
168136,80194,1,0,1
3435336,80195,1,0,1
930056,80196,1,1,0
3191128,80197,1,0,1
4348176,80198,1,1,0
4224432,80199,1,1,0
3282296,80200,1,1,0
531792,80201,1,0,1
755488,80202,1,1,0
2850784,80203,1,1,0
838136,80204,1,0,1
5553960,80205,1,0,1
5933480,80206,1,1,0
1221704,80207,1,1,0
574224,80208,1,1,0
1333672,80209,1,0,1
372232,80210,1,0,1
7079520,80211,1,1,0
1346472,80212,1,0,1
4262824,80213,1,0,1
2300336,80214,1,1,0
1664872,80215,1,1,0
3208552,80216,1,1,0
1150448,80217,1,0,1
5652024,80218,1,0,1
4278056,80219,1,1,0
3537880,80220,1,1,0
2420776,80221,1,0,1
3938808,80222,1,1,0
385984,80223,1,1,0
7643816,80224,1,0,1
294776,80225,1,0,1
7838240,80226,1,0,1
4193536,80227,1,0,1
4497512,80228,1,1,0
4185176,80229,1,0,1
8016680,80230,1,0,1
367712,80231,1,0,1
2912448,80232,1,0,1
1214496,80233,1,0,1
4482040,80234,1,0,1
731880,80235,1,0,1
6674240,80236,1,1,0
1947416,80237,1,1,0
4379032,80238,1,1,0
482448,80239,1,1,0
6389688,80240,1,1,0
5486016,80241,1,0,1
2029328,80242,1,1,0
3605040,80243,1,0,1
1411408,80244,1,0,1
5791464,80245,1,1,0
1955408,80246,1,0,1
2748328,80247,1,1,0
1296272,80248,1,1,0
517752,80249,1,1,0
6395496,80250,1,1,0
2546200,80251,1,0,1
3446328,80252,1,0,1
7140752,80253,1,1,0
792552,80254,1,1,0
399952,80255,1,0,1
3067592,80256,1,1,0
6058656,80257,1,1,0
4024632,80258,1,1,0
1165376,80259,1,0,1
1495704,80260,1,0,1
379576,80261,1,0,1
2875320,80262,1,1,0
3019144,80263,1,0,1
2339704,80264,1,1,0
4508504,80265,1,0,1
6153504,80266,1,0,1
674184,80267,1,1,0
2204600,80268,1,0,1
459512,80269,1,0,1
3165120,80270,1,0,1
4763976,80271,1,1,0
906888,80272,1,0,1
1293208,80273,1,0,1
4364736,80274,1,1,0
3717904,80275,1,0,1
1468240,80276,1,0,1
1324992,80277,1,0,1
7438840,80278,1,0,1
1625264,80279,1,0,1
870248,80280,1,0,1
7144080,80281,1,1,0
3130992,80282,1,1,0
1351000,80283,1,1,0
5556520,80284,1,1,0
1408768,80285,1,1,0
387096,80286,1,1,0
1145344,80287,1,1,0
3353920,80288,1,1,0
6486704,80289,1,0,1
1226920,80290,1,1,0
7224456,80291,1,1,0
4767080,80292,1,1,0
1816968,80293,1,1,0
4947704,80294,1,1,0
3133776,80295,1,0,1
5686264,80296,1,0,1
6100248,80297,1,0,1
7521288,80298,1,1,0
2803200,80299,1,1,0
3795784,80300,1,0,1
7861952,80301,1,1,0
352792,80302,1,0,1
5498384,80303,1,1,0
4298384,80304,1,0,1
3418400,80305,1,0,1
138096,80306,1,0,1
988416,80307,1,1,0
391904,80308,1,1,0
401296,80309,1,0,1
3511160,80310,1,0,1
815552,80311,1,1,0
1880512,80312,1,1,0
2254608,80313,1,0,1
4666528,80314,1,0,1
937936,80315,1,0,1
635680,80316,1,0,1
2560232,80317,1,0,1
369760,80318,1,0,1
5516672,80319,1,1,0
770760,80320,1,0,1
814120,80321,1,1,0
3996608,80322,1,1,0
2002392,80323,1,1,0
1303304,80324,1,0,1
6302040,80325,1,1,0
3748728,80326,1,1,0
5804160,80327,1,0,1
5595104,80328,1,0,1
7738640,80329,1,0,1
2161776,80330,1,1,0
2125848,80331,1,0,1
7934848,80332,1,1,0
292752,80333,1,0,1
3213176,80334,1,1,0
6506584,80335,1,1,0
2407840,80336,1,1,0
4854920,80337,1,1,0
1496720,80338,1,1,0
2722360,80339,1,0,1
3961512,80340,1,1,0
124664,80341,1,0,1
4230824,80342,1,1,0
4127904,80343,1,1,0
1566280,80344,1,1,0
2530440,80345,1,1,0
905512,80346,1,1,0
5049760,80347,1,0,1
238160,80348,1,0,1
4417080,80349,1,1,0
435632,80350,1,0,1
5370584,80351,1,1,0
3752400,80352,1,1,0
1132280,80353,1,0,1
2203328,80354,1,1,0
817136,80355,1,0,1
857096,80356,1,1,0
1954808,80357,1,1,0
4205152,80358,1,0,1
4242560,80359,1,1,0
1347776,80360,1,1,0
2007064,80361,1,0,1
828248,80362,1,1,0
7087864,80363,1,1,0
559464,80364,1,0,1
1654376,80365,1,1,0
712312,80366,1,0,1
1301520,80367,1,1,0
2049120,80368,1,1,0
5509816,80369,1,1,0
3123328,80370,1,1,0
5627312,80371,1,0,1
556960,80372,1,0,1
65856,80373,1,0,1
504832,80374,1,1,0
478928,80375,1,0,1
1184128,80376,1,1,0
3321536,80377,1,0,1
5128688,80378,1,1,0
1078176,80379,1,1,0
2193992,80380,1,0,1
1204992,80381,1,1,0
666744,80382,1,0,1
1623312,80383,1,0,1
109656,80384,1,1,0
888648,80385,1,1,0
512232,80386,1,0,1
2042840,80387,1,1,0
468416,80388,1,1,0
1021832,80389,1,0,1
8101672,80390,1,0,1
242176,80391,1,1,0
919712,80392,1,0,1
6425856,80393,1,0,1
3412456,80394,1,0,1
2894432,80395,1,1,0
1844432,80396,1,0,1
920256,80397,1,1,0
4984488,80398,1,0,1
555736,80399,1,1,0
297160,80400,1,0,1
3959648,80401,1,0,1
2556832,80402,1,1,0
1548848,80403,1,0,1
532384,80404,1,1,0
5695816,80405,1,1,0
276880,80406,1,1,0
6751656,80407,1,1,0
3424080,80408,1,0,1
608192,80409,1,0,1
2011832,80410,1,0,1
649680,80411,1,0,1
3939288,80412,1,0,1
936008,80413,1,0,1
596632,80414,1,1,0
1509720,80415,1,1,0
5506976,80416,1,0,1
765232,80417,1,0,1
2177560,80418,1,0,1
857720,80419,1,0,1
3362760,80420,1,0,1
1000528,80421,1,0,1
8061312,80422,1,1,0
232216,80423,1,1,0
7840144,80424,1,1,0
8218584,80425,1,1,0
1144608,80426,1,0,1
1317320,80427,1,0,1
6161512,80428,1,1,0
5489192,80429,1,1,0
5853584,80430,1,1,0
1149696,80431,1,1,0
1071216,80432,1,1,0
6477120,80433,1,1,0
3489096,80434,1,0,1
68760,80435,1,0,1
425824,80436,1,0,1
1897184,80437,1,1,0
772896,80438,1,0,1
2386264,80439,1,0,1
7777544,80440,1,0,1
7014984,80441,1,1,0
5129560,80442,1,0,1
385232,80443,1,1,0
6529392,80444,1,0,1
6436728,80445,1,1,0
773448,80446,1,0,1
1447440,80447,1,1,0
2001192,80448,1,0,1
1082544,80449,1,0,1
1332744,80450,1,0,1
1072424,80451,1,0,1
357504,80452,1,0,1
3087056,80453,1,1,0
721992,80454,1,1,0
466208,80455,1,0,1
8026440,80456,1,0,1
7831568,80457,1,0,1
1489072,80458,1,0,1
5927032,80459,1,0,1
918504,80460,1,1,0
7374368,80461,1,0,1
803768,80462,1,0,1
1355888,80463,1,0,1
275200,80464,1,0,1
1790480,80465,1,1,0
4899888,80466,1,1,0
434624,80467,1,1,0
366184,80468,1,0,1
405600,80469,1,0,1
893968,80470,1,1,0
6569904,80471,1,0,1
4337624,80472,1,1,0
2134312,80473,1,1,0
7321088,80474,1,0,1
2145424,80475,1,1,0
964584,80476,1,0,1
5259296,80477,1,1,0
243152,80478,1,0,1
6131056,80479,1,0,1
2257016,80480,1,0,1
3060176,80481,1,0,1
3819072,80482,1,1,0
4695968,80483,1,1,0
2183720,80484,1,0,1
8219240,80485,1,1,0
5855096,80486,1,1,0
3399064,80487,1,0,1
1280144,80488,1,1,0
6424864,80489,1,0,1
390704,80490,1,0,1
5279448,80491,1,1,0
7428072,80492,1,1,0
5911128,80493,1,0,1
92752,80494,1,0,1
2535192,80495,1,0,1
7997520,80496,1,0,1
5068856,80497,1,0,1
7021488,80498,1,0,1
1506784,80499,1,1,0
1573344,80500,1,0,1
6334224,80501,1,1,0
3646264,80502,1,0,1
576248,80503,1,0,1
5752496,80504,1,1,0
262104,80505,1,1,0
2307152,80506,1,0,1
2197208,80507,1,0,1
3339344,80508,1,1,0
1372064,80509,1,1,0
3355472,80510,1,1,0
3598080,80511,1,1,0
1340056,80512,1,0,1
348552,80513,1,0,1
6575264,80514,1,0,1
1397304,80515,1,0,1
3125688,80516,1,0,1
2270368,80517,1,0,1
814472,80518,1,1,0
5171320,80519,1,1,0
722152,80520,1,0,1
2654296,80521,1,0,1
3460640,80522,1,1,0
1217176,80523,1,1,0
1532560,80524,1,0,1
724272,80525,1,1,0
204816,80526,1,0,1
8304416,80527,1,1,0
846264,80528,1,1,0
284024,80529,1,1,0
1032752,80530,1,1,0
5409912,80531,1,1,0
1961760,80532,1,0,1
4182760,80533,1,0,1
2171408,80534,1,0,1
937856,80535,1,0,1
5760208,80536,1,1,0
709336,80537,1,1,0
5069248,80538,1,0,1
1423256,80539,1,0,1
507104,80540,1,0,1
1734424,80541,1,0,1
4170208,80542,1,0,1
5825016,80543,1,0,1
2255776,80544,1,0,1
7074312,80545,1,1,0
1601496,80546,1,1,0
1918088,80547,1,1,0
667344,80548,1,1,0
900808,80549,1,0,1
2954248,80550,1,1,0
1327816,80551,1,1,0
2692648,80552,1,1,0
342840,80553,1,1,0
4817760,80554,1,1,0
501136,80555,1,0,1
1476560,80556,1,0,1
5234952,80557,1,0,1
4611560,80558,1,0,1
3451136,80559,1,1,0
547488,80560,1,1,0
3941160,80561,1,0,1
1143432,80562,1,0,1
656480,80563,1,0,1
5393816,80564,1,0,1
2016408,80565,1,0,1
1791304,80566,1,0,1
2606880,80567,1,0,1
2667240,80568,1,1,0
1005240,80569,1,1,0
3277280,80570,1,0,1
4555160,80571,1,1,0
7155256,80572,1,0,1
5134816,80573,1,0,1
7119896,80574,1,0,1
6397480,80575,1,0,1
1555056,80576,1,0,1
968824,80577,1,0,1
403008,80578,1,0,1
6067304,80579,1,1,0
1445328,80580,1,0,1
148216,80581,1,0,1
7243464,80582,1,1,0
2027968,80583,1,1,0
1012688,80584,1,0,1
4149312,80585,1,1,0
1246824,80586,1,0,1
2502240,80587,1,0,1
222544,80588,1,0,1
1041416,80589,1,0,1
548200,80590,1,0,1
1937264,80591,1,0,1
4622536,80592,1,1,0
3313128,80593,1,0,1
7386400,80594,1,1,0
826896,80595,1,0,1
8011984,80596,1,0,1
2465248,80597,1,0,1
2357168,80598,1,1,0
848144,80599,1,1,0
696848,80600,1,0,1
507800,80601,1,1,0
669352,80602,1,1,0
442512,80603,1,0,1
5950440,80604,1,0,1
2933976,80605,1,1,0
6493568,80606,1,0,1
3195136,80607,1,1,0
5281344,80608,1,1,0
4901336,80609,1,0,1
5083312,80610,1,0,1
366360,80611,1,1,0
1093488,80612,1,0,1
4324752,80613,1,0,1
721528,80614,1,1,0
5204512,80615,1,1,0
5380992,80616,1,0,1
1357944,80617,1,1,0
6668992,80618,1,1,0
6279936,80619,1,0,1
1524056,80620,1,1,0
953296,80621,1,1,0
662208,80622,1,1,0
681832,80623,1,0,1
8005240,80624,1,1,0
4583592,80625,1,1,0
4078560,80626,1,0,1
4224616,80627,1,0,1
6563536,80628,1,0,1
1499648,80629,1,0,1
213048,80630,1,0,1
196264,80631,1,1,0
316192,80632,1,0,1
5125216,80633,1,0,1
4522320,80634,1,1,0
180448,80635,1,1,0
2361880,80636,1,1,0
2749504,80637,1,0,1
690216,80638,1,1,0
4993280,80639,1,0,1
2946376,80640,1,1,0
607840,80641,1,1,0
6040336,80642,1,0,1
5480296,80643,1,0,1
7723464,80644,1,0,1
7003064,80645,1,0,1
4184840,80646,1,0,1
5616792,80647,1,1,0
3189824,80648,1,0,1
5178072,80649,1,0,1
485376,80650,1,1,0
1126912,80651,1,1,0
2844768,80652,1,1,0
1105416,80653,1,0,1
2001488,80654,1,1,0
5584336,80655,1,1,0
5138400,80656,1,1,0
5620584,80657,1,0,1
1397968,80658,1,1,0
5861472,80659,1,0,1
2974104,80660,1,0,1
4728728,80661,1,0,1
1235672,80662,1,0,1
4312000,80663,1,1,0
1070728,80664,1,0,1
1832776,80665,1,1,0
3955448,80666,1,1,0
7816184,80667,1,0,1
184464,80668,1,0,1
6037368,80669,1,1,0
8245552,80670,1,0,1
3426952,80671,1,0,1
7337624,80672,1,1,0
202344,80673,1,1,0
2888712,80674,1,0,1
7352760,80675,1,0,1
3484824,80676,1,1,0
240000,80677,1,1,0
842600,80678,1,0,1
2831960,80679,1,1,0
1967816,80680,1,0,1
5632480,80681,1,0,1
2863008,80682,1,1,0
8022336,80683,1,0,1
844928,80684,1,1,0
577912,80685,1,0,1
1114608,80686,1,0,1
3081208,80687,1,1,0
1312928,80688,1,1,0
389104,80689,1,0,1
565456,80690,1,1,0
1390864,80691,1,0,1
2693432,80692,1,0,1
6723784,80693,1,0,1
1496792,80694,1,1,0
2401936,80695,1,1,0
2135200,80696,1,0,1
989728,80697,1,1,0
1104360,80698,1,0,1
1257512,80699,1,0,1
167144,80700,1,1,0
164128,80701,1,0,1
2156408,80702,1,1,0
1343680,80703,1,0,1
6253200,80704,1,1,0
3689320,80705,1,1,0
5947216,80706,1,0,1
6744976,80707,1,0,1
5235056,80708,1,1,0
452752,80709,1,0,1
2456528,80710,1,0,1
2766744,80711,1,0,1
6586400,80712,1,0,1
7232256,80713,1,0,1
8192768,80714,1,0,1
5432456,80715,1,1,0
6679144,80716,1,1,0
5820928,80717,1,1,0
3711224,80718,1,1,0
2771552,80719,1,0,1
4754800,80720,1,0,1
1290448,80721,1,0,1
831528,80722,1,1,0
3664296,80723,1,1,0
1005040,80724,1,0,1
2353152,80725,1,0,1
1261664,80726,1,1,0
564408,80727,1,0,1
6205944,80728,1,0,1
3223160,80729,1,0,1
656720,80730,1,1,0
1160240,80731,1,1,0
2259336,80732,1,0,1
1874704,80733,1,1,0
360208,80734,1,0,1
960232,80735,1,0,1
1115648,80736,1,1,0
1025216,80737,1,0,1
3306392,80738,1,0,1
2917184,80739,1,1,0
5304880,80740,1,0,1
803328,80741,1,1,0
3635600,80742,1,1,0
7475272,80743,1,0,1
1232720,80744,1,1,0
1456016,80745,1,0,1
5055968,80746,1,1,0
1566720,80747,1,1,0
1230264,80748,1,0,1
2585288,80749,1,1,0
693344,80750,1,0,1
4064096,80751,1,1,0
443248,80752,1,1,0
5410592,80753,1,0,1
1063088,80754,1,0,1
7451560,80755,1,0,1
344592,80756,1,1,0
2815264,80757,1,1,0
3730192,80758,1,0,1
392280,80759,1,0,1
3536496,80760,1,1,0
743424,80761,1,0,1
4944888,80762,1,1,0
3785280,80763,1,1,0
392864,80764,1,0,1
1383656,80765,1,1,0
879816,80766,1,0,1
1743824,80767,1,0,1
4452408,80768,1,0,1
2437392,80769,1,1,0
5054104,80770,1,0,1
7247136,80771,1,0,1
3738432,80772,1,0,1
1682352,80773,1,1,0
6791152,80774,1,1,0
591816,80775,1,1,0
489696,80776,1,0,1
3207272,80777,1,1,0
3837480,80778,1,1,0
5533384,80779,1,1,0
3093640,80780,1,0,1
3197480,80781,1,0,1
1558368,80782,1,0,1
3986616,80783,1,0,1
3984680,80784,1,1,0
7452368,80785,1,0,1
1198960,80786,1,0,1
153624,80787,1,0,1
498192,80788,1,1,0
7415016,80789,1,0,1
580280,80790,1,0,1
2594784,80791,1,1,0
4389488,80792,1,1,0
7637800,80793,1,1,0
2607712,80794,1,1,0
5815168,80795,1,0,1
5578440,80796,1,1,0
1100992,80797,1,0,1
6985528,80798,1,0,1
6934120,80799,1,0,1
467472,80800,1,0,1
739704,80801,1,0,1
5373320,80802,1,1,0
5809368,80803,1,1,0
1077872,80804,1,1,0
666848,80805,1,0,1
4473848,80806,1,1,0
3942032,80807,1,0,1
4271312,80808,1,1,0
1569264,80809,1,1,0
578576,80810,1,0,1
6788128,80811,1,0,1
3611472,80812,1,0,1
268744,80813,1,1,0
3617928,80814,1,1,0
4554552,80815,1,0,1
4705520,80816,1,0,1
6997728,80817,1,0,1
456552,80818,1,1,0
1939712,80819,1,0,1
4603208,80820,1,0,1
2914768,80821,1,1,0
644176,80822,1,1,0
1168488,80823,1,1,0
579256,80824,1,0,1
3961520,80825,1,0,1
817080,80826,1,0,1
7198280,80827,1,0,1
7105104,80828,1,0,1
5798128,80829,1,1,0
572776,80830,1,1,0
2732760,80831,1,0,1
5922152,80832,1,1,0
2311640,80833,1,0,1
6073104,80834,1,1,0
5602800,80835,1,0,1
4467200,80836,1,1,0
993128,80837,1,1,0
6539824,80838,1,0,1
159392,80839,1,0,1
2652376,80840,1,0,1
1780520,80841,1,0,1
818448,80842,1,1,0
2960224,80843,1,1,0
2284640,80844,1,1,0
1970440,80845,1,0,1
2167128,80846,1,0,1
2311296,80847,1,0,1
4770112,80848,1,0,1
811008,80849,1,0,1
957944,80850,1,0,1
7122792,80851,1,0,1
5702208,80852,1,0,1
5681368,80853,1,0,1
3723472,80854,1,1,0
1376904,80855,1,0,1
760720,80856,1,0,1
3125040,80857,1,1,0
350456,80858,1,1,0
323496,80859,1,0,1
3092824,80860,1,0,1
6625696,80861,1,1,0
6084448,80862,1,1,0
3877480,80863,1,0,1
210744,80864,1,0,1
946432,80865,1,1,0
4178376,80866,1,0,1
6053784,80867,1,0,1
2318376,80868,1,0,1
1382360,80869,1,0,1
5970960,80870,1,0,1
1331832,80871,1,0,1
1839544,80872,1,0,1
1120488,80873,1,1,0
3781296,80874,1,1,0
6216288,80875,1,1,0
3455768,80876,1,1,0
3193208,80877,1,1,0
2289248,80878,1,0,1
436424,80879,1,1,0
5901344,80880,1,0,1
984192,80881,1,1,0
4237248,80882,1,0,1
2713440,80883,1,0,1
4661712,80884,1,0,1
4829152,80885,1,0,1
4130208,80886,1,0,1
1839968,80887,1,1,0
2379152,80888,1,1,0
1474832,80889,1,1,0
2882760,80890,1,1,0
2591400,80891,1,0,1
359192,80892,1,1,0
1131192,80893,1,0,1
789008,80894,1,0,1
2179392,80895,1,0,1
5882712,80896,1,0,1
1169008,80897,1,0,1
1114216,80898,1,0,1
546208,80899,1,0,1
4426272,80900,1,0,1
777152,80901,1,0,1
2468240,80902,1,1,0
2474296,80903,1,1,0
557040,80904,1,1,0
398880,80905,1,0,1
4064048,80906,1,1,0
8305304,80907,1,0,1
2409688,80908,1,0,1
1191768,80909,1,0,1
634192,80910,1,0,1
8147088,80911,1,0,1
761688,80912,1,0,1
6966440,80913,1,1,0
697440,80914,1,0,1
5335920,80915,1,0,1
1258200,80916,1,1,0
723752,80917,1,1,0
915616,80918,1,1,0
3516600,80919,1,0,1
799736,80920,1,0,1
7565752,80921,1,1,0
2051472,80922,1,0,1
1027416,80923,1,0,1
388696,80924,1,1,0
2967040,80925,1,1,0
3058712,80926,1,0,1
6515248,80927,1,1,0
7591224,80928,1,0,1
678400,80929,1,1,0
3999240,80930,1,1,0
1563744,80931,1,1,0
395440,80932,1,1,0
5899768,80933,1,0,1
2262272,80934,1,1,0
6816760,80935,1,1,0
1051336,80936,1,0,1
930384,80937,1,0,1
325952,80938,1,1,0
8029224,80939,1,1,0
2468352,80940,1,1,0
2012416,80941,1,1,0
3400240,80942,1,0,1
1336464,80943,1,1,0
3431576,80944,1,1,0
2890576,80945,1,1,0
7069608,80946,1,1,0
2065832,80947,1,1,0
4854904,80948,1,0,1
2746432,80949,1,0,1
711088,80950,1,1,0
989368,80951,1,1,0
2315256,80952,1,1,0
381320,80953,1,1,0
1874608,80954,1,0,1
190528,80955,1,1,0
5912896,80956,1,0,1
2000616,80957,1,0,1
4127808,80958,1,1,0
7222088,80959,1,1,0
1954296,80960,1,1,0
2956288,80961,1,1,0
1847600,80962,1,0,1
193248,80963,1,1,0
831392,80964,1,1,0
749080,80965,1,0,1
2387648,80966,1,1,0
524296,80967,1,0,1
989576,80968,1,1,0
1124768,80969,1,1,0
2282600,80970,1,1,0
960176,80971,1,1,0
2210384,80972,1,1,0
6029232,80973,1,0,1
192216,80974,1,1,0
1496088,80975,1,0,1
5054712,80976,1,0,1
3184408,80977,1,1,0
3807112,80978,1,1,0
5905248,80979,1,1,0
269456,80980,1,0,1
3881240,80981,1,1,0
7627560,80982,1,1,0
2239456,80983,1,1,0
3323072,80984,1,1,0
3544840,80985,1,0,1
3339784,80986,1,0,1
1965736,80987,1,0,1
327672,80988,1,1,0
4564816,80989,1,0,1
3687640,80990,1,0,1
3861344,80991,1,1,0
831280,80992,1,1,0
881968,80993,1,1,0
542176,80994,1,0,1
1797696,80995,1,1,0
1064592,80996,1,0,1
1275760,80997,1,0,1
2126048,80998,1,1,0
5778592,80999,1,0,1
4173920,81000,1,1,0
254056,81001,1,1,0
850168,81002,1,0,1
3819112,81003,1,0,1
539872,81004,1,1,0
2104608,81005,1,1,0
1928112,81006,1,1,0
460408,81007,1,1,0
229304,81008,1,0,1
6285496,81009,1,0,1
3280776,81010,1,0,1
653088,81011,1,0,1
7624216,81012,1,1,0
3502328,81013,1,1,0
719456,81014,1,1,0
2587896,81015,1,1,0
437112,81016,1,0,1
817960,81017,1,1,0
1257408,81018,1,0,1
1192584,81019,1,0,1
2871216,81020,1,1,0
290936,81021,1,0,1
2214816,81022,1,0,1
3256072,81023,1,1,0
368872,81024,1,1,0
6314048,81025,1,0,1
7218728,81026,1,1,0
6564968,81027,1,0,1
837488,81028,1,0,1
939232,81029,1,1,0
1230888,81030,1,0,1
5310152,81031,1,0,1
2213840,81032,1,1,0
3281192,81033,1,0,1
8061144,81034,1,1,0
3467328,81035,1,0,1
865048,81036,1,0,1
249912,81037,1,1,0
3249984,81038,1,0,1
8288800,81039,1,0,1
933160,81040,1,0,1
1475184,81041,1,0,1
5512064,81042,1,1,0
3373624,81043,1,1,0
3300568,81044,1,0,1
455072,81045,1,0,1
3610632,81046,1,1,0
1844000,81047,1,1,0
527936,81048,1,0,1
608400,81049,1,1,0
4031824,81050,1,1,0
5326616,81051,1,0,1
1884104,81052,1,1,0
1341648,81053,1,1,0
910032,81054,1,1,0
2984240,81055,1,1,0
6912192,81056,1,1,0
8204936,81057,1,1,0
7012856,81058,1,1,0
1435728,81059,1,1,0
2631480,81060,1,0,1
2079560,81061,1,1,0
277840,81062,1,1,0
1210376,81063,1,1,0
6633184,81064,1,0,1
4462208,81065,1,1,0
339912,81066,1,0,1
3785120,81067,1,1,0
1240200,81068,1,1,0
513968,81069,1,0,1
8148392,81070,1,0,1
541744,81071,1,0,1
160848,81072,1,0,1
7949120,81073,1,1,0
5650288,81074,1,0,1
4917176,81075,1,0,1
2483120,81076,1,0,1
5629232,81077,1,0,1
2422808,81078,1,0,1
666960,81079,1,1,0
6718264,81080,1,0,1
761720,81081,1,1,0
1298696,81082,1,0,1
7044432,81083,1,0,1
7431320,81084,1,0,1
1067464,81085,1,1,0
434784,81086,1,1,0
1579600,81087,1,1,0
299488,81088,1,0,1
7214296,81089,1,1,0
5421720,81090,1,0,1
2444536,81091,1,1,0
3962200,81092,1,1,0
2066256,81093,1,1,0
4513808,81094,1,1,0
4468968,81095,1,0,1
3678944,81096,1,1,0
501912,81097,1,0,1
812696,81098,1,0,1
686256,81099,1,0,1
1832504,81100,1,1,0
3629976,81101,1,1,0
6497408,81102,1,1,0
1152648,81103,1,1,0
86568,81104,1,1,0
4269192,81105,1,1,0
240984,81106,1,1,0
5634344,81107,1,1,0
1190016,81108,1,1,0
6463968,81109,1,0,1
1046920,81110,1,1,0
7700744,81111,1,1,0
262784,81112,1,0,1
979176,81113,1,0,1
4596664,81114,1,1,0
2869656,81115,1,0,1
6249880,81116,1,1,0
2470776,81117,1,0,1
8225584,81118,1,1,0
1593552,81119,1,1,0
5130128,81120,1,1,0
330256,81121,1,1,0
207464,81122,1,0,1
7209320,81123,1,0,1
1315680,81124,1,0,1
173024,81125,1,1,0
1467656,81126,1,0,1
3224520,81127,1,1,0
539168,81128,1,1,0
1648248,81129,1,1,0
5429352,81130,1,1,0
2971576,81131,1,0,1
1479680,81132,1,0,1
1957976,81133,1,0,1
2194064,81134,1,1,0
1497488,81135,1,1,0
3657376,81136,1,0,1
1635496,81137,1,0,1
7959488,81138,1,0,1
4460984,81139,1,0,1
1795568,81140,1,0,1
1853200,81141,1,0,1
1990360,81142,1,1,0
7500896,81143,1,0,1
628224,81144,1,0,1
893352,81145,1,0,1
5712704,81146,1,0,1
1719256,81147,1,0,1
3396512,81148,1,0,1
5101144,81149,1,0,1
219040,81150,1,1,0
3174168,81151,1,0,1
5078584,81152,1,1,0
673072,81153,1,1,0
4172768,81154,1,1,0
2835152,81155,1,1,0
2553608,81156,1,0,1
1681800,81157,1,1,0
4916624,81158,1,1,0
890040,81159,1,1,0
1849384,81160,1,0,1
5457184,81161,1,0,1
883624,81162,1,0,1
423464,81163,1,0,1
1862128,81164,1,1,0
1483704,81165,1,1,0
5833368,81166,1,1,0
513520,81167,1,1,0
2232104,81168,1,0,1
1041464,81169,1,0,1
3846800,81170,1,1,0
2552304,81171,1,0,1
5901920,81172,1,1,0
5802912,81173,1,1,0
3987536,81174,1,0,1
884608,81175,1,1,0
2076600,81176,1,1,0
5964344,81177,1,0,1
2219960,81178,1,0,1
1418576,81179,1,0,1
6825936,81180,1,1,0
776504,81181,1,1,0
837672,81182,1,1,0
1264824,81183,1,1,0
2431160,81184,1,1,0
788648,81185,1,1,0
1418248,81186,1,0,1
5600576,81187,1,0,1
807568,81188,1,0,1
2054416,81189,1,0,1
4063600,81190,1,1,0
1680752,81191,1,0,1
5290512,81192,1,0,1
3746736,81193,1,0,1
1594864,81194,1,0,1
742848,81195,1,1,0
455680,81196,1,1,0
8126896,81197,1,0,1
1475024,81198,1,1,0
1602992,81199,1,1,0
7565632,81200,1,1,0
6891976,81201,1,1,0
3259992,81202,1,0,1
3074824,81203,1,0,1
6961144,81204,1,0,1
4755616,81205,1,0,1
1668608,81206,1,1,0
1838488,81207,1,1,0
4345568,81208,1,0,1
1592728,81209,1,1,0
292208,81210,1,1,0
418432,81211,1,1,0
3632824,81212,1,1,0
393352,81213,1,0,1
4292392,81214,1,1,0
6739584,81215,1,1,0
3091272,81216,1,1,0
1395840,81217,1,0,1
557032,81218,1,1,0
3400896,81219,1,0,1
2485008,81220,1,1,0
1276016,81221,1,1,0
1098680,81222,1,0,1
2928720,81223,1,1,0
4724048,81224,1,1,0
3567288,81225,1,0,1
4535928,81226,1,1,0
5528520,81227,1,0,1
492752,81228,1,1,0
5245216,81229,1,1,0
6943560,81230,1,1,0
907584,81231,1,1,0
336048,81232,1,1,0
4130160,81233,1,1,0
1789056,81234,1,1,0
454608,81235,1,0,1
710736,81236,1,1,0
5741288,81237,1,1,0
6011496,81238,1,0,1
682584,81239,1,0,1
490432,81240,1,1,0
7600104,81241,1,1,0
840792,81242,1,0,1
3568192,81243,1,1,0
445688,81244,1,0,1
2132656,81245,1,0,1
350040,81246,1,0,1
1689656,81247,1,1,0
4127544,81248,1,1,0
273792,81249,1,0,1
759520,81250,1,1,0
591288,81251,1,1,0
3675912,81252,1,0,1
3259920,81253,1,1,0
346816,81254,1,0,1
594960,81255,1,1,0
130560,81256,1,0,1
1038744,81257,1,1,0
3115760,81258,1,1,0
2995672,81259,1,0,1
3135248,81260,1,1,0
330744,81261,1,1,0
175336,81262,1,1,0
1104712,81263,1,0,1
344008,81264,1,0,1
4999080,81265,1,0,1
4326456,81266,1,0,1
4518832,81267,1,0,1
6200304,81268,1,1,0
454016,81269,1,0,1
1085448,81270,1,0,1
5643576,81271,1,1,0
813672,81272,1,0,1
1175128,81273,1,1,0
4372144,81274,1,1,0
1700728,81275,1,0,1
7050512,81276,1,0,1
2733456,81277,1,0,1
3057128,81278,1,0,1
202352,81279,1,1,0
190408,81280,1,0,1
2916712,81281,1,0,1
4892840,81282,1,1,0
4571056,81283,1,1,0
359072,81284,1,1,0
1905240,81285,1,0,1
804760,81286,1,1,0
1251608,81287,1,1,0
282880,81288,1,0,1
3498792,81289,1,1,0
2581968,81290,1,0,1
492360,81291,1,1,0
1128064,81292,1,1,0
559592,81293,1,0,1
6340472,81294,1,1,0
8253816,81295,1,0,1
5517808,81296,1,0,1
699648,81297,1,0,1
5573200,81298,1,0,1
3820000,81299,1,1,0
458488,81300,1,0,1
1970992,81301,1,0,1
3069464,81302,1,0,1
2796656,81303,1,1,0
3366528,81304,1,0,1
983768,81305,1,0,1
968152,81306,1,1,0
5664632,81307,1,0,1
515664,81308,1,0,1
1040448,81309,1,1,0
2263376,81310,1,1,0
5318264,81311,1,0,1
1301816,81312,1,0,1
7333696,81313,1,1,0
1694712,81314,1,0,1
2390872,81315,1,1,0
749256,81316,1,1,0
1225152,81317,1,1,0
120752,81318,1,1,0
6430440,81319,1,1,0
267424,81320,1,0,1
2947216,81321,1,1,0
2882064,81322,1,1,0
2168552,81323,1,1,0
2108408,81324,1,1,0
430584,81325,1,1,0
7223712,81326,1,1,0
2294176,81327,1,0,1
2812104,81328,1,1,0
3660144,81329,1,1,0
5029768,81330,1,1,0
1154464,81331,1,1,0
1416088,81332,1,0,1
231824,81333,1,0,1
198816,81334,1,1,0
3735608,81335,1,0,1
2037000,81336,1,0,1
2436552,81337,1,1,0
4535864,81338,1,1,0
451528,81339,1,1,0
535448,81340,1,1,0
5299992,81341,1,1,0
5508448,81342,1,1,0
605680,81343,1,0,1
1748848,81344,1,0,1
3473416,81345,1,0,1
133664,81346,1,1,0
2365576,81347,1,1,0
1842776,81348,1,0,1
4939504,81349,1,1,0
707912,81350,1,1,0
4033616,81351,1,1,0
625536,81352,1,0,1
3764472,81353,1,1,0
542480,81354,1,0,1
6819104,81355,1,0,1
3392512,81356,1,0,1
1738680,81357,1,1,0
2754272,81358,1,1,0
3841616,81359,1,0,1
668216,81360,1,1,0
2086496,81361,1,0,1
1015824,81362,1,0,1
1820360,81363,1,1,0
512440,81364,1,0,1
2149392,81365,1,1,0
258144,81366,1,0,1
2526968,81367,1,1,0
2119824,81368,1,0,1
323504,81369,1,1,0
875392,81370,1,0,1
6818120,81371,1,1,0
773024,81372,1,1,0
229920,81373,1,1,0
7946112,81374,1,1,0
548128,81375,1,1,0
2337616,81376,1,1,0
5956008,81377,1,1,0
2131392,81378,1,1,0
3806816,81379,1,1,0
5276352,81380,1,0,1
2712272,81381,1,0,1
1067568,81382,1,0,1
5181384,81383,1,1,0
884424,81384,1,0,1
2635808,81385,1,1,0
6144736,81386,1,0,1
3631840,81387,1,1,0
5091096,81388,1,1,0
5254616,81389,1,0,1
3377312,81390,1,0,1
4257120,81391,1,1,0
2341624,81392,1,0,1
881328,81393,1,1,0
1507008,81394,1,0,1
1316752,81395,1,1,0
542344,81396,1,0,1
3352488,81397,1,0,1
867696,81398,1,1,0
1375064,81399,1,0,1
4187576,81400,1,0,1
1413216,81401,1,1,0
1575304,81402,1,0,1
3215080,81403,1,1,0
431480,81404,1,1,0
3658448,81405,1,1,0
233864,81406,1,1,0
776208,81407,1,1,0
2380288,81408,1,1,0
747912,81409,1,0,1
5867968,81410,1,0,1
2243184,81411,1,1,0
4406776,81412,1,1,0
1303360,81413,1,1,0
2678208,81414,1,1,0
2873344,81415,1,0,1
225040,81416,1,0,1
766152,81417,1,0,1
4474528,81418,1,1,0
597312,81419,1,1,0
350704,81420,1,0,1
6133672,81421,1,0,1
4432816,81422,1,1,0
5585968,81423,1,0,1
1613072,81424,1,1,0
647296,81425,1,0,1
4537368,81426,1,1,0
2332952,81427,1,0,1
5308920,81428,1,0,1
5101408,81429,1,1,0
404488,81430,1,0,1
749312,81431,1,1,0
977672,81432,1,0,1
5427432,81433,1,0,1
886216,81434,1,0,1
2930440,81435,1,1,0
2613856,81436,1,1,0
4309920,81437,1,1,0
7782232,81438,1,0,1
1065056,81439,1,1,0
7072216,81440,1,0,1
6061472,81441,1,1,0
1060912,81442,1,1,0
449592,81443,1,0,1
6658472,81444,1,0,1
412080,81445,1,1,0
1071232,81446,1,1,0
6033592,81447,1,0,1
1079224,81448,1,1,0
4491192,81449,1,1,0
5853808,81450,1,0,1
2736992,81451,1,1,0
898424,81452,1,1,0
2462720,81453,1,0,1
6919392,81454,1,1,0
1983128,81455,1,1,0
2435968,81456,1,0,1
1587760,81457,1,0,1
6487960,81458,1,1,0
3274008,81459,1,1,0
2652816,81460,1,0,1
4324792,81461,1,1,0
870816,81462,1,0,1
1464544,81463,1,1,0
1162240,81464,1,1,0
4411112,81465,1,1,0
1468368,81466,1,1,0
2095016,81467,1,0,1
3308576,81468,1,1,0
1371064,81469,1,0,1
2114976,81470,1,1,0
1158000,81471,1,1,0
1286864,81472,1,0,1
1018048,81473,1,1,0
1822344,81474,1,0,1
3738168,81475,1,0,1
4182184,81476,1,0,1
495616,81477,1,0,1
3875472,81478,1,0,1
1460696,81479,1,0,1
6215232,81480,1,0,1
363336,81481,1,0,1
3935936,81482,1,1,0
1444064,81483,1,0,1
6988000,81484,1,0,1
6245688,81485,1,1,0
823136,81486,1,1,0
1268016,81487,1,1,0
902144,81488,1,1,0
3286976,81489,1,0,1
6088336,81490,1,0,1
1122784,81491,1,1,0
8018232,81492,1,0,1
694256,81493,1,1,0
576688,81494,1,0,1
342240,81495,1,0,1
773416,81496,1,0,1
230512,81497,1,0,1
98208,81498,1,0,1
2201040,81499,1,0,1
497328,81500,1,0,1
409640,81501,1,0,1
1106992,81502,1,0,1
2658632,81503,1,1,0
6055560,81504,1,1,0
590728,81505,1,0,1
215416,81506,1,1,0
2207848,81507,1,0,1
1486888,81508,1,0,1
2313560,81509,1,1,0
663520,81510,1,0,1
7515104,81511,1,1,0
6780040,81512,1,1,0
538800,81513,1,1,0
754064,81514,1,1,0
647360,81515,1,0,1
4883944,81516,1,1,0
1765680,81517,1,1,0
2362208,81518,1,0,1
1832336,81519,1,1,0
2047952,81520,1,0,1
1431616,81521,1,0,1
2664952,81522,1,0,1
2054400,81523,1,0,1
2513272,81524,1,0,1
4079032,81525,1,1,0
8308008,81526,1,0,1
541088,81527,1,1,0
1549088,81528,1,0,1
670000,81529,1,1,0
2085416,81530,1,1,0
8185520,81531,1,1,0
6593232,81532,1,1,0
1266536,81533,1,1,0
980944,81534,1,1,0
1892000,81535,1,0,1
2524624,81536,1,1,0
2587176,81537,1,1,0
7365752,81538,1,0,1
729776,81539,1,1,0
2244656,81540,1,0,1
2642840,81541,1,0,1
1708456,81542,1,0,1
2181360,81543,1,0,1
1086664,81544,1,1,0
1526240,81545,1,1,0
3513248,81546,1,0,1
866760,81547,1,0,1
1091960,81548,1,1,0
817664,81549,1,0,1
1142880,81550,1,0,1
702480,81551,1,0,1
478560,81552,1,1,0
216048,81553,1,1,0
8168136,81554,1,0,1
4775328,81555,1,0,1
1065600,81556,1,1,0
1024664,81557,1,1,0
4198608,81558,1,1,0
4510728,81559,1,1,0
7155768,81560,1,0,1
242536,81561,1,0,1
5662648,81562,1,1,0
986168,81563,1,1,0
6151312,81564,1,0,1
871752,81565,1,0,1
1019392,81566,1,0,1
5411848,81567,1,1,0
1108360,81568,1,1,0
6378024,81569,1,1,0
1820352,81570,1,0,1
512872,81571,1,1,0
917736,81572,1,1,0
438960,81573,1,1,0
831784,81574,1,1,0
3227472,81575,1,1,0
965304,81576,1,0,1
1810160,81577,1,1,0
3921776,81578,1,0,1
1544304,81579,1,1,0
443496,81580,1,0,1
1727856,81581,1,0,1
4475032,81582,1,1,0
6611304,81583,1,1,0
7928856,81584,1,0,1
7234776,81585,1,0,1
3431912,81586,1,0,1
3414592,81587,1,1,0
2838928,81588,1,1,0
1529392,81589,1,0,1
3515168,81590,1,1,0
3313160,81591,1,1,0
4207888,81592,1,0,1
7132840,81593,1,0,1
7696760,81594,1,0,1
988184,81595,1,1,0
2116816,81596,1,1,0
4087784,81597,1,0,1
6970000,81598,1,0,1
567424,81599,1,0,1
877648,81600,1,0,1
2376984,81601,1,0,1
2682424,81602,1,0,1
7713928,81603,1,0,1
1927936,81604,1,0,1
4332776,81605,1,1,0
186928,81606,1,0,1
3205048,81607,1,1,0
5809472,81608,1,0,1
2959936,81609,1,0,1
2736136,81610,1,0,1
6794784,81611,1,0,1
1377424,81612,1,0,1
5169016,81613,1,0,1
121400,81614,1,1,0
593112,81615,1,1,0
2203504,81616,1,0,1
4307024,81617,1,1,0
3796520,81618,1,0,1
2325736,81619,1,1,0
1448232,81620,1,0,1
6415976,81621,1,0,1
857728,81622,1,1,0
1141456,81623,1,0,1
4374640,81624,1,1,0
3501800,81625,1,1,0
1459784,81626,1,0,1
5593224,81627,1,0,1
5518080,81628,1,0,1
1905576,81629,1,1,0
736616,81630,1,1,0
6305712,81631,1,1,0
1023160,81632,1,1,0
3088960,81633,1,1,0
5252632,81634,1,0,1
136544,81635,1,0,1
1253216,81636,1,0,1
2961576,81637,1,0,1
1476728,81638,1,0,1
586360,81639,1,0,1
2458344,81640,1,1,0
1041216,81641,1,1,0
381928,81642,1,1,0
4787984,81643,1,0,1
5075408,81644,1,1,0
2554600,81645,1,1,0
869400,81646,1,0,1
4165216,81647,1,0,1
5380512,81648,1,0,1
1238168,81649,1,0,1
238296,81650,1,1,0
1875944,81651,1,0,1
6824296,81652,1,1,0
2760936,81653,1,1,0
1681208,81654,1,0,1
5444464,81655,1,0,1
3282224,81656,1,1,0
490936,81657,1,0,1
2234936,81658,1,1,0
3278272,81659,1,1,0
1367976,81660,1,1,0
2564784,81661,1,0,1
895224,81662,1,0,1
1052184,81663,1,0,1
2291520,81664,1,0,1
4263488,81665,1,0,1
259816,81666,1,1,0
4063064,81667,1,1,0
2146680,81668,1,0,1
6535160,81669,1,1,0
6208416,81670,1,1,0
2662120,81671,1,0,1
3768736,81672,1,0,1
6759136,81673,1,1,0
3936400,81674,1,0,1
7187400,81675,1,1,0
939704,81676,1,0,1
4918504,81677,1,1,0
752816,81678,1,1,0
565624,81679,1,0,1
1460008,81680,1,0,1
6854880,81681,1,1,0
280328,81682,1,1,0
1071304,81683,1,0,1
3528064,81684,1,1,0
686024,81685,1,0,1
772712,81686,1,1,0
5984624,81687,1,1,0
1244264,81688,1,1,0
1933240,81689,1,0,1
520160,81690,1,0,1
2496176,81691,1,1,0
3307688,81692,1,1,0
329880,81693,1,1,0
1209864,81694,1,1,0
934608,81695,1,1,0
8195528,81696,1,1,0
5703504,81697,1,1,0
5291872,81698,1,1,0
226248,81699,1,0,1
6058840,81700,1,0,1
800656,81701,1,0,1
1200760,81702,1,0,1
1169696,81703,1,0,1
307408,81704,1,0,1
7993152,81705,1,1,0
4983144,81706,1,0,1
4699208,81707,1,1,0
651232,81708,1,1,0
177752,81709,1,0,1
1388760,81710,1,0,1
5264376,81711,1,0,1
1658280,81712,1,0,1
2043232,81713,1,1,0
3247344,81714,1,0,1
1082072,81715,1,1,0
2388160,81716,1,0,1
4967096,81717,1,0,1
6733600,81718,1,1,0
4903000,81719,1,1,0
3367936,81720,1,1,0
1753720,81721,1,1,0
766952,81722,1,1,0
1428736,81723,1,0,1
3044968,81724,1,1,0
1345296,81725,1,0,1
1948128,81726,1,1,0
285952,81727,1,0,1
417576,81728,1,1,0
1789376,81729,1,1,0
5867136,81730,1,1,0
168560,81731,1,1,0
6096712,81732,1,1,0
6268488,81733,1,0,1
5963360,81734,1,1,0
243064,81735,1,0,1
987136,81736,1,1,0
716136,81737,1,1,0
1373080,81738,1,0,1
366048,81739,1,0,1
5737008,81740,1,1,0
1743320,81741,1,0,1
3556920,81742,1,1,0
8005552,81743,1,1,0
1460024,81744,1,0,1
352976,81745,1,0,1
2361848,81746,1,0,1
887168,81747,1,0,1
3016720,81748,1,0,1
1910176,81749,1,0,1
1379320,81750,1,1,0
4175216,81751,1,1,0
3778152,81752,1,1,0
2064904,81753,1,1,0
1754120,81754,1,1,0
5710280,81755,1,0,1
602856,81756,1,1,0
568728,81757,1,1,0
6993104,81758,1,1,0
2435640,81759,1,0,1
1065960,81760,1,1,0
851264,81761,1,0,1
2396680,81762,1,1,0
1140816,81763,1,1,0
947808,81764,1,0,1
1004224,81765,1,1,0
6938720,81766,1,0,1
5937240,81767,1,1,0
4028624,81768,1,1,0
8165080,81769,1,0,1
641488,81770,1,0,1
1361104,81771,1,0,1
915416,81772,1,1,0
4158960,81773,1,0,1
7819248,81774,1,1,0
5395448,81775,1,0,1
564032,81776,1,0,1
3926944,81777,1,0,1
3827720,81778,1,0,1
1754352,81779,1,0,1
920496,81780,1,0,1
5099464,81781,1,1,0
576352,81782,1,0,1
311408,81783,1,0,1
3836872,81784,1,0,1
3198096,81785,1,1,0
4949560,81786,1,0,1
2290112,81787,1,0,1
3228192,81788,1,0,1
8064200,81789,1,1,0
3054288,81790,1,0,1
4552864,81791,1,0,1
697752,81792,1,0,1
584640,81793,1,0,1
6087648,81794,1,1,0
1157680,81795,1,1,0
1712936,81796,1,0,1
3845248,81797,1,1,0
962256,81798,1,1,0
1338696,81799,1,0,1
1382256,81800,1,0,1
3139960,81801,1,0,1
1539704,81802,1,1,0
835592,81803,1,1,0
4763296,81804,1,0,1
6095704,81805,1,1,0
579040,81806,1,1,0
1329408,81807,1,0,1
1514584,81808,1,0,1
502672,81809,1,0,1
4770592,81810,1,1,0
6797048,81811,1,0,1
3176792,81812,1,1,0
382072,81813,1,0,1
5154184,81814,1,0,1
5696576,81815,1,1,0
2047416,81816,1,0,1
2168280,81817,1,0,1
1524592,81818,1,0,1
392776,81819,1,1,0
1926368,81820,1,1,0
516752,81821,1,0,1
610496,81822,1,0,1
5505504,81823,1,0,1
2616288,81824,1,1,0
3427952,81825,1,1,0
6222904,81826,1,0,1
8374688,81827,1,1,0
1715824,81828,1,1,0
6708024,81829,1,0,1
7097584,81830,1,0,1
6430824,81831,1,1,0
7260192,81832,1,1,0
7121472,81833,1,1,0
173304,81834,1,1,0
1945736,81835,1,0,1
7532480,81836,1,0,1
6475264,81837,1,0,1
787392,81838,1,1,0
1892024,81839,1,1,0
3506888,81840,1,0,1
1003544,81841,1,1,0
5670312,81842,1,1,0
2669440,81843,1,0,1
5773584,81844,1,0,1
579864,81845,1,1,0
2380192,81846,1,1,0
541480,81847,1,0,1
6752832,81848,1,0,1
369088,81849,1,0,1
1253272,81850,1,1,0
3195064,81851,1,1,0
4673384,81852,1,1,0
4645384,81853,1,1,0
2037912,81854,1,1,0
1531072,81855,1,1,0
5750024,81856,1,0,1
385176,81857,1,1,0
761408,81858,1,1,0
1580152,81859,1,1,0
1502592,81860,1,1,0
358536,81861,1,1,0
784984,81862,1,1,0
839800,81863,1,0,1
2778800,81864,1,0,1
6972336,81865,1,0,1
4224008,81866,1,0,1
3035488,81867,1,1,0
1945448,81868,1,1,0
563768,81869,1,1,0
4283760,81870,1,0,1
4190672,81871,1,1,0
2838208,81872,1,0,1
7478568,81873,1,1,0
5516280,81874,1,0,1
6998728,81875,1,1,0
3081440,81876,1,0,1
4912864,81877,1,0,1
1742080,81878,1,0,1
5004032,81879,1,0,1
1108712,81880,1,1,0
7524184,81881,1,0,1
3702144,81882,1,0,1
3641560,81883,1,0,1
4429896,81884,1,0,1
1685176,81885,1,1,0
3361016,81886,1,0,1
3280864,81887,1,1,0
2688824,81888,1,0,1
366176,81889,1,0,1
4896368,81890,1,1,0
1355960,81891,1,0,1
948288,81892,1,0,1
4080088,81893,1,0,1
419624,81894,1,0,1
396952,81895,1,1,0
6486296,81896,1,0,1
288824,81897,1,1,0
1513576,81898,1,1,0
6888096,81899,1,0,1
3789904,81900,1,0,1
4400552,81901,1,0,1
2757856,81902,1,0,1
1529856,81903,1,0,1
1244528,81904,1,1,0
1866792,81905,1,0,1
2520568,81906,1,1,0
1277192,81907,1,1,0
490360,81908,1,1,0
3887232,81909,1,0,1
398248,81910,1,0,1
8243608,81911,1,0,1
3625144,81912,1,0,1
4087432,81913,1,0,1
7434984,81914,1,1,0
5169848,81915,1,0,1
873768,81916,1,1,0
5891872,81917,1,0,1
4947640,81918,1,1,0
411312,81919,1,0,1
1452944,81920,1,0,1
4832792,81921,1,1,0
752416,81922,1,1,0
5304280,81923,1,0,1
1185016,81924,1,1,0
1891568,81925,1,1,0
7444520,81926,1,0,1
4926440,81927,1,0,1
1777888,81928,1,0,1
3911584,81929,1,1,0
1995864,81930,1,1,0
1895368,81931,1,1,0
1625768,81932,1,1,0
1332312,81933,1,0,1
1110456,81934,1,0,1
4409608,81935,1,1,0
7150760,81936,1,1,0
3848032,81937,1,0,1
1921288,81938,1,0,1
4607800,81939,1,1,0
239816,81940,1,0,1
4680280,81941,1,0,1
3894880,81942,1,1,0
1996432,81943,1,1,0
253472,81944,1,0,1
2238408,81945,1,0,1
2591520,81946,1,0,1
2594248,81947,1,1,0
4831952,81948,1,1,0
1116880,81949,1,1,0
3173400,81950,1,1,0
393040,81951,1,0,1
7555608,81952,1,1,0
3319544,81953,1,1,0
865816,81954,1,0,1
1553360,81955,1,1,0
2668936,81956,1,0,1
4896344,81957,1,0,1
168736,81958,1,0,1
822848,81959,1,0,1
7141488,81960,1,0,1
3461944,81961,1,1,0
4762992,81962,1,0,1
1167416,81963,1,1,0
503120,81964,1,1,0
93584,81965,1,0,1
4143808,81966,1,1,0
4608832,81967,1,1,0
4212400,81968,1,0,1
5363048,81969,1,1,0
5127048,81970,1,1,0
3224200,81971,1,0,1
1351304,81972,1,1,0
301784,81973,1,0,1
1353880,81974,1,1,0
743656,81975,1,0,1
167232,81976,1,1,0
1923320,81977,1,1,0
181264,81978,1,0,1
8046008,81979,1,0,1
778672,81980,1,1,0
1097608,81981,1,0,1
1134536,81982,1,1,0
963320,81983,1,0,1
7745352,81984,1,0,1
4180248,81985,1,1,0
4490640,81986,1,0,1
317888,81987,1,0,1
2562776,81988,1,0,1
3965680,81989,1,1,0
519880,81990,1,1,0
3505080,81991,1,1,0
4234856,81992,1,1,0
5141112,81993,1,1,0
6333208,81994,1,0,1
2983952,81995,1,1,0
2363776,81996,1,1,0
1591136,81997,1,0,1
613736,81998,1,1,0
1896744,81999,1,1,0
6085696,82000,1,1,0
1373696,82001,1,0,1
117600,82002,1,0,1
4869704,82003,1,1,0
5828536,82004,1,1,0
4317320,82005,1,1,0
1436760,82006,1,0,1
487176,82007,1,1,0
265648,82008,1,0,1
1306680,82009,1,1,0
2849496,82010,1,0,1
158136,82011,1,1,0
707064,82012,1,1,0
914672,82013,1,1,0
1611344,82014,1,1,0
608640,82015,1,0,1
1734744,82016,1,0,1
7620696,82017,1,0,1
6571528,82018,1,1,0
505392,82019,1,1,0
441504,82020,1,0,1
2313312,82021,1,1,0
1408832,82022,1,0,1
3087072,82023,1,1,0
4660288,82024,1,1,0
5795304,82025,1,1,0
5252560,82026,1,0,1
2721704,82027,1,0,1
4164040,82028,1,1,0
472680,82029,1,0,1
6255640,82030,1,1,0
491592,82031,1,0,1
5293360,82032,1,0,1
1514736,82033,1,0,1
92008,82034,1,1,0
817016,82035,1,0,1
2288064,82036,1,0,1
2369008,82037,1,1,0
1953168,82038,1,1,0
2262488,82039,1,0,1
7454888,82040,1,0,1
2064160,82041,1,1,0
1684944,82042,1,0,1
2653024,82043,1,0,1
7661336,82044,1,1,0
4535360,82045,1,1,0
2963008,82046,1,1,0
658400,82047,1,1,0
6573760,82048,1,0,1
6486360,82049,1,1,0
723496,82050,1,0,1
7990528,82051,1,1,0
6193632,82052,1,0,1
655440,82053,1,1,0
4769208,82054,1,0,1
1334296,82055,1,1,0
5842792,82056,1,0,1
6143352,82057,1,1,0
6039360,82058,1,1,0
3216000,82059,1,0,1
921704,82060,1,0,1
2542816,82061,1,1,0
155744,82062,1,0,1
7634184,82063,1,0,1
285744,82064,1,1,0
2132136,82065,1,1,0
220392,82066,1,1,0
1216048,82067,1,0,1
7111168,82068,1,1,0
214616,82069,1,0,1
1831672,82070,1,1,0
1824008,82071,1,1,0
1196472,82072,1,1,0
8028608,82073,1,0,1
2157024,82074,1,1,0
500048,82075,1,1,0
706376,82076,1,0,1
2644144,82077,1,0,1
7433784,82078,1,1,0
5562776,82079,1,0,1
1348912,82080,1,1,0
555568,82081,1,1,0
2661736,82082,1,1,0
932696,82083,1,0,1
6097440,82084,1,0,1
3514648,82085,1,1,0
4288760,82086,1,1,0
4971000,82087,1,1,0
1223024,82088,1,1,0
1222416,82089,1,1,0
3316232,82090,1,0,1
188216,82091,1,1,0
5245152,82092,1,1,0
4903920,82093,1,0,1
8117280,82094,1,0,1
1337600,82095,1,0,1
1612872,82096,1,0,1
2973544,82097,1,0,1
871536,82098,1,1,0
1772968,82099,1,1,0
3305640,82100,1,1,0
290744,82101,1,1,0
3896960,82102,1,0,1
1310168,82103,1,1,0
635264,82104,1,1,0
7976160,82105,1,0,1
8321400,82106,1,0,1
2154936,82107,1,0,1
975392,82108,1,0,1
5137640,82109,1,0,1
1542296,82110,1,0,1
1616520,82111,1,1,0
1102464,82112,1,0,1
1180992,82113,1,1,0
5042968,82114,1,1,0
5727072,82115,1,1,0
184040,82116,1,0,1
3798592,82117,1,1,0
902448,82118,1,1,0
3437536,82119,1,1,0
5150280,82120,1,0,1
2734792,82121,1,1,0
398632,82122,1,0,1
518016,82123,1,1,0
6169120,82124,1,1,0
1135984,82125,1,1,0
5137256,82126,1,1,0
6019224,82127,1,1,0
474520,82128,1,0,1
3170736,82129,1,0,1
3646600,82130,1,0,1
7413584,82131,1,0,1
1714168,82132,1,0,1
3657352,82133,1,0,1
548168,82134,1,1,0
2523096,82135,1,1,0
379288,82136,1,0,1
3070696,82137,1,1,0
3078152,82138,1,0,1
519104,82139,1,0,1
3208592,82140,1,0,1
7771544,82141,1,0,1
3055696,82142,1,1,0
6168504,82143,1,1,0
1357184,82144,1,0,1
800416,82145,1,1,0
664480,82146,1,0,1
893784,82147,1,1,0
5414056,82148,1,1,0
1311480,82149,1,1,0
2232952,82150,1,0,1
2172224,82151,1,1,0
4592352,82152,1,0,1
899184,82153,1,0,1
7205864,82154,1,1,0
6684112,82155,1,0,1
1614472,82156,1,0,1
7592256,82157,1,1,0
2774384,82158,1,1,0
429448,82159,1,0,1
7755824,82160,1,1,0
2921264,82161,1,0,1
916880,82162,1,1,0
6923888,82163,1,1,0
691176,82164,1,1,0
2576840,82165,1,1,0
1440000,82166,1,0,1
856248,82167,1,1,0
1417096,82168,1,1,0
1038600,82169,1,0,1
7242224,82170,1,0,1
2618000,82171,1,1,0
1497288,82172,1,0,1
5607816,82173,1,0,1
3621368,82174,1,1,0
1945168,82175,1,1,0
1815752,82176,1,1,0
2347008,82177,1,0,1
6108936,82178,1,0,1
4711592,82179,1,1,0
1484624,82180,1,0,1
6555240,82181,1,0,1
3699904,82182,1,0,1
456448,82183,1,1,0
2957592,82184,1,1,0
786976,82185,1,1,0
162880,82186,1,1,0
1393616,82187,1,1,0
6865888,82188,1,0,1
6044624,82189,1,0,1
1238872,82190,1,0,1
2347968,82191,1,1,0
6287568,82192,1,0,1
798152,82193,1,1,0
7338928,82194,1,0,1
1475880,82195,1,1,0
2069096,82196,1,0,1
1506000,82197,1,0,1
2119328,82198,1,0,1
1394816,82199,1,0,1
1270888,82200,1,0,1
2969440,82201,1,1,0
3029600,82202,1,0,1
4319312,82203,1,0,1
661672,82204,1,1,0
145568,82205,1,0,1
991960,82206,1,0,1
5646736,82207,1,1,0
2020432,82208,1,0,1
3943648,82209,1,1,0
5700256,82210,1,1,0
1763616,82211,1,0,1
8016272,82212,1,0,1
476744,82213,1,1,0
5100048,82214,1,0,1
681200,82215,1,0,1
322944,82216,1,0,1
3731888,82217,1,1,0
2210584,82218,1,1,0
5031232,82219,1,0,1
3785944,82220,1,0,1
1988560,82221,1,1,0
5803856,82222,1,1,0
1494568,82223,1,1,0
614160,82224,1,0,1
6737128,82225,1,1,0
492032,82226,1,0,1
2610920,82227,1,1,0
4846856,82228,1,0,1
1102864,82229,1,1,0
5473648,82230,1,1,0
1249600,82231,1,1,0
4860424,82232,1,0,1
238576,82233,1,0,1
4531024,82234,1,1,0
2276352,82235,1,0,1
3103856,82236,1,1,0
6217584,82237,1,1,0
1438128,82238,1,0,1
1347192,82239,1,0,1
1177272,82240,1,1,0
1649592,82241,1,0,1
226080,82242,1,1,0
5978632,82243,1,1,0
3652736,82244,1,0,1
6634936,82245,1,1,0
3526608,82246,1,1,0
883328,82247,1,0,1
3083960,82248,1,0,1
4763008,82249,1,1,0
635872,82250,1,1,0
4102488,82251,1,1,0
1724848,82252,1,0,1
959472,82253,1,0,1
912712,82254,1,0,1
603936,82255,1,1,0
1182856,82256,1,1,0
6093840,82257,1,0,1
2871752,82258,1,0,1
2923416,82259,1,1,0
3236632,82260,1,1,0
7152976,82261,1,0,1
814272,82262,1,0,1
1619064,82263,1,1,0
7640088,82264,1,1,0
1310000,82265,1,1,0
3939984,82266,1,1,0
4079832,82267,1,0,1
773336,82268,1,0,1
1367208,82269,1,1,0
803720,82270,1,0,1
1109504,82271,1,0,1
942688,82272,1,0,1
1252560,82273,1,0,1
942024,82274,1,1,0
2025624,82275,1,1,0
5068608,82276,1,1,0
5346320,82277,1,0,1
879112,82278,1,1,0
1046848,82279,1,0,1
2903152,82280,1,1,0
7572864,82281,1,0,1
3775400,82282,1,0,1
1328616,82283,1,1,0
5920392,82284,1,0,1
6366880,82285,1,0,1
7202408,82286,1,0,1
2695568,82287,1,0,1
3277856,82288,1,1,0
857000,82289,1,0,1
636384,82290,1,1,0
634000,82291,1,0,1
722968,82292,1,1,0
2931256,82293,1,1,0
255728,82294,1,1,0
861888,82295,1,1,0
6859784,82296,1,1,0
562920,82297,1,0,1
3542128,82298,1,1,0
1896752,82299,1,0,1
530336,82300,1,1,0
781344,82301,1,0,1
1778456,82302,1,0,1
2121976,82303,1,0,1
616800,82304,1,0,1
3674016,82305,1,1,0
3222088,82306,1,1,0
530256,82307,1,1,0
2196744,82308,1,1,0
7654520,82309,1,0,1
1584200,82310,1,1,0
5819248,82311,1,1,0
3279808,82312,1,0,1
304376,82313,1,1,0
4498240,82314,1,1,0
7536448,82315,1,0,1
297832,82316,1,1,0
1263464,82317,1,1,0
4790416,82318,1,0,1
5268792,82319,1,1,0
8126752,82320,1,0,1
7173952,82321,1,0,1
825288,82322,1,1,0
5373584,82323,1,1,0
1998080,82324,1,0,1
2352112,82325,1,1,0
2419584,82326,1,0,1
811368,82327,1,0,1
3903616,82328,1,1,0
839912,82329,1,0,1
1032912,82330,1,0,1
4852504,82331,1,0,1
6114288,82332,1,0,1
2934576,82333,1,0,1
1535728,82334,1,1,0
5857920,82335,1,1,0
1339200,82336,1,0,1
3617136,82337,1,1,0
170824,82338,1,0,1
1240096,82339,1,0,1
7382184,82340,1,0,1
6453024,82341,1,1,0
772328,82342,1,1,0
699152,82343,1,0,1
4075120,82344,1,0,1
2728656,82345,1,0,1
5025488,82346,1,1,0
3773920,82347,1,1,0
3853232,82348,1,1,0
2349160,82349,1,0,1
5800304,82350,1,1,0
482872,82351,1,0,1
234408,82352,1,0,1
493080,82353,1,0,1
1140576,82354,1,0,1
334136,82355,1,1,0
6370416,82356,1,1,0
6929824,82357,1,1,0
6589368,82358,1,0,1
3647176,82359,1,1,0
1062592,82360,1,0,1
1857104,82361,1,0,1
2333280,82362,1,1,0
1194088,82363,1,0,1
3175448,82364,1,1,0
7837648,82365,1,0,1
7147304,82366,1,1,0
2373152,82367,1,0,1
1000728,82368,1,0,1
1242800,82369,1,0,1
321984,82370,1,0,1
320216,82371,1,1,0
4356576,82372,1,0,1
4019864,82373,1,1,0
2779624,82374,1,0,1
1731744,82375,1,0,1
3886000,82376,1,1,0
3238728,82377,1,0,1
980568,82378,1,1,0
739920,82379,1,0,1
6338168,82380,1,1,0
415632,82381,1,0,1
5029208,82382,1,0,1
735528,82383,1,1,0
1063872,82384,1,1,0
7519448,82385,1,1,0
2240464,82386,1,1,0
4504528,82387,1,0,1
1132584,82388,1,0,1
5023904,82389,1,1,0
1307080,82390,1,1,0
5448472,82391,1,0,1
6041568,82392,1,0,1
5809920,82393,1,0,1
3571720,82394,1,1,0
288128,82395,1,1,0
5971168,82396,1,1,0
6132032,82397,1,1,0
1510784,82398,1,0,1
2898280,82399,1,0,1
2546080,82400,1,1,0
4364016,82401,1,0,1
3544536,82402,1,0,1
2045248,82403,1,1,0
885776,82404,1,0,1
5969336,82405,1,0,1
7183232,82406,1,0,1
6769696,82407,1,0,1
4168680,82408,1,1,0
4560016,82409,1,0,1
5111536,82410,1,1,0
2862664,82411,1,0,1
3282480,82412,1,0,1
214408,82413,1,0,1
8096264,82414,1,0,1
3245784,82415,1,0,1
2500408,82416,1,1,0
7586960,82417,1,0,1
3392104,82418,1,1,0
7342616,82419,1,0,1
981280,82420,1,1,0
1587160,82421,1,0,1
1890560,82422,1,0,1
6788304,82423,1,1,0
365848,82424,1,1,0
6682144,82425,1,0,1
173896,82426,1,0,1
1470736,82427,1,0,1
2623960,82428,1,0,1
3109736,82429,1,0,1
1066696,82430,1,1,0
2367864,82431,1,1,0
7307912,82432,1,0,1
594952,82433,1,1,0
8140424,82434,1,1,0
2205592,82435,1,0,1
4765216,82436,1,1,0
7047712,82437,1,1,0
2329472,82438,1,0,1
4414800,82439,1,0,1
6242272,82440,1,1,0
951840,82441,1,1,0
256712,82442,1,0,1
5290984,82443,1,1,0
5620688,82444,1,1,0
631504,82445,1,1,0
357448,82446,1,0,1
2203336,82447,1,0,1
6871944,82448,1,1,0
2687264,82449,1,0,1
771896,82450,1,0,1
333544,82451,1,0,1
6199368,82452,1,0,1
131992,82453,1,0,1
3751504,82454,1,0,1
1434448,82455,1,0,1
6193736,82456,1,0,1
102912,82457,1,0,1
5440128,82458,1,1,0
750472,82459,1,1,0
7781680,82460,1,0,1
3113552,82461,1,1,0
1400112,82462,1,1,0
200776,82463,1,0,1
3880224,82464,1,0,1
621312,82465,1,1,0
2743664,82466,1,1,0
1675296,82467,1,1,0
1257416,82468,1,0,1
442048,82469,1,0,1
791872,82470,1,0,1
2342224,82471,1,0,1
3078056,82472,1,0,1
1642280,82473,1,0,1
5246672,82474,1,1,0
6777768,82475,1,1,0
6376768,82476,1,0,1
6704872,82477,1,1,0
6479640,82478,1,1,0
986040,82479,1,1,0
4943136,82480,1,0,1
8141824,82481,1,0,1
6007000,82482,1,0,1
685296,82483,1,1,0
8044256,82484,1,0,1
2722816,82485,1,0,1
556936,82486,1,1,0
375064,82487,1,1,0
3287496,82488,1,1,0
1689472,82489,1,0,1
3151768,82490,1,1,0
277472,82491,1,0,1
1054888,82492,1,0,1
6223832,82493,1,0,1
4402464,82494,1,0,1
513304,82495,1,1,0
4340760,82496,1,1,0
643096,82497,1,0,1
364216,82498,1,1,0
1440016,82499,1,1,0
259784,82500,1,0,1
3039208,82501,1,1,0
3542448,82502,1,1,0
6255264,82503,1,1,0
4501184,82504,1,1,0
2669256,82505,1,1,0
1782040,82506,1,1,0
420120,82507,1,1,0
3271248,82508,1,0,1
476608,82509,1,1,0
7543168,82510,1,0,1
1309184,82511,1,1,0
6594688,82512,1,0,1
556528,82513,1,0,1
225272,82514,1,0,1
631440,82515,1,0,1
5129424,82516,1,1,0
5194424,82517,1,0,1
4271504,82518,1,1,0
285424,82519,1,0,1
1033024,82520,1,1,0
7754608,82521,1,0,1
4329752,82522,1,0,1
7841880,82523,1,1,0
5767840,82524,1,1,0
5415296,82525,1,0,1
5984504,82526,1,0,1
1692160,82527,1,1,0
1958856,82528,1,1,0
1733288,82529,1,1,0
815040,82530,1,1,0
900008,82531,1,0,1
3108904,82532,1,0,1
1670512,82533,1,0,1
1696472,82534,1,1,0
303568,82535,1,0,1
645776,82536,1,0,1
2653048,82537,1,0,1
1640032,82538,1,0,1
319264,82539,1,1,0
636120,82540,1,0,1
269336,82541,1,0,1
6753712,82542,1,0,1
2877448,82543,1,0,1
3204024,82544,1,0,1
7602936,82545,1,0,1
2433920,82546,1,0,1
1414224,82547,1,0,1
4774744,82548,1,1,0
122272,82549,1,1,0
5231264,82550,1,0,1
214752,82551,1,0,1
5474088,82552,1,0,1
2501576,82553,1,0,1
4588544,82554,1,1,0
6319704,82555,1,0,1
1295448,82556,1,1,0
752896,82557,1,1,0
5284680,82558,1,1,0
2974488,82559,1,0,1
787952,82560,1,0,1
5762080,82561,1,1,0
3562848,82562,1,0,1
1403712,82563,1,0,1
2806344,82564,1,0,1
318704,82565,1,0,1
1228512,82566,1,1,0
5385128,82567,1,0,1
1102936,82568,1,1,0
1231616,82569,1,0,1
4639320,82570,1,0,1
390424,82571,1,1,0
5164440,82572,1,0,1
5347576,82573,1,0,1
4859136,82574,1,1,0
604248,82575,1,1,0
1286064,82576,1,0,1
2399664,82577,1,0,1
2745584,82578,1,1,0
3882336,82579,1,1,0
5577896,82580,1,1,0
6107808,82581,1,1,0
235840,82582,1,1,0
1430312,82583,1,1,0
293936,82584,1,0,1
692072,82585,1,0,1
1386008,82586,1,0,1
1778312,82587,1,1,0
4055880,82588,1,0,1
2489272,82589,1,0,1
1088056,82590,1,1,0
1841672,82591,1,1,0
943144,82592,1,1,0
8253232,82593,1,0,1
856960,82594,1,0,1
4898808,82595,1,0,1
3240360,82596,1,1,0
376824,82597,1,0,1
5181120,82598,1,1,0
1386176,82599,1,0,1
501224,82600,1,1,0
2696064,82601,1,0,1
3813056,82602,1,0,1
2310008,82603,1,0,1
2475048,82604,1,0,1
532672,82605,1,1,0
5713016,82606,1,0,1
3515744,82607,1,0,1
4713792,82608,1,0,1
3323112,82609,1,0,1
468640,82610,1,0,1
6218200,82611,1,1,0
4174568,82612,1,0,1
861256,82613,1,0,1
1525816,82614,1,0,1
3179264,82615,1,0,1
1963320,82616,1,1,0
3533552,82617,1,1,0
4726688,82618,1,1,0
660544,82619,1,1,0
1834688,82620,1,0,1
3545000,82621,1,1,0
7074672,82622,1,0,1
980208,82623,1,0,1
209104,82624,1,1,0
6251368,82625,1,0,1
3412448,82626,1,1,0
3104160,82627,1,1,0
6576288,82628,1,1,0
4750904,82629,1,1,0
7582808,82630,1,1,0
3920104,82631,1,1,0
502112,82632,1,1,0
1924376,82633,1,1,0
2328440,82634,1,1,0
3513608,82635,1,1,0
2531688,82636,1,0,1
278872,82637,1,1,0
1665736,82638,1,0,1
5709720,82639,1,0,1
4957520,82640,1,0,1
2419672,82641,1,1,0
1314072,82642,1,0,1
1181272,82643,1,0,1
4917888,82644,1,1,0
470848,82645,1,1,0
674144,82646,1,1,0
524528,82647,1,1,0
4786568,82648,1,0,1
2399288,82649,1,1,0
6086152,82650,1,0,1
867072,82651,1,1,0
1062016,82652,1,1,0
256160,82653,1,0,1
6876056,82654,1,1,0
4161888,82655,1,0,1
3730488,82656,1,0,1
1194496,82657,1,0,1
5194624,82658,1,0,1
3673872,82659,1,1,0
7354064,82660,1,0,1
227744,82661,1,1,0
359880,82662,1,1,0
211688,82663,1,1,0
1264544,82664,1,1,0
2930128,82665,1,0,1
443016,82666,1,0,1
835936,82667,1,1,0
810032,82668,1,0,1
5872264,82669,1,0,1
948504,82670,1,1,0
1268000,82671,1,1,0
969016,82672,1,0,1
329488,82673,1,0,1
2735216,82674,1,1,0
2803432,82675,1,1,0
2895552,82676,1,0,1
3250568,82677,1,0,1
6437872,82678,1,0,1
2160744,82679,1,1,0
2587944,82680,1,1,0
2786448,82681,1,0,1
1601608,82682,1,0,1
1899424,82683,1,1,0
2829296,82684,1,1,0
1173192,82685,1,0,1
304016,82686,1,1,0
5608472,82687,1,1,0
3950024,82688,1,0,1
1236728,82689,1,1,0
898008,82690,1,0,1
2335832,82691,1,1,0
945744,82692,1,1,0
1977712,82693,1,1,0
8010240,82694,1,0,1
3963808,82695,1,1,0
5022328,82696,1,1,0
1218608,82697,1,1,0
4158272,82698,1,0,1
1637952,82699,1,0,1
555320,82700,1,0,1
270976,82701,1,0,1
3886880,82702,1,0,1
6502888,82703,1,1,0
7070264,82704,1,1,0
5827784,82705,1,0,1
4527048,82706,1,1,0
480552,82707,1,1,0
8249888,82708,1,0,1
7523240,82709,1,1,0
1712920,82710,1,0,1
3786680,82711,1,1,0
502544,82712,1,0,1
1741080,82713,1,0,1
1280256,82714,1,0,1
2162144,82715,1,0,1
3844632,82716,1,1,0
4292888,82717,1,0,1
3895632,82718,1,1,0
256880,82719,1,0,1
2782280,82720,1,0,1
5514920,82721,1,0,1
141872,82722,1,0,1
696408,82723,1,1,0
6500440,82724,1,1,0
6642328,82725,1,0,1
7767600,82726,1,1,0
5946464,82727,1,0,1
1261792,82728,1,0,1
7267736,82729,1,0,1
2249448,82730,1,1,0
1409304,82731,1,1,0
5313512,82732,1,1,0
3065432,82733,1,0,1
509528,82734,1,0,1
6574712,82735,1,0,1
418448,82736,1,1,0
6160920,82737,1,1,0
1142808,82738,1,0,1
5814544,82739,1,1,0
1510568,82740,1,1,0
6223104,82741,1,0,1
791752,82742,1,1,0
1392512,82743,1,0,1
471784,82744,1,0,1
1131928,82745,1,0,1
2182648,82746,1,0,1
4038000,82747,1,1,0
2133184,82748,1,0,1
3875792,82749,1,1,0
3833576,82750,1,1,0
2584624,82751,1,1,0
2012256,82752,1,0,1
961392,82753,1,0,1
1500712,82754,1,0,1
1390024,82755,1,0,1
480672,82756,1,0,1
1265144,82757,1,1,0
1306080,82758,1,1,0
3176736,82759,1,1,0
5815752,82760,1,1,0
3120752,82761,1,0,1
2279496,82762,1,0,1
604440,82763,1,0,1
2219528,82764,1,0,1
2038760,82765,1,1,0
7183416,82766,1,0,1
3794928,82767,1,0,1
4157752,82768,1,0,1
3281968,82769,1,0,1
4205832,82770,1,0,1
609688,82771,1,1,0
1380112,82772,1,0,1
871456,82773,1,1,0
784272,82774,1,0,1
1761360,82775,1,1,0
616840,82776,1,1,0
2903048,82777,1,1,0
86952,82778,1,0,1
1050752,82779,1,0,1
2504888,82780,1,1,0
930712,82781,1,0,1
1143784,82782,1,0,1
143776,82783,1,1,0
6679032,82784,1,1,0
6890136,82785,1,0,1
7436256,82786,1,0,1
965608,82787,1,0,1
3694400,82788,1,1,0
3322160,82789,1,0,1
451040,82790,1,0,1
1632840,82791,1,0,1
2918968,82792,1,1,0
3730440,82793,1,0,1
2419208,82794,1,0,1
2485032,82795,1,1,0
1945824,82796,1,1,0
1820272,82797,1,0,1
1112416,82798,1,0,1
7299424,82799,1,1,0
6166784,82800,1,0,1
624688,82801,1,1,0
2651776,82802,1,0,1
2122384,82803,1,1,0
7649312,82804,1,0,1
5783376,82805,1,1,0
1160208,82806,1,1,0
1385936,82807,1,0,1
3676328,82808,1,0,1
3058872,82809,1,0,1
3678088,82810,1,0,1
3166696,82811,1,1,0
1971160,82812,1,1,0
266464,82813,1,1,0
5874960,82814,1,1,0
3244104,82815,1,1,0
2267008,82816,1,0,1
1128528,82817,1,0,1
5266984,82818,1,1,0
5320648,82819,1,1,0
4154536,82820,1,0,1
8107872,82821,1,1,0
552072,82822,1,0,1
8343200,82823,1,1,0
152408,82824,1,1,0
240512,82825,1,0,1
4632088,82826,1,0,1
6607192,82827,1,0,1
4638856,82828,1,0,1
4326496,82829,1,0,1
3522800,82830,1,0,1
614008,82831,1,0,1
2270400,82832,1,0,1
4582352,82833,1,0,1
712488,82834,1,0,1
3863456,82835,1,1,0
365664,82836,1,0,1
8034456,82837,1,0,1
346192,82838,1,0,1
1067352,82839,1,1,0
370304,82840,1,1,0
5296824,82841,1,1,0
425376,82842,1,1,0
2930792,82843,1,0,1
1802736,82844,1,0,1
729360,82845,1,1,0
4502712,82846,1,0,1
442504,82847,1,0,1
4253160,82848,1,0,1
4643312,82849,1,1,0
7311312,82850,1,1,0
2867632,82851,1,1,0
6170440,82852,1,1,0
3201832,82853,1,1,0
5159936,82854,1,1,0
2932808,82855,1,1,0
2221288,82856,1,0,1
1232744,82857,1,1,0
6705504,82858,1,0,1
2332296,82859,1,1,0
1625632,82860,1,1,0
4324856,82861,1,1,0
3564704,82862,1,1,0
4500112,82863,1,0,1
1714896,82864,1,0,1
2288496,82865,1,1,0
4567120,82866,1,1,0
846920,82867,1,1,0
2178216,82868,1,1,0
2160568,82869,1,1,0
4572688,82870,1,0,1
577560,82871,1,0,1
4519704,82872,1,1,0
891552,82873,1,1,0
1312760,82874,1,1,0
4635984,82875,1,0,1
4466520,82876,1,0,1
834736,82877,1,0,1
457448,82878,1,0,1
524136,82879,1,0,1
3194528,82880,1,0,1
2224032,82881,1,1,0
3818656,82882,1,1,0
4625600,82883,1,1,0
6272632,82884,1,0,1
5522592,82885,1,0,1
2810296,82886,1,0,1
4466064,82887,1,1,0
351672,82888,1,1,0
2742272,82889,1,1,0
2215392,82890,1,1,0
990688,82891,1,0,1
2150248,82892,1,0,1
6506800,82893,1,1,0
2997376,82894,1,0,1
8128208,82895,1,0,1
1255504,82896,1,1,0
227736,82897,1,1,0
2146232,82898,1,1,0
5682576,82899,1,0,1
2463008,82900,1,1,0
1544184,82901,1,0,1
1646472,82902,1,0,1
3158912,82903,1,1,0
443024,82904,1,0,1
554784,82905,1,1,0
1727216,82906,1,0,1
6692408,82907,1,1,0
1444744,82908,1,1,0
2211320,82909,1,0,1
2170320,82910,1,0,1
762912,82911,1,1,0
88496,82912,1,1,0
1242296,82913,1,0,1
1256248,82914,1,0,1
5766696,82915,1,1,0
871000,82916,1,1,0
5731592,82917,1,1,0
3471872,82918,1,0,1
7855920,82919,1,0,1
2108144,82920,1,1,0
642424,82921,1,0,1
1296512,82922,1,1,0
1516560,82923,1,1,0
6547408,82924,1,1,0
7878320,82925,1,0,1
2302432,82926,1,0,1
5362120,82927,1,1,0
524040,82928,1,1,0
7658432,82929,1,1,0
5125136,82930,1,0,1
5622416,82931,1,0,1
6276280,82932,1,0,1
684568,82933,1,1,0
6341456,82934,1,0,1
7956872,82935,1,0,1
144312,82936,1,0,1
862968,82937,1,1,0
4055104,82938,1,1,0
990864,82939,1,0,1
1042032,82940,1,1,0
514008,82941,1,1,0
4654944,82942,1,0,1
394464,82943,1,0,1
1592416,82944,1,1,0
371384,82945,1,1,0
2107848,82946,1,1,0
156904,82947,1,1,0
6053856,82948,1,1,0
1003784,82949,1,1,0
2615008,82950,1,1,0
2606848,82951,1,1,0
2235752,82952,1,1,0
240280,82953,1,0,1
4721928,82954,1,0,1
2258824,82955,1,0,1
249264,82956,1,0,1
939152,82957,1,0,1
329952,82958,1,0,1
3023096,82959,1,0,1
8024352,82960,1,0,1
6685072,82961,1,1,0
7909112,82962,1,0,1
4095488,82963,1,0,1
859808,82964,1,0,1
5575024,82965,1,1,0
6927128,82966,1,1,0
1161280,82967,1,0,1
3317560,82968,1,1,0
1967464,82969,1,1,0
2636312,82970,1,1,0
1969784,82971,1,0,1
1642896,82972,1,1,0
2152024,82973,1,1,0
537696,82974,1,0,1
6487448,82975,1,0,1
433736,82976,1,0,1
1623472,82977,1,1,0
401416,82978,1,1,0
1053840,82979,1,0,1
6941840,82980,1,0,1
1057776,82981,1,1,0
2330696,82982,1,1,0
162336,82983,1,0,1
466576,82984,1,0,1
4060696,82985,1,1,0
240680,82986,1,1,0
359512,82987,1,0,1
691088,82988,1,0,1
2753952,82989,1,1,0
7077640,82990,1,1,0
1178632,82991,1,0,1
780432,82992,1,1,0
213232,82993,1,0,1
3351128,82994,1,0,1
8304864,82995,1,0,1
853160,82996,1,1,0
1248320,82997,1,1,0
387496,82998,1,0,1
2905728,82999,1,1,0
2521288,83000,1,0,1
3434168,83001,1,1,0
896416,83002,1,1,0
3429688,83003,1,0,1
2853184,83004,1,0,1
2697952,83005,1,0,1
184376,83006,1,1,0
7380712,83007,1,0,1
1018336,83008,1,0,1
245376,83009,1,1,0
5420024,83010,1,0,1
7937504,83011,1,1,0
1305712,83012,1,1,0
8067656,83013,1,1,0
3375712,83014,1,0,1
731560,83015,1,1,0
706544,83016,1,1,0
3850576,83017,1,0,1
6696496,83018,1,0,1
5145416,83019,1,0,1
1298224,83020,1,1,0
356272,83021,1,1,0
2160240,83022,1,0,1
1396832,83023,1,0,1
1182984,83024,1,1,0
1650384,83025,1,1,0
1381976,83026,1,0,1
1527408,83027,1,0,1
2276344,83028,1,0,1
2355584,83029,1,0,1
4800776,83030,1,0,1
2232208,83031,1,0,1
1079912,83032,1,0,1
190368,83033,1,0,1
3721520,83034,1,1,0
8032048,83035,1,0,1
5154424,83036,1,1,0
258808,83037,1,1,0
5246408,83038,1,1,0
2017976,83039,1,1,0
2923584,83040,1,1,0
1492416,83041,1,0,1
5078072,83042,1,0,1
7546776,83043,1,0,1
3330008,83044,1,1,0
2216288,83045,1,0,1
217208,83046,1,0,1
4059736,83047,1,0,1
764520,83048,1,1,0
3085856,83049,1,1,0
1274360,83050,1,1,0
3024392,83051,1,1,0
4033904,83052,1,0,1
7131392,83053,1,0,1
1300024,83054,1,1,0
606008,83055,1,0,1
3227776,83056,1,0,1
736720,83057,1,1,0
1312072,83058,1,0,1
4019888,83059,1,0,1
2717032,83060,1,1,0
3624664,83061,1,1,0
2536600,83062,1,1,0
6057952,83063,1,1,0
1898608,83064,1,1,0
587400,83065,1,1,0
6829040,83066,1,1,0
2140080,83067,1,0,1
6104424,83068,1,1,0
6507512,83069,1,1,0
1708848,83070,1,0,1
4961240,83071,1,0,1
3747360,83072,1,1,0
363352,83073,1,0,1
1164384,83074,1,0,1
2803704,83075,1,1,0
776768,83076,1,0,1
6595600,83077,1,0,1
6067144,83078,1,0,1
1992912,83079,1,1,0
1497512,83080,1,1,0
342704,83081,1,1,0
7928224,83082,1,0,1
732688,83083,1,1,0
4056392,83084,1,0,1
4652776,83085,1,1,0
3675856,83086,1,0,1
6301136,83087,1,1,0
2121704,83088,1,1,0
274320,83089,1,0,1
1125640,83090,1,1,0
1862208,83091,1,0,1
7211928,83092,1,0,1
436192,83093,1,1,0
1320880,83094,1,0,1
5496480,83095,1,0,1
1974416,83096,1,1,0
392968,83097,1,0,1
665288,83098,1,0,1
1680376,83099,1,1,0
8036864,83100,1,1,0
2915192,83101,1,1,0
2094728,83102,1,0,1
289576,83103,1,1,0
3899560,83104,1,0,1
1747952,83105,1,0,1
7766688,83106,1,1,0
1094320,83107,1,0,1
3714656,83108,1,1,0
1517536,83109,1,1,0
246376,83110,1,0,1
8051528,83111,1,1,0
2438608,83112,1,1,0
1063040,83113,1,0,1
679728,83114,1,0,1
326736,83115,1,0,1
1675872,83116,1,0,1
660328,83117,1,0,1
2254504,83118,1,1,0
2893928,83119,1,1,0
1243384,83120,1,1,0
2927688,83121,1,1,0
1653280,83122,1,1,0
3323856,83123,1,0,1
2936168,83124,1,1,0
159792,83125,1,1,0
6095920,83126,1,1,0
224576,83127,1,1,0
1210288,83128,1,0,1
5691608,83129,1,1,0
2632360,83130,1,1,0
3988160,83131,1,0,1
332872,83132,1,1,0
5315888,83133,1,1,0
2502856,83134,1,1,0
5527824,83135,1,1,0
567408,83136,1,1,0
4936112,83137,1,0,1
1944368,83138,1,0,1
3300192,83139,1,1,0
190656,83140,1,1,0
3922952,83141,1,1,0
775496,83142,1,1,0
1136928,83143,1,1,0
2935256,83144,1,1,0
7614248,83145,1,1,0
2198184,83146,1,0,1
7271512,83147,1,0,1
573128,83148,1,1,0
3171680,83149,1,1,0
7209256,83150,1,1,0
6012920,83151,1,1,0
2348768,83152,1,1,0
5509584,83153,1,1,0
894728,83154,1,1,0
2530744,83155,1,1,0
2258864,83156,1,1,0
1598088,83157,1,1,0
5402704,83158,1,1,0
4485800,83159,1,0,1
3767304,83160,1,1,0
4225920,83161,1,0,1
2211480,83162,1,1,0
6440832,83163,1,0,1
7034616,83164,1,1,0
84352,83165,1,1,0
1308624,83166,1,1,0
1014344,83167,1,0,1
4115856,83168,1,1,0
1807528,83169,1,1,0
1932584,83170,1,0,1
2587984,83171,1,0,1
770168,83172,1,1,0
774304,83173,1,0,1
5723976,83174,1,1,0
1491872,83175,1,0,1
1747928,83176,1,0,1
3679424,83177,1,1,0
1673616,83178,1,0,1
590544,83179,1,0,1
4383952,83180,1,0,1
4006024,83181,1,0,1
852928,83182,1,1,0
766520,83183,1,0,1
786800,83184,1,0,1
7804984,83185,1,0,1
4639912,83186,1,0,1
2210192,83187,1,0,1
944576,83188,1,0,1
2128152,83189,1,1,0
295944,83190,1,0,1
2772016,83191,1,1,0
4888176,83192,1,1,0
1820000,83193,1,1,0
3781264,83194,1,1,0
2296280,83195,1,1,0
1989504,83196,1,1,0
6775480,83197,1,0,1
2108840,83198,1,0,1
6258888,83199,1,0,1
1800784,83200,1,0,1
7180232,83201,1,1,0
699280,83202,1,0,1
218832,83203,1,0,1
446856,83204,1,0,1
6007088,83205,1,1,0
2335728,83206,1,0,1
1332888,83207,1,1,0
734672,83208,1,1,0
5987040,83209,1,0,1
3629952,83210,1,0,1
1212016,83211,1,0,1
1178512,83212,1,1,0
6981800,83213,1,0,1
2529592,83214,1,1,0
1479528,83215,1,0,1
1131000,83216,1,0,1
6606848,83217,1,0,1
1942760,83218,1,0,1
540608,83219,1,1,0
337728,83220,1,0,1
3676424,83221,1,0,1
1467984,83222,1,0,1
2103456,83223,1,1,0
2384576,83224,1,1,0
891456,83225,1,0,1
8235552,83226,1,1,0
2501944,83227,1,0,1
5024120,83228,1,0,1
844280,83229,1,1,0
561808,83230,1,0,1
141920,83231,1,0,1
6801128,83232,1,0,1
362896,83233,1,0,1
5271520,83234,1,1,0
1668648,83235,1,0,1
3337000,83236,1,1,0
7419984,83237,1,0,1
2126504,83238,1,1,0
4394520,83239,1,0,1
701256,83240,1,1,0
6614760,83241,1,1,0
7224424,83242,1,1,0
7684880,83243,1,0,1
1610952,83244,1,0,1
3288480,83245,1,1,0
3839376,83246,1,0,1
5037808,83247,1,1,0
378296,83248,1,1,0
838184,83249,1,0,1
6480664,83250,1,0,1
2416360,83251,1,1,0
3999128,83252,1,1,0
4835656,83253,1,0,1
1264592,83254,1,0,1
527720,83255,1,1,0
512424,83256,1,1,0
5545032,83257,1,1,0
7036200,83258,1,0,1
5719968,83259,1,1,0
1695352,83260,1,1,0
1909456,83261,1,1,0
4667608,83262,1,0,1
195488,83263,1,1,0
4126112,83264,1,1,0
377880,83265,1,1,0
276544,83266,1,1,0
3873848,83267,1,1,0
229552,83268,1,1,0
1118056,83269,1,1,0
283440,83270,1,0,1
407944,83271,1,0,1
7006152,83272,1,1,0
2114744,83273,1,1,0
286344,83274,1,0,1
3422552,83275,1,1,0
865952,83276,1,0,1
319752,83277,1,0,1
2345424,83278,1,1,0
3996496,83279,1,0,1
1853720,83280,1,0,1
3901728,83281,1,0,1
154480,83282,1,1,0
2329824,83283,1,1,0
3363912,83284,1,1,0
3378120,83285,1,0,1
511912,83286,1,0,1
6294008,83287,1,0,1
864728,83288,1,0,1
6073160,83289,1,0,1
3116272,83290,1,0,1
327400,83291,1,1,0
5214912,83292,1,1,0
3905168,83293,1,0,1
2906048,83294,1,0,1
339648,83295,1,1,0
647248,83296,1,1,0
8285808,83297,1,0,1
2845816,83298,1,1,0
715752,83299,1,1,0
7840968,83300,1,0,1
1389304,83301,1,0,1
1421552,83302,1,1,0
1905960,83303,1,0,1
493088,83304,1,1,0
7360128,83305,1,0,1
1245760,83306,1,0,1
1920184,83307,1,1,0
4607928,83308,1,0,1
5734808,83309,1,0,1
4470728,83310,1,0,1
2414792,83311,1,1,0
471968,83312,1,1,0
7664600,83313,1,1,0
504544,83314,1,1,0
3177312,83315,1,1,0
2531048,83316,1,0,1
6521744,83317,1,1,0
1137768,83318,1,1,0
827792,83319,1,1,0
630256,83320,1,1,0
871840,83321,1,0,1
498480,83322,1,1,0
940080,83323,1,1,0
7732568,83324,1,1,0
578720,83325,1,1,0
4921976,83326,1,0,1
8369696,83327,1,0,1
5764216,83328,1,0,1
135280,83329,1,0,1
1146440,83330,1,1,0
6016648,83331,1,0,1
708328,83332,1,0,1
3094776,83333,1,0,1
2016056,83334,1,1,0
4827976,83335,1,1,0
2079280,83336,1,0,1
715888,83337,1,1,0
2106984,83338,1,0,1
939664,83339,1,0,1
7469288,83340,1,1,0
4887800,83341,1,0,1
5437856,83342,1,1,0
5076176,83343,1,0,1
1576856,83344,1,1,0
3154840,83345,1,1,0
3686064,83346,1,0,1
269256,83347,1,1,0
6106416,83348,1,1,0
8077592,83349,1,1,0
1073832,83350,1,0,1
85984,83351,1,1,0
466712,83352,1,0,1
8347280,83353,1,0,1
5129376,83354,1,0,1
6351272,83355,1,1,0
1981416,83356,1,1,0
2853640,83357,1,1,0
159576,83358,1,0,1
6205584,83359,1,1,0
2065640,83360,1,0,1
5634984,83361,1,1,0
3735920,83362,1,0,1
895112,83363,1,1,0
3361328,83364,1,0,1
5724896,83365,1,0,1
326200,83366,1,0,1
2670200,83367,1,0,1
4165232,83368,1,0,1
1281328,83369,1,1,0
2281056,83370,1,1,0
1091408,83371,1,0,1
384968,83372,1,1,0
3400176,83373,1,1,0
4788448,83374,1,1,0
2136776,83375,1,0,1
2181616,83376,1,0,1
426256,83377,1,1,0
308912,83378,1,0,1
3671984,83379,1,1,0
2672352,83380,1,1,0
5545848,83381,1,1,0
1380816,83382,1,1,0
2091936,83383,1,1,0
1027920,83384,1,1,0
7123304,83385,1,1,0
1002264,83386,1,0,1
1225480,83387,1,0,1
3753672,83388,1,1,0
1566048,83389,1,0,1
1788472,83390,1,1,0
6922112,83391,1,0,1
3519824,83392,1,0,1
6130488,83393,1,1,0
564832,83394,1,0,1
1175648,83395,1,0,1
8112096,83396,1,1,0
2303096,83397,1,0,1
6373856,83398,1,1,0
1165784,83399,1,1,0
4832168,83400,1,1,0
8060176,83401,1,1,0
277816,83402,1,0,1
1597448,83403,1,0,1
6128136,83404,1,1,0
1002432,83405,1,1,0
5753024,83406,1,1,0
4946304,83407,1,1,0
1726320,83408,1,0,1
3729488,83409,1,0,1
2836704,83410,1,0,1
3000120,83411,1,0,1
1366232,83412,1,0,1
4086024,83413,1,0,1
1874920,83414,1,0,1
5455424,83415,1,1,0
1882224,83416,1,1,0
315344,83417,1,1,0
850056,83418,1,1,0
5007976,83419,1,1,0
1128592,83420,1,0,1
5903736,83421,1,0,1
7449632,83422,1,0,1
7878144,83423,1,1,0
5848104,83424,1,1,0
931280,83425,1,0,1
4278936,83426,1,1,0
3112288,83427,1,0,1
5488704,83428,1,1,0
3714280,83429,1,0,1
732424,83430,1,0,1
420888,83431,1,1,0
1888584,83432,1,1,0
3096304,83433,1,0,1
6014728,83434,1,1,0
1517216,83435,1,1,0
2747640,83436,1,1,0
299416,83437,1,0,1
1222704,83438,1,0,1
923856,83439,1,0,1
6459304,83440,1,0,1
398440,83441,1,0,1
641424,83442,1,1,0
532040,83443,1,0,1
2727360,83444,1,0,1
1742576,83445,1,1,0
6646472,83446,1,0,1
2084656,83447,1,1,0
1139120,83448,1,0,1
5847144,83449,1,1,0
2955744,83450,1,1,0
1138992,83451,1,1,0
1832824,83452,1,1,0
2156008,83453,1,1,0
1648152,83454,1,1,0
5163304,83455,1,0,1
5273256,83456,1,1,0
4964912,83457,1,0,1
4663496,83458,1,0,1
3625800,83459,1,1,0
302896,83460,1,0,1
816112,83461,1,0,1
3830944,83462,1,0,1
5176416,83463,1,0,1
2525264,83464,1,0,1
6334768,83465,1,0,1
415720,83466,1,1,0
4316824,83467,1,0,1
5995952,83468,1,1,0
1416032,83469,1,1,0
1192232,83470,1,1,0
7413624,83471,1,1,0
1811760,83472,1,0,1
7769544,83473,1,0,1
1530664,83474,1,1,0
1784560,83475,1,1,0
2130416,83476,1,1,0
6317520,83477,1,0,1
6022040,83478,1,0,1
1572728,83479,1,0,1
601552,83480,1,0,1
472712,83481,1,1,0
1678848,83482,1,0,1
2826272,83483,1,0,1
8001448,83484,1,1,0
881888,83485,1,0,1
1104048,83486,1,1,0
1079192,83487,1,0,1
2117376,83488,1,1,0
1074952,83489,1,1,0
5225336,83490,1,1,0
2209440,83491,1,1,0
3915512,83492,1,1,0
3322912,83493,1,1,0
1752360,83494,1,0,1
2750936,83495,1,0,1
1627712,83496,1,1,0
1723648,83497,1,0,1
2237576,83498,1,0,1
6029504,83499,1,1,0
3009944,83500,1,1,0
385144,83501,1,1,0
1936096,83502,1,1,0
355152,83503,1,1,0
719272,83504,1,0,1
952424,83505,1,0,1
1325536,83506,1,0,1
5927128,83507,1,1,0
2627752,83508,1,0,1
510448,83509,1,0,1
563088,83510,1,0,1
6551136,83511,1,0,1
3506336,83512,1,1,0
4809368,83513,1,1,0
5963216,83514,1,1,0
1280880,83515,1,0,1
1627584,83516,1,0,1
853384,83517,1,0,1
7001888,83518,1,1,0
1465368,83519,1,0,1
5115664,83520,1,0,1
2588840,83521,1,1,0
2342384,83522,1,1,0
2084184,83523,1,0,1
2666856,83524,1,1,0
3450688,83525,1,1,0
1541936,83526,1,1,0
566888,83527,1,0,1
4759656,83528,1,0,1
4938136,83529,1,1,0
1660920,83530,1,1,0
829280,83531,1,0,1
6764496,83532,1,0,1
424128,83533,1,1,0
7715392,83534,1,0,1
975424,83535,1,1,0
1465680,83536,1,0,1
396640,83537,1,1,0
8311448,83538,1,0,1
254264,83539,1,1,0
5566056,83540,1,0,1
2179688,83541,1,0,1
3777640,83542,1,1,0
3662816,83543,1,0,1
347152,83544,1,0,1
3905184,83545,1,1,0
3395984,83546,1,1,0
853880,83547,1,0,1
354512,83548,1,1,0
4173320,83549,1,1,0
2216248,83550,1,1,0
6780744,83551,1,1,0
7812776,83552,1,0,1
4213920,83553,1,0,1
5845368,83554,1,1,0
1076936,83555,1,1,0
4144264,83556,1,1,0
1128296,83557,1,1,0
2617488,83558,1,0,1
8329464,83559,1,0,1
3139416,83560,1,0,1
5502368,83561,1,0,1
2784384,83562,1,1,0
1735576,83563,1,1,0
6527432,83564,1,0,1
448000,83565,1,0,1
2260512,83566,1,0,1
1647048,83567,1,0,1
1162032,83568,1,0,1
348096,83569,1,1,0
905504,83570,1,1,0
4729568,83571,1,1,0
2316016,83572,1,0,1
266368,83573,1,0,1
5692720,83574,1,1,0
7963592,83575,1,1,0
5347720,83576,1,0,1
3882928,83577,1,1,0
117680,83578,1,1,0
644312,83579,1,1,0
1200352,83580,1,0,1
1347448,83581,1,0,1
3043712,83582,1,1,0
868184,83583,1,0,1
7524360,83584,1,0,1
1646976,83585,1,0,1
3268656,83586,1,1,0
1940496,83587,1,0,1
2455808,83588,1,0,1
7099440,83589,1,1,0
385912,83590,1,0,1
774256,83591,1,1,0
7134296,83592,1,1,0
5535952,83593,1,0,1
294000,83594,1,1,0
740128,83595,1,1,0
777632,83596,1,0,1
330304,83597,1,0,1
2909216,83598,1,0,1
1345808,83599,1,0,1
7660952,83600,1,0,1
2204616,83601,1,0,1
1011176,83602,1,0,1
6517232,83603,1,0,1
1249248,83604,1,0,1
5380224,83605,1,1,0
7507152,83606,1,1,0
146456,83607,1,1,0
4104160,83608,1,1,0
320440,83609,1,0,1
2692704,83610,1,0,1
2044992,83611,1,1,0
1784816,83612,1,0,1
134976,83613,1,1,0
6154688,83614,1,0,1
2408688,83615,1,0,1
3680592,83616,1,0,1
432168,83617,1,0,1
1890896,83618,1,1,0
3327824,83619,1,0,1
417272,83620,1,1,0
799056,83621,1,1,0
2873872,83622,1,1,0
354304,83623,1,0,1
3684056,83624,1,1,0
2072984,83625,1,0,1
7180968,83626,1,0,1
1369936,83627,1,0,1
1208088,83628,1,1,0
4829616,83629,1,1,0
1113632,83630,1,0,1
6606824,83631,1,0,1
7175680,83632,1,0,1
2828400,83633,1,1,0
1414928,83634,1,1,0
4224176,83635,1,1,0
2927224,83636,1,0,1
2622176,83637,1,0,1
3047088,83638,1,1,0
3758040,83639,1,1,0
3106592,83640,1,0,1
789056,83641,1,0,1
3090272,83642,1,0,1
1157232,83643,1,1,0
2100392,83644,1,1,0
258560,83645,1,0,1
1162264,83646,1,0,1
3402584,83647,1,1,0
914184,83648,1,1,0
1153208,83649,1,1,0
1033488,83650,1,0,1
2425664,83651,1,0,1
2447560,83652,1,1,0
5634168,83653,1,1,0
837384,83654,1,0,1
4138592,83655,1,1,0
2025824,83656,1,1,0
5102584,83657,1,0,1
6043696,83658,1,0,1
2868256,83659,1,0,1
4382576,83660,1,0,1
1536832,83661,1,0,1
1066560,83662,1,0,1
1938024,83663,1,0,1
4723592,83664,1,0,1
6392040,83665,1,1,0
5008088,83666,1,0,1
4676672,83667,1,1,0
5736384,83668,1,1,0
2767664,83669,1,1,0
820784,83670,1,1,0
2337024,83671,1,1,0
1503504,83672,1,0,1
6534296,83673,1,1,0
1278656,83674,1,0,1
365976,83675,1,0,1
4475488,83676,1,0,1
4937280,83677,1,0,1
1872920,83678,1,1,0
1024136,83679,1,0,1
842552,83680,1,0,1
1829264,83681,1,1,0
1437472,83682,1,1,0
519328,83683,1,0,1
6790656,83684,1,0,1
2906136,83685,1,1,0
4941872,83686,1,0,1
2517872,83687,1,0,1
274752,83688,1,0,1
7510560,83689,1,1,0
1247248,83690,1,1,0
784816,83691,1,0,1
3571096,83692,1,0,1
596280,83693,1,1,0
330896,83694,1,1,0
5230176,83695,1,1,0
8150824,83696,1,1,0
3915616,83697,1,0,1
5320344,83698,1,1,0
2915472,83699,1,0,1
2349872,83700,1,1,0
317288,83701,1,0,1
595576,83702,1,1,0
908936,83703,1,1,0
2085336,83704,1,1,0
7159416,83705,1,1,0
7938408,83706,1,0,1
1758632,83707,1,1,0
4442744,83708,1,1,0
6841904,83709,1,1,0
302504,83710,1,1,0
656392,83711,1,0,1
7362752,83712,1,1,0
2057232,83713,1,0,1
1959184,83714,1,0,1
5674928,83715,1,1,0
3635392,83716,1,0,1
5639088,83717,1,1,0
271280,83718,1,1,0
3829712,83719,1,0,1
297376,83720,1,1,0
178000,83721,1,0,1
313768,83722,1,0,1
4528848,83723,1,1,0
3761288,83724,1,1,0
3666824,83725,1,1,0
1388904,83726,1,0,1
2840888,83727,1,0,1
4506568,83728,1,0,1
1826280,83729,1,1,0
3660288,83730,1,0,1
306992,83731,1,1,0
2247584,83732,1,0,1
133200,83733,1,1,0
1861912,83734,1,1,0
4045584,83735,1,0,1
1917688,83736,1,0,1
195064,83737,1,1,0
733208,83738,1,1,0
1744704,83739,1,0,1
7400472,83740,1,0,1
5327240,83741,1,0,1
3250824,83742,1,0,1
885328,83743,1,0,1
7955552,83744,1,0,1
4057816,83745,1,0,1
1324384,83746,1,0,1
3413056,83747,1,1,0
1135584,83748,1,1,0
2560560,83749,1,0,1
1300240,83750,1,0,1
3704608,83751,1,1,0
4521376,83752,1,1,0
7819296,83753,1,0,1
2511808,83754,1,1,0
4966016,83755,1,1,0
5124608,83756,1,1,0
888088,83757,1,0,1
354552,83758,1,1,0
4188096,83759,1,1,0
1720680,83760,1,0,1
6101080,83761,1,1,0
3485840,83762,1,0,1
595944,83763,1,0,1
1200360,83764,1,1,0
1424400,83765,1,0,1
1076216,83766,1,1,0
4094688,83767,1,1,0
3321024,83768,1,0,1
6920640,83769,1,1,0
1032488,83770,1,1,0
6862792,83771,1,1,0
646808,83772,1,1,0
3166216,83773,1,0,1
713872,83774,1,1,0
679880,83775,1,0,1
1722896,83776,1,1,0
1708880,83777,1,1,0
668616,83778,1,1,0
1144464,83779,1,0,1
5411768,83780,1,0,1
5689696,83781,1,1,0
754464,83782,1,1,0
2710056,83783,1,1,0
6529760,83784,1,1,0
2881392,83785,1,0,1
2555472,83786,1,1,0
622920,83787,1,1,0
1890456,83788,1,1,0
7025840,83789,1,1,0
5179600,83790,1,1,0
1169352,83791,1,0,1
5824816,83792,1,1,0
1482592,83793,1,1,0
6909008,83794,1,1,0
688776,83795,1,0,1
2368168,83796,1,0,1
5132744,83797,1,0,1
1829360,83798,1,1,0
678912,83799,1,0,1
820984,83800,1,0,1
2770088,83801,1,0,1
1176792,83802,1,0,1
987520,83803,1,1,0
1311592,83804,1,1,0
331496,83805,1,1,0
4028480,83806,1,1,0
1665824,83807,1,1,0
1632728,83808,1,1,0
8188240,83809,1,1,0
4481224,83810,1,1,0
498288,83811,1,0,1
3690936,83812,1,0,1
773720,83813,1,1,0
386448,83814,1,0,1
1546728,83815,1,0,1
2530592,83816,1,0,1
1613800,83817,1,0,1
6256976,83818,1,0,1
3257960,83819,1,1,0
1045024,83820,1,1,0
4043672,83821,1,1,0
3774536,83822,1,0,1
356880,83823,1,0,1
1178264,83824,1,1,0
1823040,83825,1,1,0
6454712,83826,1,1,0
272400,83827,1,0,1
1657120,83828,1,0,1
1407152,83829,1,0,1
5025136,83830,1,0,1
1786456,83831,1,1,0
116584,83832,1,1,0
572592,83833,1,0,1
7671032,83834,1,1,0
3989056,83835,1,0,1
1402752,83836,1,0,1
5084208,83837,1,1,0
2103872,83838,1,1,0
5506144,83839,1,0,1
3256904,83840,1,0,1
5253008,83841,1,0,1
3487632,83842,1,0,1
4977816,83843,1,1,0
3712304,83844,1,0,1
7678304,83845,1,0,1
864520,83846,1,0,1
3795160,83847,1,1,0
610664,83848,1,0,1
960600,83849,1,0,1
1874600,83850,1,1,0
266520,83851,1,1,0
5278448,83852,1,1,0
1551728,83853,1,1,0
7498400,83854,1,0,1
3774056,83855,1,0,1
577872,83856,1,1,0
4161400,83857,1,0,1
453768,83858,1,0,1
5479712,83859,1,1,0
5599872,83860,1,0,1
143304,83861,1,1,0
1264272,83862,1,1,0
7814640,83863,1,1,0
1356656,83864,1,0,1
589112,83865,1,1,0
5840608,83866,1,1,0
3320968,83867,1,1,0
6127872,83868,1,0,1
3843448,83869,1,1,0
1526072,83870,1,0,1
785856,83871,1,1,0
5045208,83872,1,0,1
389648,83873,1,1,0
7649008,83874,1,1,0
8265672,83875,1,1,0
1572568,83876,1,1,0
2306280,83877,1,1,0
1364392,83878,1,0,1
751224,83879,1,1,0
6219256,83880,1,1,0
1165640,83881,1,0,1
506448,83882,1,1,0
4464800,83883,1,0,1
5754288,83884,1,1,0
1389720,83885,1,1,0
3820600,83886,1,0,1
1000200,83887,1,1,0
1891952,83888,1,0,1
5183312,83889,1,0,1
1784744,83890,1,0,1
295600,83891,1,1,0
5699392,83892,1,1,0
3293744,83893,1,1,0
937112,83894,1,0,1
721768,83895,1,1,0
2818800,83896,1,1,0
4371600,83897,1,1,0
583928,83898,1,0,1
1462912,83899,1,1,0
5816088,83900,1,1,0
3339136,83901,1,0,1
1438200,83902,1,1,0
1252168,83903,1,1,0
7510944,83904,1,1,0
1734392,83905,1,0,1
531008,83906,1,0,1
3147360,83907,1,0,1
4245360,83908,1,0,1
832416,83909,1,0,1
6766664,83910,1,0,1
1177320,83911,1,1,0
7701328,83912,1,1,0
121232,83913,1,1,0
4717632,83914,1,0,1
3175264,83915,1,1,0
1455264,83916,1,0,1
1722960,83917,1,0,1
794520,83918,1,1,0
3216112,83919,1,0,1
999312,83920,1,0,1
996144,83921,1,0,1
906936,83922,1,1,0
5259400,83923,1,0,1
192112,83924,1,1,0
2204280,83925,1,1,0
5674168,83926,1,1,0
958840,83927,1,1,0
273816,83928,1,1,0
272416,83929,1,0,1
529536,83930,1,0,1
4140824,83931,1,0,1
3419688,83932,1,1,0
1085288,83933,1,0,1
4004320,83934,1,1,0
2510808,83935,1,1,0
6376552,83936,1,1,0
4430728,83937,1,0,1
292872,83938,1,1,0
7163208,83939,1,0,1
272160,83940,1,1,0
4119752,83941,1,0,1
350112,83942,1,1,0
1157080,83943,1,1,0
810088,83944,1,1,0
2553336,83945,1,0,1
8301984,83946,1,0,1
4894472,83947,1,1,0
1500440,83948,1,1,0
4789128,83949,1,0,1
730984,83950,1,0,1
3170672,83951,1,1,0
741936,83952,1,0,1
7262200,83953,1,1,0
4178408,83954,1,0,1
570912,83955,1,1,0
2688840,83956,1,1,0
8347024,83957,1,0,1
2029144,83958,1,1,0
1243448,83959,1,1,0
4029128,83960,1,0,1
4259936,83961,1,0,1
217648,83962,1,0,1
198872,83963,1,1,0
796224,83964,1,0,1
2993224,83965,1,0,1
6456328,83966,1,1,0
4596560,83967,1,1,0
704176,83968,1,0,1
7766792,83969,1,0,1
3700576,83970,1,0,1
598792,83971,1,1,0
670400,83972,1,0,1
7502264,83973,1,1,0
946544,83974,1,0,1
3533544,83975,1,0,1
7389088,83976,1,1,0
1396504,83977,1,1,0
955032,83978,1,1,0
1024976,83979,1,0,1
1753504,83980,1,1,0
6235776,83981,1,1,0
964352,83982,1,1,0
749504,83983,1,0,1
4280640,83984,1,1,0
3851312,83985,1,1,0
5400216,83986,1,0,1
7730264,83987,1,0,1
3109040,83988,1,1,0
2466424,83989,1,0,1
617808,83990,1,0,1
2067968,83991,1,1,0
1227584,83992,1,0,1
202808,83993,1,1,0
1800176,83994,1,1,0
7373856,83995,1,0,1
8238920,83996,1,1,0
531504,83997,1,0,1
3256416,83998,1,0,1
7569280,83999,1,0,1
5164984,84000,1,0,1
1087608,84001,1,1,0
1360280,84002,1,1,0
5705312,84003,1,0,1
2091144,84004,1,0,1
2859784,84005,1,0,1
2117064,84006,1,1,0
496680,84007,1,0,1
1437112,84008,1,0,1
3494912,84009,1,1,0
299736,84010,1,0,1
3595608,84011,1,0,1
460768,84012,1,0,1
2639392,84013,1,1,0
178856,84014,1,1,0
8201528,84015,1,0,1
586824,84016,1,1,0
5048704,84017,1,1,0
427368,84018,1,0,1
809248,84019,1,1,0
7157512,84020,1,1,0
2181592,84021,1,0,1
6483208,84022,1,0,1
1852280,84023,1,0,1
6771096,84024,1,1,0
2916688,84025,1,1,0
3982128,84026,1,1,0
830136,84027,1,1,0
2091208,84028,1,1,0
868040,84029,1,1,0
4034352,84030,1,1,0
2849696,84031,1,0,1
1025432,84032,1,0,1
2598304,84033,1,1,0
6616576,84034,1,1,0
579664,84035,1,1,0
2064592,84036,1,0,1
778320,84037,1,1,0
2275216,84038,1,1,0
831848,84039,1,1,0
419824,84040,1,0,1
5662480,84041,1,1,0
3557800,84042,1,0,1
2042744,84043,1,1,0
615824,84044,1,1,0
7347416,84045,1,1,0
2238400,84046,1,0,1
7978952,84047,1,1,0
3344848,84048,1,1,0
3596864,84049,1,0,1
1342672,84050,1,0,1
2850080,84051,1,0,1
2821160,84052,1,1,0
5545576,84053,1,0,1
6609568,84054,1,0,1
1037880,84055,1,0,1
559752,84056,1,1,0
654368,84057,1,0,1
6887472,84058,1,0,1
8064544,84059,1,0,1
2002528,84060,1,1,0
2172424,84061,1,1,0
2054672,84062,1,1,0
245968,84063,1,0,1
7049448,84064,1,0,1
877976,84065,1,0,1
1481344,84066,1,0,1
725160,84067,1,0,1
3934208,84068,1,0,1
4087952,84069,1,0,1
298128,84070,1,0,1
625656,84071,1,0,1
5310528,84072,1,0,1
5543144,84073,1,0,1
960936,84074,1,1,0
6079864,84075,1,1,0
1417216,84076,1,0,1
3523144,84077,1,0,1
2651112,84078,1,0,1
2346552,84079,1,0,1
4135128,84080,1,1,0
1942136,84081,1,0,1
309584,84082,1,0,1
2642184,84083,1,0,1
1275040,84084,1,1,0
3796824,84085,1,1,0
7961808,84086,1,0,1
7075160,84087,1,0,1
3802016,84088,1,1,0
810096,84089,1,1,0
1451696,84090,1,0,1
2041208,84091,1,0,1
4684016,84092,1,1,0
1919176,84093,1,1,0
8193192,84094,1,1,0
5121144,84095,1,0,1
1029056,84096,1,0,1
454592,84097,1,1,0
4111280,84098,1,0,1
3385848,84099,1,0,1
3276000,84100,1,1,0
1664824,84101,1,1,0
1091984,84102,1,0,1
617184,84103,1,0,1
442552,84104,1,0,1
1276144,84105,1,1,0
840120,84106,1,0,1
5722232,84107,1,1,0
745528,84108,1,1,0
760376,84109,1,1,0
2417464,84110,1,0,1
57640,84111,1,0,1
1636672,84112,1,0,1
767232,84113,1,0,1
4190256,84114,1,1,0
1279048,84115,1,1,0
689064,84116,1,0,1
4834832,84117,1,1,0
290304,84118,1,0,1
1843424,84119,1,0,1
1293456,84120,1,1,0
3095072,84121,1,0,1
4613272,84122,1,0,1
431760,84123,1,1,0
4473232,84124,1,0,1
8065608,84125,1,1,0
1771608,84126,1,1,0
1321912,84127,1,0,1
1900384,84128,1,1,0
1233912,84129,1,1,0
3525776,84130,1,0,1
3501288,84131,1,0,1
586456,84132,1,0,1
586144,84133,1,0,1
659368,84134,1,1,0
818008,84135,1,0,1
1056328,84136,1,0,1
368928,84137,1,0,1
6631952,84138,1,1,0
5570312,84139,1,1,0
1083944,84140,1,1,0
1259856,84141,1,1,0
2322600,84142,1,0,1
658784,84143,1,1,0
1424664,84144,1,0,1
603512,84145,1,1,0
1385176,84146,1,0,1
2501928,84147,1,0,1
4294376,84148,1,0,1
231680,84149,1,0,1
2904304,84150,1,0,1
5452608,84151,1,1,0
6640120,84152,1,0,1
1453392,84153,1,0,1
3053560,84154,1,1,0
497032,84155,1,0,1
6207712,84156,1,0,1
2970648,84157,1,1,0
479832,84158,1,0,1
2113312,84159,1,1,0
1070200,84160,1,1,0
1332088,84161,1,1,0
8270304,84162,1,1,0
190664,84163,1,1,0
321672,84164,1,0,1
1718832,84165,1,1,0
1880456,84166,1,0,1
2276432,84167,1,1,0
1267672,84168,1,1,0
4895320,84169,1,0,1
1464320,84170,1,0,1
1332688,84171,1,1,0
377624,84172,1,0,1
7889512,84173,1,1,0
2195680,84174,1,1,0
1773784,84175,1,0,1
2181496,84176,1,0,1
684248,84177,1,1,0
1166656,84178,1,0,1
1994648,84179,1,1,0
1358880,84180,1,0,1
111992,84181,1,1,0
3905104,84182,1,0,1
1042336,84183,1,1,0
3038536,84184,1,0,1
7450096,84185,1,1,0
6622384,84186,1,1,0
1376504,84187,1,0,1
2379544,84188,1,1,0
4727600,84189,1,1,0
6188160,84190,1,0,1
598384,84191,1,1,0
5329544,84192,1,0,1
1241552,84193,1,0,1
476968,84194,1,0,1
5646944,84195,1,1,0
227184,84196,1,0,1
3255456,84197,1,1,0
3668576,84198,1,0,1
1853920,84199,1,1,0
7703616,84200,1,0,1
5939952,84201,1,0,1
7276040,84202,1,0,1
7918312,84203,1,1,0
2238760,84204,1,0,1
3674040,84205,1,1,0
3811776,84206,1,0,1
225248,84207,1,1,0
7191832,84208,1,1,0
7946648,84209,1,1,0
5093048,84210,1,0,1
5192680,84211,1,0,1
988656,84212,1,0,1
666048,84213,1,0,1
5442072,84214,1,0,1
1282336,84215,1,1,0
2720856,84216,1,1,0
1431704,84217,1,0,1
715928,84218,1,0,1
592728,84219,1,0,1
5209248,84220,1,1,0
1816064,84221,1,1,0
6588200,84222,1,1,0
486784,84223,1,0,1
2621864,84224,1,1,0
4105616,84225,1,1,0
7376256,84226,1,0,1
2658352,84227,1,1,0
751880,84228,1,0,1
1126128,84229,1,0,1
953320,84230,1,1,0
7135696,84231,1,1,0
4598496,84232,1,0,1
6773112,84233,1,0,1
206688,84234,1,0,1
1103936,84235,1,1,0
1793608,84236,1,0,1
642952,84237,1,1,0
3725376,84238,1,0,1
3673272,84239,1,0,1
7779280,84240,1,1,0
6667920,84241,1,0,1
3820280,84242,1,0,1
445608,84243,1,1,0
1800896,84244,1,0,1
6281848,84245,1,1,0
3549672,84246,1,0,1
2005200,84247,1,1,0
1832496,84248,1,1,0
2270328,84249,1,1,0
1784984,84250,1,1,0
2839232,84251,1,0,1
3772560,84252,1,0,1
5544416,84253,1,0,1
5531584,84254,1,0,1
491984,84255,1,0,1
4392272,84256,1,1,0
1456064,84257,1,0,1
491944,84258,1,1,0
2772160,84259,1,0,1
3076552,84260,1,1,0
6397400,84261,1,1,0
7531456,84262,1,0,1
7761568,84263,1,0,1
4214888,84264,1,1,0
610488,84265,1,1,0
495120,84266,1,0,1
1524856,84267,1,1,0
2398136,84268,1,1,0
2882800,84269,1,1,0
1738240,84270,1,0,1
4097536,84271,1,0,1
6981552,84272,1,1,0
959712,84273,1,0,1
327288,84274,1,0,1
1675808,84275,1,0,1
2751192,84276,1,1,0
2305048,84277,1,0,1
745272,84278,1,1,0
3086632,84279,1,1,0
2610136,84280,1,1,0
1938048,84281,1,0,1
184792,84282,1,1,0
3125400,84283,1,0,1
406768,84284,1,0,1
3384440,84285,1,1,0
1776528,84286,1,1,0
7903024,84287,1,0,1
792216,84288,1,0,1
1290624,84289,1,0,1
1644264,84290,1,0,1
5195560,84291,1,1,0
1518240,84292,1,0,1
7432048,84293,1,1,0
2583632,84294,1,0,1
508152,84295,1,1,0
851960,84296,1,1,0
6225056,84297,1,0,1
2200808,84298,1,1,0
707792,84299,1,0,1
5955200,84300,1,1,0
554728,84301,1,0,1
2369840,84302,1,0,1
246528,84303,1,1,0
7586944,84304,1,1,0
3879056,84305,1,1,0
5325216,84306,1,0,1
7917296,84307,1,0,1
2739224,84308,1,0,1
4829216,84309,1,1,0
6535088,84310,1,1,0
2620488,84311,1,0,1
3942232,84312,1,1,0
2907968,84313,1,1,0
407336,84314,1,0,1
6798896,84315,1,1,0
1145984,84316,1,1,0
5690504,84317,1,1,0
2657200,84318,1,1,0
3281864,84319,1,0,1
4424864,84320,1,1,0
8240904,84321,1,0,1
3472520,84322,1,1,0
3126472,84323,1,1,0
4079024,84324,1,1,0
461104,84325,1,0,1
6475176,84326,1,0,1
4275472,84327,1,1,0
1841680,84328,1,0,1
4375176,84329,1,0,1
6401360,84330,1,0,1
4208704,84331,1,0,1
787896,84332,1,0,1
3721368,84333,1,0,1
5083352,84334,1,1,0
5430904,84335,1,1,0
228088,84336,1,0,1
274920,84337,1,0,1
5087952,84338,1,1,0
4382192,84339,1,0,1
4914504,84340,1,0,1
3729128,84341,1,0,1
1826312,84342,1,1,0
683896,84343,1,0,1
2008832,84344,1,1,0
6265960,84345,1,0,1
2401120,84346,1,1,0
4632208,84347,1,0,1
4698208,84348,1,1,0
531264,84349,1,0,1
7915960,84350,1,0,1
393464,84351,1,0,1
1280952,84352,1,0,1
4056816,84353,1,0,1
1580680,84354,1,0,1
5558992,84355,1,0,1
194384,84356,1,1,0
7036224,84357,1,1,0
1417984,84358,1,1,0
4182408,84359,1,1,0
1658560,84360,1,0,1
1238560,84361,1,0,1
6700160,84362,1,0,1
630104,84363,1,1,0
797952,84364,1,0,1
4548376,84365,1,1,0
8295240,84366,1,0,1
4181072,84367,1,0,1
2743840,84368,1,1,0
3681520,84369,1,0,1
2306864,84370,1,1,0
535360,84371,1,1,0
487216,84372,1,1,0
6520904,84373,1,0,1
3548528,84374,1,0,1
3879168,84375,1,1,0
1882608,84376,1,1,0
1656768,84377,1,1,0
2469624,84378,1,0,1
3623152,84379,1,1,0
1648296,84380,1,1,0
661976,84381,1,1,0
5258328,84382,1,0,1
816064,84383,1,1,0
3078200,84384,1,1,0
655848,84385,1,0,1
3481776,84386,1,1,0
1447640,84387,1,0,1
6618728,84388,1,1,0
978192,84389,1,1,0
1720360,84390,1,1,0
1888520,84391,1,1,0
449720,84392,1,1,0
522784,84393,1,0,1
2399952,84394,1,1,0
1009344,84395,1,1,0
2851048,84396,1,0,1
2359904,84397,1,0,1
471960,84398,1,0,1
385536,84399,1,0,1
546496,84400,1,0,1
3784720,84401,1,0,1
1455288,84402,1,1,0
2323768,84403,1,1,0
1709680,84404,1,1,0
829264,84405,1,0,1
4786368,84406,1,1,0
3546312,84407,1,1,0
4686640,84408,1,0,1
1572008,84409,1,0,1
7364248,84410,1,0,1
5743816,84411,1,0,1
612416,84412,1,0,1
691104,84413,1,0,1
4022360,84414,1,1,0
1328360,84415,1,1,0
5656384,84416,1,1,0
3095184,84417,1,0,1
2889120,84418,1,0,1
5919696,84419,1,0,1
5627984,84420,1,1,0
1098096,84421,1,0,1
2551592,84422,1,1,0
316384,84423,1,0,1
979752,84424,1,1,0
1407360,84425,1,1,0
2934288,84426,1,0,1
241568,84427,1,1,0
787464,84428,1,0,1
7965544,84429,1,1,0
5594272,84430,1,0,1
3788384,84431,1,0,1
4892720,84432,1,0,1
6997752,84433,1,1,0
6570160,84434,1,0,1
3779464,84435,1,0,1
817576,84436,1,1,0
1415808,84437,1,0,1
1623992,84438,1,1,0
1138728,84439,1,1,0
966192,84440,1,0,1
7424504,84441,1,0,1
2327456,84442,1,0,1
4343736,84443,1,1,0
856384,84444,1,0,1
2559416,84445,1,0,1
619656,84446,1,0,1
1865704,84447,1,1,0
6844448,84448,1,1,0
668824,84449,1,1,0
710328,84450,1,1,0
3046040,84451,1,1,0
4216224,84452,1,0,1
3836328,84453,1,1,0
3949016,84454,1,1,0
183800,84455,1,0,1
1269456,84456,1,1,0
272832,84457,1,1,0
6252296,84458,1,0,1
2934048,84459,1,0,1
143792,84460,1,0,1
4523928,84461,1,0,1
666008,84462,1,1,0
104936,84463,1,1,0
685920,84464,1,0,1
6635968,84465,1,1,0
6590672,84466,1,1,0
3883168,84467,1,0,1
1142552,84468,1,1,0
1456344,84469,1,1,0
6281696,84470,1,1,0
7835032,84471,1,1,0
1737080,84472,1,0,1
465408,84473,1,1,0
4437784,84474,1,1,0
6903344,84475,1,0,1
260456,84476,1,1,0
3707840,84477,1,0,1
2812872,84478,1,1,0
583312,84479,1,0,1
2075640,84480,1,1,0
3382256,84481,1,0,1
1351528,84482,1,1,0
2870448,84483,1,1,0
2651656,84484,1,1,0
1837912,84485,1,0,1
1900224,84486,1,0,1
1126448,84487,1,0,1
7826688,84488,1,1,0
682640,84489,1,0,1
2765872,84490,1,1,0
2204896,84491,1,0,1
3977264,84492,1,0,1
648864,84493,1,1,0
1292352,84494,1,0,1
542576,84495,1,0,1
1023552,84496,1,1,0
3778040,84497,1,0,1
289640,84498,1,1,0
5842432,84499,1,1,0
6907504,84500,1,0,1
428680,84501,1,0,1
1468848,84502,1,1,0
3795816,84503,1,0,1
1032552,84504,1,0,1
4471704,84505,1,0,1
4298368,84506,1,0,1
5448656,84507,1,1,0
589056,84508,1,0,1
869056,84509,1,0,1
1025624,84510,1,1,0
322656,84511,1,1,0
8032160,84512,1,0,1
3750888,84513,1,1,0
2777728,84514,1,1,0
254120,84515,1,1,0
4503056,84516,1,0,1
3697896,84517,1,1,0
1995032,84518,1,0,1
290656,84519,1,0,1
1468024,84520,1,0,1
2742440,84521,1,0,1
1694456,84522,1,1,0
3163496,84523,1,1,0
4745520,84524,1,1,0
7580728,84525,1,1,0
5576376,84526,1,0,1
971928,84527,1,0,1
5792712,84528,1,0,1
893088,84529,1,0,1
4311712,84530,1,1,0
1431992,84531,1,1,0
4735480,84532,1,1,0
4930728,84533,1,0,1
2205992,84534,1,1,0
1616664,84535,1,0,1
2031856,84536,1,1,0
1851816,84537,1,1,0
391424,84538,1,0,1
1915352,84539,1,1,0
969728,84540,1,1,0
2503328,84541,1,0,1
1809360,84542,1,0,1
1754528,84543,1,1,0
2727776,84544,1,1,0
1421728,84545,1,0,1
439640,84546,1,0,1
6845248,84547,1,1,0
5740872,84548,1,1,0
1603360,84549,1,1,0
675376,84550,1,0,1
99016,84551,1,0,1
3216360,84552,1,0,1
2035040,84553,1,1,0
2774944,84554,1,0,1
1239216,84555,1,1,0
2220152,84556,1,0,1
3444904,84557,1,1,0
4270368,84558,1,0,1
4469696,84559,1,0,1
1529264,84560,1,0,1
124016,84561,1,1,0
559944,84562,1,0,1
1858000,84563,1,0,1
1178600,84564,1,1,0
6236960,84565,1,0,1
1783256,84566,1,1,0
2480416,84567,1,0,1
320296,84568,1,0,1
1138664,84569,1,1,0
1056128,84570,1,1,0
1753512,84571,1,0,1
1861904,84572,1,0,1
6619000,84573,1,0,1
1701376,84574,1,0,1
810400,84575,1,1,0
1250752,84576,1,1,0
7638112,84577,1,1,0
7590800,84578,1,1,0
1453584,84579,1,0,1
3830008,84580,1,1,0
4828432,84581,1,1,0
2501368,84582,1,1,0
1360776,84583,1,1,0
1048568,84584,1,0,1
964528,84585,1,1,0
1719888,84586,1,0,1
3510880,84587,1,1,0
1096600,84588,1,1,0
5776136,84589,1,0,1
604328,84590,1,0,1
611024,84591,1,1,0
8056608,84592,1,0,1
3883784,84593,1,1,0
6445960,84594,1,0,1
1302176,84595,1,1,0
793256,84596,1,0,1
704896,84597,1,0,1
971976,84598,1,1,0
663416,84599,1,1,0
763896,84600,1,1,0
644672,84601,1,1,0
280672,84602,1,1,0
2025424,84603,1,0,1
3849384,84604,1,1,0
1493816,84605,1,1,0
1034144,84606,1,1,0
812416,84607,1,0,1
4966224,84608,1,1,0
547296,84609,1,1,0
2432360,84610,1,1,0
2736096,84611,1,0,1
437752,84612,1,0,1
6631904,84613,1,0,1
7826000,84614,1,0,1
752552,84615,1,0,1
4004952,84616,1,0,1
962104,84617,1,1,0
1476552,84618,1,0,1
2379216,84619,1,0,1
6436088,84620,1,1,0
1007992,84621,1,0,1
4103672,84622,1,0,1
130760,84623,1,1,0
100864,84624,1,1,0
1090912,84625,1,1,0
659424,84626,1,1,0
2599448,84627,1,1,0
2483672,84628,1,1,0
934816,84629,1,1,0
1829304,84630,1,1,0
404216,84631,1,1,0
1276320,84632,1,0,1
3897192,84633,1,1,0
3777240,84634,1,0,1
1523488,84635,1,1,0
3310752,84636,1,1,0
3211720,84637,1,0,1
706392,84638,1,1,0
1509456,84639,1,0,1
6303616,84640,1,1,0
3652240,84641,1,1,0
7557552,84642,1,0,1
1125384,84643,1,1,0
458256,84644,1,1,0
6458872,84645,1,0,1
1772200,84646,1,1,0
201864,84647,1,1,0
1325376,84648,1,0,1
4659000,84649,1,1,0
979880,84650,1,0,1
1812488,84651,1,0,1
6542528,84652,1,1,0
4968232,84653,1,0,1
7762168,84654,1,0,1
2713520,84655,1,0,1
4940344,84656,1,0,1
7429888,84657,1,1,0
5521400,84658,1,1,0
7174344,84659,1,0,1
1807000,84660,1,1,0
728072,84661,1,0,1
1022664,84662,1,0,1
1222232,84663,1,1,0
3782680,84664,1,0,1
1935944,84665,1,0,1
5986296,84666,1,1,0
2820864,84667,1,1,0
4624592,84668,1,0,1
4298960,84669,1,1,0
6588496,84670,1,1,0
6574976,84671,1,0,1
2042720,84672,1,0,1
1728856,84673,1,1,0
1374648,84674,1,0,1
2371520,84675,1,0,1
4736768,84676,1,0,1
2042216,84677,1,0,1
1048824,84678,1,1,0
1369376,84679,1,0,1
8297440,84680,1,1,0
7218840,84681,1,1,0
2065712,84682,1,1,0
953504,84683,1,1,0
2005184,84684,1,0,1
1913424,84685,1,0,1
2995528,84686,1,0,1
787160,84687,1,1,0
2325792,84688,1,0,1
2113352,84689,1,1,0
7402216,84690,1,1,0
5948664,84691,1,1,0
2575976,84692,1,1,0
2099584,84693,1,0,1
1206392,84694,1,1,0
4210816,84695,1,1,0
2594816,84696,1,0,1
4323832,84697,1,0,1
1356944,84698,1,1,0
6071512,84699,1,1,0
5320776,84700,1,1,0
8263976,84701,1,1,0
1046296,84702,1,0,1
863032,84703,1,0,1
1126656,84704,1,1,0
521296,84705,1,1,0
451520,84706,1,1,0
3557576,84707,1,1,0
1326160,84708,1,1,0
4236584,84709,1,0,1
4577800,84710,1,0,1
270568,84711,1,1,0
207888,84712,1,0,1
692904,84713,1,1,0
2666376,84714,1,0,1
818120,84715,1,1,0
2926416,84716,1,0,1
7118176,84717,1,0,1
248512,84718,1,1,0
7102936,84719,1,0,1
7491824,84720,1,0,1
727024,84721,1,1,0
4367376,84722,1,0,1
526360,84723,1,0,1
706456,84724,1,1,0
713024,84725,1,1,0
1544136,84726,1,1,0
515592,84727,1,0,1
2681048,84728,1,0,1
1014352,84729,1,0,1
6503392,84730,1,1,0
581200,84731,1,1,0
183312,84732,1,0,1
7449456,84733,1,1,0
2555600,84734,1,0,1
336520,84735,1,1,0
1399632,84736,1,0,1
5864976,84737,1,0,1
1344120,84738,1,0,1
3566560,84739,1,0,1
1357512,84740,1,0,1
3535696,84741,1,0,1
1763544,84742,1,1,0
5979112,84743,1,0,1
4798320,84744,1,1,0
4897864,84745,1,0,1
2050680,84746,1,1,0
423056,84747,1,0,1
1716328,84748,1,1,0
739272,84749,1,1,0
363688,84750,1,1,0
3130232,84751,1,0,1
541712,84752,1,0,1
7357800,84753,1,0,1
1508232,84754,1,0,1
4932192,84755,1,0,1
908584,84756,1,0,1
3573512,84757,1,1,0
253672,84758,1,1,0
6084392,84759,1,1,0
777144,84760,1,0,1
5211248,84761,1,1,0
949952,84762,1,0,1
2351016,84763,1,1,0
344456,84764,1,0,1
7352096,84765,1,0,1
3741688,84766,1,0,1
8335368,84767,1,1,0
261928,84768,1,1,0
5452192,84769,1,1,0
3124960,84770,1,1,0
1237920,84771,1,1,0
1885344,84772,1,0,1
1511496,84773,1,0,1
3483928,84774,1,0,1
6589680,84775,1,1,0
3375656,84776,1,0,1
7018704,84777,1,0,1
1210440,84778,1,1,0
461184,84779,1,0,1
4682488,84780,1,1,0
2268272,84781,1,0,1
296520,84782,1,1,0
5570720,84783,1,0,1
2130760,84784,1,0,1
3916040,84785,1,1,0
6575176,84786,1,1,0
4436152,84787,1,1,0
7769760,84788,1,1,0
3294632,84789,1,1,0
3905856,84790,1,1,0
3846160,84791,1,0,1
769280,84792,1,0,1
3259288,84793,1,1,0
2736648,84794,1,0,1
1641120,84795,1,1,0
2413496,84796,1,0,1
351256,84797,1,0,1
1877720,84798,1,1,0
3680528,84799,1,1,0
240704,84800,1,1,0
852032,84801,1,1,0
2148528,84802,1,1,0
6568104,84803,1,1,0
2069256,84804,1,1,0
4516448,84805,1,0,1
607440,84806,1,0,1
535328,84807,1,1,0
1774544,84808,1,0,1
2252576,84809,1,1,0
5347328,84810,1,1,0
1895000,84811,1,1,0
1061816,84812,1,0,1
486344,84813,1,1,0
5937432,84814,1,0,1
4624312,84815,1,1,0
7474848,84816,1,1,0
1193704,84817,1,1,0
5641304,84818,1,0,1
1654360,84819,1,1,0
1834632,84820,1,1,0
5467720,84821,1,1,0
1484152,84822,1,0,1
342520,84823,1,1,0
7995792,84824,1,0,1
5746824,84825,1,0,1
3274784,84826,1,0,1
757992,84827,1,1,0
4100528,84828,1,1,0
834080,84829,1,1,0
573296,84830,1,0,1
1615496,84831,1,1,0
614064,84832,1,1,0
4892024,84833,1,1,0
7043824,84834,1,0,1
1729640,84835,1,0,1
7561376,84836,1,1,0
1237384,84837,1,0,1
3321632,84838,1,0,1
1101056,84839,1,0,1
364592,84840,1,1,0
3490024,84841,1,0,1
480056,84842,1,0,1
7858888,84843,1,0,1
6748880,84844,1,1,0
136064,84845,1,1,0
1250928,84846,1,1,0
5168400,84847,1,0,1
369624,84848,1,1,0
1340920,84849,1,1,0
4325408,84850,1,1,0
4443728,84851,1,0,1
677456,84852,1,1,0
117256,84853,1,1,0
838560,84854,1,1,0
1551864,84855,1,1,0
2369936,84856,1,0,1
3361544,84857,1,0,1
2311864,84858,1,1,0
2736208,84859,1,1,0
4354496,84860,1,0,1
1581464,84861,1,0,1
723784,84862,1,0,1
881480,84863,1,0,1
7768352,84864,1,1,0
950808,84865,1,1,0
578920,84866,1,1,0
636200,84867,1,0,1
1634160,84868,1,1,0
4902312,84869,1,1,0
2554632,84870,1,1,0
721704,84871,1,0,1
646240,84872,1,0,1
6157736,84873,1,0,1
5085168,84874,1,0,1
3710320,84875,1,1,0
7384048,84876,1,0,1
5175000,84877,1,0,1
414816,84878,1,1,0
827624,84879,1,0,1
2238128,84880,1,0,1
163064,84881,1,1,0
528112,84882,1,1,0
5447008,84883,1,0,1
7557784,84884,1,1,0
6377112,84885,1,1,0
2287536,84886,1,0,1
3652904,84887,1,0,1
3848448,84888,1,0,1
1860600,84889,1,0,1
1807576,84890,1,0,1
1053608,84891,1,1,0
8216944,84892,1,1,0
186664,84893,1,1,0
7127656,84894,1,1,0
4285680,84895,1,0,1
1820912,84896,1,0,1
5697544,84897,1,1,0
2708128,84898,1,0,1
309944,84899,1,1,0
6940352,84900,1,0,1
698000,84901,1,0,1
6634696,84902,1,1,0
4669480,84903,1,0,1
7921696,84904,1,1,0
5552536,84905,1,0,1
3063992,84906,1,1,0
1466008,84907,1,1,0
6073952,84908,1,0,1
495184,84909,1,1,0
2215688,84910,1,0,1
799616,84911,1,0,1
2408616,84912,1,0,1
1978928,84913,1,0,1
7491400,84914,1,1,0
3700288,84915,1,0,1
3732240,84916,1,0,1
2430920,84917,1,0,1
8194296,84918,1,0,1
868208,84919,1,1,0
2274904,84920,1,0,1
289312,84921,1,1,0
6371400,84922,1,1,0
5387000,84923,1,0,1
947712,84924,1,1,0
957872,84925,1,0,1
995264,84926,1,1,0
1043024,84927,1,0,1
4427344,84928,1,0,1
3811552,84929,1,1,0
1270336,84930,1,0,1
2685408,84931,1,0,1
1434928,84932,1,0,1
2507496,84933,1,0,1
7219432,84934,1,1,0
7834080,84935,1,1,0
2310088,84936,1,1,0
1886824,84937,1,0,1
1940968,84938,1,1,0
548680,84939,1,1,0
2189696,84940,1,0,1
79576,84941,1,1,0
331312,84942,1,0,1
335768,84943,1,0,1
2643864,84944,1,0,1
1631016,84945,1,0,1
2341640,84946,1,0,1
5421952,84947,1,0,1
2314312,84948,1,1,0
2965352,84949,1,1,0
1710760,84950,1,1,0
3004904,84951,1,1,0
4622824,84952,1,0,1
1557728,84953,1,1,0
2058120,84954,1,1,0
871824,84955,1,0,1
1318072,84956,1,1,0
7628368,84957,1,0,1
4383248,84958,1,0,1
124384,84959,1,1,0
641976,84960,1,1,0
216304,84961,1,1,0
1730896,84962,1,0,1
2065032,84963,1,0,1
7236880,84964,1,1,0
4161880,84965,1,0,1
1553728,84966,1,0,1
916920,84967,1,0,1
5117584,84968,1,0,1
2366384,84969,1,0,1
3428280,84970,1,0,1
1262616,84971,1,1,0
1057888,84972,1,0,1
539216,84973,1,1,0
1413536,84974,1,1,0
451000,84975,1,0,1
720936,84976,1,1,0
2019864,84977,1,1,0
3215600,84978,1,0,1
7519808,84979,1,1,0
2363032,84980,1,1,0
667000,84981,1,0,1
543408,84982,1,0,1
4255040,84983,1,1,0
5660592,84984,1,1,0
2096400,84985,1,1,0
1430144,84986,1,1,0
68320,84987,1,0,1
2095936,84988,1,0,1
1266024,84989,1,0,1
7551000,84990,1,1,0
3127000,84991,1,1,0
3178608,84992,1,1,0
242584,84993,1,1,0
1508728,84994,1,1,0
3610608,84995,1,0,1
616120,84996,1,0,1
2178352,84997,1,0,1
817096,84998,1,1,0
288472,84999,1,1,0
668296,85000,1,0,1
617016,85001,1,0,1
2532336,85002,1,1,0
508304,85003,1,1,0
712232,85004,1,1,0
1634000,85005,1,1,0
2685504,85006,1,1,0
341528,85007,1,0,1
3133008,85008,1,0,1
956064,85009,1,0,1
394208,85010,1,1,0
6939808,85011,1,1,0
850296,85012,1,1,0
5629632,85013,1,0,1
3602928,85014,1,1,0
3619608,85015,1,1,0
171056,85016,1,0,1
1727760,85017,1,0,1
1220464,85018,1,1,0
6963152,85019,1,0,1
504200,85020,1,1,0
451024,85021,1,1,0
6988392,85022,1,0,1
6324240,85023,1,1,0
4361488,85024,1,1,0
1287240,85025,1,0,1
990560,85026,1,0,1
4925528,85027,1,0,1
3234104,85028,1,0,1
338472,85029,1,0,1
254600,85030,1,0,1
1261344,85031,1,0,1
4856392,85032,1,0,1
3467104,85033,1,1,0
5192424,85034,1,1,0
2877128,85035,1,0,1
695256,85036,1,1,0
6287712,85037,1,0,1
2343480,85038,1,0,1
4892736,85039,1,0,1
573664,85040,1,1,0
6164448,85041,1,1,0
1799792,85042,1,0,1
5288792,85043,1,0,1
433360,85044,1,0,1
1185688,85045,1,1,0
169112,85046,1,1,0
3974728,85047,1,1,0
409608,85048,1,0,1
583656,85049,1,1,0
6245024,85050,1,1,0
6100968,85051,1,1,0
816584,85052,1,0,1
858416,85053,1,1,0
2411680,85054,1,0,1
449784,85055,1,0,1
282056,85056,1,1,0
4539760,85057,1,0,1
1657376,85058,1,1,0
2701240,85059,1,0,1
4238472,85060,1,0,1
816136,85061,1,1,0
188992,85062,1,1,0
4568904,85063,1,1,0
3956936,85064,1,1,0
4697696,85065,1,0,1
2718120,85066,1,0,1
287584,85067,1,1,0
6083032,85068,1,0,1
7595608,85069,1,1,0
481168,85070,1,0,1
4853568,85071,1,0,1
3183464,85072,1,1,0
3329504,85073,1,0,1
628240,85074,1,1,0
456240,85075,1,0,1
7991168,85076,1,0,1
1316048,85077,1,1,0
1041760,85078,1,0,1
2728408,85079,1,0,1
6055504,85080,1,1,0
2298328,85081,1,1,0
2037528,85082,1,0,1
8326720,85083,1,1,0
3639864,85084,1,1,0
800784,85085,1,0,1
497216,85086,1,0,1
1547800,85087,1,1,0
2257056,85088,1,1,0
97512,85089,1,0,1
1942128,85090,1,1,0
1482888,85091,1,1,0
4242256,85092,1,0,1
6919408,85093,1,1,0
7188632,85094,1,1,0
574920,85095,1,0,1
6954936,85096,1,1,0
6383360,85097,1,1,0
2959032,85098,1,0,1
1469992,85099,1,1,0
374072,85100,1,0,1
1731920,85101,1,1,0
343568,85102,1,0,1
384336,85103,1,1,0
8182616,85104,1,1,0
2853704,85105,1,1,0
6917176,85106,1,0,1
687176,85107,1,1,0
347568,85108,1,0,1
3091240,85109,1,1,0
4953904,85110,1,0,1
202176,85111,1,1,0
2427800,85112,1,0,1
2166848,85113,1,1,0
7040600,85114,1,1,0
1653784,85115,1,0,1
7709976,85116,1,1,0
2508232,85117,1,1,0
4522008,85118,1,1,0
5227920,85119,1,1,0
1289856,85120,1,0,1
1923144,85121,1,0,1
3241080,85122,1,0,1
4289152,85123,1,1,0
1305312,85124,1,1,0
624584,85125,1,1,0
1554664,85126,1,0,1
5971352,85127,1,1,0
3596888,85128,1,1,0
497888,85129,1,0,1
347088,85130,1,0,1
3782640,85131,1,1,0
310976,85132,1,0,1
996216,85133,1,1,0
1233088,85134,1,1,0
6107752,85135,1,1,0
1509792,85136,1,0,1
6306560,85137,1,0,1
3777192,85138,1,1,0
3636384,85139,1,0,1
187784,85140,1,0,1
360128,85141,1,0,1
5069344,85142,1,1,0
1332840,85143,1,1,0
1023968,85144,1,1,0
6450136,85145,1,0,1
701944,85146,1,1,0
1675472,85147,1,1,0
1879672,85148,1,1,0
908520,85149,1,1,0
2291512,85150,1,1,0
7417760,85151,1,1,0
3447272,85152,1,0,1
1018136,85153,1,1,0
493912,85154,1,0,1
519808,85155,1,1,0
2464696,85156,1,0,1
769888,85157,1,1,0
2719720,85158,1,1,0
152312,85159,1,0,1
1242952,85160,1,1,0
5928384,85161,1,0,1
4809488,85162,1,1,0
1860424,85163,1,0,1
1731768,85164,1,0,1
2245704,85165,1,0,1
381976,85166,1,0,1
1153768,85167,1,0,1
1494256,85168,1,1,0
1711344,85169,1,0,1
395816,85170,1,1,0
1238120,85171,1,0,1
4527536,85172,1,0,1
5649704,85173,1,0,1
1429816,85174,1,1,0
2235168,85175,1,1,0
5169528,85176,1,1,0
190928,85177,1,0,1
3781776,85178,1,1,0
460992,85179,1,0,1
7020528,85180,1,1,0
8147504,85181,1,0,1
4031936,85182,1,0,1
1370176,85183,1,0,1
538832,85184,1,1,0
263968,85185,1,1,0
1603272,85186,1,0,1
3135968,85187,1,1,0
335832,85188,1,1,0
1421512,85189,1,1,0
3986176,85190,1,0,1
5834640,85191,1,1,0
639760,85192,1,1,0
785000,85193,1,0,1
2993712,85194,1,0,1
3943040,85195,1,0,1
3409432,85196,1,1,0
1298008,85197,1,1,0
453344,85198,1,0,1
4906792,85199,1,0,1
1123888,85200,1,1,0
387112,85201,1,0,1
3959224,85202,1,0,1
697448,85203,1,0,1
778168,85204,1,0,1
2919992,85205,1,1,0
6022888,85206,1,1,0
830760,85207,1,0,1
1474904,85208,1,0,1
1169112,85209,1,1,0
440328,85210,1,0,1
6174504,85211,1,1,0
441264,85212,1,1,0
2614232,85213,1,0,1
462720,85214,1,1,0
7340048,85215,1,1,0
574128,85216,1,0,1
6089584,85217,1,1,0
3806272,85218,1,0,1
7729392,85219,1,1,0
2674632,85220,1,1,0
415208,85221,1,0,1
2394512,85222,1,0,1
3349368,85223,1,0,1
324704,85224,1,1,0
2180472,85225,1,0,1
3871768,85226,1,1,0
5753104,85227,1,1,0
217776,85228,1,1,0
6102040,85229,1,1,0
5769120,85230,1,0,1
147512,85231,1,1,0
843144,85232,1,0,1
8243952,85233,1,1,0
1082232,85234,1,1,0
4179256,85235,1,0,1
2270216,85236,1,0,1
5285536,85237,1,1,0
2445336,85238,1,1,0
2630496,85239,1,1,0
5478136,85240,1,1,0
4886064,85241,1,1,0
5113456,85242,1,1,0
7827120,85243,1,1,0
1078448,85244,1,1,0
6661944,85245,1,0,1
6178248,85246,1,0,1
4292176,85247,1,1,0
657640,85248,1,1,0
4723720,85249,1,0,1
2583808,85250,1,0,1
2606496,85251,1,1,0
6029728,85252,1,0,1
252728,85253,1,0,1
974176,85254,1,1,0
7527536,85255,1,1,0
3346408,85256,1,1,0
2157880,85257,1,1,0
1412072,85258,1,1,0
2438736,85259,1,1,0
1208824,85260,1,0,1
924912,85261,1,1,0
2108696,85262,1,0,1
4847576,85263,1,1,0
3687560,85264,1,0,1
4654480,85265,1,1,0
2500984,85266,1,1,0
2759528,85267,1,0,1
3914104,85268,1,1,0
2453640,85269,1,1,0
435408,85270,1,0,1
829328,85271,1,1,0
4070200,85272,1,0,1
1002744,85273,1,0,1
6590640,85274,1,1,0
2486128,85275,1,1,0
1195976,85276,1,1,0
1220680,85277,1,1,0
5710520,85278,1,0,1
2162224,85279,1,0,1
3913624,85280,1,1,0
2688608,85281,1,1,0
5107936,85282,1,1,0
1860808,85283,1,1,0
291088,85284,1,0,1
256976,85285,1,1,0
761888,85286,1,0,1
1557248,85287,1,1,0
5639488,85288,1,1,0
2438664,85289,1,0,1
2335040,85290,1,0,1
828608,85291,1,0,1
168256,85292,1,1,0
3709136,85293,1,0,1
3138496,85294,1,1,0
1367360,85295,1,1,0
2305120,85296,1,1,0
4575856,85297,1,0,1
6866824,85298,1,1,0
3026424,85299,1,0,1
4538864,85300,1,0,1
5934816,85301,1,1,0
1923952,85302,1,0,1
883240,85303,1,0,1
615944,85304,1,0,1
3251024,85305,1,1,0
1397888,85306,1,0,1
2286856,85307,1,0,1
299032,85308,1,1,0
1575376,85309,1,1,0
3526968,85310,1,1,0
4977736,85311,1,0,1
1229816,85312,1,1,0
922120,85313,1,1,0
1862648,85314,1,1,0
3657496,85315,1,1,0
609424,85316,1,0,1
8161296,85317,1,1,0
856144,85318,1,0,1
1032792,85319,1,1,0
466544,85320,1,1,0
7157768,85321,1,1,0
2414728,85322,1,1,0
3889272,85323,1,0,1
5741184,85324,1,1,0
4301256,85325,1,1,0
457824,85326,1,0,1
2362600,85327,1,1,0
1315840,85328,1,0,1
6763848,85329,1,0,1
243264,85330,1,0,1
2424336,85331,1,0,1
6773240,85332,1,1,0
1687712,85333,1,1,0
577528,85334,1,1,0
2342464,85335,1,1,0
1226632,85336,1,0,1
1138848,85337,1,1,0
3584016,85338,1,0,1
5824952,85339,1,1,0
1178784,85340,1,1,0
2017680,85341,1,1,0
3357976,85342,1,0,1
1004640,85343,1,1,0
4370576,85344,1,1,0
1591448,85345,1,0,1
1878656,85346,1,1,0
1452864,85347,1,0,1
849568,85348,1,0,1
585896,85349,1,0,1
894704,85350,1,1,0
6036136,85351,1,1,0
316120,85352,1,0,1
1003224,85353,1,0,1
1965424,85354,1,0,1
805288,85355,1,0,1
3134952,85356,1,1,0
656088,85357,1,1,0
7214144,85358,1,1,0
3390376,85359,1,1,0
1555416,85360,1,0,1
521224,85361,1,1,0
295136,85362,1,1,0
4069120,85363,1,0,1
5256720,85364,1,0,1
1293856,85365,1,1,0
709096,85366,1,0,1
333784,85367,1,1,0
4556104,85368,1,1,0
1190104,85369,1,0,1
3669832,85370,1,1,0
631544,85371,1,0,1
7510960,85372,1,0,1
5444016,85373,1,1,0
2628992,85374,1,0,1
6564576,85375,1,1,0
1395920,85376,1,0,1
6594064,85377,1,1,0
4710904,85378,1,1,0
7768264,85379,1,1,0
588296,85380,1,1,0
711544,85381,1,0,1
5332264,85382,1,0,1
2724632,85383,1,0,1
5876808,85384,1,1,0
1510024,85385,1,1,0
192400,85386,1,1,0
1286848,85387,1,0,1
943128,85388,1,1,0
6563872,85389,1,1,0
198216,85390,1,0,1
941920,85391,1,1,0
1268192,85392,1,1,0
2953592,85393,1,0,1
3352080,85394,1,0,1
1017440,85395,1,1,0
4444408,85396,1,0,1
4126296,85397,1,0,1
424408,85398,1,1,0
4101296,85399,1,0,1
5083528,85400,1,0,1
613880,85401,1,1,0
3120216,85402,1,1,0
2796944,85403,1,0,1
1307432,85404,1,1,0
3906280,85405,1,0,1
2079856,85406,1,1,0
2746152,85407,1,1,0
5042848,85408,1,1,0
2162664,85409,1,1,0
962600,85410,1,0,1
1323624,85411,1,1,0
1401032,85412,1,0,1
3165880,85413,1,0,1
2452080,85414,1,0,1
776808,85415,1,1,0
206432,85416,1,0,1
3199920,85417,1,0,1
747808,85418,1,0,1
7159824,85419,1,0,1
1260680,85420,1,0,1
260424,85421,1,1,0
192168,85422,1,1,0
2106616,85423,1,0,1
921000,85424,1,0,1
531064,85425,1,0,1
150688,85426,1,0,1
2811352,85427,1,0,1
676992,85428,1,1,0
294768,85429,1,0,1
1369736,85430,1,0,1
246200,85431,1,1,0
996304,85432,1,0,1
7934296,85433,1,1,0
3992400,85434,1,1,0
5669104,85435,1,0,1
2704744,85436,1,0,1
2127288,85437,1,0,1
2094312,85438,1,1,0
8018808,85439,1,1,0
226648,85440,1,1,0
1379040,85441,1,0,1
504688,85442,1,0,1
6512336,85443,1,0,1
520344,85444,1,1,0
6983088,85445,1,0,1
1371800,85446,1,0,1
3696376,85447,1,1,0
4077960,85448,1,1,0
2383608,85449,1,0,1
1020072,85450,1,0,1
4707024,85451,1,1,0
984976,85452,1,1,0
2827808,85453,1,0,1
4285048,85454,1,0,1
4472672,85455,1,1,0
801832,85456,1,1,0
3007552,85457,1,0,1
3603600,85458,1,0,1
5038984,85459,1,0,1
2029576,85460,1,1,0
6713200,85461,1,0,1
6118456,85462,1,0,1
2548344,85463,1,1,0
1433592,85464,1,0,1
304656,85465,1,1,0
6628680,85466,1,1,0
202520,85467,1,0,1
996816,85468,1,0,1
882448,85469,1,1,0
4104920,85470,1,0,1
1596400,85471,1,0,1
4552792,85472,1,0,1
5042344,85473,1,1,0
6000464,85474,1,1,0
3189984,85475,1,1,0
3053648,85476,1,1,0
1414360,85477,1,0,1
3465568,85478,1,1,0
7342632,85479,1,1,0
7162200,85480,1,0,1
7903184,85481,1,0,1
5518744,85482,1,1,0
3359784,85483,1,1,0
1845976,85484,1,0,1
2525320,85485,1,1,0
404376,85486,1,0,1
2733392,85487,1,1,0
6008816,85488,1,0,1
1870696,85489,1,0,1
6532440,85490,1,1,0
2543608,85491,1,0,1
866600,85492,1,0,1
2292144,85493,1,0,1
466888,85494,1,1,0
1466736,85495,1,1,0
5873368,85496,1,1,0
6240992,85497,1,0,1
1354872,85498,1,0,1
7729904,85499,1,0,1
1797968,85500,1,1,0
2975480,85501,1,0,1
908712,85502,1,1,0
3353776,85503,1,1,0
3519776,85504,1,1,0
7241104,85505,1,0,1
486008,85506,1,0,1
3018640,85507,1,0,1
2775760,85508,1,1,0
513600,85509,1,0,1
546392,85510,1,0,1
5157120,85511,1,1,0
214272,85512,1,0,1
6790136,85513,1,1,0
4358712,85514,1,1,0
1883328,85515,1,0,1
2047304,85516,1,1,0
620616,85517,1,1,0
739600,85518,1,1,0
5215456,85519,1,1,0
1891520,85520,1,0,1
1469944,85521,1,0,1
7270304,85522,1,1,0
803048,85523,1,0,1
4984440,85524,1,1,0
4563120,85525,1,1,0
5666552,85526,1,1,0
7649504,85527,1,1,0
5361720,85528,1,0,1
1634304,85529,1,0,1
970696,85530,1,0,1
3278752,85531,1,0,1
140608,85532,1,1,0
1217024,85533,1,0,1
4143720,85534,1,1,0
1408464,85535,1,0,1
1097312,85536,1,0,1
1174864,85537,1,1,0
2315776,85538,1,0,1
1232976,85539,1,1,0
6544400,85540,1,0,1
1140112,85541,1,1,0
8057416,85542,1,0,1
946408,85543,1,1,0
6917296,85544,1,1,0
1355128,85545,1,1,0
1038264,85546,1,1,0
6422960,85547,1,1,0
4976624,85548,1,1,0
5316256,85549,1,0,1
1662720,85550,1,0,1
3620384,85551,1,1,0
1740224,85552,1,1,0
6937368,85553,1,0,1
705816,85554,1,1,0
853192,85555,1,1,0
7255504,85556,1,1,0
3127568,85557,1,0,1
117408,85558,1,1,0
1787160,85559,1,1,0
458440,85560,1,1,0
6861784,85561,1,0,1
3025568,85562,1,1,0
8178392,85563,1,0,1
1702456,85564,1,0,1
1437328,85565,1,0,1
1851328,85566,1,1,0
1782616,85567,1,0,1
6436712,85568,1,1,0
1523208,85569,1,0,1
281112,85570,1,1,0
4483752,85571,1,0,1
3392976,85572,1,1,0
3224856,85573,1,1,0
1429544,85574,1,1,0
966064,85575,1,1,0
2623992,85576,1,0,1
1666568,85577,1,0,1
1444336,85578,1,0,1
1909024,85579,1,0,1
7737944,85580,1,0,1
4981992,85581,1,0,1
2138680,85582,1,0,1
8350544,85583,1,0,1
4674888,85584,1,0,1
1954440,85585,1,0,1
3249600,85586,1,1,0
160568,85587,1,0,1
3775904,85588,1,0,1
8295792,85589,1,0,1
5803848,85590,1,0,1
264656,85591,1,0,1
345168,85592,1,1,0
2070312,85593,1,0,1
5675176,85594,1,0,1
1936800,85595,1,1,0
509272,85596,1,1,0
6632376,85597,1,0,1
223200,85598,1,1,0
4626768,85599,1,0,1
8300984,85600,1,0,1
7138688,85601,1,1,0
1008104,85602,1,1,0
331504,85603,1,0,1
1699296,85604,1,0,1
8380680,85605,1,1,0
7950096,85606,1,1,0
625968,85607,1,0,1
3939456,85608,1,0,1
4334440,85609,1,1,0
263456,85610,1,1,0
1371000,85611,1,1,0
1608704,85612,1,1,0
2070360,85613,1,0,1
795160,85614,1,1,0
3508392,85615,1,1,0
202384,85616,1,0,1
449976,85617,1,1,0
1389832,85618,1,1,0
347768,85619,1,1,0
3921096,85620,1,0,1
514592,85621,1,1,0
517216,85622,1,0,1
5413896,85623,1,0,1
5263528,85624,1,1,0
2894944,85625,1,1,0
2696016,85626,1,0,1
4172728,85627,1,0,1
490488,85628,1,1,0
3175424,85629,1,1,0
685944,85630,1,1,0
8339776,85631,1,1,0
7486976,85632,1,0,1
2600912,85633,1,1,0
2553056,85634,1,0,1
1461496,85635,1,1,0
1023728,85636,1,0,1
5594368,85637,1,1,0
4735808,85638,1,1,0
4095712,85639,1,1,0
3304800,85640,1,0,1
2167520,85641,1,1,0
336424,85642,1,1,0
6501840,85643,1,0,1
526192,85644,1,1,0
6055944,85645,1,0,1
1594360,85646,1,1,0
402688,85647,1,1,0
4500184,85648,1,1,0
1418768,85649,1,0,1
2094368,85650,1,1,0
4653640,85651,1,0,1
1198864,85652,1,1,0
1076280,85653,1,0,1
981184,85654,1,0,1
2978664,85655,1,1,0
5801256,85656,1,0,1
1634432,85657,1,0,1
4693760,85658,1,1,0
410144,85659,1,1,0
272152,85660,1,1,0
4798904,85661,1,1,0
2560592,85662,1,0,1
625104,85663,1,0,1
868728,85664,1,1,0
7792984,85665,1,0,1
4512376,85666,1,1,0
2848496,85667,1,0,1
797216,85668,1,0,1
1430616,85669,1,1,0
179336,85670,1,1,0
2106520,85671,1,1,0
983456,85672,1,0,1
666384,85673,1,1,0
368152,85674,1,0,1
2399072,85675,1,1,0
1834352,85676,1,0,1
6374112,85677,1,0,1
613616,85678,1,1,0
2290952,85679,1,0,1
3137336,85680,1,1,0
484992,85681,1,0,1
2852720,85682,1,1,0
2013888,85683,1,0,1
1867952,85684,1,0,1
6498312,85685,1,1,0
2050016,85686,1,1,0
2150912,85687,1,1,0
6972280,85688,1,0,1
1036632,85689,1,1,0
757496,85690,1,0,1
326368,85691,1,1,0
5768976,85692,1,0,1
3305024,85693,1,1,0
5681632,85694,1,0,1
646392,85695,1,1,0
266384,85696,1,1,0
4223944,85697,1,1,0
848984,85698,1,0,1
3746032,85699,1,1,0
6747544,85700,1,1,0
5504464,85701,1,1,0
1320856,85702,1,0,1
3971296,85703,1,0,1
570376,85704,1,1,0
7465848,85705,1,1,0
1761224,85706,1,1,0
2559288,85707,1,1,0
3381456,85708,1,1,0
3376488,85709,1,1,0
1352472,85710,1,1,0
5461600,85711,1,1,0
1793712,85712,1,1,0
5201584,85713,1,0,1
2496856,85714,1,0,1
250808,85715,1,0,1
563392,85716,1,1,0
7064504,85717,1,1,0
3845704,85718,1,1,0
2423000,85719,1,0,1
6717584,85720,1,0,1
2278608,85721,1,1,0
945864,85722,1,1,0
1756592,85723,1,1,0
736088,85724,1,1,0
1351576,85725,1,0,1
5507248,85726,1,0,1
876888,85727,1,1,0
2861824,85728,1,1,0
3787360,85729,1,1,0
534088,85730,1,0,1
1775032,85731,1,1,0
3871720,85732,1,1,0
921016,85733,1,1,0
4715936,85734,1,1,0
1303232,85735,1,0,1
1559976,85736,1,1,0
977880,85737,1,0,1
1916912,85738,1,0,1
2577000,85739,1,0,1
672728,85740,1,0,1
2466672,85741,1,0,1
3009080,85742,1,1,0
2454248,85743,1,0,1
6159960,85744,1,1,0
7029752,85745,1,0,1
1568048,85746,1,1,0
2229672,85747,1,0,1
4983368,85748,1,1,0
2739344,85749,1,0,1
674968,85750,1,1,0
4058080,85751,1,1,0
4216320,85752,1,1,0
1976480,85753,1,1,0
691752,85754,1,0,1
2437312,85755,1,1,0
7555456,85756,1,1,0
379320,85757,1,0,1
277400,85758,1,1,0
2120664,85759,1,0,1
3480728,85760,1,0,1
7914752,85761,1,1,0
1091536,85762,1,0,1
1537632,85763,1,0,1
1396248,85764,1,1,0
1378688,85765,1,1,0
1026384,85766,1,1,0
563544,85767,1,1,0
1581952,85768,1,1,0
1917024,85769,1,0,1
538056,85770,1,1,0
5162752,85771,1,0,1
3831352,85772,1,1,0
6906848,85773,1,0,1
7077568,85774,1,1,0
2557008,85775,1,1,0
4246456,85776,1,1,0
3064568,85777,1,1,0
594808,85778,1,1,0
1293696,85779,1,0,1
8139288,85780,1,0,1
833672,85781,1,1,0
1934712,85782,1,1,0
1046368,85783,1,0,1
3784000,85784,1,0,1
6831232,85785,1,0,1
4130104,85786,1,1,0
2015680,85787,1,0,1
4352328,85788,1,1,0
347312,85789,1,0,1
6437536,85790,1,1,0
2559280,85791,1,0,1
4240280,85792,1,1,0
2326784,85793,1,1,0
7065120,85794,1,0,1
604360,85795,1,1,0
275952,85796,1,1,0
102984,85797,1,1,0
4453544,85798,1,1,0
7537648,85799,1,0,1
6370064,85800,1,0,1
1217960,85801,1,1,0
457408,85802,1,0,1
2865832,85803,1,1,0
1626880,85804,1,1,0
6758456,85805,1,1,0
744160,85806,1,1,0
3348296,85807,1,1,0
634576,85808,1,0,1
3135592,85809,1,0,1
1651056,85810,1,0,1
1243112,85811,1,0,1
221440,85812,1,1,0
691144,85813,1,1,0
7655080,85814,1,1,0
2380256,85815,1,0,1
2966168,85816,1,0,1
1005816,85817,1,1,0
7282784,85818,1,1,0
4634080,85819,1,0,1
243048,85820,1,1,0
375312,85821,1,1,0
411504,85822,1,0,1
2777776,85823,1,0,1
1015760,85824,1,1,0
538128,85825,1,0,1
1079096,85826,1,0,1
723984,85827,1,0,1
6697464,85828,1,0,1
6757552,85829,1,0,1
306944,85830,1,0,1
4042584,85831,1,1,0
335776,85832,1,1,0
794008,85833,1,1,0
553616,85834,1,0,1
3312456,85835,1,1,0
2056728,85836,1,1,0
270216,85837,1,0,1
4719056,85838,1,1,0
7730240,85839,1,1,0
525160,85840,1,1,0
3089176,85841,1,1,0
1610896,85842,1,1,0
244696,85843,1,1,0
1614952,85844,1,0,1
1929416,85845,1,0,1
6074616,85846,1,0,1
8100712,85847,1,0,1
3749480,85848,1,0,1
3212848,85849,1,1,0
4918216,85850,1,1,0
2300792,85851,1,1,0
7005960,85852,1,0,1
190512,85853,1,1,0
4864816,85854,1,1,0
569520,85855,1,0,1
1842912,85856,1,1,0
150704,85857,1,0,1
2633208,85858,1,1,0
1804400,85859,1,0,1
932344,85860,1,1,0
6955448,85861,1,0,1
1045824,85862,1,0,1
6966328,85863,1,0,1
3800272,85864,1,0,1
3246352,85865,1,1,0
94856,85866,1,1,0
3625608,85867,1,1,0
4326184,85868,1,1,0
6112808,85869,1,0,1
2215744,85870,1,0,1
1252592,85871,1,0,1
969880,85872,1,0,1
3425368,85873,1,1,0
2656480,85874,1,1,0
4531120,85875,1,1,0
4531184,85876,1,0,1
302912,85877,1,0,1
6938680,85878,1,0,1
1070760,85879,1,0,1
4078760,85880,1,1,0
2389224,85881,1,0,1
422960,85882,1,1,0
1478368,85883,1,1,0
5454208,85884,1,0,1
3539488,85885,1,0,1
662304,85886,1,1,0
3026784,85887,1,1,0
4983120,85888,1,0,1
1579720,85889,1,1,0
2952384,85890,1,0,1
1671096,85891,1,0,1
7300888,85892,1,0,1
6348456,85893,1,0,1
689864,85894,1,1,0
869216,85895,1,0,1
1027480,85896,1,0,1
380712,85897,1,0,1
4113824,85898,1,1,0
6312816,85899,1,1,0
192320,85900,1,0,1
2285280,85901,1,1,0
1543688,85902,1,0,1
1165024,85903,1,1,0
5499520,85904,1,1,0
796512,85905,1,1,0
933000,85906,1,1,0
2297832,85907,1,1,0
3545320,85908,1,0,1
986728,85909,1,0,1
1497560,85910,1,1,0
5258056,85911,1,0,1
732656,85912,1,1,0
4320240,85913,1,0,1
857176,85914,1,0,1
1930120,85915,1,0,1
670304,85916,1,1,0
193328,85917,1,1,0
4470840,85918,1,1,0
329768,85919,1,1,0
885944,85920,1,0,1
922864,85921,1,0,1
3095080,85922,1,0,1
328456,85923,1,0,1
3550520,85924,1,1,0
2369984,85925,1,0,1
8064632,85926,1,1,0
8246408,85927,1,0,1
6214960,85928,1,1,0
827280,85929,1,1,0
7876488,85930,1,0,1
466792,85931,1,0,1
2816016,85932,1,0,1
599712,85933,1,0,1
7649344,85934,1,1,0
1633368,85935,1,1,0
3800224,85936,1,1,0
857280,85937,1,1,0
1055888,85938,1,1,0
2301000,85939,1,1,0
3371328,85940,1,1,0
1593192,85941,1,1,0
814832,85942,1,1,0
1169728,85943,1,0,1
1623888,85944,1,1,0
481568,85945,1,0,1
4624408,85946,1,1,0
6089784,85947,1,1,0
961496,85948,1,0,1
2035512,85949,1,1,0
1633576,85950,1,0,1
855808,85951,1,0,1
4092624,85952,1,1,0
1141008,85953,1,1,0
5755520,85954,1,1,0
768664,85955,1,1,0
767824,85956,1,0,1
4030728,85957,1,0,1
2576976,85958,1,0,1
5057536,85959,1,0,1
718936,85960,1,0,1
5551008,85961,1,1,0
5391136,85962,1,1,0
4962800,85963,1,1,0
2937776,85964,1,0,1
1265256,85965,1,0,1
1211960,85966,1,1,0
500696,85967,1,1,0
287624,85968,1,0,1
8302064,85969,1,1,0
177872,85970,1,1,0
644712,85971,1,1,0
4389856,85972,1,1,0
2756536,85973,1,0,1
1175280,85974,1,1,0
6566880,85975,1,1,0
4729224,85976,1,0,1
3150784,85977,1,1,0
1448448,85978,1,0,1
5508088,85979,1,1,0
2106048,85980,1,0,1
1111872,85981,1,0,1
7020296,85982,1,1,0
3602312,85983,1,1,0
8015400,85984,1,1,0
5796424,85985,1,0,1
929064,85986,1,1,0
7107832,85987,1,0,1
262456,85988,1,0,1
250760,85989,1,0,1
5585136,85990,1,0,1
1259496,85991,1,0,1
6581568,85992,1,0,1
3644720,85993,1,0,1
1231648,85994,1,0,1
2174168,85995,1,1,0
806168,85996,1,1,0
611464,85997,1,1,0
626456,85998,1,1,0
3465312,85999,1,0,1
2082000,86000,1,1,0
1625240,86001,1,0,1
8316904,86002,1,0,1
5581704,86003,1,0,1
3231544,86004,1,0,1
248464,86005,1,0,1
6927904,86006,1,0,1
1469384,86007,1,0,1
1761384,86008,1,0,1
2305160,86009,1,0,1
4067808,86010,1,1,0
1902240,86011,1,0,1
6574160,86012,1,0,1
5806904,86013,1,0,1
133472,86014,1,1,0
863896,86015,1,1,0
4873592,86016,1,0,1
3760376,86017,1,0,1
404112,86018,1,0,1
5128208,86019,1,1,0
1533232,86020,1,0,1
3297104,86021,1,1,0
1135696,86022,1,0,1
825280,86023,1,0,1
1608544,86024,1,0,1
5130144,86025,1,0,1
2528152,86026,1,1,0
4082416,86027,1,0,1
954704,86028,1,1,0
1709488,86029,1,0,1
1200104,86030,1,1,0
3184840,86031,1,1,0
340176,86032,1,0,1
3026536,86033,1,1,0
5447232,86034,1,0,1
2612904,86035,1,0,1
1414032,86036,1,1,0
6455584,86037,1,0,1
791392,86038,1,1,0
542544,86039,1,1,0
656856,86040,1,0,1
1122112,86041,1,1,0
754608,86042,1,1,0
5771416,86043,1,0,1
3305920,86044,1,0,1
3487944,86045,1,1,0
2150552,86046,1,1,0
1690440,86047,1,0,1
680400,86048,1,0,1
6176768,86049,1,0,1
3102784,86050,1,1,0
4210968,86051,1,1,0
5258496,86052,1,0,1
2116384,86053,1,0,1
435832,86054,1,1,0
322296,86055,1,1,0
3481832,86056,1,0,1
7868632,86057,1,1,0
1140832,86058,1,1,0
1606960,86059,1,1,0
1693888,86060,1,1,0
7433488,86061,1,1,0
6828376,86062,1,1,0
4173896,86063,1,0,1
2932584,86064,1,0,1
6563128,86065,1,1,0
1131072,86066,1,1,0
4144992,86067,1,1,0
2113944,86068,1,0,1
8365088,86069,1,1,0
5197792,86070,1,1,0
3133064,86071,1,1,0
5601176,86072,1,0,1
3840448,86073,1,1,0
2446648,86074,1,0,1
1854400,86075,1,0,1
1758656,86076,1,0,1
1277872,86077,1,1,0
844448,86078,1,1,0
484456,86079,1,1,0
255832,86080,1,0,1
5328360,86081,1,1,0
1306696,86082,1,0,1
3635272,86083,1,1,0
384632,86084,1,0,1
2176496,86085,1,0,1
2208024,86086,1,1,0
8187216,86087,1,1,0
7628896,86088,1,0,1
3446936,86089,1,0,1
3873720,86090,1,0,1
217712,86091,1,1,0
3366776,86092,1,1,0
2887328,86093,1,1,0
7522616,86094,1,1,0
187544,86095,1,0,1
3391000,86096,1,1,0
8024520,86097,1,1,0
365912,86098,1,0,1
1375296,86099,1,1,0
594040,86100,1,1,0
1038680,86101,1,0,1
4543064,86102,1,1,0
1534840,86103,1,1,0
529968,86104,1,0,1
449104,86105,1,1,0
958416,86106,1,1,0
7185904,86107,1,0,1
2007648,86108,1,1,0
279488,86109,1,1,0
3622968,86110,1,1,0
3249440,86111,1,0,1
3857552,86112,1,0,1
4655160,86113,1,0,1
158472,86114,1,0,1
7465280,86115,1,0,1
1307984,86116,1,0,1
3541368,86117,1,1,0
7344120,86118,1,0,1
227112,86119,1,1,0
6145856,86120,1,0,1
864328,86121,1,0,1
1783904,86122,1,1,0
515624,86123,1,1,0
311368,86124,1,0,1
6094648,86125,1,1,0
3460608,86126,1,0,1
2823904,86127,1,1,0
1265992,86128,1,0,1
134176,86129,1,1,0
1388736,86130,1,1,0
1547944,86131,1,0,1
1841880,86132,1,1,0
3024440,86133,1,0,1
990320,86134,1,0,1
2953640,86135,1,1,0
1233896,86136,1,0,1
507240,86137,1,1,0
2718464,86138,1,0,1
618376,86139,1,0,1
6736576,86140,1,0,1
5397264,86141,1,1,0
155960,86142,1,0,1
199912,86143,1,1,0
3700912,86144,1,1,0
2269792,86145,1,0,1
644784,86146,1,0,1
3779384,86147,1,1,0
1643064,86148,1,0,1
6303848,86149,1,0,1
4469488,86150,1,1,0
2136144,86151,1,1,0
3821144,86152,1,1,0
5111848,86153,1,1,0
1647672,86154,1,1,0
755416,86155,1,1,0
1237120,86156,1,1,0
1163880,86157,1,0,1
2880496,86158,1,1,0
3283864,86159,1,1,0
4474712,86160,1,0,1
759104,86161,1,1,0
5510264,86162,1,0,1
8188680,86163,1,1,0
3194216,86164,1,0,1
2601760,86165,1,1,0
1603864,86166,1,1,0
6298968,86167,1,1,0
6027384,86168,1,1,0
472696,86169,1,0,1
806592,86170,1,0,1
6908584,86171,1,0,1
1648768,86172,1,1,0
5347040,86173,1,0,1
1991384,86174,1,0,1
1003720,86175,1,0,1
1470992,86176,1,0,1
6258944,86177,1,0,1
2331720,86178,1,1,0
2291600,86179,1,0,1
3821136,86180,1,0,1
1412848,86181,1,1,0
1129960,86182,1,1,0
436384,86183,1,1,0
910840,86184,1,0,1
5964000,86185,1,0,1
3179304,86186,1,1,0
1718520,86187,1,1,0
4626856,86188,1,1,0
2683816,86189,1,1,0
876352,86190,1,1,0
77448,86191,1,1,0
1281424,86192,1,1,0
7280528,86193,1,1,0
197440,86194,1,1,0
1011856,86195,1,0,1
3258720,86196,1,0,1
5194672,86197,1,1,0
1104680,86198,1,1,0
4014376,86199,1,0,1
5227888,86200,1,1,0
1404752,86201,1,0,1
1611192,86202,1,1,0
331560,86203,1,0,1
1143216,86204,1,1,0
3006024,86205,1,1,0
1306904,86206,1,0,1
5476496,86207,1,1,0
2709680,86208,1,1,0
2692712,86209,1,0,1
7065976,86210,1,0,1
6213568,86211,1,0,1
3909536,86212,1,0,1
4643304,86213,1,1,0
4159888,86214,1,0,1
5162528,86215,1,1,0
5563968,86216,1,1,0
662128,86217,1,1,0
4660224,86218,1,1,0
391704,86219,1,1,0
500416,86220,1,0,1
4474608,86221,1,1,0
7541976,86222,1,0,1
3336392,86223,1,0,1
3508008,86224,1,1,0
1168560,86225,1,1,0
367768,86226,1,0,1
1645224,86227,1,1,0
1939768,86228,1,0,1
1316464,86229,1,1,0
1508456,86230,1,1,0
735520,86231,1,1,0
2243304,86232,1,0,1
378552,86233,1,0,1
460664,86234,1,1,0
4070536,86235,1,1,0
3188376,86236,1,1,0
1470360,86237,1,1,0
6657176,86238,1,0,1
821000,86239,1,0,1
8299440,86240,1,0,1
488784,86241,1,1,0
2189896,86242,1,1,0
658344,86243,1,0,1
2974456,86244,1,1,0
3475512,86245,1,0,1
2422120,86246,1,1,0
6755184,86247,1,0,1
3667128,86248,1,1,0
4122752,86249,1,1,0
1951016,86250,1,1,0
3869888,86251,1,0,1
1079456,86252,1,1,0
2722568,86253,1,1,0
1317200,86254,1,0,1
454648,86255,1,1,0
945472,86256,1,0,1
865432,86257,1,1,0
3438416,86258,1,0,1
4450824,86259,1,1,0
4320392,86260,1,1,0
168448,86261,1,0,1
5237632,86262,1,0,1
2237560,86263,1,1,0
1790872,86264,1,1,0
2847824,86265,1,1,0
6081312,86266,1,0,1
270544,86267,1,0,1
6282776,86268,1,0,1
1603856,86269,1,1,0
916368,86270,1,1,0
1542664,86271,1,0,1
6560296,86272,1,0,1
5292072,86273,1,1,0
4657248,86274,1,0,1
6634728,86275,1,0,1
502848,86276,1,1,0
279464,86277,1,1,0
2778888,86278,1,1,0
1597536,86279,1,1,0
5635264,86280,1,0,1
7059024,86281,1,1,0
262760,86282,1,0,1
336296,86283,1,0,1
1455968,86284,1,0,1
4976440,86285,1,1,0
2083128,86286,1,0,1
2613920,86287,1,1,0
7802864,86288,1,1,0
5499976,86289,1,0,1
453280,86290,1,1,0
159816,86291,1,0,1
939888,86292,1,0,1
308528,86293,1,1,0
4631392,86294,1,0,1
510248,86295,1,0,1
5432776,86296,1,1,0
7636464,86297,1,1,0
2269232,86298,1,0,1
897400,86299,1,0,1
3518128,86300,1,1,0
7039072,86301,1,0,1
3541936,86302,1,0,1
4393056,86303,1,0,1
4957984,86304,1,1,0
7958912,86305,1,0,1
2734056,86306,1,0,1
790176,86307,1,1,0
407888,86308,1,1,0
5435256,86309,1,0,1
1456008,86310,1,1,0
692648,86311,1,1,0
3303760,86312,1,1,0
1287680,86313,1,0,1
286664,86314,1,1,0
4631576,86315,1,1,0
179480,86316,1,1,0
1380488,86317,1,1,0
439000,86318,1,0,1
129312,86319,1,1,0
1119016,86320,1,1,0
1497848,86321,1,1,0
8188816,86322,1,0,1
1107576,86323,1,0,1
1676304,86324,1,1,0
2935952,86325,1,0,1
1151016,86326,1,1,0
877560,86327,1,0,1
1782136,86328,1,0,1
1565552,86329,1,0,1
987960,86330,1,1,0
4658560,86331,1,1,0
4255008,86332,1,0,1
690496,86333,1,0,1
1363448,86334,1,0,1
406568,86335,1,0,1
7873424,86336,1,0,1
8031696,86337,1,0,1
150344,86338,1,1,0
1728200,86339,1,1,0
2251672,86340,1,0,1
632432,86341,1,1,0
3432776,86342,1,0,1
1309992,86343,1,0,1
517400,86344,1,0,1
4484984,86345,1,1,0
584600,86346,1,0,1
1858312,86347,1,0,1
5428464,86348,1,1,0
930632,86349,1,0,1
2040152,86350,1,0,1
4872592,86351,1,0,1
1041952,86352,1,1,0
645760,86353,1,1,0
5856400,86354,1,1,0
6181600,86355,1,1,0
2639480,86356,1,1,0
2549328,86357,1,1,0
4808160,86358,1,1,0
3063016,86359,1,0,1
7059944,86360,1,0,1
1967320,86361,1,0,1
1017792,86362,1,0,1
2109976,86363,1,0,1
5896416,86364,1,1,0
98816,86365,1,1,0
853624,86366,1,0,1
326240,86367,1,0,1
696040,86368,1,1,0
1477960,86369,1,0,1
446136,86370,1,0,1
4372784,86371,1,0,1
1191160,86372,1,1,0
781024,86373,1,1,0
5973976,86374,1,1,0
2112712,86375,1,0,1
6569512,86376,1,0,1
1777584,86377,1,1,0
7096176,86378,1,0,1
6127056,86379,1,0,1
719032,86380,1,1,0
6742944,86381,1,1,0
7097912,86382,1,1,0
5027056,86383,1,1,0
1164216,86384,1,1,0
500296,86385,1,0,1
8137568,86386,1,0,1
7866328,86387,1,1,0
1757488,86388,1,0,1
202976,86389,1,1,0
684472,86390,1,1,0
3566544,86391,1,0,1
5011456,86392,1,0,1
529032,86393,1,1,0
581592,86394,1,1,0
2803592,86395,1,1,0
3009264,86396,1,0,1
813120,86397,1,0,1
3563392,86398,1,0,1
3469392,86399,1,1,0
4053000,86400,1,0,1
730384,86401,1,0,1
586096,86402,1,1,0
2659280,86403,1,0,1
6540584,86404,1,1,0
150184,86405,1,0,1
632824,86406,1,1,0
2042448,86407,1,1,0
6128600,86408,1,1,0
6354248,86409,1,0,1
181536,86410,1,1,0
2822984,86411,1,1,0
3092984,86412,1,1,0
3002408,86413,1,0,1
5537632,86414,1,1,0
2740280,86415,1,0,1
5800976,86416,1,1,0
6766416,86417,1,1,0
4291536,86418,1,1,0
119352,86419,1,0,1
2909352,86420,1,1,0
5154024,86421,1,0,1
364576,86422,1,0,1
900024,86423,1,1,0
893816,86424,1,0,1
6326744,86425,1,0,1
3659336,86426,1,1,0
673632,86427,1,1,0
7109456,86428,1,1,0
1935976,86429,1,0,1
3608888,86430,1,0,1
1644328,86431,1,0,1
2872200,86432,1,0,1
6845880,86433,1,1,0
4400792,86434,1,0,1
1082336,86435,1,0,1
3930400,86436,1,0,1
393328,86437,1,0,1
2115960,86438,1,1,0
5492792,86439,1,1,0
5060520,86440,1,1,0
4142792,86441,1,0,1
758856,86442,1,0,1
288328,86443,1,1,0
181816,86444,1,1,0
1771312,86445,1,0,1
3568032,86446,1,0,1
3997216,86447,1,0,1
601936,86448,1,0,1
3948280,86449,1,1,0
6664120,86450,1,1,0
8205496,86451,1,1,0
4094160,86452,1,0,1
365528,86453,1,1,0
1717544,86454,1,1,0
3389744,86455,1,0,1
7217248,86456,1,1,0
5199656,86457,1,1,0
6893848,86458,1,1,0
4887224,86459,1,1,0
3712688,86460,1,0,1
7616656,86461,1,1,0
1291216,86462,1,0,1
359496,86463,1,0,1
527088,86464,1,1,0
2157544,86465,1,1,0
2002168,86466,1,1,0
4950440,86467,1,1,0
2028024,86468,1,1,0
2542760,86469,1,0,1
1946760,86470,1,1,0
327496,86471,1,0,1
1887512,86472,1,1,0
1174808,86473,1,1,0
1707272,86474,1,0,1
885336,86475,1,1,0
5519864,86476,1,0,1
6479104,86477,1,1,0
2566768,86478,1,0,1
289784,86479,1,1,0
566784,86480,1,1,0
6118216,86481,1,0,1
4409336,86482,1,0,1
1259280,86483,1,0,1
1000544,86484,1,0,1
1525384,86485,1,1,0
1918976,86486,1,0,1
5392712,86487,1,1,0
8272984,86488,1,0,1
3112856,86489,1,1,0
1390488,86490,1,0,1
68720,86491,1,1,0
1646416,86492,1,1,0
574112,86493,1,1,0
905744,86494,1,0,1
150296,86495,1,1,0
2111272,86496,1,0,1
568136,86497,1,1,0
7041104,86498,1,0,1
463752,86499,1,0,1
2166560,86500,1,1,0
5012760,86501,1,1,0
2103040,86502,1,1,0
1275528,86503,1,0,1
206096,86504,1,1,0
2895152,86505,1,0,1
2449752,86506,1,0,1
1662096,86507,1,1,0
377288,86508,1,1,0
1837008,86509,1,0,1
3077240,86510,1,0,1
1192960,86511,1,0,1
4703328,86512,1,1,0
1357912,86513,1,1,0
6322200,86514,1,0,1
222600,86515,1,1,0
8093952,86516,1,0,1
214712,86517,1,1,0
370016,86518,1,1,0
3047424,86519,1,1,0
733080,86520,1,0,1
7550416,86521,1,0,1
5458560,86522,1,1,0
1001960,86523,1,0,1
348624,86524,1,0,1
1610744,86525,1,1,0
684664,86526,1,1,0
269504,86527,1,1,0
1675888,86528,1,0,1
1640880,86529,1,1,0
175056,86530,1,0,1
965912,86531,1,0,1
3008312,86532,1,1,0
3535232,86533,1,0,1
2895320,86534,1,0,1
930864,86535,1,0,1
917928,86536,1,0,1
564568,86537,1,0,1
678104,86538,1,1,0
7272336,86539,1,0,1
3967432,86540,1,0,1
5236680,86541,1,0,1
769816,86542,1,1,0
607120,86543,1,0,1
1381552,86544,1,0,1
7240024,86545,1,1,0
574952,86546,1,1,0
6679072,86547,1,1,0
1021144,86548,1,0,1
7521008,86549,1,0,1
3861304,86550,1,1,0
7129744,86551,1,0,1
3194336,86552,1,0,1
1266040,86553,1,1,0
2154400,86554,1,0,1
347976,86555,1,0,1
1516048,86556,1,1,0
7582992,86557,1,0,1
3409424,86558,1,1,0
7016400,86559,1,0,1
7013632,86560,1,1,0
901648,86561,1,1,0
8105728,86562,1,0,1
1740976,86563,1,1,0
1632408,86564,1,0,1
873704,86565,1,1,0
2973224,86566,1,0,1
7553112,86567,1,0,1
599240,86568,1,0,1
4290704,86569,1,0,1
698336,86570,1,1,0
2385352,86571,1,1,0
373552,86572,1,1,0
1269616,86573,1,0,1
2149592,86574,1,1,0
2869120,86575,1,0,1
5315496,86576,1,1,0
6925192,86577,1,0,1
2017008,86578,1,1,0
3121936,86579,1,0,1
2323016,86580,1,0,1
3370632,86581,1,1,0
8388088,86582,1,0,1
357712,86583,1,1,0
583576,86584,1,0,1
2182208,86585,1,0,1
2702368,86586,1,0,1
6321624,86587,1,1,0
1178136,86588,1,1,0
4068696,86589,1,0,1
3223248,86590,1,1,0
1496208,86591,1,0,1
3715136,86592,1,1,0
7781760,86593,1,1,0
474080,86594,1,0,1
1266344,86595,1,0,1
1682952,86596,1,1,0
8355768,86597,1,1,0
4892528,86598,1,0,1
996320,86599,1,1,0
1949976,86600,1,1,0
4645072,86601,1,0,1
8260272,86602,1,0,1
938640,86603,1,0,1
1202216,86604,1,1,0
745784,86605,1,0,1
2694768,86606,1,1,0
2537464,86607,1,1,0
1399448,86608,1,1,0
971456,86609,1,1,0
694376,86610,1,0,1
1283520,86611,1,1,0
568624,86612,1,0,1
1383192,86613,1,0,1
2675312,86614,1,1,0
2535560,86615,1,0,1
1538736,86616,1,1,0
6437784,86617,1,0,1
1552520,86618,1,0,1
816336,86619,1,0,1
6172768,86620,1,0,1
1855800,86621,1,1,0
6947552,86622,1,0,1
5521008,86623,1,0,1
7750128,86624,1,0,1
1564072,86625,1,1,0
672096,86626,1,0,1
4881376,86627,1,0,1
5116288,86628,1,0,1
3651056,86629,1,0,1
2081488,86630,1,1,0
2342136,86631,1,1,0
4770992,86632,1,0,1
607800,86633,1,0,1
845824,86634,1,0,1
246472,86635,1,0,1
5103288,86636,1,0,1
743024,86637,1,0,1
3174568,86638,1,0,1
1471640,86639,1,1,0
2629600,86640,1,1,0
5149544,86641,1,0,1
508656,86642,1,1,0
1973192,86643,1,1,0
1284416,86644,1,1,0
5407984,86645,1,1,0
2226936,86646,1,0,1
4309232,86647,1,0,1
296456,86648,1,1,0
2013032,86649,1,0,1
5833208,86650,1,0,1
2675632,86651,1,1,0
676792,86652,1,0,1
1214808,86653,1,1,0
615112,86654,1,1,0
7884936,86655,1,0,1
1709304,86656,1,0,1
7048272,86657,1,1,0
3911816,86658,1,1,0
7805360,86659,1,1,0
2964144,86660,1,1,0
450872,86661,1,1,0
6900272,86662,1,0,1
8034184,86663,1,1,0
2053456,86664,1,0,1
420360,86665,1,0,1
8166632,86666,1,0,1
178672,86667,1,1,0
1557616,86668,1,0,1
5284128,86669,1,0,1
2848760,86670,1,0,1
1499520,86671,1,1,0
313672,86672,1,1,0
427704,86673,1,1,0
1165104,86674,1,0,1
1702184,86675,1,0,1
4976568,86676,1,0,1
947208,86677,1,0,1
339288,86678,1,1,0
2636360,86679,1,1,0
487240,86680,1,1,0
492568,86681,1,1,0
6392520,86682,1,0,1
233096,86683,1,1,0
4194712,86684,1,0,1
357144,86685,1,0,1
2332384,86686,1,1,0
881656,86687,1,1,0
2471240,86688,1,0,1
5148328,86689,1,1,0
1171352,86690,1,0,1
367688,86691,1,1,0
1359184,86692,1,1,0
7644840,86693,1,1,0
123400,86694,1,0,1
5346672,86695,1,0,1
1617976,86696,1,0,1
387488,86697,1,0,1
2703264,86698,1,0,1
2199520,86699,1,0,1
2988552,86700,1,1,0
2654960,86701,1,0,1
4561992,86702,1,1,0
2262232,86703,1,1,0
1076792,86704,1,1,0
830072,86705,1,1,0
7808616,86706,1,1,0
4358256,86707,1,1,0
6321784,86708,1,1,0
2092568,86709,1,0,1
2772128,86710,1,1,0
296688,86711,1,1,0
5030760,86712,1,0,1
766432,86713,1,0,1
2834072,86714,1,0,1
582552,86715,1,0,1
8293992,86716,1,0,1
753168,86717,1,0,1
7984088,86718,1,0,1
762872,86719,1,1,0
1012376,86720,1,1,0
1091304,86721,1,1,0
2979992,86722,1,1,0
5904112,86723,1,1,0
8034824,86724,1,1,0
630384,86725,1,1,0
4467800,86726,1,1,0
834408,86727,1,0,1
2429760,86728,1,1,0
2557456,86729,1,1,0
3378000,86730,1,0,1
2359312,86731,1,0,1
182680,86732,1,0,1
3824288,86733,1,1,0
365328,86734,1,0,1
8082560,86735,1,1,0
1830192,86736,1,1,0
2053872,86737,1,1,0
6247824,86738,1,0,1
2523016,86739,1,0,1
3642912,86740,1,0,1
1812424,86741,1,1,0
6954680,86742,1,0,1
1649432,86743,1,1,0
931584,86744,1,1,0
2840720,86745,1,1,0
4042712,86746,1,0,1
73864,86747,1,0,1
2356448,86748,1,1,0
58120,86749,1,1,0
2777792,86750,1,1,0
567032,86751,1,1,0
472616,86752,1,0,1
7192992,86753,1,0,1
1129200,86754,1,1,0
5165688,86755,1,1,0
1525776,86756,1,0,1
2491304,86757,1,0,1
2115912,86758,1,0,1
6972088,86759,1,0,1
5855624,86760,1,1,0
1575768,86761,1,0,1
552848,86762,1,1,0
1673624,86763,1,0,1
5416472,86764,1,0,1
2481328,86765,1,0,1
1618104,86766,1,0,1
696112,86767,1,0,1
758224,86768,1,0,1
5207376,86769,1,0,1
1642712,86770,1,0,1
2626448,86771,1,1,0
999392,86772,1,0,1
1984296,86773,1,0,1
188584,86774,1,1,0
3920032,86775,1,0,1
1845952,86776,1,1,0
1640248,86777,1,1,0
283752,86778,1,1,0
1112768,86779,1,1,0
1761288,86780,1,1,0
3531056,86781,1,1,0
7295792,86782,1,1,0
6164336,86783,1,0,1
2795800,86784,1,1,0
1583928,86785,1,1,0
2692208,86786,1,0,1
7780648,86787,1,1,0
593992,86788,1,1,0
421976,86789,1,1,0
3036200,86790,1,0,1
2623040,86791,1,1,0
335952,86792,1,0,1
4761536,86793,1,0,1
1737880,86794,1,1,0
6619432,86795,1,0,1
4072272,86796,1,0,1
4681904,86797,1,1,0
789912,86798,1,1,0
6776960,86799,1,0,1
512504,86800,1,0,1
1805224,86801,1,1,0
1408008,86802,1,0,1
671864,86803,1,0,1
1860760,86804,1,1,0
1210736,86805,1,1,0
1895184,86806,1,1,0
288920,86807,1,1,0
1606280,86808,1,1,0
6615368,86809,1,0,1
2497120,86810,1,1,0
5180200,86811,1,1,0
1293616,86812,1,0,1
389144,86813,1,0,1
1755672,86814,1,0,1
1607656,86815,1,1,0
1844496,86816,1,1,0
1795944,86817,1,0,1
1270440,86818,1,1,0
7021672,86819,1,0,1
6706384,86820,1,0,1
3572768,86821,1,1,0
4475392,86822,1,1,0
5750808,86823,1,0,1
6757696,86824,1,1,0
6014608,86825,1,1,0
5119944,86826,1,1,0
1263840,86827,1,1,0
7397208,86828,1,0,1
1075536,86829,1,0,1
2358176,86830,1,1,0
1099944,86831,1,0,1
1195968,86832,1,1,0
2418336,86833,1,1,0
312408,86834,1,0,1
1243712,86835,1,0,1
4305304,86836,1,1,0
4711792,86837,1,0,1
390128,86838,1,0,1
4768240,86839,1,1,0
1381160,86840,1,0,1
7410544,86841,1,1,0
937240,86842,1,0,1
1538336,86843,1,1,0
2054032,86844,1,0,1
2292704,86845,1,0,1
3063680,86846,1,1,0
5724224,86847,1,0,1
3258064,86848,1,0,1
2583712,86849,1,0,1
1158656,86850,1,1,0
2242760,86851,1,1,0
169344,86852,1,1,0
3470968,86853,1,0,1
6866320,86854,1,1,0
887904,86855,1,1,0
486312,86856,1,1,0
8245784,86857,1,0,1
712360,86858,1,1,0
3104232,86859,1,0,1
2348760,86860,1,1,0
3273896,86861,1,1,0
72248,86862,1,1,0
2171016,86863,1,1,0
3595904,86864,1,1,0
2366656,86865,1,0,1
6476536,86866,1,0,1
719544,86867,1,1,0
7530936,86868,1,0,1
1156160,86869,1,1,0
6153760,86870,1,0,1
7803760,86871,1,1,0
5480984,86872,1,1,0
1633136,86873,1,0,1
748504,86874,1,1,0
2896808,86875,1,0,1
2622888,86876,1,1,0
3564456,86877,1,0,1
5799736,86878,1,1,0
1320656,86879,1,0,1
259688,86880,1,0,1
223648,86881,1,0,1
6224408,86882,1,1,0
2286592,86883,1,0,1
1321192,86884,1,1,0
3373368,86885,1,0,1
3541840,86886,1,0,1
4703208,86887,1,1,0
632392,86888,1,1,0
418424,86889,1,1,0
2563232,86890,1,0,1
6123488,86891,1,0,1
2779008,86892,1,1,0
1384568,86893,1,0,1
278592,86894,1,1,0
1576648,86895,1,0,1
4212816,86896,1,1,0
4866728,86897,1,1,0
811136,86898,1,1,0
1374776,86899,1,0,1
1329592,86900,1,1,0
1135928,86901,1,0,1
1644208,86902,1,1,0
652664,86903,1,0,1
2100304,86904,1,1,0
624360,86905,1,0,1
1921552,86906,1,0,1
3870168,86907,1,0,1
632416,86908,1,0,1
1740408,86909,1,1,0
4549040,86910,1,1,0
7215128,86911,1,0,1
4835440,86912,1,0,1
3871872,86913,1,1,0
1285512,86914,1,1,0
5862608,86915,1,1,0
1174960,86916,1,0,1
548064,86917,1,1,0
1183688,86918,1,1,0
7270496,86919,1,0,1
1291944,86920,1,0,1
1286072,86921,1,1,0
1105056,86922,1,1,0
309880,86923,1,1,0
2404296,86924,1,1,0
3100696,86925,1,1,0
1257592,86926,1,1,0
2891168,86927,1,0,1
666528,86928,1,1,0
1928440,86929,1,0,1
3677008,86930,1,1,0
232120,86931,1,1,0
788552,86932,1,0,1
3082552,86933,1,0,1
6051288,86934,1,0,1
596808,86935,1,1,0
4277464,86936,1,1,0
6925000,86937,1,0,1
2490320,86938,1,0,1
688128,86939,1,0,1
297504,86940,1,0,1
6728216,86941,1,1,0
489984,86942,1,0,1
4195800,86943,1,1,0
5469840,86944,1,0,1
5630008,86945,1,1,0
178504,86946,1,1,0
1727128,86947,1,1,0
3533704,86948,1,0,1
3440904,86949,1,1,0
2769672,86950,1,0,1
3328696,86951,1,1,0
5610120,86952,1,0,1
7134880,86953,1,1,0
6418928,86954,1,1,0
4313952,86955,1,0,1
7285008,86956,1,0,1
2230184,86957,1,1,0
1451992,86958,1,1,0
2582272,86959,1,0,1
3263736,86960,1,1,0
1727384,86961,1,0,1
2657440,86962,1,0,1
3501264,86963,1,1,0
3082336,86964,1,1,0
3114144,86965,1,1,0
2431024,86966,1,1,0
546184,86967,1,0,1
7024800,86968,1,0,1
4982344,86969,1,0,1
814368,86970,1,1,0
563824,86971,1,0,1
3327512,86972,1,1,0
3722152,86973,1,0,1
1252048,86974,1,0,1
2790912,86975,1,1,0
1597192,86976,1,0,1
7258328,86977,1,1,0
246688,86978,1,0,1
1115888,86979,1,1,0
1557576,86980,1,0,1
1150792,86981,1,0,1
930264,86982,1,0,1
1561920,86983,1,1,0
3218192,86984,1,1,0
5709496,86985,1,1,0
1169472,86986,1,0,1
4552416,86987,1,1,0
542232,86988,1,0,1
4642088,86989,1,0,1
5062736,86990,1,1,0
603392,86991,1,0,1
7489656,86992,1,1,0
4497536,86993,1,0,1
1509744,86994,1,0,1
7820040,86995,1,0,1
3955160,86996,1,1,0
374224,86997,1,1,0
808672,86998,1,0,1
2306648,86999,1,0,1
1379240,87000,1,0,1
4821504,87001,1,1,0
1050352,87002,1,1,0
1753376,87003,1,1,0
2607088,87004,1,0,1
8111208,87005,1,1,0
225160,87006,1,1,0
2872184,87007,1,0,1
304096,87008,1,0,1
6175512,87009,1,1,0
524704,87010,1,1,0
2394320,87011,1,1,0
7248952,87012,1,1,0
2477672,87013,1,1,0
1799000,87014,1,1,0
3240440,87015,1,1,0
529000,87016,1,0,1
451896,87017,1,1,0
1449160,87018,1,1,0
5107568,87019,1,1,0
2411768,87020,1,1,0
3164976,87021,1,1,0
4939216,87022,1,1,0
1282080,87023,1,0,1
2933176,87024,1,1,0
1673320,87025,1,0,1
1013808,87026,1,1,0
6742680,87027,1,0,1
1348160,87028,1,1,0
7166280,87029,1,1,0
4163376,87030,1,0,1
2603624,87031,1,0,1
826680,87032,1,1,0
5840000,87033,1,1,0
5308360,87034,1,0,1
2130176,87035,1,0,1
1015536,87036,1,1,0
757792,87037,1,1,0
3273264,87038,1,1,0
124032,87039,1,1,0
2093016,87040,1,1,0
4028456,87041,1,0,1
5365840,87042,1,0,1
334272,87043,1,1,0
7442656,87044,1,0,1
877528,87045,1,1,0
2243024,87046,1,1,0
789280,87047,1,0,1
327616,87048,1,1,0
2105192,87049,1,0,1
3857232,87050,1,1,0
2228128,87051,1,0,1
5105696,87052,1,0,1
2026856,87053,1,0,1
1050968,87054,1,1,0
4467120,87055,1,0,1
1454768,87056,1,1,0
1211352,87057,1,1,0
1594248,87058,1,0,1
1725608,87059,1,0,1
4606672,87060,1,0,1
4287664,87061,1,0,1
3677960,87062,1,0,1
221200,87063,1,1,0
819888,87064,1,0,1
3319560,87065,1,1,0
542080,87066,1,0,1
904688,87067,1,0,1
4821688,87068,1,0,1
502528,87069,1,0,1
2033120,87070,1,0,1
2902856,87071,1,1,0
2190624,87072,1,1,0
3469832,87073,1,0,1
3697104,87074,1,0,1
2210160,87075,1,1,0
3617520,87076,1,1,0
2224688,87077,1,1,0
574160,87078,1,0,1
6648112,87079,1,1,0
2717544,87080,1,1,0
7878128,87081,1,1,0
981912,87082,1,0,1
911208,87083,1,0,1
1455416,87084,1,1,0
1579776,87085,1,1,0
2671208,87086,1,0,1
3923496,87087,1,0,1
536672,87088,1,0,1
6718712,87089,1,1,0
850528,87090,1,1,0
3692144,87091,1,0,1
3169680,87092,1,0,1
6490992,87093,1,0,1
1721264,87094,1,1,0
2068448,87095,1,1,0
671600,87096,1,0,1
1749832,87097,1,0,1
1889144,87098,1,0,1
8294056,87099,1,0,1
2865472,87100,1,0,1
607096,87101,1,1,0
3849360,87102,1,1,0
4088792,87103,1,0,1
447832,87104,1,1,0
1724576,87105,1,0,1
3305280,87106,1,0,1
5341728,87107,1,0,1
8247840,87108,1,1,0
903976,87109,1,0,1
371584,87110,1,0,1
3150432,87111,1,1,0
4935240,87112,1,0,1
5304176,87113,1,1,0
4892688,87114,1,1,0
462536,87115,1,1,0
1087656,87116,1,1,0
4531032,87117,1,1,0
899640,87118,1,0,1
3466784,87119,1,1,0
4732440,87120,1,0,1
3638512,87121,1,0,1
264216,87122,1,0,1
857872,87123,1,1,0
7248264,87124,1,0,1
1954600,87125,1,1,0
4922528,87126,1,1,0
1275256,87127,1,1,0
1034216,87128,1,0,1
1863048,87129,1,1,0
3924216,87130,1,1,0
7953240,87131,1,1,0
454080,87132,1,0,1
4450776,87133,1,0,1
350000,87134,1,0,1
3790752,87135,1,1,0
2026936,87136,1,1,0
3374440,87137,1,0,1
1137736,87138,1,0,1
5776568,87139,1,1,0
2913816,87140,1,0,1
2992144,87141,1,1,0
160464,87142,1,1,0
251280,87143,1,1,0
1821440,87144,1,0,1
4828968,87145,1,0,1
3206888,87146,1,1,0
2144496,87147,1,0,1
247816,87148,1,1,0
6454816,87149,1,0,1
385560,87150,1,1,0
1489968,87151,1,0,1
2228272,87152,1,1,0
6021088,87153,1,1,0
860536,87154,1,1,0
3338880,87155,1,1,0
1655744,87156,1,0,1
1809168,87157,1,0,1
1405576,87158,1,1,0
2647536,87159,1,0,1
3112968,87160,1,0,1
677512,87161,1,1,0
595912,87162,1,0,1
2446040,87163,1,1,0
3604208,87164,1,0,1
2436688,87165,1,0,1
1876480,87166,1,0,1
1162984,87167,1,0,1
2919024,87168,1,1,0
4498352,87169,1,1,0
185040,87170,1,0,1
1615280,87171,1,0,1
2123360,87172,1,1,0
4382104,87173,1,1,0
682264,87174,1,0,1
6280696,87175,1,1,0
3027944,87176,1,1,0
920064,87177,1,0,1
434704,87178,1,0,1
1504232,87179,1,1,0
3340376,87180,1,0,1
1558816,87181,1,0,1
8126256,87182,1,1,0
1008792,87183,1,0,1
7554600,87184,1,0,1
296760,87185,1,0,1
4574416,87186,1,0,1
4088216,87187,1,1,0
4271456,87188,1,1,0
472520,87189,1,1,0
858520,87190,1,1,0
3401704,87191,1,0,1
1394392,87192,1,1,0
1693144,87193,1,1,0
4067800,87194,1,1,0
5373688,87195,1,1,0
711328,87196,1,0,1
4524888,87197,1,0,1
4451800,87198,1,1,0
598192,87199,1,1,0
2323464,87200,1,0,1
5607704,87201,1,0,1
2976432,87202,1,0,1
579416,87203,1,0,1
1431632,87204,1,0,1
6468840,87205,1,1,0
2697864,87206,1,1,0
6510080,87207,1,1,0
1573440,87208,1,0,1
3474776,87209,1,1,0
6613032,87210,1,1,0
2719360,87211,1,0,1
1456888,87212,1,1,0
754448,87213,1,0,1
1725536,87214,1,1,0
6459344,87215,1,0,1
839088,87216,1,1,0
558088,87217,1,0,1
8010480,87218,1,1,0
703672,87219,1,1,0
4822232,87220,1,0,1
533880,87221,1,1,0
3783648,87222,1,0,1
1904832,87223,1,1,0
7498792,87224,1,1,0
8078008,87225,1,1,0
6779848,87226,1,0,1
2423344,87227,1,1,0
1114848,87228,1,1,0
3239688,87229,1,1,0
5072504,87230,1,0,1
2162352,87231,1,0,1
1235576,87232,1,0,1
752128,87233,1,1,0
3533688,87234,1,1,0
5455656,87235,1,1,0
1477856,87236,1,0,1
2107528,87237,1,0,1
300488,87238,1,0,1
1963008,87239,1,1,0
1203848,87240,1,0,1
3822640,87241,1,0,1
3177472,87242,1,1,0
2264936,87243,1,1,0
444656,87244,1,0,1
2962600,87245,1,1,0
4802040,87246,1,0,1
775168,87247,1,1,0
5855864,87248,1,0,1
5391184,87249,1,1,0
6741736,87250,1,1,0
7331592,87251,1,0,1
2232824,87252,1,1,0
3888384,87253,1,1,0
4784504,87254,1,0,1
775728,87255,1,0,1
7730704,87256,1,1,0
3321152,87257,1,0,1
1950424,87258,1,1,0
3659712,87259,1,0,1
113544,87260,1,1,0
1903560,87261,1,1,0
4928248,87262,1,0,1
5128960,87263,1,0,1
3905624,87264,1,0,1
4029696,87265,1,1,0
6202408,87266,1,0,1
705272,87267,1,1,0
6672984,87268,1,1,0
6222984,87269,1,1,0
601680,87270,1,0,1
3357208,87271,1,0,1
1027720,87272,1,1,0
3178640,87273,1,0,1
2779600,87274,1,0,1
2279360,87275,1,0,1
2806584,87276,1,0,1
929208,87277,1,1,0
686192,87278,1,1,0
3429448,87279,1,0,1
3257040,87280,1,0,1
7296080,87281,1,1,0
7222208,87282,1,1,0
769808,87283,1,1,0
2490928,87284,1,0,1
1820624,87285,1,0,1
4829920,87286,1,0,1
1357960,87287,1,1,0
5862384,87288,1,0,1
261688,87289,1,1,0
744808,87290,1,0,1
6248920,87291,1,0,1
348120,87292,1,0,1
2299800,87293,1,1,0
7991064,87294,1,1,0
1014488,87295,1,1,0
5756696,87296,1,1,0
3776464,87297,1,0,1
526096,87298,1,0,1
1706704,87299,1,0,1
2482760,87300,1,1,0
1547752,87301,1,0,1
534568,87302,1,0,1
1904984,87303,1,1,0
5972368,87304,1,0,1
772384,87305,1,0,1
2295552,87306,1,0,1
3672704,87307,1,0,1
3745192,87308,1,1,0
944736,87309,1,1,0
747680,87310,1,1,0
394600,87311,1,0,1
4368968,87312,1,0,1
2844304,87313,1,0,1
4870496,87314,1,1,0
617280,87315,1,1,0
2626024,87316,1,0,1
1303696,87317,1,1,0
7285560,87318,1,0,1
3635832,87319,1,0,1
1027176,87320,1,0,1
4733520,87321,1,0,1
7323400,87322,1,0,1
7283704,87323,1,0,1
8156488,87324,1,0,1
1064080,87325,1,0,1
1115520,87326,1,1,0
7004584,87327,1,0,1
4138664,87328,1,1,0
3566864,87329,1,1,0
4849552,87330,1,0,1
1442584,87331,1,0,1
6352008,87332,1,1,0
1036616,87333,1,1,0
2496216,87334,1,1,0
4649752,87335,1,0,1
4953400,87336,1,0,1
1609384,87337,1,1,0
6388960,87338,1,1,0
5677224,87339,1,0,1
3439424,87340,1,0,1
328448,87341,1,0,1
4058776,87342,1,0,1
457816,87343,1,0,1
6114808,87344,1,0,1
737120,87345,1,1,0
1472512,87346,1,1,0
1347336,87347,1,1,0
2680944,87348,1,1,0
6615712,87349,1,0,1
2808776,87350,1,0,1
851352,87351,1,1,0
673776,87352,1,1,0
4281352,87353,1,1,0
2806088,87354,1,0,1
5640240,87355,1,1,0
1359136,87356,1,1,0
5226512,87357,1,1,0
3611056,87358,1,1,0
800280,87359,1,0,1
3568656,87360,1,0,1
2596896,87361,1,0,1
6205600,87362,1,1,0
4643568,87363,1,0,1
2181192,87364,1,1,0
575728,87365,1,0,1
2401896,87366,1,1,0
7511920,87367,1,1,0
790624,87368,1,0,1
3522888,87369,1,0,1
6144240,87370,1,0,1
2733648,87371,1,1,0
3624008,87372,1,0,1
459216,87373,1,1,0
926216,87374,1,1,0
427064,87375,1,0,1
3338280,87376,1,1,0
956056,87377,1,1,0
1635632,87378,1,0,1
1789656,87379,1,1,0
291480,87380,1,1,0
2945472,87381,1,1,0
7583064,87382,1,1,0
126392,87383,1,1,0
7996176,87384,1,1,0
182408,87385,1,1,0
2457216,87386,1,1,0
5124984,87387,1,1,0
2213424,87388,1,1,0
1884504,87389,1,1,0
918224,87390,1,1,0
2879520,87391,1,1,0
2430776,87392,1,1,0
1375936,87393,1,1,0
2258384,87394,1,0,1
7286592,87395,1,1,0
3570600,87396,1,0,1
267888,87397,1,1,0
6308064,87398,1,0,1
133128,87399,1,1,0
4452104,87400,1,1,0
6305608,87401,1,1,0
4012952,87402,1,0,1
779528,87403,1,1,0
964928,87404,1,0,1
1295920,87405,1,0,1
2081856,87406,1,0,1
130152,87407,1,1,0
6163016,87408,1,0,1
3226968,87409,1,0,1
348752,87410,1,1,0
2513640,87411,1,0,1
477984,87412,1,0,1
509440,87413,1,1,0
3424840,87414,1,0,1
1016880,87415,1,0,1
136256,87416,1,0,1
1562424,87417,1,1,0
567872,87418,1,0,1
7940944,87419,1,0,1
1590216,87420,1,1,0
5671240,87421,1,1,0
4997000,87422,1,1,0
3393272,87423,1,1,0
4245896,87424,1,0,1
3193008,87425,1,0,1
507624,87426,1,1,0
7921704,87427,1,0,1
8375448,87428,1,1,0
1413616,87429,1,0,1
1224984,87430,1,0,1
355448,87431,1,1,0
949824,87432,1,1,0
532776,87433,1,0,1
3247512,87434,1,1,0
6741536,87435,1,0,1
1366248,87436,1,1,0
2206568,87437,1,1,0
1445600,87438,1,1,0
130296,87439,1,1,0
2910128,87440,1,1,0
1546648,87441,1,1,0
153360,87442,1,0,1
5500648,87443,1,1,0
5669128,87444,1,0,1
757880,87445,1,0,1
315664,87446,1,1,0
1240224,87447,1,0,1
4050064,87448,1,1,0
1043184,87449,1,1,0
2215184,87450,1,1,0
1737008,87451,1,1,0
645976,87452,1,1,0
3888272,87453,1,1,0
5196984,87454,1,0,1
463528,87455,1,1,0
1807304,87456,1,0,1
6004200,87457,1,1,0
360336,87458,1,1,0
287000,87459,1,1,0
835248,87460,1,1,0
2444584,87461,1,0,1
3638448,87462,1,1,0
4295272,87463,1,1,0
2064336,87464,1,1,0
2889272,87465,1,1,0
406944,87466,1,0,1
1855816,87467,1,1,0
1126712,87468,1,1,0
3627664,87469,1,0,1
6908376,87470,1,1,0
2215624,87471,1,1,0
5777288,87472,1,1,0
5451328,87473,1,1,0
853216,87474,1,0,1
517240,87475,1,0,1
613608,87476,1,1,0
558096,87477,1,0,1
6766672,87478,1,0,1
1643280,87479,1,1,0
437728,87480,1,0,1
2469064,87481,1,1,0
7595080,87482,1,1,0
3743680,87483,1,1,0
347368,87484,1,1,0
2449088,87485,1,0,1
5104048,87486,1,1,0
2037120,87487,1,1,0
1179928,87488,1,1,0
1308832,87489,1,1,0
7141664,87490,1,1,0
1221648,87491,1,1,0
400000,87492,1,0,1
1705152,87493,1,0,1
2208120,87494,1,0,1
2083544,87495,1,1,0
1354584,87496,1,1,0
6568136,87497,1,0,1
6373072,87498,1,1,0
1707632,87499,1,0,1
7571352,87500,1,1,0
7150360,87501,1,1,0
4181840,87502,1,1,0
1930720,87503,1,0,1
979072,87504,1,0,1
1478928,87505,1,0,1
3316496,87506,1,1,0
6752048,87507,1,0,1
691584,87508,1,1,0
2978616,87509,1,0,1
3594952,87510,1,0,1
568920,87511,1,0,1
7245376,87512,1,1,0
2959008,87513,1,0,1
8029392,87514,1,0,1
1434760,87515,1,0,1
2585096,87516,1,1,0
5359624,87517,1,1,0
5040224,87518,1,1,0
438992,87519,1,1,0
1866440,87520,1,0,1
3583728,87521,1,1,0
4938768,87522,1,1,0
253872,87523,1,1,0
7127024,87524,1,1,0
2423488,87525,1,0,1
348920,87526,1,1,0
4501264,87527,1,0,1
5298024,87528,1,1,0
5616072,87529,1,1,0
1446088,87530,1,0,1
712776,87531,1,1,0
54288,87532,1,1,0
5197008,87533,1,0,1
2442320,87534,1,1,0
6703216,87535,1,0,1
3720696,87536,1,0,1
1921424,87537,1,1,0
816224,87538,1,1,0
1958168,87539,1,1,0
4052400,87540,1,1,0
5614448,87541,1,0,1
1746296,87542,1,0,1
2365128,87543,1,1,0
798480,87544,1,0,1
756384,87545,1,0,1
7521080,87546,1,1,0
2520952,87547,1,1,0
1831248,87548,1,1,0
1226064,87549,1,1,0
5566568,87550,1,0,1
234472,87551,1,1,0
5678960,87552,1,0,1
3450536,87553,1,1,0
4362344,87554,1,1,0
2191192,87555,1,0,1
713440,87556,1,1,0
768552,87557,1,1,0
6858592,87558,1,1,0
3273728,87559,1,1,0
2177976,87560,1,1,0
4637136,87561,1,0,1
4434376,87562,1,0,1
179144,87563,1,1,0
951656,87564,1,1,0
391224,87565,1,0,1
2020520,87566,1,1,0
2540520,87567,1,0,1
3490856,87568,1,1,0
1071392,87569,1,0,1
5002784,87570,1,1,0
2978840,87571,1,0,1
6059432,87572,1,1,0
2282784,87573,1,0,1
1424760,87574,1,0,1
4107072,87575,1,0,1
3268312,87576,1,1,0
1035328,87577,1,1,0
6326176,87578,1,1,0
343080,87579,1,1,0
2719456,87580,1,0,1
3551344,87581,1,0,1
2113448,87582,1,1,0
5426528,87583,1,0,1
1563464,87584,1,1,0
530168,87585,1,0,1
2431008,87586,1,1,0
4089376,87587,1,0,1
3512368,87588,1,1,0
1347224,87589,1,0,1
1256296,87590,1,1,0
1469128,87591,1,1,0
1396872,87592,1,1,0
497664,87593,1,1,0
7888016,87594,1,0,1
1373480,87595,1,1,0
525112,87596,1,1,0
361584,87597,1,1,0
8298424,87598,1,0,1
2993160,87599,1,1,0
2282288,87600,1,1,0
1014752,87601,1,1,0
1790736,87602,1,1,0
1883368,87603,1,1,0
7067328,87604,1,1,0
699384,87605,1,0,1
2962432,87606,1,1,0
4171288,87607,1,0,1
3507352,87608,1,0,1
476456,87609,1,0,1
1659536,87610,1,1,0
7719184,87611,1,1,0
3324832,87612,1,1,0
6615920,87613,1,1,0
1267216,87614,1,0,1
1582896,87615,1,1,0
328736,87616,1,0,1
1951632,87617,1,1,0
6450472,87618,1,1,0
3509984,87619,1,1,0
5137488,87620,1,1,0
3204240,87621,1,0,1
3556760,87622,1,0,1
822704,87623,1,1,0
1758040,87624,1,1,0
621728,87625,1,1,0
1046240,87626,1,0,1
7235992,87627,1,0,1
309856,87628,1,1,0
1301824,87629,1,0,1
1373248,87630,1,1,0
4251688,87631,1,0,1
4449832,87632,1,1,0
2696336,87633,1,0,1
3353912,87634,1,0,1
6398864,87635,1,0,1
1683872,87636,1,1,0
2123720,87637,1,0,1
995200,87638,1,0,1
572848,87639,1,0,1
7024672,87640,1,0,1
139208,87641,1,0,1
1078128,87642,1,0,1
738560,87643,1,0,1
7717208,87644,1,1,0
3849120,87645,1,0,1
521896,87646,1,1,0
4759888,87647,1,1,0
1830512,87648,1,0,1
582000,87649,1,0,1
271000,87650,1,1,0
4512568,87651,1,0,1
7102952,87652,1,1,0
419216,87653,1,0,1
2200528,87654,1,1,0
5275800,87655,1,0,1
5187448,87656,1,0,1
5740240,87657,1,1,0
2323272,87658,1,0,1
124240,87659,1,0,1
793936,87660,1,0,1
331216,87661,1,1,0
5249232,87662,1,0,1
3886264,87663,1,1,0
206704,87664,1,0,1
718464,87665,1,1,0
3501320,87666,1,0,1
3439544,87667,1,0,1
1316704,87668,1,0,1
7568264,87669,1,1,0
4439136,87670,1,1,0
1045536,87671,1,0,1
5234912,87672,1,0,1
1249024,87673,1,1,0
2109808,87674,1,0,1
449120,87675,1,0,1
419808,87676,1,0,1
1145536,87677,1,1,0
2630056,87678,1,1,0
3788832,87679,1,1,0
3340240,87680,1,0,1
2227656,87681,1,0,1
838368,87682,1,0,1
433312,87683,1,1,0
686600,87684,1,1,0
5081784,87685,1,0,1
8333464,87686,1,1,0
2510296,87687,1,1,0
3003200,87688,1,0,1
6091496,87689,1,0,1
3260944,87690,1,0,1
6419712,87691,1,1,0
3767200,87692,1,1,0
7420264,87693,1,0,1
524192,87694,1,1,0
5496848,87695,1,1,0
620896,87696,1,0,1
8122448,87697,1,1,0
2533928,87698,1,1,0
7968056,87699,1,1,0
7864424,87700,1,1,0
7540216,87701,1,1,0
6420112,87702,1,1,0
3487912,87703,1,1,0
1327272,87704,1,0,1
4185864,87705,1,0,1
2914776,87706,1,0,1
1180096,87707,1,1,0
1356096,87708,1,0,1
6524784,87709,1,1,0
5923504,87710,1,1,0
1110240,87711,1,1,0
1558080,87712,1,1,0
2700712,87713,1,1,0
1408616,87714,1,1,0
799680,87715,1,0,1
6312072,87716,1,1,0
278384,87717,1,0,1
1133792,87718,1,1,0
7777792,87719,1,0,1
4124528,87720,1,0,1
3138480,87721,1,1,0
1400576,87722,1,0,1
956944,87723,1,0,1
5204144,87724,1,1,0
5125568,87725,1,1,0
987240,87726,1,0,1
905264,87727,1,1,0
748784,87728,1,1,0
2139056,87729,1,1,0
1355472,87730,1,1,0
2726608,87731,1,1,0
357832,87732,1,1,0
6103232,87733,1,0,1
749488,87734,1,1,0
1062440,87735,1,0,1
1193608,87736,1,1,0
2915040,87737,1,0,1
6427752,87738,1,0,1
1753672,87739,1,1,0
3711776,87740,1,1,0
2415240,87741,1,1,0
6918632,87742,1,0,1
5122112,87743,1,0,1
1657168,87744,1,0,1
588336,87745,1,1,0
1925968,87746,1,1,0
6597288,87747,1,0,1
2785240,87748,1,0,1
2389704,87749,1,0,1
232952,87750,1,0,1
871496,87751,1,0,1
229384,87752,1,1,0
582280,87753,1,1,0
872840,87754,1,0,1
2886224,87755,1,0,1
3978088,87756,1,0,1
1172848,87757,1,1,0
1174352,87758,1,0,1
1547912,87759,1,0,1
622000,87760,1,0,1
2414968,87761,1,0,1
6695448,87762,1,0,1
362448,87763,1,1,0
3925384,87764,1,0,1
6555960,87765,1,1,0
2847808,87766,1,0,1
495008,87767,1,0,1
687920,87768,1,0,1
6227472,87769,1,0,1
6453360,87770,1,0,1
5843408,87771,1,1,0
7351984,87772,1,0,1
513592,87773,1,0,1
1762856,87774,1,1,0
698320,87775,1,1,0
1024144,87776,1,1,0
8355928,87777,1,1,0
2384960,87778,1,0,1
710808,87779,1,1,0
2305296,87780,1,0,1
3842608,87781,1,0,1
358136,87782,1,1,0
312256,87783,1,1,0
636528,87784,1,0,1
642224,87785,1,1,0
867088,87786,1,1,0
251792,87787,1,0,1
3438888,87788,1,1,0
841512,87789,1,1,0
669168,87790,1,0,1
5215632,87791,1,1,0
881960,87792,1,1,0
6687416,87793,1,0,1
3050264,87794,1,1,0
3338728,87795,1,0,1
744064,87796,1,0,1
5962112,87797,1,0,1
6500232,87798,1,1,0
652528,87799,1,1,0
2518536,87800,1,1,0
4524920,87801,1,1,0
7515096,87802,1,0,1
7598648,87803,1,0,1
3964224,87804,1,1,0
6182200,87805,1,1,0
685664,87806,1,1,0
882848,87807,1,0,1
8131800,87808,1,0,1
4942712,87809,1,1,0
5109432,87810,1,0,1
812232,87811,1,0,1
944688,87812,1,0,1
710312,87813,1,1,0
5676784,87814,1,1,0
371320,87815,1,1,0
3557136,87816,1,0,1
802880,87817,1,1,0
2796536,87818,1,1,0
1283376,87819,1,0,1
498768,87820,1,1,0
5750336,87821,1,1,0
1178024,87822,1,1,0
3781928,87823,1,1,0
3696576,87824,1,1,0
2787440,87825,1,1,0
1101688,87826,1,1,0
558336,87827,1,1,0
1278936,87828,1,1,0
794424,87829,1,1,0
479064,87830,1,0,1
8160864,87831,1,0,1
547352,87832,1,0,1
5163408,87833,1,0,1
4507744,87834,1,1,0
3806600,87835,1,0,1
2737608,87836,1,0,1
3634760,87837,1,1,0
7193104,87838,1,1,0
3032608,87839,1,1,0
1815472,87840,1,1,0
5400192,87841,1,0,1
3951120,87842,1,1,0
7161840,87843,1,0,1
175560,87844,1,0,1
1362856,87845,1,0,1
688768,87846,1,0,1
357848,87847,1,1,0
2110776,87848,1,1,0
444576,87849,1,0,1
3301240,87850,1,0,1
1148336,87851,1,1,0
6021976,87852,1,0,1
751984,87853,1,1,0
4654872,87854,1,0,1
1291496,87855,1,0,1
4797200,87856,1,0,1
250368,87857,1,1,0
169320,87858,1,1,0
663688,87859,1,1,0
623376,87860,1,0,1
430504,87861,1,1,0
8225632,87862,1,1,0
2204488,87863,1,1,0
540000,87864,1,1,0
2461544,87865,1,0,1
1423240,87866,1,1,0
4529048,87867,1,0,1
531680,87868,1,0,1
1016280,87869,1,0,1
822016,87870,1,0,1
399664,87871,1,0,1
3770560,87872,1,1,0
3907640,87873,1,1,0
1722552,87874,1,0,1
1868424,87875,1,0,1
2057576,87876,1,1,0
2605896,87877,1,0,1
1236040,87878,1,0,1
5380360,87879,1,1,0
1630880,87880,1,0,1
1234896,87881,1,1,0
3713536,87882,1,0,1
2847960,87883,1,0,1
7626752,87884,1,0,1
3837624,87885,1,0,1
7846696,87886,1,0,1
2125280,87887,1,1,0
8026904,87888,1,0,1
783768,87889,1,0,1
2454432,87890,1,1,0
3809696,87891,1,1,0
2761416,87892,1,1,0
3808376,87893,1,0,1
3205960,87894,1,1,0
2562560,87895,1,1,0
5707600,87896,1,0,1
3403648,87897,1,1,0
7756560,87898,1,1,0
5065056,87899,1,1,0
2840912,87900,1,0,1
429264,87901,1,1,0
1054912,87902,1,1,0
5498096,87903,1,0,1
4241560,87904,1,1,0
2298152,87905,1,1,0
394712,87906,1,0,1
7201216,87907,1,1,0
230456,87908,1,0,1
2887152,87909,1,0,1
3986896,87910,1,0,1
771600,87911,1,0,1
1610456,87912,1,0,1
1695856,87913,1,0,1
3385608,87914,1,1,0
1811056,87915,1,0,1
1114672,87916,1,0,1
3197128,87917,1,1,0
7917776,87918,1,1,0
2450808,87919,1,0,1
4654288,87920,1,1,0
3116776,87921,1,0,1
259432,87922,1,1,0
7656336,87923,1,1,0
250008,87924,1,1,0
495992,87925,1,1,0
2625024,87926,1,0,1
1442400,87927,1,1,0
7215744,87928,1,0,1
869896,87929,1,0,1
3319640,87930,1,1,0
5483736,87931,1,1,0
3635416,87932,1,0,1
6782472,87933,1,1,0
187552,87934,1,0,1
7187952,87935,1,0,1
3724296,87936,1,0,1
112744,87937,1,1,0
4212360,87938,1,1,0
2716144,87939,1,0,1
1958904,87940,1,1,0
469672,87941,1,1,0
3014112,87942,1,1,0
8248240,87943,1,0,1
8163112,87944,1,1,0
754128,87945,1,0,1
7226216,87946,1,1,0
3705448,87947,1,0,1
3793112,87948,1,1,0
493520,87949,1,0,1
6832648,87950,1,1,0
3520328,87951,1,1,0
991648,87952,1,1,0
3381584,87953,1,0,1
3902704,87954,1,1,0
1080568,87955,1,0,1
2952584,87956,1,0,1
3666264,87957,1,0,1
3238424,87958,1,0,1
5444992,87959,1,0,1
1460464,87960,1,1,0
3025096,87961,1,1,0
240808,87962,1,1,0
3640736,87963,1,1,0
896744,87964,1,0,1
6788704,87965,1,1,0
1275408,87966,1,1,0
1764824,87967,1,0,1
1206152,87968,1,0,1
4038192,87969,1,0,1
332536,87970,1,1,0
113120,87971,1,0,1
560400,87972,1,0,1
794744,87973,1,1,0
3978192,87974,1,1,0
333592,87975,1,1,0
4457256,87976,1,0,1
4237560,87977,1,0,1
1744816,87978,1,0,1
3515768,87979,1,0,1
2954560,87980,1,1,0
8254920,87981,1,0,1
3027280,87982,1,1,0
533336,87983,1,0,1
450912,87984,1,1,0
4704200,87985,1,1,0
1460536,87986,1,1,0
1029480,87987,1,1,0
4467240,87988,1,1,0
1712696,87989,1,1,0
3896536,87990,1,0,1
1127296,87991,1,0,1
8199928,87992,1,1,0
1689328,87993,1,1,0
1717112,87994,1,0,1
4196728,87995,1,1,0
428768,87996,1,1,0
1368968,87997,1,0,1
2160176,87998,1,1,0
4301352,87999,1,1,0
3002360,88000,1,0,1
867832,88001,1,1,0
2372216,88002,1,1,0
2940776,88003,1,0,1
1231088,88004,1,1,0
667696,88005,1,0,1
885256,88006,1,1,0
2036352,88007,1,0,1
1716048,88008,1,0,1
2610880,88009,1,1,0
1601880,88010,1,0,1
1136032,88011,1,0,1
4692968,88012,1,0,1
4482128,88013,1,0,1
885304,88014,1,1,0
4576704,88015,1,1,0
2483328,88016,1,1,0
3039304,88017,1,1,0
7299184,88018,1,1,0
859888,88019,1,1,0
2540360,88020,1,1,0
6383032,88021,1,1,0
5519344,88022,1,1,0
1244704,88023,1,0,1
7601872,88024,1,0,1
509368,88025,1,1,0
1895808,88026,1,1,0
984328,88027,1,1,0
6393096,88028,1,1,0
5668168,88029,1,0,1
3996448,88030,1,1,0
423440,88031,1,0,1
2517664,88032,1,1,0
2238232,88033,1,0,1
4568184,88034,1,1,0
2881432,88035,1,0,1
6120472,88036,1,0,1
4233760,88037,1,1,0
400256,88038,1,1,0
971728,88039,1,1,0
1347640,88040,1,1,0
7948784,88041,1,0,1
7638056,88042,1,0,1
2496272,88043,1,1,0
1871168,88044,1,0,1
2024768,88045,1,0,1
3666472,88046,1,0,1
3534304,88047,1,0,1
3983776,88048,1,1,0
437872,88049,1,0,1
1090232,88050,1,0,1
733616,88051,1,0,1
3248168,88052,1,1,0
120840,88053,1,1,0
799768,88054,1,0,1
603888,88055,1,1,0
927264,88056,1,0,1
839736,88057,1,1,0
1756832,88058,1,1,0
511064,88059,1,0,1
4666184,88060,1,1,0
503656,88061,1,0,1
4211984,88062,1,1,0
1472440,88063,1,1,0
5970416,88064,1,0,1
4647320,88065,1,1,0
2412216,88066,1,1,0
1649976,88067,1,0,1
211800,88068,1,1,0
815840,88069,1,0,1
6735480,88070,1,0,1
1945688,88071,1,1,0
2277608,88072,1,0,1
842632,88073,1,0,1
5547064,88074,1,0,1
1728296,88075,1,1,0
2614152,88076,1,0,1
627008,88077,1,0,1
1020832,88078,1,1,0
5267712,88079,1,1,0
270792,88080,1,0,1
327192,88081,1,1,0
313816,88082,1,1,0
1831040,88083,1,1,0
1338416,88084,1,0,1
1323160,88085,1,0,1
2106456,88086,1,1,0
6503768,88087,1,1,0
687400,88088,1,0,1
5824784,88089,1,0,1
1793352,88090,1,0,1
3249488,88091,1,1,0
2286952,88092,1,0,1
7118976,88093,1,1,0
6366440,88094,1,1,0
8255944,88095,1,0,1
2561232,88096,1,0,1
374888,88097,1,1,0
878368,88098,1,0,1
2687520,88099,1,1,0
500656,88100,1,0,1
1045968,88101,1,1,0
864512,88102,1,1,0
6553312,88103,1,1,0
7728296,88104,1,1,0
253568,88105,1,0,1
1044552,88106,1,1,0
2495880,88107,1,0,1
8211760,88108,1,0,1
3974584,88109,1,0,1
7153168,88110,1,1,0
225744,88111,1,1,0
5344312,88112,1,0,1
3308112,88113,1,1,0
2655496,88114,1,1,0
1306248,88115,1,1,0
5608568,88116,1,1,0
561648,88117,1,1,0
4412104,88118,1,0,1
523416,88119,1,1,0
2229744,88120,1,0,1
2887392,88121,1,0,1
5548504,88122,1,0,1
4921024,88123,1,1,0
1252680,88124,1,0,1
524032,88125,1,1,0
6020072,88126,1,0,1
737328,88127,1,1,0
487856,88128,1,0,1
3533960,88129,1,1,0
4534120,88130,1,0,1
4471744,88131,1,0,1
2576192,88132,1,0,1
7239472,88133,1,0,1
5016888,88134,1,0,1
994864,88135,1,0,1
2927664,88136,1,0,1
2665048,88137,1,1,0
2851648,88138,1,1,0
259704,88139,1,1,0
1284968,88140,1,0,1
2861872,88141,1,0,1
2769576,88142,1,1,0
5471936,88143,1,1,0
6406120,88144,1,0,1
364544,88145,1,1,0
1294800,88146,1,1,0
2799392,88147,1,1,0
6319536,88148,1,0,1
332080,88149,1,1,0
1027768,88150,1,0,1
6490616,88151,1,0,1
2485584,88152,1,1,0
8096184,88153,1,0,1
842464,88154,1,1,0
1534184,88155,1,1,0
5383640,88156,1,0,1
1836928,88157,1,0,1
3566264,88158,1,0,1
759704,88159,1,1,0
3128560,88160,1,1,0
3015568,88161,1,1,0
7341472,88162,1,1,0
1154672,88163,1,0,1
843072,88164,1,1,0
6506576,88165,1,0,1
486088,88166,1,1,0
708632,88167,1,0,1
129480,88168,1,1,0
2371600,88169,1,0,1
2533232,88170,1,0,1
1764368,88171,1,0,1
8111360,88172,1,1,0
5633696,88173,1,1,0
628576,88174,1,0,1
1779528,88175,1,0,1
6612048,88176,1,0,1
4485040,88177,1,1,0
5182792,88178,1,0,1
693424,88179,1,0,1
2170808,88180,1,1,0
6544464,88181,1,1,0
2567968,88182,1,1,0
3056464,88183,1,0,1
701848,88184,1,0,1
1538120,88185,1,1,0
1899360,88186,1,1,0
2820656,88187,1,0,1
2335048,88188,1,0,1
1418448,88189,1,0,1
6492784,88190,1,1,0
7232712,88191,1,1,0
4023024,88192,1,1,0
1313600,88193,1,0,1
945104,88194,1,0,1
244448,88195,1,1,0
1401848,88196,1,1,0
2704144,88197,1,1,0
5404800,88198,1,1,0
4203776,88199,1,0,1
2811112,88200,1,1,0
682368,88201,1,0,1
5802272,88202,1,1,0
5831880,88203,1,0,1
1794528,88204,1,1,0
1116912,88205,1,1,0
5168872,88206,1,0,1
3167376,88207,1,0,1
558768,88208,1,0,1
6671176,88209,1,0,1
671944,88210,1,0,1
1193720,88211,1,1,0
1528248,88212,1,0,1
335344,88213,1,1,0
843792,88214,1,0,1
4481592,88215,1,0,1
7910408,88216,1,1,0
4795400,88217,1,0,1
3900904,88218,1,1,0
4674320,88219,1,0,1
6692616,88220,1,0,1
1384872,88221,1,1,0
2576080,88222,1,0,1
666448,88223,1,0,1
5282312,88224,1,0,1
7259008,88225,1,1,0
8098400,88226,1,1,0
394656,88227,1,1,0
3046496,88228,1,0,1
3041072,88229,1,1,0
432632,88230,1,0,1
1231504,88231,1,1,0
1164456,88232,1,0,1
1200600,88233,1,0,1
3011728,88234,1,1,0
3470392,88235,1,0,1
3286928,88236,1,0,1
1802536,88237,1,0,1
853912,88238,1,1,0
1454248,88239,1,1,0
319384,88240,1,1,0
3272984,88241,1,0,1
3449616,88242,1,1,0
224552,88243,1,1,0
1756712,88244,1,0,1
152992,88245,1,1,0
2262544,88246,1,0,1
1124368,88247,1,1,0
3508840,88248,1,0,1
2845064,88249,1,0,1
2088568,88250,1,0,1
4452264,88251,1,1,0
1045760,88252,1,0,1
383976,88253,1,0,1
6976320,88254,1,1,0
2539368,88255,1,0,1
3247528,88256,1,1,0
1111984,88257,1,0,1
863768,88258,1,0,1
4505816,88259,1,1,0
545504,88260,1,0,1
5931128,88261,1,1,0
6098944,88262,1,1,0
937728,88263,1,1,0
835864,88264,1,0,1
1949488,88265,1,1,0
3422168,88266,1,0,1
559952,88267,1,1,0
322616,88268,1,0,1
1175760,88269,1,1,0
408560,88270,1,1,0
4939696,88271,1,1,0
2853752,88272,1,1,0
4123832,88273,1,0,1
2416808,88274,1,0,1
8120568,88275,1,0,1
1527208,88276,1,0,1
5020872,88277,1,0,1
1885616,88278,1,0,1
3495864,88279,1,0,1
765240,88280,1,1,0
1768808,88281,1,0,1
2812680,88282,1,0,1
3074672,88283,1,1,0
926648,88284,1,1,0
1541056,88285,1,1,0
1323632,88286,1,0,1
473744,88287,1,0,1
7180064,88288,1,0,1
3039688,88289,1,1,0
6633808,88290,1,0,1
5030320,88291,1,0,1
8058680,88292,1,1,0
2296360,88293,1,1,0
2186664,88294,1,0,1
2252784,88295,1,0,1
6379424,88296,1,1,0
778528,88297,1,0,1
7235176,88298,1,0,1
1001600,88299,1,0,1
3530552,88300,1,0,1
377952,88301,1,0,1
1839120,88302,1,0,1
2653432,88303,1,0,1
7132920,88304,1,1,0
3623200,88305,1,0,1
411264,88306,1,0,1
1070680,88307,1,1,0
3765600,88308,1,1,0
663304,88309,1,0,1
6822856,88310,1,1,0
313064,88311,1,0,1
1429176,88312,1,0,1
1680552,88313,1,1,0
6221312,88314,1,1,0
8268808,88315,1,1,0
1177712,88316,1,1,0
5121368,88317,1,0,1
2530032,88318,1,0,1
390696,88319,1,0,1
4846824,88320,1,0,1
4354120,88321,1,0,1
2175368,88322,1,0,1
949480,88323,1,1,0
1059984,88324,1,1,0
7655912,88325,1,0,1
3925896,88326,1,1,0
2082616,88327,1,0,1
833168,88328,1,1,0
1173800,88329,1,0,1
993688,88330,1,1,0
7979800,88331,1,0,1
2180056,88332,1,0,1
2623304,88333,1,1,0
4695344,88334,1,1,0
632232,88335,1,0,1
850440,88336,1,1,0
4041408,88337,1,1,0
7927024,88338,1,0,1
901816,88339,1,1,0
3679000,88340,1,1,0
1376400,88341,1,0,1
1431720,88342,1,0,1
4127144,88343,1,0,1
893952,88344,1,0,1
4214928,88345,1,1,0
2879264,88346,1,0,1
711104,88347,1,1,0
7929792,88348,1,1,0
1084384,88349,1,1,0
7078680,88350,1,0,1
4038656,88351,1,0,1
3008984,88352,1,0,1
5114584,88353,1,0,1
1503760,88354,1,0,1
3071152,88355,1,1,0
6865480,88356,1,1,0
654552,88357,1,1,0
597392,88358,1,0,1
1617640,88359,1,1,0
1626168,88360,1,0,1
945992,88361,1,0,1
790928,88362,1,0,1
1238280,88363,1,0,1
2072520,88364,1,0,1
316736,88365,1,1,0
609576,88366,1,0,1
157160,88367,1,1,0
4002008,88368,1,1,0
1314800,88369,1,1,0
739976,88370,1,1,0
570096,88371,1,1,0
4719752,88372,1,1,0
1205288,88373,1,1,0
3531072,88374,1,0,1
3305976,88375,1,0,1
3908544,88376,1,1,0
1148464,88377,1,0,1
709208,88378,1,1,0
2773424,88379,1,0,1
1421712,88380,1,1,0
1334152,88381,1,0,1
7264168,88382,1,1,0
8212152,88383,1,0,1
3041280,88384,1,0,1
4135448,88385,1,1,0
3121320,88386,1,0,1
6341184,88387,1,0,1
499360,88388,1,1,0
8359088,88389,1,0,1
2756712,88390,1,0,1
715384,88391,1,1,0
4491400,88392,1,0,1
1491112,88393,1,0,1
1558216,88394,1,1,0
1657472,88395,1,1,0
2324944,88396,1,1,0
528480,88397,1,1,0
5047672,88398,1,1,0
8318304,88399,1,1,0
185416,88400,1,1,0
4779856,88401,1,1,0
990032,88402,1,0,1
5485384,88403,1,1,0
910832,88404,1,0,1
568144,88405,1,1,0
4408200,88406,1,0,1
7432704,88407,1,0,1
8200240,88408,1,1,0
226024,88409,1,1,0
250408,88410,1,0,1
2303808,88411,1,1,0
5960712,88412,1,1,0
1290616,88413,1,0,1
1397072,88414,1,0,1
4364632,88415,1,1,0
550912,88416,1,0,1
2167272,88417,1,0,1
3034000,88418,1,0,1
1226168,88419,1,1,0
1977120,88420,1,1,0
2333528,88421,1,0,1
7312200,88422,1,1,0
2067912,88423,1,0,1
143864,88424,1,1,0
3984688,88425,1,0,1
4088176,88426,1,0,1
1166264,88427,1,1,0
4132800,88428,1,0,1
3584856,88429,1,1,0
835208,88430,1,0,1
266728,88431,1,1,0
1886288,88432,1,1,0
4252336,88433,1,0,1
5816872,88434,1,1,0
4409080,88435,1,1,0
1304832,88436,1,0,1
390672,88437,1,0,1
519280,88438,1,1,0
3630016,88439,1,1,0
273640,88440,1,1,0
213272,88441,1,1,0
7424008,88442,1,0,1
933344,88443,1,1,0
3236832,88444,1,0,1
5619840,88445,1,0,1
1678136,88446,1,0,1
5374336,88447,1,0,1
6451216,88448,1,1,0
182856,88449,1,1,0
6995960,88450,1,1,0
5961048,88451,1,0,1
712808,88452,1,0,1
965040,88453,1,1,0
1926592,88454,1,1,0
2239936,88455,1,0,1
1694448,88456,1,1,0
6136144,88457,1,0,1
1250848,88458,1,1,0
1798456,88459,1,0,1
4261472,88460,1,0,1
2942424,88461,1,1,0
5146944,88462,1,1,0
1027744,88463,1,0,1
1683072,88464,1,1,0
788544,88465,1,1,0
1162712,88466,1,1,0
2686264,88467,1,0,1
1723568,88468,1,1,0
5763960,88469,1,0,1
1298336,88470,1,0,1
2220248,88471,1,1,0
5996592,88472,1,0,1
1099464,88473,1,1,0
721464,88474,1,1,0
1404192,88475,1,1,0
5953128,88476,1,1,0
3697376,88477,1,1,0
7318440,88478,1,1,0
4551112,88479,1,0,1
2648656,88480,1,1,0
6110064,88481,1,0,1
1749176,88482,1,0,1
5603184,88483,1,0,1
7745024,88484,1,0,1
1794024,88485,1,0,1
1901384,88486,1,1,0
4936896,88487,1,1,0
1071976,88488,1,1,0
1919096,88489,1,0,1
1159272,88490,1,0,1
3066384,88491,1,1,0
2757872,88492,1,1,0
5822688,88493,1,1,0
7336848,88494,1,1,0
2605048,88495,1,1,0
4005920,88496,1,1,0
1624328,88497,1,0,1
3704832,88498,1,0,1
6113704,88499,1,1,0
2449680,88500,1,0,1
2345360,88501,1,0,1
4900904,88502,1,1,0
5707880,88503,1,1,0
623664,88504,1,0,1
230392,88505,1,1,0
3277936,88506,1,0,1
8166720,88507,1,1,0
5931584,88508,1,1,0
817672,88509,1,1,0
1470616,88510,1,0,1
3064528,88511,1,1,0
992496,88512,1,0,1
8182280,88513,1,0,1
1123880,88514,1,1,0
1245344,88515,1,0,1
7357288,88516,1,0,1
7781552,88517,1,0,1
393936,88518,1,0,1
4877048,88519,1,0,1
218904,88520,1,0,1
2391688,88521,1,1,0
1113160,88522,1,0,1
1278512,88523,1,0,1
1016960,88524,1,1,0
1235000,88525,1,1,0
3088056,88526,1,1,0
1573976,88527,1,1,0
2936400,88528,1,1,0
4608344,88529,1,1,0
1402896,88530,1,1,0
806872,88531,1,0,1
361136,88532,1,1,0
1804440,88533,1,0,1
7533288,88534,1,1,0
5933688,88535,1,1,0
4675656,88536,1,0,1
2026520,88537,1,0,1
8272016,88538,1,0,1
5234752,88539,1,1,0
5108936,88540,1,0,1
1740888,88541,1,0,1
422472,88542,1,0,1
2109680,88543,1,0,1
4013440,88544,1,1,0
700680,88545,1,0,1
3753712,88546,1,0,1
377848,88547,1,0,1
3368400,88548,1,1,0
456912,88549,1,0,1
238320,88550,1,0,1
2251936,88551,1,1,0
1483920,88552,1,0,1
2314104,88553,1,0,1
2177584,88554,1,1,0
1992560,88555,1,0,1
5535448,88556,1,1,0
4095792,88557,1,1,0
6803984,88558,1,1,0
1393456,88559,1,1,0
1802720,88560,1,0,1
5323376,88561,1,1,0
4340896,88562,1,0,1
2030816,88563,1,1,0
4890168,88564,1,1,0
3811368,88565,1,1,0
3779600,88566,1,0,1
6588520,88567,1,1,0
7298136,88568,1,1,0
6165688,88569,1,0,1
3632672,88570,1,1,0
1257064,88571,1,0,1
1198616,88572,1,0,1
417184,88573,1,0,1
2689952,88574,1,1,0
675112,88575,1,1,0
3884648,88576,1,1,0
7499496,88577,1,0,1
512192,88578,1,0,1
5042056,88579,1,0,1
1862896,88580,1,0,1
7185848,88581,1,1,0
992096,88582,1,0,1
7998072,88583,1,1,0
562320,88584,1,0,1
6273136,88585,1,0,1
5578200,88586,1,0,1
743360,88587,1,1,0
713728,88588,1,0,1
1668040,88589,1,0,1
5853112,88590,1,1,0
4520784,88591,1,1,0
809960,88592,1,1,0
1902192,88593,1,1,0
1624368,88594,1,0,1
1589496,88595,1,1,0
6456128,88596,1,1,0
444488,88597,1,1,0
1056416,88598,1,0,1
431504,88599,1,0,1
1767384,88600,1,0,1
1297936,88601,1,1,0
7652208,88602,1,1,0
485496,88603,1,0,1
5052968,88604,1,1,0
1456296,88605,1,0,1
8361352,88606,1,1,0
5377080,88607,1,0,1
6660640,88608,1,1,0
1929944,88609,1,1,0
3904560,88610,1,1,0
540440,88611,1,0,1
2304888,88612,1,1,0
4441600,88613,1,0,1
579504,88614,1,0,1
592032,88615,1,0,1
785032,88616,1,1,0
3701800,88617,1,1,0
1370776,88618,1,0,1
816608,88619,1,0,1
3921640,88620,1,1,0
314016,88621,1,1,0
2076776,88622,1,1,0
2503912,88623,1,0,1
2824416,88624,1,1,0
503448,88625,1,0,1
7736872,88626,1,0,1
6950760,88627,1,1,0
165136,88628,1,1,0
1032344,88629,1,1,0
6257744,88630,1,0,1
6162160,88631,1,1,0
1163680,88632,1,0,1
4046832,88633,1,0,1
913936,88634,1,1,0
1151672,88635,1,1,0
1678776,88636,1,0,1
1507968,88637,1,0,1
1066152,88638,1,0,1
3317168,88639,1,1,0
613320,88640,1,0,1
2553024,88641,1,0,1
1691768,88642,1,0,1
4314944,88643,1,1,0
1801800,88644,1,0,1
416632,88645,1,1,0
618848,88646,1,0,1
3657304,88647,1,1,0
7768408,88648,1,0,1
2759688,88649,1,0,1
2593760,88650,1,0,1
310776,88651,1,1,0
4443264,88652,1,1,0
461896,88653,1,1,0
6359344,88654,1,0,1
474168,88655,1,1,0
928504,88656,1,0,1
413288,88657,1,0,1
5063408,88658,1,0,1
6099408,88659,1,0,1
4726824,88660,1,1,0
1267088,88661,1,0,1
6098440,88662,1,1,0
4692376,88663,1,1,0
1356048,88664,1,1,0
2508272,88665,1,0,1
4483112,88666,1,0,1
6402904,88667,1,0,1
781368,88668,1,0,1
2117448,88669,1,0,1
89992,88670,1,1,0
2867936,88671,1,0,1
2515232,88672,1,1,0
2548816,88673,1,0,1
1627336,88674,1,1,0
117760,88675,1,0,1
2960824,88676,1,0,1
468816,88677,1,0,1
7011720,88678,1,1,0
385872,88679,1,1,0
2910784,88680,1,1,0
2370288,88681,1,0,1
878672,88682,1,0,1
2831840,88683,1,1,0
6803368,88684,1,0,1
7209744,88685,1,0,1
1672640,88686,1,0,1
3368256,88687,1,0,1
1354560,88688,1,0,1
454552,88689,1,1,0
573784,88690,1,1,0
4097784,88691,1,1,0
4888944,88692,1,0,1
2881032,88693,1,0,1
1111616,88694,1,0,1
257160,88695,1,0,1
2339952,88696,1,1,0
1804776,88697,1,1,0
341536,88698,1,1,0
564608,88699,1,1,0
2408120,88700,1,0,1
1896864,88701,1,1,0
2910952,88702,1,1,0
6012192,88703,1,0,1
4433032,88704,1,0,1
7392080,88705,1,1,0
1191952,88706,1,1,0
1241352,88707,1,0,1
511664,88708,1,1,0
1727312,88709,1,1,0
2829672,88710,1,0,1
367616,88711,1,1,0
195152,88712,1,1,0
5592024,88713,1,1,0
2839256,88714,1,0,1
2193064,88715,1,0,1
7291624,88716,1,0,1
4056576,88717,1,1,0
6341824,88718,1,1,0
3860128,88719,1,1,0
5189288,88720,1,1,0
5857064,88721,1,1,0
5751344,88722,1,0,1
797312,88723,1,0,1
623952,88724,1,0,1
3363792,88725,1,0,1
1188192,88726,1,0,1
8010856,88727,1,1,0
4799800,88728,1,1,0
4303720,88729,1,1,0
3434920,88730,1,0,1
3517680,88731,1,1,0
4346632,88732,1,1,0
5171920,88733,1,1,0
4818824,88734,1,0,1
735008,88735,1,1,0
3773896,88736,1,0,1
424880,88737,1,0,1
6873240,88738,1,0,1
558288,88739,1,0,1
867144,88740,1,0,1
5078976,88741,1,1,0
2263192,88742,1,1,0
2601520,88743,1,0,1
3257800,88744,1,0,1
838392,88745,1,0,1
1832552,88746,1,0,1
2500400,88747,1,1,0
3498376,88748,1,0,1
2096560,88749,1,0,1
7260696,88750,1,0,1
907792,88751,1,1,0
7397872,88752,1,1,0
257032,88753,1,1,0
1360728,88754,1,0,1
5549496,88755,1,0,1
1482280,88756,1,0,1
3834040,88757,1,0,1
7346560,88758,1,1,0
2734416,88759,1,0,1
6461664,88760,1,0,1
5507056,88761,1,0,1
4092904,88762,1,1,0
5134056,88763,1,1,0
2973016,88764,1,0,1
4429680,88765,1,1,0
398208,88766,1,1,0
942616,88767,1,0,1
2932512,88768,1,1,0
363968,88769,1,1,0
5657432,88770,1,1,0
3289584,88771,1,1,0
241208,88772,1,0,1
775264,88773,1,1,0
2023008,88774,1,0,1
1955048,88775,1,0,1
841992,88776,1,0,1
2571832,88777,1,1,0
865896,88778,1,1,0
494952,88779,1,0,1
8338720,88780,1,0,1
3549656,88781,1,1,0
1327640,88782,1,0,1
4565240,88783,1,1,0
2275784,88784,1,0,1
3048776,88785,1,1,0
443472,88786,1,0,1
3795200,88787,1,0,1
1729416,88788,1,0,1
4939600,88789,1,0,1
391920,88790,1,0,1
5802784,88791,1,0,1
567216,88792,1,0,1
2237632,88793,1,0,1
6044528,88794,1,1,0
1782864,88795,1,1,0
1818680,88796,1,1,0
153312,88797,1,0,1
4468200,88798,1,0,1
3426136,88799,1,1,0
7876384,88800,1,0,1
1735840,88801,1,0,1
1010216,88802,1,1,0
340624,88803,1,0,1
1660992,88804,1,0,1
4158240,88805,1,1,0
3350120,88806,1,1,0
234120,88807,1,0,1
1958136,88808,1,0,1
3668608,88809,1,0,1
6613216,88810,1,0,1
3298224,88811,1,1,0
6642000,88812,1,1,0
837704,88813,1,1,0
610816,88814,1,1,0
954024,88815,1,0,1
4910992,88816,1,1,0
2643264,88817,1,1,0
6953152,88818,1,0,1
7455272,88819,1,0,1
763048,88820,1,1,0
4319016,88821,1,0,1
3053304,88822,1,1,0
523256,88823,1,0,1
479472,88824,1,0,1
2669952,88825,1,0,1
6668232,88826,1,0,1
648464,88827,1,1,0
1941936,88828,1,0,1
2540856,88829,1,1,0
2226680,88830,1,0,1
2698288,88831,1,0,1
944496,88832,1,1,0
413392,88833,1,0,1
6612672,88834,1,0,1
3388336,88835,1,1,0
2287552,88836,1,0,1
584728,88837,1,0,1
2779912,88838,1,0,1
4813560,88839,1,0,1
411168,88840,1,1,0
5183760,88841,1,1,0
2100912,88842,1,1,0
6591504,88843,1,1,0
5531608,88844,1,0,1
3475168,88845,1,0,1
2893360,88846,1,1,0
3830752,88847,1,0,1
652024,88848,1,1,0
1041128,88849,1,0,1
7784328,88850,1,0,1
234896,88851,1,0,1
2603040,88852,1,0,1
1197208,88853,1,1,0
1241224,88854,1,1,0
3088336,88855,1,0,1
7954504,88856,1,1,0
2529920,88857,1,0,1
604120,88858,1,1,0
2875904,88859,1,1,0
595288,88860,1,0,1
2270384,88861,1,1,0
3408992,88862,1,1,0
931312,88863,1,0,1
613024,88864,1,1,0
1888936,88865,1,1,0
3062200,88866,1,0,1
7667928,88867,1,0,1
1619512,88868,1,0,1
5964336,88869,1,1,0
1317912,88870,1,0,1
7939544,88871,1,1,0
757776,88872,1,0,1
445296,88873,1,0,1
947072,88874,1,1,0
2381496,88875,1,0,1
362704,88876,1,1,0
2980232,88877,1,1,0
795392,88878,1,1,0
2362088,88879,1,1,0
3547896,88880,1,1,0
1183320,88881,1,1,0
334448,88882,1,0,1
6189280,88883,1,1,0
3242984,88884,1,1,0
353456,88885,1,1,0
1376952,88886,1,0,1
968464,88887,1,0,1
728536,88888,1,0,1
2416696,88889,1,0,1
921880,88890,1,1,0
1970344,88891,1,1,0
959600,88892,1,0,1
1950544,88893,1,0,1
1508048,88894,1,0,1
918424,88895,1,1,0
576520,88896,1,0,1
6929248,88897,1,1,0
786448,88898,1,0,1
6657880,88899,1,1,0
5707504,88900,1,1,0
6421528,88901,1,0,1
89544,88902,1,0,1
3057248,88903,1,0,1
8324888,88904,1,1,0
3607128,88905,1,1,0
4024680,88906,1,1,0
2813760,88907,1,0,1
5659152,88908,1,1,0
7557136,88909,1,1,0
1447968,88910,1,0,1
6580352,88911,1,0,1
3453168,88912,1,1,0
1491744,88913,1,1,0
6335120,88914,1,0,1
657680,88915,1,0,1
4879448,88916,1,0,1
1203720,88917,1,0,1
88384,88918,1,0,1
2538328,88919,1,0,1
1576744,88920,1,0,1
312952,88921,1,0,1
1523960,88922,1,1,0
1539664,88923,1,1,0
2139840,88924,1,1,0
1241472,88925,1,1,0
5007744,88926,1,1,0
1484576,88927,1,1,0
2609968,88928,1,0,1
686064,88929,1,1,0
3015584,88930,1,0,1
6291296,88931,1,0,1
5200152,88932,1,1,0
465320,88933,1,0,1
3040480,88934,1,0,1
421960,88935,1,0,1
4175544,88936,1,1,0
2363160,88937,1,1,0
8095448,88938,1,0,1
627960,88939,1,1,0
2104904,88940,1,0,1
4594072,88941,1,1,0
6799992,88942,1,0,1
2703416,88943,1,0,1
7873656,88944,1,1,0
457912,88945,1,0,1
3639104,88946,1,0,1
2740952,88947,1,0,1
259952,88948,1,1,0
2844232,88949,1,1,0
4457936,88950,1,1,0
1751640,88951,1,1,0
588112,88952,1,1,0
2022536,88953,1,0,1
2986560,88954,1,1,0
859480,88955,1,0,1
3430816,88956,1,1,0
3969816,88957,1,0,1
3878864,88958,1,1,0
369336,88959,1,0,1
4374728,88960,1,1,0
1060136,88961,1,1,0
2206040,88962,1,1,0
463712,88963,1,1,0
1822664,88964,1,1,0
7565960,88965,1,1,0
8160696,88966,1,1,0
700976,88967,1,0,1
1091464,88968,1,1,0
6353544,88969,1,1,0
3613216,88970,1,0,1
5289632,88971,1,1,0
1889432,88972,1,1,0
707736,88973,1,0,1
687016,88974,1,1,0
3066424,88975,1,1,0
2062032,88976,1,0,1
4749672,88977,1,1,0
1846632,88978,1,0,1
6439312,88979,1,0,1
3162200,88980,1,0,1
1854368,88981,1,1,0
6084048,88982,1,0,1
6895184,88983,1,1,0
1418616,88984,1,0,1
5762416,88985,1,0,1
4433040,88986,1,0,1
86496,88987,1,1,0
1797360,88988,1,1,0
1203184,88989,1,0,1
6609384,88990,1,1,0
4096680,88991,1,1,0
2079440,88992,1,0,1
1131432,88993,1,0,1
4203664,88994,1,1,0
612272,88995,1,1,0
1062664,88996,1,0,1
3843280,88997,1,0,1
1352128,88998,1,0,1
317912,88999,1,1,0
7106088,89000,1,1,0
992192,89001,1,1,0
3138824,89002,1,0,1
506496,89003,1,0,1
7940120,89004,1,1,0
2081000,89005,1,0,1
2293320,89006,1,1,0
5703840,89007,1,0,1
1550408,89008,1,0,1
822408,89009,1,1,0
1779104,89010,1,0,1
1424432,89011,1,1,0
2959384,89012,1,1,0
4521008,89013,1,1,0
672888,89014,1,0,1
2796152,89015,1,1,0
1117504,89016,1,1,0
4153120,89017,1,1,0
2449168,89018,1,1,0
5639240,89019,1,1,0
2187224,89020,1,1,0
348376,89021,1,1,0
370040,89022,1,0,1
3293176,89023,1,1,0
983712,89024,1,1,0
688808,89025,1,0,1
1073584,89026,1,1,0
2277168,89027,1,1,0
4528432,89028,1,1,0
7522504,89029,1,0,1
1659920,89030,1,1,0
3451392,89031,1,1,0
5260024,89032,1,1,0
5975368,89033,1,0,1
3837384,89034,1,1,0
1555144,89035,1,1,0
1160216,89036,1,1,0
3540640,89037,1,0,1
737968,89038,1,1,0
5236200,89039,1,0,1
2760176,89040,1,1,0
1589432,89041,1,0,1
1061848,89042,1,0,1
2582728,89043,1,1,0
88032,89044,1,1,0
7628640,89045,1,1,0
258048,89046,1,0,1
4388880,89047,1,1,0
2923752,89048,1,0,1
506696,89049,1,1,0
1173328,89050,1,0,1
740856,89051,1,0,1
2270080,89052,1,0,1
594400,89053,1,1,0
981664,89054,1,0,1
3009192,89055,1,1,0
7641992,89056,1,1,0
658432,89057,1,1,0
1185576,89058,1,1,0
4834528,89059,1,1,0
2928416,89060,1,1,0
6603624,89061,1,1,0
1582280,89062,1,0,1
2506032,89063,1,0,1
5344584,89064,1,1,0
2712960,89065,1,0,1
2391568,89066,1,1,0
265080,89067,1,1,0
1287616,89068,1,0,1
1592528,89069,1,1,0
247800,89070,1,1,0
2056704,89071,1,1,0
5236600,89072,1,0,1
1872888,89073,1,1,0
181640,89074,1,1,0
1069040,89075,1,0,1
261576,89076,1,0,1
3421576,89077,1,0,1
483704,89078,1,1,0
773392,89079,1,0,1
3656688,89080,1,1,0
1389344,89081,1,1,0
899352,89082,1,1,0
356544,89083,1,1,0
366576,89084,1,1,0
2786056,89085,1,0,1
3610072,89086,1,0,1
305184,89087,1,1,0
3598704,89088,1,1,0
1219320,89089,1,1,0
817632,89090,1,0,1
2420600,89091,1,1,0
2733480,89092,1,1,0
890240,89093,1,0,1
409352,89094,1,0,1
44704,89095,1,0,1
5203504,89096,1,0,1
1903112,89097,1,0,1
1243216,89098,1,1,0
5226296,89099,1,0,1
1055032,89100,1,0,1
6406576,89101,1,0,1
3740696,89102,1,0,1
3192296,89103,1,1,0
936200,89104,1,0,1
2129520,89105,1,1,0
4346528,89106,1,1,0
3933024,89107,1,1,0
6617296,89108,1,1,0
956704,89109,1,1,0
5469720,89110,1,0,1
825536,89111,1,1,0
3650592,89112,1,1,0
933560,89113,1,1,0
5929336,89114,1,0,1
2000824,89115,1,0,1
2593352,89116,1,0,1
1136568,89117,1,0,1
1280856,89118,1,1,0
780136,89119,1,0,1
8381912,89120,1,1,0
6546232,89121,1,0,1
2840600,89122,1,0,1
5533800,89123,1,1,0
3789248,89124,1,1,0
1071656,89125,1,0,1
7746240,89126,1,0,1
988224,89127,1,0,1
1202912,89128,1,0,1
2706352,89129,1,0,1
1042760,89130,1,1,0
255016,89131,1,0,1
4841560,89132,1,0,1
3696416,89133,1,1,0
2520272,89134,1,1,0
277256,89135,1,0,1
1029280,89136,1,1,0
5577048,89137,1,0,1
3095888,89138,1,1,0
4441768,89139,1,1,0
2892080,89140,1,0,1
888192,89141,1,0,1
7317480,89142,1,1,0
2798096,89143,1,1,0
4995560,89144,1,1,0
2588296,89145,1,0,1
1237992,89146,1,0,1
2050720,89147,1,1,0
1700096,89148,1,0,1
1794648,89149,1,1,0
5292240,89150,1,1,0
4795808,89151,1,1,0
1866392,89152,1,0,1
5491984,89153,1,1,0
868112,89154,1,1,0
277216,89155,1,0,1
372120,89156,1,0,1
325152,89157,1,0,1
8002840,89158,1,0,1
3065392,89159,1,1,0
1687184,89160,1,0,1
1078160,89161,1,1,0
5739664,89162,1,0,1
3619984,89163,1,0,1
2697320,89164,1,1,0
4441816,89165,1,1,0
3419808,89166,1,1,0
344248,89167,1,1,0
2310992,89168,1,0,1
817440,89169,1,0,1
6765104,89170,1,1,0
2318016,89171,1,0,1
259824,89172,1,1,0
7438792,89173,1,0,1
1902128,89174,1,0,1
1598976,89175,1,1,0
7764784,89176,1,1,0
1885480,89177,1,0,1
5070752,89178,1,1,0
802960,89179,1,1,0
955936,89180,1,0,1
6115040,89181,1,0,1
845136,89182,1,0,1
4332232,89183,1,0,1
7270240,89184,1,1,0
3815872,89185,1,0,1
3551480,89186,1,0,1
5381544,89187,1,1,0
502128,89188,1,1,0
222760,89189,1,0,1
6334568,89190,1,1,0
5185920,89191,1,0,1
1400656,89192,1,0,1
2263024,89193,1,0,1
4873464,89194,1,0,1
945120,89195,1,1,0
2637464,89196,1,1,0
3644640,89197,1,1,0
3227976,89198,1,1,0
1826888,89199,1,1,0
1577880,89200,1,1,0
1395488,89201,1,1,0
2383592,89202,1,1,0
2711504,89203,1,1,0
327320,89204,1,1,0
3707552,89205,1,1,0
2773216,89206,1,1,0
4968856,89207,1,1,0
7052984,89208,1,1,0
5922864,89209,1,1,0
2909912,89210,1,0,1
2789936,89211,1,0,1
3315808,89212,1,0,1
1073840,89213,1,1,0
4865536,89214,1,0,1
996400,89215,1,0,1
4012472,89216,1,0,1
4400480,89217,1,0,1
6619016,89218,1,1,0
2995416,89219,1,1,0
3898368,89220,1,0,1
2223128,89221,1,0,1
1855840,89222,1,0,1
5376368,89223,1,1,0
685168,89224,1,1,0
7993432,89225,1,1,0
5335016,89226,1,1,0
709800,89227,1,1,0
190280,89228,1,0,1
2628856,89229,1,1,0
4219136,89230,1,1,0
90632,89231,1,0,1
208704,89232,1,0,1
2056944,89233,1,0,1
374600,89234,1,1,0
4603000,89235,1,1,0
1595792,89236,1,1,0
512472,89237,1,0,1
3662016,89238,1,0,1
2694720,89239,1,1,0
336608,89240,1,1,0
7793840,89241,1,1,0
140896,89242,1,1,0
581496,89243,1,0,1
993968,89244,1,0,1
5308512,89245,1,0,1
2786688,89246,1,0,1
1119240,89247,1,0,1
4903800,89248,1,0,1
5677112,89249,1,1,0
1976080,89250,1,1,0
939592,89251,1,1,0
1219752,89252,1,1,0
4714744,89253,1,0,1
968168,89254,1,1,0
513800,89255,1,1,0
273232,89256,1,1,0
5177904,89257,1,0,1
6566864,89258,1,0,1
2551184,89259,1,0,1
858432,89260,1,0,1
1303976,89261,1,1,0
1926648,89262,1,0,1
553736,89263,1,0,1
1535560,89264,1,0,1
2780592,89265,1,0,1
857416,89266,1,1,0
4942120,89267,1,1,0
7001744,89268,1,0,1
748256,89269,1,0,1
8155328,89270,1,0,1
568856,89271,1,0,1
1267256,89272,1,0,1
1626496,89273,1,1,0
538168,89274,1,0,1
5801272,89275,1,1,0
1794352,89276,1,1,0
2991040,89277,1,0,1
5974152,89278,1,0,1
1397368,89279,1,0,1
7423944,89280,1,1,0
2231456,89281,1,0,1
1886128,89282,1,0,1
2324496,89283,1,1,0
1994024,89284,1,1,0
5720304,89285,1,1,0
6785576,89286,1,1,0
5499392,89287,1,0,1
292296,89288,1,1,0
5074328,89289,1,1,0
845664,89290,1,1,0
2139952,89291,1,0,1
399992,89292,1,0,1
2129832,89293,1,1,0
3888640,89294,1,1,0
1196048,89295,1,1,0
4490480,89296,1,1,0
4180080,89297,1,1,0
1464072,89298,1,1,0
5545192,89299,1,0,1
5506848,89300,1,1,0
4424184,89301,1,0,1
573432,89302,1,0,1
120760,89303,1,1,0
580024,89304,1,0,1
4059104,89305,1,0,1
5938160,89306,1,0,1
3414616,89307,1,0,1
1636760,89308,1,0,1
4876712,89309,1,0,1
1103256,89310,1,1,0
1930072,89311,1,1,0
365456,89312,1,0,1
472288,89313,1,1,0
2652152,89314,1,1,0
4230472,89315,1,0,1
3567016,89316,1,1,0
1175304,89317,1,1,0
3034760,89318,1,0,1
1242080,89319,1,0,1
5838768,89320,1,0,1
2133568,89321,1,0,1
2312592,89322,1,1,0
3805208,89323,1,0,1
121040,89324,1,1,0
1454024,89325,1,0,1
5477440,89326,1,0,1
4950424,89327,1,0,1
2014448,89328,1,1,0
1758568,89329,1,0,1
5484288,89330,1,0,1
656440,89331,1,1,0
561440,89332,1,1,0
5644784,89333,1,0,1
7336400,89334,1,1,0
368368,89335,1,0,1
7716528,89336,1,1,0
1064072,89337,1,0,1
2100624,89338,1,0,1
8056168,89339,1,0,1
1353528,89340,1,0,1
161840,89341,1,1,0
3521448,89342,1,0,1
7290000,89343,1,1,0
913088,89344,1,0,1
1447752,89345,1,0,1
999136,89346,1,0,1
1203696,89347,1,0,1
1244176,89348,1,0,1
382880,89349,1,1,0
1245536,89350,1,1,0
2331968,89351,1,0,1
7148600,89352,1,0,1
1751784,89353,1,0,1
1965992,89354,1,0,1
3203144,89355,1,1,0
3143128,89356,1,0,1
1753232,89357,1,0,1
1039424,89358,1,1,0
1157344,89359,1,0,1
6339256,89360,1,1,0
1175912,89361,1,0,1
2251464,89362,1,1,0
2606072,89363,1,0,1
629856,89364,1,0,1
1717432,89365,1,1,0
3470080,89366,1,1,0
1942560,89367,1,0,1
6577248,89368,1,0,1
2176256,89369,1,1,0
3272016,89370,1,1,0
561000,89371,1,0,1
696000,89372,1,0,1
356776,89373,1,1,0
4089792,89374,1,1,0
6200144,89375,1,0,1
370104,89376,1,0,1
6185976,89377,1,1,0
1277808,89378,1,1,0
144704,89379,1,1,0
283008,89380,1,1,0
506792,89381,1,0,1
1385728,89382,1,0,1
5572576,89383,1,0,1
937864,89384,1,1,0
1275600,89385,1,1,0
3361040,89386,1,0,1
238720,89387,1,1,0
1873952,89388,1,1,0
376464,89389,1,1,0
2475944,89390,1,0,1
765608,89391,1,0,1
1418592,89392,1,0,1
2824504,89393,1,0,1
2421112,89394,1,1,0
489856,89395,1,0,1
3182216,89396,1,0,1
7923272,89397,1,0,1
5301632,89398,1,0,1
3508584,89399,1,1,0
499904,89400,1,1,0
2272144,89401,1,1,0
4172504,89402,1,0,1
1967024,89403,1,1,0
2324984,89404,1,0,1
1173064,89405,1,1,0
5326464,89406,1,1,0
933488,89407,1,1,0
3422448,89408,1,1,0
5551808,89409,1,1,0
1445560,89410,1,1,0
3379256,89411,1,1,0
1364400,89412,1,0,1
5684144,89413,1,1,0
668360,89414,1,1,0
2683688,89415,1,1,0
8177392,89416,1,0,1
8120552,89417,1,0,1
1018376,89418,1,1,0
2928280,89419,1,1,0
1351712,89420,1,0,1
5591056,89421,1,0,1
246968,89422,1,1,0
7162248,89423,1,1,0
604864,89424,1,0,1
4817440,89425,1,0,1
1677944,89426,1,1,0
1465992,89427,1,1,0
336920,89428,1,1,0
5965560,89429,1,1,0
799008,89430,1,0,1
1022816,89431,1,0,1
975576,89432,1,1,0
2280760,89433,1,1,0
509824,89434,1,1,0
2929040,89435,1,0,1
7164752,89436,1,1,0
5327088,89437,1,0,1
2219368,89438,1,1,0
3145752,89439,1,1,0
722072,89440,1,0,1
7381784,89441,1,1,0
955272,89442,1,1,0
1486768,89443,1,1,0
2099952,89444,1,0,1
773464,89445,1,1,0
1497272,89446,1,1,0
1513312,89447,1,1,0
215120,89448,1,1,0
3505064,89449,1,1,0
1406736,89450,1,0,1
5891760,89451,1,0,1
6803080,89452,1,1,0
1624920,89453,1,1,0
920512,89454,1,1,0
5501832,89455,1,0,1
1814408,89456,1,0,1
387632,89457,1,0,1
7097176,89458,1,0,1
6798488,89459,1,1,0
1220288,89460,1,1,0
735968,89461,1,0,1
8195576,89462,1,1,0
4170624,89463,1,0,1
4090600,89464,1,0,1
872304,89465,1,0,1
5594928,89466,1,0,1
2951136,89467,1,0,1
219160,89468,1,0,1
979344,89469,1,1,0
2093032,89470,1,1,0
5222744,89471,1,0,1
6721872,89472,1,0,1
433768,89473,1,0,1
1385624,89474,1,0,1
1332048,89475,1,1,0
4509832,89476,1,1,0
455120,89477,1,1,0
776040,89478,1,1,0
419616,89479,1,0,1
1161568,89480,1,0,1
1100440,89481,1,0,1
3811072,89482,1,1,0
1708856,89483,1,1,0
1056280,89484,1,1,0
1605944,89485,1,0,1
3655400,89486,1,0,1
390928,89487,1,1,0
940312,89488,1,0,1
8235488,89489,1,0,1
1178032,89490,1,0,1
4730744,89491,1,1,0
6630936,89492,1,1,0
2155824,89493,1,1,0
741240,89494,1,0,1
4157280,89495,1,0,1
2369112,89496,1,0,1
903136,89497,1,0,1
2020040,89498,1,0,1
871296,89499,1,0,1
5495688,89500,1,0,1
4560768,89501,1,0,1
1960576,89502,1,1,0
1773336,89503,1,1,0
7540744,89504,1,0,1
420992,89505,1,0,1
1281880,89506,1,0,1
1027200,89507,1,1,0
4752144,89508,1,0,1
337752,89509,1,0,1
2272208,89510,1,0,1
3608896,89511,1,0,1
5871264,89512,1,0,1
1222288,89513,1,0,1
1462096,89514,1,1,0
1271848,89515,1,0,1
1948216,89516,1,0,1
7981544,89517,1,1,0
1070048,89518,1,1,0
1476760,89519,1,0,1
3935624,89520,1,0,1
6718400,89521,1,1,0
1906656,89522,1,0,1
2996232,89523,1,1,0
2106800,89524,1,0,1
2124864,89525,1,0,1
5833680,89526,1,0,1
6171064,89527,1,1,0
6208456,89528,1,0,1
2405128,89529,1,0,1
1146600,89530,1,1,0
6081936,89531,1,1,0
3961792,89532,1,1,0
355648,89533,1,0,1
4211728,89534,1,1,0
616440,89535,1,1,0
2687768,89536,1,0,1
2156984,89537,1,0,1
574512,89538,1,1,0
314336,89539,1,0,1
4565528,89540,1,1,0
811744,89541,1,0,1
2347304,89542,1,1,0
2873176,89543,1,0,1
919040,89544,1,0,1
4727512,89545,1,0,1
2890528,89546,1,0,1
1284040,89547,1,1,0
7975496,89548,1,0,1
3226696,89549,1,1,0
2464952,89550,1,0,1
355312,89551,1,1,0
1091160,89552,1,0,1
2856648,89553,1,0,1
2381880,89554,1,0,1
4786480,89555,1,1,0
533832,89556,1,0,1
1317056,89557,1,0,1
780040,89558,1,0,1
1803080,89559,1,1,0
335112,89560,1,0,1
292416,89561,1,1,0
3694120,89562,1,1,0
272848,89563,1,1,0
2104288,89564,1,0,1
3537760,89565,1,1,0
3939528,89566,1,0,1
3089864,89567,1,0,1
2866936,89568,1,1,0
6330960,89569,1,0,1
5334176,89570,1,1,0
998576,89571,1,1,0
4632800,89572,1,1,0
289096,89573,1,1,0
1700200,89574,1,1,0
3480936,89575,1,0,1
3969344,89576,1,0,1
3465080,89577,1,0,1
2349624,89578,1,0,1
1007712,89579,1,1,0
2384320,89580,1,0,1
8029720,89581,1,1,0
6154936,89582,1,0,1
3024056,89583,1,1,0
7156240,89584,1,1,0
4078680,89585,1,1,0
229016,89586,1,0,1
276896,89587,1,1,0
2197528,89588,1,1,0
291944,89589,1,0,1
2581720,89590,1,0,1
4371488,89591,1,0,1
5689728,89592,1,1,0
8028320,89593,1,0,1
507304,89594,1,1,0
5663432,89595,1,0,1
1601872,89596,1,1,0
7572080,89597,1,0,1
5808280,89598,1,0,1
2751592,89599,1,0,1
1350880,89600,1,1,0
4885592,89601,1,0,1
4781416,89602,1,0,1
1833144,89603,1,1,0
676952,89604,1,0,1
192632,89605,1,0,1
616680,89606,1,0,1
6280344,89607,1,1,0
78768,89608,1,1,0
4637776,89609,1,1,0
830360,89610,1,1,0
2032056,89611,1,0,1
1341592,89612,1,1,0
521824,89613,1,1,0
2496664,89614,1,0,1
5016624,89615,1,1,0
1646928,89616,1,1,0
655448,89617,1,1,0
3685896,89618,1,0,1
1334496,89619,1,1,0
121048,89620,1,1,0
1505160,89621,1,0,1
1647720,89622,1,1,0
491344,89623,1,1,0
2102600,89624,1,0,1
6741160,89625,1,0,1
2173464,89626,1,0,1
8106912,89627,1,0,1
1039096,89628,1,0,1
3336376,89629,1,0,1
350624,89630,1,0,1
1259224,89631,1,0,1
1198976,89632,1,0,1
1271288,89633,1,0,1
1088480,89634,1,1,0
7565816,89635,1,0,1
1449584,89636,1,1,0
353816,89637,1,1,0
686480,89638,1,0,1
410224,89639,1,0,1
1281408,89640,1,0,1
2851384,89641,1,1,0
3804568,89642,1,0,1
7650136,89643,1,0,1
859160,89644,1,0,1
2326344,89645,1,0,1
355456,89646,1,0,1
1846680,89647,1,1,0
3110784,89648,1,1,0
513936,89649,1,0,1
1934920,89650,1,1,0
6176504,89651,1,1,0
644376,89652,1,1,0
2620296,89653,1,0,1
3784360,89654,1,0,1
7795752,89655,1,0,1
417392,89656,1,0,1
6542160,89657,1,0,1
2295608,89658,1,1,0
2422296,89659,1,0,1
2925704,89660,1,0,1
1812808,89661,1,0,1
247384,89662,1,0,1
1114712,89663,1,0,1
467288,89664,1,1,0
4330400,89665,1,0,1
6381632,89666,1,0,1
2532888,89667,1,0,1
2942872,89668,1,1,0
676936,89669,1,0,1
4505608,89670,1,0,1
1732528,89671,1,0,1
1172544,89672,1,0,1
638416,89673,1,0,1
4862944,89674,1,1,0
2114416,89675,1,0,1
2857776,89676,1,1,0
5932992,89677,1,1,0
5265376,89678,1,1,0
2248880,89679,1,0,1
6024824,89680,1,0,1
1158256,89681,1,1,0
4968984,89682,1,1,0
201912,89683,1,0,1
548416,89684,1,0,1
210480,89685,1,1,0
1404232,89686,1,1,0
8061624,89687,1,1,0
6431304,89688,1,1,0
1407608,89689,1,0,1
1303112,89690,1,0,1
211640,89691,1,0,1
3858176,89692,1,1,0
1250368,89693,1,0,1
1189560,89694,1,0,1
5597136,89695,1,1,0
7782824,89696,1,0,1
1066288,89697,1,1,0
5883968,89698,1,0,1
1677280,89699,1,1,0
4216368,89700,1,1,0
512088,89701,1,0,1
7753112,89702,1,1,0
971296,89703,1,1,0
1253584,89704,1,0,1
419896,89705,1,0,1
2200792,89706,1,0,1
4197616,89707,1,0,1
4507296,89708,1,1,0
79928,89709,1,0,1
897376,89710,1,0,1
635464,89711,1,1,0
2011440,89712,1,1,0
4264928,89713,1,0,1
525984,89714,1,1,0
1086736,89715,1,0,1
3449344,89716,1,0,1
8182096,89717,1,0,1
2120856,89718,1,0,1
2666240,89719,1,0,1
3285904,89720,1,0,1
2853336,89721,1,1,0
1978424,89722,1,1,0
430384,89723,1,0,1
240744,89724,1,1,0
4506176,89725,1,0,1
1719840,89726,1,1,0
3312728,89727,1,0,1
662680,89728,1,0,1
6343968,89729,1,1,0
1572840,89730,1,0,1
4677464,89731,1,1,0
4479880,89732,1,0,1
459208,89733,1,0,1
2388824,89734,1,0,1
2798328,89735,1,0,1
1913712,89736,1,0,1
5624600,89737,1,1,0
6241344,89738,1,1,0
5925800,89739,1,1,0
2181776,89740,1,1,0
987648,89741,1,0,1
264136,89742,1,0,1
6354152,89743,1,1,0
857624,89744,1,1,0
5654336,89745,1,0,1
1990168,89746,1,1,0
4907416,89747,1,0,1
2841560,89748,1,1,0
2500704,89749,1,1,0
1665072,89750,1,1,0
4193192,89751,1,1,0
8173408,89752,1,1,0
6101016,89753,1,1,0
944552,89754,1,1,0
1110144,89755,1,0,1
5079160,89756,1,1,0
1426032,89757,1,1,0
676784,89758,1,1,0
3757040,89759,1,1,0
1721088,89760,1,0,1
481216,89761,1,1,0
6241872,89762,1,1,0
5568096,89763,1,1,0
6862776,89764,1,0,1
1266576,89765,1,1,0
3317736,89766,1,1,0
4326424,89767,1,1,0
6140328,89768,1,0,1
576968,89769,1,0,1
323520,89770,1,1,0
490344,89771,1,0,1
4436680,89772,1,0,1
2962400,89773,1,1,0
4219624,89774,1,0,1
2628400,89775,1,1,0
159664,89776,1,0,1
6986832,89777,1,1,0
2449360,89778,1,0,1
5967040,89779,1,0,1
4119816,89780,1,1,0
1603552,89781,1,0,1
6434040,89782,1,1,0
3140160,89783,1,0,1
4208472,89784,1,1,0
7170712,89785,1,1,0
7052056,89786,1,1,0
1161216,89787,1,1,0
4103280,89788,1,1,0
6844960,89789,1,0,1
4452168,89790,1,0,1
57736,89791,1,0,1
6471856,89792,1,1,0
5579640,89793,1,1,0
1712952,89794,1,1,0
2934880,89795,1,1,0
2241536,89796,1,1,0
7882744,89797,1,1,0
197488,89798,1,0,1
2074792,89799,1,1,0
1798136,89800,1,0,1
6246072,89801,1,1,0
3011704,89802,1,0,1
869376,89803,1,1,0
1509672,89804,1,0,1
5780192,89805,1,1,0
464392,89806,1,1,0
2321744,89807,1,0,1
5863528,89808,1,1,0
2524432,89809,1,0,1
772160,89810,1,1,0
6660664,89811,1,0,1
1776080,89812,1,1,0
1225712,89813,1,0,1
3284048,89814,1,0,1
1360672,89815,1,1,0
1884448,89816,1,0,1
6987872,89817,1,1,0
4747168,89818,1,1,0
715536,89819,1,0,1
7424112,89820,1,0,1
719360,89821,1,1,0
1581544,89822,1,1,0
1998592,89823,1,1,0
2305880,89824,1,0,1
1628856,89825,1,1,0
5809256,89826,1,0,1
2114584,89827,1,1,0
1415384,89828,1,0,1
1761576,89829,1,1,0
1603648,89830,1,0,1
1583720,89831,1,0,1
4395488,89832,1,0,1
372248,89833,1,1,0
3663824,89834,1,1,0
6310840,89835,1,1,0
2288232,89836,1,0,1
2378072,89837,1,0,1
4363656,89838,1,0,1
4142664,89839,1,0,1
572912,89840,1,0,1
6745000,89841,1,0,1
3287872,89842,1,0,1
1325040,89843,1,1,0
708616,89844,1,0,1
1318584,89845,1,1,0
5137416,89846,1,1,0
377160,89847,1,0,1
150032,89848,1,1,0
1838544,89849,1,1,0
2219488,89850,1,1,0
880624,89851,1,0,1
3806848,89852,1,1,0
705576,89853,1,1,0
953824,89854,1,0,1
4203808,89855,1,0,1
846800,89856,1,0,1
183024,89857,1,1,0
920936,89858,1,0,1
1951576,89859,1,1,0
2179376,89860,1,0,1
7056160,89861,1,1,0
2323816,89862,1,0,1
1811088,89863,1,1,0
3844040,89864,1,0,1
4681344,89865,1,1,0
307288,89866,1,1,0
2472400,89867,1,0,1
2595456,89868,1,1,0
913520,89869,1,1,0
1522024,89870,1,1,0
217912,89871,1,0,1
2828384,89872,1,0,1
5189200,89873,1,1,0
4281920,89874,1,0,1
440216,89875,1,0,1
5004240,89876,1,0,1
3192496,89877,1,1,0
1259312,89878,1,0,1
4956984,89879,1,0,1
656936,89880,1,1,0
712880,89881,1,0,1
6068624,89882,1,0,1
1877248,89883,1,0,1
2606376,89884,1,0,1
714960,89885,1,1,0
1299936,89886,1,1,0
293920,89887,1,0,1
6171296,89888,1,1,0
8184248,89889,1,0,1
2538000,89890,1,1,0
274392,89891,1,1,0
2046776,89892,1,0,1
2335368,89893,1,1,0
5207936,89894,1,0,1
5666992,89895,1,1,0
501528,89896,1,0,1
8102368,89897,1,0,1
945752,89898,1,0,1
174400,89899,1,1,0
2586928,89900,1,1,0
2426352,89901,1,0,1
6356760,89902,1,0,1
1722256,89903,1,0,1
791352,89904,1,1,0
2780552,89905,1,0,1
869064,89906,1,1,0
3491248,89907,1,1,0
7407144,89908,1,0,1
3845488,89909,1,1,0
2174728,89910,1,1,0
3568936,89911,1,1,0
7954216,89912,1,1,0
7159432,89913,1,1,0
7089704,89914,1,0,1
780968,89915,1,1,0
4995152,89916,1,1,0
4150000,89917,1,0,1
562496,89918,1,0,1
5464688,89919,1,1,0
7954768,89920,1,1,0
3666536,89921,1,1,0
606464,89922,1,0,1
2420248,89923,1,1,0
5527024,89924,1,1,0
5707592,89925,1,1,0
415416,89926,1,0,1
234232,89927,1,0,1
1189416,89928,1,0,1
1142168,89929,1,0,1
3524888,89930,1,0,1
960584,89931,1,0,1
1074464,89932,1,1,0
4926464,89933,1,1,0
6886344,89934,1,0,1
7694400,89935,1,0,1
3622928,89936,1,1,0
2440728,89937,1,0,1
994856,89938,1,1,0
2892984,89939,1,0,1
1205992,89940,1,0,1
4697800,89941,1,1,0
3688728,89942,1,1,0
6559544,89943,1,0,1
1403512,89944,1,0,1
4727504,89945,1,1,0
318160,89946,1,0,1
261424,89947,1,0,1
141864,89948,1,1,0
1601856,89949,1,1,0
841232,89950,1,1,0
2427320,89951,1,1,0
344632,89952,1,0,1
439352,89953,1,1,0
605456,89954,1,1,0
7101296,89955,1,1,0
1770864,89956,1,1,0
887040,89957,1,1,0
2618848,89958,1,1,0
250184,89959,1,1,0
6745096,89960,1,0,1
2008584,89961,1,1,0
1288120,89962,1,1,0
668240,89963,1,1,0
1784616,89964,1,0,1
1184640,89965,1,1,0
3639552,89966,1,0,1
317960,89967,1,1,0
2904736,89968,1,1,0
5805184,89969,1,1,0
1175752,89970,1,1,0
3200736,89971,1,0,1
3121048,89972,1,1,0
1420456,89973,1,1,0
1307392,89974,1,1,0
256688,89975,1,1,0
6040376,89976,1,1,0
1744736,89977,1,1,0
5997072,89978,1,0,1
797768,89979,1,0,1
689632,89980,1,1,0
539272,89981,1,1,0
2795280,89982,1,0,1
1994184,89983,1,1,0
2256928,89984,1,0,1
5612648,89985,1,0,1
1857152,89986,1,1,0
279328,89987,1,1,0
1051408,89988,1,0,1
1280568,89989,1,1,0
7348048,89990,1,1,0
1061720,89991,1,1,0
1404440,89992,1,1,0
3925200,89993,1,0,1
2265432,89994,1,1,0
3976176,89995,1,1,0
6284928,89996,1,0,1
2420736,89997,1,0,1
207736,89998,1,1,0
208512,89999,1,1,0
372624,90000,1,1,0
644112,90001,1,1,0
3094120,90002,1,1,0
7045480,90003,1,1,0
1186192,90004,1,1,0
1331560,90005,1,0,1
3622488,90006,1,1,0
2030120,90007,1,0,1
4965912,90008,1,0,1
616744,90009,1,1,0
2217088,90010,1,1,0
3015136,90011,1,1,0
2571328,90012,1,0,1
331752,90013,1,0,1
5684128,90014,1,0,1
5593168,90015,1,1,0
6492704,90016,1,1,0
1788184,90017,1,0,1
5402040,90018,1,0,1
7201384,90019,1,1,0
6813840,90020,1,0,1
3616984,90021,1,0,1
2218352,90022,1,1,0
5947880,90023,1,0,1
8021008,90024,1,1,0
2043672,90025,1,1,0
4403128,90026,1,1,0
3532456,90027,1,0,1
1666984,90028,1,0,1
2851136,90029,1,0,1
5473264,90030,1,0,1
486376,90031,1,0,1
4846168,90032,1,1,0
3458880,90033,1,1,0
888440,90034,1,1,0
611776,90035,1,1,0
5493848,90036,1,0,1
1558912,90037,1,1,0
6644016,90038,1,1,0
1028280,90039,1,0,1
516208,90040,1,0,1
2330624,90041,1,0,1
5186680,90042,1,0,1
449216,90043,1,1,0
4026392,90044,1,0,1
8277128,90045,1,1,0
3658520,90046,1,1,0
6202944,90047,1,1,0
2036432,90048,1,0,1
5619176,90049,1,0,1
732440,90050,1,0,1
1505368,90051,1,1,0
813480,90052,1,0,1
4675000,90053,1,0,1
5422264,90054,1,1,0
4906512,90055,1,0,1
3044376,90056,1,0,1
3335600,90057,1,0,1
422936,90058,1,1,0
1790456,90059,1,1,0
1286648,90060,1,0,1
2539944,90061,1,0,1
801304,90062,1,0,1
2316536,90063,1,1,0
6499896,90064,1,1,0
6334320,90065,1,0,1
4864552,90066,1,1,0
5044776,90067,1,1,0
568168,90068,1,0,1
3671232,90069,1,0,1
5058808,90070,1,1,0
1546952,90071,1,0,1
776288,90072,1,0,1
3667576,90073,1,0,1
1579968,90074,1,0,1
4263872,90075,1,1,0
1246256,90076,1,1,0
2165976,90077,1,0,1
1809272,90078,1,0,1
538392,90079,1,0,1
2238368,90080,1,1,0
849624,90081,1,0,1
564144,90082,1,0,1
2089160,90083,1,0,1
7141248,90084,1,1,0
4480752,90085,1,1,0
175648,90086,1,0,1
2456952,90087,1,0,1
1122160,90088,1,1,0
1142824,90089,1,0,1
107840,90090,1,1,0
7172408,90091,1,1,0
3700144,90092,1,1,0
1130384,90093,1,0,1
6707864,90094,1,1,0
1739136,90095,1,0,1
1440312,90096,1,0,1
901656,90097,1,0,1
7422136,90098,1,1,0
6049056,90099,1,0,1
299376,90100,1,1,0
562008,90101,1,0,1
830344,90102,1,0,1
1593856,90103,1,0,1
862216,90104,1,0,1
1047784,90105,1,1,0
369040,90106,1,1,0
3595688,90107,1,1,0
727976,90108,1,1,0
575568,90109,1,1,0
4133632,90110,1,0,1
1341688,90111,1,1,0
886616,90112,1,1,0
2868784,90113,1,1,0
2212120,90114,1,1,0
4782392,90115,1,0,1
6923056,90116,1,1,0
1914560,90117,1,1,0
6760336,90118,1,1,0
1149592,90119,1,1,0
437392,90120,1,0,1
667592,90121,1,1,0
3331800,90122,1,0,1
679136,90123,1,0,1
1434896,90124,1,1,0
828440,90125,1,1,0
706088,90126,1,1,0
1443000,90127,1,1,0
2470168,90128,1,1,0
1825880,90129,1,0,1
463936,90130,1,0,1
1022768,90131,1,0,1
1111864,90132,1,0,1
4080880,90133,1,0,1
2102080,90134,1,0,1
3114416,90135,1,1,0
5453008,90136,1,0,1
1005112,90137,1,1,0
3591592,90138,1,1,0
793688,90139,1,1,0
2390720,90140,1,1,0
784512,90141,1,1,0
586944,90142,1,0,1
4143592,90143,1,1,0
3844184,90144,1,0,1
791584,90145,1,0,1
1556160,90146,1,0,1
2945560,90147,1,1,0
1069208,90148,1,1,0
244952,90149,1,0,1
772552,90150,1,0,1
5743056,90151,1,0,1
1241424,90152,1,0,1
1317792,90153,1,0,1
1186912,90154,1,1,0
723232,90155,1,0,1
4535304,90156,1,1,0
1784112,90157,1,0,1
6299848,90158,1,0,1
2140384,90159,1,1,0
738312,90160,1,0,1
1232176,90161,1,0,1
3854648,90162,1,0,1
357112,90163,1,0,1
263336,90164,1,1,0
265544,90165,1,0,1
5567744,90166,1,1,0
3742944,90167,1,1,0
2588400,90168,1,0,1
1711488,90169,1,0,1
2935152,90170,1,0,1
626128,90171,1,1,0
6064152,90172,1,1,0
619664,90173,1,0,1
5910536,90174,1,0,1
930616,90175,1,0,1
7892864,90176,1,0,1
208560,90177,1,1,0
4463968,90178,1,0,1
141576,90179,1,1,0
6328992,90180,1,0,1
1037376,90181,1,1,0
1433064,90182,1,1,0
7041832,90183,1,1,0
627824,90184,1,0,1
1409344,90185,1,1,0
922064,90186,1,1,0
7156656,90187,1,0,1
7238472,90188,1,0,1
1854432,90189,1,1,0
702936,90190,1,0,1
2226648,90191,1,1,0
2303560,90192,1,1,0
4690712,90193,1,0,1
4371384,90194,1,1,0
1189448,90195,1,0,1
339072,90196,1,1,0
90704,90197,1,0,1
551176,90198,1,1,0
104984,90199,1,0,1
542424,90200,1,0,1
615672,90201,1,1,0
2182400,90202,1,1,0
7727048,90203,1,1,0
3597872,90204,1,0,1
2096936,90205,1,1,0
2860112,90206,1,1,0
7707336,90207,1,0,1
1091664,90208,1,1,0
2854328,90209,1,0,1
995768,90210,1,1,0
2011848,90211,1,1,0
2963192,90212,1,0,1
4907328,90213,1,1,0
2475192,90214,1,1,0
2552480,90215,1,0,1
6315576,90216,1,0,1
663160,90217,1,0,1
7894440,90218,1,1,0
3453440,90219,1,0,1
2581656,90220,1,0,1
892328,90221,1,0,1
2047920,90222,1,1,0
1871832,90223,1,1,0
208376,90224,1,1,0
1239192,90225,1,1,0
3872280,90226,1,0,1
5805112,90227,1,0,1
4342944,90228,1,0,1
4584512,90229,1,0,1
8204504,90230,1,0,1
2255488,90231,1,0,1
608216,90232,1,0,1
8069472,90233,1,0,1
1083016,90234,1,1,0
4046560,90235,1,0,1
1323024,90236,1,0,1
1969608,90237,1,0,1
6406928,90238,1,0,1
2222472,90239,1,0,1
464264,90240,1,0,1
721928,90241,1,0,1
3418296,90242,1,1,0
1166288,90243,1,1,0
2882088,90244,1,1,0
6089168,90245,1,1,0
1147528,90246,1,1,0
4738080,90247,1,1,0
3407792,90248,1,1,0
2841624,90249,1,1,0
4584744,90250,1,0,1
7379880,90251,1,1,0
560784,90252,1,0,1
2373336,90253,1,0,1
1321544,90254,1,0,1
423200,90255,1,0,1
2952416,90256,1,1,0
1845408,90257,1,0,1
1029720,90258,1,0,1
1796744,90259,1,1,0
4495664,90260,1,0,1
3693104,90261,1,0,1
3232096,90262,1,0,1
2439512,90263,1,0,1
5780576,90264,1,1,0
6508800,90265,1,1,0
6578048,90266,1,0,1
468120,90267,1,1,0
3017192,90268,1,0,1
873848,90269,1,0,1
658408,90270,1,1,0
7309928,90271,1,0,1
5872152,90272,1,0,1
7886168,90273,1,0,1
1320640,90274,1,1,0
607296,90275,1,0,1
766112,90276,1,1,0
7422672,90277,1,0,1
928272,90278,1,0,1
6303088,90279,1,0,1
6114008,90280,1,1,0
5195272,90281,1,0,1
2174424,90282,1,0,1
4348904,90283,1,1,0
1351616,90284,1,1,0
226864,90285,1,0,1
7147832,90286,1,1,0
7323928,90287,1,1,0
7032248,90288,1,0,1
4206312,90289,1,0,1
4425440,90290,1,0,1
4992184,90291,1,1,0
2223376,90292,1,1,0
3487448,90293,1,1,0
1577224,90294,1,1,0
4710464,90295,1,0,1
5700584,90296,1,1,0
719392,90297,1,1,0
3927928,90298,1,0,1
1781312,90299,1,1,0
2927568,90300,1,1,0
7958272,90301,1,1,0
3899408,90302,1,0,1
2449536,90303,1,1,0
7925960,90304,1,0,1
531312,90305,1,0,1
4070512,90306,1,0,1
4991464,90307,1,0,1
2796064,90308,1,0,1
4289552,90309,1,1,0
3491096,90310,1,1,0
961224,90311,1,1,0
891864,90312,1,1,0
6165864,90313,1,1,0
5347680,90314,1,1,0
2541840,90315,1,1,0
5837000,90316,1,1,0
7629352,90317,1,1,0
947032,90318,1,1,0
6303864,90319,1,0,1
7880680,90320,1,1,0
3022520,90321,1,1,0
4661800,90322,1,1,0
736800,90323,1,0,1
1538520,90324,1,1,0
6365584,90325,1,1,0
1646032,90326,1,0,1
590384,90327,1,0,1
563232,90328,1,1,0
243920,90329,1,0,1
546720,90330,1,1,0
4276424,90331,1,0,1
1534280,90332,1,1,0
5667776,90333,1,0,1
6896096,90334,1,1,0
3114368,90335,1,0,1
1688552,90336,1,0,1
7078376,90337,1,1,0
1747248,90338,1,0,1
558320,90339,1,0,1
3208320,90340,1,1,0
897656,90341,1,1,0
1178320,90342,1,0,1
1197960,90343,1,1,0
989800,90344,1,1,0
1528896,90345,1,1,0
3280464,90346,1,1,0
181104,90347,1,0,1
3480408,90348,1,1,0
8252024,90349,1,0,1
5771688,90350,1,0,1
5860872,90351,1,0,1
2625152,90352,1,0,1
5767384,90353,1,1,0
6924152,90354,1,0,1
986648,90355,1,1,0
7313936,90356,1,1,0
238584,90357,1,1,0
4278496,90358,1,0,1
1863408,90359,1,0,1
564720,90360,1,1,0
3163760,90361,1,1,0
5390496,90362,1,1,0
516160,90363,1,1,0
6846480,90364,1,0,1
4612560,90365,1,1,0
2095416,90366,1,0,1
1125864,90367,1,1,0
5568616,90368,1,1,0
356024,90369,1,0,1
792792,90370,1,0,1
4636368,90371,1,1,0
790824,90372,1,1,0
2346104,90373,1,0,1
1356392,90374,1,0,1
796400,90375,1,0,1
2444680,90376,1,1,0
6076720,90377,1,1,0
3944168,90378,1,1,0
1388280,90379,1,1,0
1689760,90380,1,1,0
2862224,90381,1,1,0
6094184,90382,1,0,1
4167944,90383,1,0,1
1297640,90384,1,0,1
4830656,90385,1,0,1
5139296,90386,1,0,1
4345360,90387,1,1,0
1313920,90388,1,0,1
6130728,90389,1,1,0
3685368,90390,1,1,0
2769048,90391,1,0,1
636024,90392,1,1,0
5111040,90393,1,1,0
8020984,90394,1,0,1
5500600,90395,1,0,1
3199744,90396,1,1,0
5848112,90397,1,0,1
3244656,90398,1,1,0
3246936,90399,1,0,1
6254528,90400,1,0,1
681448,90401,1,0,1
500336,90402,1,1,0
8273632,90403,1,0,1
778280,90404,1,1,0
2457296,90405,1,0,1
1813000,90406,1,1,0
3075824,90407,1,0,1
250992,90408,1,0,1
421504,90409,1,0,1
6314120,90410,1,0,1
1587168,90411,1,1,0
1356176,90412,1,0,1
5294904,90413,1,0,1
238448,90414,1,0,1
5076776,90415,1,0,1
7473312,90416,1,1,0
360416,90417,1,0,1
6879448,90418,1,0,1
2286760,90419,1,1,0
2944816,90420,1,0,1
748120,90421,1,1,0
1034472,90422,1,1,0
1930800,90423,1,1,0
2909008,90424,1,0,1
3239032,90425,1,0,1
621816,90426,1,1,0
598744,90427,1,1,0
3063440,90428,1,0,1
1390392,90429,1,1,0
1522808,90430,1,0,1
942008,90431,1,1,0
2785872,90432,1,1,0
7070632,90433,1,1,0
1347280,90434,1,0,1
5343880,90435,1,1,0
950680,90436,1,0,1
2576936,90437,1,1,0
1057400,90438,1,0,1
1257112,90439,1,1,0
727088,90440,1,0,1
7928584,90441,1,0,1
1935576,90442,1,1,0
4146624,90443,1,0,1
264424,90444,1,0,1
1431336,90445,1,0,1
821824,90446,1,0,1
5802904,90447,1,1,0
1942856,90448,1,0,1
2085872,90449,1,1,0
3856640,90450,1,1,0
703496,90451,1,1,0
1752376,90452,1,0,1
959768,90453,1,0,1
2273784,90454,1,1,0
6073424,90455,1,1,0
541112,90456,1,0,1
7301800,90457,1,1,0
7000464,90458,1,1,0
1635216,90459,1,1,0
226704,90460,1,0,1
812392,90461,1,1,0
369288,90462,1,0,1
1427600,90463,1,1,0
2116904,90464,1,0,1
1492000,90465,1,1,0
3804480,90466,1,0,1
509336,90467,1,0,1
1716096,90468,1,1,0
393408,90469,1,1,0
3717544,90470,1,0,1
1903480,90471,1,1,0
3603656,90472,1,1,0
5048016,90473,1,0,1
8202360,90474,1,1,0
1032672,90475,1,0,1
3679336,90476,1,0,1
6776896,90477,1,0,1
1229560,90478,1,1,0
708128,90479,1,1,0
8194896,90480,1,1,0
7730248,90481,1,1,0
1834944,90482,1,1,0
316936,90483,1,0,1
6874048,90484,1,0,1
3484016,90485,1,1,0
3474472,90486,1,0,1
6413704,90487,1,1,0
584696,90488,1,1,0
2623200,90489,1,1,0
1482616,90490,1,1,0
351848,90491,1,0,1
2392008,90492,1,0,1
6751848,90493,1,1,0
714400,90494,1,1,0
5673368,90495,1,1,0
1488984,90496,1,1,0
1115864,90497,1,0,1
5406520,90498,1,1,0
2054784,90499,1,1,0
5681296,90500,1,0,1
5188032,90501,1,1,0
5816096,90502,1,1,0
3045128,90503,1,0,1
5167576,90504,1,1,0
2634608,90505,1,1,0
2620872,90506,1,1,0
2012064,90507,1,1,0
861496,90508,1,0,1
3121248,90509,1,1,0
2517616,90510,1,0,1
5498728,90511,1,0,1
522672,90512,1,1,0
5807744,90513,1,1,0
3240128,90514,1,1,0
2133744,90515,1,0,1
4163536,90516,1,1,0
2720152,90517,1,0,1
7151576,90518,1,1,0
7342344,90519,1,1,0
1324696,90520,1,0,1
8050104,90521,1,0,1
2465840,90522,1,1,0
929600,90523,1,0,1
3625200,90524,1,1,0
4206984,90525,1,1,0
5534648,90526,1,0,1
8346032,90527,1,0,1
1752544,90528,1,0,1
2039016,90529,1,0,1
2465720,90530,1,0,1
1990280,90531,1,0,1
2804624,90532,1,0,1
3512512,90533,1,1,0
2638032,90534,1,0,1
679960,90535,1,0,1
171000,90536,1,0,1
1835040,90537,1,0,1
389096,90538,1,0,1
1448272,90539,1,0,1
3176648,90540,1,0,1
860552,90541,1,0,1
5507984,90542,1,1,0
5296088,90543,1,0,1
1270880,90544,1,0,1
1171760,90545,1,0,1
4418024,90546,1,1,0
3694168,90547,1,0,1
2109104,90548,1,1,0
8198840,90549,1,0,1
1284816,90550,1,1,0
5632264,90551,1,1,0
1586640,90552,1,1,0
3903400,90553,1,0,1
8129368,90554,1,0,1
7869456,90555,1,0,1
5634064,90556,1,1,0
1248624,90557,1,1,0
593016,90558,1,1,0
5966384,90559,1,0,1
2925040,90560,1,0,1
2470632,90561,1,1,0
762248,90562,1,1,0
8251304,90563,1,1,0
7958400,90564,1,1,0
4624840,90565,1,0,1
3161704,90566,1,0,1
2665640,90567,1,1,0
562864,90568,1,1,0
7821824,90569,1,0,1
5990192,90570,1,1,0
5649496,90571,1,0,1
2633264,90572,1,1,0
4361560,90573,1,1,0
5195968,90574,1,1,0
801488,90575,1,1,0
661072,90576,1,1,0
5584016,90577,1,1,0
3686920,90578,1,0,1
260304,90579,1,0,1
1727608,90580,1,1,0
5831512,90581,1,1,0
6748392,90582,1,1,0
1312464,90583,1,1,0
2318248,90584,1,1,0
1936552,90585,1,0,1
4875760,90586,1,1,0
3675688,90587,1,0,1
3974768,90588,1,0,1
321096,90589,1,0,1
3177936,90590,1,1,0
7174400,90591,1,1,0
3481144,90592,1,0,1
6485232,90593,1,0,1
2256208,90594,1,1,0
3222744,90595,1,1,0
5772104,90596,1,0,1
2073816,90597,1,1,0
1522032,90598,1,1,0
2837464,90599,1,0,1
1097432,90600,1,1,0
3501136,90601,1,1,0
699568,90602,1,1,0
437912,90603,1,1,0
252104,90604,1,1,0
4201040,90605,1,0,1
2487160,90606,1,1,0
1551880,90607,1,1,0
3883280,90608,1,0,1
5228760,90609,1,1,0
400624,90610,1,1,0
885648,90611,1,0,1
5579160,90612,1,0,1
2732504,90613,1,1,0
3769040,90614,1,0,1
5757520,90615,1,0,1
1736504,90616,1,1,0
5681048,90617,1,0,1
1765504,90618,1,1,0
1822208,90619,1,1,0
6846264,90620,1,1,0
4687312,90621,1,1,0
4424784,90622,1,0,1
2673336,90623,1,0,1
1987648,90624,1,1,0
2074600,90625,1,0,1
3082872,90626,1,1,0
2731592,90627,1,0,1
5702584,90628,1,1,0
4972064,90629,1,0,1
6752576,90630,1,0,1
1991912,90631,1,1,0
573728,90632,1,0,1
1053032,90633,1,0,1
1255384,90634,1,0,1
1817064,90635,1,1,0
3420856,90636,1,1,0
984120,90637,1,1,0
272000,90638,1,0,1
6079464,90639,1,1,0
472280,90640,1,1,0
186128,90641,1,1,0
4994072,90642,1,1,0
5649416,90643,1,0,1
7667896,90644,1,1,0
1173936,90645,1,0,1
1361888,90646,1,1,0
4887208,90647,1,0,1
325216,90648,1,0,1
1344096,90649,1,1,0
3554592,90650,1,0,1
5229600,90651,1,1,0
5282248,90652,1,0,1
830848,90653,1,0,1
2655520,90654,1,0,1
6436336,90655,1,1,0
3712128,90656,1,0,1
4339776,90657,1,0,1
2351832,90658,1,0,1
644872,90659,1,1,0
4303280,90660,1,1,0
714984,90661,1,0,1
6525568,90662,1,1,0
5715232,90663,1,1,0
1841304,90664,1,0,1
7945248,90665,1,0,1
3798704,90666,1,1,0
2540576,90667,1,1,0
1015160,90668,1,1,0
6369184,90669,1,0,1
2042960,90670,1,1,0
271080,90671,1,0,1
5786016,90672,1,0,1
3664520,90673,1,0,1
517768,90674,1,0,1
897960,90675,1,0,1
3597616,90676,1,0,1
1744288,90677,1,0,1
7122584,90678,1,0,1
883976,90679,1,1,0
626800,90680,1,1,0
5255344,90681,1,0,1
402120,90682,1,0,1
5268664,90683,1,0,1
712248,90684,1,0,1
7261656,90685,1,0,1
981616,90686,1,0,1
5530336,90687,1,1,0
2181552,90688,1,0,1
485312,90689,1,1,0
3857776,90690,1,1,0
3242584,90691,1,1,0
6200520,90692,1,0,1
867656,90693,1,1,0
751976,90694,1,0,1
682176,90695,1,1,0
1132576,90696,1,1,0
1890360,90697,1,0,1
2410872,90698,1,0,1
2496696,90699,1,1,0
3616160,90700,1,0,1
1269536,90701,1,0,1
1068024,90702,1,1,0
2313320,90703,1,0,1
931720,90704,1,1,0
7343320,90705,1,0,1
534896,90706,1,0,1
5662976,90707,1,0,1
548904,90708,1,1,0
8132560,90709,1,0,1
522960,90710,1,0,1
2017800,90711,1,1,0
888544,90712,1,1,0
1395536,90713,1,1,0
2860688,90714,1,1,0
1936320,90715,1,1,0
5804088,90716,1,0,1
7586368,90717,1,1,0
596424,90718,1,0,1
4290576,90719,1,1,0
406736,90720,1,0,1
607392,90721,1,0,1
2500632,90722,1,1,0
3472808,90723,1,1,0
4088832,90724,1,0,1
7749224,90725,1,0,1
1284768,90726,1,0,1
787152,90727,1,0,1
501616,90728,1,0,1
8227608,90729,1,0,1
1622288,90730,1,0,1
362320,90731,1,1,0
5782952,90732,1,1,0
705528,90733,1,1,0
3516768,90734,1,0,1
680096,90735,1,1,0
2704248,90736,1,0,1
4159400,90737,1,0,1
1177296,90738,1,0,1
2053304,90739,1,1,0
2440552,90740,1,1,0
2415984,90741,1,1,0
5872352,90742,1,0,1
2741856,90743,1,0,1
2470408,90744,1,0,1
7381848,90745,1,1,0
785368,90746,1,1,0
4289040,90747,1,1,0
7438080,90748,1,1,0
6662944,90749,1,0,1
3097888,90750,1,0,1
3180440,90751,1,1,0
2282920,90752,1,1,0
2295352,90753,1,0,1
3214800,90754,1,1,0
1166648,90755,1,1,0
4465072,90756,1,1,0
1866336,90757,1,0,1
1415120,90758,1,0,1
2296656,90759,1,1,0
1224896,90760,1,0,1
6030112,90761,1,1,0
3466048,90762,1,0,1
5302400,90763,1,1,0
1201720,90764,1,1,0
1735616,90765,1,1,0
4213568,90766,1,0,1
743048,90767,1,1,0
273360,90768,1,0,1
5936560,90769,1,0,1
781200,90770,1,1,0
2533072,90771,1,0,1
1109328,90772,1,1,0
688288,90773,1,0,1
4824752,90774,1,1,0
982504,90775,1,1,0
1964664,90776,1,0,1
2968232,90777,1,0,1
3733248,90778,1,1,0
228072,90779,1,0,1
235112,90780,1,1,0
2088800,90781,1,0,1
2445672,90782,1,1,0
381096,90783,1,1,0
1346056,90784,1,1,0
6027984,90785,1,1,0
1642816,90786,1,0,1
280960,90787,1,0,1
5349448,90788,1,0,1
946560,90789,1,1,0
3765160,90790,1,1,0
3477744,90791,1,0,1
5895440,90792,1,0,1
3900808,90793,1,1,0
255472,90794,1,1,0
197280,90795,1,1,0
3598256,90796,1,1,0
2812024,90797,1,0,1
4106648,90798,1,1,0
3300040,90799,1,1,0
4650072,90800,1,0,1
2801904,90801,1,1,0
210960,90802,1,0,1
7092616,90803,1,0,1
1385880,90804,1,1,0
2829136,90805,1,0,1
7248248,90806,1,1,0
2124224,90807,1,0,1
8385016,90808,1,1,0
680640,90809,1,0,1
327888,90810,1,1,0
1463656,90811,1,1,0
3367656,90812,1,1,0
1955736,90813,1,0,1
3278600,90814,1,1,0
7443632,90815,1,1,0
6612776,90816,1,1,0
5730512,90817,1,1,0
1641680,90818,1,1,0
6660936,90819,1,0,1
2577640,90820,1,1,0
1851984,90821,1,0,1
3174688,90822,1,0,1
247264,90823,1,0,1
2658912,90824,1,0,1
1366552,90825,1,0,1
6450680,90826,1,1,0
1993080,90827,1,1,0
2107416,90828,1,0,1
2484000,90829,1,0,1
177656,90830,1,1,0
3289352,90831,1,0,1
393440,90832,1,1,0
2230528,90833,1,1,0
3318632,90834,1,1,0
1561712,90835,1,1,0
3997016,90836,1,1,0
7096552,90837,1,1,0
845960,90838,1,1,0
3553200,90839,1,1,0
5955304,90840,1,1,0
3513360,90841,1,1,0
1154504,90842,1,1,0
3550776,90843,1,0,1
757984,90844,1,0,1
2333848,90845,1,1,0
5915864,90846,1,0,1
1396288,90847,1,0,1
2704400,90848,1,0,1
6769664,90849,1,1,0
3424848,90850,1,0,1
4242776,90851,1,0,1
504144,90852,1,1,0
5461296,90853,1,1,0
446144,90854,1,0,1
150832,90855,1,1,0
229328,90856,1,1,0
3159008,90857,1,1,0
1059776,90858,1,1,0
6701336,90859,1,0,1
4895048,90860,1,1,0
2046392,90861,1,1,0
386592,90862,1,0,1
6186216,90863,1,1,0
1564936,90864,1,0,1
3085632,90865,1,1,0
175672,90866,1,1,0
5552840,90867,1,1,0
4682664,90868,1,0,1
720072,90869,1,0,1
297888,90870,1,0,1
1260736,90871,1,0,1
5592240,90872,1,0,1
6309512,90873,1,0,1
1502472,90874,1,1,0
3559768,90875,1,0,1
2261248,90876,1,0,1
7297184,90877,1,1,0
1939816,90878,1,1,0
4349896,90879,1,0,1
4657640,90880,1,0,1
698912,90881,1,0,1
1966816,90882,1,1,0
7141688,90883,1,0,1
1773688,90884,1,0,1
5789264,90885,1,1,0
518968,90886,1,0,1
355800,90887,1,0,1
824648,90888,1,1,0
7779200,90889,1,1,0
5166616,90890,1,1,0
5298752,90891,1,0,1
2102608,90892,1,1,0
8072192,90893,1,1,0
1354856,90894,1,0,1
3623912,90895,1,1,0
4790160,90896,1,0,1
7633952,90897,1,1,0
7498728,90898,1,1,0
3308488,90899,1,1,0
3582144,90900,1,0,1
7582936,90901,1,0,1
2392352,90902,1,1,0
6029064,90903,1,0,1
3915768,90904,1,1,0
2983080,90905,1,1,0
1436448,90906,1,0,1
5668288,90907,1,1,0
658224,90908,1,1,0
4706584,90909,1,0,1
881600,90910,1,0,1
132448,90911,1,1,0
3160080,90912,1,1,0
792304,90913,1,0,1
511632,90914,1,1,0
650312,90915,1,0,1
1091560,90916,1,0,1
956248,90917,1,0,1
1427024,90918,1,1,0
537104,90919,1,0,1
894272,90920,1,1,0
1509944,90921,1,0,1
1534584,90922,1,1,0
1648088,90923,1,0,1
4839432,90924,1,0,1
5640264,90925,1,0,1
1216184,90926,1,0,1
1100632,90927,1,1,0
4006560,90928,1,1,0
645600,90929,1,1,0
2490088,90930,1,0,1
1291064,90931,1,0,1
3466112,90932,1,1,0
6870632,90933,1,1,0
3140176,90934,1,0,1
5063064,90935,1,1,0
3889248,90936,1,0,1
891344,90937,1,1,0
554128,90938,1,0,1
627888,90939,1,0,1
6545376,90940,1,0,1
3909784,90941,1,0,1
809496,90942,1,1,0
7204296,90943,1,1,0
1204472,90944,1,1,0
6135776,90945,1,1,0
148064,90946,1,0,1
846440,90947,1,0,1
3298936,90948,1,1,0
2784560,90949,1,0,1
774152,90950,1,0,1
2377272,90951,1,0,1
341640,90952,1,0,1
4246256,90953,1,0,1
2191016,90954,1,0,1
2624912,90955,1,1,0
1803216,90956,1,1,0
7681392,90957,1,1,0
659144,90958,1,1,0
805008,90959,1,1,0
726328,90960,1,0,1
2622800,90961,1,1,0
708584,90962,1,1,0
514968,90963,1,1,0
1309896,90964,1,0,1
831224,90965,1,0,1
932952,90966,1,0,1
2471424,90967,1,0,1
873264,90968,1,0,1
1998096,90969,1,1,0
5332552,90970,1,1,0
2257984,90971,1,0,1
1145680,90972,1,0,1
622456,90973,1,0,1
609312,90974,1,1,0
427568,90975,1,0,1
514128,90976,1,1,0
1074576,90977,1,0,1
868224,90978,1,1,0
6102024,90979,1,1,0
2260200,90980,1,1,0
2410784,90981,1,1,0
3302256,90982,1,1,0
763504,90983,1,0,1
2463856,90984,1,1,0
5122720,90985,1,0,1
377528,90986,1,0,1
3769296,90987,1,0,1
1418800,90988,1,0,1
1913688,90989,1,0,1
3323736,90990,1,1,0
6210680,90991,1,0,1
8051000,90992,1,0,1
468616,90993,1,1,0
1627736,90994,1,1,0
7456640,90995,1,0,1
3582064,90996,1,0,1
3018608,90997,1,0,1
4128800,90998,1,0,1
6208488,90999,1,1,0
6977416,91000,1,0,1
3457752,91001,1,1,0
3021600,91002,1,0,1
7952816,91003,1,0,1
2099992,91004,1,1,0
91896,91005,1,1,0
396208,91006,1,0,1
2797392,91007,1,1,0
4518288,91008,1,0,1
5657648,91009,1,0,1
566800,91010,1,0,1
213192,91011,1,0,1
2174544,91012,1,1,0
1495400,91013,1,0,1
1544168,91014,1,1,0
6294928,91015,1,0,1
5962560,91016,1,0,1
7713712,91017,1,1,0
4978296,91018,1,0,1
5828208,91019,1,0,1
6930584,91020,1,1,0
7775952,91021,1,0,1
4395176,91022,1,1,0
199656,91023,1,0,1
6345768,91024,1,0,1
8333408,91025,1,1,0
6052816,91026,1,0,1
5231752,91027,1,1,0
455408,91028,1,1,0
4846272,91029,1,1,0
1460280,91030,1,1,0
3972872,91031,1,1,0
5746144,91032,1,0,1
7787928,91033,1,0,1
2159400,91034,1,1,0
1701000,91035,1,1,0
949016,91036,1,0,1
3375600,91037,1,1,0
4945920,91038,1,0,1
241872,91039,1,1,0
3662384,91040,1,0,1
1119832,91041,1,0,1
1542848,91042,1,1,0
1216432,91043,1,0,1
320984,91044,1,1,0
742992,91045,1,1,0
2977600,91046,1,0,1
5657720,91047,1,1,0
4494344,91048,1,1,0
822632,91049,1,0,1
7014672,91050,1,1,0
3645568,91051,1,1,0
195336,91052,1,0,1
6420984,91053,1,0,1
1995376,91054,1,1,0
2000440,91055,1,0,1
1170472,91056,1,0,1
6802256,91057,1,1,0
637104,91058,1,1,0
3968352,91059,1,1,0
2189728,91060,1,1,0
3044520,91061,1,1,0
1428088,91062,1,0,1
6481680,91063,1,1,0
3865248,91064,1,0,1
4436616,91065,1,1,0
6703680,91066,1,1,0
7494112,91067,1,0,1
2241896,91068,1,0,1
2720696,91069,1,0,1
1858144,91070,1,0,1
131520,91071,1,1,0
962536,91072,1,1,0
2149120,91073,1,0,1
1274928,91074,1,1,0
1341224,91075,1,1,0
7535568,91076,1,0,1
632040,91077,1,0,1
832216,91078,1,0,1
1031288,91079,1,0,1
2116376,91080,1,1,0
2811136,91081,1,1,0
6435600,91082,1,1,0
1744184,91083,1,0,1
3329648,91084,1,1,0
1592848,91085,1,0,1
1000424,91086,1,1,0
2603920,91087,1,0,1
7835984,91088,1,0,1
7355208,91089,1,1,0
2544056,91090,1,1,0
7839752,91091,1,1,0
2340424,91092,1,0,1
1500064,91093,1,0,1
457320,91094,1,1,0
6822456,91095,1,1,0
4342136,91096,1,0,1
4309856,91097,1,1,0
5504872,91098,1,1,0
3421728,91099,1,1,0
1580976,91100,1,1,0
664544,91101,1,0,1
1478536,91102,1,0,1
1412912,91103,1,1,0
230576,91104,1,0,1
3867312,91105,1,1,0
1371136,91106,1,1,0
6246744,91107,1,0,1
2534544,91108,1,0,1
4234568,91109,1,1,0
352280,91110,1,1,0
1607224,91111,1,0,1
2114016,91112,1,1,0
4221696,91113,1,1,0
239168,91114,1,0,1
984464,91115,1,1,0
1803296,91116,1,0,1
2019616,91117,1,1,0
4349904,91118,1,0,1
417480,91119,1,1,0
6564192,91120,1,0,1
646640,91121,1,0,1
579440,91122,1,1,0
2865408,91123,1,0,1
5427768,91124,1,0,1
1312088,91125,1,1,0
5693368,91126,1,1,0
1551696,91127,1,1,0
4857488,91128,1,0,1
5935368,91129,1,1,0
1432592,91130,1,0,1
2882080,91131,1,0,1
4601776,91132,1,1,0
2069352,91133,1,0,1
634792,91134,1,1,0
690152,91135,1,0,1
3449600,91136,1,0,1
6202240,91137,1,1,0
6916920,91138,1,1,0
2446288,91139,1,1,0
4458376,91140,1,1,0
1185992,91141,1,1,0
1107384,91142,1,1,0
1285368,91143,1,0,1
458904,91144,1,1,0
3477936,91145,1,0,1
1038008,91146,1,1,0
919240,91147,1,0,1
198008,91148,1,1,0
2182216,91149,1,1,0
1547152,91150,1,0,1
1350376,91151,1,0,1
1703416,91152,1,1,0
6955536,91153,1,0,1
3183672,91154,1,1,0
415920,91155,1,1,0
312176,91156,1,1,0
6186696,91157,1,1,0
5794704,91158,1,0,1
4725040,91159,1,1,0
4252296,91160,1,1,0
3225088,91161,1,1,0
3003880,91162,1,1,0
1792656,91163,1,0,1
6547144,91164,1,0,1
1124984,91165,1,1,0
854896,91166,1,0,1
6105312,91167,1,1,0
5366632,91168,1,0,1
5512888,91169,1,1,0
3457104,91170,1,1,0
6300184,91171,1,0,1
923224,91172,1,1,0
4717784,91173,1,0,1
2355600,91174,1,0,1
463624,91175,1,0,1
634040,91176,1,0,1
2754984,91177,1,1,0
861552,91178,1,0,1
2248584,91179,1,1,0
5957016,91180,1,1,0
1782424,91181,1,1,0
472424,91182,1,1,0
315864,91183,1,0,1
520968,91184,1,1,0
446072,91185,1,1,0
4145912,91186,1,0,1
7583360,91187,1,1,0
852792,91188,1,1,0
2289288,91189,1,0,1
240176,91190,1,0,1
4070624,91191,1,1,0
2321704,91192,1,1,0
7854272,91193,1,1,0
5306400,91194,1,1,0
555264,91195,1,1,0
2873736,91196,1,0,1
2034992,91197,1,1,0
6247208,91198,1,1,0
538592,91199,1,0,1
4267144,91200,1,0,1
579288,91201,1,0,1
7378464,91202,1,0,1
6983488,91203,1,0,1
1969960,91204,1,1,0
5121696,91205,1,1,0
7512376,91206,1,0,1
8215208,91207,1,0,1
6752752,91208,1,0,1
1993792,91209,1,1,0
410488,91210,1,0,1
585616,91211,1,0,1
6377320,91212,1,1,0
5635472,91213,1,0,1
2058888,91214,1,0,1
462104,91215,1,0,1
791464,91216,1,0,1
640664,91217,1,1,0
1457400,91218,1,1,0
740120,91219,1,0,1
671120,91220,1,0,1
719192,91221,1,0,1
2577544,91222,1,0,1
2152032,91223,1,0,1
2404776,91224,1,1,0
4452440,91225,1,0,1
2925072,91226,1,1,0
690360,91227,1,1,0
8368832,91228,1,1,0
1747632,91229,1,0,1
8178608,91230,1,0,1
1851400,91231,1,0,1
795104,91232,1,0,1
1377080,91233,1,1,0
608200,91234,1,0,1
2567304,91235,1,1,0
3690648,91236,1,0,1
3292720,91237,1,0,1
353288,91238,1,0,1
4955104,91239,1,1,0
2815792,91240,1,0,1
355880,91241,1,1,0
2855088,91242,1,1,0
2630712,91243,1,0,1
8026312,91244,1,0,1
2468248,91245,1,0,1
926056,91246,1,1,0
226184,91247,1,1,0
2063360,91248,1,1,0
814576,91249,1,0,1
3933672,91250,1,0,1
4341144,91251,1,1,0
2049656,91252,1,0,1
719808,91253,1,1,0
2657776,91254,1,1,0
857480,91255,1,1,0
2907576,91256,1,1,0
6177592,91257,1,0,1
1997360,91258,1,0,1
1261168,91259,1,1,0
4790360,91260,1,1,0
2054176,91261,1,0,1
7003880,91262,1,1,0
1607584,91263,1,0,1
1781424,91264,1,0,1
3638344,91265,1,1,0
172936,91266,1,1,0
641784,91267,1,1,0
670456,91268,1,1,0
6134224,91269,1,1,0
2543080,91270,1,0,1
6212648,91271,1,1,0
174568,91272,1,0,1
249312,91273,1,1,0
4992960,91274,1,0,1
374864,91275,1,0,1
1629808,91276,1,0,1
7398376,91277,1,0,1
3733768,91278,1,0,1
1400776,91279,1,0,1
5822896,91280,1,0,1
1372768,91281,1,0,1
3765320,91282,1,0,1
7636200,91283,1,1,0
6953760,91284,1,1,0
2660192,91285,1,1,0
683168,91286,1,0,1
1534264,91287,1,1,0
1419168,91288,1,0,1
3612768,91289,1,0,1
4761256,91290,1,1,0
2592656,91291,1,0,1
4721128,91292,1,1,0
4505024,91293,1,1,0
3753800,91294,1,1,0
2772712,91295,1,0,1
217280,91296,1,1,0
4559824,91297,1,1,0
1252456,91298,1,0,1
1554312,91299,1,0,1
664352,91300,1,1,0
553336,91301,1,0,1
1872264,91302,1,0,1
2806768,91303,1,0,1
3916472,91304,1,1,0
7627928,91305,1,1,0
506232,91306,1,1,0
5601664,91307,1,1,0
3875344,91308,1,0,1
7836672,91309,1,0,1
604160,91310,1,0,1
3944264,91311,1,1,0
1059568,91312,1,0,1
872344,91313,1,1,0
8190056,91314,1,0,1
759232,91315,1,1,0
4631528,91316,1,1,0
7959696,91317,1,1,0
137248,91318,1,1,0
470880,91319,1,0,1
1075096,91320,1,1,0
4869552,91321,1,1,0
6347504,91322,1,1,0
3425920,91323,1,0,1
730288,91324,1,0,1
7333672,91325,1,1,0
1896272,91326,1,0,1
130608,91327,1,0,1
1143720,91328,1,0,1
7752016,91329,1,1,0
5918008,91330,1,0,1
781360,91331,1,1,0
709480,91332,1,0,1
2060648,91333,1,0,1
1021472,91334,1,0,1
441376,91335,1,0,1
4339960,91336,1,1,0
7359632,91337,1,0,1
3014088,91338,1,0,1
5165216,91339,1,1,0
245064,91340,1,0,1
3484832,91341,1,1,0
3883448,91342,1,1,0
405176,91343,1,0,1
1239096,91344,1,1,0
543296,91345,1,1,0
1184216,91346,1,0,1
773104,91347,1,0,1
1080664,91348,1,1,0
959960,91349,1,0,1
8041552,91350,1,0,1
8259960,91351,1,0,1
7937544,91352,1,1,0
1090584,91353,1,1,0
1579072,91354,1,1,0
5556672,91355,1,1,0
1986784,91356,1,1,0
316672,91357,1,1,0
661384,91358,1,1,0
122808,91359,1,0,1
187344,91360,1,0,1
272592,91361,1,1,0
3410864,91362,1,1,0
5545064,91363,1,0,1
7166424,91364,1,0,1
2280840,91365,1,0,1
2202552,91366,1,0,1
5918544,91367,1,0,1
4706992,91368,1,0,1
411352,91369,1,0,1
1053392,91370,1,0,1
1701440,91371,1,1,0
718560,91372,1,0,1
3105560,91373,1,0,1
1622072,91374,1,1,0
2443320,91375,1,1,0
7923344,91376,1,1,0
1207664,91377,1,1,0
837776,91378,1,1,0
4753696,91379,1,1,0
3916688,91380,1,1,0
3227088,91381,1,1,0
8209488,91382,1,0,1
2036872,91383,1,1,0
5191464,91384,1,0,1
3459864,91385,1,0,1
1768896,91386,1,0,1
2557136,91387,1,0,1
488168,91388,1,0,1
972008,91389,1,1,0
5059552,91390,1,0,1
541696,91391,1,1,0
1064632,91392,1,0,1
5314184,91393,1,1,0
2628192,91394,1,1,0
1691600,91395,1,0,1
4362648,91396,1,0,1
5991456,91397,1,1,0
639120,91398,1,1,0
7521144,91399,1,0,1
7066960,91400,1,0,1
5793968,91401,1,0,1
2401584,91402,1,1,0
481544,91403,1,0,1
8218128,91404,1,0,1
1918816,91405,1,0,1
5174304,91406,1,1,0
1688544,91407,1,1,0
1809120,91408,1,1,0
637456,91409,1,0,1
699240,91410,1,1,0
4860496,91411,1,1,0
3940912,91412,1,0,1
4610952,91413,1,1,0
5906512,91414,1,0,1
7192608,91415,1,1,0
5411080,91416,1,0,1
2046536,91417,1,1,0
589744,91418,1,1,0
270128,91419,1,0,1
3686304,91420,1,1,0
1365552,91421,1,0,1
1315616,91422,1,1,0
5388392,91423,1,0,1
330504,91424,1,1,0
2858368,91425,1,1,0
5331928,91426,1,0,1
941504,91427,1,1,0
1189992,91428,1,1,0
1104792,91429,1,1,0
104024,91430,1,0,1
5438952,91431,1,0,1
1572744,91432,1,1,0
3915016,91433,1,1,0
4801632,91434,1,1,0
1068488,91435,1,0,1
7661384,91436,1,1,0
1151952,91437,1,1,0
585784,91438,1,1,0
404016,91439,1,1,0
121608,91440,1,0,1
4094872,91441,1,0,1
709720,91442,1,1,0
1356976,91443,1,1,0
3003328,91444,1,1,0
2375696,91445,1,1,0
4223832,91446,1,1,0
7468616,91447,1,1,0
3607256,91448,1,1,0
287848,91449,1,0,1
7657336,91450,1,0,1
5185824,91451,1,0,1
5165936,91452,1,0,1
1149344,91453,1,1,0
5104160,91454,1,1,0
5998960,91455,1,0,1
841008,91456,1,1,0
967656,91457,1,0,1
3206056,91458,1,0,1
4684656,91459,1,1,0
788392,91460,1,0,1
4542008,91461,1,1,0
5991240,91462,1,1,0
853176,91463,1,1,0
2869560,91464,1,0,1
1277080,91465,1,0,1
3232880,91466,1,1,0
5449496,91467,1,1,0
1640704,91468,1,1,0
1122408,91469,1,1,0
3068176,91470,1,1,0
5974760,91471,1,1,0
2216152,91472,1,0,1
5822976,91473,1,0,1
1153240,91474,1,0,1
1058216,91475,1,1,0
4857568,91476,1,0,1
4491592,91477,1,0,1
290712,91478,1,0,1
274568,91479,1,0,1
6314384,91480,1,1,0
8094536,91481,1,0,1
3030280,91482,1,0,1
370608,91483,1,0,1
8287824,91484,1,1,0
2879640,91485,1,0,1
6093880,91486,1,0,1
5947768,91487,1,1,0
1532528,91488,1,1,0
4223168,91489,1,0,1
1231312,91490,1,0,1
2018056,91491,1,0,1
5131600,91492,1,1,0
3531560,91493,1,1,0
6886328,91494,1,1,0
2529504,91495,1,0,1
1210552,91496,1,0,1
2433728,91497,1,0,1
5570800,91498,1,0,1
5232608,91499,1,1,0
1913048,91500,1,1,0
5368392,91501,1,0,1
4845136,91502,1,1,0
554584,91503,1,0,1
7294432,91504,1,1,0
428248,91505,1,1,0
4727376,91506,1,0,1
4620816,91507,1,1,0
2107640,91508,1,0,1
538360,91509,1,1,0
2633008,91510,1,0,1
1484200,91511,1,1,0
288600,91512,1,0,1
1939704,91513,1,0,1
1105120,91514,1,0,1
4079968,91515,1,0,1
4118832,91516,1,1,0
864784,91517,1,0,1
3446848,91518,1,1,0
3900496,91519,1,0,1
376720,91520,1,1,0
2470376,91521,1,0,1
4682800,91522,1,1,0
2904872,91523,1,1,0
771680,91524,1,1,0
799448,91525,1,0,1
674576,91526,1,0,1
2899784,91527,1,1,0
8309952,91528,1,1,0
540816,91529,1,0,1
3171488,91530,1,1,0
3535296,91531,1,0,1
125616,91532,1,0,1
2067752,91533,1,0,1
1119376,91534,1,1,0
3118104,91535,1,1,0
7636616,91536,1,1,0
7520304,91537,1,0,1
219784,91538,1,1,0
5315896,91539,1,0,1
2554336,91540,1,0,1
713232,91541,1,0,1
982376,91542,1,1,0
5963840,91543,1,0,1
2579760,91544,1,0,1
2083480,91545,1,1,0
6806616,91546,1,0,1
3947176,91547,1,0,1
1007568,91548,1,1,0
660960,91549,1,0,1
988312,91550,1,1,0
3182456,91551,1,0,1
2215824,91552,1,0,1
6773584,91553,1,1,0
285912,91554,1,0,1
770296,91555,1,0,1
155760,91556,1,0,1
443392,91557,1,0,1
2048976,91558,1,1,0
1935496,91559,1,1,0
7628504,91560,1,0,1
7465064,91561,1,1,0
4056920,91562,1,1,0
695680,91563,1,0,1
1094408,91564,1,0,1
1422984,91565,1,0,1
233832,91566,1,1,0
496256,91567,1,0,1
105848,91568,1,1,0
4595704,91569,1,0,1
4966752,91570,1,0,1
2716584,91571,1,0,1
7274552,91572,1,0,1
3207296,91573,1,0,1
1506160,91574,1,1,0
3396272,91575,1,1,0
425864,91576,1,1,0
299552,91577,1,1,0
278320,91578,1,1,0
3932376,91579,1,0,1
5463728,91580,1,0,1
1980160,91581,1,1,0
5279312,91582,1,0,1
6024816,91583,1,1,0
3827768,91584,1,1,0
4293440,91585,1,1,0
5442472,91586,1,0,1
1056952,91587,1,1,0
3955000,91588,1,0,1
1412464,91589,1,1,0
1442248,91590,1,0,1
1355024,91591,1,1,0
2490064,91592,1,0,1
5002928,91593,1,1,0
2385240,91594,1,0,1
4798552,91595,1,0,1
393264,91596,1,0,1
1789896,91597,1,1,0
3463560,91598,1,0,1
5651408,91599,1,1,0
1822728,91600,1,0,1
345456,91601,1,1,0
959176,91602,1,0,1
643504,91603,1,0,1
1617992,91604,1,1,0
4078528,91605,1,1,0
149944,91606,1,1,0
2623848,91607,1,0,1
510864,91608,1,1,0
6476880,91609,1,0,1
1131304,91610,1,1,0
6689224,91611,1,1,0
1185176,91612,1,1,0
4687992,91613,1,1,0
1028176,91614,1,1,0
4842592,91615,1,0,1
2908496,91616,1,0,1
1918024,91617,1,1,0
842976,91618,1,0,1
960976,91619,1,0,1
770264,91620,1,0,1
1421752,91621,1,0,1
233808,91622,1,0,1
3532496,91623,1,0,1
1897256,91624,1,0,1
2452544,91625,1,0,1
565192,91626,1,0,1
884808,91627,1,0,1
6948304,91628,1,1,0
607008,91629,1,0,1
3019168,91630,1,0,1
361272,91631,1,1,0
2874152,91632,1,0,1
297016,91633,1,0,1
443968,91634,1,1,0
411424,91635,1,0,1
1551968,91636,1,1,0
6121176,91637,1,0,1
641304,91638,1,0,1
3806680,91639,1,0,1
1240984,91640,1,0,1
8044728,91641,1,0,1
7135464,91642,1,0,1
2091648,91643,1,0,1
257136,91644,1,0,1
8303888,91645,1,1,0
1317256,91646,1,1,0
512808,91647,1,0,1
1240912,91648,1,1,0
6186880,91649,1,0,1
7675024,91650,1,1,0
1689544,91651,1,0,1
2945712,91652,1,0,1
3933496,91653,1,1,0
129704,91654,1,0,1
4303128,91655,1,0,1
1445616,91656,1,0,1
5970720,91657,1,0,1
4003248,91658,1,0,1
2028776,91659,1,0,1
5241752,91660,1,1,0
585000,91661,1,1,0
1393984,91662,1,1,0
696864,91663,1,1,0
7248616,91664,1,0,1
972944,91665,1,0,1
4096432,91666,1,1,0
2483568,91667,1,0,1
2580232,91668,1,0,1
1964176,91669,1,1,0
1149280,91670,1,0,1
1091912,91671,1,1,0
6505648,91672,1,0,1
3625096,91673,1,0,1
1883856,91674,1,0,1
5340848,91675,1,1,0
740944,91676,1,0,1
2995240,91677,1,0,1
7588624,91678,1,1,0
1238968,91679,1,0,1
7816960,91680,1,1,0
745120,91681,1,0,1
1595600,91682,1,1,0
188360,91683,1,0,1
5126648,91684,1,0,1
1337536,91685,1,1,0
2720240,91686,1,1,0
1355040,91687,1,0,1
1643320,91688,1,0,1
147048,91689,1,1,0
3920368,91690,1,0,1
3101040,91691,1,0,1
7718168,91692,1,1,0
2187536,91693,1,0,1
6034936,91694,1,0,1
4081792,91695,1,1,0
7463984,91696,1,1,0
7562608,91697,1,0,1
3218288,91698,1,1,0
2192352,91699,1,1,0
780792,91700,1,0,1
2118864,91701,1,0,1
5756528,91702,1,1,0
444064,91703,1,0,1
1749776,91704,1,0,1
871016,91705,1,0,1
934600,91706,1,1,0
1862832,91707,1,1,0
2760520,91708,1,0,1
1962776,91709,1,0,1
652976,91710,1,0,1
4307712,91711,1,1,0
4284336,91712,1,0,1
5983800,91713,1,0,1
5017240,91714,1,1,0
1354456,91715,1,1,0
3306768,91716,1,0,1
3653168,91717,1,0,1
2745880,91718,1,1,0
6655088,91719,1,0,1
152912,91720,1,0,1
1605984,91721,1,0,1
4012072,91722,1,0,1
6250472,91723,1,0,1
737656,91724,1,0,1
803824,91725,1,1,0
1864656,91726,1,1,0
3757504,91727,1,1,0
4965592,91728,1,1,0
329704,91729,1,0,1
369960,91730,1,1,0
1755664,91731,1,1,0
6324432,91732,1,1,0
5936056,91733,1,0,1
2526552,91734,1,0,1
6708392,91735,1,1,0
6660944,91736,1,1,0
1184584,91737,1,1,0
220520,91738,1,1,0
2661416,91739,1,1,0
295672,91740,1,0,1
7371528,91741,1,0,1
2013880,91742,1,1,0
2385064,91743,1,0,1
274720,91744,1,0,1
4546832,91745,1,1,0
1389040,91746,1,0,1
1621736,91747,1,1,0
3305400,91748,1,1,0
3439528,91749,1,0,1
638648,91750,1,1,0
1105872,91751,1,0,1
2634768,91752,1,0,1
5460488,91753,1,0,1
4228416,91754,1,1,0
2472800,91755,1,0,1
5613312,91756,1,1,0
7772736,91757,1,0,1
1292088,91758,1,0,1
4308704,91759,1,0,1
2869488,91760,1,0,1
393008,91761,1,0,1
1914912,91762,1,0,1
386016,91763,1,1,0
6123344,91764,1,1,0
3570888,91765,1,1,0
7923504,91766,1,0,1
1311760,91767,1,1,0
1042552,91768,1,1,0
6486440,91769,1,0,1
2004784,91770,1,1,0
5793816,91771,1,1,0
531424,91772,1,0,1
2142312,91773,1,1,0
3318312,91774,1,0,1
1732648,91775,1,0,1
2954608,91776,1,0,1
5017192,91777,1,1,0
2305072,91778,1,0,1
8139848,91779,1,0,1
1147728,91780,1,0,1
541776,91781,1,0,1
241752,91782,1,1,0
207704,91783,1,0,1
5992928,91784,1,0,1
2921792,91785,1,1,0
5034120,91786,1,0,1
4645176,91787,1,0,1
3645088,91788,1,1,0
1263624,91789,1,0,1
3075512,91790,1,0,1
535800,91791,1,0,1
2608680,91792,1,0,1
7399624,91793,1,0,1
1180760,91794,1,1,0
892968,91795,1,0,1
416664,91796,1,1,0
4090384,91797,1,1,0
3421616,91798,1,1,0
3272616,91799,1,0,1
5402512,91800,1,1,0
6191240,91801,1,1,0
91656,91802,1,1,0
3290408,91803,1,1,0
3020152,91804,1,0,1
998824,91805,1,0,1
1382928,91806,1,0,1
1443936,91807,1,0,1
1379536,91808,1,1,0
668720,91809,1,1,0
354544,91810,1,0,1
310944,91811,1,1,0
6925040,91812,1,1,0
203768,91813,1,1,0
557552,91814,1,0,1
6287832,91815,1,1,0
451760,91816,1,0,1
1910120,91817,1,1,0
1409776,91818,1,1,0
6767480,91819,1,1,0
266600,91820,1,0,1
5559384,91821,1,0,1
479624,91822,1,1,0
8013752,91823,1,0,1
3283032,91824,1,1,0
3674488,91825,1,0,1
5039816,91826,1,1,0
388320,91827,1,1,0
1210112,91828,1,1,0
3647744,91829,1,0,1
1437032,91830,1,1,0
7918616,91831,1,1,0
3616760,91832,1,1,0
1603200,91833,1,0,1
203304,91834,1,1,0
360152,91835,1,0,1
2742544,91836,1,1,0
2823576,91837,1,0,1
7735832,91838,1,0,1
1665408,91839,1,1,0
493176,91840,1,0,1
2877528,91841,1,0,1
947408,91842,1,0,1
361168,91843,1,0,1
663776,91844,1,0,1
3994560,91845,1,0,1
3085544,91846,1,0,1
6574720,91847,1,1,0
765856,91848,1,1,0
4882648,91849,1,0,1
2445616,91850,1,0,1
133344,91851,1,0,1
264824,91852,1,0,1
1117800,91853,1,1,0
1591320,91854,1,1,0
440528,91855,1,1,0
310624,91856,1,0,1
6354880,91857,1,0,1
4996304,91858,1,0,1
909280,91859,1,1,0
6855104,91860,1,1,0
1606672,91861,1,0,1
2893232,91862,1,1,0
541184,91863,1,0,1
843784,91864,1,1,0
4429608,91865,1,1,0
5410440,91866,1,1,0
2094072,91867,1,1,0
1088800,91868,1,0,1
3195968,91869,1,1,0
516416,91870,1,0,1
3693192,91871,1,1,0
2998096,91872,1,0,1
1490136,91873,1,1,0
3562696,91874,1,0,1
4622456,91875,1,1,0
646216,91876,1,1,0
2258352,91877,1,0,1
746792,91878,1,0,1
416128,91879,1,1,0
5975416,91880,1,0,1
5723424,91881,1,1,0
6444888,91882,1,1,0
7693136,91883,1,1,0
264848,91884,1,0,1
3193496,91885,1,1,0
3331472,91886,1,0,1
3821360,91887,1,0,1
1645320,91888,1,1,0
6144800,91889,1,0,1
2275096,91890,1,0,1
2023816,91891,1,1,0
4247312,91892,1,0,1
1883480,91893,1,1,0
585416,91894,1,0,1
4471552,91895,1,1,0
233520,91896,1,0,1
2034272,91897,1,0,1
311912,91898,1,0,1
7477536,91899,1,1,0
3558128,91900,1,1,0
1772696,91901,1,1,0
936544,91902,1,1,0
372064,91903,1,1,0
820416,91904,1,0,1
1456744,91905,1,1,0
429208,91906,1,0,1
3905088,91907,1,0,1
2374400,91908,1,0,1
6286848,91909,1,0,1
1132560,91910,1,1,0
1849264,91911,1,0,1
4584120,91912,1,1,0
4004120,91913,1,1,0
263184,91914,1,1,0
324872,91915,1,0,1
375112,91916,1,0,1
8021944,91917,1,0,1
7593736,91918,1,0,1
1156208,91919,1,1,0
419984,91920,1,0,1
3715328,91921,1,0,1
254768,91922,1,1,0
2920768,91923,1,1,0
2985976,91924,1,0,1
1770848,91925,1,0,1
733448,91926,1,0,1
574280,91927,1,0,1
2319544,91928,1,0,1
2972712,91929,1,0,1
1453456,91930,1,1,0
6340336,91931,1,1,0
125888,91932,1,1,0
2207112,91933,1,1,0
1546976,91934,1,0,1
1557232,91935,1,1,0
6748080,91936,1,1,0
717056,91937,1,0,1
517264,91938,1,0,1
1089024,91939,1,1,0
4162328,91940,1,0,1
1600552,91941,1,0,1
1681976,91942,1,1,0
639264,91943,1,0,1
2015744,91944,1,0,1
622808,91945,1,1,0
1284400,91946,1,1,0
2717328,91947,1,0,1
461032,91948,1,1,0
919408,91949,1,1,0
329200,91950,1,1,0
1018576,91951,1,0,1
3089248,91952,1,0,1
6942848,91953,1,0,1
388104,91954,1,0,1
3676920,91955,1,0,1
446232,91956,1,0,1
5158912,91957,1,0,1
953896,91958,1,0,1
967104,91959,1,0,1
2893272,91960,1,1,0
399944,91961,1,0,1
469584,91962,1,1,0
7452376,91963,1,1,0
3905288,91964,1,0,1
1276432,91965,1,1,0
5758264,91966,1,1,0
1686696,91967,1,1,0
2811016,91968,1,1,0
956496,91969,1,0,1
5229712,91970,1,0,1
7769768,91971,1,0,1
1088768,91972,1,0,1
985648,91973,1,0,1
1183272,91974,1,1,0
6863168,91975,1,0,1
2280480,91976,1,0,1
1644032,91977,1,0,1
1060864,91978,1,1,0
206544,91979,1,0,1
4099896,91980,1,1,0
1186160,91981,1,0,1
3576696,91982,1,0,1
5601240,91983,1,0,1
4591472,91984,1,0,1
1792384,91985,1,0,1
3151656,91986,1,1,0
3807496,91987,1,0,1
929504,91988,1,1,0
3327448,91989,1,0,1
1307416,91990,1,1,0
3105320,91991,1,1,0
7978488,91992,1,0,1
2420008,91993,1,0,1
198176,91994,1,0,1
1899592,91995,1,1,0
509480,91996,1,1,0
1181360,91997,1,1,0
4665744,91998,1,0,1
3809936,91999,1,0,1
3519000,92000,1,1,0
1501912,92001,1,0,1
859448,92002,1,1,0
5800320,92003,1,0,1
2043552,92004,1,1,0
4410528,92005,1,1,0
1509472,92006,1,1,0
4608752,92007,1,0,1
6442616,92008,1,1,0
4031336,92009,1,0,1
400792,92010,1,1,0
337688,92011,1,0,1
8247304,92012,1,1,0
1666992,92013,1,1,0
324768,92014,1,0,1
1756768,92015,1,1,0
1537296,92016,1,1,0
656256,92017,1,0,1
3160208,92018,1,0,1
791376,92019,1,1,0
277056,92020,1,1,0
1967416,92021,1,0,1
6914216,92022,1,1,0
915624,92023,1,1,0
6400864,92024,1,1,0
4384456,92025,1,0,1
8242792,92026,1,0,1
143416,92027,1,1,0
5921120,92028,1,1,0
1557096,92029,1,1,0
1550600,92030,1,0,1
318248,92031,1,1,0
3617376,92032,1,0,1
2929944,92033,1,1,0
6121504,92034,1,0,1
493208,92035,1,0,1
1871328,92036,1,0,1
7462160,92037,1,0,1
1589168,92038,1,0,1
605296,92039,1,0,1
597432,92040,1,1,0
4716984,92041,1,1,0
2235176,92042,1,1,0
3194312,92043,1,1,0
5546720,92044,1,1,0
1477320,92045,1,0,1
372576,92046,1,0,1
981760,92047,1,0,1
1631576,92048,1,0,1
6957016,92049,1,0,1
4372120,92050,1,0,1
6701224,92051,1,1,0
8326560,92052,1,0,1
2093176,92053,1,1,0
5911400,92054,1,1,0
1059424,92055,1,1,0
3180056,92056,1,0,1
1238080,92057,1,1,0
1406672,92058,1,0,1
1226552,92059,1,1,0
5641200,92060,1,1,0
823624,92061,1,0,1
150096,92062,1,0,1
937832,92063,1,1,0
7433216,92064,1,0,1
1714200,92065,1,1,0
965640,92066,1,0,1
3190936,92067,1,0,1
6700968,92068,1,1,0
3882944,92069,1,1,0
984784,92070,1,0,1
1117400,92071,1,0,1
593296,92072,1,1,0
4076808,92073,1,0,1
445256,92074,1,0,1
1492904,92075,1,0,1
1732376,92076,1,0,1
2465072,92077,1,1,0
3272296,92078,1,0,1
603752,92079,1,0,1
5595616,92080,1,1,0
1368984,92081,1,0,1
1440296,92082,1,1,0
333504,92083,1,1,0
722872,92084,1,1,0
4010312,92085,1,0,1
397176,92086,1,1,0
1022944,92087,1,1,0
2510600,92088,1,1,0
5902432,92089,1,1,0
184904,92090,1,0,1
8297256,92091,1,0,1
3054816,92092,1,1,0
3142584,92093,1,0,1
1493056,92094,1,1,0
8131264,92095,1,1,0
7081952,92096,1,1,0
2025040,92097,1,1,0
2803312,92098,1,0,1
1197120,92099,1,1,0
4969576,92100,1,1,0
2387120,92101,1,1,0
3841888,92102,1,0,1
7836784,92103,1,1,0
2823552,92104,1,1,0
3908176,92105,1,0,1
3694280,92106,1,1,0
1317992,92107,1,0,1
538296,92108,1,1,0
366864,92109,1,0,1
1977864,92110,1,0,1
623856,92111,1,1,0
6591824,92112,1,1,0
581008,92113,1,0,1
6322984,92114,1,1,0
2725088,92115,1,0,1
6689864,92116,1,0,1
7261080,92117,1,1,0
3266792,92118,1,1,0
585208,92119,1,1,0
763264,92120,1,0,1
2607472,92121,1,1,0
286288,92122,1,0,1
408064,92123,1,0,1
8026248,92124,1,1,0
747688,92125,1,1,0
2016008,92126,1,1,0
561640,92127,1,1,0
3094648,92128,1,1,0
1026888,92129,1,1,0
4933360,92130,1,0,1
1411608,92131,1,1,0
2895496,92132,1,0,1
678736,92133,1,1,0
941320,92134,1,0,1
5221672,92135,1,0,1
576704,92136,1,0,1
904280,92137,1,1,0
3260544,92138,1,1,0
5141304,92139,1,0,1
6889176,92140,1,1,0
946928,92141,1,0,1
249232,92142,1,1,0
376056,92143,1,1,0
2865192,92144,1,0,1
8102792,92145,1,1,0
442992,92146,1,1,0
5829680,92147,1,0,1
474696,92148,1,0,1
1187480,92149,1,0,1
1092392,92150,1,0,1
1797728,92151,1,0,1
3665856,92152,1,1,0
1217792,92153,1,0,1
6066976,92154,1,0,1
4723272,92155,1,0,1
1278160,92156,1,0,1
1869872,92157,1,1,0
1562400,92158,1,1,0
8148296,92159,1,0,1
540888,92160,1,0,1
381680,92161,1,1,0
5138472,92162,1,0,1
667376,92163,1,0,1
836728,92164,1,0,1
1356552,92165,1,1,0
3452392,92166,1,1,0
332368,92167,1,1,0
8210072,92168,1,1,0
705456,92169,1,1,0
8331368,92170,1,1,0
505856,92171,1,1,0
4891672,92172,1,0,1
265960,92173,1,1,0
5676368,92174,1,0,1
7992664,92175,1,1,0
1103008,92176,1,1,0
8040552,92177,1,1,0
762688,92178,1,0,1
1014688,92179,1,1,0
2402008,92180,1,1,0
1282096,92181,1,1,0
2746232,92182,1,0,1
3464792,92183,1,0,1
7924216,92184,1,1,0
312904,92185,1,0,1
3289520,92186,1,1,0
1002648,92187,1,1,0
5286520,92188,1,0,1
735280,92189,1,0,1
5288896,92190,1,0,1
838376,92191,1,0,1
5031552,92192,1,1,0
4837072,92193,1,0,1
4826984,92194,1,1,0
8357832,92195,1,1,0
585088,92196,1,1,0
6378264,92197,1,1,0
6186592,92198,1,1,0
2131032,92199,1,0,1
624232,92200,1,0,1
1978704,92201,1,0,1
300408,92202,1,1,0
759864,92203,1,1,0
426784,92204,1,0,1
7018928,92205,1,1,0
1218624,92206,1,0,1
115928,92207,1,1,0
3576200,92208,1,1,0
4804224,92209,1,1,0
894336,92210,1,1,0
2065944,92211,1,0,1
1150472,92212,1,0,1
1001064,92213,1,0,1
2905208,92214,1,1,0
6048560,92215,1,0,1
3541976,92216,1,0,1
5528664,92217,1,1,0
188128,92218,1,1,0
6387360,92219,1,0,1
2013128,92220,1,1,0
2460848,92221,1,0,1
1371752,92222,1,1,0
1290584,92223,1,1,0
2397216,92224,1,0,1
6560704,92225,1,0,1
2201920,92226,1,0,1
2257544,92227,1,0,1
4511712,92228,1,0,1
3740248,92229,1,1,0
1334544,92230,1,1,0
3487656,92231,1,1,0
3394472,92232,1,0,1
7310720,92233,1,1,0
1745264,92234,1,1,0
7981120,92235,1,0,1
1825952,92236,1,1,0
1599512,92237,1,1,0
892880,92238,1,1,0
1701656,92239,1,0,1
503416,92240,1,0,1
3269688,92241,1,0,1
3783552,92242,1,1,0
827576,92243,1,0,1
570984,92244,1,0,1
3910648,92245,1,1,0
7681376,92246,1,0,1
6985064,92247,1,0,1
1075744,92248,1,0,1
1400384,92249,1,0,1
3196560,92250,1,1,0
1052696,92251,1,0,1
3467544,92252,1,0,1
3598544,92253,1,1,0
947816,92254,1,1,0
2693168,92255,1,0,1
537232,92256,1,0,1
837568,92257,1,1,0
3085224,92258,1,0,1
7110816,92259,1,1,0
1532448,92260,1,1,0
4050816,92261,1,0,1
506456,92262,1,1,0
3953352,92263,1,0,1
710496,92264,1,1,0
4466192,92265,1,0,1
7503128,92266,1,0,1
830408,92267,1,0,1
6641928,92268,1,0,1
7092952,92269,1,0,1
3046504,92270,1,0,1
2952848,92271,1,0,1
5063024,92272,1,1,0
443656,92273,1,0,1
381432,92274,1,1,0
938848,92275,1,0,1
2089536,92276,1,0,1
617384,92277,1,0,1
496200,92278,1,0,1
3034944,92279,1,0,1
5200120,92280,1,0,1
201432,92281,1,0,1
5793472,92282,1,1,0
4931944,92283,1,1,0
1706824,92284,1,1,0
1156920,92285,1,0,1
975696,92286,1,1,0
921328,92287,1,1,0
7925784,92288,1,1,0
5569376,92289,1,1,0
4441760,92290,1,1,0
5393072,92291,1,0,1
257456,92292,1,0,1
7599416,92293,1,1,0
564960,92294,1,0,1
5458424,92295,1,1,0
272128,92296,1,0,1
3726232,92297,1,0,1
4090200,92298,1,1,0
7503240,92299,1,1,0
5691512,92300,1,1,0
1962920,92301,1,0,1
5410640,92302,1,1,0
3047528,92303,1,1,0
1385224,92304,1,0,1
1175056,92305,1,0,1
734128,92306,1,1,0
731960,92307,1,1,0
245072,92308,1,0,1
654248,92309,1,1,0
3481768,92310,1,0,1
4487920,92311,1,0,1
327952,92312,1,1,0
5780608,92313,1,0,1
136632,92314,1,0,1
647608,92315,1,1,0
3986144,92316,1,1,0
6023744,92317,1,0,1
4003096,92318,1,1,0
1149424,92319,1,0,1
4799928,92320,1,1,0
2354824,92321,1,1,0
308688,92322,1,1,0
419760,92323,1,0,1
1534568,92324,1,0,1
6846784,92325,1,1,0
2456160,92326,1,1,0
8028680,92327,1,0,1
2846064,92328,1,1,0
4547928,92329,1,0,1
4405400,92330,1,1,0
5969472,92331,1,0,1
2945200,92332,1,0,1
3143680,92333,1,1,0
1914856,92334,1,1,0
925096,92335,1,1,0
530248,92336,1,0,1
7466128,92337,1,1,0
1824344,92338,1,0,1
1915768,92339,1,0,1
2852768,92340,1,0,1
2085560,92341,1,0,1
7580088,92342,1,1,0
2713816,92343,1,0,1
4172256,92344,1,1,0
1261704,92345,1,0,1
227392,92346,1,0,1
1261624,92347,1,0,1
7743528,92348,1,1,0
1620872,92349,1,1,0
6196184,92350,1,0,1
5841664,92351,1,1,0
2544216,92352,1,1,0
6470272,92353,1,1,0
2694752,92354,1,0,1
2459832,92355,1,1,0
3893504,92356,1,0,1
3720992,92357,1,1,0
892112,92358,1,0,1
2385856,92359,1,1,0
453688,92360,1,1,0
1383224,92361,1,1,0
3142976,92362,1,1,0
7032280,92363,1,1,0
573552,92364,1,1,0
1275264,92365,1,1,0
541816,92366,1,0,1
2552152,92367,1,0,1
2759560,92368,1,0,1
5595696,92369,1,1,0
5591624,92370,1,0,1
8348784,92371,1,1,0
1363568,92372,1,0,1
6821648,92373,1,0,1
699880,92374,1,1,0
3937712,92375,1,0,1
1347960,92376,1,0,1
7257576,92377,1,0,1
5917528,92378,1,1,0
1317120,92379,1,1,0
3374272,92380,1,1,0
4396784,92381,1,1,0
759648,92382,1,0,1
1599992,92383,1,1,0
2278552,92384,1,0,1
4066400,92385,1,0,1
3766168,92386,1,1,0
1849456,92387,1,1,0
5159712,92388,1,1,0
1206704,92389,1,1,0
4522384,92390,1,0,1
1557296,92391,1,0,1
6095016,92392,1,1,0
1343848,92393,1,1,0
2255360,92394,1,0,1
557112,92395,1,1,0
5235544,92396,1,0,1
5909544,92397,1,0,1
4680296,92398,1,0,1
1066272,92399,1,0,1
8178432,92400,1,0,1
6172104,92401,1,1,0
4228344,92402,1,0,1
114328,92403,1,1,0
7906240,92404,1,1,0
951272,92405,1,1,0
263368,92406,1,1,0
4289984,92407,1,0,1
5056736,92408,1,1,0
4067680,92409,1,0,1
1891384,92410,1,0,1
2155384,92411,1,1,0
2242472,92412,1,1,0
1399920,92413,1,1,0
1343632,92414,1,0,1
1145712,92415,1,1,0
1642704,92416,1,0,1
1188872,92417,1,1,0
1584424,92418,1,0,1
4960680,92419,1,1,0
7861240,92420,1,1,0
361728,92421,1,1,0
6006280,92422,1,1,0
1881688,92423,1,1,0
5591648,92424,1,1,0
1860536,92425,1,1,0
4723448,92426,1,1,0
1895176,92427,1,0,1
7564944,92428,1,0,1
2467080,92429,1,0,1
4978288,92430,1,0,1
5928176,92431,1,1,0
4840936,92432,1,1,0
2006160,92433,1,1,0
436984,92434,1,1,0
5117928,92435,1,0,1
3562904,92436,1,0,1
878912,92437,1,1,0
1536200,92438,1,1,0
1115624,92439,1,0,1
3793896,92440,1,0,1
5916576,92441,1,0,1
287064,92442,1,0,1
2313040,92443,1,1,0
2564320,92444,1,0,1
4430472,92445,1,0,1
3124504,92446,1,0,1
1185368,92447,1,0,1
6901152,92448,1,1,0
1866264,92449,1,0,1
335232,92450,1,1,0
612656,92451,1,0,1
668336,92452,1,0,1
1451520,92453,1,0,1
1718408,92454,1,1,0
6153208,92455,1,0,1
7917048,92456,1,0,1
666000,92457,1,1,0
906336,92458,1,0,1
2530488,92459,1,1,0
847976,92460,1,1,0
1558624,92461,1,0,1
1495464,92462,1,1,0
2909064,92463,1,1,0
7035056,92464,1,0,1
7467368,92465,1,1,0
4726448,92466,1,1,0
1470024,92467,1,1,0
1318872,92468,1,1,0
7169264,92469,1,1,0
4285224,92470,1,0,1
6465784,92471,1,0,1
637528,92472,1,1,0
2139800,92473,1,1,0
7261216,92474,1,0,1
7451720,92475,1,0,1
485208,92476,1,0,1
1418688,92477,1,0,1
2235896,92478,1,1,0
2599344,92479,1,0,1
994080,92480,1,1,0
1140560,92481,1,0,1
394248,92482,1,1,0
4683832,92483,1,0,1
7708536,92484,1,0,1
3674944,92485,1,0,1
6813976,92486,1,1,0
3155936,92487,1,1,0
6345600,92488,1,1,0
1895480,92489,1,0,1
463632,92490,1,1,0
4106944,92491,1,1,0
1398344,92492,1,0,1
728320,92493,1,1,0
3932584,92494,1,1,0
1389192,92495,1,1,0
7489632,92496,1,0,1
1654592,92497,1,1,0
5570472,92498,1,1,0
3196208,92499,1,1,0
4236712,92500,1,1,0
7935176,92501,1,1,0
1825672,92502,1,0,1
2806648,92503,1,1,0
5591672,92504,1,0,1
683376,92505,1,0,1
4260936,92506,1,1,0
2821496,92507,1,1,0
413680,92508,1,0,1
1754784,92509,1,1,0
7758872,92510,1,1,0
3339032,92511,1,0,1
1362616,92512,1,0,1
159712,92513,1,0,1
3321712,92514,1,0,1
821264,92515,1,0,1
635408,92516,1,1,0
1387392,92517,1,1,0
100632,92518,1,1,0
831160,92519,1,0,1
7616704,92520,1,0,1
160056,92521,1,1,0
1711608,92522,1,0,1
2039104,92523,1,1,0
4498768,92524,1,0,1
403712,92525,1,1,0
1383232,92526,1,0,1
427352,92527,1,0,1
7911200,92528,1,1,0
2209664,92529,1,1,0
7761432,92530,1,1,0
5908328,92531,1,0,1
7626432,92532,1,1,0
693872,92533,1,1,0
1935208,92534,1,1,0
566032,92535,1,1,0
215792,92536,1,1,0
1544600,92537,1,0,1
1549968,92538,1,1,0
7528544,92539,1,1,0
2202344,92540,1,0,1
3205616,92541,1,0,1
1145448,92542,1,0,1
600744,92543,1,1,0
5298664,92544,1,0,1
5680568,92545,1,1,0
7888208,92546,1,0,1
1606352,92547,1,1,0
2195688,92548,1,0,1
6295480,92549,1,1,0
2281120,92550,1,1,0
4365208,92551,1,1,0
117696,92552,1,0,1
3493656,92553,1,0,1
2151872,92554,1,1,0
1175448,92555,1,0,1
7373128,92556,1,0,1
5450432,92557,1,0,1
2608056,92558,1,1,0
3776336,92559,1,0,1
6891728,92560,1,0,1
1794792,92561,1,1,0
4537856,92562,1,0,1
901080,92563,1,1,0
379608,92564,1,0,1
448152,92565,1,0,1
439264,92566,1,0,1
8153800,92567,1,0,1
372608,92568,1,1,0
171264,92569,1,0,1
6906800,92570,1,1,0
2136568,92571,1,0,1
789592,92572,1,1,0
3126064,92573,1,1,0
3170192,92574,1,1,0
1765632,92575,1,1,0
3258208,92576,1,1,0
877120,92577,1,1,0
8054064,92578,1,0,1
4821984,92579,1,0,1
6619680,92580,1,0,1
3398080,92581,1,0,1
981112,92582,1,0,1
5851368,92583,1,0,1
4574464,92584,1,1,0
4763032,92585,1,0,1
4310640,92586,1,1,0
3013648,92587,1,1,0
4371560,92588,1,0,1
5684232,92589,1,1,0
3188960,92590,1,1,0
4383944,92591,1,1,0
2721512,92592,1,1,0
1251632,92593,1,1,0
5197280,92594,1,0,1
3994304,92595,1,0,1
1296016,92596,1,1,0
5601960,92597,1,1,0
7483320,92598,1,1,0
5241688,92599,1,1,0
2403936,92600,1,1,0
816840,92601,1,0,1
538200,92602,1,1,0
650976,92603,1,1,0
7001064,92604,1,1,0
7744184,92605,1,1,0
1413600,92606,1,0,1
643144,92607,1,1,0
7894816,92608,1,1,0
1616328,92609,1,0,1
1291192,92610,1,0,1
5608560,92611,1,0,1
1028256,92612,1,0,1
117960,92613,1,1,0
2590576,92614,1,0,1
5544552,92615,1,0,1
1823536,92616,1,0,1
962816,92617,1,1,0
2979928,92618,1,0,1
5847872,92619,1,0,1
2331976,92620,1,1,0
8102288,92621,1,1,0
1791624,92622,1,1,0
410776,92623,1,1,0
1275432,92624,1,1,0
436448,92625,1,0,1
7023448,92626,1,0,1
353424,92627,1,1,0
3347600,92628,1,0,1
1292400,92629,1,0,1
4262712,92630,1,1,0
767208,92631,1,1,0
4396680,92632,1,1,0
395064,92633,1,0,1
274136,92634,1,1,0
680296,92635,1,0,1
2264032,92636,1,0,1
2284600,92637,1,0,1
7332864,92638,1,1,0
510768,92639,1,1,0
1374144,92640,1,0,1
1528352,92641,1,1,0
1403200,92642,1,1,0
4351200,92643,1,1,0
5424768,92644,1,1,0
8017920,92645,1,1,0
6937512,92646,1,0,1
607792,92647,1,0,1
4079216,92648,1,0,1
2928272,92649,1,0,1
460336,92650,1,1,0
1346944,92651,1,1,0
4569000,92652,1,1,0
425544,92653,1,0,1
2715624,92654,1,1,0
5007248,92655,1,0,1
2861120,92656,1,0,1
1630096,92657,1,0,1
516944,92658,1,1,0
724184,92659,1,0,1
1577568,92660,1,0,1
240096,92661,1,0,1
6726752,92662,1,1,0
2596864,92663,1,1,0
463320,92664,1,1,0
3658152,92665,1,0,1
750352,92666,1,1,0
7112192,92667,1,0,1
2928472,92668,1,0,1
1046184,92669,1,0,1
7546176,92670,1,1,0
1475152,92671,1,1,0
425280,92672,1,0,1
8108576,92673,1,0,1
3473528,92674,1,0,1
5254896,92675,1,1,0
1260824,92676,1,1,0
4602496,92677,1,0,1
1253504,92678,1,0,1
7785592,92679,1,1,0
847160,92680,1,1,0
2089752,92681,1,0,1
3049136,92682,1,0,1
1069032,92683,1,0,1
2543976,92684,1,1,0
5568368,92685,1,1,0
370904,92686,1,1,0
7543808,92687,1,1,0
1736312,92688,1,1,0
4943712,92689,1,1,0
5987920,92690,1,1,0
1463272,92691,1,1,0
1435472,92692,1,0,1
1875976,92693,1,0,1
2517240,92694,1,0,1
1563400,92695,1,1,0
161568,92696,1,1,0
1272384,92697,1,0,1
1892424,92698,1,0,1
1810872,92699,1,0,1
907048,92700,1,0,1
4542800,92701,1,0,1
3394000,92702,1,1,0
1038944,92703,1,1,0
1233968,92704,1,0,1
528072,92705,1,1,0
278488,92706,1,1,0
761568,92707,1,1,0
1508472,92708,1,0,1
2259808,92709,1,1,0
2000040,92710,1,1,0
591936,92711,1,1,0
7349056,92712,1,0,1
6036488,92713,1,1,0
652928,92714,1,0,1
4052664,92715,1,0,1
3216008,92716,1,1,0
699256,92717,1,1,0
6614808,92718,1,1,0
1413488,92719,1,1,0
4470688,92720,1,1,0
5007448,92721,1,0,1
538432,92722,1,0,1
832312,92723,1,0,1
1305632,92724,1,1,0
2715328,92725,1,0,1
5165192,92726,1,0,1
5250936,92727,1,1,0
7140816,92728,1,0,1
1668264,92729,1,0,1
1008192,92730,1,1,0
7804384,92731,1,1,0
862200,92732,1,0,1
2298792,92733,1,1,0
2514200,92734,1,0,1
5332584,92735,1,1,0
6820112,92736,1,1,0
394824,92737,1,0,1
2593952,92738,1,1,0
962008,92739,1,0,1
4716016,92740,1,0,1
7144888,92741,1,0,1
1475400,92742,1,1,0
5802056,92743,1,0,1
5488408,92744,1,0,1
2444784,92745,1,0,1
3045792,92746,1,0,1
1327400,92747,1,0,1
367048,92748,1,1,0
999616,92749,1,0,1
4380424,92750,1,1,0
5339720,92751,1,1,0
1501528,92752,1,0,1
3822344,92753,1,1,0
5697520,92754,1,1,0
7003104,92755,1,1,0
6471824,92756,1,1,0
886416,92757,1,1,0
5701944,92758,1,0,1
1120904,92759,1,0,1
4137560,92760,1,1,0
107528,92761,1,0,1
3329408,92762,1,0,1
342192,92763,1,1,0
5439408,92764,1,1,0
1551984,92765,1,1,0
2398688,92766,1,0,1
398232,92767,1,1,0
473208,92768,1,0,1
358960,92769,1,1,0
7316184,92770,1,0,1
129600,92771,1,0,1
4967440,92772,1,1,0
3570136,92773,1,1,0
7531648,92774,1,0,1
5652496,92775,1,0,1
1382744,92776,1,0,1
6766752,92777,1,0,1
2402912,92778,1,0,1
916528,92779,1,1,0
2542960,92780,1,0,1
374360,92781,1,1,0
266160,92782,1,1,0
6604144,92783,1,1,0
588304,92784,1,1,0
737016,92785,1,0,1
1981472,92786,1,1,0
293384,92787,1,0,1
532416,92788,1,0,1
4461528,92789,1,1,0
4584760,92790,1,0,1
6355632,92791,1,1,0
6321776,92792,1,0,1
1019232,92793,1,1,0
2777320,92794,1,0,1
2115720,92795,1,1,0
671984,92796,1,0,1
1621336,92797,1,1,0
467280,92798,1,1,0
1469240,92799,1,1,0
6501616,92800,1,0,1
2305200,92801,1,1,0
3910472,92802,1,1,0
845032,92803,1,0,1
5512272,92804,1,1,0
743816,92805,1,1,0
884432,92806,1,0,1
1038424,92807,1,1,0
903824,92808,1,0,1
327712,92809,1,1,0
1229080,92810,1,1,0
2159288,92811,1,0,1
232672,92812,1,0,1
3749376,92813,1,0,1
758680,92814,1,1,0
4406496,92815,1,0,1
7414424,92816,1,0,1
3326896,92817,1,1,0
4182848,92818,1,1,0
1533968,92819,1,1,0
1073000,92820,1,1,0
5334200,92821,1,1,0
1279224,92822,1,0,1
3905376,92823,1,1,0
1124664,92824,1,1,0
2117752,92825,1,1,0
165104,92826,1,0,1
1729688,92827,1,1,0
692568,92828,1,0,1
704024,92829,1,0,1
3441528,92830,1,0,1
3390120,92831,1,0,1
1114704,92832,1,1,0
3644368,92833,1,0,1
2631304,92834,1,1,0
3110968,92835,1,0,1
1195208,92836,1,1,0
880760,92837,1,0,1
561088,92838,1,1,0
544160,92839,1,0,1
1376560,92840,1,0,1
769120,92841,1,0,1
582584,92842,1,0,1
5228576,92843,1,1,0
317312,92844,1,1,0
1479328,92845,1,1,0
6779240,92846,1,0,1
90176,92847,1,1,0
1361240,92848,1,1,0
877200,92849,1,0,1
1322696,92850,1,0,1
7378680,92851,1,0,1
7725840,92852,1,0,1
2179264,92853,1,1,0
1338224,92854,1,1,0
2214960,92855,1,0,1
656608,92856,1,0,1
5223112,92857,1,0,1
2875392,92858,1,0,1
5997936,92859,1,0,1
1990624,92860,1,1,0
3617832,92861,1,0,1
5581544,92862,1,0,1
317568,92863,1,0,1
4026296,92864,1,1,0
6822648,92865,1,0,1
6515064,92866,1,1,0
623368,92867,1,1,0
1028936,92868,1,0,1
493360,92869,1,0,1
5980928,92870,1,1,0
5147120,92871,1,1,0
8288168,92872,1,1,0
3291784,92873,1,0,1
527144,92874,1,0,1
5490280,92875,1,1,0
2333448,92876,1,0,1
913376,92877,1,1,0
402232,92878,1,1,0
4374840,92879,1,1,0
2892672,92880,1,0,1
4208360,92881,1,1,0
1687888,92882,1,0,1
1468632,92883,1,0,1
3664232,92884,1,1,0
4323112,92885,1,0,1
1545936,92886,1,1,0
2875472,92887,1,0,1
5633344,92888,1,0,1
1908664,92889,1,1,0
2510088,92890,1,1,0
2243928,92891,1,1,0
1514920,92892,1,0,1
3569896,92893,1,1,0
427656,92894,1,0,1
2547376,92895,1,0,1
2995280,92896,1,1,0
3116848,92897,1,1,0
6335960,92898,1,0,1
449128,92899,1,0,1
822048,92900,1,0,1
7723528,92901,1,1,0
4975824,92902,1,0,1
2734520,92903,1,1,0
4314248,92904,1,1,0
1347288,92905,1,1,0
476176,92906,1,1,0
2767560,92907,1,1,0
1557744,92908,1,0,1
4478048,92909,1,0,1
646048,92910,1,0,1
7767976,92911,1,1,0
645656,92912,1,0,1
2183240,92913,1,0,1
2293528,92914,1,0,1
4852136,92915,1,1,0
3837472,92916,1,0,1
902176,92917,1,1,0
5321200,92918,1,1,0
202784,92919,1,1,0
2754512,92920,1,0,1
1491200,92921,1,0,1
8083656,92922,1,1,0
1583656,92923,1,1,0
1494832,92924,1,0,1
834872,92925,1,1,0
2497536,92926,1,1,0
839752,92927,1,1,0
3800120,92928,1,1,0
1211904,92929,1,0,1
5677576,92930,1,1,0
2602784,92931,1,1,0
274008,92932,1,1,0
629616,92933,1,1,0
7759120,92934,1,1,0
1907352,92935,1,0,1
556448,92936,1,0,1
380408,92937,1,0,1
451600,92938,1,0,1
2009616,92939,1,0,1
235512,92940,1,1,0
8043280,92941,1,0,1
1489424,92942,1,0,1
8262736,92943,1,1,0
1034192,92944,1,0,1
2697088,92945,1,1,0
354824,92946,1,0,1
1396720,92947,1,1,0
770272,92948,1,0,1
2669608,92949,1,0,1
2828808,92950,1,1,0
2207352,92951,1,1,0
6228168,92952,1,1,0
5716136,92953,1,1,0
335808,92954,1,1,0
361208,92955,1,1,0
734416,92956,1,1,0
83632,92957,1,1,0
4465568,92958,1,0,1
1659168,92959,1,0,1
2718016,92960,1,1,0
1109864,92961,1,1,0
6235888,92962,1,1,0
2619928,92963,1,1,0
2943016,92964,1,0,1
6172728,92965,1,0,1
5556440,92966,1,1,0
5908920,92967,1,0,1
8050904,92968,1,0,1
980368,92969,1,0,1
3047552,92970,1,0,1
236152,92971,1,0,1
8146080,92972,1,0,1
4837328,92973,1,1,0
1925696,92974,1,0,1
3411080,92975,1,0,1
3107392,92976,1,1,0
2133064,92977,1,1,0
597464,92978,1,0,1
4260728,92979,1,0,1
4126208,92980,1,1,0
1098280,92981,1,0,1
314568,92982,1,0,1
3864384,92983,1,0,1
3888184,92984,1,0,1
2560600,92985,1,1,0
605280,92986,1,0,1
2200880,92987,1,0,1
5500432,92988,1,0,1
1652960,92989,1,0,1
7010152,92990,1,1,0
4430168,92991,1,1,0
837024,92992,1,1,0
4507552,92993,1,1,0
1239416,92994,1,1,0
1572896,92995,1,1,0
643104,92996,1,0,1
1901976,92997,1,1,0
5416128,92998,1,0,1
3429312,92999,1,1,0
1669640,93000,1,1,0
2192344,93001,1,1,0
5746320,93002,1,0,1
8147656,93003,1,0,1
2604960,93004,1,1,0
348064,93005,1,1,0
4662584,93006,1,1,0
118416,93007,1,1,0
7187216,93008,1,0,1
5482976,93009,1,0,1
3431320,93010,1,0,1
6706072,93011,1,1,0
3638856,93012,1,0,1
1447176,93013,1,1,0
5367840,93014,1,0,1
415272,93015,1,0,1
7459816,93016,1,0,1
2309968,93017,1,1,0
8319080,93018,1,1,0
696872,93019,1,1,0
4666608,93020,1,0,1
873008,93021,1,0,1
541648,93022,1,0,1
915896,93023,1,0,1
4781008,93024,1,0,1
1372912,93025,1,1,0
2725048,93026,1,0,1
1100112,93027,1,0,1
1069864,93028,1,0,1
4186696,93029,1,0,1
6492104,93030,1,1,0
4730896,93031,1,1,0
371984,93032,1,1,0
1534368,93033,1,1,0
6062184,93034,1,1,0
6308504,93035,1,0,1
3818448,93036,1,0,1
3705680,93037,1,0,1
794672,93038,1,1,0
682736,93039,1,1,0
282112,93040,1,0,1
4299640,93041,1,1,0
7019328,93042,1,0,1
1152304,93043,1,0,1
6198360,93044,1,1,0
4625752,93045,1,0,1
899680,93046,1,0,1
1410760,93047,1,0,1
271752,93048,1,1,0
4727216,93049,1,0,1
8207080,93050,1,0,1
5479400,93051,1,0,1
617528,93052,1,1,0
371792,93053,1,0,1
3730688,93054,1,1,0
789168,93055,1,1,0
2512400,93056,1,0,1
1756376,93057,1,0,1
258232,93058,1,1,0
939488,93059,1,0,1
1869248,93060,1,1,0
4749608,93061,1,1,0
865496,93062,1,0,1
147504,93063,1,1,0
6138232,93064,1,1,0
837456,93065,1,1,0
1097136,93066,1,0,1
734016,93067,1,0,1
673856,93068,1,0,1
1471240,93069,1,1,0
1559216,93070,1,0,1
4525544,93071,1,1,0
4635824,93072,1,1,0
6956312,93073,1,1,0
6650496,93074,1,1,0
168232,93075,1,0,1
525176,93076,1,0,1
457632,93077,1,0,1
774696,93078,1,1,0
882440,93079,1,1,0
656976,93080,1,1,0
164688,93081,1,1,0
3344816,93082,1,1,0
445000,93083,1,0,1
2197000,93084,1,0,1
7088224,93085,1,0,1
3017696,93086,1,1,0
4513664,93087,1,0,1
1209328,93088,1,1,0
167888,93089,1,1,0
5419648,93090,1,0,1
3544632,93091,1,1,0
3709064,93092,1,0,1
1827440,93093,1,0,1
667560,93094,1,1,0
6016600,93095,1,1,0
459288,93096,1,1,0
3778192,93097,1,0,1
592392,93098,1,1,0
938968,93099,1,1,0
1717360,93100,1,1,0
2521696,93101,1,1,0
2723344,93102,1,1,0
765904,93103,1,1,0
326632,93104,1,1,0
3314824,93105,1,0,1
5630656,93106,1,0,1
2509296,93107,1,0,1
3476792,93108,1,0,1
7510736,93109,1,0,1
3547928,93110,1,0,1
2284952,93111,1,0,1
727520,93112,1,0,1
3251304,93113,1,0,1
5470224,93114,1,0,1
615392,93115,1,1,0
543912,93116,1,0,1
407640,93117,1,0,1
4456224,93118,1,1,0
1881160,93119,1,1,0
631256,93120,1,0,1
1588040,93121,1,0,1
4707968,93122,1,1,0
343776,93123,1,1,0
435776,93124,1,0,1
2987512,93125,1,1,0
1992136,93126,1,1,0
4193584,93127,1,1,0
1219088,93128,1,1,0
6903912,93129,1,0,1
5629368,93130,1,1,0
7634432,93131,1,0,1
4337080,93132,1,1,0
5354056,93133,1,0,1
796288,93134,1,0,1
546072,93135,1,1,0
456536,93136,1,1,0
6148872,93137,1,1,0
131184,93138,1,0,1
8383328,93139,1,0,1
6121480,93140,1,1,0
1696368,93141,1,0,1
5937904,93142,1,0,1
2461232,93143,1,0,1
275176,93144,1,0,1
874792,93145,1,0,1
6783184,93146,1,1,0
7497464,93147,1,1,0
1595648,93148,1,0,1
374808,93149,1,1,0
419000,93150,1,1,0
5415280,93151,1,0,1
4614000,93152,1,0,1
2501968,93153,1,1,0
8157392,93154,1,0,1
963216,93155,1,1,0
3588120,93156,1,0,1
1576120,93157,1,0,1
2516104,93158,1,1,0
436616,93159,1,1,0
617896,93160,1,1,0
6730496,93161,1,1,0
7368688,93162,1,0,1
2291920,93163,1,0,1
3027872,93164,1,1,0
2645520,93165,1,0,1
4919792,93166,1,0,1
295032,93167,1,0,1
2298336,93168,1,1,0
6222608,93169,1,0,1
1339896,93170,1,1,0
1313976,93171,1,0,1
1915896,93172,1,0,1
423992,93173,1,0,1
371448,93174,1,1,0
3697184,93175,1,1,0
4566824,93176,1,1,0
4275016,93177,1,0,1
800336,93178,1,0,1
396808,93179,1,0,1
4776608,93180,1,0,1
165616,93181,1,1,0
2703816,93182,1,1,0
4640064,93183,1,1,0
5905912,93184,1,1,0
6799632,93185,1,0,1
1621776,93186,1,1,0
4607880,93187,1,0,1
591528,93188,1,0,1
1613016,93189,1,0,1
3266064,93190,1,0,1
1601928,93191,1,0,1
3559576,93192,1,1,0
528216,93193,1,0,1
1426720,93194,1,0,1
1682888,93195,1,1,0
1426584,93196,1,1,0
7720168,93197,1,1,0
1931072,93198,1,0,1
424024,93199,1,0,1
3913680,93200,1,1,0
439160,93201,1,1,0
4810544,93202,1,1,0
4775192,93203,1,1,0
2281808,93204,1,1,0
124704,93205,1,0,1
4273408,93206,1,1,0
5067456,93207,1,0,1
1404664,93208,1,1,0
515104,93209,1,1,0
2899688,93210,1,1,0
4864800,93211,1,1,0
1663904,93212,1,1,0
438200,93213,1,0,1
4092720,93214,1,1,0
7050672,93215,1,0,1
5969592,93216,1,1,0
4625096,93217,1,0,1
2630408,93218,1,0,1
578752,93219,1,0,1
687616,93220,1,0,1
1082752,93221,1,0,1
8121576,93222,1,1,0
655760,93223,1,1,0
2323792,93224,1,1,0
7392544,93225,1,0,1
5131680,93226,1,1,0
174688,93227,1,0,1
761032,93228,1,1,0
2495728,93229,1,0,1
1675928,93230,1,1,0
298440,93231,1,1,0
2801864,93232,1,0,1
1488672,93233,1,0,1
2245592,93234,1,0,1
1276416,93235,1,1,0
739088,93236,1,1,0
6120448,93237,1,0,1
554552,93238,1,0,1
261328,93239,1,1,0
3672944,93240,1,0,1
1892112,93241,1,1,0
257272,93242,1,0,1
1140456,93243,1,1,0
8210400,93244,1,1,0
1361848,93245,1,1,0
900376,93246,1,0,1
1305504,93247,1,0,1
2154496,93248,1,0,1
7019896,93249,1,1,0
638160,93250,1,1,0
1700560,93251,1,1,0
1140248,93252,1,1,0
7479264,93253,1,0,1
1548872,93254,1,1,0
1748024,93255,1,1,0
751640,93256,1,1,0
2282864,93257,1,0,1
678920,93258,1,0,1
241664,93259,1,1,0
1723144,93260,1,0,1
4616128,93261,1,1,0
695720,93262,1,1,0
1089616,93263,1,0,1
427856,93264,1,0,1
1770720,93265,1,1,0
979032,93266,1,0,1
1057608,93267,1,0,1
1325432,93268,1,1,0
1496656,93269,1,1,0
550528,93270,1,0,1
4417496,93271,1,0,1
740368,93272,1,1,0
3206584,93273,1,1,0
5388160,93274,1,0,1
4538424,93275,1,1,0
3949704,93276,1,1,0
4546520,93277,1,0,1
129192,93278,1,0,1
6717408,93279,1,0,1
1395384,93280,1,0,1
3524304,93281,1,1,0
6050400,93282,1,0,1
7568336,93283,1,0,1
2221264,93284,1,1,0
3524048,93285,1,0,1
503952,93286,1,1,0
2135856,93287,1,0,1
1798896,93288,1,0,1
6588464,93289,1,1,0
4013560,93290,1,1,0
1298632,93291,1,0,1
388128,93292,1,0,1
2757768,93293,1,0,1
295928,93294,1,0,1
562824,93295,1,1,0
901280,93296,1,1,0
7140304,93297,1,1,0
1828064,93298,1,0,1
1547664,93299,1,1,0
8249856,93300,1,1,0
4408016,93301,1,0,1
880104,93302,1,1,0
432048,93303,1,0,1
5380544,93304,1,1,0
2009104,93305,1,1,0
5621392,93306,1,0,1
3004848,93307,1,1,0
408664,93308,1,1,0
2689008,93309,1,1,0
685128,93310,1,1,0
7067424,93311,1,0,1
2185624,93312,1,1,0
8272768,93313,1,0,1
1218904,93314,1,0,1
5750032,93315,1,0,1
1025720,93316,1,1,0
7717624,93317,1,1,0
737048,93318,1,0,1
766240,93319,1,1,0
447856,93320,1,1,0
1619112,93321,1,0,1
3460816,93322,1,0,1
95160,93323,1,0,1
903512,93324,1,1,0
1197312,93325,1,0,1
4117296,93326,1,0,1
818184,93327,1,0,1
1494488,93328,1,0,1
2427520,93329,1,0,1
2812752,93330,1,0,1
908232,93331,1,0,1
454032,93332,1,1,0
2558520,93333,1,0,1
5335784,93334,1,1,0
4648376,93335,1,0,1
1011864,93336,1,0,1
7394216,93337,1,1,0
3054000,93338,1,1,0
3459384,93339,1,1,0
2008336,93340,1,1,0
2739120,93341,1,0,1
1549552,93342,1,0,1
2034096,93343,1,1,0
4210536,93344,1,1,0
711824,93345,1,0,1
2011824,93346,1,1,0
580496,93347,1,0,1
4118600,93348,1,1,0
2334656,93349,1,0,1
7163528,93350,1,1,0
2635600,93351,1,1,0
7561464,93352,1,1,0
383536,93353,1,1,0
1010008,93354,1,0,1
695248,93355,1,1,0
5721664,93356,1,1,0
5205768,93357,1,0,1
4623256,93358,1,0,1
2988080,93359,1,0,1
974216,93360,1,1,0
2257528,93361,1,0,1
705408,93362,1,1,0
1372536,93363,1,1,0
2077088,93364,1,0,1
8246008,93365,1,1,0
1129720,93366,1,1,0
1501168,93367,1,0,1
7636088,93368,1,0,1
1770016,93369,1,0,1
2504296,93370,1,0,1
479864,93371,1,0,1
954536,93372,1,0,1
8050552,93373,1,1,0
992608,93374,1,0,1
5363984,93375,1,0,1
2823568,93376,1,0,1
4285488,93377,1,0,1
2738008,93378,1,1,0
226992,93379,1,1,0
458216,93380,1,1,0
449968,93381,1,1,0
866696,93382,1,1,0
1933392,93383,1,1,0
576768,93384,1,0,1
3782344,93385,1,1,0
917800,93386,1,0,1
5293544,93387,1,1,0
5904968,93388,1,0,1
850544,93389,1,1,0
3380928,93390,1,0,1
202328,93391,1,1,0
6598632,93392,1,0,1
400200,93393,1,1,0
985200,93394,1,1,0
4129224,93395,1,0,1
766072,93396,1,0,1
170272,93397,1,0,1
927360,93398,1,0,1
642240,93399,1,0,1
2888000,93400,1,1,0
1499616,93401,1,1,0
4329720,93402,1,1,0
211544,93403,1,1,0
3825032,93404,1,0,1
229280,93405,1,0,1
2256392,93406,1,1,0
1637960,93407,1,1,0
1272832,93408,1,0,1
550776,93409,1,1,0
7515984,93410,1,0,1
5429432,93411,1,1,0
4720728,93412,1,1,0
206448,93413,1,0,1
7004216,93414,1,1,0
7442448,93415,1,1,0
3935032,93416,1,1,0
1187848,93417,1,0,1
3701104,93418,1,0,1
3964928,93419,1,0,1
3069536,93420,1,0,1
936608,93421,1,1,0
2471144,93422,1,0,1
966656,93423,1,1,0
704760,93424,1,1,0
274488,93425,1,0,1
2238048,93426,1,1,0
2888040,93427,1,0,1
648888,93428,1,0,1
2758776,93429,1,0,1
5760728,93430,1,0,1
851288,93431,1,1,0
1359608,93432,1,0,1
1551160,93433,1,1,0
4598880,93434,1,1,0
2120040,93435,1,0,1
3876808,93436,1,0,1
2781640,93437,1,1,0
3047264,93438,1,0,1
4062200,93439,1,0,1
7195312,93440,1,1,0
4403120,93441,1,0,1
5555120,93442,1,1,0
7678904,93443,1,0,1
3901152,93444,1,0,1
941336,93445,1,0,1
7216920,93446,1,0,1
4879240,93447,1,0,1
2410712,93448,1,0,1
1394552,93449,1,0,1
286912,93450,1,0,1
3832912,93451,1,1,0
457120,93452,1,1,0
4263592,93453,1,0,1
2949880,93454,1,1,0
4343912,93455,1,0,1
853440,93456,1,0,1
1701248,93457,1,0,1
794680,93458,1,1,0
1183656,93459,1,1,0
1620808,93460,1,0,1
1108080,93461,1,0,1
804568,93462,1,0,1
289248,93463,1,0,1
6934544,93464,1,1,0
2694280,93465,1,1,0
5306544,93466,1,1,0
420392,93467,1,1,0
744520,93468,1,0,1
2501400,93469,1,1,0
1593544,93470,1,1,0
1177800,93471,1,1,0
2311632,93472,1,0,1
469944,93473,1,1,0
5623096,93474,1,1,0
1099224,93475,1,1,0
945688,93476,1,1,0
598424,93477,1,0,1
8032576,93478,1,1,0
6044928,93479,1,0,1
1642872,93480,1,0,1
841840,93481,1,0,1
2586072,93482,1,0,1
1450480,93483,1,1,0
4223568,93484,1,0,1
6406400,93485,1,0,1
4076296,93486,1,1,0
6835480,93487,1,1,0
3688064,93488,1,0,1
1593968,93489,1,0,1
4649976,93490,1,0,1
3460120,93491,1,0,1
452304,93492,1,0,1
313440,93493,1,0,1
7303392,93494,1,0,1
962896,93495,1,1,0
1370984,93496,1,0,1
3421584,93497,1,1,0
1814184,93498,1,1,0
1761680,93499,1,1,0
1750000,93500,1,0,1
3813232,93501,1,0,1
7319112,93502,1,0,1
819520,93503,1,0,1
106640,93504,1,1,0
988112,93505,1,0,1
1418824,93506,1,1,0
4187680,93507,1,0,1
935200,93508,1,1,0
3931024,93509,1,0,1
7071920,93510,1,1,0
3546272,93511,1,0,1
4075928,93512,1,0,1
3602880,93513,1,1,0
4891912,93514,1,1,0
7062152,93515,1,1,0
371456,93516,1,1,0
4727072,93517,1,1,0
1319616,93518,1,1,0
5885504,93519,1,1,0
5458992,93520,1,0,1
653312,93521,1,0,1
1587496,93522,1,1,0
154688,93523,1,0,1
85840,93524,1,1,0
2741880,93525,1,0,1
8064752,93526,1,0,1
7121688,93527,1,0,1
882408,93528,1,1,0
2648040,93529,1,0,1
650392,93530,1,1,0
653888,93531,1,1,0
2279432,93532,1,0,1
896400,93533,1,1,0
2647776,93534,1,0,1
3762128,93535,1,0,1
3340864,93536,1,1,0
2698504,93537,1,0,1
3152632,93538,1,0,1
7553768,93539,1,0,1
6619168,93540,1,0,1
139368,93541,1,0,1
7070488,93542,1,1,0
1932320,93543,1,1,0
3274272,93544,1,0,1
7633632,93545,1,1,0
7724360,93546,1,1,0
798608,93547,1,1,0
2586776,93548,1,0,1
1318504,93549,1,0,1
4971056,93550,1,0,1
7932128,93551,1,1,0
4425576,93552,1,0,1
1819904,93553,1,1,0
811928,93554,1,1,0
1414440,93555,1,0,1
644088,93556,1,0,1
4242232,93557,1,0,1
2216024,93558,1,0,1
319256,93559,1,0,1
1981632,93560,1,1,0
916152,93561,1,1,0
1185032,93562,1,1,0
6418608,93563,1,1,0
2804888,93564,1,1,0
1317416,93565,1,1,0
623896,93566,1,0,1
532600,93567,1,0,1
6605512,93568,1,0,1
7377496,93569,1,1,0
358920,93570,1,0,1
938376,93571,1,0,1
3196872,93572,1,1,0
5624576,93573,1,0,1
5747504,93574,1,1,0
3864152,93575,1,0,1
585800,93576,1,1,0
218920,93577,1,0,1
5422248,93578,1,0,1
1467480,93579,1,1,0
1104208,93580,1,1,0
1024232,93581,1,1,0
795360,93582,1,1,0
5888760,93583,1,1,0
1578264,93584,1,1,0
482744,93585,1,1,0
4095896,93586,1,1,0
2396256,93587,1,0,1
4357168,93588,1,1,0
2885872,93589,1,0,1
2154672,93590,1,0,1
5167624,93591,1,0,1
2297808,93592,1,0,1
4218208,93593,1,1,0
6302752,93594,1,1,0
4605368,93595,1,0,1
5399320,93596,1,0,1
1010376,93597,1,0,1
767496,93598,1,1,0
7658680,93599,1,0,1
2130320,93600,1,0,1
1125872,93601,1,1,0
233056,93602,1,0,1
7834456,93603,1,0,1
5864224,93604,1,1,0
8146520,93605,1,0,1
1420168,93606,1,0,1
6339240,93607,1,1,0
6862104,93608,1,1,0
7862024,93609,1,0,1
878848,93610,1,1,0
4906552,93611,1,1,0
3314336,93612,1,0,1
2535232,93613,1,0,1
2508216,93614,1,1,0
7212136,93615,1,0,1
540528,93616,1,0,1
5317104,93617,1,1,0
431616,93618,1,0,1
1609232,93619,1,1,0
4062600,93620,1,0,1
3569304,93621,1,1,0
6092520,93622,1,0,1
6967224,93623,1,1,0
457336,93624,1,1,0
7393088,93625,1,0,1
6053304,93626,1,1,0
2230584,93627,1,1,0
1288760,93628,1,0,1
1146688,93629,1,0,1
2304312,93630,1,0,1
2383080,93631,1,0,1
6780472,93632,1,1,0
4600376,93633,1,1,0
481112,93634,1,1,0
334592,93635,1,0,1
1680520,93636,1,0,1
908216,93637,1,1,0
6468288,93638,1,0,1
3503440,93639,1,1,0
2569128,93640,1,0,1
8047168,93641,1,1,0
1032320,93642,1,1,0
1165928,93643,1,1,0
3753200,93644,1,1,0
5323200,93645,1,0,1
283368,93646,1,1,0
7333464,93647,1,0,1
168664,93648,1,1,0
766440,93649,1,0,1
2434496,93650,1,1,0
620448,93651,1,0,1
2776880,93652,1,1,0
3059912,93653,1,1,0
1546520,93654,1,0,1
1299440,93655,1,1,0
2509488,93656,1,0,1
2031760,93657,1,0,1
2405744,93658,1,1,0
3572840,93659,1,1,0
3051896,93660,1,1,0
419432,93661,1,0,1
4822216,93662,1,0,1
2323048,93663,1,1,0
1698720,93664,1,0,1
4729296,93665,1,0,1
4347368,93666,1,1,0
4189320,93667,1,1,0
1682928,93668,1,1,0
88072,93669,1,1,0
1077424,93670,1,0,1
3084392,93671,1,1,0
4465896,93672,1,1,0
2137088,93673,1,1,0
7862736,93674,1,0,1
5767624,93675,1,0,1
1204200,93676,1,0,1
1666872,93677,1,1,0
5837704,93678,1,0,1
5493352,93679,1,1,0
1115344,93680,1,0,1
2194376,93681,1,0,1
2612416,93682,1,0,1
710224,93683,1,1,0
249456,93684,1,1,0
3863120,93685,1,1,0
2846680,93686,1,1,0
2067624,93687,1,0,1
8137688,93688,1,0,1
1036272,93689,1,1,0
3079776,93690,1,0,1
3136744,93691,1,0,1
2005856,93692,1,0,1
7336976,93693,1,0,1
5804064,93694,1,0,1
5428248,93695,1,1,0
8289696,93696,1,0,1
660144,93697,1,1,0
3930248,93698,1,1,0
4273808,93699,1,0,1
518856,93700,1,1,0
5228832,93701,1,0,1
1619136,93702,1,1,0
3539064,93703,1,1,0
3389608,93704,1,1,0
2719904,93705,1,1,0
267776,93706,1,1,0
2971912,93707,1,1,0
4282936,93708,1,0,1
7461064,93709,1,1,0
3562800,93710,1,1,0
3341984,93711,1,0,1
244368,93712,1,1,0
7856128,93713,1,1,0
3061560,93714,1,0,1
1239784,93715,1,1,0
2799128,93716,1,1,0
5826128,93717,1,0,1
635728,93718,1,1,0
1740968,93719,1,1,0
2205496,93720,1,0,1
654024,93721,1,1,0
1126040,93722,1,0,1
2242168,93723,1,1,0
157088,93724,1,1,0
719592,93725,1,1,0
1953376,93726,1,0,1
3094384,93727,1,1,0
414920,93728,1,0,1
1556832,93729,1,0,1
257472,93730,1,0,1
6176352,93731,1,1,0
797304,93732,1,1,0
1014280,93733,1,0,1
5730280,93734,1,1,0
5491496,93735,1,1,0
6966576,93736,1,0,1
2156832,93737,1,0,1
659152,93738,1,0,1
5253504,93739,1,0,1
563320,93740,1,0,1
2603600,93741,1,0,1
5498264,93742,1,0,1
6259536,93743,1,0,1
1340856,93744,1,1,0
1796768,93745,1,0,1
2606792,93746,1,0,1
997600,93747,1,0,1
5780008,93748,1,0,1
2592976,93749,1,0,1
6472096,93750,1,0,1
2354216,93751,1,0,1
2860536,93752,1,1,0
8289416,93753,1,0,1
4447112,93754,1,0,1
4390128,93755,1,0,1
3111320,93756,1,1,0
589200,93757,1,0,1
5428544,93758,1,1,0
826040,93759,1,0,1
420856,93760,1,0,1
4025008,93761,1,0,1
2062528,93762,1,0,1
602064,93763,1,1,0
3897416,93764,1,0,1
6713208,93765,1,0,1
1372304,93766,1,1,0
4711984,93767,1,0,1
4052480,93768,1,0,1
3597120,93769,1,1,0
1994608,93770,1,1,0
1533344,93771,1,0,1
542512,93772,1,0,1
730112,93773,1,1,0
1052864,93774,1,0,1
4320664,93775,1,0,1
209560,93776,1,0,1
5223728,93777,1,1,0
591848,93778,1,0,1
2067336,93779,1,1,0
2291456,93780,1,0,1
3714728,93781,1,1,0
1172688,93782,1,1,0
1800608,93783,1,0,1
3145800,93784,1,1,0
386272,93785,1,0,1
4522168,93786,1,0,1
6376808,93787,1,1,0
1109288,93788,1,0,1
3208144,93789,1,1,0
3659424,93790,1,0,1
5005048,93791,1,0,1
1305016,93792,1,1,0
4463192,93793,1,1,0
3886920,93794,1,1,0
6324560,93795,1,1,0
3869264,93796,1,1,0
3190248,93797,1,0,1
640856,93798,1,0,1
7697728,93799,1,0,1
7986056,93800,1,1,0
4971456,93801,1,1,0
539888,93802,1,0,1
2455744,93803,1,1,0
319944,93804,1,1,0
4194880,93805,1,0,1
7745104,93806,1,1,0
4827472,93807,1,0,1
1800944,93808,1,1,0
2741216,93809,1,1,0
1383648,93810,1,1,0
1241536,93811,1,0,1
3688304,93812,1,0,1
5415192,93813,1,0,1
1244608,93814,1,0,1
1980240,93815,1,0,1
307376,93816,1,1,0
2550776,93817,1,0,1
706272,93818,1,1,0
4809424,93819,1,1,0
7873872,93820,1,1,0
4891368,93821,1,0,1
3833848,93822,1,0,1
1010488,93823,1,0,1
3753456,93824,1,0,1
571384,93825,1,1,0
3999024,93826,1,1,0
1207248,93827,1,0,1
4085000,93828,1,1,0
4444584,93829,1,0,1
2036416,93830,1,1,0
1421784,93831,1,0,1
7569544,93832,1,1,0
2441968,93833,1,1,0
1466280,93834,1,1,0
3806184,93835,1,1,0
3057568,93836,1,0,1
328816,93837,1,1,0
4498464,93838,1,1,0
1691744,93839,1,0,1
3695576,93840,1,1,0
4103832,93841,1,0,1
441320,93842,1,1,0
873592,93843,1,0,1
7855112,93844,1,0,1
7837896,93845,1,1,0
6477208,93846,1,0,1
4906240,93847,1,0,1
6888720,93848,1,1,0
2156208,93849,1,1,0
3609120,93850,1,0,1
3561416,93851,1,0,1
1851304,93852,1,0,1
5629808,93853,1,1,0
6737232,93854,1,0,1
768896,93855,1,0,1
4416160,93856,1,0,1
335272,93857,1,1,0
5581912,93858,1,0,1
5649584,93859,1,0,1
6904264,93860,1,1,0
6128640,93861,1,1,0
1361936,93862,1,0,1
1566304,93863,1,1,0
5351272,93864,1,0,1
3110408,93865,1,0,1
3279312,93866,1,0,1
1667744,93867,1,1,0
542464,93868,1,1,0
5311936,93869,1,1,0
7629264,93870,1,1,0
4786816,93871,1,1,0
923512,93872,1,0,1
1260176,93873,1,1,0
3665432,93874,1,1,0
2032096,93875,1,0,1
387976,93876,1,0,1
492928,93877,1,0,1
3269432,93878,1,0,1
371432,93879,1,0,1
846136,93880,1,0,1
1234320,93881,1,0,1
700824,93882,1,1,0
4811832,93883,1,1,0
4402960,93884,1,0,1
2885664,93885,1,0,1
3588568,93886,1,0,1
2804360,93887,1,0,1
6047648,93888,1,0,1
271552,93889,1,1,0
648528,93890,1,1,0
470360,93891,1,0,1
6588920,93892,1,0,1
1250456,93893,1,1,0
6316832,93894,1,0,1
6772272,93895,1,1,0
5266520,93896,1,1,0
5596360,93897,1,0,1
708440,93898,1,1,0
367648,93899,1,1,0
1846976,93900,1,0,1
6872608,93901,1,1,0
2338832,93902,1,0,1
2029744,93903,1,1,0
573104,93904,1,0,1
2430024,93905,1,1,0
2186656,93906,1,1,0
3945616,93907,1,0,1
2024208,93908,1,1,0
2790528,93909,1,1,0
3934248,93910,1,0,1
2004008,93911,1,1,0
293304,93912,1,0,1
2444752,93913,1,1,0
1327656,93914,1,1,0
4885776,93915,1,1,0
7425968,93916,1,1,0
2468464,93917,1,1,0
1167064,93918,1,1,0
1066264,93919,1,0,1
5256824,93920,1,0,1
751712,93921,1,1,0
7039112,93922,1,0,1
147624,93923,1,1,0
875048,93924,1,1,0
1999336,93925,1,1,0
1106064,93926,1,0,1
8339280,93927,1,1,0
8054200,93928,1,0,1
8327472,93929,1,0,1
4478648,93930,1,0,1
2910696,93931,1,0,1
1880704,93932,1,0,1
4448944,93933,1,1,0
2201144,93934,1,1,0
7863408,93935,1,0,1
3074640,93936,1,0,1
4467072,93937,1,1,0
2214744,93938,1,1,0
4050224,93939,1,1,0
3514096,93940,1,0,1
7416448,93941,1,0,1
4557504,93942,1,1,0
5856424,93943,1,0,1
1870768,93944,1,1,0
6305160,93945,1,0,1
8098832,93946,1,0,1
460856,93947,1,1,0
1521192,93948,1,1,0
3233432,93949,1,0,1
453760,93950,1,0,1
1259440,93951,1,1,0
1980088,93952,1,1,0
1708016,93953,1,1,0
2018912,93954,1,0,1
7030256,93955,1,0,1
1214000,93956,1,1,0
1475216,93957,1,0,1
451792,93958,1,0,1
2418888,93959,1,0,1
8194320,93960,1,0,1
618048,93961,1,1,0
5909176,93962,1,1,0
1458672,93963,1,1,0
593536,93964,1,1,0
3529456,93965,1,1,0
1449976,93966,1,1,0
7992392,93967,1,1,0
2686216,93968,1,1,0
5766824,93969,1,1,0
1797680,93970,1,1,0
1480984,93971,1,0,1
450592,93972,1,0,1
4197136,93973,1,0,1
200368,93974,1,1,0
2035568,93975,1,1,0
6096872,93976,1,1,0
6426864,93977,1,0,1
197776,93978,1,1,0
1253912,93979,1,1,0
3050776,93980,1,1,0
431096,93981,1,0,1
1294080,93982,1,0,1
3287016,93983,1,1,0
6194928,93984,1,0,1
200264,93985,1,0,1
1199192,93986,1,0,1
3846616,93987,1,0,1
2488400,93988,1,1,0
1857528,93989,1,0,1
7578712,93990,1,0,1
3103720,93991,1,0,1
582640,93992,1,1,0
383936,93993,1,1,0
877144,93994,1,1,0
1866696,93995,1,0,1
2018224,93996,1,1,0
3132928,93997,1,0,1
2266352,93998,1,1,0
490256,93999,1,0,1
3669152,94000,1,0,1
260856,94001,1,0,1
1510464,94002,1,1,0
107888,94003,1,0,1
128720,94004,1,1,0
5948744,94005,1,1,0
1233800,94006,1,0,1
5477848,94007,1,1,0
959264,94008,1,0,1
6655792,94009,1,0,1
1374568,94010,1,1,0
3221216,94011,1,0,1
1413824,94012,1,0,1
7041608,94013,1,0,1
1926640,94014,1,1,0
4109248,94015,1,1,0
3137520,94016,1,0,1
6914424,94017,1,1,0
1793440,94018,1,0,1
3352896,94019,1,0,1
6996400,94020,1,1,0
184768,94021,1,0,1
2462824,94022,1,0,1
6355656,94023,1,0,1
3192648,94024,1,0,1
6792544,94025,1,1,0
7494720,94026,1,1,0
3303072,94027,1,1,0
6366208,94028,1,0,1
294856,94029,1,0,1
1112192,94030,1,1,0
215296,94031,1,1,0
3751736,94032,1,1,0
1343536,94033,1,0,1
1497952,94034,1,0,1
7658936,94035,1,1,0
3227016,94036,1,1,0
1897168,94037,1,0,1
964960,94038,1,0,1
3867816,94039,1,0,1
2757056,94040,1,0,1
6729360,94041,1,1,0
2397944,94042,1,0,1
4338088,94043,1,1,0
2460760,94044,1,0,1
1089672,94045,1,1,0
5819992,94046,1,1,0
459656,94047,1,1,0
178432,94048,1,1,0
661600,94049,1,0,1
4144704,94050,1,1,0
8310512,94051,1,1,0
4129568,94052,1,0,1
1641464,94053,1,0,1
7725632,94054,1,1,0
7812144,94055,1,1,0
6674216,94056,1,1,0
418832,94057,1,0,1
512584,94058,1,1,0
437744,94059,1,0,1
3847176,94060,1,1,0
3592512,94061,1,1,0
408816,94062,1,0,1
1983960,94063,1,0,1
156968,94064,1,0,1
958424,94065,1,0,1
3827616,94066,1,0,1
2011672,94067,1,0,1
2468056,94068,1,1,0
262624,94069,1,1,0
4240472,94070,1,0,1
884104,94071,1,0,1
448736,94072,1,1,0
3684760,94073,1,0,1
420880,94074,1,0,1
358080,94075,1,1,0
2771208,94076,1,1,0
4295256,94077,1,0,1
2207296,94078,1,0,1
3224088,94079,1,1,0
875136,94080,1,1,0
893512,94081,1,0,1
1442832,94082,1,1,0
3654296,94083,1,1,0
2367536,94084,1,1,0
499264,94085,1,0,1
6080720,94086,1,1,0
6311880,94087,1,0,1
1600480,94088,1,0,1
1480112,94089,1,1,0
2972904,94090,1,0,1
2141840,94091,1,1,0
1836568,94092,1,1,0
4895488,94093,1,0,1
446200,94094,1,1,0
206640,94095,1,0,1
2295376,94096,1,1,0
2919984,94097,1,0,1
4683664,94098,1,1,0
141064,94099,1,0,1
5095584,94100,1,1,0
3519912,94101,1,0,1
3592936,94102,1,0,1
5736048,94103,1,0,1
1143008,94104,1,0,1
6492744,94105,1,1,0
4189856,94106,1,1,0
2035128,94107,1,0,1
4922360,94108,1,0,1
1706168,94109,1,1,0
1005992,94110,1,0,1
874048,94111,1,0,1
2167456,94112,1,1,0
3784760,94113,1,0,1
6621248,94114,1,1,0
1429560,94115,1,0,1
1773552,94116,1,0,1
7741376,94117,1,1,0
2703848,94118,1,0,1
1030536,94119,1,0,1
3436496,94120,1,0,1
897520,94121,1,1,0
3576104,94122,1,0,1
3356744,94123,1,1,0
618776,94124,1,0,1
2240968,94125,1,0,1
6694112,94126,1,0,1
3060112,94127,1,0,1
313384,94128,1,0,1
2027720,94129,1,0,1
260408,94130,1,0,1
1826168,94131,1,1,0
7001536,94132,1,0,1
654208,94133,1,1,0
3829840,94134,1,1,0
1681880,94135,1,0,1
5170536,94136,1,0,1
2245872,94137,1,1,0
3828416,94138,1,1,0
8002296,94139,1,0,1
4339696,94140,1,0,1
3625816,94141,1,1,0
8026912,94142,1,0,1
468296,94143,1,1,0
7372640,94144,1,1,0
1134480,94145,1,1,0
3367744,94146,1,0,1
2451784,94147,1,1,0
5003216,94148,1,0,1
4671400,94149,1,1,0
679696,94150,1,1,0
402888,94151,1,0,1
6096888,94152,1,1,0
955952,94153,1,0,1
127184,94154,1,1,0
6738976,94155,1,1,0
1449024,94156,1,1,0
4275008,94157,1,1,0
8269696,94158,1,1,0
1830536,94159,1,1,0
1122672,94160,1,1,0
6171800,94161,1,0,1
1271104,94162,1,0,1
269944,94163,1,0,1
1059960,94164,1,1,0
3006352,94165,1,0,1
5181744,94166,1,0,1
1077056,94167,1,1,0
4808624,94168,1,1,0
1213280,94169,1,0,1
3211624,94170,1,0,1
1186904,94171,1,1,0
465048,94172,1,1,0
4251608,94173,1,0,1
966160,94174,1,0,1
7671088,94175,1,1,0
3891400,94176,1,1,0
2967728,94177,1,0,1
6962728,94178,1,1,0
4203944,94179,1,0,1
7967424,94180,1,1,0
3689400,94181,1,0,1
2755248,94182,1,1,0
6791880,94183,1,0,1
3010728,94184,1,1,0
6577496,94185,1,0,1
5346424,94186,1,1,0
3916464,94187,1,0,1
593656,94188,1,0,1
7750640,94189,1,0,1
7735808,94190,1,1,0
3314384,94191,1,0,1
2439544,94192,1,1,0
5470072,94193,1,1,0
1793856,94194,1,1,0
7648696,94195,1,1,0
2110232,94196,1,0,1
2339016,94197,1,1,0
453640,94198,1,1,0
341320,94199,1,0,1
242888,94200,1,1,0
3186160,94201,1,1,0
2655768,94202,1,1,0
7528216,94203,1,1,0
1043792,94204,1,0,1
3002464,94205,1,0,1
3351008,94206,1,0,1
3952072,94207,1,0,1
7639680,94208,1,1,0
2653752,94209,1,1,0
6573072,94210,1,0,1
7329856,94211,1,0,1
2724072,94212,1,0,1
3216536,94213,1,0,1
3709440,94214,1,1,0
1415088,94215,1,0,1
2923568,94216,1,0,1
1996528,94217,1,0,1
1067816,94218,1,0,1
734280,94219,1,0,1
4320976,94220,1,0,1
2666864,94221,1,0,1
3043128,94222,1,1,0
6096656,94223,1,0,1
1124104,94224,1,1,0
2437168,94225,1,0,1
2059280,94226,1,1,0
2498472,94227,1,0,1
4349808,94228,1,1,0
763088,94229,1,0,1
4385304,94230,1,0,1
3078824,94231,1,1,0
1816560,94232,1,0,1
197336,94233,1,1,0
3189144,94234,1,0,1
3876128,94235,1,0,1
1037520,94236,1,0,1
3260096,94237,1,0,1
4502016,94238,1,1,0
4315232,94239,1,1,0
6251280,94240,1,0,1
954120,94241,1,1,0
1088032,94242,1,0,1
1621520,94243,1,0,1
840632,94244,1,0,1
3269416,94245,1,1,0
1135856,94246,1,0,1
8039736,94247,1,0,1
5010608,94248,1,0,1
818240,94249,1,1,0
3159272,94250,1,1,0
7829856,94251,1,1,0
4203872,94252,1,1,0
268368,94253,1,1,0
1050080,94254,1,1,0
961800,94255,1,1,0
207168,94256,1,1,0
990168,94257,1,1,0
2770664,94258,1,0,1
4881280,94259,1,1,0
1456208,94260,1,0,1
3021240,94261,1,0,1
1042048,94262,1,0,1
7084624,94263,1,0,1
1545800,94264,1,1,0
1058600,94265,1,0,1
3103032,94266,1,0,1
2674680,94267,1,1,0
1352152,94268,1,1,0
7541920,94269,1,0,1
2145736,94270,1,1,0
7613984,94271,1,1,0
136504,94272,1,1,0
2043408,94273,1,0,1
2223336,94274,1,0,1
2332648,94275,1,0,1
6603392,94276,1,1,0
1898016,94277,1,0,1
1763032,94278,1,0,1
3861480,94279,1,1,0
1815744,94280,1,1,0
758744,94281,1,0,1
7181480,94282,1,1,0
1130712,94283,1,1,0
4547416,94284,1,1,0
172432,94285,1,1,0
5752072,94286,1,0,1
3662760,94287,1,1,0
634632,94288,1,0,1
868768,94289,1,0,1
3850432,94290,1,1,0
6168408,94291,1,0,1
558864,94292,1,0,1
2679488,94293,1,1,0
5602024,94294,1,1,0
96640,94295,1,1,0
1069768,94296,1,1,0
2214632,94297,1,0,1
6838144,94298,1,1,0
737608,94299,1,0,1
5758120,94300,1,1,0
3050928,94301,1,1,0
5797960,94302,1,1,0
6667440,94303,1,1,0
3272600,94304,1,0,1
571976,94305,1,0,1
4778032,94306,1,1,0
6750232,94307,1,0,1
1216744,94308,1,0,1
3095960,94309,1,1,0
297232,94310,1,1,0
1845872,94311,1,0,1
3874464,94312,1,1,0
273472,94313,1,0,1
2021680,94314,1,1,0
463592,94315,1,1,0
279784,94316,1,0,1
957936,94317,1,0,1
2692384,94318,1,0,1
1043096,94319,1,0,1
4029272,94320,1,0,1
375664,94321,1,0,1
4301008,94322,1,1,0
4457584,94323,1,1,0
691080,94324,1,0,1
1942024,94325,1,0,1
129512,94326,1,1,0
504624,94327,1,1,0
8036184,94328,1,0,1
544112,94329,1,1,0
4535920,94330,1,0,1
2860528,94331,1,1,0
3267920,94332,1,1,0
968736,94333,1,1,0
2021136,94334,1,0,1
644728,94335,1,0,1
7726784,94336,1,0,1
724384,94337,1,1,0
4501944,94338,1,1,0
1453640,94339,1,1,0
1512504,94340,1,1,0
3884392,94341,1,1,0
971272,94342,1,0,1
2900576,94343,1,0,1
7433968,94344,1,1,0
4226712,94345,1,0,1
6785392,94346,1,1,0
669632,94347,1,1,0
5033152,94348,1,1,0
2685160,94349,1,1,0
4503072,94350,1,0,1
6926992,94351,1,0,1
2729848,94352,1,1,0
2293048,94353,1,0,1
6500312,94354,1,0,1
465296,94355,1,1,0
182264,94356,1,1,0
1147992,94357,1,1,0
2044496,94358,1,1,0
7559656,94359,1,1,0
5835328,94360,1,0,1
434232,94361,1,0,1
5127392,94362,1,0,1
1719120,94363,1,1,0
7793512,94364,1,1,0
1768088,94365,1,1,0
230888,94366,1,1,0
6995920,94367,1,0,1
701568,94368,1,0,1
2688576,94369,1,1,0
7223888,94370,1,1,0
6802280,94371,1,1,0
1247712,94372,1,1,0
545496,94373,1,0,1
2181312,94374,1,1,0
4788632,94375,1,0,1
605120,94376,1,0,1
3646648,94377,1,1,0
1894568,94378,1,0,1
4801072,94379,1,1,0
1373944,94380,1,0,1
262792,94381,1,0,1
661272,94382,1,0,1
2864680,94383,1,0,1
4837552,94384,1,0,1
349496,94385,1,0,1
1426904,94386,1,1,0
5846576,94387,1,0,1
1128144,94388,1,1,0
3506544,94389,1,1,0
2317552,94390,1,0,1
7696656,94391,1,1,0
3176824,94392,1,0,1
1370096,94393,1,1,0
4627680,94394,1,1,0
677952,94395,1,1,0
809280,94396,1,1,0
805536,94397,1,0,1
7439592,94398,1,0,1
4368352,94399,1,1,0
2487784,94400,1,1,0
1743752,94401,1,0,1
8192264,94402,1,1,0
475848,94403,1,1,0
2298000,94404,1,1,0
3462776,94405,1,0,1
1436264,94406,1,1,0
4119064,94407,1,1,0
2144648,94408,1,0,1
6138152,94409,1,0,1
3547064,94410,1,0,1
6976376,94411,1,0,1
5013232,94412,1,0,1
1279472,94413,1,1,0
501976,94414,1,0,1
2422152,94415,1,0,1
6152728,94416,1,0,1
7138456,94417,1,0,1
4060024,94418,1,1,0
699080,94419,1,0,1
225144,94420,1,0,1
404920,94421,1,0,1
3232320,94422,1,1,0
2521792,94423,1,0,1
325824,94424,1,0,1
649816,94425,1,0,1
7402344,94426,1,1,0
261560,94427,1,0,1
598504,94428,1,0,1
1832656,94429,1,0,1
1668704,94430,1,1,0
8020480,94431,1,1,0
2126392,94432,1,1,0
453320,94433,1,0,1
2551840,94434,1,0,1
8003016,94435,1,1,0
5514320,94436,1,0,1
2090008,94437,1,1,0
7241672,94438,1,1,0
8250168,94439,1,0,1
2503768,94440,1,1,0
2003000,94441,1,1,0
360792,94442,1,1,0
7090568,94443,1,1,0
2444648,94444,1,0,1
288536,94445,1,1,0
1083544,94446,1,1,0
308984,94447,1,1,0
1802088,94448,1,1,0
141536,94449,1,0,1
3305408,94450,1,1,0
1870168,94451,1,1,0
7018608,94452,1,1,0
934016,94453,1,0,1
3589968,94454,1,1,0
3221496,94455,1,1,0
1589456,94456,1,1,0
1563688,94457,1,1,0
2557368,94458,1,0,1
1362216,94459,1,1,0
2443688,94460,1,0,1
3755864,94461,1,0,1
5995688,94462,1,1,0
351536,94463,1,1,0
694560,94464,1,0,1
1390688,94465,1,0,1
1788536,94466,1,1,0
332672,94467,1,1,0
3332808,94468,1,1,0
242104,94469,1,0,1
8018704,94470,1,1,0
420048,94471,1,0,1
3067472,94472,1,1,0
3296296,94473,1,0,1
2669240,94474,1,1,0
7607080,94475,1,0,1
7327272,94476,1,0,1
3216904,94477,1,0,1
1515712,94478,1,1,0
660184,94479,1,0,1
4584168,94480,1,0,1
3307968,94481,1,0,1
8384624,94482,1,0,1
3371224,94483,1,1,0
5560480,94484,1,1,0
5525096,94485,1,1,0
1827616,94486,1,1,0
1556208,94487,1,1,0
304504,94488,1,1,0
1574640,94489,1,0,1
1750776,94490,1,0,1
2966848,94491,1,0,1
1181856,94492,1,0,1
6162528,94493,1,1,0
2660296,94494,1,0,1
1659728,94495,1,1,0
1071592,94496,1,1,0
1948328,94497,1,1,0
3325464,94498,1,0,1
2111608,94499,1,1,0
7307624,94500,1,1,0
2503952,94501,1,0,1
324896,94502,1,1,0
3692456,94503,1,1,0
8269640,94504,1,1,0
879024,94505,1,1,0
3172544,94506,1,1,0
7452232,94507,1,0,1
706752,94508,1,0,1
1418520,94509,1,1,0
1675088,94510,1,0,1
366912,94511,1,1,0
1387544,94512,1,1,0
674488,94513,1,1,0
1615776,94514,1,0,1
2667592,94515,1,1,0
817624,94516,1,1,0
1959824,94517,1,0,1
4785776,94518,1,0,1
7015184,94519,1,1,0
475200,94520,1,0,1
720496,94521,1,1,0
283392,94522,1,0,1
2352400,94523,1,0,1
1399072,94524,1,0,1
5637088,94525,1,1,0
4742208,94526,1,1,0
7699000,94527,1,0,1
1046008,94528,1,0,1
3232368,94529,1,1,0
854744,94530,1,1,0
6092824,94531,1,1,0
1627624,94532,1,1,0
3381616,94533,1,1,0
3806944,94534,1,1,0
640008,94535,1,0,1
3239864,94536,1,0,1
6441992,94537,1,1,0
3452056,94538,1,0,1
4588904,94539,1,0,1
454824,94540,1,0,1
3351456,94541,1,1,0
4684368,94542,1,0,1
7199040,94543,1,0,1
889544,94544,1,1,0
881904,94545,1,1,0
3095056,94546,1,1,0
1933096,94547,1,1,0
940424,94548,1,0,1
473760,94549,1,1,0
1236824,94550,1,0,1
2626080,94551,1,0,1
5980696,94552,1,0,1
582152,94553,1,0,1
365744,94554,1,0,1
3708304,94555,1,1,0
1303640,94556,1,0,1
4711544,94557,1,0,1
4914680,94558,1,0,1
7189128,94559,1,0,1
2441168,94560,1,0,1
1156584,94561,1,0,1
5060600,94562,1,1,0
1702800,94563,1,0,1
2313000,94564,1,1,0
708880,94565,1,1,0
2924632,94566,1,0,1
1007584,94567,1,1,0
1291960,94568,1,0,1
5570904,94569,1,0,1
870912,94570,1,0,1
3549200,94571,1,1,0
4469792,94572,1,0,1
1890584,94573,1,1,0
996544,94574,1,1,0
4133440,94575,1,1,0
994304,94576,1,0,1
8334632,94577,1,0,1
2118544,94578,1,1,0
3016120,94579,1,1,0
4278672,94580,1,1,0
645024,94581,1,0,1
3498304,94582,1,0,1
1284672,94583,1,0,1
7393704,94584,1,0,1
777688,94585,1,1,0
3880800,94586,1,1,0
529176,94587,1,1,0
6761176,94588,1,0,1
6199632,94589,1,0,1
676312,94590,1,1,0
950040,94591,1,1,0
1340664,94592,1,1,0
6945520,94593,1,0,1
3062920,94594,1,1,0
2894808,94595,1,1,0
260416,94596,1,0,1
417304,94597,1,1,0
289184,94598,1,1,0
851800,94599,1,0,1
236632,94600,1,1,0
1746056,94601,1,0,1
7065400,94602,1,1,0
349328,94603,1,1,0
2577536,94604,1,1,0
3802040,94605,1,1,0
1521888,94606,1,1,0
1996584,94607,1,0,1
2669824,94608,1,0,1
556384,94609,1,1,0
2187448,94610,1,1,0
7302120,94611,1,0,1
294232,94612,1,1,0
1340216,94613,1,1,0
1286352,94614,1,1,0
3692424,94615,1,0,1
5847232,94616,1,0,1
318424,94617,1,0,1
2133808,94618,1,0,1
1766024,94619,1,0,1
7391968,94620,1,1,0
334792,94621,1,0,1
3923336,94622,1,1,0
950304,94623,1,0,1
240080,94624,1,1,0
693904,94625,1,1,0
4774848,94626,1,0,1
3665896,94627,1,1,0
4424496,94628,1,1,0
790080,94629,1,1,0
880744,94630,1,1,0
6476344,94631,1,0,1
701400,94632,1,0,1
456072,94633,1,0,1
4376976,94634,1,1,0
447960,94635,1,1,0
1044328,94636,1,1,0
1346856,94637,1,1,0
4934704,94638,1,1,0
4422720,94639,1,0,1
315432,94640,1,0,1
8246880,94641,1,1,0
1792160,94642,1,0,1
7172704,94643,1,0,1
331728,94644,1,0,1
419032,94645,1,0,1
5687832,94646,1,1,0
7886352,94647,1,0,1
850080,94648,1,0,1
162368,94649,1,0,1
938032,94650,1,1,0
2879632,94651,1,0,1
2430584,94652,1,1,0
821832,94653,1,0,1
736512,94654,1,1,0
4423328,94655,1,0,1
3671792,94656,1,0,1
887920,94657,1,1,0
7087104,94658,1,0,1
384376,94659,1,0,1
964168,94660,1,1,0
7251128,94661,1,1,0
2503704,94662,1,1,0
2632368,94663,1,0,1
8065904,94664,1,1,0
5370344,94665,1,0,1
2709864,94666,1,1,0
972984,94667,1,1,0
1346504,94668,1,1,0
172064,94669,1,0,1
1016448,94670,1,0,1
993120,94671,1,1,0
2065600,94672,1,0,1
7279896,94673,1,1,0
2950392,94674,1,0,1
4060648,94675,1,0,1
2075784,94676,1,1,0
1173688,94677,1,0,1
598296,94678,1,0,1
1741968,94679,1,0,1
2970560,94680,1,1,0
2987560,94681,1,0,1
4145320,94682,1,0,1
440568,94683,1,0,1
327744,94684,1,1,0
1000376,94685,1,0,1
522096,94686,1,0,1
514464,94687,1,1,0
282096,94688,1,0,1
696192,94689,1,0,1
1251496,94690,1,0,1
2562448,94691,1,0,1
5914256,94692,1,0,1
5727896,94693,1,1,0
3710352,94694,1,1,0
3236024,94695,1,1,0
256424,94696,1,1,0
552544,94697,1,1,0
6829928,94698,1,0,1
844920,94699,1,0,1
6186752,94700,1,1,0
466664,94701,1,0,1
1161968,94702,1,1,0
568280,94703,1,1,0
1832120,94704,1,0,1
2844816,94705,1,0,1
1257352,94706,1,0,1
7207544,94707,1,1,0
571392,94708,1,0,1
6792504,94709,1,0,1
414952,94710,1,1,0
629280,94711,1,0,1
389128,94712,1,0,1
4751368,94713,1,0,1
2813904,94714,1,1,0
5052928,94715,1,1,0
2850480,94716,1,0,1
3209912,94717,1,1,0
1042240,94718,1,1,0
5583824,94719,1,0,1
6289200,94720,1,0,1
1968880,94721,1,1,0
2189072,94722,1,1,0
1410104,94723,1,0,1
4376144,94724,1,1,0
4675376,94725,1,1,0
2253592,94726,1,0,1
1920600,94727,1,1,0
171176,94728,1,0,1
1115416,94729,1,0,1
4776048,94730,1,0,1
1199808,94731,1,0,1
1242840,94732,1,1,0
4189176,94733,1,0,1
6646232,94734,1,0,1
1133472,94735,1,1,0
1435688,94736,1,1,0
2375888,94737,1,1,0
453864,94738,1,0,1
2993688,94739,1,1,0
3223312,94740,1,1,0
3771136,94741,1,0,1
1078808,94742,1,0,1
8188232,94743,1,0,1
4896832,94744,1,1,0
1625568,94745,1,1,0
603136,94746,1,1,0
1305456,94747,1,0,1
2068544,94748,1,0,1
931448,94749,1,0,1
1178096,94750,1,1,0
3974520,94751,1,0,1
7491768,94752,1,0,1
1096576,94753,1,1,0
3516088,94754,1,1,0
2453112,94755,1,1,0
1692816,94756,1,1,0
3194136,94757,1,0,1
7127032,94758,1,1,0
1316624,94759,1,0,1
303664,94760,1,0,1
648592,94761,1,0,1
1443016,94762,1,1,0
2497616,94763,1,1,0
2940864,94764,1,1,0
613344,94765,1,0,1
4926736,94766,1,0,1
316096,94767,1,1,0
1263352,94768,1,0,1
1149480,94769,1,0,1
1720728,94770,1,0,1
3232360,94771,1,1,0
7543720,94772,1,1,0
1149744,94773,1,1,0
4161824,94774,1,0,1
3109264,94775,1,1,0
135760,94776,1,1,0
7591192,94777,1,1,0
1467560,94778,1,1,0
633880,94779,1,0,1
348984,94780,1,0,1
2059472,94781,1,0,1
7647048,94782,1,1,0
7291976,94783,1,1,0
8078544,94784,1,1,0
1440032,94785,1,1,0
1754472,94786,1,1,0
1687320,94787,1,0,1
5907344,94788,1,0,1
1019968,94789,1,1,0
2045816,94790,1,0,1
2789064,94791,1,0,1
419640,94792,1,1,0
2924104,94793,1,1,0
5485520,94794,1,1,0
7860192,94795,1,1,0
1457272,94796,1,1,0
4384392,94797,1,1,0
2905272,94798,1,1,0
722840,94799,1,0,1
3771992,94800,1,1,0
702744,94801,1,1,0
2614472,94802,1,1,0
3168640,94803,1,1,0
1178408,94804,1,1,0
1205000,94805,1,0,1
3107928,94806,1,0,1
282312,94807,1,0,1
345328,94808,1,1,0
3481344,94809,1,1,0
7274496,94810,1,1,0
1251072,94811,1,0,1
359872,94812,1,0,1
3355048,94813,1,1,0
3766152,94814,1,1,0
608504,94815,1,0,1
545192,94816,1,1,0
7674312,94817,1,1,0
2970104,94818,1,1,0
1140304,94819,1,0,1
2743616,94820,1,1,0
2962160,94821,1,0,1
741360,94822,1,0,1
2192800,94823,1,0,1
1262312,94824,1,0,1
3424664,94825,1,0,1
5282416,94826,1,1,0
4082040,94827,1,1,0
6237784,94828,1,1,0
3066272,94829,1,0,1
4222128,94830,1,0,1
1596296,94831,1,1,0
4420672,94832,1,1,0
4941544,94833,1,1,0
1000208,94834,1,0,1
3211040,94835,1,1,0
1541640,94836,1,1,0
461528,94837,1,0,1
1066536,94838,1,1,0
1292696,94839,1,1,0
4655368,94840,1,1,0
1897520,94841,1,0,1
1099448,94842,1,1,0
3769840,94843,1,0,1
2732040,94844,1,1,0
388680,94845,1,1,0
1790392,94846,1,1,0
7150040,94847,1,0,1
1144968,94848,1,0,1
3158664,94849,1,1,0
188064,94850,1,1,0
5552080,94851,1,1,0
3199664,94852,1,0,1
4619640,94853,1,1,0
3540112,94854,1,0,1
881864,94855,1,0,1
7183800,94856,1,1,0
5501160,94857,1,1,0
1182376,94858,1,0,1
2372248,94859,1,1,0
1971712,94860,1,0,1
277336,94861,1,0,1
5279872,94862,1,1,0
3279400,94863,1,0,1
5417344,94864,1,1,0
8308840,94865,1,0,1
1470184,94866,1,1,0
1030480,94867,1,0,1
1549416,94868,1,0,1
4053312,94869,1,1,0
99408,94870,1,0,1
8055912,94871,1,1,0
1226400,94872,1,0,1
6370440,94873,1,1,0
872728,94874,1,1,0
773608,94875,1,0,1
6671480,94876,1,0,1
465760,94877,1,1,0
2252888,94878,1,1,0
4981712,94879,1,1,0
3897224,94880,1,0,1
2940024,94881,1,1,0
256912,94882,1,0,1
6138072,94883,1,1,0
2154456,94884,1,1,0
3905736,94885,1,1,0
1932336,94886,1,0,1
6453560,94887,1,1,0
540120,94888,1,1,0
7940424,94889,1,0,1
407656,94890,1,0,1
1785464,94891,1,0,1
1928032,94892,1,1,0
638104,94893,1,0,1
6785432,94894,1,1,0
2852704,94895,1,0,1
1339640,94896,1,0,1
2543424,94897,1,0,1
2374912,94898,1,0,1
2645832,94899,1,1,0
2731976,94900,1,0,1
482976,94901,1,0,1
7776288,94902,1,0,1
237576,94903,1,1,0
2621536,94904,1,1,0
7746400,94905,1,0,1
8332976,94906,1,1,0
3969600,94907,1,0,1
3117064,94908,1,1,0
1868952,94909,1,0,1
2020608,94910,1,0,1
3585816,94911,1,0,1
3667320,94912,1,0,1
4287400,94913,1,0,1
4284144,94914,1,1,0
3305200,94915,1,0,1
6593848,94916,1,0,1
6499680,94917,1,1,0
5939424,94918,1,0,1
1491400,94919,1,1,0
4838392,94920,1,0,1
4774320,94921,1,1,0
4881736,94922,1,1,0
437800,94923,1,1,0
4449000,94924,1,0,1
1585928,94925,1,0,1
5951472,94926,1,0,1
669664,94927,1,1,0
1510856,94928,1,1,0
5610088,94929,1,1,0
2528128,94930,1,1,0
1467288,94931,1,1,0
769304,94932,1,0,1
2317120,94933,1,1,0
2631296,94934,1,1,0
364752,94935,1,1,0
1919920,94936,1,0,1
2043128,94937,1,1,0
624000,94938,1,0,1
3887152,94939,1,1,0
2974304,94940,1,0,1
2483208,94941,1,0,1
1107648,94942,1,1,0
850256,94943,1,1,0
1539928,94944,1,1,0
4728944,94945,1,0,1
3333264,94946,1,1,0
3359312,94947,1,1,0
2850568,94948,1,1,0
7664016,94949,1,1,0
3515896,94950,1,1,0
7812080,94951,1,0,1
5836304,94952,1,1,0
931712,94953,1,0,1
314680,94954,1,0,1
255976,94955,1,0,1
1432464,94956,1,1,0
2588184,94957,1,0,1
3129512,94958,1,0,1
1553872,94959,1,0,1
2296088,94960,1,1,0
2536824,94961,1,0,1
4810384,94962,1,1,0
3646856,94963,1,1,0
1165096,94964,1,0,1
4664392,94965,1,1,0
4948224,94966,1,0,1
4599808,94967,1,0,1
8220432,94968,1,1,0
1027032,94969,1,0,1
7307128,94970,1,1,0
4653512,94971,1,1,0
2944920,94972,1,1,0
4052224,94973,1,1,0
3545568,94974,1,0,1
4223536,94975,1,0,1
1260200,94976,1,1,0
965008,94977,1,1,0
6917608,94978,1,0,1
1784488,94979,1,1,0
2998360,94980,1,1,0
722416,94981,1,1,0
3043776,94982,1,0,1
817368,94983,1,1,0
2629584,94984,1,1,0
1555840,94985,1,0,1
385032,94986,1,0,1
4662120,94987,1,1,0
3441384,94988,1,1,0
3478576,94989,1,1,0
1840936,94990,1,1,0
380312,94991,1,0,1
2934824,94992,1,0,1
2447024,94993,1,1,0
692248,94994,1,1,0
921600,94995,1,1,0
1294328,94996,1,1,0
5805616,94997,1,1,0
6031184,94998,1,0,1
1001144,94999,1,1,0
1783392,95000,1,1,0
1587272,95001,1,0,1
4797984,95002,1,0,1
6075360,95003,1,0,1
259048,95004,1,1,0
1563408,95005,1,0,1
1326408,95006,1,1,0
6405520,95007,1,0,1
662072,95008,1,0,1
3559856,95009,1,1,0
150952,95010,1,0,1
1585920,95011,1,0,1
1579672,95012,1,1,0
2856840,95013,1,0,1
5662032,95014,1,1,0
4558128,95015,1,1,0
6853584,95016,1,0,1
4643952,95017,1,0,1
4942328,95018,1,1,0
293584,95019,1,1,0
580640,95020,1,1,0
299664,95021,1,0,1
5220016,95022,1,0,1
1400072,95023,1,1,0
4877320,95024,1,0,1
5535392,95025,1,0,1
652816,95026,1,1,0
3497232,95027,1,1,0
4808696,95028,1,1,0
7033008,95029,1,1,0
1200072,95030,1,1,0
3715744,95031,1,1,0
134416,95032,1,0,1
362424,95033,1,0,1
1634488,95034,1,0,1
1472392,95035,1,1,0
988280,95036,1,1,0
3148040,95037,1,1,0
487824,95038,1,1,0
1702440,95039,1,0,1
4689880,95040,1,1,0
2060304,95041,1,1,0
2495064,95042,1,0,1
1238104,95043,1,0,1
1877808,95044,1,1,0
934360,95045,1,1,0
1938152,95046,1,1,0
2992504,95047,1,0,1
1085016,95048,1,0,1
8281536,95049,1,0,1
1096240,95050,1,1,0
944272,95051,1,1,0
4955296,95052,1,0,1
1396112,95053,1,0,1
7565864,95054,1,1,0
2830072,95055,1,0,1
6086456,95056,1,0,1
7282016,95057,1,1,0
286512,95058,1,0,1
1715312,95059,1,1,0
1738672,95060,1,0,1
7183160,95061,1,1,0
2859344,95062,1,1,0
2889048,95063,1,0,1
4699128,95064,1,1,0
1285416,95065,1,1,0
4254128,95066,1,1,0
2070368,95067,1,0,1
2531672,95068,1,1,0
781440,95069,1,1,0
1801736,95070,1,1,0
1083656,95071,1,0,1
2747904,95072,1,1,0
3987432,95073,1,1,0
859224,95074,1,0,1
822752,95075,1,0,1
3481192,95076,1,1,0
1187704,95077,1,0,1
2417696,95078,1,1,0
2329240,95079,1,1,0
1224536,95080,1,0,1
402840,95081,1,1,0
2414984,95082,1,1,0
511160,95083,1,1,0
6033352,95084,1,1,0
4876056,95085,1,0,1
6517016,95086,1,1,0
122160,95087,1,1,0
1653096,95088,1,0,1
3501184,95089,1,0,1
5015648,95090,1,1,0
2276360,95091,1,1,0
6063200,95092,1,0,1
4446616,95093,1,0,1
1460680,95094,1,1,0
861160,95095,1,1,0
807464,95096,1,0,1
1081072,95097,1,1,0
1440232,95098,1,0,1
6659168,95099,1,0,1
2472272,95100,1,0,1
595264,95101,1,0,1
3304464,95102,1,0,1
6882256,95103,1,0,1
1759736,95104,1,1,0
4781696,95105,1,1,0
2830984,95106,1,0,1
1482680,95107,1,0,1
2802128,95108,1,0,1
731064,95109,1,0,1
1959960,95110,1,1,0
1508640,95111,1,1,0
4238696,95112,1,1,0
4125304,95113,1,0,1
1685368,95114,1,0,1
2182304,95115,1,0,1
3030472,95116,1,1,0
432568,95117,1,0,1
8235824,95118,1,1,0
3502600,95119,1,1,0
1359616,95120,1,1,0
3042000,95121,1,1,0
5194560,95122,1,1,0
1195992,95123,1,1,0
568640,95124,1,1,0
1819704,95125,1,0,1
6622960,95126,1,0,1
4420560,95127,1,0,1
3613416,95128,1,0,1
922856,95129,1,1,0
3726480,95130,1,0,1
248432,95131,1,0,1
693616,95132,1,1,0
8301544,95133,1,1,0
778472,95134,1,0,1
4750272,95135,1,0,1
4646544,95136,1,0,1
5504712,95137,1,0,1
1986912,95138,1,1,0
1482128,95139,1,0,1
1009576,95140,1,0,1
5215176,95141,1,0,1
565856,95142,1,0,1
740152,95143,1,1,0
1491752,95144,1,1,0
3977696,95145,1,0,1
341856,95146,1,1,0
1267120,95147,1,0,1
573304,95148,1,1,0
626984,95149,1,1,0
4077592,95150,1,0,1
2270320,95151,1,0,1
4471032,95152,1,1,0
6311888,95153,1,1,0
3556936,95154,1,1,0
2645416,95155,1,1,0
5750472,95156,1,1,0
3775184,95157,1,0,1
2790448,95158,1,0,1
4506256,95159,1,1,0
2541456,95160,1,1,0
7298560,95161,1,1,0
1061120,95162,1,0,1
2974576,95163,1,0,1
1446216,95164,1,0,1
100712,95165,1,1,0
163152,95166,1,0,1
3536328,95167,1,0,1
3721952,95168,1,0,1
2239736,95169,1,0,1
324992,95170,1,1,0
3340416,95171,1,0,1
377128,95172,1,0,1
1278928,95173,1,1,0
3955712,95174,1,1,0
356072,95175,1,0,1
458104,95176,1,1,0
3369752,95177,1,1,0
1275056,95178,1,0,1
859720,95179,1,1,0
7247352,95180,1,1,0
3118888,95181,1,1,0
579592,95182,1,1,0
4683800,95183,1,1,0
1118208,95184,1,0,1
2721200,95185,1,1,0
3265376,95186,1,1,0
2461200,95187,1,0,1
3350040,95188,1,1,0
7685536,95189,1,0,1
4186224,95190,1,0,1
4779408,95191,1,1,0
3823008,95192,1,0,1
6736312,95193,1,1,0
8281664,95194,1,0,1
787816,95195,1,1,0
1594808,95196,1,1,0
347896,95197,1,1,0
1529056,95198,1,0,1
330320,95199,1,0,1
5039760,95200,1,0,1
1422264,95201,1,1,0
6235288,95202,1,0,1
7247168,95203,1,1,0
4856056,95204,1,1,0
308808,95205,1,1,0
946240,95206,1,0,1
2534584,95207,1,0,1
2218488,95208,1,1,0
468224,95209,1,1,0
1003328,95210,1,1,0
4077408,95211,1,1,0
6157248,95212,1,1,0
4418528,95213,1,0,1
5888624,95214,1,0,1
512680,95215,1,0,1
5576640,95216,1,0,1
2072896,95217,1,0,1
2521576,95218,1,0,1
7358592,95219,1,1,0
460656,95220,1,1,0
7099560,95221,1,1,0
664016,95222,1,1,0
2830368,95223,1,0,1
3794784,95224,1,0,1
5913968,95225,1,1,0
4504632,95226,1,1,0
7273480,95227,1,0,1
5079312,95228,1,1,0
5342920,95229,1,1,0
4318456,95230,1,0,1
1667184,95231,1,0,1
1395712,95232,1,0,1
1215728,95233,1,0,1
2413216,95234,1,1,0
708824,95235,1,0,1
3199072,95236,1,1,0
3553544,95237,1,1,0
7675448,95238,1,0,1
1601128,95239,1,0,1
6892984,95240,1,0,1
3420760,95241,1,1,0
5333392,95242,1,0,1
8002576,95243,1,0,1
880536,95244,1,1,0
2312768,95245,1,0,1
339864,95246,1,0,1
360832,95247,1,1,0
674984,95248,1,0,1
2142480,95249,1,0,1
552328,95250,1,1,0
2587808,95251,1,1,0
1446864,95252,1,0,1
5666824,95253,1,0,1
1041320,95254,1,0,1
551912,95255,1,1,0
2584904,95256,1,1,0
169616,95257,1,1,0
3316360,95258,1,1,0
2117848,95259,1,1,0
975960,95260,1,0,1
967008,95261,1,0,1
8269360,95262,1,0,1
4948240,95263,1,1,0
1629376,95264,1,0,1
1367512,95265,1,0,1
4132128,95266,1,0,1
730008,95267,1,0,1
5011024,95268,1,1,0
6818184,95269,1,1,0
505048,95270,1,1,0
501832,95271,1,0,1
4569336,95272,1,0,1
7145416,95273,1,1,0
2967704,95274,1,0,1
1282944,95275,1,1,0
1550056,95276,1,0,1
411592,95277,1,1,0
1027224,95278,1,0,1
3614152,95279,1,1,0
2692808,95280,1,0,1
601920,95281,1,1,0
531632,95282,1,1,0
411112,95283,1,0,1
582056,95284,1,1,0
1376696,95285,1,0,1
3279256,95286,1,0,1
8386848,95287,1,0,1
1176104,95288,1,1,0
776728,95289,1,0,1
6587536,95290,1,0,1
4001608,95291,1,1,0
1515024,95292,1,1,0
138480,95293,1,1,0
414016,95294,1,1,0
3472408,95295,1,0,1
4175592,95296,1,1,0
6415624,95297,1,1,0
2569880,95298,1,1,0
7162568,95299,1,1,0
4885376,95300,1,1,0
1125504,95301,1,1,0
7896320,95302,1,0,1
1336296,95303,1,0,1
2837288,95304,1,0,1
7083256,95305,1,1,0
6931488,95306,1,0,1
8284280,95307,1,0,1
1776984,95308,1,1,0
412192,95309,1,1,0
549696,95310,1,1,0
1075312,95311,1,0,1
412248,95312,1,0,1
6144528,95313,1,0,1
1219112,95314,1,1,0
1780336,95315,1,1,0
7960536,95316,1,1,0
1243856,95317,1,0,1
4995376,95318,1,0,1
806728,95319,1,0,1
1912536,95320,1,0,1
1748984,95321,1,1,0
588064,95322,1,0,1
127280,95323,1,0,1
478392,95324,1,0,1
1438168,95325,1,0,1
2082704,95326,1,0,1
1116768,95327,1,1,0
2420704,95328,1,0,1
856016,95329,1,0,1
670656,95330,1,1,0
303488,95331,1,1,0
5785984,95332,1,0,1
123152,95333,1,1,0
6052336,95334,1,0,1
1628160,95335,1,0,1
1761760,95336,1,1,0
808032,95337,1,1,0
1108032,95338,1,0,1
3380096,95339,1,0,1
3491224,95340,1,0,1
559600,95341,1,0,1
725032,95342,1,1,0
777440,95343,1,1,0
1395320,95344,1,1,0
5941760,95345,1,0,1
4159224,95346,1,1,0
6258608,95347,1,0,1
6734784,95348,1,0,1
86840,95349,1,1,0
466328,95350,1,1,0
484000,95351,1,0,1
5671744,95352,1,0,1
2443264,95353,1,1,0
7495424,95354,1,0,1
4174368,95355,1,1,0
1722328,95356,1,0,1
1082040,95357,1,0,1
1529304,95358,1,1,0
2221280,95359,1,1,0
795488,95360,1,0,1
2431104,95361,1,1,0
2455472,95362,1,1,0
576496,95363,1,0,1
2718592,95364,1,1,0
839976,95365,1,1,0
3273520,95366,1,0,1
6503608,95367,1,0,1
2678192,95368,1,0,1
2505344,95369,1,0,1
673872,95370,1,0,1
3375800,95371,1,0,1
160088,95372,1,0,1
340568,95373,1,1,0
5656432,95374,1,0,1
1808616,95375,1,0,1
4024624,95376,1,0,1
1994248,95377,1,1,0
2563672,95378,1,0,1
2110344,95379,1,1,0
848432,95380,1,0,1
591208,95381,1,0,1
502624,95382,1,0,1
933304,95383,1,1,0
3628992,95384,1,1,0
4806176,95385,1,0,1
625208,95386,1,0,1
1201696,95387,1,0,1
6014960,95388,1,0,1
2012704,95389,1,1,0
4076664,95390,1,0,1
1854712,95391,1,0,1
5230152,95392,1,1,0
2678144,95393,1,0,1
352152,95394,1,1,0
418816,95395,1,0,1
844232,95396,1,0,1
1806688,95397,1,1,0
7761712,95398,1,1,0
4242880,95399,1,0,1
1797088,95400,1,1,0
7871656,95401,1,1,0
4653152,95402,1,1,0
5899296,95403,1,0,1
4799488,95404,1,0,1
1020848,95405,1,0,1
4259128,95406,1,0,1
7202104,95407,1,0,1
253072,95408,1,0,1
7720336,95409,1,1,0
1235896,95410,1,0,1
2589200,95411,1,1,0
2598480,95412,1,0,1
2669480,95413,1,1,0
1853432,95414,1,0,1
1931448,95415,1,1,0
529296,95416,1,1,0
2129048,95417,1,1,0
6322128,95418,1,1,0
6839728,95419,1,1,0
1619440,95420,1,1,0
2125648,95421,1,0,1
289648,95422,1,0,1
885832,95423,1,1,0
1218144,95424,1,1,0
268224,95425,1,0,1
546920,95426,1,0,1
724256,95427,1,1,0
1158560,95428,1,0,1
1373992,95429,1,0,1
5487960,95430,1,0,1
5910608,95431,1,0,1
1501536,95432,1,0,1
4465096,95433,1,1,0
2438240,95434,1,1,0
404392,95435,1,1,0
5110928,95436,1,1,0
6553200,95437,1,1,0
1714096,95438,1,0,1
5543600,95439,1,1,0
248864,95440,1,1,0
603776,95441,1,0,1
2189432,95442,1,1,0
571872,95443,1,1,0
280560,95444,1,0,1
1958960,95445,1,1,0
372552,95446,1,1,0
6639920,95447,1,0,1
3113560,95448,1,1,0
5509424,95449,1,1,0
424176,95450,1,0,1
2934696,95451,1,0,1
2878752,95452,1,1,0
1187312,95453,1,0,1
2636576,95454,1,0,1
1638600,95455,1,1,0
159720,95456,1,0,1
450312,95457,1,0,1
1011880,95458,1,1,0
620544,95459,1,0,1
630768,95460,1,0,1
7999200,95461,1,1,0
2532544,95462,1,1,0
662088,95463,1,1,0
3906728,95464,1,0,1
5918848,95465,1,0,1
2115904,95466,1,1,0
3787072,95467,1,1,0
5163384,95468,1,1,0
393672,95469,1,0,1
1205888,95470,1,0,1
435112,95471,1,1,0
462192,95472,1,0,1
5411632,95473,1,0,1
1421344,95474,1,1,0
826240,95475,1,1,0
782824,95476,1,1,0
388584,95477,1,0,1
5658744,95478,1,0,1
2247376,95479,1,0,1
4117936,95480,1,0,1
690728,95481,1,1,0
591080,95482,1,0,1
4650160,95483,1,1,0
7522344,95484,1,1,0
4945776,95485,1,0,1
853944,95486,1,1,0
799464,95487,1,0,1
5376024,95488,1,0,1
292440,95489,1,1,0
1061264,95490,1,1,0
1471008,95491,1,0,1
2149944,95492,1,1,0
2762640,95493,1,1,0
79632,95494,1,1,0
4557016,95495,1,1,0
1252296,95496,1,1,0
2390712,95497,1,1,0
3219528,95498,1,1,0
1408872,95499,1,1,0
4633128,95500,1,1,0
6081344,95501,1,1,0
2127136,95502,1,1,0
4131120,95503,1,1,0
527576,95504,1,1,0
542408,95505,1,1,0
1264504,95506,1,0,1
6030024,95507,1,1,0
518800,95508,1,1,0
163264,95509,1,1,0
2421536,95510,1,1,0
763248,95511,1,1,0
2666888,95512,1,1,0
3603344,95513,1,1,0
1508696,95514,1,0,1
2047048,95515,1,1,0
2641368,95516,1,0,1
6757008,95517,1,1,0
2154112,95518,1,0,1
702784,95519,1,0,1
2926032,95520,1,1,0
1433008,95521,1,0,1
522128,95522,1,1,0
1183728,95523,1,1,0
3225928,95524,1,1,0
214592,95525,1,1,0
3801120,95526,1,0,1
5829336,95527,1,0,1
7664328,95528,1,1,0
314608,95529,1,0,1
3242520,95530,1,0,1
4648040,95531,1,1,0
2248432,95532,1,0,1
256496,95533,1,0,1
1804840,95534,1,1,0
1388104,95535,1,0,1
7168664,95536,1,0,1
1792072,95537,1,0,1
3152448,95538,1,1,0
1513296,95539,1,1,0
1488632,95540,1,1,0
2062352,95541,1,0,1
6223128,95542,1,0,1
2239896,95543,1,0,1
2548824,95544,1,0,1
462736,95545,1,0,1
3895848,95546,1,1,0
1674008,95547,1,0,1
2628016,95548,1,0,1
1368616,95549,1,0,1
1055656,95550,1,0,1
649912,95551,1,1,0
281448,95552,1,1,0
163056,95553,1,1,0
162328,95554,1,0,1
1070168,95555,1,0,1
2670792,95556,1,0,1
2206008,95557,1,0,1
7259248,95558,1,1,0
2953712,95559,1,0,1
4033968,95560,1,1,0
691888,95561,1,0,1
2614240,95562,1,1,0
471816,95563,1,1,0
206496,95564,1,1,0
8170208,95565,1,0,1
5810896,95566,1,0,1
5182488,95567,1,0,1
3068632,95568,1,0,1
6581456,95569,1,0,1
963568,95570,1,0,1
8327176,95571,1,1,0
783136,95572,1,1,0
5832000,95573,1,0,1
4374040,95574,1,1,0
5227584,95575,1,1,0
3497208,95576,1,1,0
3508368,95577,1,0,1
4164240,95578,1,1,0
126136,95579,1,1,0
258800,95580,1,0,1
5696024,95581,1,1,0
3199712,95582,1,1,0
2518448,95583,1,1,0
621280,95584,1,1,0
3027712,95585,1,0,1
4186032,95586,1,0,1
8294272,95587,1,0,1
247824,95588,1,0,1
4844856,95589,1,1,0
2097416,95590,1,1,0
1146288,95591,1,1,0
247528,95592,1,1,0
7346696,95593,1,1,0
2548800,95594,1,0,1
4392728,95595,1,1,0
288256,95596,1,0,1
2387184,95597,1,0,1
765448,95598,1,0,1
575504,95599,1,1,0
513160,95600,1,1,0
7009376,95601,1,0,1
447120,95602,1,1,0
184104,95603,1,1,0
335512,95604,1,0,1
3715896,95605,1,0,1
1236960,95606,1,0,1
1108024,95607,1,1,0
2767936,95608,1,1,0
1593256,95609,1,0,1
4187712,95610,1,0,1
3956032,95611,1,0,1
702360,95612,1,0,1
4478144,95613,1,0,1
1995592,95614,1,1,0
6819368,95615,1,0,1
533080,95616,1,1,0
289808,95617,1,0,1
8085952,95618,1,1,0
970360,95619,1,1,0
5428584,95620,1,1,0
1971384,95621,1,1,0
7401160,95622,1,0,1
1691560,95623,1,0,1
3841032,95624,1,1,0
934136,95625,1,0,1
998384,95626,1,1,0
578992,95627,1,1,0
1039960,95628,1,0,1
4865128,95629,1,0,1
809176,95630,1,1,0
2761504,95631,1,0,1
3732616,95632,1,0,1
1701520,95633,1,1,0
8217592,95634,1,1,0
548048,95635,1,0,1
5105112,95636,1,1,0
1555512,95637,1,1,0
692432,95638,1,1,0
4504832,95639,1,0,1
627400,95640,1,0,1
910728,95641,1,0,1
1626160,95642,1,0,1
1750488,95643,1,1,0
1589576,95644,1,0,1
2929592,95645,1,1,0
7065536,95646,1,0,1
2156384,95647,1,1,0
546144,95648,1,1,0
793048,95649,1,0,1
1390680,95650,1,1,0
8253768,95651,1,0,1
7604352,95652,1,0,1
2033344,95653,1,1,0
301240,95654,1,0,1
7452648,95655,1,1,0
6680512,95656,1,1,0
2783504,95657,1,0,1
2139832,95658,1,1,0
270064,95659,1,1,0
2855728,95660,1,0,1
305584,95661,1,0,1
244384,95662,1,1,0
218160,95663,1,0,1
7570280,95664,1,0,1
2303152,95665,1,1,0
1372880,95666,1,0,1
6915080,95667,1,0,1
1112808,95668,1,0,1
174856,95669,1,0,1
2338864,95670,1,1,0
6541368,95671,1,0,1
4909392,95672,1,1,0
4209816,95673,1,0,1
3919960,95674,1,0,1
7683624,95675,1,1,0
7706752,95676,1,0,1
6691872,95677,1,0,1
2284840,95678,1,1,0
630832,95679,1,1,0
7229048,95680,1,1,0
73096,95681,1,0,1
7090952,95682,1,1,0
472256,95683,1,1,0
2041640,95684,1,1,0
1676848,95685,1,1,0
6341392,95686,1,1,0
7943968,95687,1,0,1
1000496,95688,1,1,0
4165536,95689,1,1,0
3756776,95690,1,1,0
2078040,95691,1,0,1
545352,95692,1,0,1
1893248,95693,1,1,0
2361720,95694,1,0,1
6146736,95695,1,0,1
697112,95696,1,1,0
7275736,95697,1,1,0
5306768,95698,1,0,1
5611776,95699,1,1,0
1019712,95700,1,1,0
5493648,95701,1,1,0
1348688,95702,1,0,1
2986576,95703,1,0,1
1166504,95704,1,0,1
4321288,95705,1,1,0
3638432,95706,1,0,1
1743256,95707,1,1,0
4864536,95708,1,1,0
529880,95709,1,1,0
307464,95710,1,0,1
8262944,95711,1,1,0
7523296,95712,1,1,0
3219704,95713,1,0,1
4726496,95714,1,0,1
1609912,95715,1,0,1
2053688,95716,1,0,1
2224912,95717,1,0,1
2801544,95718,1,0,1
1770616,95719,1,1,0
3967592,95720,1,1,0
1742872,95721,1,1,0
974624,95722,1,0,1
2349480,95723,1,0,1
500592,95724,1,1,0
6734872,95725,1,0,1
8127016,95726,1,0,1
7302416,95727,1,1,0
925000,95728,1,1,0
5837072,95729,1,1,0
4065288,95730,1,1,0
8076784,95731,1,0,1
5029720,95732,1,0,1
1100304,95733,1,1,0
5995904,95734,1,0,1
6066144,95735,1,1,0
7057696,95736,1,1,0
1851440,95737,1,0,1
6736344,95738,1,0,1
2068632,95739,1,1,0
3451520,95740,1,0,1
4731840,95741,1,0,1
1870472,95742,1,0,1
2212944,95743,1,0,1
989080,95744,1,1,0
1074760,95745,1,0,1
2298552,95746,1,1,0
607832,95747,1,1,0
1818008,95748,1,0,1
989288,95749,1,1,0
5354152,95750,1,0,1
1107056,95751,1,1,0
3303104,95752,1,0,1
1438712,95753,1,1,0
1687248,95754,1,0,1
374640,95755,1,0,1
4182936,95756,1,1,0
1771424,95757,1,1,0
1688016,95758,1,1,0
718784,95759,1,0,1
6395752,95760,1,0,1
7574576,95761,1,1,0
5027320,95762,1,1,0
412776,95763,1,1,0
1090624,95764,1,0,1
1053936,95765,1,0,1
791880,95766,1,1,0
6806144,95767,1,1,0
4441088,95768,1,0,1
2032184,95769,1,1,0
7631664,95770,1,0,1
1263296,95771,1,0,1
2398960,95772,1,0,1
2791592,95773,1,1,0
157296,95774,1,0,1
1124192,95775,1,1,0
5543888,95776,1,1,0
5786168,95777,1,0,1
5719608,95778,1,1,0
637944,95779,1,1,0
2219664,95780,1,0,1
1204704,95781,1,0,1
1277224,95782,1,0,1
2089048,95783,1,1,0
3570512,95784,1,1,0
6403456,95785,1,1,0
3910672,95786,1,0,1
604256,95787,1,0,1
250888,95788,1,0,1
1047824,95789,1,1,0
2658128,95790,1,1,0
2669760,95791,1,1,0
4005200,95792,1,0,1
4298768,95793,1,0,1
447464,95794,1,1,0
5646488,95795,1,1,0
229616,95796,1,0,1
622696,95797,1,0,1
2109312,95798,1,1,0
6580896,95799,1,1,0
804672,95800,1,1,0
1281656,95801,1,1,0
2252864,95802,1,1,0
443896,95803,1,1,0
2577080,95804,1,1,0
1017048,95805,1,0,1
340376,95806,1,1,0
850696,95807,1,0,1
2364696,95808,1,1,0
2658544,95809,1,0,1
5816968,95810,1,1,0
5397224,95811,1,0,1
832920,95812,1,0,1
4533328,95813,1,1,0
5127504,95814,1,1,0
1875000,95815,1,0,1
276552,95816,1,1,0
1506320,95817,1,0,1
5593424,95818,1,1,0
3719832,95819,1,1,0
134392,95820,1,1,0
6421024,95821,1,0,1
1980344,95822,1,1,0
191656,95823,1,1,0
4471464,95824,1,0,1
7392232,95825,1,0,1
649824,95826,1,0,1
1334960,95827,1,1,0
616520,95828,1,1,0
333240,95829,1,1,0
3422104,95830,1,0,1
5549960,95831,1,0,1
5038776,95832,1,0,1
5421792,95833,1,0,1
304624,95834,1,0,1
609864,95835,1,1,0
6509808,95836,1,1,0
4541824,95837,1,0,1
1829920,95838,1,0,1
592288,95839,1,0,1
2826280,95840,1,0,1
949744,95841,1,1,0
6041632,95842,1,0,1
1973336,95843,1,1,0
8011192,95844,1,1,0
6760992,95845,1,1,0
5928184,95846,1,1,0
6237184,95847,1,0,1
1113008,95848,1,1,0
343656,95849,1,0,1
3610792,95850,1,1,0
4431256,95851,1,1,0
4087040,95852,1,0,1
4743672,95853,1,0,1
1602168,95854,1,1,0
796776,95855,1,1,0
1158984,95856,1,1,0
398608,95857,1,1,0
4994592,95858,1,1,0
6620488,95859,1,1,0
7648160,95860,1,1,0
3972520,95861,1,1,0
1404744,95862,1,0,1
2210120,95863,1,1,0
4793896,95864,1,1,0
2107336,95865,1,0,1
4414560,95866,1,0,1
4250784,95867,1,1,0
2682480,95868,1,0,1
1570904,95869,1,0,1
1123984,95870,1,1,0
491328,95871,1,1,0
4504880,95872,1,0,1
329584,95873,1,1,0
2087704,95874,1,1,0
6574528,95875,1,1,0
3815888,95876,1,1,0
6285472,95877,1,0,1
2056016,95878,1,0,1
928880,95879,1,0,1
728648,95880,1,1,0
3822232,95881,1,1,0
109872,95882,1,1,0
5031960,95883,1,0,1
1323040,95884,1,0,1
3941032,95885,1,0,1
5746328,95886,1,0,1
562440,95887,1,1,0
5793024,95888,1,0,1
2926264,95889,1,0,1
2177552,95890,1,1,0
177864,95891,1,0,1
5028608,95892,1,0,1
475536,95893,1,1,0
1278144,95894,1,1,0
2829216,95895,1,0,1
662296,95896,1,1,0
241976,95897,1,0,1
7380752,95898,1,0,1
1977536,95899,1,0,1
2520464,95900,1,1,0
2311224,95901,1,1,0
343136,95902,1,0,1
2149456,95903,1,1,0
912904,95904,1,0,1
1416696,95905,1,1,0
4198392,95906,1,1,0
5203656,95907,1,0,1
3643408,95908,1,0,1
4360488,95909,1,1,0
4620304,95910,1,0,1
4809752,95911,1,1,0
1968184,95912,1,0,1
4154680,95913,1,0,1
1632720,95914,1,1,0
264552,95915,1,0,1
1121128,95916,1,0,1
1559440,95917,1,1,0
5510096,95918,1,0,1
6898872,95919,1,1,0
178528,95920,1,1,0
473848,95921,1,1,0
5300872,95922,1,1,0
855552,95923,1,1,0
678936,95924,1,1,0
663888,95925,1,0,1
6380128,95926,1,0,1
1830336,95927,1,0,1
828888,95928,1,1,0
154472,95929,1,1,0
1002488,95930,1,1,0
1002784,95931,1,0,1
7902752,95932,1,1,0
1039760,95933,1,1,0
553320,95934,1,1,0
2538856,95935,1,0,1
682784,95936,1,1,0
6372064,95937,1,0,1
7701960,95938,1,1,0
6147888,95939,1,1,0
2698496,95940,1,0,1
1016424,95941,1,1,0
4537448,95942,1,1,0
1524128,95943,1,0,1
265192,95944,1,1,0
7873768,95945,1,0,1
5973792,95946,1,0,1
3238096,95947,1,0,1
3216832,95948,1,0,1
2154624,95949,1,0,1
2112880,95950,1,0,1
2797968,95951,1,1,0
5048960,95952,1,1,0
142144,95953,1,1,0
7969352,95954,1,1,0
349064,95955,1,1,0
304888,95956,1,1,0
1748672,95957,1,0,1
2297600,95958,1,0,1
2856224,95959,1,0,1
4936904,95960,1,0,1
6293920,95961,1,0,1
1465768,95962,1,0,1
1233432,95963,1,1,0
877416,95964,1,0,1
6493184,95965,1,0,1
6186128,95966,1,0,1
441008,95967,1,1,0
6830520,95968,1,0,1
4207624,95969,1,0,1
8290192,95970,1,1,0
7239624,95971,1,0,1
690864,95972,1,0,1
5362928,95973,1,0,1
1880736,95974,1,1,0
3043792,95975,1,1,0
2933736,95976,1,1,0
1673472,95977,1,0,1
7371928,95978,1,1,0
4420008,95979,1,0,1
1001216,95980,1,1,0
2974352,95981,1,0,1
571728,95982,1,1,0
1022032,95983,1,1,0
4434928,95984,1,0,1
412496,95985,1,1,0
3622416,95986,1,0,1
138408,95987,1,1,0
3994176,95988,1,1,0
931552,95989,1,0,1
2162456,95990,1,0,1
2535472,95991,1,1,0
5118904,95992,1,0,1
255336,95993,1,0,1
7427568,95994,1,0,1
4786040,95995,1,1,0
4173552,95996,1,1,0
5809928,95997,1,0,1
5589984,95998,1,1,0
5174792,95999,1,0,1
914648,96000,1,1,0
3984784,96001,1,1,0
2142368,96002,1,0,1
7704736,96003,1,0,1
3071248,96004,1,1,0
286024,96005,1,1,0
7187840,96006,1,0,1
829248,96007,1,1,0
5981432,96008,1,1,0
1708240,96009,1,1,0
4616096,96010,1,0,1
5855816,96011,1,0,1
2974512,96012,1,1,0
3093096,96013,1,1,0
1397904,96014,1,1,0
2917088,96015,1,0,1
626296,96016,1,1,0
2117328,96017,1,1,0
3806720,96018,1,1,0
4314480,96019,1,0,1
990624,96020,1,0,1
5297032,96021,1,1,0
6377504,96022,1,1,0
2020112,96023,1,1,0
2027768,96024,1,0,1
5050704,96025,1,0,1
1065408,96026,1,0,1
5475784,96027,1,1,0
2563952,96028,1,1,0
1142912,96029,1,1,0
682832,96030,1,0,1
3188848,96031,1,1,0
3414504,96032,1,1,0
2306784,96033,1,1,0
2087952,96034,1,0,1
790544,96035,1,1,0
4081464,96036,1,0,1
4740000,96037,1,0,1
6785960,96038,1,0,1
5116496,96039,1,0,1
4858896,96040,1,0,1
2613696,96041,1,1,0
7207384,96042,1,0,1
754808,96043,1,0,1
1889320,96044,1,1,0
1953680,96045,1,0,1
530104,96046,1,0,1
869128,96047,1,0,1
473232,96048,1,0,1
231920,96049,1,1,0
1482560,96050,1,0,1
758344,96051,1,1,0
4963776,96052,1,1,0
1332144,96053,1,0,1
7521800,96054,1,1,0
2638464,96055,1,0,1
366216,96056,1,1,0
5784376,96057,1,0,1
4636976,96058,1,1,0
151952,96059,1,0,1
7779960,96060,1,0,1
7595344,96061,1,1,0
1420256,96062,1,1,0
977016,96063,1,0,1
612064,96064,1,1,0
1041496,96065,1,0,1
363816,96066,1,0,1
413688,96067,1,1,0
6658872,96068,1,0,1
4602856,96069,1,1,0
6865728,96070,1,1,0
924056,96071,1,1,0
1449312,96072,1,0,1
4349632,96073,1,1,0
5170400,96074,1,1,0
1301552,96075,1,0,1
8037496,96076,1,1,0
2277456,96077,1,0,1
104648,96078,1,0,1
1931504,96079,1,1,0
175808,96080,1,1,0
1729256,96081,1,0,1
1468360,96082,1,1,0
602264,96083,1,0,1
3849512,96084,1,0,1
2191496,96085,1,0,1
2288296,96086,1,0,1
321888,96087,1,1,0
2953064,96088,1,0,1
3897304,96089,1,1,0
7093728,96090,1,0,1
8331568,96091,1,1,0
1004552,96092,1,0,1
1487792,96093,1,1,0
3920784,96094,1,0,1
6699568,96095,1,0,1
3376648,96096,1,1,0
1489824,96097,1,1,0
199272,96098,1,1,0
8068872,96099,1,1,0
7249080,96100,1,0,1
208808,96101,1,0,1
6391760,96102,1,1,0
3491960,96103,1,0,1
2042264,96104,1,1,0
7352472,96105,1,1,0
1007176,96106,1,0,1
2528544,96107,1,1,0
888808,96108,1,1,0
2727176,96109,1,0,1
747800,96110,1,1,0
277432,96111,1,0,1
626560,96112,1,0,1
1013696,96113,1,1,0
311120,96114,1,0,1
3497440,96115,1,1,0
1386456,96116,1,0,1
5227392,96117,1,0,1
2304344,96118,1,0,1
3536728,96119,1,0,1
7108920,96120,1,1,0
689392,96121,1,1,0
3025024,96122,1,1,0
5062536,96123,1,1,0
501824,96124,1,1,0
680248,96125,1,0,1
2653120,96126,1,0,1
323576,96127,1,1,0
1094144,96128,1,1,0
589848,96129,1,0,1
7348504,96130,1,0,1
7550256,96131,1,1,0
2112304,96132,1,0,1
2019080,96133,1,0,1
98576,96134,1,1,0
491016,96135,1,1,0
6607600,96136,1,1,0
5066312,96137,1,0,1
705760,96138,1,1,0
5432904,96139,1,1,0
1901304,96140,1,0,1
4998800,96141,1,1,0
793152,96142,1,0,1
2046840,96143,1,1,0
6218176,96144,1,1,0
1910976,96145,1,1,0
978784,96146,1,0,1
943664,96147,1,0,1
2914656,96148,1,0,1
1265152,96149,1,1,0
2480472,96150,1,1,0
230232,96151,1,0,1
556632,96152,1,1,0
8283992,96153,1,1,0
5191256,96154,1,0,1
1036856,96155,1,1,0
916808,96156,1,0,1
325384,96157,1,1,0
1591992,96158,1,0,1
5437432,96159,1,1,0
7365584,96160,1,1,0
3242048,96161,1,0,1
369328,96162,1,1,0
3189280,96163,1,0,1
6685416,96164,1,1,0
6824856,96165,1,0,1
460968,96166,1,1,0
620264,96167,1,1,0
1304880,96168,1,0,1
574888,96169,1,0,1
917264,96170,1,0,1
8001712,96171,1,1,0
5515024,96172,1,0,1
680072,96173,1,0,1
740664,96174,1,0,1
2960904,96175,1,0,1
4576920,96176,1,1,0
4241600,96177,1,0,1
2184128,96178,1,1,0
1918272,96179,1,1,0
5871112,96180,1,0,1
3799376,96181,1,1,0
4420248,96182,1,0,1
5547240,96183,1,1,0
2451168,96184,1,0,1
3498984,96185,1,1,0
1913288,96186,1,1,0
1020384,96187,1,0,1
4209576,96188,1,1,0
4974136,96189,1,1,0
8295112,96190,1,1,0
616232,96191,1,0,1
3249200,96192,1,1,0
7094952,96193,1,1,0
7591456,96194,1,0,1
1394728,96195,1,1,0
1204904,96196,1,0,1
421128,96197,1,0,1
5060464,96198,1,1,0
5765704,96199,1,0,1
1075144,96200,1,0,1
2232264,96201,1,1,0
3276608,96202,1,0,1
433944,96203,1,1,0
3186296,96204,1,1,0
4127768,96205,1,0,1
7018400,96206,1,1,0
3667736,96207,1,0,1
578368,96208,1,1,0
324776,96209,1,1,0
1442552,96210,1,1,0
5283056,96211,1,0,1
1252344,96212,1,0,1
2445024,96213,1,1,0
6886864,96214,1,0,1
602944,96215,1,1,0
2014288,96216,1,1,0
3441896,96217,1,0,1
1482848,96218,1,0,1
484504,96219,1,1,0
934584,96220,1,0,1
5497976,96221,1,0,1
1831176,96222,1,0,1
3358432,96223,1,1,0
3689512,96224,1,0,1
1215456,96225,1,0,1
457936,96226,1,1,0
6543888,96227,1,0,1
3243992,96228,1,0,1
4850240,96229,1,0,1
398056,96230,1,1,0
1765776,96231,1,1,0
7191264,96232,1,1,0
5662472,96233,1,1,0
3946352,96234,1,0,1
2899552,96235,1,1,0
4122992,96236,1,0,1
5241640,96237,1,0,1
4398592,96238,1,1,0
4393704,96239,1,0,1
3693704,96240,1,1,0
4138416,96241,1,0,1
2782272,96242,1,1,0
1525352,96243,1,0,1
7369384,96244,1,1,0
3332344,96245,1,0,1
5697496,96246,1,1,0
4000528,96247,1,0,1
1114120,96248,1,0,1
1369472,96249,1,0,1
3280264,96250,1,0,1
654408,96251,1,0,1
6139408,96252,1,1,0
4553144,96253,1,1,0
1422464,96254,1,0,1
605544,96255,1,0,1
792472,96256,1,1,0
222408,96257,1,1,0
3690960,96258,1,0,1
5205192,96259,1,1,0
2110408,96260,1,1,0
5260368,96261,1,1,0
7657832,96262,1,1,0
531920,96263,1,0,1
193224,96264,1,0,1
2013824,96265,1,1,0
4505096,96266,1,0,1
3217744,96267,1,0,1
5092024,96268,1,1,0
509152,96269,1,0,1
791304,96270,1,1,0
7229928,96271,1,0,1
7436384,96272,1,0,1
735832,96273,1,1,0
2467512,96274,1,1,0
3950968,96275,1,0,1
171800,96276,1,0,1
366984,96277,1,0,1
4724768,96278,1,1,0
4800336,96279,1,0,1
767056,96280,1,0,1
3174496,96281,1,0,1
2133576,96282,1,0,1
393064,96283,1,1,0
3380696,96284,1,0,1
7848576,96285,1,1,0
2931240,96286,1,1,0
3232960,96287,1,0,1
4722232,96288,1,1,0
2131368,96289,1,1,0
2478592,96290,1,1,0
2031128,96291,1,1,0
860696,96292,1,0,1
7088232,96293,1,0,1
1889392,96294,1,0,1
2508424,96295,1,1,0
3512664,96296,1,0,1
348248,96297,1,1,0
1107312,96298,1,1,0
4094240,96299,1,0,1
1231888,96300,1,1,0
7867744,96301,1,0,1
706760,96302,1,0,1
3598928,96303,1,1,0
1291992,96304,1,0,1
2604544,96305,1,1,0
2948360,96306,1,0,1
1307632,96307,1,0,1
1667376,96308,1,1,0
3705624,96309,1,1,0
1475080,96310,1,1,0
5848696,96311,1,0,1
3498712,96312,1,1,0
261832,96313,1,1,0
3000528,96314,1,0,1
2178008,96315,1,0,1
6395408,96316,1,1,0
1276384,96317,1,0,1
1283048,96318,1,1,0
8146856,96319,1,0,1
4214064,96320,1,0,1
6125584,96321,1,1,0
3774368,96322,1,0,1
6065872,96323,1,1,0
581888,96324,1,1,0
3090232,96325,1,1,0
7970280,96326,1,1,0
4067424,96327,1,1,0
2270728,96328,1,0,1
458392,96329,1,0,1
3424472,96330,1,1,0
6084664,96331,1,0,1
1198456,96332,1,0,1
4508648,96333,1,1,0
1221856,96334,1,0,1
1295800,96335,1,0,1
2410968,96336,1,0,1
2278480,96337,1,0,1
4396536,96338,1,1,0
552096,96339,1,0,1
5092696,96340,1,0,1
574728,96341,1,0,1
1120048,96342,1,1,0
3625520,96343,1,0,1
1435000,96344,1,1,0
245616,96345,1,0,1
7831552,96346,1,1,0
1500816,96347,1,1,0
702872,96348,1,0,1
316896,96349,1,0,1
3555872,96350,1,0,1
1004056,96351,1,0,1
895664,96352,1,1,0
4773656,96353,1,1,0
1886672,96354,1,1,0
1162952,96355,1,1,0
2981360,96356,1,1,0
5998832,96357,1,1,0
6396200,96358,1,0,1
263784,96359,1,1,0
2157464,96360,1,0,1
1988048,96361,1,0,1
1636200,96362,1,0,1
3248272,96363,1,0,1
3161112,96364,1,0,1
2312992,96365,1,0,1
5121248,96366,1,0,1
1045808,96367,1,1,0
6862952,96368,1,0,1
704224,96369,1,1,0
5151600,96370,1,0,1
792264,96371,1,1,0
5380888,96372,1,0,1
384384,96373,1,0,1
730784,96374,1,1,0
4549128,96375,1,1,0
647592,96376,1,1,0
206064,96377,1,1,0
3673856,96378,1,1,0
846160,96379,1,1,0
105816,96380,1,0,1
4030824,96381,1,0,1
931408,96382,1,0,1
4291904,96383,1,1,0
451360,96384,1,1,0
2804072,96385,1,1,0
498344,96386,1,0,1
7158176,96387,1,1,0
6774640,96388,1,1,0
8202280,96389,1,0,1
4997640,96390,1,1,0
3749624,96391,1,0,1
7822600,96392,1,1,0
1047608,96393,1,0,1
2402232,96394,1,0,1
3458608,96395,1,1,0
1463416,96396,1,0,1
415320,96397,1,0,1
1594288,96398,1,0,1
4638656,96399,1,1,0
3518696,96400,1,1,0
1708840,96401,1,0,1
7447760,96402,1,0,1
6075592,96403,1,1,0
7719344,96404,1,0,1
7520760,96405,1,1,0
3626552,96406,1,0,1
1682496,96407,1,0,1
767712,96408,1,0,1
3011872,96409,1,1,0
3309880,96410,1,0,1
2289888,96411,1,1,0
5145872,96412,1,0,1
1892216,96413,1,1,0
1256776,96414,1,1,0
762376,96415,1,0,1
502120,96416,1,0,1
2280408,96417,1,1,0
1233496,96418,1,0,1
4410136,96419,1,1,0
2089584,96420,1,1,0
2792384,96421,1,0,1
1635400,96422,1,0,1
3669184,96423,1,0,1
5200416,96424,1,0,1
479192,96425,1,0,1
3403504,96426,1,1,0
5420128,96427,1,0,1
4223120,96428,1,1,0
6835520,96429,1,1,0
1638808,96430,1,0,1
7168432,96431,1,1,0
954328,96432,1,1,0
1961808,96433,1,1,0
605856,96434,1,1,0
6307928,96435,1,1,0
3147216,96436,1,1,0
98216,96437,1,0,1
6197208,96438,1,0,1
401072,96439,1,0,1
2449840,96440,1,1,0
4274672,96441,1,0,1
519264,96442,1,0,1
4161168,96443,1,1,0
1442272,96444,1,1,0
7331064,96445,1,0,1
3591704,96446,1,0,1
546264,96447,1,1,0
4444968,96448,1,1,0
1213504,96449,1,1,0
4545392,96450,1,0,1
3194744,96451,1,1,0
978176,96452,1,0,1
1614064,96453,1,0,1
2761320,96454,1,0,1
7738280,96455,1,0,1
1668456,96456,1,0,1
5889056,96457,1,0,1
6613160,96458,1,1,0
481824,96459,1,0,1
722040,96460,1,0,1
5718352,96461,1,1,0
6449184,96462,1,0,1
636760,96463,1,1,0
7851664,96464,1,0,1
693112,96465,1,1,0
386688,96466,1,1,0
1729888,96467,1,0,1
1338952,96468,1,0,1
2749032,96469,1,0,1
1569600,96470,1,0,1
5255264,96471,1,0,1
1719424,96472,1,0,1
2872912,96473,1,1,0
1937480,96474,1,1,0
573016,96475,1,0,1
1711432,96476,1,1,0
3559408,96477,1,0,1
1273488,96478,1,0,1
7799192,96479,1,1,0
3063128,96480,1,0,1
163848,96481,1,0,1
339136,96482,1,0,1
6373352,96483,1,0,1
4467048,96484,1,0,1
3722584,96485,1,0,1
6364080,96486,1,1,0
1624400,96487,1,0,1
8049592,96488,1,0,1
4625992,96489,1,0,1
817528,96490,1,0,1
914016,96491,1,0,1
4520256,96492,1,0,1
8282320,96493,1,0,1
1584504,96494,1,1,0
3153992,96495,1,1,0
6746072,96496,1,1,0
2358080,96497,1,0,1
1179024,96498,1,1,0
375088,96499,1,1,0
1412280,96500,1,1,0
1332344,96501,1,0,1
502336,96502,1,0,1
6300328,96503,1,1,0
4238104,96504,1,0,1
1491944,96505,1,1,0
2382112,96506,1,1,0
1299624,96507,1,1,0
6581608,96508,1,0,1
1310976,96509,1,1,0
2880104,96510,1,0,1
1241160,96511,1,0,1
2467096,96512,1,0,1
931760,96513,1,1,0
4786960,96514,1,1,0
453792,96515,1,1,0
1370552,96516,1,1,0
5281824,96517,1,0,1
3515536,96518,1,1,0
4389360,96519,1,0,1
3930720,96520,1,1,0
214664,96521,1,0,1
4195304,96522,1,1,0
667248,96523,1,1,0
5153568,96524,1,0,1
1107088,96525,1,1,0
3513576,96526,1,0,1
2447360,96527,1,0,1
4457248,96528,1,0,1
4110152,96529,1,1,0
2681216,96530,1,1,0
2137016,96531,1,0,1
3353472,96532,1,0,1
4967696,96533,1,0,1
1751656,96534,1,0,1
2332632,96535,1,1,0
820824,96536,1,0,1
453848,96537,1,0,1
7545144,96538,1,0,1
637144,96539,1,0,1
6243640,96540,1,0,1
3175080,96541,1,1,0
1515976,96542,1,1,0
1050096,96543,1,1,0
1244736,96544,1,1,0
1634280,96545,1,1,0
6242088,96546,1,1,0
506776,96547,1,0,1
2624944,96548,1,0,1
538480,96549,1,0,1
6905848,96550,1,0,1
1176256,96551,1,0,1
1484352,96552,1,1,0
2349744,96553,1,0,1
3644808,96554,1,0,1
1181720,96555,1,0,1
1595144,96556,1,1,0
1701848,96557,1,0,1
3323600,96558,1,1,0
8149368,96559,1,0,1
2056368,96560,1,0,1
3060544,96561,1,1,0
404968,96562,1,0,1
1438544,96563,1,0,1
3211456,96564,1,0,1
217512,96565,1,0,1
1636888,96566,1,1,0
459784,96567,1,0,1
1383680,96568,1,0,1
4857000,96569,1,0,1
2511472,96570,1,0,1
3639240,96571,1,1,0
8042840,96572,1,1,0
1630400,96573,1,0,1
159208,96574,1,0,1
4329136,96575,1,0,1
200816,96576,1,0,1
1146528,96577,1,1,0
1070152,96578,1,0,1
2751336,96579,1,1,0
819264,96580,1,0,1
687136,96581,1,0,1
7360216,96582,1,1,0
299904,96583,1,0,1
6496184,96584,1,1,0
733504,96585,1,1,0
2774912,96586,1,0,1
2781488,96587,1,0,1
8200368,96588,1,1,0
898440,96589,1,1,0
536600,96590,1,0,1
1305096,96591,1,1,0
7674216,96592,1,0,1
3301176,96593,1,1,0
2248280,96594,1,1,0
1559176,96595,1,1,0
7532936,96596,1,0,1
7541296,96597,1,0,1
5012912,96598,1,0,1
6699536,96599,1,0,1
6407568,96600,1,1,0
6546304,96601,1,0,1
1933272,96602,1,0,1
4792208,96603,1,0,1
1790000,96604,1,0,1
2779240,96605,1,1,0
1808672,96606,1,1,0
2095688,96607,1,1,0
1285704,96608,1,1,0
6975936,96609,1,1,0
3867448,96610,1,0,1
98336,96611,1,0,1
104296,96612,1,0,1
3105648,96613,1,0,1
2992760,96614,1,1,0
3476536,96615,1,0,1
5665248,96616,1,1,0
2094384,96617,1,1,0
2348616,96618,1,1,0
1677312,96619,1,0,1
1265128,96620,1,0,1
5682856,96621,1,0,1
449208,96622,1,1,0
3420488,96623,1,1,0
2344008,96624,1,0,1
240944,96625,1,1,0
6350072,96626,1,0,1
7515424,96627,1,0,1
1404376,96628,1,1,0
1239840,96629,1,1,0
4474112,96630,1,1,0
3744208,96631,1,1,0
2890992,96632,1,0,1
653992,96633,1,0,1
572040,96634,1,1,0
744320,96635,1,1,0
5844128,96636,1,0,1
6398000,96637,1,0,1
1504176,96638,1,0,1
1123624,96639,1,1,0
6522152,96640,1,0,1
1937192,96641,1,0,1
878056,96642,1,1,0
1336648,96643,1,1,0
2250136,96644,1,0,1
4059600,96645,1,1,0
303616,96646,1,0,1
2486776,96647,1,1,0
795888,96648,1,0,1
1088992,96649,1,0,1
463600,96650,1,1,0
370848,96651,1,1,0
1902456,96652,1,1,0
4353128,96653,1,1,0
595760,96654,1,1,0
2332968,96655,1,0,1
831920,96656,1,0,1
1080064,96657,1,0,1
1193928,96658,1,0,1
514440,96659,1,1,0
559792,96660,1,0,1
1601968,96661,1,0,1
7446096,96662,1,0,1
5458672,96663,1,0,1
1532208,96664,1,0,1
275128,96665,1,1,0
7924896,96666,1,0,1
1826840,96667,1,0,1
1444920,96668,1,0,1
4818112,96669,1,1,0
1092056,96670,1,1,0
6548760,96671,1,0,1
267496,96672,1,1,0
945656,96673,1,1,0
2538264,96674,1,0,1
2331632,96675,1,0,1
1883200,96676,1,0,1
497912,96677,1,1,0
1840880,96678,1,1,0
3591320,96679,1,0,1
2530768,96680,1,0,1
1861392,96681,1,0,1
5945488,96682,1,1,0
1654392,96683,1,0,1
3839544,96684,1,0,1
4117928,96685,1,1,0
3099112,96686,1,1,0
3678848,96687,1,1,0
5103632,96688,1,1,0
7210928,96689,1,0,1
554848,96690,1,1,0
2590328,96691,1,0,1
718192,96692,1,0,1
691632,96693,1,0,1
4293688,96694,1,0,1
4658408,96695,1,1,0
254800,96696,1,0,1
194520,96697,1,0,1
1085552,96698,1,0,1
1679064,96699,1,1,0
2845112,96700,1,0,1
1563656,96701,1,1,0
2870688,96702,1,0,1
6649744,96703,1,1,0
1216088,96704,1,0,1
7601584,96705,1,1,0
2721776,96706,1,0,1
4705432,96707,1,1,0
5225784,96708,1,0,1
8102224,96709,1,1,0
1554928,96710,1,0,1
182176,96711,1,1,0
7136768,96712,1,0,1
3262160,96713,1,1,0
692024,96714,1,1,0
301856,96715,1,1,0
6666496,96716,1,0,1
2832088,96717,1,0,1
1130168,96718,1,0,1
1764072,96719,1,1,0
6770104,96720,1,0,1
2444840,96721,1,0,1
380672,96722,1,1,0
4880704,96723,1,0,1
552920,96724,1,0,1
7460912,96725,1,0,1
636272,96726,1,1,0
1947424,96727,1,1,0
2408512,96728,1,0,1
3022368,96729,1,1,0
709664,96730,1,0,1
2156392,96731,1,0,1
3817664,96732,1,0,1
4436232,96733,1,0,1
929688,96734,1,0,1
1525440,96735,1,0,1
3866920,96736,1,0,1
6747392,96737,1,0,1
905672,96738,1,0,1
1065160,96739,1,1,0
3967296,96740,1,1,0
1697632,96741,1,1,0
579824,96742,1,0,1
499256,96743,1,1,0
3327880,96744,1,1,0
1741832,96745,1,1,0
5501936,96746,1,1,0
1024064,96747,1,0,1
4674680,96748,1,1,0
1040976,96749,1,1,0
1727808,96750,1,1,0
4029216,96751,1,1,0
2315720,96752,1,1,0
977408,96753,1,0,1
1045696,96754,1,0,1
4867624,96755,1,0,1
985768,96756,1,0,1
606288,96757,1,1,0
1261688,96758,1,1,0
402880,96759,1,1,0
612952,96760,1,0,1
4155568,96761,1,0,1
1439184,96762,1,0,1
7289648,96763,1,1,0
719952,96764,1,0,1
1503512,96765,1,1,0
1178880,96766,1,0,1
357536,96767,1,1,0
2034840,96768,1,0,1
251216,96769,1,1,0
509760,96770,1,1,0
1740816,96771,1,0,1
1614384,96772,1,1,0
6579200,96773,1,1,0
2410528,96774,1,0,1
792688,96775,1,1,0
2333640,96776,1,1,0
4736880,96777,1,0,1
2246408,96778,1,1,0
275544,96779,1,0,1
4773392,96780,1,1,0
3688224,96781,1,1,0
3581928,96782,1,0,1
2096888,96783,1,0,1
1000112,96784,1,1,0
2291984,96785,1,1,0
8344896,96786,1,0,1
2368112,96787,1,0,1
7246576,96788,1,1,0
3672048,96789,1,1,0
3552280,96790,1,0,1
858640,96791,1,1,0
8335904,96792,1,0,1
5166968,96793,1,0,1
7970584,96794,1,0,1
7711136,96795,1,1,0
5992592,96796,1,1,0
3436640,96797,1,0,1
203552,96798,1,1,0
751328,96799,1,1,0
2435616,96800,1,0,1
606496,96801,1,1,0
1788952,96802,1,1,0
354056,96803,1,1,0
3699336,96804,1,0,1
5604040,96805,1,0,1
4635264,96806,1,0,1
2311608,96807,1,1,0
2312872,96808,1,1,0
2358904,96809,1,1,0
8130416,96810,1,1,0
1796136,96811,1,0,1
3688360,96812,1,1,0
292712,96813,1,1,0
3696784,96814,1,1,0
3561888,96815,1,0,1
1346256,96816,1,1,0
6859480,96817,1,1,0
2973576,96818,1,1,0
1074312,96819,1,1,0
2477568,96820,1,0,1
7114240,96821,1,0,1
7722528,96822,1,0,1
736992,96823,1,0,1
8148272,96824,1,0,1
8224744,96825,1,1,0
6271040,96826,1,1,0
5530720,96827,1,0,1
295760,96828,1,1,0
248160,96829,1,0,1
1144592,96830,1,1,0
2142472,96831,1,1,0
4354200,96832,1,1,0
4601624,96833,1,0,1
3501840,96834,1,0,1
427968,96835,1,0,1
3422368,96836,1,0,1
2241944,96837,1,1,0
1940048,96838,1,0,1
155224,96839,1,0,1
1637360,96840,1,0,1
1279920,96841,1,1,0
2863168,96842,1,1,0
177736,96843,1,1,0
3575928,96844,1,1,0
4072376,96845,1,0,1
3836200,96846,1,1,0
1315352,96847,1,1,0
7484360,96848,1,0,1
116840,96849,1,1,0
2020440,96850,1,1,0
2847560,96851,1,1,0
2948384,96852,1,0,1
2241184,96853,1,0,1
190008,96854,1,1,0
3280256,96855,1,0,1
958544,96856,1,0,1
374656,96857,1,1,0
4211400,96858,1,0,1
272104,96859,1,1,0
1012536,96860,1,1,0
5707496,96861,1,1,0
3413440,96862,1,0,1
6236768,96863,1,1,0
1635424,96864,1,1,0
793344,96865,1,1,0
3266080,96866,1,1,0
3904040,96867,1,1,0
2612256,96868,1,0,1
2287616,96869,1,1,0
959032,96870,1,0,1
2100784,96871,1,1,0
6540688,96872,1,0,1
4794840,96873,1,0,1
2196952,96874,1,0,1
7359736,96875,1,1,0
1675408,96876,1,0,1
3949728,96877,1,0,1
3934216,96878,1,0,1
8262384,96879,1,1,0
1841784,96880,1,0,1
992520,96881,1,1,0
8270040,96882,1,0,1
2819608,96883,1,1,0
762920,96884,1,0,1
6914464,96885,1,1,0
1396072,96886,1,1,0
299064,96887,1,1,0
6188496,96888,1,1,0
4368080,96889,1,0,1
1173752,96890,1,0,1
550880,96891,1,1,0
234584,96892,1,0,1
3371088,96893,1,0,1
353616,96894,1,1,0
1593496,96895,1,0,1
1477696,96896,1,0,1
7679960,96897,1,0,1
1473920,96898,1,1,0
8340520,96899,1,0,1
283136,96900,1,0,1
2191672,96901,1,1,0
7493008,96902,1,1,0
98056,96903,1,1,0
1491528,96904,1,1,0
579360,96905,1,1,0
7574168,96906,1,0,1
1154216,96907,1,0,1
467032,96908,1,1,0
1543640,96909,1,0,1
2391024,96910,1,0,1
5278760,96911,1,0,1
4228440,96912,1,0,1
3497696,96913,1,1,0
807992,96914,1,0,1
2745552,96915,1,1,0
1384312,96916,1,0,1
5731232,96917,1,1,0
1262680,96918,1,0,1
2379408,96919,1,1,0
3966776,96920,1,0,1
336384,96921,1,1,0
380776,96922,1,0,1
171512,96923,1,0,1
6457752,96924,1,0,1
729976,96925,1,1,0
7279352,96926,1,0,1
5558464,96927,1,1,0
870096,96928,1,0,1
839168,96929,1,0,1
8387984,96930,1,0,1
557984,96931,1,0,1
202592,96932,1,1,0
1448176,96933,1,1,0
3900664,96934,1,0,1
7613872,96935,1,0,1
293648,96936,1,1,0
2252088,96937,1,0,1
747672,96938,1,0,1
2020080,96939,1,1,0
527152,96940,1,0,1
383832,96941,1,0,1
1723808,96942,1,1,0
6617200,96943,1,0,1
947096,96944,1,1,0
4573688,96945,1,0,1
586520,96946,1,0,1
1112320,96947,1,0,1
5796376,96948,1,1,0
405144,96949,1,0,1
154392,96950,1,1,0
1671384,96951,1,1,0
2571968,96952,1,1,0
3366040,96953,1,1,0
626632,96954,1,0,1
4063184,96955,1,1,0
2253360,96956,1,0,1
3165640,96957,1,0,1
2343528,96958,1,0,1
2619400,96959,1,0,1
890904,96960,1,1,0
3382696,96961,1,0,1
7459368,96962,1,1,0
1347352,96963,1,0,1
1378072,96964,1,1,0
7245360,96965,1,0,1
4612712,96966,1,0,1
5205304,96967,1,0,1
1068664,96968,1,1,0
5081456,96969,1,1,0
2201712,96970,1,0,1
6846968,96971,1,1,0
2543416,96972,1,0,1
2582856,96973,1,1,0
5288912,96974,1,1,0
184712,96975,1,1,0
767832,96976,1,0,1
1159672,96977,1,0,1
3030464,96978,1,1,0
7230232,96979,1,0,1
1045976,96980,1,0,1
5848488,96981,1,1,0
2337568,96982,1,0,1
637216,96983,1,0,1
859496,96984,1,0,1
4265832,96985,1,0,1
5589712,96986,1,1,0
626256,96987,1,0,1
6821624,96988,1,1,0
2505752,96989,1,0,1
3088840,96990,1,1,0
384168,96991,1,0,1
172224,96992,1,1,0
683544,96993,1,0,1
7413776,96994,1,0,1
7209960,96995,1,1,0
1725264,96996,1,1,0
554296,96997,1,1,0
332320,96998,1,1,0
4736000,96999,1,0,1
4168144,97000,1,1,0
1370880,97001,1,0,1
1993096,97002,1,0,1
1458664,97003,1,0,1
2044464,97004,1,0,1
390064,97005,1,1,0
700304,97006,1,1,0
2123640,97007,1,0,1
8341088,97008,1,0,1
3447856,97009,1,1,0
2191968,97010,1,0,1
5880720,97011,1,1,0
6783544,97012,1,1,0
3695912,97013,1,1,0
3962760,97014,1,0,1
282544,97015,1,1,0
7571232,97016,1,0,1
2374736,97017,1,0,1
1753680,97018,1,1,0
198416,97019,1,1,0
1037944,97020,1,1,0
2746272,97021,1,1,0
6018848,97022,1,0,1
1460744,97023,1,0,1
584152,97024,1,1,0
7384496,97025,1,1,0
87048,97026,1,0,1
915688,97027,1,0,1
7102864,97028,1,1,0
1640368,97029,1,1,0
6565616,97030,1,1,0
1334264,97031,1,0,1
4946584,97032,1,1,0
2553080,97033,1,1,0
1019416,97034,1,1,0
1839664,97035,1,1,0
371376,97036,1,0,1
3232992,97037,1,1,0
943104,97038,1,1,0
1027344,97039,1,0,1
6515048,97040,1,1,0
5850072,97041,1,0,1
4429224,97042,1,0,1
2028928,97043,1,0,1
1006984,97044,1,1,0
4884600,97045,1,0,1
742936,97046,1,1,0
2157920,97047,1,1,0
682200,97048,1,1,0
4324800,97049,1,1,0
2502616,97050,1,0,1
332832,97051,1,1,0
5843232,97052,1,1,0
4358144,97053,1,0,1
7891776,97054,1,0,1
4117288,97055,1,1,0
2657824,97056,1,0,1
802480,97057,1,0,1
7004656,97058,1,0,1
4962688,97059,1,1,0
4738992,97060,1,1,0
3190680,97061,1,0,1
4583480,97062,1,1,0
3295368,97063,1,0,1
3709688,97064,1,0,1
3502784,97065,1,0,1
7253320,97066,1,1,0
1155448,97067,1,1,0
3239536,97068,1,1,0
5300544,97069,1,0,1
1143912,97070,1,1,0
3614392,97071,1,0,1
2887384,97072,1,0,1
3417920,97073,1,1,0
4236816,97074,1,1,0
4289960,97075,1,0,1
7303304,97076,1,1,0
5563128,97077,1,0,1
7803104,97078,1,0,1
879048,97079,1,0,1
4950088,97080,1,0,1
2399856,97081,1,0,1
3184160,97082,1,1,0
5378680,97083,1,1,0
6105136,97084,1,0,1
7447984,97085,1,1,0
582448,97086,1,1,0
927704,97087,1,1,0
859576,97088,1,1,0
1957528,97089,1,0,1
804096,97090,1,0,1
3794968,97091,1,0,1
5125728,97092,1,0,1
946248,97093,1,1,0
1617944,97094,1,1,0
2670008,97095,1,1,0
561616,97096,1,1,0
3015320,97097,1,1,0
333832,97098,1,0,1
145808,97099,1,0,1
556704,97100,1,1,0
6035552,97101,1,1,0
1754904,97102,1,1,0
1861752,97103,1,0,1
1203368,97104,1,1,0
4577520,97105,1,0,1
4908464,97106,1,1,0
2162448,97107,1,1,0
2535456,97108,1,1,0
3270720,97109,1,0,1
2116960,97110,1,0,1
171816,97111,1,1,0
6310328,97112,1,0,1
1440960,97113,1,1,0
6706216,97114,1,0,1
573192,97115,1,0,1
1843888,97116,1,0,1
1108200,97117,1,0,1
1601328,97118,1,0,1
3160520,97119,1,0,1
1119984,97120,1,0,1
7203392,97121,1,1,0
992792,97122,1,1,0
7267456,97123,1,0,1
1322216,97124,1,1,0
1913400,97125,1,0,1
1331848,97126,1,0,1
7100600,97127,1,1,0
1151872,97128,1,1,0
1216216,97129,1,1,0
546808,97130,1,0,1
537512,97131,1,1,0
2715960,97132,1,0,1
342016,97133,1,0,1
3331784,97134,1,0,1
2426616,97135,1,1,0
3981464,97136,1,1,0
1729424,97137,1,1,0
7909880,97138,1,1,0
1074752,97139,1,1,0
5992760,97140,1,0,1
3578280,97141,1,0,1
1130624,97142,1,1,0
2052344,97143,1,0,1
7769976,97144,1,1,0
1557608,97145,1,0,1
1146168,97146,1,1,0
1545080,97147,1,0,1
542016,97148,1,1,0
5618032,97149,1,0,1
250000,97150,1,1,0
2418584,97151,1,0,1
1714912,97152,1,1,0
1671304,97153,1,1,0
595312,97154,1,1,0
1714032,97155,1,0,1
4290008,97156,1,1,0
961584,97157,1,0,1
4029280,97158,1,0,1
501432,97159,1,0,1
521016,97160,1,1,0
605224,97161,1,0,1
785832,97162,1,0,1
2852144,97163,1,0,1
3771224,97164,1,1,0
2788544,97165,1,0,1
3258688,97166,1,0,1
6399168,97167,1,1,0
4504664,97168,1,1,0
3748080,97169,1,1,0
829856,97170,1,1,0
6555184,97171,1,0,1
1232312,97172,1,0,1
6326776,97173,1,0,1
3990352,97174,1,1,0
1516160,97175,1,0,1
2235472,97176,1,0,1
565296,97177,1,0,1
5430480,97178,1,1,0
3725200,97179,1,1,0
1645656,97180,1,1,0
168328,97181,1,0,1
7245944,97182,1,0,1
2217024,97183,1,0,1
1808280,97184,1,0,1
2198536,97185,1,1,0
8279344,97186,1,0,1
2923456,97187,1,0,1
7973304,97188,1,1,0
943192,97189,1,1,0
5022760,97190,1,0,1
2753936,97191,1,1,0
427384,97192,1,1,0
976472,97193,1,0,1
3054408,97194,1,0,1
3618536,97195,1,1,0
1989952,97196,1,1,0
970736,97197,1,1,0
2069168,97198,1,1,0
3386576,97199,1,1,0
1386784,97200,1,0,1
4317128,97201,1,1,0
4281184,97202,1,1,0
1134184,97203,1,1,0
1068872,97204,1,1,0
7853416,97205,1,1,0
7453208,97206,1,0,1
1434424,97207,1,0,1
6849760,97208,1,1,0
855960,97209,1,0,1
6487136,97210,1,1,0
1113752,97211,1,1,0
4130224,97212,1,0,1
425224,97213,1,1,0
1482240,97214,1,1,0
2825984,97215,1,0,1
1112760,97216,1,1,0
3672824,97217,1,1,0
7061688,97218,1,1,0
5958736,97219,1,0,1
1849072,97220,1,1,0
752912,97221,1,0,1
1135632,97222,1,1,0
7620584,97223,1,0,1
2696240,97224,1,0,1
2278544,97225,1,1,0
3922048,97226,1,0,1
1225280,97227,1,0,1
4842280,97228,1,1,0
6410784,97229,1,1,0
384344,97230,1,1,0
4438744,97231,1,0,1
1768632,97232,1,1,0
6218328,97233,1,0,1
801328,97234,1,1,0
873864,97235,1,1,0
6701064,97236,1,1,0
307976,97237,1,1,0
1770232,97238,1,1,0
5908960,97239,1,0,1
8384736,97240,1,1,0
8379360,97241,1,1,0
1196944,97242,1,0,1
478968,97243,1,1,0
4265352,97244,1,1,0
768632,97245,1,0,1
207824,97246,1,1,0
2373672,97247,1,1,0
505160,97248,1,1,0
3899936,97249,1,1,0
2386416,97250,1,0,1
1688832,97251,1,1,0
972664,97252,1,0,1
5794856,97253,1,0,1
5323896,97254,1,0,1
793472,97255,1,1,0
544424,97256,1,0,1
5637832,97257,1,1,0
3388792,97258,1,0,1
183792,97259,1,0,1
3243920,97260,1,0,1
3213632,97261,1,0,1
3729872,97262,1,0,1
2083488,97263,1,1,0
248064,97264,1,0,1
7813768,97265,1,1,0
2464656,97266,1,1,0
1390408,97267,1,1,0
7472048,97268,1,0,1
436456,97269,1,1,0
936632,97270,1,0,1
2411832,97271,1,1,0
2247192,97272,1,1,0
203160,97273,1,1,0
3744032,97274,1,1,0
5843072,97275,1,1,0
955528,97276,1,1,0
2418976,97277,1,0,1
3848512,97278,1,1,0
3323472,97279,1,1,0
3566064,97280,1,1,0
966648,97281,1,0,1
2280352,97282,1,0,1
375232,97283,1,0,1
2182456,97284,1,1,0
3474920,97285,1,1,0
1500104,97286,1,0,1
476960,97287,1,0,1
264400,97288,1,0,1
349824,97289,1,0,1
519096,97290,1,0,1
2147744,97291,1,1,0
1196200,97292,1,1,0
3511400,97293,1,1,0
2944808,97294,1,1,0
2794912,97295,1,0,1
443416,97296,1,0,1
1408608,97297,1,1,0
393200,97298,1,0,1
1941912,97299,1,1,0
5413760,97300,1,1,0
2397664,97301,1,1,0
323296,97302,1,0,1
5825496,97303,1,0,1
3663160,97304,1,0,1
5363928,97305,1,0,1
8335728,97306,1,0,1
2402928,97307,1,0,1
1509208,97308,1,0,1
2775752,97309,1,1,0
436632,97310,1,1,0
7752760,97311,1,1,0
333816,97312,1,1,0
2346904,97313,1,0,1
6447664,97314,1,1,0
4579096,97315,1,1,0
2620336,97316,1,0,1
3707848,97317,1,1,0
2336448,97318,1,0,1
7864000,97319,1,1,0
4701624,97320,1,0,1
285040,97321,1,1,0
6666608,97322,1,1,0
4190088,97323,1,0,1
4378864,97324,1,1,0
3128120,97325,1,1,0
417320,97326,1,1,0
2332936,97327,1,0,1
2669552,97328,1,1,0
538256,97329,1,0,1
1399368,97330,1,1,0
727888,97331,1,0,1
641936,97332,1,0,1
5694944,97333,1,1,0
4869296,97334,1,0,1
1863144,97335,1,1,0
1576968,97336,1,1,0
1526800,97337,1,0,1
803808,97338,1,0,1
518360,97339,1,1,0
2807872,97340,1,0,1
886680,97341,1,0,1
4161648,97342,1,1,0
455832,97343,1,0,1
3387624,97344,1,0,1
412824,97345,1,1,0
5941360,97346,1,0,1
568808,97347,1,1,0
6323024,97348,1,1,0
7346520,97349,1,0,1
2153176,97350,1,0,1
1567944,97351,1,0,1
6170640,97352,1,0,1
7082288,97353,1,0,1
4932280,97354,1,1,0
2294848,97355,1,1,0
3919352,97356,1,0,1
712384,97357,1,1,0
4639296,97358,1,1,0
2422384,97359,1,1,0
8152136,97360,1,0,1
8229248,97361,1,0,1
3926952,97362,1,0,1
2274568,97363,1,0,1
2653496,97364,1,0,1
2325000,97365,1,1,0
1523416,97366,1,1,0
138448,97367,1,1,0
1114920,97368,1,1,0
797456,97369,1,0,1
5009712,97370,1,1,0
440112,97371,1,1,0
1290608,97372,1,1,0
7763568,97373,1,1,0
1475320,97374,1,0,1
296344,97375,1,0,1
513056,97376,1,1,0
745200,97377,1,1,0
2428480,97378,1,1,0
872016,97379,1,0,1
3761568,97380,1,0,1
8124792,97381,1,0,1
1548576,97382,1,1,0
465040,97383,1,0,1
1096848,97384,1,1,0
2537352,97385,1,0,1
484056,97386,1,0,1
1048688,97387,1,1,0
5340248,97388,1,1,0
5769368,97389,1,1,0
2161936,97390,1,0,1
1426424,97391,1,1,0
896000,97392,1,0,1
280944,97393,1,0,1
2567792,97394,1,1,0
2026896,97395,1,0,1
7883720,97396,1,1,0
2346536,97397,1,1,0
8063936,97398,1,0,1
195392,97399,1,1,0
5907664,97400,1,1,0
329272,97401,1,1,0
3552104,97402,1,0,1
363736,97403,1,0,1
1541168,97404,1,1,0
2782320,97405,1,0,1
6540056,97406,1,1,0
1959136,97407,1,0,1
5645768,97408,1,0,1
3949504,97409,1,1,0
6356544,97410,1,0,1
746336,97411,1,1,0
6822408,97412,1,1,0
2694032,97413,1,1,0
711640,97414,1,1,0
583008,97415,1,0,1
160248,97416,1,0,1
3854624,97417,1,0,1
3420040,97418,1,0,1
6784024,97419,1,1,0
376400,97420,1,1,0
313512,97421,1,1,0
5320200,97422,1,0,1
807496,97423,1,1,0
7887920,97424,1,1,0
7761792,97425,1,1,0
4122040,97426,1,1,0
2130376,97427,1,1,0
8027440,97428,1,0,1
3008400,97429,1,1,0
2451344,97430,1,0,1
8202792,97431,1,0,1
3763096,97432,1,0,1
6938888,97433,1,1,0
236064,97434,1,1,0
5672056,97435,1,1,0
828320,97436,1,0,1
1461352,97437,1,1,0
6486984,97438,1,0,1
1663480,97439,1,0,1
3439880,97440,1,1,0
7799312,97441,1,0,1
1962280,97442,1,0,1
2308048,97443,1,0,1
3765144,97444,1,1,0
541752,97445,1,0,1
8294096,97446,1,0,1
6313544,97447,1,1,0
535072,97448,1,0,1
2722216,97449,1,0,1
3000400,97450,1,0,1
3005032,97451,1,1,0
1091472,97452,1,0,1
203312,97453,1,1,0
3404080,97454,1,0,1
5011656,97455,1,0,1
947664,97456,1,1,0
3582296,97457,1,0,1
1992960,97458,1,0,1
1088728,97459,1,0,1
1768384,97460,1,1,0
3855600,97461,1,1,0
2784752,97462,1,1,0
2280960,97463,1,1,0
3532256,97464,1,1,0
1068888,97465,1,1,0
8365752,97466,1,1,0
1311088,97467,1,0,1
2591040,97468,1,0,1
5061664,97469,1,1,0
203728,97470,1,0,1
676144,97471,1,1,0
620456,97472,1,0,1
4319704,97473,1,1,0
643008,97474,1,1,0
5938840,97475,1,1,0
1588832,97476,1,0,1
5457448,97477,1,1,0
4459752,97478,1,1,0
3127952,97479,1,1,0
893752,97480,1,0,1
993728,97481,1,1,0
7961448,97482,1,1,0
5657448,97483,1,0,1
288864,97484,1,1,0
2088128,97485,1,0,1
2492416,97486,1,1,0
1094712,97487,1,0,1
4532304,97488,1,1,0
1548936,97489,1,1,0
3051192,97490,1,1,0
6620840,97491,1,0,1
118080,97492,1,1,0
1246728,97493,1,1,0
1983160,97494,1,0,1
3442104,97495,1,0,1
4501112,97496,1,1,0
1605472,97497,1,1,0
4699952,97498,1,1,0
7463192,97499,1,1,0
1550424,97500,1,0,1
6473256,97501,1,1,0
5132384,97502,1,1,0
4709400,97503,1,1,0
7199576,97504,1,0,1
2786328,97505,1,0,1
3080432,97506,1,0,1
2191568,97507,1,1,0
122936,97508,1,1,0
3622504,97509,1,1,0
5079144,97510,1,1,0
1131176,97511,1,1,0
5400448,97512,1,1,0
4697088,97513,1,1,0
2031344,97514,1,0,1
2322112,97515,1,1,0
454600,97516,1,0,1
314776,97517,1,1,0
7888808,97518,1,1,0
883704,97519,1,0,1
5273552,97520,1,0,1
1613808,97521,1,0,1
5484704,97522,1,0,1
271840,97523,1,1,0
1016184,97524,1,0,1
1066520,97525,1,1,0
3513448,97526,1,0,1
5629400,97527,1,1,0
5811104,97528,1,1,0
1940768,97529,1,1,0
120560,97530,1,0,1
591984,97531,1,1,0
4212256,97532,1,0,1
5506264,97533,1,0,1
3046736,97534,1,0,1
1551824,97535,1,0,1
1663416,97536,1,0,1
4220576,97537,1,0,1
4109400,97538,1,0,1
1954256,97539,1,0,1
1111024,97540,1,0,1
1092064,97541,1,1,0
952904,97542,1,1,0
3993224,97543,1,0,1
3683496,97544,1,1,0
4354512,97545,1,0,1
739512,97546,1,0,1
2108792,97547,1,1,0
1162288,97548,1,0,1
565688,97549,1,1,0
1717696,97550,1,1,0
4909320,97551,1,1,0
1383248,97552,1,1,0
2066064,97553,1,1,0
570784,97554,1,1,0
4410600,97555,1,1,0
308168,97556,1,1,0
5737992,97557,1,1,0
2141656,97558,1,0,1
3367288,97559,1,0,1
4921608,97560,1,0,1
2050968,97561,1,1,0
563272,97562,1,1,0
763768,97563,1,1,0
1013840,97564,1,0,1
2218512,97565,1,0,1
4497488,97566,1,1,0
7286200,97567,1,1,0
1236856,97568,1,1,0
960880,97569,1,1,0
273744,97570,1,1,0
2524544,97571,1,1,0
467232,97572,1,0,1
3334784,97573,1,0,1
3279016,97574,1,1,0
1553632,97575,1,1,0
5476592,97576,1,0,1
4676032,97577,1,1,0
8174160,97578,1,1,0
3247416,97579,1,1,0
5635256,97580,1,0,1
6811280,97581,1,1,0
1939824,97582,1,0,1
3386768,97583,1,0,1
1208328,97584,1,1,0
255480,97585,1,0,1
4548096,97586,1,0,1
6384344,97587,1,0,1
2751168,97588,1,1,0
3229608,97589,1,0,1
1621432,97590,1,0,1
3594824,97591,1,1,0
4354096,97592,1,1,0
165464,97593,1,1,0
254920,97594,1,1,0
5475432,97595,1,0,1
962312,97596,1,0,1
2163800,97597,1,0,1
910328,97598,1,0,1
7004616,97599,1,0,1
3158760,97600,1,1,0
1962520,97601,1,0,1
5834216,97602,1,1,0
829192,97603,1,1,0
1959848,97604,1,1,0
712112,97605,1,0,1
3066496,97606,1,0,1
2059016,97607,1,0,1
1328304,97608,1,0,1
5636080,97609,1,0,1
495896,97610,1,1,0
8178112,97611,1,0,1
5174264,97612,1,1,0
3826248,97613,1,0,1
1527576,97614,1,0,1
277720,97615,1,0,1
5480928,97616,1,1,0
940440,97617,1,1,0
4961728,97618,1,1,0
230696,97619,1,0,1
3857544,97620,1,1,0
396456,97621,1,0,1
4524144,97622,1,1,0
3626856,97623,1,1,0
2986000,97624,1,1,0
5383800,97625,1,1,0
697712,97626,1,0,1
1856136,97627,1,0,1
2078784,97628,1,1,0
7322280,97629,1,0,1
2259616,97630,1,0,1
1865248,97631,1,1,0
3006328,97632,1,0,1
1208960,97633,1,0,1
1581272,97634,1,0,1
1755552,97635,1,0,1
1694560,97636,1,1,0
6422048,97637,1,1,0
6376248,97638,1,0,1
371880,97639,1,0,1
3014992,97640,1,1,0
2578936,97641,1,1,0
1439432,97642,1,0,1
584296,97643,1,0,1
5531272,97644,1,1,0
1988312,97645,1,0,1
5215880,97646,1,0,1
2075024,97647,1,0,1
5745936,97648,1,1,0
540824,97649,1,1,0
7833136,97650,1,1,0
1848248,97651,1,1,0
1634264,97652,1,0,1
2069136,97653,1,1,0
1061392,97654,1,0,1
901296,97655,1,1,0
513744,97656,1,1,0
234536,97657,1,0,1
3200264,97658,1,1,0
7763600,97659,1,1,0
719312,97660,1,1,0
455280,97661,1,1,0
8149704,97662,1,0,1
582496,97663,1,1,0
691720,97664,1,1,0
2500880,97665,1,0,1
4567272,97666,1,0,1
233672,97667,1,0,1
1185080,97668,1,0,1
987096,97669,1,1,0
214888,97670,1,1,0
1179840,97671,1,1,0
2542576,97672,1,0,1
2058312,97673,1,1,0
4078336,97674,1,0,1
7129864,97675,1,1,0
4301336,97676,1,0,1
2900992,97677,1,0,1
372424,97678,1,1,0
7231248,97679,1,1,0
342968,97680,1,0,1
1423752,97681,1,0,1
3980072,97682,1,1,0
5674320,97683,1,1,0
7668776,97684,1,0,1
1249040,97685,1,1,0
2958176,97686,1,1,0
671400,97687,1,0,1
617456,97688,1,1,0
392288,97689,1,1,0
1655656,97690,1,0,1
5728216,97691,1,1,0
2075632,97692,1,1,0
905528,97693,1,0,1
669768,97694,1,1,0
1119320,97695,1,0,1
6977760,97696,1,1,0
3682808,97697,1,1,0
1839456,97698,1,0,1
7978584,97699,1,1,0
1861848,97700,1,0,1
1005320,97701,1,1,0
5859640,97702,1,0,1
432152,97703,1,0,1
1716336,97704,1,0,1
883408,97705,1,0,1
551992,97706,1,1,0
289192,97707,1,1,0
5978296,97708,1,0,1
156304,97709,1,1,0
1517752,97710,1,0,1
1078192,97711,1,1,0
348336,97712,1,1,0
1829672,97713,1,0,1
7749824,97714,1,1,0
1819448,97715,1,1,0
750616,97716,1,0,1
1472528,97717,1,1,0
1275232,97718,1,0,1
315192,97719,1,1,0
648200,97720,1,1,0
3748696,97721,1,0,1
6253840,97722,1,1,0
5674832,97723,1,1,0
360544,97724,1,0,1
750104,97725,1,1,0
3217256,97726,1,1,0
5249904,97727,1,1,0
5182112,97728,1,0,1
815168,97729,1,1,0
72040,97730,1,0,1
2598504,97731,1,1,0
1128344,97732,1,1,0
798824,97733,1,0,1
1982976,97734,1,0,1
556800,97735,1,1,0
408536,97736,1,0,1
8315280,97737,1,0,1
4355952,97738,1,0,1
802320,97739,1,1,0
1411440,97740,1,0,1
905184,97741,1,1,0
337152,97742,1,0,1
4593512,97743,1,1,0
7108800,97744,1,1,0
1914496,97745,1,1,0
1301952,97746,1,0,1
3204208,97747,1,0,1
679168,97748,1,1,0
3404952,97749,1,1,0
218080,97750,1,1,0
898296,97751,1,0,1
4652344,97752,1,0,1
6534568,97753,1,1,0
7071424,97754,1,0,1
2065760,97755,1,1,0
1879720,97756,1,1,0
8354736,97757,1,1,0
350680,97758,1,1,0
7256224,97759,1,1,0
2963896,97760,1,1,0
1709808,97761,1,0,1
1005912,97762,1,0,1
6191016,97763,1,1,0
2880352,97764,1,0,1
127968,97765,1,0,1
2595880,97766,1,0,1
277864,97767,1,0,1
958976,97768,1,1,0
1242816,97769,1,0,1
2648368,97770,1,0,1
1438624,97771,1,0,1
7982024,97772,1,0,1
724968,97773,1,1,0
5376744,97774,1,0,1
7518096,97775,1,0,1
451584,97776,1,1,0
8233408,97777,1,1,0
4776872,97778,1,1,0
2310752,97779,1,1,0
266432,97780,1,0,1
2566912,97781,1,0,1
8114320,97782,1,1,0
5438632,97783,1,0,1
1789864,97784,1,0,1
3841000,97785,1,0,1
815688,97786,1,0,1
2007120,97787,1,0,1
297680,97788,1,0,1
166552,97789,1,0,1
3229424,97790,1,0,1
1192760,97791,1,0,1
7874160,97792,1,0,1
3075216,97793,1,1,0
751392,97794,1,0,1
3485224,97795,1,1,0
1163960,97796,1,1,0
1422040,97797,1,1,0
704816,97798,1,1,0
1512640,97799,1,0,1
4352864,97800,1,1,0
538104,97801,1,1,0
6616072,97802,1,0,1
3187816,97803,1,1,0
703656,97804,1,1,0
3947216,97805,1,1,0
1825936,97806,1,0,1
6837352,97807,1,0,1
620304,97808,1,1,0
308232,97809,1,1,0
1564080,97810,1,1,0
5683768,97811,1,1,0
2057432,97812,1,0,1
1963120,97813,1,1,0
432016,97814,1,0,1
5950576,97815,1,0,1
248040,97816,1,1,0
6710880,97817,1,1,0
6195768,97818,1,0,1
948952,97819,1,1,0
7948168,97820,1,1,0
2555400,97821,1,1,0
4079344,97822,1,0,1
2625416,97823,1,0,1
901752,97824,1,1,0
4343544,97825,1,0,1
500472,97826,1,0,1
920576,97827,1,0,1
6204352,97828,1,0,1
2506912,97829,1,1,0
3665160,97830,1,1,0
4363904,97831,1,0,1
440608,97832,1,1,0
937008,97833,1,1,0
2302496,97834,1,0,1
1997336,97835,1,1,0
2080976,97836,1,1,0
618592,97837,1,0,1
530488,97838,1,0,1
3420064,97839,1,1,0
3362992,97840,1,0,1
604264,97841,1,1,0
5471360,97842,1,0,1
311016,97843,1,1,0
1237720,97844,1,1,0
1808712,97845,1,0,1
1065896,97846,1,0,1
918272,97847,1,1,0
7194816,97848,1,1,0
7008520,97849,1,0,1
4249392,97850,1,0,1
5440024,97851,1,0,1
4426816,97852,1,0,1
1149192,97853,1,1,0
4026936,97854,1,0,1
6826416,97855,1,0,1
6483856,97856,1,0,1
3570480,97857,1,1,0
900144,97858,1,1,0
4408640,97859,1,0,1
5011032,97860,1,1,0
1911272,97861,1,1,0
6135464,97862,1,0,1
7433144,97863,1,1,0
823896,97864,1,0,1
7164728,97865,1,0,1
1167000,97866,1,1,0
1517344,97867,1,1,0
3087824,97868,1,1,0
4528400,97869,1,1,0
886144,97870,1,1,0
5426704,97871,1,0,1
6813256,97872,1,1,0
509344,97873,1,0,1
7237808,97874,1,1,0
1735496,97875,1,1,0
1982736,97876,1,1,0
1878840,97877,1,0,1
6448064,97878,1,1,0
1053656,97879,1,1,0
4833400,97880,1,1,0
7773736,97881,1,0,1
4725400,97882,1,0,1
883568,97883,1,0,1
1465544,97884,1,1,0
602872,97885,1,1,0
6840712,97886,1,0,1
3816320,97887,1,0,1
1594216,97888,1,1,0
2658072,97889,1,1,0
3787848,97890,1,0,1
3739536,97891,1,0,1
2119216,97892,1,0,1
4839688,97893,1,0,1
619064,97894,1,0,1
1023632,97895,1,0,1
475864,97896,1,0,1
4223464,97897,1,0,1
5515832,97898,1,0,1
1376672,97899,1,0,1
1472000,97900,1,0,1
1149104,97901,1,1,0
1212720,97902,1,1,0
1249384,97903,1,1,0
1113768,97904,1,1,0
211360,97905,1,0,1
6279552,97906,1,1,0
180392,97907,1,0,1
1443576,97908,1,1,0
1721488,97909,1,0,1
3853968,97910,1,1,0
1943288,97911,1,1,0
4783064,97912,1,0,1
459944,97913,1,0,1
7377296,97914,1,1,0
247320,97915,1,1,0
1786968,97916,1,1,0
3707048,97917,1,0,1
883248,97918,1,0,1
2918192,97919,1,1,0
3522032,97920,1,0,1
128728,97921,1,0,1
5362568,97922,1,0,1
6620608,97923,1,1,0
2686488,97924,1,1,0
705032,97925,1,0,1
3019048,97926,1,1,0
2024592,97927,1,1,0
6895192,97928,1,1,0
1507464,97929,1,0,1
1369528,97930,1,1,0
110968,97931,1,1,0
1078024,97932,1,0,1
1591376,97933,1,1,0
255144,97934,1,1,0
4506344,97935,1,0,1
4356760,97936,1,0,1
4484448,97937,1,1,0
2604520,97938,1,0,1
1518832,97939,1,0,1
602328,97940,1,0,1
1325736,97941,1,0,1
1562808,97942,1,0,1
2670224,97943,1,0,1
1487472,97944,1,1,0
3444216,97945,1,1,0
1924672,97946,1,1,0
504408,97947,1,1,0
151752,97948,1,0,1
2945312,97949,1,1,0
1004016,97950,1,1,0
2781896,97951,1,1,0
1629536,97952,1,1,0
4164320,97953,1,0,1
3170464,97954,1,1,0
280600,97955,1,0,1
1397160,97956,1,1,0
1629312,97957,1,0,1
601328,97958,1,1,0
2193496,97959,1,0,1
5130552,97960,1,0,1
911896,97961,1,1,0
622768,97962,1,1,0
5572552,97963,1,0,1
259032,97964,1,1,0
2230488,97965,1,0,1
882776,97966,1,1,0
2425728,97967,1,0,1
556616,97968,1,0,1
866816,97969,1,1,0
3175392,97970,1,0,1
502320,97971,1,1,0
758600,97972,1,1,0
1016312,97973,1,0,1
1631656,97974,1,0,1
565608,97975,1,1,0
5961424,97976,1,1,0
4807752,97977,1,1,0
964544,97978,1,0,1
404696,97979,1,0,1
3918160,97980,1,1,0
2555096,97981,1,1,0
631112,97982,1,1,0
2680856,97983,1,0,1
5118048,97984,1,1,0
5787864,97985,1,0,1
1023768,97986,1,0,1
2228952,97987,1,0,1
1144880,97988,1,0,1
1909816,97989,1,1,0
725752,97990,1,1,0
2694544,97991,1,1,0
1658656,97992,1,0,1
5303368,97993,1,0,1
155016,97994,1,1,0
3072088,97995,1,0,1
5984712,97996,1,1,0
1212600,97997,1,1,0
5296352,97998,1,0,1
3276016,97999,1,1,0
4574888,98000,1,0,1
2037368,98001,1,1,0
2924488,98002,1,0,1
6790512,98003,1,1,0
1758056,98004,1,1,0
6521096,98005,1,1,0
5609496,98006,1,1,0
5554336,98007,1,0,1
4294680,98008,1,0,1
719632,98009,1,1,0
3284080,98010,1,0,1
1395200,98011,1,0,1
2586936,98012,1,0,1
252000,98013,1,0,1
530264,98014,1,1,0
2125584,98015,1,1,0
2317624,98016,1,0,1
3456584,98017,1,1,0
996992,98018,1,1,0
925456,98019,1,1,0
3203496,98020,1,1,0
7583888,98021,1,1,0
1252424,98022,1,0,1
5401616,98023,1,0,1
3034992,98024,1,1,0
4669184,98025,1,0,1
2032744,98026,1,0,1
5595416,98027,1,1,0
665064,98028,1,0,1
820264,98029,1,0,1
1150608,98030,1,1,0
4444712,98031,1,0,1
6373792,98032,1,1,0
7381000,98033,1,1,0
8098384,98034,1,0,1
3279104,98035,1,0,1
5198600,98036,1,0,1
3176608,98037,1,1,0
7552032,98038,1,1,0
4651880,98039,1,0,1
1052928,98040,1,1,0
1118432,98041,1,0,1
2285864,98042,1,1,0
4271536,98043,1,1,0
4221488,98044,1,1,0
1451736,98045,1,0,1
861424,98046,1,0,1
1612552,98047,1,1,0
1681728,98048,1,1,0
1058632,98049,1,0,1
5420056,98050,1,0,1
859544,98051,1,1,0
6774920,98052,1,0,1
7593768,98053,1,1,0
2384168,98054,1,0,1
118800,98055,1,0,1
4818632,98056,1,0,1
6184160,98057,1,0,1
170032,98058,1,1,0
912288,98059,1,0,1
2582320,98060,1,1,0
1296712,98061,1,1,0
3214536,98062,1,1,0
677536,98063,1,0,1
1369792,98064,1,0,1
7614360,98065,1,1,0
7720000,98066,1,0,1
484304,98067,1,0,1
489816,98068,1,0,1
4304376,98069,1,0,1
1231376,98070,1,0,1
7507544,98071,1,0,1
2902696,98072,1,1,0
822568,98073,1,1,0
2119760,98074,1,0,1
6485472,98075,1,1,0
1510608,98076,1,0,1
1788304,98077,1,0,1
8242568,98078,1,0,1
7923320,98079,1,0,1
4034344,98080,1,1,0
1710824,98081,1,0,1
1240344,98082,1,1,0
4445784,98083,1,0,1
6057648,98084,1,0,1
429080,98085,1,1,0
781912,98086,1,0,1
3576536,98087,1,0,1
2359136,98088,1,0,1
2287256,98089,1,0,1
807072,98090,1,0,1
930024,98091,1,1,0
1832768,98092,1,1,0
6166136,98093,1,1,0
1165864,98094,1,1,0
396680,98095,1,1,0
3447896,98096,1,1,0
5878120,98097,1,1,0
767464,98098,1,1,0
509144,98099,1,0,1
2038680,98100,1,0,1
2404160,98101,1,0,1
5160960,98102,1,1,0
248352,98103,1,1,0
4695080,98104,1,0,1
1208352,98105,1,1,0
1499304,98106,1,1,0
491144,98107,1,0,1
1695736,98108,1,0,1
676416,98109,1,1,0
5745168,98110,1,1,0
3182600,98111,1,0,1
5634896,98112,1,1,0
614120,98113,1,0,1
4644568,98114,1,1,0
7788976,98115,1,1,0
2110936,98116,1,0,1
8236928,98117,1,0,1
865208,98118,1,1,0
5234240,98119,1,0,1
8341208,98120,1,1,0
217768,98121,1,1,0
2912096,98122,1,0,1
312120,98123,1,1,0
486480,98124,1,0,1
202992,98125,1,1,0
520048,98126,1,1,0
631648,98127,1,1,0
2962480,98128,1,0,1
936952,98129,1,0,1
906048,98130,1,0,1
5937088,98131,1,0,1
7578568,98132,1,0,1
7341560,98133,1,0,1
6938152,98134,1,0,1
2295432,98135,1,0,1
1899016,98136,1,1,0
2898904,98137,1,1,0
1305608,98138,1,0,1
1810696,98139,1,0,1
5006032,98140,1,0,1
588880,98141,1,1,0
2500624,98142,1,1,0
3631192,98143,1,0,1
7746608,98144,1,1,0
478320,98145,1,1,0
1710288,98146,1,1,0
2218336,98147,1,0,1
8259656,98148,1,1,0
4569448,98149,1,1,0
4269856,98150,1,1,0
252944,98151,1,1,0
1530000,98152,1,1,0
1122264,98153,1,1,0
858192,98154,1,0,1
1927976,98155,1,1,0
8049024,98156,1,1,0
8383616,98157,1,0,1
2382648,98158,1,0,1
3051240,98159,1,0,1
1473504,98160,1,1,0
843456,98161,1,1,0
365496,98162,1,0,1
2705672,98163,1,0,1
8326640,98164,1,1,0
1531288,98165,1,0,1
5554984,98166,1,0,1
1582120,98167,1,1,0
1458056,98168,1,0,1
1655544,98169,1,0,1
4074784,98170,1,0,1
447352,98171,1,1,0
451688,98172,1,1,0
796672,98173,1,0,1
1977992,98174,1,1,0
179264,98175,1,0,1
2202896,98176,1,1,0
1146616,98177,1,1,0
178808,98178,1,1,0
1017888,98179,1,0,1
1611912,98180,1,0,1
7773792,98181,1,1,0
2820144,98182,1,1,0
3055272,98183,1,1,0
4772672,98184,1,0,1
5350248,98185,1,0,1
1341456,98186,1,0,1
3478328,98187,1,1,0
2954456,98188,1,1,0
3034824,98189,1,1,0
5321664,98190,1,1,0
1132440,98191,1,1,0
347288,98192,1,1,0
6910464,98193,1,0,1
4858848,98194,1,1,0
1803312,98195,1,1,0
3203168,98196,1,1,0
2393928,98197,1,0,1
1280312,98198,1,0,1
507040,98199,1,0,1
2870256,98200,1,0,1
908728,98201,1,1,0
1521256,98202,1,0,1
1966528,98203,1,1,0
8112928,98204,1,0,1
2759544,98205,1,0,1
874024,98206,1,1,0
8121232,98207,1,1,0
4439024,98208,1,1,0
5436008,98209,1,1,0
1794312,98210,1,0,1
316752,98211,1,1,0
274744,98212,1,0,1
175504,98213,1,0,1
1624176,98214,1,0,1
1092704,98215,1,1,0
392976,98216,1,0,1
1306296,98217,1,1,0
4977464,98218,1,0,1
7123600,98219,1,1,0
1878832,98220,1,1,0
3129616,98221,1,1,0
1447632,98222,1,1,0
5245464,98223,1,1,0
4288736,98224,1,0,1
139584,98225,1,1,0
1693600,98226,1,0,1
1678384,98227,1,0,1
1279240,98228,1,1,0
1824856,98229,1,1,0
148288,98230,1,0,1
4636480,98231,1,1,0
3412744,98232,1,1,0
5943928,98233,1,0,1
7356840,98234,1,1,0
1147688,98235,1,0,1
6583288,98236,1,1,0
2427968,98237,1,1,0
557168,98238,1,0,1
306368,98239,1,0,1
5695728,98240,1,1,0
2557992,98241,1,0,1
2565136,98242,1,0,1
841688,98243,1,1,0
6997024,98244,1,0,1
2245224,98245,1,0,1
7466720,98246,1,0,1
684152,98247,1,1,0
348616,98248,1,0,1
1216384,98249,1,1,0
2677256,98250,1,1,0
1106600,98251,1,0,1
638568,98252,1,1,0
975744,98253,1,1,0
3452520,98254,1,0,1
7929552,98255,1,1,0
2882304,98256,1,1,0
3188656,98257,1,0,1
3143880,98258,1,0,1
6016376,98259,1,1,0
286496,98260,1,1,0
553880,98261,1,1,0
3293064,98262,1,0,1
5258472,98263,1,1,0
1200704,98264,1,1,0
7298752,98265,1,0,1
2723416,98266,1,1,0
5204736,98267,1,0,1
567152,98268,1,0,1
436016,98269,1,0,1
4265136,98270,1,0,1
822512,98271,1,0,1
966400,98272,1,1,0
573904,98273,1,1,0
3515200,98274,1,0,1
2273768,98275,1,1,0
1814344,98276,1,1,0
1143392,98277,1,1,0
1925720,98278,1,0,1
7824128,98279,1,1,0
4869168,98280,1,1,0
1953976,98281,1,0,1
1099000,98282,1,0,1
314648,98283,1,1,0
4947136,98284,1,0,1
7989992,98285,1,1,0
1535240,98286,1,0,1
5567536,98287,1,0,1
3127016,98288,1,1,0
1563424,98289,1,1,0
1553280,98290,1,0,1
2202848,98291,1,0,1
1065344,98292,1,1,0
2755960,98293,1,1,0
1202784,98294,1,0,1
6923584,98295,1,1,0
7444200,98296,1,1,0
2773984,98297,1,1,0
6590824,98298,1,1,0
3038088,98299,1,1,0
640408,98300,1,0,1
1092072,98301,1,1,0
784024,98302,1,0,1
196944,98303,1,0,1
458128,98304,1,0,1
4044584,98305,1,1,0
225784,98306,1,1,0
4911256,98307,1,0,1
569120,98308,1,1,0
3686176,98309,1,0,1
1906112,98310,1,0,1
1510576,98311,1,1,0
6876664,98312,1,1,0
1636336,98313,1,0,1
7965016,98314,1,0,1
5666176,98315,1,1,0
146720,98316,1,1,0
7892152,98317,1,0,1
2111376,98318,1,0,1
3338680,98319,1,1,0
149128,98320,1,0,1
4244600,98321,1,1,0
828776,98322,1,1,0
966744,98323,1,0,1
4585104,98324,1,1,0
2424088,98325,1,0,1
713000,98326,1,1,0
2866752,98327,1,0,1
1680264,98328,1,0,1
565552,98329,1,1,0
2558568,98330,1,1,0
1897536,98331,1,1,0
340080,98332,1,1,0
1326264,98333,1,1,0
755240,98334,1,0,1
466904,98335,1,0,1
585392,98336,1,0,1
8308480,98337,1,0,1
2773960,98338,1,0,1
2856352,98339,1,0,1
4614984,98340,1,1,0
3523240,98341,1,0,1
1167808,98342,1,1,0
2376056,98343,1,1,0
2379696,98344,1,1,0
5074056,98345,1,1,0
7780384,98346,1,1,0
121528,98347,1,0,1
2361984,98348,1,1,0
895312,98349,1,0,1
1775064,98350,1,0,1
3088968,98351,1,1,0
926672,98352,1,1,0
4782176,98353,1,0,1
4065736,98354,1,1,0
482424,98355,1,1,0
337616,98356,1,1,0
2373928,98357,1,0,1
3770048,98358,1,1,0
139264,98359,1,0,1
4123632,98360,1,1,0
3197208,98361,1,0,1
1819712,98362,1,0,1
1534376,98363,1,0,1
6511248,98364,1,1,0
2461616,98365,1,1,0
7155304,98366,1,0,1
609712,98367,1,0,1
2259712,98368,1,0,1
2258040,98369,1,0,1
765120,98370,1,1,0
1902984,98371,1,1,0
726584,98372,1,0,1
4057976,98373,1,0,1
4557304,98374,1,0,1
3784368,98375,1,0,1
7897584,98376,1,0,1
1383280,98377,1,1,0
321552,98378,1,1,0
1482256,98379,1,1,0
346408,98380,1,1,0
421624,98381,1,0,1
7267256,98382,1,0,1
2617744,98383,1,1,0
3056440,98384,1,0,1
7219016,98385,1,0,1
1941432,98386,1,0,1
4785448,98387,1,1,0
5807176,98388,1,1,0
1649928,98389,1,0,1
1259456,98390,1,0,1
8088896,98391,1,0,1
1563080,98392,1,0,1
5088856,98393,1,1,0
6127552,98394,1,1,0
823400,98395,1,0,1
4549360,98396,1,1,0
2082560,98397,1,1,0
1269888,98398,1,1,0
2666552,98399,1,1,0
987752,98400,1,1,0
5752360,98401,1,1,0
6043368,98402,1,1,0
224104,98403,1,0,1
512568,98404,1,0,1
579280,98405,1,1,0
3303184,98406,1,1,0
8304144,98407,1,0,1
8028696,98408,1,1,0
3966544,98409,1,1,0
2012120,98410,1,0,1
3655680,98411,1,1,0
4666728,98412,1,0,1
5250824,98413,1,0,1
5921496,98414,1,0,1
5546936,98415,1,0,1
949336,98416,1,1,0
6106816,98417,1,1,0
2908184,98418,1,1,0
6616816,98419,1,0,1
4978480,98420,1,0,1
2249088,98421,1,0,1
747440,98422,1,0,1
3906024,98423,1,1,0
3135656,98424,1,1,0
1694584,98425,1,0,1
2008184,98426,1,0,1
3689760,98427,1,1,0
1160480,98428,1,1,0
918984,98429,1,0,1
1090384,98430,1,0,1
6667320,98431,1,0,1
1711528,98432,1,1,0
1814384,98433,1,0,1
1685792,98434,1,1,0
437040,98435,1,0,1
1516552,98436,1,0,1
4856768,98437,1,1,0
7994744,98438,1,1,0
2664320,98439,1,0,1
566272,98440,1,0,1
5193224,98441,1,0,1
1294752,98442,1,1,0
3149528,98443,1,0,1
2634976,98444,1,0,1
8377768,98445,1,1,0
1844568,98446,1,0,1
1816496,98447,1,1,0
2628376,98448,1,0,1
1987560,98449,1,1,0
473192,98450,1,1,0
3369880,98451,1,1,0
149512,98452,1,0,1
1319480,98453,1,1,0
4030696,98454,1,0,1
2691096,98455,1,1,0
4994688,98456,1,1,0
1146376,98457,1,1,0
6612896,98458,1,0,1
1697144,98459,1,0,1
1209296,98460,1,0,1
418416,98461,1,0,1
3630680,98462,1,1,0
4816432,98463,1,1,0
2548368,98464,1,1,0
2223712,98465,1,1,0
6506992,98466,1,1,0
1638448,98467,1,0,1
358344,98468,1,0,1
5588424,98469,1,0,1
109720,98470,1,0,1
5795296,98471,1,1,0
3254328,98472,1,1,0
1986824,98473,1,0,1
324328,98474,1,0,1
6199072,98475,1,0,1
5262680,98476,1,0,1
2246144,98477,1,1,0
4497312,98478,1,0,1
881408,98479,1,1,0
3488144,98480,1,1,0
368968,98481,1,1,0
3141512,98482,1,1,0
3865952,98483,1,1,0
3754904,98484,1,1,0
7171656,98485,1,1,0
1876936,98486,1,0,1
6642440,98487,1,1,0
4535656,98488,1,1,0
3393088,98489,1,0,1
1285712,98490,1,1,0
4986168,98491,1,0,1
3835144,98492,1,1,0
2470416,98493,1,1,0
3868496,98494,1,0,1
2434568,98495,1,0,1
3404936,98496,1,1,0
2099640,98497,1,1,0
158960,98498,1,0,1
3458336,98499,1,1,0
1337704,98500,1,0,1
269648,98501,1,1,0
692768,98502,1,1,0
5750016,98503,1,1,0
1725832,98504,1,0,1
8225416,98505,1,0,1
8212936,98506,1,1,0
4796208,98507,1,1,0
4762096,98508,1,1,0
1991336,98509,1,0,1
1261608,98510,1,0,1
4026304,98511,1,1,0
3899720,98512,1,0,1
3129792,98513,1,1,0
2912520,98514,1,0,1
1618776,98515,1,1,0
1768032,98516,1,1,0
1993640,98517,1,0,1
438480,98518,1,1,0
413760,98519,1,0,1
3134944,98520,1,1,0
3765288,98521,1,0,1
3372624,98522,1,0,1
1452016,98523,1,1,0
5983752,98524,1,0,1
936712,98525,1,0,1
2712456,98526,1,1,0
963424,98527,1,1,0
3764448,98528,1,0,1
6132472,98529,1,1,0
1632920,98530,1,0,1
748192,98531,1,1,0
6602168,98532,1,1,0
1109408,98533,1,0,1
509128,98534,1,1,0
955496,98535,1,0,1
2648832,98536,1,1,0
6379776,98537,1,0,1
5843224,98538,1,1,0
2778512,98539,1,0,1
5732912,98540,1,0,1
2089344,98541,1,0,1
5697288,98542,1,0,1
1680496,98543,1,0,1
1618280,98544,1,0,1
3313920,98545,1,1,0
337576,98546,1,0,1
2177296,98547,1,0,1
2091336,98548,1,0,1
329304,98549,1,1,0
446992,98550,1,1,0
1709592,98551,1,1,0
6192696,98552,1,1,0
2971344,98553,1,1,0
1579016,98554,1,0,1
2656728,98555,1,1,0
2183312,98556,1,1,0
1528408,98557,1,0,1
685856,98558,1,1,0
8109888,98559,1,0,1
1743168,98560,1,0,1
7314312,98561,1,1,0
5759768,98562,1,1,0
288888,98563,1,0,1
255304,98564,1,1,0
5785216,98565,1,0,1
1904480,98566,1,1,0
3194520,98567,1,1,0
469592,98568,1,0,1
1921032,98569,1,1,0
608896,98570,1,1,0
326056,98571,1,1,0
3002016,98572,1,1,0
1983704,98573,1,0,1
3632792,98574,1,0,1
305024,98575,1,0,1
5510064,98576,1,1,0
8376160,98577,1,0,1
3913456,98578,1,1,0
261344,98579,1,1,0
5247416,98580,1,0,1
6621016,98581,1,1,0
5246688,98582,1,0,1
1414384,98583,1,1,0
3598912,98584,1,0,1
1823240,98585,1,1,0
2662496,98586,1,1,0
8275160,98587,1,0,1
3291056,98588,1,1,0
879656,98589,1,1,0
4098856,98590,1,0,1
4730384,98591,1,0,1
266352,98592,1,1,0
332920,98593,1,1,0
2444144,98594,1,0,1
2044736,98595,1,1,0
4495968,98596,1,1,0
233064,98597,1,0,1
3339552,98598,1,1,0
4625224,98599,1,0,1
1223664,98600,1,1,0
6706168,98601,1,0,1
2800192,98602,1,0,1
6493336,98603,1,1,0
298568,98604,1,1,0
2704336,98605,1,1,0
903208,98606,1,1,0
999808,98607,1,1,0
1526536,98608,1,1,0
2825008,98609,1,0,1
2461320,98610,1,1,0
309704,98611,1,0,1
3282416,98612,1,0,1
1162512,98613,1,0,1
724040,98614,1,0,1
2021536,98615,1,0,1
6501152,98616,1,1,0
3859600,98617,1,1,0
639872,98618,1,0,1
756848,98619,1,1,0
4995304,98620,1,0,1
586640,98621,1,1,0
894720,98622,1,0,1
880400,98623,1,1,0
5098720,98624,1,1,0
205544,98625,1,1,0
5435400,98626,1,0,1
2173320,98627,1,0,1
1396032,98628,1,0,1
1204768,98629,1,0,1
6873440,98630,1,1,0
673504,98631,1,0,1
218048,98632,1,1,0
1220456,98633,1,0,1
5716440,98634,1,1,0
404704,98635,1,0,1
233976,98636,1,1,0
894400,98637,1,0,1
1314376,98638,1,1,0
4587440,98639,1,0,1
251640,98640,1,1,0
4026640,98641,1,1,0
7759088,98642,1,1,0
4903112,98643,1,1,0
1399168,98644,1,0,1
4286072,98645,1,1,0
4246112,98646,1,1,0
406912,98647,1,1,0
2614744,98648,1,1,0
7146552,98649,1,1,0
5050576,98650,1,0,1
4424344,98651,1,1,0
621008,98652,1,0,1
2618264,98653,1,1,0
5644648,98654,1,1,0
2532112,98655,1,1,0
1938208,98656,1,0,1
1560600,98657,1,0,1
573320,98658,1,0,1
3026200,98659,1,1,0
1286904,98660,1,0,1
5630632,98661,1,0,1
385008,98662,1,1,0
2366088,98663,1,1,0
548264,98664,1,1,0
7859952,98665,1,1,0
2509360,98666,1,1,0
7680168,98667,1,0,1
1601096,98668,1,1,0
5017600,98669,1,0,1
5968504,98670,1,1,0
3290200,98671,1,0,1
7724536,98672,1,1,0
3628224,98673,1,1,0
3336088,98674,1,1,0
5087728,98675,1,0,1
104872,98676,1,0,1
3206648,98677,1,1,0
890352,98678,1,1,0
1625352,98679,1,0,1
3431056,98680,1,0,1
8347560,98681,1,0,1
1526560,98682,1,0,1
2719648,98683,1,0,1
1581960,98684,1,0,1
914432,98685,1,1,0
1178000,98686,1,0,1
208408,98687,1,1,0
1845208,98688,1,0,1
5053816,98689,1,1,0
6879656,98690,1,0,1
1702352,98691,1,0,1
3025264,98692,1,1,0
1344864,98693,1,1,0
288072,98694,1,1,0
4607336,98695,1,0,1
2267776,98696,1,0,1
6327552,98697,1,1,0
7428192,98698,1,1,0
470128,98699,1,0,1
8174064,98700,1,0,1
758824,98701,1,0,1
3563976,98702,1,1,0
1592352,98703,1,1,0
3434088,98704,1,0,1
6731064,98705,1,1,0
143104,98706,1,0,1
3352416,98707,1,0,1
254352,98708,1,0,1
2283928,98709,1,1,0
812808,98710,1,0,1
582240,98711,1,1,0
8050240,98712,1,1,0
675656,98713,1,0,1
1675840,98714,1,0,1
8331280,98715,1,0,1
4813696,98716,1,0,1
6789008,98717,1,1,0
1981992,98718,1,1,0
916168,98719,1,0,1
7815192,98720,1,1,0
885392,98721,1,1,0
355360,98722,1,1,0
5351416,98723,1,0,1
4441328,98724,1,0,1
1171768,98725,1,0,1
407320,98726,1,1,0
6190368,98727,1,0,1
622760,98728,1,0,1
1719416,98729,1,0,1
2170224,98730,1,1,0
222200,98731,1,0,1
479120,98732,1,0,1
870768,98733,1,0,1
1937064,98734,1,0,1
5487368,98735,1,1,0
2669176,98736,1,1,0
265664,98737,1,1,0
6182008,98738,1,1,0
7790776,98739,1,0,1
2314352,98740,1,0,1
2910240,98741,1,0,1
3274424,98742,1,1,0
2142920,98743,1,1,0
874064,98744,1,1,0
448496,98745,1,0,1
5263488,98746,1,0,1
597744,98747,1,1,0
1937888,98748,1,1,0
7007792,98749,1,0,1
845152,98750,1,0,1
944216,98751,1,0,1
677640,98752,1,0,1
2449136,98753,1,1,0
4236616,98754,1,1,0
3153864,98755,1,0,1
203216,98756,1,0,1
1971008,98757,1,1,0
7495472,98758,1,1,0
7523352,98759,1,0,1
2422608,98760,1,1,0
5430928,98761,1,0,1
1080432,98762,1,0,1
408992,98763,1,0,1
3727648,98764,1,0,1
1687872,98765,1,1,0
738392,98766,1,0,1
1747296,98767,1,1,0
4569544,98768,1,1,0
6243240,98769,1,1,0
2343848,98770,1,1,0
6187208,98771,1,1,0
5838056,98772,1,1,0
6045192,98773,1,1,0
6719376,98774,1,0,1
1078600,98775,1,0,1
2771952,98776,1,0,1
5348736,98777,1,1,0
1134728,98778,1,0,1
8363104,98779,1,0,1
1041384,98780,1,0,1
2737256,98781,1,0,1
4168656,98782,1,1,0
6110360,98783,1,0,1
678360,98784,1,1,0
6152824,98785,1,0,1
5496800,98786,1,1,0
5628056,98787,1,0,1
3045312,98788,1,0,1
559976,98789,1,1,0
4273616,98790,1,0,1
386832,98791,1,1,0
1861384,98792,1,0,1
4349712,98793,1,0,1
281864,98794,1,1,0
168032,98795,1,1,0
1870784,98796,1,1,0
5310640,98797,1,0,1
3310704,98798,1,1,0
4582584,98799,1,1,0
1660112,98800,1,1,0
7273656,98801,1,1,0
1352184,98802,1,0,1
5814448,98803,1,1,0
2538312,98804,1,1,0
5295680,98805,1,0,1
6795008,98806,1,0,1
737256,98807,1,0,1
584960,98808,1,0,1
1763920,98809,1,0,1
1161480,98810,1,1,0
7945568,98811,1,1,0
5407760,98812,1,1,0
901624,98813,1,1,0
2472496,98814,1,0,1
4046648,98815,1,0,1
4518808,98816,1,0,1
7655192,98817,1,0,1
8021592,98818,1,1,0
1627688,98819,1,1,0
788112,98820,1,0,1
2591072,98821,1,1,0
5670464,98822,1,0,1
4042920,98823,1,1,0
1878920,98824,1,0,1
1126088,98825,1,0,1
1773120,98826,1,1,0
2147040,98827,1,1,0
900952,98828,1,0,1
7554312,98829,1,0,1
1824416,98830,1,1,0
2172480,98831,1,1,0
2101680,98832,1,0,1
1203336,98833,1,0,1
3173048,98834,1,0,1
6319080,98835,1,1,0
3019216,98836,1,1,0
674000,98837,1,1,0
7281704,98838,1,1,0
3302240,98839,1,1,0
715336,98840,1,1,0
1182016,98841,1,0,1
957192,98842,1,1,0
3933480,98843,1,1,0
6213664,98844,1,0,1
1428200,98845,1,0,1
5740824,98846,1,1,0
4138280,98847,1,1,0
1561608,98848,1,1,0
8007304,98849,1,1,0
4345352,98850,1,0,1
7515456,98851,1,0,1
1461336,98852,1,0,1
1225232,98853,1,0,1
1980904,98854,1,1,0
1458656,98855,1,0,1
6230496,98856,1,0,1
4742416,98857,1,0,1
66720,98858,1,0,1
1388160,98859,1,0,1
5621664,98860,1,1,0
287472,98861,1,1,0
1175456,98862,1,1,0
1612368,98863,1,0,1
3803320,98864,1,1,0
6442112,98865,1,1,0
612624,98866,1,0,1
874984,98867,1,0,1
863320,98868,1,1,0
7709960,98869,1,0,1
638952,98870,1,0,1
3971112,98871,1,1,0
1018464,98872,1,0,1
1296232,98873,1,1,0
1471712,98874,1,0,1
546088,98875,1,1,0
3990808,98876,1,0,1
805592,98877,1,1,0
6394816,98878,1,0,1
931920,98879,1,0,1
5829992,98880,1,0,1
803608,98881,1,0,1
3419384,98882,1,0,1
4275784,98883,1,0,1
982424,98884,1,1,0
2555488,98885,1,0,1
257888,98886,1,0,1
646272,98887,1,1,0
123288,98888,1,1,0
5153640,98889,1,0,1
1876224,98890,1,0,1
1776000,98891,1,0,1
435736,98892,1,0,1
6646360,98893,1,0,1
392080,98894,1,1,0
674720,98895,1,0,1
863688,98896,1,1,0
7027016,98897,1,0,1
178320,98898,1,1,0
469568,98899,1,0,1
3415584,98900,1,0,1
1489216,98901,1,0,1
2161888,98902,1,0,1
281624,98903,1,1,0
2073768,98904,1,1,0
465032,98905,1,1,0
1180200,98906,1,0,1
202584,98907,1,1,0
992688,98908,1,1,0
6898576,98909,1,1,0
552760,98910,1,1,0
331320,98911,1,0,1
1848688,98912,1,0,1
1147384,98913,1,0,1
1986992,98914,1,1,0
1580208,98915,1,0,1
1249680,98916,1,1,0
5852248,98917,1,1,0
372880,98918,1,1,0
764192,98919,1,0,1
6075688,98920,1,1,0
752680,98921,1,1,0
235080,98922,1,1,0
843016,98923,1,0,1
6737936,98924,1,1,0
571856,98925,1,1,0
5744864,98926,1,0,1
2569008,98927,1,0,1
1624680,98928,1,1,0
903696,98929,1,1,0
3255856,98930,1,1,0
5396048,98931,1,1,0
1323376,98932,1,0,1
754200,98933,1,1,0
1588712,98934,1,0,1
1270640,98935,1,1,0
3336856,98936,1,0,1
1042928,98937,1,0,1
2691296,98938,1,0,1
5145280,98939,1,0,1
5067376,98940,1,0,1
3433464,98941,1,1,0
417696,98942,1,1,0
335696,98943,1,1,0
4552288,98944,1,0,1
6296688,98945,1,0,1
4073912,98946,1,0,1
1665368,98947,1,1,0
1190392,98948,1,0,1
558056,98949,1,1,0
175512,98950,1,1,0
6242744,98951,1,0,1
4248136,98952,1,1,0
745968,98953,1,1,0
1682856,98954,1,0,1
663832,98955,1,1,0
4755360,98956,1,1,0
4873568,98957,1,1,0
6334840,98958,1,1,0
689344,98959,1,0,1
637032,98960,1,1,0
5461032,98961,1,1,0
1358424,98962,1,0,1
4109416,98963,1,1,0
310232,98964,1,0,1
1854264,98965,1,1,0
959408,98966,1,0,1
2413128,98967,1,1,0
3807536,98968,1,1,0
205624,98969,1,0,1
1607752,98970,1,1,0
279040,98971,1,0,1
5779000,98972,1,0,1
2913536,98973,1,0,1
1039616,98974,1,0,1
6819880,98975,1,0,1
276704,98976,1,0,1
3202904,98977,1,0,1
7299504,98978,1,1,0
3902768,98979,1,1,0
2848432,98980,1,1,0
7741744,98981,1,0,1
5181856,98982,1,1,0
2424008,98983,1,1,0
4838000,98984,1,0,1
1752520,98985,1,1,0
5902944,98986,1,0,1
185984,98987,1,1,0
4834448,98988,1,1,0
8030304,98989,1,1,0
3411528,98990,1,0,1
790560,98991,1,0,1
505112,98992,1,0,1
7887864,98993,1,1,0
4282072,98994,1,1,0
350144,98995,1,1,0
2508496,98996,1,1,0
6067624,98997,1,0,1
653752,98998,1,1,0
1230648,98999,1,1,0
6494448,99000,1,0,1
445936,99001,1,0,1
5757216,99002,1,0,1
6398936,99003,1,1,0
4405480,99004,1,0,1
1407576,99005,1,0,1
1193592,99006,1,0,1
1515616,99007,1,0,1
2343808,99008,1,0,1
4070808,99009,1,0,1
3176080,99010,1,1,0
952608,99011,1,0,1
1206672,99012,1,0,1
2308808,99013,1,1,0
2243136,99014,1,0,1
3472280,99015,1,0,1
6243664,99016,1,0,1
1089208,99017,1,0,1
2280896,99018,1,0,1
533216,99019,1,1,0
3052448,99020,1,0,1
5109000,99021,1,1,0
1292096,99022,1,0,1
4300576,99023,1,1,0
2995896,99024,1,0,1
2887984,99025,1,1,0
3991856,99026,1,1,0
663592,99027,1,0,1
5706000,99028,1,0,1
2825704,99029,1,0,1
1138152,99030,1,0,1
1689648,99031,1,1,0
2613248,99032,1,0,1
5658408,99033,1,0,1
2333904,99034,1,0,1
424136,99035,1,0,1
7494576,99036,1,1,0
1409520,99037,1,1,0
3548848,99038,1,0,1
1167072,99039,1,0,1
1661784,99040,1,0,1
1719528,99041,1,1,0
5024048,99042,1,0,1
7185400,99043,1,1,0
661960,99044,1,0,1
3529328,99045,1,0,1
681952,99046,1,1,0
3465520,99047,1,1,0
843624,99048,1,1,0
4964976,99049,1,1,0
863416,99050,1,0,1
526152,99051,1,0,1
1289744,99052,1,1,0
4491504,99053,1,1,0
4278848,99054,1,1,0
3247296,99055,1,1,0
2540960,99056,1,1,0
784544,99057,1,0,1
1984128,99058,1,0,1
1675096,99059,1,0,1
5430536,99060,1,1,0
2592816,99061,1,1,0
5963648,99062,1,1,0
678800,99063,1,0,1
2998400,99064,1,0,1
462960,99065,1,0,1
827048,99066,1,1,0
2216920,99067,1,0,1
322032,99068,1,1,0
508912,99069,1,1,0
6736368,99070,1,0,1
3163416,99071,1,1,0
6024240,99072,1,1,0
1174456,99073,1,1,0
6312256,99074,1,1,0
3366088,99075,1,0,1
874432,99076,1,1,0
1626272,99077,1,1,0
4874536,99078,1,1,0
5094736,99079,1,0,1
3493496,99080,1,1,0
1128000,99081,1,1,0
2949784,99082,1,0,1
5533464,99083,1,1,0
1214856,99084,1,1,0
5279208,99085,1,0,1
3750672,99086,1,0,1
6590728,99087,1,0,1
7301208,99088,1,1,0
5789152,99089,1,1,0
4332416,99090,1,0,1
7535672,99091,1,1,0
641840,99092,1,0,1
425440,99093,1,0,1
311280,99094,1,0,1
666592,99095,1,0,1
228104,99096,1,1,0
3695416,99097,1,0,1
1547280,99098,1,0,1
382656,99099,1,0,1
5763624,99100,1,1,0
417864,99101,1,1,0
4934672,99102,1,0,1
1516792,99103,1,1,0
5111008,99104,1,0,1
1351072,99105,1,1,0
1307688,99106,1,0,1
1330744,99107,1,1,0
418488,99108,1,1,0
7032784,99109,1,1,0
2996776,99110,1,1,0
2446968,99111,1,0,1
2163784,99112,1,0,1
1076864,99113,1,1,0
3845528,99114,1,0,1
4418128,99115,1,1,0
3017136,99116,1,1,0
4171944,99117,1,1,0
546736,99118,1,0,1
2577752,99119,1,1,0
7301912,99120,1,1,0
2812688,99121,1,1,0
7719392,99122,1,1,0
1820008,99123,1,0,1
1307400,99124,1,1,0
2597856,99125,1,1,0
966384,99126,1,1,0
7881104,99127,1,1,0
1087504,99128,1,0,1
328304,99129,1,0,1
1440720,99130,1,1,0
1013072,99131,1,0,1
5683176,99132,1,0,1
2505640,99133,1,0,1
6315976,99134,1,1,0
1694160,99135,1,1,0
1803192,99136,1,0,1
788560,99137,1,0,1
1847504,99138,1,1,0
1612416,99139,1,1,0
5253624,99140,1,1,0
920408,99141,1,0,1
767160,99142,1,1,0
7163296,99143,1,1,0
5019224,99144,1,0,1
4186928,99145,1,0,1
2679792,99146,1,1,0
6858384,99147,1,1,0
1098312,99148,1,0,1
550224,99149,1,1,0
5934752,99150,1,1,0
562560,99151,1,0,1
404976,99152,1,1,0
4833360,99153,1,1,0
2072864,99154,1,0,1
457400,99155,1,0,1
2487568,99156,1,0,1
2632608,99157,1,0,1
788760,99158,1,1,0
1716152,99159,1,0,1
648440,99160,1,1,0
3093960,99161,1,1,0
1326688,99162,1,0,1
8096064,99163,1,0,1
619776,99164,1,0,1
1628224,99165,1,1,0
625304,99166,1,0,1
917360,99167,1,0,1
2189496,99168,1,1,0
6670352,99169,1,1,0
4015952,99170,1,0,1
750312,99171,1,1,0
5910840,99172,1,1,0
3271296,99173,1,0,1
3429032,99174,1,0,1
951504,99175,1,0,1
7905312,99176,1,1,0
4587912,99177,1,0,1
2874176,99178,1,1,0
463040,99179,1,1,0
5594200,99180,1,0,1
1024104,99181,1,1,0
2946568,99182,1,0,1
2640312,99183,1,1,0
7801024,99184,1,1,0
2325344,99185,1,0,1
345552,99186,1,1,0
1437800,99187,1,0,1
1068344,99188,1,0,1
1526752,99189,1,0,1
5724800,99190,1,1,0
2430608,99191,1,1,0
515800,99192,1,1,0
2650416,99193,1,1,0
2219824,99194,1,0,1
2891352,99195,1,1,0
626792,99196,1,0,1
2199328,99197,1,0,1
1753352,99198,1,0,1
593224,99199,1,0,1
208616,99200,1,0,1
215848,99201,1,0,1
5594552,99202,1,1,0
3705984,99203,1,1,0
140232,99204,1,1,0
5505056,99205,1,0,1
273192,99206,1,0,1
385744,99207,1,0,1
5939608,99208,1,1,0
2907944,99209,1,0,1
3535768,99210,1,1,0
492888,99211,1,1,0
2935936,99212,1,0,1
5982280,99213,1,0,1
6811184,99214,1,1,0
659320,99215,1,0,1
7601544,99216,1,0,1
1019368,99217,1,0,1
7789720,99218,1,1,0
1930752,99219,1,1,0
1773448,99220,1,1,0
4810528,99221,1,0,1
8353272,99222,1,0,1
1238192,99223,1,0,1
555664,99224,1,1,0
106392,99225,1,0,1
3094392,99226,1,0,1
7601480,99227,1,0,1
1979488,99228,1,1,0
7430224,99229,1,1,0
6844320,99230,1,0,1
1114016,99231,1,1,0
1313496,99232,1,1,0
1446792,99233,1,1,0
1107896,99234,1,0,1
4741864,99235,1,1,0
702560,99236,1,1,0
2171208,99237,1,0,1
1666200,99238,1,0,1
2257120,99239,1,1,0
985816,99240,1,1,0
5505864,99241,1,1,0
4023112,99242,1,1,0
2703616,99243,1,0,1
6789848,99244,1,1,0
6913992,99245,1,1,0
4849408,99246,1,0,1
1080888,99247,1,0,1
3259824,99248,1,0,1
1417296,99249,1,1,0
173048,99250,1,1,0
3317128,99251,1,1,0
3886896,99252,1,0,1
784552,99253,1,0,1
893112,99254,1,1,0
1016056,99255,1,1,0
6025232,99256,1,0,1
3495872,99257,1,0,1
730304,99258,1,1,0
219296,99259,1,1,0
5721696,99260,1,0,1
2907048,99261,1,0,1
1282456,99262,1,0,1
263688,99263,1,0,1
7579984,99264,1,1,0
532960,99265,1,1,0
319320,99266,1,1,0
3043400,99267,1,1,0
3899088,99268,1,1,0
6013848,99269,1,1,0
1224168,99270,1,1,0
271928,99271,1,0,1
2056032,99272,1,0,1
517584,99273,1,0,1
7758048,99274,1,1,0
972728,99275,1,1,0
518072,99276,1,1,0
2185816,99277,1,0,1
778272,99278,1,0,1
3108632,99279,1,0,1
5774472,99280,1,1,0
1354016,99281,1,1,0
1121016,99282,1,1,0
930272,99283,1,1,0
6351752,99284,1,0,1
806480,99285,1,0,1
565072,99286,1,0,1
5612040,99287,1,1,0
559736,99288,1,1,0
865416,99289,1,0,1
8128176,99290,1,1,0
1335400,99291,1,0,1
1005424,99292,1,0,1
1242104,99293,1,1,0
4829976,99294,1,1,0
1710928,99295,1,1,0
2335072,99296,1,1,0
1741440,99297,1,1,0
5484480,99298,1,0,1
4839224,99299,1,0,1
5779960,99300,1,0,1
2880752,99301,1,1,0
751672,99302,1,1,0
3428600,99303,1,1,0
223104,99304,1,0,1
3464600,99305,1,0,1
6742896,99306,1,0,1
1560968,99307,1,0,1
3549904,99308,1,0,1
3976760,99309,1,1,0
406648,99310,1,0,1
899656,99311,1,1,0
4130896,99312,1,1,0
8242056,99313,1,0,1
6591832,99314,1,0,1
2184440,99315,1,1,0
3729000,99316,1,0,1
270448,99317,1,0,1
4805752,99318,1,0,1
1806672,99319,1,0,1
8212824,99320,1,0,1
589360,99321,1,0,1
870688,99322,1,0,1
628896,99323,1,0,1
5824152,99324,1,1,0
1685088,99325,1,0,1
197184,99326,1,1,0
1250904,99327,1,0,1
2576264,99328,1,0,1
7455632,99329,1,1,0
7037544,99330,1,0,1
502912,99331,1,0,1
362472,99332,1,1,0
2908976,99333,1,0,1
6738936,99334,1,0,1
1298416,99335,1,1,0
6440720,99336,1,0,1
6238632,99337,1,1,0
6200672,99338,1,0,1
1237904,99339,1,1,0
2194144,99340,1,1,0
2292880,99341,1,1,0
204752,99342,1,0,1
870424,99343,1,0,1
5195952,99344,1,1,0
6230512,99345,1,0,1
1841008,99346,1,1,0
244760,99347,1,1,0
296664,99348,1,1,0
1863640,99349,1,1,0
1192128,99350,1,1,0
4765616,99351,1,1,0
2841904,99352,1,1,0
1138648,99353,1,1,0
5754936,99354,1,1,0
2827824,99355,1,1,0
6353056,99356,1,1,0
7092816,99357,1,1,0
3641688,99358,1,0,1
1125608,99359,1,0,1
793336,99360,1,0,1
1645376,99361,1,1,0
2277880,99362,1,0,1
1041208,99363,1,0,1
143504,99364,1,1,0
6507696,99365,1,1,0
1878632,99366,1,1,0
605168,99367,1,1,0
1789168,99368,1,1,0
6892168,99369,1,0,1
4795208,99370,1,0,1
7483232,99371,1,1,0
3788240,99372,1,0,1
2725960,99373,1,1,0
3103152,99374,1,0,1
148312,99375,1,0,1
3581752,99376,1,0,1
1558136,99377,1,0,1
818936,99378,1,1,0
2288688,99379,1,1,0
553240,99380,1,1,0
7354984,99381,1,1,0
3148992,99382,1,1,0
5514968,99383,1,1,0
2287120,99384,1,1,0
636632,99385,1,1,0
2581704,99386,1,0,1
5500048,99387,1,1,0
5916072,99388,1,0,1
969680,99389,1,1,0
2141016,99390,1,0,1
1229288,99391,1,1,0
6978576,99392,1,0,1
879824,99393,1,1,0
1650296,99394,1,0,1
1285200,99395,1,1,0
561344,99396,1,0,1
200928,99397,1,1,0
2266608,99398,1,1,0
3023472,99399,1,0,1
2718264,99400,1,1,0
2941984,99401,1,0,1
1317424,99402,1,0,1
1446384,99403,1,1,0
2592152,99404,1,0,1
1753032,99405,1,0,1
1445208,99406,1,0,1
213888,99407,1,1,0
1148440,99408,1,0,1
4746688,99409,1,0,1
4150632,99410,1,0,1
2740896,99411,1,1,0
5338184,99412,1,1,0
2762976,99413,1,0,1
677024,99414,1,1,0
3155680,99415,1,0,1
1561296,99416,1,0,1
5288296,99417,1,1,0
1029936,99418,1,0,1
685992,99419,1,1,0
1555576,99420,1,0,1
439864,99421,1,1,0
5102880,99422,1,0,1
497408,99423,1,1,0
242912,99424,1,1,0
7744176,99425,1,0,1
6132232,99426,1,1,0
3886832,99427,1,0,1
7180080,99428,1,1,0
3145856,99429,1,0,1
2863624,99430,1,0,1
1693424,99431,1,0,1
7072096,99432,1,0,1
5731432,99433,1,1,0
3805976,99434,1,0,1
3802568,99435,1,0,1
6493496,99436,1,1,0
5456128,99437,1,0,1
840160,99438,1,1,0
5544840,99439,1,0,1
5324456,99440,1,0,1
5908152,99441,1,1,0
4524536,99442,1,0,1
3943856,99443,1,1,0
5702032,99444,1,0,1
1554968,99445,1,0,1
266888,99446,1,0,1
2068808,99447,1,0,1
5981248,99448,1,1,0
741544,99449,1,0,1
6347128,99450,1,1,0
1312504,99451,1,1,0
8285448,99452,1,1,0
2067920,99453,1,1,0
2306040,99454,1,0,1
4335328,99455,1,0,1
7025264,99456,1,1,0
3615744,99457,1,0,1
898904,99458,1,1,0
4211040,99459,1,0,1
4021592,99460,1,0,1
5890888,99461,1,0,1
3171360,99462,1,1,0
3277176,99463,1,1,0
516056,99464,1,0,1
5524000,99465,1,0,1
5635624,99466,1,0,1
1937384,99467,1,1,0
1555888,99468,1,1,0
1874880,99469,1,1,0
527496,99470,1,0,1
6082096,99471,1,1,0
1948208,99472,1,1,0
5398816,99473,1,1,0
2657632,99474,1,1,0
4417264,99475,1,1,0
452160,99476,1,1,0
840544,99477,1,0,1
320904,99478,1,0,1
5165560,99479,1,1,0
792072,99480,1,0,1
5779464,99481,1,0,1
710040,99482,1,1,0
3028568,99483,1,1,0
6772792,99484,1,0,1
2960712,99485,1,0,1
952544,99486,1,0,1
4129536,99487,1,1,0
2752296,99488,1,1,0
1880832,99489,1,1,0
2683520,99490,1,1,0
327608,99491,1,0,1
164496,99492,1,0,1
2368816,99493,1,1,0
255712,99494,1,0,1
3916128,99495,1,1,0
4063712,99496,1,0,1
5117328,99497,1,1,0
7235160,99498,1,1,0
1238944,99499,1,1,0
3500112,99500,1,0,1
2428456,99501,1,1,0
2478984,99502,1,1,0
406424,99503,1,0,1
3772056,99504,1,1,0
8342336,99505,1,0,1
1974544,99506,1,0,1
4383864,99507,1,1,0
1108936,99508,1,1,0
2499544,99509,1,1,0
562592,99510,1,1,0
924752,99511,1,1,0
8070808,99512,1,0,1
4134648,99513,1,0,1
5271088,99514,1,0,1
1421272,99515,1,1,0
385096,99516,1,1,0
1434992,99517,1,1,0
7027576,99518,1,1,0
4005560,99519,1,0,1
383360,99520,1,0,1
3868488,99521,1,0,1
184544,99522,1,1,0
3303856,99523,1,1,0
6077344,99524,1,0,1
6597448,99525,1,0,1
1559056,99526,1,0,1
1330176,99527,1,1,0
1336384,99528,1,0,1
8184296,99529,1,0,1
3040616,99530,1,1,0
7449784,99531,1,0,1
4446760,99532,1,1,0
6899360,99533,1,0,1
653824,99534,1,0,1
8282864,99535,1,0,1
206592,99536,1,0,1
4774648,99537,1,1,0
1397880,99538,1,1,0
392480,99539,1,0,1
5396240,99540,1,0,1
1455296,99541,1,1,0
808136,99542,1,0,1
2646424,99543,1,0,1
671080,99544,1,1,0
3204920,99545,1,0,1
2117256,99546,1,1,0
8311920,99547,1,1,0
6149984,99548,1,1,0
358440,99549,1,0,1
2628432,99550,1,1,0
2235304,99551,1,0,1
4672640,99552,1,0,1
1283552,99553,1,0,1
1151472,99554,1,0,1
2106504,99555,1,0,1
5233152,99556,1,0,1
1451256,99557,1,0,1
4270760,99558,1,0,1
4743840,99559,1,0,1
4649400,99560,1,1,0
4085864,99561,1,0,1
228992,99562,1,1,0
5336608,99563,1,1,0
1079120,99564,1,1,0
4310392,99565,1,1,0
6196352,99566,1,1,0
3459688,99567,1,0,1
7807680,99568,1,1,0
2106936,99569,1,0,1
401344,99570,1,0,1
4036328,99571,1,0,1
4258528,99572,1,1,0
7037016,99573,1,0,1
941080,99574,1,0,1
3641272,99575,1,0,1
350824,99576,1,1,0
1688984,99577,1,1,0
4599456,99578,1,1,0
6351080,99579,1,0,1
4051832,99580,1,1,0
764112,99581,1,0,1
5565920,99582,1,1,0
1759176,99583,1,1,0
2878976,99584,1,1,0
7935160,99585,1,0,1
521656,99586,1,1,0
488368,99587,1,1,0
1441504,99588,1,0,1
4703336,99589,1,1,0
429280,99590,1,0,1
1143088,99591,1,1,0
4023992,99592,1,0,1
3055720,99593,1,0,1
7371488,99594,1,1,0
279456,99595,1,0,1
6971712,99596,1,0,1
428376,99597,1,0,1
1524520,99598,1,1,0
843064,99599,1,1,0
760184,99600,1,1,0
1867496,99601,1,1,0
280760,99602,1,0,1
1659976,99603,1,0,1
267760,99604,1,0,1
2285560,99605,1,1,0
726104,99606,1,1,0
1791440,99607,1,0,1
5422360,99608,1,1,0
5656528,99609,1,0,1
1988216,99610,1,0,1
904664,99611,1,0,1
7014912,99612,1,0,1
587656,99613,1,0,1
4140224,99614,1,0,1
3630496,99615,1,1,0
4870000,99616,1,1,0
4136248,99617,1,0,1
3585416,99618,1,0,1
3021800,99619,1,1,0
3253864,99620,1,0,1
1011152,99621,1,1,0
3225312,99622,1,1,0
562368,99623,1,1,0
8029512,99624,1,0,1
2765608,99625,1,1,0
1640224,99626,1,0,1
7091080,99627,1,0,1
2220992,99628,1,0,1
173264,99629,1,0,1
2216136,99630,1,1,0
506368,99631,1,0,1
4240048,99632,1,0,1
4425224,99633,1,1,0
2261824,99634,1,0,1
3668752,99635,1,1,0
6616144,99636,1,1,0
7355040,99637,1,1,0
4915736,99638,1,0,1
1508400,99639,1,0,1
3571744,99640,1,1,0
99864,99641,1,0,1
3799392,99642,1,1,0
3414424,99643,1,0,1
168696,99644,1,1,0
3581528,99645,1,0,1
8327632,99646,1,1,0
88808,99647,1,1,0
5891104,99648,1,1,0
1541832,99649,1,1,0
2380296,99650,1,1,0
5663688,99651,1,0,1
1064264,99652,1,1,0
2578864,99653,1,1,0
562552,99654,1,0,1
4192856,99655,1,1,0
1337744,99656,1,0,1
1149336,99657,1,1,0
2178880,99658,1,1,0
7969296,99659,1,1,0
3048944,99660,1,1,0
809816,99661,1,0,1
7773608,99662,1,0,1
2925968,99663,1,1,0
3793448,99664,1,1,0
6723752,99665,1,1,0
1565160,99666,1,0,1
4374968,99667,1,0,1
2331224,99668,1,1,0
3110600,99669,1,0,1
3538144,99670,1,0,1
5185752,99671,1,0,1
4489280,99672,1,0,1
6406248,99673,1,0,1
3109480,99674,1,1,0
6412064,99675,1,0,1
861336,99676,1,1,0
1523904,99677,1,0,1
2616752,99678,1,1,0
2291016,99679,1,1,0
419392,99680,1,0,1
2616080,99681,1,0,1
4264592,99682,1,0,1
3293712,99683,1,0,1
6522936,99684,1,0,1
8170872,99685,1,1,0
2250056,99686,1,1,0
5088672,99687,1,1,0
3375432,99688,1,0,1
2990960,99689,1,0,1
7792328,99690,1,1,0
972704,99691,1,1,0
1040424,99692,1,0,1
3978648,99693,1,0,1
2100064,99694,1,1,0
267472,99695,1,0,1
4350224,99696,1,0,1
489128,99697,1,0,1
292024,99698,1,0,1
1916928,99699,1,1,0
1560216,99700,1,1,0
895552,99701,1,0,1
3081376,99702,1,1,0
370416,99703,1,0,1
357472,99704,1,0,1
2590456,99705,1,1,0
2714424,99706,1,1,0
2546032,99707,1,1,0
747328,99708,1,1,0
2240872,99709,1,1,0
4325312,99710,1,0,1
96168,99711,1,1,0
3495368,99712,1,1,0
658696,99713,1,0,1
6694016,99714,1,1,0
8113720,99715,1,0,1
5929696,99716,1,1,0
4827536,99717,1,1,0
2342304,99718,1,0,1
4648952,99719,1,0,1
1540504,99720,1,1,0
1044880,99721,1,1,0
1303072,99722,1,1,0
638600,99723,1,1,0
3476480,99724,1,1,0
1066832,99725,1,1,0
3954136,99726,1,0,1
695008,99727,1,1,0
1079232,99728,1,0,1
581408,99729,1,0,1
6338616,99730,1,1,0
2174048,99731,1,0,1
1824536,99732,1,1,0
321464,99733,1,1,0
844736,99734,1,0,1
3000440,99735,1,0,1
1152768,99736,1,0,1
1260496,99737,1,0,1
2148176,99738,1,0,1
283480,99739,1,1,0
4941920,99740,1,1,0
7187832,99741,1,0,1
902656,99742,1,1,0
5322800,99743,1,0,1
934464,99744,1,0,1
2122544,99745,1,1,0
6426104,99746,1,1,0
1425000,99747,1,1,0
233496,99748,1,1,0
3558440,99749,1,0,1
1216152,99750,1,1,0
652480,99751,1,0,1
2629880,99752,1,1,0
7961304,99753,1,1,0
716144,99754,1,0,1
2008320,99755,1,1,0
1779928,99756,1,1,0
1091080,99757,1,1,0
1652984,99758,1,0,1
5594904,99759,1,0,1
5587272,99760,1,0,1
1309160,99761,1,0,1
2469008,99762,1,0,1
374632,99763,1,0,1
5088752,99764,1,0,1
4944816,99765,1,1,0
4319352,99766,1,0,1
5486064,99767,1,1,0
3293408,99768,1,0,1
7945944,99769,1,0,1
3815304,99770,1,1,0
340752,99771,1,1,0
1201864,99772,1,1,0
4226192,99773,1,1,0
6222136,99774,1,1,0
1382056,99775,1,0,1
356600,99776,1,1,0
1707688,99777,1,1,0
2404672,99778,1,1,0
1843912,99779,1,1,0
2567360,99780,1,0,1
4834808,99781,1,1,0
743312,99782,1,1,0
6145032,99783,1,0,1
539336,99784,1,1,0
1248440,99785,1,1,0
1789224,99786,1,0,1
4064664,99787,1,1,0
5647272,99788,1,1,0
886632,99789,1,1,0
469184,99790,1,1,0
4043128,99791,1,0,1
3384344,99792,1,0,1
808656,99793,1,1,0
940160,99794,1,1,0
636088,99795,1,0,1
1093776,99796,1,0,1
830512,99797,1,0,1
746208,99798,1,1,0
552696,99799,1,1,0
453888,99800,1,1,0
1992472,99801,1,1,0
3019992,99802,1,0,1
3873520,99803,1,0,1
2908872,99804,1,0,1
2036704,99805,1,1,0
1444632,99806,1,0,1
2720184,99807,1,1,0
738112,99808,1,0,1
6775720,99809,1,0,1
5787096,99810,1,0,1
477824,99811,1,1,0
2433808,99812,1,1,0
1624032,99813,1,0,1
1301120,99814,1,1,0
4934888,99815,1,1,0
4685648,99816,1,1,0
4871064,99817,1,1,0
2721960,99818,1,0,1
790656,99819,1,0,1
190536,99820,1,1,0
5625512,99821,1,1,0
2792928,99822,1,1,0
5394392,99823,1,1,0
1796960,99824,1,0,1
3687312,99825,1,1,0
3886384,99826,1,0,1
2927616,99827,1,0,1
3324608,99828,1,1,0
443680,99829,1,1,0
2002072,99830,1,0,1
6419664,99831,1,1,0
740200,99832,1,1,0
1752024,99833,1,0,1
931960,99834,1,0,1
2406280,99835,1,1,0
3419040,99836,1,0,1
1497256,99837,1,0,1
504576,99838,1,0,1
4368824,99839,1,0,1
6176872,99840,1,1,0
2360640,99841,1,0,1
406360,99842,1,0,1
1402544,99843,1,1,0
3091504,99844,1,0,1
1622312,99845,1,1,0
1993592,99846,1,0,1
7438368,99847,1,0,1
1355344,99848,1,0,1
1627112,99849,1,0,1
890424,99850,1,0,1
5665888,99851,1,0,1
7440968,99852,1,1,0
1153632,99853,1,1,0
4600352,99854,1,0,1
1802984,99855,1,1,0
4277960,99856,1,0,1
1778056,99857,1,1,0
8166416,99858,1,0,1
2010568,99859,1,0,1
45320,99860,1,0,1
917488,99861,1,1,0
7501464,99862,1,0,1
1196136,99863,1,1,0
575520,99864,1,0,1
377784,99865,1,1,0
1219712,99866,1,1,0
1193432,99867,1,0,1
2397752,99868,1,1,0
7393416,99869,1,1,0
914520,99870,1,0,1
5702048,99871,1,0,1
377688,99872,1,0,1
167944,99873,1,0,1
1228104,99874,1,1,0
5659920,99875,1,1,0
294952,99876,1,1,0
2104392,99877,1,0,1
5265960,99878,1,1,0
5339224,99879,1,1,0
5211912,99880,1,0,1
3540304,99881,1,1,0
1304912,99882,1,1,0
974000,99883,1,0,1
4480136,99884,1,1,0
610792,99885,1,0,1
187152,99886,1,0,1
5520744,99887,1,1,0
6904280,99888,1,1,0
6305848,99889,1,1,0
3316592,99890,1,1,0
1045000,99891,1,0,1
6654072,99892,1,0,1
3252272,99893,1,0,1
870760,99894,1,1,0
6332432,99895,1,0,1
4896032,99896,1,0,1
6476736,99897,1,1,0
6641912,99898,1,1,0
1204880,99899,1,0,1
7098840,99900,1,0,1
8167232,99901,1,0,1
265088,99902,1,1,0
1068704,99903,1,1,0
765432,99904,1,0,1
7050088,99905,1,1,0
382280,99906,1,0,1
2636960,99907,1,1,0
957352,99908,1,0,1
863088,99909,1,0,1
308632,99910,1,1,0
4107176,99911,1,1,0
335320,99912,1,0,1
3909848,99913,1,0,1
5662752,99914,1,1,0
2468872,99915,1,1,0
502064,99916,1,0,1
5422696,99917,1,1,0
3454848,99918,1,1,0
586592,99919,1,1,0
2317928,99920,1,0,1
2226504,99921,1,1,0
6551024,99922,1,0,1
1353192,99923,1,1,0
3551064,99924,1,0,1
2274256,99925,1,0,1
2205328,99926,1,0,1
1177048,99927,1,0,1
5441264,99928,1,1,0
7885280,99929,1,0,1
2796696,99930,1,1,0
2506608,99931,1,1,0
3842784,99932,1,1,0
2760040,99933,1,0,1
2416248,99934,1,0,1
4903144,99935,1,0,1
241464,99936,1,1,0
1309960,99937,1,1,0
3945752,99938,1,0,1
1967728,99939,1,1,0
6217416,99940,1,1,0
4207848,99941,1,1,0
1841976,99942,1,1,0
122480,99943,1,0,1
5650800,99944,1,0,1
3798024,99945,1,0,1
2787312,99946,1,1,0
2151088,99947,1,0,1
7791496,99948,1,1,0
1796032,99949,1,0,1
1623192,99950,1,1,0
7530224,99951,1,0,1
423576,99952,1,1,0
147864,99953,1,0,1
5147024,99954,1,1,0
1193648,99955,1,0,1
5322112,99956,1,1,0
6796552,99957,1,1,0
7117224,99958,1,0,1
1132040,99959,1,1,0
221432,99960,1,0,1
2343416,99961,1,0,1
614528,99962,1,1,0
2692744,99963,1,0,1
5265352,99964,1,1,0
1595136,99965,1,0,1
1587560,99966,1,0,1
5360240,99967,1,1,0
1890576,99968,1,0,1
3958768,99969,1,1,0
7075312,99970,1,1,0
5491152,99971,1,1,0
5996880,99972,1,1,0
410384,99973,1,0,1
6654752,99974,1,1,0
4299904,99975,1,0,1
6421656,99976,1,1,0
981656,99977,1,0,1
1415304,99978,1,1,0
273016,99979,1,1,0
3426528,99980,1,0,1
2755704,99981,1,0,1
7234248,99982,1,1,0
1848008,99983,1,1,0
2965408,99984,1,0,1
1284144,99985,1,0,1
731152,99986,1,1,0
3569552,99987,1,0,1
2247840,99988,1,1,0
1245128,99989,1,1,0
8114664,99990,1,0,1
294616,99991,1,1,0
3170152,99992,1,1,0
4394408,99993,1,1,0
3755920,99994,1,1,0
422064,99995,1,0,1
1452952,99996,1,0,1
4668656,99997,1,0,1
1365184,99998,1,0,1
4773152,99999,1,1,0
8166512,100000,1,0,1
1197752,100001,1,1,0
2895776,100002,1,0,1
1990664,100003,1,0,1
2708784,100004,1,1,0
3728784,100005,1,1,0
213008,100006,1,1,0
698008,100007,1,1,0
2918440,100008,1,0,1
7687184,100009,1,0,1
7756288,100010,1,1,0
1789216,100011,1,0,1
5172408,100012,1,0,1
8330904,100013,1,1,0
1524464,100014,1,1,0
1150824,100015,1,0,1
390832,100016,1,1,0
2446128,100017,1,0,1
1011672,100018,1,1,0
644352,100019,1,0,1
3572048,100020,1,0,1
3465288,100021,1,1,0
5344160,100022,1,0,1
3757744,100023,1,0,1
2502664,100024,1,0,1
5366000,100025,1,1,0
5991952,100026,1,1,0
1056160,100027,1,0,1
1255920,100028,1,0,1
1075216,100029,1,0,1
633984,100030,1,0,1
5315160,100031,1,1,0
3699944,100032,1,1,0
3169848,100033,1,1,0
1158152,100034,1,0,1
577880,100035,1,0,1
3319736,100036,1,1,0
1762320,100037,1,1,0
2301224,100038,1,1,0
7820616,100039,1,0,1
5389736,100040,1,1,0
2456568,100041,1,0,1
477696,100042,1,1,0
3079200,100043,1,1,0
6916816,100044,1,1,0
5557448,100045,1,1,0
1440096,100046,1,1,0
367880,100047,1,1,0
6829520,100048,1,0,1
2513248,100049,1,0,1
1039496,100050,1,0,1
3638712,100051,1,0,1
4805504,100052,1,0,1
2933000,100053,1,1,0
5528056,100054,1,1,0
445600,100055,1,1,0
3213648,100056,1,0,1
522464,100057,1,0,1
843168,100058,1,0,1
869904,100059,1,1,0
2144576,100060,1,1,0
522616,100061,1,0,1
284520,100062,1,0,1
2725912,100063,1,1,0
4767512,100064,1,1,0
2529496,100065,1,1,0
1108296,100066,1,1,0
4692808,100067,1,0,1
1758064,100068,1,0,1
5926128,100069,1,1,0
892792,100070,1,0,1
6977336,100071,1,0,1
1623264,100072,1,1,0
1241264,100073,1,1,0
4788920,100074,1,0,1
8043680,100075,1,0,1
2088984,100076,1,1,0
2330736,100077,1,1,0
4146744,100078,1,0,1
226408,100079,1,1,0
1267080,100080,1,0,1
5747672,100081,1,0,1
1760128,100082,1,0,1
138520,100083,1,0,1
343936,100084,1,0,1
8041680,100085,1,0,1
7864280,100086,1,1,0
4197896,100087,1,0,1
598184,100088,1,0,1
4656168,100089,1,1,0
922720,100090,1,1,0
2850584,100091,1,1,0
686136,100092,1,1,0
999680,100093,1,1,0
6061440,100094,1,0,1
8182888,100095,1,1,0
652896,100096,1,0,1
8318632,100097,1,0,1
1451608,100098,1,0,1
1831088,100099,1,1,0
432624,100100,1,0,1
797232,100101,1,0,1
825264,100102,1,0,1
565288,100103,1,0,1
384328,100104,1,0,1
497632,100105,1,0,1
561376,100106,1,0,1
911120,100107,1,1,0
381992,100108,1,1,0
2719192,100109,1,0,1
3145136,100110,1,1,0
2370216,100111,1,1,0
3494136,100112,1,0,1
631672,100113,1,0,1
2443592,100114,1,1,0
638976,100115,1,0,1
1094304,100116,1,0,1
138952,100117,1,1,0
3856760,100118,1,1,0
405560,100119,1,1,0
6348152,100120,1,1,0
2864560,100121,1,1,0
718720,100122,1,0,1
6506232,100123,1,0,1
1884208,100124,1,0,1
988288,100125,1,0,1
537344,100126,1,1,0
721696,100127,1,0,1
955344,100128,1,0,1
6112856,100129,1,1,0
1717280,100130,1,1,0
7167304,100131,1,0,1
5988728,100132,1,0,1
3356344,100133,1,0,1
343760,100134,1,0,1
2849040,100135,1,0,1
4348344,100136,1,0,1
983544,100137,1,0,1
1076112,100138,1,0,1
1327608,100139,1,1,0
7737864,100140,1,0,1
7594976,100141,1,1,0
1841192,100142,1,1,0
7253448,100143,1,1,0
1416168,100144,1,1,0
1819960,100145,1,0,1
105768,100146,1,0,1
474840,100147,1,1,0
432080,100148,1,0,1
340040,100149,1,1,0
623392,100150,1,1,0
310032,100151,1,1,0
5232312,100152,1,0,1
3723784,100153,1,0,1
2804736,100154,1,1,0
837248,100155,1,0,1
422504,100156,1,1,0
5604312,100157,1,0,1
664584,100158,1,1,0
886424,100159,1,1,0
2365440,100160,1,0,1
1275632,100161,1,0,1
1535160,100162,1,1,0
2942072,100163,1,0,1
4658720,100164,1,1,0
329680,100165,1,0,1
324576,100166,1,0,1
210360,100167,1,0,1
608800,100168,1,1,0
507128,100169,1,0,1
1574680,100170,1,0,1
822616,100171,1,1,0
351952,100172,1,1,0
3297320,100173,1,1,0
4938568,100174,1,1,0
886160,100175,1,0,1
69128,100176,1,1,0
1522200,100177,1,0,1
1094048,100178,1,0,1
3624280,100179,1,0,1
5875592,100180,1,1,0
4278352,100181,1,1,0
7601664,100182,1,0,1
1165616,100183,1,0,1
1536128,100184,1,1,0
2247336,100185,1,1,0
2186104,100186,1,0,1
3767560,100187,1,1,0
1497832,100188,1,0,1
3104200,100189,1,1,0
2027568,100190,1,1,0
1237432,100191,1,1,0
6055096,100192,1,1,0
735224,100193,1,0,1
2943144,100194,1,1,0
1792736,100195,1,0,1
2393120,100196,1,0,1
1630696,100197,1,0,1
2454688,100198,1,1,0
2220264,100199,1,1,0
1685880,100200,1,0,1
5723792,100201,1,0,1
290792,100202,1,0,1
266328,100203,1,1,0
806096,100204,1,0,1
1134584,100205,1,1,0
7003408,100206,1,1,0
4282408,100207,1,1,0
225088,100208,1,1,0
630288,100209,1,0,1
4386144,100210,1,1,0
4612744,100211,1,0,1
5401400,100212,1,0,1
2015456,100213,1,1,0
1250672,100214,1,0,1
778800,100215,1,0,1
3633656,100216,1,1,0
3479576,100217,1,0,1
3431360,100218,1,1,0
7692432,100219,1,1,0
1578680,100220,1,0,1
493240,100221,1,0,1
3410336,100222,1,1,0
6178392,100223,1,0,1
3821864,100224,1,0,1
3552800,100225,1,0,1
3043000,100226,1,1,0
6041184,100227,1,0,1
118984,100228,1,1,0
2605592,100229,1,1,0
5532256,100230,1,0,1
2200472,100231,1,0,1
2817584,100232,1,0,1
3903016,100233,1,1,0
376784,100234,1,0,1
1016720,100235,1,0,1
563496,100236,1,0,1
5594744,100237,1,0,1
4703552,100238,1,0,1
2809616,100239,1,1,0
2785816,100240,1,0,1
534408,100241,1,1,0
1129920,100242,1,1,0
8281256,100243,1,0,1
1670992,100244,1,1,0
1057032,100245,1,0,1
460888,100246,1,0,1
1128896,100247,1,1,0
8339936,100248,1,1,0
1535792,100249,1,1,0
1398864,100250,1,1,0
684024,100251,1,0,1
3084000,100252,1,0,1
1484368,100253,1,1,0
8330968,100254,1,0,1
6061208,100255,1,0,1
257120,100256,1,0,1
240864,100257,1,1,0
2157000,100258,1,1,0
1720032,100259,1,0,1
6102624,100260,1,0,1
5989448,100261,1,0,1
390136,100262,1,0,1
2268160,100263,1,1,0
807688,100264,1,1,0
601800,100265,1,1,0
3323000,100266,1,0,1
431600,100267,1,0,1
2638328,100268,1,1,0
7122168,100269,1,1,0
1365736,100270,1,1,0
5982200,100271,1,0,1
2740568,100272,1,1,0
6730368,100273,1,0,1
1990800,100274,1,1,0
1207416,100275,1,0,1
6844888,100276,1,0,1
758952,100277,1,0,1
823856,100278,1,0,1
370496,100279,1,0,1
2100528,100280,1,0,1
774816,100281,1,0,1
5451760,100282,1,1,0
2873656,100283,1,0,1
4687368,100284,1,1,0
613240,100285,1,1,0
1950824,100286,1,1,0
604968,100287,1,1,0
8214608,100288,1,0,1
289800,100289,1,1,0
1090008,100290,1,1,0
8153456,100291,1,0,1
4410816,100292,1,0,1
330136,100293,1,1,0
1261512,100294,1,1,0
1645696,100295,1,1,0
3520424,100296,1,1,0
3088104,100297,1,0,1
1744592,100298,1,1,0
1697888,100299,1,1,0
3805360,100300,1,0,1
232168,100301,1,0,1
6173000,100302,1,0,1
5929704,100303,1,1,0
1259160,100304,1,0,1
666512,100305,1,0,1
1290040,100306,1,0,1
5310040,100307,1,0,1
3288816,100308,1,1,0
4238328,100309,1,0,1
265064,100310,1,1,0
2137760,100311,1,0,1
2478800,100312,1,0,1
2793208,100313,1,0,1
7487032,100314,1,1,0
329168,100315,1,0,1
7108816,100316,1,0,1
1095192,100317,1,1,0
549840,100318,1,0,1
5008312,100319,1,1,0
872120,100320,1,0,1
825896,100321,1,0,1
5538360,100322,1,1,0
370512,100323,1,1,0
1523784,100324,1,1,0
2412016,100325,1,1,0
3025912,100326,1,1,0
1678280,100327,1,0,1
1736632,100328,1,0,1
8168680,100329,1,0,1
3895360,100330,1,1,0
2410176,100331,1,0,1
2085104,100332,1,1,0
5625320,100333,1,0,1
2151512,100334,1,1,0
504040,100335,1,0,1
7640392,100336,1,0,1
2724648,100337,1,0,1
1440808,100338,1,1,0
4197704,100339,1,1,0
1919536,100340,1,1,0
1295976,100341,1,1,0
1150504,100342,1,0,1
1212664,100343,1,1,0
1730584,100344,1,1,0
879056,100345,1,1,0
1363624,100346,1,0,1
1898752,100347,1,1,0
3542328,100348,1,0,1
381552,100349,1,0,1
596376,100350,1,1,0
833608,100351,1,1,0
3934160,100352,1,0,1
439360,100353,1,0,1
4123456,100354,1,0,1
2098576,100355,1,1,0
388712,100356,1,1,0
550808,100357,1,0,1
857552,100358,1,0,1
207392,100359,1,0,1
2618952,100360,1,1,0
7315840,100361,1,0,1
1253168,100362,1,0,1
1554888,100363,1,0,1
2923336,100364,1,1,0
1484336,100365,1,1,0
61112,100366,1,1,0
532816,100367,1,1,0
875344,100368,1,1,0
513664,100369,1,1,0
4751856,100370,1,0,1
213600,100371,1,0,1
1016992,100372,1,1,0
8226712,100373,1,0,1
3812256,100374,1,0,1
139736,100375,1,1,0
249384,100376,1,1,0
465064,100377,1,0,1
420584,100378,1,1,0
463880,100379,1,1,0
1478128,100380,1,1,0
3608696,100381,1,0,1
519344,100382,1,1,0
423536,100383,1,1,0
192456,100384,1,0,1
1723536,100385,1,1,0
425200,100386,1,0,1
3677168,100387,1,0,1
5801872,100388,1,0,1
5478416,100389,1,1,0
315976,100390,1,1,0
2026984,100391,1,1,0
4861208,100392,1,1,0
7724280,100393,1,1,0
3710568,100394,1,0,1
5656168,100395,1,0,1
6912696,100396,1,1,0
1675512,100397,1,1,0
2323752,100398,1,0,1
1398760,100399,1,0,1
168072,100400,1,0,1
1021512,100401,1,1,0
439392,100402,1,0,1
1050408,100403,1,0,1
2421120,100404,1,0,1
1353776,100405,1,0,1
2623112,100406,1,0,1
5463752,100407,1,0,1
2784480,100408,1,0,1
4646752,100409,1,1,0
2726576,100410,1,0,1
5785784,100411,1,0,1
1602024,100412,1,0,1
5999544,100413,1,0,1
369208,100414,1,1,0
534272,100415,1,1,0
1974496,100416,1,0,1
622016,100417,1,1,0
547016,100418,1,0,1
3363800,100419,1,1,0
3021008,100420,1,1,0
694856,100421,1,1,0
1876312,100422,1,0,1
2223752,100423,1,1,0
2445656,100424,1,0,1
733672,100425,1,1,0
5207104,100426,1,1,0
331704,100427,1,1,0
2136512,100428,1,0,1
5042568,100429,1,1,0
2018192,100430,1,0,1
3882280,100431,1,0,1
6088480,100432,1,1,0
5032392,100433,1,0,1
789440,100434,1,0,1
1347768,100435,1,1,0
2256216,100436,1,0,1
7495072,100437,1,1,0
7114408,100438,1,1,0
252896,100439,1,0,1
556360,100440,1,0,1
1684336,100441,1,0,1
5364216,100442,1,1,0
2106944,100443,1,1,0
5009280,100444,1,1,0
1244448,100445,1,1,0
1924360,100446,1,1,0
746000,100447,1,0,1
1495528,100448,1,0,1
980024,100449,1,1,0
1286824,100450,1,0,1
465880,100451,1,1,0
2600448,100452,1,0,1
1183520,100453,1,0,1
1055896,100454,1,0,1
479808,100455,1,1,0
7585104,100456,1,0,1
1372440,100457,1,0,1
472160,100458,1,1,0
7496184,100459,1,0,1
646968,100460,1,0,1
7590760,100461,1,0,1
1238312,100462,1,0,1
5115464,100463,1,1,0
803904,100464,1,1,0
130784,100465,1,1,0
3996520,100466,1,1,0
5910864,100467,1,1,0
1894968,100468,1,1,0
795808,100469,1,0,1
1182368,100470,1,0,1
4873688,100471,1,1,0
1095504,100472,1,1,0
858424,100473,1,0,1
1255552,100474,1,1,0
1318192,100475,1,0,1
7097544,100476,1,1,0
265048,100477,1,0,1
4514232,100478,1,0,1
3022576,100479,1,0,1
5531904,100480,1,1,0
1917800,100481,1,0,1
5624008,100482,1,0,1
5616464,100483,1,1,0
1830632,100484,1,0,1
5425584,100485,1,1,0
8095768,100486,1,1,0
249592,100487,1,1,0
328208,100488,1,1,0
1233728,100489,1,1,0
4621384,100490,1,1,0
1329520,100491,1,0,1
6635696,100492,1,1,0
5758496,100493,1,1,0
1026656,100494,1,0,1
276680,100495,1,0,1
8170552,100496,1,1,0
161328,100497,1,1,0
2132192,100498,1,1,0
3862232,100499,1,0,1
864128,100500,1,1,0
677872,100501,1,0,1
2275576,100502,1,1,0
6392264,100503,1,0,1
1358552,100504,1,0,1
1060712,100505,1,1,0
731504,100506,1,1,0
392104,100507,1,1,0
3137208,100508,1,0,1
2559000,100509,1,1,0
457776,100510,1,0,1
2457912,100511,1,1,0
6694704,100512,1,0,1
7299008,100513,1,1,0
1944008,100514,1,1,0
445336,100515,1,0,1
1766768,100516,1,0,1
4674368,100517,1,0,1
738736,100518,1,1,0
933680,100519,1,0,1
982488,100520,1,1,0
1836664,100521,1,1,0
250952,100522,1,1,0
6457528,100523,1,1,0
657048,100524,1,1,0
2609664,100525,1,1,0
653712,100526,1,1,0
7138896,100527,1,0,1
2005696,100528,1,1,0
1140688,100529,1,0,1
7553784,100530,1,0,1
247568,100531,1,0,1
6549952,100532,1,1,0
4967648,100533,1,1,0
487624,100534,1,0,1
2308528,100535,1,1,0
5196992,100536,1,0,1
2635304,100537,1,1,0
2504160,100538,1,0,1
4348424,100539,1,0,1
3181160,100540,1,0,1
610384,100541,1,1,0
3528440,100542,1,1,0
877712,100543,1,0,1
6568704,100544,1,0,1
7797824,100545,1,0,1
642584,100546,1,0,1
2016360,100547,1,1,0
539408,100548,1,0,1
4455512,100549,1,1,0
2716696,100550,1,1,0
7436688,100551,1,1,0
4809680,100552,1,1,0
722328,100553,1,1,0
2764664,100554,1,0,1
2935312,100555,1,1,0
884368,100556,1,1,0
5118056,100557,1,0,1
3680768,100558,1,1,0
5329232,100559,1,0,1
604080,100560,1,1,0
5821576,100561,1,0,1
346432,100562,1,0,1
2367360,100563,1,0,1
191792,100564,1,0,1
2301656,100565,1,0,1
5987488,100566,1,0,1
569464,100567,1,1,0
3396192,100568,1,1,0
1832416,100569,1,1,0
1436424,100570,1,1,0
1772096,100571,1,0,1
1256368,100572,1,0,1
1102592,100573,1,0,1
2467424,100574,1,0,1
3483864,100575,1,1,0
869080,100576,1,1,0
835200,100577,1,0,1
6382032,100578,1,1,0
5854392,100579,1,0,1
3402880,100580,1,0,1
5797208,100581,1,0,1
3716744,100582,1,0,1
7931440,100583,1,1,0
3381944,100584,1,0,1
5580552,100585,1,1,0
1055192,100586,1,1,0
3055896,100587,1,0,1
643272,100588,1,1,0
2041872,100589,1,0,1
2987456,100590,1,1,0
1468112,100591,1,1,0
907432,100592,1,1,0
3725656,100593,1,0,1
3777280,100594,1,1,0
387936,100595,1,1,0
7888600,100596,1,1,0
4595824,100597,1,1,0
1772848,100598,1,0,1
7537072,100599,1,0,1
7610288,100600,1,1,0
1665984,100601,1,1,0
3221368,100602,1,1,0
846848,100603,1,1,0
973680,100604,1,0,1
930008,100605,1,1,0
393816,100606,1,0,1
1309616,100607,1,1,0
5432120,100608,1,0,1
1092552,100609,1,1,0
416832,100610,1,1,0
2827520,100611,1,1,0
4162408,100612,1,0,1
2869032,100613,1,1,0
1340472,100614,1,1,0
1962616,100615,1,1,0
1534456,100616,1,0,1
2440400,100617,1,0,1
508808,100618,1,1,0
7992640,100619,1,0,1
5651680,100620,1,0,1
357424,100621,1,0,1
987048,100622,1,1,0
609656,100623,1,0,1
4088016,100624,1,0,1
4415448,100625,1,1,0
1708200,100626,1,0,1
7717576,100627,1,1,0
945232,100628,1,0,1
6631152,100629,1,1,0
1662776,100630,1,1,0
3390424,100631,1,0,1
2900056,100632,1,0,1
1001264,100633,1,0,1
3362096,100634,1,1,0
4623232,100635,1,1,0
2188920,100636,1,0,1
1447040,100637,1,0,1
5869848,100638,1,0,1
2254272,100639,1,0,1
2307904,100640,1,1,0
507016,100641,1,1,0
1199256,100642,1,0,1
5415888,100643,1,1,0
628440,100644,1,1,0
1071768,100645,1,1,0
814824,100646,1,1,0
3663304,100647,1,0,1
7041816,100648,1,0,1
7530776,100649,1,0,1
3386136,100650,1,0,1
640352,100651,1,1,0
5513568,100652,1,1,0
627656,100653,1,0,1
2229808,100654,1,0,1
6167800,100655,1,1,0
531080,100656,1,1,0
1670392,100657,1,0,1
2046584,100658,1,1,0
7042576,100659,1,0,1
5817232,100660,1,1,0
6217240,100661,1,1,0
568832,100662,1,0,1
1628616,100663,1,0,1
2160224,100664,1,1,0
1368640,100665,1,1,0
4955040,100666,1,0,1
4470448,100667,1,0,1
1820528,100668,1,1,0
5189400,100669,1,1,0
620320,100670,1,0,1
780288,100671,1,0,1
1723424,100672,1,1,0
3914000,100673,1,0,1
6795776,100674,1,0,1
735744,100675,1,1,0
4235912,100676,1,1,0
465104,100677,1,1,0
3881024,100678,1,1,0
1314720,100679,1,1,0
996312,100680,1,1,0
6953248,100681,1,0,1
1256984,100682,1,0,1
3352216,100683,1,1,0
280512,100684,1,0,1
4710488,100685,1,1,0
6888904,100686,1,0,1
3455448,100687,1,0,1
324376,100688,1,1,0
743880,100689,1,1,0
437656,100690,1,0,1
1080464,100691,1,1,0
2269184,100692,1,0,1
1628248,100693,1,1,0
1305000,100694,1,1,0
5387280,100695,1,0,1
138840,100696,1,0,1
6472064,100697,1,0,1
3762656,100698,1,0,1
463760,100699,1,0,1
5714288,100700,1,0,1
276512,100701,1,1,0
8045784,100702,1,0,1
4843240,100703,1,0,1
6234424,100704,1,1,0
1103152,100705,1,1,0
1877976,100706,1,0,1
3295832,100707,1,1,0
849296,100708,1,0,1
4612984,100709,1,0,1
474240,100710,1,0,1
3556888,100711,1,0,1
1491768,100712,1,0,1
1419712,100713,1,0,1
302576,100714,1,0,1
1561128,100715,1,1,0
778608,100716,1,1,0
1337344,100717,1,1,0
6233504,100718,1,1,0
6083536,100719,1,1,0
826520,100720,1,1,0
1103040,100721,1,0,1
2425192,100722,1,1,0
1281568,100723,1,1,0
3881392,100724,1,1,0
1182768,100725,1,1,0
5750600,100726,1,1,0
3091096,100727,1,0,1
2795616,100728,1,1,0
1484720,100729,1,1,0
408640,100730,1,1,0
6564304,100731,1,1,0
4180576,100732,1,0,1
5075456,100733,1,1,0
2732768,100734,1,1,0
543040,100735,1,0,1
3777744,100736,1,0,1
4338256,100737,1,1,0
2246080,100738,1,1,0
242488,100739,1,0,1
2122720,100740,1,0,1
6202840,100741,1,0,1
540856,100742,1,1,0
5143640,100743,1,1,0
1611376,100744,1,1,0
833840,100745,1,1,0
2290736,100746,1,0,1
4786952,100747,1,1,0
4370216,100748,1,0,1
1460368,100749,1,1,0
1539784,100750,1,0,1
811016,100751,1,1,0
3883248,100752,1,0,1
2291160,100753,1,0,1
483016,100754,1,0,1
6968224,100755,1,0,1
204152,100756,1,1,0
3268688,100757,1,1,0
7309120,100758,1,0,1
1985624,100759,1,1,0
3795152,100760,1,1,0
2587312,100761,1,1,0
2941808,100762,1,0,1
6905504,100763,1,1,0
5975512,100764,1,0,1
3598408,100765,1,1,0
574832,100766,1,1,0
767936,100767,1,1,0
2190688,100768,1,1,0
3394824,100769,1,1,0
6473600,100770,1,1,0
1156688,100771,1,1,0
694000,100772,1,0,1
599520,100773,1,0,1
1772384,100774,1,0,1
257544,100775,1,1,0
1071448,100776,1,1,0
525440,100777,1,0,1
2267344,100778,1,1,0
536584,100779,1,1,0
4268112,100780,1,0,1
7384712,100781,1,1,0
3413376,100782,1,0,1
329408,100783,1,1,0
7257752,100784,1,0,1
1272280,100785,1,1,0
1548096,100786,1,1,0
1529320,100787,1,1,0
4708888,100788,1,0,1
3543912,100789,1,0,1
1724560,100790,1,0,1
153584,100791,1,1,0
1595784,100792,1,0,1
397600,100793,1,0,1
1731008,100794,1,0,1
5632992,100795,1,1,0
2087832,100796,1,1,0
4821160,100797,1,1,0
2699344,100798,1,0,1
4067352,100799,1,1,0
8254376,100800,1,1,0
4364552,100801,1,1,0
4651808,100802,1,0,1
2949976,100803,1,1,0
7039856,100804,1,0,1
4301368,100805,1,1,0
1671016,100806,1,0,1
6439912,100807,1,0,1
5729296,100808,1,0,1
7173048,100809,1,0,1
1888288,100810,1,0,1
1777800,100811,1,0,1
122024,100812,1,0,1
6672368,100813,1,0,1
5525512,100814,1,0,1
3568320,100815,1,1,0
2100872,100816,1,0,1
3264232,100817,1,1,0
5314864,100818,1,0,1
7231216,100819,1,1,0
243200,100820,1,1,0
1898912,100821,1,1,0
3610432,100822,1,0,1
1129464,100823,1,0,1
4865032,100824,1,0,1
4106536,100825,1,1,0
2896480,100826,1,1,0
723432,100827,1,1,0
1819072,100828,1,1,0
870744,100829,1,1,0
2716544,100830,1,1,0
2139936,100831,1,0,1
5117216,100832,1,1,0
182168,100833,1,0,1
3370232,100834,1,1,0
379616,100835,1,0,1
1025008,100836,1,0,1
5610896,100837,1,1,0
4563720,100838,1,0,1
4152464,100839,1,0,1
1003352,100840,1,0,1
7817176,100841,1,0,1
2266152,100842,1,0,1
1686776,100843,1,0,1
6851144,100844,1,1,0
5556584,100845,1,1,0
7610640,100846,1,1,0
7813192,100847,1,0,1
4218160,100848,1,0,1
3247504,100849,1,0,1
123824,100850,1,1,0
4571936,100851,1,1,0
1755376,100852,1,0,1
4295024,100853,1,1,0
3839120,100854,1,0,1
7130872,100855,1,1,0
5151824,100856,1,1,0
120376,100857,1,0,1
1292504,100858,1,0,1
554896,100859,1,1,0
3029984,100860,1,1,0
516216,100861,1,1,0
3783584,100862,1,0,1
1479136,100863,1,1,0
7158712,100864,1,0,1
6220736,100865,1,0,1
2730456,100866,1,0,1
6194400,100867,1,1,0
4302712,100868,1,0,1
167936,100869,1,0,1
1219960,100870,1,1,0
2065584,100871,1,1,0
779960,100872,1,1,0
5974320,100873,1,0,1
502472,100874,1,1,0
1912056,100875,1,0,1
3741248,100876,1,0,1
805184,100877,1,1,0
4341528,100878,1,1,0
766776,100879,1,1,0
5869456,100880,1,1,0
1915136,100881,1,1,0
2254520,100882,1,1,0
5227032,100883,1,0,1
3127584,100884,1,1,0
4524656,100885,1,0,1
2833528,100886,1,1,0
771264,100887,1,0,1
415400,100888,1,1,0
1689552,100889,1,0,1
4216536,100890,1,1,0
614632,100891,1,0,1
239152,100892,1,0,1
2654912,100893,1,1,0
3566600,100894,1,0,1
897760,100895,1,1,0
2005048,100896,1,1,0
280656,100897,1,0,1
3990136,100898,1,0,1
2190984,100899,1,0,1
4389232,100900,1,0,1
1959496,100901,1,0,1
6848600,100902,1,0,1
8156856,100903,1,1,0
1770120,100904,1,1,0
545856,100905,1,0,1
766744,100906,1,1,0
4102336,100907,1,1,0
1570064,100908,1,1,0
3565112,100909,1,0,1
656232,100910,1,0,1
424344,100911,1,0,1
2676464,100912,1,1,0
5521664,100913,1,1,0
4190224,100914,1,0,1
277288,100915,1,1,0
4294240,100916,1,1,0
314248,100917,1,1,0
3394232,100918,1,0,1
4770232,100919,1,0,1
651368,100920,1,0,1
346576,100921,1,1,0
5052512,100922,1,0,1
3848248,100923,1,1,0
1009248,100924,1,0,1
755888,100925,1,1,0
487128,100926,1,0,1
931544,100927,1,1,0
3620152,100928,1,0,1
1428120,100929,1,0,1
3185816,100930,1,1,0
2403728,100931,1,1,0
2987168,100932,1,0,1
4960720,100933,1,1,0
2621712,100934,1,1,0
615504,100935,1,0,1
1121992,100936,1,0,1
693528,100937,1,0,1
247080,100938,1,1,0
611112,100939,1,1,0
1065080,100940,1,0,1
6087536,100941,1,0,1
7759800,100942,1,1,0
805064,100943,1,1,0
1760840,100944,1,0,1
1585776,100945,1,0,1
2035584,100946,1,0,1
3681424,100947,1,0,1
707768,100948,1,0,1
335032,100949,1,1,0
8034224,100950,1,0,1
3427504,100951,1,1,0
3807976,100952,1,0,1
423088,100953,1,1,0
709560,100954,1,1,0
6479336,100955,1,1,0
7099944,100956,1,0,1
1913760,100957,1,0,1
2543336,100958,1,1,0
1107232,100959,1,1,0
3508520,100960,1,0,1
2731360,100961,1,0,1
1517784,100962,1,1,0
641288,100963,1,1,0
2009704,100964,1,0,1
264200,100965,1,0,1
1281352,100966,1,0,1
1548624,100967,1,1,0
2031592,100968,1,0,1
6210912,100969,1,0,1
3262728,100970,1,1,0
188464,100971,1,0,1
3175976,100972,1,0,1
3454952,100973,1,1,0
4257480,100974,1,0,1
3001296,100975,1,0,1
2510912,100976,1,1,0
3519944,100977,1,1,0
793736,100978,1,1,0
1153744,100979,1,0,1
606424,100980,1,1,0
744744,100981,1,0,1
4009560,100982,1,0,1
735544,100983,1,0,1
1394472,100984,1,1,0
1031872,100985,1,1,0
1299968,100986,1,0,1
862880,100987,1,0,1
1387744,100988,1,0,1
719704,100989,1,0,1
2690456,100990,1,0,1
6706648,100991,1,0,1
285152,100992,1,0,1
4206072,100993,1,0,1
1566728,100994,1,0,1
909320,100995,1,0,1
4833576,100996,1,1,0
5955560,100997,1,0,1
4349864,100998,1,1,0
4340256,100999,1,0,1
1880928,101000,1,1,0
775472,101001,1,0,1
1139824,101002,1,1,0
1914288,101003,1,1,0
3636720,101004,1,1,0
493376,101005,1,1,0
327960,101006,1,0,1
6821640,101007,1,0,1
1840848,101008,1,1,0
965024,101009,1,0,1
3717624,101010,1,1,0
1012360,101011,1,1,0
7741592,101012,1,0,1
1171704,101013,1,0,1
1242120,101014,1,1,0
1454784,101015,1,0,1
3839744,101016,1,0,1
1360216,101017,1,1,0
630208,101018,1,0,1
7230464,101019,1,1,0
2910064,101020,1,1,0
7297320,101021,1,1,0
5579240,101022,1,1,0
309664,101023,1,1,0
629536,101024,1,0,1
4397352,101025,1,0,1
5341120,101026,1,0,1
5295288,101027,1,1,0
486264,101028,1,0,1
7744096,101029,1,0,1
527240,101030,1,1,0
2033920,101031,1,0,1
574424,101032,1,1,0
7915288,101033,1,0,1
5050936,101034,1,1,0
6104944,101035,1,1,0
5527304,101036,1,0,1
898048,101037,1,1,0
6424368,101038,1,0,1
774920,101039,1,0,1
8116056,101040,1,0,1
1276376,101041,1,0,1
2268512,101042,1,1,0
854640,101043,1,1,0
3946088,101044,1,1,0
2964576,101045,1,1,0
3712448,101046,1,1,0
2813960,101047,1,0,1
1112080,101048,1,1,0
1856520,101049,1,1,0
4762184,101050,1,0,1
6261320,101051,1,0,1
2881016,101052,1,1,0
270176,101053,1,0,1
7753240,101054,1,1,0
4103576,101055,1,0,1
4147624,101056,1,0,1
424328,101057,1,0,1
553160,101058,1,0,1
578136,101059,1,1,0
2145192,101060,1,0,1
819056,101061,1,1,0
269352,101062,1,0,1
944856,101063,1,0,1
1346456,101064,1,0,1
1388064,101065,1,0,1
3550752,101066,1,0,1
451272,101067,1,1,0
7169776,101068,1,1,0
2780360,101069,1,0,1
1086456,101070,1,1,0
881248,101071,1,0,1
2194344,101072,1,1,0
1577768,101073,1,1,0
306768,101074,1,0,1
2225856,101075,1,0,1
7786752,101076,1,0,1
1212616,101077,1,1,0
699408,101078,1,0,1
6472512,101079,1,1,0
3114528,101080,1,1,0
694992,101081,1,1,0
541808,101082,1,0,1
5940472,101083,1,0,1
2547696,101084,1,0,1
1614656,101085,1,1,0
1775736,101086,1,0,1
6843600,101087,1,0,1
8190192,101088,1,0,1
7276624,101089,1,1,0
7917080,101090,1,0,1
1095224,101091,1,0,1
4583464,101092,1,0,1
750848,101093,1,0,1
797440,101094,1,1,0
3879104,101095,1,0,1
1142544,101096,1,1,0
3077568,101097,1,0,1
5226800,101098,1,1,0
6824776,101099,1,0,1
3012608,101100,1,1,0
6545024,101101,1,0,1
8175544,101102,1,1,0
5764344,101103,1,1,0
1388856,101104,1,0,1
2652056,101105,1,1,0
424720,101106,1,1,0
2089080,101107,1,1,0
246480,101108,1,1,0
4114000,101109,1,0,1
6441272,101110,1,0,1
5777768,101111,1,1,0
2063664,101112,1,0,1
765056,101113,1,0,1
3273032,101114,1,1,0
2431968,101115,1,1,0
3433392,101116,1,0,1
8363800,101117,1,1,0
2695856,101118,1,1,0
3487136,101119,1,0,1
1078320,101120,1,1,0
921280,101121,1,0,1
7336432,101122,1,0,1
1457424,101123,1,1,0
2671032,101124,1,0,1
5242848,101125,1,1,0
7662368,101126,1,1,0
886464,101127,1,1,0
6973384,101128,1,1,0
6739856,101129,1,0,1
3473960,101130,1,0,1
1958440,101131,1,1,0
4003000,101132,1,0,1
1525288,101133,1,0,1
3169584,101134,1,0,1
3423944,101135,1,0,1
615864,101136,1,0,1
446256,101137,1,0,1
6670792,101138,1,1,0
2806360,101139,1,1,0
2537424,101140,1,0,1
298472,101141,1,0,1
6287120,101142,1,0,1
3204736,101143,1,1,0
1076920,101144,1,0,1
6608048,101145,1,1,0
1151352,101146,1,1,0
4579048,101147,1,1,0
1100840,101148,1,1,0
5853904,101149,1,1,0
336720,101150,1,0,1
1295320,101151,1,0,1
2121312,101152,1,1,0
8143344,101153,1,0,1
975568,101154,1,0,1
2570720,101155,1,1,0
2970960,101156,1,0,1
226472,101157,1,1,0
3247864,101158,1,1,0
285168,101159,1,1,0
3020816,101160,1,0,1
6373928,101161,1,1,0
4857720,101162,1,0,1
3267248,101163,1,1,0
6733104,101164,1,0,1
3261952,101165,1,1,0
2249664,101166,1,1,0
1225800,101167,1,1,0
237400,101168,1,0,1
690392,101169,1,0,1
7955952,101170,1,1,0
5183928,101171,1,1,0
3722552,101172,1,1,0
2085504,101173,1,1,0
6061528,101174,1,0,1
1271016,101175,1,0,1
7342704,101176,1,1,0
1769128,101177,1,0,1
3155576,101178,1,0,1
355240,101179,1,1,0
276944,101180,1,0,1
3241480,101181,1,0,1
2185904,101182,1,0,1
3185616,101183,1,0,1
1795488,101184,1,1,0
6743936,101185,1,1,0
1973120,101186,1,0,1
356680,101187,1,1,0
3320608,101188,1,0,1
2328632,101189,1,0,1
441760,101190,1,1,0
2162632,101191,1,1,0
5311560,101192,1,0,1
675432,101193,1,0,1
522728,101194,1,1,0
1352280,101195,1,1,0
1078944,101196,1,1,0
5661432,101197,1,1,0
2867240,101198,1,0,1
2264944,101199,1,0,1
253600,101200,1,0,1
305776,101201,1,1,0
1489632,101202,1,0,1
4209688,101203,1,0,1
1610408,101204,1,1,0
299808,101205,1,0,1
424320,101206,1,1,0
2508840,101207,1,1,0
2028536,101208,1,0,1
681456,101209,1,1,0
3317448,101210,1,0,1
484704,101211,1,1,0
1186104,101212,1,1,0
6250376,101213,1,1,0
3756088,101214,1,0,1
6414136,101215,1,0,1
2629272,101216,1,1,0
2634600,101217,1,1,0
1020008,101218,1,0,1
3745920,101219,1,1,0
4708776,101220,1,1,0
749744,101221,1,0,1
800704,101222,1,1,0
4841160,101223,1,1,0
5992968,101224,1,1,0
1093128,101225,1,1,0
642464,101226,1,0,1
465088,101227,1,0,1
2602472,101228,1,0,1
6336936,101229,1,0,1
3964600,101230,1,1,0
2296216,101231,1,0,1
8187056,101232,1,1,0
2368792,101233,1,1,0
3434224,101234,1,0,1
2809368,101235,1,0,1
5736832,101236,1,1,0
755768,101237,1,0,1
7651864,101238,1,1,0
5101944,101239,1,1,0
3992096,101240,1,0,1
4344072,101241,1,0,1
254744,101242,1,0,1
197560,101243,1,0,1
577896,101244,1,0,1
4452728,101245,1,1,0
7342880,101246,1,0,1
4368864,101247,1,0,1
192008,101248,1,0,1
471256,101249,1,0,1
448056,101250,1,0,1
2506488,101251,1,0,1
335744,101252,1,1,0
3711824,101253,1,1,0
7147872,101254,1,0,1
3882704,101255,1,1,0
116528,101256,1,0,1
4128304,101257,1,0,1
8386152,101258,1,1,0
8209040,101259,1,1,0
2085536,101260,1,0,1
1242344,101261,1,1,0
539128,101262,1,1,0
1392312,101263,1,1,0
2037080,101264,1,0,1
5361816,101265,1,0,1
3205656,101266,1,0,1
1114104,101267,1,0,1
1285256,101268,1,1,0
2808096,101269,1,0,1
193040,101270,1,1,0
7932384,101271,1,0,1
2151672,101272,1,0,1
1696360,101273,1,0,1
2753496,101274,1,1,0
1667936,101275,1,1,0
1730664,101276,1,1,0
798648,101277,1,0,1
4804720,101278,1,0,1
1196968,101279,1,0,1
4239480,101280,1,0,1
7286400,101281,1,0,1
940608,101282,1,0,1
6784088,101283,1,0,1
570960,101284,1,0,1
4923304,101285,1,0,1
1708464,101286,1,1,0
2246592,101287,1,1,0
3159456,101288,1,0,1
3397136,101289,1,0,1
3060120,101290,1,1,0
6246848,101291,1,1,0
7025552,101292,1,0,1
948040,101293,1,0,1
2569096,101294,1,1,0
3266688,101295,1,0,1
1287216,101296,1,1,0
1617960,101297,1,0,1
2945888,101298,1,1,0
472216,101299,1,1,0
4426520,101300,1,0,1
1087000,101301,1,1,0
2036512,101302,1,0,1
1803544,101303,1,0,1
2005008,101304,1,0,1
551984,101305,1,0,1
5281112,101306,1,1,0
5368616,101307,1,0,1
2643824,101308,1,0,1
69488,101309,1,0,1
4075312,101310,1,1,0
726632,101311,1,1,0
320584,101312,1,1,0
393792,101313,1,1,0
5493832,101314,1,1,0
2236392,101315,1,1,0
3348408,101316,1,1,0
384672,101317,1,0,1
938512,101318,1,1,0
1937432,101319,1,1,0
6115152,101320,1,0,1
6556960,101321,1,1,0
947784,101322,1,1,0
3015512,101323,1,0,1
5496504,101324,1,0,1
1284640,101325,1,1,0
1151888,101326,1,1,0
356712,101327,1,0,1
6579208,101328,1,0,1
1587240,101329,1,0,1
1460984,101330,1,1,0
467584,101331,1,0,1
7284888,101332,1,1,0
3311768,101333,1,1,0
2958480,101334,1,1,0
637160,101335,1,0,1
145096,101336,1,0,1
4750568,101337,1,0,1
2650664,101338,1,1,0
298208,101339,1,1,0
8038392,101340,1,0,1
239056,101341,1,0,1
6825176,101342,1,1,0
2435728,101343,1,0,1
1983632,101344,1,0,1
684528,101345,1,0,1
7894920,101346,1,0,1
2461984,101347,1,1,0
2290048,101348,1,1,0
193304,101349,1,1,0
1861560,101350,1,1,0
1154544,101351,1,0,1
544056,101352,1,0,1
1575464,101353,1,1,0
462008,101354,1,0,1
909344,101355,1,1,0
3356576,101356,1,0,1
4060504,101357,1,0,1
2651744,101358,1,0,1
4572808,101359,1,0,1
738456,101360,1,0,1
1524488,101361,1,0,1
2075592,101362,1,1,0
4635240,101363,1,0,1
1235184,101364,1,0,1
1857800,101365,1,0,1
4683120,101366,1,0,1
5783880,101367,1,1,0
900384,101368,1,0,1
827192,101369,1,1,0
3555168,101370,1,1,0
8009200,101371,1,1,0
336864,101372,1,0,1
1091088,101373,1,1,0
6030560,101374,1,1,0
646088,101375,1,0,1
273464,101376,1,1,0
1664128,101377,1,1,0
6326296,101378,1,1,0
2123008,101379,1,1,0
3491472,101380,1,0,1
2287480,101381,1,0,1
1672272,101382,1,0,1
2369912,101383,1,1,0
1085832,101384,1,1,0
5745136,101385,1,1,0
7252016,101386,1,1,0
1499488,101387,1,1,0
702104,101388,1,1,0
1285096,101389,1,1,0
280432,101390,1,0,1
6809544,101391,1,1,0
1499224,101392,1,0,1
5299128,101393,1,1,0
454256,101394,1,0,1
5036776,101395,1,1,0
3072984,101396,1,0,1
5561104,101397,1,1,0
969920,101398,1,1,0
2856584,101399,1,0,1
324760,101400,1,0,1
4511472,101401,1,1,0
1651904,101402,1,1,0
3780224,101403,1,1,0
453976,101404,1,0,1
432800,101405,1,1,0
8373912,101406,1,0,1
950432,101407,1,0,1
7696296,101408,1,0,1
644424,101409,1,0,1
982280,101410,1,0,1
1441680,101411,1,1,0
4227232,101412,1,0,1
2510256,101413,1,1,0
416592,101414,1,1,0
3645624,101415,1,0,1
5172448,101416,1,1,0
124088,101417,1,1,0
3618824,101418,1,0,1
1001280,101419,1,1,0
1326976,101420,1,1,0
2894224,101421,1,1,0
340856,101422,1,1,0
1110400,101423,1,0,1
98984,101424,1,1,0
2760168,101425,1,1,0
1324392,101426,1,0,1
5220192,101427,1,0,1
4251328,101428,1,1,0
2318568,101429,1,0,1
6320056,101430,1,1,0
836832,101431,1,1,0
1182832,101432,1,1,0
2679696,101433,1,1,0
3522848,101434,1,0,1
5401744,101435,1,1,0
5788848,101436,1,0,1
6144752,101437,1,1,0
4251120,101438,1,1,0
1720864,101439,1,1,0
1566360,101440,1,0,1
256592,101441,1,1,0
2027536,101442,1,1,0
848976,101443,1,1,0
4882248,101444,1,1,0
5390168,101445,1,0,1
764904,101446,1,1,0
1578496,101447,1,0,1
1946992,101448,1,0,1
1040016,101449,1,0,1
1288912,101450,1,1,0
4823952,101451,1,0,1
923200,101452,1,0,1
5219256,101453,1,0,1
4380976,101454,1,1,0
1850872,101455,1,1,0
3594008,101456,1,1,0
3975936,101457,1,1,0
8035896,101458,1,0,1
2896576,101459,1,1,0
935840,101460,1,0,1
473712,101461,1,0,1
277736,101462,1,1,0
8360888,101463,1,0,1
2166816,101464,1,0,1
1694016,101465,1,1,0
410496,101466,1,1,0
1893528,101467,1,0,1
1667928,101468,1,1,0
1111464,101469,1,1,0
409952,101470,1,0,1
6904456,101471,1,0,1
4396344,101472,1,0,1
3659776,101473,1,1,0
373392,101474,1,0,1
230064,101475,1,1,0
4367640,101476,1,1,0
488416,101477,1,0,1
3474784,101478,1,1,0
6168768,101479,1,1,0
236960,101480,1,0,1
4197008,101481,1,0,1
1131032,101482,1,1,0
3628720,101483,1,1,0
3128664,101484,1,0,1
1636040,101485,1,0,1
2879400,101486,1,1,0
4224856,101487,1,1,0
3313520,101488,1,0,1
595800,101489,1,0,1
1116368,101490,1,1,0
1934016,101491,1,0,1
1237392,101492,1,0,1
4075736,101493,1,1,0
5809160,101494,1,1,0
4109032,101495,1,0,1
3125024,101496,1,0,1
917208,101497,1,0,1
2151744,101498,1,0,1
835960,101499,1,0,1
3695304,101500,1,0,1
1040488,101501,1,1,0
2213736,101502,1,0,1
694720,101503,1,1,0
1542552,101504,1,1,0
4742080,101505,1,1,0
1408368,101506,1,0,1
183424,101507,1,1,0
2929736,101508,1,0,1
2097632,101509,1,0,1
1569168,101510,1,1,0
7974872,101511,1,1,0
4904288,101512,1,0,1
1413568,101513,1,0,1
6312640,101514,1,1,0
3950864,101515,1,1,0
3378448,101516,1,1,0
813440,101517,1,0,1
2209944,101518,1,0,1
1096496,101519,1,0,1
7736200,101520,1,1,0
1609704,101521,1,0,1
811544,101522,1,0,1
6878960,101523,1,0,1
4701448,101524,1,0,1
2176168,101525,1,1,0
1727816,101526,1,0,1
290904,101527,1,0,1
2609608,101528,1,0,1
5431576,101529,1,0,1
3647984,101530,1,1,0
4772376,101531,1,1,0
592408,101532,1,1,0
378048,101533,1,1,0
2581648,101534,1,1,0
2071984,101535,1,1,0
7336312,101536,1,0,1
388032,101537,1,0,1
500616,101538,1,0,1
1455664,101539,1,0,1
1051576,101540,1,0,1
5569632,101541,1,1,0
4570696,101542,1,1,0
1396296,101543,1,1,0
1410496,101544,1,0,1
4145184,101545,1,0,1
2265192,101546,1,1,0
5227248,101547,1,0,1
5959944,101548,1,0,1
3866056,101549,1,0,1
8109080,101550,1,1,0
7963440,101551,1,1,0
6573000,101552,1,0,1
1601976,101553,1,1,0
778824,101554,1,0,1
659920,101555,1,1,0
2309320,101556,1,0,1
163808,101557,1,1,0
339832,101558,1,1,0
1197416,101559,1,1,0
1597240,101560,1,1,0
719568,101561,1,0,1
3310696,101562,1,1,0
4384432,101563,1,0,1
959400,101564,1,1,0
525776,101565,1,1,0
2032264,101566,1,1,0
1258368,101567,1,0,1
987336,101568,1,1,0
7974944,101569,1,1,0
1664256,101570,1,0,1
694352,101571,1,1,0
327008,101572,1,1,0
8329672,101573,1,0,1
3201256,101574,1,1,0
874976,101575,1,0,1
3524464,101576,1,0,1
5759736,101577,1,0,1
7492384,101578,1,1,0
2867160,101579,1,1,0
6600544,101580,1,0,1
3737664,101581,1,1,0
6015096,101582,1,1,0
859696,101583,1,0,1
7570248,101584,1,1,0
5024512,101585,1,0,1
2776992,101586,1,1,0
4129600,101587,1,1,0
3428568,101588,1,0,1
735488,101589,1,1,0
7556128,101590,1,1,0
4416832,101591,1,0,1
5361000,101592,1,0,1
5838784,101593,1,0,1
7004512,101594,1,1,0
4897048,101595,1,1,0
5733640,101596,1,1,0
443040,101597,1,1,0
569296,101598,1,0,1
2740832,101599,1,1,0
403616,101600,1,1,0
5614248,101601,1,1,0
177792,101602,1,0,1
461360,101603,1,0,1
2625576,101604,1,0,1
6012504,101605,1,0,1
5445784,101606,1,0,1
637712,101607,1,1,0
1866608,101608,1,0,1
3690816,101609,1,1,0
7820608,101610,1,1,0
243824,101611,1,0,1
3163992,101612,1,0,1
1375336,101613,1,0,1
1662152,101614,1,0,1
4925344,101615,1,0,1
471104,101616,1,0,1
1343952,101617,1,1,0
968720,101618,1,0,1
7734960,101619,1,1,0
4152856,101620,1,0,1
1360584,101621,1,1,0
758104,101622,1,0,1
1711640,101623,1,0,1
7135864,101624,1,0,1
271296,101625,1,0,1
1776968,101626,1,0,1
4014040,101627,1,0,1
584704,101628,1,1,0
494248,101629,1,1,0
8065208,101630,1,1,0
1034032,101631,1,1,0
1886208,101632,1,1,0
4432632,101633,1,1,0
423104,101634,1,0,1
4497272,101635,1,0,1
5454776,101636,1,1,0
2319632,101637,1,1,0
2895416,101638,1,0,1
3242624,101639,1,1,0
627800,101640,1,0,1
6507968,101641,1,0,1
2321944,101642,1,0,1
3826264,101643,1,0,1
1882824,101644,1,0,1
1674408,101645,1,1,0
4765864,101646,1,0,1
3389888,101647,1,0,1
3658192,101648,1,0,1
1042088,101649,1,0,1
4420960,101650,1,1,0
687192,101651,1,1,0
2187832,101652,1,1,0
5591048,101653,1,1,0
8181936,101654,1,1,0
1790328,101655,1,0,1
8042032,101656,1,1,0
387656,101657,1,0,1
2852744,101658,1,0,1
5142896,101659,1,1,0
1844816,101660,1,0,1
587552,101661,1,1,0
1222600,101662,1,1,0
1115584,101663,1,1,0
288088,101664,1,1,0
3455256,101665,1,0,1
541208,101666,1,0,1
6704624,101667,1,1,0
1569552,101668,1,1,0
6100600,101669,1,0,1
3292376,101670,1,1,0
6929600,101671,1,0,1
7400552,101672,1,1,0
5161928,101673,1,0,1
1238216,101674,1,0,1
2700848,101675,1,1,0
693592,101676,1,0,1
1349248,101677,1,0,1
5108432,101678,1,0,1
341520,101679,1,1,0
6953032,101680,1,1,0
1169016,101681,1,0,1
4789568,101682,1,1,0
394672,101683,1,1,0
1748496,101684,1,0,1
2149056,101685,1,1,0
2155632,101686,1,1,0
3933056,101687,1,1,0
700416,101688,1,0,1
1040952,101689,1,0,1
908800,101690,1,1,0
2541832,101691,1,0,1
3336696,101692,1,1,0
1445744,101693,1,0,1
3119168,101694,1,0,1
3000968,101695,1,1,0
1603448,101696,1,0,1
4928320,101697,1,0,1
956032,101698,1,1,0
1258704,101699,1,1,0
2703040,101700,1,1,0
5470712,101701,1,0,1
211632,101702,1,1,0
2563616,101703,1,1,0
357288,101704,1,0,1
721288,101705,1,1,0
1133184,101706,1,0,1
3714496,101707,1,0,1
2016616,101708,1,0,1
7942392,101709,1,0,1
5849216,101710,1,0,1
77696,101711,1,0,1
5621216,101712,1,1,0
997256,101713,1,0,1
633328,101714,1,0,1
1408072,101715,1,0,1
633752,101716,1,1,0
286752,101717,1,0,1
267608,101718,1,0,1
2682848,101719,1,0,1
6832776,101720,1,0,1
6118712,101721,1,0,1
2413664,101722,1,1,0
1213520,101723,1,1,0
3155624,101724,1,1,0
3220296,101725,1,0,1
6505232,101726,1,0,1
2557128,101727,1,1,0
603792,101728,1,0,1
4460168,101729,1,0,1
1204456,101730,1,1,0
6257440,101731,1,1,0
8369512,101732,1,1,0
1418128,101733,1,1,0
2415800,101734,1,0,1
2190872,101735,1,1,0
2942216,101736,1,0,1
258280,101737,1,1,0
7544208,101738,1,1,0
5320368,101739,1,0,1
384184,101740,1,0,1
3372176,101741,1,1,0
575912,101742,1,0,1
2331856,101743,1,0,1
8332384,101744,1,0,1
1371672,101745,1,0,1
249712,101746,1,1,0
3174648,101747,1,1,0
1105296,101748,1,1,0
4879720,101749,1,1,0
4681992,101750,1,0,1
2076928,101751,1,1,0
3768376,101752,1,0,1
3450168,101753,1,1,0
2704160,101754,1,0,1
7766344,101755,1,1,0
1675232,101756,1,1,0
1074888,101757,1,0,1
3689592,101758,1,0,1
1075776,101759,1,1,0
309992,101760,1,0,1
4121344,101761,1,1,0
8035424,101762,1,0,1
1749904,101763,1,1,0
1430752,101764,1,0,1
1267864,101765,1,1,0
3733936,101766,1,0,1
4217184,101767,1,0,1
6250776,101768,1,0,1
201216,101769,1,0,1
1723120,101770,1,1,0
230128,101771,1,0,1
1587376,101772,1,0,1
5978336,101773,1,0,1
2068280,101774,1,1,0
340432,101775,1,1,0
1775408,101776,1,0,1
2272568,101777,1,0,1
2057512,101778,1,0,1
661432,101779,1,1,0
1815096,101780,1,1,0
890000,101781,1,0,1
2263944,101782,1,1,0
499992,101783,1,1,0
4554336,101784,1,0,1
2848808,101785,1,0,1
5605312,101786,1,1,0
4637256,101787,1,1,0
6841312,101788,1,0,1
5573040,101789,1,1,0
2843392,101790,1,0,1
1083848,101791,1,1,0
4024440,101792,1,0,1
995712,101793,1,1,0
352088,101794,1,1,0
2116752,101795,1,0,1
1303000,101796,1,0,1
8076664,101797,1,0,1
2605952,101798,1,0,1
946616,101799,1,1,0
3485216,101800,1,0,1
6899784,101801,1,1,0
7559872,101802,1,1,0
7200192,101803,1,1,0
3997736,101804,1,1,0
1495944,101805,1,0,1
4908256,101806,1,0,1
6975992,101807,1,0,1
3433416,101808,1,0,1
997064,101809,1,1,0
586088,101810,1,0,1
6803992,101811,1,1,0
266480,101812,1,1,0
797448,101813,1,0,1
4595656,101814,1,0,1
5507736,101815,1,1,0
3972960,101816,1,1,0
5213360,101817,1,0,1
404000,101818,1,0,1
3298344,101819,1,0,1
1805160,101820,1,1,0
5132856,101821,1,0,1
4229760,101822,1,1,0
369664,101823,1,1,0
2181008,101824,1,0,1
1695600,101825,1,0,1
7583696,101826,1,1,0
2079016,101827,1,0,1
5316440,101828,1,1,0
3220408,101829,1,0,1
3969640,101830,1,0,1
2819936,101831,1,1,0
382360,101832,1,0,1
788792,101833,1,0,1
274240,101834,1,1,0
984512,101835,1,0,1
1994376,101836,1,1,0
3779312,101837,1,0,1
4390624,101838,1,0,1
3367320,101839,1,0,1
7264056,101840,1,1,0
7308688,101841,1,1,0
3403992,101842,1,0,1
193872,101843,1,0,1
7406200,101844,1,1,0
3872416,101845,1,0,1
2481056,101846,1,1,0
2522352,101847,1,1,0
1845352,101848,1,1,0
1124960,101849,1,1,0
933240,101850,1,0,1
5386256,101851,1,0,1
3270248,101852,1,0,1
1562536,101853,1,0,1
325184,101854,1,1,0
3472840,101855,1,0,1
3042144,101856,1,1,0
1042488,101857,1,1,0
4779800,101858,1,0,1
6030376,101859,1,0,1
2198376,101860,1,0,1
4728984,101861,1,1,0
5882800,101862,1,0,1
156856,101863,1,0,1
1790168,101864,1,1,0
5348216,101865,1,0,1
1920384,101866,1,0,1
5133936,101867,1,0,1
508784,101868,1,1,0
3033760,101869,1,0,1
2241224,101870,1,1,0
4465032,101871,1,0,1
5662384,101872,1,1,0
373960,101873,1,1,0
7615008,101874,1,0,1
2369392,101875,1,0,1
3410968,101876,1,0,1
6115688,101877,1,0,1
6196808,101878,1,1,0
1682320,101879,1,1,0
7713288,101880,1,0,1
3944520,101881,1,1,0
738072,101882,1,1,0
3813696,101883,1,0,1
5929288,101884,1,0,1
421984,101885,1,0,1
5969224,101886,1,0,1
218088,101887,1,1,0
1735064,101888,1,1,0
2102456,101889,1,1,0
7276936,101890,1,0,1
4087608,101891,1,1,0
4176928,101892,1,1,0
1546824,101893,1,1,0
7005656,101894,1,0,1
124288,101895,1,0,1
1137888,101896,1,0,1
505800,101897,1,0,1
4990760,101898,1,0,1
1945328,101899,1,0,1
1805712,101900,1,1,0
489544,101901,1,1,0
3034424,101902,1,1,0
1742608,101903,1,1,0
277536,101904,1,0,1
7192136,101905,1,1,0
666544,101906,1,1,0
2576560,101907,1,0,1
1606568,101908,1,0,1
991432,101909,1,0,1
6251584,101910,1,0,1
177880,101911,1,1,0
892352,101912,1,0,1
1568448,101913,1,0,1
2105464,101914,1,1,0
6853816,101915,1,1,0
325136,101916,1,0,1
3397776,101917,1,1,0
7680048,101918,1,1,0
2790496,101919,1,1,0
3462056,101920,1,1,0
5717272,101921,1,0,1
2556552,101922,1,1,0
4226472,101923,1,1,0
1861200,101924,1,1,0
2081816,101925,1,1,0
3033112,101926,1,1,0
2349448,101927,1,1,0
175616,101928,1,1,0
2630448,101929,1,0,1
4882480,101930,1,1,0
218640,101931,1,0,1
1580296,101932,1,1,0
3365720,101933,1,0,1
3752528,101934,1,1,0
2387560,101935,1,0,1
8285728,101936,1,1,0
6552944,101937,1,1,0
1741768,101938,1,0,1
2666224,101939,1,0,1
430752,101940,1,1,0
1950064,101941,1,1,0
1337096,101942,1,0,1
5443104,101943,1,0,1
8038168,101944,1,1,0
7084328,101945,1,0,1
381208,101946,1,0,1
2725064,101947,1,1,0
5893216,101948,1,0,1
5658000,101949,1,1,0
1173176,101950,1,1,0
215360,101951,1,0,1
5242600,101952,1,1,0
5619152,101953,1,1,0
6610360,101954,1,1,0
2681504,101955,1,1,0
6920632,101956,1,1,0
8237704,101957,1,1,0
6426352,101958,1,0,1
246824,101959,1,1,0
5274216,101960,1,0,1
7597304,101961,1,1,0
4364952,101962,1,1,0
4531512,101963,1,0,1
1481480,101964,1,0,1
4985824,101965,1,0,1
8097680,101966,1,0,1
556672,101967,1,1,0
851504,101968,1,0,1
362904,101969,1,0,1
6802872,101970,1,1,0
263136,101971,1,0,1
1278632,101972,1,0,1
2521680,101973,1,0,1
1066928,101974,1,0,1
4452424,101975,1,0,1
796864,101976,1,0,1
4300792,101977,1,1,0
6359952,101978,1,1,0
3746760,101979,1,0,1
7946000,101980,1,1,0
4294056,101981,1,0,1
6374800,101982,1,1,0
1029760,101983,1,1,0
3651656,101984,1,1,0
1709432,101985,1,0,1
3710152,101986,1,0,1
730192,101987,1,0,1
1994000,101988,1,0,1
402192,101989,1,1,0
494296,101990,1,1,0
948080,101991,1,0,1
7484408,101992,1,0,1
3652704,101993,1,1,0
741896,101994,1,0,1
5170512,101995,1,1,0
1452744,101996,1,1,0
932752,101997,1,1,0
299712,101998,1,0,1
4575928,101999,1,1,0
2554528,102000,1,1,0
2039440,102001,1,1,0
6798672,102002,1,0,1
1982640,102003,1,1,0
2920216,102004,1,0,1
3474656,102005,1,0,1
1806080,102006,1,1,0
1175824,102007,1,1,0
3001408,102008,1,1,0
349848,102009,1,0,1
567544,102010,1,0,1
2703496,102011,1,0,1
848328,102012,1,0,1
1293032,102013,1,0,1
2063568,102014,1,0,1
821568,102015,1,0,1
2400272,102016,1,1,0
3168440,102017,1,0,1
1585728,102018,1,1,0
5203992,102019,1,1,0
1541976,102020,1,0,1
4011616,102021,1,0,1
2293056,102022,1,0,1
1004984,102023,1,0,1
688232,102024,1,1,0
2469648,102025,1,0,1
5058888,102026,1,1,0
4397640,102027,1,0,1
3102360,102028,1,1,0
4076704,102029,1,0,1
3563280,102030,1,0,1
254096,102031,1,1,0
1342688,102032,1,1,0
5062072,102033,1,0,1
1369800,102034,1,1,0
4963656,102035,1,1,0
3573168,102036,1,0,1
223896,102037,1,0,1
3388360,102038,1,1,0
2000064,102039,1,1,0
3050936,102040,1,1,0
2469000,102041,1,1,0
912040,102042,1,0,1
2049560,102043,1,1,0
2189144,102044,1,0,1
6951000,102045,1,1,0
62560,102046,1,0,1
1256952,102047,1,0,1
725624,102048,1,0,1
148008,102049,1,0,1
3119968,102050,1,0,1
1507672,102051,1,0,1
6270840,102052,1,1,0
8319848,102053,1,1,0
1064760,102054,1,1,0
4681792,102055,1,1,0
1105528,102056,1,0,1
3608488,102057,1,1,0
4239392,102058,1,1,0
2049496,102059,1,1,0
3306728,102060,1,0,1
1195288,102061,1,0,1
6163536,102062,1,1,0
8382728,102063,1,1,0
1371736,102064,1,0,1
916232,102065,1,0,1
1261368,102066,1,0,1
7550432,102067,1,1,0
1007632,102068,1,1,0
4535792,102069,1,0,1
2448640,102070,1,1,0
373032,102071,1,0,1
334128,102072,1,1,0
699320,102073,1,1,0
1793888,102074,1,1,0
1261744,102075,1,1,0
1219600,102076,1,1,0
3681664,102077,1,1,0
1324024,102078,1,0,1
2049576,102079,1,0,1
1987024,102080,1,0,1
954432,102081,1,0,1
3220280,102082,1,0,1
2645952,102083,1,1,0
6122296,102084,1,0,1
1475960,102085,1,0,1
1657432,102086,1,0,1
868616,102087,1,1,0
7017368,102088,1,0,1
5838344,102089,1,0,1
1306184,102090,1,1,0
630040,102091,1,1,0
715328,102092,1,1,0
8160552,102093,1,0,1
7703504,102094,1,0,1
6244224,102095,1,0,1
6113576,102096,1,1,0
402176,102097,1,0,1
302000,102098,1,1,0
2151080,102099,1,0,1
1934480,102100,1,1,0
307000,102101,1,1,0
1191560,102102,1,1,0
675584,102103,1,0,1
1096696,102104,1,0,1
230288,102105,1,0,1
3631464,102106,1,1,0
6389776,102107,1,1,0
3888888,102108,1,1,0
6221304,102109,1,0,1
5635712,102110,1,1,0
3780736,102111,1,1,0
2187792,102112,1,0,1
2545728,102113,1,1,0
349264,102114,1,0,1
5044920,102115,1,0,1
3971632,102116,1,0,1
5182176,102117,1,0,1
1792960,102118,1,1,0
6029776,102119,1,1,0
4719288,102120,1,0,1
7229648,102121,1,1,0
2343512,102122,1,1,0
1864736,102123,1,0,1
4618432,102124,1,1,0
1228808,102125,1,0,1
1401128,102126,1,0,1
659416,102127,1,1,0
2789944,102128,1,0,1
230168,102129,1,1,0
2059888,102130,1,0,1
594984,102131,1,1,0
8186544,102132,1,0,1
927280,102133,1,0,1
852560,102134,1,1,0
1976168,102135,1,0,1
188648,102136,1,1,0
162392,102137,1,1,0
2302240,102138,1,1,0
1262264,102139,1,0,1
224920,102140,1,1,0
5525336,102141,1,0,1
1132912,102142,1,1,0
3717752,102143,1,1,0
1570456,102144,1,0,1
319688,102145,1,0,1
6879368,102146,1,1,0
1270680,102147,1,0,1
2249528,102148,1,1,0
7477664,102149,1,1,0
3350368,102150,1,0,1
8210512,102151,1,0,1
5571632,102152,1,1,0
1202944,102153,1,0,1
185144,102154,1,1,0
2118472,102155,1,1,0
264192,102156,1,0,1
413424,102157,1,0,1
985712,102158,1,0,1
78688,102159,1,1,0
3329424,102160,1,1,0
3705568,102161,1,1,0
298944,102162,1,1,0
1449120,102163,1,0,1
1508120,102164,1,0,1
2951264,102165,1,0,1
3894536,102166,1,1,0
3978472,102167,1,1,0
2447592,102168,1,0,1
1061000,102169,1,1,0
155056,102170,1,0,1
1934256,102171,1,1,0
2180568,102172,1,1,0
1234648,102173,1,0,1
115752,102174,1,0,1
2612912,102175,1,1,0
2085216,102176,1,1,0
4660992,102177,1,0,1
6462368,102178,1,1,0
1814624,102179,1,1,0
417016,102180,1,0,1
1639608,102181,1,1,0
476440,102182,1,0,1
3769960,102183,1,0,1
2918032,102184,1,1,0
2833496,102185,1,0,1
3796224,102186,1,1,0
307432,102187,1,1,0
1647488,102188,1,1,0
2652264,102189,1,0,1
1790920,102190,1,0,1
471592,102191,1,0,1
2360016,102192,1,1,0
911624,102193,1,1,0
917560,102194,1,1,0
868256,102195,1,1,0
1947600,102196,1,0,1
820064,102197,1,1,0
2982512,102198,1,0,1
7800272,102199,1,0,1
5065224,102200,1,1,0
2651320,102201,1,1,0
119152,102202,1,0,1
7379496,102203,1,0,1
1355232,102204,1,0,1
1085992,102205,1,0,1
5922104,102206,1,1,0
694824,102207,1,0,1
850744,102208,1,1,0
5600968,102209,1,1,0
7051304,102210,1,1,0
559024,102211,1,0,1
1459032,102212,1,0,1
5577848,102213,1,0,1
7104744,102214,1,0,1
453896,102215,1,1,0
4105056,102216,1,1,0
4113776,102217,1,0,1
5255248,102218,1,0,1
356320,102219,1,1,0
818336,102220,1,0,1
1680544,102221,1,1,0
5902016,102222,1,1,0
8100552,102223,1,0,1
5054632,102224,1,0,1
5018312,102225,1,1,0
515424,102226,1,1,0
4665136,102227,1,1,0
294400,102228,1,1,0
686288,102229,1,0,1
805384,102230,1,1,0
653776,102231,1,1,0
7766888,102232,1,1,0
318736,102233,1,0,1
1968600,102234,1,1,0
8024000,102235,1,1,0
1801576,102236,1,1,0
89240,102237,1,1,0
3007656,102238,1,1,0
2733608,102239,1,1,0
526304,102240,1,0,1
5116896,102241,1,1,0
3849736,102242,1,1,0
369792,102243,1,0,1
455712,102244,1,0,1
7319960,102245,1,1,0
8245544,102246,1,0,1
5606112,102247,1,1,0
668432,102248,1,1,0
4903224,102249,1,1,0
6258968,102250,1,0,1
7666360,102251,1,1,0
2472144,102252,1,0,1
1123784,102253,1,0,1
460352,102254,1,0,1
2365312,102255,1,1,0
1859056,102256,1,1,0
3969320,102257,1,1,0
417712,102258,1,1,0
1829896,102259,1,1,0
7892352,102260,1,0,1
5043328,102261,1,0,1
1883216,102262,1,0,1
1354808,102263,1,1,0
185880,102264,1,0,1
3039192,102265,1,0,1
3300000,102266,1,1,0
862800,102267,1,1,0
3013736,102268,1,0,1
2019888,102269,1,0,1
487632,102270,1,0,1
461992,102271,1,0,1
848040,102272,1,0,1
363328,102273,1,0,1
344128,102274,1,0,1
1540352,102275,1,1,0
2796472,102276,1,0,1
908200,102277,1,1,0
2337424,102278,1,1,0
7948104,102279,1,0,1
3401688,102280,1,1,0
907856,102281,1,0,1
4649848,102282,1,0,1
5877336,102283,1,1,0
410240,102284,1,0,1
3307712,102285,1,0,1
7971896,102286,1,1,0
5994560,102287,1,0,1
6147992,102288,1,0,1
5297024,102289,1,0,1
1027120,102290,1,1,0
3669040,102291,1,0,1
5964664,102292,1,0,1
2026168,102293,1,1,0
756888,102294,1,1,0
302088,102295,1,1,0
1374840,102296,1,1,0
1431408,102297,1,1,0
4733376,102298,1,0,1
70400,102299,1,0,1
5896904,102300,1,0,1
3423056,102301,1,0,1
2944552,102302,1,0,1
386456,102303,1,0,1
1484416,102304,1,0,1
1248184,102305,1,0,1
2547936,102306,1,0,1
5078744,102307,1,0,1
530416,102308,1,0,1
4737816,102309,1,0,1
1102376,102310,1,0,1
246128,102311,1,1,0
4538824,102312,1,0,1
903720,102313,1,1,0
5309680,102314,1,1,0
3804440,102315,1,1,0
2463368,102316,1,0,1
8355008,102317,1,1,0
135352,102318,1,0,1
1196288,102319,1,0,1
868104,102320,1,0,1
1249096,102321,1,1,0
6841624,102322,1,0,1
4553520,102323,1,0,1
4880312,102324,1,0,1
1509600,102325,1,1,0
5261888,102326,1,0,1
279368,102327,1,1,0
4884584,102328,1,1,0
4629544,102329,1,1,0
2110176,102330,1,0,1
5647056,102331,1,1,0
1032888,102332,1,0,1
6077648,102333,1,0,1
3484104,102334,1,1,0
586848,102335,1,0,1
6269824,102336,1,0,1
2825944,102337,1,1,0
1519208,102338,1,1,0
1096080,102339,1,1,0
2394032,102340,1,0,1
262680,102341,1,0,1
2132368,102342,1,1,0
8081712,102343,1,0,1
1266112,102344,1,0,1
1911128,102345,1,0,1
3612800,102346,1,0,1
2035296,102347,1,0,1
223088,102348,1,1,0
462864,102349,1,0,1
4032512,102350,1,1,0
7214960,102351,1,1,0
1949272,102352,1,1,0
2600720,102353,1,0,1
7602960,102354,1,0,1
706592,102355,1,1,0
3666856,102356,1,0,1
7442888,102357,1,1,0
732512,102358,1,1,0
570408,102359,1,0,1
240464,102360,1,1,0
2219984,102361,1,0,1
1153112,102362,1,0,1
676184,102363,1,0,1
6286488,102364,1,0,1
3030184,102365,1,1,0
1162744,102366,1,1,0
722392,102367,1,1,0
4595672,102368,1,1,0
1825608,102369,1,1,0
6242616,102370,1,1,0
2353976,102371,1,1,0
961536,102372,1,1,0
3737168,102373,1,1,0
1295392,102374,1,1,0
4780216,102375,1,1,0
216512,102376,1,0,1
1900600,102377,1,1,0
232880,102378,1,1,0
1967752,102379,1,1,0
4168968,102380,1,1,0
4281128,102381,1,1,0
8333072,102382,1,1,0
1255296,102383,1,1,0
881360,102384,1,1,0
398656,102385,1,1,0
701728,102386,1,1,0
2906912,102387,1,0,1
8336232,102388,1,0,1
3294960,102389,1,0,1
5041832,102390,1,1,0
633944,102391,1,0,1
6682248,102392,1,0,1
5720072,102393,1,1,0
3538360,102394,1,1,0
5522072,102395,1,0,1
6283552,102396,1,1,0
6718896,102397,1,1,0
226104,102398,1,0,1
3472912,102399,1,0,1
2763056,102400,1,1,0
2677592,102401,1,1,0
7254952,102402,1,1,0
1117248,102403,1,0,1
3443176,102404,1,0,1
1782896,102405,1,0,1
3536480,102406,1,0,1
306280,102407,1,0,1
3025456,102408,1,0,1
5452920,102409,1,0,1
3787040,102410,1,1,0
729616,102411,1,1,0
330120,102412,1,1,0
497336,102413,1,1,0
1300128,102414,1,0,1
222232,102415,1,0,1
509512,102416,1,0,1
2008800,102417,1,1,0
2714648,102418,1,1,0
308408,102419,1,1,0
4713824,102420,1,0,1
7254288,102421,1,1,0
631224,102422,1,0,1
293480,102423,1,0,1
2573080,102424,1,1,0
8003408,102425,1,1,0
717256,102426,1,0,1
3150744,102427,1,1,0
4376640,102428,1,1,0
1566256,102429,1,0,1
1648104,102430,1,0,1
2310656,102431,1,0,1
3289248,102432,1,1,0
545312,102433,1,0,1
418840,102434,1,1,0
5016792,102435,1,1,0
813352,102436,1,0,1
3765528,102437,1,0,1
1068208,102438,1,0,1
1622392,102439,1,0,1
3905480,102440,1,0,1
418080,102441,1,0,1
999056,102442,1,1,0
4770464,102443,1,1,0
419376,102444,1,1,0
1384432,102445,1,1,0
701952,102446,1,0,1
989024,102447,1,0,1
5203576,102448,1,0,1
1280288,102449,1,1,0
5053448,102450,1,0,1
1427232,102451,1,0,1
7409456,102452,1,0,1
2493944,102453,1,1,0
1984976,102454,1,1,0
5931800,102455,1,0,1
2983448,102456,1,1,0
1465664,102457,1,0,1
2942240,102458,1,1,0
2247080,102459,1,0,1
1180712,102460,1,0,1
663168,102461,1,0,1
3025368,102462,1,0,1
2093504,102463,1,1,0
1937872,102464,1,0,1
288184,102465,1,1,0
7548488,102466,1,1,0
6124000,102467,1,1,0
5920736,102468,1,1,0
724480,102469,1,0,1
1545992,102470,1,0,1
2402344,102471,1,0,1
579384,102472,1,0,1
488616,102473,1,1,0
1356000,102474,1,1,0
3662056,102475,1,1,0
7396888,102476,1,0,1
6394472,102477,1,0,1
4116256,102478,1,0,1
5552672,102479,1,1,0
2910136,102480,1,0,1
3480800,102481,1,1,0
946704,102482,1,1,0
2357360,102483,1,0,1
602408,102484,1,0,1
646480,102485,1,0,1
3125504,102486,1,1,0
143800,102487,1,0,1
7953032,102488,1,1,0
4293232,102489,1,1,0
118568,102490,1,0,1
4164208,102491,1,0,1
2032168,102492,1,1,0
210296,102493,1,1,0
2207672,102494,1,0,1
3901808,102495,1,1,0
2239832,102496,1,1,0
1911928,102497,1,0,1
958776,102498,1,1,0
1562976,102499,1,1,0
792488,102500,1,1,0
1217376,102501,1,1,0
1072200,102502,1,0,1
841048,102503,1,0,1
361120,102504,1,1,0
3965816,102505,1,1,0
1128872,102506,1,1,0
2580424,102507,1,1,0
4926760,102508,1,0,1
7278992,102509,1,1,0
5917864,102510,1,1,0
5900608,102511,1,0,1
794616,102512,1,1,0
3056096,102513,1,0,1
387080,102514,1,1,0
8133776,102515,1,1,0
7225552,102516,1,1,0
346120,102517,1,1,0
1183104,102518,1,0,1
567856,102519,1,0,1
720872,102520,1,1,0
4536216,102521,1,0,1
1125008,102522,1,1,0
6962680,102523,1,1,0
3346144,102524,1,1,0
2378536,102525,1,1,0
1925032,102526,1,1,0
3863640,102527,1,1,0
158088,102528,1,1,0
710536,102529,1,0,1
283672,102530,1,0,1
838048,102531,1,0,1
6770824,102532,1,0,1
882104,102533,1,1,0
3942592,102534,1,0,1
8354888,102535,1,0,1
955856,102536,1,0,1
4962544,102537,1,0,1
875752,102538,1,1,0
6715592,102539,1,0,1
618960,102540,1,1,0
1021264,102541,1,1,0
2507568,102542,1,0,1
6090072,102543,1,0,1
3530664,102544,1,0,1
4179736,102545,1,1,0
1880360,102546,1,1,0
4987080,102547,1,0,1
6181368,102548,1,1,0
3924600,102549,1,1,0
4858376,102550,1,1,0
2468400,102551,1,1,0
1273464,102552,1,1,0
1058432,102553,1,1,0
1632432,102554,1,1,0
539896,102555,1,0,1
205072,102556,1,0,1
996672,102557,1,1,0
1979952,102558,1,0,1
2485992,102559,1,0,1
1755856,102560,1,1,0
7760136,102561,1,1,0
873176,102562,1,0,1
4474272,102563,1,1,0
7152520,102564,1,0,1
3417544,102565,1,1,0
5995968,102566,1,1,0
1862080,102567,1,1,0
475632,102568,1,0,1
2199824,102569,1,0,1
563112,102570,1,1,0
6709416,102571,1,1,0
3104592,102572,1,1,0
6689768,102573,1,1,0
496104,102574,1,1,0
2127544,102575,1,1,0
7087344,102576,1,0,1
5472224,102577,1,0,1
422888,102578,1,0,1
7951248,102579,1,1,0
5238664,102580,1,1,0
1176280,102581,1,0,1
5925728,102582,1,0,1
873208,102583,1,1,0
8114456,102584,1,0,1
3220400,102585,1,0,1
2348128,102586,1,0,1
185136,102587,1,1,0
8256160,102588,1,0,1
997312,102589,1,0,1
4801320,102590,1,1,0
300784,102591,1,1,0
1897808,102592,1,1,0
5204328,102593,1,0,1
6310160,102594,1,1,0
1069024,102595,1,0,1
764152,102596,1,0,1
5277744,102597,1,1,0
768544,102598,1,1,0
2195408,102599,1,1,0
4983608,102600,1,1,0
1406112,102601,1,0,1
1362504,102602,1,1,0
185528,102603,1,0,1
167912,102604,1,1,0
7952968,102605,1,1,0
1400448,102606,1,0,1
1749344,102607,1,0,1
1440624,102608,1,0,1
3029200,102609,1,0,1
1191136,102610,1,0,1
5937192,102611,1,1,0
7402464,102612,1,1,0
2109296,102613,1,1,0
454064,102614,1,0,1
2251032,102615,1,1,0
951752,102616,1,0,1
3061752,102617,1,1,0
4855544,102618,1,1,0
6847192,102619,1,1,0
5815208,102620,1,1,0
4454344,102621,1,0,1
8143856,102622,1,0,1
780952,102623,1,0,1
1552000,102624,1,0,1
8348200,102625,1,1,0
2381096,102626,1,0,1
1199528,102627,1,1,0
4640552,102628,1,1,0
1815064,102629,1,1,0
3004320,102630,1,1,0
2795040,102631,1,1,0
5643416,102632,1,1,0
1056232,102633,1,0,1
347056,102634,1,0,1
1782184,102635,1,0,1
3260240,102636,1,1,0
2866536,102637,1,1,0
2399416,102638,1,1,0
1237344,102639,1,1,0
6127760,102640,1,1,0
6180216,102641,1,0,1
1144712,102642,1,0,1
4407184,102643,1,1,0
1731328,102644,1,0,1
2297480,102645,1,1,0
5405200,102646,1,0,1
1928384,102647,1,0,1
153184,102648,1,0,1
6689448,102649,1,0,1
799488,102650,1,1,0
1647328,102651,1,1,0
1203280,102652,1,1,0
1075112,102653,1,1,0
2060712,102654,1,1,0
513080,102655,1,1,0
1378672,102656,1,0,1
5832392,102657,1,1,0
1335936,102658,1,0,1
1929536,102659,1,1,0
2020048,102660,1,0,1
246752,102661,1,0,1
4866000,102662,1,0,1
894304,102663,1,0,1
1513488,102664,1,1,0
4276696,102665,1,1,0
599376,102666,1,1,0
4644984,102667,1,0,1
1310512,102668,1,1,0
782888,102669,1,1,0
4320928,102670,1,1,0
996208,102671,1,1,0
1131624,102672,1,0,1
877080,102673,1,0,1
4688888,102674,1,0,1
438728,102675,1,1,0
2503456,102676,1,1,0
326512,102677,1,0,1
328096,102678,1,1,0
2067504,102679,1,0,1
3791808,102680,1,1,0
5095008,102681,1,0,1
6680808,102682,1,0,1
1343992,102683,1,0,1
4801584,102684,1,1,0
3272288,102685,1,0,1
1360840,102686,1,0,1
1841224,102687,1,1,0
753216,102688,1,0,1
948976,102689,1,1,0
172968,102690,1,1,0
3759864,102691,1,0,1
593008,102692,1,0,1
916264,102693,1,1,0
3027160,102694,1,1,0
4419648,102695,1,1,0
1296144,102696,1,1,0
3981408,102697,1,1,0
6251240,102698,1,0,1
2164104,102699,1,1,0
748840,102700,1,1,0
2163704,102701,1,1,0
5581136,102702,1,1,0
6611480,102703,1,1,0
4420096,102704,1,1,0
2139920,102705,1,0,1
769592,102706,1,1,0
1714952,102707,1,0,1
2608896,102708,1,1,0
2834680,102709,1,0,1
7553792,102710,1,1,0
6677184,102711,1,1,0
2215096,102712,1,0,1
154384,102713,1,0,1
7636384,102714,1,0,1
704968,102715,1,1,0
286576,102716,1,1,0
3418840,102717,1,0,1
160784,102718,1,1,0
5492000,102719,1,0,1
5951456,102720,1,0,1
275296,102721,1,1,0
963208,102722,1,0,1
1611504,102723,1,0,1
2058072,102724,1,0,1
3302896,102725,1,0,1
4317552,102726,1,1,0
3598376,102727,1,0,1
734840,102728,1,1,0
1721080,102729,1,0,1
2546792,102730,1,0,1
3010968,102731,1,1,0
533408,102732,1,0,1
359976,102733,1,0,1
6328080,102734,1,1,0
4481008,102735,1,1,0
1065568,102736,1,1,0
928592,102737,1,1,0
819992,102738,1,0,1
2143072,102739,1,1,0
4993328,102740,1,0,1
4657280,102741,1,0,1
3981800,102742,1,0,1
6933680,102743,1,1,0
932392,102744,1,1,0
3132936,102745,1,0,1
653528,102746,1,1,0
6761424,102747,1,1,0
1063784,102748,1,0,1
2326656,102749,1,0,1
1750520,102750,1,1,0
4422752,102751,1,0,1
7009280,102752,1,0,1
2243544,102753,1,0,1
5485080,102754,1,0,1
4084992,102755,1,0,1
1406680,102756,1,0,1
6926536,102757,1,0,1
8326872,102758,1,1,0
1219328,102759,1,0,1
1376000,102760,1,0,1
1538808,102761,1,0,1
4896648,102762,1,1,0
4671056,102763,1,0,1
3015952,102764,1,0,1
7476800,102765,1,0,1
1387904,102766,1,1,0
5930936,102767,1,0,1
7171112,102768,1,0,1
8335232,102769,1,1,0
3334160,102770,1,0,1
485640,102771,1,1,0
397728,102772,1,1,0
6836744,102773,1,0,1
523072,102774,1,1,0
3153232,102775,1,0,1
228296,102776,1,0,1
2771400,102777,1,1,0
2821832,102778,1,0,1
360592,102779,1,1,0
7098704,102780,1,0,1
447760,102781,1,1,0
3269296,102782,1,0,1
1695696,102783,1,0,1
7126168,102784,1,0,1
956144,102785,1,0,1
3019760,102786,1,0,1
279576,102787,1,0,1
3533696,102788,1,0,1
4531096,102789,1,0,1
717744,102790,1,0,1
849576,102791,1,1,0
403920,102792,1,0,1
4458888,102793,1,1,0
7546880,102794,1,1,0
6721480,102795,1,0,1
940792,102796,1,0,1
247984,102797,1,0,1
1366504,102798,1,0,1
7707520,102799,1,1,0
4206152,102800,1,1,0
463568,102801,1,0,1
7392736,102802,1,1,0
1468344,102803,1,1,0
1531448,102804,1,1,0
4192952,102805,1,1,0
5142576,102806,1,1,0
597880,102807,1,1,0
1897664,102808,1,0,1
1752952,102809,1,1,0
3646912,102810,1,0,1
777784,102811,1,1,0
6593704,102812,1,0,1
3482424,102813,1,1,0
923368,102814,1,0,1
788464,102815,1,0,1
2175336,102816,1,0,1
823488,102817,1,0,1
1532968,102818,1,0,1
237456,102819,1,0,1
393280,102820,1,0,1
1695280,102821,1,0,1
4605640,102822,1,0,1
4089504,102823,1,0,1
1621928,102824,1,0,1
1263928,102825,1,1,0
5016152,102826,1,1,0
4059312,102827,1,1,0
2677664,102828,1,0,1
410216,102829,1,1,0
471232,102830,1,1,0
1758688,102831,1,1,0
2739776,102832,1,0,1
5403968,102833,1,1,0
643712,102834,1,0,1
7032304,102835,1,0,1
3093776,102836,1,1,0
6461640,102837,1,0,1
1893056,102838,1,0,1
2603904,102839,1,0,1
1901616,102840,1,0,1
2876616,102841,1,1,0
2191288,102842,1,0,1
485368,102843,1,1,0
5453424,102844,1,0,1
2588232,102845,1,0,1
5977104,102846,1,1,0
2017480,102847,1,0,1
3964000,102848,1,1,0
2780240,102849,1,0,1
5851816,102850,1,0,1
899024,102851,1,0,1
458568,102852,1,1,0
2442552,102853,1,1,0
1876168,102854,1,0,1
5581264,102855,1,0,1
3332112,102856,1,1,0
1166168,102857,1,1,0
787240,102858,1,0,1
3825104,102859,1,0,1
801400,102860,1,1,0
3514560,102861,1,0,1
1049280,102862,1,0,1
2366272,102863,1,1,0
1765728,102864,1,0,1
3532408,102865,1,0,1
131272,102866,1,1,0
2009264,102867,1,1,0
540488,102868,1,0,1
298016,102869,1,0,1
6983544,102870,1,0,1
205040,102871,1,0,1
5952336,102872,1,0,1
2448904,102873,1,0,1
1657680,102874,1,0,1
5433272,102875,1,1,0
6673608,102876,1,0,1
5567776,102877,1,1,0
6366488,102878,1,1,0
7911000,102879,1,1,0
5872128,102880,1,0,1
1608120,102881,1,1,0
7127224,102882,1,0,1
2135488,102883,1,1,0
7484112,102884,1,0,1
3562552,102885,1,1,0
190432,102886,1,0,1
1431560,102887,1,1,0
4463696,102888,1,0,1
603880,102889,1,1,0
2744272,102890,1,1,0
5643976,102891,1,0,1
2440360,102892,1,0,1
868600,102893,1,0,1
277128,102894,1,1,0
1407568,102895,1,1,0
2611160,102896,1,1,0
8085880,102897,1,1,0
6518096,102898,1,0,1
4037448,102899,1,0,1
3486336,102900,1,0,1
4140240,102901,1,1,0
3916840,102902,1,1,0
5222480,102903,1,0,1
606824,102904,1,1,0
3930088,102905,1,1,0
2627808,102906,1,0,1
7651240,102907,1,0,1
726008,102908,1,0,1
244240,102909,1,1,0
423160,102910,1,0,1
6907536,102911,1,1,0
5830456,102912,1,0,1
5965592,102913,1,0,1
6885136,102914,1,0,1
2657992,102915,1,0,1
508368,102916,1,1,0
6058416,102917,1,1,0
1728592,102918,1,1,0
4333504,102919,1,1,0
3475952,102920,1,0,1
5565880,102921,1,1,0
2441624,102922,1,1,0
4192864,102923,1,1,0
2785912,102924,1,1,0
3859704,102925,1,0,1
6018064,102926,1,0,1
1033224,102927,1,1,0
4972240,102928,1,1,0
5815512,102929,1,0,1
1905544,102930,1,1,0
598032,102931,1,1,0
1373264,102932,1,1,0
2761728,102933,1,1,0
3677384,102934,1,0,1
2233944,102935,1,1,0
3380424,102936,1,1,0
3107008,102937,1,0,1
2562832,102938,1,1,0
587352,102939,1,0,1
4846888,102940,1,0,1
6931568,102941,1,0,1
1428968,102942,1,0,1
5271608,102943,1,0,1
476712,102944,1,0,1
3064616,102945,1,0,1
2840984,102946,1,0,1
5138296,102947,1,0,1
2503560,102948,1,1,0
3776320,102949,1,0,1
2682744,102950,1,0,1
118680,102951,1,0,1
6473824,102952,1,1,0
876088,102953,1,1,0
2600072,102954,1,1,0
374552,102955,1,0,1
1328080,102956,1,1,0
7740616,102957,1,0,1
2428608,102958,1,1,0
1840736,102959,1,0,1
4785176,102960,1,0,1
1064648,102961,1,1,0
3110528,102962,1,1,0
748696,102963,1,1,0
2349080,102964,1,0,1
1533936,102965,1,1,0
1744016,102966,1,1,0
4117832,102967,1,0,1
1067808,102968,1,1,0
915632,102969,1,0,1
753304,102970,1,1,0
3970664,102971,1,0,1
2306576,102972,1,1,0
4536664,102973,1,0,1
4533608,102974,1,0,1
2134656,102975,1,1,0
2216224,102976,1,0,1
775176,102977,1,0,1
4749512,102978,1,1,0
161184,102979,1,0,1
5339360,102980,1,1,0
1988392,102981,1,1,0
486632,102982,1,1,0
2364464,102983,1,1,0
2687456,102984,1,1,0
561312,102985,1,0,1
110808,102986,1,0,1
904328,102987,1,1,0
3472056,102988,1,1,0
229176,102989,1,0,1
6778408,102990,1,0,1
3012208,102991,1,1,0
2458488,102992,1,0,1
402304,102993,1,1,0
933192,102994,1,0,1
1193744,102995,1,0,1
6087496,102996,1,1,0
403024,102997,1,0,1
1058480,102998,1,1,0
2801616,102999,1,0,1
1413416,103000,1,1,0
294704,103001,1,0,1
4294328,103002,1,0,1
1813312,103003,1,1,0
2245400,103004,1,1,0
999080,103005,1,1,0
3540008,103006,1,1,0
1173992,103007,1,0,1
3483104,103008,1,0,1
6024712,103009,1,0,1
3964096,103010,1,1,0
100880,103011,1,1,0
6214320,103012,1,1,0
5510232,103013,1,0,1
356056,103014,1,1,0
4841512,103015,1,0,1
8381080,103016,1,0,1
7369832,103017,1,1,0
5998808,103018,1,1,0
6535416,103019,1,0,1
3536032,103020,1,0,1
8200096,103021,1,1,0
1208208,103022,1,0,1
172152,103023,1,0,1
1727320,103024,1,1,0
5385352,103025,1,0,1
4162480,103026,1,1,0
4870072,103027,1,0,1
873992,103028,1,0,1
2345224,103029,1,1,0
484616,103030,1,0,1
2611584,103031,1,1,0
7420160,103032,1,1,0
7153032,103033,1,0,1
1334440,103034,1,0,1
472632,103035,1,0,1
427928,103036,1,0,1
6635376,103037,1,1,0
6181704,103038,1,0,1
4921928,103039,1,1,0
366144,103040,1,0,1
8127552,103041,1,0,1
2051392,103042,1,0,1
1016640,103043,1,1,0
4778952,103044,1,0,1
860712,103045,1,1,0
1298072,103046,1,1,0
1002992,103047,1,1,0
3324632,103048,1,0,1
2270248,103049,1,1,0
7153208,103050,1,1,0
6967768,103051,1,1,0
4963752,103052,1,1,0
1169920,103053,1,1,0
1086784,103054,1,0,1
1141976,103055,1,0,1
156744,103056,1,0,1
3924160,103057,1,1,0
4364688,103058,1,1,0
6788056,103059,1,1,0
1441952,103060,1,1,0
1343008,103061,1,1,0
1070256,103062,1,1,0
6136480,103063,1,0,1
8228864,103064,1,1,0
7762304,103065,1,1,0
674320,103066,1,0,1
1595752,103067,1,1,0
996360,103068,1,0,1
993104,103069,1,0,1
310192,103070,1,0,1
5973744,103071,1,0,1
2588240,103072,1,1,0
905296,103073,1,1,0
1852136,103074,1,1,0
1329320,103075,1,1,0
4467384,103076,1,0,1
1331576,103077,1,1,0
3237760,103078,1,0,1
1697368,103079,1,1,0
107280,103080,1,0,1
4820048,103081,1,0,1
1729616,103082,1,1,0
569536,103083,1,1,0
2383496,103084,1,0,1
8357720,103085,1,1,0
6149600,103086,1,1,0
1312496,103087,1,0,1
2764848,103088,1,1,0
1418496,103089,1,0,1
603480,103090,1,0,1
307704,103091,1,0,1
5131936,103092,1,0,1
3765056,103093,1,0,1
7701080,103094,1,0,1
1115352,103095,1,1,0
3617008,103096,1,1,0
2121376,103097,1,0,1
3621152,103098,1,0,1
4524848,103099,1,1,0
1498304,103100,1,0,1
7066024,103101,1,1,0
1296688,103102,1,1,0
1631776,103103,1,0,1
1315120,103104,1,0,1
3547632,103105,1,0,1
3314400,103106,1,1,0
5412432,103107,1,1,0
6861080,103108,1,0,1
1846192,103109,1,0,1
623040,103110,1,1,0
1309024,103111,1,0,1
561856,103112,1,1,0
2860384,103113,1,1,0
668776,103114,1,1,0
1188272,103115,1,1,0
613456,103116,1,1,0
4788504,103117,1,0,1
1840808,103118,1,1,0
4326280,103119,1,0,1
211592,103120,1,1,0
1118152,103121,1,0,1
2883232,103122,1,1,0
1060624,103123,1,0,1
614976,103124,1,0,1
2330176,103125,1,0,1
7003888,103126,1,1,0
4763944,103127,1,0,1
3907096,103128,1,0,1
877456,103129,1,0,1
5758600,103130,1,1,0
2822392,103131,1,0,1
6063440,103132,1,1,0
7484280,103133,1,0,1
4717264,103134,1,0,1
1169288,103135,1,0,1
2301288,103136,1,1,0
1058856,103137,1,0,1
454136,103138,1,0,1
4009288,103139,1,0,1
3144752,103140,1,1,0
1462648,103141,1,0,1
4006104,103142,1,1,0
1979616,103143,1,0,1
2196872,103144,1,0,1
1519656,103145,1,0,1
6608840,103146,1,1,0
2797504,103147,1,1,0
4553728,103148,1,1,0
2423080,103149,1,0,1
201816,103150,1,1,0
2796112,103151,1,0,1
2681672,103152,1,1,0
2756176,103153,1,1,0
354376,103154,1,0,1
1293968,103155,1,0,1
6732360,103156,1,0,1
8066144,103157,1,0,1
6163120,103158,1,1,0
1307888,103159,1,0,1
3526064,103160,1,1,0
1711568,103161,1,0,1
3474192,103162,1,1,0
1674608,103163,1,0,1
5564144,103164,1,1,0
3199032,103165,1,1,0
2057336,103166,1,1,0
4658536,103167,1,1,0
3552000,103168,1,1,0
563024,103169,1,1,0
1208808,103170,1,0,1
7687216,103171,1,0,1
1416192,103172,1,1,0
4509544,103173,1,0,1
2508160,103174,1,1,0
3199448,103175,1,0,1
400008,103176,1,1,0
3328128,103177,1,0,1
5052256,103178,1,1,0
4712544,103179,1,1,0
6961024,103180,1,0,1
5106880,103181,1,1,0
1510360,103182,1,0,1
88560,103183,1,0,1
2020368,103184,1,0,1
1844880,103185,1,0,1
4541800,103186,1,0,1
6109760,103187,1,0,1
6419808,103188,1,1,0
401160,103189,1,1,0
7908936,103190,1,1,0
190712,103191,1,0,1
6732576,103192,1,1,0
4738704,103193,1,1,0
1462848,103194,1,0,1
6911400,103195,1,0,1
220040,103196,1,1,0
2788816,103197,1,0,1
5552496,103198,1,1,0
2912384,103199,1,1,0
5195280,103200,1,1,0
2213176,103201,1,0,1
6606968,103202,1,1,0
3456104,103203,1,1,0
678864,103204,1,1,0
1984288,103205,1,0,1
6893616,103206,1,0,1
1905128,103207,1,1,0
1737240,103208,1,0,1
4113528,103209,1,0,1
7372688,103210,1,1,0
2607096,103211,1,0,1
2600528,103212,1,0,1
1683232,103213,1,1,0
4073312,103214,1,1,0
3378896,103215,1,0,1
7161536,103216,1,0,1
425728,103217,1,1,0
3437224,103218,1,0,1
5020152,103219,1,0,1
1656920,103220,1,1,0
6260072,103221,1,0,1
2570152,103222,1,1,0
3118344,103223,1,0,1
7652968,103224,1,1,0
7712784,103225,1,0,1
4691400,103226,1,0,1
1185968,103227,1,0,1
5743040,103228,1,0,1
717000,103229,1,1,0
1657072,103230,1,0,1
591800,103231,1,1,0
1491488,103232,1,0,1
7897560,103233,1,1,0
7060280,103234,1,1,0
668968,103235,1,0,1
2789424,103236,1,0,1
356704,103237,1,0,1
3135880,103238,1,0,1
4564704,103239,1,0,1
7943088,103240,1,1,0
5916032,103241,1,1,0
6472832,103242,1,0,1
4890768,103243,1,0,1
1481016,103244,1,1,0
4387848,103245,1,1,0
4943664,103246,1,0,1
3263992,103247,1,0,1
202488,103248,1,0,1
986432,103249,1,0,1
736152,103250,1,0,1
4124464,103251,1,0,1
1275320,103252,1,0,1
4152816,103253,1,0,1
1896392,103254,1,1,0
2864416,103255,1,1,0
3394064,103256,1,1,0
6568480,103257,1,0,1
179648,103258,1,1,0
4069104,103259,1,0,1
576544,103260,1,1,0
6531080,103261,1,1,0
5998464,103262,1,1,0
2953576,103263,1,1,0
1485632,103264,1,0,1
835576,103265,1,0,1
2975224,103266,1,0,1
3790512,103267,1,1,0
1112384,103268,1,1,0
1244032,103269,1,1,0
915792,103270,1,0,1
5380376,103271,1,1,0
1227504,103272,1,0,1
792992,103273,1,0,1
3833320,103274,1,1,0
1235032,103275,1,1,0
5079200,103276,1,0,1
5919528,103277,1,1,0
7128856,103278,1,0,1
2622872,103279,1,1,0
3315680,103280,1,0,1
1635976,103281,1,1,0
577928,103282,1,1,0
5476392,103283,1,0,1
1875072,103284,1,1,0
4289256,103285,1,0,1
2821640,103286,1,0,1
1928576,103287,1,1,0
384400,103288,1,0,1
517408,103289,1,0,1
1733936,103290,1,0,1
1520232,103291,1,0,1
7286152,103292,1,0,1
6215520,103293,1,1,0
861896,103294,1,0,1
5471168,103295,1,1,0
3573296,103296,1,1,0
3347656,103297,1,0,1
379816,103298,1,0,1
4007616,103299,1,1,0
6323664,103300,1,1,0
3608944,103301,1,0,1
4777480,103302,1,0,1
832976,103303,1,0,1
900352,103304,1,0,1
5056576,103305,1,1,0
459544,103306,1,1,0
2576272,103307,1,0,1
434200,103308,1,0,1
7792296,103309,1,0,1
7438480,103310,1,0,1
1668840,103311,1,0,1
1867808,103312,1,1,0
3396640,103313,1,0,1
1390928,103314,1,0,1
5636736,103315,1,0,1
5262952,103316,1,1,0
312512,103317,1,0,1
1500368,103318,1,1,0
4722744,103319,1,1,0
1217520,103320,1,0,1
1542976,103321,1,1,0
345000,103322,1,0,1
2888624,103323,1,0,1
896192,103324,1,0,1
111960,103325,1,0,1
341040,103326,1,0,1
348152,103327,1,0,1
492968,103328,1,0,1
2140224,103329,1,1,0
2852024,103330,1,0,1
1249768,103331,1,1,0
453680,103332,1,1,0
947160,103333,1,1,0
8306216,103334,1,0,1
3679200,103335,1,1,0
2018608,103336,1,0,1
4025400,103337,1,0,1
1504312,103338,1,1,0
2064408,103339,1,0,1
337000,103340,1,0,1
450744,103341,1,1,0
2201376,103342,1,1,0
1503664,103343,1,0,1
1595920,103344,1,1,0
2364320,103345,1,0,1
613216,103346,1,0,1
2148608,103347,1,0,1
1224616,103348,1,1,0
5291440,103349,1,1,0
154888,103350,1,1,0
1618920,103351,1,0,1
607240,103352,1,0,1
650408,103353,1,1,0
421384,103354,1,1,0
7627728,103355,1,1,0
801384,103356,1,1,0
3145416,103357,1,0,1
695984,103358,1,0,1
522864,103359,1,1,0
7200656,103360,1,0,1
2797856,103361,1,1,0
4957656,103362,1,1,0
8337088,103363,1,0,1
788864,103364,1,0,1
4347448,103365,1,1,0
796048,103366,1,0,1
7254808,103367,1,0,1
1848752,103368,1,1,0
5584976,103369,1,0,1
2630728,103370,1,0,1
3326704,103371,1,0,1
5867760,103372,1,0,1
815048,103373,1,0,1
530952,103374,1,1,0
2615176,103375,1,1,0
2469680,103376,1,0,1
6880400,103377,1,0,1
7611864,103378,1,0,1
967192,103379,1,0,1
2212024,103380,1,0,1
363224,103381,1,1,0
3614000,103382,1,0,1
2675456,103383,1,0,1
3972240,103384,1,1,0
2363416,103385,1,1,0
751168,103386,1,1,0
5848936,103387,1,0,1
6110472,103388,1,1,0
1607520,103389,1,0,1
6295536,103390,1,1,0
4578568,103391,1,0,1
2480328,103392,1,1,0
3148928,103393,1,0,1
507400,103394,1,1,0
2114688,103395,1,1,0
5926680,103396,1,1,0
7388288,103397,1,0,1
821552,103398,1,0,1
5291072,103399,1,1,0
2148384,103400,1,1,0
7987848,103401,1,1,0
1314792,103402,1,1,0
2218480,103403,1,1,0
3402360,103404,1,0,1
1369872,103405,1,0,1
3824224,103406,1,0,1
5206032,103407,1,1,0
3899736,103408,1,1,0
2511768,103409,1,0,1
6859792,103410,1,0,1
6506432,103411,1,1,0
1431760,103412,1,1,0
784944,103413,1,0,1
5235592,103414,1,1,0
1989112,103415,1,1,0
334992,103416,1,0,1
1578128,103417,1,1,0
4188024,103418,1,0,1
7960736,103419,1,0,1
3874784,103420,1,1,0
2377600,103421,1,1,0
618232,103422,1,0,1
4427288,103423,1,1,0
7619488,103424,1,1,0
4319376,103425,1,1,0
3617776,103426,1,1,0
605064,103427,1,1,0
421664,103428,1,0,1
6403056,103429,1,0,1
135096,103430,1,1,0
4082584,103431,1,1,0
4262616,103432,1,1,0
772880,103433,1,0,1
481784,103434,1,0,1
2348584,103435,1,0,1
2331536,103436,1,0,1
1704024,103437,1,1,0
191464,103438,1,1,0
4615224,103439,1,1,0
6132112,103440,1,0,1
2551328,103441,1,1,0
1066472,103442,1,1,0
947488,103443,1,0,1
2580976,103444,1,1,0
1261472,103445,1,1,0
576928,103446,1,1,0
2904824,103447,1,0,1
8330304,103448,1,0,1
3932568,103449,1,1,0
6073760,103450,1,1,0
6094336,103451,1,1,0
2749864,103452,1,1,0
277088,103453,1,0,1
823992,103454,1,0,1
3434952,103455,1,1,0
1101504,103456,1,1,0
4103032,103457,1,0,1
4055032,103458,1,1,0
1062144,103459,1,1,0
701048,103460,1,0,1
609112,103461,1,0,1
1383400,103462,1,0,1
3284376,103463,1,1,0
1727688,103464,1,0,1
1901136,103465,1,0,1
1329248,103466,1,1,0
4815200,103467,1,0,1
2733288,103468,1,1,0
7674936,103469,1,1,0
6978136,103470,1,0,1
366248,103471,1,0,1
4661848,103472,1,1,0
7948512,103473,1,1,0
266616,103474,1,1,0
1514168,103475,1,0,1
555112,103476,1,1,0
5707448,103477,1,0,1
4728520,103478,1,0,1
2950968,103479,1,1,0
2246864,103480,1,0,1
8318128,103481,1,1,0
1791152,103482,1,1,0
6917248,103483,1,1,0
3402040,103484,1,1,0
1440192,103485,1,0,1
314296,103486,1,1,0
6166552,103487,1,1,0
6278992,103488,1,0,1
4167256,103489,1,1,0
8388528,103490,1,0,1
1426048,103491,1,0,1
3748024,103492,1,1,0
2980168,103493,1,1,0
6618888,103494,1,1,0
1483464,103495,1,0,1
648776,103496,1,1,0
2028520,103497,1,0,1
6123248,103498,1,0,1
926224,103499,1,0,1
3826088,103500,1,1,0
2025888,103501,1,1,0
386824,103502,1,1,0
1711688,103503,1,0,1
2024960,103504,1,0,1
6644704,103505,1,0,1
2948920,103506,1,0,1
683040,103507,1,0,1
5015776,103508,1,1,0
1251576,103509,1,0,1
298664,103510,1,0,1
7060384,103511,1,1,0
712480,103512,1,1,0
952656,103513,1,0,1
496456,103514,1,0,1
391192,103515,1,0,1
6846928,103516,1,1,0
3503472,103517,1,0,1
460912,103518,1,0,1
3219248,103519,1,1,0
1210720,103520,1,0,1
6127416,103521,1,0,1
6573800,103522,1,1,0
1014544,103523,1,1,0
983040,103524,1,1,0
971112,103525,1,1,0
665296,103526,1,0,1
4897352,103527,1,1,0
1017584,103528,1,0,1
413384,103529,1,1,0
885200,103530,1,0,1
1374032,103531,1,1,0
1073024,103532,1,1,0
1920744,103533,1,1,0
3372112,103534,1,1,0
3858936,103535,1,0,1
1446840,103536,1,0,1
2576056,103537,1,1,0
2933424,103538,1,1,0
7100248,103539,1,1,0
4410536,103540,1,1,0
696640,103541,1,1,0
5007624,103542,1,1,0
2116184,103543,1,0,1
3155784,103544,1,0,1
5407040,103545,1,0,1
566704,103546,1,0,1
1257552,103547,1,0,1
3007768,103548,1,0,1
2220192,103549,1,0,1
4676080,103550,1,1,0
255280,103551,1,0,1
1578056,103552,1,1,0
334728,103553,1,1,0
540080,103554,1,1,0
7966944,103555,1,0,1
3848840,103556,1,1,0
1987304,103557,1,1,0
6272472,103558,1,0,1
299696,103559,1,1,0
5687840,103560,1,1,0
1888976,103561,1,0,1
2776920,103562,1,0,1
370000,103563,1,0,1
4876680,103564,1,1,0
4621968,103565,1,1,0
5574256,103566,1,0,1
6496304,103567,1,0,1
7605184,103568,1,1,0
2149040,103569,1,0,1
4028392,103570,1,0,1
1050120,103571,1,0,1
1512280,103572,1,1,0
2500224,103573,1,1,0
1381184,103574,1,0,1
6285384,103575,1,0,1
4747960,103576,1,0,1
1403456,103577,1,1,0
5032456,103578,1,0,1
4120800,103579,1,1,0
2000144,103580,1,0,1
2146080,103581,1,1,0
537064,103582,1,1,0
4278904,103583,1,1,0
4225632,103584,1,0,1
4000840,103585,1,0,1
898160,103586,1,0,1
6273440,103587,1,0,1
420272,103588,1,0,1
2543064,103589,1,0,1
4844200,103590,1,1,0
3252576,103591,1,0,1
8081136,103592,1,0,1
902208,103593,1,1,0
7873280,103594,1,1,0
834704,103595,1,1,0
839336,103596,1,0,1
5826320,103597,1,1,0
154696,103598,1,0,1
6007200,103599,1,0,1
568688,103600,1,0,1
5640960,103601,1,1,0
3131528,103602,1,1,0
2967480,103603,1,0,1
6613264,103604,1,1,0
5715864,103605,1,1,0
738088,103606,1,1,0
866512,103607,1,0,1
807064,103608,1,1,0
1206256,103609,1,0,1
4591848,103610,1,1,0
1592832,103611,1,0,1
947432,103612,1,1,0
3547776,103613,1,1,0
1566664,103614,1,0,1
2040728,103615,1,0,1
3759400,103616,1,0,1
1792936,103617,1,0,1
401480,103618,1,0,1
1626784,103619,1,0,1
1399312,103620,1,0,1
4021928,103621,1,1,0
3069112,103622,1,0,1
959904,103623,1,1,0
1122616,103624,1,1,0
321424,103625,1,1,0
5007224,103626,1,0,1
5392000,103627,1,0,1
8219432,103628,1,0,1
4154224,103629,1,1,0
590880,103630,1,1,0
1809624,103631,1,0,1
3976056,103632,1,1,0
2975096,103633,1,1,0
1052584,103634,1,0,1
3304312,103635,1,1,0
991104,103636,1,0,1
8187872,103637,1,1,0
940984,103638,1,0,1
3550728,103639,1,1,0
6467072,103640,1,1,0
2828280,103641,1,0,1
1814800,103642,1,1,0
2827552,103643,1,0,1
6931840,103644,1,1,0
2541488,103645,1,1,0
2494000,103646,1,1,0
2444184,103647,1,0,1
855296,103648,1,1,0
824352,103649,1,0,1
3567496,103650,1,1,0
1029704,103651,1,1,0
2256976,103652,1,1,0
895336,103653,1,0,1
4763056,103654,1,0,1
2654344,103655,1,1,0
3806928,103656,1,1,0
4277976,103657,1,0,1
4484120,103658,1,1,0
8276424,103659,1,0,1
5203784,103660,1,1,0
1035344,103661,1,1,0
1377120,103662,1,1,0
1882960,103663,1,1,0
2268480,103664,1,1,0
119928,103665,1,0,1
4947800,103666,1,0,1
2414888,103667,1,0,1
2097576,103668,1,0,1
1521016,103669,1,1,0
5582968,103670,1,0,1
5552800,103671,1,1,0
5228296,103672,1,0,1
3134648,103673,1,1,0
270776,103674,1,1,0
3664000,103675,1,1,0
2403384,103676,1,0,1
1617096,103677,1,0,1
963312,103678,1,1,0
1881840,103679,1,1,0
2165360,103680,1,1,0
222208,103681,1,1,0
198960,103682,1,1,0
6379064,103683,1,1,0
1790320,103684,1,0,1
1448824,103685,1,0,1
1531424,103686,1,0,1
5110192,103687,1,0,1
8349288,103688,1,1,0
222000,103689,1,1,0
4171648,103690,1,0,1
664264,103691,1,1,0
6230864,103692,1,0,1
3698504,103693,1,0,1
286136,103694,1,1,0
1377592,103695,1,1,0
270000,103696,1,1,0
330512,103697,1,1,0
4822464,103698,1,0,1
1258712,103699,1,1,0
4528320,103700,1,0,1
1470248,103701,1,1,0
5621008,103702,1,0,1
2083920,103703,1,1,0
644064,103704,1,1,0
1277584,103705,1,0,1
755216,103706,1,0,1
5174768,103707,1,0,1
3241112,103708,1,1,0
2330712,103709,1,0,1
4939824,103710,1,0,1
2354784,103711,1,1,0
3868672,103712,1,1,0
4198248,103713,1,0,1
1796760,103714,1,0,1
1338272,103715,1,1,0
334440,103716,1,1,0
171184,103717,1,0,1
1365024,103718,1,0,1
362216,103719,1,1,0
1452936,103720,1,0,1
206024,103721,1,0,1
1417920,103722,1,0,1
2298976,103723,1,0,1
210992,103724,1,1,0
904832,103725,1,1,0
4720808,103726,1,1,0
995552,103727,1,0,1
532104,103728,1,1,0
7189408,103729,1,1,0
1109136,103730,1,0,1
442064,103731,1,1,0
2649792,103732,1,1,0
349584,103733,1,0,1
3869880,103734,1,1,0
2371120,103735,1,0,1
8354424,103736,1,1,0
476656,103737,1,1,0
496280,103738,1,1,0
3467944,103739,1,0,1
221400,103740,1,1,0
4878784,103741,1,1,0
1619408,103742,1,1,0
432208,103743,1,1,0
2290160,103744,1,0,1
2918536,103745,1,1,0
7794256,103746,1,1,0
7364144,103747,1,0,1
5352144,103748,1,0,1
1341944,103749,1,1,0
515928,103750,1,1,0
718752,103751,1,0,1
2390152,103752,1,0,1
348008,103753,1,1,0
8208040,103754,1,1,0
2336952,103755,1,0,1
8315480,103756,1,0,1
249360,103757,1,1,0
1521328,103758,1,0,1
1154952,103759,1,1,0
3060744,103760,1,1,0
1274616,103761,1,1,0
858904,103762,1,0,1
2164384,103763,1,0,1
1726032,103764,1,0,1
7619400,103765,1,0,1
5525728,103766,1,1,0
749048,103767,1,1,0
222352,103768,1,0,1
1025920,103769,1,1,0
1675136,103770,1,1,0
1333152,103771,1,1,0
6768120,103772,1,0,1
3439968,103773,1,1,0
500496,103774,1,0,1
1559960,103775,1,1,0
3087520,103776,1,1,0
1686992,103777,1,0,1
546664,103778,1,0,1
309144,103779,1,1,0
1026768,103780,1,0,1
3784168,103781,1,0,1
1339936,103782,1,1,0
1861608,103783,1,1,0
7565312,103784,1,0,1
4041472,103785,1,1,0
279112,103786,1,0,1
2147664,103787,1,1,0
1024496,103788,1,1,0
1079992,103789,1,1,0
7801056,103790,1,1,0
6796064,103791,1,0,1
341704,103792,1,1,0
317456,103793,1,1,0
713952,103794,1,1,0
1879728,103795,1,1,0
1374288,103796,1,1,0
5977456,103797,1,0,1
6359176,103798,1,0,1
4526624,103799,1,1,0
1896792,103800,1,1,0
2777768,103801,1,0,1
625472,103802,1,1,0
3215240,103803,1,0,1
2791984,103804,1,0,1
690944,103805,1,1,0
3541120,103806,1,0,1
6797360,103807,1,1,0
828632,103808,1,1,0
6750912,103809,1,1,0
1359352,103810,1,1,0
618032,103811,1,0,1
2222784,103812,1,1,0
4501120,103813,1,1,0
6788664,103814,1,0,1
563792,103815,1,1,0
2400536,103816,1,1,0
5196424,103817,1,0,1
2815224,103818,1,1,0
4151720,103819,1,1,0
6878672,103820,1,1,0
7695216,103821,1,1,0
5753544,103822,1,1,0
173296,103823,1,0,1
515832,103824,1,1,0
7379632,103825,1,1,0
1216520,103826,1,0,1
1470776,103827,1,1,0
1806704,103828,1,0,1
3644328,103829,1,0,1
7829560,103830,1,1,0
3015576,103831,1,1,0
7905344,103832,1,1,0
3450352,103833,1,0,1
1048288,103834,1,0,1
237672,103835,1,1,0
5991840,103836,1,0,1
451448,103837,1,0,1
991240,103838,1,0,1
3928528,103839,1,1,0
1556856,103840,1,1,0
1119880,103841,1,0,1
4735704,103842,1,1,0
1892392,103843,1,1,0
682608,103844,1,0,1
774144,103845,1,1,0
3263872,103846,1,0,1
1001752,103847,1,0,1
818376,103848,1,0,1
150280,103849,1,1,0
2214912,103850,1,0,1
4226440,103851,1,0,1
1075232,103852,1,1,0
1845528,103853,1,0,1
1220424,103854,1,0,1
924624,103855,1,1,0
4229616,103856,1,0,1
1039448,103857,1,0,1
1668440,103858,1,1,0
5760024,103859,1,0,1
1507192,103860,1,0,1
2879048,103861,1,0,1
7086328,103862,1,0,1
3143272,103863,1,1,0
4063584,103864,1,1,0
1877384,103865,1,1,0
314360,103866,1,0,1
1307504,103867,1,1,0
6442648,103868,1,0,1
2455056,103869,1,0,1
5937536,103870,1,0,1
287872,103871,1,0,1
2105544,103872,1,1,0
655272,103873,1,1,0
6603176,103874,1,1,0
3556960,103875,1,0,1
603288,103876,1,0,1
3274352,103877,1,1,0
440440,103878,1,0,1
1504432,103879,1,1,0
2858768,103880,1,0,1
6169112,103881,1,1,0
4306376,103882,1,0,1
3476304,103883,1,0,1
2456400,103884,1,0,1
760232,103885,1,0,1
7746168,103886,1,1,0
2468440,103887,1,0,1
828920,103888,1,1,0
701040,103889,1,1,0
3284768,103890,1,1,0
3041600,103891,1,0,1
3437872,103892,1,0,1
814648,103893,1,0,1
4940968,103894,1,1,0
7836104,103895,1,1,0
2939152,103896,1,0,1
5913344,103897,1,0,1
352696,103898,1,1,0
3027112,103899,1,0,1
1951616,103900,1,0,1
308344,103901,1,0,1
2231816,103902,1,1,0
7141120,103903,1,0,1
4511224,103904,1,1,0
2946056,103905,1,0,1
2125064,103906,1,0,1
3510112,103907,1,1,0
1581704,103908,1,1,0
7533424,103909,1,0,1
3483040,103910,1,0,1
427328,103911,1,1,0
1976928,103912,1,0,1
7831168,103913,1,1,0
372392,103914,1,0,1
1090728,103915,1,1,0
771792,103916,1,1,0
3570440,103917,1,1,0
1322240,103918,1,1,0
1035856,103919,1,1,0
1906304,103920,1,0,1
2120048,103921,1,1,0
351976,103922,1,0,1
1086984,103923,1,1,0
1440680,103924,1,1,0
363160,103925,1,1,0
1929432,103926,1,0,1
2399472,103927,1,0,1
3058256,103928,1,0,1
1693232,103929,1,1,0
5646264,103930,1,1,0
3951328,103931,1,1,0
4475624,103932,1,0,1
1605008,103933,1,1,0
1130344,103934,1,1,0
2358872,103935,1,1,0
2063008,103936,1,1,0
2951656,103937,1,0,1
2609480,103938,1,1,0
1509344,103939,1,0,1
362200,103940,1,1,0
2208752,103941,1,0,1
2338872,103942,1,1,0
666952,103943,1,0,1
6353184,103944,1,1,0
882008,103945,1,1,0
6022480,103946,1,0,1
4634952,103947,1,0,1
2112136,103948,1,1,0
1664448,103949,1,1,0
2151368,103950,1,1,0
6710824,103951,1,1,0
857272,103952,1,1,0
2693480,103953,1,1,0
2478344,103954,1,0,1
2769176,103955,1,1,0
237256,103956,1,1,0
2286272,103957,1,1,0
4879040,103958,1,0,1
5428608,103959,1,1,0
614400,103960,1,0,1
3694536,103961,1,0,1
673360,103962,1,1,0
1895696,103963,1,1,0
4549488,103964,1,1,0
1826120,103965,1,1,0
2571712,103966,1,0,1
2253064,103967,1,0,1
4086928,103968,1,0,1
415152,103969,1,0,1
2452648,103970,1,0,1
4794800,103971,1,1,0
7908200,103972,1,1,0
523776,103973,1,1,0
1038440,103974,1,0,1
2415424,103975,1,1,0
1995672,103976,1,1,0
2762136,103977,1,0,1
5914616,103978,1,0,1
739416,103979,1,0,1
416936,103980,1,1,0
3423584,103981,1,0,1
4955560,103982,1,1,0
2031256,103983,1,0,1
6022176,103984,1,0,1
886072,103985,1,0,1
2251720,103986,1,0,1
3672696,103987,1,1,0
928752,103988,1,0,1
2879992,103989,1,1,0
1563352,103990,1,1,0
1406632,103991,1,0,1
7147888,103992,1,0,1
638960,103993,1,0,1
1994696,103994,1,0,1
1113920,103995,1,0,1
967168,103996,1,0,1
4605872,103997,1,0,1
1069968,103998,1,0,1
6717560,103999,1,0,1
715672,104000,1,1,0
114432,104001,1,0,1
1147448,104002,1,0,1
2792672,104003,1,1,0
712760,104004,1,1,0
581864,104005,1,1,0
1492264,104006,1,0,1
1048664,104007,1,0,1
1071000,104008,1,0,1
957896,104009,1,0,1
1128184,104010,1,0,1
5311048,104011,1,1,0
1551576,104012,1,0,1
3570664,104013,1,1,0
904864,104014,1,1,0
5541640,104015,1,1,0
5343280,104016,1,1,0
413104,104017,1,0,1
3965480,104018,1,0,1
340312,104019,1,1,0
1858712,104020,1,0,1
5347200,104021,1,1,0
1445152,104022,1,0,1
5244616,104023,1,0,1
637200,104024,1,1,0
192160,104025,1,1,0
5017184,104026,1,1,0
252624,104027,1,0,1
5243704,104028,1,1,0
3909968,104029,1,1,0
5084536,104030,1,0,1
4527896,104031,1,0,1
2177176,104032,1,0,1
259680,104033,1,0,1
176128,104034,1,1,0
1471344,104035,1,0,1
1391192,104036,1,1,0
1383904,104037,1,1,0
1634784,104038,1,0,1
8141328,104039,1,0,1
1378456,104040,1,1,0
1726224,104041,1,0,1
252248,104042,1,0,1
840744,104043,1,0,1
133376,104044,1,1,0
1729896,104045,1,0,1
326784,104046,1,0,1
5067336,104047,1,0,1
1485648,104048,1,0,1
1363168,104049,1,0,1
3686992,104050,1,0,1
7302336,104051,1,0,1
1740704,104052,1,0,1
6689352,104053,1,1,0
6145216,104054,1,1,0
252784,104055,1,1,0
877568,104056,1,0,1
3699792,104057,1,0,1
2177808,104058,1,0,1
3819864,104059,1,1,0
475672,104060,1,1,0
2655312,104061,1,0,1
1756144,104062,1,1,0
3493352,104063,1,1,0
3198760,104064,1,0,1
1759056,104065,1,0,1
3681648,104066,1,1,0
2088832,104067,1,1,0
595000,104068,1,0,1
5120544,104069,1,0,1
4276472,104070,1,1,0
886800,104071,1,0,1
1139952,104072,1,0,1
559496,104073,1,0,1
3610048,104074,1,1,0
608560,104075,1,0,1
5162920,104076,1,1,0
1350968,104077,1,0,1
1026664,104078,1,1,0
3238800,104079,1,0,1
1041144,104080,1,0,1
928080,104081,1,1,0
1426224,104082,1,0,1
2173064,104083,1,1,0
2909080,104084,1,0,1
162160,104085,1,0,1
494904,104086,1,1,0
7291664,104087,1,0,1
6955648,104088,1,1,0
7453608,104089,1,1,0
1504624,104090,1,1,0
470096,104091,1,1,0
5250880,104092,1,1,0
1784952,104093,1,1,0
492792,104094,1,1,0
995104,104095,1,0,1
1821696,104096,1,1,0
6438856,104097,1,1,0
7217328,104098,1,1,0
1916328,104099,1,1,0
4728080,104100,1,0,1
2627216,104101,1,1,0
429976,104102,1,1,0
2547688,104103,1,1,0
160768,104104,1,1,0
1057920,104105,1,1,0
6113504,104106,1,0,1
4264648,104107,1,0,1
961024,104108,1,1,0
1084952,104109,1,0,1
2723304,104110,1,0,1
3503056,104111,1,1,0
818984,104112,1,1,0
1174408,104113,1,0,1
1339568,104114,1,1,0
243688,104115,1,0,1
3759448,104116,1,1,0
2221968,104117,1,1,0
1978672,104118,1,0,1
1419112,104119,1,0,1
2158128,104120,1,1,0
721400,104121,1,1,0
1699264,104122,1,1,0
7554720,104123,1,0,1
3964784,104124,1,1,0
3574392,104125,1,0,1
501160,104126,1,1,0
1608192,104127,1,1,0
2142144,104128,1,0,1
7317720,104129,1,1,0
1077960,104130,1,0,1
847520,104131,1,0,1
2034544,104132,1,0,1
3180464,104133,1,1,0
7930144,104134,1,1,0
280856,104135,1,0,1
2129960,104136,1,1,0
697568,104137,1,0,1
729192,104138,1,0,1
2655392,104139,1,1,0
7232008,104140,1,0,1
5283256,104141,1,1,0
8091480,104142,1,1,0
4824768,104143,1,0,1
7062280,104144,1,1,0
6279800,104145,1,1,0
1181800,104146,1,1,0
1161832,104147,1,1,0
3372592,104148,1,1,0
2552144,104149,1,0,1
851968,104150,1,1,0
5824520,104151,1,1,0
806616,104152,1,1,0
418528,104153,1,0,1
5626360,104154,1,1,0
511192,104155,1,1,0
5773888,104156,1,0,1
5869344,104157,1,0,1
7531944,104158,1,1,0
1485928,104159,1,0,1
5376000,104160,1,1,0
5734048,104161,1,1,0
1272328,104162,1,0,1
2237776,104163,1,0,1
4208664,104164,1,0,1
144008,104165,1,1,0
6738336,104166,1,1,0
2330592,104167,1,1,0
132744,104168,1,1,0
620792,104169,1,0,1
7442408,104170,1,1,0
5871712,104171,1,1,0
3322856,104172,1,1,0
4168408,104173,1,0,1
5480856,104174,1,0,1
1836736,104175,1,1,0
472368,104176,1,0,1
2654664,104177,1,0,1
4337384,104178,1,0,1
1771272,104179,1,0,1
5436600,104180,1,0,1
7910864,104181,1,1,0
1713512,104182,1,0,1
1071096,104183,1,0,1
7607224,104184,1,1,0
4557624,104185,1,0,1
2268568,104186,1,1,0
4793688,104187,1,0,1
6521064,104188,1,0,1
5744656,104189,1,0,1
2916848,104190,1,1,0
8179712,104191,1,0,1
2585536,104192,1,1,0
4174704,104193,1,0,1
1048768,104194,1,1,0
5678616,104195,1,0,1
210016,104196,1,0,1
2798528,104197,1,1,0
5226584,104198,1,1,0
723256,104199,1,1,0
2153712,104200,1,1,0
5019000,104201,1,1,0
1906384,104202,1,0,1
4770896,104203,1,1,0
1723664,104204,1,0,1
1221712,104205,1,0,1
776736,104206,1,0,1
1478728,104207,1,0,1
5594488,104208,1,1,0
3776568,104209,1,0,1
2112552,104210,1,1,0
2845800,104211,1,1,0
5147784,104212,1,0,1
1372592,104213,1,1,0
1469304,104214,1,0,1
8094976,104215,1,0,1
1073904,104216,1,0,1
4351312,104217,1,1,0
1754264,104218,1,1,0
7879584,104219,1,0,1
3130264,104220,1,1,0
6481968,104221,1,0,1
457360,104222,1,0,1
293856,104223,1,0,1
3242680,104224,1,0,1
1581432,104225,1,1,0
5102328,104226,1,0,1
600224,104227,1,1,0
4825504,104228,1,0,1
1600256,104229,1,1,0
909136,104230,1,1,0
334176,104231,1,0,1
1545160,104232,1,1,0
2144240,104233,1,0,1
6020216,104234,1,1,0
6805792,104235,1,0,1
2039904,104236,1,0,1
1748336,104237,1,1,0
2029424,104238,1,1,0
1261784,104239,1,1,0
255544,104240,1,1,0
1368528,104241,1,0,1
2490328,104242,1,0,1
2965704,104243,1,0,1
1278128,104244,1,1,0
4545520,104245,1,1,0
1054648,104246,1,0,1
864944,104247,1,1,0
1095800,104248,1,0,1
7931712,104249,1,0,1
1870424,104250,1,0,1
2964304,104251,1,0,1
3517192,104252,1,0,1
5507200,104253,1,0,1
6251360,104254,1,0,1
7535712,104255,1,1,0
2142112,104256,1,0,1
3369576,104257,1,1,0
950376,104258,1,1,0
906408,104259,1,1,0
5025080,104260,1,1,0
1015952,104261,1,1,0
2929416,104262,1,1,0
4528448,104263,1,1,0
811856,104264,1,1,0
6463768,104265,1,1,0
4993384,104266,1,1,0
895456,104267,1,1,0
3179608,104268,1,1,0
3816952,104269,1,0,1
1008864,104270,1,1,0
4487720,104271,1,1,0
4138448,104272,1,1,0
2224608,104273,1,0,1
736008,104274,1,0,1
3101472,104275,1,0,1
3082064,104276,1,0,1
4593000,104277,1,0,1
3054984,104278,1,1,0
7996640,104279,1,1,0
3883984,104280,1,1,0
6891696,104281,1,0,1
207320,104282,1,1,0
472640,104283,1,1,0
4627696,104284,1,0,1
1513864,104285,1,0,1
4338416,104286,1,0,1
4850720,104287,1,0,1
216600,104288,1,1,0
1016840,104289,1,1,0
3887016,104290,1,0,1
2518776,104291,1,1,0
6367096,104292,1,0,1
4968368,104293,1,0,1
491232,104294,1,1,0
887688,104295,1,1,0
6075736,104296,1,0,1
4106632,104297,1,1,0
2827968,104298,1,1,0
4296512,104299,1,0,1
2936560,104300,1,1,0
1722072,104301,1,1,0
891072,104302,1,0,1
4781032,104303,1,0,1
3053816,104304,1,1,0
1775600,104305,1,0,1
1972176,104306,1,0,1
6900072,104307,1,1,0
2602736,104308,1,0,1
4089688,104309,1,0,1
658064,104310,1,1,0
792192,104311,1,0,1
517720,104312,1,0,1
7092280,104313,1,1,0
1365232,104314,1,1,0
4457104,104315,1,1,0
1279880,104316,1,0,1
5439968,104317,1,1,0
591904,104318,1,1,0
495424,104319,1,0,1
6917584,104320,1,1,0
2478848,104321,1,0,1
7780144,104322,1,0,1
3507888,104323,1,0,1
4320272,104324,1,1,0
7069568,104325,1,0,1
1878744,104326,1,0,1
1853192,104327,1,1,0
1371056,104328,1,1,0
3562008,104329,1,0,1
1420104,104330,1,0,1
545520,104331,1,1,0
863296,104332,1,0,1
2577616,104333,1,0,1
2520392,104334,1,0,1
172616,104335,1,0,1
6948248,104336,1,1,0
1083216,104337,1,1,0
967968,104338,1,0,1
2097296,104339,1,1,0
6210072,104340,1,1,0
3210056,104341,1,0,1
656000,104342,1,0,1
440592,104343,1,0,1
5304352,104344,1,1,0
678256,104345,1,0,1
4183960,104346,1,0,1
6634056,104347,1,0,1
3155872,104348,1,1,0
1794272,104349,1,0,1
7198880,104350,1,1,0
5696752,104351,1,0,1
3054216,104352,1,0,1
5267576,104353,1,1,0
782744,104354,1,0,1
160152,104355,1,0,1
902856,104356,1,1,0
1417888,104357,1,1,0
950896,104358,1,0,1
5911288,104359,1,0,1
3095312,104360,1,1,0
1651152,104361,1,0,1
2129600,104362,1,0,1
3769704,104363,1,1,0
676632,104364,1,0,1
446344,104365,1,1,0
3861464,104366,1,0,1
4381464,104367,1,1,0
6936512,104368,1,1,0
866776,104369,1,1,0
255584,104370,1,1,0
1793960,104371,1,0,1
253000,104372,1,1,0
6835112,104373,1,1,0
3086904,104374,1,0,1
2678352,104375,1,1,0
1333936,104376,1,0,1
2238344,104377,1,0,1
1803120,104378,1,0,1
1005824,104379,1,0,1
4328424,104380,1,1,0
370432,104381,1,1,0
2816400,104382,1,1,0
2000200,104383,1,1,0
1492736,104384,1,0,1
2096272,104385,1,0,1
2340016,104386,1,0,1
1984208,104387,1,0,1
7746416,104388,1,1,0
5759536,104389,1,1,0
2666416,104390,1,0,1
4888400,104391,1,1,0
7729888,104392,1,1,0
1466232,104393,1,1,0
6819408,104394,1,0,1
7773512,104395,1,0,1
1790912,104396,1,0,1
3081880,104397,1,0,1
1027320,104398,1,0,1
3250328,104399,1,1,0
1272168,104400,1,1,0
4377568,104401,1,1,0
981520,104402,1,0,1
128632,104403,1,0,1
542776,104404,1,1,0
4352448,104405,1,1,0
446112,104406,1,0,1
6204912,104407,1,1,0
2786352,104408,1,1,0
1081408,104409,1,0,1
774480,104410,1,0,1
944472,104411,1,1,0
1774960,104412,1,0,1
3286560,104413,1,0,1
3207232,104414,1,1,0
432432,104415,1,0,1
935632,104416,1,0,1
499136,104417,1,1,0
6845928,104418,1,0,1
2318080,104419,1,1,0
4324552,104420,1,1,0
6865872,104421,1,0,1
2892168,104422,1,0,1
936064,104423,1,0,1
1901016,104424,1,0,1
1040088,104425,1,0,1
2077360,104426,1,1,0
1779672,104427,1,0,1
766880,104428,1,1,0
5358848,104429,1,1,0
4101080,104430,1,0,1
4561816,104431,1,0,1
1287192,104432,1,0,1
879296,104433,1,0,1
1707704,104434,1,0,1
3376736,104435,1,0,1
6045256,104436,1,0,1
4041400,104437,1,0,1
6699200,104438,1,0,1
5934536,104439,1,1,0
4970704,104440,1,1,0
4221440,104441,1,0,1
1086744,104442,1,0,1
1749824,104443,1,0,1
470536,104444,1,0,1
1189872,104445,1,1,0
1902872,104446,1,1,0
926664,104447,1,0,1
854688,104448,1,1,0
2052432,104449,1,1,0
3458104,104450,1,1,0
629672,104451,1,1,0
1323616,104452,1,0,1
4486736,104453,1,0,1
4184464,104454,1,0,1
2005496,104455,1,1,0
4048968,104456,1,1,0
814344,104457,1,0,1
1927392,104458,1,1,0
644632,104459,1,0,1
2434128,104460,1,0,1
1908136,104461,1,0,1
573656,104462,1,1,0
204336,104463,1,1,0
2490608,104464,1,0,1
2292120,104465,1,0,1
746280,104466,1,1,0
1860064,104467,1,0,1
7324408,104468,1,1,0
697600,104469,1,1,0
2843304,104470,1,0,1
1115000,104471,1,1,0
1164336,104472,1,0,1
4731992,104473,1,1,0
1904312,104474,1,0,1
6915240,104475,1,0,1
906808,104476,1,0,1
3265184,104477,1,1,0
1382968,104478,1,0,1
752832,104479,1,0,1
1215928,104480,1,1,0
3219584,104481,1,0,1
7263744,104482,1,1,0
1457032,104483,1,0,1
1969224,104484,1,1,0
4610032,104485,1,1,0
1524248,104486,1,1,0
4914272,104487,1,0,1
2614528,104488,1,0,1
4132632,104489,1,0,1
483232,104490,1,1,0
683368,104491,1,1,0
1060152,104492,1,1,0
3668320,104493,1,0,1
6064568,104494,1,0,1
619272,104495,1,0,1
4265120,104496,1,1,0
3833360,104497,1,0,1
531440,104498,1,1,0
1788936,104499,1,1,0
5413280,104500,1,0,1
148672,104501,1,0,1
761376,104502,1,0,1
3010520,104503,1,0,1
1936072,104504,1,1,0
5969120,104505,1,1,0
5279600,104506,1,1,0
367952,104507,1,1,0
6122376,104508,1,1,0
1097928,104509,1,0,1
411544,104510,1,0,1
494648,104511,1,0,1
4796200,104512,1,0,1
5561760,104513,1,1,0
1606128,104514,1,1,0
481256,104515,1,0,1
641432,104516,1,1,0
4718328,104517,1,0,1
4010440,104518,1,1,0
1296928,104519,1,0,1
1890768,104520,1,1,0
5535408,104521,1,1,0
722184,104522,1,1,0
1334000,104523,1,1,0
1188984,104524,1,0,1
5306032,104525,1,0,1
3312824,104526,1,0,1
2851728,104527,1,1,0
3030800,104528,1,1,0
1239472,104529,1,0,1
3428344,104530,1,0,1
7998216,104531,1,0,1
1103568,104532,1,1,0
2731472,104533,1,0,1
739528,104534,1,1,0
3301824,104535,1,0,1
226200,104536,1,1,0
1818392,104537,1,1,0
182912,104538,1,0,1
1606344,104539,1,0,1
3834608,104540,1,1,0
7906904,104541,1,0,1
6642504,104542,1,0,1
214648,104543,1,0,1
1571680,104544,1,1,0
846616,104545,1,1,0
3450664,104546,1,1,0
5663088,104547,1,1,0
3595808,104548,1,1,0
6563432,104549,1,1,0
3754848,104550,1,0,1
4119992,104551,1,0,1
1479208,104552,1,1,0
793368,104553,1,0,1
1181240,104554,1,0,1
4993640,104555,1,1,0
465904,104556,1,0,1
1067152,104557,1,1,0
4408664,104558,1,1,0
7864008,104559,1,0,1
2247680,104560,1,0,1
644848,104561,1,0,1
7550688,104562,1,0,1
4413344,104563,1,0,1
4651896,104564,1,0,1
1824816,104565,1,0,1
1213272,104566,1,0,1
4918424,104567,1,1,0
2469024,104568,1,0,1
2522536,104569,1,0,1
6003472,104570,1,0,1
6522624,104571,1,0,1
964208,104572,1,1,0
500408,104573,1,1,0
5419944,104574,1,0,1
1405472,104575,1,0,1
6360440,104576,1,1,0
1980664,104577,1,0,1
2998520,104578,1,1,0
2700840,104579,1,0,1
3206736,104580,1,0,1
680792,104581,1,0,1
387816,104582,1,1,0
928392,104583,1,1,0
4606320,104584,1,0,1
654736,104585,1,0,1
8223072,104586,1,1,0
1879864,104587,1,1,0
3555568,104588,1,1,0
3243400,104589,1,0,1
1589656,104590,1,1,0
1905464,104591,1,0,1
558064,104592,1,1,0
550608,104593,1,0,1
3750520,104594,1,0,1
7482520,104595,1,1,0
3821712,104596,1,1,0
3835568,104597,1,0,1
336808,104598,1,0,1
181648,104599,1,1,0
1752408,104600,1,1,0
3420272,104601,1,0,1
3171136,104602,1,1,0
937776,104603,1,1,0
6870784,104604,1,0,1
3712184,104605,1,0,1
2090304,104606,1,0,1
590424,104607,1,0,1
1584792,104608,1,0,1
1320792,104609,1,0,1
3175008,104610,1,0,1
784520,104611,1,1,0
808424,104612,1,0,1
6149128,104613,1,1,0
663496,104614,1,0,1
1173976,104615,1,0,1
6219808,104616,1,0,1
321800,104617,1,0,1
8150936,104618,1,1,0
1476400,104619,1,1,0
705120,104620,1,0,1
7489264,104621,1,1,0
874352,104622,1,1,0
1162072,104623,1,0,1
2415520,104624,1,1,0
6791352,104625,1,0,1
5381512,104626,1,0,1
1296024,104627,1,1,0
4007896,104628,1,1,0
7539768,104629,1,0,1
1334464,104630,1,0,1
4252152,104631,1,0,1
73144,104632,1,0,1
1435608,104633,1,1,0
880056,104634,1,1,0
1813824,104635,1,0,1
6569320,104636,1,1,0
7895528,104637,1,1,0
370680,104638,1,0,1
6462704,104639,1,1,0
4998512,104640,1,0,1
374336,104641,1,1,0
1584480,104642,1,1,0
3184584,104643,1,1,0
3675720,104644,1,1,0
1273048,104645,1,0,1
5590232,104646,1,0,1
7884216,104647,1,0,1
5346888,104648,1,1,0
1660152,104649,1,1,0
5555968,104650,1,1,0
1984432,104651,1,1,0
3374352,104652,1,1,0
343640,104653,1,0,1
489488,104654,1,1,0
7617184,104655,1,1,0
966696,104656,1,1,0
825496,104657,1,1,0
3861616,104658,1,1,0
1539216,104659,1,0,1
3647616,104660,1,0,1
5085640,104661,1,1,0
4395136,104662,1,0,1
4685816,104663,1,1,0
5963488,104664,1,1,0
4353088,104665,1,0,1
2456776,104666,1,0,1
3943528,104667,1,1,0
1338528,104668,1,0,1
1092576,104669,1,1,0
352176,104670,1,0,1
784256,104671,1,0,1
4043360,104672,1,1,0
432968,104673,1,1,0
4441200,104674,1,1,0
4023168,104675,1,1,0
454816,104676,1,1,0
1470400,104677,1,1,0
1891976,104678,1,0,1
7438048,104679,1,0,1
378248,104680,1,0,1
4272920,104681,1,1,0
4166136,104682,1,1,0
968888,104683,1,0,1
134312,104684,1,1,0
1428448,104685,1,1,0
918248,104686,1,0,1
434528,104687,1,1,0
492496,104688,1,1,0
724640,104689,1,0,1
5167336,104690,1,1,0
5799664,104691,1,1,0
575336,104692,1,1,0
2968672,104693,1,1,0
2853720,104694,1,0,1
375408,104695,1,0,1
1763096,104696,1,1,0
2709632,104697,1,0,1
3927632,104698,1,0,1
4386648,104699,1,1,0
1055696,104700,1,0,1
2485464,104701,1,0,1
1291760,104702,1,0,1
452440,104703,1,0,1
6127192,104704,1,0,1
6216896,104705,1,1,0
8277496,104706,1,0,1
5695072,104707,1,1,0
6746080,104708,1,1,0
2234752,104709,1,0,1
396384,104710,1,1,0
1077440,104711,1,0,1
4123408,104712,1,1,0
6188184,104713,1,1,0
710448,104714,1,0,1
298136,104715,1,0,1
3937320,104716,1,0,1
2307504,104717,1,1,0
1506608,104718,1,0,1
1268792,104719,1,0,1
5786704,104720,1,1,0
314160,104721,1,0,1
6685800,104722,1,1,0
5900552,104723,1,1,0
1209888,104724,1,0,1
788904,104725,1,1,0
1243952,104726,1,0,1
5963792,104727,1,0,1
710200,104728,1,0,1
1821552,104729,1,1,0
4536144,104730,1,0,1
4456864,104731,1,1,0
2260648,104732,1,0,1
4394280,104733,1,0,1
2081840,104734,1,0,1
4646968,104735,1,0,1
6099504,104736,1,1,0
538240,104737,1,0,1
1352656,104738,1,1,0
216176,104739,1,0,1
5836280,104740,1,0,1
1030896,104741,1,0,1
362784,104742,1,1,0
1538888,104743,1,0,1
1533912,104744,1,1,0
6885600,104745,1,1,0
7599408,104746,1,0,1
329544,104747,1,1,0
2220864,104748,1,1,0
5421400,104749,1,0,1
8387504,104750,1,1,0
6165496,104751,1,1,0
4755800,104752,1,0,1
1623432,104753,1,0,1
8085016,104754,1,0,1
798240,104755,1,1,0
2610144,104756,1,0,1
344696,104757,1,1,0
2945880,104758,1,0,1
1981456,104759,1,0,1
1566624,104760,1,1,0
1536040,104761,1,1,0
5783608,104762,1,1,0
972888,104763,1,1,0
1842080,104764,1,1,0
3625400,104765,1,1,0
1251912,104766,1,0,1
856464,104767,1,0,1
2798272,104768,1,0,1
249944,104769,1,0,1
2989904,104770,1,1,0
2411840,104771,1,0,1
3544984,104772,1,1,0
7902184,104773,1,0,1
4409576,104774,1,1,0
1357792,104775,1,1,0
1901040,104776,1,1,0
437560,104777,1,0,1
5958872,104778,1,0,1
160344,104779,1,1,0
4497608,104780,1,1,0
469408,104781,1,1,0
5749232,104782,1,1,0
3036624,104783,1,0,1
250600,104784,1,0,1
308176,104785,1,0,1
7017392,104786,1,0,1
1279696,104787,1,0,1
2332264,104788,1,1,0
1517264,104789,1,1,0
4342440,104790,1,0,1
4506504,104791,1,0,1
439744,104792,1,0,1
576824,104793,1,0,1
5250136,104794,1,0,1
1657984,104795,1,0,1
3690152,104796,1,1,0
1947272,104797,1,1,0
2724104,104798,1,1,0
6302208,104799,1,0,1
1398800,104800,1,0,1
1725944,104801,1,0,1
1731792,104802,1,1,0
4156712,104803,1,0,1
699392,104804,1,1,0
421952,104805,1,0,1
1620648,104806,1,1,0
1144808,104807,1,0,1
326824,104808,1,0,1
459136,104809,1,0,1
136216,104810,1,1,0
1303984,104811,1,1,0
1056720,104812,1,0,1
8204744,104813,1,0,1
2954792,104814,1,0,1
2136768,104815,1,1,0
2156312,104816,1,0,1
4032152,104817,1,0,1
5277832,104818,1,1,0
457576,104819,1,0,1
4150816,104820,1,0,1
390192,104821,1,1,0
5649800,104822,1,1,0
960744,104823,1,0,1
4253976,104824,1,1,0
3339248,104825,1,0,1
5920824,104826,1,0,1
746768,104827,1,0,1
1766920,104828,1,1,0
3538552,104829,1,0,1
7102840,104830,1,0,1
5787720,104831,1,0,1
2008416,104832,1,1,0
7180560,104833,1,0,1
7511768,104834,1,1,0
952536,104835,1,0,1
668568,104836,1,1,0
2336696,104837,1,0,1
1107464,104838,1,0,1
3297744,104839,1,1,0
2988392,104840,1,1,0
1050368,104841,1,0,1
495696,104842,1,1,0
3402680,104843,1,1,0
738288,104844,1,1,0
6251984,104845,1,0,1
2914136,104846,1,0,1
697016,104847,1,1,0
1769584,104848,1,0,1
3191776,104849,1,0,1
5426472,104850,1,0,1
690640,104851,1,1,0
5104208,104852,1,1,0
252008,104853,1,0,1
5111352,104854,1,1,0
2597200,104855,1,1,0
3654328,104856,1,1,0
3245936,104857,1,0,1
1235096,104858,1,0,1
1170272,104859,1,0,1
1866304,104860,1,0,1
3377976,104861,1,1,0
3713432,104862,1,1,0
3154944,104863,1,0,1
2767600,104864,1,0,1
258928,104865,1,1,0
6839120,104866,1,0,1
2313896,104867,1,0,1
2918880,104868,1,0,1
4487904,104869,1,1,0
1605040,104870,1,0,1
7155824,104871,1,1,0
1007200,104872,1,1,0
681576,104873,1,0,1
2328112,104874,1,0,1
4880232,104875,1,1,0
1318184,104876,1,1,0
5249768,104877,1,1,0
3733952,104878,1,1,0
5988176,104879,1,1,0
5944448,104880,1,0,1
2113344,104881,1,0,1
883600,104882,1,1,0
999400,104883,1,1,0
509552,104884,1,1,0
919984,104885,1,1,0
6072840,104886,1,1,0
1216096,104887,1,0,1
1279888,104888,1,1,0
691904,104889,1,0,1
1337512,104890,1,1,0
236928,104891,1,0,1
224680,104892,1,0,1
2167496,104893,1,0,1
3148552,104894,1,0,1
397224,104895,1,0,1
626992,104896,1,0,1
2056440,104897,1,1,0
2123776,104898,1,1,0
5195208,104899,1,1,0
7955840,104900,1,0,1
4696760,104901,1,0,1
304488,104902,1,0,1
1025360,104903,1,1,0
3607688,104904,1,0,1
570056,104905,1,0,1
513352,104906,1,0,1
8327272,104907,1,0,1
725896,104908,1,1,0
6315520,104909,1,0,1
2175616,104910,1,0,1
457504,104911,1,0,1
433288,104912,1,1,0
704008,104913,1,1,0
923768,104914,1,0,1
1291672,104915,1,1,0
4149568,104916,1,0,1
494208,104917,1,1,0
363888,104918,1,1,0
5721392,104919,1,0,1
830472,104920,1,0,1
1808456,104921,1,1,0
281088,104922,1,1,0
4630816,104923,1,1,0
3880776,104924,1,1,0
2376632,104925,1,0,1
174160,104926,1,0,1
608624,104927,1,1,0
4903104,104928,1,1,0
1139360,104929,1,0,1
3269584,104930,1,1,0
2139992,104931,1,1,0
940256,104932,1,1,0
3412392,104933,1,1,0
832584,104934,1,0,1
621080,104935,1,1,0
1757536,104936,1,1,0
2125032,104937,1,1,0
388376,104938,1,1,0
2001168,104939,1,0,1
451296,104940,1,1,0
5795144,104941,1,1,0
6478264,104942,1,0,1
1480040,104943,1,1,0
2514104,104944,1,0,1
2214088,104945,1,1,0
5920240,104946,1,0,1
4131600,104947,1,0,1
5447248,104948,1,0,1
948424,104949,1,1,0
5301072,104950,1,1,0
3908112,104951,1,0,1
503192,104952,1,1,0
629992,104953,1,1,0
6340872,104954,1,1,0
4241360,104955,1,0,1
1952464,104956,1,0,1
7718600,104957,1,0,1
7868976,104958,1,1,0
3834592,104959,1,1,0
4960744,104960,1,0,1
5856000,104961,1,1,0
8235544,104962,1,1,0
3507144,104963,1,1,0
8186192,104964,1,0,1
5835448,104965,1,0,1
1693960,104966,1,1,0
602176,104967,1,1,0
7237488,104968,1,1,0
750024,104969,1,1,0
8196320,104970,1,1,0
1647480,104971,1,0,1
6352392,104972,1,1,0
4666704,104973,1,0,1
4956320,104974,1,0,1
3890656,104975,1,1,0
3290648,104976,1,1,0
2147912,104977,1,0,1
3643080,104978,1,0,1
413592,104979,1,1,0
3865000,104980,1,1,0
1092920,104981,1,0,1
4143240,104982,1,1,0
2560032,104983,1,0,1
423544,104984,1,1,0
212688,104985,1,1,0
2070760,104986,1,1,0
7899504,104987,1,1,0
2524864,104988,1,1,0
1856064,104989,1,1,0
464808,104990,1,0,1
3344064,104991,1,0,1
2182112,104992,1,0,1
4969296,104993,1,0,1
6055040,104994,1,1,0
1250808,104995,1,1,0
1772720,104996,1,1,0
7361920,104997,1,0,1
648544,104998,1,1,0
909328,104999,1,1,0
1339088,105000,1,0,1
702968,105001,1,1,0
3177976,105002,1,1,0
1623336,105003,1,0,1
6823704,105004,1,1,0
1632552,105005,1,1,0
2969136,105006,1,1,0
2483944,105007,1,1,0
4465768,105008,1,0,1
2227680,105009,1,0,1
2597288,105010,1,0,1
8325464,105011,1,0,1
7448744,105012,1,0,1
7057752,105013,1,1,0
7622560,105014,1,0,1
960752,105015,1,0,1
4135352,105016,1,0,1
3189176,105017,1,0,1
157152,105018,1,1,0
2309584,105019,1,1,0
3955344,105020,1,0,1
7139504,105021,1,0,1
5416760,105022,1,1,0
2702024,105023,1,0,1
1697496,105024,1,0,1
4540080,105025,1,1,0
470200,105026,1,0,1
7349192,105027,1,0,1
1955824,105028,1,1,0
3916816,105029,1,0,1
653000,105030,1,0,1
462048,105031,1,0,1
3058720,105032,1,0,1
306704,105033,1,1,0
5682584,105034,1,1,0
7226032,105035,1,1,0
135320,105036,1,0,1
374152,105037,1,1,0
1315344,105038,1,1,0
937104,105039,1,1,0
796632,105040,1,1,0
5942944,105041,1,1,0
772208,105042,1,1,0
906296,105043,1,0,1
3524552,105044,1,0,1
3715168,105045,1,0,1
2433616,105046,1,1,0
2945864,105047,1,1,0
3109552,105048,1,1,0
6612416,105049,1,0,1
2673376,105050,1,0,1
1594520,105051,1,0,1
1373000,105052,1,1,0
1224888,105053,1,1,0
6549064,105054,1,1,0
1035744,105055,1,1,0
759120,105056,1,0,1
6477656,105057,1,0,1
4369584,105058,1,0,1
5167656,105059,1,0,1
6941056,105060,1,1,0
3405496,105061,1,1,0
5911392,105062,1,1,0
1690328,105063,1,0,1
1323368,105064,1,1,0
3293392,105065,1,1,0
4346584,105066,1,1,0
4146000,105067,1,1,0
1663680,105068,1,1,0
2085184,105069,1,1,0
768872,105070,1,0,1
1249104,105071,1,0,1
3179296,105072,1,0,1
3406640,105073,1,1,0
1670560,105074,1,1,0
2644952,105075,1,1,0
2140576,105076,1,0,1
6310208,105077,1,0,1
1741912,105078,1,1,0
437032,105079,1,0,1
2155792,105080,1,0,1
2640080,105081,1,0,1
2746728,105082,1,1,0
5068896,105083,1,0,1
977096,105084,1,0,1
4250880,105085,1,0,1
464240,105086,1,1,0
2464456,105087,1,0,1
1324536,105088,1,0,1
6431416,105089,1,0,1
2199584,105090,1,0,1
4782328,105091,1,1,0
507848,105092,1,1,0
4287496,105093,1,1,0
89016,105094,1,0,1
3645224,105095,1,0,1
704032,105096,1,1,0
2095264,105097,1,1,0
5321864,105098,1,1,0
621400,105099,1,1,0
2200184,105100,1,0,1
4703120,105101,1,0,1
5379400,105102,1,1,0
885592,105103,1,0,1
2638648,105104,1,0,1
2087288,105105,1,1,0
2319536,105106,1,0,1
6748544,105107,1,0,1
7466608,105108,1,1,0
2940752,105109,1,1,0
7331248,105110,1,1,0
7684048,105111,1,0,1
4283656,105112,1,1,0
1256184,105113,1,1,0
4753128,105114,1,1,0
1885456,105115,1,1,0
2104208,105116,1,1,0
650424,105117,1,0,1
1232072,105118,1,0,1
1572160,105119,1,1,0
559112,105120,1,1,0
6807392,105121,1,0,1
1231744,105122,1,0,1
2285960,105123,1,1,0
465584,105124,1,1,0
1291704,105125,1,0,1
3451960,105126,1,0,1
1204832,105127,1,1,0
1071104,105128,1,0,1
1123760,105129,1,0,1
3604832,105130,1,1,0
4045232,105131,1,0,1
1767776,105132,1,1,0
1196560,105133,1,0,1
1708448,105134,1,0,1
3750448,105135,1,1,0
1608224,105136,1,0,1
1795504,105137,1,1,0
5834344,105138,1,0,1
4321296,105139,1,0,1
8032992,105140,1,1,0
4040560,105141,1,1,0
3417304,105142,1,1,0
7548632,105143,1,0,1
6848024,105144,1,1,0
3879768,105145,1,0,1
265112,105146,1,0,1
2255040,105147,1,1,0
1336504,105148,1,1,0
2569136,105149,1,0,1
1149896,105150,1,1,0
7360656,105151,1,0,1
3672184,105152,1,0,1
5486744,105153,1,1,0
4731448,105154,1,0,1
1701888,105155,1,1,0
299912,105156,1,0,1
1951968,105157,1,1,0
3194864,105158,1,0,1
1714744,105159,1,0,1
595840,105160,1,0,1
3522688,105161,1,0,1
7389992,105162,1,1,0
2700104,105163,1,0,1
4826784,105164,1,0,1
534144,105165,1,1,0
3386968,105166,1,0,1
2152280,105167,1,1,0
1346744,105168,1,1,0
1914368,105169,1,1,0
7133120,105170,1,0,1
4160984,105171,1,1,0
7615440,105172,1,1,0
1368584,105173,1,1,0
956568,105174,1,0,1
1071112,105175,1,1,0
7179096,105176,1,0,1
787272,105177,1,0,1
5301328,105178,1,1,0
3495272,105179,1,0,1
913168,105180,1,1,0
1700488,105181,1,1,0
2061936,105182,1,0,1
7409400,105183,1,0,1
1330320,105184,1,1,0
553112,105185,1,1,0
275424,105186,1,1,0
4876432,105187,1,0,1
272784,105188,1,1,0
1160224,105189,1,0,1
927120,105190,1,1,0
1274896,105191,1,1,0
1706280,105192,1,0,1
1136144,105193,1,0,1
2212288,105194,1,1,0
424520,105195,1,1,0
4149136,105196,1,0,1
2985096,105197,1,1,0
1377952,105198,1,0,1
3212376,105199,1,1,0
1266184,105200,1,1,0
844672,105201,1,0,1
3102736,105202,1,0,1
2119136,105203,1,0,1
1728792,105204,1,0,1
449272,105205,1,1,0
1249112,105206,1,1,0
396800,105207,1,0,1
3870384,105208,1,1,0
721576,105209,1,1,0
322496,105210,1,0,1
1332112,105211,1,0,1
1705328,105212,1,0,1
409880,105213,1,0,1
2443352,105214,1,1,0
8010408,105215,1,1,0
3116488,105216,1,1,0
1406080,105217,1,1,0
5050816,105218,1,0,1
1004144,105219,1,0,1
1938656,105220,1,0,1
528552,105221,1,0,1
2523744,105222,1,1,0
3385808,105223,1,0,1
3696600,105224,1,1,0
757680,105225,1,1,0
1528120,105226,1,0,1
235536,105227,1,1,0
1889880,105228,1,0,1
1430232,105229,1,1,0
1627488,105230,1,0,1
2419640,105231,1,0,1
3261176,105232,1,0,1
1046856,105233,1,0,1
1198280,105234,1,0,1
5096792,105235,1,1,0
1190648,105236,1,1,0
927168,105237,1,1,0
158840,105238,1,0,1
1736808,105239,1,0,1
6555832,105240,1,0,1
2557144,105241,1,0,1
7975504,105242,1,0,1
7554328,105243,1,1,0
671504,105244,1,1,0
3926480,105245,1,0,1
716576,105246,1,1,0
814664,105247,1,1,0
1242552,105248,1,1,0
5444576,105249,1,1,0
688536,105250,1,1,0
991656,105251,1,0,1
1849680,105252,1,0,1
6860056,105253,1,0,1
2431128,105254,1,1,0
3001352,105255,1,1,0
1245224,105256,1,1,0
2425624,105257,1,0,1
275728,105258,1,0,1
1355544,105259,1,1,0
1965848,105260,1,1,0
904928,105261,1,1,0
8072704,105262,1,1,0
1445160,105263,1,0,1
4299856,105264,1,1,0
7087296,105265,1,1,0
505264,105266,1,0,1
142776,105267,1,1,0
1113544,105268,1,0,1
3712352,105269,1,1,0
3274112,105270,1,0,1
4981056,105271,1,1,0
848184,105272,1,1,0
4235160,105273,1,1,0
731752,105274,1,0,1
689568,105275,1,0,1
8097224,105276,1,1,0
1002408,105277,1,0,1
124296,105278,1,1,0
1463928,105279,1,0,1
1451504,105280,1,0,1
4699416,105281,1,1,0
7537432,105282,1,1,0
3819584,105283,1,1,0
438744,105284,1,1,0
2537576,105285,1,1,0
4508952,105286,1,1,0
1773864,105287,1,0,1
5470784,105288,1,0,1
710256,105289,1,0,1
1495216,105290,1,1,0
5728712,105291,1,1,0
435048,105292,1,0,1
4194512,105293,1,1,0
1283264,105294,1,1,0
1825872,105295,1,1,0
3300224,105296,1,1,0
1710992,105297,1,0,1
1744992,105298,1,0,1
3591720,105299,1,1,0
7423128,105300,1,1,0
3603504,105301,1,0,1
7553256,105302,1,0,1
1746400,105303,1,1,0
619592,105304,1,0,1
423288,105305,1,1,0
1033344,105306,1,0,1
765720,105307,1,1,0
908000,105308,1,0,1
3943920,105309,1,1,0
2731552,105310,1,0,1
2343432,105311,1,1,0
6311184,105312,1,0,1
1172624,105313,1,1,0
4390776,105314,1,1,0
1502992,105315,1,1,0
409688,105316,1,1,0
6452680,105317,1,1,0
5068208,105318,1,0,1
1912288,105319,1,1,0
2179560,105320,1,0,1
869824,105321,1,1,0
4721088,105322,1,1,0
2059624,105323,1,0,1
391568,105324,1,1,0
1969024,105325,1,0,1
2025632,105326,1,0,1
453272,105327,1,1,0
4567128,105328,1,0,1
618736,105329,1,1,0
2091392,105330,1,0,1
1895656,105331,1,1,0
5023616,105332,1,0,1
3613872,105333,1,0,1
2702776,105334,1,1,0
361368,105335,1,0,1
797552,105336,1,1,0
320672,105337,1,1,0
6950896,105338,1,1,0
7039416,105339,1,1,0
1441408,105340,1,1,0
5426944,105341,1,0,1
6548008,105342,1,0,1
7974816,105343,1,1,0
665944,105344,1,1,0
258320,105345,1,0,1
1116384,105346,1,1,0
249392,105347,1,0,1
274192,105348,1,0,1
2770672,105349,1,1,0
279184,105350,1,1,0
5910296,105351,1,0,1
1753368,105352,1,1,0
272696,105353,1,0,1
1170664,105354,1,0,1
171432,105355,1,1,0
4228848,105356,1,1,0
3318040,105357,1,0,1
4864416,105358,1,0,1
3069120,105359,1,0,1
924968,105360,1,0,1
5310096,105361,1,0,1
2119344,105362,1,1,0
781616,105363,1,0,1
7341344,105364,1,0,1
86816,105365,1,1,0
5669696,105366,1,0,1
207864,105367,1,0,1
872488,105368,1,0,1
5799960,105369,1,1,0
6195208,105370,1,1,0
5787608,105371,1,0,1
1533144,105372,1,1,0
2138584,105373,1,1,0
8070816,105374,1,1,0
320920,105375,1,1,0
1660496,105376,1,1,0
624928,105377,1,1,0
3518160,105378,1,0,1
1727848,105379,1,1,0
722000,105380,1,1,0
624832,105381,1,0,1
311944,105382,1,0,1
173216,105383,1,1,0
630872,105384,1,1,0
4182808,105385,1,0,1
1811040,105386,1,0,1
540408,105387,1,0,1
6517576,105388,1,1,0
514424,105389,1,0,1
323936,105390,1,0,1
2247824,105391,1,0,1
2131632,105392,1,0,1
777240,105393,1,0,1
283936,105394,1,0,1
6476888,105395,1,1,0
2767080,105396,1,0,1
2269384,105397,1,0,1
655888,105398,1,0,1
891560,105399,1,0,1
3315032,105400,1,1,0
8030360,105401,1,1,0
2825760,105402,1,1,0
797704,105403,1,0,1
202456,105404,1,0,1
1711080,105405,1,0,1
4081000,105406,1,0,1
378080,105407,1,0,1
3755856,105408,1,0,1
2317168,105409,1,0,1
1021784,105410,1,0,1
2506632,105411,1,1,0
6458544,105412,1,1,0
565744,105413,1,1,0
3656552,105414,1,1,0
5715016,105415,1,1,0
6613328,105416,1,0,1
5451968,105417,1,0,1
504160,105418,1,1,0
6275464,105419,1,1,0
765112,105420,1,1,0
341096,105421,1,0,1
1178440,105422,1,0,1
206184,105423,1,0,1
314928,105424,1,0,1
7298912,105425,1,1,0
657416,105426,1,0,1
4544224,105427,1,0,1
1799896,105428,1,0,1
315832,105429,1,0,1
1485344,105430,1,0,1
2306992,105431,1,1,0
3170704,105432,1,0,1
1005848,105433,1,1,0
2851472,105434,1,1,0
6443432,105435,1,0,1
3918568,105436,1,0,1
6980456,105437,1,0,1
1952704,105438,1,0,1
2509648,105439,1,0,1
6173120,105440,1,1,0
76888,105441,1,0,1
1361008,105442,1,1,0
2287224,105443,1,1,0
3261856,105444,1,0,1
3350760,105445,1,0,1
774064,105446,1,1,0
7677960,105447,1,0,1
1030848,105448,1,0,1
1885552,105449,1,1,0
855592,105450,1,1,0
1370456,105451,1,1,0
440840,105452,1,0,1
5822512,105453,1,0,1
2412152,105454,1,0,1
2414992,105455,1,1,0
6036216,105456,1,0,1
6874384,105457,1,0,1
7300880,105458,1,0,1
6417864,105459,1,1,0
1410544,105460,1,0,1
160656,105461,1,0,1
1711304,105462,1,0,1
991632,105463,1,1,0
5634728,105464,1,1,0
145600,105465,1,0,1
2206656,105466,1,1,0
1915720,105467,1,1,0
3091600,105468,1,1,0
2780192,105469,1,1,0
1517736,105470,1,1,0
3498704,105471,1,0,1
6747736,105472,1,1,0
7137888,105473,1,0,1
2561504,105474,1,1,0
1060752,105475,1,0,1
317592,105476,1,1,0
2323872,105477,1,0,1
975096,105478,1,1,0
174368,105479,1,1,0
1177376,105480,1,0,1
3012568,105481,1,1,0
2620664,105482,1,1,0
473336,105483,1,1,0
766168,105484,1,1,0
5066112,105485,1,0,1
1335200,105486,1,0,1
928096,105487,1,0,1
3474680,105488,1,1,0
2919312,105489,1,1,0
407816,105490,1,1,0
1142360,105491,1,0,1
6740528,105492,1,1,0
2579984,105493,1,1,0
528440,105494,1,0,1
8114512,105495,1,0,1
5106944,105496,1,0,1
5915104,105497,1,0,1
882896,105498,1,1,0
426312,105499,1,0,1
853360,105500,1,1,0
2645440,105501,1,1,0
67432,105502,1,1,0
7059376,105503,1,1,0
1067728,105504,1,0,1
1662016,105505,1,1,0
5388552,105506,1,1,0
2247312,105507,1,1,0
1474376,105508,1,1,0
869024,105509,1,0,1
8109400,105510,1,1,0
178784,105511,1,0,1
1146840,105512,1,0,1
967416,105513,1,1,0
8201728,105514,1,1,0
3682456,105515,1,1,0
7337232,105516,1,0,1
1039896,105517,1,1,0
1604792,105518,1,1,0
1359936,105519,1,1,0
1353232,105520,1,1,0
8177056,105521,1,1,0
776576,105522,1,1,0
2891688,105523,1,1,0
5538496,105524,1,1,0
3237632,105525,1,1,0
6939400,105526,1,1,0
1489184,105527,1,1,0
2623896,105528,1,0,1
5796840,105529,1,0,1
1905472,105530,1,0,1
4884408,105531,1,0,1
2413456,105532,1,0,1
2714160,105533,1,1,0
501504,105534,1,1,0
1998320,105535,1,1,0
1564384,105536,1,1,0
6401992,105537,1,1,0
687296,105538,1,0,1
828896,105539,1,1,0
1308368,105540,1,0,1
783680,105541,1,0,1
2492256,105542,1,1,0
153920,105543,1,0,1
951264,105544,1,0,1
1196336,105545,1,0,1
8244528,105546,1,1,0
2514224,105547,1,1,0
1626800,105548,1,1,0
7337448,105549,1,0,1
5177280,105550,1,0,1
7402288,105551,1,1,0
1380560,105552,1,0,1
2896000,105553,1,1,0
1697032,105554,1,1,0
2611280,105555,1,0,1
2330056,105556,1,0,1
1479128,105557,1,1,0
498568,105558,1,0,1
907648,105559,1,0,1
8168008,105560,1,1,0
1288832,105561,1,1,0
906088,105562,1,0,1
844360,105563,1,0,1
1483560,105564,1,1,0
5647232,105565,1,1,0
4657360,105566,1,1,0
2901472,105567,1,0,1
6591520,105568,1,1,0
718888,105569,1,1,0
1604000,105570,1,0,1
2122584,105571,1,0,1
390072,105572,1,1,0
2380792,105573,1,1,0
860912,105574,1,0,1
1107288,105575,1,0,1
402088,105576,1,1,0
345432,105577,1,0,1
6250744,105578,1,1,0
7986760,105579,1,1,0
1316984,105580,1,0,1
5023280,105581,1,0,1
2052896,105582,1,0,1
5080096,105583,1,0,1
3447240,105584,1,0,1
3953432,105585,1,1,0
7819808,105586,1,1,0
3671456,105587,1,0,1
4185960,105588,1,0,1
243192,105589,1,0,1
585488,105590,1,0,1
6878136,105591,1,1,0
4414464,105592,1,1,0
2637728,105593,1,1,0
1367728,105594,1,1,0
1254040,105595,1,0,1
3502976,105596,1,0,1
820024,105597,1,0,1
1635432,105598,1,0,1
3237512,105599,1,1,0
4787304,105600,1,1,0
1128176,105601,1,0,1
4723104,105602,1,0,1
1609544,105603,1,1,0
8170200,105604,1,1,0
3257384,105605,1,0,1
829568,105606,1,0,1
1678424,105607,1,1,0
1021088,105608,1,0,1
1133576,105609,1,0,1
346168,105610,1,1,0
1802696,105611,1,0,1
7810584,105612,1,0,1
2969144,105613,1,0,1
3531712,105614,1,1,0
1074416,105615,1,0,1
5178288,105616,1,0,1
2520976,105617,1,1,0
220576,105618,1,1,0
1229208,105619,1,1,0
3131624,105620,1,1,0
1980696,105621,1,0,1
261856,105622,1,0,1
4273160,105623,1,0,1
5906848,105624,1,1,0
2517128,105625,1,0,1
333880,105626,1,0,1
516616,105627,1,1,0
79008,105628,1,1,0
1334608,105629,1,0,1
2608576,105630,1,1,0
5531752,105631,1,1,0
5841600,105632,1,1,0
3628608,105633,1,0,1
753528,105634,1,1,0
2245904,105635,1,0,1
5232416,105636,1,0,1
3041304,105637,1,0,1
5170064,105638,1,0,1
283104,105639,1,0,1
3747160,105640,1,1,0
1534696,105641,1,0,1
2377672,105642,1,1,0
723240,105643,1,0,1
1987272,105644,1,1,0
6221608,105645,1,0,1
801072,105646,1,1,0
6062224,105647,1,0,1
4808480,105648,1,0,1
1483848,105649,1,0,1
4454768,105650,1,0,1
2193672,105651,1,1,0
7151912,105652,1,1,0
163160,105653,1,0,1
1205448,105654,1,1,0
5444960,105655,1,0,1
5110352,105656,1,0,1
4596976,105657,1,1,0
2996576,105658,1,1,0
6478968,105659,1,1,0
2036184,105660,1,0,1
1038160,105661,1,1,0
2162768,105662,1,1,0
7170912,105663,1,0,1
3498472,105664,1,1,0
3247320,105665,1,0,1
5516496,105666,1,0,1
6563928,105667,1,0,1
239760,105668,1,0,1
847880,105669,1,1,0
693000,105670,1,0,1
1549488,105671,1,0,1
8015248,105672,1,0,1
1020984,105673,1,0,1
1772360,105674,1,1,0
6346000,105675,1,1,0
2608648,105676,1,0,1
3505264,105677,1,0,1
1028368,105678,1,0,1
2209144,105679,1,0,1
341336,105680,1,1,0
322928,105681,1,1,0
2819736,105682,1,0,1
6823744,105683,1,1,0
5986184,105684,1,0,1
810504,105685,1,0,1
758976,105686,1,0,1
812896,105687,1,1,0
293520,105688,1,0,1
6305216,105689,1,1,0
2887408,105690,1,0,1
2263752,105691,1,0,1
6085768,105692,1,0,1
255448,105693,1,1,0
4886232,105694,1,0,1
1011184,105695,1,0,1
314576,105696,1,0,1
1870368,105697,1,1,0
1893008,105698,1,1,0
961232,105699,1,1,0
1770912,105700,1,0,1
467712,105701,1,1,0
6667608,105702,1,1,0
955800,105703,1,1,0
5520520,105704,1,0,1
1540448,105705,1,1,0
5212544,105706,1,1,0
1378584,105707,1,0,1
7382808,105708,1,1,0
1510336,105709,1,0,1
1902808,105710,1,1,0
1049192,105711,1,1,0
5667288,105712,1,1,0
768824,105713,1,1,0
6171448,105714,1,0,1
699144,105715,1,0,1
2585736,105716,1,1,0
5831448,105717,1,1,0
1962656,105718,1,0,1
2098776,105719,1,0,1
735696,105720,1,0,1
5011536,105721,1,0,1
1586408,105722,1,0,1
434744,105723,1,1,0
8138672,105724,1,0,1
1099016,105725,1,0,1
2670800,105726,1,1,0
2080824,105727,1,1,0
2452264,105728,1,1,0
1592016,105729,1,1,0
6117336,105730,1,1,0
6319864,105731,1,1,0
224912,105732,1,1,0
2894144,105733,1,0,1
1339992,105734,1,1,0
8279296,105735,1,1,0
1901696,105736,1,0,1
2314592,105737,1,0,1
4159152,105738,1,0,1
1069512,105739,1,1,0
2019936,105740,1,0,1
4276840,105741,1,1,0
1741424,105742,1,1,0
4383368,105743,1,1,0
5837344,105744,1,1,0
3237200,105745,1,1,0
472328,105746,1,0,1
1064088,105747,1,1,0
148040,105748,1,1,0
2700880,105749,1,0,1
8082328,105750,1,0,1
3088032,105751,1,0,1
4377528,105752,1,1,0
830144,105753,1,1,0
1496400,105754,1,1,0
558040,105755,1,0,1
7315512,105756,1,0,1
4166880,105757,1,0,1
6913072,105758,1,0,1
3121352,105759,1,0,1
3704776,105760,1,1,0
5190352,105761,1,0,1
467744,105762,1,1,0
3432264,105763,1,1,0
8363744,105764,1,0,1
1145224,105765,1,0,1
2057728,105766,1,0,1
701576,105767,1,1,0
463440,105768,1,1,0
7152048,105769,1,1,0
1148496,105770,1,1,0
4832456,105771,1,0,1
8023480,105772,1,1,0
4556592,105773,1,0,1
7501000,105774,1,1,0
1775816,105775,1,1,0
83184,105776,1,0,1
597360,105777,1,0,1
8336520,105778,1,1,0
421216,105779,1,1,0
5937800,105780,1,0,1
330040,105781,1,1,0
1612728,105782,1,0,1
8103880,105783,1,0,1
820856,105784,1,1,0
894216,105785,1,1,0
6626144,105786,1,0,1
4384080,105787,1,0,1
1700064,105788,1,0,1
149608,105789,1,1,0
8026712,105790,1,0,1
6223280,105791,1,0,1
201200,105792,1,1,0
208752,105793,1,1,0
7416696,105794,1,0,1
644472,105795,1,1,0
799992,105796,1,0,1
845568,105797,1,0,1
8165512,105798,1,0,1
1483440,105799,1,1,0
3553008,105800,1,0,1
478112,105801,1,1,0
3745040,105802,1,1,0
2214576,105803,1,0,1
2082912,105804,1,1,0
5496424,105805,1,0,1
5828760,105806,1,1,0
2728800,105807,1,1,0
3340024,105808,1,1,0
6278616,105809,1,0,1
2250760,105810,1,1,0
710952,105811,1,0,1
6401104,105812,1,0,1
106592,105813,1,0,1
1745368,105814,1,1,0
657568,105815,1,0,1
8178056,105816,1,0,1
3059632,105817,1,0,1
5992216,105818,1,1,0
269000,105819,1,1,0
7772832,105820,1,0,1
2686168,105821,1,1,0
3588856,105822,1,0,1
1490384,105823,1,1,0
3661744,105824,1,0,1
1752992,105825,1,0,1
4992888,105826,1,1,0
1150848,105827,1,1,0
6521496,105828,1,0,1
2632072,105829,1,1,0
2869568,105830,1,0,1
2774464,105831,1,1,0
1089312,105832,1,1,0
601096,105833,1,0,1
755848,105834,1,1,0
511920,105835,1,1,0
2801480,105836,1,1,0
7272608,105837,1,1,0
1821424,105838,1,0,1
2196792,105839,1,0,1
315320,105840,1,0,1
5459920,105841,1,1,0
4413072,105842,1,0,1
7075120,105843,1,1,0
5328112,105844,1,0,1
3612920,105845,1,0,1
2854456,105846,1,0,1
199584,105847,1,0,1
5099864,105848,1,0,1
1933848,105849,1,0,1
2244568,105850,1,1,0
392392,105851,1,0,1
1200384,105852,1,1,0
1901608,105853,1,0,1
723048,105854,1,1,0
5765464,105855,1,0,1
2978120,105856,1,0,1
4111704,105857,1,1,0
558432,105858,1,1,0
7500072,105859,1,0,1
2782080,105860,1,1,0
682768,105861,1,1,0
1897544,105862,1,0,1
6723960,105863,1,1,0
5301152,105864,1,1,0
2817504,105865,1,0,1
6626520,105866,1,0,1
4218080,105867,1,1,0
367904,105868,1,0,1
2853928,105869,1,1,0
2034080,105870,1,0,1
6522832,105871,1,1,0
938352,105872,1,0,1
4979736,105873,1,0,1
807344,105874,1,1,0
2041520,105875,1,0,1
552472,105876,1,1,0
988192,105877,1,0,1
1002840,105878,1,1,0
6015264,105879,1,1,0
322072,105880,1,1,0
2367048,105881,1,1,0
5892344,105882,1,0,1
4752856,105883,1,0,1
3983112,105884,1,1,0
2064024,105885,1,0,1
4034808,105886,1,1,0
720800,105887,1,0,1
4451824,105888,1,0,1
6464520,105889,1,1,0
6562024,105890,1,0,1
3373440,105891,1,0,1
2721376,105892,1,0,1
6036336,105893,1,1,0
2260000,105894,1,1,0
5498888,105895,1,1,0
3694456,105896,1,0,1
2577936,105897,1,1,0
546944,105898,1,0,1
301744,105899,1,1,0
594712,105900,1,1,0
164728,105901,1,0,1
3149512,105902,1,0,1
2819448,105903,1,1,0
7920384,105904,1,1,0
2305744,105905,1,1,0
332192,105906,1,1,0
545840,105907,1,0,1
4886832,105908,1,0,1
1342200,105909,1,0,1
3645152,105910,1,0,1
6772192,105911,1,0,1
2023328,105912,1,0,1
719144,105913,1,0,1
2198752,105914,1,0,1
1721536,105915,1,1,0
391312,105916,1,0,1
817840,105917,1,0,1
5671056,105918,1,0,1
7036536,105919,1,0,1
1531720,105920,1,1,0
3924824,105921,1,0,1
4975432,105922,1,0,1
363344,105923,1,1,0
4010840,105924,1,1,0
3587368,105925,1,0,1
1808208,105926,1,0,1
1399176,105927,1,0,1
6312544,105928,1,1,0
6432152,105929,1,0,1
869072,105930,1,1,0
5618328,105931,1,0,1
5040616,105932,1,1,0
2726656,105933,1,1,0
5785776,105934,1,1,0
633536,105935,1,0,1
237696,105936,1,0,1
251432,105937,1,0,1
3497528,105938,1,0,1
2068976,105939,1,1,0
1252936,105940,1,0,1
2711856,105941,1,0,1
5927544,105942,1,1,0
137848,105943,1,0,1
373064,105944,1,0,1
1155920,105945,1,1,0
1712544,105946,1,1,0
4536816,105947,1,1,0
2939632,105948,1,1,0
6643320,105949,1,1,0
1689688,105950,1,1,0
4434000,105951,1,0,1
2741624,105952,1,1,0
2317352,105953,1,1,0
447376,105954,1,0,1
1497088,105955,1,0,1
3245400,105956,1,1,0
3444576,105957,1,0,1
864632,105958,1,0,1
1677912,105959,1,0,1
3916888,105960,1,1,0
1245016,105961,1,0,1
4362696,105962,1,0,1
784968,105963,1,0,1
70632,105964,1,0,1
4603976,105965,1,0,1
6535728,105966,1,0,1
2977424,105967,1,1,0
6046744,105968,1,0,1
523368,105969,1,1,0
2409040,105970,1,1,0
3687936,105971,1,0,1
1616056,105972,1,1,0
8116544,105973,1,0,1
2893880,105974,1,1,0
2083032,105975,1,0,1
1270320,105976,1,0,1
6907672,105977,1,0,1
3667088,105978,1,0,1
926800,105979,1,1,0
218632,105980,1,1,0
7420800,105981,1,0,1
3236488,105982,1,0,1
5891248,105983,1,0,1
298864,105984,1,1,0
5394416,105985,1,0,1
4822544,105986,1,1,0
3397200,105987,1,0,1
1530896,105988,1,0,1
1367608,105989,1,0,1
5713224,105990,1,0,1
579792,105991,1,0,1
2532592,105992,1,1,0
705016,105993,1,1,0
2524328,105994,1,1,0
85336,105995,1,0,1
1632784,105996,1,0,1
239856,105997,1,0,1
5921736,105998,1,0,1
3030672,105999,1,0,1
7031792,106000,1,1,0
2946024,106001,1,0,1
1671000,106002,1,0,1
968624,106003,1,1,0
7609520,106004,1,0,1
6413736,106005,1,1,0
3762880,106006,1,1,0
324720,106007,1,1,0
2901264,106008,1,0,1
2651136,106009,1,0,1
1018144,106010,1,0,1
2348848,106011,1,1,0
3576664,106012,1,1,0
1917464,106013,1,1,0
149664,106014,1,0,1
1584128,106015,1,1,0
4904560,106016,1,0,1
213992,106017,1,0,1
4895384,106018,1,0,1
2440912,106019,1,1,0
1860920,106020,1,1,0
439512,106021,1,0,1
3734544,106022,1,1,0
1939456,106023,1,0,1
1112144,106024,1,0,1
213720,106025,1,1,0
2188168,106026,1,0,1
3124304,106027,1,0,1
2720144,106028,1,1,0
449024,106029,1,1,0
6883792,106030,1,1,0
3019176,106031,1,0,1
4783056,106032,1,1,0
3952736,106033,1,1,0
4303288,106034,1,1,0
8328088,106035,1,1,0
4418856,106036,1,0,1
5949032,106037,1,1,0
345448,106038,1,1,0
1071128,106039,1,1,0
565080,106040,1,0,1
3540560,106041,1,0,1
2434168,106042,1,1,0
4558336,106043,1,1,0
769448,106044,1,1,0
378536,106045,1,1,0
1107736,106046,1,1,0
3005888,106047,1,1,0
3688296,106048,1,1,0
929200,106049,1,1,0
3259728,106050,1,1,0
2451224,106051,1,1,0
6201232,106052,1,1,0
3397568,106053,1,0,1
6828712,106054,1,1,0
748272,106055,1,1,0
217592,106056,1,1,0
1390992,106057,1,1,0
3135976,106058,1,0,1
7938480,106059,1,0,1
7141792,106060,1,0,1
5745384,106061,1,1,0
561744,106062,1,0,1
5406024,106063,1,0,1
179360,106064,1,0,1
2025184,106065,1,1,0
678568,106066,1,0,1
542960,106067,1,0,1
5388480,106068,1,0,1
2060952,106069,1,1,0
1325928,106070,1,1,0
5836448,106071,1,1,0
5311456,106072,1,1,0
3746776,106073,1,1,0
757360,106074,1,0,1
1492424,106075,1,1,0
1044736,106076,1,1,0
5587432,106077,1,0,1
2086448,106078,1,1,0
314464,106079,1,0,1
651712,106080,1,1,0
195616,106081,1,1,0
3673584,106082,1,0,1
4515656,106083,1,0,1
4385376,106084,1,1,0
788352,106085,1,1,0
6094000,106086,1,1,0
248848,106087,1,0,1
6514872,106088,1,0,1
3073568,106089,1,0,1
1990640,106090,1,0,1
1974176,106091,1,0,1
1962744,106092,1,1,0
2816568,106093,1,0,1
3156048,106094,1,0,1
937216,106095,1,1,0
105896,106096,1,1,0
1395576,106097,1,0,1
704680,106098,1,1,0
7237680,106099,1,0,1
1248592,106100,1,1,0
816896,106101,1,0,1
1793632,106102,1,1,0
354000,106103,1,0,1
3337928,106104,1,1,0
2490248,106105,1,0,1
760856,106106,1,1,0
2839832,106107,1,0,1
367584,106108,1,1,0
478616,106109,1,0,1
1851648,106110,1,1,0
853832,106111,1,1,0
3804536,106112,1,0,1
1014264,106113,1,0,1
1812240,106114,1,1,0
961040,106115,1,1,0
1280560,106116,1,1,0
4686584,106117,1,0,1
4530160,106118,1,0,1
612256,106119,1,0,1
1563528,106120,1,1,0
918728,106121,1,0,1
6347456,106122,1,0,1
1912016,106123,1,0,1
1600360,106124,1,0,1
4609104,106125,1,1,0
2546888,106126,1,0,1
1925096,106127,1,1,0
513504,106128,1,0,1
2118944,106129,1,0,1
1613232,106130,1,0,1
866720,106131,1,0,1
7606048,106132,1,0,1
3991112,106133,1,1,0
964016,106134,1,0,1
5877720,106135,1,1,0
3402016,106136,1,0,1
6941328,106137,1,1,0
196496,106138,1,0,1
3299344,106139,1,1,0
4161176,106140,1,1,0
1323184,106141,1,0,1
358232,106142,1,1,0
4474760,106143,1,0,1
1665024,106144,1,1,0
4012096,106145,1,0,1
1960256,106146,1,0,1
859208,106147,1,0,1
7545896,106148,1,1,0
187568,106149,1,0,1
1360376,106150,1,1,0
1450896,106151,1,0,1
7520320,106152,1,1,0
4099920,106153,1,0,1
189592,106154,1,1,0
4387952,106155,1,0,1
3211808,106156,1,0,1
4078600,106157,1,1,0
102192,106158,1,0,1
1118504,106159,1,1,0
4593936,106160,1,1,0
54744,106161,1,1,0
397752,106162,1,1,0
3717736,106163,1,1,0
81784,106164,1,0,1
722224,106165,1,0,1
4784024,106166,1,0,1
904232,106167,1,1,0
3754856,106168,1,1,0
7645064,106169,1,1,0
4264872,106170,1,0,1
914336,106171,1,1,0
594232,106172,1,1,0
1382288,106173,1,0,1
3729144,106174,1,1,0
2022696,106175,1,0,1
6877368,106176,1,1,0
7068760,106177,1,1,0
3028272,106178,1,1,0
2800712,106179,1,0,1
4355536,106180,1,0,1
598176,106181,1,1,0
1388944,106182,1,0,1
1726200,106183,1,1,0
1522528,106184,1,0,1
5286104,106185,1,0,1
6900952,106186,1,1,0
7416200,106187,1,0,1
5718672,106188,1,0,1
2123200,106189,1,1,0
2510064,106190,1,0,1
6572168,106191,1,0,1
2715560,106192,1,0,1
1086808,106193,1,1,0
1628792,106194,1,0,1
2213632,106195,1,0,1
1212808,106196,1,1,0
3365160,106197,1,1,0
283112,106198,1,0,1
3707960,106199,1,0,1
657520,106200,1,1,0
6352560,106201,1,0,1
701160,106202,1,1,0
832000,106203,1,1,0
4278624,106204,1,1,0
276400,106205,1,0,1
387064,106206,1,0,1
4071928,106207,1,1,0
725536,106208,1,1,0
244568,106209,1,1,0
2432208,106210,1,0,1
618304,106211,1,0,1
1149576,106212,1,0,1
7716576,106213,1,0,1
302448,106214,1,0,1
5638912,106215,1,1,0
2621472,106216,1,1,0
2878968,106217,1,1,0
2280736,106218,1,0,1
3483272,106219,1,1,0
6648592,106220,1,1,0
4477272,106221,1,1,0
1349080,106222,1,0,1
2177424,106223,1,1,0
6095192,106224,1,0,1
2098520,106225,1,0,1
1452456,106226,1,1,0
2288896,106227,1,0,1
1883160,106228,1,0,1
800312,106229,1,1,0
4804504,106230,1,0,1
1689960,106231,1,1,0
605136,106232,1,0,1
2190280,106233,1,0,1
246664,106234,1,0,1
219840,106235,1,0,1
3756848,106236,1,1,0
7055032,106237,1,0,1
7942664,106238,1,1,0
6582872,106239,1,0,1
4267744,106240,1,0,1
1300824,106241,1,0,1
7398216,106242,1,0,1
2706816,106243,1,0,1
215816,106244,1,0,1
384800,106245,1,1,0
759632,106246,1,0,1
1130448,106247,1,1,0
3846312,106248,1,1,0
869736,106249,1,1,0
1549736,106250,1,0,1
6562448,106251,1,1,0
785328,106252,1,1,0
293376,106253,1,1,0
1193920,106254,1,0,1
3425344,106255,1,1,0
3294832,106256,1,1,0
5527912,106257,1,1,0
191800,106258,1,0,1
5545440,106259,1,0,1
1579296,106260,1,0,1
7968272,106261,1,1,0
6590320,106262,1,1,0
3346368,106263,1,1,0
485712,106264,1,0,1
7242488,106265,1,0,1
3053000,106266,1,1,0
2074696,106267,1,1,0
2957504,106268,1,0,1
2790640,106269,1,1,0
6747160,106270,1,0,1
6644648,106271,1,0,1
415240,106272,1,0,1
2742088,106273,1,1,0
3671664,106274,1,1,0
1333816,106275,1,0,1
5357048,106276,1,0,1
811800,106277,1,0,1
480544,106278,1,1,0
422544,106279,1,1,0
3990312,106280,1,0,1
1749960,106281,1,0,1
1165752,106282,1,1,0
602024,106283,1,0,1
1425088,106284,1,1,0
1839152,106285,1,0,1
4914464,106286,1,1,0
2215216,106287,1,0,1
7169464,106288,1,0,1
692456,106289,1,0,1
4335872,106290,1,0,1
1099528,106291,1,0,1
7296960,106292,1,1,0
4515832,106293,1,0,1
3180760,106294,1,0,1
1850096,106295,1,1,0
4161776,106296,1,1,0
6853408,106297,1,1,0
1667528,106298,1,0,1
433168,106299,1,0,1
330696,106300,1,1,0
5390616,106301,1,0,1
3630616,106302,1,1,0
1894680,106303,1,1,0
3381496,106304,1,1,0
3415824,106305,1,0,1
1321616,106306,1,0,1
4486888,106307,1,0,1
5838992,106308,1,1,0
4495296,106309,1,0,1
6928056,106310,1,1,0
2751112,106311,1,0,1
1226496,106312,1,0,1
2831712,106313,1,0,1
4287648,106314,1,1,0
7805544,106315,1,0,1
624904,106316,1,0,1
351240,106317,1,0,1
1371120,106318,1,0,1
4665288,106319,1,1,0
4596496,106320,1,1,0
619184,106321,1,0,1
3490080,106322,1,1,0
1558344,106323,1,1,0
734848,106324,1,0,1
566144,106325,1,1,0
3304296,106326,1,0,1
2820296,106327,1,0,1
3556824,106328,1,0,1
8388328,106329,1,1,0
7492728,106330,1,1,0
1621168,106331,1,0,1
6485984,106332,1,1,0
876040,106333,1,1,0
1997760,106334,1,1,0
3274080,106335,1,0,1
4973936,106336,1,1,0
7721496,106337,1,0,1
6365320,106338,1,1,0
2232792,106339,1,1,0
6459904,106340,1,1,0
1780128,106341,1,1,0
1594456,106342,1,1,0
1129232,106343,1,1,0
8011136,106344,1,0,1
4284272,106345,1,0,1
3876496,106346,1,1,0
116880,106347,1,0,1
805528,106348,1,0,1
6698728,106349,1,1,0
4715248,106350,1,0,1
4929712,106351,1,0,1
1924296,106352,1,0,1
4223064,106353,1,0,1
785888,106354,1,0,1
1703752,106355,1,0,1
1653992,106356,1,1,0
5523960,106357,1,1,0
480024,106358,1,1,0
941344,106359,1,1,0
6075696,106360,1,1,0
1240184,106361,1,1,0
3265656,106362,1,1,0
275640,106363,1,1,0
4768624,106364,1,1,0
3281760,106365,1,0,1
6910248,106366,1,1,0
342488,106367,1,0,1
8371904,106368,1,0,1
1167800,106369,1,0,1
6272168,106370,1,1,0
5489184,106371,1,0,1
2408328,106372,1,1,0
431152,106373,1,1,0
989456,106374,1,0,1
2141208,106375,1,0,1
1241896,106376,1,0,1
4955808,106377,1,1,0
677576,106378,1,0,1
584888,106379,1,1,0
1261736,106380,1,0,1
171544,106381,1,1,0
5089424,106382,1,0,1
7488464,106383,1,0,1
1788768,106384,1,1,0
1038864,106385,1,0,1
745104,106386,1,1,0
2077320,106387,1,0,1
5491880,106388,1,1,0
1916176,106389,1,1,0
373720,106390,1,0,1
516968,106391,1,0,1
194048,106392,1,1,0
1980816,106393,1,1,0
6804960,106394,1,1,0
2086704,106395,1,1,0
5462376,106396,1,1,0
4236064,106397,1,1,0
3483456,106398,1,1,0
5159040,106399,1,1,0
796240,106400,1,1,0
5973680,106401,1,1,0
1881168,106402,1,1,0
7536624,106403,1,1,0
347656,106404,1,0,1
4686112,106405,1,0,1
643448,106406,1,1,0
124160,106407,1,1,0
8292152,106408,1,0,1
7418096,106409,1,0,1
1723624,106410,1,0,1
1669424,106411,1,0,1
6362392,106412,1,0,1
207384,106413,1,0,1
117776,106414,1,1,0
4281168,106415,1,1,0
2912728,106416,1,0,1
4381152,106417,1,0,1
1177632,106418,1,1,0
2166744,106419,1,1,0
2264224,106420,1,0,1
2701584,106421,1,0,1
2605632,106422,1,0,1
262936,106423,1,0,1
4871648,106424,1,0,1
4906960,106425,1,0,1
3887728,106426,1,1,0
5897408,106427,1,0,1
1119352,106428,1,1,0
124512,106429,1,0,1
5124536,106430,1,0,1
605672,106431,1,1,0
5795440,106432,1,0,1
2025608,106433,1,1,0
5792448,106434,1,1,0
5004416,106435,1,0,1
1046176,106436,1,1,0
1159368,106437,1,0,1
358064,106438,1,0,1
238536,106439,1,1,0
3047000,106440,1,0,1
696544,106441,1,1,0
1854568,106442,1,0,1
268920,106443,1,0,1
2408712,106444,1,0,1
1103376,106445,1,1,0
2347136,106446,1,1,0
3178792,106447,1,1,0
1470520,106448,1,1,0
6456944,106449,1,1,0
911512,106450,1,1,0
1991016,106451,1,0,1
5632040,106452,1,1,0
610992,106453,1,1,0
1008624,106454,1,0,1
1524408,106455,1,1,0
7295688,106456,1,0,1
534648,106457,1,0,1
570008,106458,1,1,0
2016752,106459,1,1,0
8227936,106460,1,1,0
2131024,106461,1,0,1
958872,106462,1,1,0
7305544,106463,1,0,1
2309872,106464,1,0,1
5799944,106465,1,0,1
749832,106466,1,0,1
1137672,106467,1,0,1
577264,106468,1,1,0
3583328,106469,1,0,1
1304552,106470,1,0,1
222008,106471,1,1,0
2206688,106472,1,1,0
1022696,106473,1,1,0
6187080,106474,1,1,0
1852560,106475,1,0,1
8306776,106476,1,0,1
1083176,106477,1,1,0
2843312,106478,1,1,0
790352,106479,1,1,0
6093584,106480,1,1,0
2529872,106481,1,0,1
1762088,106482,1,1,0
5861432,106483,1,1,0
552768,106484,1,0,1
3758008,106485,1,0,1
600544,106486,1,0,1
1376016,106487,1,1,0
6001496,106488,1,0,1
1000032,106489,1,0,1
5246024,106490,1,0,1
2874120,106491,1,1,0
6955992,106492,1,0,1
610304,106493,1,0,1
5628368,106494,1,1,0
569232,106495,1,1,0
6112128,106496,1,0,1
6491408,106497,1,1,0
4856896,106498,1,1,0
6724896,106499,1,1,0
6815536,106500,1,1,0
1117040,106501,1,0,1
3813920,106502,1,1,0
491264,106503,1,1,0
7412992,106504,1,1,0
7458224,106505,1,0,1
4660016,106506,1,1,0
3232608,106507,1,0,1
793208,106508,1,1,0
761136,106509,1,1,0
1125264,106510,1,1,0
815016,106511,1,1,0
7086576,106512,1,1,0
522736,106513,1,0,1
5510344,106514,1,1,0
2096352,106515,1,0,1
433304,106516,1,0,1
2055712,106517,1,1,0
7620440,106518,1,0,1
615800,106519,1,1,0
7442712,106520,1,0,1
5198840,106521,1,0,1
4751464,106522,1,1,0
1659152,106523,1,1,0
396504,106524,1,1,0
1651080,106525,1,1,0
1072024,106526,1,1,0
6494000,106527,1,0,1
711880,106528,1,0,1
6919664,106529,1,0,1
1974016,106530,1,1,0
5055256,106531,1,1,0
6194432,106532,1,1,0
2247088,106533,1,0,1
570768,106534,1,1,0
6658440,106535,1,1,0
7219832,106536,1,1,0
7550672,106537,1,1,0
4898984,106538,1,0,1
3767672,106539,1,0,1
1448952,106540,1,0,1
3968008,106541,1,0,1
1884928,106542,1,1,0
1410712,106543,1,0,1
2044256,106544,1,0,1
6086624,106545,1,1,0
1106952,106546,1,1,0
5574040,106547,1,1,0
728264,106548,1,0,1
703944,106549,1,1,0
6503824,106550,1,1,0
634368,106551,1,1,0
2934008,106552,1,1,0
5435328,106553,1,1,0
1091936,106554,1,1,0
2612248,106555,1,1,0
3910432,106556,1,1,0
6450232,106557,1,1,0
5929392,106558,1,1,0
1300608,106559,1,0,1
1526664,106560,1,1,0
331184,106561,1,1,0
7265376,106562,1,0,1
3075200,106563,1,0,1
2885504,106564,1,0,1
1849640,106565,1,0,1
6452696,106566,1,0,1
3200512,106567,1,0,1
7334544,106568,1,0,1
1274536,106569,1,1,0
1772936,106570,1,0,1
2271152,106571,1,0,1
3349784,106572,1,1,0
8316752,106573,1,0,1
6902976,106574,1,0,1
999600,106575,1,1,0
871464,106576,1,1,0
2489464,106577,1,1,0
620360,106578,1,0,1
1446072,106579,1,1,0
8299456,106580,1,0,1
2198248,106581,1,0,1
505544,106582,1,1,0
989664,106583,1,1,0
2885744,106584,1,0,1
455152,106585,1,1,0
1411200,106586,1,0,1
7933344,106587,1,1,0
1359296,106588,1,0,1
6828240,106589,1,0,1
1910688,106590,1,0,1
7208944,106591,1,1,0
1670856,106592,1,0,1
2437792,106593,1,0,1
768184,106594,1,1,0
421808,106595,1,0,1
711192,106596,1,1,0
8038056,106597,1,0,1
618552,106598,1,0,1
4652072,106599,1,0,1
6660872,106600,1,1,0
1471120,106601,1,1,0
1398400,106602,1,1,0
6073736,106603,1,1,0
7903696,106604,1,0,1
5780480,106605,1,1,0
2911208,106606,1,0,1
7900608,106607,1,0,1
1283040,106608,1,1,0
1849832,106609,1,0,1
7598872,106610,1,0,1
690968,106611,1,1,0
8200360,106612,1,0,1
2744080,106613,1,0,1
2997256,106614,1,1,0
2307816,106615,1,0,1
297792,106616,1,1,0
3164896,106617,1,0,1
764320,106618,1,1,0
1668584,106619,1,0,1
2482176,106620,1,0,1
933984,106621,1,1,0
5332536,106622,1,1,0
1461896,106623,1,1,0
448408,106624,1,1,0
328168,106625,1,0,1
1559264,106626,1,0,1
6317240,106627,1,0,1
974560,106628,1,0,1
8103096,106629,1,1,0
989736,106630,1,1,0
4497600,106631,1,0,1
3143960,106632,1,0,1
3478624,106633,1,1,0
7409672,106634,1,1,0
4573824,106635,1,1,0
6672280,106636,1,1,0
4102504,106637,1,0,1
1608408,106638,1,1,0
7444672,106639,1,1,0
173936,106640,1,0,1
645952,106641,1,1,0
497072,106642,1,1,0
780856,106643,1,0,1
965776,106644,1,0,1
949328,106645,1,0,1
1613088,106646,1,0,1
3967840,106647,1,0,1
2008192,106648,1,1,0
1616640,106649,1,0,1
8073744,106650,1,1,0
982752,106651,1,0,1
3298248,106652,1,1,0
839152,106653,1,0,1
2171440,106654,1,1,0
3079840,106655,1,0,1
2012496,106656,1,0,1
5874912,106657,1,0,1
1056104,106658,1,0,1
315448,106659,1,1,0
2461856,106660,1,0,1
4154552,106661,1,1,0
6257456,106662,1,0,1
2022904,106663,1,1,0
742048,106664,1,0,1
7665112,106665,1,1,0
451248,106666,1,1,0
2273192,106667,1,1,0
4585160,106668,1,1,0
1280184,106669,1,1,0
8004184,106670,1,0,1
2948736,106671,1,0,1
1772832,106672,1,1,0
1462704,106673,1,0,1
4375520,106674,1,1,0
3532904,106675,1,0,1
1483992,106676,1,1,0
1672424,106677,1,0,1
160776,106678,1,1,0
1566752,106679,1,1,0
6926552,106680,1,1,0
493704,106681,1,1,0
7689784,106682,1,1,0
693144,106683,1,0,1
5828120,106684,1,0,1
1797640,106685,1,1,0
2794416,106686,1,0,1
2659672,106687,1,1,0
3308160,106688,1,1,0
2118424,106689,1,0,1
7702808,106690,1,1,0
857832,106691,1,1,0
2590096,106692,1,0,1
4199376,106693,1,1,0
1167864,106694,1,0,1
1070472,106695,1,0,1
1003944,106696,1,0,1
1169248,106697,1,1,0
3145840,106698,1,1,0
2958976,106699,1,0,1
229816,106700,1,1,0
229904,106701,1,1,0
3033984,106702,1,0,1
889616,106703,1,0,1
630336,106704,1,1,0
498800,106705,1,1,0
6237384,106706,1,1,0
162992,106707,1,0,1
4615568,106708,1,1,0
2178848,106709,1,1,0
7726168,106710,1,1,0
1183832,106711,1,1,0
1128128,106712,1,1,0
2179672,106713,1,0,1
1859600,106714,1,0,1
7100744,106715,1,0,1
4754360,106716,1,0,1
71200,106717,1,1,0
297936,106718,1,0,1
3575640,106719,1,1,0
2468624,106720,1,1,0
1589104,106721,1,0,1
6338592,106722,1,1,0
393712,106723,1,1,0
4374368,106724,1,1,0
3575088,106725,1,0,1
5886136,106726,1,0,1
1026928,106727,1,1,0
209712,106728,1,1,0
1268248,106729,1,0,1
5477112,106730,1,0,1
4163160,106731,1,0,1
4279512,106732,1,1,0
402576,106733,1,1,0
5123632,106734,1,1,0
992376,106735,1,1,0
3181656,106736,1,0,1
295456,106737,1,1,0
648408,106738,1,0,1
663080,106739,1,1,0
2974920,106740,1,1,0
4497776,106741,1,0,1
4140408,106742,1,1,0
850648,106743,1,0,1
3270456,106744,1,0,1
1482384,106745,1,1,0
8041864,106746,1,1,0
2886664,106747,1,0,1
5520448,106748,1,1,0
1182968,106749,1,1,0
648144,106750,1,1,0
3518864,106751,1,1,0
433848,106752,1,0,1
758096,106753,1,1,0
2654048,106754,1,0,1
7080128,106755,1,0,1
2100400,106756,1,1,0
98976,106757,1,1,0
3508512,106758,1,1,0
764384,106759,1,0,1
4212064,106760,1,0,1
6246672,106761,1,1,0
1600096,106762,1,0,1
6255992,106763,1,0,1
334352,106764,1,0,1
2153680,106765,1,1,0
6029336,106766,1,0,1
4485064,106767,1,1,0
5200640,106768,1,1,0
213072,106769,1,1,0
2638416,106770,1,0,1
440760,106771,1,1,0
6252512,106772,1,1,0
2414904,106773,1,1,0
2703448,106774,1,1,0
3530296,106775,1,0,1
2231544,106776,1,0,1
3161288,106777,1,0,1
597384,106778,1,1,0
457424,106779,1,1,0
502136,106780,1,0,1
4667720,106781,1,1,0
1271976,106782,1,0,1
987168,106783,1,0,1
675616,106784,1,1,0
5564912,106785,1,0,1
2956024,106786,1,1,0
2050040,106787,1,1,0
6435128,106788,1,0,1
549712,106789,1,1,0
1020624,106790,1,0,1
2823408,106791,1,1,0
3348984,106792,1,1,0
2323840,106793,1,1,0
2212224,106794,1,1,0
5691064,106795,1,1,0
5279368,106796,1,0,1
236728,106797,1,1,0
3773192,106798,1,0,1
1395216,106799,1,0,1
4120760,106800,1,1,0
597704,106801,1,0,1
6775744,106802,1,1,0
830160,106803,1,1,0
3540864,106804,1,0,1
3589688,106805,1,0,1
1132880,106806,1,0,1
1387960,106807,1,0,1
4187488,106808,1,1,0
241296,106809,1,0,1
1064240,106810,1,1,0
553192,106811,1,0,1
4081736,106812,1,0,1
4205720,106813,1,1,0
4944512,106814,1,1,0
1489496,106815,1,1,0
2060496,106816,1,0,1
6211248,106817,1,1,0
1058584,106818,1,1,0
1311920,106819,1,1,0
765472,106820,1,1,0
525368,106821,1,1,0
427184,106822,1,0,1
679392,106823,1,0,1
7324552,106824,1,1,0
4354232,106825,1,1,0
8201768,106826,1,0,1
2029240,106827,1,1,0
4482216,106828,1,1,0
2794080,106829,1,1,0
1626552,106830,1,0,1
3661032,106831,1,0,1
7530480,106832,1,0,1
7316976,106833,1,1,0
1620992,106834,1,0,1
650184,106835,1,0,1
850944,106836,1,1,0
4272864,106837,1,0,1
5471976,106838,1,0,1
459584,106839,1,1,0
708776,106840,1,0,1
145208,106841,1,1,0
3858352,106842,1,1,0
994088,106843,1,1,0
2884592,106844,1,1,0
746296,106845,1,0,1
1709648,106846,1,1,0
892808,106847,1,0,1
470296,106848,1,1,0
614152,106849,1,1,0
883592,106850,1,1,0
159400,106851,1,0,1
1115872,106852,1,0,1
1228200,106853,1,0,1
4348200,106854,1,1,0
2509520,106855,1,0,1
2944776,106856,1,0,1
8205312,106857,1,0,1
329008,106858,1,0,1
3702192,106859,1,0,1
5489208,106860,1,0,1
839112,106861,1,0,1
3463968,106862,1,1,0
5641816,106863,1,1,0
2980992,106864,1,1,0
366992,106865,1,0,1
4395864,106866,1,1,0
1719376,106867,1,0,1
1713224,106868,1,0,1
884480,106869,1,1,0
442328,106870,1,0,1
634384,106871,1,0,1
3527344,106872,1,1,0
7426544,106873,1,0,1
6863680,106874,1,0,1
2727512,106875,1,0,1
522480,106876,1,0,1
7068576,106877,1,0,1
257912,106878,1,1,0
5102576,106879,1,1,0
1053576,106880,1,0,1
169392,106881,1,1,0
4103464,106882,1,1,0
8004648,106883,1,0,1
1378832,106884,1,0,1
3339480,106885,1,1,0
2172864,106886,1,0,1
1531472,106887,1,0,1
788664,106888,1,0,1
5231600,106889,1,1,0
563000,106890,1,0,1
1754888,106891,1,0,1
7477368,106892,1,0,1
1936424,106893,1,0,1
4037520,106894,1,1,0
6260832,106895,1,0,1
1522496,106896,1,1,0
515768,106897,1,1,0
1644344,106898,1,0,1
5328560,106899,1,1,0
7133584,106900,1,0,1
2646168,106901,1,0,1
1968264,106902,1,1,0
917680,106903,1,0,1
3972440,106904,1,0,1
373184,106905,1,0,1
8325528,106906,1,0,1
8365176,106907,1,1,0
573888,106908,1,0,1
787280,106909,1,1,0
962152,106910,1,1,0
630496,106911,1,0,1
1673920,106912,1,0,1
4673952,106913,1,0,1
1844264,106914,1,1,0
651168,106915,1,1,0
4474160,106916,1,1,0
3916456,106917,1,0,1
2027136,106918,1,0,1
342392,106919,1,1,0
8115808,106920,1,0,1
4799120,106921,1,0,1
677056,106922,1,0,1
1354160,106923,1,1,0
1689816,106924,1,1,0
3600808,106925,1,0,1
599960,106926,1,0,1
3257832,106927,1,1,0
1807248,106928,1,0,1
328280,106929,1,0,1
3939160,106930,1,0,1
2275640,106931,1,1,0
847504,106932,1,0,1
3329000,106933,1,1,0
1050200,106934,1,1,0
673032,106935,1,1,0
639520,106936,1,1,0
3219872,106937,1,1,0
1119616,106938,1,0,1
4180000,106939,1,1,0
6081512,106940,1,1,0
6897256,106941,1,1,0
2053120,106942,1,1,0
7518712,106943,1,1,0
4258304,106944,1,1,0
7195720,106945,1,1,0
5533656,106946,1,1,0
957232,106947,1,0,1
4403328,106948,1,0,1
3264144,106949,1,0,1
6920672,106950,1,0,1
1371928,106951,1,1,0
221696,106952,1,0,1
3196424,106953,1,1,0
1483088,106954,1,0,1
912400,106955,1,0,1
5117160,106956,1,0,1
2053928,106957,1,1,0
1180320,106958,1,1,0
2606248,106959,1,1,0
6724888,106960,1,0,1
6877032,106961,1,1,0
7438088,106962,1,1,0
3166824,106963,1,0,1
287216,106964,1,1,0
132768,106965,1,1,0
2949256,106966,1,1,0
3011888,106967,1,0,1
1466224,106968,1,1,0
3444432,106969,1,0,1
459984,106970,1,0,1
4134192,106971,1,0,1
238336,106972,1,1,0
6340544,106973,1,0,1
4678432,106974,1,1,0
1690720,106975,1,1,0
1233976,106976,1,0,1
5414400,106977,1,0,1
2838648,106978,1,1,0
7860360,106979,1,1,0
3541968,106980,1,1,0
639088,106981,1,0,1
7794336,106982,1,0,1
6817216,106983,1,0,1
2841784,106984,1,1,0
246512,106985,1,0,1
1791496,106986,1,0,1
2259040,106987,1,0,1
452376,106988,1,0,1
161472,106989,1,0,1
3578952,106990,1,1,0
4977368,106991,1,1,0
2948968,106992,1,0,1
1698848,106993,1,0,1
938016,106994,1,1,0
719080,106995,1,0,1
805456,106996,1,0,1
3007128,106997,1,0,1
1010192,106998,1,1,0
2929320,106999,1,0,1
5693688,107000,1,1,0
2326744,107001,1,1,0
705648,107002,1,1,0
4077416,107003,1,0,1
544328,107004,1,1,0
1134456,107005,1,0,1
5091904,107006,1,1,0
4349760,107007,1,1,0
7349336,107008,1,0,1
2812312,107009,1,0,1
595456,107010,1,1,0
4158968,107011,1,1,0
1540912,107012,1,1,0
7942720,107013,1,0,1
1212888,107014,1,1,0
5673544,107015,1,0,1
1788320,107016,1,1,0
1326312,107017,1,1,0
4179520,107018,1,1,0
617624,107019,1,0,1
4619592,107020,1,0,1
571616,107021,1,1,0
5138584,107022,1,0,1
399912,107023,1,0,1
1753520,107024,1,0,1
2096824,107025,1,1,0
474296,107026,1,1,0
4071752,107027,1,1,0
6715952,107028,1,1,0
2508912,107029,1,0,1
7976904,107030,1,0,1
5466808,107031,1,1,0
5014288,107032,1,0,1
322344,107033,1,0,1
7439128,107034,1,1,0
1400728,107035,1,0,1
1119368,107036,1,1,0
6920392,107037,1,0,1
133312,107038,1,0,1
2504344,107039,1,0,1
4604384,107040,1,1,0
682464,107041,1,1,0
5790320,107042,1,1,0
2016296,107043,1,1,0
987408,107044,1,1,0
6181480,107045,1,0,1
1066976,107046,1,0,1
123528,107047,1,0,1
5327152,107048,1,1,0
281784,107049,1,1,0
3978712,107050,1,1,0
894848,107051,1,1,0
246768,107052,1,0,1
3798408,107053,1,1,0
3922712,107054,1,1,0
1168600,107055,1,0,1
2122872,107056,1,0,1
4090888,107057,1,1,0
1693480,107058,1,0,1
5523328,107059,1,0,1
5403168,107060,1,1,0
1585456,107061,1,1,0
8123680,107062,1,1,0
4027952,107063,1,1,0
2570504,107064,1,0,1
7539224,107065,1,0,1
1998056,107066,1,0,1
1277488,107067,1,0,1
1476112,107068,1,0,1
3014944,107069,1,1,0
722608,107070,1,1,0
6456104,107071,1,0,1
649008,107072,1,0,1
1531328,107073,1,0,1
4301096,107074,1,0,1
921744,107075,1,0,1
4777400,107076,1,0,1
5249416,107077,1,0,1
276864,107078,1,1,0
5155208,107079,1,0,1
3867008,107080,1,1,0
1080448,107081,1,1,0
4617720,107082,1,0,1
6632824,107083,1,0,1
2383992,107084,1,1,0
6732384,107085,1,1,0
1540784,107086,1,0,1
4689640,107087,1,1,0
1958920,107088,1,1,0
8015936,107089,1,1,0
333064,107090,1,0,1
2376888,107091,1,1,0
5851904,107092,1,0,1
3373472,107093,1,1,0
738512,107094,1,0,1
935424,107095,1,1,0
2343032,107096,1,0,1
278584,107097,1,1,0
6266880,107098,1,1,0
4927896,107099,1,0,1
3698776,107100,1,1,0
5937496,107101,1,0,1
8120056,107102,1,1,0
209552,107103,1,0,1
7197992,107104,1,1,0
5501440,107105,1,1,0
525312,107106,1,1,0
440696,107107,1,1,0
4750280,107108,1,0,1
8161384,107109,1,0,1
847368,107110,1,1,0
7612712,107111,1,1,0
4623224,107112,1,1,0
1664896,107113,1,0,1
3027056,107114,1,0,1
955040,107115,1,1,0
4736456,107116,1,0,1
1085096,107117,1,1,0
2176608,107118,1,1,0
1655472,107119,1,1,0
4347944,107120,1,0,1
1227672,107121,1,1,0
899736,107122,1,0,1
4025232,107123,1,0,1
562736,107124,1,1,0
2315888,107125,1,1,0
6871688,107126,1,1,0
2524304,107127,1,1,0
2139216,107128,1,0,1
2872440,107129,1,0,1
7037384,107130,1,0,1
4034392,107131,1,0,1
5040912,107132,1,0,1
7570464,107133,1,0,1
4389504,107134,1,0,1
4183792,107135,1,1,0
1422144,107136,1,0,1
623624,107137,1,0,1
1415864,107138,1,1,0
8304848,107139,1,1,0
2970232,107140,1,1,0
709632,107141,1,1,0
2822184,107142,1,0,1
4485848,107143,1,1,0
5524640,107144,1,1,0
6678512,107145,1,0,1
616920,107146,1,0,1
6124896,107147,1,1,0
533488,107148,1,0,1
228048,107149,1,1,0
1214480,107150,1,0,1
702832,107151,1,0,1
298264,107152,1,1,0
2561800,107153,1,1,0
3978720,107154,1,1,0
667352,107155,1,1,0
3051576,107156,1,1,0
1121840,107157,1,0,1
3291568,107158,1,0,1
7560752,107159,1,0,1
2693896,107160,1,0,1
4533136,107161,1,1,0
2988824,107162,1,0,1
5062776,107163,1,1,0
3643072,107164,1,0,1
4303768,107165,1,0,1
6211144,107166,1,1,0
1331808,107167,1,1,0
7620112,107168,1,0,1
2383152,107169,1,1,0
125904,107170,1,1,0
7188000,107171,1,0,1
528488,107172,1,1,0
149864,107173,1,0,1
4993592,107174,1,0,1
7876448,107175,1,0,1
1310040,107176,1,1,0
3878960,107177,1,0,1
6818664,107178,1,0,1
6868440,107179,1,0,1
1074472,107180,1,1,0
5195016,107181,1,1,0
5552872,107182,1,0,1
4195792,107183,1,0,1
6966240,107184,1,1,0
1515344,107185,1,0,1
739248,107186,1,0,1
903608,107187,1,1,0
3457056,107188,1,0,1
514544,107189,1,0,1
383408,107190,1,0,1
2859608,107191,1,1,0
1639912,107192,1,1,0
3437416,107193,1,0,1
1870096,107194,1,0,1
192136,107195,1,0,1
1003136,107196,1,1,0
180232,107197,1,0,1
5793240,107198,1,0,1
1069824,107199,1,1,0
2760928,107200,1,1,0
945928,107201,1,1,0
572568,107202,1,0,1
3889416,107203,1,0,1
1293432,107204,1,0,1
1590704,107205,1,1,0
5950416,107206,1,1,0
7471208,107207,1,1,0
1699880,107208,1,1,0
2415824,107209,1,1,0
2206344,107210,1,1,0
4154688,107211,1,1,0
7321672,107212,1,1,0
297352,107213,1,1,0
919064,107214,1,1,0
7034656,107215,1,1,0
419992,107216,1,0,1
851464,107217,1,0,1
1745224,107218,1,1,0
3089304,107219,1,0,1
6242768,107220,1,0,1
2232288,107221,1,1,0
7918160,107222,1,1,0
1131184,107223,1,0,1
5217480,107224,1,1,0
1547256,107225,1,0,1
114088,107226,1,0,1
6529256,107227,1,1,0
5388544,107228,1,1,0
588136,107229,1,1,0
3644040,107230,1,1,0
2845464,107231,1,0,1
2587320,107232,1,0,1
1263648,107233,1,1,0
4344504,107234,1,0,1
1578432,107235,1,1,0
1748656,107236,1,1,0
2545168,107237,1,0,1
6985680,107238,1,1,0
6932536,107239,1,0,1
3132632,107240,1,0,1
2733048,107241,1,0,1
1099912,107242,1,0,1
3769032,107243,1,1,0
266016,107244,1,1,0
5278520,107245,1,1,0
213672,107246,1,1,0
3374928,107247,1,1,0
403512,107248,1,0,1
1746888,107249,1,1,0
330992,107250,1,1,0
309688,107251,1,1,0
2534200,107252,1,0,1
8007216,107253,1,0,1
4583656,107254,1,1,0
1455640,107255,1,1,0
5319168,107256,1,1,0
285720,107257,1,1,0
2810616,107258,1,0,1
2529632,107259,1,0,1
2582080,107260,1,1,0
2720488,107261,1,0,1
6354040,107262,1,0,1
1775344,107263,1,0,1
7763816,107264,1,1,0
3098944,107265,1,0,1
2979904,107266,1,0,1
2003664,107267,1,1,0
6650792,107268,1,1,0
1543088,107269,1,1,0
1131592,107270,1,0,1
2469920,107271,1,1,0
5416888,107272,1,0,1
253768,107273,1,1,0
2786440,107274,1,1,0
7913712,107275,1,0,1
198096,107276,1,0,1
2321072,107277,1,0,1
626472,107278,1,0,1
7492456,107279,1,1,0
931176,107280,1,0,1
3869496,107281,1,0,1
1303800,107282,1,1,0
1117192,107283,1,0,1
6424904,107284,1,1,0
3656464,107285,1,0,1
574472,107286,1,1,0
4431736,107287,1,1,0
581416,107288,1,1,0
1982104,107289,1,1,0
268328,107290,1,1,0
877720,107291,1,1,0
1262904,107292,1,0,1
6236760,107293,1,0,1
1913304,107294,1,1,0
1791480,107295,1,0,1
3596224,107296,1,0,1
4985288,107297,1,0,1
3393920,107298,1,1,0
293512,107299,1,1,0
1587368,107300,1,0,1
730848,107301,1,1,0
7483016,107302,1,0,1
444944,107303,1,0,1
6389960,107304,1,1,0
7346904,107305,1,1,0
3026264,107306,1,0,1
2193488,107307,1,1,0
7055464,107308,1,0,1
976120,107309,1,1,0
1176296,107310,1,0,1
8131328,107311,1,1,0
697800,107312,1,0,1
2361944,107313,1,0,1
5726536,107314,1,0,1
367312,107315,1,0,1
266992,107316,1,0,1
4077216,107317,1,0,1
3392048,107318,1,0,1
4959776,107319,1,0,1
627320,107320,1,0,1
1991664,107321,1,1,0
1359048,107322,1,0,1
1426848,107323,1,1,0
1667872,107324,1,0,1
456000,107325,1,1,0
5416296,107326,1,1,0
634336,107327,1,1,0
6140952,107328,1,0,1
594584,107329,1,0,1
3445568,107330,1,1,0
6774656,107331,1,0,1
188888,107332,1,0,1
7937064,107333,1,0,1
526528,107334,1,0,1
2331032,107335,1,1,0
2585240,107336,1,1,0
5109760,107337,1,0,1
3935560,107338,1,0,1
3733280,107339,1,1,0
6196672,107340,1,1,0
820728,107341,1,1,0
4394832,107342,1,0,1
2975288,107343,1,1,0
1549560,107344,1,1,0
3650928,107345,1,1,0
7263176,107346,1,0,1
942720,107347,1,0,1
295968,107348,1,0,1
828752,107349,1,0,1
315168,107350,1,0,1
300208,107351,1,0,1
5513912,107352,1,0,1
7973496,107353,1,0,1
1876896,107354,1,1,0
4695264,107355,1,1,0
1936048,107356,1,1,0
984576,107357,1,1,0
3788592,107358,1,0,1
1251616,107359,1,0,1
7734160,107360,1,0,1
1345208,107361,1,1,0
5242568,107362,1,1,0
2548608,107363,1,0,1
2813144,107364,1,0,1
5115784,107365,1,0,1
6255720,107366,1,0,1
1421144,107367,1,1,0
7945416,107368,1,0,1
185744,107369,1,1,0
3713240,107370,1,0,1
5971872,107371,1,1,0
228536,107372,1,1,0
5575424,107373,1,1,0
7533672,107374,1,1,0
4714384,107375,1,1,0
4027160,107376,1,1,0
3654048,107377,1,0,1
1522152,107378,1,0,1
3596960,107379,1,0,1
3048448,107380,1,0,1
447224,107381,1,0,1
1944832,107382,1,1,0
1704384,107383,1,0,1
1316904,107384,1,0,1
231584,107385,1,1,0
1823176,107386,1,0,1
2467496,107387,1,0,1
714336,107388,1,0,1
1866896,107389,1,1,0
8118384,107390,1,1,0
6113960,107391,1,0,1
1431280,107392,1,0,1
2524712,107393,1,0,1
6788696,107394,1,0,1
951168,107395,1,0,1
2383768,107396,1,1,0
1057952,107397,1,1,0
6028688,107398,1,0,1
2714232,107399,1,0,1
170576,107400,1,0,1
1555776,107401,1,1,0
1863664,107402,1,1,0
3068992,107403,1,1,0
879544,107404,1,1,0
225152,107405,1,0,1
2686328,107406,1,0,1
5041264,107407,1,0,1
3649096,107408,1,0,1
5648440,107409,1,0,1
559520,107410,1,1,0
1157856,107411,1,0,1
3752224,107412,1,1,0
1213072,107413,1,1,0
579640,107414,1,0,1
4461064,107415,1,0,1
1926040,107416,1,0,1
7825328,107417,1,1,0
3709992,107418,1,1,0
6878736,107419,1,1,0
3186808,107420,1,1,0
6149384,107421,1,0,1
2365976,107422,1,0,1
1791248,107423,1,0,1
775040,107424,1,0,1
8376080,107425,1,1,0
841728,107426,1,1,0
1235536,107427,1,0,1
1808352,107428,1,1,0
3444224,107429,1,0,1
2538968,107430,1,0,1
1710688,107431,1,1,0
584016,107432,1,0,1
763560,107433,1,1,0
4310944,107434,1,0,1
6232960,107435,1,0,1
2780352,107436,1,1,0
907152,107437,1,0,1
2115952,107438,1,1,0
3622912,107439,1,0,1
6942880,107440,1,1,0
5780824,107441,1,1,0
424104,107442,1,1,0
4063688,107443,1,0,1
5683920,107444,1,0,1
2061112,107445,1,1,0
1481504,107446,1,0,1
3513624,107447,1,0,1
6656104,107448,1,0,1
6449856,107449,1,0,1
5799872,107450,1,0,1
4774432,107451,1,0,1
5540112,107452,1,0,1
1148976,107453,1,0,1
2538168,107454,1,1,0
5077928,107455,1,0,1
8008648,107456,1,0,1
6841808,107457,1,1,0
758720,107458,1,0,1
4472032,107459,1,1,0
2276704,107460,1,1,0
3320672,107461,1,0,1
678832,107462,1,1,0
1425888,107463,1,1,0
4962696,107464,1,1,0
283920,107465,1,0,1
2219088,107466,1,0,1
925248,107467,1,1,0
3224664,107468,1,0,1
714800,107469,1,1,0
7841592,107470,1,1,0
505744,107471,1,0,1
520960,107472,1,0,1
304720,107473,1,1,0
6417712,107474,1,0,1
7563064,107475,1,0,1
7809672,107476,1,1,0
4661920,107477,1,0,1
2667360,107478,1,1,0
6669824,107479,1,1,0
784928,107480,1,1,0
4661808,107481,1,0,1
1675712,107482,1,1,0
6193544,107483,1,0,1
295576,107484,1,0,1
321296,107485,1,1,0
936232,107486,1,1,0
4161072,107487,1,0,1
3221624,107488,1,0,1
7491664,107489,1,1,0
738504,107490,1,1,0
3825576,107491,1,1,0
5385032,107492,1,0,1
388328,107493,1,1,0
1525056,107494,1,0,1
587440,107495,1,1,0
2304288,107496,1,1,0
4094176,107497,1,1,0
5562328,107498,1,0,1
4083016,107499,1,1,0
403912,107500,1,0,1
4061160,107501,1,1,0
302824,107502,1,1,0
4864936,107503,1,1,0
1687792,107504,1,0,1
1938408,107505,1,1,0
1594848,107506,1,0,1
1837288,107507,1,0,1
933080,107508,1,0,1
3110256,107509,1,1,0
4271184,107510,1,1,0
580008,107511,1,0,1
2853232,107512,1,0,1
555080,107513,1,1,0
2210352,107514,1,1,0
1887824,107515,1,0,1
1384416,107516,1,1,0
3978400,107517,1,0,1
4983568,107518,1,1,0
2725288,107519,1,1,0
3785192,107520,1,0,1
2388560,107521,1,1,0
3449080,107522,1,1,0
6765344,107523,1,1,0
179904,107524,1,1,0
366064,107525,1,0,1
2902904,107526,1,1,0
243800,107527,1,1,0
7914552,107528,1,1,0
436936,107529,1,0,1
4629408,107530,1,0,1
2210864,107531,1,0,1
3246168,107532,1,0,1
873016,107533,1,1,0
328648,107534,1,1,0
1480440,107535,1,0,1
3176696,107536,1,1,0
1792424,107537,1,1,0
131256,107538,1,1,0
6584176,107539,1,0,1
1786016,107540,1,1,0
189416,107541,1,1,0
7322496,107542,1,1,0
5901440,107543,1,1,0
4506464,107544,1,1,0
1875560,107545,1,1,0
1158144,107546,1,1,0
2319104,107547,1,0,1
238256,107548,1,0,1
3393600,107549,1,1,0
1123928,107550,1,1,0
1068504,107551,1,0,1
6400896,107552,1,1,0
359464,107553,1,0,1
1857024,107554,1,0,1
318568,107555,1,0,1
1106720,107556,1,1,0
3024152,107557,1,1,0
1660016,107558,1,1,0
5679848,107559,1,1,0
1335944,107560,1,1,0
984296,107561,1,0,1
823872,107562,1,1,0
851112,107563,1,0,1
1091976,107564,1,0,1
1904992,107565,1,1,0
1392840,107566,1,0,1
2208008,107567,1,1,0
456032,107568,1,1,0
1452216,107569,1,1,0
1643576,107570,1,1,0
3423408,107571,1,1,0
936928,107572,1,0,1
1281984,107573,1,1,0
1407832,107574,1,1,0
574368,107575,1,0,1
4199752,107576,1,1,0
2424536,107577,1,0,1
1778704,107578,1,0,1
7583408,107579,1,1,0
1423000,107580,1,0,1
1920656,107581,1,1,0
7644704,107582,1,1,0
7739280,107583,1,1,0
994984,107584,1,1,0
2032800,107585,1,1,0
624576,107586,1,1,0
723968,107587,1,0,1
1771408,107588,1,0,1
827904,107589,1,0,1
7376328,107590,1,0,1
7759640,107591,1,0,1
1975072,107592,1,0,1
5047776,107593,1,1,0
2548032,107594,1,1,0
1236864,107595,1,1,0
643128,107596,1,0,1
2215008,107597,1,1,0
3137280,107598,1,1,0
4837104,107599,1,0,1
702016,107600,1,1,0
2030400,107601,1,1,0
127040,107602,1,0,1
1505880,107603,1,0,1
2112944,107604,1,0,1
615872,107605,1,1,0
747832,107606,1,0,1
7373192,107607,1,0,1
2358760,107608,1,0,1
3873576,107609,1,1,0
1369560,107610,1,1,0
3798960,107611,1,0,1
5036832,107612,1,0,1
1780224,107613,1,0,1
7266864,107614,1,1,0
4164176,107615,1,0,1
5348888,107616,1,0,1
7648376,107617,1,0,1
1368864,107618,1,1,0
340400,107619,1,1,0
4652448,107620,1,0,1
1591200,107621,1,0,1
2959808,107622,1,0,1
1423200,107623,1,1,0
2507352,107624,1,1,0
7454128,107625,1,1,0
635208,107626,1,1,0
5488800,107627,1,0,1
341848,107628,1,1,0
951224,107629,1,0,1
321840,107630,1,0,1
238656,107631,1,0,1
791136,107632,1,1,0
2774072,107633,1,1,0
338680,107634,1,0,1
443008,107635,1,0,1
3217504,107636,1,0,1
8221536,107637,1,0,1
6536472,107638,1,0,1
1545472,107639,1,0,1
2095128,107640,1,0,1
534216,107641,1,0,1
89384,107642,1,0,1
2825512,107643,1,0,1
320960,107644,1,0,1
303360,107645,1,1,0
4764352,107646,1,1,0
8114384,107647,1,1,0
1867264,107648,1,0,1
831240,107649,1,1,0
2024928,107650,1,1,0
1194896,107651,1,0,1
1907400,107652,1,0,1
323904,107653,1,1,0
868816,107654,1,1,0
587040,107655,1,1,0
508488,107656,1,1,0
1868152,107657,1,1,0
833208,107658,1,1,0
2727656,107659,1,0,1
741112,107660,1,0,1
301872,107661,1,0,1
1619384,107662,1,1,0
741232,107663,1,1,0
1218304,107664,1,1,0
3697608,107665,1,0,1
323976,107666,1,1,0
2481504,107667,1,1,0
907368,107668,1,1,0
5859360,107669,1,0,1
3915656,107670,1,1,0
5203560,107671,1,1,0
1517696,107672,1,1,0
944088,107673,1,0,1
4009896,107674,1,0,1
7420552,107675,1,1,0
926840,107676,1,1,0
318096,107677,1,0,1
3677792,107678,1,1,0
5251128,107679,1,0,1
5471008,107680,1,1,0
3251224,107681,1,1,0
3609528,107682,1,0,1
4342024,107683,1,0,1
1080640,107684,1,1,0
4443576,107685,1,0,1
258768,107686,1,1,0
1326456,107687,1,1,0
4802232,107688,1,0,1
628408,107689,1,0,1
7135040,107690,1,1,0
3682336,107691,1,0,1
4539520,107692,1,1,0
3950448,107693,1,0,1
680416,107694,1,0,1
2603648,107695,1,1,0
986928,107696,1,0,1
997456,107697,1,0,1
1027104,107698,1,0,1
1974816,107699,1,1,0
4830200,107700,1,1,0
154096,107701,1,0,1
3125888,107702,1,1,0
1872672,107703,1,1,0
4181352,107704,1,1,0
3404784,107705,1,1,0
6975592,107706,1,1,0
5861712,107707,1,1,0
5920800,107708,1,0,1
1593736,107709,1,1,0
5505312,107710,1,1,0
459936,107711,1,0,1
5544752,107712,1,0,1
3494456,107713,1,0,1
1274992,107714,1,0,1
212032,107715,1,0,1
293224,107716,1,0,1
4564272,107717,1,0,1
560168,107718,1,0,1
1266240,107719,1,1,0
3548128,107720,1,0,1
6064504,107721,1,0,1
1306784,107722,1,1,0
2143040,107723,1,1,0
2747456,107724,1,0,1
563072,107725,1,0,1
4628672,107726,1,0,1
2867616,107727,1,1,0
697728,107728,1,1,0
5098912,107729,1,0,1
2867264,107730,1,1,0
2174648,107731,1,1,0
883016,107732,1,1,0
921288,107733,1,1,0
3457496,107734,1,0,1
1051568,107735,1,1,0
1431944,107736,1,1,0
8115552,107737,1,0,1
3136280,107738,1,1,0
3428496,107739,1,0,1
6949016,107740,1,0,1
2895944,107741,1,1,0
5948760,107742,1,1,0
792728,107743,1,0,1
714792,107744,1,0,1
2097880,107745,1,0,1
599176,107746,1,1,0
2693720,107747,1,1,0
595200,107748,1,1,0
2468744,107749,1,0,1
2902360,107750,1,1,0
1734224,107751,1,1,0
3531224,107752,1,0,1
5509680,107753,1,1,0
3732936,107754,1,0,1
6679528,107755,1,1,0
3038912,107756,1,1,0
6602280,107757,1,0,1
536624,107758,1,0,1
6733488,107759,1,1,0
2093464,107760,1,0,1
7095792,107761,1,1,0
242024,107762,1,0,1
653464,107763,1,0,1
6611112,107764,1,0,1
3718888,107765,1,1,0
197904,107766,1,0,1
5003088,107767,1,1,0
4100896,107768,1,1,0
452840,107769,1,0,1
531760,107770,1,1,0
1504392,107771,1,1,0
578568,107772,1,0,1
5808264,107773,1,1,0
7730976,107774,1,1,0
4440216,107775,1,0,1
693456,107776,1,1,0
1472704,107777,1,1,0
3286832,107778,1,0,1
4095344,107779,1,0,1
273608,107780,1,1,0
854248,107781,1,1,0
514024,107782,1,0,1
202264,107783,1,0,1
395112,107784,1,1,0
1116440,107785,1,0,1
2176184,107786,1,0,1
4944360,107787,1,0,1
2675744,107788,1,1,0
4257840,107789,1,0,1
3892896,107790,1,0,1
5298896,107791,1,1,0
803400,107792,1,1,0
2287680,107793,1,1,0
430656,107794,1,0,1
979416,107795,1,0,1
1512648,107796,1,0,1
542096,107797,1,1,0
2479872,107798,1,1,0
6425712,107799,1,0,1
1133064,107800,1,1,0
3348864,107801,1,0,1
7883680,107802,1,0,1
4736384,107803,1,1,0
2476488,107804,1,0,1
163584,107805,1,1,0
170472,107806,1,0,1
5120024,107807,1,0,1
1991536,107808,1,1,0
725048,107809,1,0,1
4268152,107810,1,0,1
916488,107811,1,0,1
2492992,107812,1,0,1
982576,107813,1,0,1
337208,107814,1,1,0
2059784,107815,1,0,1
1909080,107816,1,1,0
776872,107817,1,0,1
472208,107818,1,0,1
628696,107819,1,0,1
3677840,107820,1,1,0
6850736,107821,1,0,1
787928,107822,1,1,0
108576,107823,1,1,0
5500848,107824,1,1,0
789216,107825,1,0,1
1742432,107826,1,0,1
4449936,107827,1,1,0
4932832,107828,1,0,1
786928,107829,1,1,0
1238456,107830,1,1,0
3420312,107831,1,1,0
1604048,107832,1,1,0
856880,107833,1,1,0
2732080,107834,1,0,1
1129040,107835,1,0,1
653224,107836,1,0,1
261744,107837,1,0,1
971304,107838,1,0,1
2787880,107839,1,1,0
5688560,107840,1,0,1
601672,107841,1,0,1
1671168,107842,1,0,1
979784,107843,1,1,0
1135864,107844,1,0,1
7953368,107845,1,1,0
3012912,107846,1,1,0
270560,107847,1,1,0
5165864,107848,1,0,1
7649320,107849,1,0,1
5565296,107850,1,1,0
1277936,107851,1,1,0
1291352,107852,1,1,0
3545504,107853,1,1,0
3216808,107854,1,0,1
5561680,107855,1,0,1
303040,107856,1,1,0
2055752,107857,1,1,0
8037880,107858,1,1,0
6597944,107859,1,1,0
2319312,107860,1,1,0
2220888,107861,1,1,0
5781984,107862,1,0,1
1244888,107863,1,0,1
1277144,107864,1,0,1
539488,107865,1,0,1
3273024,107866,1,0,1
545304,107867,1,1,0
1991768,107868,1,0,1
4287256,107869,1,1,0
1320816,107870,1,0,1
3124752,107871,1,1,0
480680,107872,1,0,1
2044248,107873,1,0,1
1344688,107874,1,1,0
2962712,107875,1,0,1
3124832,107876,1,1,0
2711048,107877,1,0,1
5829032,107878,1,0,1
866048,107879,1,0,1
1244520,107880,1,1,0
2065928,107881,1,0,1
3740000,107882,1,1,0
1711208,107883,1,0,1
1446536,107884,1,1,0
1639816,107885,1,0,1
3880104,107886,1,0,1
5299248,107887,1,0,1
2428752,107888,1,1,0
632640,107889,1,0,1
8277344,107890,1,0,1
6736296,107891,1,1,0
6680448,107892,1,1,0
293184,107893,1,1,0
2971872,107894,1,1,0
2513232,107895,1,0,1
281896,107896,1,1,0
2748528,107897,1,0,1
1882080,107898,1,0,1
821936,107899,1,0,1
5096944,107900,1,1,0
2481920,107901,1,1,0
3405208,107902,1,1,0
1162152,107903,1,0,1
4636488,107904,1,0,1
1943720,107905,1,1,0
503640,107906,1,0,1
79616,107907,1,0,1
6042912,107908,1,1,0
938504,107909,1,0,1
2101664,107910,1,1,0
3248256,107911,1,0,1
864552,107912,1,1,0
1926032,107913,1,1,0
2141048,107914,1,0,1
980392,107915,1,0,1
3395576,107916,1,0,1
892720,107917,1,0,1
1496824,107918,1,0,1
287456,107919,1,0,1
460096,107920,1,1,0
322128,107921,1,0,1
3220656,107922,1,1,0
2923144,107923,1,0,1
6810008,107924,1,1,0
4914704,107925,1,0,1
5194648,107926,1,1,0
188544,107927,1,1,0
1573800,107928,1,0,1
3041456,107929,1,0,1
6407112,107930,1,1,0
304048,107931,1,1,0
6745936,107932,1,0,1
6630728,107933,1,1,0
8042376,107934,1,1,0
2455840,107935,1,1,0
5372320,107936,1,1,0
1071008,107937,1,0,1
339744,107938,1,1,0
8338632,107939,1,0,1
3070960,107940,1,1,0
1079408,107941,1,0,1
1269056,107942,1,1,0
7712848,107943,1,0,1
397264,107944,1,0,1
2257904,107945,1,1,0
550272,107946,1,1,0
6341248,107947,1,1,0
5543584,107948,1,1,0
8145664,107949,1,1,0
1111224,107950,1,0,1
1183152,107951,1,0,1
865784,107952,1,0,1
2084128,107953,1,0,1
1146888,107954,1,0,1
365248,107955,1,1,0
749248,107956,1,1,0
6823112,107957,1,0,1
1234048,107958,1,1,0
3325376,107959,1,0,1
7809304,107960,1,0,1
698824,107961,1,0,1
2103624,107962,1,1,0
4765976,107963,1,0,1
1434088,107964,1,0,1
1055944,107965,1,1,0
1668352,107966,1,1,0
5213424,107967,1,0,1
2155728,107968,1,1,0
2532944,107969,1,0,1
1384848,107970,1,1,0
6781744,107971,1,1,0
3398656,107972,1,1,0
382104,107973,1,0,1
2676296,107974,1,0,1
2274784,107975,1,1,0
232800,107976,1,0,1
1885912,107977,1,0,1
1174008,107978,1,1,0
6111088,107979,1,0,1
2318440,107980,1,0,1
232264,107981,1,0,1
4575200,107982,1,1,0
680712,107983,1,1,0
1653224,107984,1,0,1
2600216,107985,1,1,0
6608904,107986,1,1,0
3155328,107987,1,0,1
3667392,107988,1,1,0
6183192,107989,1,1,0
1092040,107990,1,0,1
2103504,107991,1,1,0
5438232,107992,1,1,0
4615800,107993,1,1,0
7088672,107994,1,0,1
5522672,107995,1,0,1
2604888,107996,1,0,1
1970680,107997,1,1,0
6478632,107998,1,1,0
4401056,107999,1,1,0
7894632,108000,1,1,0
1153904,108001,1,0,1
1572984,108002,1,0,1
548496,108003,1,0,1
176920,108004,1,0,1
1253120,108005,1,0,1
1632176,108006,1,0,1
1012056,108007,1,0,1
6022088,108008,1,1,0
1265656,108009,1,1,0
7210376,108010,1,0,1
8082296,108011,1,0,1
727952,108012,1,0,1
559704,108013,1,1,0
6033272,108014,1,0,1
7254872,108015,1,0,1
2854072,108016,1,1,0
2271680,108017,1,1,0
6291248,108018,1,1,0
1983824,108019,1,1,0
304184,108020,1,1,0
172336,108021,1,0,1
1191520,108022,1,0,1
2933488,108023,1,1,0
1015112,108024,1,1,0
461056,108025,1,0,1
930496,108026,1,1,0
2479216,108027,1,1,0
7648992,108028,1,1,0
102616,108029,1,1,0
5147912,108030,1,1,0
3300208,108031,1,0,1
3375976,108032,1,0,1
196448,108033,1,0,1
2182832,108034,1,0,1
7148392,108035,1,0,1
598576,108036,1,0,1
312368,108037,1,1,0
4480416,108038,1,1,0
3364832,108039,1,1,0
2046064,108040,1,1,0
1633528,108041,1,1,0
2761248,108042,1,1,0
3377560,108043,1,1,0
880984,108044,1,1,0
380568,108045,1,1,0
3699912,108046,1,0,1
1700344,108047,1,0,1
7500632,108048,1,0,1
4735544,108049,1,0,1
1192656,108050,1,1,0
2004952,108051,1,1,0
6999160,108052,1,0,1
311088,108053,1,0,1
3761200,108054,1,0,1
3331584,108055,1,0,1
3045272,108056,1,0,1
3048784,108057,1,0,1
6286096,108058,1,0,1
3301536,108059,1,1,0
348592,108060,1,1,0
526792,108061,1,1,0
1913856,108062,1,1,0
8264024,108063,1,0,1
1236976,108064,1,1,0
2900416,108065,1,1,0
3160256,108066,1,1,0
659608,108067,1,0,1
1569984,108068,1,0,1
3253968,108069,1,1,0
1103848,108070,1,1,0
6736904,108071,1,0,1
1448408,108072,1,0,1
1464480,108073,1,1,0
1343944,108074,1,1,0
7318656,108075,1,0,1
8142832,108076,1,0,1
526648,108077,1,1,0
1852688,108078,1,0,1
7127896,108079,1,0,1
4476480,108080,1,0,1
7104496,108081,1,1,0
6978128,108082,1,1,0
7676736,108083,1,1,0
6639184,108084,1,1,0
6722528,108085,1,1,0
1709600,108086,1,0,1
7588048,108087,1,0,1
2482984,108088,1,1,0
4047552,108089,1,0,1
3968392,108090,1,0,1
6215984,108091,1,0,1
2826496,108092,1,0,1
3119664,108093,1,0,1
5176696,108094,1,0,1
1383928,108095,1,1,0
5434704,108096,1,1,0
2674760,108097,1,1,0
3059144,108098,1,1,0
2608904,108099,1,1,0
2313152,108100,1,0,1
433824,108101,1,0,1
624240,108102,1,0,1
1121224,108103,1,0,1
2059352,108104,1,0,1
426824,108105,1,0,1
1426912,108106,1,1,0
2887056,108107,1,1,0
1464928,108108,1,1,0
4483840,108109,1,0,1
3053488,108110,1,0,1
1685232,108111,1,0,1
1068672,108112,1,1,0
1364184,108113,1,1,0
1406768,108114,1,0,1
2109536,108115,1,1,0
927144,108116,1,1,0
2176088,108117,1,0,1
2954120,108118,1,0,1
1383160,108119,1,1,0
6306624,108120,1,0,1
458424,108121,1,1,0
8054384,108122,1,1,0
6014496,108123,1,1,0
3722408,108124,1,0,1
7915336,108125,1,0,1
4156032,108126,1,0,1
1550320,108127,1,1,0
3809024,108128,1,0,1
628976,108129,1,0,1
152008,108130,1,0,1
8229960,108131,1,1,0
580184,108132,1,0,1
914904,108133,1,1,0
453032,108134,1,1,0
2058392,108135,1,0,1
870936,108136,1,1,0
2121752,108137,1,1,0
1514112,108138,1,0,1
414856,108139,1,1,0
4491160,108140,1,1,0
2156280,108141,1,0,1
237728,108142,1,1,0
243112,108143,1,1,0
3375848,108144,1,1,0
724752,108145,1,1,0
388000,108146,1,0,1
489712,108147,1,1,0
812920,108148,1,1,0
4131032,108149,1,1,0
711704,108150,1,0,1
4250672,108151,1,0,1
3590384,108152,1,1,0
5867432,108153,1,1,0
5336792,108154,1,1,0
3073008,108155,1,1,0
4424008,108156,1,0,1
207584,108157,1,1,0
3294136,108158,1,1,0
2471984,108159,1,0,1
1603720,108160,1,1,0
7278432,108161,1,0,1
767080,108162,1,0,1
5740232,108163,1,1,0
696064,108164,1,1,0
935064,108165,1,0,1
6146408,108166,1,0,1
798256,108167,1,1,0
1751328,108168,1,1,0
930704,108169,1,1,0
1180104,108170,1,1,0
865440,108171,1,0,1
891256,108172,1,0,1
2704136,108173,1,0,1
1684544,108174,1,0,1
4708912,108175,1,1,0
580680,108176,1,0,1
421896,108177,1,0,1
3282464,108178,1,1,0
2511664,108179,1,0,1
451392,108180,1,1,0
4306200,108181,1,0,1
4824048,108182,1,1,0
6380224,108183,1,0,1
1450104,108184,1,0,1
7230192,108185,1,1,0
323032,108186,1,0,1
8273776,108187,1,0,1
1227288,108188,1,1,0
5686224,108189,1,1,0
1184208,108190,1,0,1
2371088,108191,1,1,0
617160,108192,1,1,0
2083072,108193,1,1,0
1654424,108194,1,0,1
1454344,108195,1,0,1
3328040,108196,1,1,0
6230392,108197,1,0,1
1461000,108198,1,1,0
978320,108199,1,0,1
2125040,108200,1,1,0
1128688,108201,1,1,0
1154760,108202,1,1,0
2914448,108203,1,0,1
2423296,108204,1,1,0
1996872,108205,1,1,0
2976920,108206,1,0,1
298560,108207,1,0,1
467728,108208,1,0,1
454616,108209,1,1,0
6842808,108210,1,0,1
3384392,108211,1,0,1
1442472,108212,1,0,1
3925176,108213,1,0,1
2735896,108214,1,1,0
7513000,108215,1,0,1
3575264,108216,1,0,1
1343176,108217,1,0,1
1248432,108218,1,0,1
1954232,108219,1,0,1
186744,108220,1,1,0
2130976,108221,1,1,0
1155880,108222,1,1,0
5811136,108223,1,0,1
2545424,108224,1,0,1
2076616,108225,1,0,1
2089816,108226,1,1,0
544648,108227,1,0,1
2725256,108228,1,1,0
2862096,108229,1,0,1
849504,108230,1,1,0
1956536,108231,1,0,1
1924336,108232,1,1,0
1345960,108233,1,0,1
6524512,108234,1,1,0
420480,108235,1,1,0
1360952,108236,1,0,1
638152,108237,1,0,1
1655168,108238,1,0,1
763496,108239,1,0,1
996464,108240,1,0,1
510848,108241,1,0,1
339144,108242,1,1,0
1428920,108243,1,0,1
2434056,108244,1,0,1
1483480,108245,1,1,0
3346688,108246,1,0,1
1667064,108247,1,1,0
3045880,108248,1,1,0
4522976,108249,1,0,1
624304,108250,1,1,0
3561080,108251,1,0,1
4140768,108252,1,0,1
1366032,108253,1,1,0
276912,108254,1,1,0
675728,108255,1,0,1
5760328,108256,1,0,1
272656,108257,1,1,0
3216744,108258,1,1,0
2659584,108259,1,1,0
6039040,108260,1,0,1
3176008,108261,1,1,0
1931792,108262,1,1,0
3603384,108263,1,0,1
1680256,108264,1,0,1
1165088,108265,1,0,1
1117960,108266,1,1,0
1583384,108267,1,1,0
4038664,108268,1,1,0
6359760,108269,1,0,1
1664376,108270,1,0,1
758656,108271,1,1,0
946456,108272,1,1,0
4426352,108273,1,1,0
4706344,108274,1,0,1
561680,108275,1,0,1
6504240,108276,1,1,0
2309448,108277,1,1,0
4972864,108278,1,0,1
3875456,108279,1,0,1
732736,108280,1,0,1
7380768,108281,1,0,1
785280,108282,1,0,1
485944,108283,1,0,1
343968,108284,1,0,1
6391792,108285,1,1,0
1237448,108286,1,0,1
7438864,108287,1,0,1
3355496,108288,1,0,1
723952,108289,1,1,0
6747272,108290,1,1,0
351016,108291,1,1,0
2154032,108292,1,0,1
2971888,108293,1,1,0
7389736,108294,1,1,0
453920,108295,1,1,0
1456432,108296,1,1,0
871624,108297,1,0,1
4953216,108298,1,0,1
5878344,108299,1,0,1
6356344,108300,1,1,0
1272968,108301,1,1,0
6910664,108302,1,1,0
2828544,108303,1,0,1
483456,108304,1,0,1
2536040,108305,1,0,1
1551024,108306,1,1,0
714016,108307,1,0,1
1847408,108308,1,1,0
3105088,108309,1,1,0
946104,108310,1,1,0
887600,108311,1,1,0
1527504,108312,1,0,1
91672,108313,1,0,1
3325960,108314,1,0,1
5633592,108315,1,0,1
412536,108316,1,0,1
6274056,108317,1,0,1
207640,108318,1,0,1
3670872,108319,1,1,0
3799880,108320,1,0,1
1153424,108321,1,1,0
5297488,108322,1,0,1
787760,108323,1,1,0
4022320,108324,1,0,1
1579696,108325,1,1,0
4687032,108326,1,0,1
7461384,108327,1,0,1
2741768,108328,1,1,0
992528,108329,1,0,1
3558008,108330,1,1,0
1445408,108331,1,1,0
5413216,108332,1,1,0
859528,108333,1,0,1
672960,108334,1,0,1
1106792,108335,1,0,1
2887072,108336,1,1,0
4096344,108337,1,0,1
601384,108338,1,1,0
2721296,108339,1,1,0
950920,108340,1,0,1
114696,108341,1,0,1
476040,108342,1,1,0
619176,108343,1,1,0
407056,108344,1,0,1
2376792,108345,1,0,1
648904,108346,1,0,1
686696,108347,1,0,1
1095880,108348,1,1,0
5941040,108349,1,0,1
4442616,108350,1,0,1
371976,108351,1,1,0
961576,108352,1,1,0
2347312,108353,1,0,1
5406984,108354,1,0,1
1953280,108355,1,0,1
7051704,108356,1,0,1
3573880,108357,1,0,1
7783320,108358,1,1,0
4955736,108359,1,1,0
5150224,108360,1,0,1
2618728,108361,1,1,0
2832904,108362,1,0,1
5502736,108363,1,1,0
6895560,108364,1,1,0
6732968,108365,1,0,1
624784,108366,1,0,1
5947248,108367,1,0,1
5381680,108368,1,1,0
327736,108369,1,1,0
1222144,108370,1,1,0
769360,108371,1,1,0
5314968,108372,1,1,0
1256168,108373,1,1,0
6368552,108374,1,1,0
4648920,108375,1,0,1
1206376,108376,1,1,0
2694360,108377,1,0,1
6206536,108378,1,0,1
428040,108379,1,1,0
7645560,108380,1,1,0
3820592,108381,1,0,1
108400,108382,1,0,1
388384,108383,1,1,0
3509264,108384,1,0,1
4729808,108385,1,0,1
862472,108386,1,0,1
1704168,108387,1,1,0
4164168,108388,1,0,1
3475016,108389,1,1,0
7494056,108390,1,0,1
378704,108391,1,0,1
7274192,108392,1,0,1
1650080,108393,1,0,1
2220792,108394,1,1,0
2098328,108395,1,0,1
2323632,108396,1,1,0
296400,108397,1,1,0
5562616,108398,1,0,1
394328,108399,1,1,0
2326416,108400,1,0,1
731968,108401,1,1,0
2833872,108402,1,0,1
647768,108403,1,0,1
2243368,108404,1,0,1
1256384,108405,1,1,0
1963736,108406,1,0,1
455920,108407,1,1,0
632680,108408,1,1,0
6650664,108409,1,0,1
461352,108410,1,0,1
325712,108411,1,0,1
1009848,108412,1,1,0
3914368,108413,1,0,1
682432,108414,1,0,1
5717728,108415,1,1,0
3125512,108416,1,0,1
5995000,108417,1,0,1
5242248,108418,1,0,1
1148024,108419,1,1,0
5576144,108420,1,1,0
545944,108421,1,0,1
915256,108422,1,1,0
2760840,108423,1,1,0
5977208,108424,1,1,0
6406520,108425,1,0,1
2477680,108426,1,1,0
5255216,108427,1,0,1
508088,108428,1,1,0
5705464,108429,1,1,0
7202864,108430,1,0,1
2254944,108431,1,1,0
2483248,108432,1,1,0
277992,108433,1,1,0
5504704,108434,1,1,0
2007544,108435,1,0,1
5353584,108436,1,1,0
418696,108437,1,1,0
327248,108438,1,0,1
7556376,108439,1,0,1
1402872,108440,1,0,1
7824360,108441,1,0,1
1648784,108442,1,1,0
2162760,108443,1,1,0
5424392,108444,1,0,1
3127656,108445,1,1,0
790712,108446,1,1,0
1171888,108447,1,1,0
2730968,108448,1,1,0
6233592,108449,1,1,0
816048,108450,1,1,0
256008,108451,1,1,0
6545160,108452,1,0,1
6234968,108453,1,0,1
3338928,108454,1,0,1
2174040,108455,1,1,0
3381232,108456,1,0,1
7186936,108457,1,1,0
5950864,108458,1,1,0
6056760,108459,1,1,0
1017032,108460,1,0,1
1698952,108461,1,0,1
2664736,108462,1,1,0
5708088,108463,1,0,1
979912,108464,1,0,1
5885768,108465,1,1,0
826344,108466,1,1,0
3637976,108467,1,0,1
2303488,108468,1,1,0
385336,108469,1,0,1
1162848,108470,1,1,0
3630800,108471,1,1,0
6138488,108472,1,0,1
3517504,108473,1,1,0
1651528,108474,1,0,1
5816120,108475,1,1,0
1597512,108476,1,1,0
4295016,108477,1,0,1
2444080,108478,1,0,1
5700616,108479,1,1,0
1766832,108480,1,1,0
3230792,108481,1,1,0
504856,108482,1,1,0
1858760,108483,1,0,1
324480,108484,1,1,0
5684464,108485,1,0,1
103368,108486,1,1,0
4565264,108487,1,1,0
399880,108488,1,0,1
2574448,108489,1,1,0
2149576,108490,1,0,1
5009656,108491,1,1,0
5515984,108492,1,1,0
6904368,108493,1,0,1
916016,108494,1,1,0
7033512,108495,1,0,1
3126728,108496,1,0,1
2571272,108497,1,0,1
1655680,108498,1,1,0
338952,108499,1,1,0
2944056,108500,1,1,0
341728,108501,1,1,0
1861888,108502,1,0,1
2689288,108503,1,0,1
1592448,108504,1,0,1
2082072,108505,1,0,1
2167208,108506,1,0,1
3918312,108507,1,0,1
479872,108508,1,1,0
717992,108509,1,0,1
2101584,108510,1,0,1
3908624,108511,1,0,1
1006520,108512,1,0,1
98960,108513,1,1,0
435592,108514,1,0,1
4489912,108515,1,0,1
2897616,108516,1,1,0
6854704,108517,1,0,1
366784,108518,1,0,1
2112360,108519,1,1,0
3082968,108520,1,0,1
1219656,108521,1,1,0
6005880,108522,1,0,1
5418640,108523,1,0,1
900608,108524,1,1,0
6778072,108525,1,1,0
226752,108526,1,0,1
2876864,108527,1,0,1
2390520,108528,1,1,0
965808,108529,1,1,0
7359752,108530,1,1,0
1198224,108531,1,1,0
8017832,108532,1,1,0
3366296,108533,1,0,1
5059112,108534,1,1,0
7900232,108535,1,1,0
1792224,108536,1,0,1
2400096,108537,1,1,0
5071168,108538,1,1,0
5241112,108539,1,0,1
1921368,108540,1,1,0
7264528,108541,1,0,1
5107224,108542,1,1,0
6658000,108543,1,0,1
1055760,108544,1,1,0
3935160,108545,1,1,0
438624,108546,1,1,0
2355808,108547,1,1,0
2326912,108548,1,1,0
2077544,108549,1,0,1
7105496,108550,1,1,0
1221912,108551,1,1,0
4826120,108552,1,1,0
2630024,108553,1,0,1
6629808,108554,1,1,0
270504,108555,1,0,1
1218632,108556,1,0,1
1821856,108557,1,0,1
4726216,108558,1,1,0
7738216,108559,1,0,1
2382288,108560,1,0,1
2794448,108561,1,0,1
6268440,108562,1,1,0
5343400,108563,1,1,0
999352,108564,1,0,1
5096888,108565,1,1,0
480896,108566,1,1,0
3855096,108567,1,1,0
7887760,108568,1,1,0
5258616,108569,1,0,1
3809592,108570,1,0,1
3069312,108571,1,0,1
173088,108572,1,1,0
7361136,108573,1,1,0
6752960,108574,1,0,1
3335712,108575,1,0,1
953648,108576,1,1,0
1199488,108577,1,0,1
3680472,108578,1,0,1
5711144,108579,1,0,1
2556752,108580,1,1,0
2080432,108581,1,0,1
1816056,108582,1,0,1
1632952,108583,1,0,1
6590472,108584,1,0,1
2606280,108585,1,1,0
2820040,108586,1,0,1
5935960,108587,1,0,1
8066856,108588,1,0,1
1850504,108589,1,0,1
3227584,108590,1,1,0
8234592,108591,1,1,0
4862904,108592,1,0,1
1771744,108593,1,1,0
7706976,108594,1,1,0
4614800,108595,1,1,0
3626256,108596,1,1,0
5664296,108597,1,1,0
81800,108598,1,0,1
607672,108599,1,0,1
839760,108600,1,1,0
1732112,108601,1,0,1
2413992,108602,1,1,0
5992720,108603,1,0,1
6981872,108604,1,1,0
132480,108605,1,0,1
458408,108606,1,1,0
5314256,108607,1,0,1
1500048,108608,1,0,1
4582096,108609,1,1,0
1422480,108610,1,1,0
227224,108611,1,0,1
5053200,108612,1,0,1
1000280,108613,1,0,1
912392,108614,1,0,1
7766744,108615,1,1,0
369456,108616,1,0,1
3225456,108617,1,0,1
771952,108618,1,1,0
7543280,108619,1,1,0
3328000,108620,1,1,0
2770264,108621,1,1,0
756712,108622,1,0,1
672264,108623,1,1,0
6643952,108624,1,0,1
2003520,108625,1,0,1
1813552,108626,1,1,0
948272,108627,1,0,1
4944288,108628,1,0,1
313792,108629,1,1,0
653672,108630,1,0,1
2156776,108631,1,1,0
6300408,108632,1,0,1
841680,108633,1,0,1
568048,108634,1,0,1
662912,108635,1,0,1
1492192,108636,1,0,1
7641504,108637,1,0,1
460944,108638,1,0,1
2040128,108639,1,1,0
5607016,108640,1,1,0
1421960,108641,1,1,0
4750912,108642,1,1,0
612488,108643,1,1,0
955488,108644,1,0,1
4322784,108645,1,0,1
3686112,108646,1,0,1
4136832,108647,1,1,0
601104,108648,1,0,1
4792000,108649,1,1,0
3473408,108650,1,0,1
1279144,108651,1,1,0
700224,108652,1,1,0
3923560,108653,1,1,0
5595528,108654,1,1,0
3671440,108655,1,1,0
337096,108656,1,0,1
7571272,108657,1,1,0
1436616,108658,1,1,0
2382680,108659,1,1,0
102280,108660,1,0,1
938272,108661,1,0,1
6036440,108662,1,1,0
5401960,108663,1,1,0
3260280,108664,1,0,1
1586216,108665,1,0,1
1631640,108666,1,0,1
3549736,108667,1,1,0
3866368,108668,1,1,0
992880,108669,1,1,0
2359816,108670,1,1,0
2830776,108671,1,0,1
1917136,108672,1,0,1
557840,108673,1,0,1
343536,108674,1,0,1
3999984,108675,1,1,0
2491616,108676,1,0,1
4148536,108677,1,1,0
2714152,108678,1,1,0
332432,108679,1,1,0
7196968,108680,1,0,1
2586248,108681,1,1,0
4212728,108682,1,1,0
1205880,108683,1,0,1
4204760,108684,1,1,0
1511680,108685,1,1,0
6262936,108686,1,0,1
2270576,108687,1,0,1
2466712,108688,1,1,0
3913536,108689,1,0,1
1456728,108690,1,0,1
3491312,108691,1,0,1
1780392,108692,1,0,1
661400,108693,1,1,0
680352,108694,1,0,1
977744,108695,1,1,0
5527424,108696,1,1,0
2595232,108697,1,0,1
213832,108698,1,1,0
6174320,108699,1,1,0
819552,108700,1,1,0
6544456,108701,1,0,1
758560,108702,1,1,0
1123352,108703,1,0,1
1787864,108704,1,1,0
7237008,108705,1,1,0
2544440,108706,1,1,0
1859280,108707,1,0,1
2553656,108708,1,0,1
2358376,108709,1,1,0
6766592,108710,1,0,1
2444344,108711,1,0,1
539912,108712,1,1,0
7540096,108713,1,1,0
7118800,108714,1,1,0
7683344,108715,1,0,1
2127768,108716,1,1,0
1011792,108717,1,0,1
241912,108718,1,0,1
978416,108719,1,1,0
4544296,108720,1,0,1
4591912,108721,1,0,1
1211248,108722,1,1,0
333608,108723,1,1,0
5190304,108724,1,1,0
3838768,108725,1,0,1
4403512,108726,1,0,1
519536,108727,1,0,1
5143168,108728,1,1,0
7419976,108729,1,0,1
354592,108730,1,0,1
5233376,108731,1,1,0
3476248,108732,1,0,1
7591864,108733,1,0,1
2173208,108734,1,1,0
8250848,108735,1,1,0
6922680,108736,1,1,0
1362288,108737,1,1,0
2622616,108738,1,1,0
1867656,108739,1,0,1
6567968,108740,1,0,1
2445040,108741,1,0,1
2621448,108742,1,1,0
1829600,108743,1,0,1
1225128,108744,1,0,1
4502672,108745,1,1,0
725120,108746,1,0,1
875848,108747,1,0,1
2504936,108748,1,1,0
912992,108749,1,0,1
402352,108750,1,0,1
766648,108751,1,1,0
1024512,108752,1,0,1
1152032,108753,1,1,0
2314304,108754,1,1,0
4204336,108755,1,1,0
1706448,108756,1,1,0
4177168,108757,1,1,0
4975440,108758,1,1,0
1298176,108759,1,1,0
5650192,108760,1,1,0
489736,108761,1,1,0
4550016,108762,1,1,0
6955856,108763,1,0,1
6511416,108764,1,0,1
1092752,108765,1,1,0
4049128,108766,1,1,0
1734928,108767,1,0,1
473464,108768,1,1,0
2731752,108769,1,1,0
8271480,108770,1,1,0
3204384,108771,1,0,1
1605400,108772,1,0,1
6211528,108773,1,0,1
928832,108774,1,0,1
1118224,108775,1,0,1
396688,108776,1,1,0
341120,108777,1,1,0
269656,108778,1,0,1
3026872,108779,1,0,1
1885032,108780,1,0,1
1159736,108781,1,0,1
4574592,108782,1,1,0
1300392,108783,1,0,1
5805952,108784,1,1,0
300856,108785,1,1,0
2283728,108786,1,0,1
3618128,108787,1,0,1
1218200,108788,1,1,0
1173912,108789,1,0,1
6467656,108790,1,0,1
83856,108791,1,0,1
5471232,108792,1,0,1
5687184,108793,1,1,0
1333824,108794,1,1,0
4060280,108795,1,0,1
365208,108796,1,1,0
5926976,108797,1,1,0
2627248,108798,1,0,1
588208,108799,1,1,0
787936,108800,1,0,1
1206464,108801,1,1,0
328976,108802,1,1,0
929520,108803,1,0,1
5263216,108804,1,0,1
3481872,108805,1,0,1
452080,108806,1,1,0
2355888,108807,1,1,0
6143336,108808,1,1,0
862120,108809,1,1,0
522184,108810,1,1,0
1384712,108811,1,1,0
182048,108812,1,0,1
2591088,108813,1,0,1
5439416,108814,1,0,1
7074944,108815,1,1,0
716872,108816,1,0,1
1204528,108817,1,1,0
238000,108818,1,1,0
2033416,108819,1,0,1
4042248,108820,1,0,1
937248,108821,1,1,0
973080,108822,1,1,0
231384,108823,1,1,0
273384,108824,1,0,1
3578520,108825,1,0,1
5744808,108826,1,0,1
1000064,108827,1,1,0
1056752,108828,1,1,0
5296408,108829,1,1,0
694280,108830,1,1,0
4587624,108831,1,1,0
6946592,108832,1,0,1
981704,108833,1,0,1
2248136,108834,1,1,0
8149208,108835,1,0,1
1265920,108836,1,0,1
636616,108837,1,1,0
7537504,108838,1,0,1
700272,108839,1,1,0
940368,108840,1,0,1
508264,108841,1,0,1
1126888,108842,1,0,1
896920,108843,1,0,1
2844048,108844,1,0,1
6003200,108845,1,0,1
6740272,108846,1,0,1
2303872,108847,1,0,1
6232504,108848,1,0,1
3816880,108849,1,0,1
4657704,108850,1,1,0
3093000,108851,1,0,1
3093184,108852,1,1,0
7894552,108853,1,1,0
1395512,108854,1,1,0
940304,108855,1,0,1
3353152,108856,1,1,0
1178208,108857,1,0,1
2195552,108858,1,1,0
3751024,108859,1,0,1
4958128,108860,1,0,1
1785744,108861,1,1,0
2051664,108862,1,1,0
3858088,108863,1,0,1
4546400,108864,1,0,1
4831632,108865,1,1,0
345512,108866,1,1,0
2230272,108867,1,1,0
3428440,108868,1,0,1
675856,108869,1,1,0
5576792,108870,1,0,1
3250032,108871,1,1,0
1869592,108872,1,0,1
328000,108873,1,1,0
665352,108874,1,0,1
1102296,108875,1,0,1
5964672,108876,1,1,0
3574792,108877,1,0,1
1279440,108878,1,1,0
1640720,108879,1,0,1
7282424,108880,1,0,1
1091424,108881,1,1,0
246960,108882,1,1,0
474792,108883,1,0,1
6525408,108884,1,1,0
3179184,108885,1,1,0
821336,108886,1,1,0
1615712,108887,1,1,0
3988744,108888,1,0,1
2448312,108889,1,1,0
1073432,108890,1,0,1
369920,108891,1,0,1
5889752,108892,1,1,0
725504,108893,1,0,1
2715168,108894,1,1,0
3547392,108895,1,1,0
2147336,108896,1,0,1
1105992,108897,1,1,0
1306136,108898,1,1,0
997120,108899,1,1,0
2788656,108900,1,0,1
5153176,108901,1,1,0
2184312,108902,1,0,1
2825544,108903,1,0,1
1073168,108904,1,0,1
4581272,108905,1,0,1
4184024,108906,1,0,1
1764152,108907,1,0,1
440224,108908,1,0,1
677384,108909,1,0,1
2376024,108910,1,1,0
2437432,108911,1,0,1
3852216,108912,1,1,0
205560,108913,1,0,1
2670640,108914,1,0,1
1699304,108915,1,0,1
1259136,108916,1,1,0
6843512,108917,1,1,0
332448,108918,1,1,0
265200,108919,1,1,0
1057472,108920,1,1,0
4203632,108921,1,0,1
7496664,108922,1,1,0
4436904,108923,1,1,0
2140448,108924,1,1,0
1634344,108925,1,1,0
1534888,108926,1,1,0
6990272,108927,1,0,1
7332712,108928,1,0,1
848104,108929,1,1,0
4869032,108930,1,1,0
7728584,108931,1,1,0
677648,108932,1,0,1
1468832,108933,1,1,0
3017584,108934,1,0,1
642904,108935,1,0,1
125048,108936,1,0,1
1225408,108937,1,1,0
266720,108938,1,1,0
2316448,108939,1,1,0
3843464,108940,1,1,0
3432408,108941,1,1,0
6529608,108942,1,0,1
5347120,108943,1,1,0
2928728,108944,1,1,0
7433544,108945,1,0,1
6362248,108946,1,0,1
910752,108947,1,1,0
4325856,108948,1,0,1
2957800,108949,1,1,0
2603144,108950,1,1,0
7533480,108951,1,1,0
2016456,108952,1,1,0
5036792,108953,1,0,1
8033440,108954,1,0,1
3577224,108955,1,0,1
439176,108956,1,0,1
2804696,108957,1,0,1
2173920,108958,1,1,0
1301000,108959,1,0,1
5045328,108960,1,1,0
2631008,108961,1,0,1
1676360,108962,1,0,1
2082424,108963,1,0,1
5851144,108964,1,1,0
5350568,108965,1,1,0
1636664,108966,1,1,0
564248,108967,1,0,1
2248176,108968,1,1,0
6072392,108969,1,1,0
245792,108970,1,1,0
3121864,108971,1,0,1
6924160,108972,1,1,0
8164024,108973,1,1,0
5138392,108974,1,1,0
3206128,108975,1,0,1
4757584,108976,1,0,1
675904,108977,1,0,1
3903624,108978,1,1,0
291896,108979,1,0,1
7918088,108980,1,0,1
2049984,108981,1,1,0
7734008,108982,1,1,0
486064,108983,1,0,1
7940072,108984,1,1,0
6046168,108985,1,1,0
1898224,108986,1,1,0
1608200,108987,1,1,0
1235264,108988,1,0,1
711264,108989,1,1,0
2179248,108990,1,1,0
5391912,108991,1,0,1
186712,108992,1,0,1
2130088,108993,1,0,1
7328344,108994,1,0,1
8339688,108995,1,1,0
901688,108996,1,1,0
1432832,108997,1,1,0
4027656,108998,1,0,1
721240,108999,1,0,1
2670608,109000,1,0,1
5006528,109001,1,1,0
6215048,109002,1,1,0
72968,109003,1,1,0
6604200,109004,1,0,1
6947704,109005,1,1,0
701336,109006,1,1,0
2924528,109007,1,1,0
3001056,109008,1,0,1
3381080,109009,1,1,0
3002808,109010,1,1,0
4006368,109011,1,1,0
3025848,109012,1,0,1
6008720,109013,1,0,1
5968800,109014,1,1,0
712128,109015,1,0,1
5173088,109016,1,0,1
2133104,109017,1,0,1
4338816,109018,1,1,0
2241216,109019,1,0,1
535024,109020,1,0,1
7801008,109021,1,1,0
5057408,109022,1,1,0
5400960,109023,1,0,1
2891024,109024,1,1,0
5057560,109025,1,0,1
98584,109026,1,1,0
4832984,109027,1,1,0
5382808,109028,1,0,1
2132936,109029,1,1,0
1532008,109030,1,0,1
503712,109031,1,1,0
1314352,109032,1,1,0
4113544,109033,1,0,1
707960,109034,1,0,1
1792096,109035,1,1,0
7334808,109036,1,0,1
4668136,109037,1,0,1
7814192,109038,1,0,1
1717496,109039,1,0,1
2910216,109040,1,1,0
4325296,109041,1,0,1
7205856,109042,1,1,0
424280,109043,1,0,1
5664672,109044,1,1,0
690680,109045,1,1,0
4221736,109046,1,1,0
7496616,109047,1,0,1
3408168,109048,1,0,1
3999328,109049,1,1,0
4343840,109050,1,1,0
5348112,109051,1,0,1
3696992,109052,1,0,1
2988960,109053,1,1,0
1422976,109054,1,1,0
6437184,109055,1,0,1
893984,109056,1,0,1
129888,109057,1,0,1
415008,109058,1,1,0
3160016,109059,1,1,0
778848,109060,1,1,0
966736,109061,1,1,0
2649048,109062,1,1,0
7702304,109063,1,1,0
4318296,109064,1,0,1
4085704,109065,1,0,1
627072,109066,1,1,0
4276456,109067,1,0,1
4297032,109068,1,1,0
1506080,109069,1,0,1
4213928,109070,1,0,1
4791824,109071,1,1,0
5369960,109072,1,1,0
6113800,109073,1,0,1
3737296,109074,1,1,0
2801472,109075,1,1,0
380152,109076,1,1,0
4664616,109077,1,1,0
5316608,109078,1,0,1
8063304,109079,1,1,0
5105920,109080,1,0,1
589648,109081,1,1,0
841672,109082,1,1,0
5127616,109083,1,1,0
1064936,109084,1,1,0
458248,109085,1,0,1
426352,109086,1,0,1
4368592,109087,1,1,0
2315728,109088,1,0,1
6987416,109089,1,0,1
449840,109090,1,1,0
469296,109091,1,0,1
655048,109092,1,1,0
3746848,109093,1,0,1
5868464,109094,1,0,1
5404744,109095,1,1,0
6514016,109096,1,1,0
2114792,109097,1,1,0
2943296,109098,1,0,1
7217736,109099,1,1,0
7238456,109100,1,1,0
1395984,109101,1,0,1
1987536,109102,1,0,1
1275656,109103,1,0,1
2729984,109104,1,1,0
2245856,109105,1,1,0
452968,109106,1,1,0
441888,109107,1,0,1
608984,109108,1,1,0
4711376,109109,1,0,1
3182944,109110,1,0,1
599784,109111,1,1,0
8364184,109112,1,1,0
419664,109113,1,0,1
4414040,109114,1,0,1
5785800,109115,1,1,0
4733848,109116,1,1,0
326000,109117,1,1,0
2947552,109118,1,0,1
4556728,109119,1,1,0
756224,109120,1,0,1
3264464,109121,1,0,1
3833128,109122,1,1,0
7483656,109123,1,0,1
1223768,109124,1,0,1
3542680,109125,1,0,1
2937656,109126,1,1,0
4860232,109127,1,0,1
7664560,109128,1,0,1
1298576,109129,1,1,0
7648328,109130,1,1,0
2438216,109131,1,0,1
386768,109132,1,1,0
668864,109133,1,0,1
617232,109134,1,1,0
186080,109135,1,0,1
1786024,109136,1,0,1
6606952,109137,1,1,0
2757536,109138,1,0,1
144792,109139,1,1,0
5530656,109140,1,0,1
2314280,109141,1,0,1
3170072,109142,1,0,1
619512,109143,1,1,0
2455560,109144,1,0,1
955848,109145,1,0,1
474536,109146,1,1,0
870984,109147,1,0,1
3669752,109148,1,1,0
6188104,109149,1,1,0
1703640,109150,1,1,0
6347176,109151,1,0,1
267736,109152,1,0,1
1560544,109153,1,1,0
704272,109154,1,1,0
433592,109155,1,0,1
2288128,109156,1,0,1
8255304,109157,1,0,1
2694456,109158,1,0,1
467560,109159,1,0,1
536304,109160,1,0,1
835192,109161,1,0,1
615048,109162,1,1,0
2304096,109163,1,0,1
6897000,109164,1,1,0
563624,109165,1,1,0
7801064,109166,1,0,1
2691968,109167,1,1,0
2870368,109168,1,0,1
1289872,109169,1,1,0
3945328,109170,1,0,1
5929440,109171,1,0,1
6761096,109172,1,0,1
812736,109173,1,0,1
195104,109174,1,0,1
467952,109175,1,0,1
1044928,109176,1,0,1
1926440,109177,1,1,0
7230448,109178,1,1,0
408368,109179,1,0,1
1717472,109180,1,1,0
2219976,109181,1,1,0
5346872,109182,1,0,1
5994632,109183,1,0,1
4040392,109184,1,0,1
7391584,109185,1,1,0
5134232,109186,1,0,1
1467616,109187,1,1,0
5492656,109188,1,1,0
5169664,109189,1,0,1
288520,109190,1,0,1
5491232,109191,1,0,1
7733392,109192,1,0,1
844072,109193,1,0,1
499336,109194,1,1,0
3831024,109195,1,0,1
4824384,109196,1,1,0
737528,109197,1,0,1
6580544,109198,1,1,0
3929984,109199,1,1,0
414880,109200,1,0,1
500184,109201,1,0,1
7293344,109202,1,0,1
3158928,109203,1,1,0
3773816,109204,1,1,0
1849064,109205,1,0,1
3917216,109206,1,1,0
3113776,109207,1,1,0
1356896,109208,1,1,0
907440,109209,1,1,0
6554312,109210,1,0,1
3170048,109211,1,1,0
2365840,109212,1,1,0
5641736,109213,1,0,1
3072360,109214,1,0,1
3129360,109215,1,1,0
4529792,109216,1,1,0
548408,109217,1,1,0
5392864,109218,1,0,1
1830280,109219,1,0,1
7802432,109220,1,1,0
252144,109221,1,1,0
2640320,109222,1,1,0
2332040,109223,1,0,1
1231072,109224,1,1,0
7402168,109225,1,0,1
7475440,109226,1,0,1
1764536,109227,1,0,1
68544,109228,1,0,1
3207440,109229,1,1,0
7988072,109230,1,0,1
5945792,109231,1,0,1
8215840,109232,1,0,1
2966496,109233,1,0,1
2225328,109234,1,1,0
799640,109235,1,1,0
1122840,109236,1,1,0
6875080,109237,1,1,0
7815976,109238,1,0,1
2385616,109239,1,0,1
3434968,109240,1,1,0
2643568,109241,1,0,1
1405344,109242,1,1,0
1254552,109243,1,1,0
1211456,109244,1,0,1
1035040,109245,1,1,0
1746440,109246,1,1,0
3871464,109247,1,0,1
7639624,109248,1,1,0
4673168,109249,1,1,0
5804728,109250,1,0,1
524176,109251,1,0,1
6895864,109252,1,1,0
7067952,109253,1,0,1
5897480,109254,1,0,1
1402032,109255,1,0,1
4705000,109256,1,1,0
533840,109257,1,1,0
1092600,109258,1,1,0
4130464,109259,1,1,0
1320112,109260,1,0,1
7029248,109261,1,1,0
2186184,109262,1,0,1
1028608,109263,1,1,0
1599936,109264,1,0,1
5585096,109265,1,0,1
3843608,109266,1,0,1
536152,109267,1,0,1
7143856,109268,1,0,1
5711112,109269,1,1,0
3683840,109270,1,0,1
2537072,109271,1,0,1
394424,109272,1,0,1
3275040,109273,1,1,0
825680,109274,1,0,1
606696,109275,1,1,0
5154720,109276,1,1,0
425952,109277,1,0,1
1291152,109278,1,1,0
3535736,109279,1,1,0
3225216,109280,1,1,0
6754168,109281,1,0,1
477224,109282,1,1,0
3401528,109283,1,1,0
3268488,109284,1,0,1
932264,109285,1,0,1
7723352,109286,1,1,0
158440,109287,1,1,0
3091944,109288,1,0,1
1000240,109289,1,0,1
2455288,109290,1,1,0
1186392,109291,1,0,1
890944,109292,1,0,1
1255352,109293,1,1,0
2387144,109294,1,1,0
6377896,109295,1,0,1
1234560,109296,1,1,0
4446352,109297,1,0,1
2458608,109298,1,1,0
354352,109299,1,0,1
268024,109300,1,0,1
3055752,109301,1,1,0
1273568,109302,1,1,0
5211168,109303,1,1,0
1783680,109304,1,1,0
1642552,109305,1,1,0
1844544,109306,1,0,1
3627872,109307,1,1,0
3412976,109308,1,0,1
6900528,109309,1,0,1
3363512,109310,1,0,1
4744616,109311,1,0,1
3267320,109312,1,1,0
766848,109313,1,0,1
4845992,109314,1,1,0
7750704,109315,1,0,1
625848,109316,1,0,1
683800,109317,1,1,0
1321352,109318,1,1,0
8116040,109319,1,1,0
5907408,109320,1,0,1
701024,109321,1,0,1
2977808,109322,1,0,1
5340568,109323,1,0,1
6962768,109324,1,1,0
289624,109325,1,0,1
648048,109326,1,1,0
4030176,109327,1,1,0
3916792,109328,1,1,0
1703512,109329,1,0,1
6372496,109330,1,0,1
231912,109331,1,0,1
4106328,109332,1,0,1
6494592,109333,1,1,0
1062856,109334,1,1,0
4043416,109335,1,1,0
2609080,109336,1,0,1
1150496,109337,1,1,0
5032264,109338,1,1,0
5263264,109339,1,0,1
4049304,109340,1,0,1
1311416,109341,1,0,1
2196216,109342,1,0,1
4956328,109343,1,0,1
5433992,109344,1,0,1
660200,109345,1,1,0
2162696,109346,1,1,0
379296,109347,1,1,0
284792,109348,1,1,0
7833472,109349,1,0,1
7950496,109350,1,0,1
5345256,109351,1,1,0
8222640,109352,1,1,0
1637464,109353,1,0,1
315064,109354,1,0,1
7452896,109355,1,0,1
1707768,109356,1,1,0
5618440,109357,1,0,1
3283888,109358,1,0,1
3852472,109359,1,1,0
405072,109360,1,1,0
1192976,109361,1,0,1
688264,109362,1,1,0
381112,109363,1,0,1
1562736,109364,1,0,1
1951280,109365,1,0,1
863216,109366,1,1,0
6786928,109367,1,0,1
3668696,109368,1,1,0
2405104,109369,1,1,0
792944,109370,1,1,0
2671880,109371,1,1,0
332744,109372,1,0,1
1412496,109373,1,0,1
2980936,109374,1,1,0
4218488,109375,1,0,1
1091600,109376,1,0,1
4547968,109377,1,0,1
5822752,109378,1,0,1
226896,109379,1,0,1
3204648,109380,1,1,0
195096,109381,1,0,1
437776,109382,1,0,1
6996120,109383,1,1,0
5893040,109384,1,0,1
1367424,109385,1,0,1
218008,109386,1,1,0
545600,109387,1,0,1
2588424,109388,1,0,1
1801328,109389,1,0,1
2408792,109390,1,0,1
2326888,109391,1,0,1
1598264,109392,1,1,0
4523984,109393,1,0,1
1650960,109394,1,0,1
1093568,109395,1,1,0
7759544,109396,1,0,1
7956632,109397,1,0,1
3372368,109398,1,1,0
714944,109399,1,0,1
967344,109400,1,1,0
1250888,109401,1,1,0
1194808,109402,1,0,1
127592,109403,1,0,1
5109816,109404,1,1,0
812976,109405,1,1,0
174904,109406,1,0,1
7875672,109407,1,1,0
1541864,109408,1,0,1
1416352,109409,1,1,0
277248,109410,1,1,0
847696,109411,1,1,0
3637864,109412,1,1,0
4126264,109413,1,1,0
2264312,109414,1,0,1
650288,109415,1,1,0
1131232,109416,1,0,1
3575920,109417,1,1,0
2406840,109418,1,1,0
458472,109419,1,1,0
897408,109420,1,1,0
1390824,109421,1,0,1
4416072,109422,1,1,0
2722648,109423,1,1,0
747864,109424,1,0,1
1053600,109425,1,1,0
4295896,109426,1,1,0
1761160,109427,1,0,1
1355632,109428,1,1,0
297200,109429,1,1,0
423960,109430,1,0,1
2515536,109431,1,1,0
6373632,109432,1,1,0
3496440,109433,1,0,1
119088,109434,1,0,1
1784576,109435,1,0,1
3965672,109436,1,1,0
959040,109437,1,1,0
3309680,109438,1,1,0
2944176,109439,1,0,1
2288624,109440,1,1,0
1882168,109441,1,0,1
3617400,109442,1,0,1
763656,109443,1,1,0
3564336,109444,1,0,1
261336,109445,1,0,1
852056,109446,1,0,1
6314512,109447,1,0,1
8184456,109448,1,0,1
3970856,109449,1,1,0
3761184,109450,1,0,1
1427576,109451,1,1,0
7715640,109452,1,1,0
446808,109453,1,0,1
2129424,109454,1,0,1
1236888,109455,1,0,1
4748816,109456,1,1,0
5628464,109457,1,0,1
1713288,109458,1,0,1
442680,109459,1,0,1
1968456,109460,1,0,1
2448560,109461,1,0,1
5301448,109462,1,0,1
2784408,109463,1,1,0
2052880,109464,1,1,0
354848,109465,1,0,1
7206256,109466,1,0,1
2894824,109467,1,1,0
5601552,109468,1,1,0
1260888,109469,1,0,1
1148088,109470,1,1,0
4686040,109471,1,1,0
375328,109472,1,0,1
4920240,109473,1,1,0
5411048,109474,1,0,1
3539496,109475,1,1,0
2393760,109476,1,1,0
830256,109477,1,0,1
7497216,109478,1,0,1
7166664,109479,1,1,0
5192080,109480,1,0,1
1376824,109481,1,1,0
2347024,109482,1,0,1
2890168,109483,1,0,1
265008,109484,1,1,0
5063256,109485,1,1,0
2288392,109486,1,0,1
6203424,109487,1,0,1
965584,109488,1,0,1
2452472,109489,1,0,1
2904728,109490,1,0,1
4312928,109491,1,0,1
187280,109492,1,1,0
4631536,109493,1,0,1
4427368,109494,1,0,1
1407776,109495,1,0,1
3405168,109496,1,0,1
332120,109497,1,0,1
3030680,109498,1,1,0
224296,109499,1,0,1
2155232,109500,1,0,1
2818264,109501,1,0,1
419880,109502,1,0,1
3136840,109503,1,1,0
1509912,109504,1,0,1
1339696,109505,1,1,0
2364048,109506,1,1,0
1335256,109507,1,1,0
4373704,109508,1,0,1
1567536,109509,1,0,1
1445312,109510,1,0,1
6225560,109511,1,0,1
667416,109512,1,1,0
413832,109513,1,0,1
4516240,109514,1,0,1
3919688,109515,1,0,1
355024,109516,1,1,0
247640,109517,1,1,0
278160,109518,1,0,1
348576,109519,1,0,1
4464808,109520,1,1,0
3853960,109521,1,1,0
955808,109522,1,1,0
1240056,109523,1,1,0
1316696,109524,1,0,1
3505304,109525,1,0,1
3182768,109526,1,0,1
2322168,109527,1,1,0
4661976,109528,1,1,0
1459360,109529,1,0,1
908872,109530,1,0,1
907712,109531,1,1,0
5356984,109532,1,1,0
690568,109533,1,1,0
4297000,109534,1,1,0
7029776,109535,1,1,0
1909360,109536,1,0,1
7155352,109537,1,0,1
1503656,109538,1,1,0
787176,109539,1,0,1
5019112,109540,1,0,1
3337200,109541,1,1,0
379224,109542,1,1,0
5326224,109543,1,0,1
6209592,109544,1,1,0
252368,109545,1,0,1
347704,109546,1,0,1
303672,109547,1,0,1
3523192,109548,1,1,0
7382944,109549,1,1,0
258216,109550,1,1,0
408296,109551,1,0,1
1045552,109552,1,1,0
2241296,109553,1,1,0
5482712,109554,1,0,1
3071080,109555,1,0,1
278784,109556,1,1,0
7356344,109557,1,1,0
2260280,109558,1,0,1
3363864,109559,1,0,1
1993576,109560,1,1,0
1186152,109561,1,0,1
3366576,109562,1,1,0
1483240,109563,1,0,1
1140336,109564,1,1,0
1173136,109565,1,1,0
7716760,109566,1,1,0
4528640,109567,1,1,0
3433368,109568,1,0,1
3164736,109569,1,1,0
576576,109570,1,1,0
3250976,109571,1,0,1
247944,109572,1,1,0
7101872,109573,1,0,1
7875536,109574,1,1,0
1427520,109575,1,1,0
2335328,109576,1,1,0
3547104,109577,1,0,1
7555568,109578,1,0,1
966792,109579,1,0,1
6926320,109580,1,0,1
1341968,109581,1,1,0
1228440,109582,1,1,0
1435272,109583,1,1,0
3252144,109584,1,0,1
2826072,109585,1,1,0
2290480,109586,1,1,0
1189824,109587,1,1,0
628600,109588,1,1,0
1939152,109589,1,1,0
2342200,109590,1,0,1
7064288,109591,1,1,0
1741680,109592,1,1,0
202936,109593,1,0,1
3828456,109594,1,1,0
4408424,109595,1,1,0
982984,109596,1,1,0
1379560,109597,1,0,1
357168,109598,1,0,1
7091416,109599,1,0,1
4829600,109600,1,0,1
703512,109601,1,1,0
2360296,109602,1,1,0
515976,109603,1,0,1
4536000,109604,1,1,0
185232,109605,1,0,1
1756880,109606,1,1,0
1906456,109607,1,1,0
6300200,109608,1,0,1
3627656,109609,1,0,1
2496064,109610,1,0,1
6220584,109611,1,1,0
1504464,109612,1,0,1
2580320,109613,1,1,0
404440,109614,1,0,1
797632,109615,1,0,1
792344,109616,1,0,1
2675088,109617,1,1,0
1096016,109618,1,1,0
2735032,109619,1,0,1
589368,109620,1,0,1
8152440,109621,1,1,0
1597904,109622,1,0,1
6628096,109623,1,1,0
1672336,109624,1,0,1
2212472,109625,1,1,0
5766568,109626,1,1,0
272896,109627,1,1,0
6048312,109628,1,0,1
2615664,109629,1,0,1
4801104,109630,1,0,1
1096688,109631,1,0,1
7837296,109632,1,0,1
1481520,109633,1,0,1
2744736,109634,1,0,1
2401600,109635,1,0,1
2950176,109636,1,0,1
205048,109637,1,0,1
1300816,109638,1,0,1
7641928,109639,1,0,1
6064592,109640,1,1,0
5108784,109641,1,1,0
737160,109642,1,1,0
2289872,109643,1,1,0
3366392,109644,1,0,1
1143520,109645,1,0,1
270296,109646,1,1,0
1174896,109647,1,1,0
1376360,109648,1,0,1
971584,109649,1,1,0
4755184,109650,1,0,1
849208,109651,1,0,1
446912,109652,1,1,0
3559840,109653,1,1,0
1209008,109654,1,0,1
4534216,109655,1,0,1
4944128,109656,1,0,1
1643416,109657,1,1,0
2014808,109658,1,1,0
2230048,109659,1,0,1
1858984,109660,1,0,1
6416184,109661,1,0,1
3520856,109662,1,0,1
1780880,109663,1,0,1
2461360,109664,1,1,0
620272,109665,1,0,1
1844232,109666,1,0,1
409008,109667,1,0,1
683320,109668,1,0,1
5342456,109669,1,0,1
1154048,109670,1,0,1
4649240,109671,1,1,0
938992,109672,1,0,1
2417760,109673,1,1,0
7467016,109674,1,1,0
2044704,109675,1,1,0
2891064,109676,1,0,1
4594864,109677,1,0,1
2303832,109678,1,0,1
5209320,109679,1,0,1
260544,109680,1,0,1
6175224,109681,1,0,1
3182328,109682,1,1,0
4736224,109683,1,1,0
1415752,109684,1,1,0
585152,109685,1,1,0
3892976,109686,1,1,0
1758864,109687,1,1,0
3178208,109688,1,0,1
1282320,109689,1,1,0
7785024,109690,1,1,0
342408,109691,1,1,0
7019640,109692,1,0,1
3207024,109693,1,1,0
1171192,109694,1,1,0
1023920,109695,1,1,0
2219736,109696,1,1,0
4981360,109697,1,1,0
357896,109698,1,0,1
2433464,109699,1,1,0
6475528,109700,1,0,1
498720,109701,1,0,1
393384,109702,1,0,1
427392,109703,1,0,1
5768600,109704,1,0,1
674928,109705,1,1,0
6122176,109706,1,0,1
1658312,109707,1,0,1
4548768,109708,1,1,0
3865520,109709,1,1,0
5625072,109710,1,0,1
7492624,109711,1,0,1
5818816,109712,1,1,0
1952792,109713,1,0,1
2424688,109714,1,1,0
3441048,109715,1,0,1
5114512,109716,1,0,1
2731896,109717,1,0,1
6719400,109718,1,1,0
407992,109719,1,0,1
3678472,109720,1,0,1
7023312,109721,1,0,1
1928304,109722,1,0,1
5112744,109723,1,0,1
294208,109724,1,1,0
767248,109725,1,0,1
6513664,109726,1,1,0
2415064,109727,1,0,1
180656,109728,1,0,1
97352,109729,1,1,0
7326024,109730,1,0,1
3320984,109731,1,0,1
1279584,109732,1,1,0
1043360,109733,1,0,1
1765576,109734,1,1,0
2335192,109735,1,1,0
866496,109736,1,0,1
7516400,109737,1,0,1
1491520,109738,1,0,1
2212344,109739,1,1,0
291352,109740,1,1,0
944608,109741,1,0,1
688544,109742,1,0,1
3916280,109743,1,1,0
278272,109744,1,0,1
2738088,109745,1,1,0
1750584,109746,1,0,1
888408,109747,1,0,1
2511944,109748,1,0,1
7663520,109749,1,1,0
3351112,109750,1,0,1
1800968,109751,1,1,0
4460464,109752,1,1,0
1600408,109753,1,1,0
2389216,109754,1,1,0
1110192,109755,1,0,1
1710744,109756,1,0,1
467992,109757,1,0,1
710120,109758,1,1,0
1296480,109759,1,0,1
879304,109760,1,0,1
540664,109761,1,0,1
321648,109762,1,0,1
3158736,109763,1,1,0
4797776,109764,1,0,1
535000,109765,1,0,1
3070000,109766,1,1,0
574056,109767,1,1,0
4530096,109768,1,1,0
2852912,109769,1,0,1
4362144,109770,1,1,0
303808,109771,1,1,0
2256240,109772,1,1,0
690088,109773,1,1,0
1959128,109774,1,0,1
985240,109775,1,1,0
3449280,109776,1,1,0
7476744,109777,1,1,0
6522160,109778,1,0,1
1157000,109779,1,0,1
651176,109780,1,0,1
373360,109781,1,0,1
758640,109782,1,1,0
4389104,109783,1,1,0
5833496,109784,1,0,1
4936888,109785,1,1,0
1935192,109786,1,1,0
3115264,109787,1,1,0
6645056,109788,1,0,1
836512,109789,1,0,1
4302632,109790,1,0,1
176080,109791,1,0,1
476152,109792,1,1,0
3502808,109793,1,0,1
4443432,109794,1,0,1
3947400,109795,1,0,1
313992,109796,1,1,0
2348336,109797,1,0,1
4132408,109798,1,0,1
2329616,109799,1,0,1
4577872,109800,1,0,1
2574840,109801,1,0,1
5364040,109802,1,0,1
2167776,109803,1,0,1
201104,109804,1,1,0
4245928,109805,1,1,0
6299400,109806,1,0,1
1133504,109807,1,1,0
3906088,109808,1,0,1
1697744,109809,1,1,0
329160,109810,1,0,1
1241432,109811,1,1,0
6718680,109812,1,0,1
616488,109813,1,0,1
3078504,109814,1,1,0
1346216,109815,1,0,1
1181264,109816,1,1,0
867536,109817,1,0,1
1151496,109818,1,1,0
3225736,109819,1,0,1
635968,109820,1,1,0
2261768,109821,1,0,1
4298288,109822,1,0,1
469920,109823,1,1,0
7166088,109824,1,1,0
650256,109825,1,1,0
3705048,109826,1,1,0
709936,109827,1,0,1
5086688,109828,1,0,1
5162504,109829,1,0,1
4599400,109830,1,1,0
2112584,109831,1,1,0
290800,109832,1,0,1
6718296,109833,1,0,1
3278592,109834,1,1,0
1290632,109835,1,0,1
588864,109836,1,0,1
6072528,109837,1,0,1
8174264,109838,1,1,0
4586224,109839,1,1,0
2525280,109840,1,0,1
4310464,109841,1,0,1
7047056,109842,1,0,1
256504,109843,1,1,0
3615904,109844,1,0,1
7046248,109845,1,1,0
553008,109846,1,1,0
120488,109847,1,0,1
1561504,109848,1,1,0
382960,109849,1,1,0
3681176,109850,1,0,1
2479880,109851,1,0,1
3447776,109852,1,1,0
2303840,109853,1,0,1
2536224,109854,1,0,1
4890416,109855,1,0,1
6336416,109856,1,1,0
600728,109857,1,1,0
5072296,109858,1,0,1
970960,109859,1,0,1
1735944,109860,1,0,1
2017736,109861,1,1,0
906760,109862,1,0,1
1746256,109863,1,0,1
902016,109864,1,1,0
6615520,109865,1,1,0
5902488,109866,1,0,1
619672,109867,1,1,0
3232224,109868,1,1,0
6109264,109869,1,0,1
1299584,109870,1,1,0
4348592,109871,1,1,0
2382328,109872,1,1,0
999208,109873,1,1,0
7116528,109874,1,1,0
4415592,109875,1,1,0
727808,109876,1,0,1
1172656,109877,1,1,0
4771904,109878,1,0,1
1627984,109879,1,0,1
3661992,109880,1,0,1
869240,109881,1,1,0
5002640,109882,1,0,1
1515264,109883,1,0,1
3482744,109884,1,0,1
1443992,109885,1,1,0
125736,109886,1,0,1
4221376,109887,1,1,0
3450584,109888,1,0,1
5299656,109889,1,1,0
2198896,109890,1,1,0
597864,109891,1,1,0
5016472,109892,1,0,1
849336,109893,1,0,1
4445920,109894,1,1,0
2976544,109895,1,1,0
3350560,109896,1,1,0
5123128,109897,1,1,0
501584,109898,1,0,1
2737296,109899,1,0,1
4006944,109900,1,0,1
4750624,109901,1,1,0
3020104,109902,1,0,1
7524144,109903,1,0,1
3478104,109904,1,1,0
523088,109905,1,1,0
6872896,109906,1,0,1
4347536,109907,1,0,1
4421560,109908,1,0,1
3041472,109909,1,1,0
1068224,109910,1,0,1
693744,109911,1,0,1
1900424,109912,1,0,1
1040440,109913,1,1,0
4247872,109914,1,0,1
1443440,109915,1,0,1
1975816,109916,1,1,0
3177752,109917,1,0,1
272736,109918,1,0,1
2551240,109919,1,1,0
2807512,109920,1,1,0
546768,109921,1,1,0
6873432,109922,1,0,1
430144,109923,1,1,0
3456152,109924,1,1,0
6957856,109925,1,1,0
5019096,109926,1,0,1
4467968,109927,1,1,0
7370344,109928,1,1,0
3200496,109929,1,0,1
1831224,109930,1,1,0
1080488,109931,1,0,1
149464,109932,1,1,0
1328096,109933,1,1,0
4626040,109934,1,1,0
1213648,109935,1,0,1
1213944,109936,1,1,0
5737720,109937,1,1,0
2944768,109938,1,0,1
1537984,109939,1,0,1
6714296,109940,1,1,0
3552128,109941,1,0,1
1774704,109942,1,0,1
312560,109943,1,1,0
378432,109944,1,1,0
484088,109945,1,1,0
5433032,109946,1,1,0
7010544,109947,1,0,1
1533544,109948,1,0,1
4630048,109949,1,1,0
2028832,109950,1,1,0
725384,109951,1,1,0
820400,109952,1,0,1
225336,109953,1,1,0
2309472,109954,1,0,1
1498640,109955,1,0,1
303936,109956,1,0,1
468352,109957,1,1,0
499040,109958,1,1,0
1446520,109959,1,1,0
496832,109960,1,0,1
1970648,109961,1,0,1
7428040,109962,1,1,0
2779712,109963,1,1,0
3625304,109964,1,0,1
1747112,109965,1,1,0
593272,109966,1,1,0
6602008,109967,1,0,1
6515936,109968,1,1,0
6108416,109969,1,0,1
996280,109970,1,0,1
146288,109971,1,0,1
1899384,109972,1,1,0
4857808,109973,1,0,1
8206184,109974,1,0,1
622952,109975,1,0,1
5753184,109976,1,1,0
6446560,109977,1,0,1
3033200,109978,1,0,1
4527192,109979,1,1,0
583440,109980,1,0,1
1269280,109981,1,1,0
526312,109982,1,1,0
2304072,109983,1,0,1
3046600,109984,1,0,1
3164904,109985,1,0,1
5749264,109986,1,1,0
546336,109987,1,1,0
3684240,109988,1,1,0
536280,109989,1,0,1
1712176,109990,1,0,1
4287584,109991,1,1,0
758920,109992,1,0,1
1787808,109993,1,1,0
4295064,109994,1,0,1
4951832,109995,1,0,1
1548864,109996,1,0,1
1247136,109997,1,1,0
6474680,109998,1,1,0
7222256,109999,1,1,0
6744792,110000,1,1,0
509840,110001,1,1,0
987352,110002,1,1,0
1605624,110003,1,1,0
1882592,110004,1,1,0
5654680,110005,1,0,1
3348304,110006,1,1,0
2472264,110007,1,0,1
1029472,110008,1,1,0
718432,110009,1,0,1
3141520,110010,1,0,1
1762032,110011,1,1,0
7856792,110012,1,1,0
5353312,110013,1,1,0
410192,110014,1,0,1
6422480,110015,1,1,0
8353672,110016,1,0,1
7460992,110017,1,1,0
282904,110018,1,1,0
418936,110019,1,1,0
2774576,110020,1,1,0
6232384,110021,1,1,0
639000,110022,1,1,0
6239440,110023,1,1,0
4484720,110024,1,1,0
542024,110025,1,0,1
2225744,110026,1,0,1
3756608,110027,1,0,1
1242440,110028,1,0,1
314936,110029,1,1,0
3764184,110030,1,0,1
2586992,110031,1,0,1
7061704,110032,1,1,0
4959496,110033,1,0,1
3396976,110034,1,0,1
5880352,110035,1,0,1
3232352,110036,1,1,0
5795640,110037,1,0,1
6324960,110038,1,0,1
7292232,110039,1,1,0
740320,110040,1,0,1
3035216,110041,1,1,0
1535352,110042,1,0,1
979776,110043,1,1,0
4290392,110044,1,1,0
938568,110045,1,1,0
1635392,110046,1,0,1
8023032,110047,1,0,1
7117136,110048,1,0,1
2944168,110049,1,1,0
7907280,110050,1,1,0
3465608,110051,1,1,0
2068208,110052,1,1,0
1991088,110053,1,0,1
1108056,110054,1,0,1
8028744,110055,1,0,1
3954112,110056,1,1,0
7305472,110057,1,1,0
7085416,110058,1,0,1
2129800,110059,1,0,1
618680,110060,1,1,0
3530872,110061,1,1,0
4197688,110062,1,1,0
3392592,110063,1,1,0
3329944,110064,1,1,0
1748320,110065,1,0,1
2867168,110066,1,0,1
1642936,110067,1,0,1
2151472,110068,1,1,0
3981232,110069,1,1,0
3972536,110070,1,0,1
955752,110071,1,1,0
6154336,110072,1,0,1
7005504,110073,1,1,0
4195544,110074,1,0,1
5927216,110075,1,1,0
944072,110076,1,1,0
7935632,110077,1,1,0
2078168,110078,1,0,1
261064,110079,1,0,1
3077288,110080,1,0,1
4846624,110081,1,1,0
4899464,110082,1,0,1
1705264,110083,1,1,0
1004064,110084,1,0,1
2999576,110085,1,1,0
8023384,110086,1,1,0
6509696,110087,1,0,1
796640,110088,1,1,0
527664,110089,1,1,0
5888576,110090,1,1,0
3209416,110091,1,0,1
5514568,110092,1,0,1
3116112,110093,1,1,0
482904,110094,1,0,1
390584,110095,1,1,0
7740432,110096,1,0,1
2141488,110097,1,1,0
5827752,110098,1,0,1
434664,110099,1,1,0
3334672,110100,1,0,1
6093136,110101,1,0,1
805760,110102,1,0,1
407376,110103,1,1,0
2047112,110104,1,1,0
4829608,110105,1,0,1
1075368,110106,1,1,0
3941232,110107,1,0,1
7593208,110108,1,0,1
1739992,110109,1,0,1
158240,110110,1,1,0
370648,110111,1,1,0
4982272,110112,1,1,0
485928,110113,1,1,0
6361272,110114,1,1,0
314136,110115,1,1,0
617296,110116,1,1,0
6404544,110117,1,0,1
1788008,110118,1,0,1
2058152,110119,1,0,1
1783640,110120,1,1,0
6077224,110121,1,1,0
761608,110122,1,0,1
551168,110123,1,1,0
1375584,110124,1,1,0
1170024,110125,1,1,0
5178592,110126,1,1,0
1486440,110127,1,0,1
3488224,110128,1,1,0
8223488,110129,1,1,0
4887728,110130,1,0,1
2742024,110131,1,0,1
322104,110132,1,0,1
3134536,110133,1,1,0
3868144,110134,1,0,1
82552,110135,1,1,0
2148928,110136,1,0,1
4730848,110137,1,1,0
4950664,110138,1,0,1
1407240,110139,1,1,0
509248,110140,1,0,1
6566488,110141,1,0,1
3869408,110142,1,0,1
859512,110143,1,1,0
802904,110144,1,0,1
8140368,110145,1,1,0
380056,110146,1,0,1
2143936,110147,1,1,0
2829632,110148,1,1,0
3015232,110149,1,0,1
3445872,110150,1,0,1
1350056,110151,1,0,1
4744904,110152,1,0,1
1255056,110153,1,1,0
231104,110154,1,0,1
1582880,110155,1,0,1
5403840,110156,1,0,1
827984,110157,1,1,0
7471152,110158,1,0,1
6535104,110159,1,1,0
1276528,110160,1,1,0
2068216,110161,1,1,0
6379136,110162,1,1,0
6530912,110163,1,0,1
2011560,110164,1,0,1
5421392,110165,1,0,1
7903360,110166,1,0,1
1303088,110167,1,1,0
1411872,110168,1,0,1
6136896,110169,1,1,0
463664,110170,1,1,0
171704,110171,1,1,0
2659728,110172,1,1,0
7503952,110173,1,1,0
642000,110174,1,1,0
1079296,110175,1,0,1
721424,110176,1,1,0
2691904,110177,1,0,1
2713872,110178,1,0,1
656624,110179,1,0,1
3284560,110180,1,1,0
1309008,110181,1,0,1
2744744,110182,1,1,0
7891272,110183,1,0,1
1280008,110184,1,1,0
2117096,110185,1,1,0
385432,110186,1,0,1
1393264,110187,1,1,0
1520984,110188,1,0,1
2502960,110189,1,0,1
3157800,110190,1,1,0
4011880,110191,1,0,1
746448,110192,1,1,0
5128240,110193,1,1,0
2258688,110194,1,1,0
1535816,110195,1,1,0
4447600,110196,1,1,0
3488264,110197,1,1,0
5133392,110198,1,1,0
8156880,110199,1,1,0
1550712,110200,1,0,1
5608416,110201,1,0,1
613896,110202,1,1,0
699600,110203,1,1,0
7489568,110204,1,1,0
1083224,110205,1,1,0
4331888,110206,1,0,1
1329264,110207,1,0,1
2759424,110208,1,1,0
5528896,110209,1,1,0
1169632,110210,1,0,1
6022104,110211,1,1,0
1526256,110212,1,0,1
3729456,110213,1,0,1
3464032,110214,1,1,0
2094976,110215,1,1,0
424856,110216,1,0,1
692672,110217,1,0,1
5260384,110218,1,1,0
1280536,110219,1,0,1
3972888,110220,1,1,0
6298320,110221,1,0,1
2424408,110222,1,1,0
1137488,110223,1,1,0
3349192,110224,1,0,1
6469008,110225,1,1,0
2363272,110226,1,1,0
1134096,110227,1,1,0
1717240,110228,1,1,0
2330024,110229,1,0,1
360912,110230,1,0,1
1441560,110231,1,0,1
1011208,110232,1,0,1
433392,110233,1,1,0
7970288,110234,1,0,1
2259112,110235,1,1,0
1950240,110236,1,1,0
2929152,110237,1,1,0
118504,110238,1,0,1
2088760,110239,1,1,0
6817656,110240,1,1,0
1829744,110241,1,0,1
6164648,110242,1,0,1
7572768,110243,1,0,1
6932208,110244,1,0,1
4480832,110245,1,1,0
2671168,110246,1,0,1
284832,110247,1,1,0
1176080,110248,1,0,1
290984,110249,1,1,0
4043200,110250,1,0,1
762296,110251,1,0,1
1070008,110252,1,0,1
5445456,110253,1,0,1
5300336,110254,1,1,0
3205592,110255,1,0,1
3227624,110256,1,0,1
6426928,110257,1,1,0
8184072,110258,1,1,0
1527496,110259,1,1,0
580080,110260,1,1,0
4046136,110261,1,1,0
2439144,110262,1,0,1
5604672,110263,1,0,1
8224768,110264,1,0,1
7570808,110265,1,0,1
1732976,110266,1,1,0
765344,110267,1,1,0
4066120,110268,1,0,1
209720,110269,1,1,0
1789008,110270,1,1,0
1819664,110271,1,0,1
7501312,110272,1,0,1
6973032,110273,1,1,0
2133240,110274,1,0,1
1213664,110275,1,1,0
2719896,110276,1,0,1
543376,110277,1,1,0
5115336,110278,1,1,0
1570592,110279,1,1,0
8370232,110280,1,0,1
438080,110281,1,0,1
2069832,110282,1,0,1
1702144,110283,1,1,0
811608,110284,1,1,0
4464648,110285,1,0,1
1604840,110286,1,1,0
3509160,110287,1,1,0
2155104,110288,1,1,0
3180248,110289,1,1,0
1513272,110290,1,0,1
7543592,110291,1,1,0
652152,110292,1,1,0
1692072,110293,1,1,0
5620408,110294,1,0,1
2589384,110295,1,0,1
1705552,110296,1,1,0
5912544,110297,1,1,0
910672,110298,1,0,1
3856536,110299,1,0,1
816736,110300,1,1,0
3343552,110301,1,1,0
5714088,110302,1,0,1
6946912,110303,1,1,0
1773656,110304,1,0,1
1782120,110305,1,0,1
1432720,110306,1,0,1
2042568,110307,1,0,1
3382648,110308,1,0,1
1279800,110309,1,1,0
1357720,110310,1,1,0
2312744,110311,1,0,1
526216,110312,1,0,1
2432480,110313,1,0,1
947736,110314,1,0,1
6031664,110315,1,1,0
956624,110316,1,0,1
1706984,110317,1,1,0
3289312,110318,1,1,0
6731968,110319,1,1,0
6294248,110320,1,1,0
6997048,110321,1,0,1
6221352,110322,1,1,0
2661352,110323,1,0,1
5556008,110324,1,1,0
1463856,110325,1,0,1
2057776,110326,1,0,1
2851880,110327,1,1,0
1350352,110328,1,0,1
484744,110329,1,1,0
2338640,110330,1,1,0
863824,110331,1,1,0
1776280,110332,1,0,1
3080712,110333,1,1,0
6189112,110334,1,1,0
2813560,110335,1,0,1
706128,110336,1,1,0
2917624,110337,1,0,1
1721544,110338,1,0,1
1711560,110339,1,0,1
742664,110340,1,0,1
5531728,110341,1,0,1
1132304,110342,1,0,1
2875736,110343,1,0,1
244304,110344,1,1,0
2917216,110345,1,0,1
1963464,110346,1,0,1
6471448,110347,1,1,0
5704328,110348,1,0,1
1462872,110349,1,0,1
1690480,110350,1,0,1
5803424,110351,1,1,0
3220216,110352,1,0,1
2658608,110353,1,0,1
2088848,110354,1,1,0
3785128,110355,1,0,1
2975112,110356,1,1,0
6892880,110357,1,0,1
3472376,110358,1,1,0
7566960,110359,1,1,0
1011680,110360,1,1,0
5627256,110361,1,0,1
2243072,110362,1,0,1
4518384,110363,1,0,1
1515792,110364,1,0,1
3150424,110365,1,1,0
6896808,110366,1,0,1
457864,110367,1,0,1
7514336,110368,1,1,0
535408,110369,1,1,0
4325280,110370,1,1,0
8041256,110371,1,1,0
1082912,110372,1,1,0
6385672,110373,1,1,0
306840,110374,1,0,1
641248,110375,1,1,0
146008,110376,1,1,0
1485320,110377,1,1,0
254760,110378,1,1,0
3719640,110379,1,1,0
5229952,110380,1,0,1
4096464,110381,1,0,1
2815312,110382,1,0,1
4685560,110383,1,1,0
8352472,110384,1,1,0
7548968,110385,1,1,0
1065096,110386,1,0,1
3812336,110387,1,0,1
4468456,110388,1,0,1
2389296,110389,1,1,0
1446352,110390,1,1,0
639576,110391,1,1,0
684040,110392,1,0,1
4303432,110393,1,0,1
429136,110394,1,1,0
5054536,110395,1,1,0
911368,110396,1,0,1
1774832,110397,1,0,1
821800,110398,1,0,1
766968,110399,1,0,1
6298272,110400,1,0,1
1261496,110401,1,0,1
4892168,110402,1,1,0
681816,110403,1,1,0
3605760,110404,1,1,0
2395520,110405,1,0,1
1597064,110406,1,0,1
5635560,110407,1,1,0
5173328,110408,1,1,0
6689728,110409,1,0,1
7186792,110410,1,1,0
8146088,110411,1,0,1
2025728,110412,1,1,0
955832,110413,1,1,0
5446112,110414,1,0,1
147224,110415,1,1,0
942736,110416,1,1,0
5363264,110417,1,1,0
4666992,110418,1,1,0
7074992,110419,1,1,0
1336672,110420,1,0,1
3094320,110421,1,1,0
4327392,110422,1,1,0
5688912,110423,1,0,1
7470640,110424,1,0,1
4401472,110425,1,1,0
249880,110426,1,0,1
8209208,110427,1,0,1
1580424,110428,1,1,0
738104,110429,1,0,1
928224,110430,1,1,0
2683976,110431,1,1,0
645488,110432,1,1,0
2275432,110433,1,0,1
6519384,110434,1,0,1
4861912,110435,1,1,0
2626560,110436,1,0,1
7175856,110437,1,1,0
320768,110438,1,0,1
4032128,110439,1,1,0
5072104,110440,1,1,0
5046896,110441,1,0,1
2707584,110442,1,1,0
6079160,110443,1,0,1
7966192,110444,1,0,1
286544,110445,1,1,0
1164400,110446,1,1,0
2201296,110447,1,1,0
2259088,110448,1,1,0
3876080,110449,1,0,1
1021432,110450,1,1,0
7762392,110451,1,1,0
2875600,110452,1,0,1
2924016,110453,1,0,1
1919168,110454,1,0,1
389680,110455,1,1,0
1158992,110456,1,0,1
1153720,110457,1,1,0
2777000,110458,1,0,1
1242008,110459,1,1,0
223120,110460,1,1,0
6645120,110461,1,0,1
5010936,110462,1,1,0
3065304,110463,1,0,1
5677656,110464,1,1,0
4008048,110465,1,0,1
3533992,110466,1,1,0
5166168,110467,1,0,1
4056304,110468,1,0,1
808768,110469,1,1,0
3065224,110470,1,0,1
2149312,110471,1,0,1
5193792,110472,1,0,1
4214032,110473,1,1,0
746584,110474,1,1,0
445664,110475,1,1,0
274792,110476,1,0,1
1791040,110477,1,0,1
726752,110478,1,1,0
223192,110479,1,0,1
7994016,110480,1,1,0
5071400,110481,1,1,0
2940640,110482,1,1,0
2748120,110483,1,1,0
7761280,110484,1,1,0
1063856,110485,1,1,0
5186896,110486,1,0,1
3043240,110487,1,1,0
1507936,110488,1,0,1
3626104,110489,1,1,0
2128368,110490,1,1,0
1303336,110491,1,1,0
5981072,110492,1,1,0
888160,110493,1,1,0
7353272,110494,1,0,1
3000464,110495,1,0,1
684384,110496,1,1,0
2199712,110497,1,1,0
388544,110498,1,1,0
4397624,110499,1,1,0
6559048,110500,1,0,1
942528,110501,1,0,1
1294312,110502,1,1,0
1994040,110503,1,1,0
174040,110504,1,1,0
5531024,110505,1,1,0
3030760,110506,1,0,1
770816,110507,1,0,1
1713464,110508,1,1,0
5887104,110509,1,0,1
6019160,110510,1,1,0
596584,110511,1,0,1
102008,110512,1,0,1
1823248,110513,1,1,0
2987904,110514,1,0,1
925992,110515,1,0,1
533088,110516,1,0,1
1860256,110517,1,1,0
8283880,110518,1,0,1
7438976,110519,1,0,1
4600984,110520,1,1,0
419064,110521,1,1,0
3286336,110522,1,1,0
764056,110523,1,0,1
5613592,110524,1,0,1
1568760,110525,1,1,0
446304,110526,1,1,0
439440,110527,1,1,0
8067056,110528,1,0,1
5249496,110529,1,1,0
7243392,110530,1,0,1
3574744,110531,1,1,0
986208,110532,1,1,0
336304,110533,1,0,1
638512,110534,1,0,1
4644928,110535,1,1,0
988480,110536,1,1,0
7830480,110537,1,0,1
296544,110538,1,0,1
3547640,110539,1,1,0
6030048,110540,1,1,0
2664536,110541,1,0,1
4974784,110542,1,1,0
4639432,110543,1,1,0
2822960,110544,1,1,0
5964592,110545,1,1,0
1382664,110546,1,0,1
1359000,110547,1,1,0
3861424,110548,1,0,1
7653520,110549,1,0,1
4820400,110550,1,1,0
3274160,110551,1,0,1
3068256,110552,1,0,1
3945856,110553,1,1,0
4447576,110554,1,0,1
548368,110555,1,1,0
1642032,110556,1,0,1
3579576,110557,1,0,1
4602040,110558,1,1,0
3219120,110559,1,0,1
1346896,110560,1,1,0
4953176,110561,1,0,1
3488840,110562,1,0,1
3459776,110563,1,0,1
444168,110564,1,0,1
2629304,110565,1,0,1
776792,110566,1,0,1
937424,110567,1,1,0
755512,110568,1,0,1
2249592,110569,1,0,1
152792,110570,1,1,0
7829768,110571,1,0,1
1695904,110572,1,0,1
2816904,110573,1,0,1
948312,110574,1,1,0
1086080,110575,1,0,1
5269576,110576,1,1,0
6751928,110577,1,0,1
746968,110578,1,0,1
5123008,110579,1,0,1
331136,110580,1,1,0
2912824,110581,1,1,0
199472,110582,1,0,1
816360,110583,1,1,0
1397296,110584,1,0,1
5515544,110585,1,0,1
372400,110586,1,1,0
4707536,110587,1,1,0
1553624,110588,1,1,0
429168,110589,1,1,0
2342696,110590,1,1,0
5954272,110591,1,0,1
2906456,110592,1,1,0
273784,110593,1,0,1
4918400,110594,1,1,0
1613728,110595,1,0,1
436368,110596,1,1,0
3595656,110597,1,0,1
7315464,110598,1,0,1
8145184,110599,1,0,1
5895256,110600,1,1,0
209408,110601,1,1,0
8185736,110602,1,0,1
906600,110603,1,0,1
1769552,110604,1,1,0
2282272,110605,1,1,0
1941616,110606,1,1,0
177296,110607,1,1,0
7628248,110608,1,0,1
968080,110609,1,0,1
1593304,110610,1,0,1
380288,110611,1,1,0
8003032,110612,1,0,1
2664056,110613,1,1,0
346704,110614,1,0,1
8044248,110615,1,1,0
138304,110616,1,0,1
822136,110617,1,0,1
1639864,110618,1,1,0
7113608,110619,1,1,0
2086144,110620,1,0,1
4245568,110621,1,0,1
1423424,110622,1,1,0
230248,110623,1,1,0
1190320,110624,1,1,0
2495752,110625,1,0,1
1421648,110626,1,0,1
3627184,110627,1,0,1
289208,110628,1,0,1
7587808,110629,1,1,0
4511424,110630,1,0,1
654512,110631,1,1,0
1863768,110632,1,0,1
5575616,110633,1,1,0
2410144,110634,1,1,0
1553288,110635,1,1,0
499856,110636,1,1,0
1923040,110637,1,1,0
1332320,110638,1,0,1
2628120,110639,1,1,0
856968,110640,1,0,1
3592112,110641,1,0,1
3626432,110642,1,1,0
3236056,110643,1,1,0
2725704,110644,1,1,0
4671648,110645,1,1,0
2868328,110646,1,0,1
5802464,110647,1,1,0
1420856,110648,1,0,1
1366944,110649,1,0,1
588792,110650,1,1,0
3756080,110651,1,0,1
7424384,110652,1,0,1
683968,110653,1,1,0
8231464,110654,1,0,1
1353552,110655,1,1,0
3215856,110656,1,1,0
598200,110657,1,0,1
4163288,110658,1,0,1
291848,110659,1,1,0
2142496,110660,1,0,1
2367976,110661,1,0,1
669128,110662,1,0,1
1088296,110663,1,0,1
2642392,110664,1,1,0
4622832,110665,1,1,0
8109864,110666,1,0,1
709712,110667,1,0,1
707312,110668,1,0,1
7889312,110669,1,1,0
230200,110670,1,0,1
488440,110671,1,0,1
5501944,110672,1,1,0
5852216,110673,1,1,0
3748840,110674,1,0,1
7756656,110675,1,0,1
5025616,110676,1,0,1
3412384,110677,1,1,0
1089936,110678,1,0,1
1404024,110679,1,1,0
6695608,110680,1,0,1
1326064,110681,1,0,1
538872,110682,1,0,1
2323328,110683,1,0,1
5602576,110684,1,0,1
2964032,110685,1,1,0
5397568,110686,1,0,1
388064,110687,1,0,1
3587064,110688,1,0,1
449352,110689,1,1,0
3674688,110690,1,1,0
417808,110691,1,1,0
5409128,110692,1,1,0
3939072,110693,1,1,0
2035448,110694,1,0,1
4481360,110695,1,0,1
7757392,110696,1,1,0
3132944,110697,1,0,1
3847848,110698,1,0,1
4681416,110699,1,1,0
3727592,110700,1,1,0
7765656,110701,1,0,1
1075656,110702,1,1,0
807032,110703,1,0,1
518384,110704,1,0,1
1911256,110705,1,0,1
2275080,110706,1,1,0
1895008,110707,1,0,1
1332808,110708,1,1,0
3088112,110709,1,1,0
1134912,110710,1,0,1
129048,110711,1,0,1
4046592,110712,1,0,1
631680,110713,1,0,1
3528400,110714,1,0,1
416808,110715,1,0,1
355664,110716,1,0,1
1119672,110717,1,0,1
6501104,110718,1,1,0
3511088,110719,1,0,1
644984,110720,1,1,0
1042408,110721,1,0,1
2292736,110722,1,0,1
377936,110723,1,0,1
1650800,110724,1,1,0
901536,110725,1,0,1
4185648,110726,1,0,1
4777864,110727,1,0,1
1064456,110728,1,0,1
1648648,110729,1,1,0
4018312,110730,1,1,0
3898984,110731,1,0,1
3324144,110732,1,0,1
1971448,110733,1,0,1
894912,110734,1,0,1
1715704,110735,1,0,1
1928976,110736,1,1,0
2421352,110737,1,0,1
392984,110738,1,0,1
1348768,110739,1,0,1
107712,110740,1,1,0
6544176,110741,1,0,1
3396128,110742,1,0,1
954400,110743,1,1,0
1589488,110744,1,1,0
1007688,110745,1,0,1
1751648,110746,1,0,1
2191176,110747,1,1,0
1263016,110748,1,0,1
340768,110749,1,0,1
1758512,110750,1,0,1
727824,110751,1,1,0
3632904,110752,1,1,0
5113328,110753,1,0,1
834552,110754,1,0,1
5066720,110755,1,1,0
3735344,110756,1,1,0
2890496,110757,1,0,1
2284456,110758,1,0,1
419688,110759,1,1,0
567904,110760,1,1,0
1103800,110761,1,0,1
1368520,110762,1,0,1
6111528,110763,1,1,0
1987384,110764,1,1,0
5000016,110765,1,1,0
2316744,110766,1,0,1
1395120,110767,1,1,0
1547848,110768,1,0,1
5592912,110769,1,0,1
4556216,110770,1,1,0
304248,110771,1,1,0
3016848,110772,1,1,0
1320728,110773,1,0,1
558128,110774,1,1,0
674288,110775,1,1,0
1859368,110776,1,1,0
1330984,110777,1,0,1
2636624,110778,1,0,1
1266096,110779,1,1,0
1385608,110780,1,0,1
7128936,110781,1,1,0
1045520,110782,1,0,1
6431240,110783,1,0,1
2150968,110784,1,0,1
1072712,110785,1,0,1
5638160,110786,1,1,0
223416,110787,1,0,1
244080,110788,1,0,1
699664,110789,1,0,1
561136,110790,1,1,0
1884200,110791,1,0,1
1274864,110792,1,1,0
4668912,110793,1,1,0
5930304,110794,1,0,1
1081512,110795,1,0,1
4494688,110796,1,0,1
2350128,110797,1,0,1
961656,110798,1,0,1
3434136,110799,1,0,1
932544,110800,1,0,1
5171224,110801,1,1,0
369472,110802,1,0,1
1038584,110803,1,1,0
7564248,110804,1,0,1
4496216,110805,1,1,0
1796368,110806,1,1,0
3750808,110807,1,0,1
1375056,110808,1,0,1
2111912,110809,1,0,1
1036736,110810,1,1,0
4774960,110811,1,1,0
6437600,110812,1,0,1
5922408,110813,1,1,0
584632,110814,1,1,0
919136,110815,1,0,1
491800,110816,1,0,1
518168,110817,1,0,1
2056888,110818,1,1,0
1909864,110819,1,0,1
473856,110820,1,1,0
1341368,110821,1,0,1
3237304,110822,1,0,1
1713432,110823,1,1,0
1231248,110824,1,1,0
7352824,110825,1,0,1
2147168,110826,1,0,1
4796800,110827,1,0,1
4263520,110828,1,0,1
869680,110829,1,1,0
4050656,110830,1,0,1
3084520,110831,1,1,0
1128728,110832,1,0,1
1964464,110833,1,1,0
87352,110834,1,0,1
1879408,110835,1,1,0
317296,110836,1,1,0
5400928,110837,1,1,0
3297304,110838,1,1,0
1836960,110839,1,1,0
4256896,110840,1,1,0
6320280,110841,1,1,0
2714512,110842,1,0,1
1871216,110843,1,1,0
720584,110844,1,1,0
4169720,110845,1,0,1
788120,110846,1,1,0
4416344,110847,1,0,1
2483552,110848,1,0,1
1763312,110849,1,1,0
1922176,110850,1,1,0
494032,110851,1,0,1
6255856,110852,1,0,1
601912,110853,1,0,1
2405056,110854,1,1,0
3006112,110855,1,0,1
322744,110856,1,1,0
1965232,110857,1,1,0
6156312,110858,1,0,1
1246520,110859,1,1,0
2563152,110860,1,0,1
1191536,110861,1,0,1
2948336,110862,1,1,0
3048872,110863,1,1,0
4116912,110864,1,0,1
2466216,110865,1,1,0
2223440,110866,1,0,1
927352,110867,1,0,1
396704,110868,1,1,0
6003584,110869,1,1,0
3618704,110870,1,1,0
6992504,110871,1,0,1
266288,110872,1,1,0
4727280,110873,1,0,1
1131640,110874,1,0,1
3986448,110875,1,0,1
869224,110876,1,1,0
934368,110877,1,1,0
4793344,110878,1,0,1
7775160,110879,1,0,1
2078952,110880,1,1,0
5609408,110881,1,1,0
209608,110882,1,0,1
560048,110883,1,1,0
1569656,110884,1,0,1
277560,110885,1,0,1
1225856,110886,1,1,0
454240,110887,1,0,1
3399760,110888,1,1,0
7186824,110889,1,1,0
3656120,110890,1,0,1
410600,110891,1,0,1
1175776,110892,1,1,0
1369192,110893,1,1,0
7677472,110894,1,1,0
2071440,110895,1,0,1
1072352,110896,1,0,1
2790008,110897,1,1,0
6456792,110898,1,1,0
3314976,110899,1,0,1
1109352,110900,1,0,1
3938584,110901,1,0,1
1131816,110902,1,1,0
7211648,110903,1,0,1
1811448,110904,1,1,0
4606688,110905,1,1,0
342344,110906,1,0,1
4977440,110907,1,1,0
900016,110908,1,1,0
3229160,110909,1,0,1
4840888,110910,1,1,0
380496,110911,1,1,0
269872,110912,1,1,0
6331592,110913,1,0,1
6407992,110914,1,1,0
3488976,110915,1,0,1
490480,110916,1,0,1
1241856,110917,1,1,0
1062864,110918,1,0,1
5684208,110919,1,0,1
862104,110920,1,1,0
3880240,110921,1,0,1
698568,110922,1,0,1
1214728,110923,1,0,1
1931968,110924,1,1,0
1532248,110925,1,1,0
4395040,110926,1,0,1
7500992,110927,1,0,1
2920152,110928,1,0,1
705968,110929,1,0,1
7299488,110930,1,0,1
452800,110931,1,0,1
1762248,110932,1,0,1
4167768,110933,1,0,1
1659896,110934,1,0,1
589080,110935,1,1,0
712848,110936,1,0,1
4182656,110937,1,1,0
5145544,110938,1,1,0
175768,110939,1,0,1
7315120,110940,1,1,0
366768,110941,1,1,0
3865264,110942,1,1,0
1044336,110943,1,0,1
7343528,110944,1,0,1
1766280,110945,1,0,1
2254640,110946,1,1,0
1570968,110947,1,1,0
449072,110948,1,0,1
863576,110949,1,0,1
7010328,110950,1,1,0
939584,110951,1,0,1
3052832,110952,1,0,1
453424,110953,1,0,1
286312,110954,1,1,0
970272,110955,1,1,0
6492936,110956,1,0,1
4729872,110957,1,1,0
1539728,110958,1,0,1
1761432,110959,1,0,1
7220440,110960,1,1,0
8252960,110961,1,1,0
967840,110962,1,1,0
151104,110963,1,0,1
1718904,110964,1,0,1
4138160,110965,1,1,0
1559408,110966,1,0,1
5776752,110967,1,1,0
410400,110968,1,0,1
1928320,110969,1,1,0
1089608,110970,1,0,1
2973160,110971,1,1,0
794464,110972,1,1,0
6925944,110973,1,0,1
1755832,110974,1,1,0
3017856,110975,1,0,1
3932128,110976,1,1,0
310832,110977,1,0,1
1662112,110978,1,1,0
1396376,110979,1,0,1
1783176,110980,1,0,1
1834152,110981,1,0,1
382432,110982,1,0,1
335664,110983,1,0,1
194040,110984,1,0,1
7971704,110985,1,0,1
2480256,110986,1,1,0
4787584,110987,1,1,0
1735216,110988,1,1,0
3659496,110989,1,1,0
3245568,110990,1,0,1
6812136,110991,1,0,1
5612440,110992,1,0,1
8072224,110993,1,1,0
4349088,110994,1,1,0
5576808,110995,1,1,0
1485560,110996,1,1,0
4602816,110997,1,1,0
129328,110998,1,1,0
2289944,110999,1,0,1
669312,111000,1,0,1
7553176,111001,1,0,1
4173976,111002,1,1,0
917312,111003,1,1,0
2052592,111004,1,1,0
519936,111005,1,0,1
3558056,111006,1,0,1
2976440,111007,1,1,0
392144,111008,1,1,0
2593320,111009,1,1,0
5376648,111010,1,1,0
3386864,111011,1,0,1
4633136,111012,1,0,1
8375016,111013,1,1,0
302640,111014,1,1,0
606144,111015,1,1,0
1158376,111016,1,0,1
7832296,111017,1,1,0
671712,111018,1,1,0
3065208,111019,1,0,1
8112944,111020,1,1,0
878344,111021,1,1,0
4178072,111022,1,1,0
3098456,111023,1,0,1
7249360,111024,1,0,1
1227592,111025,1,0,1
5016224,111026,1,1,0
863872,111027,1,0,1
8197984,111028,1,1,0
443736,111029,1,1,0
487400,111030,1,0,1
428520,111031,1,0,1
3544248,111032,1,0,1
1558376,111033,1,1,0
5246880,111034,1,0,1
648232,111035,1,1,0
4704512,111036,1,1,0
5520728,111037,1,0,1
5633080,111038,1,1,0
5495136,111039,1,0,1
2323192,111040,1,0,1
1051992,111041,1,1,0
3203544,111042,1,0,1
5422888,111043,1,1,0
1484096,111044,1,0,1
4121720,111045,1,0,1
1607296,111046,1,1,0
643688,111047,1,1,0
1479904,111048,1,0,1
765200,111049,1,1,0
326432,111050,1,0,1
534168,111051,1,1,0
1093456,111052,1,0,1
3807256,111053,1,1,0
624760,111054,1,0,1
1991280,111055,1,0,1
7059448,111056,1,1,0
2177880,111057,1,1,0
235984,111058,1,1,0
7425992,111059,1,1,0
1573584,111060,1,1,0
198264,111061,1,1,0
7098632,111062,1,1,0
113832,111063,1,1,0
7026264,111064,1,1,0
4523648,111065,1,1,0
4427960,111066,1,0,1
209536,111067,1,1,0
8153432,111068,1,0,1
558920,111069,1,1,0
351328,111070,1,1,0
1623424,111071,1,1,0
3832392,111072,1,0,1
425032,111073,1,0,1
4814800,111074,1,0,1
3050784,111075,1,0,1
6668296,111076,1,0,1
1353184,111077,1,0,1
3863632,111078,1,0,1
302440,111079,1,1,0
4024816,111080,1,1,0
6113592,111081,1,1,0
3031112,111082,1,1,0
6541256,111083,1,1,0
8314920,111084,1,1,0
2519432,111085,1,0,1
2954824,111086,1,1,0
1227544,111087,1,1,0
276632,111088,1,1,0
1162560,111089,1,1,0
3369496,111090,1,0,1
2013400,111091,1,1,0
5822424,111092,1,0,1
3388744,111093,1,1,0
4766368,111094,1,1,0
7149672,111095,1,0,1
977464,111096,1,0,1
5819536,111097,1,0,1
3009368,111098,1,1,0
532184,111099,1,1,0
211304,111100,1,0,1
4000416,111101,1,1,0
1372472,111102,1,1,0
1209928,111103,1,0,1
3719376,111104,1,1,0
2421824,111105,1,1,0
776544,111106,1,0,1
353960,111107,1,0,1
7034280,111108,1,0,1
812904,111109,1,0,1
464544,111110,1,1,0
1350448,111111,1,1,0
231608,111112,1,0,1
688960,111113,1,1,0
203864,111114,1,0,1
3911720,111115,1,1,0
2740920,111116,1,0,1
5828136,111117,1,0,1
136224,111118,1,0,1
7337760,111119,1,1,0
1789408,111120,1,1,0
333272,111121,1,0,1
4831832,111122,1,1,0
3339256,111123,1,0,1
348112,111124,1,1,0
416136,111125,1,0,1
6168512,111126,1,0,1
5788320,111127,1,1,0
5349328,111128,1,0,1
697960,111129,1,0,1
436584,111130,1,1,0
5786728,111131,1,1,0
1539464,111132,1,0,1
6934936,111133,1,1,0
1646736,111134,1,0,1
456408,111135,1,1,0
6005304,111136,1,0,1
3334488,111137,1,0,1
6049488,111138,1,1,0
624256,111139,1,1,0
1767656,111140,1,0,1
240816,111141,1,1,0
107992,111142,1,1,0
1558720,111143,1,1,0
2556160,111144,1,1,0
5455056,111145,1,1,0
6450104,111146,1,0,1
6337000,111147,1,1,0
807168,111148,1,0,1
398576,111149,1,0,1
839632,111150,1,0,1
198576,111151,1,1,0
467456,111152,1,1,0
2155136,111153,1,0,1
8135032,111154,1,1,0
2138480,111155,1,1,0
990768,111156,1,0,1
389872,111157,1,1,0
2352704,111158,1,0,1
4727888,111159,1,1,0
5332992,111160,1,1,0
6391656,111161,1,0,1
6613600,111162,1,0,1
6853856,111163,1,1,0
2807728,111164,1,0,1
5082872,111165,1,0,1
7012744,111166,1,1,0
98632,111167,1,1,0
5540920,111168,1,1,0
6615120,111169,1,1,0
2087664,111170,1,1,0
5036664,111171,1,1,0
315984,111172,1,0,1
107880,111173,1,0,1
1148568,111174,1,1,0
1769056,111175,1,1,0
522704,111176,1,0,1
514680,111177,1,1,0
1407528,111178,1,0,1
3136384,111179,1,1,0
6352808,111180,1,0,1
4930800,111181,1,0,1
5309584,111182,1,1,0
1868272,111183,1,0,1
1837608,111184,1,0,1
2747816,111185,1,1,0
3109232,111186,1,1,0
918824,111187,1,0,1
192040,111188,1,1,0
2306104,111189,1,1,0
3750080,111190,1,0,1
4038048,111191,1,1,0
4784880,111192,1,1,0
528984,111193,1,1,0
4830344,111194,1,1,0
2326264,111195,1,0,1
3487048,111196,1,1,0
7057832,111197,1,0,1
3002872,111198,1,0,1
6900992,111199,1,1,0
2402496,111200,1,1,0
6892600,111201,1,0,1
807648,111202,1,1,0
4314496,111203,1,1,0
5786968,111204,1,0,1
1365424,111205,1,1,0
907824,111206,1,0,1
5969160,111207,1,1,0
1433936,111208,1,0,1
533824,111209,1,1,0
2129224,111210,1,1,0
3495360,111211,1,0,1
3280704,111212,1,0,1
2758176,111213,1,1,0
2794656,111214,1,1,0
189296,111215,1,1,0
8084000,111216,1,1,0
916552,111217,1,1,0
4566416,111218,1,0,1
2142072,111219,1,0,1
1498904,111220,1,1,0
559088,111221,1,1,0
6424824,111222,1,0,1
1927248,111223,1,0,1
765840,111224,1,1,0
1088600,111225,1,0,1
522552,111226,1,0,1
759144,111227,1,0,1
199096,111228,1,0,1
1836816,111229,1,1,0
4101800,111230,1,1,0
2676840,111231,1,1,0
114256,111232,1,0,1
596472,111233,1,1,0
6050304,111234,1,0,1
917432,111235,1,0,1
815896,111236,1,1,0
1446984,111237,1,1,0
257824,111238,1,0,1
1639472,111239,1,0,1
199776,111240,1,1,0
6093680,111241,1,1,0
648216,111242,1,1,0
3737112,111243,1,0,1
6810656,111244,1,0,1
585728,111245,1,0,1
4743640,111246,1,0,1
1763368,111247,1,1,0
438312,111248,1,1,0
2461672,111249,1,1,0
2986552,111250,1,1,0
2742376,111251,1,1,0
479392,111252,1,1,0
759600,111253,1,1,0
4122768,111254,1,0,1
446792,111255,1,1,0
856576,111256,1,0,1
1688480,111257,1,1,0
4718008,111258,1,1,0
3984360,111259,1,1,0
3604352,111260,1,0,1
3068680,111261,1,1,0
4259320,111262,1,0,1
1321312,111263,1,0,1
2050528,111264,1,0,1
6218144,111265,1,1,0
683840,111266,1,1,0
5277184,111267,1,1,0
3156104,111268,1,1,0
1035520,111269,1,1,0
3445528,111270,1,1,0
657560,111271,1,0,1
1837136,111272,1,1,0
3725976,111273,1,0,1
481016,111274,1,1,0
680856,111275,1,1,0
680816,111276,1,0,1
482592,111277,1,1,0
4485320,111278,1,0,1
5073992,111279,1,0,1
6339568,111280,1,1,0
6188520,111281,1,1,0
6606064,111282,1,0,1
1500912,111283,1,0,1
4362096,111284,1,1,0
845176,111285,1,1,0
7531152,111286,1,0,1
5090096,111287,1,0,1
756304,111288,1,0,1
425984,111289,1,0,1
2624632,111290,1,1,0
5292672,111291,1,0,1
5700880,111292,1,0,1
4006072,111293,1,1,0
5816432,111294,1,1,0
1941400,111295,1,1,0
4668296,111296,1,1,0
729608,111297,1,0,1
2062736,111298,1,1,0
2208440,111299,1,1,0
1722320,111300,1,1,0
6243040,111301,1,1,0
1722112,111302,1,1,0
2554624,111303,1,0,1
1707104,111304,1,0,1
1459880,111305,1,0,1
596776,111306,1,0,1
5334256,111307,1,0,1
538768,111308,1,0,1
6540176,111309,1,1,0
4159016,111310,1,1,0
2455440,111311,1,0,1
1076536,111312,1,0,1
3974568,111313,1,0,1
2872752,111314,1,0,1
2858256,111315,1,0,1
5473512,111316,1,1,0
527008,111317,1,0,1
423416,111318,1,1,0
1372128,111319,1,1,0
2914432,111320,1,1,0
3846792,111321,1,0,1
383376,111322,1,1,0
3685472,111323,1,1,0
1522488,111324,1,0,1
1395096,111325,1,1,0
2291544,111326,1,0,1
1550392,111327,1,1,0
6457192,111328,1,0,1
2524232,111329,1,1,0
5293984,111330,1,1,0
3088320,111331,1,1,0
2100088,111332,1,1,0
6381872,111333,1,1,0
1571504,111334,1,0,1
2293560,111335,1,1,0
5310608,111336,1,0,1
2381664,111337,1,0,1
3881688,111338,1,1,0
2241760,111339,1,1,0
2672856,111340,1,0,1
5242184,111341,1,1,0
1487424,111342,1,0,1
6775512,111343,1,0,1
867552,111344,1,0,1
4010376,111345,1,0,1
1765616,111346,1,0,1
362440,111347,1,0,1
219088,111348,1,1,0
788184,111349,1,1,0
2814224,111350,1,0,1
6008336,111351,1,1,0
448632,111352,1,0,1
5067672,111353,1,0,1
8352544,111354,1,0,1
879184,111355,1,1,0
5953048,111356,1,0,1
1396448,111357,1,0,1
838936,111358,1,0,1
5209040,111359,1,1,0
1507648,111360,1,1,0
1445232,111361,1,0,1
4914600,111362,1,1,0
527264,111363,1,1,0
661000,111364,1,0,1
1389336,111365,1,1,0
3205216,111366,1,0,1
652520,111367,1,1,0
2058376,111368,1,1,0
5087136,111369,1,1,0
2124136,111370,1,1,0
145136,111371,1,1,0
1663456,111372,1,0,1
3324432,111373,1,1,0
420232,111374,1,0,1
1567576,111375,1,1,0
3395968,111376,1,0,1
1142352,111377,1,1,0
309832,111378,1,0,1
5112488,111379,1,0,1
902888,111380,1,0,1
610528,111381,1,0,1
5453640,111382,1,0,1
4602592,111383,1,1,0
3096776,111384,1,1,0
5203232,111385,1,0,1
6968592,111386,1,0,1
838128,111387,1,0,1
1345688,111388,1,0,1
8074896,111389,1,0,1
285176,111390,1,0,1
790832,111391,1,1,0
6591904,111392,1,0,1
4134824,111393,1,1,0
3056840,111394,1,1,0
1644808,111395,1,0,1
6001624,111396,1,1,0
2367712,111397,1,1,0
664064,111398,1,1,0
4765816,111399,1,1,0
7948600,111400,1,1,0
4681976,111401,1,1,0
3766984,111402,1,0,1
513392,111403,1,1,0
2193416,111404,1,0,1
841240,111405,1,0,1
4962784,111406,1,0,1
831480,111407,1,0,1
946232,111408,1,0,1
3452160,111409,1,1,0
600664,111410,1,0,1
652192,111411,1,1,0
3026720,111412,1,1,0
6723976,111413,1,0,1
1154248,111414,1,0,1
7770064,111415,1,1,0
5093904,111416,1,0,1
2026680,111417,1,0,1
3909688,111418,1,1,0
2001088,111419,1,0,1
212488,111420,1,0,1
236512,111421,1,1,0
3405184,111422,1,0,1
1787672,111423,1,1,0
3026984,111424,1,1,0
1784184,111425,1,1,0
1177808,111426,1,0,1
320568,111427,1,1,0
629368,111428,1,1,0
1430720,111429,1,1,0
4559440,111430,1,1,0
996168,111431,1,0,1
1937608,111432,1,0,1
1314592,111433,1,0,1
768792,111434,1,0,1
1106336,111435,1,1,0
3057872,111436,1,0,1
2993736,111437,1,0,1
7582440,111438,1,1,0
5814376,111439,1,1,0
1635336,111440,1,1,0
2832888,111441,1,1,0
329752,111442,1,0,1
1851064,111443,1,1,0
1482096,111444,1,1,0
5316912,111445,1,0,1
8386728,111446,1,1,0
3714272,111447,1,1,0
455864,111448,1,1,0
2644464,111449,1,0,1
903936,111450,1,1,0
4443136,111451,1,1,0
1234488,111452,1,0,1
4200000,111453,1,1,0
646656,111454,1,1,0
781176,111455,1,1,0
672128,111456,1,1,0
4652024,111457,1,1,0
892120,111458,1,1,0
625504,111459,1,1,0
1974040,111460,1,0,1
3431584,111461,1,0,1
1286168,111462,1,0,1
1678624,111463,1,1,0
194760,111464,1,0,1
656656,111465,1,0,1
8078960,111466,1,0,1
642384,111467,1,1,0
1988456,111468,1,1,0
7324184,111469,1,0,1
6917840,111470,1,0,1
4318912,111471,1,1,0
2817384,111472,1,1,0
2044040,111473,1,0,1
346848,111474,1,0,1
1609184,111475,1,0,1
555496,111476,1,1,0
5799848,111477,1,1,0
3284280,111478,1,1,0
7524080,111479,1,0,1
1781952,111480,1,1,0
3142680,111481,1,0,1
124992,111482,1,1,0
2122504,111483,1,0,1
1900904,111484,1,1,0
3472032,111485,1,1,0
1604544,111486,1,1,0
1948664,111487,1,0,1
2859704,111488,1,0,1
5838896,111489,1,0,1
895320,111490,1,0,1
6474280,111491,1,0,1
3871120,111492,1,1,0
4435496,111493,1,0,1
1071488,111494,1,0,1
4676208,111495,1,0,1
332912,111496,1,1,0
4194344,111497,1,0,1
4924776,111498,1,1,0
6729512,111499,1,0,1
876536,111500,1,1,0
4094600,111501,1,1,0
778400,111502,1,1,0
6360856,111503,1,1,0
600752,111504,1,1,0
2973088,111505,1,0,1
4788416,111506,1,0,1
4898712,111507,1,0,1
1454104,111508,1,0,1
841248,111509,1,1,0
5838888,111510,1,1,0
4173416,111511,1,1,0
3170608,111512,1,0,1
2956368,111513,1,0,1
2039688,111514,1,0,1
2268848,111515,1,1,0
2288320,111516,1,1,0
4487408,111517,1,0,1
7427512,111518,1,0,1
6121928,111519,1,0,1
2564416,111520,1,0,1
1514600,111521,1,0,1
299760,111522,1,0,1
2461288,111523,1,0,1
2119664,111524,1,0,1
888136,111525,1,1,0
1282992,111526,1,0,1
433704,111527,1,1,0
5178424,111528,1,1,0
3091920,111529,1,0,1
975952,111530,1,0,1
2280056,111531,1,0,1
4841792,111532,1,1,0
1273480,111533,1,0,1
2095248,111534,1,1,0
3433912,111535,1,0,1
827928,111536,1,1,0
1024920,111537,1,1,0
1781984,111538,1,1,0
6433088,111539,1,0,1
1616824,111540,1,1,0
362392,111541,1,1,0
7686592,111542,1,1,0
2178024,111543,1,1,0
1038528,111544,1,1,0
2649568,111545,1,1,0
5445416,111546,1,0,1
2755776,111547,1,0,1
6368792,111548,1,1,0
1061840,111549,1,1,0
3419832,111550,1,1,0
3732656,111551,1,1,0
4137344,111552,1,0,1
5270760,111553,1,0,1
369384,111554,1,0,1
3303680,111555,1,0,1
577824,111556,1,1,0
3366992,111557,1,1,0
6654432,111558,1,1,0
2298872,111559,1,1,0
2962384,111560,1,1,0
555656,111561,1,0,1
317448,111562,1,0,1
612176,111563,1,0,1
392528,111564,1,0,1
1011544,111565,1,0,1
231016,111566,1,0,1
1367880,111567,1,0,1
7010648,111568,1,0,1
2258592,111569,1,1,0
459048,111570,1,0,1
1154024,111571,1,1,0
128672,111572,1,1,0
5258568,111573,1,1,0
953552,111574,1,1,0
2449488,111575,1,1,0
8238568,111576,1,1,0
5006040,111577,1,0,1
2492016,111578,1,1,0
7517848,111579,1,1,0
7032800,111580,1,0,1
687680,111581,1,1,0
1357208,111582,1,1,0
2193552,111583,1,1,0
6834680,111584,1,0,1
3051672,111585,1,0,1
831304,111586,1,1,0
243088,111587,1,0,1
3958216,111588,1,1,0
8291176,111589,1,1,0
935656,111590,1,0,1
3076240,111591,1,0,1
7341512,111592,1,1,0
3154336,111593,1,0,1
1619928,111594,1,1,0
5406384,111595,1,0,1
4992784,111596,1,1,0
160864,111597,1,0,1
652640,111598,1,1,0
520712,111599,1,1,0
8196648,111600,1,0,1
1111488,111601,1,0,1
280992,111602,1,0,1
2482264,111603,1,0,1
513264,111604,1,1,0
7747584,111605,1,1,0
1118800,111606,1,1,0
910776,111607,1,1,0
1960568,111608,1,0,1
7538680,111609,1,1,0
1586800,111610,1,0,1
8111152,111611,1,0,1
351488,111612,1,1,0
7414504,111613,1,1,0
3592848,111614,1,0,1
6547800,111615,1,0,1
378872,111616,1,1,0
2142928,111617,1,0,1
7242424,111618,1,0,1
1316808,111619,1,0,1
1215736,111620,1,1,0
384056,111621,1,0,1
5978776,111622,1,1,0
6492776,111623,1,1,0
6107536,111624,1,1,0
1650488,111625,1,1,0
5424008,111626,1,1,0
3612608,111627,1,1,0
2826112,111628,1,0,1
2663432,111629,1,1,0
209064,111630,1,0,1
6558760,111631,1,0,1
2976600,111632,1,0,1
3904184,111633,1,1,0
3140088,111634,1,0,1
860080,111635,1,1,0
643744,111636,1,1,0
833064,111637,1,1,0
6864784,111638,1,0,1
7973192,111639,1,0,1
455992,111640,1,0,1
7699352,111641,1,1,0
373512,111642,1,0,1
5107168,111643,1,0,1
699192,111644,1,0,1
2583000,111645,1,0,1
1347296,111646,1,0,1
1318448,111647,1,1,0
3487728,111648,1,1,0
2418960,111649,1,0,1
7526384,111650,1,1,0
300240,111651,1,1,0
1839752,111652,1,0,1
4421296,111653,1,0,1
679064,111654,1,1,0
154144,111655,1,0,1
4907312,111656,1,0,1
4964296,111657,1,0,1
583728,111658,1,0,1
7085896,111659,1,0,1
6498720,111660,1,1,0
4244528,111661,1,1,0
7693408,111662,1,1,0
4699008,111663,1,1,0
146808,111664,1,1,0
3727120,111665,1,1,0
3637416,111666,1,0,1
3617752,111667,1,0,1
4502520,111668,1,0,1
7868616,111669,1,0,1
7061184,111670,1,0,1
2312528,111671,1,1,0
1047952,111672,1,0,1
228648,111673,1,1,0
7547328,111674,1,1,0
3363464,111675,1,0,1
1110424,111676,1,1,0
5337712,111677,1,0,1
8160480,111678,1,0,1
448824,111679,1,1,0
3960584,111680,1,0,1
5872992,111681,1,1,0
693768,111682,1,0,1
759048,111683,1,0,1
3348904,111684,1,0,1
5233848,111685,1,0,1
1943592,111686,1,0,1
1908024,111687,1,1,0
2942728,111688,1,0,1
5050128,111689,1,1,0
2264864,111690,1,1,0
163728,111691,1,0,1
152640,111692,1,1,0
1305680,111693,1,1,0
6048248,111694,1,1,0
2132696,111695,1,0,1
3167416,111696,1,1,0
4322464,111697,1,0,1
1036880,111698,1,0,1
6071640,111699,1,0,1
2819112,111700,1,0,1
5688528,111701,1,0,1
781576,111702,1,1,0
964152,111703,1,1,0
757464,111704,1,0,1
1253176,111705,1,1,0
4489192,111706,1,0,1
5688280,111707,1,0,1
6129112,111708,1,0,1
2466128,111709,1,1,0
3731816,111710,1,1,0
3197536,111711,1,1,0
6432720,111712,1,1,0
6975320,111713,1,1,0
3547840,111714,1,0,1
983144,111715,1,0,1
718448,111716,1,0,1
3727360,111717,1,0,1
3990344,111718,1,1,0
835136,111719,1,0,1
269880,111720,1,0,1
3707032,111721,1,1,0
1271392,111722,1,0,1
5392368,111723,1,1,0
2344728,111724,1,0,1
2033104,111725,1,0,1
4244152,111726,1,0,1
7829536,111727,1,1,0
3995320,111728,1,1,0
3091736,111729,1,0,1
2054920,111730,1,1,0
3432272,111731,1,1,0
638672,111732,1,1,0
1312280,111733,1,1,0
1268008,111734,1,0,1
2800424,111735,1,0,1
662264,111736,1,0,1
5028656,111737,1,0,1
3040896,111738,1,0,1
7724112,111739,1,1,0
5929720,111740,1,0,1
6549664,111741,1,0,1
4490872,111742,1,1,0
789352,111743,1,1,0
1444760,111744,1,0,1
8058192,111745,1,1,0
3446752,111746,1,1,0
2492280,111747,1,0,1
882240,111748,1,1,0
2263312,111749,1,1,0
577496,111750,1,1,0
3898232,111751,1,1,0
2078984,111752,1,0,1
2917384,111753,1,1,0
3834496,111754,1,1,0
4857544,111755,1,1,0
6576656,111756,1,1,0
1234760,111757,1,0,1
3390344,111758,1,0,1
254664,111759,1,1,0
1787384,111760,1,1,0
491712,111761,1,1,0
4743488,111762,1,1,0
958952,111763,1,1,0
3819248,111764,1,0,1
1704568,111765,1,0,1
4974464,111766,1,0,1
5187528,111767,1,0,1
652992,111768,1,1,0
3583744,111769,1,1,0
1501240,111770,1,1,0
1442992,111771,1,1,0
1210760,111772,1,1,0
2472776,111773,1,1,0
4162280,111774,1,0,1
2846520,111775,1,0,1
7638048,111776,1,0,1
7768848,111777,1,1,0
628608,111778,1,1,0
3181992,111779,1,0,1
1928472,111780,1,0,1
823256,111781,1,1,0
681248,111782,1,0,1
7158320,111783,1,0,1
1925360,111784,1,1,0
4486320,111785,1,0,1
227416,111786,1,1,0
1460184,111787,1,0,1
703256,111788,1,1,0
584184,111789,1,1,0
7657752,111790,1,0,1
6900680,111791,1,1,0
1078720,111792,1,0,1
208072,111793,1,1,0
922424,111794,1,0,1
2237160,111795,1,1,0
963616,111796,1,0,1
1612352,111797,1,1,0
970112,111798,1,0,1
5136784,111799,1,1,0
3050368,111800,1,0,1
1350600,111801,1,0,1
606456,111802,1,0,1
2709776,111803,1,1,0
4093224,111804,1,0,1
8291552,111805,1,0,1
859840,111806,1,1,0
8144424,111807,1,1,0
481720,111808,1,0,1
3176664,111809,1,0,1
8210600,111810,1,1,0
1707800,111811,1,1,0
5708016,111812,1,0,1
2834632,111813,1,0,1
4782968,111814,1,1,0
3847752,111815,1,0,1
3046120,111816,1,0,1
2579616,111817,1,1,0
692664,111818,1,0,1
373080,111819,1,0,1
1682160,111820,1,0,1
737624,111821,1,1,0
6084896,111822,1,1,0
3256760,111823,1,1,0
2309328,111824,1,0,1
747856,111825,1,1,0
3918744,111826,1,1,0
2528760,111827,1,1,0
2361760,111828,1,1,0
1598712,111829,1,1,0
2132400,111830,1,1,0
638424,111831,1,0,1
2505184,111832,1,0,1
2312664,111833,1,0,1
7614184,111834,1,0,1
4120024,111835,1,1,0
5553784,111836,1,0,1
2903416,111837,1,1,0
3007720,111838,1,1,0
7356960,111839,1,1,0
6001784,111840,1,1,0
5656056,111841,1,1,0
3974440,111842,1,0,1
3251176,111843,1,0,1
485088,111844,1,1,0
2520616,111845,1,0,1
2118696,111846,1,1,0
281168,111847,1,1,0
1083400,111848,1,0,1
213200,111849,1,0,1
2936304,111850,1,1,0
3281712,111851,1,1,0
1448904,111852,1,1,0
5670376,111853,1,1,0
3294864,111854,1,1,0
3252584,111855,1,1,0
743968,111856,1,0,1
1216736,111857,1,1,0
383872,111858,1,0,1
1996544,111859,1,0,1
4938560,111860,1,1,0
8280888,111861,1,1,0
805432,111862,1,0,1
1266928,111863,1,0,1
803848,111864,1,1,0
8302600,111865,1,1,0
1034128,111866,1,0,1
5218360,111867,1,1,0
1617280,111868,1,1,0
7443648,111869,1,1,0
812208,111870,1,1,0
5108224,111871,1,0,1
857672,111872,1,0,1
3863688,111873,1,1,0
586624,111874,1,1,0
8030152,111875,1,0,1
5487624,111876,1,0,1
1048720,111877,1,0,1
774400,111878,1,0,1
3321584,111879,1,0,1
2604192,111880,1,0,1
5395744,111881,1,1,0
3013336,111882,1,0,1
3528416,111883,1,1,0
1062504,111884,1,0,1
7771136,111885,1,1,0
2269560,111886,1,1,0
2195328,111887,1,1,0
8234712,111888,1,1,0
5663896,111889,1,0,1
2160600,111890,1,0,1
2494504,111891,1,0,1
6959016,111892,1,0,1
3824360,111893,1,0,1
2548632,111894,1,1,0
1210360,111895,1,1,0
2019600,111896,1,1,0
3142392,111897,1,0,1
1492504,111898,1,0,1
4150912,111899,1,1,0
4125440,111900,1,1,0
6370096,111901,1,0,1
2381832,111902,1,1,0
6737216,111903,1,1,0
3820312,111904,1,1,0
956440,111905,1,0,1
395704,111906,1,1,0
4853888,111907,1,0,1
1447720,111908,1,0,1
4680912,111909,1,1,0
1781144,111910,1,1,0
697896,111911,1,1,0
1299528,111912,1,1,0
2526584,111913,1,1,0
7763272,111914,1,1,0
986832,111915,1,1,0
848024,111916,1,1,0
3045528,111917,1,1,0
3713992,111918,1,1,0
3042136,111919,1,0,1
2790096,111920,1,1,0
1844696,111921,1,0,1
1175976,111922,1,0,1
4902056,111923,1,1,0
229512,111924,1,1,0
1323304,111925,1,0,1
6505584,111926,1,1,0
1692104,111927,1,1,0
7272096,111928,1,0,1
606040,111929,1,0,1
708624,111930,1,0,1
969608,111931,1,0,1
1337824,111932,1,0,1
4810104,111933,1,1,0
3993184,111934,1,0,1
2542840,111935,1,0,1
4174888,111936,1,1,0
8080672,111937,1,0,1
6511632,111938,1,1,0
3228216,111939,1,1,0
2157912,111940,1,0,1
887544,111941,1,0,1
5150616,111942,1,1,0
1395256,111943,1,1,0
315008,111944,1,1,0
970008,111945,1,1,0
712528,111946,1,0,1
638136,111947,1,0,1
6410976,111948,1,0,1
7586472,111949,1,1,0
1225936,111950,1,0,1
349336,111951,1,0,1
5651232,111952,1,1,0
231080,111953,1,1,0
5392744,111954,1,1,0
1072224,111955,1,1,0
912936,111956,1,0,1
1184512,111957,1,0,1
1635760,111958,1,0,1
1580760,111959,1,1,0
511560,111960,1,1,0
1285192,111961,1,1,0
1247024,111962,1,0,1
1375544,111963,1,0,1
3792320,111964,1,0,1
997568,111965,1,1,0
93184,111966,1,1,0
935600,111967,1,0,1
8083104,111968,1,0,1
274368,111969,1,1,0
4758816,111970,1,0,1
2818696,111971,1,1,0
3128864,111972,1,1,0
3594376,111973,1,1,0
7482384,111974,1,1,0
3006976,111975,1,1,0
5674272,111976,1,1,0
888120,111977,1,1,0
2873232,111978,1,0,1
1547248,111979,1,1,0
1340480,111980,1,0,1
580104,111981,1,1,0
537800,111982,1,0,1
6511856,111983,1,0,1
2118856,111984,1,0,1
357088,111985,1,1,0
8123400,111986,1,0,1
1897824,111987,1,1,0
2825232,111988,1,0,1
610416,111989,1,0,1
676520,111990,1,0,1
906304,111991,1,0,1
2817320,111992,1,1,0
1378984,111993,1,0,1
560152,111994,1,0,1
1905968,111995,1,1,0
5138376,111996,1,0,1
3999928,111997,1,0,1
310696,111998,1,1,0
4098344,111999,1,0,1
248248,112000,1,1,0
1102960,112001,1,0,1
241960,112002,1,0,1
151024,112003,1,0,1
8149024,112004,1,1,0
3724216,112005,1,0,1
1157888,112006,1,1,0
1936160,112007,1,1,0
326960,112008,1,1,0
523448,112009,1,0,1
774512,112010,1,0,1
2893960,112011,1,1,0
2156880,112012,1,1,0
6984520,112013,1,0,1
3098376,112014,1,1,0
3243792,112015,1,1,0
569600,112016,1,1,0
1105200,112017,1,1,0
4948200,112018,1,0,1
4713944,112019,1,0,1
1822760,112020,1,0,1
708400,112021,1,1,0
482376,112022,1,0,1
8163584,112023,1,0,1
1046624,112024,1,0,1
695440,112025,1,1,0
2906560,112026,1,0,1
5484384,112027,1,0,1
1594696,112028,1,0,1
1124672,112029,1,1,0
193624,112030,1,1,0
6465312,112031,1,0,1
5833072,112032,1,1,0
1992184,112033,1,1,0
2323440,112034,1,0,1
5230552,112035,1,1,0
4637720,112036,1,0,1
4529144,112037,1,1,0
4040072,112038,1,0,1
6168784,112039,1,1,0
7405280,112040,1,0,1
3172440,112041,1,0,1
2699520,112042,1,0,1
5448400,112043,1,1,0
8184224,112044,1,1,0
603608,112045,1,1,0
4885272,112046,1,0,1
1588360,112047,1,1,0
2944208,112048,1,0,1
2352144,112049,1,1,0
5108920,112050,1,1,0
4747856,112051,1,1,0
672704,112052,1,0,1
831168,112053,1,1,0
3186048,112054,1,0,1
896616,112055,1,1,0
1927744,112056,1,1,0
1220088,112057,1,1,0
2513960,112058,1,1,0
1492568,112059,1,0,1
1564736,112060,1,0,1
4191464,112061,1,0,1
1861976,112062,1,0,1
8174312,112063,1,1,0
2802136,112064,1,0,1
7313736,112065,1,0,1
7688968,112066,1,0,1
6017896,112067,1,0,1
6478136,112068,1,1,0
7784528,112069,1,1,0
175008,112070,1,1,0
1688192,112071,1,1,0
633680,112072,1,0,1
7923328,112073,1,1,0
693448,112074,1,1,0
2804416,112075,1,1,0
1239104,112076,1,0,1
2168312,112077,1,0,1
533888,112078,1,1,0
282080,112079,1,0,1
993344,112080,1,1,0
596872,112081,1,0,1
362376,112082,1,0,1
670640,112083,1,1,0
5130336,112084,1,1,0
6311552,112085,1,0,1
2957688,112086,1,1,0
6601432,112087,1,1,0
412104,112088,1,0,1
6468848,112089,1,0,1
534192,112090,1,0,1
1864472,112091,1,0,1
944408,112092,1,1,0
1124128,112093,1,1,0
3128816,112094,1,1,0
351040,112095,1,1,0
7260096,112096,1,1,0
2939736,112097,1,1,0
2935560,112098,1,1,0
1558072,112099,1,0,1
3202416,112100,1,1,0
644840,112101,1,0,1
6661176,112102,1,0,1
600824,112103,1,1,0
3369656,112104,1,1,0
6405112,112105,1,1,0
2670704,112106,1,1,0
1926176,112107,1,0,1
7975448,112108,1,0,1
3419248,112109,1,1,0
1693016,112110,1,0,1
900584,112111,1,0,1
410328,112112,1,0,1
3172416,112113,1,1,0
8348512,112114,1,1,0
1896704,112115,1,1,0
768840,112116,1,1,0
4332248,112117,1,0,1
6202664,112118,1,0,1
1407024,112119,1,1,0
1343064,112120,1,1,0
2530288,112121,1,1,0
375032,112122,1,1,0
2801184,112123,1,0,1
2644672,112124,1,0,1
5788952,112125,1,0,1
6606760,112126,1,1,0
182256,112127,1,0,1
1471608,112128,1,0,1
3621984,112129,1,1,0
3335352,112130,1,1,0
7547672,112131,1,0,1
5579784,112132,1,0,1
1425920,112133,1,0,1
2350096,112134,1,1,0
6947408,112135,1,0,1
2551784,112136,1,1,0
574792,112137,1,1,0
8201344,112138,1,1,0
6499152,112139,1,0,1
685784,112140,1,0,1
1008808,112141,1,1,0
3743856,112142,1,1,0
2219296,112143,1,1,0
3174248,112144,1,1,0
5663672,112145,1,0,1
2505496,112146,1,1,0
2390536,112147,1,0,1
7835776,112148,1,0,1
658472,112149,1,1,0
2320440,112150,1,1,0
4131744,112151,1,1,0
2763168,112152,1,0,1
1367784,112153,1,1,0
3167176,112154,1,1,0
4344352,112155,1,1,0
2409808,112156,1,1,0
847888,112157,1,0,1
7440920,112158,1,1,0
453608,112159,1,0,1
6232096,112160,1,1,0
777936,112161,1,0,1
5596616,112162,1,1,0
1398824,112163,1,1,0
2286504,112164,1,0,1
5161688,112165,1,0,1
440032,112166,1,0,1
1973832,112167,1,0,1
208840,112168,1,1,0
3093872,112169,1,1,0
1899944,112170,1,1,0
5633112,112171,1,1,0
3394816,112172,1,0,1
1266440,112173,1,1,0
2983760,112174,1,1,0
7416752,112175,1,1,0
358888,112176,1,1,0
2698912,112177,1,1,0
1038360,112178,1,0,1
1747576,112179,1,1,0
5838408,112180,1,0,1
1588104,112181,1,0,1
6538408,112182,1,1,0
3341224,112183,1,1,0
5273432,112184,1,0,1
4286960,112185,1,1,0
280664,112186,1,0,1
754376,112187,1,1,0
1568264,112188,1,0,1
652344,112189,1,0,1
2834792,112190,1,1,0
1444216,112191,1,1,0
6411272,112192,1,1,0
5030016,112193,1,0,1
7984248,112194,1,0,1
1684832,112195,1,1,0
2049064,112196,1,1,0
2116016,112197,1,0,1
5189768,112198,1,1,0
547288,112199,1,1,0
6524400,112200,1,1,0
2275528,112201,1,0,1
2130480,112202,1,0,1
4274096,112203,1,0,1
1213640,112204,1,1,0
1209216,112205,1,0,1
7346792,112206,1,1,0
7195128,112207,1,1,0
5523336,112208,1,1,0
5604208,112209,1,0,1
1984992,112210,1,1,0
6380504,112211,1,1,0
4479576,112212,1,1,0
6373440,112213,1,0,1
4263696,112214,1,0,1
3645672,112215,1,0,1
493248,112216,1,0,1
5197680,112217,1,1,0
3256816,112218,1,1,0
7047936,112219,1,1,0
4126080,112220,1,0,1
703568,112221,1,0,1
4921664,112222,1,0,1
3082808,112223,1,1,0
5258112,112224,1,0,1
2704440,112225,1,0,1
1235432,112226,1,0,1
2615256,112227,1,0,1
695960,112228,1,1,0
2591480,112229,1,0,1
2977392,112230,1,0,1
3921120,112231,1,0,1
2419808,112232,1,0,1
1013776,112233,1,0,1
6343544,112234,1,0,1
1041088,112235,1,1,0
1151576,112236,1,0,1
3053192,112237,1,0,1
5936608,112238,1,1,0
5849824,112239,1,1,0
1483016,112240,1,1,0
2231568,112241,1,0,1
3475600,112242,1,0,1
3675744,112243,1,1,0
1056432,112244,1,1,0
1398368,112245,1,0,1
7509528,112246,1,1,0
1263672,112247,1,1,0
728184,112248,1,0,1
6406672,112249,1,0,1
2200048,112250,1,0,1
998624,112251,1,1,0
3071640,112252,1,1,0
1493424,112253,1,1,0
390352,112254,1,0,1
671912,112255,1,1,0
660608,112256,1,1,0
193800,112257,1,0,1
4668472,112258,1,1,0
4646960,112259,1,1,0
2966192,112260,1,0,1
7786648,112261,1,1,0
444328,112262,1,0,1
228584,112263,1,0,1
548872,112264,1,0,1
1097456,112265,1,0,1
3852456,112266,1,1,0
4306608,112267,1,1,0
1447656,112268,1,0,1
251096,112269,1,1,0
6160016,112270,1,0,1
1611008,112271,1,0,1
5130512,112272,1,0,1
1988280,112273,1,0,1
5023880,112274,1,0,1
1424688,112275,1,0,1
704512,112276,1,0,1
1762504,112277,1,1,0
7323576,112278,1,1,0
4873552,112279,1,1,0
1312304,112280,1,0,1
1310592,112281,1,0,1
364048,112282,1,0,1
459000,112283,1,1,0
6216696,112284,1,1,0
3603864,112285,1,1,0
7573280,112286,1,1,0
1097768,112287,1,0,1
4588200,112288,1,0,1
1829728,112289,1,0,1
449768,112290,1,1,0
1884632,112291,1,1,0
3504936,112292,1,0,1
576984,112293,1,0,1
1725096,112294,1,1,0
4656720,112295,1,1,0
217344,112296,1,0,1
4607152,112297,1,0,1
1190664,112298,1,1,0
1022280,112299,1,0,1
4245856,112300,1,1,0
477680,112301,1,0,1
1424056,112302,1,0,1
276720,112303,1,1,0
2598560,112304,1,1,0
4814296,112305,1,1,0
1634800,112306,1,1,0
375216,112307,1,0,1
807672,112308,1,0,1
3422600,112309,1,1,0
941656,112310,1,0,1
6500104,112311,1,0,1
2067320,112312,1,0,1
2104704,112313,1,1,0
1170216,112314,1,0,1
1639416,112315,1,1,0
6974288,112316,1,0,1
8187928,112317,1,0,1
1610912,112318,1,0,1
2294008,112319,1,1,0
2690856,112320,1,1,0
515080,112321,1,0,1
360888,112322,1,0,1
6792880,112323,1,1,0
427432,112324,1,1,0
1955688,112325,1,0,1
1684584,112326,1,1,0
681000,112327,1,0,1
5229760,112328,1,0,1
482488,112329,1,1,0
4560080,112330,1,1,0
1234608,112331,1,1,0
401928,112332,1,0,1
1241008,112333,1,0,1
2748184,112334,1,1,0
7586024,112335,1,1,0
1786000,112336,1,1,0
7504816,112337,1,0,1
2079000,112338,1,1,0
3485040,112339,1,1,0
454536,112340,1,1,0
1297408,112341,1,0,1
5451056,112342,1,0,1
5011072,112343,1,0,1
6466712,112344,1,1,0
2801872,112345,1,1,0
132832,112346,1,0,1
1815056,112347,1,0,1
1546480,112348,1,0,1
2756808,112349,1,1,0
4776208,112350,1,1,0
1043664,112351,1,0,1
3476952,112352,1,0,1
7824368,112353,1,0,1
2450024,112354,1,1,0
2626296,112355,1,1,0
2910016,112356,1,1,0
582008,112357,1,1,0
3002032,112358,1,1,0
1465984,112359,1,0,1
672456,112360,1,1,0
2004304,112361,1,1,0
4085168,112362,1,0,1
2866320,112363,1,0,1
3430184,112364,1,1,0
3355952,112365,1,1,0
770672,112366,1,1,0
805280,112367,1,0,1
307104,112368,1,1,0
1272240,112369,1,0,1
4463048,112370,1,0,1
2487240,112371,1,1,0
1627120,112372,1,1,0
5845456,112373,1,0,1
8127968,112374,1,0,1
2252200,112375,1,0,1
4570800,112376,1,1,0
4125752,112377,1,0,1
6244944,112378,1,0,1
4563792,112379,1,1,0
6039104,112380,1,0,1
479144,112381,1,1,0
2476896,112382,1,1,0
465216,112383,1,0,1
5166944,112384,1,1,0
2442704,112385,1,1,0
2249816,112386,1,0,1
584784,112387,1,1,0
144216,112388,1,1,0
968656,112389,1,0,1
2639520,112390,1,1,0
287248,112391,1,1,0
2864392,112392,1,1,0
7332648,112393,1,0,1
969192,112394,1,1,0
3212896,112395,1,0,1
812792,112396,1,1,0
1284488,112397,1,1,0
2257872,112398,1,0,1
3597040,112399,1,1,0
6859320,112400,1,1,0
1114960,112401,1,0,1
5105488,112402,1,0,1
2021096,112403,1,0,1
148160,112404,1,1,0
1741800,112405,1,0,1
3661712,112406,1,0,1
7175040,112407,1,1,0
3642952,112408,1,0,1
6569424,112409,1,0,1
1863400,112410,1,1,0
1533368,112411,1,0,1
3918168,112412,1,0,1
5593544,112413,1,0,1
2534016,112414,1,0,1
5085320,112415,1,1,0
3670400,112416,1,0,1
3023552,112417,1,1,0
4816192,112418,1,1,0
1846616,112419,1,1,0
1410088,112420,1,0,1
6590768,112421,1,0,1
2377072,112422,1,1,0
3412248,112423,1,1,0
490392,112424,1,0,1
3018008,112425,1,0,1
1652720,112426,1,1,0
1779784,112427,1,1,0
934144,112428,1,1,0
306496,112429,1,0,1
5070952,112430,1,1,0
2916008,112431,1,1,0
1092152,112432,1,1,0
4629976,112433,1,0,1
4002632,112434,1,0,1
3220856,112435,1,1,0
691872,112436,1,1,0
6369072,112437,1,0,1
1921744,112438,1,0,1
77968,112439,1,1,0
250776,112440,1,1,0
1961728,112441,1,0,1
559968,112442,1,1,0
7075584,112443,1,0,1
769352,112444,1,1,0
4867864,112445,1,0,1
3281632,112446,1,1,0
2787424,112447,1,1,0
1814024,112448,1,0,1
326864,112449,1,0,1
463280,112450,1,1,0
1119512,112451,1,1,0
8043904,112452,1,0,1
243352,112453,1,1,0
2706368,112454,1,0,1
3929832,112455,1,1,0
6202352,112456,1,0,1
280504,112457,1,0,1
3873608,112458,1,0,1
6355048,112459,1,0,1
7512136,112460,1,1,0
197848,112461,1,1,0
3965208,112462,1,1,0
4307328,112463,1,0,1
624168,112464,1,1,0
2747200,112465,1,0,1
739632,112466,1,1,0
3096312,112467,1,1,0
426264,112468,1,0,1
634600,112469,1,1,0
7722016,112470,1,0,1
3021232,112471,1,0,1
3344232,112472,1,1,0
360104,112473,1,1,0
1145464,112474,1,1,0
7726928,112475,1,1,0
1354232,112476,1,1,0
1387984,112477,1,1,0
816432,112478,1,0,1
5342576,112479,1,1,0
3906888,112480,1,1,0
1511008,112481,1,0,1
6237336,112482,1,0,1
5063912,112483,1,1,0
1842768,112484,1,1,0
7904120,112485,1,0,1
1883592,112486,1,1,0
1706128,112487,1,1,0
5057808,112488,1,1,0
1120808,112489,1,1,0
5385776,112490,1,0,1
1454712,112491,1,1,0
1903688,112492,1,1,0
6061776,112493,1,1,0
2711344,112494,1,1,0
629152,112495,1,0,1
337512,112496,1,0,1
170352,112497,1,1,0
7152264,112498,1,1,0
479568,112499,1,0,1
2410376,112500,1,1,0
4100184,112501,1,0,1
1186360,112502,1,1,0
2443560,112503,1,0,1
1707192,112504,1,0,1
1370384,112505,1,0,1
368488,112506,1,1,0
1521784,112507,1,0,1
1970728,112508,1,1,0
3913232,112509,1,1,0
2248272,112510,1,0,1
800152,112511,1,0,1
5394120,112512,1,1,0
1327840,112513,1,1,0
6752272,112514,1,1,0
765800,112515,1,1,0
307504,112516,1,1,0
2513472,112517,1,1,0
3169352,112518,1,0,1
4151376,112519,1,1,0
291720,112520,1,1,0
5060680,112521,1,1,0
842136,112522,1,1,0
6084968,112523,1,1,0
4896608,112524,1,0,1
693104,112525,1,0,1
2847544,112526,1,0,1
495168,112527,1,1,0
437224,112528,1,0,1
2767688,112529,1,1,0
436168,112530,1,1,0
3409264,112531,1,0,1
6443192,112532,1,1,0
146136,112533,1,0,1
560792,112534,1,1,0
2645032,112535,1,1,0
7701152,112536,1,1,0
2449992,112537,1,1,0
1859576,112538,1,1,0
6186496,112539,1,0,1
3625888,112540,1,1,0
4782776,112541,1,1,0
7522904,112542,1,0,1
3924328,112543,1,0,1
1589216,112544,1,1,0
4046920,112545,1,1,0
1314704,112546,1,0,1
4890936,112547,1,1,0
2255176,112548,1,1,0
76264,112549,1,1,0
4819888,112550,1,1,0
428704,112551,1,1,0
2640288,112552,1,0,1
1553424,112553,1,0,1
7587880,112554,1,1,0
399112,112555,1,0,1
3511288,112556,1,1,0
2021752,112557,1,0,1
6125392,112558,1,1,0
1289256,112559,1,1,0
2265328,112560,1,0,1
2144888,112561,1,1,0
1875240,112562,1,0,1
1072624,112563,1,0,1
1781704,112564,1,0,1
1108760,112565,1,1,0
4080472,112566,1,0,1
202544,112567,1,1,0
2400176,112568,1,1,0
840952,112569,1,0,1
7753000,112570,1,0,1
2355328,112571,1,0,1
4091200,112572,1,0,1
1237320,112573,1,1,0
6649400,112574,1,0,1
3294608,112575,1,0,1
700376,112576,1,1,0
2499776,112577,1,1,0
916408,112578,1,0,1
5708584,112579,1,0,1
2936528,112580,1,0,1
7046560,112581,1,1,0
5584616,112582,1,1,0
1445960,112583,1,1,0
4655736,112584,1,1,0
2742040,112585,1,0,1
153808,112586,1,0,1
2790792,112587,1,0,1
3792888,112588,1,0,1
509504,112589,1,0,1
7846824,112590,1,1,0
3071232,112591,1,0,1
2197768,112592,1,1,0
5344632,112593,1,0,1
2426064,112594,1,0,1
5051480,112595,1,1,0
5669992,112596,1,0,1
973368,112597,1,1,0
2336312,112598,1,1,0
234976,112599,1,0,1
1911056,112600,1,1,0
7017552,112601,1,0,1
875272,112602,1,0,1
3994840,112603,1,1,0
460448,112604,1,1,0
380848,112605,1,0,1
878920,112606,1,1,0
88176,112607,1,1,0
418704,112608,1,0,1
1771672,112609,1,0,1
1866936,112610,1,0,1
2325424,112611,1,0,1
8089160,112612,1,0,1
1834480,112613,1,0,1
150216,112614,1,1,0
2801360,112615,1,1,0
2456000,112616,1,1,0
3574952,112617,1,0,1
462568,112618,1,0,1
5923312,112619,1,1,0
343096,112620,1,0,1
225392,112621,1,0,1
5558840,112622,1,1,0
4627184,112623,1,1,0
5908472,112624,1,1,0
3348616,112625,1,0,1
696856,112626,1,0,1
1528912,112627,1,1,0
4044456,112628,1,1,0
7224360,112629,1,1,0
403600,112630,1,1,0
805192,112631,1,1,0
1532368,112632,1,0,1
1553912,112633,1,1,0
834864,112634,1,0,1
6154240,112635,1,1,0
2256824,112636,1,0,1
1809736,112637,1,0,1
375896,112638,1,0,1
2295280,112639,1,1,0
3127464,112640,1,1,0
1853528,112641,1,1,0
4477376,112642,1,0,1
1625048,112643,1,1,0
2061232,112644,1,0,1
340096,112645,1,0,1
99952,112646,1,0,1
6640488,112647,1,0,1
4797040,112648,1,1,0
4817960,112649,1,1,0
590888,112650,1,0,1
697608,112651,1,1,0
8364040,112652,1,0,1
5472632,112653,1,1,0
2998920,112654,1,0,1
2540696,112655,1,0,1
3868840,112656,1,1,0
2903816,112657,1,0,1
4649344,112658,1,1,0
5153064,112659,1,1,0
4333424,112660,1,1,0
5856352,112661,1,1,0
1779496,112662,1,0,1
3076288,112663,1,1,0
1513432,112664,1,1,0
4316664,112665,1,0,1
5821448,112666,1,1,0
5179408,112667,1,0,1
4609128,112668,1,1,0
496120,112669,1,0,1
748640,112670,1,0,1
1322712,112671,1,0,1
3801536,112672,1,0,1
757304,112673,1,1,0
1797600,112674,1,0,1
3913760,112675,1,0,1
4135488,112676,1,1,0
3597640,112677,1,0,1
6646768,112678,1,1,0
7691368,112679,1,0,1
3954368,112680,1,0,1
186096,112681,1,0,1
153480,112682,1,0,1
766328,112683,1,1,0
312520,112684,1,0,1
5398440,112685,1,1,0
3099144,112686,1,1,0
6586224,112687,1,0,1
339344,112688,1,1,0
1036056,112689,1,1,0
798488,112690,1,1,0
4404584,112691,1,0,1
353024,112692,1,0,1
5641048,112693,1,1,0
3642080,112694,1,0,1
6511840,112695,1,0,1
743832,112696,1,0,1
922568,112697,1,0,1
3301616,112698,1,0,1
7309352,112699,1,0,1
2711760,112700,1,1,0
912600,112701,1,0,1
7523016,112702,1,0,1
810912,112703,1,1,0
3306384,112704,1,0,1
7330992,112705,1,1,0
1294872,112706,1,1,0
6266352,112707,1,0,1
1826144,112708,1,1,0
576960,112709,1,1,0
2119544,112710,1,1,0
724264,112711,1,1,0
3190704,112712,1,0,1
3803224,112713,1,1,0
5326040,112714,1,0,1
4125464,112715,1,0,1
844808,112716,1,0,1
793488,112717,1,1,0
5464104,112718,1,0,1
4657848,112719,1,0,1
2605608,112720,1,1,0
6386728,112721,1,0,1
1523712,112722,1,1,0
2409240,112723,1,0,1
1946000,112724,1,1,0
2870048,112725,1,1,0
8250920,112726,1,1,0
3703584,112727,1,1,0
1930200,112728,1,0,1
2270632,112729,1,1,0
2328056,112730,1,0,1
1196352,112731,1,0,1
1831376,112732,1,0,1
5154304,112733,1,1,0
6432160,112734,1,0,1
898736,112735,1,1,0
6601544,112736,1,1,0
1484808,112737,1,0,1
949576,112738,1,0,1
409680,112739,1,1,0
2039984,112740,1,1,0
1212688,112741,1,1,0
7800496,112742,1,1,0
6409704,112743,1,1,0
2145160,112744,1,1,0
1656608,112745,1,1,0
988048,112746,1,0,1
4924680,112747,1,0,1
5455104,112748,1,0,1
378136,112749,1,0,1
1960784,112750,1,1,0
6438032,112751,1,1,0
2180904,112752,1,1,0
947616,112753,1,0,1
546016,112754,1,0,1
6213544,112755,1,0,1
1710576,112756,1,1,0
4155680,112757,1,1,0
958168,112758,1,0,1
3081848,112759,1,0,1
3439616,112760,1,1,0
1077224,112761,1,1,0
2715016,112762,1,1,0
3345768,112763,1,1,0
1737920,112764,1,0,1
832984,112765,1,1,0
7680816,112766,1,0,1
3324368,112767,1,1,0
526608,112768,1,1,0
342480,112769,1,0,1
1565336,112770,1,1,0
3536392,112771,1,0,1
4403960,112772,1,0,1
1402344,112773,1,1,0
5675656,112774,1,1,0
1882152,112775,1,0,1
561048,112776,1,1,0
1897216,112777,1,1,0
2792256,112778,1,0,1
627976,112779,1,0,1
3405248,112780,1,0,1
6280392,112781,1,0,1
7668528,112782,1,1,0
2765224,112783,1,1,0
2559408,112784,1,0,1
6952456,112785,1,1,0
783384,112786,1,1,0
2016640,112787,1,0,1
438648,112788,1,0,1
2712576,112789,1,0,1
1023080,112790,1,0,1
7499096,112791,1,1,0
7866256,112792,1,0,1
5552320,112793,1,0,1
949888,112794,1,1,0
1926504,112795,1,0,1
861208,112796,1,1,0
227968,112797,1,0,1
4006288,112798,1,1,0
5807736,112799,1,0,1
6206352,112800,1,0,1
3903432,112801,1,0,1
7854960,112802,1,1,0
1336024,112803,1,1,0
1196304,112804,1,0,1
559576,112805,1,0,1
4884456,112806,1,0,1
2338592,112807,1,1,0
302296,112808,1,1,0
625728,112809,1,0,1
1068712,112810,1,0,1
1266600,112811,1,1,0
4909360,112812,1,1,0
2018784,112813,1,1,0
4533928,112814,1,1,0
761936,112815,1,0,1
548816,112816,1,1,0
6595024,112817,1,1,0
6445096,112818,1,1,0
3258160,112819,1,1,0
792656,112820,1,0,1
4593256,112821,1,1,0
2197064,112822,1,1,0
2079952,112823,1,1,0
703912,112824,1,1,0
2507320,112825,1,0,1
2517584,112826,1,1,0
456272,112827,1,1,0
4138248,112828,1,1,0
1777384,112829,1,1,0
2002056,112830,1,0,1
955664,112831,1,0,1
2592728,112832,1,1,0
711808,112833,1,1,0
417288,112834,1,0,1
3294952,112835,1,1,0
197240,112836,1,0,1
7537872,112837,1,0,1
2723528,112838,1,0,1
2184256,112839,1,0,1
1129416,112840,1,0,1
3005456,112841,1,1,0
3544344,112842,1,1,0
508240,112843,1,1,0
2226048,112844,1,0,1
7107720,112845,1,1,0
4219744,112846,1,1,0
1193808,112847,1,1,0
363592,112848,1,0,1
391080,112849,1,1,0
586128,112850,1,0,1
4006984,112851,1,0,1
426424,112852,1,1,0
3781416,112853,1,0,1
7454632,112854,1,1,0
1360448,112855,1,1,0
7321096,112856,1,1,0
1044872,112857,1,1,0
1907336,112858,1,1,0
6371496,112859,1,0,1
1281864,112860,1,1,0
3969256,112861,1,1,0
3449320,112862,1,1,0
1911600,112863,1,1,0
874752,112864,1,0,1
5053664,112865,1,0,1
5066072,112866,1,1,0
8269192,112867,1,0,1
489616,112868,1,0,1
809128,112869,1,0,1
4867480,112870,1,0,1
336504,112871,1,0,1
4134504,112872,1,0,1
4437496,112873,1,0,1
777512,112874,1,1,0
2516792,112875,1,1,0
1695552,112876,1,1,0
3001992,112877,1,1,0
8049016,112878,1,1,0
4692560,112879,1,0,1
1606560,112880,1,1,0
3134768,112881,1,1,0
3549520,112882,1,0,1
6489880,112883,1,1,0
4817736,112884,1,1,0
3087984,112885,1,1,0
6575072,112886,1,0,1
3607936,112887,1,1,0
1681680,112888,1,1,0
1058392,112889,1,1,0
5006504,112890,1,0,1
5628968,112891,1,0,1
2486400,112892,1,1,0
1879608,112893,1,0,1
187328,112894,1,0,1
415936,112895,1,1,0
2937848,112896,1,1,0
4714552,112897,1,0,1
566448,112898,1,1,0
4241336,112899,1,0,1
1146200,112900,1,0,1
1831544,112901,1,1,0
1593328,112902,1,1,0
7585360,112903,1,1,0
2076552,112904,1,1,0
2688248,112905,1,0,1
3402152,112906,1,1,0
4188032,112907,1,1,0
1592544,112908,1,0,1
6453248,112909,1,0,1
3551176,112910,1,1,0
727688,112911,1,0,1
4379688,112912,1,0,1
1883640,112913,1,0,1
8022840,112914,1,0,1
5966096,112915,1,1,0
4879376,112916,1,0,1
474256,112917,1,1,0
3409160,112918,1,0,1
322976,112919,1,0,1
134088,112920,1,1,0
8102584,112921,1,1,0
7939040,112922,1,1,0
4073200,112923,1,1,0
1362848,112924,1,0,1
4532080,112925,1,1,0
808472,112926,1,1,0
1323584,112927,1,0,1
514408,112928,1,1,0
5372200,112929,1,1,0
1286520,112930,1,0,1
7635864,112931,1,0,1
5812544,112932,1,0,1
122688,112933,1,1,0
682824,112934,1,1,0
4475152,112935,1,0,1
401264,112936,1,1,0
1044912,112937,1,0,1
620840,112938,1,0,1
6515360,112939,1,1,0
4841904,112940,1,0,1
3872960,112941,1,0,1
444800,112942,1,0,1
1389240,112943,1,1,0
395384,112944,1,1,0
4064704,112945,1,0,1
7479888,112946,1,1,0
6322376,112947,1,0,1
2308744,112948,1,1,0
8241424,112949,1,0,1
3363336,112950,1,0,1
5585744,112951,1,1,0
3443664,112952,1,0,1
6089688,112953,1,0,1
1979800,112954,1,1,0
3717800,112955,1,1,0
3199128,112956,1,1,0
7109944,112957,1,1,0
1401496,112958,1,0,1
1326080,112959,1,1,0
3261408,112960,1,0,1
3134000,112961,1,0,1
4493720,112962,1,1,0
1794584,112963,1,0,1
6829352,112964,1,1,0
287912,112965,1,0,1
7070320,112966,1,1,0
4241760,112967,1,1,0
692352,112968,1,0,1
1818992,112969,1,0,1
206440,112970,1,0,1
1357192,112971,1,0,1
6948280,112972,1,1,0
1580592,112973,1,1,0
7292576,112974,1,1,0
2815760,112975,1,0,1
2242480,112976,1,1,0
1109528,112977,1,0,1
2445080,112978,1,0,1
1483608,112979,1,0,1
1677048,112980,1,1,0
5525744,112981,1,1,0
5247216,112982,1,1,0
585192,112983,1,1,0
1145328,112984,1,1,0
2666032,112985,1,1,0
2691040,112986,1,0,1
1649560,112987,1,1,0
3440296,112988,1,1,0
167904,112989,1,1,0
435344,112990,1,0,1
247496,112991,1,0,1
1255696,112992,1,1,0
820432,112993,1,0,1
4207552,112994,1,0,1
7010664,112995,1,0,1
2818864,112996,1,1,0
8274584,112997,1,1,0
6112360,112998,1,0,1
404648,112999,1,1,0
4402504,113000,1,1,0
8051656,113001,1,1,0
7693336,113002,1,1,0
1993256,113003,1,0,1
2160192,113004,1,1,0
2619552,113005,1,1,0
611432,113006,1,0,1
3548072,113007,1,1,0
4362680,113008,1,1,0
2583760,113009,1,0,1
3099744,113010,1,1,0
413032,113011,1,1,0
417824,113012,1,0,1
1717032,113013,1,1,0
1345088,113014,1,0,1
7631832,113015,1,1,0
1696456,113016,1,1,0
3284016,113017,1,1,0
1842752,113018,1,0,1
2556432,113019,1,0,1
2937576,113020,1,0,1
6734624,113021,1,0,1
6894392,113022,1,1,0
152368,113023,1,1,0
2561208,113024,1,1,0
7725888,113025,1,0,1
1607792,113026,1,1,0
506120,113027,1,1,0
554232,113028,1,0,1
1702544,113029,1,1,0
982344,113030,1,0,1
7668448,113031,1,0,1
1906072,113032,1,0,1
2210224,113033,1,1,0
2341600,113034,1,0,1
5836432,113035,1,0,1
2257304,113036,1,1,0
2297840,113037,1,0,1
972496,113038,1,1,0
5346928,113039,1,0,1
2315000,113040,1,1,0
1713424,113041,1,1,0
1609776,113042,1,1,0
4851816,113043,1,0,1
1026840,113044,1,1,0
3432488,113045,1,1,0
5692760,113046,1,0,1
1481448,113047,1,0,1
3339792,113048,1,1,0
1902136,113049,1,1,0
5518048,113050,1,1,0
911400,113051,1,1,0
1145648,113052,1,1,0
6799800,113053,1,0,1
5431352,113054,1,0,1
3136648,113055,1,1,0
4540520,113056,1,1,0
1448528,113057,1,1,0
2901800,113058,1,0,1
5005848,113059,1,0,1
3282472,113060,1,0,1
1703968,113061,1,0,1
791960,113062,1,0,1
2019984,113063,1,0,1
817816,113064,1,1,0
6568232,113065,1,1,0
8107592,113066,1,0,1
332704,113067,1,1,0
624696,113068,1,0,1
7290592,113069,1,0,1
1605840,113070,1,1,0
6776552,113071,1,1,0
2722176,113072,1,0,1
3291624,113073,1,1,0
4421584,113074,1,0,1
385544,113075,1,1,0
2277872,113076,1,1,0
5079552,113077,1,1,0
6991680,113078,1,0,1
2792512,113079,1,0,1
7820512,113080,1,0,1
7215096,113081,1,1,0
1696608,113082,1,0,1
2484576,113083,1,1,0
3292808,113084,1,1,0
868024,113085,1,0,1
4303424,113086,1,1,0
1533456,113087,1,1,0
1098800,113088,1,0,1
400816,113089,1,1,0
1303504,113090,1,0,1
2482064,113091,1,0,1
2037544,113092,1,1,0
5896776,113093,1,1,0
599464,113094,1,1,0
4965944,113095,1,1,0
4853248,113096,1,1,0
7130088,113097,1,0,1
1641152,113098,1,0,1
1404776,113099,1,0,1
2791760,113100,1,0,1
4355328,113101,1,0,1
566640,113102,1,1,0
1125440,113103,1,1,0
3404408,113104,1,1,0
432784,113105,1,1,0
3108384,113106,1,0,1
1327768,113107,1,1,0
2648688,113108,1,0,1
1542696,113109,1,0,1
6841576,113110,1,1,0
96040,113111,1,0,1
5664552,113112,1,1,0
2628584,113113,1,1,0
4892536,113114,1,1,0
1124304,113115,1,1,0
337376,113116,1,0,1
8280528,113117,1,0,1
721128,113118,1,0,1
2076368,113119,1,0,1
4076432,113120,1,1,0
7844536,113121,1,0,1
6749192,113122,1,1,0
192712,113123,1,1,0
1201736,113124,1,0,1
3495064,113125,1,0,1
1351104,113126,1,1,0
3832424,113127,1,1,0
311736,113128,1,1,0
6546904,113129,1,1,0
429488,113130,1,0,1
1066544,113131,1,1,0
5367912,113132,1,1,0
4042488,113133,1,1,0
1507888,113134,1,1,0
450616,113135,1,1,0
863856,113136,1,0,1
840848,113137,1,0,1
7855744,113138,1,0,1
6417192,113139,1,0,1
5115120,113140,1,1,0
1851552,113141,1,1,0
5451384,113142,1,1,0
5384176,113143,1,1,0
6914712,113144,1,1,0
4819992,113145,1,1,0
131688,113146,1,1,0
1510056,113147,1,1,0
8170000,113148,1,1,0
1409184,113149,1,1,0
979936,113150,1,0,1
176432,113151,1,1,0
692264,113152,1,0,1
1423896,113153,1,1,0
736016,113154,1,0,1
6684552,113155,1,0,1
4655712,113156,1,0,1
4133288,113157,1,1,0
2002424,113158,1,0,1
463104,113159,1,1,0
2616920,113160,1,1,0
1376840,113161,1,0,1
4904776,113162,1,0,1
4047560,113163,1,0,1
607288,113164,1,0,1
557560,113165,1,0,1
4508104,113166,1,1,0
3523816,113167,1,1,0
2053112,113168,1,0,1
73720,113169,1,1,0
1814960,113170,1,0,1
3150576,113171,1,1,0
4499608,113172,1,0,1
1480104,113173,1,1,0
2503512,113174,1,0,1
472664,113175,1,1,0
956456,113176,1,0,1
717928,113177,1,1,0
192736,113178,1,0,1
838024,113179,1,0,1
3737736,113180,1,0,1
3531048,113181,1,0,1
6273376,113182,1,1,0
536384,113183,1,0,1
1048472,113184,1,0,1
1572944,113185,1,0,1
262288,113186,1,1,0
2904216,113187,1,1,0
2506312,113188,1,1,0
4198112,113189,1,0,1
3054760,113190,1,0,1
913208,113191,1,1,0
1659888,113192,1,1,0
4718320,113193,1,1,0
1845960,113194,1,1,0
2442984,113195,1,1,0
1239600,113196,1,1,0
578680,113197,1,1,0
2734984,113198,1,0,1
4672360,113199,1,0,1
2098440,113200,1,1,0
1051088,113201,1,1,0
4208744,113202,1,1,0
1721480,113203,1,0,1
1348240,113204,1,0,1
215496,113205,1,1,0
3837856,113206,1,0,1
6983008,113207,1,1,0
6920944,113208,1,1,0
2942816,113209,1,1,0
3892136,113210,1,1,0
4068720,113211,1,0,1
5487384,113212,1,0,1
2177096,113213,1,1,0
2312136,113214,1,0,1
7223224,113215,1,1,0
1078624,113216,1,0,1
2210816,113217,1,1,0
2734816,113218,1,0,1
1638392,113219,1,0,1
324224,113220,1,1,0
6207088,113221,1,1,0
7562488,113222,1,1,0
5118832,113223,1,1,0
863048,113224,1,0,1
6688960,113225,1,1,0
801616,113226,1,1,0
2686712,113227,1,1,0
6678416,113228,1,1,0
1345880,113229,1,0,1
1996712,113230,1,1,0
3596752,113231,1,0,1
7927032,113232,1,0,1
4837320,113233,1,0,1
330520,113234,1,0,1
6046568,113235,1,0,1
1363240,113236,1,1,0
1066112,113237,1,0,1
1760792,113238,1,1,0
6950400,113239,1,0,1
300992,113240,1,0,1
6680184,113241,1,1,0
123144,113242,1,0,1
765104,113243,1,0,1
1553992,113244,1,0,1
5210264,113245,1,1,0
7439072,113246,1,0,1
663920,113247,1,0,1
126840,113248,1,1,0
4206904,113249,1,0,1
3722792,113250,1,0,1
4539896,113251,1,1,0
1281464,113252,1,0,1
6320064,113253,1,0,1
5842200,113254,1,0,1
4927632,113255,1,1,0
906144,113256,1,0,1
8040096,113257,1,1,0
3905960,113258,1,1,0
2089472,113259,1,0,1
5055584,113260,1,1,0
1189704,113261,1,0,1
2630520,113262,1,1,0
4921840,113263,1,0,1
3545512,113264,1,1,0
1786688,113265,1,0,1
212976,113266,1,0,1
8200752,113267,1,1,0
2616416,113268,1,0,1
761824,113269,1,1,0
2111672,113270,1,0,1
629928,113271,1,0,1
7198568,113272,1,1,0
3770528,113273,1,0,1
449096,113274,1,0,1
526128,113275,1,1,0
6743280,113276,1,1,0
5131840,113277,1,0,1
1126872,113278,1,0,1
3552872,113279,1,0,1
1128104,113280,1,1,0
4389416,113281,1,1,0
7389616,113282,1,1,0
1001744,113283,1,0,1
5392680,113284,1,0,1
1567224,113285,1,0,1
8338256,113286,1,1,0
1175400,113287,1,1,0
320744,113288,1,0,1
5859976,113289,1,1,0
4258488,113290,1,0,1
1549864,113291,1,0,1
5400664,113292,1,0,1
319624,113293,1,1,0
1988232,113294,1,0,1
6338032,113295,1,0,1
2759520,113296,1,0,1
7751832,113297,1,0,1
386912,113298,1,1,0
2286656,113299,1,0,1
6374416,113300,1,1,0
166936,113301,1,0,1
3408688,113302,1,0,1
2838896,113303,1,0,1
1225896,113304,1,1,0
5819632,113305,1,1,0
4925256,113306,1,0,1
1004944,113307,1,1,0
1327016,113308,1,1,0
1924648,113309,1,1,0
2488544,113310,1,0,1
2736264,113311,1,1,0
1605216,113312,1,0,1
2728336,113313,1,0,1
2863248,113314,1,0,1
1543824,113315,1,1,0
7228264,113316,1,1,0
2498352,113317,1,0,1
1551344,113318,1,1,0
1573168,113319,1,0,1
5747640,113320,1,0,1
2233792,113321,1,0,1
5755264,113322,1,0,1
1563592,113323,1,1,0
1719024,113324,1,0,1
1565768,113325,1,1,0
2305088,113326,1,0,1
98536,113327,1,0,1
5639408,113328,1,0,1
3340872,113329,1,0,1
5186384,113330,1,1,0
686664,113331,1,1,0
6049712,113332,1,1,0
3312000,113333,1,0,1
4051912,113334,1,0,1
4629656,113335,1,0,1
6716848,113336,1,1,0
3634144,113337,1,1,0
2526392,113338,1,1,0
4301904,113339,1,0,1
2487496,113340,1,1,0
7787336,113341,1,1,0
3622184,113342,1,0,1
6568216,113343,1,0,1
7460360,113344,1,0,1
2876928,113345,1,1,0
461912,113346,1,1,0
5135440,113347,1,0,1
4673928,113348,1,0,1
1628032,113349,1,0,1
2101496,113350,1,1,0
4647576,113351,1,0,1
3578064,113352,1,1,0
724360,113353,1,0,1
7238960,113354,1,0,1
3152736,113355,1,1,0
3717832,113356,1,1,0
4518192,113357,1,0,1
936384,113358,1,0,1
309568,113359,1,1,0
6463192,113360,1,1,0
324520,113361,1,0,1
4971632,113362,1,0,1
3656400,113363,1,0,1
335256,113364,1,0,1
1808152,113365,1,1,0
6042248,113366,1,0,1
524208,113367,1,0,1
2831096,113368,1,1,0
1094520,113369,1,1,0
6667032,113370,1,0,1
8275512,113371,1,0,1
1689928,113372,1,1,0
2254768,113373,1,0,1
6645272,113374,1,0,1
3178544,113375,1,0,1
3439760,113376,1,0,1
4185616,113377,1,1,0
7214544,113378,1,0,1
3155800,113379,1,0,1
7383344,113380,1,1,0
3435888,113381,1,0,1
584840,113382,1,0,1
3347080,113383,1,0,1
2755192,113384,1,0,1
517776,113385,1,0,1
7712440,113386,1,0,1
6413328,113387,1,1,0
7195728,113388,1,0,1
754656,113389,1,0,1
490600,113390,1,0,1
6588968,113391,1,1,0
1941976,113392,1,0,1
223280,113393,1,1,0
698872,113394,1,0,1
1715296,113395,1,1,0
532208,113396,1,0,1
454152,113397,1,1,0
1161008,113398,1,1,0
5114952,113399,1,0,1
864672,113400,1,1,0
989968,113401,1,0,1
1883768,113402,1,0,1
7072896,113403,1,1,0
1410896,113404,1,1,0
575240,113405,1,0,1
4594408,113406,1,1,0
789376,113407,1,1,0
2369176,113408,1,0,1
3934064,113409,1,0,1
7690344,113410,1,0,1
4041776,113411,1,0,1
4493008,113412,1,1,0
2268112,113413,1,1,0
1445576,113414,1,1,0
461648,113415,1,1,0
1026376,113416,1,0,1
2204816,113417,1,0,1
3692648,113418,1,1,0
6527688,113419,1,0,1
4839136,113420,1,0,1
1184072,113421,1,1,0
1962320,113422,1,0,1
589000,113423,1,0,1
4968016,113424,1,0,1
7470480,113425,1,1,0
2517248,113426,1,0,1
874656,113427,1,1,0
957824,113428,1,1,0
875672,113429,1,0,1
5279816,113430,1,0,1
643528,113431,1,0,1
859456,113432,1,0,1
2549440,113433,1,1,0
2431680,113434,1,0,1
5224784,113435,1,1,0
3099072,113436,1,1,0
2312680,113437,1,1,0
362624,113438,1,0,1
7351664,113439,1,0,1
4637168,113440,1,0,1
680232,113441,1,0,1
1639368,113442,1,1,0
745592,113443,1,0,1
3312336,113444,1,0,1
1358640,113445,1,1,0
2320944,113446,1,0,1
299232,113447,1,1,0
4839696,113448,1,1,0
3517920,113449,1,0,1
6300528,113450,1,1,0
5570128,113451,1,0,1
620744,113452,1,1,0
608232,113453,1,1,0
2351304,113454,1,0,1
367656,113455,1,1,0
5057200,113456,1,0,1
134616,113457,1,1,0
6437160,113458,1,0,1
2603128,113459,1,1,0
8198584,113460,1,1,0
4440832,113461,1,0,1
5585728,113462,1,0,1
1041768,113463,1,0,1
3767736,113464,1,0,1
3532624,113465,1,0,1
7517120,113466,1,0,1
386696,113467,1,0,1
653568,113468,1,0,1
422896,113469,1,1,0
3772400,113470,1,1,0
7275496,113471,1,1,0
4735056,113472,1,1,0
827744,113473,1,1,0
3387232,113474,1,1,0
5832744,113475,1,1,0
1864352,113476,1,0,1
3280648,113477,1,0,1
3713344,113478,1,0,1
7099488,113479,1,1,0
3421792,113480,1,0,1
3549608,113481,1,0,1
669008,113482,1,1,0
620904,113483,1,0,1
5290696,113484,1,0,1
2281296,113485,1,0,1
2272496,113486,1,1,0
744672,113487,1,0,1
1073808,113488,1,0,1
981360,113489,1,1,0
2923744,113490,1,0,1
1035896,113491,1,1,0
2928136,113492,1,1,0
1085192,113493,1,1,0
455800,113494,1,1,0
290096,113495,1,1,0
3025384,113496,1,0,1
947904,113497,1,0,1
2137784,113498,1,1,0
2508432,113499,1,0,1
4588944,113500,1,0,1
8126288,113501,1,1,0
518976,113502,1,0,1
1608352,113503,1,0,1
3019704,113504,1,0,1
6944584,113505,1,1,0
3677904,113506,1,1,0
7899480,113507,1,0,1
2011456,113508,1,1,0
4127200,113509,1,1,0
654760,113510,1,1,0
3016448,113511,1,0,1
1994080,113512,1,0,1
1258696,113513,1,1,0
488680,113514,1,0,1
4067792,113515,1,0,1
5188808,113516,1,1,0
155360,113517,1,1,0
2992824,113518,1,1,0
1657720,113519,1,0,1
669040,113520,1,0,1
1183440,113521,1,0,1
556192,113522,1,1,0
603096,113523,1,1,0
2874080,113524,1,0,1
921448,113525,1,0,1
6635536,113526,1,1,0
1026592,113527,1,0,1
4928264,113528,1,1,0
1720168,113529,1,0,1
6305696,113530,1,0,1
117168,113531,1,0,1
3133688,113532,1,1,0
2251056,113533,1,0,1
3527688,113534,1,0,1
3256992,113535,1,0,1
7484432,113536,1,0,1
3292176,113537,1,1,0
7948416,113538,1,1,0
916792,113539,1,1,0
1004280,113540,1,1,0
4450624,113541,1,1,0
525944,113542,1,0,1
2800448,113543,1,0,1
1287152,113544,1,1,0
1140512,113545,1,1,0
3701072,113546,1,1,0
2905664,113547,1,0,1
1015960,113548,1,1,0
2847384,113549,1,0,1
1659904,113550,1,1,0
866640,113551,1,1,0
3634504,113552,1,0,1
6651096,113553,1,0,1
1106184,113554,1,0,1
783672,113555,1,0,1
600656,113556,1,0,1
1382904,113557,1,1,0
4613328,113558,1,1,0
3238000,113559,1,0,1
7219464,113560,1,1,0
2541040,113561,1,0,1
3806192,113562,1,0,1
289216,113563,1,1,0
6811456,113564,1,1,0
6579304,113565,1,1,0
1967664,113566,1,0,1
4458616,113567,1,1,0
1371352,113568,1,0,1
1585672,113569,1,0,1
1119064,113570,1,0,1
5100504,113571,1,1,0
390712,113572,1,0,1
266528,113573,1,1,0
6011184,113574,1,1,0
6232728,113575,1,0,1
3554704,113576,1,0,1
2121432,113577,1,0,1
1170896,113578,1,0,1
4376896,113579,1,1,0
4248944,113580,1,1,0
352008,113581,1,0,1
615376,113582,1,0,1
404776,113583,1,0,1
5902624,113584,1,1,0
6161584,113585,1,0,1
2207744,113586,1,1,0
2756744,113587,1,1,0
8362728,113588,1,1,0
1670600,113589,1,1,0
5888552,113590,1,0,1
1084080,113591,1,0,1
8158104,113592,1,1,0
876528,113593,1,1,0
141456,113594,1,1,0
995584,113595,1,0,1
2109240,113596,1,0,1
1687568,113597,1,1,0
383152,113598,1,0,1
4165264,113599,1,1,0
7045176,113600,1,1,0
598688,113601,1,0,1
3136864,113602,1,0,1
6755304,113603,1,1,0
536912,113604,1,0,1
445264,113605,1,1,0
781160,113606,1,0,1
2879952,113607,1,1,0
465744,113608,1,0,1
6101512,113609,1,1,0
176632,113610,1,1,0
3532176,113611,1,1,0
4936424,113612,1,1,0
5987984,113613,1,1,0
507392,113614,1,1,0
3083256,113615,1,0,1
514048,113616,1,1,0
731816,113617,1,1,0
2846248,113618,1,1,0
5636536,113619,1,1,0
3966960,113620,1,0,1
1580496,113621,1,0,1
1416328,113622,1,0,1
547504,113623,1,1,0
790504,113624,1,0,1
499272,113625,1,1,0
429016,113626,1,1,0
6644968,113627,1,1,0
4146272,113628,1,1,0
1158792,113629,1,1,0
816936,113630,1,1,0
3180272,113631,1,0,1
7606344,113632,1,0,1
1785048,113633,1,0,1
2761544,113634,1,0,1
620712,113635,1,0,1
109592,113636,1,1,0
1674768,113637,1,0,1
1506584,113638,1,0,1
697744,113639,1,0,1
2575736,113640,1,0,1
1563288,113641,1,1,0
7354304,113642,1,1,0
1721448,113643,1,0,1
1078088,113644,1,1,0
3541440,113645,1,1,0
1838232,113646,1,0,1
1641256,113647,1,0,1
783992,113648,1,1,0
1126288,113649,1,0,1
1539528,113650,1,0,1
2616104,113651,1,0,1
6396136,113652,1,0,1
5861800,113653,1,0,1
7966216,113654,1,0,1
4747680,113655,1,1,0
1615688,113656,1,0,1
2801072,113657,1,1,0
1460656,113658,1,0,1
563240,113659,1,0,1
1883032,113660,1,0,1
7097016,113661,1,1,0
2135128,113662,1,1,0
408896,113663,1,0,1
897504,113664,1,1,0
2721208,113665,1,1,0
7603696,113666,1,0,1
6536880,113667,1,1,0
4982696,113668,1,0,1
501000,113669,1,1,0
577888,113670,1,0,1
3098136,113671,1,0,1
775616,113672,1,0,1
874480,113673,1,0,1
1472080,113674,1,1,0
8062152,113675,1,1,0
2134760,113676,1,0,1
5785344,113677,1,0,1
4380472,113678,1,1,0
757136,113679,1,0,1
4150832,113680,1,0,1
725768,113681,1,1,0
632912,113682,1,1,0
1475648,113683,1,1,0
3220128,113684,1,1,0
7769824,113685,1,1,0
4137168,113686,1,0,1
265736,113687,1,1,0
6124472,113688,1,1,0
8050584,113689,1,1,0
2109952,113690,1,1,0
3719056,113691,1,0,1
3692040,113692,1,0,1
5569944,113693,1,0,1
3057400,113694,1,1,0
539848,113695,1,1,0
1203344,113696,1,1,0
7226104,113697,1,0,1
7644632,113698,1,0,1
636432,113699,1,1,0
3029816,113700,1,1,0
6836264,113701,1,1,0
650456,113702,1,1,0
7954848,113703,1,0,1
1077728,113704,1,1,0
1483352,113705,1,0,1
7180016,113706,1,0,1
4389400,113707,1,1,0
252984,113708,1,0,1
5238208,113709,1,1,0
1932760,113710,1,1,0
667648,113711,1,0,1
3553072,113712,1,1,0
252088,113713,1,1,0
2315864,113714,1,0,1
2354184,113715,1,0,1
2433928,113716,1,1,0
2146240,113717,1,0,1
2079800,113718,1,1,0
647224,113719,1,1,0
216352,113720,1,0,1
556328,113721,1,1,0
612280,113722,1,0,1
261784,113723,1,1,0
2088368,113724,1,1,0
8056792,113725,1,0,1
3744240,113726,1,0,1
5102080,113727,1,1,0
4931152,113728,1,0,1
850424,113729,1,0,1
1951664,113730,1,1,0
231248,113731,1,0,1
2347728,113732,1,1,0
3560424,113733,1,1,0
922352,113734,1,0,1
1268520,113735,1,0,1
2726544,113736,1,0,1
2674520,113737,1,0,1
3016760,113738,1,1,0
1719168,113739,1,0,1
4588592,113740,1,0,1
5465608,113741,1,1,0
2867128,113742,1,1,0
7851208,113743,1,0,1
8095168,113744,1,0,1
1874360,113745,1,1,0
243120,113746,1,1,0
4700264,113747,1,1,0
5375632,113748,1,1,0
1000504,113749,1,1,0
1676552,113750,1,1,0
505520,113751,1,0,1
1092640,113752,1,1,0
1583096,113753,1,1,0
4808728,113754,1,0,1
1292304,113755,1,1,0
1312592,113756,1,0,1
5242816,113757,1,1,0
4978136,113758,1,0,1
7053216,113759,1,1,0
5853488,113760,1,0,1
225472,113761,1,0,1
4854640,113762,1,0,1
2216888,113763,1,0,1
2455312,113764,1,1,0
1468824,113765,1,0,1
2364872,113766,1,0,1
4945120,113767,1,0,1
4015792,113768,1,1,0
3466416,113769,1,0,1
4220248,113770,1,0,1
5507016,113771,1,1,0
2646672,113772,1,0,1
7816992,113773,1,0,1
6082136,113774,1,0,1
1526704,113775,1,1,0
7530496,113776,1,0,1
3089088,113777,1,1,0
6015184,113778,1,1,0
257200,113779,1,0,1
3021144,113780,1,0,1
4431224,113781,1,0,1
1687016,113782,1,0,1
263072,113783,1,0,1
1070824,113784,1,0,1
425312,113785,1,1,0
4848064,113786,1,1,0
7113904,113787,1,0,1
326816,113788,1,1,0
1783872,113789,1,1,0
3358096,113790,1,1,0
1156456,113791,1,0,1
6749232,113792,1,0,1
4383176,113793,1,1,0
6594928,113794,1,0,1
930784,113795,1,0,1
4446104,113796,1,0,1
1677184,113797,1,1,0
1750752,113798,1,0,1
1521272,113799,1,1,0
4237272,113800,1,0,1
3495496,113801,1,1,0
5502920,113802,1,0,1
3798744,113803,1,0,1
371216,113804,1,0,1
504736,113805,1,0,1
2766264,113806,1,1,0
8296056,113807,1,1,0
8268680,113808,1,0,1
5162744,113809,1,0,1
869112,113810,1,0,1
1723488,113811,1,0,1
130344,113812,1,0,1
1788760,113813,1,1,0
2747048,113814,1,1,0
320864,113815,1,1,0
322192,113816,1,0,1
4237112,113817,1,1,0
5980216,113818,1,0,1
4261392,113819,1,0,1
4275224,113820,1,1,0
7498928,113821,1,1,0
332528,113822,1,0,1
1543376,113823,1,1,0
201928,113824,1,0,1
938416,113825,1,0,1
4165432,113826,1,1,0
2067376,113827,1,0,1
4804552,113828,1,1,0
1623848,113829,1,0,1
4800480,113830,1,1,0
275256,113831,1,0,1
2031200,113832,1,1,0
122552,113833,1,0,1
5038488,113834,1,1,0
468720,113835,1,0,1
2332328,113836,1,1,0
4634840,113837,1,1,0
1464104,113838,1,1,0
5822592,113839,1,1,0
3018448,113840,1,1,0
4202336,113841,1,0,1
244504,113842,1,0,1
4516216,113843,1,1,0
487968,113844,1,0,1
4314344,113845,1,1,0
563416,113846,1,0,1
1138024,113847,1,0,1
1369032,113848,1,0,1
3471624,113849,1,1,0
7787896,113850,1,0,1
4541792,113851,1,0,1
3672024,113852,1,0,1
513208,113853,1,0,1
4208352,113854,1,0,1
3331992,113855,1,0,1
1289464,113856,1,1,0
4725592,113857,1,1,0
1833672,113858,1,0,1
913064,113859,1,1,0
2335840,113860,1,0,1
7120728,113861,1,0,1
5808064,113862,1,1,0
6446312,113863,1,0,1
537984,113864,1,0,1
5687688,113865,1,0,1
3451072,113866,1,1,0
3128544,113867,1,0,1
4418360,113868,1,1,0
1400144,113869,1,1,0
3487552,113870,1,0,1
932480,113871,1,0,1
794568,113872,1,1,0
6480280,113873,1,0,1
1722016,113874,1,1,0
4262848,113875,1,0,1
2890600,113876,1,0,1
4824040,113877,1,1,0
7703952,113878,1,0,1
5994776,113879,1,0,1
7431400,113880,1,0,1
854560,113881,1,0,1
1714728,113882,1,1,0
1519112,113883,1,0,1
6306016,113884,1,0,1
546104,113885,1,1,0
1263192,113886,1,0,1
7398208,113887,1,1,0
6898896,113888,1,1,0
688104,113889,1,1,0
2090752,113890,1,0,1
700624,113891,1,0,1
782528,113892,1,0,1
5744376,113893,1,1,0
5637032,113894,1,1,0
1351968,113895,1,1,0
7384360,113896,1,1,0
4234368,113897,1,0,1
1991080,113898,1,0,1
3218136,113899,1,1,0
1223712,113900,1,1,0
5228168,113901,1,1,0
3345000,113902,1,1,0
320352,113903,1,1,0
2612128,113904,1,0,1
1908248,113905,1,0,1
469928,113906,1,1,0
167400,113907,1,0,1
4726744,113908,1,1,0
8340392,113909,1,1,0
1177656,113910,1,0,1
3162592,113911,1,1,0
615896,113912,1,0,1
7932296,113913,1,1,0
8227464,113914,1,1,0
3909656,113915,1,0,1
1206648,113916,1,1,0
507736,113917,1,1,0
3868192,113918,1,1,0
1812616,113919,1,1,0
532000,113920,1,1,0
2452976,113921,1,0,1
610096,113922,1,1,0
6575848,113923,1,1,0
569632,113924,1,1,0
1148720,113925,1,1,0
276568,113926,1,0,1
1656280,113927,1,0,1
3016288,113928,1,1,0
1476848,113929,1,0,1
8047984,113930,1,0,1
735192,113931,1,0,1
1345376,113932,1,0,1
843888,113933,1,1,0
4781152,113934,1,0,1
863920,113935,1,0,1
4612656,113936,1,1,0
217240,113937,1,0,1
3268016,113938,1,0,1
1328720,113939,1,1,0
2060264,113940,1,1,0
4739704,113941,1,0,1
1226648,113942,1,1,0
7407848,113943,1,1,0
557824,113944,1,0,1
2540016,113945,1,1,0
7076688,113946,1,1,0
5292496,113947,1,0,1
2225552,113948,1,1,0
3024496,113949,1,1,0
943176,113950,1,1,0
7190560,113951,1,1,0
6659048,113952,1,0,1
447368,113953,1,1,0
4361152,113954,1,1,0
2066416,113955,1,0,1
160912,113956,1,1,0
2097528,113957,1,0,1
6615832,113958,1,0,1
4621056,113959,1,1,0
4503544,113960,1,1,0
3552344,113961,1,0,1
3135352,113962,1,0,1
3866008,113963,1,1,0
1383424,113964,1,0,1
4424416,113965,1,0,1
4092760,113966,1,0,1
87936,113967,1,1,0
1309640,113968,1,1,0
1054400,113969,1,1,0
2348536,113970,1,1,0
4680256,113971,1,0,1
2523400,113972,1,1,0
5158816,113973,1,1,0
2786008,113974,1,1,0
486768,113975,1,0,1
3685816,113976,1,0,1
7760608,113977,1,1,0
7577080,113978,1,1,0
602608,113979,1,0,1
4566168,113980,1,0,1
976592,113981,1,1,0
567536,113982,1,1,0
7617672,113983,1,1,0
1232840,113984,1,1,0
3600392,113985,1,1,0
1440912,113986,1,1,0
4315288,113987,1,0,1
4753144,113988,1,1,0
7053560,113989,1,1,0
6482936,113990,1,1,0
771016,113991,1,1,0
2076792,113992,1,1,0
7031352,113993,1,1,0
7938576,113994,1,1,0
179168,113995,1,0,1
2988544,113996,1,0,1
187928,113997,1,1,0
443608,113998,1,1,0
203856,113999,1,1,0
5172736,114000,1,0,1
236408,114001,1,0,1
419320,114002,1,0,1
4547640,114003,1,0,1
970184,114004,1,1,0
3464344,114005,1,1,0
5184624,114006,1,1,0
1818280,114007,1,1,0
1082816,114008,1,1,0
751064,114009,1,0,1
1235280,114010,1,1,0
500440,114011,1,0,1
712048,114012,1,1,0
2087024,114013,1,1,0
7826176,114014,1,1,0
1693744,114015,1,0,1
1702400,114016,1,1,0
962384,114017,1,1,0
3174096,114018,1,1,0
1607136,114019,1,0,1
5964976,114020,1,0,1
2905848,114021,1,0,1
4175112,114022,1,1,0
1621312,114023,1,0,1
2471000,114024,1,0,1
747560,114025,1,0,1
3811296,114026,1,1,0
2306856,114027,1,0,1
868128,114028,1,0,1
4622168,114029,1,0,1
919360,114030,1,0,1
390432,114031,1,1,0
3747696,114032,1,0,1
393768,114033,1,1,0
2110128,114034,1,1,0
5988136,114035,1,1,0
5068352,114036,1,1,0
6480856,114037,1,0,1
447192,114038,1,1,0
6820136,114039,1,0,1
956664,114040,1,0,1
4025072,114041,1,0,1
5833472,114042,1,1,0
367040,114043,1,0,1
5494136,114044,1,0,1
1303024,114045,1,0,1
5156328,114046,1,1,0
1589888,114047,1,0,1
6880192,114048,1,1,0
1831552,114049,1,1,0
1110392,114050,1,1,0
1337584,114051,1,1,0
3845920,114052,1,1,0
2216688,114053,1,0,1
5128872,114054,1,1,0
611672,114055,1,0,1
213416,114056,1,1,0
6171440,114057,1,0,1
2102576,114058,1,1,0
3134056,114059,1,0,1
954936,114060,1,0,1
176176,114061,1,1,0
2704824,114062,1,0,1
1046016,114063,1,0,1
923944,114064,1,0,1
3343376,114065,1,1,0
2026096,114066,1,0,1
1437320,114067,1,0,1
1851920,114068,1,1,0
645208,114069,1,1,0
2842064,114070,1,1,0
4794464,114071,1,0,1
2517752,114072,1,1,0
5530976,114073,1,1,0
3866424,114074,1,1,0
749688,114075,1,0,1
934896,114076,1,1,0
846744,114077,1,0,1
321472,114078,1,0,1
2093752,114079,1,0,1
943928,114080,1,0,1
2446560,114081,1,1,0
233336,114082,1,1,0
561560,114083,1,1,0
1362248,114084,1,1,0
6752280,114085,1,1,0
681712,114086,1,1,0
1911440,114087,1,0,1
3384016,114088,1,1,0
1191808,114089,1,1,0
2810168,114090,1,1,0
4602824,114091,1,0,1
1360768,114092,1,1,0
2137808,114093,1,1,0
4170184,114094,1,0,1
5748024,114095,1,0,1
147896,114096,1,0,1
1256672,114097,1,1,0
761560,114098,1,0,1
890016,114099,1,0,1
640832,114100,1,0,1
922152,114101,1,1,0
1346600,114102,1,0,1
2684360,114103,1,1,0
783376,114104,1,1,0
2114032,114105,1,1,0
1955888,114106,1,1,0
2421456,114107,1,0,1
5678864,114108,1,1,0
6723448,114109,1,1,0
2743952,114110,1,1,0
1739768,114111,1,0,1
6285280,114112,1,1,0
7981240,114113,1,1,0
4955920,114114,1,1,0
925304,114115,1,1,0
6183232,114116,1,1,0
2667440,114117,1,0,1
1383040,114118,1,1,0
5726408,114119,1,1,0
453392,114120,1,0,1
5728008,114121,1,1,0
525048,114122,1,0,1
7818560,114123,1,0,1
6067912,114124,1,1,0
553904,114125,1,1,0
230840,114126,1,0,1
383800,114127,1,0,1
646208,114128,1,0,1
5873800,114129,1,0,1
2861320,114130,1,0,1
3267736,114131,1,0,1
777360,114132,1,0,1
1848296,114133,1,0,1
280528,114134,1,1,0
3104104,114135,1,1,0
7284288,114136,1,0,1
3828568,114137,1,1,0
2904280,114138,1,1,0
1648392,114139,1,1,0
2941928,114140,1,1,0
99664,114141,1,1,0
952960,114142,1,0,1
559312,114143,1,1,0
678752,114144,1,0,1
4458128,114145,1,1,0
1107888,114146,1,1,0
3010376,114147,1,1,0
1156912,114148,1,1,0
3454288,114149,1,1,0
1111680,114150,1,0,1
1162504,114151,1,0,1
2985560,114152,1,0,1
7681920,114153,1,0,1
1786792,114154,1,0,1
4336616,114155,1,1,0
3529984,114156,1,0,1
4135944,114157,1,1,0
2320240,114158,1,0,1
297632,114159,1,1,0
3701256,114160,1,0,1
552408,114161,1,0,1
2524144,114162,1,0,1
258112,114163,1,0,1
6087544,114164,1,1,0
1553032,114165,1,0,1
1281344,114166,1,1,0
608288,114167,1,0,1
3918608,114168,1,0,1
5907872,114169,1,0,1
1715024,114170,1,0,1
7101760,114171,1,1,0
6839832,114172,1,0,1
1119608,114173,1,0,1
3731592,114174,1,1,0
6091592,114175,1,0,1
3615328,114176,1,0,1
480944,114177,1,1,0
5937552,114178,1,1,0
1970752,114179,1,1,0
4776784,114180,1,1,0
1662496,114181,1,1,0
2455944,114182,1,1,0
1544432,114183,1,1,0
440560,114184,1,1,0
1137336,114185,1,0,1
971320,114186,1,1,0
6323048,114187,1,1,0
6485216,114188,1,0,1
2062136,114189,1,0,1
5123720,114190,1,1,0
5779768,114191,1,0,1
3264312,114192,1,0,1
8293152,114193,1,0,1
4191928,114194,1,0,1
7383456,114195,1,0,1
1499032,114196,1,1,0
8270568,114197,1,1,0
3891840,114198,1,1,0
1072416,114199,1,0,1
8119680,114200,1,0,1
208008,114201,1,1,0
805264,114202,1,0,1
4018112,114203,1,1,0
5821944,114204,1,0,1
4259088,114205,1,1,0
1787088,114206,1,0,1
8185328,114207,1,0,1
292048,114208,1,0,1
7105640,114209,1,1,0
192272,114210,1,0,1
3221208,114211,1,1,0
1812432,114212,1,1,0
6179768,114213,1,1,0
3539760,114214,1,0,1
1941848,114215,1,0,1
737080,114216,1,1,0
2224296,114217,1,0,1
120984,114218,1,0,1
262840,114219,1,1,0
1761728,114220,1,0,1
1677336,114221,1,0,1
1677776,114222,1,1,0
5499944,114223,1,0,1
2535128,114224,1,1,0
4118912,114225,1,1,0
2872776,114226,1,0,1
2720680,114227,1,1,0
830776,114228,1,1,0
3151024,114229,1,1,0
3977176,114230,1,0,1
1470944,114231,1,1,0
5016488,114232,1,0,1
3897520,114233,1,1,0
5622704,114234,1,1,0
7128864,114235,1,1,0
2013696,114236,1,0,1
2247632,114237,1,0,1
2773312,114238,1,0,1
1189440,114239,1,0,1
3329080,114240,1,1,0
1201368,114241,1,1,0
1911184,114242,1,0,1
400856,114243,1,0,1
6714856,114244,1,0,1
5609024,114245,1,1,0
4065568,114246,1,0,1
642688,114247,1,0,1
3813856,114248,1,0,1
3572928,114249,1,0,1
522456,114250,1,0,1
1580168,114251,1,0,1
793816,114252,1,1,0
3009792,114253,1,1,0
839552,114254,1,1,0
6337544,114255,1,0,1
7826560,114256,1,0,1
1316032,114257,1,0,1
815928,114258,1,1,0
1391528,114259,1,0,1
1425568,114260,1,0,1
6352936,114261,1,1,0
376008,114262,1,0,1
6584848,114263,1,0,1
1116672,114264,1,1,0
811552,114265,1,1,0
7506096,114266,1,0,1
422608,114267,1,0,1
3731512,114268,1,0,1
1273736,114269,1,1,0
2027192,114270,1,0,1
1862032,114271,1,1,0
757128,114272,1,0,1
4488024,114273,1,0,1
1374752,114274,1,0,1
119184,114275,1,0,1
894544,114276,1,1,0
7412744,114277,1,1,0
6352384,114278,1,0,1
3745760,114279,1,1,0
2598784,114280,1,0,1
4797520,114281,1,1,0
417640,114282,1,0,1
996536,114283,1,0,1
5655800,114284,1,1,0
1619824,114285,1,1,0
5407816,114286,1,0,1
1210064,114287,1,1,0
2582096,114288,1,1,0
4176112,114289,1,0,1
6774048,114290,1,0,1
1562216,114291,1,1,0
3144160,114292,1,0,1
196880,114293,1,0,1
1942456,114294,1,0,1
4557720,114295,1,0,1
438520,114296,1,0,1
5081600,114297,1,0,1
224400,114298,1,1,0
5116928,114299,1,1,0
539696,114300,1,0,1
4342664,114301,1,1,0
5706200,114302,1,1,0
2407992,114303,1,1,0
1702176,114304,1,1,0
7312584,114305,1,1,0
5956592,114306,1,0,1
6604352,114307,1,1,0
3744616,114308,1,0,1
475208,114309,1,1,0
4287344,114310,1,1,0
343472,114311,1,0,1
119912,114312,1,1,0
2376296,114313,1,1,0
2612160,114314,1,1,0
696992,114315,1,1,0
3056376,114316,1,0,1
301536,114317,1,1,0
254112,114318,1,0,1
5193144,114319,1,0,1
5817504,114320,1,0,1
7254376,114321,1,1,0
1027360,114322,1,0,1
2859552,114323,1,0,1
6838832,114324,1,1,0
1489544,114325,1,0,1
1988880,114326,1,1,0
1364544,114327,1,0,1
6839368,114328,1,1,0
3018504,114329,1,1,0
8117784,114330,1,0,1
8275720,114331,1,1,0
5833872,114332,1,0,1
4523696,114333,1,1,0
3077720,114334,1,1,0
485296,114335,1,1,0
1366704,114336,1,1,0
2876600,114337,1,0,1
1415576,114338,1,0,1
159024,114339,1,0,1
3766800,114340,1,1,0
3586712,114341,1,1,0
695392,114342,1,1,0
2608280,114343,1,0,1
4973328,114344,1,0,1
1415280,114345,1,1,0
2139256,114346,1,1,0
2811080,114347,1,0,1
1607704,114348,1,0,1
421240,114349,1,0,1
2877424,114350,1,0,1
3282040,114351,1,1,0
726072,114352,1,0,1
1243504,114353,1,0,1
5930984,114354,1,0,1
834104,114355,1,1,0
7517400,114356,1,0,1
1159768,114357,1,1,0
879704,114358,1,0,1
258440,114359,1,1,0
1115312,114360,1,1,0
5689904,114361,1,0,1
6702056,114362,1,1,0
262136,114363,1,1,0
2408632,114364,1,1,0
2181416,114365,1,0,1
704800,114366,1,1,0
6344344,114367,1,1,0
643024,114368,1,1,0
557920,114369,1,1,0
1428224,114370,1,1,0
4035320,114371,1,1,0
2754056,114372,1,1,0
6906168,114373,1,1,0
365088,114374,1,0,1
417464,114375,1,1,0
5240712,114376,1,1,0
3381840,114377,1,0,1
2623392,114378,1,0,1
191304,114379,1,1,0
2748344,114380,1,1,0
452544,114381,1,1,0
6264176,114382,1,0,1
1626088,114383,1,0,1
2681936,114384,1,0,1
375728,114385,1,1,0
3671408,114386,1,1,0
328032,114387,1,0,1
525896,114388,1,1,0
1348656,114389,1,0,1
3347408,114390,1,0,1
1226576,114391,1,1,0
3240648,114392,1,0,1
2294216,114393,1,1,0
1958232,114394,1,1,0
906952,114395,1,0,1
2764064,114396,1,1,0
1773368,114397,1,0,1
1693656,114398,1,1,0
2953008,114399,1,0,1
1899312,114400,1,1,0
7011624,114401,1,1,0
67472,114402,1,1,0
5697088,114403,1,0,1
1452680,114404,1,0,1
1136360,114405,1,0,1
1579680,114406,1,0,1
3453736,114407,1,0,1
4357416,114408,1,0,1
2776024,114409,1,1,0
1934272,114410,1,1,0
1292168,114411,1,0,1
2079104,114412,1,0,1
1324816,114413,1,1,0
2254184,114414,1,1,0
6447440,114415,1,0,1
1080864,114416,1,1,0
3430144,114417,1,1,0
904768,114418,1,1,0
1230120,114419,1,1,0
5003344,114420,1,1,0
946088,114421,1,1,0
323408,114422,1,0,1
502656,114423,1,1,0
2643744,114424,1,1,0
267712,114425,1,1,0
1534968,114426,1,1,0
3412080,114427,1,0,1
1251872,114428,1,0,1
1849776,114429,1,0,1
326544,114430,1,1,0
5194280,114431,1,0,1
817416,114432,1,1,0
2672936,114433,1,1,0
683584,114434,1,0,1
1225520,114435,1,0,1
5683072,114436,1,1,0
1363736,114437,1,1,0
1158976,114438,1,0,1
190576,114439,1,1,0
386200,114440,1,0,1
2103448,114441,1,0,1
2693904,114442,1,0,1
623056,114443,1,1,0
2815552,114444,1,0,1
1976136,114445,1,1,0
6264192,114446,1,0,1
1396976,114447,1,0,1
4230552,114448,1,0,1
1730128,114449,1,0,1
781968,114450,1,1,0
7113408,114451,1,1,0
2284368,114452,1,0,1
880136,114453,1,1,0
890720,114454,1,1,0
1600816,114455,1,0,1
751408,114456,1,1,0
992736,114457,1,0,1
4188488,114458,1,0,1
2952816,114459,1,1,0
5335584,114460,1,0,1
2034880,114461,1,1,0
669288,114462,1,1,0
5348936,114463,1,1,0
2016888,114464,1,0,1
2204320,114465,1,0,1
8169544,114466,1,1,0
2445632,114467,1,0,1
355824,114468,1,0,1
1714792,114469,1,1,0
1014440,114470,1,0,1
6747832,114471,1,1,0
2534288,114472,1,1,0
3718000,114473,1,0,1
271632,114474,1,1,0
2328952,114475,1,0,1
1980128,114476,1,0,1
1678056,114477,1,0,1
3355184,114478,1,0,1
1884376,114479,1,0,1
183352,114480,1,0,1
1612784,114481,1,1,0
3643448,114482,1,0,1
4300912,114483,1,0,1
3916248,114484,1,0,1
7772488,114485,1,1,0
3090072,114486,1,1,0
316928,114487,1,1,0
3709008,114488,1,0,1
4079040,114489,1,1,0
1286784,114490,1,0,1
1600320,114491,1,0,1
913008,114492,1,1,0
6396656,114493,1,1,0
1925976,114494,1,1,0
5241408,114495,1,1,0
556760,114496,1,1,0
3576576,114497,1,0,1
4465880,114498,1,1,0
2835744,114499,1,0,1
1028000,114500,1,1,0
201344,114501,1,1,0
7399944,114502,1,0,1
4478832,114503,1,0,1
1709424,114504,1,1,0
3201936,114505,1,1,0
4241344,114506,1,0,1
2996288,114507,1,0,1
1758280,114508,1,1,0
5612240,114509,1,0,1
1208872,114510,1,0,1
1788488,114511,1,0,1
1165136,114512,1,1,0
244904,114513,1,0,1
3405688,114514,1,1,0
579840,114515,1,0,1
777776,114516,1,1,0
1990000,114517,1,0,1
1287648,114518,1,0,1
5641168,114519,1,1,0
6602120,114520,1,0,1
255488,114521,1,1,0
4072680,114522,1,0,1
4133856,114523,1,0,1
1845472,114524,1,1,0
1176592,114525,1,0,1
8246656,114526,1,1,0
300832,114527,1,0,1
2762016,114528,1,0,1
847896,114529,1,1,0
2041312,114530,1,0,1
1446168,114531,1,0,1
4451408,114532,1,1,0
3092448,114533,1,0,1
6491712,114534,1,1,0
1145592,114535,1,1,0
5336808,114536,1,0,1
4400384,114537,1,1,0
1969832,114538,1,0,1
6365160,114539,1,0,1
5550760,114540,1,0,1
239296,114541,1,0,1
6863072,114542,1,1,0
1134168,114543,1,1,0
7736592,114544,1,0,1
138120,114545,1,0,1
2008760,114546,1,0,1
936856,114547,1,0,1
7223368,114548,1,0,1
5249016,114549,1,1,0
1859144,114550,1,0,1
1183648,114551,1,1,0
5420480,114552,1,1,0
2152360,114553,1,0,1
566664,114554,1,1,0
596336,114555,1,0,1
219776,114556,1,1,0
5467968,114557,1,0,1
1561368,114558,1,1,0
1904872,114559,1,1,0
8192528,114560,1,1,0
202424,114561,1,1,0
532536,114562,1,1,0
2422336,114563,1,0,1
463288,114564,1,0,1
1755392,114565,1,0,1
6124720,114566,1,1,0
1978496,114567,1,1,0
8016456,114568,1,1,0
8283144,114569,1,1,0
7914240,114570,1,1,0
6198896,114571,1,0,1
1274200,114572,1,0,1
673280,114573,1,1,0
4574968,114574,1,0,1
4541256,114575,1,1,0
806776,114576,1,0,1
3299688,114577,1,1,0
767584,114578,1,1,0
6004312,114579,1,0,1
7670160,114580,1,1,0
3499928,114581,1,0,1
2744928,114582,1,1,0
2533800,114583,1,1,0
5771824,114584,1,1,0
1375600,114585,1,0,1
6888776,114586,1,0,1
7487064,114587,1,0,1
260624,114588,1,0,1
1524272,114589,1,1,0
270536,114590,1,0,1
2154928,114591,1,1,0
2577976,114592,1,0,1
5700704,114593,1,0,1
1423992,114594,1,0,1
2161456,114595,1,0,1
1375024,114596,1,0,1
907376,114597,1,0,1
413568,114598,1,1,0
424552,114599,1,0,1
962552,114600,1,1,0
904200,114601,1,0,1
2130208,114602,1,1,0
2709928,114603,1,1,0
311712,114604,1,0,1
1667344,114605,1,0,1
1827904,114606,1,1,0
1953856,114607,1,0,1
916384,114608,1,0,1
1074904,114609,1,0,1
2090096,114610,1,1,0
4335280,114611,1,0,1
91512,114612,1,0,1
1015912,114613,1,1,0
8339392,114614,1,0,1
1452656,114615,1,0,1
2906776,114616,1,0,1
1669080,114617,1,0,1
7417240,114618,1,1,0
1156472,114619,1,1,0
6819344,114620,1,0,1
641528,114621,1,0,1
1497528,114622,1,1,0
4786800,114623,1,0,1
7461608,114624,1,0,1
3706608,114625,1,1,0
1873584,114626,1,0,1
4849824,114627,1,1,0
7541184,114628,1,0,1
1400296,114629,1,0,1
8040736,114630,1,0,1
3119992,114631,1,1,0
6561248,114632,1,0,1
7163568,114633,1,1,0
502744,114634,1,1,0
2502168,114635,1,1,0
309544,114636,1,0,1
7048384,114637,1,1,0
3463024,114638,1,0,1
464520,114639,1,1,0
3976024,114640,1,1,0
4914832,114641,1,1,0
1173816,114642,1,0,1
829536,114643,1,1,0
7465568,114644,1,0,1
7727848,114645,1,1,0
5586664,114646,1,0,1
4359272,114647,1,0,1
1094544,114648,1,1,0
3184112,114649,1,1,0
1064952,114650,1,1,0
3633168,114651,1,0,1
838984,114652,1,0,1
7884480,114653,1,1,0
729888,114654,1,0,1
2122336,114655,1,1,0
1394320,114656,1,0,1
6980976,114657,1,1,0
277184,114658,1,1,0
5119240,114659,1,0,1
1663736,114660,1,0,1
5668296,114661,1,1,0
1914096,114662,1,0,1
4831760,114663,1,1,0
4935152,114664,1,0,1
4934976,114665,1,0,1
4282984,114666,1,1,0
5673232,114667,1,0,1
5070768,114668,1,0,1
3159520,114669,1,0,1
647088,114670,1,0,1
323616,114671,1,1,0
3419784,114672,1,0,1
1889928,114673,1,1,0
7063520,114674,1,0,1
7708840,114675,1,1,0
460832,114676,1,0,1
2568616,114677,1,1,0
1089656,114678,1,0,1
687944,114679,1,1,0
266624,114680,1,0,1
459104,114681,1,1,0
3649632,114682,1,0,1
650736,114683,1,1,0
430456,114684,1,1,0
1079256,114685,1,1,0
5777760,114686,1,0,1
1022656,114687,1,1,0
1224384,114688,1,0,1
2133248,114689,1,1,0
2870712,114690,1,0,1
6446432,114691,1,1,0
1058664,114692,1,0,1
5637256,114693,1,1,0
2697064,114694,1,0,1
5120872,114695,1,1,0
233776,114696,1,1,0
3528160,114697,1,1,0
869016,114698,1,1,0
1570432,114699,1,1,0
2580584,114700,1,0,1
1208056,114701,1,0,1
1507320,114702,1,1,0
549632,114703,1,0,1
1960792,114704,1,1,0
4204928,114705,1,1,0
5871232,114706,1,0,1
6240944,114707,1,0,1
1904168,114708,1,1,0
8221864,114709,1,0,1
7751640,114710,1,1,0
6592552,114711,1,1,0
3579392,114712,1,0,1
3176392,114713,1,0,1
424504,114714,1,0,1
2491424,114715,1,0,1
3197928,114716,1,1,0
2911600,114717,1,1,0
5894136,114718,1,0,1
2241032,114719,1,1,0
3414192,114720,1,0,1
4614144,114721,1,1,0
2302344,114722,1,1,0
2354240,114723,1,1,0
1547776,114724,1,1,0
678280,114725,1,1,0
5536800,114726,1,0,1
932640,114727,1,1,0
6868672,114728,1,0,1
7941288,114729,1,0,1
1411368,114730,1,0,1
4807048,114731,1,0,1
6340152,114732,1,1,0
635184,114733,1,1,0
2514608,114734,1,0,1
8149592,114735,1,1,0
1751312,114736,1,1,0
902760,114737,1,1,0
1703856,114738,1,1,0
586992,114739,1,1,0
7965424,114740,1,0,1
6635944,114741,1,0,1
4839808,114742,1,1,0
4045048,114743,1,0,1
5570088,114744,1,0,1
6658048,114745,1,0,1
2293936,114746,1,0,1
480224,114747,1,0,1
791968,114748,1,1,0
431840,114749,1,1,0
3387616,114750,1,0,1
1590168,114751,1,0,1
1210264,114752,1,0,1
2824720,114753,1,0,1
4509584,114754,1,0,1
2651840,114755,1,1,0
1212128,114756,1,0,1
1271936,114757,1,1,0
736968,114758,1,0,1
907336,114759,1,1,0
811736,114760,1,1,0
6852432,114761,1,0,1
3377408,114762,1,1,0
368304,114763,1,0,1
7593880,114764,1,1,0
1638424,114765,1,1,0
1899448,114766,1,1,0
5839288,114767,1,1,0
1129896,114768,1,0,1
1185384,114769,1,1,0
877672,114770,1,1,0
2315272,114771,1,0,1
3013816,114772,1,1,0
7412728,114773,1,0,1
3937816,114774,1,0,1
479240,114775,1,0,1
6276584,114776,1,0,1
5115808,114777,1,0,1
2818424,114778,1,1,0
794536,114779,1,0,1
6201376,114780,1,1,0
636856,114781,1,1,0
3092640,114782,1,1,0
6011352,114783,1,0,1
1706264,114784,1,0,1
1125240,114785,1,0,1
626008,114786,1,0,1
7244256,114787,1,0,1
237928,114788,1,1,0
1773456,114789,1,1,0
207992,114790,1,0,1
3864824,114791,1,0,1
540184,114792,1,0,1
1039880,114793,1,1,0
5760448,114794,1,0,1
6575448,114795,1,1,0
5537384,114796,1,1,0
671576,114797,1,0,1
6352336,114798,1,0,1
6929008,114799,1,0,1
4849664,114800,1,1,0
3159656,114801,1,0,1
287280,114802,1,0,1
314312,114803,1,0,1
967456,114804,1,0,1
5036232,114805,1,1,0
3803632,114806,1,0,1
5026144,114807,1,1,0
821880,114808,1,1,0
4702304,114809,1,0,1
4703216,114810,1,1,0
3740992,114811,1,0,1
5921776,114812,1,0,1
519688,114813,1,0,1
2879368,114814,1,1,0
4893240,114815,1,0,1
484320,114816,1,1,0
357544,114817,1,1,0
4382120,114818,1,0,1
409936,114819,1,0,1
642184,114820,1,0,1
3912704,114821,1,1,0
2505432,114822,1,1,0
3279184,114823,1,0,1
5594040,114824,1,0,1
4561488,114825,1,1,0
637688,114826,1,0,1
1918560,114827,1,1,0
1216776,114828,1,1,0
8044600,114829,1,1,0
950216,114830,1,1,0
3102624,114831,1,1,0
305824,114832,1,0,1
2836480,114833,1,0,1
3671448,114834,1,0,1
5271584,114835,1,1,0
2570528,114836,1,1,0
622472,114837,1,0,1
4126272,114838,1,1,0
4961000,114839,1,1,0
257400,114840,1,1,0
7147968,114841,1,0,1
5014512,114842,1,1,0
2787976,114843,1,0,1
5074296,114844,1,0,1
1118448,114845,1,1,0
1947968,114846,1,0,1
3494784,114847,1,0,1
2422320,114848,1,0,1
3701080,114849,1,0,1
545104,114850,1,1,0
4963616,114851,1,1,0
875112,114852,1,0,1
445576,114853,1,0,1
7668144,114854,1,1,0
2426056,114855,1,0,1
2233104,114856,1,0,1
4503504,114857,1,0,1
584112,114858,1,0,1
2916328,114859,1,0,1
341768,114860,1,1,0
376704,114861,1,1,0
435296,114862,1,0,1
1482272,114863,1,1,0
139880,114864,1,0,1
2119840,114865,1,1,0
685000,114866,1,0,1
3715648,114867,1,1,0
5111928,114868,1,1,0
2293656,114869,1,1,0
6441304,114870,1,0,1
1285872,114871,1,0,1
3291296,114872,1,0,1
7634744,114873,1,1,0
423472,114874,1,1,0
2421280,114875,1,1,0
886344,114876,1,0,1
2135968,114877,1,1,0
782232,114878,1,1,0
6605912,114879,1,0,1
3551160,114880,1,0,1
6997784,114881,1,1,0
469304,114882,1,0,1
1165448,114883,1,0,1
1144424,114884,1,1,0
1333304,114885,1,1,0
3886024,114886,1,0,1
618016,114887,1,1,0
5654040,114888,1,0,1
1962376,114889,1,0,1
1840040,114890,1,0,1
2215232,114891,1,0,1
294056,114892,1,1,0
3087480,114893,1,1,0
8214184,114894,1,1,0
5057384,114895,1,1,0
7056360,114896,1,1,0
6189832,114897,1,1,0
1016072,114898,1,0,1
5970528,114899,1,1,0
1142464,114900,1,0,1
4341728,114901,1,1,0
2915728,114902,1,1,0
5092688,114903,1,1,0
1186680,114904,1,0,1
5254104,114905,1,1,0
2014920,114906,1,1,0
773544,114907,1,1,0
5329128,114908,1,1,0
5502856,114909,1,1,0
862976,114910,1,1,0
6090160,114911,1,0,1
525336,114912,1,1,0
5717080,114913,1,1,0
687264,114914,1,1,0
7704856,114915,1,1,0
416312,114916,1,1,0
117584,114917,1,0,1
496608,114918,1,0,1
197176,114919,1,1,0
344224,114920,1,0,1
980464,114921,1,1,0
1759824,114922,1,1,0
3890296,114923,1,1,0
901856,114924,1,1,0
2407200,114925,1,1,0
1706584,114926,1,0,1
851528,114927,1,1,0
2709736,114928,1,1,0
1996880,114929,1,0,1
1612128,114930,1,1,0
959000,114931,1,1,0
516344,114932,1,0,1
1381392,114933,1,1,0
914160,114934,1,1,0
788568,114935,1,0,1
6607904,114936,1,0,1
5066400,114937,1,0,1
2873768,114938,1,0,1
3206072,114939,1,0,1
7841008,114940,1,1,0
1971120,114941,1,0,1
362136,114942,1,1,0
1000736,114943,1,1,0
6986720,114944,1,1,0
2698648,114945,1,1,0
4068584,114946,1,1,0
3733000,114947,1,1,0
4913344,114948,1,0,1
1445992,114949,1,1,0
590080,114950,1,1,0
5645120,114951,1,0,1
6307096,114952,1,0,1
2799856,114953,1,1,0
2320224,114954,1,1,0
6544912,114955,1,0,1
343792,114956,1,1,0
265848,114957,1,1,0
2199752,114958,1,1,0
1017816,114959,1,1,0
7062264,114960,1,1,0
2523320,114961,1,1,0
5936576,114962,1,1,0
1236160,114963,1,0,1
212336,114964,1,1,0
7548288,114965,1,1,0
1551072,114966,1,1,0
2747832,114967,1,1,0
563672,114968,1,0,1
6631712,114969,1,0,1
1437496,114970,1,0,1
7700232,114971,1,1,0
359528,114972,1,0,1
7051872,114973,1,1,0
7413760,114974,1,1,0
6199664,114975,1,1,0
5230472,114976,1,1,0
5049912,114977,1,0,1
3013328,114978,1,1,0
3556800,114979,1,0,1
3075328,114980,1,1,0
5808312,114981,1,1,0
2837448,114982,1,1,0
3733008,114983,1,0,1
1233576,114984,1,0,1
408760,114985,1,1,0
4902288,114986,1,0,1
2123984,114987,1,0,1
384560,114988,1,1,0
489576,114989,1,0,1
3572032,114990,1,0,1
4469608,114991,1,0,1
8273360,114992,1,0,1
4853008,114993,1,0,1
5727408,114994,1,0,1
7920944,114995,1,1,0
2312824,114996,1,1,0
5797672,114997,1,1,0
3751200,114998,1,1,0
1263992,114999,1,1,0
1519736,115000,1,0,1
1659984,115001,1,0,1
459568,115002,1,1,0
2749176,115003,1,1,0
1120104,115004,1,1,0
304680,115005,1,1,0
5913928,115006,1,0,1
810312,115007,1,0,1
1125112,115008,1,1,0
5438808,115009,1,1,0
5537936,115010,1,0,1
4012544,115011,1,0,1
4753768,115012,1,1,0
2541680,115013,1,1,0
275768,115014,1,1,0
5406992,115015,1,1,0
7079320,115016,1,0,1
3343432,115017,1,1,0
3832920,115018,1,0,1
1178232,115019,1,0,1
451632,115020,1,0,1
1756672,115021,1,1,0
3164808,115022,1,0,1
7344032,115023,1,1,0
815624,115024,1,0,1
3664800,115025,1,1,0
329352,115026,1,1,0
3070688,115027,1,1,0
2796776,115028,1,0,1
908240,115029,1,1,0
2726616,115030,1,0,1
865368,115031,1,1,0
7442528,115032,1,1,0
357488,115033,1,1,0
4346248,115034,1,1,0
5777312,115035,1,0,1
1469136,115036,1,1,0
3542256,115037,1,1,0
387856,115038,1,1,0
4241904,115039,1,0,1
2505328,115040,1,0,1
3427048,115041,1,1,0
3194664,115042,1,1,0
5157664,115043,1,1,0
127864,115044,1,1,0
691312,115045,1,1,0
722304,115046,1,0,1
5757296,115047,1,1,0
2985344,115048,1,0,1
2181392,115049,1,1,0
1582536,115050,1,1,0
1220728,115051,1,1,0
2243528,115052,1,1,0
5752952,115053,1,1,0
452120,115054,1,0,1
4825000,115055,1,0,1
1169120,115056,1,1,0
1646704,115057,1,1,0
236672,115058,1,1,0
7242264,115059,1,1,0
4249552,115060,1,1,0
1287480,115061,1,0,1
6979816,115062,1,1,0
7902056,115063,1,0,1
1902384,115064,1,1,0
1088560,115065,1,1,0
1031960,115066,1,0,1
3819128,115067,1,0,1
3471968,115068,1,1,0
2066448,115069,1,0,1
1029440,115070,1,0,1
3662160,115071,1,0,1
4143144,115072,1,0,1
1192576,115073,1,0,1
2776000,115074,1,0,1
8239336,115075,1,1,0
4290800,115076,1,1,0
3385872,115077,1,0,1
601808,115078,1,0,1
2109280,115079,1,1,0
7128784,115080,1,0,1
3545880,115081,1,0,1
3612968,115082,1,1,0
367976,115083,1,1,0
3634456,115084,1,0,1
2673472,115085,1,1,0
5629008,115086,1,1,0
3676768,115087,1,1,0
2141560,115088,1,0,1
5322880,115089,1,0,1
2819024,115090,1,0,1
2560168,115091,1,1,0
423968,115092,1,1,0
2227104,115093,1,1,0
555408,115094,1,1,0
1903248,115095,1,1,0
2843776,115096,1,0,1
1323512,115097,1,0,1
4303056,115098,1,0,1
2388208,115099,1,1,0
4805232,115100,1,1,0
2852656,115101,1,0,1
405056,115102,1,0,1
2749000,115103,1,0,1
2052864,115104,1,0,1
4853880,115105,1,1,0
2550968,115106,1,0,1
3772528,115107,1,1,0
4000088,115108,1,1,0
849104,115109,1,0,1
2420528,115110,1,0,1
166648,115111,1,0,1
3669264,115112,1,0,1
2489784,115113,1,1,0
6147232,115114,1,1,0
170184,115115,1,0,1
5159544,115116,1,0,1
1425848,115117,1,0,1
211088,115118,1,0,1
3309800,115119,1,1,0
4155032,115120,1,1,0
3656744,115121,1,0,1
4444384,115122,1,1,0
863168,115123,1,0,1
2775312,115124,1,1,0
3492408,115125,1,0,1
1294360,115126,1,1,0
1349256,115127,1,1,0
4243776,115128,1,0,1
423736,115129,1,1,0
4989656,115130,1,0,1
1938520,115131,1,1,0
6904400,115132,1,0,1
393472,115133,1,1,0
6434584,115134,1,1,0
2401192,115135,1,1,0
1388984,115136,1,0,1
105880,115137,1,0,1
1902800,115138,1,0,1
4116752,115139,1,0,1
2858632,115140,1,1,0
3462600,115141,1,1,0
804200,115142,1,1,0
2856064,115143,1,1,0
283904,115144,1,1,0
4329640,115145,1,0,1
2751016,115146,1,1,0
503480,115147,1,0,1
4027728,115148,1,0,1
2889480,115149,1,1,0
2242896,115150,1,1,0
5192464,115151,1,0,1
3904024,115152,1,0,1
957576,115153,1,0,1
436288,115154,1,1,0
3372736,115155,1,0,1
4690400,115156,1,0,1
374744,115157,1,1,0
4962160,115158,1,0,1
2054008,115159,1,1,0
243296,115160,1,1,0
5404960,115161,1,0,1
2197128,115162,1,0,1
5895176,115163,1,0,1
3235040,115164,1,0,1
157288,115165,1,0,1
3546488,115166,1,1,0
687792,115167,1,1,0
659984,115168,1,0,1
309464,115169,1,0,1
3333480,115170,1,0,1
1251256,115171,1,0,1
1854328,115172,1,1,0
1368184,115173,1,0,1
2058656,115174,1,1,0
6719960,115175,1,1,0
4136584,115176,1,1,0
745680,115177,1,1,0
879000,115178,1,0,1
4325264,115179,1,1,0
3113744,115180,1,0,1
295800,115181,1,0,1
386144,115182,1,1,0
7146072,115183,1,1,0
749200,115184,1,1,0
766696,115185,1,1,0
3332168,115186,1,0,1
1255256,115187,1,0,1
479880,115188,1,1,0
531872,115189,1,0,1
1307944,115190,1,1,0
1899416,115191,1,1,0
2417544,115192,1,0,1
968536,115193,1,0,1
5844984,115194,1,1,0
857920,115195,1,1,0
8065512,115196,1,1,0
1357336,115197,1,1,0
1779512,115198,1,0,1
3759488,115199,1,1,0
1487216,115200,1,1,0
1639704,115201,1,0,1
3078432,115202,1,1,0
3533504,115203,1,1,0
726600,115204,1,0,1
1138392,115205,1,1,0
1569344,115206,1,1,0
2176160,115207,1,0,1
2467536,115208,1,1,0
2694960,115209,1,0,1
1550920,115210,1,0,1
3553048,115211,1,0,1
4451864,115212,1,1,0
3146560,115213,1,1,0
8126312,115214,1,1,0
8328144,115215,1,0,1
75848,115216,1,0,1
7471384,115217,1,0,1
7556840,115218,1,1,0
1136256,115219,1,0,1
737472,115220,1,0,1
829960,115221,1,1,0
2269240,115222,1,1,0
1458560,115223,1,1,0
378496,115224,1,1,0
1490424,115225,1,1,0
6476104,115226,1,0,1
472384,115227,1,0,1
574080,115228,1,1,0
1088328,115229,1,0,1
2348800,115230,1,1,0
6758632,115231,1,0,1
3188048,115232,1,0,1
1693648,115233,1,1,0
413976,115234,1,1,0
4489712,115235,1,1,0
3652856,115236,1,0,1
4394672,115237,1,1,0
2871384,115238,1,1,0
1917032,115239,1,0,1
811904,115240,1,0,1
429528,115241,1,0,1
710928,115242,1,1,0
3496464,115243,1,1,0
890400,115244,1,0,1
537632,115245,1,0,1
1063528,115246,1,0,1
2044520,115247,1,0,1
2733488,115248,1,1,0
386312,115249,1,0,1
1687592,115250,1,1,0
6047384,115251,1,1,0
766136,115252,1,1,0
925432,115253,1,1,0
3515608,115254,1,0,1
4450712,115255,1,0,1
4710080,115256,1,1,0
423336,115257,1,1,0
1934928,115258,1,0,1
1899768,115259,1,1,0
1139032,115260,1,1,0
3323616,115261,1,0,1
7384264,115262,1,0,1
759184,115263,1,0,1
559248,115264,1,0,1
8318552,115265,1,0,1
446184,115266,1,0,1
7123704,115267,1,0,1
2085816,115268,1,1,0
465448,115269,1,0,1
5298848,115270,1,1,0
1195744,115271,1,1,0
934400,115272,1,1,0
2380536,115273,1,0,1
8368736,115274,1,0,1
7817264,115275,1,1,0
5577224,115276,1,0,1
8278784,115277,1,1,0
5839752,115278,1,1,0
514352,115279,1,0,1
191688,115280,1,1,0
1765864,115281,1,1,0
5267064,115282,1,1,0
1864920,115283,1,1,0
2770704,115284,1,1,0
5717672,115285,1,1,0
8183360,115286,1,1,0
4512240,115287,1,1,0
1051144,115288,1,0,1
2443424,115289,1,1,0
200320,115290,1,0,1
2813816,115291,1,1,0
6687312,115292,1,0,1
5227232,115293,1,0,1
4848024,115294,1,0,1
3567176,115295,1,1,0
2864744,115296,1,0,1
2691592,115297,1,0,1
1671976,115298,1,1,0
638760,115299,1,0,1
1263720,115300,1,0,1
5079520,115301,1,0,1
7463856,115302,1,0,1
5726680,115303,1,1,0
5107760,115304,1,0,1
3141256,115305,1,1,0
3479560,115306,1,1,0
4570592,115307,1,1,0
2600848,115308,1,1,0
4112128,115309,1,0,1
4124472,115310,1,1,0
1335160,115311,1,0,1
1063072,115312,1,0,1
527184,115313,1,1,0
3516728,115314,1,0,1
345896,115315,1,1,0
4014632,115316,1,0,1
3559072,115317,1,1,0
2601200,115318,1,0,1
2128592,115319,1,1,0
1894480,115320,1,1,0
6761848,115321,1,1,0
3222344,115322,1,1,0
812720,115323,1,0,1
672440,115324,1,1,0
1824568,115325,1,0,1
6578488,115326,1,0,1
6257288,115327,1,1,0
1053584,115328,1,1,0
2219840,115329,1,0,1
2643808,115330,1,1,0
4577896,115331,1,1,0
2057080,115332,1,0,1
6866688,115333,1,0,1
7001544,115334,1,1,0
2983824,115335,1,0,1
1980232,115336,1,1,0
5629464,115337,1,1,0
4276632,115338,1,0,1
812784,115339,1,1,0
2511512,115340,1,0,1
8262680,115341,1,0,1
160960,115342,1,0,1
2043272,115343,1,1,0
152632,115344,1,0,1
4772904,115345,1,0,1
1035368,115346,1,0,1
711008,115347,1,1,0
7873024,115348,1,0,1
3387192,115349,1,0,1
7420856,115350,1,0,1
429440,115351,1,0,1
6570776,115352,1,1,0
3602024,115353,1,0,1
4020672,115354,1,0,1
687976,115355,1,1,0
2072128,115356,1,0,1
248112,115357,1,0,1
527400,115358,1,0,1
334520,115359,1,1,0
929376,115360,1,1,0
5114448,115361,1,1,0
425696,115362,1,0,1
6763320,115363,1,1,0
1154384,115364,1,0,1
2048256,115365,1,0,1
295616,115366,1,1,0
2470872,115367,1,1,0
4093216,115368,1,0,1
854792,115369,1,0,1
654696,115370,1,1,0
1050584,115371,1,1,0
5295712,115372,1,0,1
567264,115373,1,0,1
5282392,115374,1,1,0
5388248,115375,1,0,1
1114200,115376,1,1,0
2769328,115377,1,1,0
626416,115378,1,1,0
177592,115379,1,0,1
4040648,115380,1,0,1
4022144,115381,1,1,0
5586496,115382,1,0,1
7643760,115383,1,1,0
2399512,115384,1,0,1
840696,115385,1,1,0
939624,115386,1,1,0
4332912,115387,1,1,0
3306048,115388,1,1,0
1437976,115389,1,0,1
2377560,115390,1,0,1
4068080,115391,1,0,1
7529176,115392,1,1,0
4410880,115393,1,1,0
2158344,115394,1,1,0
5612992,115395,1,0,1
915488,115396,1,0,1
6628976,115397,1,0,1
4642696,115398,1,0,1
332736,115399,1,1,0
2223432,115400,1,0,1
3834736,115401,1,0,1
5984792,115402,1,1,0
1834520,115403,1,0,1
380736,115404,1,1,0
3848472,115405,1,0,1
4550248,115406,1,0,1
4209216,115407,1,1,0
4418576,115408,1,0,1
498240,115409,1,0,1
157352,115410,1,0,1
5968008,115411,1,0,1
6574832,115412,1,0,1
6928880,115413,1,1,0
342712,115414,1,1,0
749800,115415,1,1,0
6035560,115416,1,1,0
1835512,115417,1,1,0
346208,115418,1,0,1
3884984,115419,1,0,1
5482048,115420,1,1,0
3159648,115421,1,1,0
1936088,115422,1,0,1
2103120,115423,1,1,0
425640,115424,1,0,1
1913456,115425,1,1,0
8331832,115426,1,0,1
5285560,115427,1,1,0
731472,115428,1,0,1
2570856,115429,1,1,0
1004472,115430,1,0,1
6820696,115431,1,1,0
2211776,115432,1,0,1
2535712,115433,1,1,0
2284016,115434,1,0,1
898880,115435,1,0,1
2772904,115436,1,0,1
715320,115437,1,0,1
4896320,115438,1,0,1
3017792,115439,1,0,1
643768,115440,1,0,1
1188864,115441,1,0,1
7270744,115442,1,0,1
1614416,115443,1,1,0
5542056,115444,1,1,0
1245992,115445,1,0,1
6762464,115446,1,1,0
5408464,115447,1,1,0
1281688,115448,1,1,0
614696,115449,1,0,1
2183904,115450,1,0,1
3906608,115451,1,1,0
2059104,115452,1,0,1
5451824,115453,1,1,0
2074432,115454,1,0,1
1545864,115455,1,0,1
579208,115456,1,0,1
2197240,115457,1,1,0
234016,115458,1,1,0
471000,115459,1,0,1
3845320,115460,1,0,1
570352,115461,1,0,1
4907272,115462,1,0,1
3623000,115463,1,1,0
8312896,115464,1,0,1
1725152,115465,1,0,1
1606656,115466,1,0,1
5932880,115467,1,1,0
3576848,115468,1,0,1
779032,115469,1,0,1
1126344,115470,1,0,1
7409512,115471,1,1,0
778752,115472,1,1,0
2337944,115473,1,1,0
3050352,115474,1,0,1
3986088,115475,1,0,1
1899720,115476,1,0,1
1283384,115477,1,1,0
1859864,115478,1,1,0
1476216,115479,1,1,0
2081056,115480,1,1,0
1567344,115481,1,1,0
1720928,115482,1,0,1
889920,115483,1,0,1
4477536,115484,1,0,1
1180088,115485,1,1,0
2109864,115486,1,1,0
1088672,115487,1,1,0
467760,115488,1,1,0
579920,115489,1,1,0
548208,115490,1,0,1
1394968,115491,1,1,0
828184,115492,1,0,1
700368,115493,1,1,0
1097880,115494,1,0,1
2371704,115495,1,0,1
5633936,115496,1,0,1
4386224,115497,1,0,1
3582016,115498,1,0,1
4186880,115499,1,0,1
1436464,115500,1,0,1
1757016,115501,1,0,1
3194784,115502,1,0,1
5409280,115503,1,0,1
186248,115504,1,1,0
873328,115505,1,1,0
909640,115506,1,1,0
2335936,115507,1,0,1
7163672,115508,1,1,0
528880,115509,1,1,0
3248528,115510,1,1,0
227376,115511,1,0,1
847432,115512,1,0,1
1326776,115513,1,0,1
7837016,115514,1,0,1
2109304,115515,1,0,1
4813176,115516,1,0,1
4773568,115517,1,1,0
4452784,115518,1,0,1
3439896,115519,1,0,1
854528,115520,1,1,0
1237768,115521,1,1,0
234880,115522,1,0,1
6084216,115523,1,1,0
1653512,115524,1,0,1
359504,115525,1,0,1
770552,115526,1,1,0
3780592,115527,1,1,0
3633088,115528,1,0,1
1237296,115529,1,0,1
7253800,115530,1,0,1
6900976,115531,1,1,0
1715976,115532,1,1,0
5111664,115533,1,0,1
1130176,115534,1,0,1
1698704,115535,1,0,1
1021600,115536,1,0,1
1336272,115537,1,1,0
282344,115538,1,1,0
842232,115539,1,1,0
258008,115540,1,1,0
1998512,115541,1,0,1
552712,115542,1,0,1
5711664,115543,1,0,1
888448,115544,1,1,0
1505560,115545,1,0,1
6206200,115546,1,0,1
296320,115547,1,1,0
2178384,115548,1,1,0
5397176,115549,1,0,1
1536376,115550,1,0,1
918072,115551,1,1,0
1058048,115552,1,0,1
2620496,115553,1,1,0
2621976,115554,1,1,0
7909288,115555,1,1,0
567376,115556,1,0,1
704848,115557,1,0,1
7316200,115558,1,0,1
2583456,115559,1,0,1
1685480,115560,1,0,1
6411824,115561,1,0,1
1793000,115562,1,1,0
2392024,115563,1,1,0
338488,115564,1,1,0
6581624,115565,1,0,1
1380288,115566,1,1,0
2257928,115567,1,1,0
216768,115568,1,0,1
1964320,115569,1,1,0
1631984,115570,1,0,1
1243808,115571,1,1,0
1816144,115572,1,1,0
6364664,115573,1,0,1
400840,115574,1,0,1
3050208,115575,1,0,1
7573240,115576,1,0,1
677424,115577,1,0,1
5942288,115578,1,1,0
7259616,115579,1,0,1
638208,115580,1,0,1
3067376,115581,1,1,0
945568,115582,1,1,0
681304,115583,1,0,1
2678440,115584,1,1,0
7616984,115585,1,1,0
488512,115586,1,0,1
5284696,115587,1,0,1
3758888,115588,1,1,0
4481928,115589,1,0,1
1017984,115590,1,1,0
1691448,115591,1,1,0
539240,115592,1,1,0
484384,115593,1,0,1
6514840,115594,1,0,1
3877128,115595,1,0,1
6915424,115596,1,0,1
6212048,115597,1,0,1
1786640,115598,1,0,1
1214536,115599,1,1,0
3618992,115600,1,0,1
5770688,115601,1,1,0
499120,115602,1,0,1
4376808,115603,1,1,0
3166504,115604,1,0,1
644496,115605,1,1,0
3151528,115606,1,0,1
4244424,115607,1,0,1
1324736,115608,1,1,0
3627112,115609,1,1,0
3646568,115610,1,1,0
516064,115611,1,0,1
1685688,115612,1,0,1
2130216,115613,1,1,0
717064,115614,1,1,0
288512,115615,1,1,0
958048,115616,1,1,0
592536,115617,1,1,0
4222312,115618,1,0,1
3637672,115619,1,1,0
298952,115620,1,0,1
5872376,115621,1,1,0
371672,115622,1,1,0
282624,115623,1,1,0
2108072,115624,1,0,1
1648456,115625,1,0,1
3737064,115626,1,0,1
3118480,115627,1,1,0
2735904,115628,1,0,1
1213568,115629,1,0,1
2367504,115630,1,1,0
7764088,115631,1,1,0
3584072,115632,1,1,0
384544,115633,1,1,0
3728200,115634,1,0,1
3986792,115635,1,0,1
3457840,115636,1,0,1
2601976,115637,1,1,0
5751296,115638,1,1,0
140920,115639,1,0,1
268608,115640,1,1,0
1227368,115641,1,1,0
6325480,115642,1,0,1
6147000,115643,1,1,0
1994304,115644,1,0,1
2392512,115645,1,0,1
5718008,115646,1,0,1
8230280,115647,1,1,0
3039152,115648,1,0,1
1689752,115649,1,1,0
1784880,115650,1,0,1
722128,115651,1,1,0
717952,115652,1,0,1
908184,115653,1,0,1
1737320,115654,1,0,1
3952112,115655,1,0,1
6585376,115656,1,0,1
194408,115657,1,1,0
2136368,115658,1,1,0
699808,115659,1,1,0
396360,115660,1,0,1
3197344,115661,1,0,1
1849032,115662,1,0,1
4652184,115663,1,1,0
797384,115664,1,1,0
551584,115665,1,0,1
5085768,115666,1,1,0
2434960,115667,1,1,0
3200680,115668,1,0,1
215352,115669,1,0,1
752928,115670,1,1,0
3244616,115671,1,1,0
1214568,115672,1,1,0
1314152,115673,1,1,0
306360,115674,1,1,0
1051160,115675,1,0,1
1551912,115676,1,1,0
3058640,115677,1,0,1
1823432,115678,1,1,0
504496,115679,1,0,1
4362136,115680,1,1,0
281816,115681,1,1,0
4211696,115682,1,1,0
2044952,115683,1,1,0
1449456,115684,1,0,1
2814736,115685,1,1,0
1864280,115686,1,0,1
2978464,115687,1,0,1
1126832,115688,1,1,0
579304,115689,1,1,0
2784872,115690,1,0,1
5715176,115691,1,1,0
7511712,115692,1,1,0
5609952,115693,1,1,0
401680,115694,1,1,0
893456,115695,1,1,0
5693736,115696,1,0,1
7247496,115697,1,1,0
1663440,115698,1,1,0
3995264,115699,1,0,1
8346112,115700,1,1,0
5572328,115701,1,0,1
2885112,115702,1,1,0
4938312,115703,1,1,0
2231208,115704,1,1,0
1927424,115705,1,0,1
5502384,115706,1,1,0
7520472,115707,1,0,1
5223024,115708,1,1,0
5393040,115709,1,1,0
374144,115710,1,0,1
7470632,115711,1,0,1
1020656,115712,1,0,1
6468912,115713,1,1,0
3431800,115714,1,1,0
1868664,115715,1,1,0
2712512,115716,1,1,0
3776968,115717,1,0,1
342056,115718,1,0,1
375992,115719,1,0,1
5323312,115720,1,1,0
6421032,115721,1,0,1
4357392,115722,1,0,1
247760,115723,1,1,0
203200,115724,1,1,0
7810960,115725,1,0,1
954576,115726,1,1,0
460488,115727,1,1,0
1048600,115728,1,0,1
880864,115729,1,0,1
1228000,115730,1,1,0
1585208,115731,1,1,0
2027592,115732,1,1,0
2311312,115733,1,1,0
3019496,115734,1,0,1
555672,115735,1,1,0
4001200,115736,1,1,0
650632,115737,1,0,1
1821080,115738,1,1,0
276448,115739,1,1,0
3226664,115740,1,0,1
4932544,115741,1,0,1
3581344,115742,1,1,0
3450504,115743,1,1,0
2272888,115744,1,1,0
663024,115745,1,0,1
863128,115746,1,1,0
4732592,115747,1,1,0
6623376,115748,1,0,1
612112,115749,1,1,0
4947376,115750,1,0,1
4674912,115751,1,1,0
654224,115752,1,0,1
2220776,115753,1,0,1
795504,115754,1,0,1
2906816,115755,1,1,0
188624,115756,1,1,0
6534600,115757,1,0,1
1546352,115758,1,0,1
2151576,115759,1,1,0
4434648,115760,1,0,1
1767264,115761,1,0,1
5013744,115762,1,0,1
3408248,115763,1,0,1
5258488,115764,1,0,1
1351672,115765,1,1,0
1621448,115766,1,1,0
2290656,115767,1,1,0
5866656,115768,1,1,0
2570008,115769,1,0,1
5911968,115770,1,0,1
3870000,115771,1,1,0
1050856,115772,1,0,1
2290144,115773,1,0,1
995840,115774,1,1,0
3744752,115775,1,1,0
2340272,115776,1,0,1
226320,115777,1,0,1
3208904,115778,1,0,1
204032,115779,1,0,1
454008,115780,1,0,1
6209384,115781,1,1,0
496384,115782,1,0,1
2271512,115783,1,0,1
4114984,115784,1,1,0
2938256,115785,1,1,0
4381704,115786,1,1,0
5667984,115787,1,0,1
1711944,115788,1,0,1
409040,115789,1,0,1
3971152,115790,1,1,0
5232872,115791,1,1,0
2105392,115792,1,0,1
4487608,115793,1,1,0
5245160,115794,1,0,1
8178304,115795,1,0,1
2249920,115796,1,1,0
75528,115797,1,1,0
6944208,115798,1,0,1
395216,115799,1,1,0
2273128,115800,1,1,0
363152,115801,1,0,1
1118512,115802,1,0,1
6375256,115803,1,0,1
1279072,115804,1,0,1
4511976,115805,1,1,0
5507728,115806,1,1,0
7616896,115807,1,1,0
2950320,115808,1,1,0
388720,115809,1,0,1
4984120,115810,1,0,1
3404888,115811,1,0,1
1834696,115812,1,1,0
1888696,115813,1,0,1
8369096,115814,1,1,0
5474472,115815,1,0,1
3222112,115816,1,1,0
6376968,115817,1,1,0
2046368,115818,1,0,1
8065192,115819,1,1,0
2970040,115820,1,1,0
5287704,115821,1,1,0
3940808,115822,1,0,1
2207968,115823,1,1,0
350584,115824,1,1,0
2183224,115825,1,0,1
220528,115826,1,0,1
2121496,115827,1,0,1
7019832,115828,1,0,1
1302064,115829,1,1,0
4793800,115830,1,0,1
4625592,115831,1,0,1
7775120,115832,1,0,1
4667000,115833,1,1,0
328224,115834,1,1,0
2660144,115835,1,0,1
8140064,115836,1,1,0
8182608,115837,1,1,0
1433608,115838,1,1,0
5615360,115839,1,1,0
1451640,115840,1,1,0
207976,115841,1,1,0
1867128,115842,1,0,1
5894112,115843,1,0,1
4051360,115844,1,0,1
700192,115845,1,1,0
814544,115846,1,0,1
279504,115847,1,1,0
4173168,115848,1,1,0
4242632,115849,1,1,0
8198592,115850,1,0,1
2229352,115851,1,1,0
707104,115852,1,1,0
191808,115853,1,0,1
2870344,115854,1,1,0
2287240,115855,1,1,0
6659936,115856,1,0,1
8278496,115857,1,0,1
7956864,115858,1,1,0
3709320,115859,1,0,1
188256,115860,1,1,0
5784384,115861,1,1,0
1482216,115862,1,1,0
7505920,115863,1,1,0
1024904,115864,1,1,0
459560,115865,1,0,1
6856696,115866,1,1,0
290328,115867,1,0,1
977512,115868,1,0,1
2297648,115869,1,0,1
7411744,115870,1,1,0
695024,115871,1,1,0
2868472,115872,1,0,1
1665160,115873,1,1,0
5821208,115874,1,1,0
374880,115875,1,0,1
7021888,115876,1,0,1
5133408,115877,1,1,0
3443192,115878,1,0,1
445248,115879,1,1,0
1956056,115880,1,1,0
7145512,115881,1,1,0
1064576,115882,1,1,0
7026720,115883,1,0,1
1928632,115884,1,1,0
2035792,115885,1,1,0
1527192,115886,1,1,0
2084088,115887,1,1,0
198016,115888,1,1,0
1329456,115889,1,1,0
3976576,115890,1,0,1
2051904,115891,1,0,1
2311328,115892,1,0,1
310168,115893,1,0,1
7330784,115894,1,1,0
5124680,115895,1,1,0
333248,115896,1,0,1
3565704,115897,1,1,0
5178112,115898,1,1,0
818904,115899,1,0,1
2428544,115900,1,1,0
3275720,115901,1,1,0
2709016,115902,1,0,1
4361624,115903,1,0,1
3940504,115904,1,1,0
1169592,115905,1,1,0
854104,115906,1,0,1
762680,115907,1,0,1
3525704,115908,1,0,1
7780344,115909,1,0,1
2214152,115910,1,0,1
3583168,115911,1,1,0
2021904,115912,1,1,0
709976,115913,1,0,1
1722888,115914,1,1,0
1815376,115915,1,0,1
3266368,115916,1,1,0
3598936,115917,1,1,0
483720,115918,1,1,0
3530504,115919,1,1,0
1725824,115920,1,1,0
589552,115921,1,1,0
3288152,115922,1,1,0
3064432,115923,1,1,0
1611048,115924,1,1,0
4241552,115925,1,0,1
3258296,115926,1,0,1
8023608,115927,1,1,0
3089696,115928,1,1,0
7625064,115929,1,1,0
2491976,115930,1,0,1
509704,115931,1,0,1
565120,115932,1,0,1
4553432,115933,1,0,1
479704,115934,1,1,0
6608496,115935,1,0,1
559928,115936,1,1,0
6754752,115937,1,0,1
2519080,115938,1,1,0
324088,115939,1,1,0
3414096,115940,1,1,0
1544856,115941,1,0,1
1446728,115942,1,1,0
2103048,115943,1,1,0
6939296,115944,1,0,1
6155680,115945,1,1,0
2654864,115946,1,1,0
1627104,115947,1,0,1
7356848,115948,1,0,1
3955336,115949,1,1,0
4753280,115950,1,1,0
237192,115951,1,1,0
3939624,115952,1,1,0
6678728,115953,1,1,0
8257840,115954,1,0,1
3978352,115955,1,0,1
1052360,115956,1,0,1
4972448,115957,1,1,0
6651416,115958,1,0,1
1506296,115959,1,0,1
2816392,115960,1,0,1
2266736,115961,1,1,0
456504,115962,1,1,0
1532168,115963,1,1,0
4119456,115964,1,1,0
1094192,115965,1,0,1
6905776,115966,1,0,1
770344,115967,1,0,1
1236952,115968,1,0,1
1877952,115969,1,0,1
5631712,115970,1,1,0
3179136,115971,1,0,1
2725880,115972,1,1,0
480776,115973,1,1,0
855584,115974,1,1,0
1045160,115975,1,1,0
592200,115976,1,0,1
5474408,115977,1,1,0
7750904,115978,1,1,0
810632,115979,1,0,1
1961928,115980,1,0,1
5767616,115981,1,1,0
5653056,115982,1,0,1
1200488,115983,1,0,1
984648,115984,1,0,1
2260168,115985,1,0,1
1681960,115986,1,0,1
3261520,115987,1,1,0
3306920,115988,1,0,1
3521664,115989,1,0,1
1749008,115990,1,0,1
1521584,115991,1,0,1
4095840,115992,1,0,1
679352,115993,1,0,1
986568,115994,1,0,1
3417608,115995,1,0,1
1326528,115996,1,0,1
5374208,115997,1,1,0
3211656,115998,1,0,1
419264,115999,1,1,0
1821520,116000,1,1,0
2734096,116001,1,0,1
3904392,116002,1,1,0
4823632,116003,1,0,1
366224,116004,1,0,1
7128616,116005,1,1,0
5116192,116006,1,1,0
2913304,116007,1,1,0
4766296,116008,1,0,1
1383960,116009,1,1,0
2942184,116010,1,1,0
992808,116011,1,1,0
7240360,116012,1,1,0
479792,116013,1,0,1
7711720,116014,1,1,0
689616,116015,1,1,0
6035656,116016,1,0,1
138488,116017,1,1,0
186888,116018,1,0,1
730840,116019,1,0,1
537536,116020,1,1,0
7218760,116021,1,1,0
1749792,116022,1,1,0
4906712,116023,1,1,0
1128832,116024,1,1,0
2674320,116025,1,1,0
463512,116026,1,1,0
457240,116027,1,1,0
3442440,116028,1,0,1
4968568,116029,1,1,0
7957224,116030,1,1,0
3744488,116031,1,1,0
1911504,116032,1,1,0
2357088,116033,1,1,0
468928,116034,1,1,0
3363112,116035,1,0,1
4784120,116036,1,0,1
760112,116037,1,1,0
5567928,116038,1,1,0
5372240,116039,1,1,0
2090336,116040,1,0,1
448104,116041,1,1,0
3658856,116042,1,0,1
1037176,116043,1,1,0
693728,116044,1,1,0
1350400,116045,1,0,1
2683888,116046,1,1,0
1223552,116047,1,0,1
5280624,116048,1,0,1
1722792,116049,1,0,1
4875368,116050,1,0,1
3049800,116051,1,0,1
6087504,116052,1,1,0
284304,116053,1,0,1
556008,116054,1,0,1
3509808,116055,1,1,0
4428280,116056,1,1,0
1842224,116057,1,0,1
8095600,116058,1,1,0
7822400,116059,1,1,0
1295848,116060,1,1,0
1070656,116061,1,0,1
1492752,116062,1,0,1
6571256,116063,1,0,1
620584,116064,1,0,1
2309216,116065,1,1,0
4469360,116066,1,0,1
943568,116067,1,0,1
6155632,116068,1,0,1
6695368,116069,1,1,0
5729456,116070,1,1,0
1996656,116071,1,0,1
2558056,116072,1,1,0
6395064,116073,1,0,1
1369744,116074,1,0,1
1868976,116075,1,0,1
552384,116076,1,1,0
675040,116077,1,0,1
2055912,116078,1,1,0
492768,116079,1,0,1
1225912,116080,1,0,1
1447944,116081,1,1,0
756896,116082,1,0,1
1522664,116083,1,0,1
1274120,116084,1,0,1
1901472,116085,1,1,0
760056,116086,1,1,0
6049112,116087,1,0,1
1967792,116088,1,1,0
1927984,116089,1,1,0
4331736,116090,1,1,0
7184144,116091,1,1,0
5065048,116092,1,1,0
3285560,116093,1,0,1
6877840,116094,1,0,1
359624,116095,1,1,0
1098200,116096,1,0,1
218120,116097,1,1,0
381072,116098,1,0,1
1259264,116099,1,1,0
4450296,116100,1,0,1
769784,116101,1,0,1
3252320,116102,1,0,1
6964200,116103,1,0,1
6083360,116104,1,1,0
2082928,116105,1,1,0
190296,116106,1,1,0
628872,116107,1,0,1
1711752,116108,1,1,0
1276800,116109,1,0,1
2503584,116110,1,1,0
1025480,116111,1,0,1
4752960,116112,1,0,1
2882096,116113,1,1,0
725224,116114,1,0,1
1751360,116115,1,1,0
2432096,116116,1,0,1
727728,116117,1,0,1
285456,116118,1,0,1
7969488,116119,1,1,0
7806360,116120,1,1,0
697464,116121,1,0,1
3821888,116122,1,0,1
3110664,116123,1,0,1
5544216,116124,1,0,1
847072,116125,1,1,0
731488,116126,1,0,1
5515704,116127,1,0,1
251360,116128,1,1,0
514624,116129,1,1,0
4180152,116130,1,0,1
373880,116131,1,1,0
1102624,116132,1,1,0
1556352,116133,1,0,1
674056,116134,1,1,0
598856,116135,1,0,1
2270760,116136,1,0,1
5849120,116137,1,1,0
5890776,116138,1,0,1
697912,116139,1,0,1
1793696,116140,1,1,0
3848672,116141,1,0,1
1029144,116142,1,1,0
2511088,116143,1,1,0
1993328,116144,1,1,0
3989440,116145,1,0,1
2604904,116146,1,0,1
6726048,116147,1,0,1
3353400,116148,1,0,1
5906784,116149,1,0,1
2077704,116150,1,1,0
7576712,116151,1,1,0
7723136,116152,1,0,1
6010472,116153,1,1,0
687552,116154,1,1,0
3391152,116155,1,0,1
3379384,116156,1,1,0
2824768,116157,1,0,1
3472600,116158,1,0,1
2348920,116159,1,1,0
1909344,116160,1,1,0
1625800,116161,1,0,1
1338032,116162,1,1,0
2194848,116163,1,1,0
6299040,116164,1,0,1
4021280,116165,1,0,1
5335648,116166,1,1,0
2227600,116167,1,1,0
1097720,116168,1,0,1
1729088,116169,1,1,0
4651720,116170,1,1,0
8027072,116171,1,1,0
3928312,116172,1,0,1
2083656,116173,1,0,1
1725328,116174,1,1,0
3734720,116175,1,0,1
3650736,116176,1,1,0
3731016,116177,1,0,1
328712,116178,1,1,0
6758192,116179,1,1,0
1725560,116180,1,0,1
1369416,116181,1,0,1
1669464,116182,1,0,1
4658336,116183,1,1,0
5576216,116184,1,1,0
225608,116185,1,1,0
3844840,116186,1,0,1
226592,116187,1,1,0
447256,116188,1,0,1
3139048,116189,1,0,1
3735000,116190,1,0,1
312184,116191,1,1,0
1048424,116192,1,0,1
1774632,116193,1,1,0
4190536,116194,1,1,0
2064032,116195,1,0,1
5047752,116196,1,0,1
911080,116197,1,1,0
425088,116198,1,0,1
2391072,116199,1,1,0
2811536,116200,1,1,0
1268712,116201,1,1,0
2765624,116202,1,0,1
3837672,116203,1,0,1
1466264,116204,1,0,1
6003712,116205,1,1,0
864232,116206,1,1,0
5588016,116207,1,1,0
7743904,116208,1,1,0
3543928,116209,1,1,0
1104568,116210,1,0,1
1687936,116211,1,1,0
624200,116212,1,1,0
3147024,116213,1,0,1
4991336,116214,1,0,1
1215840,116215,1,1,0
5288064,116216,1,1,0
2474080,116217,1,1,0
1046208,116218,1,0,1
4288256,116219,1,0,1
4445888,116220,1,1,0
1488016,116221,1,1,0
2351960,116222,1,0,1
596784,116223,1,0,1
2250032,116224,1,0,1
1575656,116225,1,0,1
1716128,116226,1,0,1
1019848,116227,1,1,0
2557360,116228,1,1,0
276520,116229,1,1,0
409264,116230,1,0,1
4097128,116231,1,1,0
2442432,116232,1,0,1
907800,116233,1,0,1
7505816,116234,1,0,1
3124512,116235,1,0,1
5677240,116236,1,1,0
1588112,116237,1,1,0
6657632,116238,1,0,1
4684616,116239,1,1,0
349080,116240,1,0,1
2546096,116241,1,1,0
4956832,116242,1,1,0
677944,116243,1,0,1
2543120,116244,1,0,1
717896,116245,1,1,0
463056,116246,1,0,1
2650904,116247,1,0,1
204176,116248,1,0,1
1694408,116249,1,1,0
8064032,116250,1,0,1
2175568,116251,1,0,1
5436944,116252,1,1,0
907128,116253,1,0,1
994752,116254,1,0,1
6710640,116255,1,1,0
1791840,116256,1,1,0
128224,116257,1,0,1
5358944,116258,1,1,0
568496,116259,1,0,1
3079120,116260,1,1,0
2307968,116261,1,1,0
178792,116262,1,1,0
4464040,116263,1,0,1
1159168,116264,1,0,1
5082368,116265,1,0,1
5358576,116266,1,0,1
6584352,116267,1,1,0
1011336,116268,1,0,1
4562216,116269,1,1,0
1861824,116270,1,0,1
5141368,116271,1,0,1
864864,116272,1,0,1
949368,116273,1,1,0
482312,116274,1,0,1
7354216,116275,1,0,1
2823432,116276,1,1,0
2269352,116277,1,0,1
837800,116278,1,0,1
6329768,116279,1,1,0
6417232,116280,1,0,1
3264104,116281,1,1,0
2187680,116282,1,0,1
525496,116283,1,0,1
3763888,116284,1,1,0
2649440,116285,1,1,0
3954048,116286,1,0,1
1404040,116287,1,1,0
1868944,116288,1,1,0
4878568,116289,1,0,1
692048,116290,1,1,0
288688,116291,1,1,0
8265984,116292,1,0,1
1254288,116293,1,1,0
3627040,116294,1,1,0
558872,116295,1,0,1
4913888,116296,1,0,1
4728600,116297,1,1,0
3978976,116298,1,0,1
2435224,116299,1,0,1
1910880,116300,1,0,1
5442760,116301,1,0,1
1223840,116302,1,1,0
1164808,116303,1,1,0
259240,116304,1,1,0
5848432,116305,1,0,1
3778936,116306,1,0,1
6865488,116307,1,0,1
2764248,116308,1,0,1
2108064,116309,1,0,1
2664632,116310,1,1,0
3136472,116311,1,1,0
551936,116312,1,0,1
1347264,116313,1,0,1
4517584,116314,1,1,0
8120912,116315,1,1,0
254864,116316,1,0,1
1020416,116317,1,1,0
5072656,116318,1,0,1
7853928,116319,1,1,0
3595112,116320,1,0,1
737800,116321,1,1,0
1026960,116322,1,0,1
2206424,116323,1,0,1
8030912,116324,1,1,0
624392,116325,1,0,1
8253168,116326,1,0,1
946896,116327,1,0,1
6313296,116328,1,1,0
1275992,116329,1,0,1
478736,116330,1,0,1
4122256,116331,1,0,1
4696944,116332,1,1,0
1465200,116333,1,0,1
393624,116334,1,1,0
3503368,116335,1,0,1
5306328,116336,1,0,1
557200,116337,1,1,0
2993760,116338,1,0,1
2061104,116339,1,0,1
222984,116340,1,1,0
8231072,116341,1,0,1
7890224,116342,1,0,1
6686656,116343,1,0,1
6102440,116344,1,1,0
630304,116345,1,1,0
2413640,116346,1,0,1
7122512,116347,1,1,0
7407344,116348,1,1,0
7296000,116349,1,0,1
862616,116350,1,0,1
6948768,116351,1,0,1
2755592,116352,1,1,0
819080,116353,1,1,0
2695984,116354,1,0,1
7050688,116355,1,0,1
5454880,116356,1,1,0
3729664,116357,1,1,0
4686304,116358,1,0,1
3133312,116359,1,1,0
4193744,116360,1,0,1
4466176,116361,1,0,1
7368168,116362,1,1,0
207936,116363,1,0,1
5304408,116364,1,1,0
3817096,116365,1,0,1
1060576,116366,1,0,1
1258216,116367,1,0,1
1203992,116368,1,1,0
2190024,116369,1,1,0
1608208,116370,1,0,1
346416,116371,1,1,0
1654024,116372,1,1,0
750208,116373,1,1,0
2402488,116374,1,0,1
782224,116375,1,1,0
3933184,116376,1,0,1
2218104,116377,1,0,1
2677368,116378,1,1,0
745264,116379,1,0,1
8056104,116380,1,1,0
106080,116381,1,0,1
6088728,116382,1,1,0
128120,116383,1,0,1
2445760,116384,1,1,0
2168288,116385,1,0,1
1876648,116386,1,0,1
6401512,116387,1,0,1
2977792,116388,1,0,1
1852824,116389,1,0,1
2372504,116390,1,1,0
703616,116391,1,0,1
5873544,116392,1,0,1
346720,116393,1,1,0
201128,116394,1,1,0
5229896,116395,1,0,1
4972576,116396,1,1,0
1353400,116397,1,1,0
3510400,116398,1,0,1
6587280,116399,1,1,0
5610080,116400,1,1,0
2084056,116401,1,1,0
1864992,116402,1,1,0
2831832,116403,1,1,0
1322848,116404,1,0,1
906920,116405,1,0,1
7642104,116406,1,1,0
271512,116407,1,0,1
1297544,116408,1,0,1
1315520,116409,1,1,0
1947136,116410,1,1,0
4930528,116411,1,1,0
7083904,116412,1,1,0
630744,116413,1,0,1
2877928,116414,1,1,0
3582416,116415,1,1,0
529592,116416,1,0,1
1408640,116417,1,1,0
687736,116418,1,0,1
497352,116419,1,0,1
1054536,116420,1,0,1
4479584,116421,1,1,0
2522448,116422,1,1,0
3493664,116423,1,1,0
503032,116424,1,1,0
699448,116425,1,0,1
758448,116426,1,1,0
5659928,116427,1,1,0
687720,116428,1,1,0
3371064,116429,1,1,0
1198544,116430,1,0,1
3518592,116431,1,0,1
6712072,116432,1,1,0
2386512,116433,1,1,0
2709136,116434,1,0,1
6477240,116435,1,1,0
1261528,116436,1,1,0
6502168,116437,1,1,0
1011352,116438,1,1,0
1978312,116439,1,0,1
1723504,116440,1,0,1
1257720,116441,1,0,1
329144,116442,1,1,0
216992,116443,1,0,1
1535840,116444,1,1,0
4503112,116445,1,0,1
4265088,116446,1,0,1
725520,116447,1,1,0
1363520,116448,1,0,1
1396680,116449,1,0,1
304816,116450,1,1,0
98664,116451,1,0,1
6860624,116452,1,1,0
5589912,116453,1,1,0
1020088,116454,1,0,1
2979240,116455,1,1,0
2083600,116456,1,0,1
3241360,116457,1,1,0
404304,116458,1,1,0
787600,116459,1,1,0
7488144,116460,1,0,1
187984,116461,1,0,1
275760,116462,1,1,0
1013624,116463,1,1,0
3498512,116464,1,1,0
4107256,116465,1,0,1
407800,116466,1,0,1
3081272,116467,1,1,0
6656528,116468,1,0,1
1592360,116469,1,0,1
177520,116470,1,0,1
530032,116471,1,1,0
1347472,116472,1,1,0
1077768,116473,1,1,0
932608,116474,1,0,1
633728,116475,1,1,0
285848,116476,1,0,1
1366464,116477,1,0,1
2310184,116478,1,0,1
872048,116479,1,1,0
6155304,116480,1,1,0
488304,116481,1,1,0
1600672,116482,1,1,0
172560,116483,1,1,0
7727424,116484,1,1,0
626512,116485,1,0,1
1592704,116486,1,0,1
6975408,116487,1,1,0
3273496,116488,1,0,1
1081472,116489,1,0,1
3267992,116490,1,0,1
165664,116491,1,1,0
3974656,116492,1,0,1
3275152,116493,1,0,1
1787208,116494,1,1,0
6685912,116495,1,0,1
2612296,116496,1,1,0
6908168,116497,1,0,1
3713024,116498,1,0,1
2431352,116499,1,1,0
1478608,116500,1,0,1
413368,116501,1,0,1
1220296,116502,1,0,1
4789032,116503,1,0,1
2476184,116504,1,1,0
895352,116505,1,1,0
5767456,116506,1,1,0
2649744,116507,1,0,1
271720,116508,1,1,0
140944,116509,1,1,0
2780952,116510,1,1,0
170384,116511,1,1,0
721784,116512,1,0,1
235344,116513,1,0,1
8086704,116514,1,0,1
1953464,116515,1,1,0
2133688,116516,1,1,0
3458000,116517,1,1,0
1345736,116518,1,1,0
5916904,116519,1,0,1
7029824,116520,1,0,1
7256448,116521,1,1,0
786560,116522,1,1,0
491480,116523,1,1,0
264976,116524,1,1,0
1040464,116525,1,1,0
1111336,116526,1,0,1
392720,116527,1,1,0
2784784,116528,1,1,0
777864,116529,1,1,0
6612640,116530,1,1,0
333536,116531,1,0,1
2897048,116532,1,0,1
2314144,116533,1,1,0
2491296,116534,1,0,1
4160184,116535,1,1,0
3542240,116536,1,1,0
5184472,116537,1,1,0
7681424,116538,1,1,0
637416,116539,1,1,0
1124136,116540,1,1,0
851872,116541,1,0,1
4814520,116542,1,0,1
7505200,116543,1,0,1
353952,116544,1,1,0
738328,116545,1,0,1
587256,116546,1,1,0
301160,116547,1,0,1
3692016,116548,1,1,0
7826184,116549,1,0,1
557768,116550,1,0,1
1671448,116551,1,1,0
844488,116552,1,0,1
750360,116553,1,1,0
7126264,116554,1,0,1
2027264,116555,1,1,0
8161944,116556,1,0,1
6520968,116557,1,1,0
3054488,116558,1,1,0
1745624,116559,1,1,0
5223520,116560,1,0,1
2634752,116561,1,0,1
189056,116562,1,1,0
1970040,116563,1,1,0
7659952,116564,1,0,1
1561472,116565,1,0,1
2070872,116566,1,0,1
5722880,116567,1,0,1
1132136,116568,1,1,0
1887936,116569,1,1,0
1694960,116570,1,0,1
2381472,116571,1,1,0
5843336,116572,1,1,0
458640,116573,1,1,0
6301016,116574,1,1,0
2561792,116575,1,1,0
998984,116576,1,0,1
1661360,116577,1,1,0
5827832,116578,1,0,1
1318544,116579,1,1,0
172208,116580,1,0,1
6753024,116581,1,0,1
558168,116582,1,0,1
6545168,116583,1,0,1
5036560,116584,1,0,1
872792,116585,1,1,0
1384032,116586,1,1,0
5047136,116587,1,1,0
1023752,116588,1,0,1
486824,116589,1,0,1
680128,116590,1,1,0
7982632,116591,1,0,1
2934512,116592,1,0,1
1338136,116593,1,1,0
219848,116594,1,0,1
4455320,116595,1,1,0
2682552,116596,1,0,1
4259160,116597,1,1,0
1683864,116598,1,0,1
183664,116599,1,0,1
5188728,116600,1,0,1
966800,116601,1,0,1
2014912,116602,1,1,0
3336256,116603,1,0,1
6172648,116604,1,1,0
2711648,116605,1,1,0
1348040,116606,1,1,0
506664,116607,1,1,0
1932928,116608,1,0,1
2060088,116609,1,0,1
166984,116610,1,1,0
409520,116611,1,0,1
7058920,116612,1,0,1
1384776,116613,1,1,0
5486832,116614,1,1,0
1516256,116615,1,0,1
1918176,116616,1,0,1
99648,116617,1,0,1
924848,116618,1,0,1
3786872,116619,1,0,1
1171416,116620,1,1,0
3271856,116621,1,0,1
5045400,116622,1,1,0
643016,116623,1,0,1
2588984,116624,1,1,0
1641832,116625,1,0,1
981736,116626,1,0,1
1550024,116627,1,0,1
945256,116628,1,0,1
439064,116629,1,1,0
2073968,116630,1,1,0
471840,116631,1,1,0
1694368,116632,1,0,1
5629136,116633,1,0,1
864464,116634,1,1,0
4495872,116635,1,1,0
2350376,116636,1,0,1
6398056,116637,1,0,1
1756512,116638,1,1,0
353400,116639,1,1,0
3787864,116640,1,1,0
73712,116641,1,1,0
3693496,116642,1,1,0
777008,116643,1,1,0
212096,116644,1,1,0
4540616,116645,1,1,0
3301488,116646,1,0,1
1180752,116647,1,1,0
3099416,116648,1,1,0
380416,116649,1,1,0
2710480,116650,1,1,0
8162952,116651,1,0,1
1400720,116652,1,1,0
8010144,116653,1,1,0
2396904,116654,1,1,0
967760,116655,1,0,1
1439696,116656,1,0,1
4781928,116657,1,1,0
3333336,116658,1,0,1
6915544,116659,1,1,0
2426984,116660,1,0,1
2563312,116661,1,1,0
2582504,116662,1,0,1
5035832,116663,1,0,1
3238896,116664,1,1,0
2936056,116665,1,0,1
7937400,116666,1,0,1
3679896,116667,1,0,1
4040640,116668,1,0,1
473520,116669,1,0,1
757320,116670,1,1,0
2938416,116671,1,0,1
817776,116672,1,1,0
803984,116673,1,0,1
572224,116674,1,1,0
3497120,116675,1,0,1
2230128,116676,1,0,1
968016,116677,1,1,0
3423352,116678,1,1,0
451968,116679,1,1,0
967904,116680,1,0,1
1525664,116681,1,0,1
7836840,116682,1,1,0
1505496,116683,1,1,0
1612840,116684,1,0,1
387520,116685,1,0,1
2946560,116686,1,1,0
1014336,116687,1,0,1
6211176,116688,1,1,0
4185680,116689,1,1,0
2062208,116690,1,0,1
4024976,116691,1,1,0
2630336,116692,1,0,1
2908456,116693,1,1,0
5843464,116694,1,0,1
1762336,116695,1,0,1
356672,116696,1,1,0
2475952,116697,1,0,1
4523592,116698,1,1,0
1975224,116699,1,1,0
2319256,116700,1,1,0
1634208,116701,1,1,0
4363464,116702,1,1,0
346680,116703,1,1,0
5626176,116704,1,1,0
2883840,116705,1,0,1
2792536,116706,1,1,0
3181880,116707,1,0,1
5648016,116708,1,0,1
1973456,116709,1,1,0
2562384,116710,1,0,1
2248608,116711,1,1,0
854072,116712,1,0,1
1527544,116713,1,1,0
460776,116714,1,1,0
3243768,116715,1,0,1
2100208,116716,1,1,0
6830344,116717,1,1,0
2518096,116718,1,0,1
379080,116719,1,1,0
4499952,116720,1,0,1
203960,116721,1,1,0
5642336,116722,1,0,1
480600,116723,1,1,0
1106432,116724,1,0,1
2729904,116725,1,0,1
5437584,116726,1,0,1
1188552,116727,1,0,1
2655680,116728,1,1,0
3935832,116729,1,0,1
6670688,116730,1,0,1
5617560,116731,1,0,1
3485776,116732,1,1,0
2575968,116733,1,1,0
1133096,116734,1,1,0
1666784,116735,1,1,0
549336,116736,1,0,1
798712,116737,1,1,0
2810592,116738,1,1,0
3912168,116739,1,0,1
2905048,116740,1,0,1
2179352,116741,1,1,0
739048,116742,1,1,0
334256,116743,1,0,1
5392968,116744,1,0,1
857064,116745,1,0,1
3034568,116746,1,1,0
253528,116747,1,1,0
2251272,116748,1,1,0
215096,116749,1,0,1
263720,116750,1,1,0
3557368,116751,1,1,0
182192,116752,1,1,0
3031056,116753,1,1,0
5273224,116754,1,1,0
445496,116755,1,0,1
7842104,116756,1,0,1
2072752,116757,1,0,1
1606496,116758,1,0,1
317064,116759,1,1,0
161928,116760,1,0,1
4999184,116761,1,1,0
7310104,116762,1,0,1
5948688,116763,1,1,0
1099024,116764,1,0,1
899960,116765,1,1,0
5670016,116766,1,0,1
3703416,116767,1,1,0
686544,116768,1,0,1
2094968,116769,1,1,0
3620904,116770,1,0,1
1254192,116771,1,1,0
5562048,116772,1,0,1
4962664,116773,1,0,1
1933464,116774,1,0,1
607472,116775,1,0,1
2904120,116776,1,0,1
2928920,116777,1,1,0
7827344,116778,1,1,0
2395544,116779,1,1,0
3555992,116780,1,1,0
356360,116781,1,0,1
3463664,116782,1,0,1
3704624,116783,1,0,1
354840,116784,1,0,1
3319104,116785,1,0,1
1020256,116786,1,0,1
2676696,116787,1,0,1
292952,116788,1,0,1
4019592,116789,1,0,1
373176,116790,1,0,1
1816224,116791,1,1,0
690688,116792,1,1,0
1469376,116793,1,0,1
612992,116794,1,0,1
2418640,116795,1,1,0
1571336,116796,1,0,1
4402944,116797,1,0,1
4835720,116798,1,0,1
1131856,116799,1,1,0
3096680,116800,1,0,1
7243528,116801,1,0,1
900232,116802,1,0,1
629248,116803,1,0,1
117792,116804,1,0,1
3385256,116805,1,1,0
3135824,116806,1,0,1
1539648,116807,1,0,1
3031872,116808,1,1,0
2927824,116809,1,1,0
1869328,116810,1,1,0
2797744,116811,1,1,0
1216752,116812,1,0,1
6697160,116813,1,0,1
994952,116814,1,1,0
7254552,116815,1,0,1
7054712,116816,1,1,0
110464,116817,1,0,1
2170272,116818,1,0,1
718008,116819,1,1,0
7192008,116820,1,0,1
660176,116821,1,0,1
5123768,116822,1,1,0
1044944,116823,1,1,0
896080,116824,1,0,1
483128,116825,1,1,0
3116200,116826,1,0,1
3061232,116827,1,0,1
1037280,116828,1,0,1
2779832,116829,1,1,0
235800,116830,1,0,1
2341960,116831,1,0,1
4508856,116832,1,1,0
6118280,116833,1,1,0
108792,116834,1,1,0
4778048,116835,1,1,0
1467128,116836,1,1,0
6549824,116837,1,1,0
988784,116838,1,0,1
563256,116839,1,1,0
4215232,116840,1,1,0
823496,116841,1,1,0
1865432,116842,1,0,1
4146600,116843,1,1,0
1064848,116844,1,0,1
2919832,116845,1,1,0
445808,116846,1,0,1
1975944,116847,1,0,1
5132160,116848,1,1,0
882912,116849,1,1,0
6211984,116850,1,1,0
4378600,116851,1,1,0
5709264,116852,1,0,1
1560432,116853,1,0,1
705608,116854,1,1,0
5954256,116855,1,0,1
2625984,116856,1,0,1
4272176,116857,1,0,1
6188000,116858,1,0,1
224736,116859,1,0,1
4073432,116860,1,0,1
695552,116861,1,0,1
4841352,116862,1,1,0
1492128,116863,1,1,0
7265560,116864,1,1,0
1408344,116865,1,0,1
917456,116866,1,1,0
2213280,116867,1,0,1
520288,116868,1,1,0
2548848,116869,1,1,0
3748016,116870,1,1,0
642040,116871,1,0,1
5225632,116872,1,0,1
3010904,116873,1,0,1
5702832,116874,1,0,1
1521976,116875,1,1,0
4969136,116876,1,0,1
1327080,116877,1,0,1
1850776,116878,1,0,1
167896,116879,1,1,0
4451496,116880,1,1,0
5740760,116881,1,0,1
469120,116882,1,1,0
2454448,116883,1,1,0
474232,116884,1,1,0
602760,116885,1,1,0
7896488,116886,1,0,1
1261560,116887,1,1,0
6134048,116888,1,0,1
911280,116889,1,0,1
656672,116890,1,0,1
188104,116891,1,0,1
2342456,116892,1,0,1
6336152,116893,1,0,1
3589400,116894,1,0,1
1364344,116895,1,0,1
548288,116896,1,0,1
6558064,116897,1,1,0
1736608,116898,1,0,1
923344,116899,1,0,1
2030496,116900,1,1,0
4867352,116901,1,0,1
697408,116902,1,0,1
3044648,116903,1,0,1
5668480,116904,1,1,0
7637408,116905,1,1,0
680320,116906,1,0,1
2672216,116907,1,0,1
976104,116908,1,1,0
783536,116909,1,0,1
3766864,116910,1,1,0
195928,116911,1,1,0
5728656,116912,1,1,0
2677832,116913,1,0,1
4376040,116914,1,1,0
5575632,116915,1,1,0
760120,116916,1,0,1
1849088,116917,1,1,0
5527512,116918,1,1,0
2239272,116919,1,1,0
5723824,116920,1,1,0
4320056,116921,1,1,0
2840280,116922,1,1,0
2528312,116923,1,1,0
2857408,116924,1,1,0
724992,116925,1,1,0
5134392,116926,1,1,0
265696,116927,1,1,0
6493408,116928,1,1,0
1488008,116929,1,1,0
71040,116930,1,0,1
6219912,116931,1,1,0
867448,116932,1,0,1
872360,116933,1,0,1
6143760,116934,1,0,1
3675728,116935,1,0,1
4513032,116936,1,0,1
2744528,116937,1,0,1
1071240,116938,1,0,1
2011160,116939,1,0,1
8024168,116940,1,1,0
1315032,116941,1,0,1
679536,116942,1,0,1
8358296,116943,1,1,0
4968376,116944,1,0,1
5465464,116945,1,0,1
1100640,116946,1,1,0
1818888,116947,1,1,0
8237040,116948,1,1,0
1073592,116949,1,1,0
5820920,116950,1,1,0
3273688,116951,1,1,0
2594984,116952,1,1,0
461264,116953,1,0,1
1946256,116954,1,1,0
4283312,116955,1,1,0
1315064,116956,1,0,1
1714256,116957,1,0,1
7919456,116958,1,0,1
7873584,116959,1,1,0
3748216,116960,1,0,1
2347248,116961,1,0,1
4569312,116962,1,0,1
6607288,116963,1,1,0
1218048,116964,1,0,1
4143848,116965,1,1,0
3102984,116966,1,0,1
4883624,116967,1,0,1
2812592,116968,1,1,0
1009664,116969,1,0,1
3265000,116970,1,0,1
8324864,116971,1,1,0
3566088,116972,1,0,1
235416,116973,1,1,0
3080888,116974,1,0,1
2389768,116975,1,0,1
579096,116976,1,1,0
5272992,116977,1,1,0
5321208,116978,1,1,0
2233016,116979,1,0,1
728952,116980,1,1,0
1978952,116981,1,1,0
5608608,116982,1,1,0
3569440,116983,1,1,0
4041272,116984,1,0,1
1482056,116985,1,1,0
645880,116986,1,0,1
488000,116987,1,1,0
2631392,116988,1,1,0
4094096,116989,1,0,1
519656,116990,1,1,0
4378048,116991,1,1,0
4020712,116992,1,0,1
739672,116993,1,1,0
2962520,116994,1,0,1
4904904,116995,1,1,0
705656,116996,1,0,1
2128144,116997,1,1,0
856048,116998,1,0,1
2670112,116999,1,0,1
311208,117000,1,1,0
6195928,117001,1,1,0
1395936,117002,1,1,0
1314840,117003,1,1,0
1252472,117004,1,0,1
1206568,117005,1,1,0
1936504,117006,1,0,1
2925656,117007,1,0,1
2232352,117008,1,0,1
3508976,117009,1,1,0
728936,117010,1,0,1
1514344,117011,1,1,0
1454664,117012,1,0,1
2000016,117013,1,1,0
2182640,117014,1,0,1
533960,117015,1,0,1
1833480,117016,1,0,1
3774904,117017,1,1,0
8121920,117018,1,0,1
1240616,117019,1,1,0
4826144,117020,1,0,1
1159632,117021,1,0,1
2987136,117022,1,0,1
2081672,117023,1,1,0
3961128,117024,1,0,1
5723880,117025,1,0,1
6820680,117026,1,1,0
2887992,117027,1,1,0
1604560,117028,1,1,0
892544,117029,1,0,1
4174272,117030,1,0,1
1458608,117031,1,1,0
275024,117032,1,1,0
715896,117033,1,0,1
2031512,117034,1,0,1
326768,117035,1,0,1
370168,117036,1,0,1
773552,117037,1,1,0
1833648,117038,1,1,0
153592,117039,1,1,0
1195840,117040,1,0,1
3994832,117041,1,1,0
299320,117042,1,1,0
2871856,117043,1,1,0
2088296,117044,1,0,1
455760,117045,1,0,1
4086752,117046,1,0,1
8131144,117047,1,0,1
7495288,117048,1,1,0
1670624,117049,1,1,0
6246776,117050,1,1,0
361632,117051,1,0,1
4155024,117052,1,0,1
942648,117053,1,1,0
731040,117054,1,1,0
7708280,117055,1,0,1
4051616,117056,1,0,1
558016,117057,1,1,0
3975680,117058,1,1,0
724128,117059,1,0,1
3239568,117060,1,1,0
6839656,117061,1,0,1
5774696,117062,1,1,0
1192496,117063,1,0,1
5951600,117064,1,1,0
4255616,117065,1,1,0
4062192,117066,1,1,0
388520,117067,1,1,0
4870752,117068,1,1,0
1737768,117069,1,0,1
1540288,117070,1,0,1
1059816,117071,1,1,0
3016888,117072,1,0,1
1148736,117073,1,0,1
3079384,117074,1,0,1
4817152,117075,1,1,0
1373984,117076,1,0,1
7037584,117077,1,0,1
3232440,117078,1,0,1
238544,117079,1,0,1
4207512,117080,1,1,0
3948432,117081,1,0,1
400296,117082,1,0,1
6718952,117083,1,1,0
2417984,117084,1,0,1
7362928,117085,1,0,1
528920,117086,1,0,1
1581624,117087,1,0,1
1176160,117088,1,0,1
381832,117089,1,1,0
6833616,117090,1,1,0
945296,117091,1,1,0
395536,117092,1,1,0
998240,117093,1,1,0
5928960,117094,1,0,1
859304,117095,1,1,0
1525480,117096,1,0,1
4315392,117097,1,0,1
943584,117098,1,0,1
4613584,117099,1,1,0
4087592,117100,1,1,0
2764048,117101,1,0,1
815024,117102,1,1,0
2066704,117103,1,0,1
5433000,117104,1,1,0
2035888,117105,1,1,0
193144,117106,1,1,0
3399264,117107,1,0,1
4344936,117108,1,1,0
7926336,117109,1,1,0
1527568,117110,1,0,1
5873496,117111,1,1,0
695136,117112,1,0,1
4348480,117113,1,0,1
1455784,117114,1,0,1
6924720,117115,1,1,0
146496,117116,1,0,1
3851152,117117,1,1,0
4228008,117118,1,0,1
5301592,117119,1,0,1
4017488,117120,1,1,0
8287304,117121,1,0,1
195208,117122,1,0,1
1247768,117123,1,1,0
3640904,117124,1,1,0
789872,117125,1,1,0
311856,117126,1,0,1
1812992,117127,1,0,1
1419288,117128,1,0,1
2557112,117129,1,1,0
772264,117130,1,0,1
7972032,117131,1,0,1
638096,117132,1,0,1
207608,117133,1,1,0
1644048,117134,1,0,1
699928,117135,1,1,0
6787720,117136,1,0,1
4769760,117137,1,1,0
7179128,117138,1,1,0
1632976,117139,1,1,0
6713608,117140,1,0,1
857408,117141,1,1,0
286992,117142,1,1,0
653048,117143,1,1,0
5150312,117144,1,1,0
3548912,117145,1,1,0
6742744,117146,1,1,0
762976,117147,1,1,0
6524344,117148,1,0,1
1006568,117149,1,0,1
1656096,117150,1,1,0
4556144,117151,1,1,0
5968040,117152,1,0,1
1153328,117153,1,1,0
1826568,117154,1,0,1
2226128,117155,1,1,0
328952,117156,1,1,0
5223192,117157,1,1,0
7218928,117158,1,1,0
584392,117159,1,1,0
2867520,117160,1,1,0
2635504,117161,1,0,1
231272,117162,1,1,0
4053728,117163,1,0,1
780840,117164,1,0,1
5588120,117165,1,1,0
362176,117166,1,1,0
5852224,117167,1,1,0
8067160,117168,1,1,0
3999360,117169,1,0,1
2598920,117170,1,1,0
3062840,117171,1,1,0
138600,117172,1,0,1
5845136,117173,1,0,1
7347440,117174,1,1,0
288936,117175,1,0,1
263304,117176,1,1,0
6609272,117177,1,0,1
3589368,117178,1,1,0
3308560,117179,1,0,1
5189600,117180,1,1,0
535616,117181,1,1,0
5330816,117182,1,1,0
1085512,117183,1,0,1
707864,117184,1,1,0
3507616,117185,1,0,1
203248,117186,1,1,0
2413168,117187,1,0,1
958264,117188,1,1,0
6621432,117189,1,1,0
862064,117190,1,1,0
820304,117191,1,1,0
3695816,117192,1,1,0
3778088,117193,1,1,0
3556120,117194,1,1,0
976208,117195,1,0,1
1050416,117196,1,1,0
4003064,117197,1,0,1
399408,117198,1,0,1
406128,117199,1,1,0
3260488,117200,1,1,0
4420616,117201,1,1,0
3757488,117202,1,1,0
4940912,117203,1,1,0
143872,117204,1,0,1
6734456,117205,1,0,1
374120,117206,1,0,1
1761240,117207,1,1,0
6835592,117208,1,1,0
266360,117209,1,1,0
2710912,117210,1,1,0
1551952,117211,1,0,1
80376,117212,1,0,1
6719136,117213,1,0,1
1607160,117214,1,0,1
166208,117215,1,1,0
1361184,117216,1,1,0
3566728,117217,1,1,0
253320,117218,1,1,0
5673664,117219,1,1,0
2896856,117220,1,1,0
592464,117221,1,1,0
2922368,117222,1,1,0
1063128,117223,1,0,1
3799920,117224,1,1,0
331056,117225,1,1,0
4070392,117226,1,0,1
2432000,117227,1,0,1
1602344,117228,1,1,0
6490872,117229,1,0,1
931464,117230,1,0,1
725792,117231,1,1,0
805040,117232,1,1,0
4752832,117233,1,0,1
750296,117234,1,0,1
3356200,117235,1,0,1
2043296,117236,1,1,0
3749696,117237,1,1,0
534048,117238,1,0,1
8089328,117239,1,0,1
3390088,117240,1,1,0
3373344,117241,1,0,1
6017800,117242,1,0,1
2951168,117243,1,1,0
989280,117244,1,0,1
783272,117245,1,0,1
787776,117246,1,0,1
5146288,117247,1,0,1
8318888,117248,1,0,1
1249800,117249,1,1,0
5200496,117250,1,0,1
1304808,117251,1,0,1
1563392,117252,1,1,0
2914184,117253,1,0,1
3170496,117254,1,0,1
7224416,117255,1,0,1
850208,117256,1,1,0
606680,117257,1,1,0
3131880,117258,1,0,1
5414592,117259,1,1,0
1657568,117260,1,0,1
2812240,117261,1,0,1
1751664,117262,1,1,0
5594224,117263,1,0,1
3751752,117264,1,0,1
1646072,117265,1,0,1
7360184,117266,1,1,0
2005120,117267,1,0,1
6063976,117268,1,1,0
4950712,117269,1,1,0
7984880,117270,1,0,1
7984952,117271,1,0,1
2434072,117272,1,1,0
2868496,117273,1,0,1
4546680,117274,1,1,0
6696816,117275,1,1,0
5685840,117276,1,0,1
7415512,117277,1,1,0
6969320,117278,1,1,0
2745472,117279,1,0,1
1248032,117280,1,1,0
1270072,117281,1,1,0
3735312,117282,1,1,0
7634464,117283,1,1,0
4531408,117284,1,1,0
2490584,117285,1,1,0
472416,117286,1,1,0
4254360,117287,1,1,0
3150304,117288,1,0,1
862824,117289,1,1,0
1029672,117290,1,0,1
2368424,117291,1,0,1
633832,117292,1,1,0
4540032,117293,1,0,1
2493744,117294,1,1,0
1092080,117295,1,0,1
2921912,117296,1,1,0
597552,117297,1,1,0
2196208,117298,1,0,1
1212288,117299,1,1,0
435016,117300,1,1,0
4116560,117301,1,1,0
802936,117302,1,0,1
6795616,117303,1,1,0
648968,117304,1,0,1
531976,117305,1,1,0
1116120,117306,1,0,1
7288216,117307,1,1,0
1190000,117308,1,1,0
3774816,117309,1,1,0
1082640,117310,1,0,1
6658016,117311,1,0,1
3016016,117312,1,1,0
4357656,117313,1,1,0
4729472,117314,1,1,0
5028776,117315,1,0,1
2078896,117316,1,1,0
3170936,117317,1,0,1
1438360,117318,1,0,1
2867248,117319,1,0,1
1263304,117320,1,0,1
4244768,117321,1,0,1
3556072,117322,1,1,0
6162336,117323,1,0,1
1525896,117324,1,0,1
3358352,117325,1,0,1
7741856,117326,1,0,1
1858480,117327,1,0,1
6834800,117328,1,0,1
7674864,117329,1,0,1
842248,117330,1,1,0
6638504,117331,1,0,1
5290288,117332,1,0,1
1580072,117333,1,0,1
650152,117334,1,1,0
6630416,117335,1,1,0
7394528,117336,1,0,1
4996928,117337,1,0,1
7980208,117338,1,1,0
326720,117339,1,1,0
7729560,117340,1,0,1
4174744,117341,1,0,1
7468536,117342,1,0,1
8196168,117343,1,1,0
6648088,117344,1,0,1
3300768,117345,1,0,1
4196968,117346,1,1,0
7072352,117347,1,1,0
330928,117348,1,0,1
1543336,117349,1,0,1
241984,117350,1,0,1
289240,117351,1,1,0
3526280,117352,1,1,0
267600,117353,1,1,0
3016992,117354,1,0,1
7781424,117355,1,0,1
2015560,117356,1,0,1
5400752,117357,1,1,0
309296,117358,1,0,1
3612792,117359,1,0,1
7153768,117360,1,1,0
881848,117361,1,0,1
2990320,117362,1,1,0
1218280,117363,1,1,0
6767088,117364,1,0,1
174824,117365,1,0,1
1657216,117366,1,0,1
2360968,117367,1,0,1
4607048,117368,1,0,1
563184,117369,1,1,0
402608,117370,1,1,0
928416,117371,1,1,0
261960,117372,1,0,1
2801064,117373,1,0,1
2773136,117374,1,1,0
4168200,117375,1,1,0
1333864,117376,1,0,1
462464,117377,1,0,1
3480224,117378,1,1,0
728840,117379,1,0,1
4660560,117380,1,0,1
4712944,117381,1,0,1
1117032,117382,1,1,0
258088,117383,1,1,0
4021440,117384,1,0,1
4064368,117385,1,1,0
7850576,117386,1,1,0
3735296,117387,1,1,0
1594144,117388,1,0,1
356968,117389,1,1,0
3199064,117390,1,0,1
3331512,117391,1,1,0
999232,117392,1,1,0
4350616,117393,1,1,0
3265416,117394,1,0,1
972832,117395,1,1,0
1566296,117396,1,0,1
3234928,117397,1,1,0
429072,117398,1,0,1
816296,117399,1,1,0
878936,117400,1,0,1
156160,117401,1,0,1
4118336,117402,1,1,0
1481104,117403,1,0,1
6694080,117404,1,1,0
3124344,117405,1,0,1
361184,117406,1,1,0
4414896,117407,1,1,0
2225456,117408,1,1,0
4569832,117409,1,0,1
3287768,117410,1,0,1
5161624,117411,1,0,1
7893384,117412,1,1,0
611416,117413,1,1,0
5575448,117414,1,0,1
3567688,117415,1,1,0
6180480,117416,1,0,1
5274600,117417,1,0,1
1373512,117418,1,1,0
594152,117419,1,0,1
1130664,117420,1,1,0
3510832,117421,1,0,1
3351504,117422,1,0,1
6862432,117423,1,1,0
7155744,117424,1,1,0
407368,117425,1,1,0
3847960,117426,1,1,0
2689696,117427,1,1,0
3082992,117428,1,1,0
506520,117429,1,0,1
694616,117430,1,0,1
498856,117431,1,0,1
2913472,117432,1,1,0
112832,117433,1,0,1
2623744,117434,1,0,1
1288856,117435,1,1,0
770616,117436,1,0,1
6296616,117437,1,0,1
2874200,117438,1,0,1
6403336,117439,1,0,1
1478896,117440,1,1,0
1326152,117441,1,1,0
61976,117442,1,0,1
3929928,117443,1,0,1
375888,117444,1,0,1
1052160,117445,1,1,0
449712,117446,1,1,0
5236088,117447,1,0,1
5993144,117448,1,1,0
1432032,117449,1,1,0
6509264,117450,1,0,1
1925936,117451,1,0,1
7358792,117452,1,0,1
997264,117453,1,1,0
2485920,117454,1,1,0
1947304,117455,1,1,0
4420192,117456,1,1,0
2887696,117457,1,0,1
2295512,117458,1,0,1
3360752,117459,1,0,1
6219488,117460,1,1,0
3178928,117461,1,1,0
1398376,117462,1,0,1
952120,117463,1,0,1
810192,117464,1,1,0
4766840,117465,1,0,1
422952,117466,1,1,0
335568,117467,1,0,1
4621072,117468,1,0,1
2651456,117469,1,0,1
2015176,117470,1,0,1
7563392,117471,1,1,0
7690680,117472,1,0,1
825328,117473,1,1,0
4761656,117474,1,1,0
3660856,117475,1,0,1
1668424,117476,1,1,0
1313576,117477,1,1,0
3175664,117478,1,0,1
3340016,117479,1,0,1
7482408,117480,1,0,1
3995296,117481,1,0,1
695168,117482,1,0,1
1182216,117483,1,0,1
1040256,117484,1,0,1
1345096,117485,1,0,1
1716256,117486,1,1,0
4898544,117487,1,0,1
5316176,117488,1,1,0
1806368,117489,1,0,1
2236840,117490,1,0,1
1393760,117491,1,0,1
7802456,117492,1,1,0
6409792,117493,1,1,0
838104,117494,1,1,0
3652328,117495,1,1,0
151768,117496,1,1,0
4777872,117497,1,1,0
8147008,117498,1,1,0
4535000,117499,1,0,1
281480,117500,1,0,1
1482248,117501,1,1,0
8145880,117502,1,1,0
1224768,117503,1,1,0
3515984,117504,1,0,1
142880,117505,1,1,0
5878280,117506,1,1,0
2718904,117507,1,0,1
169384,117508,1,0,1
345136,117509,1,0,1
211664,117510,1,1,0
5240912,117511,1,1,0
6621832,117512,1,0,1
3924184,117513,1,1,0
7093376,117514,1,1,0
622440,117515,1,0,1
2817096,117516,1,0,1
3611224,117517,1,1,0
1303728,117518,1,0,1
4639064,117519,1,0,1
1002152,117520,1,0,1
2680328,117521,1,0,1
2173768,117522,1,1,0
5764264,117523,1,0,1
4412064,117524,1,0,1
896824,117525,1,1,0
768960,117526,1,1,0
1574840,117527,1,1,0
1844784,117528,1,1,0
479224,117529,1,0,1
2040544,117530,1,1,0
995152,117531,1,0,1
6098432,117532,1,1,0
3212960,117533,1,1,0
4866056,117534,1,1,0
1933736,117535,1,0,1
550408,117536,1,0,1
1445664,117537,1,0,1
7766704,117538,1,0,1
4315928,117539,1,0,1
6607016,117540,1,0,1
8222872,117541,1,0,1
687936,117542,1,0,1
2841664,117543,1,1,0
6200168,117544,1,1,0
1146856,117545,1,0,1
181808,117546,1,0,1
7824728,117547,1,0,1
4080792,117548,1,1,0
4636080,117549,1,0,1
1473984,117550,1,1,0
939288,117551,1,1,0
2126024,117552,1,0,1
3075680,117553,1,1,0
150664,117554,1,1,0
7378648,117555,1,1,0
1792640,117556,1,1,0
5740488,117557,1,0,1
7304584,117558,1,0,1
977952,117559,1,1,0
324968,117560,1,0,1
1755384,117561,1,0,1
2134320,117562,1,1,0
2592408,117563,1,1,0
7628704,117564,1,1,0
1377688,117565,1,0,1
4798448,117566,1,1,0
894784,117567,1,1,0
2404072,117568,1,0,1
7964688,117569,1,1,0
2029992,117570,1,0,1
848664,117571,1,1,0
6318600,117572,1,0,1
466440,117573,1,0,1
1990080,117574,1,1,0
8214192,117575,1,0,1
963104,117576,1,1,0
277112,117577,1,0,1
1466928,117578,1,0,1
1044904,117579,1,1,0
6125200,117580,1,0,1
409376,117581,1,0,1
1229928,117582,1,1,0
7257488,117583,1,0,1
5707728,117584,1,0,1
3021984,117585,1,0,1
960320,117586,1,1,0
5754688,117587,1,1,0
4374512,117588,1,1,0
5979608,117589,1,1,0
1449368,117590,1,0,1
7655040,117591,1,0,1
2926392,117592,1,0,1
6688040,117593,1,1,0
679376,117594,1,0,1
4483912,117595,1,0,1
1964448,117596,1,1,0
5988248,117597,1,0,1
3672008,117598,1,1,0
2506088,117599,1,0,1
7681280,117600,1,0,1
5604048,117601,1,1,0
3890624,117602,1,1,0
395400,117603,1,0,1
157120,117604,1,0,1
3633784,117605,1,0,1
2617888,117606,1,1,0
6130880,117607,1,1,0
198400,117608,1,1,0
3593600,117609,1,1,0
5759560,117610,1,1,0
486464,117611,1,0,1
2860712,117612,1,0,1
1312488,117613,1,1,0
3459856,117614,1,1,0
2315496,117615,1,1,0
5023984,117616,1,1,0
695576,117617,1,1,0
527688,117618,1,0,1
1905496,117619,1,1,0
4104616,117620,1,1,0
7902856,117621,1,1,0
1155856,117622,1,0,1
5931616,117623,1,0,1
5317056,117624,1,1,0
1874736,117625,1,0,1
1799856,117626,1,1,0
5618584,117627,1,1,0
1397536,117628,1,0,1
159064,117629,1,1,0
2995992,117630,1,1,0
1743936,117631,1,0,1
5431112,117632,1,0,1
7229464,117633,1,0,1
1657064,117634,1,1,0
4916360,117635,1,1,0
2552728,117636,1,0,1
1928544,117637,1,0,1
404424,117638,1,1,0
379728,117639,1,0,1
2718824,117640,1,1,0
6323080,117641,1,1,0
5267608,117642,1,0,1
255208,117643,1,1,0
4441104,117644,1,0,1
1435352,117645,1,0,1
2070016,117646,1,1,0
1274912,117647,1,1,0
1188288,117648,1,1,0
6566280,117649,1,1,0
1397400,117650,1,0,1
897072,117651,1,0,1
5930032,117652,1,0,1
5535568,117653,1,0,1
2946104,117654,1,1,0
1003592,117655,1,0,1
2389976,117656,1,0,1
1393288,117657,1,0,1
223536,117658,1,1,0
2225432,117659,1,0,1
1553016,117660,1,0,1
528080,117661,1,1,0
696480,117662,1,0,1
4013712,117663,1,1,0
3974632,117664,1,0,1
4990808,117665,1,1,0
1187656,117666,1,0,1
464784,117667,1,1,0
1399912,117668,1,0,1
3668744,117669,1,1,0
4236776,117670,1,0,1
786008,117671,1,0,1
2352080,117672,1,1,0
2536552,117673,1,1,0
7964032,117674,1,1,0
1736040,117675,1,1,0
5940024,117676,1,1,0
793360,117677,1,1,0
767256,117678,1,0,1
1656112,117679,1,1,0
1452736,117680,1,1,0
810240,117681,1,0,1
6976040,117682,1,1,0
1574088,117683,1,0,1
3251336,117684,1,1,0
820520,117685,1,0,1
8291632,117686,1,0,1
6033904,117687,1,1,0
2863568,117688,1,0,1
1047024,117689,1,1,0
1670744,117690,1,1,0
760352,117691,1,1,0
5895680,117692,1,0,1
3024128,117693,1,1,0
96296,117694,1,1,0
651400,117695,1,0,1
2323704,117696,1,0,1
5280864,117697,1,1,0
5896768,117698,1,0,1
6698328,117699,1,0,1
7846912,117700,1,1,0
789632,117701,1,0,1
4789792,117702,1,1,0
1306104,117703,1,1,0
322880,117704,1,0,1
664240,117705,1,0,1
164040,117706,1,1,0
5101368,117707,1,1,0
6392896,117708,1,0,1
6315664,117709,1,1,0
2985104,117710,1,1,0
905888,117711,1,0,1
1064856,117712,1,1,0
3255240,117713,1,1,0
7554984,117714,1,1,0
1257080,117715,1,0,1
405240,117716,1,0,1
100528,117717,1,0,1
3524976,117718,1,0,1
1054216,117719,1,1,0
149648,117720,1,1,0
5274432,117721,1,0,1
2670192,117722,1,0,1
2332664,117723,1,0,1
2969432,117724,1,0,1
745296,117725,1,1,0
338040,117726,1,0,1
1896240,117727,1,0,1
6435808,117728,1,0,1
2134912,117729,1,0,1
3188464,117730,1,0,1
2271088,117731,1,1,0
4365088,117732,1,0,1
3698976,117733,1,1,0
8013832,117734,1,0,1
926384,117735,1,1,0
5256272,117736,1,1,0
324496,117737,1,0,1
544656,117738,1,1,0
2255768,117739,1,1,0
3859592,117740,1,1,0
2245232,117741,1,1,0
6407176,117742,1,1,0
1958176,117743,1,1,0
683696,117744,1,0,1
7190080,117745,1,1,0
1154288,117746,1,1,0
5299480,117747,1,0,1
515112,117748,1,0,1
2916704,117749,1,1,0
4725056,117750,1,0,1
5260888,117751,1,1,0
2961552,117752,1,1,0
7001088,117753,1,0,1
4440608,117754,1,0,1
4254720,117755,1,1,0
4728632,117756,1,0,1
3083520,117757,1,0,1
1084136,117758,1,1,0
1284048,117759,1,1,0
1370336,117760,1,1,0
1029112,117761,1,0,1
3498880,117762,1,0,1
172912,117763,1,1,0
249760,117764,1,0,1
4599176,117765,1,1,0
1715464,117766,1,0,1
3341664,117767,1,0,1
166408,117768,1,0,1
5518152,117769,1,0,1
444232,117770,1,1,0
3187032,117771,1,1,0
683904,117772,1,1,0
5252136,117773,1,1,0
667680,117774,1,0,1
1602232,117775,1,1,0
1985000,117776,1,0,1
5682256,117777,1,0,1
5691392,117778,1,1,0
4535312,117779,1,0,1
4031752,117780,1,0,1
1789368,117781,1,0,1
1039296,117782,1,1,0
988128,117783,1,0,1
703200,117784,1,1,0
1372784,117785,1,0,1
298048,117786,1,1,0
623648,117787,1,1,0
6113032,117788,1,0,1
212328,117789,1,1,0
5668488,117790,1,1,0
5033456,117791,1,0,1
1101640,117792,1,0,1
1916408,117793,1,0,1
6145064,117794,1,0,1
4513104,117795,1,0,1
6584472,117796,1,0,1
5802416,117797,1,1,0
2408680,117798,1,0,1
940528,117799,1,0,1
388768,117800,1,0,1
1076544,117801,1,0,1
3459192,117802,1,1,0
600160,117803,1,1,0
6971984,117804,1,1,0
241968,117805,1,1,0
3377264,117806,1,0,1
833632,117807,1,1,0
1089992,117808,1,0,1
943056,117809,1,0,1
6310408,117810,1,1,0
1180352,117811,1,1,0
6573696,117812,1,1,0
1275312,117813,1,1,0
1229984,117814,1,0,1
378696,117815,1,1,0
7165440,117816,1,0,1
4736288,117817,1,1,0
5511496,117818,1,0,1
2072960,117819,1,0,1
3834016,117820,1,0,1
1828592,117821,1,0,1
3551840,117822,1,1,0
633400,117823,1,0,1
207696,117824,1,0,1
3536688,117825,1,1,0
150640,117826,1,0,1
1162496,117827,1,1,0
337312,117828,1,1,0
6059400,117829,1,0,1
3183264,117830,1,1,0
4414728,117831,1,1,0
1717320,117832,1,1,0
5503848,117833,1,0,1
7222584,117834,1,0,1
2571800,117835,1,0,1
266768,117836,1,1,0
2652368,117837,1,1,0
3645232,117838,1,0,1
2669104,117839,1,1,0
1304240,117840,1,1,0
2152600,117841,1,1,0
7705800,117842,1,0,1
6321672,117843,1,1,0
1685240,117844,1,1,0
848088,117845,1,0,1
438800,117846,1,0,1
6493304,117847,1,1,0
7745760,117848,1,1,0
702584,117849,1,1,0
1080856,117850,1,0,1
889512,117851,1,1,0
4469328,117852,1,1,0
2817328,117853,1,1,0
1451248,117854,1,1,0
489760,117855,1,1,0
5545544,117856,1,1,0
379392,117857,1,1,0
6701384,117858,1,0,1
7315568,117859,1,0,1
358624,117860,1,0,1
1253744,117861,1,0,1
2437552,117862,1,0,1
7555952,117863,1,1,0
2260600,117864,1,0,1
3439352,117865,1,0,1
5296544,117866,1,1,0
388824,117867,1,0,1
5963248,117868,1,1,0
6412992,117869,1,0,1
7596320,117870,1,1,0
7690104,117871,1,1,0
4827376,117872,1,0,1
8302728,117873,1,0,1
506984,117874,1,0,1
4606152,117875,1,0,1
260352,117876,1,1,0
241224,117877,1,0,1
145928,117878,1,0,1
7239008,117879,1,0,1
1813912,117880,1,1,0
1755344,117881,1,0,1
761024,117882,1,0,1
6823288,117883,1,1,0
307296,117884,1,1,0
3085704,117885,1,0,1
3154720,117886,1,0,1
6692672,117887,1,0,1
2269488,117888,1,1,0
6379320,117889,1,0,1
445640,117890,1,0,1
4030592,117891,1,1,0
3349592,117892,1,0,1
7845608,117893,1,0,1
8164904,117894,1,1,0
1145248,117895,1,0,1
5863928,117896,1,1,0
7665992,117897,1,0,1
3734952,117898,1,1,0
4795672,117899,1,1,0
1279512,117900,1,1,0
3915336,117901,1,0,1
2794648,117902,1,1,0
6604192,117903,1,0,1
8349696,117904,1,0,1
789456,117905,1,1,0
205768,117906,1,0,1
3183208,117907,1,1,0
472720,117908,1,0,1
3945624,117909,1,0,1
742224,117910,1,0,1
322512,117911,1,0,1
2338920,117912,1,0,1
5190920,117913,1,1,0
3990616,117914,1,0,1
351336,117915,1,0,1
6009576,117916,1,1,0
4458656,117917,1,0,1
1307296,117918,1,0,1
5494608,117919,1,1,0
6279544,117920,1,1,0
818384,117921,1,0,1
2054832,117922,1,1,0
3721320,117923,1,1,0
5638816,117924,1,0,1
376736,117925,1,1,0
2613552,117926,1,0,1
3834416,117927,1,1,0
162832,117928,1,1,0
4066800,117929,1,0,1
417248,117930,1,0,1
1030904,117931,1,1,0
1953928,117932,1,1,0
570032,117933,1,0,1
3935872,117934,1,1,0
3204216,117935,1,0,1
1224952,117936,1,0,1
1302264,117937,1,0,1
2625376,117938,1,0,1
664232,117939,1,1,0
368360,117940,1,1,0
1781040,117941,1,0,1
3656544,117942,1,0,1
2185264,117943,1,1,0
2625784,117944,1,0,1
1468056,117945,1,0,1
4085376,117946,1,1,0
5209584,117947,1,1,0
8176336,117948,1,1,0
7114632,117949,1,1,0
1090296,117950,1,1,0
104656,117951,1,0,1
116400,117952,1,1,0
456512,117953,1,0,1
1573088,117954,1,1,0
737304,117955,1,1,0
4951576,117956,1,1,0
8185720,117957,1,1,0
1497480,117958,1,1,0
590600,117959,1,0,1
3272432,117960,1,1,0
2138056,117961,1,1,0
1903008,117962,1,0,1
4837352,117963,1,1,0
3518296,117964,1,1,0
2720040,117965,1,1,0
3384480,117966,1,0,1
1854944,117967,1,1,0
2699208,117968,1,1,0
3842992,117969,1,1,0
6987824,117970,1,0,1
259464,117971,1,0,1
748072,117972,1,1,0
5770952,117973,1,0,1
6981576,117974,1,1,0
1638840,117975,1,1,0
5162376,117976,1,0,1
6242440,117977,1,0,1
394472,117978,1,1,0
7453416,117979,1,1,0
3706160,117980,1,1,0
5268056,117981,1,0,1
1224456,117982,1,0,1
3812184,117983,1,0,1
4370272,117984,1,0,1
2055528,117985,1,1,0
4990872,117986,1,0,1
912776,117987,1,0,1
1063408,117988,1,0,1
5380472,117989,1,0,1
3410672,117990,1,0,1
4379984,117991,1,1,0
628136,117992,1,0,1
414688,117993,1,1,0
1651824,117994,1,0,1
1730144,117995,1,1,0
3074352,117996,1,0,1
4515912,117997,1,1,0
4204960,117998,1,0,1
4324104,117999,1,1,0
2044160,118000,1,1,0
1785392,118001,1,1,0
2568976,118002,1,1,0
7960776,118003,1,1,0
7028136,118004,1,0,1
3332224,118005,1,0,1
3175456,118006,1,1,0
2632640,118007,1,0,1
2390288,118008,1,0,1
5572072,118009,1,1,0
855728,118010,1,1,0
1117264,118011,1,1,0
3088600,118012,1,1,0
1796248,118013,1,1,0
985784,118014,1,1,0
3187368,118015,1,0,1
5758576,118016,1,0,1
4372368,118017,1,0,1
2146272,118018,1,0,1
7855064,118019,1,1,0
91608,118020,1,1,0
816312,118021,1,1,0
997656,118022,1,1,0
1734720,118023,1,0,1
4866472,118024,1,0,1
1005448,118025,1,1,0
6371104,118026,1,0,1
2564024,118027,1,1,0
2774936,118028,1,1,0
4036504,118029,1,1,0
4645032,118030,1,1,0
1182256,118031,1,1,0
1410264,118032,1,1,0
4225088,118033,1,1,0
6256280,118034,1,0,1
1010224,118035,1,0,1
354696,118036,1,1,0
2705032,118037,1,0,1
576360,118038,1,0,1
5774400,118039,1,0,1
4476904,118040,1,1,0
5422552,118041,1,0,1
1213576,118042,1,1,0
1357856,118043,1,0,1
1399792,118044,1,1,0
3261360,118045,1,0,1
1744960,118046,1,0,1
4150192,118047,1,1,0
1890240,118048,1,0,1
3494152,118049,1,1,0
3322344,118050,1,0,1
1661040,118051,1,1,0
7748648,118052,1,1,0
1760056,118053,1,0,1
613464,118054,1,1,0
1447584,118055,1,1,0
4771552,118056,1,1,0
2742944,118057,1,0,1
3053448,118058,1,0,1
7340656,118059,1,1,0
7090312,118060,1,0,1
1807888,118061,1,1,0
1089192,118062,1,1,0
198120,118063,1,0,1
3712728,118064,1,1,0
2414088,118065,1,0,1
1087408,118066,1,1,0
2698552,118067,1,0,1
4169016,118068,1,1,0
1280848,118069,1,1,0
1001512,118070,1,0,1
7254424,118071,1,0,1
3207312,118072,1,1,0
4024016,118073,1,0,1
921216,118074,1,0,1
2291912,118075,1,1,0
7294520,118076,1,1,0
2506256,118077,1,1,0
3825656,118078,1,0,1
2683432,118079,1,1,0
2012160,118080,1,1,0
4147688,118081,1,1,0
7734432,118082,1,0,1
6045240,118083,1,0,1
1301248,118084,1,0,1
5296928,118085,1,1,0
1276464,118086,1,0,1
2489768,118087,1,0,1
585056,118088,1,0,1
292800,118089,1,0,1
1268784,118090,1,1,0
4479216,118091,1,0,1
1647792,118092,1,1,0
488248,118093,1,1,0
973592,118094,1,1,0
688816,118095,1,0,1
8114336,118096,1,1,0
956696,118097,1,1,0
4856704,118098,1,1,0
6499512,118099,1,0,1
1060984,118100,1,0,1
182632,118101,1,0,1
3224560,118102,1,0,1
1667216,118103,1,1,0
676912,118104,1,0,1
772952,118105,1,1,0
2860816,118106,1,1,0
268392,118107,1,0,1
818736,118108,1,1,0
1718760,118109,1,0,1
1170336,118110,1,0,1
5371304,118111,1,1,0
3910272,118112,1,0,1
91792,118113,1,1,0
1924992,118114,1,0,1
1493696,118115,1,1,0
240752,118116,1,1,0
1015744,118117,1,0,1
6506912,118118,1,0,1
2823776,118119,1,1,0
4089072,118120,1,0,1
4082352,118121,1,1,0
310128,118122,1,1,0
326920,118123,1,1,0
2623312,118124,1,0,1
2175920,118125,1,1,0
721072,118126,1,1,0
3912792,118127,1,1,0
2999648,118128,1,0,1
5042720,118129,1,0,1
6376584,118130,1,1,0
1466976,118131,1,1,0
3863960,118132,1,0,1
1420960,118133,1,1,0
2139352,118134,1,0,1
1559344,118135,1,0,1
5698896,118136,1,0,1
1592912,118137,1,0,1
1315408,118138,1,1,0
1591408,118139,1,0,1
8227272,118140,1,1,0
3233944,118141,1,0,1
2193840,118142,1,1,0
3611368,118143,1,1,0
3152200,118144,1,1,0
2712144,118145,1,1,0
1556040,118146,1,1,0
6735048,118147,1,0,1
747792,118148,1,0,1
1109360,118149,1,0,1
1477560,118150,1,0,1
235776,118151,1,0,1
2201600,118152,1,1,0
1990320,118153,1,0,1
2867024,118154,1,1,0
1150632,118155,1,1,0
621000,118156,1,0,1
4607200,118157,1,0,1
4714576,118158,1,0,1
427160,118159,1,1,0
3692400,118160,1,1,0
5962216,118161,1,0,1
5515424,118162,1,1,0
3975920,118163,1,1,0
7126320,118164,1,1,0
5286176,118165,1,0,1
2689432,118166,1,1,0
4138800,118167,1,1,0
1178760,118168,1,0,1
3551296,118169,1,0,1
2017608,118170,1,1,0
2368904,118171,1,1,0
7659392,118172,1,1,0
1413064,118173,1,0,1
4626864,118174,1,0,1
5147216,118175,1,0,1
2284752,118176,1,0,1
760752,118177,1,1,0
3021432,118178,1,1,0
2379640,118179,1,0,1
451104,118180,1,0,1
2969576,118181,1,0,1
5190288,118182,1,1,0
328536,118183,1,1,0
134896,118184,1,1,0
6117560,118185,1,0,1
3015056,118186,1,1,0
525400,118187,1,1,0
1487576,118188,1,1,0
2397472,118189,1,1,0
119792,118190,1,1,0
6374128,118191,1,0,1
967072,118192,1,0,1
2639920,118193,1,1,0
1792568,118194,1,0,1
3526224,118195,1,1,0
591088,118196,1,1,0
293656,118197,1,1,0
1570280,118198,1,0,1
7056840,118199,1,0,1
1333496,118200,1,1,0
2990352,118201,1,0,1
2861248,118202,1,0,1
3895760,118203,1,0,1
1906448,118204,1,0,1
408280,118205,1,0,1
1293000,118206,1,0,1
8112032,118207,1,0,1
3185032,118208,1,0,1
566088,118209,1,0,1
831208,118210,1,0,1
1405264,118211,1,1,0
5465304,118212,1,0,1
3059392,118213,1,1,0
741576,118214,1,1,0
6275880,118215,1,1,0
2610976,118216,1,0,1
2868912,118217,1,0,1
4191200,118218,1,1,0
1647984,118219,1,1,0
718832,118220,1,0,1
2418568,118221,1,0,1
1744536,118222,1,0,1
8045080,118223,1,1,0
410576,118224,1,0,1
5471376,118225,1,0,1
515280,118226,1,0,1
733840,118227,1,0,1
543464,118228,1,1,0
5952408,118229,1,1,0
201048,118230,1,0,1
1249904,118231,1,1,0
6352544,118232,1,0,1
3785968,118233,1,1,0
478248,118234,1,1,0
2286024,118235,1,1,0
603064,118236,1,0,1
676280,118237,1,1,0
1564600,118238,1,1,0
3502776,118239,1,1,0
2720568,118240,1,1,0
1291736,118241,1,1,0
3203632,118242,1,0,1
3560232,118243,1,0,1
5490400,118244,1,1,0
7337304,118245,1,0,1
1715360,118246,1,1,0
6468304,118247,1,0,1
6563176,118248,1,0,1
2042704,118249,1,0,1
7301072,118250,1,0,1
2631936,118251,1,1,0
512632,118252,1,1,0
5548360,118253,1,1,0
6886928,118254,1,0,1
1425376,118255,1,0,1
160384,118256,1,0,1
3814720,118257,1,0,1
2833464,118258,1,0,1
562240,118259,1,1,0
731360,118260,1,0,1
6390928,118261,1,1,0
2905056,118262,1,1,0
2825488,118263,1,0,1
3528976,118264,1,1,0
988032,118265,1,1,0
3590456,118266,1,0,1
341272,118267,1,1,0
5756760,118268,1,1,0
383656,118269,1,0,1
2143624,118270,1,1,0
6926904,118271,1,1,0
752448,118272,1,1,0
1965128,118273,1,0,1
1869920,118274,1,0,1
3884320,118275,1,0,1
6040088,118276,1,0,1
3670272,118277,1,0,1
3724712,118278,1,0,1
494808,118279,1,0,1
2165952,118280,1,1,0
259848,118281,1,1,0
411160,118282,1,0,1
2382408,118283,1,0,1
6135832,118284,1,1,0
345520,118285,1,1,0
252536,118286,1,1,0
1237248,118287,1,0,1
767600,118288,1,0,1
6712288,118289,1,0,1
5822200,118290,1,0,1
7733440,118291,1,0,1
298816,118292,1,1,0
307368,118293,1,1,0
4140176,118294,1,0,1
710960,118295,1,1,0
967248,118296,1,1,0
1067824,118297,1,0,1
1351048,118298,1,1,0
5518840,118299,1,1,0
3275272,118300,1,0,1
6730024,118301,1,0,1
6109128,118302,1,1,0
1452920,118303,1,1,0
926768,118304,1,0,1
1038960,118305,1,1,0
495856,118306,1,1,0
3595296,118307,1,0,1
4457136,118308,1,1,0
4922704,118309,1,0,1
2254264,118310,1,0,1
519720,118311,1,1,0
5715632,118312,1,1,0
1073128,118313,1,1,0
174272,118314,1,0,1
3334736,118315,1,0,1
928488,118316,1,0,1
6485536,118317,1,0,1
1090600,118318,1,0,1
6009200,118319,1,0,1
5182952,118320,1,1,0
7716136,118321,1,0,1
3876200,118322,1,0,1
2071312,118323,1,0,1
3414560,118324,1,0,1
4720760,118325,1,1,0
2412000,118326,1,0,1
4717296,118327,1,0,1
637600,118328,1,1,0
294048,118329,1,0,1
3094592,118330,1,0,1
2468344,118331,1,1,0
5581720,118332,1,1,0
1731168,118333,1,1,0
2244736,118334,1,1,0
1627456,118335,1,0,1
580480,118336,1,1,0
897920,118337,1,1,0
480520,118338,1,0,1
5086936,118339,1,0,1
437048,118340,1,1,0
6906824,118341,1,0,1
1981776,118342,1,0,1
3352120,118343,1,0,1
828328,118344,1,0,1
4174072,118345,1,0,1
965344,118346,1,1,0
446160,118347,1,0,1
1796928,118348,1,0,1
936016,118349,1,0,1
2865664,118350,1,1,0
210680,118351,1,1,0
769904,118352,1,1,0
5619808,118353,1,0,1
4150824,118354,1,0,1
1127320,118355,1,0,1
841952,118356,1,1,0
994472,118357,1,0,1
3880840,118358,1,1,0
5605104,118359,1,1,0
391712,118360,1,1,0
655136,118361,1,0,1
2019128,118362,1,0,1
8075592,118363,1,0,1
1311800,118364,1,0,1
189976,118365,1,0,1
3821000,118366,1,1,0
4501744,118367,1,1,0
6899800,118368,1,1,0
2886944,118369,1,1,0
2695888,118370,1,1,0
1077848,118371,1,1,0
7980416,118372,1,1,0
916280,118373,1,1,0
217832,118374,1,1,0
3299080,118375,1,1,0
1190416,118376,1,1,0
530784,118377,1,0,1
1744048,118378,1,0,1
408472,118379,1,0,1
1993312,118380,1,0,1
6476584,118381,1,0,1
1069680,118382,1,1,0
2105568,118383,1,1,0
6272696,118384,1,0,1
1979720,118385,1,1,0
742928,118386,1,1,0
7813264,118387,1,1,0
468384,118388,1,0,1
736408,118389,1,1,0
1236152,118390,1,0,1
819672,118391,1,1,0
8233752,118392,1,1,0
2295336,118393,1,0,1
5261440,118394,1,0,1
3604608,118395,1,0,1
3485552,118396,1,0,1
5906624,118397,1,1,0
747360,118398,1,1,0
4980600,118399,1,0,1
1888928,118400,1,1,0
2433224,118401,1,0,1
2628704,118402,1,1,0
657992,118403,1,1,0
4515664,118404,1,1,0
7636008,118405,1,1,0
1478328,118406,1,1,0
1956696,118407,1,0,1
303768,118408,1,1,0
1810976,118409,1,0,1
3662136,118410,1,0,1
2016016,118411,1,1,0
3093296,118412,1,0,1
4646592,118413,1,1,0
1394248,118414,1,0,1
3751448,118415,1,0,1
190064,118416,1,1,0
5030368,118417,1,1,0
4381456,118418,1,1,0
261608,118419,1,0,1
693256,118420,1,1,0
2195944,118421,1,1,0
2132312,118422,1,1,0
2742752,118423,1,0,1
4565960,118424,1,1,0
1445592,118425,1,1,0
2117056,118426,1,1,0
8236424,118427,1,0,1
1412696,118428,1,1,0
5840896,118429,1,1,0
2130152,118430,1,1,0
6276352,118431,1,0,1
1884800,118432,1,0,1
7864264,118433,1,1,0
1779632,118434,1,1,0
1622216,118435,1,0,1
3425520,118436,1,0,1
1385824,118437,1,1,0
323568,118438,1,0,1
7848872,118439,1,1,0
7865640,118440,1,0,1
524744,118441,1,1,0
4640576,118442,1,1,0
2291208,118443,1,1,0
6922600,118444,1,0,1
941432,118445,1,0,1
970224,118446,1,1,0
2973680,118447,1,1,0
1425984,118448,1,1,0
2608000,118449,1,1,0
7827984,118450,1,0,1
1693264,118451,1,1,0
564384,118452,1,0,1
1388112,118453,1,1,0
4216280,118454,1,0,1
2106880,118455,1,1,0
1614624,118456,1,1,0
250632,118457,1,0,1
577072,118458,1,0,1
6917624,118459,1,1,0
2714136,118460,1,1,0
5062000,118461,1,0,1
2435240,118462,1,1,0
3364496,118463,1,0,1
4083960,118464,1,0,1
198744,118465,1,1,0
7317800,118466,1,0,1
1604376,118467,1,0,1
1323416,118468,1,0,1
768144,118469,1,1,0
1863728,118470,1,1,0
4590632,118471,1,0,1
7251952,118472,1,1,0
693488,118473,1,0,1
3350072,118474,1,1,0
774792,118475,1,1,0
1462776,118476,1,0,1
5157000,118477,1,0,1
922944,118478,1,0,1
7591104,118479,1,1,0
4567808,118480,1,0,1
7929808,118481,1,0,1
2384136,118482,1,0,1
5584648,118483,1,1,0
2254136,118484,1,0,1
1122544,118485,1,1,0
1677744,118486,1,0,1
667080,118487,1,1,0
7768448,118488,1,0,1
1353136,118489,1,0,1
736648,118490,1,0,1
689888,118491,1,0,1
2903072,118492,1,0,1
526072,118493,1,0,1
350288,118494,1,1,0
1438792,118495,1,0,1
7562544,118496,1,0,1
7462760,118497,1,0,1
2296424,118498,1,1,0
4738760,118499,1,0,1
1181088,118500,1,0,1
442144,118501,1,0,1
954496,118502,1,0,1
1135400,118503,1,1,0
397624,118504,1,0,1
1677088,118505,1,0,1
7050384,118506,1,0,1
397952,118507,1,1,0
3999088,118508,1,1,0
3748968,118509,1,1,0
5100832,118510,1,0,1
1125744,118511,1,1,0
2153320,118512,1,1,0
3044448,118513,1,1,0
5267384,118514,1,0,1
518608,118515,1,1,0
262880,118516,1,1,0
1658384,118517,1,0,1
3613696,118518,1,0,1
4559288,118519,1,0,1
3190752,118520,1,0,1
7992560,118521,1,0,1
6455432,118522,1,1,0
2868720,118523,1,0,1
849040,118524,1,0,1
110184,118525,1,0,1
2703744,118526,1,1,0
271056,118527,1,1,0
2136016,118528,1,1,0
3621360,118529,1,0,1
1617144,118530,1,0,1
2803240,118531,1,1,0
1763608,118532,1,1,0
7975952,118533,1,0,1
674136,118534,1,0,1
4878232,118535,1,1,0
481856,118536,1,0,1
1136008,118537,1,1,0
6066616,118538,1,0,1
904736,118539,1,1,0
3263400,118540,1,0,1
2242880,118541,1,1,0
2404032,118542,1,0,1
810968,118543,1,0,1
564168,118544,1,0,1
8378912,118545,1,1,0
3221888,118546,1,1,0
1160800,118547,1,0,1
1856720,118548,1,1,0
5447280,118549,1,1,0
1184680,118550,1,0,1
2064464,118551,1,0,1
263032,118552,1,1,0
320240,118553,1,1,0
2702824,118554,1,0,1
2163352,118555,1,1,0
680256,118556,1,1,0
7309800,118557,1,0,1
1503096,118558,1,1,0
1335544,118559,1,1,0
6053128,118560,1,1,0
2798504,118561,1,0,1
589160,118562,1,1,0
573144,118563,1,1,0
804128,118564,1,0,1
902624,118565,1,0,1
3597504,118566,1,1,0
1521904,118567,1,0,1
1024032,118568,1,1,0
844104,118569,1,0,1
394176,118570,1,1,0
868336,118571,1,0,1
4543384,118572,1,0,1
628168,118573,1,0,1
670936,118574,1,0,1
1364872,118575,1,0,1
6286408,118576,1,1,0
5147432,118577,1,1,0
2073200,118578,1,1,0
920104,118579,1,0,1
6037800,118580,1,0,1
1608232,118581,1,1,0
5369552,118582,1,1,0
5412240,118583,1,0,1
148544,118584,1,1,0
6243112,118585,1,0,1
6341192,118586,1,1,0
8294392,118587,1,1,0
5211072,118588,1,0,1
3197288,118589,1,1,0
2102592,118590,1,1,0
1096752,118591,1,1,0
8149672,118592,1,1,0
3710008,118593,1,1,0
715144,118594,1,0,1
5610656,118595,1,0,1
4498872,118596,1,0,1
2273080,118597,1,1,0
2566672,118598,1,0,1
6365888,118599,1,1,0
7427040,118600,1,0,1
1142904,118601,1,0,1
2497304,118602,1,0,1
626088,118603,1,1,0
999920,118604,1,0,1
2696112,118605,1,0,1
1735584,118606,1,1,0
6170408,118607,1,0,1
1044960,118608,1,1,0
2829256,118609,1,1,0
3489048,118610,1,1,0
1714856,118611,1,1,0
233048,118612,1,0,1
2715256,118613,1,0,1
4329472,118614,1,0,1
1289528,118615,1,1,0
5298912,118616,1,1,0
539112,118617,1,0,1
5099176,118618,1,0,1
2051176,118619,1,1,0
6135968,118620,1,1,0
239440,118621,1,0,1
7966368,118622,1,1,0
2034200,118623,1,1,0
113312,118624,1,1,0
1418152,118625,1,1,0
588648,118626,1,0,1
4053760,118627,1,1,0
3114024,118628,1,0,1
1956584,118629,1,0,1
3625664,118630,1,1,0
233352,118631,1,1,0
1925168,118632,1,1,0
1272560,118633,1,0,1
2109064,118634,1,1,0
1464272,118635,1,0,1
274872,118636,1,1,0
3089080,118637,1,1,0
4023752,118638,1,0,1
7712240,118639,1,0,1
1401688,118640,1,1,0
833528,118641,1,0,1
2855856,118642,1,1,0
1332728,118643,1,0,1
441256,118644,1,1,0
6005856,118645,1,0,1
7204464,118646,1,1,0
3894608,118647,1,0,1
3804752,118648,1,1,0
2472200,118649,1,0,1
368536,118650,1,0,1
4957504,118651,1,0,1
682672,118652,1,0,1
670792,118653,1,1,0
5806040,118654,1,0,1
505256,118655,1,0,1
3124920,118656,1,0,1
2006000,118657,1,1,0
1327960,118658,1,0,1
6777152,118659,1,1,0
764272,118660,1,1,0
3809992,118661,1,1,0
1371184,118662,1,0,1
5363128,118663,1,1,0
2598640,118664,1,0,1
4863544,118665,1,0,1
1163704,118666,1,0,1
177536,118667,1,0,1
2267600,118668,1,1,0
2624792,118669,1,0,1
2141496,118670,1,0,1
7830760,118671,1,0,1
2861488,118672,1,1,0
5603720,118673,1,1,0
885384,118674,1,1,0
5512264,118675,1,1,0
309968,118676,1,0,1
442752,118677,1,1,0
1449888,118678,1,1,0
8346120,118679,1,1,0
722792,118680,1,1,0
560408,118681,1,1,0
2831384,118682,1,0,1
2774536,118683,1,1,0
3836600,118684,1,1,0
1260432,118685,1,0,1
944160,118686,1,1,0
3111912,118687,1,1,0
1788112,118688,1,1,0
609816,118689,1,0,1
662000,118690,1,1,0
4628400,118691,1,1,0
1670344,118692,1,1,0
4472656,118693,1,1,0
342464,118694,1,0,1
1735704,118695,1,0,1
360600,118696,1,1,0
3102336,118697,1,0,1
582952,118698,1,1,0
2303216,118699,1,0,1
6785656,118700,1,0,1
2635728,118701,1,1,0
5616480,118702,1,1,0
206216,118703,1,0,1
1814224,118704,1,1,0
2447912,118705,1,1,0
6553784,118706,1,1,0
1782312,118707,1,1,0
4162576,118708,1,0,1
7095864,118709,1,0,1
4229768,118710,1,1,0
905080,118711,1,1,0
6931472,118712,1,1,0
1787456,118713,1,1,0
3338688,118714,1,0,1
886896,118715,1,1,0
4365160,118716,1,1,0
1646440,118717,1,0,1
1781864,118718,1,1,0
3969608,118719,1,1,0
1488656,118720,1,1,0
6634240,118721,1,1,0
4293016,118722,1,0,1
4705488,118723,1,0,1
5054352,118724,1,1,0
2385896,118725,1,1,0
5248488,118726,1,1,0
299120,118727,1,0,1
1694384,118728,1,0,1
3193824,118729,1,1,0
4614696,118730,1,0,1
1400488,118731,1,0,1
979200,118732,1,1,0
740800,118733,1,1,0
7051128,118734,1,1,0
1715240,118735,1,1,0
6157672,118736,1,0,1
4244336,118737,1,0,1
1765912,118738,1,1,0
4037464,118739,1,0,1
1531496,118740,1,1,0
748560,118741,1,1,0
3506160,118742,1,1,0
5408088,118743,1,0,1
876104,118744,1,0,1
8115464,118745,1,0,1
5749424,118746,1,0,1
3822960,118747,1,1,0
2533504,118748,1,1,0
1950360,118749,1,0,1
2482328,118750,1,0,1
1053968,118751,1,1,0
378336,118752,1,0,1
2267968,118753,1,1,0
454712,118754,1,1,0
5141000,118755,1,0,1
3611648,118756,1,0,1
344232,118757,1,1,0
3929352,118758,1,1,0
301752,118759,1,0,1
4399232,118760,1,1,0
4561392,118761,1,0,1
3515056,118762,1,0,1
306712,118763,1,1,0
1598968,118764,1,0,1
1502120,118765,1,0,1
4835096,118766,1,0,1
457544,118767,1,1,0
7149184,118768,1,1,0
4940384,118769,1,0,1
924160,118770,1,1,0
7787648,118771,1,1,0
451424,118772,1,0,1
1274552,118773,1,1,0
876632,118774,1,0,1
1518256,118775,1,0,1
384840,118776,1,0,1
748928,118777,1,1,0
1040080,118778,1,1,0
6053632,118779,1,0,1
264456,118780,1,1,0
370440,118781,1,0,1
3977560,118782,1,0,1
1322952,118783,1,1,0
7091624,118784,1,0,1
2847344,118785,1,1,0
2035656,118786,1,1,0
668472,118787,1,0,1
2885376,118788,1,0,1
274464,118789,1,0,1
5656864,118790,1,0,1
900592,118791,1,0,1
5337688,118792,1,0,1
1431224,118793,1,0,1
841888,118794,1,0,1
6088616,118795,1,1,0
3447048,118796,1,1,0
1276488,118797,1,1,0
2282232,118798,1,1,0
3070720,118799,1,1,0
5486272,118800,1,1,0
2238832,118801,1,1,0
899840,118802,1,1,0
1748144,118803,1,1,0
1146368,118804,1,1,0
7319840,118805,1,0,1
7526512,118806,1,1,0
3238856,118807,1,1,0
1273512,118808,1,0,1
1195872,118809,1,0,1
3855664,118810,1,0,1
1332960,118811,1,1,0
838320,118812,1,1,0
2225848,118813,1,1,0
7135136,118814,1,1,0
8209240,118815,1,1,0
1433056,118816,1,0,1
2169064,118817,1,0,1
944008,118818,1,0,1
436680,118819,1,1,0
1880776,118820,1,1,0
6432840,118821,1,1,0
4288712,118822,1,0,1
2772336,118823,1,0,1
5153056,118824,1,0,1
5595032,118825,1,1,0
7288344,118826,1,1,0
145288,118827,1,0,1
4622176,118828,1,1,0
3608608,118829,1,1,0
2534808,118830,1,1,0
2911336,118831,1,0,1
4470288,118832,1,0,1
1082704,118833,1,1,0
301144,118834,1,1,0
4179344,118835,1,0,1
2549320,118836,1,1,0
848920,118837,1,1,0
2725928,118838,1,1,0
233792,118839,1,1,0
3701552,118840,1,1,0
1170392,118841,1,0,1
1630496,118842,1,1,0
2688312,118843,1,1,0
1075088,118844,1,1,0
564280,118845,1,1,0
7680360,118846,1,1,0
2896312,118847,1,0,1
412800,118848,1,0,1
402040,118849,1,1,0
2554312,118850,1,0,1
6991888,118851,1,0,1
1858704,118852,1,0,1
7363232,118853,1,1,0
4366168,118854,1,0,1
6275912,118855,1,1,0
743400,118856,1,0,1
4573280,118857,1,0,1
4578048,118858,1,1,0
7592512,118859,1,1,0
1572288,118860,1,1,0
1704280,118861,1,0,1
2851184,118862,1,0,1
555384,118863,1,0,1
935368,118864,1,1,0
372648,118865,1,0,1
1986920,118866,1,1,0
2330424,118867,1,1,0
539680,118868,1,0,1
8360728,118869,1,1,0
521840,118870,1,0,1
1458240,118871,1,0,1
4661624,118872,1,0,1
1139576,118873,1,1,0
6470904,118874,1,0,1
2887432,118875,1,1,0
6552040,118876,1,0,1
1094840,118877,1,0,1
856568,118878,1,1,0
1246200,118879,1,0,1
420328,118880,1,1,0
2500520,118881,1,1,0
1774272,118882,1,0,1
6953024,118883,1,0,1
2588176,118884,1,0,1
197824,118885,1,0,1
5804400,118886,1,1,0
2205304,118887,1,1,0
1366904,118888,1,0,1
6015624,118889,1,0,1
5772464,118890,1,1,0
131880,118891,1,0,1
1417016,118892,1,1,0
8325824,118893,1,0,1
179520,118894,1,1,0
3741128,118895,1,1,0
4777928,118896,1,0,1
2969504,118897,1,1,0
2224464,118898,1,0,1
916928,118899,1,0,1
2201640,118900,1,0,1
6372832,118901,1,1,0
2293112,118902,1,0,1
6433488,118903,1,1,0
1346832,118904,1,0,1
522240,118905,1,0,1
2149112,118906,1,1,0
2106664,118907,1,0,1
830656,118908,1,0,1
379920,118909,1,0,1
734528,118910,1,1,0
2085192,118911,1,1,0
2056328,118912,1,0,1
785168,118913,1,1,0
3258728,118914,1,1,0
2284512,118915,1,0,1
1068424,118916,1,0,1
4486056,118917,1,1,0
2941824,118918,1,1,0
234832,118919,1,1,0
1488072,118920,1,1,0
651040,118921,1,1,0
3414648,118922,1,1,0
8036128,118923,1,0,1
4893552,118924,1,1,0
436816,118925,1,0,1
4820408,118926,1,1,0
347640,118927,1,0,1
1327384,118928,1,0,1
3667304,118929,1,1,0
336544,118930,1,1,0
4858928,118931,1,0,1
2405096,118932,1,0,1
7051640,118933,1,1,0
1355336,118934,1,1,0
4973888,118935,1,0,1
661168,118936,1,0,1
1218288,118937,1,0,1
3721176,118938,1,0,1
1028448,118939,1,0,1
147960,118940,1,0,1
6708584,118941,1,0,1
7944976,118942,1,1,0
3120992,118943,1,0,1
1295312,118944,1,1,0
2572864,118945,1,1,0
1870960,118946,1,0,1
7299384,118947,1,1,0
3801840,118948,1,1,0
367536,118949,1,1,0
5298840,118950,1,0,1
1299872,118951,1,0,1
3003104,118952,1,1,0
2121688,118953,1,0,1
7490400,118954,1,0,1
5344936,118955,1,0,1
2021216,118956,1,0,1
690872,118957,1,1,0
7500792,118958,1,1,0
660920,118959,1,1,0
1089184,118960,1,0,1
1815336,118961,1,1,0
3385712,118962,1,1,0
7181744,118963,1,1,0
1267048,118964,1,1,0
1272616,118965,1,0,1
1343184,118966,1,1,0
4731024,118967,1,1,0
8145264,118968,1,1,0
2872656,118969,1,1,0
391112,118970,1,1,0
7929192,118971,1,1,0
2032032,118972,1,0,1
2393744,118973,1,0,1
4509504,118974,1,1,0
796848,118975,1,0,1
967712,118976,1,1,0
5412024,118977,1,0,1
8098328,118978,1,0,1
757824,118979,1,1,0
2131832,118980,1,0,1
318928,118981,1,1,0
3662728,118982,1,1,0
4642936,118983,1,1,0
1208312,118984,1,0,1
6141464,118985,1,0,1
7131856,118986,1,1,0
2853904,118987,1,0,1
6997152,118988,1,0,1
756960,118989,1,1,0
2740904,118990,1,0,1
2893096,118991,1,1,0
460064,118992,1,1,0
3132224,118993,1,0,1
6325880,118994,1,1,0
2609256,118995,1,0,1
1283488,118996,1,0,1
8082648,118997,1,1,0
4880296,118998,1,1,0
3665040,118999,1,0,1
498064,119000,1,0,1
2527544,119001,1,0,1
570248,119002,1,0,1
2071656,119003,1,0,1
3040608,119004,1,0,1
5653384,119005,1,0,1
5622968,119006,1,0,1
4407464,119007,1,0,1
4603992,119008,1,0,1
916992,119009,1,0,1
4834760,119010,1,0,1
1916984,119011,1,0,1
2761032,119012,1,1,0
314400,119013,1,1,0
3410816,119014,1,0,1
7665088,119015,1,0,1
1483768,119016,1,0,1
2372528,119017,1,0,1
4394928,119018,1,1,0
722344,119019,1,0,1
4921328,119020,1,1,0
511200,119021,1,0,1
674704,119022,1,0,1
2475448,119023,1,1,0
480336,119024,1,1,0
3715376,119025,1,0,1
263880,119026,1,0,1
3651736,119027,1,1,0
2351896,119028,1,0,1
2074680,119029,1,1,0
481560,119030,1,0,1
280312,119031,1,1,0
7725920,119032,1,1,0
4774032,119033,1,1,0
4321128,119034,1,1,0
4072616,119035,1,1,0
3273784,119036,1,1,0
3412760,119037,1,0,1
748968,119038,1,0,1
1035664,119039,1,0,1
1965584,119040,1,0,1
1629848,119041,1,0,1
5974304,119042,1,0,1
7051408,119043,1,0,1
8236352,119044,1,0,1
256840,119045,1,1,0
1176768,119046,1,1,0
939768,119047,1,0,1
2864104,119048,1,1,0
3605984,119049,1,0,1
3591648,119050,1,0,1
5039120,119051,1,1,0
7701096,119052,1,0,1
6726064,119053,1,1,0
3643336,119054,1,1,0
1872368,119055,1,0,1
2140720,119056,1,1,0
5803112,119057,1,0,1
2788744,119058,1,0,1
1059736,119059,1,0,1
7984984,119060,1,1,0
6490352,119061,1,1,0
5402560,119062,1,1,0
1883920,119063,1,0,1
501424,119064,1,0,1
983816,119065,1,0,1
3922080,119066,1,1,0
628320,119067,1,0,1
658216,119068,1,1,0
4577328,119069,1,0,1
3944248,119070,1,0,1
513848,119071,1,1,0
615888,119072,1,1,0
6806792,119073,1,1,0
814688,119074,1,0,1
1128768,119075,1,1,0
1343720,119076,1,1,0
865688,119077,1,1,0
78616,119078,1,1,0
4472400,119079,1,1,0
1041024,119080,1,1,0
2781176,119081,1,0,1
863264,119082,1,1,0
7253872,119083,1,1,0
878576,119084,1,0,1
5068768,119085,1,1,0
2756736,119086,1,1,0
1678160,119087,1,0,1
4352352,119088,1,0,1
1415816,119089,1,0,1
5536640,119090,1,0,1
54408,119091,1,0,1
1203104,119092,1,0,1
7641216,119093,1,0,1
1943320,119094,1,1,0
4442336,119095,1,1,0
4827688,119096,1,1,0
2160696,119097,1,1,0
1101928,119098,1,0,1
1091888,119099,1,0,1
6559528,119100,1,1,0
6569152,119101,1,1,0
1170296,119102,1,0,1
1788912,119103,1,0,1
1825600,119104,1,0,1
1251432,119105,1,0,1
1782248,119106,1,0,1
7804304,119107,1,1,0
3061568,119108,1,1,0
6651656,119109,1,1,0
150872,119110,1,1,0
5994064,119111,1,0,1
646032,119112,1,1,0
4234128,119113,1,0,1
4780248,119114,1,0,1
538152,119115,1,0,1
458384,119116,1,1,0
1078064,119117,1,0,1
3089000,119118,1,1,0
3622472,119119,1,0,1
3307384,119120,1,1,0
2305112,119121,1,0,1
473736,119122,1,0,1
383528,119123,1,0,1
2827264,119124,1,0,1
1307112,119125,1,0,1
1134856,119126,1,0,1
4093344,119127,1,0,1
599952,119128,1,0,1
1285736,119129,1,0,1
2887672,119130,1,1,0
622176,119131,1,1,0
2766384,119132,1,1,0
4894672,119133,1,1,0
1693032,119134,1,1,0
4840944,119135,1,1,0
881792,119136,1,1,0
3893680,119137,1,1,0
228392,119138,1,0,1
2568560,119139,1,0,1
1271264,119140,1,1,0
7793672,119141,1,1,0
403496,119142,1,1,0
1273248,119143,1,0,1
622312,119144,1,0,1
7215976,119145,1,1,0
1887048,119146,1,1,0
1092384,119147,1,0,1
1997416,119148,1,0,1
1017464,119149,1,0,1
3154480,119150,1,0,1
1737152,119151,1,1,0
1893488,119152,1,1,0
810472,119153,1,0,1
2884128,119154,1,1,0
899168,119155,1,0,1
1488880,119156,1,1,0
1598920,119157,1,1,0
558936,119158,1,1,0
7642616,119159,1,1,0
3887528,119160,1,1,0
1216064,119161,1,1,0
4798720,119162,1,1,0
173648,119163,1,1,0
466632,119164,1,1,0
3916936,119165,1,1,0
605112,119166,1,1,0
3116264,119167,1,1,0
7496312,119168,1,1,0
4439288,119169,1,0,1
1530800,119170,1,0,1
4153504,119171,1,0,1
3901736,119172,1,1,0
1606104,119173,1,0,1
396048,119174,1,0,1
339128,119175,1,1,0
251112,119176,1,0,1
5658952,119177,1,0,1
558584,119178,1,1,0
851840,119179,1,1,0
3896920,119180,1,1,0
5132912,119181,1,1,0
4158992,119182,1,1,0
278968,119183,1,1,0
5367016,119184,1,1,0
3453192,119185,1,1,0
7121592,119186,1,0,1
8258256,119187,1,1,0
8375144,119188,1,0,1
659648,119189,1,0,1
4067704,119190,1,0,1
6505632,119191,1,1,0
3566784,119192,1,1,0
3028592,119193,1,0,1
1599912,119194,1,1,0
4969816,119195,1,0,1
3260224,119196,1,0,1
1343736,119197,1,0,1
2067272,119198,1,1,0
1684656,119199,1,0,1
2822600,119200,1,1,0
948808,119201,1,0,1
8101888,119202,1,0,1
4161488,119203,1,1,0
5238080,119204,1,0,1
6891152,119205,1,1,0
1047688,119206,1,1,0
3003288,119207,1,1,0
5185728,119208,1,0,1
3952048,119209,1,0,1
383928,119210,1,0,1
211032,119211,1,1,0
1171752,119212,1,1,0
1049976,119213,1,0,1
3853120,119214,1,0,1
3741384,119215,1,1,0
930120,119216,1,0,1
1802784,119217,1,0,1
567040,119218,1,0,1
2482936,119219,1,1,0
1463616,119220,1,1,0
6237808,119221,1,0,1
4379896,119222,1,1,0
795848,119223,1,0,1
2405544,119224,1,0,1
2540328,119225,1,0,1
3135072,119226,1,0,1
3059928,119227,1,0,1
3188792,119228,1,0,1
3391800,119229,1,0,1
1984064,119230,1,1,0
732616,119231,1,0,1
4772392,119232,1,1,0
6606056,119233,1,0,1
1329368,119234,1,1,0
8160032,119235,1,0,1
7915216,119236,1,1,0
588376,119237,1,1,0
1791200,119238,1,0,1
233216,119239,1,0,1
482520,119240,1,0,1
231576,119241,1,0,1
484920,119242,1,0,1
7619904,119243,1,1,0
3420624,119244,1,1,0
4222624,119245,1,1,0
4419496,119246,1,1,0
7968320,119247,1,0,1
5957296,119248,1,1,0
1313960,119249,1,0,1
881608,119250,1,1,0
7057928,119251,1,0,1
2495496,119252,1,0,1
613104,119253,1,1,0
4233096,119254,1,1,0
1988528,119255,1,0,1
1173216,119256,1,0,1
5009512,119257,1,0,1
2982648,119258,1,0,1
719960,119259,1,1,0
407592,119260,1,1,0
963992,119261,1,1,0
658144,119262,1,0,1
3579960,119263,1,0,1
3147736,119264,1,1,0
2879248,119265,1,1,0
3814896,119266,1,1,0
1191296,119267,1,0,1
1079496,119268,1,0,1
5064920,119269,1,0,1
1180776,119270,1,0,1
8374488,119271,1,1,0
2777624,119272,1,0,1
885376,119273,1,1,0
1007928,119274,1,0,1
5571088,119275,1,1,0
1076736,119276,1,0,1
4925904,119277,1,1,0
7365064,119278,1,0,1
3236760,119279,1,0,1
5440336,119280,1,1,0
1763240,119281,1,0,1
2004912,119282,1,0,1
976920,119283,1,1,0
3201552,119284,1,1,0
1929640,119285,1,0,1
2059448,119286,1,0,1
5775112,119287,1,1,0
1798584,119288,1,0,1
1801480,119289,1,0,1
6118224,119290,1,0,1
1570240,119291,1,0,1
3093824,119292,1,0,1
5663208,119293,1,0,1
1435368,119294,1,0,1
3106488,119295,1,0,1
3315816,119296,1,0,1
1926888,119297,1,1,0
8330408,119298,1,1,0
649128,119299,1,1,0
3514592,119300,1,0,1
1437840,119301,1,0,1
4662224,119302,1,1,0
6563032,119303,1,0,1
493024,119304,1,1,0
643928,119305,1,0,1
2972728,119306,1,0,1
1762344,119307,1,1,0
677248,119308,1,0,1
4483048,119309,1,0,1
5085672,119310,1,0,1
790144,119311,1,1,0
8145824,119312,1,1,0
423624,119313,1,0,1
5847024,119314,1,0,1
361480,119315,1,0,1
7971320,119316,1,1,0
1510520,119317,1,0,1
1135416,119318,1,0,1
1677008,119319,1,1,0
585880,119320,1,1,0
6053472,119321,1,0,1
7423088,119322,1,0,1
2318864,119323,1,1,0
1015944,119324,1,1,0
1327912,119325,1,0,1
3043720,119326,1,0,1
7566336,119327,1,1,0
3539864,119328,1,0,1
4989392,119329,1,0,1
1210256,119330,1,1,0
4419992,119331,1,1,0
4624136,119332,1,1,0
591056,119333,1,1,0
3843800,119334,1,0,1
915960,119335,1,0,1
5493544,119336,1,0,1
4805664,119337,1,1,0
2428832,119338,1,1,0
6737048,119339,1,0,1
2337008,119340,1,0,1
2026368,119341,1,1,0
1496368,119342,1,1,0
6724264,119343,1,0,1
6525648,119344,1,1,0
1408896,119345,1,1,0
7826896,119346,1,0,1
649976,119347,1,1,0
2278616,119348,1,1,0
4090112,119349,1,0,1
3021368,119350,1,1,0
1546656,119351,1,0,1
7714736,119352,1,0,1
820584,119353,1,1,0
538376,119354,1,1,0
1515952,119355,1,0,1
6567480,119356,1,1,0
2557832,119357,1,1,0
2014856,119358,1,1,0
2191832,119359,1,0,1
936320,119360,1,1,0
1890712,119361,1,1,0
1249688,119362,1,0,1
4868240,119363,1,1,0
1056632,119364,1,1,0
3827184,119365,1,0,1
7050936,119366,1,0,1
143040,119367,1,1,0
901840,119368,1,1,0
510024,119369,1,1,0
2405696,119370,1,1,0
795736,119371,1,1,0
366704,119372,1,0,1
948624,119373,1,1,0
2676312,119374,1,1,0
4464304,119375,1,0,1
1649648,119376,1,1,0
6599496,119377,1,0,1
515288,119378,1,1,0
5395672,119379,1,0,1
3468904,119380,1,1,0
1126464,119381,1,0,1
8309256,119382,1,0,1
162712,119383,1,1,0
4737240,119384,1,1,0
724544,119385,1,1,0
106368,119386,1,1,0
6471144,119387,1,0,1
654440,119388,1,1,0
1752456,119389,1,0,1
7551488,119390,1,0,1
1530960,119391,1,0,1
1029808,119392,1,1,0
4893016,119393,1,1,0
8070344,119394,1,0,1
5176624,119395,1,0,1
291904,119396,1,0,1
1647096,119397,1,1,0
1872760,119398,1,0,1
4179352,119399,1,1,0
1122296,119400,1,0,1
1227912,119401,1,1,0
3832384,119402,1,1,0
1331360,119403,1,1,0
785008,119404,1,1,0
1042424,119405,1,1,0
946992,119406,1,1,0
1115360,119407,1,1,0
2572056,119408,1,1,0
4247136,119409,1,1,0
956848,119410,1,0,1
3069336,119411,1,1,0
6537792,119412,1,0,1
5441800,119413,1,1,0
816752,119414,1,0,1
475688,119415,1,0,1
7171264,119416,1,1,0
727128,119417,1,1,0
2229560,119418,1,1,0
557432,119419,1,0,1
675896,119420,1,0,1
2397328,119421,1,0,1
758472,119422,1,0,1
3407360,119423,1,1,0
1573816,119424,1,0,1
4308200,119425,1,1,0
5152472,119426,1,0,1
1590736,119427,1,1,0
1264584,119428,1,0,1
3156400,119429,1,0,1
190872,119430,1,1,0
793288,119431,1,0,1
3320400,119432,1,0,1
300752,119433,1,1,0
1720960,119434,1,0,1
782016,119435,1,0,1
5421696,119436,1,1,0
8258312,119437,1,0,1
5871864,119438,1,0,1
391040,119439,1,0,1
272568,119440,1,0,1
7265312,119441,1,1,0
4565696,119442,1,0,1
1959888,119443,1,0,1
988840,119444,1,1,0
3864448,119445,1,0,1
1608776,119446,1,1,0
1857448,119447,1,0,1
1890344,119448,1,1,0
1688264,119449,1,1,0
1168440,119450,1,0,1
1234600,119451,1,1,0
2727016,119452,1,0,1
6351016,119453,1,0,1
4516064,119454,1,1,0
785016,119455,1,0,1
4360168,119456,1,1,0
1261992,119457,1,0,1
2758952,119458,1,1,0
6242976,119459,1,1,0
5801688,119460,1,1,0
4190720,119461,1,1,0
7489152,119462,1,1,0
2153312,119463,1,0,1
7303560,119464,1,1,0
6418112,119465,1,0,1
363528,119466,1,1,0
4519224,119467,1,0,1
4563416,119468,1,0,1
219472,119469,1,0,1
7144664,119470,1,1,0
6408920,119471,1,0,1
191016,119472,1,1,0
1484272,119473,1,0,1
4349000,119474,1,1,0
826416,119475,1,1,0
5206408,119476,1,1,0
3682040,119477,1,1,0
141944,119478,1,0,1
1593632,119479,1,1,0
668872,119480,1,1,0
684952,119481,1,0,1
766640,119482,1,0,1
4679832,119483,1,1,0
320144,119484,1,1,0
2747648,119485,1,0,1
912768,119486,1,0,1
6820176,119487,1,0,1
765296,119488,1,1,0
1014456,119489,1,1,0
660792,119490,1,0,1
7791616,119491,1,1,0
3460904,119492,1,0,1
5954152,119493,1,0,1
119776,119494,1,1,0
5423064,119495,1,0,1
1137384,119496,1,1,0
1539448,119497,1,0,1
6702552,119498,1,1,0
1024536,119499,1,1,0
1953064,119500,1,0,1
5573272,119501,1,0,1
5955000,119502,1,1,0
5605000,119503,1,1,0
5108472,119504,1,1,0
1174664,119505,1,1,0
1868904,119506,1,0,1
5937104,119507,1,1,0
1219080,119508,1,1,0
82120,119509,1,0,1
717008,119510,1,1,0
4970752,119511,1,0,1
2901208,119512,1,1,0
2396832,119513,1,1,0
627312,119514,1,0,1
972320,119515,1,1,0
6135200,119516,1,1,0
1123896,119517,1,0,1
979688,119518,1,1,0
1022128,119519,1,0,1
2193528,119520,1,0,1
7634344,119521,1,0,1
663376,119522,1,0,1
3414704,119523,1,0,1
273208,119524,1,0,1
2798480,119525,1,0,1
4015360,119526,1,1,0
583632,119527,1,1,0
729656,119528,1,1,0
1270856,119529,1,0,1
4006728,119530,1,0,1
2596776,119531,1,1,0
4142544,119532,1,0,1
3566952,119533,1,0,1
7924520,119534,1,0,1
458696,119535,1,1,0
1977152,119536,1,1,0
615192,119537,1,1,0
298528,119538,1,1,0
3030496,119539,1,1,0
1600736,119540,1,0,1
3699216,119541,1,0,1
4471576,119542,1,1,0
2181744,119543,1,0,1
5973688,119544,1,0,1
2165608,119545,1,1,0
2995912,119546,1,0,1
2295856,119547,1,1,0
2253584,119548,1,0,1
990712,119549,1,1,0
272680,119550,1,0,1
2502200,119551,1,0,1
1657816,119552,1,0,1
5672320,119553,1,0,1
6871912,119554,1,0,1
658360,119555,1,0,1
4042576,119556,1,0,1
1522072,119557,1,0,1
3663248,119558,1,0,1
894968,119559,1,0,1
3919096,119560,1,1,0
3556912,119561,1,1,0
3778512,119562,1,1,0
1382040,119563,1,0,1
152352,119564,1,0,1
5647120,119565,1,1,0
376328,119566,1,0,1
2215128,119567,1,1,0
538992,119568,1,1,0
2013992,119569,1,0,1
7589624,119570,1,1,0
7878272,119571,1,1,0
2149656,119572,1,1,0
1879072,119573,1,1,0
1635512,119574,1,0,1
903160,119575,1,0,1
3060168,119576,1,0,1
4026552,119577,1,1,0
2459936,119578,1,1,0
7526032,119579,1,0,1
1642352,119580,1,0,1
1586160,119581,1,0,1
2737216,119582,1,1,0
1914752,119583,1,1,0
2900072,119584,1,1,0
4067520,119585,1,1,0
1297104,119586,1,1,0
1822784,119587,1,1,0
8197112,119588,1,1,0
7652000,119589,1,0,1
5738112,119590,1,0,1
481968,119591,1,1,0
2087816,119592,1,1,0
4820600,119593,1,1,0
2432648,119594,1,1,0
7745608,119595,1,1,0
2638088,119596,1,0,1
4319528,119597,1,0,1
7076136,119598,1,0,1
1316432,119599,1,1,0
119768,119600,1,0,1
796832,119601,1,0,1
849392,119602,1,0,1
4395424,119603,1,1,0
399872,119604,1,1,0
7050664,119605,1,0,1
923584,119606,1,0,1
2957064,119607,1,0,1
5778904,119608,1,0,1
2819496,119609,1,1,0
8108784,119610,1,1,0
2249128,119611,1,1,0
2713536,119612,1,1,0
456128,119613,1,1,0
198440,119614,1,1,0
562384,119615,1,1,0
3979800,119616,1,0,1
1561656,119617,1,1,0
7312168,119618,1,0,1
8349752,119619,1,0,1
483112,119620,1,1,0
5658752,119621,1,0,1
4410720,119622,1,1,0
585496,119623,1,0,1
147128,119624,1,1,0
8226640,119625,1,0,1
533672,119626,1,0,1
3560952,119627,1,1,0
193176,119628,1,0,1
2908088,119629,1,0,1
369104,119630,1,0,1
1585560,119631,1,0,1
1162224,119632,1,0,1
4071096,119633,1,1,0
526136,119634,1,0,1
1899840,119635,1,0,1
7041024,119636,1,1,0
7369728,119637,1,0,1
587672,119638,1,1,0
3622864,119639,1,0,1
7763200,119640,1,1,0
1381136,119641,1,0,1
1225384,119642,1,1,0
623920,119643,1,1,0
157696,119644,1,1,0
4399552,119645,1,1,0
3637488,119646,1,1,0
7917328,119647,1,1,0
1540656,119648,1,0,1
3839992,119649,1,0,1
708064,119650,1,0,1
3211512,119651,1,0,1
2195992,119652,1,0,1
4814656,119653,1,1,0
2610912,119654,1,1,0
2210000,119655,1,1,0
4886008,119656,1,1,0
4755912,119657,1,1,0
2865272,119658,1,1,0
1063240,119659,1,0,1
356688,119660,1,1,0
3383848,119661,1,0,1
416416,119662,1,0,1
2224072,119663,1,0,1
6124520,119664,1,0,1
3164280,119665,1,0,1
5792848,119666,1,0,1
874296,119667,1,1,0
2012056,119668,1,0,1
313832,119669,1,1,0
3208824,119670,1,1,0
1383312,119671,1,0,1
3636640,119672,1,1,0
5611112,119673,1,1,0
463904,119674,1,1,0
3891984,119675,1,0,1
184144,119676,1,0,1
533024,119677,1,0,1
4021712,119678,1,1,0
373688,119679,1,1,0
3135672,119680,1,0,1
1803136,119681,1,0,1
759176,119682,1,1,0
877896,119683,1,1,0
883056,119684,1,0,1
2875280,119685,1,0,1
1148288,119686,1,1,0
1459832,119687,1,0,1
2118368,119688,1,0,1
431968,119689,1,1,0
2564592,119690,1,0,1
1004360,119691,1,1,0
5123928,119692,1,1,0
4715360,119693,1,0,1
1539320,119694,1,1,0
1317296,119695,1,0,1
2067240,119696,1,0,1
2046168,119697,1,1,0
271032,119698,1,0,1
819816,119699,1,1,0
619488,119700,1,1,0
2694104,119701,1,0,1
1394768,119702,1,0,1
7474152,119703,1,0,1
7265208,119704,1,0,1
5576296,119705,1,0,1
672632,119706,1,1,0
2180592,119707,1,0,1
7094056,119708,1,1,0
5532952,119709,1,0,1
6104416,119710,1,1,0
3667640,119711,1,0,1
8190664,119712,1,1,0
1711576,119713,1,1,0
3904288,119714,1,0,1
3882576,119715,1,1,0
4281360,119716,1,0,1
2684888,119717,1,1,0
377504,119718,1,0,1
1673392,119719,1,0,1
2233624,119720,1,1,0
181184,119721,1,0,1
744712,119722,1,0,1
1640560,119723,1,0,1
6828424,119724,1,0,1
1502776,119725,1,1,0
1226944,119726,1,0,1
3285368,119727,1,1,0
2931552,119728,1,1,0
1130504,119729,1,0,1
6638624,119730,1,0,1
1406616,119731,1,1,0
7757688,119732,1,0,1
696456,119733,1,1,0
5594544,119734,1,1,0
6280624,119735,1,1,0
4216456,119736,1,1,0
158632,119737,1,1,0
1403688,119738,1,0,1
6154656,119739,1,0,1
747872,119740,1,0,1
3691648,119741,1,1,0
8091184,119742,1,0,1
6646688,119743,1,1,0
838624,119744,1,0,1
1741048,119745,1,1,0
662728,119746,1,1,0
3318848,119747,1,0,1
461088,119748,1,0,1
4717600,119749,1,0,1
5669752,119750,1,0,1
5402976,119751,1,1,0
3305744,119752,1,1,0
375096,119753,1,1,0
5413400,119754,1,1,0
2437472,119755,1,1,0
4828088,119756,1,0,1
2921288,119757,1,1,0
7127632,119758,1,0,1
378408,119759,1,0,1
7651088,119760,1,1,0
665712,119761,1,1,0
7257064,119762,1,0,1
6710072,119763,1,1,0
2655608,119764,1,0,1
6135856,119765,1,1,0
5221440,119766,1,1,0
3731208,119767,1,0,1
5066728,119768,1,1,0
4524304,119769,1,0,1
318240,119770,1,0,1
1096872,119771,1,1,0
5902048,119772,1,0,1
4927816,119773,1,0,1
5224704,119774,1,0,1
3614760,119775,1,0,1
2967560,119776,1,0,1
1627168,119777,1,1,0
3409632,119778,1,1,0
889200,119779,1,1,0
1320280,119780,1,0,1
2878000,119781,1,1,0
795560,119782,1,1,0
1360824,119783,1,0,1
4498832,119784,1,0,1
994824,119785,1,0,1
3147744,119786,1,0,1
6939016,119787,1,1,0
1164576,119788,1,1,0
4999824,119789,1,0,1
4516912,119790,1,1,0
6503528,119791,1,0,1
2206464,119792,1,0,1
6907392,119793,1,1,0
616464,119794,1,0,1
528064,119795,1,1,0
581840,119796,1,1,0
8254272,119797,1,0,1
3589240,119798,1,0,1
159304,119799,1,1,0
1042368,119800,1,0,1
611456,119801,1,1,0
1748240,119802,1,1,0
245720,119803,1,0,1
3108920,119804,1,1,0
352160,119805,1,1,0
646536,119806,1,1,0
7862584,119807,1,1,0
1096056,119808,1,0,1
892096,119809,1,1,0
3589344,119810,1,0,1
2873912,119811,1,0,1
6438152,119812,1,0,1
763976,119813,1,1,0
4250960,119814,1,1,0
1690752,119815,1,1,0
1593368,119816,1,0,1
3479424,119817,1,0,1
503232,119818,1,0,1
608696,119819,1,1,0
4627704,119820,1,0,1
2134456,119821,1,1,0
6306728,119822,1,1,0
7705568,119823,1,1,0
87560,119824,1,1,0
2224712,119825,1,1,0
2384384,119826,1,0,1
526976,119827,1,1,0
7633968,119828,1,0,1
1089984,119829,1,0,1
2035752,119830,1,0,1
7530392,119831,1,0,1
764360,119832,1,1,0
5064112,119833,1,1,0
3384264,119834,1,0,1
4794616,119835,1,0,1
5665832,119836,1,1,0
4078824,119837,1,1,0
1079696,119838,1,0,1
1281664,119839,1,0,1
4080856,119840,1,1,0
7126952,119841,1,1,0
2133344,119842,1,0,1
1669432,119843,1,1,0
2100424,119844,1,0,1
3679368,119845,1,0,1
5848376,119846,1,0,1
2284024,119847,1,0,1
2390088,119848,1,1,0
5405192,119849,1,0,1
4470608,119850,1,1,0
1346088,119851,1,0,1
651016,119852,1,0,1
3641552,119853,1,1,0
3658056,119854,1,0,1
4439920,119855,1,1,0
561632,119856,1,1,0
4585696,119857,1,0,1
2254376,119858,1,1,0
6000320,119859,1,1,0
2558896,119860,1,0,1
7036392,119861,1,1,0
8160976,119862,1,1,0
231512,119863,1,1,0
4220328,119864,1,1,0
349624,119865,1,1,0
3422816,119866,1,0,1
4187792,119867,1,1,0
4331440,119868,1,1,0
609800,119869,1,1,0
161408,119870,1,1,0
731272,119871,1,0,1
2872832,119872,1,0,1
173424,119873,1,0,1
1388704,119874,1,1,0
4571496,119875,1,0,1
1951984,119876,1,1,0
1395232,119877,1,1,0
3765192,119878,1,1,0
6883200,119879,1,1,0
6209904,119880,1,0,1
4395696,119881,1,0,1
3233040,119882,1,1,0
7142832,119883,1,0,1
771472,119884,1,1,0
4109232,119885,1,0,1
5785184,119886,1,0,1
881592,119887,1,1,0
3226240,119888,1,0,1
2280320,119889,1,0,1
4976104,119890,1,1,0
487024,119891,1,0,1
4994736,119892,1,1,0
3899144,119893,1,1,0
4885424,119894,1,0,1
2153592,119895,1,0,1
1801232,119896,1,0,1
4633960,119897,1,1,0
1636240,119898,1,1,0
6698520,119899,1,1,0
1085064,119900,1,0,1
3929624,119901,1,0,1
939552,119902,1,1,0
820816,119903,1,0,1
4078072,119904,1,1,0
2956000,119905,1,0,1
3580464,119906,1,1,0
1780696,119907,1,0,1
6811256,119908,1,1,0
440200,119909,1,1,0
2738688,119910,1,1,0
544280,119911,1,1,0
4786544,119912,1,1,0
2949000,119913,1,1,0
2123824,119914,1,0,1
6837792,119915,1,0,1
5008016,119916,1,0,1
2228496,119917,1,1,0
2192776,119918,1,0,1
2897640,119919,1,1,0
2447936,119920,1,0,1
5818936,119921,1,0,1
4115104,119922,1,0,1
544888,119923,1,1,0
1932440,119924,1,0,1
1239272,119925,1,0,1
5082040,119926,1,1,0
1068976,119927,1,0,1
2344024,119928,1,0,1
5807264,119929,1,0,1
7363088,119930,1,1,0
5682176,119931,1,0,1
352288,119932,1,0,1
379360,119933,1,0,1
2974152,119934,1,0,1
8343072,119935,1,1,0
2489840,119936,1,0,1
3949520,119937,1,1,0
3387488,119938,1,1,0
5109408,119939,1,1,0
3254256,119940,1,0,1
4568648,119941,1,0,1
4343632,119942,1,1,0
1695136,119943,1,1,0
533352,119944,1,0,1
8002088,119945,1,0,1
2603784,119946,1,1,0
4150704,119947,1,0,1
1772992,119948,1,1,0
7068152,119949,1,1,0
1100560,119950,1,0,1
2831704,119951,1,1,0
2539424,119952,1,0,1
1816800,119953,1,0,1
4686816,119954,1,1,0
2938560,119955,1,0,1
4234488,119956,1,1,0
3443472,119957,1,1,0
1301032,119958,1,0,1
6284040,119959,1,1,0
2188056,119960,1,1,0
3891816,119961,1,1,0
2904552,119962,1,0,1
1523112,119963,1,0,1
211440,119964,1,0,1
1637552,119965,1,0,1
7609512,119966,1,1,0
6895896,119967,1,1,0
427304,119968,1,0,1
135992,119969,1,0,1
6667992,119970,1,0,1
146752,119971,1,1,0
4424448,119972,1,0,1
1005984,119973,1,1,0
1670840,119974,1,0,1
141584,119975,1,0,1
4530048,119976,1,1,0
5862024,119977,1,1,0
4730928,119978,1,0,1
4049688,119979,1,0,1
2007424,119980,1,1,0
6582128,119981,1,0,1
5368840,119982,1,1,0
3821824,119983,1,0,1
4824272,119984,1,0,1
1868888,119985,1,1,0
4279304,119986,1,1,0
7296464,119987,1,0,1
1495080,119988,1,0,1
776384,119989,1,1,0
6153656,119990,1,0,1
4052016,119991,1,0,1
2076464,119992,1,1,0
802824,119993,1,1,0
5435560,119994,1,0,1
7505488,119995,1,0,1
7750376,119996,1,1,0
348680,119997,1,1,0
7822864,119998,1,1,0
7991968,119999,1,1,0
3790520,120000,1,1,0
5178536,120001,1,1,0
844896,120002,1,0,1
1651872,120003,1,0,1
3499784,120004,1,0,1
4082176,120005,1,0,1
2061912,120006,1,1,0
6762920,120007,1,1,0
690928,120008,1,1,0
580840,120009,1,0,1
1335344,120010,1,1,0
3624456,120011,1,0,1
1690864,120012,1,1,0
2548904,120013,1,0,1
240872,120014,1,1,0
1121704,120015,1,1,0
2869624,120016,1,0,1
840576,120017,1,0,1
1014192,120018,1,1,0
6037640,120019,1,0,1
571688,120020,1,1,0
8143752,120021,1,0,1
1797752,120022,1,1,0
829816,120023,1,1,0
5872800,120024,1,0,1
2466576,120025,1,1,0
5151240,120026,1,0,1
193856,120027,1,0,1
2265048,120028,1,1,0
4994744,120029,1,0,1
4993376,120030,1,0,1
7570896,120031,1,0,1
358176,120032,1,1,0
3740736,120033,1,1,0
257488,120034,1,0,1
7919240,120035,1,0,1
6482152,120036,1,1,0
2473368,120037,1,0,1
8013256,120038,1,1,0
396480,120039,1,1,0
407744,120040,1,0,1
1227696,120041,1,1,0
1616200,120042,1,0,1
768944,120043,1,1,0
3129192,120044,1,0,1
6020584,120045,1,1,0
1648216,120046,1,1,0
2166960,120047,1,0,1
7806392,120048,1,0,1
3145448,120049,1,1,0
1147656,120050,1,1,0
583144,120051,1,0,1
1461112,120052,1,0,1
2173736,120053,1,1,0
353760,120054,1,0,1
784784,120055,1,0,1
734024,120056,1,1,0
5613640,120057,1,0,1
6472480,120058,1,0,1
3167296,120059,1,1,0
1499664,120060,1,1,0
3195536,120061,1,1,0
2916184,120062,1,0,1
694408,120063,1,1,0
675224,120064,1,1,0
2343056,120065,1,1,0
242904,120066,1,0,1
3037960,120067,1,1,0
1634216,120068,1,0,1
469912,120069,1,1,0
2434088,120070,1,1,0
1968688,120071,1,1,0
578528,120072,1,0,1
1596608,120073,1,0,1
5431728,120074,1,0,1
4497656,120075,1,1,0
1807488,120076,1,1,0
7006352,120077,1,1,0
1723840,120078,1,1,0
843728,120079,1,1,0
4443680,120080,1,1,0
7852664,120081,1,0,1
641440,120082,1,1,0
859568,120083,1,0,1
7817152,120084,1,1,0
1674856,120085,1,1,0
771928,120086,1,1,0
2401080,120087,1,0,1
2063904,120088,1,1,0
760688,120089,1,0,1
524976,120090,1,1,0
370280,120091,1,1,0
2625272,120092,1,1,0
3460888,120093,1,0,1
6559304,120094,1,1,0
2677472,120095,1,1,0
4711008,120096,1,1,0
3419904,120097,1,0,1
491688,120098,1,1,0
118384,120099,1,0,1
657952,120100,1,0,1
3452656,120101,1,1,0
5320744,120102,1,1,0
793632,120103,1,0,1
533760,120104,1,0,1
683504,120105,1,1,0
579600,120106,1,0,1
1989064,120107,1,1,0
6459464,120108,1,1,0
970800,120109,1,1,0
1585544,120110,1,1,0
427800,120111,1,0,1
2430800,120112,1,1,0
2854704,120113,1,0,1
4417192,120114,1,0,1
1776904,120115,1,0,1
1503152,120116,1,1,0
585672,120117,1,0,1
3849048,120118,1,0,1
2564616,120119,1,1,0
2176968,120120,1,0,1
669448,120121,1,0,1
2911224,120122,1,1,0
8362888,120123,1,1,0
2371200,120124,1,0,1
1033768,120125,1,0,1
171256,120126,1,1,0
1577112,120127,1,1,0
7666200,120128,1,0,1
4420624,120129,1,1,0
2017672,120130,1,1,0
4576248,120131,1,0,1
1583496,120132,1,1,0
6901784,120133,1,1,0
6349664,120134,1,0,1
4895120,120135,1,1,0
3698584,120136,1,1,0
4434952,120137,1,0,1
4546056,120138,1,0,1
987760,120139,1,1,0
2633440,120140,1,1,0
3062656,120141,1,0,1
592816,120142,1,0,1
4432352,120143,1,1,0
3785960,120144,1,1,0
3068152,120145,1,1,0
874040,120146,1,0,1
6577288,120147,1,0,1
5307616,120148,1,0,1
3248992,120149,1,0,1
243424,120150,1,1,0
6240560,120151,1,1,0
1595672,120152,1,0,1
2419680,120153,1,1,0
6981568,120154,1,0,1
711496,120155,1,1,0
580744,120156,1,0,1
852800,120157,1,0,1
1836056,120158,1,0,1
4342048,120159,1,0,1
1168136,120160,1,0,1
2495656,120161,1,1,0
7611208,120162,1,0,1
4144184,120163,1,0,1
811872,120164,1,1,0
2269424,120165,1,0,1
568992,120166,1,1,0
1802448,120167,1,1,0
2896200,120168,1,0,1
2184648,120169,1,0,1
3984936,120170,1,1,0
949160,120171,1,0,1
8147976,120172,1,0,1
2106312,120173,1,1,0
1655728,120174,1,0,1
5765480,120175,1,0,1
755856,120176,1,1,0
2078280,120177,1,1,0
659560,120178,1,1,0
2553920,120179,1,1,0
4197344,120180,1,0,1
491160,120181,1,1,0
306256,120182,1,1,0
2409848,120183,1,1,0
696200,120184,1,0,1
508888,120185,1,1,0
3007016,120186,1,0,1
658528,120187,1,1,0
2879456,120188,1,1,0
278560,120189,1,1,0
6189712,120190,1,1,0
7047984,120191,1,1,0
3420448,120192,1,0,1
1141352,120193,1,1,0
4910848,120194,1,1,0
7292568,120195,1,0,1
74592,120196,1,0,1
3957888,120197,1,0,1
3138168,120198,1,1,0
1859648,120199,1,1,0
672920,120200,1,1,0
207152,120201,1,0,1
2903344,120202,1,0,1
3962376,120203,1,0,1
370464,120204,1,0,1
7773952,120205,1,1,0
2282064,120206,1,0,1
3156376,120207,1,1,0
251264,120208,1,0,1
7171688,120209,1,1,0
7741136,120210,1,0,1
1703792,120211,1,0,1
6160320,120212,1,1,0
2446656,120213,1,1,0
2834288,120214,1,1,0
1881608,120215,1,1,0
1685728,120216,1,0,1
2618008,120217,1,0,1
8179040,120218,1,0,1
5158104,120219,1,1,0
5207056,120220,1,0,1
1272056,120221,1,1,0
650600,120222,1,0,1
1373816,120223,1,1,0
2010200,120224,1,1,0
277384,120225,1,0,1
3739736,120226,1,0,1
1180256,120227,1,1,0
758536,120228,1,1,0
4207608,120229,1,1,0
1193952,120230,1,1,0
2503656,120231,1,1,0
566752,120232,1,0,1
1120432,120233,1,1,0
867152,120234,1,0,1
523168,120235,1,0,1
2279536,120236,1,0,1
1230944,120237,1,1,0
1356904,120238,1,0,1
1565432,120239,1,0,1
3100384,120240,1,1,0
893328,120241,1,0,1
724704,120242,1,0,1
1724248,120243,1,0,1
6039424,120244,1,0,1
8064328,120245,1,1,0
2002928,120246,1,0,1
3088328,120247,1,0,1
2740120,120248,1,1,0
220920,120249,1,0,1
1542280,120250,1,0,1
1380712,120251,1,1,0
3206296,120252,1,1,0
2799952,120253,1,1,0
3647584,120254,1,1,0
6989016,120255,1,0,1
2132552,120256,1,1,0
8229856,120257,1,0,1
270320,120258,1,0,1
1047592,120259,1,0,1
838528,120260,1,1,0
163136,120261,1,0,1
2141448,120262,1,1,0
1896984,120263,1,0,1
1335648,120264,1,0,1
4654984,120265,1,1,0
455144,120266,1,0,1
6121744,120267,1,1,0
1554048,120268,1,0,1
6161160,120269,1,0,1
556304,120270,1,1,0
94512,120271,1,0,1
3362304,120272,1,0,1
4312120,120273,1,1,0
1343664,120274,1,1,0
4304760,120275,1,0,1
4221880,120276,1,1,0
1939496,120277,1,1,0
1351928,120278,1,1,0
5535672,120279,1,1,0
677824,120280,1,0,1
586024,120281,1,0,1
2195032,120282,1,0,1
6277832,120283,1,1,0
4654184,120284,1,1,0
609552,120285,1,1,0
4922568,120286,1,0,1
1035568,120287,1,1,0
4927624,120288,1,0,1
699952,120289,1,1,0
106288,120290,1,1,0
379792,120291,1,1,0
836816,120292,1,0,1
5360464,120293,1,1,0
647960,120294,1,1,0
2061576,120295,1,1,0
1596024,120296,1,0,1
4735192,120297,1,0,1
5434080,120298,1,1,0
4126064,120299,1,1,0
4003368,120300,1,1,0
796480,120301,1,0,1
1205024,120302,1,0,1
2594656,120303,1,0,1
1391424,120304,1,0,1
8341080,120305,1,1,0
2911144,120306,1,0,1
129912,120307,1,0,1
6411640,120308,1,1,0
310416,120309,1,1,0
1214408,120310,1,0,1
3652920,120311,1,0,1
1152888,120312,1,0,1
351480,120313,1,0,1
1596128,120314,1,0,1
1161264,120315,1,1,0
490688,120316,1,0,1
784360,120317,1,1,0
5032808,120318,1,0,1
2527328,120319,1,1,0
181952,120320,1,1,0
5075800,120321,1,0,1
2201680,120322,1,0,1
174296,120323,1,0,1
7072688,120324,1,1,0
398288,120325,1,1,0
1397504,120326,1,0,1
518472,120327,1,1,0
7334776,120328,1,0,1
4748600,120329,1,1,0
1304104,120330,1,1,0
2225728,120331,1,0,1
398096,120332,1,0,1
4214296,120333,1,0,1
8174624,120334,1,1,0
7538848,120335,1,0,1
1435016,120336,1,1,0
1721248,120337,1,0,1
3526576,120338,1,0,1
3765440,120339,1,1,0
4659688,120340,1,0,1
5181504,120341,1,0,1
2588288,120342,1,1,0
1490000,120343,1,1,0
8262640,120344,1,1,0
4317896,120345,1,0,1
1463944,120346,1,0,1
963792,120347,1,0,1
5766000,120348,1,0,1
2608416,120349,1,1,0
1130808,120350,1,1,0
7014504,120351,1,0,1
1410400,120352,1,0,1
2349112,120353,1,1,0
7020424,120354,1,0,1
3443024,120355,1,1,0
741784,120356,1,0,1
1095088,120357,1,0,1
3870336,120358,1,1,0
290872,120359,1,0,1
508000,120360,1,0,1
1824472,120361,1,1,0
460160,120362,1,1,0
7040520,120363,1,1,0
2358624,120364,1,0,1
3822888,120365,1,1,0
1730696,120366,1,0,1
1642608,120367,1,1,0
176656,120368,1,0,1
4023008,120369,1,0,1
3991320,120370,1,1,0
1078960,120371,1,1,0
463584,120372,1,0,1
339880,120373,1,0,1
5471248,120374,1,0,1
2340960,120375,1,0,1
1076200,120376,1,1,0
508688,120377,1,1,0
400024,120378,1,1,0
4444504,120379,1,0,1
2996336,120380,1,1,0
292936,120381,1,0,1
3085008,120382,1,1,0
1127744,120383,1,1,0
6995712,120384,1,1,0
4141024,120385,1,1,0
164280,120386,1,0,1
1777224,120387,1,1,0
7563968,120388,1,1,0
2072600,120389,1,1,0
1168920,120390,1,0,1
223744,120391,1,0,1
606280,120392,1,1,0
4219576,120393,1,1,0
3903232,120394,1,1,0
2694232,120395,1,1,0
1773984,120396,1,1,0
374944,120397,1,1,0
8362712,120398,1,0,1
5984520,120399,1,0,1
1160432,120400,1,0,1
4240432,120401,1,0,1
371184,120402,1,0,1
7923392,120403,1,0,1
1970120,120404,1,1,0
7959784,120405,1,0,1
4351344,120406,1,0,1
2432952,120407,1,0,1
7822272,120408,1,1,0
4197336,120409,1,1,0
636144,120410,1,0,1
159536,120411,1,0,1
2875432,120412,1,1,0
913904,120413,1,0,1
6866072,120414,1,0,1
1392008,120415,1,1,0
3263672,120416,1,0,1
3820584,120417,1,1,0
1649888,120418,1,1,0
3516392,120419,1,0,1
737248,120420,1,1,0
159752,120421,1,0,1
1489664,120422,1,0,1
1342312,120423,1,0,1
193568,120424,1,0,1
686072,120425,1,1,0
6518600,120426,1,0,1
2951336,120427,1,0,1
1675320,120428,1,1,0
949136,120429,1,1,0
7105000,120430,1,0,1
2595488,120431,1,1,0
459848,120432,1,1,0
1354096,120433,1,1,0
5538448,120434,1,0,1
133704,120435,1,1,0
465912,120436,1,0,1
418808,120437,1,0,1
1753464,120438,1,0,1
6409824,120439,1,1,0
4706792,120440,1,0,1
369032,120441,1,0,1
6799072,120442,1,1,0
1046320,120443,1,1,0
354440,120444,1,1,0
103408,120445,1,0,1
2277384,120446,1,1,0
3397280,120447,1,0,1
1369856,120448,1,1,0
2755176,120449,1,0,1
1025632,120450,1,0,1
714184,120451,1,0,1
1067608,120452,1,1,0
2393840,120453,1,0,1
290288,120454,1,0,1
391944,120455,1,0,1
1793192,120456,1,0,1
2295080,120457,1,1,0
5948160,120458,1,1,0
4638912,120459,1,0,1
2124824,120460,1,1,0
4402120,120461,1,1,0
6234520,120462,1,1,0
6384552,120463,1,1,0
410248,120464,1,1,0
4395360,120465,1,0,1
342888,120466,1,0,1
1980896,120467,1,1,0
1074448,120468,1,0,1
933928,120469,1,1,0
3052784,120470,1,0,1
6366328,120471,1,1,0
3295416,120472,1,0,1
457184,120473,1,1,0
1150568,120474,1,0,1
7010320,120475,1,0,1
5722160,120476,1,1,0
926160,120477,1,0,1
4183920,120478,1,0,1
600768,120479,1,0,1
4637520,120480,1,0,1
4165160,120481,1,0,1
7636520,120482,1,1,0
2362928,120483,1,1,0
1591912,120484,1,0,1
1714448,120485,1,1,0
4221936,120486,1,1,0
1364048,120487,1,1,0
970928,120488,1,0,1
5205352,120489,1,0,1
549120,120490,1,0,1
4350072,120491,1,0,1
4047952,120492,1,1,0
3612136,120493,1,0,1
5278304,120494,1,0,1
1090096,120495,1,0,1
2303040,120496,1,0,1
539048,120497,1,1,0
1655352,120498,1,1,0
2030960,120499,1,1,0
7140832,120500,1,0,1
4539472,120501,1,1,0
231040,120502,1,0,1
1091056,120503,1,0,1
3311808,120504,1,1,0
747640,120505,1,1,0
8077720,120506,1,1,0
479320,120507,1,0,1
1079392,120508,1,0,1
3829512,120509,1,1,0
752624,120510,1,0,1
2065768,120511,1,0,1
1588536,120512,1,0,1
675968,120513,1,0,1
2064320,120514,1,1,0
2640024,120515,1,0,1
1049856,120516,1,0,1
281384,120517,1,1,0
2882256,120518,1,1,0
2312880,120519,1,1,0
2240664,120520,1,1,0
181400,120521,1,0,1
2715904,120522,1,1,0
6484640,120523,1,1,0
537880,120524,1,1,0
3123384,120525,1,0,1
5807752,120526,1,0,1
618040,120527,1,0,1
1866416,120528,1,1,0
2426600,120529,1,1,0
2994520,120530,1,0,1
3546072,120531,1,1,0
3018920,120532,1,0,1
1504096,120533,1,1,0
7853264,120534,1,0,1
534016,120535,1,1,0
3154264,120536,1,1,0
705896,120537,1,1,0
487720,120538,1,0,1
5506928,120539,1,1,0
5591488,120540,1,0,1
2101656,120541,1,1,0
3183168,120542,1,1,0
4736248,120543,1,1,0
1563024,120544,1,0,1
7976040,120545,1,1,0
1001640,120546,1,0,1
4656672,120547,1,1,0
513888,120548,1,1,0
1814880,120549,1,1,0
3403400,120550,1,0,1
6779312,120551,1,1,0
2082680,120552,1,1,0
4462328,120553,1,0,1
1043536,120554,1,0,1
4847280,120555,1,0,1
6660808,120556,1,0,1
2473488,120557,1,0,1
1142528,120558,1,1,0
6502368,120559,1,0,1
4864424,120560,1,1,0
2628256,120561,1,1,0
6689984,120562,1,0,1
4090760,120563,1,0,1
5726856,120564,1,1,0
6167024,120565,1,0,1
596160,120566,1,0,1
1749160,120567,1,1,0
831624,120568,1,1,0
7476152,120569,1,1,0
1964744,120570,1,0,1
1171296,120571,1,0,1
2748920,120572,1,1,0
6865048,120573,1,0,1
3512472,120574,1,1,0
3871016,120575,1,0,1
573088,120576,1,0,1
7812360,120577,1,0,1
3081736,120578,1,1,0
135720,120579,1,0,1
937456,120580,1,1,0
1318912,120581,1,0,1
5085696,120582,1,1,0
332784,120583,1,1,0
2833856,120584,1,0,1
5965832,120585,1,0,1
638128,120586,1,0,1
1112864,120587,1,0,1
4835904,120588,1,1,0
7430552,120589,1,1,0
7292224,120590,1,1,0
154304,120591,1,1,0
5071312,120592,1,1,0
1833288,120593,1,1,0
597488,120594,1,0,1
237536,120595,1,0,1
640736,120596,1,0,1
1291224,120597,1,1,0
3722072,120598,1,1,0
5481288,120599,1,0,1
3005944,120600,1,0,1
1805664,120601,1,1,0
6285296,120602,1,1,0
7356984,120603,1,1,0
5450232,120604,1,1,0
1474912,120605,1,1,0
2447392,120606,1,0,1
2007024,120607,1,0,1
2869232,120608,1,1,0
2719920,120609,1,0,1
4160528,120610,1,1,0
528968,120611,1,1,0
1380760,120612,1,1,0
5913728,120613,1,0,1
7666880,120614,1,1,0
2826256,120615,1,0,1
2533768,120616,1,0,1
1011088,120617,1,1,0
1656248,120618,1,1,0
702000,120619,1,1,0
7238008,120620,1,1,0
2984288,120621,1,1,0
703664,120622,1,0,1
1638944,120623,1,0,1
508104,120624,1,1,0
3788888,120625,1,0,1
779648,120626,1,1,0
2467456,120627,1,1,0
2728448,120628,1,0,1
686528,120629,1,1,0
566400,120630,1,0,1
4251400,120631,1,1,0
4560096,120632,1,0,1
3534784,120633,1,1,0
4481072,120634,1,0,1
7705928,120635,1,0,1
3999352,120636,1,1,0
357920,120637,1,1,0
3202768,120638,1,0,1
1866096,120639,1,0,1
1967360,120640,1,1,0
347936,120641,1,1,0
7329208,120642,1,1,0
2239232,120643,1,0,1
5075392,120644,1,0,1
8058888,120645,1,0,1
1613592,120646,1,1,0
2234536,120647,1,1,0
845088,120648,1,0,1
7447384,120649,1,1,0
1028904,120650,1,1,0
557640,120651,1,0,1
5513840,120652,1,0,1
7152000,120653,1,0,1
2071576,120654,1,0,1
571608,120655,1,1,0
529088,120656,1,0,1
4129064,120657,1,0,1
3552480,120658,1,0,1
1952960,120659,1,0,1
3284296,120660,1,1,0
2253544,120661,1,1,0
7902800,120662,1,0,1
1427736,120663,1,1,0
678448,120664,1,1,0
8223736,120665,1,0,1
4868456,120666,1,1,0
3148784,120667,1,0,1
3074160,120668,1,0,1
2152408,120669,1,1,0
5372720,120670,1,1,0
4421152,120671,1,1,0
4650264,120672,1,0,1
3679952,120673,1,1,0
5331288,120674,1,0,1
8153576,120675,1,0,1
314240,120676,1,0,1
3418080,120677,1,0,1
1263056,120678,1,1,0
4140392,120679,1,1,0
2176736,120680,1,0,1
2204384,120681,1,1,0
3285632,120682,1,0,1
334960,120683,1,1,0
1072168,120684,1,1,0
295832,120685,1,1,0
2948480,120686,1,0,1
614904,120687,1,1,0
349456,120688,1,0,1
1528616,120689,1,0,1
4425848,120690,1,1,0
3296568,120691,1,0,1
1473944,120692,1,1,0
4664544,120693,1,0,1
4967240,120694,1,0,1
5459384,120695,1,1,0
3127968,120696,1,0,1
1194136,120697,1,0,1
629176,120698,1,1,0
280904,120699,1,0,1
3249272,120700,1,1,0
7363680,120701,1,0,1
6546624,120702,1,0,1
662632,120703,1,0,1
5722032,120704,1,1,0
2294344,120705,1,0,1
969512,120706,1,0,1
6045648,120707,1,0,1
1843272,120708,1,0,1
3121704,120709,1,0,1
565480,120710,1,1,0
790648,120711,1,0,1
922376,120712,1,1,0
8102648,120713,1,1,0
3853504,120714,1,1,0
1012112,120715,1,0,1
610736,120716,1,1,0
2054632,120717,1,0,1
4679240,120718,1,0,1
493880,120719,1,0,1
3635792,120720,1,1,0
3032624,120721,1,1,0
940664,120722,1,1,0
2179344,120723,1,0,1
5703032,120724,1,1,0
1986096,120725,1,1,0
617008,120726,1,1,0
1190032,120727,1,1,0
2419464,120728,1,1,0
2807864,120729,1,0,1
1879352,120730,1,1,0
2564960,120731,1,1,0
1984320,120732,1,0,1
765744,120733,1,0,1
5683992,120734,1,0,1
706104,120735,1,0,1
255984,120736,1,1,0
1436352,120737,1,0,1
4843432,120738,1,0,1
3331792,120739,1,0,1
3649408,120740,1,0,1
3353080,120741,1,1,0
317032,120742,1,0,1
1896888,120743,1,0,1
597424,120744,1,0,1
5184432,120745,1,0,1
653072,120746,1,0,1
833712,120747,1,0,1
1283296,120748,1,0,1
7311560,120749,1,0,1
4124744,120750,1,1,0
7126192,120751,1,0,1
6471792,120752,1,0,1
8060752,120753,1,0,1
2253752,120754,1,0,1
5107808,120755,1,1,0
1969328,120756,1,1,0
4759008,120757,1,1,0
1237424,120758,1,1,0
1688056,120759,1,0,1
4371608,120760,1,1,0
2661664,120761,1,1,0
5080720,120762,1,1,0
654560,120763,1,0,1
729760,120764,1,1,0
3279760,120765,1,0,1
1826552,120766,1,0,1
3565624,120767,1,1,0
1180424,120768,1,1,0
4072928,120769,1,0,1
672160,120770,1,0,1
6360048,120771,1,1,0
1511640,120772,1,1,0
1416392,120773,1,0,1
2088424,120774,1,0,1
723080,120775,1,0,1
569040,120776,1,0,1
2765848,120777,1,0,1
7717192,120778,1,0,1
863336,120779,1,1,0
5036856,120780,1,0,1
1019752,120781,1,1,0
4368856,120782,1,1,0
5368248,120783,1,0,1
2582416,120784,1,0,1
5393480,120785,1,1,0
1360360,120786,1,1,0
3800984,120787,1,0,1
6698480,120788,1,0,1
459336,120789,1,0,1
848608,120790,1,1,0
2107536,120791,1,0,1
2498712,120792,1,1,0
2595408,120793,1,1,0
7381240,120794,1,1,0
5248672,120795,1,1,0
2035920,120796,1,1,0
3053384,120797,1,1,0
587472,120798,1,0,1
4412464,120799,1,0,1
1261264,120800,1,0,1
3303328,120801,1,0,1
2546272,120802,1,1,0
1615384,120803,1,1,0
5268216,120804,1,1,0
5839112,120805,1,0,1
1960992,120806,1,0,1
7817792,120807,1,0,1
5875440,120808,1,1,0
6629800,120809,1,1,0
419672,120810,1,0,1
5618512,120811,1,0,1
2532312,120812,1,0,1
1969824,120813,1,1,0
8317264,120814,1,0,1
4251816,120815,1,1,0
445136,120816,1,0,1
3831176,120817,1,1,0
749016,120818,1,1,0
6179920,120819,1,1,0
3002600,120820,1,0,1
3439864,120821,1,0,1
638712,120822,1,0,1
3047952,120823,1,0,1
633768,120824,1,1,0
4015704,120825,1,0,1
1148688,120826,1,0,1
940832,120827,1,1,0
4664800,120828,1,0,1
2660888,120829,1,1,0
6872120,120830,1,0,1
6532984,120831,1,0,1
4734832,120832,1,0,1
1105648,120833,1,0,1
4640480,120834,1,0,1
6587376,120835,1,0,1
776272,120836,1,1,0
601248,120837,1,1,0
7014192,120838,1,1,0
3265104,120839,1,0,1
449288,120840,1,1,0
4224624,120841,1,1,0
3767872,120842,1,0,1
2420488,120843,1,1,0
4162304,120844,1,0,1
336256,120845,1,1,0
985480,120846,1,1,0
2655032,120847,1,0,1
4252808,120848,1,0,1
5695376,120849,1,1,0
5407112,120850,1,0,1
5216232,120851,1,0,1
4763704,120852,1,1,0
3768200,120853,1,1,0
4882616,120854,1,1,0
554632,120855,1,0,1
2516888,120856,1,1,0
5611160,120857,1,1,0
1285672,120858,1,0,1
316960,120859,1,0,1
1470688,120860,1,1,0
7809296,120861,1,0,1
122760,120862,1,0,1
1164736,120863,1,0,1
1051592,120864,1,1,0
5106760,120865,1,0,1
8348056,120866,1,1,0
5008488,120867,1,0,1
766304,120868,1,0,1
1937136,120869,1,1,0
2756096,120870,1,1,0
5996464,120871,1,1,0
306352,120872,1,1,0
1036288,120873,1,0,1
1348560,120874,1,1,0
814672,120875,1,0,1
1843032,120876,1,0,1
1929552,120877,1,1,0
2276816,120878,1,0,1
3852016,120879,1,0,1
3952624,120880,1,0,1
318408,120881,1,0,1
603176,120882,1,0,1
315560,120883,1,1,0
3380616,120884,1,1,0
2380440,120885,1,0,1
516120,120886,1,1,0
3171048,120887,1,1,0
701664,120888,1,0,1
4200168,120889,1,1,0
3195176,120890,1,0,1
1050440,120891,1,1,0
3965768,120892,1,1,0
210160,120893,1,1,0
1199856,120894,1,1,0
6981456,120895,1,0,1
963488,120896,1,1,0
2724912,120897,1,1,0
908280,120898,1,0,1
537256,120899,1,1,0
1828952,120900,1,1,0
4945232,120901,1,0,1
7728984,120902,1,0,1
457688,120903,1,0,1
2525760,120904,1,0,1
2610320,120905,1,0,1
2644456,120906,1,0,1
1140736,120907,1,1,0
653624,120908,1,0,1
457904,120909,1,1,0
8205600,120910,1,1,0
5917296,120911,1,1,0
1563784,120912,1,0,1
260016,120913,1,0,1
5782640,120914,1,0,1
7754008,120915,1,1,0
2007720,120916,1,1,0
5163344,120917,1,0,1
403072,120918,1,0,1
2889624,120919,1,0,1
5328040,120920,1,1,0
728104,120921,1,1,0
8234880,120922,1,1,0
2927352,120923,1,0,1
3337488,120924,1,0,1
2303976,120925,1,0,1
7677704,120926,1,0,1
2040456,120927,1,0,1
369608,120928,1,0,1
7028256,120929,1,1,0
1999448,120930,1,0,1
1123952,120931,1,0,1
4094000,120932,1,1,0
710720,120933,1,1,0
6393736,120934,1,0,1
1117696,120935,1,1,0
3041272,120936,1,0,1
1019728,120937,1,0,1
372088,120938,1,0,1
1333272,120939,1,0,1
5754648,120940,1,0,1
791248,120941,1,1,0
1682576,120942,1,1,0
6244040,120943,1,1,0
868048,120944,1,0,1
1166272,120945,1,0,1
1602136,120946,1,0,1
5521960,120947,1,0,1
802280,120948,1,0,1
7103688,120949,1,0,1
3898712,120950,1,0,1
1158592,120951,1,1,0
5715024,120952,1,1,0
6631168,120953,1,0,1
504928,120954,1,1,0
4002224,120955,1,0,1
2446216,120956,1,0,1
1911784,120957,1,0,1
7334216,120958,1,0,1
7986568,120959,1,1,0
7698856,120960,1,0,1
433080,120961,1,1,0
1118864,120962,1,1,0
317624,120963,1,0,1
2800344,120964,1,0,1
894040,120965,1,0,1
7246416,120966,1,0,1
1769168,120967,1,0,1
5413824,120968,1,0,1
3856232,120969,1,1,0
293816,120970,1,0,1
7481408,120971,1,1,0
242392,120972,1,1,0
947000,120973,1,0,1
6834000,120974,1,0,1
1606400,120975,1,1,0
3073840,120976,1,1,0
3443016,120977,1,0,1
5915440,120978,1,0,1
980152,120979,1,0,1
4833264,120980,1,0,1
310200,120981,1,0,1
934952,120982,1,1,0
3668832,120983,1,0,1
787248,120984,1,1,0
4114208,120985,1,1,0
1395184,120986,1,1,0
728312,120987,1,1,0
3980944,120988,1,0,1
4333736,120989,1,0,1
3684968,120990,1,1,0
7985840,120991,1,1,0
3390432,120992,1,1,0
5602392,120993,1,1,0
1289320,120994,1,1,0
2432336,120995,1,1,0
960464,120996,1,1,0
2737400,120997,1,0,1
3173152,120998,1,0,1
3294392,120999,1,0,1
6464968,121000,1,1,0
5511256,121001,1,1,0
2921408,121002,1,1,0
211672,121003,1,0,1
708288,121004,1,0,1
4760120,121005,1,0,1
4521160,121006,1,0,1
6034888,121007,1,0,1
3997704,121008,1,1,0
1196400,121009,1,1,0
2168712,121010,1,1,0
3604664,121011,1,1,0
2948624,121012,1,0,1
1003560,121013,1,1,0
2148968,121014,1,0,1
2333720,121015,1,1,0
1904528,121016,1,1,0
705288,121017,1,0,1
1239984,121018,1,0,1
3272576,121019,1,1,0
1123400,121020,1,0,1
474688,121021,1,1,0
2752416,121022,1,0,1
358800,121023,1,1,0
2514616,121024,1,0,1
3142608,121025,1,0,1
4163112,121026,1,0,1
1799464,121027,1,1,0
2048816,121028,1,0,1
480464,121029,1,1,0
853112,121030,1,1,0
2132488,121031,1,0,1
7049992,121032,1,0,1
254560,121033,1,1,0
414032,121034,1,0,1
851000,121035,1,0,1
218744,121036,1,0,1
3626496,121037,1,1,0
3314808,121038,1,1,0
4068664,121039,1,0,1
689408,121040,1,0,1
245712,121041,1,1,0
1951696,121042,1,1,0
2365648,121043,1,0,1
2932200,121044,1,0,1
745928,121045,1,0,1
1150096,121046,1,0,1
509408,121047,1,1,0
8169440,121048,1,0,1
1065632,121049,1,0,1
859368,121050,1,0,1
1245112,121051,1,1,0
869120,121052,1,1,0
849384,121053,1,0,1
5616088,121054,1,1,0
157264,121055,1,0,1
1915416,121056,1,0,1
900088,121057,1,1,0
8185608,121058,1,1,0
4840512,121059,1,0,1
3952840,121060,1,0,1
744640,121061,1,0,1
528376,121062,1,0,1
4389752,121063,1,1,0
1763008,121064,1,1,0
352640,121065,1,1,0
4977184,121066,1,1,0
311472,121067,1,0,1
3265392,121068,1,1,0
5628208,121069,1,1,0
7949248,121070,1,1,0
1388368,121071,1,1,0
4073384,121072,1,0,1
4817632,121073,1,1,0
389112,121074,1,0,1
1129488,121075,1,0,1
1259352,121076,1,0,1
3214280,121077,1,0,1
6652184,121078,1,0,1
591656,121079,1,0,1
4542032,121080,1,0,1
1008216,121081,1,0,1
1644376,121082,1,0,1
1311256,121083,1,0,1
1025744,121084,1,0,1
617144,121085,1,1,0
5314584,121086,1,1,0
1904024,121087,1,0,1
103944,121088,1,0,1
398016,121089,1,0,1
7935968,121090,1,1,0
839776,121091,1,0,1
2901336,121092,1,1,0
654528,121093,1,1,0
369360,121094,1,0,1
610608,121095,1,1,0
2181272,121096,1,1,0
2489240,121097,1,0,1
776168,121098,1,0,1
1999608,121099,1,1,0
5790312,121100,1,0,1
5002776,121101,1,1,0
898608,121102,1,0,1
1995336,121103,1,1,0
1104856,121104,1,0,1
6779248,121105,1,0,1
405768,121106,1,0,1
2791048,121107,1,0,1
673928,121108,1,0,1
909288,121109,1,1,0
2107056,121110,1,1,0
317088,121111,1,0,1
7914264,121112,1,1,0
3877720,121113,1,0,1
102792,121114,1,1,0
848272,121115,1,0,1
7051016,121116,1,0,1
2223928,121117,1,1,0
5195312,121118,1,1,0
749464,121119,1,0,1
3335824,121120,1,0,1
331224,121121,1,1,0
1415800,121122,1,1,0
7566776,121123,1,1,0
357152,121124,1,0,1
2581672,121125,1,0,1
749624,121126,1,0,1
3874360,121127,1,0,1
1903760,121128,1,0,1
2977368,121129,1,1,0
3449120,121130,1,0,1
111144,121131,1,1,0
2310496,121132,1,1,0
1913208,121133,1,0,1
3542008,121134,1,0,1
4282096,121135,1,1,0
450328,121136,1,1,0
7882160,121137,1,1,0
906008,121138,1,1,0
1789632,121139,1,1,0
2611616,121140,1,1,0
1549520,121141,1,1,0
7796440,121142,1,0,1
1385256,121143,1,1,0
805888,121144,1,1,0
2444032,121145,1,0,1
7953400,121146,1,0,1
439552,121147,1,0,1
4062016,121148,1,0,1
203472,121149,1,1,0
2190832,121150,1,1,0
5512312,121151,1,1,0
7922096,121152,1,1,0
2099136,121153,1,0,1
729992,121154,1,0,1
980088,121155,1,1,0
1282280,121156,1,0,1
1623080,121157,1,0,1
4567664,121158,1,1,0
1562248,121159,1,0,1
3921512,121160,1,0,1
3868928,121161,1,1,0
222512,121162,1,0,1
1002752,121163,1,1,0
1040008,121164,1,0,1
3773536,121165,1,0,1
231976,121166,1,0,1
472560,121167,1,1,0
3865168,121168,1,1,0
493576,121169,1,1,0
4446720,121170,1,1,0
6709664,121171,1,1,0
5618264,121172,1,0,1
703952,121173,1,0,1
4013864,121174,1,1,0
8285968,121175,1,0,1
318456,121176,1,1,0
533856,121177,1,1,0
297584,121178,1,1,0
6065936,121179,1,1,0
2712160,121180,1,1,0
5524376,121181,1,0,1
3458984,121182,1,1,0
5277280,121183,1,1,0
7479392,121184,1,0,1
2200960,121185,1,0,1
4578224,121186,1,1,0
1175816,121187,1,0,1
2297736,121188,1,0,1
2282624,121189,1,1,0
1029136,121190,1,0,1
2939200,121191,1,0,1
1627552,121192,1,0,1
4332976,121193,1,1,0
638624,121194,1,0,1
3278536,121195,1,0,1
737216,121196,1,0,1
7871320,121197,1,0,1
2361584,121198,1,1,0
6506464,121199,1,1,0
6856920,121200,1,0,1
1266328,121201,1,0,1
2546992,121202,1,0,1
7498888,121203,1,0,1
6558480,121204,1,1,0
468472,121205,1,1,0
617872,121206,1,0,1
1171080,121207,1,0,1
2372808,121208,1,0,1
389248,121209,1,0,1
184568,121210,1,1,0
3926928,121211,1,1,0
908176,121212,1,0,1
452712,121213,1,0,1
767152,121214,1,0,1
4124560,121215,1,0,1
463368,121216,1,0,1
2206136,121217,1,0,1
816088,121218,1,0,1
4932480,121219,1,1,0
979528,121220,1,1,0
280064,121221,1,0,1
4654520,121222,1,0,1
1115640,121223,1,0,1
1060264,121224,1,1,0
509672,121225,1,1,0
828856,121226,1,0,1
2716992,121227,1,0,1
5513168,121228,1,0,1
7141904,121229,1,1,0
3274296,121230,1,0,1
530328,121231,1,0,1
365728,121232,1,1,0
580032,121233,1,0,1
1530400,121234,1,0,1
4399632,121235,1,1,0
3089672,121236,1,1,0
3978280,121237,1,0,1
2306264,121238,1,1,0
2589720,121239,1,1,0
5097424,121240,1,1,0
2951240,121241,1,1,0
5733736,121242,1,1,0
3122056,121243,1,1,0
1215656,121244,1,0,1
671728,121245,1,0,1
3076176,121246,1,1,0
1927920,121247,1,1,0
5424896,121248,1,1,0
1278496,121249,1,1,0
862440,121250,1,1,0
6356752,121251,1,0,1
2836568,121252,1,0,1
4235400,121253,1,1,0
2095376,121254,1,0,1
319512,121255,1,0,1
6962256,121256,1,1,0
1349688,121257,1,1,0
923120,121258,1,1,0
399496,121259,1,1,0
222968,121260,1,0,1
1044072,121261,1,1,0
4282816,121262,1,0,1
652888,121263,1,0,1
2078520,121264,1,1,0
439992,121265,1,0,1
480448,121266,1,0,1
4394064,121267,1,0,1
733280,121268,1,0,1
7641392,121269,1,1,0
1836720,121270,1,1,0
7157832,121271,1,0,1
2680872,121272,1,1,0
2408704,121273,1,1,0
414960,121274,1,0,1
2697856,121275,1,0,1
5032640,121276,1,0,1
1321280,121277,1,1,0
6945832,121278,1,1,0
560568,121279,1,1,0
4050184,121280,1,1,0
726536,121281,1,0,1
6320760,121282,1,1,0
3749976,121283,1,1,0
2395336,121284,1,1,0
580792,121285,1,0,1
1927456,121286,1,1,0
5048600,121287,1,0,1
1360696,121288,1,0,1
1967920,121289,1,0,1
613544,121290,1,1,0
2334136,121291,1,0,1
164952,121292,1,0,1
8173040,121293,1,1,0
5157312,121294,1,1,0
1738304,121295,1,1,0
1966928,121296,1,0,1
1132424,121297,1,1,0
853224,121298,1,1,0
5481432,121299,1,1,0
668496,121300,1,0,1
332072,121301,1,1,0
4864112,121302,1,1,0
955072,121303,1,1,0
745712,121304,1,1,0
3401408,121305,1,0,1
1458272,121306,1,1,0
1248272,121307,1,0,1
2621880,121308,1,0,1
7853960,121309,1,0,1
5157376,121310,1,0,1
7906760,121311,1,1,0
2557248,121312,1,0,1
7576664,121313,1,1,0
939376,121314,1,1,0
3460200,121315,1,1,0
262952,121316,1,0,1
405448,121317,1,1,0
2637176,121318,1,1,0
2405848,121319,1,1,0
3082288,121320,1,1,0
4997792,121321,1,1,0
1604848,121322,1,0,1
1235344,121323,1,1,0
7516312,121324,1,0,1
3586472,121325,1,1,0
898128,121326,1,0,1
2410648,121327,1,1,0
734296,121328,1,1,0
2743064,121329,1,0,1
4010048,121330,1,0,1
1809384,121331,1,0,1
3564016,121332,1,1,0
2754784,121333,1,1,0
3662792,121334,1,0,1
7959656,121335,1,1,0
4262576,121336,1,1,0
3915568,121337,1,0,1
1134768,121338,1,1,0
5501992,121339,1,0,1
598640,121340,1,1,0
2331576,121341,1,0,1
7991536,121342,1,0,1
4362512,121343,1,1,0
560104,121344,1,0,1
6326488,121345,1,0,1
8200960,121346,1,0,1
548112,121347,1,1,0
1171600,121348,1,1,0
8336272,121349,1,0,1
3872840,121350,1,1,0
253912,121351,1,1,0
3634936,121352,1,1,0
2254000,121353,1,0,1
6331800,121354,1,0,1
4988576,121355,1,0,1
3330752,121356,1,1,0
422048,121357,1,1,0
4739912,121358,1,0,1
308728,121359,1,1,0
5444440,121360,1,0,1
8074744,121361,1,1,0
1157760,121362,1,1,0
1427984,121363,1,1,0
3358256,121364,1,1,0
1539328,121365,1,0,1
789584,121366,1,0,1
6217792,121367,1,0,1
2523368,121368,1,0,1
303600,121369,1,0,1
3250552,121370,1,0,1
764712,121371,1,1,0
993488,121372,1,0,1
469096,121373,1,1,0
5217544,121374,1,1,0
767008,121375,1,1,0
8188904,121376,1,0,1
1052272,121377,1,1,0
874888,121378,1,0,1
175752,121379,1,1,0
1691232,121380,1,1,0
7433032,121381,1,1,0
3669728,121382,1,1,0
2445808,121383,1,1,0
1083968,121384,1,0,1
1121624,121385,1,0,1
2322736,121386,1,0,1
4525688,121387,1,0,1
5079848,121388,1,0,1
550560,121389,1,0,1
8101872,121390,1,1,0
519408,121391,1,1,0
1964224,121392,1,0,1
6142984,121393,1,1,0
5391552,121394,1,0,1
428456,121395,1,0,1
2142792,121396,1,1,0
5455496,121397,1,1,0
4511040,121398,1,1,0
4666648,121399,1,0,1
1036640,121400,1,1,0
3855232,121401,1,1,0
1494496,121402,1,0,1
460824,121403,1,0,1
2276784,121404,1,0,1
6043840,121405,1,0,1
6483896,121406,1,1,0
227488,121407,1,0,1
400328,121408,1,1,0
2979624,121409,1,0,1
940472,121410,1,1,0
232760,121411,1,1,0
437024,121412,1,1,0
541888,121413,1,1,0
1250824,121414,1,0,1
6941048,121415,1,0,1
715232,121416,1,1,0
3493864,121417,1,1,0
2419352,121418,1,1,0
792040,121419,1,1,0
3046640,121420,1,0,1
572496,121421,1,1,0
1206480,121422,1,1,0
3989504,121423,1,0,1
1031336,121424,1,1,0
5021600,121425,1,1,0
2925088,121426,1,0,1
2101376,121427,1,0,1
201056,121428,1,0,1
5034680,121429,1,1,0
4558016,121430,1,1,0
4241008,121431,1,0,1
2114520,121432,1,1,0
936472,121433,1,1,0
1161192,121434,1,0,1
6248736,121435,1,0,1
626648,121436,1,0,1
4087360,121437,1,1,0
789832,121438,1,1,0
5175936,121439,1,1,0
390856,121440,1,0,1
5673960,121441,1,1,0
1410784,121442,1,1,0
1139200,121443,1,0,1
866336,121444,1,0,1
928856,121445,1,0,1
8374808,121446,1,1,0
561208,121447,1,1,0
512184,121448,1,1,0
4198512,121449,1,0,1
1667536,121450,1,0,1
6188872,121451,1,0,1
8210432,121452,1,1,0
4439432,121453,1,0,1
415792,121454,1,0,1
481456,121455,1,1,0
3482536,121456,1,1,0
2564896,121457,1,1,0
273888,121458,1,1,0
6752392,121459,1,0,1
3599064,121460,1,1,0
1676784,121461,1,0,1
6784504,121462,1,0,1
4354784,121463,1,0,1
3621120,121464,1,0,1
3881752,121465,1,1,0
757808,121466,1,1,0
696552,121467,1,1,0
612520,121468,1,0,1
978560,121469,1,0,1
4061912,121470,1,1,0
4671752,121471,1,1,0
4946096,121472,1,0,1
6691016,121473,1,0,1
77120,121474,1,0,1
3401936,121475,1,0,1
1918256,121476,1,1,0
3786760,121477,1,0,1
1778344,121478,1,1,0
2146168,121479,1,1,0
998144,121480,1,0,1
4265808,121481,1,0,1
7737112,121482,1,1,0
1001128,121483,1,1,0
1211048,121484,1,1,0
143904,121485,1,0,1
3531336,121486,1,1,0
4451048,121487,1,1,0
2319880,121488,1,1,0
662248,121489,1,0,1
1870064,121490,1,1,0
1968776,121491,1,0,1
4605600,121492,1,1,0
1197176,121493,1,0,1
510784,121494,1,0,1
613816,121495,1,1,0
3363064,121496,1,1,0
793704,121497,1,1,0
1500144,121498,1,1,0
5106304,121499,1,0,1
1676968,121500,1,1,0
4816160,121501,1,1,0
4876216,121502,1,0,1
1374336,121503,1,1,0
1318696,121504,1,0,1
2734736,121505,1,1,0
6920912,121506,1,0,1
5278064,121507,1,1,0
5126688,121508,1,1,0
7590920,121509,1,0,1
4547360,121510,1,0,1
1913128,121511,1,1,0
4888976,121512,1,0,1
3632192,121513,1,1,0
3191264,121514,1,1,0
1870224,121515,1,1,0
1643592,121516,1,1,0
6485120,121517,1,0,1
301976,121518,1,0,1
1919008,121519,1,0,1
1333472,121520,1,0,1
1117096,121521,1,0,1
3237208,121522,1,1,0
1850200,121523,1,1,0
888392,121524,1,1,0
1959760,121525,1,1,0
6841128,121526,1,0,1
227064,121527,1,1,0
7684392,121528,1,1,0
1092168,121529,1,0,1
6230728,121530,1,0,1
5293376,121531,1,0,1
7052416,121532,1,1,0
2841616,121533,1,0,1
5576312,121534,1,0,1
4901504,121535,1,0,1
508632,121536,1,0,1
1639152,121537,1,0,1
2433408,121538,1,0,1
1942472,121539,1,0,1
4184088,121540,1,0,1
4988200,121541,1,1,0
160048,121542,1,0,1
2447648,121543,1,1,0
7387488,121544,1,1,0
595160,121545,1,0,1
6049696,121546,1,1,0
1293008,121547,1,0,1
2147440,121548,1,0,1
4030384,121549,1,1,0
3143824,121550,1,0,1
5556848,121551,1,0,1
686592,121552,1,1,0
2729176,121553,1,1,0
961688,121554,1,1,0
858456,121555,1,1,0
1057360,121556,1,0,1
7020392,121557,1,1,0
2725856,121558,1,1,0
2568416,121559,1,1,0
1645808,121560,1,1,0
3015696,121561,1,0,1
721560,121562,1,1,0
2316512,121563,1,1,0
2427784,121564,1,0,1
4816056,121565,1,1,0
952240,121566,1,1,0
8225904,121567,1,0,1
1080760,121568,1,0,1
3514808,121569,1,0,1
8095352,121570,1,1,0
3660952,121571,1,1,0
2497024,121572,1,1,0
254368,121573,1,0,1
7276480,121574,1,0,1
5771224,121575,1,1,0
254496,121576,1,1,0
5348944,121577,1,1,0
1009680,121578,1,0,1
3086560,121579,1,0,1
3733560,121580,1,1,0
3031176,121581,1,1,0
505592,121582,1,0,1
5213440,121583,1,1,0
5373952,121584,1,0,1
6641184,121585,1,1,0
928904,121586,1,1,0
2136656,121587,1,1,0
7123080,121588,1,1,0
2157728,121589,1,1,0
692360,121590,1,0,1
1811544,121591,1,1,0
1357616,121592,1,1,0
5572176,121593,1,0,1
1489928,121594,1,1,0
5215280,121595,1,1,0
167808,121596,1,0,1
3764144,121597,1,0,1
5963312,121598,1,0,1
7144752,121599,1,0,1
1879000,121600,1,1,0
142912,121601,1,0,1
1728656,121602,1,1,0
4046312,121603,1,1,0
2332392,121604,1,1,0
2525016,121605,1,1,0
185088,121606,1,1,0
3319912,121607,1,1,0
8299792,121608,1,1,0
346696,121609,1,1,0
3657144,121610,1,0,1
4663768,121611,1,0,1
1149200,121612,1,0,1
1288240,121613,1,1,0
5750224,121614,1,1,0
2545240,121615,1,0,1
1701696,121616,1,0,1
1863672,121617,1,0,1
1807776,121618,1,1,0
6068064,121619,1,0,1
378416,121620,1,1,0
7566280,121621,1,0,1
3905648,121622,1,1,0
8082112,121623,1,1,0
5077016,121624,1,0,1
4979808,121625,1,1,0
1340464,121626,1,1,0
7701688,121627,1,0,1
7519344,121628,1,0,1
3690824,121629,1,0,1
7905240,121630,1,0,1
1559768,121631,1,0,1
6670000,121632,1,1,0
3360016,121633,1,1,0
6470336,121634,1,1,0
826792,121635,1,0,1
4732768,121636,1,1,0
327328,121637,1,0,1
1750872,121638,1,0,1
8300584,121639,1,1,0
5272424,121640,1,1,0
1508568,121641,1,0,1
871864,121642,1,1,0
2877376,121643,1,1,0
2186928,121644,1,1,0
2670376,121645,1,0,1
1550664,121646,1,0,1
1945496,121647,1,1,0
3816432,121648,1,1,0
2810312,121649,1,0,1
7449120,121650,1,1,0
537952,121651,1,1,0
4051552,121652,1,0,1
2620760,121653,1,1,0
5296288,121654,1,1,0
3839472,121655,1,1,0
2840352,121656,1,0,1
2454592,121657,1,1,0
5938936,121658,1,0,1
2989656,121659,1,0,1
4860824,121660,1,0,1
7994312,121661,1,1,0
905224,121662,1,1,0
3550992,121663,1,1,0
880600,121664,1,0,1
5778816,121665,1,0,1
873128,121666,1,1,0
3200968,121667,1,0,1
1008344,121668,1,0,1
1592120,121669,1,0,1
619800,121670,1,1,0
2192336,121671,1,0,1
1779120,121672,1,0,1
4494456,121673,1,0,1
608048,121674,1,1,0
1984160,121675,1,0,1
2697888,121676,1,0,1
1544328,121677,1,0,1
2053904,121678,1,0,1
349176,121679,1,0,1
124560,121680,1,0,1
1904176,121681,1,1,0
3464928,121682,1,1,0
3905744,121683,1,0,1
7446552,121684,1,1,0
3115120,121685,1,1,0
7783776,121686,1,0,1
2877992,121687,1,1,0
1461328,121688,1,1,0
6677368,121689,1,1,0
8007424,121690,1,1,0
2757552,121691,1,1,0
344192,121692,1,1,0
1100680,121693,1,1,0
7882704,121694,1,1,0
4470544,121695,1,0,1
157824,121696,1,0,1
890616,121697,1,1,0
397072,121698,1,1,0
3032720,121699,1,1,0
1217600,121700,1,0,1
7627864,121701,1,1,0
808576,121702,1,1,0
802336,121703,1,1,0
3311040,121704,1,0,1
4429520,121705,1,0,1
6631320,121706,1,1,0
178016,121707,1,1,0
6246824,121708,1,1,0
1043048,121709,1,1,0
1541544,121710,1,1,0
1570056,121711,1,1,0
2409744,121712,1,1,0
2391360,121713,1,0,1
4027624,121714,1,0,1
149480,121715,1,1,0
7247272,121716,1,0,1
1966544,121717,1,0,1
298112,121718,1,1,0
5410552,121719,1,1,0
5388696,121720,1,1,0
1803056,121721,1,1,0
2325304,121722,1,0,1
852664,121723,1,0,1
154568,121724,1,0,1
700344,121725,1,1,0
5913632,121726,1,1,0
675936,121727,1,0,1
1467328,121728,1,1,0
213840,121729,1,1,0
6738896,121730,1,1,0
3503344,121731,1,1,0
4270072,121732,1,1,0
58400,121733,1,1,0
305848,121734,1,1,0
997200,121735,1,1,0
1362280,121736,1,1,0
1991592,121737,1,0,1
2972176,121738,1,1,0
1118552,121739,1,0,1
2533184,121740,1,1,0
3539904,121741,1,0,1
2373448,121742,1,1,0
1189464,121743,1,1,0
1374784,121744,1,1,0
2340776,121745,1,0,1
625552,121746,1,0,1
2789632,121747,1,1,0
1265088,121748,1,0,1
1431000,121749,1,1,0
5848976,121750,1,0,1
8071560,121751,1,0,1
3380960,121752,1,0,1
568912,121753,1,1,0
992848,121754,1,1,0
738248,121755,1,1,0
626520,121756,1,0,1
810144,121757,1,0,1
2177992,121758,1,0,1
4270624,121759,1,0,1
1995872,121760,1,1,0
7574928,121761,1,1,0
413168,121762,1,0,1
5008960,121763,1,1,0
1613056,121764,1,0,1
239680,121765,1,0,1
1973576,121766,1,0,1
6640904,121767,1,0,1
8028448,121768,1,0,1
1108672,121769,1,0,1
6301984,121770,1,0,1
3077840,121771,1,0,1
3020720,121772,1,0,1
3488648,121773,1,1,0
3596304,121774,1,1,0
463264,121775,1,0,1
6915728,121776,1,0,1
1415792,121777,1,1,0
7750104,121778,1,0,1
649424,121779,1,0,1
3465744,121780,1,0,1
543664,121781,1,1,0
297344,121782,1,1,0
2405920,121783,1,1,0
1746824,121784,1,0,1
3188840,121785,1,0,1
424848,121786,1,1,0
2992568,121787,1,1,0
3507096,121788,1,0,1
542184,121789,1,0,1
689232,121790,1,1,0
3316336,121791,1,0,1
1624656,121792,1,0,1
6878760,121793,1,1,0
3222256,121794,1,0,1
2226080,121795,1,1,0
1121512,121796,1,1,0
3648528,121797,1,1,0
4715808,121798,1,0,1
1284560,121799,1,0,1
1008432,121800,1,0,1
3006576,121801,1,0,1
5697752,121802,1,0,1
875640,121803,1,1,0
584048,121804,1,0,1
3238744,121805,1,0,1
966920,121806,1,0,1
2548624,121807,1,0,1
1612968,121808,1,0,1
5696592,121809,1,0,1
1195832,121810,1,0,1
1630248,121811,1,1,0
1480824,121812,1,0,1
1185792,121813,1,0,1
5061720,121814,1,0,1
1053800,121815,1,1,0
1839512,121816,1,1,0
7309888,121817,1,1,0
3484288,121818,1,0,1
3274616,121819,1,0,1
5469400,121820,1,0,1
3055368,121821,1,1,0
4697776,121822,1,0,1
273656,121823,1,0,1
7420824,121824,1,0,1
2766200,121825,1,0,1
393904,121826,1,1,0
1495640,121827,1,1,0
3744016,121828,1,0,1
4136688,121829,1,1,0
972600,121830,1,1,0
2703056,121831,1,0,1
6093352,121832,1,0,1
1699040,121833,1,0,1
841632,121834,1,1,0
3439168,121835,1,1,0
6991824,121836,1,1,0
3365360,121837,1,0,1
2616112,121838,1,0,1
5359824,121839,1,1,0
2840552,121840,1,0,1
2909920,121841,1,1,0
618104,121842,1,1,0
1813496,121843,1,0,1
3411696,121844,1,0,1
1138408,121845,1,0,1
1049336,121846,1,1,0
429808,121847,1,1,0
547824,121848,1,1,0
1430568,121849,1,0,1
1328880,121850,1,0,1
4374000,121851,1,1,0
3175088,121852,1,1,0
802616,121853,1,1,0
968440,121854,1,1,0
531576,121855,1,1,0
777496,121856,1,0,1
4646512,121857,1,1,0
2508136,121858,1,0,1
1667384,121859,1,0,1
2505728,121860,1,0,1
3583184,121861,1,0,1
1583160,121862,1,1,0
1771168,121863,1,1,0
4350800,121864,1,0,1
267840,121865,1,1,0
4537264,121866,1,1,0
5637616,121867,1,0,1
2665928,121868,1,1,0
174288,121869,1,0,1
5532960,121870,1,1,0
4617496,121871,1,1,0
232696,121872,1,0,1
290960,121873,1,0,1
4662136,121874,1,1,0
3592560,121875,1,1,0
969272,121876,1,1,0
507408,121877,1,0,1
272368,121878,1,1,0
8334328,121879,1,0,1
1830560,121880,1,1,0
1083984,121881,1,1,0
354640,121882,1,0,1
1295480,121883,1,1,0
691216,121884,1,1,0
3193072,121885,1,0,1
2282824,121886,1,0,1
6723064,121887,1,0,1
182816,121888,1,0,1
563936,121889,1,0,1
2643224,121890,1,1,0
262472,121891,1,0,1
5047920,121892,1,1,0
3184320,121893,1,0,1
4136136,121894,1,1,0
2368272,121895,1,1,0
4464664,121896,1,0,1
1210040,121897,1,0,1
819296,121898,1,1,0
968728,121899,1,1,0
885872,121900,1,1,0
1765648,121901,1,0,1
200480,121902,1,0,1
6519496,121903,1,0,1
1535392,121904,1,1,0
3700104,121905,1,0,1
7533864,121906,1,1,0
2472304,121907,1,0,1
462704,121908,1,1,0
4416848,121909,1,1,0
736792,121910,1,1,0
1453408,121911,1,0,1
4127000,121912,1,0,1
2458728,121913,1,0,1
6854584,121914,1,1,0
1868936,121915,1,0,1
706856,121916,1,1,0
4415584,121917,1,0,1
1307208,121918,1,0,1
1826064,121919,1,1,0
754952,121920,1,0,1
8353832,121921,1,0,1
1150312,121922,1,1,0
2234400,121923,1,0,1
4131440,121924,1,0,1
4919088,121925,1,1,0
464144,121926,1,1,0
7476472,121927,1,1,0
8133648,121928,1,0,1
228712,121929,1,0,1
552728,121930,1,0,1
1910032,121931,1,1,0
6195328,121932,1,0,1
4881936,121933,1,0,1
5781736,121934,1,0,1
2650136,121935,1,0,1
5104744,121936,1,1,0
222688,121937,1,1,0
3130688,121938,1,0,1
1096008,121939,1,1,0
3988208,121940,1,1,0
1933352,121941,1,1,0
1689432,121942,1,0,1
2184720,121943,1,1,0
728280,121944,1,1,0
6052096,121945,1,1,0
2463760,121946,1,1,0
1900256,121947,1,0,1
6907024,121948,1,0,1
552952,121949,1,1,0
2457632,121950,1,1,0
1476184,121951,1,1,0
79440,121952,1,1,0
1377312,121953,1,1,0
533704,121954,1,0,1
8149608,121955,1,1,0
3035864,121956,1,0,1
670088,121957,1,1,0
525288,121958,1,0,1
1746384,121959,1,0,1
2442656,121960,1,1,0
8329592,121961,1,0,1
8320896,121962,1,0,1
7699600,121963,1,0,1
4936088,121964,1,0,1
2539440,121965,1,1,0
2893592,121966,1,0,1
6057080,121967,1,1,0
4694528,121968,1,1,0
183568,121969,1,1,0
1411160,121970,1,0,1
5234032,121971,1,0,1
1685440,121972,1,1,0
1284320,121973,1,1,0
918344,121974,1,0,1
2891992,121975,1,1,0
3872192,121976,1,0,1
789400,121977,1,0,1
8195504,121978,1,1,0
472352,121979,1,1,0
1991880,121980,1,0,1
5595776,121981,1,1,0
8066192,121982,1,1,0
8223768,121983,1,0,1
494776,121984,1,1,0
1875744,121985,1,1,0
1447984,121986,1,0,1
2915800,121987,1,1,0
2566824,121988,1,1,0
5931336,121989,1,0,1
3708600,121990,1,1,0
750448,121991,1,0,1
2768176,121992,1,0,1
539784,121993,1,0,1
6283664,121994,1,1,0
5064024,121995,1,1,0
2072104,121996,1,0,1
319656,121997,1,1,0
654656,121998,1,0,1
1394592,121999,1,1,0
4047968,122000,1,1,0
3010664,122001,1,0,1
2705960,122002,1,1,0
462544,122003,1,1,0
1833296,122004,1,0,1
5513096,122005,1,1,0
282440,122006,1,0,1
2966448,122007,1,1,0
1962432,122008,1,1,0
6268352,122009,1,1,0
7225264,122010,1,1,0
815440,122011,1,0,1
5100344,122012,1,1,0
650368,122013,1,1,0
481368,122014,1,0,1
7730072,122015,1,0,1
4919240,122016,1,0,1
8292880,122017,1,0,1
836408,122018,1,0,1
572760,122019,1,1,0
7541416,122020,1,1,0
2475968,122021,1,0,1
3817736,122022,1,0,1
6418888,122023,1,1,0
3238976,122024,1,0,1
4544920,122025,1,1,0
578040,122026,1,1,0
6340112,122027,1,1,0
1796280,122028,1,0,1
2926856,122029,1,0,1
1259624,122030,1,1,0
3492976,122031,1,0,1
259552,122032,1,0,1
5178728,122033,1,1,0
8190928,122034,1,0,1
3838480,122035,1,0,1
433920,122036,1,0,1
2817664,122037,1,0,1
3985032,122038,1,0,1
2578056,122039,1,0,1
4163776,122040,1,1,0
3393352,122041,1,0,1
2476624,122042,1,1,0
1767448,122043,1,0,1
7956392,122044,1,1,0
1397424,122045,1,1,0
2738784,122046,1,1,0
746312,122047,1,1,0
3206512,122048,1,1,0
710144,122049,1,1,0
5856232,122050,1,0,1
594512,122051,1,1,0
3697000,122052,1,0,1
1547744,122053,1,1,0
539816,122054,1,0,1
5360184,122055,1,1,0
5862128,122056,1,0,1
5251664,122057,1,1,0
3761848,122058,1,1,0
3815616,122059,1,0,1
6165952,122060,1,0,1
224744,122061,1,0,1
7209648,122062,1,1,0
225264,122063,1,0,1
206144,122064,1,1,0
3397288,122065,1,1,0
567432,122066,1,0,1
6819328,122067,1,1,0
878960,122068,1,0,1
5320792,122069,1,1,0
226968,122070,1,0,1
647600,122071,1,0,1
2436368,122072,1,1,0
1529792,122073,1,0,1
1314968,122074,1,1,0
3739704,122075,1,0,1
353296,122076,1,0,1
3341616,122077,1,1,0
1917696,122078,1,0,1
1902344,122079,1,1,0
4765400,122080,1,0,1
5146312,122081,1,1,0
1019032,122082,1,1,0
4734592,122083,1,0,1
4633384,122084,1,0,1
2010144,122085,1,1,0
1190184,122086,1,0,1
1637640,122087,1,1,0
591328,122088,1,0,1
574016,122089,1,1,0
7803888,122090,1,1,0
1658856,122091,1,0,1
5363840,122092,1,1,0
1723912,122093,1,1,0
3210408,122094,1,0,1
3217888,122095,1,1,0
4778752,122096,1,1,0
1381504,122097,1,1,0
2180280,122098,1,0,1
1148008,122099,1,1,0
5651320,122100,1,1,0
177080,122101,1,0,1
1402632,122102,1,0,1
768504,122103,1,0,1
5264912,122104,1,1,0
1686200,122105,1,0,1
334168,122106,1,1,0
2455568,122107,1,0,1
1800120,122108,1,1,0
5783944,122109,1,1,0
2562128,122110,1,1,0
254848,122111,1,0,1
7891840,122112,1,0,1
2456512,122113,1,1,0
644056,122114,1,0,1
5509664,122115,1,1,0
4285480,122116,1,0,1
289960,122117,1,0,1
839968,122118,1,1,0
432880,122119,1,1,0
2584968,122120,1,0,1
1354984,122121,1,1,0
1446184,122122,1,1,0
541968,122123,1,1,0
1519456,122124,1,0,1
7083944,122125,1,0,1
8028560,122126,1,0,1
3365448,122127,1,1,0
2157288,122128,1,0,1
707168,122129,1,0,1
268456,122130,1,0,1
3188832,122131,1,0,1
1486376,122132,1,1,0
545648,122133,1,0,1
3241904,122134,1,1,0
1136200,122135,1,0,1
7036592,122136,1,0,1
4354520,122137,1,1,0
165968,122138,1,0,1
680448,122139,1,1,0
1043728,122140,1,0,1
124728,122141,1,1,0
3528992,122142,1,1,0
126920,122143,1,1,0
1787648,122144,1,1,0
1204416,122145,1,0,1
8374208,122146,1,0,1
6713464,122147,1,0,1
4737184,122148,1,1,0
3937456,122149,1,0,1
4672928,122150,1,1,0
1304632,122151,1,0,1
4280128,122152,1,1,0
7550712,122153,1,1,0
5719592,122154,1,1,0
3033512,122155,1,1,0
651888,122156,1,0,1
318144,122157,1,0,1
7068336,122158,1,0,1
1898840,122159,1,0,1
5634800,122160,1,1,0
2923856,122161,1,0,1
1429760,122162,1,0,1
6014784,122163,1,1,0
1267144,122164,1,1,0
2242568,122165,1,1,0
5200680,122166,1,0,1
340968,122167,1,0,1
6348288,122168,1,0,1
1459720,122169,1,1,0
7451968,122170,1,1,0
2713944,122171,1,0,1
588640,122172,1,1,0
5813792,122173,1,0,1
1907976,122174,1,0,1
2648200,122175,1,0,1
1788392,122176,1,0,1
337056,122177,1,1,0
6458616,122178,1,1,0
4511248,122179,1,0,1
7001304,122180,1,0,1
1334552,122181,1,0,1
1088152,122182,1,0,1
3452184,122183,1,1,0
1752864,122184,1,1,0
3731064,122185,1,1,0
2987312,122186,1,0,1
3405448,122187,1,0,1
2907184,122188,1,1,0
2317744,122189,1,1,0
5268720,122190,1,0,1
3353448,122191,1,1,0
6075720,122192,1,1,0
1761048,122193,1,1,0
271312,122194,1,1,0
6438496,122195,1,0,1
2450360,122196,1,1,0
4994864,122197,1,1,0
1616048,122198,1,1,0
376024,122199,1,0,1
2333544,122200,1,0,1
8230656,122201,1,0,1
522656,122202,1,0,1
990792,122203,1,1,0
2709944,122204,1,0,1
6558112,122205,1,0,1
7240376,122206,1,0,1
678144,122207,1,1,0
1653464,122208,1,0,1
713712,122209,1,0,1
767000,122210,1,0,1
1670952,122211,1,0,1
1764560,122212,1,0,1
3726832,122213,1,1,0
1560000,122214,1,1,0
2021704,122215,1,1,0
1098392,122216,1,1,0
8368976,122217,1,0,1
2451064,122218,1,1,0
3840800,122219,1,1,0
448648,122220,1,1,0
6801784,122221,1,1,0
7188280,122222,1,0,1
1238448,122223,1,0,1
2634944,122224,1,1,0
3353048,122225,1,1,0
533200,122226,1,0,1
1211424,122227,1,1,0
5115728,122228,1,0,1
2210088,122229,1,0,1
7421520,122230,1,1,0
3566304,122231,1,0,1
494704,122232,1,0,1
273824,122233,1,1,0
618656,122234,1,1,0
7724936,122235,1,1,0
7189120,122236,1,0,1
7723944,122237,1,1,0
5451560,122238,1,0,1
1617832,122239,1,0,1
5185672,122240,1,1,0
2448160,122241,1,1,0
2668056,122242,1,1,0
3872808,122243,1,1,0
7994752,122244,1,0,1
7999136,122245,1,1,0
1407704,122246,1,0,1
2844776,122247,1,0,1
694432,122248,1,1,0
8102080,122249,1,0,1
327680,122250,1,1,0
386336,122251,1,0,1
3127192,122252,1,1,0
1049688,122253,1,1,0
1803856,122254,1,1,0
379088,122255,1,1,0
3824792,122256,1,1,0
5534568,122257,1,0,1
1957792,122258,1,0,1
5143880,122259,1,1,0
1248248,122260,1,0,1
899560,122261,1,0,1
6887584,122262,1,1,0
5295456,122263,1,1,0
1409680,122264,1,0,1
285576,122265,1,0,1
3161624,122266,1,1,0
4447880,122267,1,1,0
182488,122268,1,1,0
2545888,122269,1,1,0
884544,122270,1,1,0
1901352,122271,1,1,0
374616,122272,1,0,1
4224320,122273,1,0,1
1351432,122274,1,1,0
6443400,122275,1,0,1
800040,122276,1,0,1
2565376,122277,1,0,1
8132432,122278,1,0,1
2431416,122279,1,1,0
1854984,122280,1,1,0
8058424,122281,1,1,0
1905024,122282,1,1,0
2781888,122283,1,0,1
3845096,122284,1,1,0
1600952,122285,1,1,0
2518328,122286,1,0,1
6119816,122287,1,0,1
831752,122288,1,1,0
6735384,122289,1,0,1
1835888,122290,1,1,0
5253144,122291,1,0,1
420032,122292,1,0,1
1596232,122293,1,0,1
2373880,122294,1,1,0
7519432,122295,1,1,0
670472,122296,1,1,0
2736816,122297,1,0,1
4186520,122298,1,0,1
4358000,122299,1,0,1
1004696,122300,1,0,1
3554304,122301,1,1,0
382208,122302,1,0,1
2456080,122303,1,0,1
3056760,122304,1,1,0
3034040,122305,1,1,0
1600600,122306,1,0,1
6564096,122307,1,0,1
1301656,122308,1,1,0
848856,122309,1,1,0
931016,122310,1,1,0
3606600,122311,1,1,0
1189552,122312,1,1,0
3394464,122313,1,1,0
6900440,122314,1,0,1
261384,122315,1,0,1
3295232,122316,1,0,1
583368,122317,1,0,1
7506984,122318,1,0,1
1131912,122319,1,0,1
7004784,122320,1,0,1
1211288,122321,1,1,0
3103080,122322,1,1,0
1012256,122323,1,0,1
861968,122324,1,0,1
583984,122325,1,1,0
2018592,122326,1,1,0
591616,122327,1,0,1
1286008,122328,1,0,1
1007296,122329,1,0,1
5876728,122330,1,0,1
412320,122331,1,0,1
8166072,122332,1,1,0
995496,122333,1,1,0
3400848,122334,1,1,0
2905600,122335,1,1,0
8354848,122336,1,1,0
6560168,122337,1,0,1
177952,122338,1,1,0
8240184,122339,1,0,1
4392888,122340,1,0,1
6217360,122341,1,1,0
98032,122342,1,1,0
749576,122343,1,1,0
1656616,122344,1,0,1
5727624,122345,1,0,1
1106016,122346,1,1,0
1805744,122347,1,0,1
2724136,122348,1,0,1
5223072,122349,1,0,1
693672,122350,1,0,1
227368,122351,1,1,0
6111616,122352,1,0,1
3055784,122353,1,0,1
8256256,122354,1,0,1
4099784,122355,1,1,0
4580864,122356,1,1,0
1916840,122357,1,0,1
4013080,122358,1,0,1
549464,122359,1,0,1
1353816,122360,1,0,1
1365144,122361,1,1,0
5964464,122362,1,0,1
1003912,122363,1,1,0
6415048,122364,1,0,1
1759784,122365,1,1,0
2412328,122366,1,1,0
5719760,122367,1,0,1
538496,122368,1,0,1
3240672,122369,1,0,1
5390888,122370,1,1,0
4811360,122371,1,0,1
6492984,122372,1,0,1
846408,122373,1,1,0
1063688,122374,1,1,0
169632,122375,1,0,1
3042088,122376,1,1,0
457928,122377,1,1,0
2289056,122378,1,0,1
904128,122379,1,0,1
269088,122380,1,1,0
695232,122381,1,1,0
7324880,122382,1,1,0
3081632,122383,1,1,0
327472,122384,1,0,1
8348496,122385,1,1,0
827376,122386,1,1,0
7975776,122387,1,1,0
2192008,122388,1,1,0
4525792,122389,1,0,1
395984,122390,1,1,0
5331680,122391,1,1,0
347984,122392,1,0,1
7619760,122393,1,1,0
739040,122394,1,1,0
4404320,122395,1,0,1
4268272,122396,1,1,0
640112,122397,1,1,0
2417184,122398,1,0,1
1167288,122399,1,1,0
8383216,122400,1,1,0
7036152,122401,1,0,1
4001776,122402,1,0,1
4640696,122403,1,0,1
3169656,122404,1,0,1
3659728,122405,1,0,1
1666248,122406,1,1,0
5797176,122407,1,1,0
1092400,122408,1,0,1
4349376,122409,1,1,0
1409048,122410,1,1,0
1065480,122411,1,0,1
3325536,122412,1,0,1
1494784,122413,1,1,0
2833256,122414,1,1,0
288224,122415,1,1,0
8147968,122416,1,1,0
5571944,122417,1,0,1
1490720,122418,1,0,1
6876224,122419,1,1,0
4934312,122420,1,1,0
1004240,122421,1,0,1
5662360,122422,1,0,1
2460320,122423,1,0,1
4894376,122424,1,0,1
4922384,122425,1,0,1
1009424,122426,1,0,1
180048,122427,1,0,1
2798320,122428,1,1,0
2927112,122429,1,1,0
2265024,122430,1,0,1
1544152,122431,1,0,1
2767968,122432,1,0,1
2889856,122433,1,1,0
5106912,122434,1,1,0
319024,122435,1,0,1
858968,122436,1,0,1
4989864,122437,1,0,1
3707272,122438,1,1,0
2066984,122439,1,1,0
5927568,122440,1,0,1
5940872,122441,1,1,0
1446568,122442,1,0,1
8284536,122443,1,1,0
5369944,122444,1,1,0
2033048,122445,1,1,0
1180152,122446,1,1,0
1349856,122447,1,0,1
6418784,122448,1,1,0
8349624,122449,1,1,0
1017640,122450,1,1,0
2332776,122451,1,1,0
1613696,122452,1,1,0
2158760,122453,1,0,1
5344504,122454,1,1,0
1255432,122455,1,0,1
1357704,122456,1,0,1
782216,122457,1,1,0
6823240,122458,1,0,1
4817176,122459,1,1,0
7960360,122460,1,0,1
486856,122461,1,0,1
1089392,122462,1,1,0
1745032,122463,1,0,1
1513808,122464,1,1,0
281552,122465,1,0,1
7096040,122466,1,0,1
2100272,122467,1,1,0
7365920,122468,1,0,1
5481656,122469,1,1,0
5607048,122470,1,0,1
808416,122471,1,1,0
270896,122472,1,1,0
302808,122473,1,0,1
324448,122474,1,0,1
4724624,122475,1,0,1
361496,122476,1,0,1
2233056,122477,1,0,1
434864,122478,1,0,1
1462392,122479,1,0,1
1870752,122480,1,0,1
5595088,122481,1,0,1
1443248,122482,1,0,1
2437680,122483,1,0,1
229984,122484,1,0,1
2411120,122485,1,1,0
572120,122486,1,1,0
2807624,122487,1,0,1
1782992,122488,1,0,1
2711408,122489,1,0,1
780736,122490,1,1,0
3547816,122491,1,1,0
8118608,122492,1,0,1
1325664,122493,1,0,1
1324112,122494,1,1,0
2953464,122495,1,1,0
4848512,122496,1,0,1
3900712,122497,1,0,1
6114632,122498,1,0,1
1163016,122499,1,1,0
3024960,122500,1,1,0
1530488,122501,1,1,0
7236696,122502,1,1,0
289080,122503,1,1,0
6987944,122504,1,1,0
489040,122505,1,1,0
2004808,122506,1,1,0
1154904,122507,1,0,1
3103296,122508,1,0,1
882712,122509,1,0,1
3919952,122510,1,1,0
923816,122511,1,1,0
3795832,122512,1,0,1
3585680,122513,1,0,1
6687296,122514,1,0,1
191616,122515,1,1,0
3781048,122516,1,0,1
6953728,122517,1,1,0
2642912,122518,1,0,1
2067776,122519,1,0,1
584656,122520,1,1,0
1847392,122521,1,0,1
534104,122522,1,0,1
6836416,122523,1,0,1
2166568,122524,1,0,1
6954808,122525,1,1,0
6616480,122526,1,0,1
3612504,122527,1,0,1
1027688,122528,1,0,1
6477568,122529,1,0,1
870824,122530,1,1,0
608480,122531,1,0,1
2388592,122532,1,0,1
6096496,122533,1,1,0
4585136,122534,1,0,1
911408,122535,1,1,0
1013792,122536,1,0,1
6267976,122537,1,1,0
2738632,122538,1,0,1
5055176,122539,1,0,1
6534208,122540,1,0,1
1503400,122541,1,0,1
480080,122542,1,1,0
651784,122543,1,1,0
4021072,122544,1,1,0
1865280,122545,1,1,0
950568,122546,1,0,1
535960,122547,1,0,1
1228024,122548,1,1,0
914472,122549,1,0,1
4190040,122550,1,0,1
953264,122551,1,1,0
612024,122552,1,0,1
7705904,122553,1,1,0
2447568,122554,1,1,0
8229872,122555,1,1,0
6871056,122556,1,1,0
3926384,122557,1,0,1
7582544,122558,1,0,1
1445528,122559,1,1,0
265512,122560,1,1,0
150808,122561,1,0,1
4439296,122562,1,1,0
1742976,122563,1,0,1
899672,122564,1,0,1
1370944,122565,1,0,1
1514648,122566,1,1,0
2952448,122567,1,1,0
3157344,122568,1,0,1
4237384,122569,1,1,0
408576,122570,1,0,1
7135584,122571,1,0,1
4804784,122572,1,0,1
6168520,122573,1,1,0
145504,122574,1,0,1
1688328,122575,1,0,1
837928,122576,1,0,1
5377160,122577,1,0,1
821440,122578,1,1,0
2716088,122579,1,0,1
6154360,122580,1,0,1
1699280,122581,1,0,1
1067960,122582,1,0,1
1307000,122583,1,1,0
5074704,122584,1,1,0
3288896,122585,1,0,1
4446912,122586,1,0,1
5219112,122587,1,0,1
446776,122588,1,0,1
824912,122589,1,1,0
4939952,122590,1,1,0
5321048,122591,1,1,0
773256,122592,1,0,1
398944,122593,1,1,0
4324296,122594,1,1,0
8277304,122595,1,0,1
7895952,122596,1,0,1
4160136,122597,1,1,0
984248,122598,1,0,1
8116536,122599,1,0,1
3760384,122600,1,1,0
3115728,122601,1,0,1
929624,122602,1,1,0
4544712,122603,1,0,1
4309752,122604,1,0,1
1678928,122605,1,0,1
199904,122606,1,1,0
4846464,122607,1,1,0
7571904,122608,1,1,0
829008,122609,1,1,0
6042784,122610,1,1,0
1918648,122611,1,0,1
1032584,122612,1,1,0
174176,122613,1,1,0
4541216,122614,1,0,1
367808,122615,1,0,1
420768,122616,1,0,1
447688,122617,1,0,1
2771768,122618,1,1,0
863424,122619,1,1,0
5453064,122620,1,0,1
1619936,122621,1,1,0
5481584,122622,1,0,1
989360,122623,1,0,1
5691176,122624,1,1,0
1385128,122625,1,0,1
1036552,122626,1,0,1
872824,122627,1,1,0
1874144,122628,1,1,0
4345536,122629,1,0,1
4517888,122630,1,0,1
7296120,122631,1,0,1
3134656,122632,1,0,1
4812224,122633,1,0,1
4544008,122634,1,0,1
359400,122635,1,0,1
1056176,122636,1,1,0
1913656,122637,1,0,1
1852384,122638,1,1,0
2079944,122639,1,1,0
2091112,122640,1,0,1
1089816,122641,1,1,0
2038904,122642,1,0,1
7024496,122643,1,1,0
1978336,122644,1,0,1
3864000,122645,1,1,0
2245304,122646,1,0,1
7255168,122647,1,1,0
3895008,122648,1,0,1
377712,122649,1,0,1
327656,122650,1,0,1
495208,122651,1,1,0
4022216,122652,1,1,0
1739288,122653,1,1,0
983440,122654,1,0,1
2993896,122655,1,1,0
2056448,122656,1,0,1
976512,122657,1,1,0
184400,122658,1,0,1
3609448,122659,1,1,0
2852432,122660,1,1,0
902832,122661,1,0,1
2360328,122662,1,1,0
4087008,122663,1,0,1
2435128,122664,1,0,1
2762832,122665,1,0,1
3099856,122666,1,0,1
4959168,122667,1,0,1
1361592,122668,1,0,1
933736,122669,1,1,0
3931552,122670,1,1,0
6474256,122671,1,0,1
3809504,122672,1,1,0
1879664,122673,1,1,0
746376,122674,1,1,0
2999432,122675,1,0,1
696304,122676,1,0,1
8031576,122677,1,1,0
3361784,122678,1,0,1
3939640,122679,1,0,1
1590880,122680,1,0,1
4539120,122681,1,1,0
1540032,122682,1,1,0
1442608,122683,1,0,1
4012344,122684,1,0,1
7886112,122685,1,0,1
1922216,122686,1,0,1
399672,122687,1,1,0
3868416,122688,1,1,0
809392,122689,1,0,1
1956824,122690,1,1,0
4386808,122691,1,1,0
2147960,122692,1,1,0
7494168,122693,1,0,1
2296824,122694,1,0,1
1609000,122695,1,0,1
671336,122696,1,0,1
4275592,122697,1,0,1
4725824,122698,1,1,0
794528,122699,1,1,0
4779736,122700,1,1,0
797888,122701,1,0,1
964072,122702,1,1,0
1855144,122703,1,1,0
661696,122704,1,1,0
6658480,122705,1,0,1
3844856,122706,1,0,1
468592,122707,1,0,1
3977896,122708,1,0,1
235784,122709,1,1,0
3413896,122710,1,0,1
766216,122711,1,0,1
1559936,122712,1,0,1
2764456,122713,1,1,0
6678904,122714,1,0,1
4460912,122715,1,1,0
230224,122716,1,1,0
1942544,122717,1,1,0
2708368,122718,1,0,1
7502560,122719,1,1,0
522984,122720,1,1,0
1077248,122721,1,1,0
5834032,122722,1,1,0
318960,122723,1,1,0
2775544,122724,1,0,1
6361040,122725,1,1,0
5748176,122726,1,1,0
4349488,122727,1,0,1
5132640,122728,1,0,1
4386048,122729,1,1,0
2973584,122730,1,0,1
4743960,122731,1,1,0
6297704,122732,1,1,0
6723704,122733,1,0,1
5764760,122734,1,0,1
201232,122735,1,0,1
3631000,122736,1,1,0
2374680,122737,1,1,0
1898368,122738,1,1,0
2964240,122739,1,1,0
691640,122740,1,1,0
488400,122741,1,1,0
405288,122742,1,0,1
471600,122743,1,0,1
6157360,122744,1,0,1
519496,122745,1,0,1
5894152,122746,1,1,0
2859536,122747,1,0,1
1229496,122748,1,0,1
227152,122749,1,0,1
3449304,122750,1,1,0
2495440,122751,1,1,0
361920,122752,1,0,1
2592640,122753,1,1,0
612888,122754,1,1,0
1690592,122755,1,0,1
796248,122756,1,0,1
638080,122757,1,0,1
3829352,122758,1,0,1
946216,122759,1,0,1
2122864,122760,1,0,1
703560,122761,1,0,1
3271576,122762,1,1,0
982232,122763,1,1,0
365960,122764,1,0,1
573816,122765,1,1,0
2918608,122766,1,0,1
2366544,122767,1,1,0
3616376,122768,1,0,1
4578952,122769,1,1,0
2648936,122770,1,1,0
3204080,122771,1,1,0
3146432,122772,1,0,1
359800,122773,1,0,1
798520,122774,1,1,0
1669832,122775,1,0,1
2631584,122776,1,1,0
5199064,122777,1,0,1
2052024,122778,1,1,0
708336,122779,1,1,0
6713456,122780,1,1,0
7793952,122781,1,1,0
2938120,122782,1,1,0
5983632,122783,1,0,1
1212800,122784,1,0,1
412288,122785,1,0,1
1364104,122786,1,1,0
5628608,122787,1,0,1
7355656,122788,1,1,0
435840,122789,1,1,0
5941192,122790,1,0,1
8190592,122791,1,0,1
51992,122792,1,1,0
2310672,122793,1,1,0
3311568,122794,1,1,0
5122224,122795,1,0,1
1904632,122796,1,1,0
1980432,122797,1,1,0
1746592,122798,1,0,1
1612896,122799,1,1,0
211400,122800,1,1,0
3251504,122801,1,0,1
3766488,122802,1,1,0
5142312,122803,1,1,0
418104,122804,1,0,1
7263320,122805,1,0,1
2289424,122806,1,1,0
2901960,122807,1,1,0
1443840,122808,1,0,1
5444032,122809,1,1,0
5909712,122810,1,1,0
6319968,122811,1,0,1
7302904,122812,1,0,1
3505392,122813,1,1,0
974344,122814,1,0,1
1594024,122815,1,0,1
1962680,122816,1,1,0
5523392,122817,1,1,0
3295064,122818,1,1,0
163008,122819,1,0,1
601856,122820,1,1,0
218024,122821,1,0,1
1689936,122822,1,1,0
5828592,122823,1,1,0
5149192,122824,1,1,0
5237016,122825,1,1,0
1030528,122826,1,0,1
628936,122827,1,0,1
272312,122828,1,1,0
7507040,122829,1,0,1
550848,122830,1,0,1
594448,122831,1,1,0
3793664,122832,1,1,0
604808,122833,1,0,1
591160,122834,1,0,1
2903560,122835,1,1,0
2072296,122836,1,0,1
3983920,122837,1,0,1
1805360,122838,1,1,0
422632,122839,1,0,1
8292432,122840,1,0,1
2213400,122841,1,1,0
8372464,122842,1,1,0
3264504,122843,1,1,0
2766248,122844,1,0,1
404672,122845,1,1,0
3565440,122846,1,1,0
873024,122847,1,0,1
589792,122848,1,1,0
1622032,122849,1,0,1
2292296,122850,1,0,1
1704160,122851,1,0,1
4384400,122852,1,1,0
5248776,122853,1,1,0
869872,122854,1,1,0
2566560,122855,1,0,1
705080,122856,1,1,0
631024,122857,1,1,0
3572904,122858,1,0,1
4949576,122859,1,1,0
2501200,122860,1,1,0
999912,122861,1,1,0
6278928,122862,1,1,0
1759944,122863,1,1,0
2514184,122864,1,1,0
2389600,122865,1,0,1
6149632,122866,1,0,1
4254880,122867,1,1,0
1331760,122868,1,0,1
4633680,122869,1,0,1
3476136,122870,1,0,1
2694240,122871,1,1,0
2977872,122872,1,0,1
1914208,122873,1,1,0
821496,122874,1,1,0
1526424,122875,1,0,1
1596256,122876,1,0,1
1719160,122877,1,1,0
1454752,122878,1,1,0
1399640,122879,1,1,0
300384,122880,1,1,0
2985856,122881,1,1,0
2851456,122882,1,1,0
1847960,122883,1,1,0
4973168,122884,1,1,0
7740288,122885,1,1,0
5041208,122886,1,1,0
2572040,122887,1,1,0
530832,122888,1,0,1
637088,122889,1,1,0
269272,122890,1,1,0
7042720,122891,1,0,1
2574112,122892,1,1,0
2671160,122893,1,0,1
1990232,122894,1,1,0
7867176,122895,1,0,1
2209528,122896,1,0,1
2720912,122897,1,1,0
5067304,122898,1,1,0
1304120,122899,1,1,0
3994600,122900,1,1,0
7210248,122901,1,1,0
2365728,122902,1,0,1
5208544,122903,1,0,1
7997592,122904,1,1,0
1211152,122905,1,0,1
4328608,122906,1,0,1
2315536,122907,1,1,0
5435408,122908,1,0,1
7404672,122909,1,0,1
739848,122910,1,0,1
449608,122911,1,0,1
7970560,122912,1,0,1
2237720,122913,1,1,0
1761176,122914,1,0,1
6867152,122915,1,0,1
3352528,122916,1,1,0
2169192,122917,1,1,0
4293864,122918,1,0,1
761048,122919,1,1,0
7380800,122920,1,0,1
548192,122921,1,0,1
4335512,122922,1,0,1
5277728,122923,1,0,1
7568072,122924,1,0,1
1567272,122925,1,1,0
2273176,122926,1,1,0
6362568,122927,1,0,1
3337056,122928,1,0,1
6104008,122929,1,0,1
5114928,122930,1,0,1
5158456,122931,1,1,0
2263304,122932,1,1,0
1212064,122933,1,1,0
3293832,122934,1,0,1
288800,122935,1,0,1
653944,122936,1,0,1
3028648,122937,1,1,0
1299736,122938,1,1,0
5987992,122939,1,1,0
6600632,122940,1,1,0
7787328,122941,1,0,1
6408976,122942,1,1,0
929896,122943,1,1,0
935120,122944,1,0,1
3076960,122945,1,0,1
1887488,122946,1,0,1
1629256,122947,1,1,0
1846576,122948,1,1,0
7547480,122949,1,0,1
1311384,122950,1,0,1
6288176,122951,1,0,1
47192,122952,1,0,1
1340744,122953,1,0,1
1528144,122954,1,1,0
5795944,122955,1,1,0
204088,122956,1,1,0
2127168,122957,1,0,1
1829048,122958,1,0,1
3148216,122959,1,0,1
876000,122960,1,1,0
642896,122961,1,1,0
5825704,122962,1,1,0
887736,122963,1,0,1
4673968,122964,1,0,1
5277136,122965,1,1,0
2371048,122966,1,0,1
1065064,122967,1,1,0
1620848,122968,1,0,1
1730336,122969,1,0,1
565888,122970,1,0,1
508504,122971,1,1,0
512976,122972,1,0,1
4258368,122973,1,0,1
791240,122974,1,0,1
1508800,122975,1,0,1
2488656,122976,1,0,1
1061824,122977,1,0,1
266304,122978,1,1,0
5425760,122979,1,0,1
2130632,122980,1,0,1
2861888,122981,1,0,1
1336760,122982,1,0,1
4253848,122983,1,0,1
1255328,122984,1,1,0
5369504,122985,1,0,1
853416,122986,1,0,1
1491664,122987,1,1,0
388488,122988,1,1,0
2209552,122989,1,1,0
5915856,122990,1,0,1
4856784,122991,1,0,1
1460064,122992,1,0,1
664040,122993,1,0,1
617960,122994,1,0,1
3902648,122995,1,0,1
836952,122996,1,1,0
5464224,122997,1,0,1
1252656,122998,1,1,0
7413984,122999,1,0,1
3151464,123000,1,0,1
3967760,123001,1,0,1
4985392,123002,1,1,0
692320,123003,1,1,0
301728,123004,1,0,1
2682264,123005,1,0,1
7671720,123006,1,1,0
6681656,123007,1,0,1
1676416,123008,1,1,0
1191696,123009,1,1,0
3943576,123010,1,1,0
6693872,123011,1,0,1
1484600,123012,1,0,1
6391304,123013,1,1,0
627776,123014,1,1,0
7534144,123015,1,1,0
7369312,123016,1,1,0
3719088,123017,1,1,0
5872144,123018,1,0,1
3209520,123019,1,0,1
7873432,123020,1,0,1
2439696,123021,1,1,0
3926584,123022,1,0,1
1388056,123023,1,0,1
3199944,123024,1,0,1
1118296,123025,1,1,0
1707336,123026,1,0,1
2517744,123027,1,1,0
5742720,123028,1,1,0
302416,123029,1,1,0
217680,123030,1,1,0
6860024,123031,1,0,1
2361632,123032,1,0,1
350552,123033,1,0,1
7400408,123034,1,0,1
3511648,123035,1,0,1
6827880,123036,1,1,0
4459184,123037,1,1,0
498224,123038,1,0,1
6182160,123039,1,1,0
654288,123040,1,1,0
3439496,123041,1,0,1
6815216,123042,1,0,1
4930480,123043,1,1,0
141008,123044,1,1,0
2843216,123045,1,0,1
1512256,123046,1,1,0
2636760,123047,1,0,1
2375976,123048,1,0,1
4363936,123049,1,1,0
163904,123050,1,1,0
2525864,123051,1,1,0
1080176,123052,1,0,1
1237312,123053,1,0,1
2949592,123054,1,0,1
3486288,123055,1,0,1
7161352,123056,1,0,1
5576088,123057,1,0,1
949056,123058,1,0,1
1021928,123059,1,0,1
2828360,123060,1,0,1
4159776,123061,1,1,0
4466104,123062,1,0,1
8164392,123063,1,1,0
869088,123064,1,1,0
3789184,123065,1,1,0
4792784,123066,1,1,0
7087944,123067,1,1,0
3696344,123068,1,1,0
3721168,123069,1,1,0
712504,123070,1,0,1
6006248,123071,1,0,1
970992,123072,1,1,0
219872,123073,1,0,1
2423776,123074,1,1,0
1022352,123075,1,1,0
1364760,123076,1,1,0
5213136,123077,1,0,1
1790352,123078,1,1,0
642032,123079,1,1,0
3752952,123080,1,0,1
4572056,123081,1,0,1
3266592,123082,1,0,1
1974648,123083,1,0,1
6249856,123084,1,0,1
1853616,123085,1,0,1
8284240,123086,1,1,0
3066232,123087,1,1,0
1470216,123088,1,0,1
1299560,123089,1,1,0
474544,123090,1,0,1
5654392,123091,1,1,0
347872,123092,1,0,1
742640,123093,1,0,1
1196168,123094,1,0,1
1892224,123095,1,1,0
2831688,123096,1,0,1
4915456,123097,1,1,0
1776392,123098,1,1,0
1539656,123099,1,1,0
4538936,123100,1,1,0
273312,123101,1,1,0
620968,123102,1,1,0
729936,123103,1,0,1
631192,123104,1,1,0
7642632,123105,1,1,0
6105560,123106,1,0,1
2531288,123107,1,0,1
1562560,123108,1,1,0
7816864,123109,1,0,1
559416,123110,1,0,1
1246624,123111,1,0,1
2833320,123112,1,0,1
8060504,123113,1,1,0
809056,123114,1,1,0
849808,123115,1,1,0
193792,123116,1,0,1
7777952,123117,1,0,1
4320448,123118,1,0,1
4038440,123119,1,1,0
4246184,123120,1,0,1
2700984,123121,1,0,1
3268736,123122,1,1,0
7608664,123123,1,0,1
760416,123124,1,1,0
3042432,123125,1,0,1
1350328,123126,1,1,0
1278232,123127,1,0,1
2066768,123128,1,0,1
6391976,123129,1,0,1
4065264,123130,1,0,1
1307248,123131,1,1,0
626744,123132,1,1,0
7388808,123133,1,1,0
6990776,123134,1,1,0
397960,123135,1,1,0
7859440,123136,1,1,0
790136,123137,1,0,1
4475728,123138,1,1,0
7543984,123139,1,0,1
1305440,123140,1,0,1
8098344,123141,1,1,0
239600,123142,1,1,0
5482168,123143,1,1,0
1627632,123144,1,0,1
673848,123145,1,1,0
7415344,123146,1,0,1
1757648,123147,1,1,0
1479256,123148,1,0,1
4503176,123149,1,1,0
5606104,123150,1,0,1
874280,123151,1,1,0
5148128,123152,1,1,0
2522472,123153,1,1,0
2101488,123154,1,0,1
161176,123155,1,0,1
7076480,123156,1,1,0
7344360,123157,1,0,1
5586120,123158,1,0,1
592232,123159,1,1,0
1543416,123160,1,1,0
212304,123161,1,0,1
5263328,123162,1,1,0
1169024,123163,1,0,1
946944,123164,1,0,1
2269568,123165,1,0,1
3596608,123166,1,0,1
2630744,123167,1,0,1
277440,123168,1,0,1
3725080,123169,1,1,0
1149688,123170,1,0,1
5402064,123171,1,1,0
5775360,123172,1,0,1
903744,123173,1,0,1
742864,123174,1,0,1
3306856,123175,1,1,0
148224,123176,1,0,1
1243128,123177,1,0,1
2610056,123178,1,0,1
543808,123179,1,1,0
1930064,123180,1,1,0
291760,123181,1,1,0
7022392,123182,1,0,1
463776,123183,1,1,0
5719536,123184,1,1,0
1853632,123185,1,1,0
624488,123186,1,0,1
434968,123187,1,1,0
2060504,123188,1,0,1
3174112,123189,1,0,1
2308104,123190,1,1,0
1559000,123191,1,1,0
4416488,123192,1,0,1
2223792,123193,1,0,1
3925648,123194,1,1,0
780776,123195,1,1,0
5411432,123196,1,1,0
711408,123197,1,1,0
687960,123198,1,1,0
2872880,123199,1,1,0
987824,123200,1,0,1
709152,123201,1,0,1
3044328,123202,1,1,0
361328,123203,1,1,0
688864,123204,1,1,0
464624,123205,1,0,1
1421472,123206,1,1,0
544040,123207,1,1,0
1956864,123208,1,1,0
424872,123209,1,0,1
3800200,123210,1,0,1
7723288,123211,1,1,0
4705784,123212,1,1,0
189088,123213,1,0,1
3645216,123214,1,0,1
1512432,123215,1,0,1
8278440,123216,1,1,0
3335328,123217,1,1,0
909720,123218,1,0,1
729952,123219,1,1,0
454640,123220,1,1,0
1211520,123221,1,1,0
7329376,123222,1,1,0
7148176,123223,1,0,1
2696544,123224,1,1,0
2137736,123225,1,1,0
2845008,123226,1,1,0
550640,123227,1,0,1
623784,123228,1,0,1
1264648,123229,1,0,1
3286792,123230,1,1,0
4792296,123231,1,0,1
491352,123232,1,1,0
3128904,123233,1,0,1
3083720,123234,1,0,1
1493168,123235,1,0,1
1130656,123236,1,1,0
1222720,123237,1,0,1
4120328,123238,1,1,0
750072,123239,1,1,0
578448,123240,1,0,1
5534720,123241,1,0,1
2601688,123242,1,0,1
1492384,123243,1,0,1
1289192,123244,1,0,1
665232,123245,1,1,0
3413960,123246,1,1,0
7232600,123247,1,0,1
304312,123248,1,0,1
2028768,123249,1,0,1
138160,123250,1,1,0
1188400,123251,1,1,0
3211584,123252,1,0,1
2694624,123253,1,1,0
1386472,123254,1,0,1
1610832,123255,1,0,1
1721408,123256,1,1,0
1008168,123257,1,1,0
266672,123258,1,0,1
3928136,123259,1,1,0
3480488,123260,1,0,1
4799864,123261,1,0,1
1258232,123262,1,1,0
5928120,123263,1,1,0
196472,123264,1,1,0
1568176,123265,1,1,0
7000112,123266,1,0,1
1558232,123267,1,1,0
5255424,123268,1,1,0
3747888,123269,1,1,0
1122584,123270,1,1,0
759888,123271,1,1,0
8075840,123272,1,1,0
129184,123273,1,1,0
600000,123274,1,0,1
521648,123275,1,1,0
3550600,123276,1,1,0
6905552,123277,1,0,1
568296,123278,1,0,1
2784768,123279,1,1,0
594320,123280,1,0,1
1313048,123281,1,1,0
421264,123282,1,1,0
985952,123283,1,0,1
3826472,123284,1,0,1
2216960,123285,1,1,0
2607808,123286,1,1,0
1007424,123287,1,0,1
1826728,123288,1,1,0
2624720,123289,1,1,0
5724216,123290,1,0,1
578464,123291,1,1,0
256208,123292,1,1,0
443800,123293,1,0,1
1550656,123294,1,0,1
2262560,123295,1,0,1
5229008,123296,1,0,1
2461160,123297,1,0,1
1350272,123298,1,0,1
4999488,123299,1,0,1
2880040,123300,1,1,0
252080,123301,1,0,1
3628760,123302,1,1,0
576048,123303,1,1,0
3205104,123304,1,1,0
6556320,123305,1,1,0
1907520,123306,1,1,0
5482000,123307,1,1,0
803840,123308,1,0,1
1752320,123309,1,1,0
138424,123310,1,0,1
301968,123311,1,0,1
4364904,123312,1,1,0
1197968,123313,1,0,1
1419240,123314,1,0,1
1267056,123315,1,1,0
2327048,123316,1,0,1
6508160,123317,1,1,0
603944,123318,1,1,0
3606320,123319,1,0,1
2908840,123320,1,0,1
2814104,123321,1,1,0
2252248,123322,1,1,0
5249400,123323,1,1,0
4523832,123324,1,1,0
2684328,123325,1,0,1
3663752,123326,1,0,1
2479648,123327,1,1,0
1857560,123328,1,1,0
5478336,123329,1,0,1
971552,123330,1,1,0
5417536,123331,1,0,1
4253232,123332,1,0,1
1785728,123333,1,0,1
6175784,123334,1,1,0
1043984,123335,1,1,0
1716680,123336,1,0,1
3498416,123337,1,0,1
7665712,123338,1,0,1
2170600,123339,1,0,1
4949008,123340,1,1,0
3548720,123341,1,0,1
6491000,123342,1,1,0
1151840,123343,1,0,1
1525792,123344,1,1,0
291544,123345,1,1,0
3494856,123346,1,0,1
1223336,123347,1,0,1
140960,123348,1,1,0
4783536,123349,1,0,1
6441024,123350,1,1,0
4691736,123351,1,1,0
4956648,123352,1,0,1
5452376,123353,1,0,1
199920,123354,1,1,0
7321384,123355,1,0,1
2342000,123356,1,1,0
4306728,123357,1,1,0
1735832,123358,1,1,0
3320128,123359,1,0,1
6954632,123360,1,0,1
779936,123361,1,0,1
2039160,123362,1,0,1
2773384,123363,1,0,1
3752608,123364,1,0,1
1054448,123365,1,0,1
2515104,123366,1,0,1
5491184,123367,1,0,1
2400304,123368,1,1,0
813816,123369,1,0,1
1802960,123370,1,1,0
5906296,123371,1,1,0
1112200,123372,1,1,0
5662728,123373,1,0,1
5945016,123374,1,0,1
852416,123375,1,0,1
6772008,123376,1,1,0
6567792,123377,1,0,1
6109816,123378,1,0,1
1008136,123379,1,0,1
4093288,123380,1,0,1
370624,123381,1,0,1
2578592,123382,1,1,0
179536,123383,1,1,0
2066904,123384,1,1,0
933504,123385,1,0,1
461448,123386,1,0,1
2672104,123387,1,1,0
1358192,123388,1,1,0
5803608,123389,1,0,1
537432,123390,1,1,0
2647416,123391,1,0,1
6554704,123392,1,1,0
6932608,123393,1,0,1
1870520,123394,1,0,1
3847272,123395,1,0,1
316392,123396,1,1,0
1677712,123397,1,0,1
406800,123398,1,0,1
7663160,123399,1,0,1
2811728,123400,1,0,1
3642408,123401,1,0,1
217608,123402,1,1,0
6961216,123403,1,1,0
6161000,123404,1,0,1
300984,123405,1,0,1
1111416,123406,1,1,0
4013608,123407,1,1,0
1042392,123408,1,1,0
1095664,123409,1,1,0
4691784,123410,1,1,0
1848912,123411,1,0,1
2832728,123412,1,1,0
1293560,123413,1,1,0
1413968,123414,1,0,1
5318608,123415,1,1,0
7967240,123416,1,1,0
1045872,123417,1,1,0
2153920,123418,1,0,1
1604880,123419,1,0,1
973088,123420,1,1,0
966080,123421,1,0,1
2452424,123422,1,0,1
3622728,123423,1,1,0
873952,123424,1,0,1
1148184,123425,1,0,1
2225472,123426,1,1,0
852440,123427,1,0,1
1755144,123428,1,0,1
2368696,123429,1,0,1
1106576,123430,1,1,0
1031992,123431,1,1,0
7795264,123432,1,1,0
5606208,123433,1,1,0
8048216,123434,1,0,1
3537744,123435,1,0,1
3326464,123436,1,1,0
345736,123437,1,1,0
7185560,123438,1,0,1
585584,123439,1,1,0
5877432,123440,1,1,0
1609808,123441,1,0,1
3759672,123442,1,0,1
1784000,123443,1,0,1
2481288,123444,1,1,0
2574800,123445,1,1,0
496064,123446,1,0,1
1200912,123447,1,1,0
1235632,123448,1,1,0
944544,123449,1,1,0
665312,123450,1,0,1
7224624,123451,1,0,1
1170520,123452,1,1,0
1505232,123453,1,1,0
394744,123454,1,1,0
2003480,123455,1,1,0
881616,123456,1,0,1
3705088,123457,1,1,0
3181648,123458,1,1,0
3975760,123459,1,0,1
1098632,123460,1,0,1
2124696,123461,1,1,0
6758536,123462,1,0,1
6655600,123463,1,1,0
99240,123464,1,0,1
4894128,123465,1,1,0
7294344,123466,1,0,1
4775984,123467,1,0,1
3923664,123468,1,1,0
3974416,123469,1,1,0
1640232,123470,1,0,1
1636872,123471,1,1,0
3306064,123472,1,0,1
7753176,123473,1,1,0
898672,123474,1,0,1
256832,123475,1,1,0
3639712,123476,1,1,0
5314912,123477,1,0,1
338648,123478,1,0,1
2650912,123479,1,1,0
6151848,123480,1,1,0
2243384,123481,1,1,0
168176,123482,1,0,1
3277040,123483,1,1,0
6708712,123484,1,1,0
1388640,123485,1,0,1
4450952,123486,1,0,1
1772952,123487,1,1,0
1389008,123488,1,1,0
3621848,123489,1,0,1
547520,123490,1,1,0
4835016,123491,1,0,1
615632,123492,1,0,1
6906744,123493,1,0,1
3528952,123494,1,1,0
4638744,123495,1,1,0
1461096,123496,1,1,0
1863296,123497,1,1,0
4420728,123498,1,1,0
3147040,123499,1,1,0
3929144,123500,1,0,1
660968,123501,1,1,0
470640,123502,1,1,0
733744,123503,1,0,1
7996320,123504,1,1,0
2082672,123505,1,0,1
4757832,123506,1,1,0
424224,123507,1,1,0
333744,123508,1,1,0
1212136,123509,1,1,0
636288,123510,1,1,0
288568,123511,1,0,1
4052576,123512,1,1,0
5092224,123513,1,0,1
5742840,123514,1,0,1
132568,123515,1,0,1
4702672,123516,1,1,0
6561760,123517,1,0,1
170704,123518,1,0,1
6477072,123519,1,1,0
6437304,123520,1,1,0
2220288,123521,1,0,1
366040,123522,1,1,0
5855720,123523,1,1,0
3987000,123524,1,1,0
1087096,123525,1,1,0
2420520,123526,1,0,1
1263832,123527,1,1,0
670144,123528,1,0,1
1981552,123529,1,0,1
833024,123530,1,1,0
3428432,123531,1,0,1
1327096,123532,1,0,1
4203704,123533,1,1,0
6806560,123534,1,1,0
6779408,123535,1,1,0
2240120,123536,1,0,1
2112064,123537,1,1,0
4626240,123538,1,0,1
5972080,123539,1,0,1
1737888,123540,1,0,1
181576,123541,1,0,1
449056,123542,1,0,1
395688,123543,1,0,1
709368,123544,1,0,1
4432040,123545,1,1,0
5827864,123546,1,1,0
1599008,123547,1,1,0
732456,123548,1,1,0
3754384,123549,1,1,0
4913280,123550,1,1,0
6547752,123551,1,1,0
3706096,123552,1,1,0
324272,123553,1,1,0
2330408,123554,1,0,1
5903208,123555,1,0,1
7905792,123556,1,1,0
2068264,123557,1,0,1
7365232,123558,1,1,0
2535760,123559,1,0,1
2647696,123560,1,1,0
1743680,123561,1,0,1
6589504,123562,1,0,1
1252720,123563,1,0,1
967384,123564,1,1,0
1754536,123565,1,1,0
3195072,123566,1,1,0
79464,123567,1,1,0
6060128,123568,1,0,1
5111784,123569,1,1,0
5321984,123570,1,0,1
1348824,123571,1,0,1
3532880,123572,1,1,0
944520,123573,1,0,1
2626424,123574,1,0,1
2035712,123575,1,1,0
5349736,123576,1,0,1
2087840,123577,1,1,0
506528,123578,1,1,0
3498216,123579,1,1,0
3425624,123580,1,1,0
997176,123581,1,0,1
3673696,123582,1,0,1
1818896,123583,1,0,1
2980240,123584,1,0,1
399000,123585,1,0,1
1170240,123586,1,0,1
6316320,123587,1,0,1
500520,123588,1,1,0
3878648,123589,1,0,1
569224,123590,1,1,0
2764840,123591,1,1,0
2470880,123592,1,0,1
1980880,123593,1,1,0
6918432,123594,1,0,1
643536,123595,1,0,1
826120,123596,1,0,1
3671072,123597,1,1,0
1564624,123598,1,1,0
7144920,123599,1,0,1
4029912,123600,1,0,1
999720,123601,1,1,0
3753224,123602,1,0,1
2051608,123603,1,1,0
304568,123604,1,0,1
137744,123605,1,1,0
5901056,123606,1,1,0
1955072,123607,1,1,0
5209384,123608,1,1,0
854112,123609,1,1,0
612048,123610,1,0,1
4933504,123611,1,0,1
1254304,123612,1,0,1
6022008,123613,1,0,1
128824,123614,1,0,1
2217592,123615,1,0,1
408904,123616,1,0,1
2104680,123617,1,1,0
7665424,123618,1,1,0
1325280,123619,1,0,1
3674552,123620,1,0,1
6468784,123621,1,0,1
7216312,123622,1,1,0
6794920,123623,1,1,0
498424,123624,1,0,1
734928,123625,1,0,1
145920,123626,1,0,1
452632,123627,1,1,0
2791880,123628,1,1,0
1997992,123629,1,1,0
3014656,123630,1,0,1
2704320,123631,1,0,1
1037584,123632,1,0,1
8178944,123633,1,0,1
7938064,123634,1,1,0
3565856,123635,1,0,1
1345672,123636,1,1,0
3867248,123637,1,0,1
6594208,123638,1,0,1
6465400,123639,1,1,0
7769712,123640,1,1,0
4448664,123641,1,0,1
5124048,123642,1,0,1
595152,123643,1,1,0
1220408,123644,1,1,0
2101352,123645,1,1,0
1755336,123646,1,1,0
5766440,123647,1,0,1
3797264,123648,1,1,0
875560,123649,1,0,1
3312752,123650,1,0,1
458976,123651,1,0,1
323888,123652,1,0,1
4668496,123653,1,0,1
1234688,123654,1,0,1
359632,123655,1,0,1
1397272,123656,1,0,1
2718072,123657,1,0,1
2783656,123658,1,1,0
4155800,123659,1,0,1
5147592,123660,1,1,0
1284704,123661,1,1,0
138856,123662,1,1,0
1743040,123663,1,0,1
445928,123664,1,0,1
4652640,123665,1,0,1
766312,123666,1,0,1
2523680,123667,1,0,1
2685760,123668,1,1,0
4073232,123669,1,1,0
1685648,123670,1,1,0
6153144,123671,1,1,0
6702536,123672,1,1,0
2210656,123673,1,0,1
2105168,123674,1,0,1
6973400,123675,1,1,0
967848,123676,1,1,0
1668800,123677,1,1,0
1850016,123678,1,1,0
1904384,123679,1,0,1
1517480,123680,1,1,0
1147760,123681,1,1,0
5973552,123682,1,0,1
2537152,123683,1,0,1
642344,123684,1,1,0
3052048,123685,1,0,1
4417600,123686,1,0,1
2093744,123687,1,0,1
5446544,123688,1,0,1
8360208,123689,1,1,0
1590528,123690,1,0,1
4509432,123691,1,1,0
457600,123692,1,1,0
5009936,123693,1,0,1
2684992,123694,1,0,1
238856,123695,1,1,0
3059552,123696,1,0,1
777528,123697,1,1,0
1421792,123698,1,0,1
3797640,123699,1,0,1
2770112,123700,1,1,0
3073904,123701,1,0,1
6951704,123702,1,0,1
5341904,123703,1,1,0
3052696,123704,1,1,0
594032,123705,1,1,0
1680816,123706,1,0,1
2611128,123707,1,1,0
7860416,123708,1,1,0
5528928,123709,1,0,1
1156304,123710,1,0,1
7220400,123711,1,1,0
2067184,123712,1,1,0
3915040,123713,1,0,1
446208,123714,1,1,0
1092112,123715,1,0,1
2647144,123716,1,1,0
7355840,123717,1,1,0
227816,123718,1,1,0
4612352,123719,1,1,0
5677448,123720,1,0,1
412424,123721,1,0,1
8305720,123722,1,1,0
8261760,123723,1,0,1
1679656,123724,1,1,0
5553368,123725,1,0,1
1512800,123726,1,0,1
4703464,123727,1,0,1
3167904,123728,1,0,1
6040840,123729,1,0,1
5313280,123730,1,1,0
2684784,123731,1,0,1
1492136,123732,1,0,1
1093896,123733,1,1,0
1524944,123734,1,0,1
5328192,123735,1,1,0
4141440,123736,1,1,0
6116272,123737,1,0,1
8379152,123738,1,0,1
1163072,123739,1,0,1
3893232,123740,1,0,1
3353344,123741,1,0,1
3993152,123742,1,0,1
8045888,123743,1,1,0
3052488,123744,1,0,1
265656,123745,1,0,1
1880400,123746,1,1,0
324792,123747,1,0,1
6405136,123748,1,0,1
377464,123749,1,1,0
3268216,123750,1,0,1
1146256,123751,1,1,0
811896,123752,1,1,0
5463968,123753,1,1,0
1173864,123754,1,0,1
8177280,123755,1,1,0
388672,123756,1,1,0
303264,123757,1,0,1
2931336,123758,1,0,1
554760,123759,1,0,1
4138600,123760,1,1,0
239824,123761,1,0,1
669856,123762,1,1,0
191472,123763,1,0,1
2389784,123764,1,0,1
864968,123765,1,1,0
6606720,123766,1,0,1
414056,123767,1,0,1
2771904,123768,1,1,0
4468496,123769,1,1,0
3669240,123770,1,0,1
3692232,123771,1,0,1
1288144,123772,1,0,1
145032,123773,1,1,0
846936,123774,1,0,1
2440600,123775,1,0,1
3442616,123776,1,0,1
5208528,123777,1,0,1
3513184,123778,1,1,0
6689832,123779,1,0,1
2198056,123780,1,1,0
917728,123781,1,0,1
2087408,123782,1,1,0
4019048,123783,1,1,0
572168,123784,1,0,1
7941840,123785,1,0,1
4228040,123786,1,1,0
5061328,123787,1,1,0
1772536,123788,1,0,1
305400,123789,1,0,1
1821392,123790,1,0,1
1501432,123791,1,1,0
6512384,123792,1,0,1
2381144,123793,1,1,0
8310360,123794,1,0,1
1605496,123795,1,1,0
4156544,123796,1,1,0
2121128,123797,1,0,1
1476344,123798,1,1,0
500704,123799,1,0,1
1414504,123800,1,0,1
7684848,123801,1,1,0
1862640,123802,1,0,1
866136,123803,1,1,0
8145888,123804,1,0,1
7767856,123805,1,0,1
702080,123806,1,1,0
6343072,123807,1,1,0
2014160,123808,1,0,1
1137048,123809,1,0,1
205736,123810,1,0,1
3009512,123811,1,1,0
1065112,123812,1,1,0
8328704,123813,1,0,1
1621800,123814,1,0,1
1315768,123815,1,1,0
373368,123816,1,0,1
4349264,123817,1,1,0
1520352,123818,1,0,1
811024,123819,1,0,1
2125392,123820,1,0,1
7452928,123821,1,1,0
5167424,123822,1,0,1
5639264,123823,1,1,0
2614976,123824,1,1,0
484752,123825,1,0,1
5332528,123826,1,1,0
1559336,123827,1,1,0
5208640,123828,1,1,0
2342520,123829,1,1,0
7866016,123830,1,0,1
1235464,123831,1,0,1
7127904,123832,1,0,1
1163320,123833,1,1,0
4757880,123834,1,1,0
319552,123835,1,1,0
5485776,123836,1,1,0
6305080,123837,1,0,1
1023472,123838,1,1,0
1977968,123839,1,0,1
4617984,123840,1,1,0
5345904,123841,1,1,0
8250728,123842,1,0,1
1942552,123843,1,0,1
1578080,123844,1,0,1
4962992,123845,1,0,1
646712,123846,1,1,0
6753624,123847,1,1,0
601048,123848,1,0,1
818656,123849,1,0,1
446104,123850,1,1,0
6130536,123851,1,1,0
524496,123852,1,0,1
4522232,123853,1,1,0
364768,123854,1,1,0
1674784,123855,1,0,1
2270584,123856,1,1,0
1457840,123857,1,0,1
458208,123858,1,1,0
7140192,123859,1,1,0
1428160,123860,1,0,1
7228376,123861,1,0,1
4667896,123862,1,0,1
3483088,123863,1,0,1
4815888,123864,1,1,0
5531168,123865,1,1,0
1019664,123866,1,1,0
4051904,123867,1,0,1
1166440,123868,1,1,0
1300088,123869,1,0,1
4476608,123870,1,1,0
209888,123871,1,1,0
468656,123872,1,1,0
2196592,123873,1,0,1
1612920,123874,1,0,1
4425488,123875,1,0,1
5816456,123876,1,0,1
1181064,123877,1,0,1
5384712,123878,1,0,1
6269976,123879,1,0,1
1483040,123880,1,0,1
7794184,123881,1,0,1
1298096,123882,1,1,0
3125032,123883,1,1,0
2120576,123884,1,0,1
135784,123885,1,0,1
3397664,123886,1,0,1
7700872,123887,1,1,0
3375296,123888,1,1,0
500896,123889,1,0,1
6140424,123890,1,1,0
616904,123891,1,0,1
6482160,123892,1,1,0
6594568,123893,1,0,1
1858776,123894,1,0,1
5709472,123895,1,1,0
1513264,123896,1,0,1
8371384,123897,1,1,0
3628728,123898,1,0,1
2054184,123899,1,0,1
1338448,123900,1,1,0
1940088,123901,1,1,0
7712744,123902,1,1,0
672056,123903,1,0,1
5959968,123904,1,1,0
2794168,123905,1,0,1
1747528,123906,1,0,1
2938368,123907,1,1,0
2682968,123908,1,0,1
7188480,123909,1,0,1
520424,123910,1,1,0
222648,123911,1,0,1
2657248,123912,1,0,1
6543792,123913,1,1,0
3317784,123914,1,0,1
460848,123915,1,1,0
4679224,123916,1,0,1
864448,123917,1,0,1
1675848,123918,1,1,0
1833232,123919,1,1,0
185064,123920,1,1,0
567224,123921,1,0,1
316944,123922,1,0,1
1981208,123923,1,0,1
952528,123924,1,0,1
6555776,123925,1,1,0
3182912,123926,1,0,1
757488,123927,1,1,0
5506768,123928,1,1,0
993464,123929,1,0,1
3931520,123930,1,0,1
3803288,123931,1,1,0
3293336,123932,1,0,1
4297272,123933,1,0,1
1798760,123934,1,0,1
839312,123935,1,0,1
5196888,123936,1,0,1
491744,123937,1,1,0
1596240,123938,1,1,0
397880,123939,1,0,1
6651904,123940,1,0,1
5431784,123941,1,1,0
1929256,123942,1,1,0
2880984,123943,1,1,0
4540880,123944,1,0,1
866200,123945,1,1,0
1835840,123946,1,0,1
846328,123947,1,1,0
1496512,123948,1,0,1
7442616,123949,1,1,0
1815816,123950,1,0,1
520624,123951,1,1,0
392552,123952,1,0,1
397888,123953,1,1,0
998232,123954,1,0,1
7390240,123955,1,0,1
514520,123956,1,1,0
1115560,123957,1,1,0
611520,123958,1,0,1
412648,123959,1,0,1
4746816,123960,1,1,0
351712,123961,1,1,0
312016,123962,1,1,0
2374128,123963,1,1,0
686504,123964,1,1,0
4062752,123965,1,1,0
812440,123966,1,1,0
3581632,123967,1,0,1
2184200,123968,1,1,0
2037720,123969,1,0,1
433992,123970,1,0,1
5143552,123971,1,0,1
7697928,123972,1,0,1
4141688,123973,1,1,0
3941192,123974,1,0,1
300272,123975,1,1,0
567600,123976,1,0,1
7825872,123977,1,1,0
5505592,123978,1,1,0
7551896,123979,1,0,1
1080696,123980,1,0,1
325032,123981,1,1,0
6312512,123982,1,1,0
3680384,123983,1,1,0
2610384,123984,1,1,0
8033952,123985,1,1,0
3625720,123986,1,0,1
1423912,123987,1,1,0
1102808,123988,1,0,1
4276512,123989,1,0,1
3095528,123990,1,0,1
7190072,123991,1,0,1
3015704,123992,1,0,1
6013272,123993,1,1,0
7180848,123994,1,1,0
2782480,123995,1,1,0
3103632,123996,1,1,0
5597248,123997,1,0,1
3997688,123998,1,1,0
3318200,123999,1,1,0
3771632,124000,1,0,1
377824,124001,1,1,0
2872112,124002,1,0,1
4176192,124003,1,0,1
8002440,124004,1,0,1
729480,124005,1,1,0
4024584,124006,1,1,0
241744,124007,1,1,0
106176,124008,1,1,0
3195272,124009,1,0,1
5165400,124010,1,0,1
1495512,124011,1,1,0
348976,124012,1,1,0
2513792,124013,1,1,0
528400,124014,1,0,1
165840,124015,1,1,0
4772248,124016,1,1,0
3580976,124017,1,1,0
1788480,124018,1,0,1
1278072,124019,1,0,1
2968760,124020,1,0,1
6832512,124021,1,0,1
2889008,124022,1,0,1
4655664,124023,1,0,1
1496288,124024,1,1,0
3145760,124025,1,1,0
2927720,124026,1,1,0
2470608,124027,1,1,0
1108432,124028,1,0,1
532632,124029,1,1,0
6309720,124030,1,0,1
1994936,124031,1,1,0
2128384,124032,1,1,0
5393528,124033,1,1,0
2649488,124034,1,0,1
7330568,124035,1,0,1
1307912,124036,1,0,1
880952,124037,1,0,1
440752,124038,1,0,1
2199336,124039,1,0,1
1362176,124040,1,1,0
726280,124041,1,0,1
4791208,124042,1,0,1
2363248,124043,1,0,1
3065312,124044,1,1,0
3311872,124045,1,1,0
1081992,124046,1,1,0
926592,124047,1,0,1
1736160,124048,1,0,1
1094400,124049,1,1,0
2180072,124050,1,1,0
2474192,124051,1,1,0
1838416,124052,1,0,1
803936,124053,1,0,1
7218768,124054,1,1,0
2850696,124055,1,0,1
5128736,124056,1,0,1
4170704,124057,1,1,0
966664,124058,1,1,0
884352,124059,1,0,1
1800384,124060,1,0,1
1096536,124061,1,0,1
3084512,124062,1,1,0
1558896,124063,1,0,1
6601896,124064,1,1,0
1892632,124065,1,1,0
1849240,124066,1,1,0
1656824,124067,1,0,1
1314872,124068,1,0,1
1360104,124069,1,1,0
2403360,124070,1,1,0
973352,124071,1,1,0
7906712,124072,1,1,0
4729368,124073,1,0,1
3469376,124074,1,1,0
4494232,124075,1,1,0
495256,124076,1,1,0
4059728,124077,1,0,1
2866528,124078,1,1,0
4080648,124079,1,1,0
4871688,124080,1,0,1
1018496,124081,1,0,1
6922912,124082,1,0,1
8187280,124083,1,1,0
980552,124084,1,1,0
4464512,124085,1,1,0
765424,124086,1,0,1
2633592,124087,1,1,0
2937208,124088,1,0,1
1340912,124089,1,1,0
499792,124090,1,0,1
539160,124091,1,0,1
7219848,124092,1,0,1
315824,124093,1,0,1
6875096,124094,1,1,0
8331848,124095,1,0,1
3091512,124096,1,0,1
6146712,124097,1,1,0
8236664,124098,1,1,0
2990560,124099,1,1,0
2069288,124100,1,1,0
3260736,124101,1,1,0
1055392,124102,1,0,1
1152104,124103,1,0,1
1917808,124104,1,0,1
6543144,124105,1,0,1
4392240,124106,1,1,0
4251104,124107,1,1,0
1765856,124108,1,1,0
915280,124109,1,1,0
1024072,124110,1,1,0
1388936,124111,1,1,0
5428256,124112,1,1,0
423432,124113,1,0,1
6406224,124114,1,1,0
679688,124115,1,0,1
1072992,124116,1,0,1
892840,124117,1,1,0
7233344,124118,1,0,1
940616,124119,1,0,1
551696,124120,1,0,1
813360,124121,1,0,1
5117952,124122,1,0,1
626912,124123,1,0,1
896680,124124,1,0,1
6829960,124125,1,1,0
8216752,124126,1,1,0
5086472,124127,1,0,1
6050496,124128,1,1,0
4433448,124129,1,0,1
4003608,124130,1,0,1
652984,124131,1,0,1
3548928,124132,1,0,1
1569328,124133,1,0,1
470080,124134,1,0,1
2827352,124135,1,0,1
4184592,124136,1,1,0
4027048,124137,1,1,0
1955296,124138,1,0,1
205104,124139,1,1,0
485072,124140,1,1,0
2887840,124141,1,1,0
175088,124142,1,1,0
767544,124143,1,0,1
429336,124144,1,1,0
2660568,124145,1,0,1
6927056,124146,1,0,1
1215608,124147,1,0,1
449368,124148,1,0,1
5858672,124149,1,0,1
2371936,124150,1,1,0
1290328,124151,1,0,1
3861920,124152,1,0,1
3338112,124153,1,0,1
349424,124154,1,0,1
545880,124155,1,1,0
1577728,124156,1,0,1
201808,124157,1,1,0
652320,124158,1,1,0
2375384,124159,1,1,0
665824,124160,1,0,1
6971360,124161,1,0,1
176640,124162,1,1,0
5395696,124163,1,1,0
8063440,124164,1,1,0
1059176,124165,1,1,0
6367928,124166,1,0,1
3668192,124167,1,0,1
748176,124168,1,1,0
7987960,124169,1,1,0
4895712,124170,1,0,1
3079448,124171,1,0,1
1534104,124172,1,1,0
5740600,124173,1,0,1
513288,124174,1,1,0
2993296,124175,1,0,1
4855224,124176,1,1,0
174224,124177,1,1,0
3249576,124178,1,0,1
690336,124179,1,0,1
1967848,124180,1,1,0
1768640,124181,1,0,1
2141528,124182,1,1,0
502072,124183,1,1,0
1225184,124184,1,1,0
1638768,124185,1,0,1
2547168,124186,1,1,0
482688,124187,1,0,1
4346288,124188,1,1,0
135144,124189,1,0,1
2263208,124190,1,0,1
1101440,124191,1,1,0
4219488,124192,1,1,0
2135032,124193,1,1,0
6920928,124194,1,0,1
597480,124195,1,0,1
7600520,124196,1,0,1
389720,124197,1,0,1
652352,124198,1,1,0
8120848,124199,1,1,0
2135400,124200,1,0,1
6541744,124201,1,0,1
7616568,124202,1,0,1
256240,124203,1,1,0
5924488,124204,1,0,1
3337288,124205,1,0,1
4285312,124206,1,0,1
2631528,124207,1,0,1
179608,124208,1,1,0
7490192,124209,1,0,1
2866680,124210,1,0,1
1151400,124211,1,0,1
2563728,124212,1,0,1
4493320,124213,1,1,0
370424,124214,1,0,1
1231048,124215,1,1,0
427264,124216,1,0,1
2048624,124217,1,1,0
3141936,124218,1,1,0
2623496,124219,1,1,0
6478336,124220,1,1,0
685344,124221,1,0,1
2345472,124222,1,1,0
771528,124223,1,0,1
4237296,124224,1,0,1
5735976,124225,1,0,1
5110064,124226,1,0,1
3260680,124227,1,1,0
5391104,124228,1,0,1
1261352,124229,1,0,1
8256192,124230,1,1,0
2402592,124231,1,0,1
1304640,124232,1,0,1
2489312,124233,1,0,1
6895768,124234,1,0,1
1471504,124235,1,1,0
230720,124236,1,1,0
2000960,124237,1,1,0
7157624,124238,1,1,0
4965832,124239,1,1,0
150432,124240,1,1,0
484080,124241,1,0,1
2379520,124242,1,0,1
996832,124243,1,0,1
2470456,124244,1,1,0
2498456,124245,1,1,0
1915864,124246,1,0,1
4594928,124247,1,1,0
2839896,124248,1,0,1
2271136,124249,1,0,1
4680216,124250,1,0,1
2258104,124251,1,1,0
660808,124252,1,1,0
532944,124253,1,1,0
1695712,124254,1,1,0
97280,124255,1,1,0
804424,124256,1,0,1
1145080,124257,1,0,1
3415808,124258,1,1,0
4090288,124259,1,0,1
6379824,124260,1,1,0
8106224,124261,1,0,1
4477760,124262,1,1,0
6513456,124263,1,0,1
4918672,124264,1,1,0
1774856,124265,1,1,0
6802984,124266,1,0,1
3575960,124267,1,0,1
877520,124268,1,1,0
837848,124269,1,1,0
200544,124270,1,0,1
2714832,124271,1,1,0
625176,124272,1,0,1
6692472,124273,1,1,0
1876832,124274,1,0,1
803920,124275,1,1,0
7011744,124276,1,1,0
5188312,124277,1,0,1
6480456,124278,1,0,1
769800,124279,1,1,0
7421168,124280,1,1,0
1699016,124281,1,0,1
842816,124282,1,1,0
727600,124283,1,1,0
5572440,124284,1,0,1
766512,124285,1,1,0
3533784,124286,1,0,1
1142104,124287,1,1,0
825504,124288,1,0,1
932056,124289,1,0,1
1552656,124290,1,1,0
185400,124291,1,0,1
5884624,124292,1,1,0
1457000,124293,1,0,1
6029416,124294,1,0,1
1522512,124295,1,0,1
5947912,124296,1,0,1
1018832,124297,1,1,0
473920,124298,1,1,0
2620800,124299,1,1,0
3570128,124300,1,1,0
1237848,124301,1,0,1
799632,124302,1,1,0
2697808,124303,1,0,1
643624,124304,1,1,0
3927328,124305,1,0,1
3157480,124306,1,1,0
3466912,124307,1,0,1
2038064,124308,1,0,1
1931296,124309,1,0,1
2045016,124310,1,0,1
1553048,124311,1,0,1
1391416,124312,1,1,0
6990720,124313,1,1,0
490720,124314,1,1,0
2493872,124315,1,0,1
5325960,124316,1,1,0
1780776,124317,1,0,1
1995800,124318,1,0,1
7775016,124319,1,1,0
1447312,124320,1,0,1
398496,124321,1,1,0
168592,124322,1,1,0
1149528,124323,1,0,1
6908960,124324,1,0,1
730240,124325,1,0,1
2963312,124326,1,0,1
8242696,124327,1,1,0
7830800,124328,1,1,0
2891632,124329,1,1,0
640176,124330,1,0,1
1031792,124331,1,0,1
5106352,124332,1,0,1
2408496,124333,1,0,1
7270816,124334,1,1,0
400848,124335,1,1,0
2072248,124336,1,1,0
4971976,124337,1,1,0
1154824,124338,1,0,1
6350376,124339,1,1,0
2042824,124340,1,1,0
1598048,124341,1,1,0
1715672,124342,1,1,0
2099560,124343,1,1,0
7725200,124344,1,0,1
8032872,124345,1,0,1
2922840,124346,1,1,0
1800008,124347,1,0,1
1614088,124348,1,1,0
1755048,124349,1,0,1
1085800,124350,1,0,1
8240296,124351,1,1,0
5799240,124352,1,1,0
257448,124353,1,1,0
1724776,124354,1,1,0
6291504,124355,1,0,1
576568,124356,1,1,0
767680,124357,1,1,0
1368496,124358,1,1,0
1026152,124359,1,0,1
2140960,124360,1,1,0
5914648,124361,1,1,0
1012264,124362,1,0,1
4782480,124363,1,1,0
1235456,124364,1,1,0
2480912,124365,1,1,0
6870528,124366,1,1,0
1010424,124367,1,0,1
660008,124368,1,0,1
920560,124369,1,1,0
401168,124370,1,0,1
2284528,124371,1,1,0
551184,124372,1,1,0
4478896,124373,1,1,0
5984888,124374,1,0,1
504256,124375,1,1,0
5832520,124376,1,0,1
1055328,124377,1,1,0
5619392,124378,1,0,1
1843752,124379,1,0,1
8178088,124380,1,0,1
427344,124381,1,0,1
2450848,124382,1,0,1
1748992,124383,1,0,1
226072,124384,1,1,0
734264,124385,1,0,1
7433896,124386,1,1,0
1807824,124387,1,1,0
869168,124388,1,1,0
3476912,124389,1,0,1
448808,124390,1,1,0
4009888,124391,1,1,0
1489368,124392,1,1,0
6781136,124393,1,0,1
1472248,124394,1,0,1
1631416,124395,1,0,1
8367344,124396,1,0,1
414320,124397,1,0,1
4609136,124398,1,1,0
5776712,124399,1,1,0
6675696,124400,1,1,0
5977312,124401,1,0,1
765512,124402,1,0,1
6697576,124403,1,0,1
3500416,124404,1,0,1
3945496,124405,1,1,0
3539392,124406,1,0,1
1981016,124407,1,0,1
999072,124408,1,0,1
8046576,124409,1,1,0
2097648,124410,1,1,0
7014096,124411,1,0,1
7723368,124412,1,1,0
407544,124413,1,0,1
6176160,124414,1,1,0
5342792,124415,1,0,1
1234168,124416,1,1,0
5095504,124417,1,1,0
961784,124418,1,0,1
3907024,124419,1,1,0
2519888,124420,1,0,1
474104,124421,1,0,1
6274704,124422,1,0,1
1301944,124423,1,0,1
1363656,124424,1,0,1
1762608,124425,1,1,0
172040,124426,1,1,0
703680,124427,1,1,0
7021376,124428,1,0,1
413928,124429,1,1,0
4853200,124430,1,0,1
1720776,124431,1,1,0
936960,124432,1,0,1
6312032,124433,1,1,0
1489992,124434,1,0,1
428752,124435,1,1,0
6697768,124436,1,1,0
2455760,124437,1,0,1
320264,124438,1,0,1
517072,124439,1,1,0
1697104,124440,1,1,0
99376,124441,1,0,1
291344,124442,1,0,1
1986152,124443,1,1,0
1458256,124444,1,0,1
710264,124445,1,1,0
1273096,124446,1,0,1
186904,124447,1,0,1
2710976,124448,1,1,0
3273136,124449,1,0,1
1505640,124450,1,1,0
580848,124451,1,0,1
7980224,124452,1,0,1
4277264,124453,1,0,1
1294008,124454,1,1,0
445528,124455,1,1,0
630088,124456,1,1,0
2890472,124457,1,1,0
322664,124458,1,1,0
5368120,124459,1,0,1
6844472,124460,1,1,0
2624072,124461,1,1,0
737000,124462,1,0,1
3167592,124463,1,0,1
199408,124464,1,1,0
610176,124465,1,0,1
1588232,124466,1,1,0
2515600,124467,1,1,0
1787768,124468,1,0,1
7298160,124469,1,0,1
8205584,124470,1,0,1
1576680,124471,1,1,0
1183768,124472,1,1,0
1712080,124473,1,0,1
1420344,124474,1,1,0
3495504,124475,1,1,0
6029360,124476,1,1,0
852936,124477,1,1,0
4727464,124478,1,0,1
6073544,124479,1,0,1
4617256,124480,1,0,1
6845840,124481,1,0,1
5268264,124482,1,1,0
1584032,124483,1,1,0
869272,124484,1,0,1
3822136,124485,1,0,1
2470392,124486,1,1,0
4715104,124487,1,1,0
2388416,124488,1,1,0
3241840,124489,1,0,1
4244712,124490,1,1,0
6955280,124491,1,0,1
5118024,124492,1,1,0
2487352,124493,1,0,1
475024,124494,1,1,0
3105640,124495,1,1,0
5308344,124496,1,0,1
455888,124497,1,0,1
384960,124498,1,0,1
695088,124499,1,1,0
1082208,124500,1,1,0
3984000,124501,1,1,0
2260496,124502,1,1,0
155888,124503,1,1,0
5477696,124504,1,0,1
1891832,124505,1,1,0
2172944,124506,1,1,0
1645464,124507,1,1,0
1280656,124508,1,0,1
1511872,124509,1,1,0
1902880,124510,1,1,0
4080424,124511,1,1,0
4339080,124512,1,0,1
509496,124513,1,1,0
1567072,124514,1,0,1
7347152,124515,1,1,0
1893496,124516,1,0,1
2025856,124517,1,1,0
1114384,124518,1,0,1
2087760,124519,1,0,1
5207632,124520,1,1,0
558696,124521,1,1,0
3453088,124522,1,1,0
5351336,124523,1,0,1
5920808,124524,1,0,1
6563480,124525,1,0,1
3752536,124526,1,0,1
2427336,124527,1,0,1
513176,124528,1,1,0
3863848,124529,1,1,0
182000,124530,1,1,0
2311040,124531,1,1,0
593768,124532,1,1,0
2479928,124533,1,1,0
6482320,124534,1,1,0
1176000,124535,1,0,1
496672,124536,1,0,1
920688,124537,1,0,1
7201344,124538,1,0,1
496992,124539,1,0,1
3657616,124540,1,0,1
5611896,124541,1,1,0
6410656,124542,1,0,1
5861544,124543,1,0,1
3013992,124544,1,1,0
1062040,124545,1,0,1
283080,124546,1,1,0
3778464,124547,1,0,1
3258512,124548,1,0,1
8125312,124549,1,0,1
6711800,124550,1,1,0
3773120,124551,1,0,1
4935520,124552,1,0,1
1767056,124553,1,1,0
3147464,124554,1,1,0
1011080,124555,1,1,0
7458872,124556,1,1,0
3373616,124557,1,0,1
3257592,124558,1,0,1
6818512,124559,1,0,1
5093672,124560,1,0,1
4464832,124561,1,1,0
3084288,124562,1,1,0
2144456,124563,1,0,1
1213088,124564,1,0,1
1047672,124565,1,1,0
7422560,124566,1,1,0
6374000,124567,1,1,0
5143312,124568,1,0,1
7229448,124569,1,0,1
1044440,124570,1,0,1
1678984,124571,1,0,1
7919504,124572,1,0,1
3211312,124573,1,1,0
6881560,124574,1,1,0
1096896,124575,1,1,0
6211520,124576,1,0,1
422448,124577,1,0,1
575736,124578,1,0,1
6979544,124579,1,1,0
566408,124580,1,0,1
5218616,124581,1,1,0
5626344,124582,1,1,0
3109176,124583,1,0,1
4724688,124584,1,0,1
2342920,124585,1,0,1
2044240,124586,1,1,0
1469000,124587,1,0,1
7559864,124588,1,0,1
8290168,124589,1,0,1
1993400,124590,1,0,1
612224,124591,1,0,1
521288,124592,1,0,1
1161840,124593,1,1,0
1261832,124594,1,0,1
1464152,124595,1,1,0
6482920,124596,1,1,0
3720568,124597,1,1,0
775536,124598,1,0,1
5655424,124599,1,1,0
779256,124600,1,1,0
6273496,124601,1,1,0
1604608,124602,1,1,0
4012512,124603,1,0,1
2462360,124604,1,1,0
588608,124605,1,0,1
1231344,124606,1,1,0
1102328,124607,1,1,0
488136,124608,1,0,1
2463432,124609,1,1,0
519048,124610,1,1,0
763328,124611,1,0,1
185080,124612,1,1,0
1327848,124613,1,0,1
117664,124614,1,1,0
1385792,124615,1,0,1
3868176,124616,1,0,1
1434080,124617,1,0,1
328472,124618,1,1,0
4474464,124619,1,1,0
5986616,124620,1,0,1
1062736,124621,1,1,0
473432,124622,1,0,1
851248,124623,1,1,0
3461408,124624,1,0,1
1490568,124625,1,0,1
1325952,124626,1,1,0
3428696,124627,1,0,1
269808,124628,1,1,0
2555056,124629,1,0,1
5648360,124630,1,0,1
3894120,124631,1,0,1
7035560,124632,1,1,0
502216,124633,1,0,1
2522320,124634,1,1,0
4811872,124635,1,1,0
6642664,124636,1,0,1
7720752,124637,1,0,1
805744,124638,1,1,0
1738576,124639,1,1,0
910408,124640,1,1,0
2105648,124641,1,0,1
7410792,124642,1,0,1
1819976,124643,1,1,0
7235344,124644,1,0,1
3656904,124645,1,0,1
8017104,124646,1,0,1
5725208,124647,1,1,0
7664952,124648,1,0,1
4777568,124649,1,0,1
2142824,124650,1,0,1
1800376,124651,1,1,0
2333920,124652,1,1,0
1361896,124653,1,1,0
2326072,124654,1,0,1
1199400,124655,1,1,0
1879816,124656,1,0,1
3565504,124657,1,1,0
3661288,124658,1,1,0
741400,124659,1,1,0
6019648,124660,1,0,1
4114936,124661,1,0,1
7523440,124662,1,0,1
3952368,124663,1,0,1
1142184,124664,1,1,0
6810448,124665,1,1,0
1200304,124666,1,1,0
985608,124667,1,1,0
395656,124668,1,0,1
6764456,124669,1,1,0
598416,124670,1,1,0
6210192,124671,1,0,1
1533624,124672,1,1,0
7771304,124673,1,1,0
8174368,124674,1,1,0
2397264,124675,1,0,1
613352,124676,1,1,0
183632,124677,1,1,0
620816,124678,1,0,1
892312,124679,1,1,0
5725544,124680,1,0,1
2445768,124681,1,0,1
3677256,124682,1,0,1
1194424,124683,1,1,0
162176,124684,1,1,0
587632,124685,1,0,1
475776,124686,1,0,1
1598776,124687,1,1,0
966624,124688,1,1,0
7682512,124689,1,1,0
5875896,124690,1,1,0
853240,124691,1,1,0
575528,124692,1,0,1
1815088,124693,1,0,1
5818176,124694,1,1,0
2118432,124695,1,1,0
1422672,124696,1,1,0
4200928,124697,1,0,1
2252840,124698,1,1,0
3718040,124699,1,1,0
521448,124700,1,0,1
468368,124701,1,0,1
861016,124702,1,1,0
302528,124703,1,1,0
2535064,124704,1,1,0
1809104,124705,1,1,0
4838664,124706,1,1,0
1302896,124707,1,0,1
4364984,124708,1,0,1
2165056,124709,1,1,0
2973640,124710,1,0,1
1708288,124711,1,0,1
387888,124712,1,1,0
1409568,124713,1,1,0
3196336,124714,1,1,0
800488,124715,1,0,1
1190504,124716,1,0,1
603544,124717,1,1,0
2545864,124718,1,0,1
3765032,124719,1,0,1
4877648,124720,1,1,0
379264,124721,1,1,0
2427840,124722,1,1,0
5108192,124723,1,0,1
1568648,124724,1,1,0
5044840,124725,1,0,1
4761112,124726,1,1,0
2639264,124727,1,0,1
2029840,124728,1,0,1
2315128,124729,1,1,0
3859584,124730,1,0,1
7998976,124731,1,0,1
749752,124732,1,1,0
378992,124733,1,0,1
1407600,124734,1,1,0
246440,124735,1,1,0
543504,124736,1,1,0
556496,124737,1,1,0
3903216,124738,1,0,1
1026328,124739,1,1,0
989008,124740,1,1,0
462920,124741,1,1,0
1481680,124742,1,1,0
5064424,124743,1,1,0
2847984,124744,1,0,1
2415032,124745,1,1,0
468032,124746,1,1,0
101160,124747,1,1,0
5409656,124748,1,1,0
1735712,124749,1,0,1
3365608,124750,1,0,1
6223528,124751,1,1,0
1196328,124752,1,1,0
486696,124753,1,1,0
2203512,124754,1,0,1
2678424,124755,1,0,1
358872,124756,1,1,0
788136,124757,1,0,1
421792,124758,1,1,0
1404432,124759,1,0,1
1662472,124760,1,0,1
7577568,124761,1,0,1
594816,124762,1,1,0
1453928,124763,1,1,0
3973200,124764,1,1,0
1705912,124765,1,0,1
1686704,124766,1,1,0
5713848,124767,1,0,1
454352,124768,1,0,1
5441712,124769,1,0,1
4682504,124770,1,1,0
2543008,124771,1,0,1
7226192,124772,1,0,1
963608,124773,1,0,1
999424,124774,1,0,1
4554232,124775,1,0,1
1656744,124776,1,1,0
5194064,124777,1,0,1
2934096,124778,1,1,0
2034912,124779,1,1,0
4488976,124780,1,0,1
2300720,124781,1,0,1
1670648,124782,1,1,0
1507128,124783,1,0,1
1086152,124784,1,1,0
3076712,124785,1,0,1
3298912,124786,1,0,1
3451944,124787,1,1,0
6946384,124788,1,1,0
429768,124789,1,0,1
933768,124790,1,1,0
2324296,124791,1,0,1
377480,124792,1,0,1
553392,124793,1,0,1
4231432,124794,1,0,1
1033448,124795,1,0,1
6493648,124796,1,0,1
928728,124797,1,1,0
5411296,124798,1,1,0
3741512,124799,1,1,0
357888,124800,1,1,0
3129128,124801,1,0,1
2192856,124802,1,0,1
3513536,124803,1,0,1
1777944,124804,1,0,1
3601464,124805,1,1,0
442672,124806,1,0,1
7667432,124807,1,0,1
3668912,124808,1,0,1
6958264,124809,1,0,1
305488,124810,1,0,1
3345256,124811,1,1,0
4199976,124812,1,0,1
2231240,124813,1,0,1
967368,124814,1,0,1
2440544,124815,1,1,0
7688840,124816,1,1,0
6205312,124817,1,0,1
7595752,124818,1,1,0
1363960,124819,1,0,1
853760,124820,1,0,1
541632,124821,1,1,0
5502928,124822,1,0,1
7495944,124823,1,0,1
1120736,124824,1,0,1
7885712,124825,1,1,0
2249360,124826,1,0,1
6765296,124827,1,0,1
866784,124828,1,0,1
281528,124829,1,0,1
390096,124830,1,0,1
4773424,124831,1,0,1
4521872,124832,1,0,1
379216,124833,1,1,0
3498088,124834,1,1,0
3958320,124835,1,0,1
3868096,124836,1,1,0
3313368,124837,1,1,0
2606896,124838,1,0,1
1277736,124839,1,0,1
7365008,124840,1,1,0
4383440,124841,1,1,0
191648,124842,1,0,1
2250496,124843,1,0,1
528904,124844,1,0,1
5629424,124845,1,1,0
7126976,124846,1,0,1
493168,124847,1,0,1
129280,124848,1,1,0
7173976,124849,1,0,1
548080,124850,1,1,0
253816,124851,1,0,1
827848,124852,1,0,1
1356120,124853,1,0,1
807152,124854,1,1,0
7796760,124855,1,0,1
2338016,124856,1,1,0
1152856,124857,1,1,0
1153480,124858,1,0,1
5912088,124859,1,0,1
2710120,124860,1,1,0
1968632,124861,1,0,1
1381624,124862,1,1,0
3258400,124863,1,1,0
3335288,124864,1,1,0
2327952,124865,1,0,1
5758784,124866,1,1,0
4823120,124867,1,1,0
1141120,124868,1,1,0
3706040,124869,1,1,0
3106904,124870,1,1,0
131680,124871,1,1,0
148984,124872,1,1,0
3230480,124873,1,1,0
7628568,124874,1,0,1
7814672,124875,1,0,1
423984,124876,1,1,0
5174232,124877,1,0,1
3890248,124878,1,1,0
3548968,124879,1,0,1
3973520,124880,1,0,1
493616,124881,1,0,1
1085488,124882,1,1,0
1233600,124883,1,1,0
2763064,124884,1,1,0
1427720,124885,1,0,1
2269120,124886,1,0,1
6370376,124887,1,1,0
3620104,124888,1,1,0
430520,124889,1,1,0
4439856,124890,1,0,1
807448,124891,1,1,0
7845192,124892,1,0,1
1575032,124893,1,0,1
5260456,124894,1,1,0
1505392,124895,1,0,1
4363400,124896,1,1,0
1093400,124897,1,1,0
367080,124898,1,0,1
619984,124899,1,0,1
7864840,124900,1,1,0
1775632,124901,1,1,0
404592,124902,1,0,1
2457504,124903,1,1,0
1585448,124904,1,0,1
5220000,124905,1,0,1
299944,124906,1,1,0
1965096,124907,1,1,0
4916344,124908,1,1,0
3293496,124909,1,0,1
4620184,124910,1,1,0
275344,124911,1,0,1
7312848,124912,1,0,1
3565528,124913,1,1,0
6751728,124914,1,1,0
4242048,124915,1,0,1
1149856,124916,1,0,1
4918912,124917,1,1,0
742624,124918,1,1,0
1818664,124919,1,1,0
4283728,124920,1,0,1
3215936,124921,1,1,0
510576,124922,1,0,1
227256,124923,1,1,0
4543288,124924,1,0,1
2042496,124925,1,0,1
4388808,124926,1,1,0
655240,124927,1,0,1
244040,124928,1,1,0
986848,124929,1,0,1
1613360,124930,1,0,1
1248528,124931,1,1,0
4299392,124932,1,0,1
1680248,124933,1,0,1
5176200,124934,1,1,0
5417336,124935,1,0,1
2684872,124936,1,1,0
5719984,124937,1,1,0
632120,124938,1,1,0
1174080,124939,1,1,0
7996728,124940,1,0,1
4845152,124941,1,1,0
2761776,124942,1,1,0
6221376,124943,1,1,0
1618216,124944,1,1,0
1653288,124945,1,1,0
2070704,124946,1,0,1
643280,124947,1,1,0
3078856,124948,1,1,0
882928,124949,1,1,0
200384,124950,1,0,1
438408,124951,1,1,0
1502192,124952,1,0,1
4859144,124953,1,0,1
1246304,124954,1,1,0
380752,124955,1,0,1
740704,124956,1,1,0
974888,124957,1,1,0
5446360,124958,1,1,0
1151584,124959,1,0,1
899728,124960,1,0,1
5349616,124961,1,1,0
2283744,124962,1,1,0
1123312,124963,1,1,0
1736200,124964,1,0,1
6016216,124965,1,1,0
1510848,124966,1,0,1
6867560,124967,1,1,0
1281400,124968,1,1,0
6417696,124969,1,1,0
998864,124970,1,1,0
515512,124971,1,1,0
2735000,124972,1,1,0
3271528,124973,1,1,0
416432,124974,1,1,0
162096,124975,1,0,1
6201984,124976,1,1,0
3548496,124977,1,0,1
435416,124978,1,1,0
997000,124979,1,1,0
7861320,124980,1,1,0
367280,124981,1,0,1
3026736,124982,1,0,1
2801016,124983,1,0,1
3068272,124984,1,0,1
2950448,124985,1,0,1
690816,124986,1,1,0
3626800,124987,1,1,0
6488640,124988,1,1,0
672208,124989,1,1,0
5430344,124990,1,0,1
416824,124991,1,1,0
2480728,124992,1,0,1
2441488,124993,1,0,1
4553192,124994,1,1,0
1396232,124995,1,0,1
5275672,124996,1,0,1
6547472,124997,1,0,1
7446856,124998,1,0,1
3596336,124999,1,1,0
4332208,125000,1,1,0
390448,125001,1,1,0
196248,125002,1,1,0
2312728,125003,1,0,1
1607568,125004,1,0,1
5405344,125005,1,1,0
1605096,125006,1,0,1
2040904,125007,1,0,1
838152,125008,1,0,1
2294040,125009,1,1,0
1885816,125010,1,0,1
1763584,125011,1,0,1
192152,125012,1,0,1
4927328,125013,1,1,0
452008,125014,1,0,1
757088,125015,1,1,0
4633504,125016,1,1,0
1575144,125017,1,0,1
2993808,125018,1,0,1
7203304,125019,1,0,1
4200720,125020,1,1,0
2061488,125021,1,0,1
515216,125022,1,0,1
4780056,125023,1,1,0
736040,125024,1,1,0
4852600,125025,1,0,1
206360,125026,1,0,1
2827304,125027,1,0,1
787672,125028,1,1,0
3209160,125029,1,0,1
8291656,125030,1,0,1
4541960,125031,1,1,0
1387320,125032,1,0,1
6275480,125033,1,0,1
3648224,125034,1,1,0
2021480,125035,1,0,1
5031592,125036,1,1,0
2871440,125037,1,0,1
1126096,125038,1,1,0
6044920,125039,1,0,1
1152360,125040,1,0,1
1839736,125041,1,1,0
79128,125042,1,1,0
5083248,125043,1,0,1
2192136,125044,1,1,0
1060656,125045,1,0,1
7766128,125046,1,0,1
2985896,125047,1,0,1
766928,125048,1,1,0
1292632,125049,1,0,1
1959944,125050,1,1,0
2120736,125051,1,1,0
3549448,125052,1,1,0
1078984,125053,1,0,1
3327952,125054,1,1,0
5949728,125055,1,1,0
2260488,125056,1,0,1
243832,125057,1,1,0
4845240,125058,1,0,1
4169144,125059,1,1,0
1376272,125060,1,1,0
5300824,125061,1,1,0
3837952,125062,1,0,1
3344224,125063,1,1,0
1851736,125064,1,0,1
2739728,125065,1,1,0
3921840,125066,1,1,0
1202856,125067,1,1,0
6562560,125068,1,0,1
1492224,125069,1,0,1
4518848,125070,1,1,0
813200,125071,1,1,0
806816,125072,1,1,0
1096520,125073,1,1,0
4673520,125074,1,1,0
845528,125075,1,0,1
1321760,125076,1,1,0
6538944,125077,1,1,0
2377120,125078,1,0,1
5130384,125079,1,1,0
6186760,125080,1,1,0
809904,125081,1,0,1
6226976,125082,1,1,0
2448768,125083,1,1,0
609152,125084,1,0,1
8365608,125085,1,1,0
1210328,125086,1,0,1
5203176,125087,1,1,0
1300408,125088,1,0,1
431752,125089,1,1,0
367568,125090,1,1,0
1130456,125091,1,0,1
2925256,125092,1,1,0
1450560,125093,1,0,1
4996448,125094,1,0,1
2973528,125095,1,1,0
2235080,125096,1,1,0
626504,125097,1,0,1
4368456,125098,1,0,1
1999824,125099,1,0,1
480000,125100,1,0,1
4894888,125101,1,1,0
985312,125102,1,1,0
7354224,125103,1,1,0
97848,125104,1,0,1
7129536,125105,1,1,0
1765168,125106,1,0,1
428296,125107,1,0,1
3170576,125108,1,0,1
3344640,125109,1,0,1
3138384,125110,1,1,0
6489240,125111,1,0,1
4145736,125112,1,0,1
5234904,125113,1,0,1
7842160,125114,1,1,0
737464,125115,1,0,1
3319184,125116,1,1,0
1140824,125117,1,1,0
4117496,125118,1,1,0
520080,125119,1,1,0
3000856,125120,1,1,0
832488,125121,1,0,1
762752,125122,1,1,0
4159544,125123,1,1,0
3930800,125124,1,0,1
589752,125125,1,1,0
2315944,125126,1,1,0
3440416,125127,1,0,1
600368,125128,1,1,0
1611952,125129,1,1,0
565272,125130,1,0,1
952256,125131,1,0,1
5951704,125132,1,1,0
6897792,125133,1,0,1
678712,125134,1,1,0
5640320,125135,1,0,1
202376,125136,1,1,0
3778840,125137,1,1,0
186392,125138,1,0,1
6983184,125139,1,1,0
2030904,125140,1,0,1
2292568,125141,1,1,0
396528,125142,1,1,0
1263592,125143,1,0,1
1829680,125144,1,0,1
6238328,125145,1,1,0
264960,125146,1,1,0
5522440,125147,1,0,1
5050200,125148,1,1,0
353144,125149,1,0,1
1501808,125150,1,0,1
8330464,125151,1,1,0
1314680,125152,1,1,0
246632,125153,1,1,0
162752,125154,1,0,1
846032,125155,1,1,0
4023592,125156,1,1,0
4349320,125157,1,0,1
5510072,125158,1,1,0
840176,125159,1,0,1
3818152,125160,1,0,1
7616944,125161,1,0,1
7823080,125162,1,0,1
2224664,125163,1,0,1
2440872,125164,1,1,0
4817424,125165,1,1,0
5149072,125166,1,1,0
589800,125167,1,1,0
4408832,125168,1,1,0
955944,125169,1,0,1
2793856,125170,1,1,0
5368760,125171,1,0,1
793464,125172,1,1,0
2748512,125173,1,1,0
547760,125174,1,0,1
1464128,125175,1,1,0
1903232,125176,1,1,0
2409304,125177,1,1,0
2985784,125178,1,0,1
3848984,125179,1,0,1
394136,125180,1,1,0
1241952,125181,1,0,1
4533016,125182,1,1,0
1993624,125183,1,0,1
1028768,125184,1,1,0
790496,125185,1,0,1
2648792,125186,1,0,1
6177168,125187,1,1,0
5863744,125188,1,0,1
1465104,125189,1,1,0
3507592,125190,1,0,1
8229888,125191,1,1,0
921496,125192,1,1,0
163272,125193,1,1,0
983624,125194,1,0,1
3178160,125195,1,1,0
2559392,125196,1,1,0
7431456,125197,1,1,0
1215496,125198,1,0,1
1365608,125199,1,1,0
5778584,125200,1,0,1
7443696,125201,1,0,1
1747096,125202,1,0,1
695904,125203,1,1,0
2510520,125204,1,1,0
1506952,125205,1,0,1
4068528,125206,1,1,0
660408,125207,1,1,0
1338576,125208,1,0,1
2676864,125209,1,0,1
3529320,125210,1,0,1
2747688,125211,1,1,0
3152072,125212,1,1,0
2763088,125213,1,0,1
497512,125214,1,1,0
4971304,125215,1,0,1
2958376,125216,1,0,1
3712752,125217,1,1,0
2053544,125218,1,1,0
2229816,125219,1,0,1
348072,125220,1,1,0
3917440,125221,1,0,1
3883760,125222,1,1,0
8231488,125223,1,0,1
1754176,125224,1,0,1
76952,125225,1,1,0
453008,125226,1,1,0
4773848,125227,1,1,0
7333000,125228,1,1,0
4270936,125229,1,0,1
5023512,125230,1,0,1
3829624,125231,1,1,0
7501320,125232,1,0,1
2677232,125233,1,0,1
7333720,125234,1,0,1
7286312,125235,1,0,1
2488848,125236,1,1,0
436704,125237,1,1,0
2507112,125238,1,1,0
2098888,125239,1,0,1
848224,125240,1,1,0
2312888,125241,1,0,1
3665320,125242,1,0,1
5337040,125243,1,0,1
7079536,125244,1,1,0
7019472,125245,1,0,1
695120,125246,1,1,0
1107408,125247,1,0,1
7244248,125248,1,0,1
769240,125249,1,1,0
1048192,125250,1,1,0
4340344,125251,1,1,0
7234952,125252,1,0,1
2195664,125253,1,0,1
1812792,125254,1,0,1
6707760,125255,1,1,0
1487280,125256,1,0,1
1643464,125257,1,1,0
3006960,125258,1,0,1
2784656,125259,1,1,0
559280,125260,1,1,0
1944040,125261,1,1,0
389936,125262,1,1,0
1846888,125263,1,1,0
2712984,125264,1,1,0
2111304,125265,1,0,1
285616,125266,1,0,1
2331064,125267,1,1,0
1288256,125268,1,1,0
950864,125269,1,0,1
7953048,125270,1,1,0
1429064,125271,1,0,1
5831000,125272,1,0,1
6497328,125273,1,1,0
1213552,125274,1,0,1
101352,125275,1,0,1
856152,125276,1,0,1
6793192,125277,1,1,0
1974608,125278,1,1,0
1581808,125279,1,1,0
1496896,125280,1,1,0
4981824,125281,1,0,1
1823272,125282,1,0,1
2921960,125283,1,1,0
2050160,125284,1,1,0
3637328,125285,1,1,0
4170768,125286,1,0,1
191112,125287,1,0,1
170904,125288,1,1,0
1466560,125289,1,1,0
1848744,125290,1,0,1
641200,125291,1,1,0
7578952,125292,1,0,1
2430240,125293,1,1,0
4394704,125294,1,0,1
1067656,125295,1,0,1
333560,125296,1,0,1
4669840,125297,1,0,1
317952,125298,1,0,1
8065312,125299,1,1,0
4306704,125300,1,1,0
766400,125301,1,1,0
1756456,125302,1,1,0
8344792,125303,1,0,1
1950840,125304,1,0,1
528800,125305,1,1,0
1242736,125306,1,0,1
2404360,125307,1,1,0
7143568,125308,1,0,1
1483472,125309,1,0,1
3985456,125310,1,1,0
2013112,125311,1,1,0
228784,125312,1,1,0
6601608,125313,1,1,0
4144952,125314,1,0,1
1616704,125315,1,1,0
5127824,125316,1,0,1
3019952,125317,1,1,0
471520,125318,1,0,1
2346032,125319,1,0,1
2088888,125320,1,1,0
167584,125321,1,0,1
890896,125322,1,0,1
527736,125323,1,0,1
6224912,125324,1,1,0
2292112,125325,1,1,0
509360,125326,1,1,0
2473256,125327,1,1,0
3098248,125328,1,0,1
1413872,125329,1,1,0
1256008,125330,1,1,0
7785232,125331,1,0,1
4956760,125332,1,1,0
3281728,125333,1,1,0
406704,125334,1,0,1
1976712,125335,1,1,0
2930104,125336,1,0,1
483056,125337,1,0,1
487576,125338,1,1,0
6248592,125339,1,0,1
7856672,125340,1,1,0
5825936,125341,1,0,1
6476464,125342,1,0,1
1075752,125343,1,1,0
2651528,125344,1,0,1
2608928,125345,1,1,0
757424,125346,1,1,0
771224,125347,1,0,1
4872864,125348,1,1,0
436744,125349,1,0,1
3054040,125350,1,1,0
589656,125351,1,1,0
6446904,125352,1,1,0
6321128,125353,1,0,1
2433592,125354,1,1,0
6652312,125355,1,1,0
3901072,125356,1,0,1
1895328,125357,1,0,1
3272208,125358,1,0,1
1036448,125359,1,1,0
1784680,125360,1,0,1
1711000,125361,1,0,1
609856,125362,1,0,1
3314392,125363,1,1,0
4423864,125364,1,1,0
2687208,125365,1,0,1
1004840,125366,1,1,0
256360,125367,1,0,1
7846992,125368,1,0,1
2470432,125369,1,1,0
1499744,125370,1,1,0
4971464,125371,1,0,1
6755576,125372,1,0,1
3347768,125373,1,1,0
597208,125374,1,1,0
8030960,125375,1,0,1
412696,125376,1,1,0
2143568,125377,1,1,0
2068568,125378,1,0,1
3041504,125379,1,1,0
3431184,125380,1,0,1
7102480,125381,1,1,0
2249560,125382,1,1,0
1049736,125383,1,0,1
1972872,125384,1,0,1
3127608,125385,1,1,0
1076120,125386,1,1,0
503496,125387,1,1,0
4482824,125388,1,1,0
2475360,125389,1,0,1
1723296,125390,1,0,1
2283832,125391,1,1,0
6254520,125392,1,1,0
1207000,125393,1,0,1
6213576,125394,1,0,1
7304904,125395,1,0,1
2966664,125396,1,0,1
6035216,125397,1,1,0
6184272,125398,1,1,0
792720,125399,1,0,1
668816,125400,1,0,1
424040,125401,1,0,1
4809432,125402,1,0,1
7128376,125403,1,0,1
2537408,125404,1,0,1
3826496,125405,1,1,0
5818288,125406,1,0,1
248536,125407,1,0,1
6429376,125408,1,0,1
1841072,125409,1,1,0
464200,125410,1,1,0
164144,125411,1,1,0
2336200,125412,1,1,0
2290352,125413,1,0,1
2616376,125414,1,0,1
2147848,125415,1,0,1
582888,125416,1,1,0
3113168,125417,1,1,0
1888944,125418,1,1,0
1040240,125419,1,0,1
4873360,125420,1,1,0
4476232,125421,1,1,0
2194976,125422,1,0,1
500624,125423,1,0,1
2651520,125424,1,0,1
2347808,125425,1,1,0
6865752,125426,1,1,0
2538112,125427,1,1,0
2598968,125428,1,0,1
2849360,125429,1,0,1
941864,125430,1,0,1
890320,125431,1,1,0
496432,125432,1,0,1
3284328,125433,1,1,0
1004832,125434,1,1,0
3474696,125435,1,1,0
5843720,125436,1,1,0
3561944,125437,1,0,1
2612520,125438,1,1,0
380256,125439,1,1,0
328832,125440,1,0,1
1808832,125441,1,1,0
256000,125442,1,1,0
7157216,125443,1,0,1
4421472,125444,1,1,0
819848,125445,1,0,1
1808160,125446,1,1,0
7939920,125447,1,0,1
864024,125448,1,0,1
4460184,125449,1,1,0
6236600,125450,1,0,1
5521360,125451,1,1,0
1611632,125452,1,0,1
1114696,125453,1,0,1
5096976,125454,1,1,0
1581296,125455,1,0,1
6715824,125456,1,0,1
2124856,125457,1,0,1
1129824,125458,1,1,0
6238504,125459,1,0,1
2962224,125460,1,0,1
1410216,125461,1,1,0
1153272,125462,1,1,0
2098472,125463,1,1,0
4124480,125464,1,0,1
7013064,125465,1,1,0
493760,125466,1,1,0
184808,125467,1,0,1
979240,125468,1,1,0
7583776,125469,1,1,0
4977496,125470,1,1,0
7825840,125471,1,1,0
7853304,125472,1,1,0
6033800,125473,1,0,1
5324280,125474,1,1,0
585480,125475,1,1,0
7307208,125476,1,0,1
528632,125477,1,0,1
235096,125478,1,1,0
1160688,125479,1,0,1
5215168,125480,1,0,1
3593672,125481,1,0,1
6757760,125482,1,1,0
266104,125483,1,0,1
441744,125484,1,0,1
6525128,125485,1,1,0
4302808,125486,1,0,1
3595648,125487,1,1,0
4618968,125488,1,1,0
2153480,125489,1,0,1
2203624,125490,1,0,1
912824,125491,1,0,1
1273928,125492,1,0,1
501968,125493,1,0,1
1648968,125494,1,1,0
1091656,125495,1,0,1
1489880,125496,1,1,0
1221248,125497,1,1,0
1636920,125498,1,1,0
375712,125499,1,1,0
8386656,125500,1,0,1
6459376,125501,1,0,1
7985928,125502,1,1,0
2815104,125503,1,0,1
1479944,125504,1,0,1
4225680,125505,1,0,1
4203568,125506,1,1,0
3755352,125507,1,1,0
5076216,125508,1,1,0
997624,125509,1,0,1
660840,125510,1,0,1
6827824,125511,1,1,0
1575360,125512,1,0,1
2360552,125513,1,1,0
4066496,125514,1,1,0
599120,125515,1,1,0
631104,125516,1,1,0
337672,125517,1,1,0
1878256,125518,1,1,0
1053432,125519,1,1,0
670280,125520,1,0,1
2128232,125521,1,0,1
5889584,125522,1,0,1
4812728,125523,1,1,0
848352,125524,1,1,0
2179576,125525,1,0,1
3442040,125526,1,0,1
4290328,125527,1,1,0
824096,125528,1,0,1
1698672,125529,1,1,0
2324928,125530,1,0,1
6623928,125531,1,1,0
442440,125532,1,1,0
7421512,125533,1,0,1
2951680,125534,1,0,1
8269928,125535,1,1,0
408416,125536,1,1,0
3629816,125537,1,1,0
7882544,125538,1,1,0
5907968,125539,1,1,0
326416,125540,1,1,0
505408,125541,1,0,1
1888744,125542,1,0,1
3008472,125543,1,1,0
1727424,125544,1,0,1
7828248,125545,1,0,1
2310552,125546,1,1,0
1268672,125547,1,1,0
589888,125548,1,0,1
1909920,125549,1,0,1
6917072,125550,1,0,1
1946608,125551,1,0,1
2387232,125552,1,0,1
7453480,125553,1,0,1
4254792,125554,1,0,1
782304,125555,1,0,1
299840,125556,1,0,1
431696,125557,1,0,1
644616,125558,1,1,0
7335664,125559,1,0,1
3782616,125560,1,0,1
212176,125561,1,0,1
2022888,125562,1,0,1
871720,125563,1,1,0
1303824,125564,1,0,1
943472,125565,1,1,0
3520616,125566,1,1,0
3872248,125567,1,0,1
371272,125568,1,1,0
1006408,125569,1,1,0
4400120,125570,1,0,1
1131152,125571,1,0,1
1526984,125572,1,0,1
2435312,125573,1,0,1
2573728,125574,1,0,1
113736,125575,1,1,0
2067176,125576,1,0,1
2995688,125577,1,0,1
948280,125578,1,0,1
7947456,125579,1,0,1
1908200,125580,1,1,0
4553232,125581,1,0,1
605960,125582,1,0,1
1857992,125583,1,1,0
586080,125584,1,1,0
2930416,125585,1,1,0
4552192,125586,1,1,0
322392,125587,1,0,1
7915832,125588,1,1,0
7004056,125589,1,0,1
6736160,125590,1,1,0
761104,125591,1,0,1
494088,125592,1,1,0
5906640,125593,1,0,1
4910112,125594,1,0,1
4581856,125595,1,0,1
740392,125596,1,0,1
6226656,125597,1,0,1
616968,125598,1,0,1
5858712,125599,1,0,1
1636992,125600,1,0,1
5323768,125601,1,1,0
2127744,125602,1,0,1
2583968,125603,1,1,0
4076712,125604,1,0,1
711368,125605,1,1,0
5461216,125606,1,0,1
1496712,125607,1,1,0
6465344,125608,1,0,1
750928,125609,1,0,1
377928,125610,1,0,1
378120,125611,1,0,1
2921184,125612,1,0,1
2295936,125613,1,1,0
164760,125614,1,0,1
7055368,125615,1,1,0
3188272,125616,1,1,0
514928,125617,1,1,0
1952784,125618,1,1,0
1189256,125619,1,0,1
4361944,125620,1,0,1
5602592,125621,1,0,1
1614488,125622,1,1,0
2692336,125623,1,1,0
341552,125624,1,1,0
2055560,125625,1,1,0
3664376,125626,1,0,1
1273592,125627,1,1,0
1096744,125628,1,1,0
2394048,125629,1,0,1
1003400,125630,1,1,0
4870736,125631,1,1,0
4811024,125632,1,0,1
1791272,125633,1,1,0
1954136,125634,1,1,0
2846728,125635,1,1,0
716864,125636,1,0,1
1397992,125637,1,1,0
6691096,125638,1,1,0
2133784,125639,1,0,1
3018736,125640,1,0,1
2837160,125641,1,0,1
432560,125642,1,0,1
4846952,125643,1,0,1
7883632,125644,1,1,0
1545608,125645,1,1,0
4535624,125646,1,1,0
3186944,125647,1,0,1
1665224,125648,1,0,1
5111400,125649,1,0,1
2016712,125650,1,0,1
1546232,125651,1,0,1
685400,125652,1,0,1
1449064,125653,1,0,1
6201120,125654,1,0,1
6514920,125655,1,0,1
8377176,125656,1,0,1
7252456,125657,1,0,1
5803904,125658,1,1,0
6630272,125659,1,1,0
1775856,125660,1,1,0
1087344,125661,1,0,1
2177792,125662,1,0,1
261736,125663,1,1,0
590744,125664,1,0,1
3585616,125665,1,0,1
677600,125666,1,0,1
5150704,125667,1,1,0
1923248,125668,1,0,1
461600,125669,1,1,0
809568,125670,1,0,1
1344464,125671,1,1,0
6003984,125672,1,1,0
939080,125673,1,1,0
1674976,125674,1,0,1
1283496,125675,1,0,1
5849640,125676,1,1,0
1161680,125677,1,0,1
1404616,125678,1,0,1
1357400,125679,1,1,0
6658160,125680,1,1,0
606520,125681,1,0,1
445512,125682,1,0,1
60392,125683,1,0,1
5471696,125684,1,1,0
5542240,125685,1,0,1
5648048,125686,1,0,1
2406256,125687,1,0,1
3173440,125688,1,1,0
2888616,125689,1,1,0
2009096,125690,1,0,1
2814416,125691,1,1,0
430576,125692,1,1,0
4033264,125693,1,0,1
7246584,125694,1,1,0
2953144,125695,1,1,0
504984,125696,1,1,0
763832,125697,1,1,0
439584,125698,1,1,0
8296008,125699,1,1,0
8196816,125700,1,0,1
2796824,125701,1,0,1
893120,125702,1,1,0
4554648,125703,1,1,0
1619784,125704,1,0,1
2386928,125705,1,0,1
2803824,125706,1,0,1
8169592,125707,1,0,1
1113760,125708,1,1,0
1709448,125709,1,1,0
1558408,125710,1,1,0
4250544,125711,1,1,0
5435736,125712,1,1,0
163304,125713,1,1,0
6963992,125714,1,1,0
3144784,125715,1,0,1
522192,125716,1,1,0
640312,125717,1,1,0
4222880,125718,1,1,0
73200,125719,1,1,0
5229488,125720,1,0,1
5713384,125721,1,0,1
1164264,125722,1,0,1
5561384,125723,1,0,1
431544,125724,1,0,1
6101304,125725,1,0,1
308128,125726,1,0,1
2785640,125727,1,0,1
2046360,125728,1,1,0
4620656,125729,1,1,0
6469024,125730,1,1,0
2713336,125731,1,1,0
2037216,125732,1,1,0
3123152,125733,1,0,1
6056992,125734,1,0,1
182920,125735,1,0,1
6008976,125736,1,0,1
2057016,125737,1,1,0
2966280,125738,1,0,1
3711152,125739,1,1,0
943000,125740,1,1,0
3964080,125741,1,1,0
5212528,125742,1,0,1
1394856,125743,1,0,1
6108768,125744,1,1,0
702896,125745,1,0,1
3105912,125746,1,1,0
3012048,125747,1,0,1
5869272,125748,1,0,1
5634488,125749,1,0,1
257744,125750,1,1,0
2330160,125751,1,0,1
562584,125752,1,0,1
1563728,125753,1,0,1
3309184,125754,1,1,0
2973128,125755,1,1,0
1286360,125756,1,1,0
2230112,125757,1,1,0
8162808,125758,1,1,0
6217888,125759,1,0,1
1365728,125760,1,0,1
6478048,125761,1,1,0
2317224,125762,1,0,1
1221880,125763,1,1,0
1984040,125764,1,1,0
3391696,125765,1,0,1
6856856,125766,1,1,0
7416208,125767,1,0,1
3061368,125768,1,1,0
6909048,125769,1,0,1
2644168,125770,1,1,0
607168,125771,1,1,0
512576,125772,1,0,1
1720560,125773,1,0,1
816424,125774,1,0,1
2313504,125775,1,1,0
1093280,125776,1,0,1
4578120,125777,1,1,0
6354536,125778,1,1,0
3711552,125779,1,1,0
2234664,125780,1,1,0
6950776,125781,1,0,1
5971584,125782,1,1,0
1612296,125783,1,0,1
907216,125784,1,1,0
7241208,125785,1,0,1
350576,125786,1,1,0
1476904,125787,1,0,1
991200,125788,1,1,0
5612688,125789,1,1,0
2381512,125790,1,0,1
3621944,125791,1,0,1
2247616,125792,1,0,1
7786944,125793,1,0,1
6705544,125794,1,0,1
3408480,125795,1,1,0
2210136,125796,1,1,0
651752,125797,1,1,0
440816,125798,1,1,0
3579416,125799,1,0,1
6982976,125800,1,1,0
382800,125801,1,0,1
780008,125802,1,1,0
3992248,125803,1,0,1
2748464,125804,1,0,1
5242304,125805,1,1,0
7242496,125806,1,0,1
4066736,125807,1,0,1
748952,125808,1,0,1
3752008,125809,1,1,0
6704336,125810,1,0,1
3605568,125811,1,1,0
1591928,125812,1,1,0
1144064,125813,1,1,0
8163832,125814,1,1,0
5999928,125815,1,0,1
598320,125816,1,0,1
4720976,125817,1,1,0
813056,125818,1,1,0
246432,125819,1,1,0
2922504,125820,1,0,1
4848160,125821,1,0,1
337496,125822,1,1,0
622040,125823,1,0,1
4308336,125824,1,1,0
4160968,125825,1,1,0
581320,125826,1,0,1
1619584,125827,1,1,0
5797272,125828,1,1,0
7528648,125829,1,0,1
444960,125830,1,0,1
6476896,125831,1,1,0
3886976,125832,1,1,0
1000272,125833,1,1,0
2914288,125834,1,0,1
1558352,125835,1,1,0
546008,125836,1,0,1
5093984,125837,1,1,0
1354008,125838,1,0,1
2710832,125839,1,0,1
4695720,125840,1,1,0
5120456,125841,1,1,0
2401800,125842,1,0,1
2596080,125843,1,0,1
7398816,125844,1,1,0
1210448,125845,1,0,1
592304,125846,1,1,0
832344,125847,1,1,0
266784,125848,1,0,1
377696,125849,1,0,1
2768448,125850,1,0,1
3800024,125851,1,0,1
5579064,125852,1,0,1
2091856,125853,1,1,0
4881600,125854,1,1,0
2738280,125855,1,0,1
7003808,125856,1,0,1
887072,125857,1,1,0
579320,125858,1,0,1
3862704,125859,1,0,1
4896824,125860,1,1,0
1296264,125861,1,0,1
5410360,125862,1,1,0
467824,125863,1,0,1
197792,125864,1,0,1
2826288,125865,1,1,0
1392032,125866,1,0,1
936160,125867,1,0,1
743008,125868,1,1,0
8126768,125869,1,0,1
7231872,125870,1,0,1
862624,125871,1,0,1
1403304,125872,1,0,1
2675648,125873,1,0,1
5046768,125874,1,1,0
2930496,125875,1,1,0
5292576,125876,1,0,1
3872616,125877,1,1,0
3231264,125878,1,0,1
7196440,125879,1,0,1
677048,125880,1,0,1
701968,125881,1,1,0
1403272,125882,1,1,0
1935448,125883,1,0,1
2373968,125884,1,0,1
2023032,125885,1,0,1
1428584,125886,1,0,1
4470040,125887,1,0,1
1797136,125888,1,0,1
4314272,125889,1,0,1
2845624,125890,1,1,0
4143040,125891,1,1,0
906240,125892,1,0,1
1674688,125893,1,1,0
3318888,125894,1,0,1
2234560,125895,1,1,0
1155064,125896,1,0,1
5697080,125897,1,0,1
6666896,125898,1,1,0
127888,125899,1,1,0
4530800,125900,1,1,0
6185800,125901,1,0,1
6452952,125902,1,0,1
422768,125903,1,1,0
360320,125904,1,0,1
1001112,125905,1,0,1
4862776,125906,1,0,1
5475280,125907,1,1,0
4292504,125908,1,1,0
6632960,125909,1,0,1
2991304,125910,1,0,1
1395504,125911,1,0,1
289112,125912,1,0,1
1918192,125913,1,1,0
1719632,125914,1,0,1
6695744,125915,1,1,0
2547424,125916,1,1,0
762464,125917,1,1,0
1773744,125918,1,1,0
914784,125919,1,0,1
4006232,125920,1,1,0
372416,125921,1,1,0
2925808,125922,1,0,1
3976568,125923,1,1,0
2987848,125924,1,0,1
121456,125925,1,1,0
257928,125926,1,0,1
497264,125927,1,0,1
328776,125928,1,0,1
5081728,125929,1,0,1
3868384,125930,1,1,0
474712,125931,1,0,1
344304,125932,1,0,1
2166704,125933,1,1,0
2277736,125934,1,1,0
1481352,125935,1,0,1
4202264,125936,1,1,0
454432,125937,1,1,0
4180144,125938,1,1,0
1426384,125939,1,0,1
1047400,125940,1,0,1
1879112,125941,1,1,0
2293872,125942,1,0,1
2075192,125943,1,1,0
7083112,125944,1,0,1
1027864,125945,1,1,0
766864,125946,1,1,0
5691192,125947,1,1,0
1077144,125948,1,1,0
182872,125949,1,0,1
6254168,125950,1,1,0
6279856,125951,1,1,0
7644600,125952,1,1,0
3551392,125953,1,1,0
6889832,125954,1,1,0
1571040,125955,1,1,0
5322264,125956,1,0,1
5245112,125957,1,1,0
6653168,125958,1,0,1
3936064,125959,1,0,1
1058464,125960,1,0,1
4925168,125961,1,1,0
4281856,125962,1,1,0
1996096,125963,1,1,0
8284416,125964,1,1,0
7112200,125965,1,0,1
1063512,125966,1,0,1
1013200,125967,1,0,1
3913936,125968,1,1,0
1262632,125969,1,0,1
672184,125970,1,1,0
446568,125971,1,0,1
217800,125972,1,1,0
3912768,125973,1,0,1
3165960,125974,1,0,1
4432768,125975,1,1,0
1089080,125976,1,1,0
2637752,125977,1,1,0
6393664,125978,1,0,1
7395952,125979,1,1,0
3687432,125980,1,0,1
3054056,125981,1,1,0
2067928,125982,1,0,1
7710568,125983,1,1,0
1927816,125984,1,0,1
774944,125985,1,1,0
3011936,125986,1,0,1
5097456,125987,1,0,1
2570400,125988,1,0,1
6687848,125989,1,1,0
919272,125990,1,0,1
354256,125991,1,0,1
4470064,125992,1,0,1
894872,125993,1,0,1
4241416,125994,1,0,1
1724768,125995,1,0,1
4678592,125996,1,1,0
1062488,125997,1,1,0
1055312,125998,1,0,1
2437264,125999,1,1,0
2217224,126000,1,0,1
4575824,126001,1,0,1
2065192,126002,1,0,1
6489520,126003,1,1,0
639808,126004,1,0,1
326144,126005,1,0,1
3441920,126006,1,1,0
1357448,126007,1,1,0
1738376,126008,1,0,1
7145232,126009,1,0,1
5271008,126010,1,0,1
5156912,126011,1,1,0
507344,126012,1,0,1
5675888,126013,1,0,1
1462376,126014,1,0,1
6781440,126015,1,1,0
827032,126016,1,0,1
151224,126017,1,1,0
1067552,126018,1,1,0
1117296,126019,1,1,0
4968672,126020,1,1,0
6902408,126021,1,1,0
3738016,126022,1,0,1
4794496,126023,1,1,0
1642200,126024,1,1,0
563728,126025,1,1,0
456824,126026,1,1,0
414480,126027,1,0,1
1807112,126028,1,1,0
984832,126029,1,0,1
1194776,126030,1,1,0
4280432,126031,1,1,0
1447472,126032,1,1,0
2550784,126033,1,1,0
3439256,126034,1,1,0
5101952,126035,1,0,1
2459416,126036,1,0,1
576176,126037,1,1,0
1822072,126038,1,0,1
3080360,126039,1,0,1
480272,126040,1,0,1
407848,126041,1,1,0
4156128,126042,1,1,0
7873960,126043,1,1,0
3950048,126044,1,1,0
1337480,126045,1,0,1
241040,126046,1,0,1
223408,126047,1,1,0
1142376,126048,1,0,1
3510952,126049,1,1,0
3508536,126050,1,1,0
383696,126051,1,1,0
3762392,126052,1,1,0
1113264,126053,1,1,0
2559752,126054,1,1,0
255880,126055,1,1,0
837600,126056,1,1,0
414272,126057,1,1,0
2758400,126058,1,0,1
497904,126059,1,1,0
1054744,126060,1,0,1
581016,126061,1,1,0
3205096,126062,1,0,1
671392,126063,1,0,1
8259032,126064,1,0,1
3001536,126065,1,1,0
2248120,126066,1,0,1
6060392,126067,1,1,0
3242608,126068,1,1,0
7406680,126069,1,1,0
2992192,126070,1,1,0
197152,126071,1,0,1
5614776,126072,1,1,0
2542496,126073,1,0,1
4454712,126074,1,1,0
3259384,126075,1,0,1
4374720,126076,1,0,1
3061808,126077,1,1,0
475680,126078,1,0,1
3406208,126079,1,1,0
6724920,126080,1,0,1
2591832,126081,1,0,1
315088,126082,1,0,1
858304,126083,1,1,0
4955464,126084,1,0,1
173904,126085,1,1,0
5689464,126086,1,1,0
5071808,126087,1,1,0
675912,126088,1,1,0
1268424,126089,1,0,1
7323456,126090,1,0,1
234944,126091,1,0,1
1948688,126092,1,1,0
855888,126093,1,1,0
1260688,126094,1,0,1
7358752,126095,1,0,1
5553400,126096,1,1,0
4107128,126097,1,0,1
249800,126098,1,0,1
584496,126099,1,1,0
646488,126100,1,0,1
846888,126101,1,0,1
1396344,126102,1,1,0
1427448,126103,1,0,1
4228296,126104,1,1,0
340504,126105,1,1,0
1263000,126106,1,1,0
2496432,126107,1,0,1
1751264,126108,1,1,0
2157800,126109,1,0,1
3290416,126110,1,1,0
493568,126111,1,0,1
530128,126112,1,1,0
2884912,126113,1,1,0
4885392,126114,1,1,0
2900872,126115,1,1,0
844352,126116,1,1,0
571448,126117,1,0,1
2099184,126118,1,0,1
511840,126119,1,0,1
7525144,126120,1,1,0
2075880,126121,1,0,1
2805400,126122,1,0,1
1467520,126123,1,0,1
346544,126124,1,0,1
7820624,126125,1,0,1
342728,126126,1,0,1
796128,126127,1,1,0
7772072,126128,1,0,1
419176,126129,1,0,1
988320,126130,1,0,1
478008,126131,1,0,1
2290616,126132,1,0,1
1440512,126133,1,1,0
160752,126134,1,0,1
832160,126135,1,0,1
2206840,126136,1,0,1
2408800,126137,1,1,0
2868128,126138,1,0,1
796272,126139,1,0,1
5188904,126140,1,0,1
4346400,126141,1,1,0
487144,126142,1,0,1
1110944,126143,1,0,1
1275128,126144,1,1,0
6440048,126145,1,0,1
2028120,126146,1,0,1
665544,126147,1,0,1
1131992,126148,1,0,1
4722000,126149,1,1,0
4561216,126150,1,0,1
2296792,126151,1,0,1
2915656,126152,1,1,0
3519264,126153,1,0,1
722656,126154,1,0,1
4054848,126155,1,0,1
5532648,126156,1,0,1
604064,126157,1,0,1
672032,126158,1,1,0
5080872,126159,1,1,0
1027400,126160,1,0,1
671152,126161,1,1,0
2397600,126162,1,1,0
4931880,126163,1,0,1
5957392,126164,1,0,1
241352,126165,1,1,0
3099800,126166,1,1,0
2159368,126167,1,0,1
1394384,126168,1,0,1
4289208,126169,1,1,0
827872,126170,1,0,1
788888,126171,1,1,0
4429280,126172,1,1,0
2983688,126173,1,0,1
3356624,126174,1,0,1
5045832,126175,1,0,1
1001736,126176,1,0,1
6278392,126177,1,1,0
357840,126178,1,1,0
1005480,126179,1,0,1
1020840,126180,1,1,0
1421824,126181,1,0,1
1895376,126182,1,0,1
1515832,126183,1,0,1
200552,126184,1,1,0
1061640,126185,1,1,0
1994616,126186,1,1,0
3997448,126187,1,0,1
5766736,126188,1,1,0
911752,126189,1,1,0
5382536,126190,1,0,1
686296,126191,1,0,1
3143704,126192,1,0,1
7949224,126193,1,1,0
1855720,126194,1,0,1
6944568,126195,1,1,0
8282112,126196,1,0,1
954352,126197,1,1,0
3229352,126198,1,0,1
4399792,126199,1,0,1
5702296,126200,1,0,1
6577976,126201,1,1,0
6598880,126202,1,0,1
5555152,126203,1,1,0
3806760,126204,1,0,1
1045400,126205,1,1,0
3148904,126206,1,1,0
5688776,126207,1,0,1
6897816,126208,1,1,0
3735632,126209,1,1,0
4824816,126210,1,1,0
3271032,126211,1,1,0
2651376,126212,1,1,0
3932400,126213,1,0,1
803224,126214,1,1,0
3887768,126215,1,0,1
2032760,126216,1,1,0
4373096,126217,1,1,0
1300456,126218,1,0,1
614136,126219,1,1,0
6494416,126220,1,1,0
6286144,126221,1,0,1
1360120,126222,1,1,0
1923368,126223,1,0,1
3463056,126224,1,0,1
741384,126225,1,0,1
4244640,126226,1,1,0
2912656,126227,1,0,1
5169960,126228,1,1,0
3544104,126229,1,0,1
5748976,126230,1,1,0
1838192,126231,1,0,1
1206880,126232,1,1,0
2402760,126233,1,0,1
521784,126234,1,0,1
999888,126235,1,0,1
6193704,126236,1,1,0
2538320,126237,1,1,0
7578408,126238,1,0,1
4888784,126239,1,1,0
3715016,126240,1,0,1
7701368,126241,1,1,0
5059336,126242,1,1,0
1411240,126243,1,1,0
3446480,126244,1,0,1
7377264,126245,1,1,0
2339680,126246,1,1,0
613624,126247,1,1,0
4927704,126248,1,0,1
1545744,126249,1,1,0
2614176,126250,1,1,0
1875728,126251,1,0,1
356432,126252,1,1,0
1168448,126253,1,0,1
2504072,126254,1,1,0
2330232,126255,1,1,0
1610520,126256,1,1,0
2529000,126257,1,1,0
1167408,126258,1,1,0
3022776,126259,1,1,0
2847896,126260,1,0,1
1002136,126261,1,0,1
633608,126262,1,0,1
3474768,126263,1,1,0
1088448,126264,1,0,1
3269880,126265,1,1,0
3139360,126266,1,0,1
433696,126267,1,0,1
2296160,126268,1,1,0
7428920,126269,1,1,0
5914544,126270,1,1,0
3835536,126271,1,1,0
4355448,126272,1,0,1
2309944,126273,1,0,1
804296,126274,1,0,1
5281904,126275,1,1,0
1626224,126276,1,1,0
6733800,126277,1,0,1
262648,126278,1,0,1
216816,126279,1,1,0
3042408,126280,1,0,1
2785760,126281,1,1,0
1304344,126282,1,1,0
836048,126283,1,0,1
3357456,126284,1,0,1
8329216,126285,1,0,1
1495440,126286,1,1,0
3564376,126287,1,1,0
219904,126288,1,0,1
3810440,126289,1,0,1
4649120,126290,1,0,1
684736,126291,1,1,0
7256208,126292,1,1,0
1158952,126293,1,0,1
2433400,126294,1,1,0
6381384,126295,1,1,0
1628040,126296,1,1,0
514184,126297,1,1,0
3636800,126298,1,1,0
2931216,126299,1,0,1
5872808,126300,1,0,1
5236808,126301,1,1,0
3931128,126302,1,0,1
6701304,126303,1,0,1
7463896,126304,1,0,1
4469480,126305,1,0,1
1046032,126306,1,0,1
794592,126307,1,1,0
2591968,126308,1,0,1
440072,126309,1,1,0
2624136,126310,1,1,0
341224,126311,1,1,0
1948968,126312,1,1,0
7265960,126313,1,0,1
2497920,126314,1,0,1
921584,126315,1,1,0
5465712,126316,1,0,1
574072,126317,1,1,0
2411104,126318,1,1,0
3249344,126319,1,0,1
2786216,126320,1,1,0
1444848,126321,1,1,0
5380800,126322,1,0,1
5007752,126323,1,0,1
3644144,126324,1,0,1
3003240,126325,1,0,1
351584,126326,1,1,0
1127488,126327,1,1,0
5980792,126328,1,0,1
1679912,126329,1,1,0
698120,126330,1,0,1
4234696,126331,1,0,1
2987208,126332,1,1,0
3904088,126333,1,0,1
1015176,126334,1,0,1
2100696,126335,1,1,0
7619928,126336,1,1,0
1194888,126337,1,0,1
5543280,126338,1,1,0
457744,126339,1,1,0
607824,126340,1,1,0
365320,126341,1,1,0
598664,126342,1,1,0
4599312,126343,1,1,0
2228600,126344,1,0,1
1569968,126345,1,1,0
3040736,126346,1,1,0
2301568,126347,1,1,0
3445752,126348,1,0,1
5996776,126349,1,0,1
4005912,126350,1,0,1
637224,126351,1,1,0
2727392,126352,1,0,1
802672,126353,1,1,0
939304,126354,1,0,1
2165144,126355,1,1,0
3466696,126356,1,0,1
4173176,126357,1,0,1
942424,126358,1,0,1
1724984,126359,1,1,0
4113320,126360,1,0,1
4712408,126361,1,1,0
465776,126362,1,1,0
969048,126363,1,1,0
2890376,126364,1,1,0
3706304,126365,1,1,0
3530408,126366,1,0,1
6021480,126367,1,0,1
243816,126368,1,1,0
2939616,126369,1,0,1
3758816,126370,1,0,1
3890528,126371,1,1,0
1574880,126372,1,0,1
239536,126373,1,1,0
3417760,126374,1,1,0
4076288,126375,1,0,1
267152,126376,1,1,0
110840,126377,1,1,0
2229264,126378,1,0,1
5020504,126379,1,1,0
7512800,126380,1,0,1
5813496,126381,1,1,0
1665776,126382,1,1,0
494720,126383,1,0,1
532856,126384,1,1,0
1726952,126385,1,1,0
5889800,126386,1,1,0
1265944,126387,1,1,0
5979424,126388,1,0,1
2390104,126389,1,1,0
3402728,126390,1,1,0
742768,126391,1,0,1
5294272,126392,1,1,0
5557920,126393,1,1,0
2167872,126394,1,1,0
4465296,126395,1,1,0
2955536,126396,1,0,1
4160920,126397,1,0,1
4074552,126398,1,1,0
1284456,126399,1,1,0
8378608,126400,1,1,0
1562624,126401,1,1,0
3858240,126402,1,1,0
2184136,126403,1,1,0
5055680,126404,1,1,0
1245264,126405,1,0,1
1084144,126406,1,1,0
2254240,126407,1,1,0
4691672,126408,1,0,1
4109088,126409,1,1,0
378544,126410,1,0,1
3284208,126411,1,1,0
4546200,126412,1,0,1
284296,126413,1,0,1
5057272,126414,1,0,1
1027504,126415,1,1,0
3905152,126416,1,0,1
3217952,126417,1,0,1
2152328,126418,1,0,1
4252768,126419,1,1,0
1605128,126420,1,1,0
4417968,126421,1,0,1
3130168,126422,1,1,0
5882688,126423,1,1,0
649880,126424,1,1,0
1019192,126425,1,0,1
4798544,126426,1,1,0
1225680,126427,1,0,1
252800,126428,1,0,1
4171232,126429,1,1,0
2573184,126430,1,1,0
1332856,126431,1,1,0
514688,126432,1,1,0
1070960,126433,1,0,1
6672352,126434,1,1,0
4985464,126435,1,1,0
212248,126436,1,1,0
800744,126437,1,1,0
479520,126438,1,1,0
646416,126439,1,1,0
7415104,126440,1,1,0
507784,126441,1,0,1
1771600,126442,1,0,1
1769448,126443,1,1,0
1867208,126444,1,1,0
6111064,126445,1,0,1
1098152,126446,1,0,1
774896,126447,1,0,1
5902376,126448,1,0,1
3794048,126449,1,0,1
6382120,126450,1,0,1
7093600,126451,1,1,0
2640688,126452,1,0,1
2495136,126453,1,1,0
174424,126454,1,1,0
324560,126455,1,0,1
351080,126456,1,0,1
4816208,126457,1,1,0
3252552,126458,1,1,0
2819760,126459,1,0,1
792808,126460,1,1,0
274248,126461,1,1,0
790256,126462,1,0,1
7419944,126463,1,0,1
5594448,126464,1,1,0
1286152,126465,1,0,1
3894848,126466,1,0,1
3295336,126467,1,1,0
8291544,126468,1,0,1
3449360,126469,1,1,0
6950096,126470,1,1,0
320816,126471,1,1,0
4443232,126472,1,0,1
202688,126473,1,1,0
5806872,126474,1,0,1
3968472,126475,1,0,1
7946616,126476,1,0,1
5253320,126477,1,1,0
966376,126478,1,0,1
1682016,126479,1,1,0
2703080,126480,1,1,0
8256952,126481,1,0,1
2502840,126482,1,1,0
1713048,126483,1,0,1
8158616,126484,1,1,0
7010672,126485,1,1,0
6930552,126486,1,0,1
6299200,126487,1,0,1
2592024,126488,1,0,1
3890688,126489,1,0,1
513512,126490,1,0,1
5821048,126491,1,1,0
1286512,126492,1,1,0
1360288,126493,1,1,0
6441336,126494,1,0,1
7947960,126495,1,1,0
5934552,126496,1,0,1
7781160,126497,1,0,1
4355128,126498,1,0,1
995328,126499,1,0,1
858392,126500,1,0,1
4299752,126501,1,1,0
3877584,126502,1,1,0
7082856,126503,1,0,1
1972856,126504,1,0,1
4631464,126505,1,1,0
2348008,126506,1,1,0
5986880,126507,1,0,1
2440896,126508,1,1,0
1685680,126509,1,0,1
4150560,126510,1,0,1
7141272,126511,1,1,0
4070096,126512,1,0,1
1637880,126513,1,1,0
1537352,126514,1,1,0
3710032,126515,1,1,0
7359384,126516,1,0,1
4159648,126517,1,0,1
6297584,126518,1,0,1
471344,126519,1,0,1
6863464,126520,1,0,1
6377232,126521,1,1,0
3993840,126522,1,0,1
572360,126523,1,0,1
1375888,126524,1,1,0
2892256,126525,1,1,0
1775680,126526,1,1,0
7827600,126527,1,0,1
2583080,126528,1,0,1
1084960,126529,1,1,0
5925944,126530,1,0,1
2327328,126531,1,1,0
1917488,126532,1,1,0
737040,126533,1,0,1
5500416,126534,1,1,0
1302480,126535,1,0,1
851488,126536,1,0,1
6847328,126537,1,1,0
6575080,126538,1,1,0
4466752,126539,1,1,0
630376,126540,1,1,0
3523104,126541,1,1,0
206296,126542,1,0,1
4326072,126543,1,1,0
2758592,126544,1,0,1
2257632,126545,1,0,1
763424,126546,1,1,0
6822480,126547,1,0,1
1304008,126548,1,1,0
8310840,126549,1,1,0
6636928,126550,1,0,1
1726272,126551,1,0,1
719096,126552,1,0,1
2863888,126553,1,1,0
6858736,126554,1,0,1
7527448,126555,1,1,0
1581288,126556,1,1,0
356960,126557,1,0,1
1312416,126558,1,0,1
4645512,126559,1,1,0
1524016,126560,1,0,1
4159984,126561,1,0,1
7013496,126562,1,0,1
2007208,126563,1,1,0
2128800,126564,1,0,1
1301600,126565,1,0,1
2230072,126566,1,1,0
1613496,126567,1,0,1
2931632,126568,1,0,1
224048,126569,1,0,1
849128,126570,1,1,0
4317216,126571,1,0,1
1923360,126572,1,1,0
309136,126573,1,1,0
5452352,126574,1,1,0
891016,126575,1,0,1
7768136,126576,1,1,0
537328,126577,1,0,1
7759360,126578,1,1,0
897120,126579,1,0,1
1173232,126580,1,0,1
6210504,126581,1,0,1
2224536,126582,1,1,0
1227784,126583,1,0,1
1301504,126584,1,0,1
280040,126585,1,1,0
2308560,126586,1,1,0
3368040,126587,1,1,0
6909840,126588,1,1,0
356376,126589,1,1,0
2045904,126590,1,0,1
97680,126591,1,0,1
1224320,126592,1,0,1
4044440,126593,1,0,1
199760,126594,1,0,1
6501560,126595,1,0,1
750920,126596,1,1,0
2405656,126597,1,1,0
5154504,126598,1,1,0
1341360,126599,1,1,0
8000960,126600,1,1,0
1437848,126601,1,1,0
3096792,126602,1,0,1
1850640,126603,1,0,1
7606296,126604,1,1,0
3528512,126605,1,1,0
2494120,126606,1,0,1
2240976,126607,1,1,0
1251680,126608,1,1,0
2801224,126609,1,0,1
2732664,126610,1,1,0
6524728,126611,1,1,0
1222408,126612,1,0,1
2119808,126613,1,0,1
4912656,126614,1,1,0
2211360,126615,1,0,1
7850040,126616,1,1,0
212128,126617,1,1,0
2788848,126618,1,1,0
316016,126619,1,1,0
643112,126620,1,0,1
7811424,126621,1,1,0
1334880,126622,1,0,1
2357528,126623,1,0,1
6827144,126624,1,1,0
777200,126625,1,1,0
2118072,126626,1,1,0
2861256,126627,1,1,0
7140488,126628,1,0,1
743928,126629,1,1,0
6953568,126630,1,0,1
764416,126631,1,0,1
3317176,126632,1,0,1
558856,126633,1,1,0
2469312,126634,1,0,1
1219536,126635,1,0,1
356240,126636,1,0,1
6375992,126637,1,1,0
4244368,126638,1,1,0
1988816,126639,1,1,0
2053008,126640,1,1,0
5142672,126641,1,1,0
483792,126642,1,1,0
1314248,126643,1,1,0
530760,126644,1,1,0
686776,126645,1,0,1
6730624,126646,1,1,0
5397488,126647,1,0,1
1315880,126648,1,0,1
4159264,126649,1,0,1
8259456,126650,1,1,0
576808,126651,1,1,0
4440704,126652,1,1,0
2311304,126653,1,0,1
2906384,126654,1,0,1
351856,126655,1,1,0
5373208,126656,1,0,1
8232840,126657,1,0,1
2160784,126658,1,1,0
7862208,126659,1,1,0
2533336,126660,1,0,1
956472,126661,1,0,1
1949992,126662,1,0,1
645536,126663,1,1,0
8382072,126664,1,0,1
6901648,126665,1,1,0
5753576,126666,1,0,1
4478640,126667,1,1,0
2047392,126668,1,1,0
827328,126669,1,0,1
5939232,126670,1,1,0
694688,126671,1,0,1
1106824,126672,1,0,1
2131904,126673,1,1,0
8136368,126674,1,1,0
779224,126675,1,1,0
1793520,126676,1,1,0
4070600,126677,1,0,1
1599560,126678,1,0,1
1294816,126679,1,0,1
1205680,126680,1,1,0
5146760,126681,1,1,0
3429536,126682,1,1,0
3193112,126683,1,1,0
1397936,126684,1,0,1
6426232,126685,1,0,1
172096,126686,1,0,1
479072,126687,1,0,1
6043904,126688,1,0,1
4715672,126689,1,1,0
592336,126690,1,1,0
2366064,126691,1,1,0
4978976,126692,1,1,0
1471432,126693,1,1,0
4967528,126694,1,1,0
534880,126695,1,0,1
5655040,126696,1,0,1
7502624,126697,1,1,0
713776,126698,1,1,0
3602000,126699,1,0,1
4910400,126700,1,1,0
3358616,126701,1,1,0
728680,126702,1,0,1
169312,126703,1,1,0
8124880,126704,1,1,0
588576,126705,1,1,0
4387440,126706,1,0,1
550464,126707,1,0,1
4429480,126708,1,0,1
6469360,126709,1,0,1
90224,126710,1,0,1
4428560,126711,1,1,0
2326384,126712,1,0,1
2034056,126713,1,0,1
913160,126714,1,0,1
4038960,126715,1,1,0
6053656,126716,1,0,1
1384632,126717,1,0,1
439376,126718,1,0,1
1359152,126719,1,1,0
1266776,126720,1,1,0
1447016,126721,1,1,0
2527448,126722,1,1,0
2344392,126723,1,0,1
5351016,126724,1,1,0
2554304,126725,1,1,0
2807736,126726,1,0,1
6557168,126727,1,1,0
3204888,126728,1,1,0
1405824,126729,1,1,0
3745840,126730,1,1,0
2100656,126731,1,1,0
1829872,126732,1,1,0
1244368,126733,1,1,0
3781256,126734,1,0,1
817680,126735,1,1,0
2446088,126736,1,1,0
1921792,126737,1,0,1
1275072,126738,1,1,0
1029296,126739,1,0,1
4915928,126740,1,1,0
1247328,126741,1,1,0
3587288,126742,1,0,1
650984,126743,1,0,1
5444944,126744,1,1,0
2687512,126745,1,1,0
4606512,126746,1,0,1
4694320,126747,1,0,1
6897768,126748,1,0,1
2559920,126749,1,1,0
1915800,126750,1,1,0
3145184,126751,1,1,0
5808880,126752,1,1,0
450824,126753,1,0,1
3957528,126754,1,0,1
8228848,126755,1,0,1
541056,126756,1,1,0
421656,126757,1,0,1
835520,126758,1,1,0
6668872,126759,1,0,1
2364024,126760,1,0,1
4579792,126761,1,0,1
3045616,126762,1,1,0
2646024,126763,1,0,1
3677976,126764,1,0,1
3015864,126765,1,1,0
7780784,126766,1,0,1
372328,126767,1,0,1
7192000,126768,1,0,1
471584,126769,1,0,1
3711288,126770,1,0,1
1278152,126771,1,1,0
6929088,126772,1,0,1
3952248,126773,1,0,1
871320,126774,1,0,1
5418632,126775,1,0,1
4798528,126776,1,1,0
3026512,126777,1,1,0
799104,126778,1,1,0
1967224,126779,1,1,0
1620568,126780,1,0,1
654096,126781,1,0,1
3830728,126782,1,0,1
129752,126783,1,0,1
1421688,126784,1,0,1
397064,126785,1,0,1
7783480,126786,1,0,1
379944,126787,1,1,0
4536656,126788,1,1,0
1302832,126789,1,0,1
5744832,126790,1,1,0
8313888,126791,1,1,0
137704,126792,1,0,1
6703048,126793,1,0,1
1860088,126794,1,1,0
7364584,126795,1,0,1
255824,126796,1,1,0
982128,126797,1,0,1
6749736,126798,1,1,0
916568,126799,1,0,1
8162824,126800,1,0,1
4685144,126801,1,0,1
1242824,126802,1,0,1
838208,126803,1,0,1
4700768,126804,1,0,1
495672,126805,1,0,1
6212464,126806,1,0,1
1121232,126807,1,0,1
4144416,126808,1,1,0
1797320,126809,1,0,1
226232,126810,1,1,0
363824,126811,1,0,1
2574128,126812,1,1,0
2800304,126813,1,1,0
1905592,126814,1,0,1
7034704,126815,1,0,1
446760,126816,1,1,0
2981408,126817,1,0,1
1989568,126818,1,0,1
8345808,126819,1,1,0
587560,126820,1,1,0
3604344,126821,1,0,1
2608488,126822,1,0,1
822904,126823,1,0,1
2009856,126824,1,0,1
216680,126825,1,0,1
7810136,126826,1,0,1
2241104,126827,1,1,0
7570040,126828,1,1,0
6714104,126829,1,0,1
1825496,126830,1,0,1
6739984,126831,1,0,1
2822784,126832,1,0,1
2856544,126833,1,1,0
4374656,126834,1,1,0
5183264,126835,1,1,0
6399480,126836,1,1,0
2531104,126837,1,1,0
188536,126838,1,0,1
3245152,126839,1,1,0
2295176,126840,1,1,0
1865720,126841,1,0,1
3151952,126842,1,1,0
1058920,126843,1,1,0
4091800,126844,1,0,1
5725704,126845,1,1,0
6768960,126846,1,0,1
679176,126847,1,1,0
671888,126848,1,0,1
5924288,126849,1,0,1
6178328,126850,1,1,0
644896,126851,1,0,1
1910528,126852,1,0,1
5474000,126853,1,0,1
7837024,126854,1,0,1
1559280,126855,1,0,1
1465080,126856,1,0,1
8333648,126857,1,1,0
578624,126858,1,1,0
1413976,126859,1,1,0
8339584,126860,1,0,1
5449832,126861,1,0,1
4176768,126862,1,1,0
2172952,126863,1,1,0
7192528,126864,1,0,1
2099056,126865,1,0,1
7338200,126866,1,1,0
1923136,126867,1,0,1
1127496,126868,1,0,1
1131720,126869,1,1,0
1168032,126870,1,1,0
227688,126871,1,0,1
5419392,126872,1,1,0
6771776,126873,1,1,0
3755088,126874,1,0,1
6355280,126875,1,1,0
531816,126876,1,1,0
675128,126877,1,0,1
3068416,126878,1,0,1
673888,126879,1,1,0
2069632,126880,1,1,0
6865976,126881,1,1,0
236488,126882,1,1,0
3059536,126883,1,0,1
5222280,126884,1,0,1
2934648,126885,1,0,1
644248,126886,1,1,0
3272264,126887,1,0,1
2868592,126888,1,0,1
3135192,126889,1,1,0
411832,126890,1,0,1
2892456,126891,1,0,1
2606016,126892,1,0,1
197552,126893,1,1,0
1933400,126894,1,0,1
657760,126895,1,0,1
3780480,126896,1,0,1
1151864,126897,1,1,0
8212976,126898,1,1,0
770840,126899,1,1,0
6276088,126900,1,1,0
4436416,126901,1,0,1
5973304,126902,1,1,0
2429920,126903,1,1,0
1271688,126904,1,1,0
5217584,126905,1,0,1
464424,126906,1,1,0
2629488,126907,1,1,0
793184,126908,1,1,0
7605016,126909,1,0,1
7550520,126910,1,1,0
2825872,126911,1,0,1
2270792,126912,1,1,0
2155360,126913,1,1,0
4883112,126914,1,1,0
1882656,126915,1,0,1
1756984,126916,1,0,1
1036400,126917,1,1,0
3207304,126918,1,1,0
398776,126919,1,0,1
1284264,126920,1,0,1
6514176,126921,1,0,1
5513440,126922,1,1,0
3404048,126923,1,1,0
241648,126924,1,1,0
466144,126925,1,1,0
352200,126926,1,0,1
7498288,126927,1,1,0
7811824,126928,1,1,0
1073680,126929,1,0,1
6382848,126930,1,1,0
436880,126931,1,0,1
5550832,126932,1,1,0
5018744,126933,1,1,0
1867344,126934,1,0,1
3200432,126935,1,1,0
2034376,126936,1,0,1
7492816,126937,1,0,1
8327688,126938,1,0,1
918568,126939,1,1,0
3289976,126940,1,1,0
1134208,126941,1,1,0
2784952,126942,1,1,0
3350992,126943,1,0,1
753920,126944,1,0,1
1724208,126945,1,0,1
5465408,126946,1,1,0
5951424,126947,1,1,0
1638480,126948,1,1,0
2132560,126949,1,1,0
1757928,126950,1,1,0
242216,126951,1,0,1
2779640,126952,1,1,0
7173744,126953,1,0,1
535944,126954,1,1,0
6254464,126955,1,0,1
3820456,126956,1,0,1
802832,126957,1,1,0
3084360,126958,1,0,1
7981848,126959,1,0,1
3925872,126960,1,1,0
336888,126961,1,0,1
430184,126962,1,1,0
4104152,126963,1,1,0
4006504,126964,1,0,1
3591600,126965,1,0,1
6816272,126966,1,0,1
947560,126967,1,0,1
1436064,126968,1,1,0
5481440,126969,1,0,1
2240080,126970,1,1,0
823720,126971,1,1,0
236952,126972,1,0,1
820928,126973,1,1,0
2375920,126974,1,1,0
1731024,126975,1,1,0
4877232,126976,1,0,1
1230440,126977,1,1,0
431128,126978,1,0,1
2552936,126979,1,0,1
5717008,126980,1,0,1
983752,126981,1,1,0
315800,126982,1,0,1
2918928,126983,1,0,1
2193392,126984,1,0,1
1061512,126985,1,0,1
3598152,126986,1,1,0
3486632,126987,1,1,0
326616,126988,1,1,0
558048,126989,1,1,0
194352,126990,1,0,1
2191384,126991,1,1,0
1931384,126992,1,1,0
7660112,126993,1,0,1
5176392,126994,1,1,0
3370048,126995,1,0,1
1465208,126996,1,0,1
3349448,126997,1,1,0
6896840,126998,1,1,0
7461808,126999,1,1,0
2116360,127000,1,0,1
595240,127001,1,1,0
905896,127002,1,0,1
4911880,127003,1,1,0
536464,127004,1,0,1
767048,127005,1,0,1
3285840,127006,1,1,0
327048,127007,1,0,1
1723184,127008,1,1,0
1829128,127009,1,0,1
2094016,127010,1,1,0
7806920,127011,1,0,1
7906184,127012,1,1,0
859880,127013,1,1,0
2808320,127014,1,0,1
8298600,127015,1,1,0
1644072,127016,1,0,1
2903064,127017,1,0,1
480160,127018,1,1,0
2912776,127019,1,0,1
122224,127020,1,1,0
5024368,127021,1,0,1
2146544,127022,1,1,0
1864880,127023,1,0,1
4237160,127024,1,1,0
1502688,127025,1,1,0
319776,127026,1,1,0
7753128,127027,1,1,0
6654600,127028,1,0,1
492896,127029,1,1,0
6874152,127030,1,0,1
2057368,127031,1,1,0
1097080,127032,1,0,1
647392,127033,1,0,1
6707408,127034,1,0,1
7090968,127035,1,0,1
1688072,127036,1,1,0
4321488,127037,1,1,0
1658352,127038,1,1,0
2313064,127039,1,0,1
6089520,127040,1,1,0
545760,127041,1,0,1
4937888,127042,1,1,0
601200,127043,1,1,0
753728,127044,1,0,1
1522872,127045,1,0,1
949736,127046,1,1,0
888960,127047,1,1,0
6014016,127048,1,1,0
5753744,127049,1,0,1
546776,127050,1,0,1
3249072,127051,1,1,0
5228672,127052,1,0,1
5477032,127053,1,0,1
8300768,127054,1,0,1
7523144,127055,1,0,1
1844776,127056,1,1,0
307216,127057,1,0,1
88192,127058,1,1,0
146896,127059,1,1,0
5323024,127060,1,1,0
1557136,127061,1,0,1
645040,127062,1,1,0
4606128,127063,1,1,0
2893520,127064,1,1,0
343680,127065,1,1,0
3273840,127066,1,1,0
1921904,127067,1,1,0
2433880,127068,1,0,1
697104,127069,1,0,1
6658328,127070,1,1,0
3307656,127071,1,1,0
84256,127072,1,0,1
1155456,127073,1,0,1
710680,127074,1,0,1
4551648,127075,1,0,1
6314648,127076,1,1,0
191296,127077,1,0,1
4712416,127078,1,0,1
603368,127079,1,0,1
2422272,127080,1,1,0
3533144,127081,1,0,1
4717336,127082,1,1,0
1432920,127083,1,0,1
7134440,127084,1,1,0
5257800,127085,1,1,0
5051016,127086,1,0,1
181360,127087,1,1,0
4318696,127088,1,1,0
6715272,127089,1,1,0
5501640,127090,1,1,0
4138736,127091,1,1,0
5237928,127092,1,0,1
2168616,127093,1,0,1
4995728,127094,1,0,1
1773848,127095,1,0,1
1759088,127096,1,0,1
6408632,127097,1,0,1
545488,127098,1,0,1
7875152,127099,1,0,1
353768,127100,1,1,0
1762848,127101,1,1,0
1424680,127102,1,1,0
5612920,127103,1,0,1
6606592,127104,1,1,0
420056,127105,1,1,0
133696,127106,1,0,1
1917888,127107,1,1,0
2029152,127108,1,1,0
2818016,127109,1,0,1
7804424,127110,1,1,0
85680,127111,1,0,1
2849512,127112,1,1,0
270368,127113,1,1,0
7425360,127114,1,1,0
1552800,127115,1,0,1
1118752,127116,1,1,0
5719256,127117,1,0,1
7548304,127118,1,0,1
1652360,127119,1,0,1
7817272,127120,1,0,1
2379432,127121,1,1,0
3654456,127122,1,1,0
1080744,127123,1,0,1
6363504,127124,1,0,1
7601152,127125,1,0,1
3905256,127126,1,0,1
4913400,127127,1,0,1
2436520,127128,1,1,0
1977384,127129,1,0,1
272504,127130,1,1,0
2424968,127131,1,0,1
1578688,127132,1,0,1
1361056,127133,1,0,1
8195600,127134,1,1,0
909816,127135,1,1,0
690936,127136,1,0,1
5182368,127137,1,0,1
8077248,127138,1,0,1
149824,127139,1,0,1
401312,127140,1,1,0
314424,127141,1,1,0
562896,127142,1,1,0
294904,127143,1,0,1
6954176,127144,1,0,1
1318024,127145,1,1,0
4945280,127146,1,1,0
816328,127147,1,0,1
6360720,127148,1,1,0
3566912,127149,1,1,0
2250112,127150,1,1,0
528368,127151,1,0,1
4046536,127152,1,1,0
3546560,127153,1,1,0
4163168,127154,1,1,0
3455960,127155,1,0,1
2116912,127156,1,1,0
4848040,127157,1,0,1
953088,127158,1,1,0
2124952,127159,1,0,1
4558776,127160,1,1,0
3251320,127161,1,1,0
2816208,127162,1,0,1
884320,127163,1,0,1
2097872,127164,1,1,0
518224,127165,1,1,0
1790184,127166,1,0,1
5627824,127167,1,1,0
7265200,127168,1,0,1
1156544,127169,1,1,0
4682536,127170,1,0,1
2888440,127171,1,0,1
7962816,127172,1,0,1
1689800,127173,1,1,0
4533128,127174,1,0,1
7317008,127175,1,0,1
6828992,127176,1,0,1
4686120,127177,1,1,0
3872304,127178,1,0,1
556432,127179,1,1,0
4531104,127180,1,1,0
1584728,127181,1,0,1
628784,127182,1,0,1
2363496,127183,1,0,1
6019904,127184,1,0,1
388288,127185,1,1,0
8163272,127186,1,0,1
4799496,127187,1,1,0
1283760,127188,1,1,0
1301704,127189,1,0,1
4227952,127190,1,0,1
751280,127191,1,0,1
5166936,127192,1,0,1
1248912,127193,1,1,0
1523224,127194,1,0,1
3764312,127195,1,0,1
504184,127196,1,0,1
4402016,127197,1,1,0
1441584,127198,1,1,0
4649728,127199,1,1,0
2761944,127200,1,1,0
1322512,127201,1,1,0
2879272,127202,1,1,0
1347088,127203,1,0,1
7738056,127204,1,1,0
578944,127205,1,0,1
2711040,127206,1,0,1
851544,127207,1,1,0
5378224,127208,1,0,1
8080480,127209,1,0,1
2438656,127210,1,1,0
1738232,127211,1,0,1
1338000,127212,1,0,1
6214808,127213,1,0,1
1669816,127214,1,1,0
773616,127215,1,1,0
860864,127216,1,0,1
1214976,127217,1,0,1
3132320,127218,1,1,0
2494272,127219,1,1,0
5232304,127220,1,0,1
4386936,127221,1,1,0
268120,127222,1,1,0
1306824,127223,1,1,0
3600640,127224,1,0,1
8034536,127225,1,0,1
1923216,127226,1,1,0
295288,127227,1,0,1
516960,127228,1,0,1
3780656,127229,1,1,0
2982400,127230,1,0,1
7991872,127231,1,0,1
6919088,127232,1,0,1
1622448,127233,1,0,1
3479352,127234,1,1,0
6593200,127235,1,1,0
1313808,127236,1,0,1
300024,127237,1,0,1
1564976,127238,1,0,1
2109816,127239,1,0,1
3645240,127240,1,0,1
230416,127241,1,1,0
477504,127242,1,1,0
1490576,127243,1,1,0
3815208,127244,1,0,1
4481480,127245,1,1,0
6973264,127246,1,1,0
137928,127247,1,1,0
777896,127248,1,1,0
716064,127249,1,0,1
2628160,127250,1,0,1
806880,127251,1,0,1
505352,127252,1,0,1
6362360,127253,1,1,0
1259912,127254,1,0,1
7886672,127255,1,0,1
576112,127256,1,0,1
412616,127257,1,0,1
1466040,127258,1,1,0
4769080,127259,1,1,0
1856600,127260,1,1,0
3239056,127261,1,0,1
1797480,127262,1,1,0
2389736,127263,1,1,0
965136,127264,1,0,1
2577096,127265,1,1,0
3776944,127266,1,0,1
1208608,127267,1,1,0
7166600,127268,1,0,1
2475400,127269,1,0,1
4818528,127270,1,1,0
2588136,127271,1,1,0
2215600,127272,1,0,1
1213896,127273,1,1,0
2533600,127274,1,0,1
7076320,127275,1,0,1
5461536,127276,1,0,1
358328,127277,1,0,1
5055744,127278,1,1,0
1866208,127279,1,0,1
1066160,127280,1,1,0
2019768,127281,1,1,0
283240,127282,1,0,1
2218368,127283,1,1,0
795304,127284,1,0,1
4653912,127285,1,1,0
4120456,127286,1,1,0
522048,127287,1,1,0
249992,127288,1,0,1
5224048,127289,1,0,1
302928,127290,1,1,0
4673536,127291,1,0,1
2774904,127292,1,0,1
1410768,127293,1,1,0
361816,127294,1,0,1
7142696,127295,1,0,1
3168024,127296,1,0,1
4122920,127297,1,1,0
2080672,127298,1,0,1
3312280,127299,1,1,0
813488,127300,1,0,1
714848,127301,1,0,1
1450408,127302,1,0,1
530616,127303,1,0,1
2603384,127304,1,1,0
2443480,127305,1,1,0
4373528,127306,1,1,0
4899352,127307,1,1,0
2702400,127308,1,0,1
2751912,127309,1,0,1
1058328,127310,1,1,0
649360,127311,1,0,1
303328,127312,1,1,0
817568,127313,1,1,0
1593752,127314,1,0,1
746408,127315,1,1,0
2292376,127316,1,0,1
1953120,127317,1,1,0
6246856,127318,1,1,0
5910272,127319,1,1,0
1283448,127320,1,1,0
4803384,127321,1,0,1
196064,127322,1,0,1
736872,127323,1,1,0
836808,127324,1,1,0
4298120,127325,1,0,1
1773352,127326,1,1,0
473120,127327,1,0,1
854584,127328,1,1,0
257480,127329,1,0,1
4089728,127330,1,1,0
105576,127331,1,1,0
1022704,127332,1,0,1
8018320,127333,1,1,0
834384,127334,1,0,1
1854504,127335,1,1,0
2515064,127336,1,0,1
3430240,127337,1,0,1
2244320,127338,1,0,1
1224472,127339,1,0,1
1583536,127340,1,1,0
4654584,127341,1,0,1
1226040,127342,1,1,0
2064360,127343,1,0,1
7996912,127344,1,0,1
793264,127345,1,0,1
721248,127346,1,0,1
1428496,127347,1,1,0
3052296,127348,1,1,0
694224,127349,1,1,0
443328,127350,1,0,1
1901672,127351,1,0,1
7103200,127352,1,1,0
5278368,127353,1,0,1
4571584,127354,1,1,0
1183048,127355,1,0,1
614912,127356,1,1,0
4658640,127357,1,0,1
7250232,127358,1,1,0
5384240,127359,1,1,0
7163968,127360,1,0,1
1384384,127361,1,0,1
2849728,127362,1,1,0
775504,127363,1,0,1
5403224,127364,1,0,1
8046296,127365,1,0,1
1466552,127366,1,0,1
5075432,127367,1,0,1
3385504,127368,1,0,1
2137232,127369,1,1,0
4231472,127370,1,0,1
4464816,127371,1,0,1
7151688,127372,1,0,1
6696872,127373,1,1,0
267464,127374,1,0,1
7772152,127375,1,0,1
2251512,127376,1,0,1
5927280,127377,1,1,0
1688736,127378,1,0,1
955112,127379,1,0,1
4383904,127380,1,1,0
7198352,127381,1,1,0
227840,127382,1,1,0
1425952,127383,1,0,1
4086904,127384,1,1,0
224952,127385,1,1,0
247512,127386,1,1,0
4772640,127387,1,1,0
744496,127388,1,1,0
2051328,127389,1,1,0
1460496,127390,1,1,0
3328416,127391,1,0,1
529928,127392,1,1,0
4669648,127393,1,1,0
1574944,127394,1,1,0
324784,127395,1,0,1
6743704,127396,1,1,0
7375000,127397,1,0,1
3130416,127398,1,1,0
2477648,127399,1,1,0
3356384,127400,1,0,1
7151256,127401,1,0,1
2274648,127402,1,1,0
6749312,127403,1,0,1
6657656,127404,1,1,0
4242792,127405,1,1,0
3517008,127406,1,0,1
2991592,127407,1,1,0
1314656,127408,1,0,1
1272712,127409,1,0,1
2998720,127410,1,0,1
3860400,127411,1,0,1
604736,127412,1,1,0
2129760,127413,1,1,0
783056,127414,1,0,1
1022560,127415,1,0,1
5180504,127416,1,1,0
1461168,127417,1,0,1
362944,127418,1,1,0
5943160,127419,1,0,1
5004952,127420,1,0,1
262888,127421,1,1,0
6980656,127422,1,0,1
8061720,127423,1,0,1
836960,127424,1,1,0
4447520,127425,1,0,1
2438376,127426,1,1,0
1566744,127427,1,0,1
1472896,127428,1,0,1
8172128,127429,1,1,0
5707280,127430,1,1,0
3745160,127431,1,1,0
6678176,127432,1,0,1
5693064,127433,1,0,1
678264,127434,1,1,0
1841448,127435,1,0,1
5221344,127436,1,1,0
4963952,127437,1,0,1
7110440,127438,1,0,1
4065480,127439,1,1,0
2213352,127440,1,0,1
782496,127441,1,0,1
398600,127442,1,0,1
919952,127443,1,0,1
3230616,127444,1,0,1
1444960,127445,1,1,0
4105624,127446,1,1,0
992432,127447,1,0,1
4465400,127448,1,1,0
7135144,127449,1,1,0
5283776,127450,1,1,0
7884688,127451,1,0,1
3310240,127452,1,0,1
332352,127453,1,1,0
381176,127454,1,1,0
4075776,127455,1,0,1
7132520,127456,1,1,0
1441104,127457,1,0,1
275744,127458,1,1,0
1762472,127459,1,0,1
5952224,127460,1,0,1
2033008,127461,1,0,1
3600360,127462,1,1,0
3175584,127463,1,0,1
7422736,127464,1,0,1
1015784,127465,1,1,0
2170120,127466,1,0,1
202312,127467,1,1,0
1296384,127468,1,1,0
7969928,127469,1,1,0
7015632,127470,1,0,1
3832256,127471,1,1,0
6667064,127472,1,0,1
816552,127473,1,1,0
7445120,127474,1,0,1
6967440,127475,1,1,0
5118384,127476,1,0,1
8327768,127477,1,0,1
353416,127478,1,0,1
475056,127479,1,1,0
1511776,127480,1,1,0
1442800,127481,1,0,1
739008,127482,1,0,1
1491504,127483,1,1,0
1685672,127484,1,1,0
2445368,127485,1,1,0
1644496,127486,1,1,0
2571960,127487,1,0,1
2002040,127488,1,1,0
1495936,127489,1,0,1
820808,127490,1,1,0
3869728,127491,1,1,0
194600,127492,1,1,0
237216,127493,1,0,1
8035456,127494,1,0,1
3525560,127495,1,1,0
4337872,127496,1,0,1
7893192,127497,1,0,1
622656,127498,1,0,1
3362144,127499,1,0,1
908512,127500,1,0,1
2340872,127501,1,1,0
900920,127502,1,1,0
5159560,127503,1,0,1
3545272,127504,1,1,0
6921312,127505,1,1,0
1298608,127506,1,0,1
3644944,127507,1,0,1
2665136,127508,1,0,1
839424,127509,1,1,0
2039248,127510,1,0,1
4259096,127511,1,0,1
1331472,127512,1,1,0
2976040,127513,1,1,0
6549568,127514,1,0,1
893712,127515,1,1,0
425936,127516,1,0,1
1770296,127517,1,0,1
1142608,127518,1,1,0
2405408,127519,1,1,0
542616,127520,1,1,0
5493704,127521,1,0,1
1641632,127522,1,0,1
573000,127523,1,0,1
8329840,127524,1,1,0
799728,127525,1,1,0
3424144,127526,1,1,0
2571888,127527,1,1,0
5248784,127528,1,1,0
2828296,127529,1,0,1
2907592,127530,1,1,0
2290592,127531,1,1,0
7272304,127532,1,1,0
5726160,127533,1,0,1
710096,127534,1,1,0
227896,127535,1,0,1
710824,127536,1,1,0
2754904,127537,1,0,1
3508312,127538,1,0,1
1017080,127539,1,1,0
4645496,127540,1,1,0
1652288,127541,1,1,0
1421912,127542,1,1,0
1368088,127543,1,1,0
2324520,127544,1,1,0
1619760,127545,1,1,0
1217152,127546,1,0,1
5823192,127547,1,1,0
5768656,127548,1,0,1
792672,127549,1,0,1
417176,127550,1,0,1
5841080,127551,1,0,1
2694912,127552,1,1,0
8070904,127553,1,0,1
8134208,127554,1,0,1
2090120,127555,1,1,0
6359000,127556,1,0,1
6282288,127557,1,0,1
4782056,127558,1,0,1
5957032,127559,1,0,1
3245688,127560,1,0,1
224176,127561,1,1,0
5644680,127562,1,1,0
3709208,127563,1,1,0
2631264,127564,1,1,0
746896,127565,1,1,0
746864,127566,1,1,0
1503552,127567,1,0,1
706784,127568,1,1,0
3516040,127569,1,1,0
186112,127570,1,0,1
3894184,127571,1,0,1
7245000,127572,1,1,0
4570360,127573,1,1,0
7452584,127574,1,1,0
3528080,127575,1,0,1
116008,127576,1,0,1
1208168,127577,1,1,0
2471160,127578,1,0,1
4167864,127579,1,1,0
2932432,127580,1,0,1
6102552,127581,1,1,0
683360,127582,1,1,0
661144,127583,1,0,1
351144,127584,1,0,1
2309040,127585,1,1,0
7180536,127586,1,0,1
357720,127587,1,1,0
6012976,127588,1,0,1
245896,127589,1,1,0
794560,127590,1,1,0
195408,127591,1,0,1
1460592,127592,1,1,0
383728,127593,1,0,1
3240024,127594,1,0,1
1832944,127595,1,1,0
1692024,127596,1,0,1
4075320,127597,1,1,0
1884224,127598,1,0,1
484360,127599,1,0,1
1282656,127600,1,0,1
3301136,127601,1,1,0
599792,127602,1,1,0
1349528,127603,1,1,0
7120704,127604,1,1,0
622376,127605,1,0,1
450144,127606,1,1,0
5761352,127607,1,1,0
2817440,127608,1,0,1
1147168,127609,1,1,0
3532640,127610,1,0,1
5822880,127611,1,0,1
1219136,127612,1,1,0
2451896,127613,1,0,1
6125912,127614,1,0,1
738840,127615,1,0,1
4204680,127616,1,1,0
1241384,127617,1,1,0
7539112,127618,1,0,1
915040,127619,1,0,1
6012224,127620,1,1,0
6899072,127621,1,1,0
6310632,127622,1,1,0
933272,127623,1,1,0
789904,127624,1,0,1
1895040,127625,1,1,0
651776,127626,1,0,1
1142384,127627,1,0,1
3192200,127628,1,1,0
175016,127629,1,0,1
587928,127630,1,1,0
1287696,127631,1,0,1
2894256,127632,1,1,0
1947912,127633,1,1,0
3473704,127634,1,1,0
963680,127635,1,0,1
4034056,127636,1,0,1
2876120,127637,1,0,1
470792,127638,1,0,1
522072,127639,1,0,1
2796144,127640,1,1,0
1266448,127641,1,1,0
2349904,127642,1,0,1
1193600,127643,1,0,1
5150024,127644,1,0,1
5297640,127645,1,1,0
333584,127646,1,0,1
5867880,127647,1,0,1
2674696,127648,1,1,0
2155624,127649,1,0,1
235008,127650,1,1,0
2093128,127651,1,0,1
3300032,127652,1,0,1
7546048,127653,1,1,0
4622336,127654,1,0,1
577976,127655,1,1,0
2054936,127656,1,1,0
1704528,127657,1,0,1
1641712,127658,1,0,1
7528672,127659,1,1,0
2020472,127660,1,1,0
270192,127661,1,1,0
2030224,127662,1,0,1
4198528,127663,1,0,1
591336,127664,1,0,1
2403232,127665,1,0,1
3136416,127666,1,1,0
1668632,127667,1,1,0
3925832,127668,1,0,1
7708928,127669,1,0,1
1121024,127670,1,1,0
1422224,127671,1,0,1
972288,127672,1,1,0
5564248,127673,1,0,1
2895536,127674,1,0,1
1603872,127675,1,1,0
2385624,127676,1,1,0
1012616,127677,1,0,1
4208752,127678,1,1,0
6905296,127679,1,1,0
4853920,127680,1,0,1
525328,127681,1,0,1
8047976,127682,1,0,1
6584656,127683,1,1,0
4071728,127684,1,0,1
688976,127685,1,1,0
3733944,127686,1,1,0
7673264,127687,1,0,1
3960864,127688,1,1,0
8007848,127689,1,0,1
3613280,127690,1,0,1
6854232,127691,1,0,1
5391040,127692,1,0,1
1193832,127693,1,1,0
1338456,127694,1,0,1
1646288,127695,1,0,1
3188760,127696,1,0,1
5727736,127697,1,1,0
953688,127698,1,1,0
574288,127699,1,0,1
2307064,127700,1,1,0
2291232,127701,1,0,1
2867104,127702,1,0,1
1386392,127703,1,1,0
1698104,127704,1,1,0
3670016,127705,1,1,0
2936184,127706,1,1,0
2233768,127707,1,0,1
819872,127708,1,0,1
1338664,127709,1,0,1
2018096,127710,1,0,1
4449352,127711,1,1,0
1106112,127712,1,0,1
885288,127713,1,0,1
2166496,127714,1,1,0
1527072,127715,1,1,0
5846464,127716,1,0,1
3907160,127717,1,0,1
5748064,127718,1,1,0
609232,127719,1,0,1
6569232,127720,1,0,1
543384,127721,1,1,0
931248,127722,1,1,0
4679080,127723,1,0,1
798808,127724,1,1,0
1326384,127725,1,1,0
6673376,127726,1,1,0
2440864,127727,1,1,0
271216,127728,1,1,0
5386344,127729,1,1,0
1857880,127730,1,0,1
1139792,127731,1,1,0
1621624,127732,1,1,0
166792,127733,1,1,0
5020208,127734,1,0,1
939840,127735,1,0,1
2846192,127736,1,1,0
2458232,127737,1,0,1
4476632,127738,1,0,1
7933064,127739,1,0,1
3027664,127740,1,1,0
4350776,127741,1,0,1
1796088,127742,1,0,1
2865456,127743,1,0,1
7440000,127744,1,0,1
371896,127745,1,1,0
5291968,127746,1,0,1
4526968,127747,1,1,0
945368,127748,1,1,0
8066000,127749,1,0,1
961696,127750,1,1,0
3593272,127751,1,0,1
267288,127752,1,0,1
3271496,127753,1,1,0
3622752,127754,1,1,0
1868920,127755,1,1,0
707184,127756,1,1,0
1910136,127757,1,1,0
1812672,127758,1,0,1
6519768,127759,1,1,0
2008312,127760,1,1,0
4013192,127761,1,0,1
4846568,127762,1,1,0
389456,127763,1,0,1
1496768,127764,1,1,0
3885960,127765,1,0,1
3283872,127766,1,0,1
2862136,127767,1,1,0
869008,127768,1,1,0
7075472,127769,1,1,0
5464936,127770,1,0,1
772976,127771,1,1,0
2893808,127772,1,1,0
730608,127773,1,1,0
4962744,127774,1,0,1
4684216,127775,1,0,1
463608,127776,1,1,0
3196152,127777,1,0,1
2625712,127778,1,1,0
3125776,127779,1,1,0
2299008,127780,1,1,0
1106872,127781,1,0,1
1844752,127782,1,0,1
333648,127783,1,0,1
356280,127784,1,0,1
2651432,127785,1,0,1
634256,127786,1,0,1
577840,127787,1,0,1
429432,127788,1,1,0
1970296,127789,1,0,1
1034568,127790,1,1,0
2013344,127791,1,0,1
2266872,127792,1,1,0
1927544,127793,1,1,0
539904,127794,1,1,0
2090200,127795,1,1,0
229208,127796,1,1,0
5292440,127797,1,1,0
6031856,127798,1,0,1
1554544,127799,1,1,0
2715848,127800,1,1,0
3994128,127801,1,1,0
4617184,127802,1,1,0
499512,127803,1,0,1
3098744,127804,1,0,1
844608,127805,1,1,0
383416,127806,1,0,1
649720,127807,1,1,0
1492408,127808,1,0,1
1481776,127809,1,1,0
1297416,127810,1,1,0
5583232,127811,1,0,1
1068592,127812,1,0,1
398640,127813,1,1,0
522536,127814,1,1,0
3780056,127815,1,0,1
657592,127816,1,1,0
5844920,127817,1,0,1
1843512,127818,1,0,1
381576,127819,1,0,1
1285760,127820,1,1,0
737944,127821,1,0,1
2121824,127822,1,0,1
556752,127823,1,0,1
2179568,127824,1,1,0
1804744,127825,1,1,0
4570416,127826,1,1,0
6035112,127827,1,0,1
2597632,127828,1,1,0
3357544,127829,1,1,0
1833208,127830,1,0,1
6659264,127831,1,1,0
330224,127832,1,1,0
221616,127833,1,1,0
3728168,127834,1,0,1
645056,127835,1,1,0
2061992,127836,1,1,0
883848,127837,1,0,1
7260944,127838,1,0,1
3643456,127839,1,0,1
7624240,127840,1,0,1
702256,127841,1,1,0
4968648,127842,1,0,1
8176744,127843,1,1,0
844096,127844,1,0,1
815640,127845,1,0,1
8083312,127846,1,1,0
3496328,127847,1,1,0
5902136,127848,1,0,1
1992576,127849,1,1,0
3731376,127850,1,1,0
1978040,127851,1,0,1
1812848,127852,1,1,0
6664672,127853,1,0,1
2760424,127854,1,0,1
1928648,127855,1,0,1
4297808,127856,1,0,1
6984800,127857,1,0,1
3371104,127858,1,0,1
8031848,127859,1,1,0
7643224,127860,1,1,0
1148392,127861,1,0,1
5155416,127862,1,0,1
250736,127863,1,1,0
2279984,127864,1,1,0
2132344,127865,1,1,0
7032672,127866,1,0,1
444928,127867,1,1,0
5060016,127868,1,1,0
8262608,127869,1,1,0
582112,127870,1,1,0
5894696,127871,1,1,0
2909960,127872,1,0,1
8322960,127873,1,1,0
1219968,127874,1,1,0
1004824,127875,1,1,0
5743480,127876,1,1,0
4230488,127877,1,1,0
4378680,127878,1,0,1
1600168,127879,1,1,0
1576632,127880,1,0,1
4816712,127881,1,1,0
823912,127882,1,0,1
677208,127883,1,1,0
1058984,127884,1,1,0
674096,127885,1,0,1
5158648,127886,1,0,1
3171728,127887,1,1,0
3670128,127888,1,0,1
2491624,127889,1,0,1
1324208,127890,1,0,1
903896,127891,1,1,0
1825336,127892,1,1,0
7633880,127893,1,0,1
5749688,127894,1,1,0
1482600,127895,1,1,0
273976,127896,1,1,0
851832,127897,1,1,0
1227024,127898,1,1,0
1616392,127899,1,0,1
5973160,127900,1,0,1
5519472,127901,1,0,1
871064,127902,1,0,1
1734360,127903,1,1,0
5197392,127904,1,0,1
3139728,127905,1,1,0
622416,127906,1,0,1
189472,127907,1,0,1
1633272,127908,1,0,1
939024,127909,1,0,1
1426504,127910,1,1,0
5727192,127911,1,0,1
4576952,127912,1,0,1
980512,127913,1,0,1
1494896,127914,1,1,0
1471000,127915,1,0,1
3754712,127916,1,1,0
7108680,127917,1,1,0
477000,127918,1,0,1
1174304,127919,1,0,1
1748664,127920,1,1,0
4797856,127921,1,1,0
4207800,127922,1,0,1
811376,127923,1,1,0
631600,127924,1,0,1
8250712,127925,1,0,1
4706576,127926,1,1,0
2574480,127927,1,0,1
2712384,127928,1,1,0
1833768,127929,1,0,1
549384,127930,1,1,0
2528520,127931,1,1,0
6028904,127932,1,0,1
2437664,127933,1,0,1
6062520,127934,1,0,1
3607112,127935,1,1,0
119648,127936,1,0,1
4778368,127937,1,1,0
4302208,127938,1,1,0
1570824,127939,1,0,1
1118128,127940,1,1,0
1692088,127941,1,1,0
7839584,127942,1,1,0
595544,127943,1,0,1
2764424,127944,1,1,0
254552,127945,1,0,1
7094264,127946,1,0,1
2875016,127947,1,0,1
1326120,127948,1,1,0
79944,127949,1,1,0
4328632,127950,1,1,0
4551696,127951,1,0,1
2995736,127952,1,0,1
2450400,127953,1,0,1
4028384,127954,1,1,0
2259184,127955,1,1,0
3560592,127956,1,0,1
3760616,127957,1,1,0
4862296,127958,1,1,0
860880,127959,1,1,0
789136,127960,1,0,1
2623552,127961,1,1,0
6121816,127962,1,0,1
1979760,127963,1,0,1
3861272,127964,1,1,0
2093192,127965,1,1,0
7881296,127966,1,1,0
527320,127967,1,0,1
4275944,127968,1,1,0
421120,127969,1,0,1
2812424,127970,1,0,1
5445976,127971,1,1,0
1632600,127972,1,0,1
288304,127973,1,1,0
2861656,127974,1,1,0
647040,127975,1,0,1
6422352,127976,1,0,1
5427240,127977,1,0,1
989200,127978,1,1,0
3314888,127979,1,1,0
7560264,127980,1,1,0
2288408,127981,1,0,1
5111872,127982,1,0,1
460176,127983,1,1,0
681984,127984,1,1,0
332416,127985,1,0,1
1505072,127986,1,1,0
2754304,127987,1,1,0
485016,127988,1,1,0
619256,127989,1,1,0
1159544,127990,1,1,0
1578800,127991,1,0,1
2113608,127992,1,0,1
3433128,127993,1,0,1
8230024,127994,1,0,1
6625096,127995,1,0,1
4534176,127996,1,1,0
7297968,127997,1,0,1
1627904,127998,1,1,0
6713784,127999,1,0,1
98176,128000,1,1,0
1729000,128001,1,1,0
2976000,128002,1,0,1
3042560,128003,1,0,1
5111344,128004,1,0,1
4029400,128005,1,1,0
864472,128006,1,0,1
4801000,128007,1,0,1
1794624,128008,1,0,1
4778912,128009,1,1,0
7857864,128010,1,0,1
875968,128011,1,1,0
1359072,128012,1,1,0
2256864,128013,1,1,0
976144,128014,1,0,1
673800,128015,1,1,0
1528744,128016,1,1,0
568216,128017,1,0,1
1442024,128018,1,1,0
2112016,128019,1,1,0
3743216,128020,1,1,0
6148136,128021,1,0,1
3548056,128022,1,0,1
2849608,128023,1,1,0
2078824,128024,1,0,1
296912,128025,1,0,1
1305272,128026,1,0,1
3095176,128027,1,1,0
5568376,128028,1,0,1
4671432,128029,1,1,0
7530176,128030,1,1,0
7680688,128031,1,1,0
585536,128032,1,0,1
325840,128033,1,0,1
2720592,128034,1,1,0
498712,128035,1,0,1
1130208,128036,1,0,1
1386712,128037,1,1,0
312824,128038,1,1,0
1296104,128039,1,1,0
701288,128040,1,0,1
1116008,128041,1,0,1
680528,128042,1,0,1
2006672,128043,1,1,0
2024240,128044,1,1,0
6426880,128045,1,1,0
2503024,128046,1,1,0
527312,128047,1,1,0
753464,128048,1,1,0
248480,128049,1,0,1
2661128,128050,1,0,1
6057256,128051,1,1,0
429240,128052,1,0,1
2544424,128053,1,1,0
6235528,128054,1,0,1
3116544,128055,1,0,1
1041808,128056,1,0,1
3410536,128057,1,1,0
852216,128058,1,0,1
298008,128059,1,1,0
8319408,128060,1,1,0
1072488,128061,1,1,0
675752,128062,1,1,0
288208,128063,1,0,1
255912,128064,1,0,1
5826400,128065,1,1,0
1524552,128066,1,0,1
1625720,128067,1,1,0
1922472,128068,1,0,1
552912,128069,1,1,0
4985200,128070,1,1,0
5459536,128071,1,0,1
8160752,128072,1,1,0
1047232,128073,1,0,1
3684440,128074,1,1,0
815216,128075,1,0,1
1118928,128076,1,1,0
3817832,128077,1,1,0
1129584,128078,1,0,1
2675184,128079,1,0,1
1086032,128080,1,0,1
3491640,128081,1,1,0
1109824,128082,1,0,1
768064,128083,1,0,1
2670184,128084,1,1,0
2523976,128085,1,0,1
659888,128086,1,0,1
1102048,128087,1,1,0
725464,128088,1,0,1
2681528,128089,1,1,0
6437336,128090,1,1,0
2340248,128091,1,1,0
172000,128092,1,0,1
5772080,128093,1,0,1
4863224,128094,1,0,1
6115488,128095,1,1,0
5893480,128096,1,1,0
985304,128097,1,1,0
940488,128098,1,0,1
2180640,128099,1,1,0
2961456,128100,1,1,0
5788944,128101,1,0,1
1223888,128102,1,1,0
437152,128103,1,0,1
1873256,128104,1,1,0
188600,128105,1,0,1
560584,128106,1,0,1
303136,128107,1,0,1
99192,128108,1,0,1
1758464,128109,1,1,0
6244456,128110,1,0,1
3848616,128111,1,0,1
490904,128112,1,1,0
3301272,128113,1,1,0
806536,128114,1,1,0
1137360,128115,1,0,1
5487864,128116,1,1,0
632584,128117,1,1,0
909128,128118,1,0,1
2982232,128119,1,0,1
194752,128120,1,0,1
367416,128121,1,1,0
1720840,128122,1,1,0
3801848,128123,1,0,1
107408,128124,1,0,1
6494856,128125,1,1,0
944792,128126,1,0,1
1551288,128127,1,1,0
6911992,128128,1,0,1
7444272,128129,1,0,1
1413016,128130,1,1,0
5390776,128131,1,0,1
1570800,128132,1,0,1
6581376,128133,1,1,0
823352,128134,1,1,0
2213944,128135,1,0,1
7199808,128136,1,0,1
8080688,128137,1,0,1
7494768,128138,1,1,0
3210448,128139,1,1,0
1453560,128140,1,0,1
5043864,128141,1,0,1
1330880,128142,1,1,0
1210000,128143,1,1,0
3023064,128144,1,1,0
1975048,128145,1,0,1
6233728,128146,1,0,1
6066432,128147,1,0,1
1728968,128148,1,1,0
7417000,128149,1,0,1
6508632,128150,1,1,0
4991024,128151,1,0,1
1575056,128152,1,1,0
2018016,128153,1,0,1
2050896,128154,1,1,0
2534248,128155,1,0,1
3151936,128156,1,0,1
1796184,128157,1,1,0
295056,128158,1,1,0
776632,128159,1,1,0
583240,128160,1,0,1
4835912,128161,1,0,1
4010672,128162,1,0,1
1136776,128163,1,1,0
140792,128164,1,0,1
5600504,128165,1,1,0
474248,128166,1,0,1
593360,128167,1,0,1
3635760,128168,1,0,1
118408,128169,1,1,0
73584,128170,1,0,1
4349512,128171,1,0,1
2468768,128172,1,0,1
2942776,128173,1,1,0
3502104,128174,1,1,0
5100568,128175,1,1,0
1132144,128176,1,0,1
1149520,128177,1,1,0
628496,128178,1,1,0
1363024,128179,1,1,0
861600,128180,1,0,1
6509176,128181,1,1,0
364344,128182,1,0,1
132000,128183,1,0,1
497728,128184,1,1,0
4032840,128185,1,0,1
761624,128186,1,1,0
863176,128187,1,0,1
2378328,128188,1,0,1
6991280,128189,1,1,0
388664,128190,1,1,0
5208368,128191,1,1,0
5398400,128192,1,0,1
6869016,128193,1,1,0
757504,128194,1,1,0
527872,128195,1,1,0
1620528,128196,1,0,1
3387328,128197,1,0,1
441960,128198,1,0,1
1028920,128199,1,1,0
7318192,128200,1,0,1
4344048,128201,1,1,0
689384,128202,1,0,1
490080,128203,1,1,0
1893232,128204,1,1,0
666784,128205,1,1,0
4087736,128206,1,1,0
1117256,128207,1,1,0
427488,128208,1,1,0
250568,128209,1,0,1
906112,128210,1,0,1
2428080,128211,1,0,1
4699352,128212,1,0,1
288120,128213,1,0,1
2564856,128214,1,1,0
6621400,128215,1,1,0
4642432,128216,1,0,1
1428720,128217,1,1,0
4260256,128218,1,1,0
1296032,128219,1,1,0
3475328,128220,1,1,0
632016,128221,1,0,1
5131032,128222,1,0,1
362368,128223,1,1,0
4484576,128224,1,1,0
818328,128225,1,1,0
7896128,128226,1,0,1
271016,128227,1,1,0
5307768,128228,1,0,1
1669336,128229,1,0,1
4826184,128230,1,0,1
1626760,128231,1,0,1
2938608,128232,1,1,0
2777824,128233,1,1,0
4756520,128234,1,1,0
1504744,128235,1,0,1
1878224,128236,1,1,0
2474600,128237,1,0,1
1589240,128238,1,0,1
842048,128239,1,1,0
5171984,128240,1,1,0
2441832,128241,1,1,0
7608536,128242,1,1,0
6124048,128243,1,1,0
4437072,128244,1,1,0
7931512,128245,1,0,1
1045104,128246,1,1,0
282272,128247,1,1,0
8182080,128248,1,1,0
2375664,128249,1,0,1
8163872,128250,1,1,0
978032,128251,1,0,1
1409464,128252,1,0,1
1508032,128253,1,0,1
632160,128254,1,0,1
1667048,128255,1,0,1
1084744,128256,1,0,1
169144,128257,1,0,1
1655984,128258,1,1,0
1278800,128259,1,0,1
475360,128260,1,0,1
3448696,128261,1,1,0
318472,128262,1,1,0
3095000,128263,1,0,1
5753136,128264,1,0,1
2940072,128265,1,0,1
1414896,128266,1,1,0
6293128,128267,1,1,0
555240,128268,1,0,1
610432,128269,1,1,0
1095168,128270,1,0,1
3600064,128271,1,1,0
2549632,128272,1,0,1
5597608,128273,1,0,1
7637240,128274,1,0,1
473360,128275,1,0,1
1084200,128276,1,0,1
427456,128277,1,1,0
4475608,128278,1,1,0
1398448,128279,1,0,1
6873504,128280,1,1,0
1031880,128281,1,0,1
589272,128282,1,1,0
5054008,128283,1,1,0
1544464,128284,1,1,0
1156448,128285,1,0,1
4945288,128286,1,1,0
536792,128287,1,1,0
235736,128288,1,0,1
2318032,128289,1,0,1
6033768,128290,1,1,0
4050032,128291,1,0,1
2556168,128292,1,1,0
4811312,128293,1,1,0
242072,128294,1,1,0
6141208,128295,1,1,0
334224,128296,1,1,0
642552,128297,1,0,1
3561800,128298,1,1,0
4902264,128299,1,1,0
2803088,128300,1,0,1
1346384,128301,1,1,0
1403904,128302,1,1,0
1081608,128303,1,1,0
5122632,128304,1,1,0
1884384,128305,1,1,0
1702824,128306,1,1,0
1464840,128307,1,1,0
1002536,128308,1,0,1
1427424,128309,1,1,0
825296,128310,1,1,0
6384112,128311,1,1,0
4803072,128312,1,0,1
124776,128313,1,1,0
2731704,128314,1,0,1
216568,128315,1,0,1
3142752,128316,1,0,1
5132888,128317,1,1,0
997616,128318,1,1,0
1565392,128319,1,0,1
1145296,128320,1,1,0
2861992,128321,1,0,1
3996040,128322,1,1,0
372832,128323,1,0,1
275864,128324,1,0,1
7947152,128325,1,0,1
2868248,128326,1,0,1
3143920,128327,1,0,1
1054480,128328,1,1,0
584720,128329,1,0,1
6815952,128330,1,1,0
5461776,128331,1,0,1
4863880,128332,1,0,1
2493848,128333,1,0,1
6319144,128334,1,0,1
1270184,128335,1,1,0
3358072,128336,1,1,0
235152,128337,1,1,0
863384,128338,1,1,0
3562264,128339,1,0,1
1937704,128340,1,1,0
2829304,128341,1,1,0
7226384,128342,1,1,0
1387808,128343,1,0,1
588472,128344,1,1,0
1066008,128345,1,0,1
3552712,128346,1,0,1
1277896,128347,1,1,0
1118440,128348,1,1,0
1200536,128349,1,1,0
1433208,128350,1,0,1
722296,128351,1,0,1
1040576,128352,1,1,0
1468600,128353,1,0,1
2204160,128354,1,1,0
1260256,128355,1,0,1
2462512,128356,1,1,0
6698408,128357,1,1,0
1178560,128358,1,0,1
1249432,128359,1,0,1
805488,128360,1,1,0
4432104,128361,1,0,1
7770256,128362,1,1,0
746304,128363,1,1,0
546600,128364,1,1,0
3156352,128365,1,1,0
941184,128366,1,1,0
4565616,128367,1,1,0
4629144,128368,1,0,1
1551656,128369,1,1,0
5908752,128370,1,0,1
2231920,128371,1,1,0
235728,128372,1,1,0
2079456,128373,1,0,1
4882768,128374,1,0,1
328264,128375,1,1,0
1503976,128376,1,0,1
4110616,128377,1,1,0
7445792,128378,1,1,0
559096,128379,1,1,0
1203600,128380,1,1,0
2484432,128381,1,0,1
2960464,128382,1,0,1
5530816,128383,1,1,0
405872,128384,1,0,1
4503712,128385,1,0,1
3822608,128386,1,0,1
2939760,128387,1,1,0
6941264,128388,1,1,0
6952280,128389,1,1,0
754840,128390,1,1,0
518944,128391,1,1,0
1122336,128392,1,1,0
333112,128393,1,1,0
1225512,128394,1,1,0
1000336,128395,1,1,0
1245912,128396,1,1,0
3629336,128397,1,0,1
3669320,128398,1,1,0
590312,128399,1,1,0
6359936,128400,1,1,0
2729264,128401,1,1,0
2965776,128402,1,1,0
853096,128403,1,1,0
5717600,128404,1,0,1
429912,128405,1,1,0
2648296,128406,1,0,1
7348648,128407,1,0,1
4600008,128408,1,0,1
5475536,128409,1,1,0
2654528,128410,1,1,0
1124000,128411,1,0,1
1556376,128412,1,1,0
3326112,128413,1,1,0
1247984,128414,1,0,1
923664,128415,1,1,0
6895424,128416,1,0,1
1410880,128417,1,0,1
481032,128418,1,0,1
1197456,128419,1,0,1
631576,128420,1,1,0
1371992,128421,1,0,1
2069088,128422,1,1,0
536448,128423,1,0,1
990016,128424,1,0,1
951448,128425,1,1,0
791312,128426,1,1,0
665632,128427,1,0,1
989536,128428,1,1,0
1319720,128429,1,1,0
6962552,128430,1,1,0
1395472,128431,1,0,1
567360,128432,1,0,1
7787312,128433,1,0,1
3115400,128434,1,1,0
3103264,128435,1,0,1
2469840,128436,1,0,1
851224,128437,1,0,1
359728,128438,1,1,0
1294408,128439,1,0,1
2935360,128440,1,0,1
6693064,128441,1,0,1
3116984,128442,1,1,0
286744,128443,1,0,1
1183376,128444,1,1,0
1275344,128445,1,1,0
5036088,128446,1,0,1
7959640,128447,1,0,1
4238928,128448,1,1,0
1658328,128449,1,0,1
438752,128450,1,1,0
4382696,128451,1,1,0
6066944,128452,1,1,0
3540880,128453,1,1,0
2301920,128454,1,1,0
3899808,128455,1,0,1
1551040,128456,1,0,1
1237304,128457,1,1,0
5027288,128458,1,0,1
8196992,128459,1,1,0
810376,128460,1,0,1
5625232,128461,1,0,1
626096,128462,1,1,0
2564136,128463,1,1,0
134344,128464,1,1,0
297048,128465,1,0,1
1616696,128466,1,0,1
692896,128467,1,1,0
6848104,128468,1,1,0
7144392,128469,1,0,1
8090952,128470,1,0,1
3384568,128471,1,1,0
3308760,128472,1,1,0
6282000,128473,1,1,0
2693192,128474,1,1,0
380032,128475,1,0,1
8315992,128476,1,0,1
2074048,128477,1,1,0
678224,128478,1,0,1
3101424,128479,1,0,1
239992,128480,1,0,1
3408240,128481,1,1,0
1998656,128482,1,1,0
616320,128483,1,0,1
3168832,128484,1,1,0
1574912,128485,1,0,1
163704,128486,1,1,0
2964336,128487,1,1,0
3331296,128488,1,1,0
591008,128489,1,1,0
1379120,128490,1,1,0
408264,128491,1,0,1
3503424,128492,1,1,0
6836432,128493,1,1,0
5584856,128494,1,1,0
316560,128495,1,0,1
317144,128496,1,0,1
922248,128497,1,1,0
611264,128498,1,0,1
140152,128499,1,1,0
3557920,128500,1,1,0
5229256,128501,1,0,1
5434152,128502,1,1,0
7071568,128503,1,0,1
1388720,128504,1,1,0
596176,128505,1,0,1
912880,128506,1,0,1
894656,128507,1,0,1
6931016,128508,1,1,0
1464704,128509,1,1,0
234456,128510,1,0,1
7605064,128511,1,1,0
5101432,128512,1,0,1
2582816,128513,1,1,0
314416,128514,1,1,0
6818768,128515,1,0,1
1078816,128516,1,0,1
6206832,128517,1,0,1
991912,128518,1,0,1
2062680,128519,1,0,1
3884464,128520,1,0,1
1741312,128521,1,1,0
640632,128522,1,0,1
2112000,128523,1,0,1
1304200,128524,1,0,1
4543808,128525,1,0,1
2120504,128526,1,0,1
1029824,128527,1,0,1
2297416,128528,1,1,0
1556512,128529,1,1,0
2001560,128530,1,1,0
2575576,128531,1,0,1
756336,128532,1,1,0
290104,128533,1,0,1
2149648,128534,1,0,1
7570720,128535,1,1,0
7427560,128536,1,1,0
5100704,128537,1,0,1
3019064,128538,1,0,1
788536,128539,1,1,0
4188552,128540,1,1,0
6142976,128541,1,0,1
747016,128542,1,0,1
4926208,128543,1,0,1
4198744,128544,1,1,0
7645520,128545,1,0,1
2166136,128546,1,1,0
1189832,128547,1,0,1
3812744,128548,1,0,1
6776456,128549,1,0,1
1519896,128550,1,1,0
434096,128551,1,1,0
2918552,128552,1,1,0
1158496,128553,1,0,1
5048976,128554,1,1,0
3306704,128555,1,0,1
4400264,128556,1,0,1
1532568,128557,1,1,0
1519024,128558,1,1,0
3338240,128559,1,1,0
1674224,128560,1,1,0
1992736,128561,1,1,0
1059856,128562,1,1,0
3550376,128563,1,1,0
8348384,128564,1,0,1
3508928,128565,1,0,1
7723568,128566,1,0,1
174056,128567,1,0,1
459184,128568,1,1,0
1654760,128569,1,0,1
7476184,128570,1,1,0
7680368,128571,1,1,0
5458336,128572,1,0,1
1042200,128573,1,0,1
1771136,128574,1,1,0
4918336,128575,1,1,0
1619728,128576,1,0,1
1399840,128577,1,0,1
4205024,128578,1,1,0
3081584,128579,1,1,0
466368,128580,1,0,1
6373360,128581,1,0,1
5494344,128582,1,1,0
114232,128583,1,1,0
1851208,128584,1,0,1
1191872,128585,1,1,0
5842264,128586,1,0,1
538216,128587,1,1,0
3972784,128588,1,1,0
1448352,128589,1,0,1
1064520,128590,1,0,1
707984,128591,1,1,0
675064,128592,1,0,1
2957392,128593,1,1,0
917960,128594,1,0,1
2066800,128595,1,0,1
167104,128596,1,0,1
1153936,128597,1,1,0
2008040,128598,1,1,0
7633336,128599,1,0,1
3010056,128600,1,0,1
5342864,128601,1,0,1
6297712,128602,1,0,1
4787624,128603,1,0,1
676232,128604,1,1,0
263064,128605,1,1,0
8180184,128606,1,1,0
6231336,128607,1,1,0
441544,128608,1,1,0
1043808,128609,1,0,1
618912,128610,1,0,1
5221744,128611,1,0,1
1631392,128612,1,1,0
630504,128613,1,1,0
6594784,128614,1,0,1
5803776,128615,1,0,1
693152,128616,1,0,1
2948304,128617,1,0,1
2290384,128618,1,1,0
6689584,128619,1,0,1
1648728,128620,1,1,0
5102632,128621,1,0,1
462128,128622,1,0,1
5904256,128623,1,0,1
2597888,128624,1,0,1
1068048,128625,1,1,0
5984696,128626,1,0,1
3776528,128627,1,0,1
130720,128628,1,0,1
4056672,128629,1,1,0
3585960,128630,1,0,1
7782448,128631,1,1,0
5616064,128632,1,1,0
3903864,128633,1,0,1
6685840,128634,1,1,0
1840208,128635,1,1,0
4154288,128636,1,0,1
4605464,128637,1,1,0
924440,128638,1,1,0
871816,128639,1,1,0
3953040,128640,1,0,1
1266400,128641,1,1,0
1124808,128642,1,0,1
628144,128643,1,1,0
8079720,128644,1,1,0
930576,128645,1,1,0
2880488,128646,1,0,1
1999648,128647,1,0,1
5241280,128648,1,1,0
294008,128649,1,1,0
815328,128650,1,0,1
473672,128651,1,1,0
3527168,128652,1,0,1
2216424,128653,1,0,1
5020056,128654,1,0,1
7511056,128655,1,0,1
8192512,128656,1,1,0
3033920,128657,1,1,0
2400800,128658,1,0,1
474392,128659,1,0,1
3334904,128660,1,1,0
2589336,128661,1,0,1
3231728,128662,1,1,0
1922720,128663,1,0,1
1487344,128664,1,1,0
545080,128665,1,0,1
378760,128666,1,0,1
2409448,128667,1,1,0
1056336,128668,1,1,0
3321552,128669,1,1,0
8248560,128670,1,0,1
2152712,128671,1,0,1
756120,128672,1,1,0
4739456,128673,1,0,1
660376,128674,1,0,1
3342032,128675,1,1,0
7864632,128676,1,0,1
1142968,128677,1,1,0
1139112,128678,1,1,0
3454024,128679,1,1,0
5452712,128680,1,1,0
305384,128681,1,1,0
5709640,128682,1,0,1
3325344,128683,1,0,1
446264,128684,1,0,1
1190368,128685,1,0,1
2267984,128686,1,1,0
902184,128687,1,1,0
2010336,128688,1,1,0
7907624,128689,1,1,0
1398128,128690,1,0,1
320640,128691,1,0,1
5449728,128692,1,0,1
3440656,128693,1,1,0
862168,128694,1,1,0
3364320,128695,1,0,1
400584,128696,1,1,0
801960,128697,1,0,1
6026888,128698,1,1,0
566688,128699,1,0,1
2752024,128700,1,1,0
2771856,128701,1,0,1
6597096,128702,1,0,1
3599560,128703,1,1,0
2027448,128704,1,0,1
5809864,128705,1,1,0
2898912,128706,1,1,0
593280,128707,1,1,0
5438744,128708,1,1,0
151624,128709,1,0,1
1150432,128710,1,1,0
669928,128711,1,1,0
1223360,128712,1,1,0
1105368,128713,1,1,0
2164016,128714,1,1,0
2357128,128715,1,0,1
2379840,128716,1,0,1
1180576,128717,1,0,1
5985408,128718,1,0,1
5701296,128719,1,0,1
685848,128720,1,0,1
600784,128721,1,0,1
4596760,128722,1,1,0
437568,128723,1,1,0
2103144,128724,1,0,1
6124752,128725,1,0,1
7064488,128726,1,0,1
2364176,128727,1,0,1
1092048,128728,1,1,0
6213592,128729,1,0,1
821080,128730,1,0,1
1276712,128731,1,1,0
4967832,128732,1,0,1
3688656,128733,1,1,0
476072,128734,1,0,1
5306792,128735,1,1,0
5396296,128736,1,1,0
315872,128737,1,0,1
1957632,128738,1,0,1
1113120,128739,1,1,0
7061368,128740,1,1,0
3877880,128741,1,0,1
2417096,128742,1,0,1
627432,128743,1,1,0
4427136,128744,1,0,1
462696,128745,1,1,0
670064,128746,1,0,1
6903752,128747,1,0,1
455232,128748,1,0,1
609632,128749,1,0,1
7169968,128750,1,1,0
4075568,128751,1,0,1
786224,128752,1,0,1
4055832,128753,1,1,0
7819936,128754,1,1,0
4316528,128755,1,0,1
7539128,128756,1,0,1
468232,128757,1,0,1
509992,128758,1,0,1
6202728,128759,1,0,1
692880,128760,1,0,1
2809112,128761,1,1,0
7332240,128762,1,0,1
5056400,128763,1,1,0
1120960,128764,1,0,1
2678496,128765,1,0,1
646496,128766,1,0,1
2571408,128767,1,1,0
159912,128768,1,1,0
718160,128769,1,1,0
911160,128770,1,0,1
7576160,128771,1,1,0
1557888,128772,1,1,0
902392,128773,1,1,0
69728,128774,1,0,1
4910768,128775,1,1,0
6486904,128776,1,1,0
3352984,128777,1,0,1
142160,128778,1,0,1
769208,128779,1,1,0
7803648,128780,1,1,0
761704,128781,1,1,0
4677728,128782,1,0,1
6737200,128783,1,0,1
7522744,128784,1,0,1
2066456,128785,1,1,0
6998128,128786,1,1,0
2641664,128787,1,1,0
889680,128788,1,1,0
1010088,128789,1,0,1
6161840,128790,1,1,0
3426160,128791,1,0,1
4336664,128792,1,0,1
2238680,128793,1,1,0
1894320,128794,1,1,0
5021136,128795,1,0,1
790448,128796,1,1,0
5531736,128797,1,0,1
77848,128798,1,0,1
1123328,128799,1,0,1
2383216,128800,1,0,1
1071928,128801,1,1,0
3664616,128802,1,1,0
1202168,128803,1,0,1
1069816,128804,1,1,0
6341216,128805,1,0,1
848064,128806,1,0,1
2424376,128807,1,0,1
3505680,128808,1,1,0
312592,128809,1,1,0
4279248,128810,1,1,0
2175576,128811,1,0,1
5057160,128812,1,1,0
4381272,128813,1,1,0
4681896,128814,1,1,0
4075784,128815,1,0,1
5586472,128816,1,0,1
4594960,128817,1,1,0
5959688,128818,1,0,1
2156952,128819,1,1,0
227312,128820,1,0,1
2249632,128821,1,0,1
842544,128822,1,0,1
484824,128823,1,1,0
943312,128824,1,1,0
2966160,128825,1,0,1
1646568,128826,1,1,0
6551104,128827,1,0,1
1310160,128828,1,1,0
1726888,128829,1,1,0
894096,128830,1,0,1
1075104,128831,1,0,1
409232,128832,1,1,0
2629576,128833,1,1,0
988936,128834,1,0,1
3477496,128835,1,1,0
355944,128836,1,0,1
5618856,128837,1,0,1
831184,128838,1,0,1
1787000,128839,1,1,0
4446176,128840,1,1,0
4796048,128841,1,1,0
4698320,128842,1,0,1
2322936,128843,1,0,1
1415208,128844,1,1,0
5137304,128845,1,1,0
1152616,128846,1,0,1
900224,128847,1,1,0
507712,128848,1,0,1
4713624,128849,1,0,1
396064,128850,1,1,0
799136,128851,1,1,0
7509240,128852,1,1,0
4868464,128853,1,0,1
5586584,128854,1,1,0
1284680,128855,1,0,1
120624,128856,1,1,0
602040,128857,1,0,1
4055224,128858,1,1,0
2060928,128859,1,0,1
485448,128860,1,1,0
1337776,128861,1,1,0
5024280,128862,1,1,0
1466584,128863,1,0,1
1966376,128864,1,1,0
3954592,128865,1,0,1
3839064,128866,1,1,0
4105312,128867,1,1,0
7975512,128868,1,1,0
966888,128869,1,0,1
5604944,128870,1,1,0
4827256,128871,1,0,1
1650032,128872,1,0,1
3486312,128873,1,1,0
2335384,128874,1,0,1
7752008,128875,1,1,0
1333048,128876,1,0,1
3630920,128877,1,0,1
8140000,128878,1,0,1
232488,128879,1,1,0
1516432,128880,1,0,1
452176,128881,1,1,0
1437224,128882,1,0,1
1094336,128883,1,0,1
6604384,128884,1,1,0
3231288,128885,1,0,1
2560248,128886,1,1,0
2019824,128887,1,1,0
2648104,128888,1,0,1
4341472,128889,1,0,1
2763624,128890,1,0,1
1937056,128891,1,1,0
1556496,128892,1,0,1
745944,128893,1,1,0
772984,128894,1,1,0
482752,128895,1,1,0
6198536,128896,1,1,0
3101920,128897,1,0,1
3950592,128898,1,0,1
1117896,128899,1,1,0
4607464,128900,1,1,0
1999280,128901,1,1,0
744472,128902,1,1,0
328824,128903,1,1,0
1778232,128904,1,0,1
92032,128905,1,0,1
4953024,128906,1,0,1
2772968,128907,1,0,1
243208,128908,1,0,1
499152,128909,1,1,0
733808,128910,1,1,0
2773928,128911,1,1,0
2312104,128912,1,0,1
2995632,128913,1,1,0
3123528,128914,1,1,0
379968,128915,1,0,1
1069112,128916,1,1,0
1514832,128917,1,0,1
825528,128918,1,1,0
5053944,128919,1,0,1
335392,128920,1,0,1
235336,128921,1,1,0
421736,128922,1,0,1
409048,128923,1,0,1
147144,128924,1,1,0
693496,128925,1,1,0
2001448,128926,1,1,0
5783072,128927,1,0,1
4170928,128928,1,0,1
1038416,128929,1,1,0
442216,128930,1,1,0
1978512,128931,1,1,0
735536,128932,1,1,0
1035248,128933,1,1,0
2948128,128934,1,0,1
7328416,128935,1,0,1
183120,128936,1,0,1
5217680,128937,1,1,0
5593232,128938,1,1,0
5322888,128939,1,0,1
424608,128940,1,1,0
2336144,128941,1,0,1
4180704,128942,1,1,0
1265496,128943,1,1,0
4408032,128944,1,0,1
504336,128945,1,1,0
2245152,128946,1,0,1
6114832,128947,1,0,1
4931024,128948,1,0,1
646000,128949,1,0,1
2377880,128950,1,1,0
1029248,128951,1,1,0
1946704,128952,1,0,1
2423168,128953,1,1,0
3707304,128954,1,1,0
2407528,128955,1,0,1
2180336,128956,1,0,1
381728,128957,1,0,1
6341448,128958,1,0,1
1152848,128959,1,0,1
3298968,128960,1,1,0
7702416,128961,1,0,1
1378288,128962,1,1,0
395632,128963,1,1,0
354576,128964,1,0,1
684256,128965,1,0,1
5082952,128966,1,1,0
4620352,128967,1,1,0
5906744,128968,1,1,0
477520,128969,1,1,0
290120,128970,1,0,1
7990440,128971,1,0,1
5264744,128972,1,0,1
653008,128973,1,1,0
301520,128974,1,0,1
989920,128975,1,0,1
3052272,128976,1,0,1
1519992,128977,1,0,1
1278808,128978,1,0,1
3420904,128979,1,0,1
7952504,128980,1,0,1
1347656,128981,1,1,0
2613384,128982,1,0,1
1159048,128983,1,1,0
2977976,128984,1,1,0
372336,128985,1,1,0
1660456,128986,1,1,0
5020096,128987,1,0,1
2360816,128988,1,0,1
3393536,128989,1,0,1
1497744,128990,1,0,1
8308136,128991,1,0,1
913016,128992,1,1,0
5688184,128993,1,1,0
3392600,128994,1,0,1
2610288,128995,1,1,0
1474864,128996,1,1,0
5140520,128997,1,0,1
1972680,128998,1,0,1
85088,128999,1,0,1
3933048,129000,1,1,0
2477168,129001,1,0,1
2129968,129002,1,1,0
117368,129003,1,1,0
3249368,129004,1,0,1
2851984,129005,1,0,1
1861072,129006,1,1,0
3028456,129007,1,1,0
145944,129008,1,0,1
434848,129009,1,0,1
3577448,129010,1,0,1
4150976,129011,1,1,0
810864,129012,1,1,0
1074728,129013,1,1,0
6551152,129014,1,0,1
1783472,129015,1,0,1
6308344,129016,1,0,1
5134040,129017,1,0,1
895896,129018,1,1,0
6417376,129019,1,1,0
3568984,129020,1,1,0
702400,129021,1,1,0
1598800,129022,1,0,1
177144,129023,1,1,0
4818400,129024,1,0,1
2762544,129025,1,0,1
6996408,129026,1,1,0
2221480,129027,1,1,0
1656392,129028,1,1,0
463136,129029,1,0,1
2436088,129030,1,0,1
7184360,129031,1,0,1
806696,129032,1,0,1
2695240,129033,1,1,0
2260368,129034,1,1,0
7977208,129035,1,1,0
409016,129036,1,1,0
8038192,129037,1,0,1
296704,129038,1,0,1
5213672,129039,1,0,1
770584,129040,1,1,0
4706480,129041,1,0,1
1328432,129042,1,0,1
1328736,129043,1,1,0
2196944,129044,1,0,1
467208,129045,1,0,1
969960,129046,1,1,0
986008,129047,1,0,1
4739240,129048,1,0,1
378680,129049,1,1,0
8276976,129050,1,1,0
1036672,129051,1,1,0
2237808,129052,1,0,1
4834616,129053,1,0,1
3078384,129054,1,0,1
3141576,129055,1,0,1
3911928,129056,1,1,0
1024648,129057,1,0,1
4235280,129058,1,1,0
3404256,129059,1,0,1
2366928,129060,1,0,1
1230272,129061,1,0,1
2962656,129062,1,1,0
5659208,129063,1,0,1
8193944,129064,1,1,0
1328488,129065,1,0,1
4935856,129066,1,1,0
131464,129067,1,0,1
7792872,129068,1,1,0
7619544,129069,1,1,0
7108352,129070,1,1,0
1592592,129071,1,1,0
5440184,129072,1,0,1
2157128,129073,1,1,0
1179264,129074,1,0,1
2629904,129075,1,0,1
5032672,129076,1,1,0
3211688,129077,1,1,0
5589328,129078,1,1,0
6048200,129079,1,1,0
7706160,129080,1,0,1
313576,129081,1,1,0
411616,129082,1,1,0
4716360,129083,1,1,0
1162608,129084,1,0,1
262216,129085,1,0,1
2460216,129086,1,0,1
4117656,129087,1,0,1
7450816,129088,1,0,1
3589488,129089,1,1,0
2791888,129090,1,0,1
6404576,129091,1,1,0
360616,129092,1,1,0
4049088,129093,1,1,0
318432,129094,1,0,1
5616280,129095,1,0,1
286896,129096,1,0,1
567448,129097,1,0,1
2936792,129098,1,0,1
1878856,129099,1,0,1
7715488,129100,1,0,1
8316032,129101,1,1,0
1497592,129102,1,1,0
4246832,129103,1,0,1
371912,129104,1,1,0
7161240,129105,1,0,1
5257992,129106,1,1,0
878248,129107,1,1,0
153536,129108,1,1,0
3692352,129109,1,1,0
131696,129110,1,0,1
5708456,129111,1,0,1
2762672,129112,1,1,0
1719176,129113,1,0,1
1794016,129114,1,1,0
2794296,129115,1,0,1
2201664,129116,1,1,0
1961584,129117,1,1,0
296192,129118,1,1,0
711552,129119,1,0,1
1912848,129120,1,1,0
7928728,129121,1,1,0
4860704,129122,1,0,1
3505288,129123,1,0,1
3772640,129124,1,0,1
566176,129125,1,1,0
1752888,129126,1,1,0
514856,129127,1,0,1
3180960,129128,1,1,0
4344960,129129,1,1,0
786688,129130,1,0,1
7132712,129131,1,0,1
703176,129132,1,1,0
7857656,129133,1,0,1
3300792,129134,1,1,0
2090624,129135,1,1,0
408744,129136,1,0,1
3651192,129137,1,0,1
396240,129138,1,1,0
3270848,129139,1,1,0
1222552,129140,1,0,1
6412776,129141,1,0,1
3647488,129142,1,1,0
4033448,129143,1,1,0
3010648,129144,1,0,1
1625320,129145,1,0,1
639912,129146,1,0,1
4125432,129147,1,1,0
792360,129148,1,0,1
5487328,129149,1,0,1
4961232,129150,1,1,0
743032,129151,1,1,0
7070248,129152,1,1,0
7136264,129153,1,1,0
4413352,129154,1,0,1
2010312,129155,1,1,0
223496,129156,1,1,0
245976,129157,1,1,0
1374512,129158,1,0,1
808912,129159,1,1,0
7338096,129160,1,1,0
589408,129161,1,1,0
7303848,129162,1,1,0
3238136,129163,1,1,0
5673104,129164,1,0,1
8236400,129165,1,0,1
8342592,129166,1,0,1
516248,129167,1,1,0
2396000,129168,1,1,0
515048,129169,1,1,0
5629032,129170,1,0,1
1959344,129171,1,1,0
1362944,129172,1,0,1
3563856,129173,1,1,0
5789128,129174,1,1,0
1113600,129175,1,0,1
1745536,129176,1,1,0
681256,129177,1,0,1
516528,129178,1,0,1
1293408,129179,1,1,0
315272,129180,1,1,0
3723792,129181,1,0,1
3194368,129182,1,1,0
2120816,129183,1,1,0
439936,129184,1,1,0
7511504,129185,1,0,1
186880,129186,1,0,1
4855080,129187,1,0,1
174536,129188,1,1,0
782448,129189,1,1,0
3629568,129190,1,1,0
2442504,129191,1,1,0
3533584,129192,1,1,0
796216,129193,1,1,0
5576480,129194,1,0,1
747536,129195,1,1,0
4434544,129196,1,1,0
775656,129197,1,1,0
5252824,129198,1,0,1
1551064,129199,1,0,1
6241280,129200,1,0,1
2931792,129201,1,0,1
1116544,129202,1,1,0
1028832,129203,1,0,1
3803864,129204,1,0,1
3511264,129205,1,1,0
4303736,129206,1,1,0
2850880,129207,1,0,1
1371096,129208,1,0,1
264888,129209,1,1,0
5862176,129210,1,0,1
3213336,129211,1,1,0
6868384,129212,1,1,0
3413672,129213,1,0,1
141712,129214,1,0,1
1641136,129215,1,1,0
447560,129216,1,0,1
4224376,129217,1,1,0
2864880,129218,1,1,0
4080048,129219,1,1,0
587896,129220,1,1,0
1754216,129221,1,1,0
3774888,129222,1,0,1
2001056,129223,1,1,0
2831984,129224,1,1,0
4681000,129225,1,0,1
2813344,129226,1,1,0
2265928,129227,1,0,1
3992448,129228,1,0,1
1934632,129229,1,0,1
5010032,129230,1,1,0
2061752,129231,1,0,1
5537464,129232,1,0,1
2745344,129233,1,0,1
2780296,129234,1,0,1
1705600,129235,1,1,0
5603496,129236,1,1,0
3561864,129237,1,0,1
285160,129238,1,1,0
1115752,129239,1,1,0
4746336,129240,1,1,0
171016,129241,1,1,0
5971496,129242,1,1,0
338552,129243,1,0,1
7146224,129244,1,1,0
458848,129245,1,0,1
508040,129246,1,0,1
2965648,129247,1,1,0
7473928,129248,1,0,1
5143528,129249,1,0,1
6520064,129250,1,0,1
2030032,129251,1,1,0
846304,129252,1,0,1
1556152,129253,1,0,1
3665776,129254,1,0,1
396848,129255,1,1,0
2270416,129256,1,1,0
972480,129257,1,0,1
336632,129258,1,0,1
561888,129259,1,1,0
5057784,129260,1,1,0
5648576,129261,1,0,1
7994784,129262,1,1,0
2627632,129263,1,1,0
3659184,129264,1,0,1
1444192,129265,1,0,1
2769480,129266,1,0,1
451376,129267,1,0,1
1313464,129268,1,0,1
354104,129269,1,1,0
2024544,129270,1,1,0
714464,129271,1,1,0
4429832,129272,1,1,0
1027264,129273,1,0,1
2014472,129274,1,1,0
470528,129275,1,1,0
5899032,129276,1,0,1
483944,129277,1,0,1
2203848,129278,1,0,1
5437384,129279,1,1,0
2551408,129280,1,0,1
5423560,129281,1,1,0
2662872,129282,1,1,0
490976,129283,1,0,1
5285328,129284,1,0,1
2189320,129285,1,0,1
7340952,129286,1,1,0
567752,129287,1,1,0
3749384,129288,1,0,1
4918664,129289,1,0,1
5697352,129290,1,0,1
880840,129291,1,1,0
571248,129292,1,0,1
3089408,129293,1,0,1
716320,129294,1,0,1
7685584,129295,1,1,0
144192,129296,1,0,1
403280,129297,1,1,0
539224,129298,1,0,1
779816,129299,1,1,0
4752544,129300,1,1,0
1952280,129301,1,0,1
2413824,129302,1,1,0
2216416,129303,1,0,1
7290080,129304,1,1,0
892784,129305,1,0,1
2208960,129306,1,0,1
8355232,129307,1,1,0
4202152,129308,1,1,0
301864,129309,1,0,1
327800,129310,1,0,1
2657192,129311,1,0,1
3930392,129312,1,0,1
6860152,129313,1,1,0
1100224,129314,1,0,1
4492208,129315,1,0,1
4795624,129316,1,0,1
3580088,129317,1,1,0
962448,129318,1,1,0
7674264,129319,1,1,0
921896,129320,1,1,0
7849136,129321,1,0,1
1695336,129322,1,0,1
289288,129323,1,1,0
262584,129324,1,0,1
3202432,129325,1,0,1
1965728,129326,1,0,1
2331008,129327,1,1,0
1265360,129328,1,0,1
3652768,129329,1,1,0
7627992,129330,1,1,0
7394280,129331,1,0,1
4543144,129332,1,0,1
1715504,129333,1,1,0
5884528,129334,1,0,1
1805288,129335,1,1,0
1240824,129336,1,0,1
5919648,129337,1,0,1
7624344,129338,1,1,0
618856,129339,1,1,0
4254080,129340,1,1,0
4367832,129341,1,1,0
4319816,129342,1,0,1
3124296,129343,1,0,1
6724208,129344,1,1,0
6877080,129345,1,0,1
3568456,129346,1,1,0
4358552,129347,1,0,1
273256,129348,1,1,0
1272096,129349,1,0,1
3540928,129350,1,1,0
2791792,129351,1,1,0
734456,129352,1,0,1
669648,129353,1,0,1
1157976,129354,1,1,0
2630864,129355,1,1,0
6609976,129356,1,1,0
513656,129357,1,1,0
868632,129358,1,1,0
276528,129359,1,0,1
5376344,129360,1,0,1
1727584,129361,1,0,1
1117408,129362,1,0,1
5724184,129363,1,0,1
6824952,129364,1,0,1
1481880,129365,1,1,0
7306216,129366,1,1,0
1975368,129367,1,0,1
2668224,129368,1,0,1
248808,129369,1,0,1
2614728,129370,1,1,0
7774472,129371,1,1,0
507632,129372,1,0,1
2579216,129373,1,1,0
315080,129374,1,0,1
5875512,129375,1,1,0
5634952,129376,1,1,0
1646480,129377,1,0,1
8067920,129378,1,0,1
1372168,129379,1,1,0
2203272,129380,1,0,1
7903992,129381,1,1,0
444680,129382,1,1,0
1216496,129383,1,1,0
2536584,129384,1,0,1
1387376,129385,1,1,0
1618936,129386,1,0,1
1981296,129387,1,1,0
5957816,129388,1,1,0
795296,129389,1,0,1
3596576,129390,1,1,0
2152448,129391,1,1,0
2582352,129392,1,0,1
997152,129393,1,1,0
7999464,129394,1,0,1
8020520,129395,1,1,0
284144,129396,1,1,0
2062720,129397,1,1,0
326672,129398,1,1,0
2338728,129399,1,1,0
3627472,129400,1,0,1
3025520,129401,1,0,1
1369160,129402,1,1,0
885552,129403,1,0,1
5169320,129404,1,0,1
1970464,129405,1,1,0
3340880,129406,1,0,1
2412192,129407,1,1,0
766448,129408,1,0,1
7030000,129409,1,1,0
2351792,129410,1,1,0
3026584,129411,1,1,0
2237416,129412,1,0,1
6486896,129413,1,1,0
2074536,129414,1,1,0
3477680,129415,1,1,0
420072,129416,1,1,0
5715720,129417,1,0,1
3070744,129418,1,0,1
7598768,129419,1,0,1
1501472,129420,1,1,0
1151200,129421,1,0,1
6342648,129422,1,1,0
1604400,129423,1,1,0
2101152,129424,1,0,1
446576,129425,1,1,0
1956960,129426,1,1,0
6836488,129427,1,0,1
2241232,129428,1,1,0
2851040,129429,1,1,0
3979624,129430,1,0,1
1070848,129431,1,1,0
726880,129432,1,1,0
1863064,129433,1,0,1
534696,129434,1,1,0
406872,129435,1,1,0
149688,129436,1,0,1
3762448,129437,1,1,0
7811024,129438,1,1,0
2593528,129439,1,1,0
651800,129440,1,0,1
2814616,129441,1,1,0
7967360,129442,1,0,1
707000,129443,1,0,1
2504528,129444,1,1,0
886008,129445,1,0,1
1892976,129446,1,0,1
4861720,129447,1,0,1
5804504,129448,1,0,1
1617608,129449,1,1,0
7411832,129450,1,1,0
5745976,129451,1,1,0
1973000,129452,1,0,1
3832240,129453,1,0,1
1874488,129454,1,0,1
824192,129455,1,0,1
506600,129456,1,0,1
459240,129457,1,1,0
4603496,129458,1,1,0
680168,129459,1,0,1
1259520,129460,1,0,1
2669680,129461,1,1,0
3088232,129462,1,0,1
3679648,129463,1,1,0
3888944,129464,1,1,0
5716192,129465,1,1,0
1998168,129466,1,0,1
1455840,129467,1,1,0
827368,129468,1,0,1
3031000,129469,1,1,0
6310232,129470,1,1,0
4927304,129471,1,1,0
873560,129472,1,0,1
1220032,129473,1,1,0
2707520,129474,1,0,1
1242696,129475,1,1,0
6275440,129476,1,0,1
598864,129477,1,1,0
6277184,129478,1,0,1
2859080,129479,1,0,1
1108624,129480,1,0,1
1005024,129481,1,1,0
5791728,129482,1,1,0
3522120,129483,1,1,0
470472,129484,1,1,0
386896,129485,1,0,1
778768,129486,1,0,1
619144,129487,1,1,0
406968,129488,1,0,1
121152,129489,1,1,0
1130584,129490,1,1,0
4980888,129491,1,0,1
990800,129492,1,0,1
675136,129493,1,1,0
626048,129494,1,1,0
6227288,129495,1,0,1
487512,129496,1,1,0
5473792,129497,1,0,1
3354152,129498,1,0,1
4315448,129499,1,0,1
1563264,129500,1,1,0
488504,129501,1,1,0
7910672,129502,1,1,0
1600632,129503,1,0,1
1109000,129504,1,0,1
1469440,129505,1,1,0
4187400,129506,1,1,0
1175360,129507,1,1,0
5883272,129508,1,1,0
2952456,129509,1,1,0
1387296,129510,1,0,1
895488,129511,1,0,1
650792,129512,1,0,1
8123296,129513,1,0,1
2397160,129514,1,0,1
8264472,129515,1,1,0
1013392,129516,1,0,1
1050072,129517,1,0,1
7521192,129518,1,1,0
5656408,129519,1,1,0
2415456,129520,1,0,1
1576232,129521,1,0,1
4455104,129522,1,0,1
592056,129523,1,0,1
384816,129524,1,1,0
3237648,129525,1,0,1
201536,129526,1,1,0
476872,129527,1,0,1
1711312,129528,1,0,1
5282560,129529,1,0,1
2880296,129530,1,0,1
4274784,129531,1,1,0
6528216,129532,1,1,0
1176144,129533,1,1,0
1419312,129534,1,0,1
404840,129535,1,0,1
3411072,129536,1,1,0
6572640,129537,1,1,0
863752,129538,1,1,0
7904608,129539,1,0,1
934088,129540,1,1,0
8311456,129541,1,0,1
1660312,129542,1,1,0
3022160,129543,1,1,0
1460112,129544,1,0,1
4856808,129545,1,0,1
491640,129546,1,0,1
861304,129547,1,0,1
3531088,129548,1,0,1
6458064,129549,1,1,0
7003512,129550,1,0,1
5091744,129551,1,0,1
934440,129552,1,0,1
1215568,129553,1,0,1
317528,129554,1,1,0
7793664,129555,1,0,1
7927416,129556,1,0,1
255648,129557,1,1,0
5601616,129558,1,1,0
4126832,129559,1,1,0
1869832,129560,1,0,1
4660176,129561,1,0,1
3193800,129562,1,1,0
1019856,129563,1,0,1
276872,129564,1,1,0
788840,129565,1,1,0
3908608,129566,1,1,0
2374040,129567,1,1,0
1091000,129568,1,1,0
1232296,129569,1,0,1
814744,129570,1,0,1
3472016,129571,1,1,0
490024,129572,1,1,0
1634624,129573,1,1,0
1635688,129574,1,0,1
1044520,129575,1,0,1
367856,129576,1,0,1
899296,129577,1,0,1
285968,129578,1,1,0
314896,129579,1,0,1
1312152,129580,1,1,0
8375800,129581,1,0,1
2304136,129582,1,0,1
4035936,129583,1,1,0
5028248,129584,1,1,0
134776,129585,1,1,0
4774464,129586,1,1,0
3329672,129587,1,0,1
1059944,129588,1,0,1
3745344,129589,1,0,1
8020872,129590,1,0,1
1043824,129591,1,1,0
504368,129592,1,1,0
3045080,129593,1,1,0
6621792,129594,1,1,0
7997680,129595,1,1,0
1612280,129596,1,0,1
4115048,129597,1,0,1
452288,129598,1,1,0
478864,129599,1,1,0
1651784,129600,1,0,1
1074320,129601,1,1,0
2656616,129602,1,0,1
853504,129603,1,1,0
6060952,129604,1,1,0
716040,129605,1,0,1
1453688,129606,1,0,1
5666792,129607,1,0,1
6206672,129608,1,1,0
6037808,129609,1,1,0
4213576,129610,1,0,1
3515224,129611,1,0,1
2692136,129612,1,1,0
2928528,129613,1,0,1
5952384,129614,1,0,1
4448880,129615,1,0,1
2101392,129616,1,0,1
6296480,129617,1,1,0
212752,129618,1,0,1
1395480,129619,1,1,0
1692232,129620,1,0,1
7682552,129621,1,0,1
564680,129622,1,0,1
2587472,129623,1,0,1
4476752,129624,1,1,0
1766160,129625,1,0,1
2240752,129626,1,1,0
4430784,129627,1,0,1
793640,129628,1,0,1
7596016,129629,1,1,0
3070840,129630,1,1,0
1462816,129631,1,0,1
4548168,129632,1,1,0
2745424,129633,1,0,1
3038960,129634,1,0,1
264808,129635,1,1,0
5764944,129636,1,1,0
4329336,129637,1,0,1
3008408,129638,1,0,1
478640,129639,1,0,1
5939800,129640,1,0,1
1692368,129641,1,1,0
1658448,129642,1,1,0
2396896,129643,1,0,1
3316128,129644,1,1,0
2696824,129645,1,1,0
7521232,129646,1,0,1
578864,129647,1,0,1
7206728,129648,1,0,1
3627024,129649,1,1,0
1896096,129650,1,0,1
2507968,129651,1,0,1
7948584,129652,1,1,0
8097376,129653,1,1,0
722712,129654,1,1,0
3301080,129655,1,1,0
790736,129656,1,1,0
7072504,129657,1,1,0
4492832,129658,1,0,1
1625208,129659,1,1,0
926040,129660,1,0,1
1151520,129661,1,1,0
1653896,129662,1,0,1
3813200,129663,1,1,0
5896064,129664,1,1,0
2565224,129665,1,1,0
739232,129666,1,0,1
224560,129667,1,1,0
3276696,129668,1,1,0
225416,129669,1,0,1
3833048,129670,1,1,0
7854520,129671,1,0,1
1038336,129672,1,0,1
1779440,129673,1,1,0
5174120,129674,1,0,1
6969968,129675,1,1,0
4779512,129676,1,0,1
8252832,129677,1,0,1
7477744,129678,1,0,1
690832,129679,1,0,1
1034256,129680,1,1,0
380928,129681,1,0,1
577536,129682,1,1,0
5609744,129683,1,1,0
3702960,129684,1,0,1
7410080,129685,1,0,1
565200,129686,1,1,0
1509680,129687,1,1,0
443456,129688,1,0,1
941016,129689,1,0,1
1652824,129690,1,1,0
2352960,129691,1,1,0
2554376,129692,1,0,1
1454720,129693,1,0,1
5252264,129694,1,0,1
2345784,129695,1,1,0
391008,129696,1,0,1
2357848,129697,1,1,0
7203136,129698,1,0,1
2800112,129699,1,0,1
3236176,129700,1,1,0
1652024,129701,1,0,1
3301208,129702,1,1,0
809448,129703,1,1,0
8309928,129704,1,0,1
597912,129705,1,1,0
548488,129706,1,0,1
4037688,129707,1,0,1
3769064,129708,1,0,1
8336600,129709,1,1,0
319528,129710,1,1,0
773704,129711,1,1,0
1276368,129712,1,0,1
2591712,129713,1,0,1
1721200,129714,1,0,1
6483160,129715,1,1,0
338128,129716,1,1,0
2112488,129717,1,0,1
418280,129718,1,0,1
5793400,129719,1,0,1
368456,129720,1,1,0
1022648,129721,1,0,1
6333848,129722,1,0,1
6290680,129723,1,1,0
681336,129724,1,0,1
1858232,129725,1,0,1
7248664,129726,1,0,1
8365640,129727,1,1,0
7416640,129728,1,0,1
666928,129729,1,0,1
5569504,129730,1,1,0
8121672,129731,1,0,1
976000,129732,1,1,0
2082800,129733,1,1,0
2690248,129734,1,0,1
6312600,129735,1,0,1
6290384,129736,1,0,1
310016,129737,1,0,1
4500208,129738,1,1,0
1232656,129739,1,0,1
2508536,129740,1,0,1
294016,129741,1,0,1
2264728,129742,1,0,1
5089520,129743,1,0,1
2116216,129744,1,0,1
3337128,129745,1,0,1
7815440,129746,1,1,0
1892848,129747,1,0,1
892056,129748,1,0,1
1886904,129749,1,0,1
3727584,129750,1,0,1
4554952,129751,1,1,0
2133272,129752,1,1,0
3474040,129753,1,0,1
8109024,129754,1,1,0
1774360,129755,1,0,1
6217824,129756,1,1,0
1324416,129757,1,0,1
978400,129758,1,0,1
5460912,129759,1,1,0
2703360,129760,1,1,0
1617760,129761,1,1,0
813872,129762,1,1,0
838848,129763,1,0,1
829176,129764,1,1,0
883304,129765,1,1,0
810384,129766,1,1,0
2175784,129767,1,0,1
1369704,129768,1,0,1
1807968,129769,1,1,0
8174464,129770,1,0,1
3710648,129771,1,0,1
737312,129772,1,1,0
3883288,129773,1,0,1
7750984,129774,1,1,0
2023704,129775,1,1,0
2260360,129776,1,0,1
1837392,129777,1,0,1
6175936,129778,1,1,0
4416136,129779,1,0,1
4056992,129780,1,0,1
3708376,129781,1,1,0
1466680,129782,1,1,0
2347960,129783,1,1,0
3317288,129784,1,0,1
1772376,129785,1,0,1
5148064,129786,1,1,0
992208,129787,1,0,1
334208,129788,1,1,0
1163920,129789,1,0,1
2233656,129790,1,1,0
234312,129791,1,0,1
972928,129792,1,0,1
6435176,129793,1,1,0
3181424,129794,1,1,0
6685168,129795,1,1,0
1232992,129796,1,0,1
2839368,129797,1,1,0
3224160,129798,1,0,1
2330464,129799,1,0,1
478712,129800,1,0,1
5360960,129801,1,0,1
1300288,129802,1,1,0
2942248,129803,1,0,1
1598864,129804,1,0,1
4956888,129805,1,0,1
368720,129806,1,1,0
4266392,129807,1,0,1
343496,129808,1,1,0
3065712,129809,1,0,1
7627624,129810,1,0,1
6559856,129811,1,0,1
3173656,129812,1,1,0
2817432,129813,1,1,0
1563200,129814,1,0,1
407480,129815,1,0,1
2876480,129816,1,0,1
6395912,129817,1,1,0
6551912,129818,1,0,1
3708864,129819,1,0,1
3248464,129820,1,0,1
6244144,129821,1,1,0
1828712,129822,1,1,0
902672,129823,1,1,0
3942648,129824,1,1,0
797432,129825,1,1,0
8198424,129826,1,1,0
805920,129827,1,0,1
5119464,129828,1,1,0
183336,129829,1,1,0
2433712,129830,1,0,1
3116224,129831,1,0,1
4548256,129832,1,0,1
2338160,129833,1,0,1
4342824,129834,1,0,1
3523032,129835,1,1,0
1222208,129836,1,1,0
623232,129837,1,1,0
3952520,129838,1,1,0
1274584,129839,1,1,0
7286192,129840,1,1,0
2573152,129841,1,1,0
1452696,129842,1,0,1
1532096,129843,1,0,1
1176048,129844,1,1,0
5733152,129845,1,1,0
963600,129846,1,1,0
5073752,129847,1,0,1
2938448,129848,1,0,1
923696,129849,1,1,0
519640,129850,1,1,0
665472,129851,1,1,0
482200,129852,1,1,0
1221392,129853,1,1,0
2201208,129854,1,1,0
6372560,129855,1,1,0
2877920,129856,1,0,1
1276744,129857,1,1,0
6558552,129858,1,0,1
1421240,129859,1,1,0
315720,129860,1,1,0
4928872,129861,1,1,0
2528848,129862,1,1,0
1571056,129863,1,1,0
242808,129864,1,0,1
1261952,129865,1,1,0
3922528,129866,1,1,0
1406416,129867,1,0,1
961936,129868,1,1,0
3632160,129869,1,1,0
3918560,129870,1,0,1
6549296,129871,1,0,1
1440608,129872,1,1,0
1154224,129873,1,1,0
1636192,129874,1,1,0
4999096,129875,1,1,0
3831344,129876,1,0,1
429504,129877,1,0,1
2409424,129878,1,1,0
1454384,129879,1,0,1
2800576,129880,1,0,1
855168,129881,1,1,0
752752,129882,1,0,1
280768,129883,1,1,0
648376,129884,1,0,1
6817712,129885,1,1,0
3079056,129886,1,1,0
919600,129887,1,1,0
5145152,129888,1,0,1
6254256,129889,1,1,0
1172424,129890,1,0,1
5039112,129891,1,1,0
4962600,129892,1,0,1
1019864,129893,1,0,1
2855448,129894,1,1,0
587208,129895,1,0,1
2259160,129896,1,1,0
2763960,129897,1,0,1
969664,129898,1,1,0
1950808,129899,1,0,1
7229792,129900,1,0,1
5770288,129901,1,1,0
5734304,129902,1,0,1
5896328,129903,1,1,0
745880,129904,1,0,1
1071192,129905,1,1,0
5983264,129906,1,0,1
2842288,129907,1,0,1
2162288,129908,1,0,1
629936,129909,1,1,0
2254528,129910,1,1,0
2209760,129911,1,1,0
3853368,129912,1,1,0
7790576,129913,1,0,1
201160,129914,1,1,0
8306224,129915,1,0,1
279992,129916,1,0,1
1853008,129917,1,0,1
2012096,129918,1,1,0
3800944,129919,1,0,1
167280,129920,1,0,1
3114648,129921,1,1,0
1288424,129922,1,1,0
157144,129923,1,0,1
4427312,129924,1,0,1
4231048,129925,1,0,1
1295200,129926,1,0,1
3008712,129927,1,1,0
1111016,129928,1,0,1
2094760,129929,1,1,0
1162920,129930,1,0,1
1829232,129931,1,1,0
5265056,129932,1,0,1
4958072,129933,1,1,0
4629112,129934,1,0,1
1506792,129935,1,0,1
1941752,129936,1,1,0
246592,129937,1,1,0
771808,129938,1,0,1
1543968,129939,1,0,1
7002808,129940,1,1,0
6740176,129941,1,0,1
7502688,129942,1,1,0
2851864,129943,1,0,1
492952,129944,1,1,0
2821008,129945,1,1,0
2177784,129946,1,1,0
249808,129947,1,1,0
3972704,129948,1,0,1
3226792,129949,1,0,1
858000,129950,1,1,0
451648,129951,1,1,0
194936,129952,1,0,1
2039152,129953,1,0,1
4451336,129954,1,1,0
3717912,129955,1,1,0
4196752,129956,1,0,1
6287080,129957,1,0,1
7213696,129958,1,1,0
4808392,129959,1,0,1
4962792,129960,1,1,0
3982528,129961,1,0,1
137080,129962,1,1,0
1627328,129963,1,0,1
833744,129964,1,1,0
6350576,129965,1,1,0
912800,129966,1,0,1
3454224,129967,1,0,1
189760,129968,1,0,1
6446472,129969,1,0,1
1550360,129970,1,1,0
2850856,129971,1,1,0
5078536,129972,1,1,0
7602344,129973,1,0,1
3319352,129974,1,0,1
4678416,129975,1,1,0
5659888,129976,1,0,1
3772480,129977,1,1,0
3550192,129978,1,1,0
7972520,129979,1,0,1
3087944,129980,1,0,1
4332336,129981,1,1,0
1508320,129982,1,1,0
2637376,129983,1,0,1
1751432,129984,1,1,0
6350008,129985,1,0,1
405944,129986,1,1,0
2429008,129987,1,0,1
4049432,129988,1,1,0
4824296,129989,1,1,0
5376304,129990,1,1,0
2846560,129991,1,0,1
2397008,129992,1,1,0
2614112,129993,1,1,0
3108864,129994,1,1,0
358768,129995,1,0,1
384016,129996,1,0,1
6994968,129997,1,1,0
2916344,129998,1,1,0
8142336,129999,1,0,1
1529800,130000,1,1,0
792288,130001,1,1,0
589128,130002,1,1,0
2177256,130003,1,0,1
1965536,130004,1,0,1
729736,130005,1,1,0
252912,130006,1,1,0
1179416,130007,1,1,0
165280,130008,1,0,1
2184408,130009,1,1,0
1553192,130010,1,0,1
2683792,130011,1,1,0
6556568,130012,1,1,0
76024,130013,1,1,0
1185240,130014,1,1,0
2118744,130015,1,0,1
5629192,130016,1,0,1
1231944,130017,1,0,1
3099184,130018,1,0,1
4789432,130019,1,0,1
7887448,130020,1,0,1
563568,130021,1,0,1
594600,130022,1,0,1
797072,130023,1,0,1
313048,130024,1,1,0
3738504,130025,1,1,0
3591504,130026,1,0,1
2414648,130027,1,1,0
3345840,130028,1,1,0
1587840,130029,1,0,1
1655080,130030,1,1,0
1884752,130031,1,0,1
1597672,130032,1,0,1
6884912,130033,1,0,1
960704,130034,1,1,0
4686896,130035,1,0,1
4493344,130036,1,0,1
4111480,130037,1,0,1
1877672,130038,1,0,1
870224,130039,1,1,0
3022352,130040,1,0,1
995856,130041,1,0,1
772680,130042,1,1,0
1040032,130043,1,0,1
5736760,130044,1,1,0
288264,130045,1,1,0
1112376,130046,1,1,0
3742456,130047,1,1,0
7633392,130048,1,1,0
731256,130049,1,0,1
731944,130050,1,0,1
3551576,130051,1,0,1
1787104,130052,1,1,0
3364224,130053,1,0,1
1329824,130054,1,1,0
2385296,130055,1,1,0
2801200,130056,1,0,1
5547888,130057,1,0,1
725760,130058,1,1,0
315680,130059,1,0,1
1292320,130060,1,1,0
311424,130061,1,0,1
6436416,130062,1,0,1
824864,130063,1,0,1
64168,130064,1,1,0
2039256,130065,1,0,1
5568608,130066,1,1,0
281736,130067,1,0,1
6330464,130068,1,0,1
3472704,130069,1,1,0
1324640,130070,1,0,1
2654584,130071,1,0,1
5532704,130072,1,0,1
126312,130073,1,0,1
2346856,130074,1,1,0
315120,130075,1,1,0
3678224,130076,1,1,0
1321696,130077,1,1,0
709504,130078,1,1,0
1687952,130079,1,1,0
2870568,130080,1,1,0
4977296,130081,1,1,0
1812264,130082,1,1,0
3856816,130083,1,1,0
1769296,130084,1,1,0
4165752,130085,1,1,0
6600608,130086,1,0,1
6433872,130087,1,0,1
3783792,130088,1,0,1
2106024,130089,1,0,1
7070032,130090,1,0,1
3208240,130091,1,0,1
4680920,130092,1,1,0
1018360,130093,1,1,0
7609240,130094,1,1,0
811704,130095,1,0,1
1554632,130096,1,1,0
7874064,130097,1,1,0
3599272,130098,1,1,0
679240,130099,1,1,0
1112256,130100,1,1,0
932848,130101,1,1,0
1141744,130102,1,0,1
1932304,130103,1,0,1
305200,130104,1,1,0
923800,130105,1,1,0
563080,130106,1,1,0
4800760,130107,1,0,1
5492024,130108,1,1,0
5887624,130109,1,1,0
2219744,130110,1,0,1
6915416,130111,1,0,1
2007296,130112,1,0,1
3288856,130113,1,0,1
6924848,130114,1,1,0
1951408,130115,1,1,0
5919112,130116,1,0,1
511152,130117,1,0,1
2679000,130118,1,0,1
2116992,130119,1,1,0
4363784,130120,1,0,1
7956520,130121,1,0,1
851912,130122,1,0,1
1439952,130123,1,1,0
1730104,130124,1,1,0
1066960,130125,1,1,0
7833632,130126,1,0,1
366072,130127,1,0,1
6746664,130128,1,1,0
133632,130129,1,0,1
5042536,130130,1,1,0
6610880,130131,1,1,0
1201296,130132,1,1,0
2951152,130133,1,1,0
1355496,130134,1,0,1
339368,130135,1,0,1
7260056,130136,1,0,1
5664520,130137,1,1,0
2171816,130138,1,0,1
969624,130139,1,0,1
1004688,130140,1,1,0
7499064,130141,1,0,1
680944,130142,1,0,1
6907080,130143,1,0,1
3111184,130144,1,1,0
2308416,130145,1,0,1
4524368,130146,1,0,1
6792528,130147,1,1,0
720680,130148,1,1,0
3059856,130149,1,1,0
1645000,130150,1,0,1
3403960,130151,1,0,1
1682080,130152,1,1,0
2491064,130153,1,0,1
3278472,130154,1,1,0
2372632,130155,1,1,0
634240,130156,1,1,0
5216912,130157,1,0,1
5453968,130158,1,0,1
642200,130159,1,0,1
958240,130160,1,0,1
5140696,130161,1,1,0
6142368,130162,1,0,1
7767176,130163,1,0,1
148376,130164,1,0,1
6422632,130165,1,0,1
915536,130166,1,0,1
3757680,130167,1,0,1
1203240,130168,1,0,1
3394368,130169,1,1,0
736816,130170,1,0,1
954728,130171,1,1,0
2632168,130172,1,1,0
5349432,130173,1,0,1
7194912,130174,1,0,1
3032048,130175,1,0,1
1916168,130176,1,0,1
93520,130177,1,0,1
3099096,130178,1,1,0
3239904,130179,1,1,0
951240,130180,1,1,0
482344,130181,1,1,0
1963528,130182,1,1,0
6855064,130183,1,0,1
439720,130184,1,0,1
5246600,130185,1,0,1
3839648,130186,1,0,1
6379384,130187,1,1,0
3118440,130188,1,0,1
7650240,130189,1,0,1
6197592,130190,1,1,0
3008480,130191,1,0,1
3550408,130192,1,1,0
2018856,130193,1,0,1
1972120,130194,1,1,0
1481696,130195,1,0,1
1044384,130196,1,0,1
8187480,130197,1,1,0
261000,130198,1,1,0
1736848,130199,1,0,1
954464,130200,1,1,0
364888,130201,1,1,0
564584,130202,1,1,0
1519360,130203,1,0,1
6458160,130204,1,0,1
2099384,130205,1,0,1
4127440,130206,1,1,0
137984,130207,1,0,1
1421352,130208,1,0,1
3709472,130209,1,1,0
179504,130210,1,1,0
4069872,130211,1,1,0
477096,130212,1,1,0
2826944,130213,1,0,1
3163376,130214,1,1,0
6002160,130215,1,0,1
156832,130216,1,0,1
1711048,130217,1,0,1
293248,130218,1,0,1
8012400,130219,1,0,1
1419760,130220,1,0,1
5859016,130221,1,1,0
8262376,130222,1,1,0
7946184,130223,1,0,1
274512,130224,1,1,0
1302080,130225,1,1,0
3818472,130226,1,0,1
4191096,130227,1,1,0
1696568,130228,1,1,0
871152,130229,1,1,0
6938992,130230,1,0,1
5053040,130231,1,0,1
4880304,130232,1,0,1
1605744,130233,1,0,1
323224,130234,1,1,0
431304,130235,1,0,1
1611088,130236,1,1,0
1999576,130237,1,1,0
5965600,130238,1,1,0
788680,130239,1,1,0
2572248,130240,1,1,0
2123912,130241,1,1,0
395296,130242,1,0,1
6237912,130243,1,0,1
3690624,130244,1,0,1
3807080,130245,1,0,1
3717112,130246,1,1,0
1510640,130247,1,1,0
687008,130248,1,0,1
4954120,130249,1,1,0
5943696,130250,1,0,1
3595592,130251,1,1,0
1967744,130252,1,0,1
3879320,130253,1,1,0
2270520,130254,1,1,0
988504,130255,1,0,1
651296,130256,1,1,0
6313552,130257,1,0,1
2273424,130258,1,1,0
382792,130259,1,0,1
515808,130260,1,1,0
3865744,130261,1,1,0
3411840,130262,1,1,0
4292000,130263,1,0,1
4499472,130264,1,1,0
687392,130265,1,0,1
3032688,130266,1,1,0
4243200,130267,1,1,0
1493072,130268,1,1,0
4239344,130269,1,1,0
4547904,130270,1,1,0
3288928,130271,1,1,0
1619608,130272,1,0,1
4237224,130273,1,1,0
5250856,130274,1,0,1
179632,130275,1,1,0
4813304,130276,1,0,1
5671568,130277,1,0,1
7854000,130278,1,1,0
6384456,130279,1,1,0
2488928,130280,1,1,0
401728,130281,1,1,0
1115176,130282,1,0,1
3311008,130283,1,0,1
6143144,130284,1,1,0
3603552,130285,1,0,1
780272,130286,1,0,1
1080832,130287,1,1,0
577664,130288,1,0,1
4539824,130289,1,1,0
1580160,130290,1,0,1
2750280,130291,1,1,0
2632344,130292,1,0,1
3533440,130293,1,1,0
693320,130294,1,1,0
1913232,130295,1,0,1
2723712,130296,1,0,1
451728,130297,1,0,1
406168,130298,1,1,0
4443160,130299,1,1,0
4504520,130300,1,1,0
5172392,130301,1,0,1
1049016,130302,1,1,0
8353888,130303,1,1,0
5571384,130304,1,1,0
7214992,130305,1,0,1
4215264,130306,1,0,1
414696,130307,1,0,1
583680,130308,1,1,0
3607776,130309,1,0,1
3499288,130310,1,1,0
4428928,130311,1,0,1
686328,130312,1,1,0
326552,130313,1,1,0
1158888,130314,1,0,1
583336,130315,1,1,0
5946680,130316,1,1,0
1065288,130317,1,0,1
126712,130318,1,0,1
5194216,130319,1,1,0
6513392,130320,1,1,0
1645392,130321,1,0,1
172960,130322,1,1,0
3740504,130323,1,1,0
777976,130324,1,1,0
1344088,130325,1,0,1
8018376,130326,1,0,1
1542056,130327,1,1,0
2907176,130328,1,1,0
888008,130329,1,1,0
3225528,130330,1,1,0
6742472,130331,1,0,1
1795856,130332,1,1,0
293144,130333,1,1,0
786408,130334,1,0,1
2122656,130335,1,0,1
3290120,130336,1,1,0
4536296,130337,1,1,0
1936744,130338,1,1,0
4659280,130339,1,0,1
2292600,130340,1,0,1
5548080,130341,1,0,1
3880696,130342,1,1,0
4577664,130343,1,0,1
675568,130344,1,1,0
1243560,130345,1,1,0
3274568,130346,1,0,1
1166600,130347,1,1,0
562752,130348,1,1,0
5700360,130349,1,0,1
8215464,130350,1,1,0
1987664,130351,1,0,1
486320,130352,1,1,0
727272,130353,1,0,1
7378936,130354,1,0,1
400392,130355,1,1,0
5559272,130356,1,0,1
3553984,130357,1,0,1
2966272,130358,1,1,0
351416,130359,1,0,1
2818192,130360,1,0,1
3113584,130361,1,0,1
181472,130362,1,1,0
130616,130363,1,1,0
6550768,130364,1,0,1
680768,130365,1,1,0
7931040,130366,1,1,0
2539040,130367,1,0,1
3370872,130368,1,1,0
7164920,130369,1,0,1
2000288,130370,1,1,0
7559728,130371,1,1,0
4978872,130372,1,0,1
605240,130373,1,0,1
5596816,130374,1,1,0
1048504,130375,1,0,1
2544200,130376,1,1,0
1809488,130377,1,0,1
1378432,130378,1,0,1
4699640,130379,1,1,0
3796448,130380,1,1,0
429960,130381,1,1,0
3631088,130382,1,1,0
347216,130383,1,1,0
2976736,130384,1,1,0
4920344,130385,1,0,1
721648,130386,1,1,0
379912,130387,1,0,1
2702496,130388,1,1,0
1216240,130389,1,1,0
1251848,130390,1,0,1
5902352,130391,1,1,0
3028288,130392,1,1,0
3272408,130393,1,1,0
706328,130394,1,1,0
3003080,130395,1,1,0
2006848,130396,1,1,0
349960,130397,1,0,1
2737896,130398,1,0,1
943696,130399,1,0,1
1635104,130400,1,1,0
890480,130401,1,0,1
892000,130402,1,0,1
3158056,130403,1,1,0
384200,130404,1,0,1
2080592,130405,1,1,0
2329720,130406,1,0,1
429616,130407,1,0,1
1081096,130408,1,1,0
4462128,130409,1,1,0
5462224,130410,1,0,1
3138056,130411,1,1,0
863056,130412,1,1,0
6891248,130413,1,1,0
535312,130414,1,1,0
7116608,130415,1,0,1
2745336,130416,1,0,1
6132272,130417,1,1,0
1655504,130418,1,1,0
6868840,130419,1,0,1
3128536,130420,1,1,0
577800,130421,1,1,0
3247560,130422,1,0,1
248672,130423,1,0,1
4669336,130424,1,1,0
7549424,130425,1,0,1
6562264,130426,1,0,1
461624,130427,1,0,1
6015848,130428,1,0,1
2208936,130429,1,1,0
642064,130430,1,0,1
3713408,130431,1,0,1
1848544,130432,1,0,1
3610424,130433,1,0,1
4939904,130434,1,0,1
3395544,130435,1,0,1
4831328,130436,1,0,1
281720,130437,1,0,1
8194216,130438,1,0,1
1373104,130439,1,1,0
5110864,130440,1,0,1
4338856,130441,1,1,0
5034272,130442,1,0,1
4180464,130443,1,0,1
341504,130444,1,0,1
1536248,130445,1,0,1
7580440,130446,1,1,0
1633328,130447,1,1,0
2956680,130448,1,0,1
6208632,130449,1,0,1
4816464,130450,1,0,1
1518376,130451,1,0,1
158768,130452,1,0,1
2133168,130453,1,0,1
2243048,130454,1,1,0
2039096,130455,1,0,1
4479232,130456,1,1,0
1859072,130457,1,1,0
1144624,130458,1,1,0
425080,130459,1,1,0
5315184,130460,1,1,0
7244408,130461,1,0,1
5547176,130462,1,1,0
2574688,130463,1,1,0
3139568,130464,1,0,1
2686912,130465,1,1,0
1994968,130466,1,0,1
1451800,130467,1,0,1
3817440,130468,1,1,0
1061440,130469,1,0,1
1711264,130470,1,1,0
6813720,130471,1,1,0
2354384,130472,1,1,0
4544680,130473,1,0,1
2209936,130474,1,0,1
751512,130475,1,1,0
6968824,130476,1,1,0
3247000,130477,1,0,1
2107592,130478,1,1,0
1436336,130479,1,1,0
1070800,130480,1,0,1
227424,130481,1,1,0
802656,130482,1,0,1
1484216,130483,1,0,1
1614016,130484,1,1,0
938616,130485,1,0,1
2447256,130486,1,0,1
963384,130487,1,1,0
841960,130488,1,1,0
3824000,130489,1,0,1
678456,130490,1,1,0
3669984,130491,1,0,1
2876184,130492,1,1,0
3325512,130493,1,0,1
3655784,130494,1,1,0
4342848,130495,1,1,0
5242768,130496,1,1,0
2146704,130497,1,1,0
2151976,130498,1,1,0
4761272,130499,1,1,0
269128,130500,1,1,0
762224,130501,1,0,1
5096144,130502,1,1,0
1888000,130503,1,1,0
2411352,130504,1,0,1
448856,130505,1,1,0
565408,130506,1,1,0
881768,130507,1,0,1
6653304,130508,1,0,1
5248856,130509,1,0,1
5306568,130510,1,0,1
2867488,130511,1,1,0
1109080,130512,1,1,0
395104,130513,1,1,0
4709456,130514,1,0,1
769640,130515,1,1,0
1044352,130516,1,0,1
965648,130517,1,1,0
1455736,130518,1,1,0
334464,130519,1,1,0
4528480,130520,1,0,1
7274120,130521,1,0,1
3639664,130522,1,1,0
2017640,130523,1,0,1
5634312,130524,1,1,0
3952064,130525,1,1,0
670552,130526,1,0,1
2566632,130527,1,0,1
715984,130528,1,0,1
849344,130529,1,0,1
1575640,130530,1,0,1
2917840,130531,1,1,0
2604448,130532,1,1,0
280920,130533,1,0,1
121912,130534,1,1,0
584528,130535,1,1,0
6984504,130536,1,0,1
2666720,130537,1,0,1
1724688,130538,1,1,0
1315336,130539,1,1,0
1823496,130540,1,0,1
8338072,130541,1,0,1
1758112,130542,1,1,0
5050840,130543,1,1,0
1064832,130544,1,1,0
1676224,130545,1,1,0
587480,130546,1,0,1
2492032,130547,1,0,1
3557312,130548,1,0,1
2132888,130549,1,0,1
145344,130550,1,1,0
1228920,130551,1,0,1
4608808,130552,1,1,0
3064232,130553,1,0,1
4714152,130554,1,1,0
685384,130555,1,0,1
4104200,130556,1,1,0
183864,130557,1,1,0
2413120,130558,1,0,1
6345192,130559,1,1,0
1816656,130560,1,1,0
1265032,130561,1,1,0
160896,130562,1,0,1
1626712,130563,1,1,0
7301712,130564,1,0,1
604152,130565,1,1,0
2156024,130566,1,0,1
608440,130567,1,1,0
1733184,130568,1,0,1
4810296,130569,1,1,0
3839296,130570,1,0,1
4879528,130571,1,1,0
1639352,130572,1,0,1
628184,130573,1,0,1
782000,130574,1,1,0
530712,130575,1,1,0
1551872,130576,1,0,1
322920,130577,1,1,0
5078656,130578,1,1,0
504584,130579,1,0,1
1324744,130580,1,0,1
7851080,130581,1,1,0
706304,130582,1,1,0
661480,130583,1,0,1
1497264,130584,1,1,0
6089304,130585,1,0,1
7486640,130586,1,0,1
1912920,130587,1,0,1
1025600,130588,1,1,0
200912,130589,1,1,0
2641528,130590,1,0,1
4730776,130591,1,0,1
7240192,130592,1,1,0
95416,130593,1,1,0
594864,130594,1,0,1
6475384,130595,1,0,1
2875160,130596,1,0,1
6980608,130597,1,1,0
1407864,130598,1,1,0
3239504,130599,1,0,1
2697816,130600,1,1,0
7914640,130601,1,1,0
2018848,130602,1,0,1
1365456,130603,1,1,0
6187488,130604,1,0,1
3320888,130605,1,1,0
1728184,130606,1,0,1
1241240,130607,1,1,0
749592,130608,1,1,0
1560504,130609,1,1,0
1446808,130610,1,1,0
3026824,130611,1,1,0
2642728,130612,1,0,1
1979784,130613,1,1,0
795080,130614,1,1,0
5122920,130615,1,1,0
1261232,130616,1,1,0
640568,130617,1,0,1
720168,130618,1,0,1
1323480,130619,1,1,0
7314976,130620,1,0,1
1097776,130621,1,0,1
5315768,130622,1,1,0
5801512,130623,1,1,0
6042776,130624,1,0,1
3619584,130625,1,0,1
1258000,130626,1,1,0
4476504,130627,1,0,1
4730056,130628,1,0,1
2715968,130629,1,0,1
1514608,130630,1,0,1
1227000,130631,1,1,0
764344,130632,1,0,1
2334864,130633,1,1,0
2274408,130634,1,0,1
3058504,130635,1,0,1
3092752,130636,1,1,0
4487368,130637,1,1,0
997832,130638,1,1,0
657040,130639,1,1,0
187608,130640,1,0,1
6947128,130641,1,0,1
2945584,130642,1,1,0
1721664,130643,1,1,0
3599552,130644,1,1,0
382664,130645,1,0,1
5934352,130646,1,1,0
7962648,130647,1,0,1
984848,130648,1,0,1
8287816,130649,1,0,1
6596208,130650,1,0,1
1943336,130651,1,0,1
611840,130652,1,1,0
4347312,130653,1,0,1
279816,130654,1,1,0
5119808,130655,1,1,0
3855808,130656,1,1,0
3361952,130657,1,1,0
1083272,130658,1,1,0
415288,130659,1,0,1
2832368,130660,1,1,0
1994808,130661,1,0,1
419832,130662,1,1,0
3216376,130663,1,1,0
407416,130664,1,1,0
1520360,130665,1,1,0
1168472,130666,1,1,0
1640944,130667,1,1,0
1171048,130668,1,1,0
1280200,130669,1,1,0
3331936,130670,1,0,1
761384,130671,1,0,1
3649160,130672,1,1,0
350240,130673,1,0,1
6381512,130674,1,1,0
2727672,130675,1,1,0
179848,130676,1,0,1
630064,130677,1,1,0
881344,130678,1,1,0
6465064,130679,1,1,0
1273920,130680,1,0,1
1494952,130681,1,0,1
7438616,130682,1,1,0
1094792,130683,1,0,1
3685304,130684,1,0,1
398856,130685,1,1,0
634416,130686,1,0,1
3259376,130687,1,1,0
1584448,130688,1,1,0
1217456,130689,1,1,0
2294080,130690,1,1,0
5782256,130691,1,1,0
2095104,130692,1,1,0
8071288,130693,1,0,1
6177520,130694,1,0,1
6502776,130695,1,0,1
7484616,130696,1,0,1
3398320,130697,1,1,0
3597128,130698,1,1,0
2330376,130699,1,1,0
6465096,130700,1,0,1
575512,130701,1,1,0
1533384,130702,1,0,1
3203680,130703,1,0,1
2366856,130704,1,1,0
5626824,130705,1,1,0
8070000,130706,1,0,1
1827432,130707,1,0,1
7915168,130708,1,1,0
294304,130709,1,1,0
4109824,130710,1,0,1
4860664,130711,1,1,0
325944,130712,1,0,1
1166816,130713,1,0,1
4662152,130714,1,0,1
7959368,130715,1,0,1
947624,130716,1,1,0
1907488,130717,1,1,0
6698872,130718,1,1,0
1071664,130719,1,0,1
733696,130720,1,0,1
720256,130721,1,1,0
2287376,130722,1,1,0
926024,130723,1,0,1
3222248,130724,1,1,0
2056112,130725,1,0,1
7451912,130726,1,1,0
2286472,130727,1,0,1
843656,130728,1,0,1
992368,130729,1,0,1
3879624,130730,1,1,0
7427056,130731,1,1,0
4988416,130732,1,0,1
465688,130733,1,1,0
739768,130734,1,0,1
5077728,130735,1,1,0
1018224,130736,1,0,1
3699800,130737,1,1,0
618384,130738,1,0,1
1339864,130739,1,0,1
7348240,130740,1,1,0
7909176,130741,1,0,1
1213176,130742,1,1,0
6606944,130743,1,1,0
1448720,130744,1,0,1
6456928,130745,1,1,0
6720408,130746,1,0,1
663272,130747,1,0,1
2924696,130748,1,0,1
1584952,130749,1,1,0
4390992,130750,1,1,0
409112,130751,1,1,0
2922896,130752,1,1,0
6719336,130753,1,0,1
7256816,130754,1,1,0
3056448,130755,1,1,0
3295088,130756,1,0,1
309312,130757,1,1,0
846248,130758,1,0,1
2409704,130759,1,0,1
2588064,130760,1,0,1
2381528,130761,1,0,1
730664,130762,1,0,1
1942088,130763,1,0,1
5740408,130764,1,1,0
589592,130765,1,0,1
1919616,130766,1,0,1
806376,130767,1,1,0
993672,130768,1,0,1
2083904,130769,1,1,0
1044056,130770,1,0,1
769944,130771,1,0,1
3535552,130772,1,0,1
4642024,130773,1,1,0
568696,130774,1,1,0
2640328,130775,1,0,1
5641632,130776,1,0,1
883152,130777,1,0,1
3200960,130778,1,0,1
5573456,130779,1,0,1
5281816,130780,1,1,0
7837808,130781,1,1,0
2604360,130782,1,0,1
804720,130783,1,0,1
4059192,130784,1,1,0
1402264,130785,1,0,1
2692032,130786,1,1,0
1427992,130787,1,0,1
625080,130788,1,0,1
4589520,130789,1,1,0
291240,130790,1,1,0
206776,130791,1,1,0
514800,130792,1,1,0
2182448,130793,1,1,0
773296,130794,1,1,0
1618960,130795,1,0,1
93680,130796,1,1,0
1422688,130797,1,1,0
7163264,130798,1,0,1
8025240,130799,1,1,0
1093408,130800,1,0,1
661192,130801,1,0,1
3879040,130802,1,1,0
4347848,130803,1,1,0
355624,130804,1,0,1
3178272,130805,1,0,1
5612600,130806,1,1,0
3594448,130807,1,1,0
3542040,130808,1,0,1
1902944,130809,1,1,0
3874872,130810,1,0,1
4602144,130811,1,0,1
1384096,130812,1,1,0
2540200,130813,1,1,0
2046016,130814,1,0,1
1201000,130815,1,1,0
505696,130816,1,0,1
1913416,130817,1,1,0
6453952,130818,1,0,1
920224,130819,1,1,0
1527392,130820,1,1,0
321312,130821,1,1,0
2527040,130822,1,1,0
3029080,130823,1,1,0
6496616,130824,1,0,1
3969504,130825,1,0,1
1450960,130826,1,1,0
4967704,130827,1,1,0
413360,130828,1,1,0
1199136,130829,1,1,0
679664,130830,1,0,1
7173136,130831,1,0,1
3995160,130832,1,1,0
745520,130833,1,0,1
822376,130834,1,0,1
560200,130835,1,0,1
2216176,130836,1,0,1
6537136,130837,1,0,1
8014824,130838,1,1,0
5125360,130839,1,0,1
567288,130840,1,0,1
410352,130841,1,1,0
4787032,130842,1,0,1
2522664,130843,1,0,1
7527232,130844,1,0,1
456624,130845,1,1,0
1946136,130846,1,0,1
284992,130847,1,0,1
2237336,130848,1,1,0
863280,130849,1,0,1
310240,130850,1,0,1
478520,130851,1,0,1
269016,130852,1,0,1
718968,130853,1,1,0
955456,130854,1,1,0
4646328,130855,1,0,1
5587024,130856,1,0,1
2648072,130857,1,0,1
7799408,130858,1,0,1
389600,130859,1,1,0
7631904,130860,1,1,0
4353672,130861,1,0,1
5261840,130862,1,1,0
1347392,130863,1,1,0
3552112,130864,1,0,1
2070472,130865,1,0,1
7659192,130866,1,1,0
396728,130867,1,1,0
747064,130868,1,0,1
5402184,130869,1,0,1
352456,130870,1,1,0
3486600,130871,1,1,0
7210688,130872,1,1,0
3539432,130873,1,0,1
2337040,130874,1,1,0
1037392,130875,1,1,0
2011880,130876,1,1,0
4025896,130877,1,1,0
4186208,130878,1,0,1
544512,130879,1,1,0
7212544,130880,1,0,1
486080,130881,1,0,1
1488536,130882,1,1,0
7552120,130883,1,1,0
1062784,130884,1,0,1
822432,130885,1,1,0
448312,130886,1,0,1
2874064,130887,1,1,0
1549024,130888,1,1,0
4482208,130889,1,1,0
2909904,130890,1,1,0
4203200,130891,1,1,0
4102496,130892,1,1,0
525712,130893,1,0,1
2721544,130894,1,0,1
5069464,130895,1,1,0
4213944,130896,1,1,0
1887736,130897,1,1,0
4459704,130898,1,1,0
1830584,130899,1,1,0
398992,130900,1,0,1
585352,130901,1,0,1
8283272,130902,1,1,0
2448200,130903,1,1,0
4635392,130904,1,0,1
1399008,130905,1,0,1
1504280,130906,1,0,1
1658824,130907,1,1,0
1495024,130908,1,1,0
490560,130909,1,0,1
2878456,130910,1,0,1
8336360,130911,1,1,0
1349888,130912,1,1,0
6235672,130913,1,1,0
756648,130914,1,0,1
726024,130915,1,1,0
4517760,130916,1,1,0
1873040,130917,1,1,0
6029200,130918,1,1,0
8166232,130919,1,1,0
7191496,130920,1,1,0
3431776,130921,1,1,0
5054224,130922,1,1,0
4141768,130923,1,1,0
457984,130924,1,0,1
5125280,130925,1,1,0
419344,130926,1,1,0
793768,130927,1,1,0
7889704,130928,1,0,1
207160,130929,1,0,1
1559624,130930,1,0,1
1551176,130931,1,0,1
2744440,130932,1,0,1
6608824,130933,1,0,1
1189904,130934,1,1,0
3963632,130935,1,1,0
6512880,130936,1,1,0
5743608,130937,1,0,1
6213736,130938,1,1,0
4076376,130939,1,1,0
325920,130940,1,0,1
2973888,130941,1,1,0
1226032,130942,1,0,1
1871384,130943,1,0,1
1034816,130944,1,1,0
824920,130945,1,1,0
360176,130946,1,0,1
1419608,130947,1,1,0
1743968,130948,1,0,1
6588024,130949,1,1,0
764736,130950,1,0,1
6288472,130951,1,0,1
4416000,130952,1,0,1
1203232,130953,1,1,0
598544,130954,1,0,1
1894432,130955,1,1,0
356560,130956,1,1,0
2373136,130957,1,1,0
2057424,130958,1,1,0
507512,130959,1,1,0
1040672,130960,1,0,1
437144,130961,1,0,1
5105576,130962,1,0,1
1017864,130963,1,1,0
3655248,130964,1,0,1
2029104,130965,1,1,0
2457408,130966,1,0,1
824568,130967,1,0,1
813064,130968,1,0,1
797008,130969,1,0,1
1120440,130970,1,0,1
1388864,130971,1,0,1
3457344,130972,1,1,0
322408,130973,1,1,0
2114400,130974,1,1,0
6995080,130975,1,0,1
1352080,130976,1,1,0
2868016,130977,1,0,1
2142560,130978,1,1,0
3632144,130979,1,1,0
355760,130980,1,0,1
3808408,130981,1,1,0
626528,130982,1,1,0
6612920,130983,1,0,1
2873608,130984,1,1,0
1953584,130985,1,1,0
2096536,130986,1,0,1
7635320,130987,1,0,1
924720,130988,1,1,0
2032656,130989,1,0,1
230312,130990,1,1,0
4622280,130991,1,1,0
274640,130992,1,0,1
4298672,130993,1,0,1
1562440,130994,1,1,0
4212336,130995,1,1,0
5513704,130996,1,0,1
7764984,130997,1,0,1
3905640,130998,1,1,0
2847432,130999,1,0,1
1860112,131000,1,0,1
455104,131001,1,0,1
5719440,131002,1,1,0
2039040,131003,1,1,0
543312,131004,1,1,0
6748064,131005,1,0,1
2151888,131006,1,0,1
1558536,131007,1,0,1
1256936,131008,1,1,0
7206960,131009,1,0,1
959848,131010,1,0,1
7671184,131011,1,0,1
1342120,131012,1,1,0
2013136,131013,1,1,0
2980176,131014,1,1,0
1406472,131015,1,1,0
6365992,131016,1,1,0
2970424,131017,1,1,0
1244552,131018,1,0,1
828672,131019,1,1,0
2475616,131020,1,1,0
6782376,131021,1,1,0
3330576,131022,1,1,0
1126824,131023,1,0,1
1341416,131024,1,0,1
3586320,131025,1,0,1
7636232,131026,1,0,1
125624,131027,1,0,1
441424,131028,1,1,0
5028528,131029,1,1,0
5742976,131030,1,0,1
417232,131031,1,0,1
724056,131032,1,1,0
3870928,131033,1,1,0
5365952,131034,1,0,1
1369504,131035,1,0,1
5025400,131036,1,0,1
2780144,131037,1,1,0
857960,131038,1,0,1
2407856,131039,1,1,0
831176,131040,1,1,0
1668976,131041,1,1,0
2048832,131042,1,0,1
1429304,131043,1,0,1
1866968,131044,1,0,1
6756080,131045,1,0,1
375592,131046,1,0,1
4577360,131047,1,1,0
1615744,131048,1,0,1
1106456,131049,1,1,0
1737048,131050,1,0,1
5680832,131051,1,1,0
4993216,131052,1,1,0
8005848,131053,1,0,1
4556544,131054,1,0,1
4711144,131055,1,1,0
6632104,131056,1,0,1
5366056,131057,1,0,1
386048,131058,1,0,1
364096,131059,1,0,1
1918664,131060,1,0,1
5653720,131061,1,0,1
220432,131062,1,1,0
822688,131063,1,1,0
4429368,131064,1,1,0
5980488,131065,1,0,1
3833824,131066,1,1,0
7330896,131067,1,0,1
5655600,131068,1,1,0
1209664,131069,1,1,0
5334456,131070,1,1,0
4646088,131071,1,1,0
3136008,131072,1,0,1
573592,131073,1,0,1
812400,131074,1,0,1
7230664,131075,1,0,1
7049984,131076,1,1,0
1384080,131077,1,0,1
2896600,131078,1,1,0
418672,131079,1,0,1
1006272,131080,1,0,1
1675696,131081,1,0,1
761016,131082,1,0,1
455496,131083,1,1,0
1266488,131084,1,0,1
1670824,131085,1,0,1
4500304,131086,1,0,1
3742712,131087,1,1,0
5915752,131088,1,0,1
132280,131089,1,1,0
2510744,131090,1,0,1
880792,131091,1,1,0
588512,131092,1,1,0
216520,131093,1,1,0
5630784,131094,1,0,1
2572368,131095,1,1,0
961976,131096,1,0,1
1211768,131097,1,0,1
1490160,131098,1,1,0
5472672,131099,1,0,1
4189184,131100,1,0,1
503688,131101,1,1,0
2827560,131102,1,1,0
5176688,131103,1,1,0
933064,131104,1,1,0
8263312,131105,1,0,1
2686272,131106,1,1,0
2475712,131107,1,0,1
541856,131108,1,1,0
652240,131109,1,0,1
245208,131110,1,0,1
1777416,131111,1,0,1
4066112,131112,1,0,1
714392,131113,1,1,0
5041496,131114,1,1,0
1356536,131115,1,1,0
3811640,131116,1,1,0
1060664,131117,1,1,0
4401312,131118,1,1,0
314696,131119,1,0,1
1601528,131120,1,0,1
2695872,131121,1,1,0
2452488,131122,1,1,0
229992,131123,1,0,1
6074104,131124,1,0,1
7307552,131125,1,0,1
3171528,131126,1,1,0
6011504,131127,1,1,0
5306960,131128,1,1,0
574984,131129,1,1,0
1983832,131130,1,0,1
357344,131131,1,1,0
402488,131132,1,0,1
694848,131133,1,0,1
6248800,131134,1,1,0
3062696,131135,1,1,0
1048880,131136,1,0,1
215656,131137,1,0,1
7539872,131138,1,1,0
196712,131139,1,1,0
574264,131140,1,1,0
1307424,131141,1,1,0
4230112,131142,1,0,1
4634832,131143,1,1,0
2852608,131144,1,0,1
5774600,131145,1,0,1
354472,131146,1,1,0
904160,131147,1,0,1
2321488,131148,1,0,1
2066688,131149,1,0,1
3384976,131150,1,1,0
4055232,131151,1,0,1
5666640,131152,1,1,0
1939624,131153,1,0,1
954000,131154,1,1,0
830752,131155,1,0,1
1395376,131156,1,0,1
996712,131157,1,0,1
4530480,131158,1,1,0
1663688,131159,1,0,1
868168,131160,1,0,1
2334464,131161,1,0,1
862264,131162,1,1,0
1812408,131163,1,0,1
508728,131164,1,1,0
1239072,131165,1,1,0
745328,131166,1,0,1
2096664,131167,1,1,0
7378016,131168,1,1,0
1501576,131169,1,1,0
6887152,131170,1,1,0
3119472,131171,1,1,0
1735136,131172,1,1,0
2745688,131173,1,1,0
1869200,131174,1,0,1
2664920,131175,1,0,1
2484376,131176,1,0,1
364896,131177,1,0,1
1300104,131178,1,1,0
5375248,131179,1,1,0
1686120,131180,1,1,0
1636296,131181,1,1,0
166064,131182,1,1,0
4676528,131183,1,0,1
5608392,131184,1,0,1
1261152,131185,1,1,0
1394568,131186,1,1,0
2155936,131187,1,0,1
337960,131188,1,0,1
3522016,131189,1,1,0
4092160,131190,1,0,1
417544,131191,1,1,0
2417416,131192,1,0,1
1073672,131193,1,0,1
2610408,131194,1,1,0
2695296,131195,1,1,0
489344,131196,1,0,1
6615080,131197,1,0,1
2791064,131198,1,1,0
3310248,131199,1,1,0
1257576,131200,1,1,0
6567432,131201,1,0,1
1279680,131202,1,0,1
6729016,131203,1,0,1
275600,131204,1,1,0
381600,131205,1,1,0
3410480,131206,1,1,0
1786152,131207,1,0,1
1150672,131208,1,0,1
4751544,131209,1,1,0
5594176,131210,1,0,1
6873080,131211,1,1,0
6162408,131212,1,0,1
5702824,131213,1,0,1
4885520,131214,1,1,0
131416,131215,1,1,0
2428152,131216,1,0,1
352040,131217,1,0,1
5977888,131218,1,0,1
2195784,131219,1,1,0
1135272,131220,1,0,1
1328192,131221,1,1,0
5891216,131222,1,0,1
6521344,131223,1,0,1
4778944,131224,1,0,1
2143816,131225,1,1,0
7984192,131226,1,0,1
4305528,131227,1,1,0
1533992,131228,1,1,0
3986600,131229,1,0,1
2054424,131230,1,0,1
7453368,131231,1,1,0
1437272,131232,1,0,1
3620800,131233,1,0,1
4590408,131234,1,0,1
1065736,131235,1,1,0
5044632,131236,1,0,1
1372352,131237,1,1,0
7900400,131238,1,1,0
416776,131239,1,1,0
2098904,131240,1,1,0
5005096,131241,1,1,0
3089632,131242,1,1,0
1803256,131243,1,1,0
3319032,131244,1,1,0
5439632,131245,1,0,1
900896,131246,1,0,1
804992,131247,1,1,0
1714888,131248,1,0,1
680288,131249,1,1,0
5796976,131250,1,1,0
6951824,131251,1,1,0
7619832,131252,1,1,0
3546600,131253,1,1,0
4482120,131254,1,0,1
215888,131255,1,1,0
722192,131256,1,1,0
133416,131257,1,0,1
1465296,131258,1,0,1
2177168,131259,1,1,0
2542144,131260,1,1,0
5589144,131261,1,1,0
906712,131262,1,1,0
410000,131263,1,1,0
988728,131264,1,0,1
7404872,131265,1,0,1
1732064,131266,1,1,0
5265800,131267,1,1,0
5312240,131268,1,0,1
7131512,131269,1,1,0
1823816,131270,1,0,1
3740392,131271,1,1,0
522712,131272,1,0,1
3021712,131273,1,0,1
773488,131274,1,1,0
2685904,131275,1,1,0
2337760,131276,1,0,1
1161552,131277,1,0,1
451608,131278,1,1,0
2068888,131279,1,0,1
3122480,131280,1,0,1
6788656,131281,1,1,0
3219072,131282,1,1,0
3382520,131283,1,1,0
624816,131284,1,1,0
2618880,131285,1,1,0
955328,131286,1,0,1
6843704,131287,1,1,0
4470808,131288,1,1,0
6100504,131289,1,1,0
5270592,131290,1,0,1
5953080,131291,1,0,1
2645704,131292,1,0,1
8302560,131293,1,0,1
5576016,131294,1,0,1
362800,131295,1,1,0
2660824,131296,1,1,0
1357376,131297,1,0,1
8232648,131298,1,0,1
6896504,131299,1,0,1
1648488,131300,1,0,1
417904,131301,1,1,0
4972584,131302,1,1,0
240048,131303,1,0,1
687288,131304,1,0,1
1436456,131305,1,0,1
4752680,131306,1,0,1
565968,131307,1,0,1
3710800,131308,1,0,1
6246336,131309,1,0,1
719464,131310,1,0,1
2369416,131311,1,0,1
2258976,131312,1,0,1
675424,131313,1,1,0
1135952,131314,1,0,1
1436784,131315,1,0,1
3330248,131316,1,1,0
149112,131317,1,0,1
6185456,131318,1,1,0
1113720,131319,1,0,1
5114064,131320,1,0,1
6953640,131321,1,1,0
1375192,131322,1,1,0
1008728,131323,1,0,1
354336,131324,1,1,0
726856,131325,1,1,0
5049376,131326,1,0,1
1172304,131327,1,1,0
539592,131328,1,1,0
1729328,131329,1,1,0
6970504,131330,1,1,0
1065712,131331,1,1,0
514344,131332,1,1,0
7351976,131333,1,0,1
3453520,131334,1,1,0
1053808,131335,1,0,1
4728472,131336,1,0,1
731664,131337,1,1,0
2586648,131338,1,1,0
1277688,131339,1,0,1
2743720,131340,1,0,1
2787664,131341,1,1,0
7669984,131342,1,1,0
3845016,131343,1,1,0
6947424,131344,1,1,0
993376,131345,1,1,0
4546432,131346,1,1,0
5403776,131347,1,0,1
4376832,131348,1,0,1
6986512,131349,1,0,1
4838520,131350,1,0,1
1139664,131351,1,1,0
201640,131352,1,1,0
4977096,131353,1,0,1
5452272,131354,1,0,1
8381968,131355,1,1,0
7833640,131356,1,1,0
5667464,131357,1,1,0
2026944,131358,1,0,1
3715656,131359,1,0,1
1732368,131360,1,0,1
1517368,131361,1,1,0
7174064,131362,1,1,0
1825648,131363,1,0,1
816568,131364,1,0,1
6822464,131365,1,1,0
1639832,131366,1,1,0
7099416,131367,1,1,0
796608,131368,1,1,0
1768920,131369,1,1,0
3665288,131370,1,0,1
1532784,131371,1,1,0
1727408,131372,1,0,1
6707920,131373,1,1,0
1246144,131374,1,0,1
1987688,131375,1,1,0
1237128,131376,1,1,0
1230408,131377,1,0,1
2417488,131378,1,0,1
4932712,131379,1,0,1
2745984,131380,1,1,0
1531560,131381,1,1,0
3387392,131382,1,1,0
1986608,131383,1,1,0
7244992,131384,1,1,0
5324712,131385,1,1,0
4786256,131386,1,1,0
5836784,131387,1,1,0
1510864,131388,1,1,0
202824,131389,1,0,1
8079760,131390,1,0,1
457376,131391,1,1,0
8176440,131392,1,1,0
4361120,131393,1,1,0
2449800,131394,1,0,1
111472,131395,1,0,1
2692144,131396,1,1,0
1175968,131397,1,0,1
623144,131398,1,1,0
3325528,131399,1,0,1
3371568,131400,1,1,0
1437184,131401,1,0,1
3311264,131402,1,0,1
3611656,131403,1,0,1
596536,131404,1,1,0
7590544,131405,1,0,1
227360,131406,1,0,1
6397760,131407,1,1,0
447232,131408,1,0,1
1219032,131409,1,1,0
5125320,131410,1,0,1
1223448,131411,1,1,0
2285968,131412,1,1,0
1898280,131413,1,1,0
1156488,131414,1,0,1
667200,131415,1,1,0
1028168,131416,1,1,0
4627640,131417,1,0,1
4795328,131418,1,1,0
343632,131419,1,1,0
1440024,131420,1,0,1
217312,131421,1,1,0
3757176,131422,1,1,0
6634600,131423,1,1,0
1616208,131424,1,0,1
4848992,131425,1,1,0
4146936,131426,1,1,0
902944,131427,1,0,1
513280,131428,1,0,1
317736,131429,1,1,0
1176424,131430,1,0,1
968144,131431,1,1,0
5241352,131432,1,0,1
462064,131433,1,0,1
8074864,131434,1,0,1
4843504,131435,1,0,1
5361608,131436,1,1,0
2640640,131437,1,0,1
712952,131438,1,1,0
6363872,131439,1,0,1
1491312,131440,1,0,1
4894368,131441,1,1,0
739536,131442,1,1,0
576480,131443,1,1,0
3887480,131444,1,1,0
394224,131445,1,1,0
3151632,131446,1,1,0
6951808,131447,1,0,1
284472,131448,1,0,1
7259496,131449,1,1,0
6745368,131450,1,0,1
5713048,131451,1,1,0
2456704,131452,1,0,1
985056,131453,1,1,0
6538976,131454,1,1,0
6059864,131455,1,1,0
2183304,131456,1,0,1
1643480,131457,1,1,0
852656,131458,1,0,1
2733160,131459,1,0,1
4658248,131460,1,1,0
3901440,131461,1,1,0
2535024,131462,1,0,1
2529544,131463,1,1,0
839680,131464,1,0,1
1081776,131465,1,0,1
5678208,131466,1,0,1
2368352,131467,1,0,1
483336,131468,1,0,1
1081912,131469,1,1,0
338360,131470,1,0,1
472888,131471,1,0,1
964488,131472,1,1,0
1246288,131473,1,0,1
2156032,131474,1,1,0
916048,131475,1,0,1
600128,131476,1,0,1
5722288,131477,1,1,0
5398280,131478,1,1,0
1079448,131479,1,1,0
1170320,131480,1,0,1
782440,131481,1,1,0
4331896,131482,1,1,0
1216920,131483,1,0,1
4376944,131484,1,0,1
699544,131485,1,0,1
473536,131486,1,1,0
396560,131487,1,1,0
1531768,131488,1,0,1
6861984,131489,1,0,1
3218520,131490,1,0,1
1110320,131491,1,0,1
5891488,131492,1,0,1
2566136,131493,1,1,0
1669504,131494,1,1,0
2671920,131495,1,1,0
2171296,131496,1,1,0
308656,131497,1,1,0
3329208,131498,1,0,1
363704,131499,1,1,0
773992,131500,1,0,1
4074112,131501,1,0,1
780872,131502,1,1,0
720504,131503,1,0,1
2876208,131504,1,1,0
5462968,131505,1,1,0
5709008,131506,1,0,1
1664200,131507,1,1,0
1195824,131508,1,1,0
6160712,131509,1,0,1
696888,131510,1,0,1
939072,131511,1,1,0
1290968,131512,1,1,0
274472,131513,1,1,0
234152,131514,1,1,0
1978824,131515,1,0,1
403840,131516,1,0,1
535208,131517,1,1,0
1977336,131518,1,1,0
1882752,131519,1,1,0
6439680,131520,1,1,0
4260608,131521,1,0,1
605000,131522,1,1,0
666632,131523,1,0,1
4871432,131524,1,0,1
1787032,131525,1,0,1
4657208,131526,1,1,0
1373352,131527,1,0,1
6803256,131528,1,1,0
4160216,131529,1,0,1
588528,131530,1,1,0
184416,131531,1,1,0
2382560,131532,1,0,1
3372952,131533,1,0,1
1715536,131534,1,1,0
8372552,131535,1,1,0
3703960,131536,1,0,1
319432,131537,1,1,0
7326368,131538,1,1,0
313088,131539,1,1,0
305144,131540,1,0,1
3405136,131541,1,0,1
1709200,131542,1,1,0
2393624,131543,1,1,0
1171488,131544,1,0,1
6505576,131545,1,1,0
6666376,131546,1,0,1
3637040,131547,1,0,1
1975592,131548,1,1,0
403016,131549,1,0,1
856640,131550,1,1,0
543488,131551,1,1,0
1528080,131552,1,1,0
854096,131553,1,1,0
4670800,131554,1,1,0
1657616,131555,1,0,1
5666984,131556,1,1,0
1168704,131557,1,0,1
2519744,131558,1,1,0
1219904,131559,1,0,1
3242368,131560,1,1,0
801112,131561,1,1,0
1606152,131562,1,0,1
7848656,131563,1,0,1
5327328,131564,1,0,1
387600,131565,1,1,0
2630080,131566,1,1,0
298000,131567,1,1,0
2977432,131568,1,1,0
2898688,131569,1,0,1
4557392,131570,1,0,1
1350888,131571,1,0,1
2923312,131572,1,1,0
5699592,131573,1,0,1
3004488,131574,1,1,0
6826584,131575,1,0,1
804680,131576,1,1,0
4867496,131577,1,0,1
4237576,131578,1,0,1
2902272,131579,1,0,1
1585472,131580,1,1,0
5135152,131581,1,0,1
327368,131582,1,1,0
536112,131583,1,0,1
824496,131584,1,0,1
962136,131585,1,1,0
949792,131586,1,0,1
750648,131587,1,1,0
504120,131588,1,1,0
2738848,131589,1,1,0
4165760,131590,1,0,1
6950816,131591,1,0,1
2299752,131592,1,1,0
7588008,131593,1,1,0
4392504,131594,1,0,1
994160,131595,1,0,1
4520632,131596,1,0,1
3274360,131597,1,1,0
532072,131598,1,1,0
387240,131599,1,0,1
1921432,131600,1,0,1
399984,131601,1,1,0
4167608,131602,1,0,1
381720,131603,1,0,1
4594848,131604,1,1,0
5263136,131605,1,1,0
2240064,131606,1,0,1
1500544,131607,1,1,0
1860912,131608,1,0,1
6965312,131609,1,1,0
5083112,131610,1,1,0
4459936,131611,1,0,1
2443888,131612,1,1,0
6018952,131613,1,0,1
1318720,131614,1,1,0
2291008,131615,1,1,0
799208,131616,1,0,1
7774528,131617,1,1,0
4416992,131618,1,0,1
556992,131619,1,0,1
949280,131620,1,0,1
4425080,131621,1,0,1
5232952,131622,1,0,1
5851992,131623,1,0,1
2079200,131624,1,0,1
3474688,131625,1,1,0
1008896,131626,1,1,0
265232,131627,1,1,0
388784,131628,1,1,0
4399048,131629,1,0,1
484688,131630,1,0,1
164632,131631,1,1,0
443320,131632,1,0,1
1218016,131633,1,1,0
8098768,131634,1,1,0
1898664,131635,1,1,0
3843440,131636,1,0,1
7394696,131637,1,1,0
5230088,131638,1,1,0
2481864,131639,1,0,1
6986816,131640,1,1,0
4730792,131641,1,0,1
1637144,131642,1,1,0
846464,131643,1,1,0
7920248,131644,1,1,0
783128,131645,1,0,1
5580960,131646,1,0,1
465672,131647,1,1,0
681144,131648,1,1,0
1386968,131649,1,0,1
3641208,131650,1,0,1
865288,131651,1,1,0
2214600,131652,1,0,1
7960488,131653,1,1,0
1418544,131654,1,1,0
3001192,131655,1,0,1
2448576,131656,1,1,0
1842320,131657,1,0,1
391240,131658,1,1,0
4500120,131659,1,1,0
5952872,131660,1,0,1
2609280,131661,1,0,1
7642688,131662,1,1,0
2500256,131663,1,0,1
1588072,131664,1,1,0
4758608,131665,1,1,0
5716088,131666,1,1,0
6404216,131667,1,0,1
6441776,131668,1,0,1
7189184,131669,1,1,0
405488,131670,1,0,1
5120232,131671,1,0,1
726408,131672,1,0,1
1402408,131673,1,0,1
1717968,131674,1,0,1
1637232,131675,1,1,0
5297680,131676,1,1,0
975328,131677,1,1,0
5344784,131678,1,1,0
5328448,131679,1,0,1
2608952,131680,1,0,1
963256,131681,1,1,0
714936,131682,1,1,0
8157416,131683,1,1,0
928480,131684,1,0,1
1873592,131685,1,0,1
1693880,131686,1,0,1
464816,131687,1,1,0
7713992,131688,1,0,1
482624,131689,1,1,0
6911608,131690,1,1,0
2003920,131691,1,1,0
2244064,131692,1,0,1
5087016,131693,1,0,1
1504976,131694,1,1,0
1782304,131695,1,0,1
236568,131696,1,0,1
6046680,131697,1,0,1
738872,131698,1,1,0
5434696,131699,1,1,0
718544,131700,1,1,0
359064,131701,1,1,0
6167160,131702,1,1,0
261816,131703,1,0,1
7436600,131704,1,1,0
1954328,131705,1,1,0
374376,131706,1,0,1
3282720,131707,1,1,0
1105488,131708,1,1,0
5893064,131709,1,1,0
1248720,131710,1,0,1
1762048,131711,1,0,1
7776144,131712,1,0,1
1225824,131713,1,1,0
1784824,131714,1,0,1
2087512,131715,1,0,1
5743760,131716,1,1,0
1145216,131717,1,1,0
7369256,131718,1,1,0
789304,131719,1,0,1
5479504,131720,1,1,0
1077336,131721,1,0,1
229880,131722,1,1,0
2831224,131723,1,1,0
2481576,131724,1,1,0
673696,131725,1,0,1
5432928,131726,1,0,1
3027168,131727,1,1,0
7606480,131728,1,1,0
681152,131729,1,1,0
903648,131730,1,0,1
1002696,131731,1,0,1
1472824,131732,1,0,1
7999688,131733,1,0,1
643120,131734,1,1,0
752640,131735,1,1,0
4473168,131736,1,1,0
1538968,131737,1,1,0
4584472,131738,1,0,1
2731544,131739,1,0,1
1039456,131740,1,1,0
6666688,131741,1,1,0
4142064,131742,1,1,0
7618056,131743,1,1,0
8386496,131744,1,1,0
102256,131745,1,0,1
288576,131746,1,1,0
7795368,131747,1,0,1
3749592,131748,1,1,0
1376184,131749,1,0,1
5272088,131750,1,0,1
2732928,131751,1,0,1
4123992,131752,1,1,0
834904,131753,1,1,0
572320,131754,1,1,0
3961616,131755,1,0,1
2564656,131756,1,1,0
898928,131757,1,0,1
2713112,131758,1,1,0
1189600,131759,1,0,1
1132984,131760,1,1,0
3250968,131761,1,0,1
2171984,131762,1,0,1
340088,131763,1,0,1
941968,131764,1,0,1
1845592,131765,1,0,1
973112,131766,1,0,1
1669480,131767,1,0,1
878664,131768,1,0,1
2699440,131769,1,1,0
3578720,131770,1,1,0
5706776,131771,1,1,0
210736,131772,1,1,0
2137488,131773,1,0,1
1333952,131774,1,0,1
2086288,131775,1,1,0
813040,131776,1,0,1
5065944,131777,1,1,0
2369680,131778,1,1,0
2507136,131779,1,1,0
1031496,131780,1,0,1
532216,131781,1,1,0
561472,131782,1,0,1
1023400,131783,1,0,1
494408,131784,1,0,1
5305272,131785,1,0,1
1070808,131786,1,0,1
279016,131787,1,1,0
777464,131788,1,0,1
5892968,131789,1,1,0
3693352,131790,1,0,1
1379224,131791,1,1,0
1871232,131792,1,1,0
3041024,131793,1,0,1
2371464,131794,1,0,1
7457512,131795,1,0,1
2856168,131796,1,1,0
4554224,131797,1,1,0
2707872,131798,1,0,1
239640,131799,1,0,1
6820024,131800,1,0,1
2167832,131801,1,1,0
915832,131802,1,1,0
2574592,131803,1,1,0
327976,131804,1,1,0
3871800,131805,1,1,0
3034336,131806,1,0,1
3732544,131807,1,1,0
1321824,131808,1,1,0
987112,131809,1,1,0
511872,131810,1,1,0
3201464,131811,1,1,0
1346664,131812,1,0,1
1658432,131813,1,1,0
2046440,131814,1,0,1
1189144,131815,1,1,0
2711896,131816,1,1,0
7077784,131817,1,1,0
4190392,131818,1,0,1
2301760,131819,1,0,1
461856,131820,1,1,0
2623160,131821,1,1,0
2265088,131822,1,0,1
548440,131823,1,0,1
7482928,131824,1,0,1
319000,131825,1,1,0
6592632,131826,1,0,1
3509328,131827,1,1,0
2058432,131828,1,0,1
3211704,131829,1,0,1
6097208,131830,1,0,1
1395336,131831,1,0,1
2302704,131832,1,0,1
1647288,131833,1,0,1
250520,131834,1,1,0
553720,131835,1,0,1
2558480,131836,1,1,0
3422080,131837,1,1,0
252880,131838,1,1,0
6152272,131839,1,0,1
4321440,131840,1,1,0
8339672,131841,1,0,1
486360,131842,1,1,0
3491336,131843,1,0,1
4646736,131844,1,0,1
558544,131845,1,0,1
327968,131846,1,1,0
1075432,131847,1,0,1
582192,131848,1,0,1
6055808,131849,1,0,1
3420144,131850,1,1,0
4604448,131851,1,1,0
3505720,131852,1,0,1
3472728,131853,1,0,1
1329712,131854,1,0,1
2419280,131855,1,1,0
1298568,131856,1,0,1
1213040,131857,1,1,0
4325392,131858,1,0,1
617328,131859,1,0,1
708384,131860,1,0,1
142080,131861,1,0,1
1635576,131862,1,0,1
6204680,131863,1,1,0
457144,131864,1,1,0
173456,131865,1,0,1
397512,131866,1,1,0
7966768,131867,1,0,1
3342688,131868,1,1,0
694008,131869,1,1,0
5659360,131870,1,0,1
490208,131871,1,0,1
780192,131872,1,1,0
2243224,131873,1,0,1
3497680,131874,1,1,0
1469192,131875,1,1,0
3328208,131876,1,1,0
1750272,131877,1,1,0
7826048,131878,1,0,1
1430784,131879,1,1,0
1014944,131880,1,0,1
2402240,131881,1,0,1
6918408,131882,1,0,1
7316360,131883,1,1,0
3269320,131884,1,0,1
2889704,131885,1,1,0
614192,131886,1,1,0
3286640,131887,1,0,1
4052504,131888,1,1,0
4787048,131889,1,1,0
2411384,131890,1,0,1
3828552,131891,1,0,1
6270256,131892,1,1,0
377568,131893,1,0,1
201288,131894,1,1,0
1999680,131895,1,1,0
836520,131896,1,0,1
4426528,131897,1,1,0
302496,131898,1,1,0
1411664,131899,1,1,0
387304,131900,1,1,0
1009016,131901,1,1,0
1702088,131902,1,1,0
8056880,131903,1,1,0
4111904,131904,1,0,1
2849856,131905,1,0,1
7452544,131906,1,0,1
1327944,131907,1,0,1
4969032,131908,1,0,1
301840,131909,1,1,0
364440,131910,1,0,1
1223368,131911,1,1,0
293616,131912,1,1,0
5667664,131913,1,0,1
291152,131914,1,0,1
411336,131915,1,0,1
2008216,131916,1,1,0
2848680,131917,1,0,1
1181488,131918,1,1,0
1871344,131919,1,0,1
805144,131920,1,1,0
1074768,131921,1,0,1
109848,131922,1,0,1
3365944,131923,1,0,1
3798672,131924,1,1,0
3087840,131925,1,0,1
3196096,131926,1,1,0
884016,131927,1,0,1
2794464,131928,1,1,0
801040,131929,1,1,0
1428744,131930,1,0,1
359352,131931,1,0,1
1562880,131932,1,0,1
1539736,131933,1,0,1
1128480,131934,1,1,0
1474824,131935,1,0,1
1292936,131936,1,0,1
5796344,131937,1,0,1
285568,131938,1,0,1
1217528,131939,1,0,1
2939544,131940,1,0,1
523552,131941,1,1,0
4587120,131942,1,1,0
2153464,131943,1,0,1
197840,131944,1,1,0
3440424,131945,1,1,0
5247648,131946,1,0,1
3681432,131947,1,0,1
5979024,131948,1,1,0
1808232,131949,1,0,1
3159728,131950,1,0,1
6562792,131951,1,1,0
3866080,131952,1,0,1
4597288,131953,1,1,0
709648,131954,1,0,1
1515160,131955,1,1,0
460360,131956,1,0,1
753592,131957,1,1,0
1303832,131958,1,1,0
2590552,131959,1,1,0
550256,131960,1,0,1
8061136,131961,1,1,0
7230832,131962,1,1,0
2977656,131963,1,1,0
310248,131964,1,0,1
1760696,131965,1,1,0
3306656,131966,1,1,0
686280,131967,1,0,1
1762216,131968,1,0,1
5630816,131969,1,0,1
509592,131970,1,1,0
5046624,131971,1,0,1
6225920,131972,1,1,0
3832304,131973,1,1,0
2902200,131974,1,1,0
664840,131975,1,0,1
3650528,131976,1,1,0
5014944,131977,1,0,1
6988656,131978,1,0,1
167760,131979,1,0,1
716696,131980,1,0,1
683736,131981,1,0,1
588624,131982,1,0,1
694608,131983,1,1,0
319928,131984,1,1,0
6762648,131985,1,1,0
4454296,131986,1,1,0
7551296,131987,1,1,0
401968,131988,1,0,1
1479760,131989,1,0,1
349744,131990,1,0,1
1481200,131991,1,1,0
2340288,131992,1,1,0
322456,131993,1,1,0
4289048,131994,1,1,0
1346336,131995,1,0,1
3910160,131996,1,0,1
233080,131997,1,1,0
2843736,131998,1,0,1
517312,131999,1,0,1
1799352,132000,1,1,0
3554240,132001,1,1,0
1424848,132002,1,1,0
955768,132003,1,1,0
5839480,132004,1,0,1
6309360,132005,1,1,0
3331776,132006,1,0,1
145824,132007,1,1,0
7532696,132008,1,0,1
4326512,132009,1,0,1
2526744,132010,1,1,0
4209920,132011,1,0,1
5820584,132012,1,1,0
4493408,132013,1,1,0
3525624,132014,1,1,0
7973352,132015,1,1,0
4092920,132016,1,1,0
714616,132017,1,0,1
2675376,132018,1,0,1
797944,132019,1,0,1
1168272,132020,1,1,0
5370184,132021,1,0,1
1555520,132022,1,1,0
455200,132023,1,1,0
3928056,132024,1,0,1
8315688,132025,1,1,0
2199944,132026,1,0,1
2808080,132027,1,0,1
960224,132028,1,1,0
2252920,132029,1,1,0
3833312,132030,1,1,0
1122608,132031,1,0,1
703208,132032,1,0,1
4587592,132033,1,1,0
7887664,132034,1,1,0
1406024,132035,1,0,1
928744,132036,1,0,1
5187056,132037,1,1,0
1931992,132038,1,1,0
920800,132039,1,0,1
5833080,132040,1,1,0
7653192,132041,1,0,1
368112,132042,1,1,0
635576,132043,1,1,0
2532624,132044,1,1,0
7967120,132045,1,1,0
2799816,132046,1,1,0
3284592,132047,1,0,1
5210064,132048,1,1,0
6689464,132049,1,0,1
7728504,132050,1,1,0
389528,132051,1,0,1
779600,132052,1,1,0
8262304,132053,1,0,1
8293192,132054,1,1,0
3858912,132055,1,1,0
6060848,132056,1,1,0
1266544,132057,1,0,1
2841976,132058,1,1,0
8335544,132059,1,0,1
4336056,132060,1,0,1
4811544,132061,1,1,0
1445376,132062,1,1,0
650416,132063,1,0,1
2429160,132064,1,1,0
1338120,132065,1,0,1
726296,132066,1,0,1
1237928,132067,1,0,1
366240,132068,1,1,0
2830192,132069,1,0,1
5057960,132070,1,1,0
966704,132071,1,0,1
614896,132072,1,1,0
8111016,132073,1,1,0
1264840,132074,1,0,1
1056224,132075,1,0,1
3065968,132076,1,1,0
5083976,132077,1,1,0
6503784,132078,1,1,0
3144520,132079,1,0,1
7043288,132080,1,1,0
4926864,132081,1,0,1
6925552,132082,1,0,1
3354712,132083,1,1,0
2590056,132084,1,0,1
2808336,132085,1,1,0
259424,132086,1,1,0
5902928,132087,1,1,0
6867848,132088,1,1,0
3736000,132089,1,0,1
8125240,132090,1,1,0
8056424,132091,1,1,0
592976,132092,1,0,1
818000,132093,1,0,1
6026632,132094,1,0,1
1308568,132095,1,1,0
292008,132096,1,0,1
601304,132097,1,1,0
2615904,132098,1,1,0
812728,132099,1,0,1
3016656,132100,1,0,1
1509984,132101,1,0,1
3251464,132102,1,1,0
347696,132103,1,1,0
2097976,132104,1,0,1
3042192,132105,1,1,0
299952,132106,1,1,0
5172008,132107,1,1,0
775848,132108,1,0,1
171024,132109,1,0,1
2204248,132110,1,1,0
215176,132111,1,1,0
930232,132112,1,1,0
6532528,132113,1,1,0
2252336,132114,1,0,1
1427368,132115,1,1,0
468488,132116,1,1,0
4748800,132117,1,0,1
5698304,132118,1,1,0
2720744,132119,1,1,0
2350544,132120,1,1,0
1073936,132121,1,0,1
672016,132122,1,0,1
5064848,132123,1,0,1
3121136,132124,1,1,0
774296,132125,1,1,0
5776432,132126,1,1,0
353320,132127,1,1,0
966416,132128,1,1,0
544208,132129,1,1,0
6809344,132130,1,0,1
2133488,132131,1,1,0
234072,132132,1,0,1
1181688,132133,1,1,0
1707456,132134,1,0,1
5147160,132135,1,0,1
6461992,132136,1,1,0
364072,132137,1,1,0
5576952,132138,1,0,1
7645904,132139,1,0,1
2345736,132140,1,0,1
152744,132141,1,1,0
1401720,132142,1,1,0
1486472,132143,1,0,1
2431832,132144,1,1,0
2295272,132145,1,0,1
3616480,132146,1,1,0
5807224,132147,1,1,0
3418136,132148,1,1,0
7900368,132149,1,1,0
1311936,132150,1,1,0
4076280,132151,1,1,0
3638800,132152,1,1,0
591144,132153,1,1,0
3031136,132154,1,0,1
1086432,132155,1,1,0
1740608,132156,1,0,1
845312,132157,1,0,1
2495344,132158,1,0,1
1759184,132159,1,1,0
802448,132160,1,0,1
3260392,132161,1,0,1
4624608,132162,1,0,1
902688,132163,1,1,0
2164208,132164,1,1,0
5039872,132165,1,0,1
762336,132166,1,0,1
150016,132167,1,1,0
679016,132168,1,1,0
3073456,132169,1,0,1
1596952,132170,1,0,1
4524464,132171,1,1,0
2568320,132172,1,0,1
785400,132173,1,0,1
7336200,132174,1,1,0
5166824,132175,1,0,1
4189592,132176,1,0,1
659784,132177,1,0,1
374272,132178,1,0,1
2250632,132179,1,1,0
3815200,132180,1,1,0
7512624,132181,1,1,0
2912504,132182,1,1,0
6426512,132183,1,0,1
5562928,132184,1,1,0
1157576,132185,1,1,0
746472,132186,1,0,1
1401288,132187,1,0,1
3739688,132188,1,1,0
3242936,132189,1,1,0
234344,132190,1,0,1
183712,132191,1,0,1
2825024,132192,1,0,1
615096,132193,1,0,1
1487096,132194,1,0,1
7928640,132195,1,0,1
7095384,132196,1,0,1
4970280,132197,1,1,0
5667616,132198,1,0,1
457080,132199,1,0,1
2354112,132200,1,1,0
1518112,132201,1,1,0
1060072,132202,1,1,0
415120,132203,1,1,0
1010072,132204,1,1,0
3465320,132205,1,0,1
5388464,132206,1,0,1
937000,132207,1,0,1
751592,132208,1,0,1
4523304,132209,1,0,1
1697016,132210,1,0,1
519680,132211,1,0,1
6916848,132212,1,1,0
858328,132213,1,0,1
1314176,132214,1,1,0
2381152,132215,1,0,1
286888,132216,1,0,1
988432,132217,1,1,0
3562400,132218,1,0,1
7754056,132219,1,1,0
1524736,132220,1,0,1
7807408,132221,1,1,0
1585712,132222,1,1,0
3867824,132223,1,0,1
597792,132224,1,1,0
382120,132225,1,1,0
725040,132226,1,0,1
889832,132227,1,1,0
6269912,132228,1,1,0
2399896,132229,1,0,1
3199928,132230,1,0,1
8017704,132231,1,1,0
289760,132232,1,0,1
7637888,132233,1,1,0
3091136,132234,1,0,1
2910840,132235,1,0,1
5999800,132236,1,0,1
1576568,132237,1,1,0
2645592,132238,1,0,1
981776,132239,1,1,0
8250160,132240,1,1,0
5039096,132241,1,0,1
3887376,132242,1,1,0
1700832,132243,1,1,0
1888480,132244,1,0,1
3847296,132245,1,0,1
7396104,132246,1,1,0
1714272,132247,1,0,1
743184,132248,1,1,0
562416,132249,1,1,0
1108904,132250,1,1,0
552840,132251,1,1,0
7561008,132252,1,0,1
501760,132253,1,1,0
4714240,132254,1,0,1
3383088,132255,1,1,0
874120,132256,1,0,1
2847080,132257,1,0,1
4857088,132258,1,1,0
6754456,132259,1,1,0
2465872,132260,1,1,0
322352,132261,1,1,0
1207688,132262,1,0,1
3956272,132263,1,0,1
1532936,132264,1,1,0
2296368,132265,1,1,0
495512,132266,1,1,0
5645160,132267,1,1,0
947024,132268,1,1,0
697592,132269,1,0,1
3207424,132270,1,0,1
1365560,132271,1,1,0
1877240,132272,1,0,1
2234304,132273,1,0,1
2310176,132274,1,1,0
1697176,132275,1,0,1
2461432,132276,1,1,0
2436040,132277,1,1,0
531584,132278,1,1,0
7419472,132279,1,1,0
6476080,132280,1,1,0
1291728,132281,1,0,1
629016,132282,1,1,0
263408,132283,1,0,1
4893056,132284,1,0,1
804376,132285,1,1,0
793784,132286,1,0,1
1896176,132287,1,0,1
1308640,132288,1,1,0
2179728,132289,1,0,1
3860800,132290,1,0,1
367816,132291,1,1,0
3830504,132292,1,1,0
5326192,132293,1,1,0
6572368,132294,1,1,0
4454232,132295,1,1,0
2135408,132296,1,0,1
1545224,132297,1,1,0
381904,132298,1,0,1
308840,132299,1,1,0
1749384,132300,1,0,1
337608,132301,1,0,1
406832,132302,1,0,1
938280,132303,1,1,0
1372528,132304,1,0,1
7244928,132305,1,0,1
311640,132306,1,0,1
425064,132307,1,1,0
4242752,132308,1,1,0
1148880,132309,1,1,0
1255936,132310,1,1,0
5843200,132311,1,0,1
295440,132312,1,0,1
411400,132313,1,0,1
1979208,132314,1,1,0
7249456,132315,1,0,1
4973760,132316,1,0,1
2051784,132317,1,1,0
4873528,132318,1,1,0
659160,132319,1,0,1
6493272,132320,1,0,1
165816,132321,1,0,1
3624176,132322,1,0,1
237720,132323,1,1,0
6124528,132324,1,0,1
1020536,132325,1,0,1
665464,132326,1,1,0
5031968,132327,1,0,1
7892648,132328,1,0,1
7289992,132329,1,0,1
1285552,132330,1,0,1
3456784,132331,1,1,0
1464144,132332,1,1,0
6689360,132333,1,1,0
1529816,132334,1,1,0
1781336,132335,1,1,0
2956344,132336,1,1,0
2021504,132337,1,0,1
490464,132338,1,0,1
1051752,132339,1,0,1
6226760,132340,1,0,1
1499880,132341,1,1,0
3747136,132342,1,1,0
1261728,132343,1,0,1
8187136,132344,1,0,1
6539104,132345,1,0,1
2109344,132346,1,1,0
230752,132347,1,0,1
3511776,132348,1,0,1
1995536,132349,1,0,1
2458624,132350,1,1,0
7446048,132351,1,0,1
2892224,132352,1,0,1
3715952,132353,1,1,0
623496,132354,1,1,0
1468752,132355,1,0,1
116272,132356,1,0,1
410688,132357,1,1,0
7232880,132358,1,1,0
235792,132359,1,0,1
429520,132360,1,0,1
1488288,132361,1,1,0
5099672,132362,1,0,1
347352,132363,1,0,1
3471312,132364,1,1,0
7795624,132365,1,1,0
1246392,132366,1,1,0
5169256,132367,1,1,0
5598528,132368,1,1,0
5151448,132369,1,0,1
154904,132370,1,0,1
7361624,132371,1,1,0
368664,132372,1,1,0
323216,132373,1,1,0
143232,132374,1,1,0
3275728,132375,1,1,0
906064,132376,1,1,0
6726600,132377,1,1,0
4441392,132378,1,1,0
7453720,132379,1,1,0
216272,132380,1,1,0
2551200,132381,1,0,1
5381288,132382,1,0,1
2880896,132383,1,1,0
3079360,132384,1,0,1
2240584,132385,1,1,0
2508296,132386,1,0,1
296848,132387,1,1,0
6447944,132388,1,0,1
1353936,132389,1,0,1
6624240,132390,1,1,0
339512,132391,1,1,0
4253376,132392,1,0,1
108424,132393,1,0,1
1329440,132394,1,1,0
2628768,132395,1,1,0
2403744,132396,1,0,1
8172800,132397,1,1,0
5415456,132398,1,0,1
115288,132399,1,0,1
1958888,132400,1,0,1
1144376,132401,1,0,1
3566640,132402,1,0,1
4485496,132403,1,0,1
2636240,132404,1,0,1
362232,132405,1,0,1
199928,132406,1,1,0
7610408,132407,1,0,1
855704,132408,1,1,0
192808,132409,1,1,0
170136,132410,1,0,1
8044848,132411,1,1,0
5118392,132412,1,0,1
3079328,132413,1,1,0
3009672,132414,1,1,0
6216168,132415,1,0,1
7094784,132416,1,1,0
1745080,132417,1,0,1
3844624,132418,1,0,1
1660096,132419,1,0,1
8104520,132420,1,1,0
3318904,132421,1,0,1
1242072,132422,1,0,1
5061736,132423,1,0,1
3205560,132424,1,0,1
1522096,132425,1,1,0
3013120,132426,1,0,1
303960,132427,1,1,0
2110600,132428,1,1,0
7185712,132429,1,0,1
1323016,132430,1,0,1
1543280,132431,1,0,1
6072120,132432,1,0,1
683096,132433,1,1,0
4805544,132434,1,1,0
828424,132435,1,0,1
982672,132436,1,0,1
2644744,132437,1,0,1
600792,132438,1,1,0
853208,132439,1,1,0
584952,132440,1,1,0
6407480,132441,1,0,1
2490640,132442,1,0,1
1133464,132443,1,1,0
2510472,132444,1,1,0
7341616,132445,1,1,0
2099472,132446,1,1,0
8108992,132447,1,0,1
3128264,132448,1,0,1
4066648,132449,1,0,1
232304,132450,1,1,0
337416,132451,1,0,1
602464,132452,1,0,1
5546464,132453,1,0,1
3751672,132454,1,1,0
7871064,132455,1,0,1
2961880,132456,1,0,1
922040,132457,1,0,1
7381216,132458,1,1,0
3503016,132459,1,0,1
8087016,132460,1,0,1
4778320,132461,1,0,1
859312,132462,1,1,0
4674224,132463,1,1,0
5421744,132464,1,1,0
6993552,132465,1,1,0
217808,132466,1,1,0
3768280,132467,1,0,1
4152848,132468,1,0,1
1741752,132469,1,1,0
835944,132470,1,1,0
4313504,132471,1,0,1
349512,132472,1,0,1
4397864,132473,1,0,1
812544,132474,1,0,1
6281688,132475,1,1,0
613584,132476,1,0,1
266000,132477,1,1,0
2654448,132478,1,1,0
8065840,132479,1,0,1
1814752,132480,1,1,0
5365376,132481,1,1,0
6996432,132482,1,1,0
189832,132483,1,0,1
879256,132484,1,1,0
2779760,132485,1,0,1
680680,132486,1,0,1
2678384,132487,1,1,0
7263352,132488,1,0,1
267960,132489,1,0,1
673168,132490,1,1,0
1158312,132491,1,1,0
766984,132492,1,0,1
2282856,132493,1,1,0
171616,132494,1,0,1
4333320,132495,1,0,1
532128,132496,1,0,1
546112,132497,1,1,0
1158488,132498,1,0,1
8016288,132499,1,0,1
323672,132500,1,0,1
2061392,132501,1,1,0
4609376,132502,1,0,1
5836152,132503,1,1,0
4179704,132504,1,1,0
593504,132505,1,0,1
3467344,132506,1,0,1
497872,132507,1,1,0
1795664,132508,1,0,1
2080080,132509,1,1,0
6206032,132510,1,0,1
3538392,132511,1,1,0
142016,132512,1,0,1
828864,132513,1,1,0
455840,132514,1,0,1
4760920,132515,1,1,0
1516224,132516,1,1,0
804536,132517,1,0,1
379200,132518,1,0,1
583176,132519,1,0,1
2438864,132520,1,0,1
117216,132521,1,0,1
1730680,132522,1,0,1
1690960,132523,1,0,1
6874704,132524,1,0,1
1234464,132525,1,0,1
5120752,132526,1,0,1
5309536,132527,1,1,0
3950768,132528,1,1,0
2055488,132529,1,1,0
2854872,132530,1,0,1
3145008,132531,1,0,1
5523200,132532,1,1,0
1684520,132533,1,1,0
295344,132534,1,0,1
2507984,132535,1,1,0
4104296,132536,1,1,0
715416,132537,1,1,0
3189848,132538,1,0,1
453992,132539,1,0,1
5102888,132540,1,1,0
2491256,132541,1,1,0
5665480,132542,1,1,0
3073800,132543,1,0,1
4137568,132544,1,0,1
4774176,132545,1,0,1
465832,132546,1,0,1
3792384,132547,1,0,1
1460792,132548,1,0,1
3003848,132549,1,1,0
7399328,132550,1,1,0
241552,132551,1,0,1
297976,132552,1,1,0
535504,132553,1,1,0
289336,132554,1,1,0
6680576,132555,1,0,1
3263656,132556,1,1,0
158888,132557,1,0,1
1767968,132558,1,0,1
367752,132559,1,0,1
836944,132560,1,0,1
2109720,132561,1,1,0
694904,132562,1,1,0
8366592,132563,1,0,1
2032080,132564,1,0,1
3178312,132565,1,1,0
1081208,132566,1,1,0
6201264,132567,1,1,0
3568432,132568,1,1,0
1105888,132569,1,1,0
2816440,132570,1,0,1
7736816,132571,1,0,1
1376968,132572,1,1,0
661704,132573,1,0,1
7548520,132574,1,0,1
2917824,132575,1,0,1
8213248,132576,1,0,1
6128224,132577,1,0,1
863000,132578,1,0,1
6224656,132579,1,1,0
566680,132580,1,0,1
6175448,132581,1,0,1
7819480,132582,1,1,0
1262656,132583,1,0,1
3608376,132584,1,0,1
499008,132585,1,1,0
939472,132586,1,1,0
1107608,132587,1,1,0
1455800,132588,1,0,1
3624168,132589,1,1,0
746872,132590,1,1,0
4560136,132591,1,0,1
6253128,132592,1,1,0
3449128,132593,1,0,1
1495888,132594,1,1,0
5791600,132595,1,0,1
2430912,132596,1,0,1
4951928,132597,1,1,0
6460312,132598,1,1,0
492944,132599,1,1,0
3142784,132600,1,1,0
2768616,132601,1,0,1
3470856,132602,1,0,1
357976,132603,1,0,1
3594272,132604,1,0,1
948480,132605,1,0,1
4772840,132606,1,0,1
1030488,132607,1,0,1
814000,132608,1,0,1
511176,132609,1,0,1
3297344,132610,1,1,0
1527480,132611,1,0,1
1780272,132612,1,1,0
5777048,132613,1,1,0
8067496,132614,1,0,1
1806680,132615,1,1,0
258864,132616,1,1,0
1610664,132617,1,0,1
2433424,132618,1,1,0
685752,132619,1,0,1
2528984,132620,1,0,1
8169352,132621,1,1,0
417632,132622,1,1,0
2409328,132623,1,1,0
4322544,132624,1,1,0
6663648,132625,1,0,1
5092760,132626,1,0,1
8312880,132627,1,1,0
102976,132628,1,0,1
62448,132629,1,1,0
579688,132630,1,1,0
8110856,132631,1,0,1
8160984,132632,1,1,0
5840640,132633,1,1,0
455544,132634,1,0,1
526568,132635,1,0,1
7094520,132636,1,0,1
4008712,132637,1,1,0
6129856,132638,1,0,1
411824,132639,1,0,1
566896,132640,1,0,1
1983904,132641,1,0,1
6222096,132642,1,0,1
2741256,132643,1,0,1
252768,132644,1,1,0
2535248,132645,1,1,0
1683496,132646,1,0,1
1116744,132647,1,0,1
751072,132648,1,0,1
4735976,132649,1,1,0
1974656,132650,1,0,1
914168,132651,1,0,1
6432792,132652,1,1,0
4311704,132653,1,1,0
2153664,132654,1,0,1
1028840,132655,1,0,1
5713952,132656,1,0,1
3662496,132657,1,1,0
1295296,132658,1,0,1
573688,132659,1,1,0
5594968,132660,1,1,0
3257104,132661,1,1,0
3514216,132662,1,1,0
1747360,132663,1,1,0
4969936,132664,1,1,0
2057584,132665,1,0,1
1886192,132666,1,1,0
3225832,132667,1,0,1
273240,132668,1,1,0
835824,132669,1,0,1
212512,132670,1,1,0
790744,132671,1,1,0
2350912,132672,1,1,0
7283488,132673,1,0,1
5789856,132674,1,0,1
927320,132675,1,0,1
3394600,132676,1,1,0
1738728,132677,1,0,1
446816,132678,1,1,0
972240,132679,1,1,0
1216648,132680,1,1,0
437504,132681,1,1,0
3120888,132682,1,0,1
990488,132683,1,1,0
2597408,132684,1,1,0
2814560,132685,1,0,1
7707808,132686,1,0,1
1671848,132687,1,0,1
2370368,132688,1,0,1
1106568,132689,1,0,1
4373848,132690,1,0,1
3920600,132691,1,0,1
2208808,132692,1,1,0
2768712,132693,1,1,0
565368,132694,1,1,0
7011640,132695,1,0,1
2624184,132696,1,1,0
1836752,132697,1,0,1
8232984,132698,1,1,0
2597376,132699,1,1,0
1806256,132700,1,0,1
2519224,132701,1,0,1
2118664,132702,1,0,1
1178720,132703,1,0,1
733256,132704,1,0,1
2529680,132705,1,1,0
1618480,132706,1,0,1
8365496,132707,1,0,1
5153752,132708,1,0,1
3759216,132709,1,1,0
7736384,132710,1,1,0
7537184,132711,1,0,1
595864,132712,1,1,0
1225576,132713,1,1,0
1912416,132714,1,0,1
1591600,132715,1,1,0
2530864,132716,1,1,0
5319544,132717,1,1,0
1383104,132718,1,1,0
1231032,132719,1,0,1
641808,132720,1,0,1
365592,132721,1,1,0
788280,132722,1,0,1
5032496,132723,1,0,1
2986712,132724,1,1,0
7672960,132725,1,0,1
6768768,132726,1,0,1
1354624,132727,1,0,1
927552,132728,1,0,1
6165592,132729,1,1,0
412352,132730,1,1,0
3396816,132731,1,1,0
3469160,132732,1,1,0
1902784,132733,1,1,0
1200416,132734,1,1,0
1152280,132735,1,0,1
2346912,132736,1,0,1
5925936,132737,1,1,0
131936,132738,1,1,0
1601008,132739,1,0,1
3097592,132740,1,0,1
575328,132741,1,0,1
143600,132742,1,1,0
3238656,132743,1,1,0
842664,132744,1,1,0
2863144,132745,1,0,1
862136,132746,1,1,0
4531368,132747,1,0,1
4722048,132748,1,0,1
4550864,132749,1,0,1
1482080,132750,1,0,1
2606264,132751,1,0,1
5991016,132752,1,1,0
693096,132753,1,1,0
3087304,132754,1,1,0
1152704,132755,1,1,0
234504,132756,1,0,1
3177000,132757,1,0,1
141336,132758,1,0,1
505808,132759,1,0,1
6154160,132760,1,0,1
5245328,132761,1,0,1
150920,132762,1,0,1
3545632,132763,1,1,0
2568464,132764,1,0,1
2060880,132765,1,0,1
1455464,132766,1,1,0
6938928,132767,1,1,0
1341880,132768,1,1,0
4145360,132769,1,0,1
3938560,132770,1,0,1
2038832,132771,1,1,0
1346552,132772,1,0,1
257352,132773,1,0,1
5474632,132774,1,0,1
2887664,132775,1,0,1
7300376,132776,1,0,1
4286216,132777,1,1,0
1923736,132778,1,0,1
6094984,132779,1,1,0
6727128,132780,1,1,0
217856,132781,1,1,0
1628928,132782,1,0,1
4250856,132783,1,1,0
4292672,132784,1,0,1
7832424,132785,1,0,1
4443128,132786,1,1,0
5378424,132787,1,0,1
1214048,132788,1,1,0
139504,132789,1,1,0
7681816,132790,1,1,0
3345544,132791,1,1,0
558600,132792,1,0,1
628304,132793,1,1,0
878560,132794,1,1,0
2014432,132795,1,1,0
405592,132796,1,1,0
616712,132797,1,1,0
1418048,132798,1,1,0
2915696,132799,1,1,0
957048,132800,1,0,1
1754720,132801,1,1,0
364968,132802,1,1,0
2068120,132803,1,0,1
2279376,132804,1,1,0
6790664,132805,1,0,1
2623888,132806,1,0,1
5976272,132807,1,1,0
500688,132808,1,0,1
1132968,132809,1,1,0
858680,132810,1,1,0
3340600,132811,1,1,0
212208,132812,1,1,0
4484128,132813,1,0,1
5193520,132814,1,0,1
5046632,132815,1,0,1
1130472,132816,1,0,1
1385368,132817,1,1,0
930928,132818,1,1,0
1786872,132819,1,1,0
5523576,132820,1,0,1
2055128,132821,1,0,1
73400,132822,1,0,1
3559128,132823,1,0,1
2612432,132824,1,0,1
1762584,132825,1,1,0
915168,132826,1,0,1
7703472,132827,1,0,1
1056784,132828,1,0,1
4271032,132829,1,0,1
2112104,132830,1,0,1
2122000,132831,1,1,0
4768968,132832,1,0,1
3549088,132833,1,0,1
7265864,132834,1,1,0
2447016,132835,1,0,1
6509824,132836,1,1,0
1512568,132837,1,1,0
1787368,132838,1,1,0
624056,132839,1,1,0
4067592,132840,1,1,0
1409968,132841,1,0,1
2737000,132842,1,0,1
8076224,132843,1,1,0
379928,132844,1,1,0
4038392,132845,1,0,1
256792,132846,1,0,1
796040,132847,1,0,1
1865816,132848,1,1,0
4005712,132849,1,1,0
1117456,132850,1,0,1
7190096,132851,1,0,1
1689624,132852,1,0,1
1113128,132853,1,1,0
2887240,132854,1,1,0
3179200,132855,1,0,1
1858192,132856,1,0,1
2081776,132857,1,0,1
1871568,132858,1,0,1
128136,132859,1,1,0
1493272,132860,1,0,1
5207736,132861,1,1,0
4787616,132862,1,0,1
6283904,132863,1,1,0
682720,132864,1,1,0
3361768,132865,1,1,0
649064,132866,1,0,1
2600592,132867,1,1,0
4527504,132868,1,1,0
3595096,132869,1,1,0
1685888,132870,1,0,1
6969912,132871,1,0,1
426168,132872,1,0,1
2044176,132873,1,1,0
1469976,132874,1,1,0
4891240,132875,1,0,1
4613664,132876,1,1,0
698352,132877,1,1,0
446416,132878,1,0,1
1458008,132879,1,0,1
2549832,132880,1,0,1
991232,132881,1,0,1
2724032,132882,1,1,0
2655752,132883,1,0,1
7512840,132884,1,0,1
4617080,132885,1,0,1
3681952,132886,1,0,1
872560,132887,1,0,1
1091480,132888,1,1,0
113760,132889,1,1,0
465696,132890,1,0,1
6875416,132891,1,1,0
5664336,132892,1,1,0
2081944,132893,1,0,1
2028592,132894,1,0,1
4996936,132895,1,0,1
3097792,132896,1,0,1
5512816,132897,1,0,1
2053024,132898,1,0,1
851744,132899,1,1,0
1919552,132900,1,0,1
5114624,132901,1,1,0
5560320,132902,1,0,1
6658824,132903,1,1,0
594216,132904,1,0,1
1155136,132905,1,0,1
6625416,132906,1,0,1
390288,132907,1,0,1
5379936,132908,1,0,1
278128,132909,1,1,0
7352320,132910,1,0,1
407608,132911,1,1,0
4548176,132912,1,1,0
2297408,132913,1,1,0
860096,132914,1,0,1
1923784,132915,1,0,1
3104632,132916,1,0,1
3777656,132917,1,1,0
492352,132918,1,1,0
2189704,132919,1,0,1
5418064,132920,1,0,1
2330600,132921,1,0,1
2730840,132922,1,0,1
1733272,132923,1,0,1
3271096,132924,1,1,0
5302560,132925,1,0,1
1961296,132926,1,0,1
477752,132927,1,0,1
4193752,132928,1,1,0
1008184,132929,1,0,1
1615456,132930,1,0,1
7259344,132931,1,1,0
181432,132932,1,1,0
1325448,132933,1,1,0
6583000,132934,1,1,0
5177632,132935,1,0,1
6343624,132936,1,1,0
149136,132937,1,0,1
5851216,132938,1,1,0
577392,132939,1,0,1
180216,132940,1,1,0
133536,132941,1,0,1
6204568,132942,1,1,0
7667328,132943,1,1,0
2358128,132944,1,0,1
1417384,132945,1,1,0
5889152,132946,1,1,0
1785920,132947,1,1,0
359328,132948,1,1,0
3519232,132949,1,1,0
1075560,132950,1,0,1
872432,132951,1,0,1
2143168,132952,1,0,1
2240512,132953,1,0,1
3183400,132954,1,1,0
5295064,132955,1,0,1
3840712,132956,1,1,0
3140096,132957,1,1,0
891352,132958,1,0,1
2076640,132959,1,1,0
213504,132960,1,0,1
322000,132961,1,0,1
7312280,132962,1,1,0
445920,132963,1,0,1
2024264,132964,1,0,1
240840,132965,1,0,1
268880,132966,1,0,1
1891536,132967,1,0,1
1156896,132968,1,1,0
2031920,132969,1,0,1
609296,132970,1,0,1
2686592,132971,1,0,1
1370992,132972,1,0,1
1810632,132973,1,0,1
2354312,132974,1,1,0
2791832,132975,1,0,1
1198024,132976,1,1,0
1230016,132977,1,1,0
454960,132978,1,1,0
7450280,132979,1,1,0
2934784,132980,1,0,1
935096,132981,1,0,1
7684280,132982,1,1,0
587856,132983,1,1,0
968288,132984,1,1,0
3431952,132985,1,1,0
4484928,132986,1,1,0
5929144,132987,1,0,1
1853344,132988,1,0,1
1139592,132989,1,0,1
5049560,132990,1,0,1
6838576,132991,1,1,0
937552,132992,1,1,0
2525944,132993,1,0,1
363992,132994,1,1,0
5799560,132995,1,1,0
957472,132996,1,0,1
3201448,132997,1,1,0
2139112,132998,1,0,1
400976,132999,1,0,1
4510472,133000,1,0,1
2991960,133001,1,1,0
1158368,133002,1,0,1
421632,133003,1,1,0
765152,133004,1,1,0
7159032,133005,1,0,1
659656,133006,1,0,1
794352,133007,1,0,1
465888,133008,1,1,0
4842960,133009,1,0,1
6150264,133010,1,0,1
6458440,133011,1,1,0
251920,133012,1,0,1
988736,133013,1,0,1
1262144,133014,1,0,1
3072744,133015,1,0,1
1558728,133016,1,1,0
3166376,133017,1,1,0
1275752,133018,1,0,1
5213496,133019,1,1,0
3749464,133020,1,0,1
1279280,133021,1,0,1
622496,133022,1,1,0
591688,133023,1,1,0
4140576,133024,1,1,0
1213888,133025,1,0,1
5162088,133026,1,1,0
3959952,133027,1,1,0
3256272,133028,1,1,0
567768,133029,1,1,0
2521656,133030,1,0,1
1296640,133031,1,0,1
2132576,133032,1,0,1
3377200,133033,1,0,1
7614160,133034,1,0,1
1194608,133035,1,1,0
3694072,133036,1,1,0
7237864,133037,1,0,1
1673736,133038,1,0,1
1857816,133039,1,1,0
605160,133040,1,0,1
3189856,133041,1,1,0
1043208,133042,1,0,1
462040,133043,1,1,0
4274768,133044,1,0,1
5697432,133045,1,1,0
4499840,133046,1,0,1
4691320,133047,1,0,1
451720,133048,1,0,1
277304,133049,1,1,0
4676296,133050,1,0,1
3973808,133051,1,1,0
4793920,133052,1,1,0
381024,133053,1,0,1
4183952,133054,1,0,1
645608,133055,1,0,1
4632880,133056,1,1,0
4994848,133057,1,1,0
3759464,133058,1,0,1
302168,133059,1,0,1
3280192,133060,1,0,1
1369456,133061,1,0,1
359456,133062,1,0,1
763016,133063,1,1,0
3804552,133064,1,0,1
6197400,133065,1,0,1
4472304,133066,1,0,1
6930144,133067,1,1,0
2737136,133068,1,1,0
4908928,133069,1,1,0
1298984,133070,1,0,1
6179424,133071,1,1,0
4516848,133072,1,1,0
7860712,133073,1,0,1
1214560,133074,1,0,1
6630056,133075,1,1,0
654520,133076,1,0,1
976016,133077,1,1,0
1379832,133078,1,1,0
948560,133079,1,1,0
421336,133080,1,1,0
1329696,133081,1,0,1
1378448,133082,1,0,1
495376,133083,1,0,1
3418560,133084,1,1,0
2689056,133085,1,1,0
1990776,133086,1,0,1
895936,133087,1,1,0
3167952,133088,1,1,0
1467784,133089,1,0,1
3384880,133090,1,0,1
509864,133091,1,0,1
6186960,133092,1,0,1
588040,133093,1,1,0
633632,133094,1,0,1
5692416,133095,1,1,0
657120,133096,1,1,0
1209672,133097,1,1,0
3522192,133098,1,0,1
1455808,133099,1,1,0
1225352,133100,1,0,1
2324336,133101,1,1,0
3153200,133102,1,1,0
266552,133103,1,0,1
2568392,133104,1,0,1
1828616,133105,1,0,1
5210224,133106,1,1,0
4439880,133107,1,1,0
211776,133108,1,0,1
945264,133109,1,1,0
1320184,133110,1,1,0
5828928,133111,1,0,1
2902680,133112,1,1,0
1108736,133113,1,1,0
5518936,133114,1,0,1
5348296,133115,1,0,1
1274904,133116,1,1,0
3904000,133117,1,1,0
2757896,133118,1,1,0
1325368,133119,1,0,1
216728,133120,1,1,0
6939856,133121,1,0,1
3619192,133122,1,1,0
4755720,133123,1,1,0
815632,133124,1,1,0
1807712,133125,1,0,1
8065704,133126,1,0,1
7133928,133127,1,1,0
1040064,133128,1,1,0
4316240,133129,1,0,1
5475040,133130,1,0,1
2640096,133131,1,0,1
1980016,133132,1,0,1
3113336,133133,1,0,1
383648,133134,1,1,0
8056256,133135,1,0,1
412560,133136,1,1,0
2305184,133137,1,0,1
380960,133138,1,0,1
5141392,133139,1,1,0
6929744,133140,1,1,0
424376,133141,1,0,1
1859064,133142,1,0,1
4301328,133143,1,0,1
7828576,133144,1,0,1
5878632,133145,1,0,1
310824,133146,1,0,1
364816,133147,1,1,0
3015080,133148,1,0,1
5305432,133149,1,0,1
2565776,133150,1,0,1
505152,133151,1,0,1
1587848,133152,1,1,0
2628056,133153,1,1,0
1639304,133154,1,0,1
509472,133155,1,0,1
2329520,133156,1,0,1
5259808,133157,1,0,1
3815512,133158,1,0,1
2744160,133159,1,0,1
1526568,133160,1,1,0
6555432,133161,1,0,1
4209392,133162,1,0,1
415392,133163,1,1,0
230152,133164,1,0,1
1898624,133165,1,0,1
2065176,133166,1,1,0
2190592,133167,1,1,0
2227000,133168,1,1,0
1678664,133169,1,1,0
1117240,133170,1,1,0
6973528,133171,1,0,1
7337256,133172,1,0,1
6346568,133173,1,0,1
2004744,133174,1,1,0
534840,133175,1,0,1
2878512,133176,1,0,1
1671864,133177,1,1,0
556824,133178,1,0,1
8353488,133179,1,0,1
7068824,133180,1,0,1
194664,133181,1,1,0
5274496,133182,1,0,1
64616,133183,1,1,0
1138696,133184,1,0,1
437616,133185,1,1,0
394984,133186,1,1,0
7283032,133187,1,1,0
983656,133188,1,1,0
945960,133189,1,0,1
1752304,133190,1,1,0
1802176,133191,1,0,1
1796488,133192,1,0,1
5516512,133193,1,1,0
3366976,133194,1,0,1
2070896,133195,1,0,1
516232,133196,1,1,0
838272,133197,1,1,0
618000,133198,1,0,1
3485784,133199,1,0,1
8250936,133200,1,0,1
2409936,133201,1,1,0
5242592,133202,1,0,1
3714896,133203,1,1,0
2424072,133204,1,0,1
1941184,133205,1,0,1
1539304,133206,1,0,1
8074560,133207,1,1,0
2042104,133208,1,1,0
3196480,133209,1,0,1
775960,133210,1,0,1
3966432,133211,1,1,0
7315248,133212,1,1,0
2009168,133213,1,1,0
812688,133214,1,0,1
2907400,133215,1,1,0
1223296,133216,1,1,0
1761136,133217,1,1,0
8116112,133218,1,0,1
578296,133219,1,0,1
1739440,133220,1,0,1
584992,133221,1,0,1
4296400,133222,1,0,1
2525936,133223,1,1,0
2944696,133224,1,1,0
930952,133225,1,1,0
1356640,133226,1,1,0
913032,133227,1,0,1
3873120,133228,1,1,0
6216144,133229,1,0,1
1485408,133230,1,1,0
8201912,133231,1,1,0
471648,133232,1,0,1
7737784,133233,1,1,0
3654160,133234,1,1,0
701768,133235,1,0,1
4077864,133236,1,1,0
7416120,133237,1,0,1
2436144,133238,1,0,1
592432,133239,1,0,1
5013424,133240,1,0,1
1582160,133241,1,1,0
1001464,133242,1,1,0
304432,133243,1,0,1
393912,133244,1,0,1
4084432,133245,1,1,0
3243720,133246,1,0,1
935640,133247,1,1,0
6705984,133248,1,1,0
1213656,133249,1,1,0
2022728,133250,1,0,1
1808680,133251,1,0,1
626672,133252,1,0,1
2293280,133253,1,0,1
1922336,133254,1,0,1
6296776,133255,1,1,0
4698464,133256,1,0,1
1567000,133257,1,0,1
5071944,133258,1,0,1
830232,133259,1,0,1
557232,133260,1,0,1
1627048,133261,1,0,1
702168,133262,1,0,1
7189224,133263,1,1,0
430152,133264,1,0,1
6787016,133265,1,0,1
6581704,133266,1,0,1
2014976,133267,1,0,1
5483512,133268,1,0,1
1658816,133269,1,1,0
866192,133270,1,0,1
4006152,133271,1,0,1
1217808,133272,1,0,1
161544,133273,1,0,1
5368608,133274,1,1,0
720232,133275,1,1,0
1336744,133276,1,1,0
2219568,133277,1,1,0
4764304,133278,1,1,0
2234208,133279,1,1,0
179736,133280,1,1,0
726792,133281,1,0,1
3971864,133282,1,1,0
4214760,133283,1,1,0
706176,133284,1,0,1
6713472,133285,1,1,0
6304008,133286,1,1,0
593032,133287,1,1,0
6491304,133288,1,1,0
1790024,133289,1,0,1
1183936,133290,1,0,1
2882968,133291,1,0,1
1423072,133292,1,0,1
6143568,133293,1,1,0
4079896,133294,1,1,0
625752,133295,1,0,1
5550344,133296,1,0,1
2885792,133297,1,0,1
1405200,133298,1,1,0
4528552,133299,1,0,1
3518640,133300,1,1,0
4360320,133301,1,0,1
469840,133302,1,0,1
3935792,133303,1,0,1
4974912,133304,1,1,0
3190888,133305,1,1,0
4636592,133306,1,1,0
1540608,133307,1,0,1
4222120,133308,1,1,0
857992,133309,1,1,0
2210632,133310,1,0,1
204384,133311,1,0,1
7679384,133312,1,0,1
1774168,133313,1,1,0
529816,133314,1,1,0
3700704,133315,1,1,0
2143832,133316,1,1,0
3654096,133317,1,0,1
93208,133318,1,1,0
4649672,133319,1,1,0
578536,133320,1,0,1
4866832,133321,1,1,0
1365744,133322,1,1,0
5197584,133323,1,0,1
878304,133324,1,0,1
1003488,133325,1,0,1
3045632,133326,1,0,1
1176272,133327,1,1,0
3299208,133328,1,0,1
4815712,133329,1,1,0
178240,133330,1,0,1
1852072,133331,1,1,0
607992,133332,1,0,1
3200168,133333,1,1,0
4385640,133334,1,0,1
1012344,133335,1,0,1
2640240,133336,1,0,1
1342776,133337,1,1,0
465248,133338,1,1,0
1428640,133339,1,0,1
2384856,133340,1,1,0
475480,133341,1,0,1
509416,133342,1,1,0
7205536,133343,1,0,1
3038064,133344,1,1,0
502184,133345,1,0,1
5595704,133346,1,0,1
6245928,133347,1,0,1
966600,133348,1,1,0
710432,133349,1,0,1
6736336,133350,1,0,1
1386336,133351,1,1,0
5330640,133352,1,1,0
360400,133353,1,0,1
357104,133354,1,1,0
1282056,133355,1,1,0
377136,133356,1,1,0
6530544,133357,1,0,1
3561424,133358,1,0,1
3383760,133359,1,0,1
4948376,133360,1,0,1
450440,133361,1,0,1
247520,133362,1,0,1
328432,133363,1,1,0
1848136,133364,1,0,1
3888560,133365,1,1,0
2541400,133366,1,1,0
5682864,133367,1,0,1
5657968,133368,1,0,1
324696,133369,1,1,0
7857008,133370,1,1,0
6211264,133371,1,0,1
957672,133372,1,1,0
6459512,133373,1,0,1
965568,133374,1,1,0
1412104,133375,1,0,1
863160,133376,1,1,0
3183136,133377,1,1,0
372080,133378,1,0,1
483024,133379,1,0,1
873504,133380,1,1,0
4520496,133381,1,1,0
3141632,133382,1,0,1
1075768,133383,1,1,0
809080,133384,1,1,0
6622688,133385,1,0,1
497768,133386,1,0,1
622600,133387,1,1,0
4219856,133388,1,1,0
2655712,133389,1,1,0
4217576,133390,1,0,1
5499584,133391,1,1,0
608168,133392,1,1,0
5096488,133393,1,1,0
5066088,133394,1,1,0
4149616,133395,1,0,1
855832,133396,1,0,1
4469808,133397,1,0,1
1890864,133398,1,1,0
921544,133399,1,1,0
4340032,133400,1,0,1
6086200,133401,1,0,1
483856,133402,1,1,0
644736,133403,1,1,0
6162448,133404,1,0,1
1331112,133405,1,0,1
904624,133406,1,0,1
4314320,133407,1,0,1
2836544,133408,1,0,1
1908176,133409,1,1,0
1291472,133410,1,1,0
1585072,133411,1,0,1
5796880,133412,1,1,0
6335368,133413,1,0,1
6123200,133414,1,1,0
439448,133415,1,1,0
7132744,133416,1,1,0
2082360,133417,1,0,1
2598616,133418,1,0,1
815800,133419,1,0,1
6158088,133420,1,0,1
3322672,133421,1,0,1
2957176,133422,1,1,0
420432,133423,1,1,0
907680,133424,1,0,1
4678656,133425,1,0,1
3925808,133426,1,0,1
2889968,133427,1,1,0
4934160,133428,1,1,0
5344320,133429,1,0,1
1543848,133430,1,1,0
2805832,133431,1,1,0
1771344,133432,1,1,0
4811440,133433,1,0,1
444384,133434,1,0,1
3087880,133435,1,0,1
6057920,133436,1,1,0
710136,133437,1,1,0
3054592,133438,1,0,1
5725736,133439,1,1,0
556440,133440,1,0,1
471624,133441,1,0,1
4164944,133442,1,0,1
6472456,133443,1,1,0
4561600,133444,1,0,1
7674168,133445,1,0,1
5056824,133446,1,1,0
4945928,133447,1,1,0
4875992,133448,1,0,1
3387032,133449,1,0,1
2443960,133450,1,0,1
3030664,133451,1,1,0
971864,133452,1,0,1
6003688,133453,1,0,1
796192,133454,1,0,1
4027248,133455,1,1,0
7542112,133456,1,0,1
33400,133457,1,1,0
2330240,133458,1,1,0
7425616,133459,1,0,1
423648,133460,1,0,1
2181024,133461,1,1,0
6308512,133462,1,0,1
555768,133463,1,1,0
5361440,133464,1,0,1
2669016,133465,1,0,1
2167328,133466,1,1,0
4064408,133467,1,0,1
2368848,133468,1,0,1
2862744,133469,1,0,1
5821168,133470,1,1,0
602392,133471,1,1,0
1701800,133472,1,0,1
1003976,133473,1,0,1
238488,133474,1,1,0
1568920,133475,1,0,1
843584,133476,1,1,0
1512040,133477,1,1,0
3146224,133478,1,1,0
2864848,133479,1,1,0
234064,133480,1,0,1
2486472,133481,1,0,1
2199248,133482,1,1,0
5889440,133483,1,0,1
1397696,133484,1,1,0
2439200,133485,1,0,1
702952,133486,1,0,1
6698080,133487,1,1,0
5839416,133488,1,1,0
624456,133489,1,0,1
6189856,133490,1,0,1
2821112,133491,1,1,0
323040,133492,1,0,1
120008,133493,1,0,1
6562344,133494,1,1,0
2736048,133495,1,0,1
650488,133496,1,0,1
2527744,133497,1,0,1
6090344,133498,1,1,0
1032168,133499,1,0,1
976544,133500,1,1,0
3735568,133501,1,1,0
4039504,133502,1,1,0
2555672,133503,1,0,1
415352,133504,1,1,0
2926704,133505,1,0,1
1937496,133506,1,0,1
6050952,133507,1,1,0
216280,133508,1,0,1
7534976,133509,1,0,1
853960,133510,1,0,1
8004600,133511,1,1,0
1379280,133512,1,1,0
1325008,133513,1,0,1
737616,133514,1,1,0
392688,133515,1,0,1
2352168,133516,1,1,0
845560,133517,1,0,1
4030096,133518,1,0,1
890648,133519,1,1,0
1637680,133520,1,1,0
294408,133521,1,1,0
2665184,133522,1,0,1
3288248,133523,1,0,1
7946296,133524,1,1,0
3660888,133525,1,0,1
1059528,133526,1,1,0
866272,133527,1,0,1
415928,133528,1,1,0
1966120,133529,1,0,1
6715712,133530,1,0,1
4963808,133531,1,0,1
5612344,133532,1,1,0
1633896,133533,1,1,0
5347608,133534,1,0,1
472072,133535,1,1,0
5952048,133536,1,1,0
772080,133537,1,1,0
7321792,133538,1,1,0
1747824,133539,1,1,0
1409336,133540,1,0,1
2100312,133541,1,0,1
5260376,133542,1,0,1
4722200,133543,1,1,0
3504992,133544,1,0,1
1200064,133545,1,0,1
7646472,133546,1,1,0
1031320,133547,1,1,0
3569720,133548,1,1,0
1159704,133549,1,0,1
2887080,133550,1,1,0
584816,133551,1,1,0
3094576,133552,1,0,1
1583184,133553,1,0,1
128040,133554,1,1,0
5525632,133555,1,0,1
3421208,133556,1,1,0
3409640,133557,1,1,0
7745768,133558,1,0,1
5436520,133559,1,0,1
7466400,133560,1,1,0
953256,133561,1,0,1
260704,133562,1,0,1
8295048,133563,1,0,1
1133672,133564,1,1,0
303088,133565,1,1,0
6270504,133566,1,0,1
757208,133567,1,0,1
6262264,133568,1,0,1
219520,133569,1,0,1
4392048,133570,1,0,1
654472,133571,1,1,0
151672,133572,1,1,0
2218856,133573,1,1,0
903592,133574,1,1,0
3647632,133575,1,0,1
3942736,133576,1,1,0
6842776,133577,1,0,1
1290136,133578,1,1,0
214296,133579,1,0,1
4544928,133580,1,0,1
7766160,133581,1,1,0
2131736,133582,1,0,1
1349240,133583,1,1,0
1606368,133584,1,0,1
549944,133585,1,0,1
3918264,133586,1,1,0
810656,133587,1,1,0
641472,133588,1,0,1
637472,133589,1,0,1
845224,133590,1,1,0
1836304,133591,1,0,1
1743032,133592,1,1,0
2382808,133593,1,0,1
3108368,133594,1,0,1
8067552,133595,1,0,1
2969808,133596,1,1,0
6985784,133597,1,0,1
3838256,133598,1,0,1
176848,133599,1,1,0
3977104,133600,1,1,0
8383776,133601,1,1,0
3660528,133602,1,1,0
2285232,133603,1,1,0
517920,133604,1,1,0
1525248,133605,1,0,1
2675920,133606,1,1,0
5794672,133607,1,0,1
1901640,133608,1,1,0
3422208,133609,1,1,0
3270232,133610,1,1,0
264392,133611,1,1,0
8015888,133612,1,0,1
641136,133613,1,1,0
4355720,133614,1,1,0
3265256,133615,1,1,0
1202640,133616,1,0,1
7622896,133617,1,0,1
3657320,133618,1,1,0
524048,133619,1,0,1
7019248,133620,1,0,1
5130016,133621,1,1,0
879480,133622,1,1,0
2499392,133623,1,1,0
2774192,133624,1,0,1
3259792,133625,1,1,0
5664608,133626,1,0,1
2342208,133627,1,0,1
533624,133628,1,1,0
235720,133629,1,0,1
3620448,133630,1,1,0
4349752,133631,1,1,0
528040,133632,1,0,1
962072,133633,1,1,0
1463000,133634,1,1,0
7328600,133635,1,0,1
1448496,133636,1,1,0
857456,133637,1,0,1
4403264,133638,1,0,1
2023864,133639,1,1,0
4368472,133640,1,0,1
3913152,133641,1,0,1
1969352,133642,1,0,1
1603736,133643,1,0,1
2393064,133644,1,0,1
6889792,133645,1,0,1
6631296,133646,1,0,1
3289784,133647,1,0,1
1120152,133648,1,0,1
6736216,133649,1,0,1
3780336,133650,1,1,0
5709648,133651,1,0,1
402160,133652,1,0,1
2072688,133653,1,0,1
884928,133654,1,1,0
551968,133655,1,1,0
1713672,133656,1,1,0
247392,133657,1,1,0
4896960,133658,1,0,1
7160872,133659,1,1,0
3663968,133660,1,1,0
5625008,133661,1,1,0
244392,133662,1,0,1
1141480,133663,1,0,1
2517496,133664,1,1,0
754456,133665,1,0,1
7039312,133666,1,0,1
6747464,133667,1,0,1
2584584,133668,1,0,1
4319320,133669,1,0,1
2065104,133670,1,1,0
464704,133671,1,0,1
702120,133672,1,1,0
3471144,133673,1,1,0
1746424,133674,1,1,0
5483288,133675,1,0,1
5496160,133676,1,0,1
5114728,133677,1,0,1
3164664,133678,1,1,0
287792,133679,1,0,1
2184448,133680,1,0,1
3691808,133681,1,0,1
2628944,133682,1,0,1
2084216,133683,1,1,0
7651296,133684,1,0,1
2899248,133685,1,0,1
4621744,133686,1,0,1
3317920,133687,1,0,1
1823296,133688,1,1,0
4293816,133689,1,0,1
2529784,133690,1,1,0
4170344,133691,1,1,0
753248,133692,1,0,1
2026480,133693,1,1,0
1514328,133694,1,1,0
1954984,133695,1,1,0
445480,133696,1,1,0
3016816,133697,1,0,1
2857008,133698,1,0,1
4864024,133699,1,0,1
6817152,133700,1,0,1
6763064,133701,1,1,0
3088984,133702,1,1,0
4403152,133703,1,0,1
525784,133704,1,1,0
992672,133705,1,1,0
215144,133706,1,1,0
141528,133707,1,0,1
674688,133708,1,0,1
839360,133709,1,1,0
1372960,133710,1,0,1
380576,133711,1,0,1
5292712,133712,1,1,0
3259528,133713,1,0,1
1389448,133714,1,0,1
5110168,133715,1,0,1
1183136,133716,1,1,0
4084880,133717,1,1,0
4885456,133718,1,1,0
3352400,133719,1,1,0
3288424,133720,1,1,0
5221816,133721,1,1,0
5187376,133722,1,0,1
204856,133723,1,0,1
4534240,133724,1,1,0
1773176,133725,1,1,0
3127616,133726,1,1,0
4562280,133727,1,1,0
2029344,133728,1,0,1
1470376,133729,1,1,0
7935120,133730,1,1,0
5016864,133731,1,0,1
1204152,133732,1,1,0
2960104,133733,1,1,0
1463744,133734,1,1,0
5737728,133735,1,0,1
2906488,133736,1,0,1
1267696,133737,1,0,1
6724632,133738,1,0,1
1236088,133739,1,0,1
4316296,133740,1,0,1
1379608,133741,1,0,1
2694656,133742,1,1,0
5726368,133743,1,0,1
1188592,133744,1,0,1
743680,133745,1,1,0
2012568,133746,1,0,1
4766112,133747,1,0,1
3643608,133748,1,0,1
1201528,133749,1,1,0
1045776,133750,1,0,1
1029952,133751,1,0,1
2637136,133752,1,0,1
3818000,133753,1,1,0
5234880,133754,1,1,0
5159648,133755,1,0,1
703360,133756,1,0,1
1987632,133757,1,0,1
2238152,133758,1,1,0
343808,133759,1,0,1
7119768,133760,1,0,1
631968,133761,1,0,1
4114552,133762,1,1,0
6682152,133763,1,1,0
2836424,133764,1,1,0
1728240,133765,1,0,1
562304,133766,1,1,0
314368,133767,1,1,0
3448296,133768,1,1,0
1331328,133769,1,0,1
1955288,133770,1,1,0
422384,133771,1,1,0
553184,133772,1,1,0
1271632,133773,1,1,0
1948120,133774,1,1,0
4102136,133775,1,1,0
2846264,133776,1,0,1
4153264,133777,1,1,0
981256,133778,1,0,1
3199256,133779,1,0,1
743288,133780,1,0,1
6081944,133781,1,0,1
2266160,133782,1,1,0
6567744,133783,1,0,1
8212952,133784,1,0,1
3832688,133785,1,1,0
1087232,133786,1,0,1
1236632,133787,1,1,0
1459480,133788,1,0,1
4931952,133789,1,1,0
138592,133790,1,0,1
8168520,133791,1,1,0
1370352,133792,1,1,0
2630808,133793,1,1,0
3452928,133794,1,1,0
596984,133795,1,0,1
986128,133796,1,0,1
410848,133797,1,1,0
1082888,133798,1,0,1
6189128,133799,1,1,0
3234464,133800,1,1,0
1836024,133801,1,1,0
7074960,133802,1,0,1
3261992,133803,1,1,0
3552248,133804,1,0,1
5164416,133805,1,0,1
364904,133806,1,0,1
637264,133807,1,1,0
493752,133808,1,1,0
533288,133809,1,1,0
922056,133810,1,1,0
7122856,133811,1,1,0
2295696,133812,1,0,1
1843112,133813,1,1,0
609896,133814,1,1,0
7148472,133815,1,0,1
2260008,133816,1,0,1
5383816,133817,1,1,0
7677720,133818,1,0,1
8154912,133819,1,0,1
397344,133820,1,0,1
759024,133821,1,0,1
6638272,133822,1,1,0
2622640,133823,1,1,0
6589936,133824,1,0,1
6093984,133825,1,0,1
6517496,133826,1,1,0
4392000,133827,1,1,0
5875480,133828,1,0,1
7562504,133829,1,1,0
1479096,133830,1,0,1
1050344,133831,1,0,1
3032224,133832,1,0,1
5714432,133833,1,1,0
5176592,133834,1,0,1
1455872,133835,1,1,0
455432,133836,1,0,1
437256,133837,1,1,0
1543072,133838,1,0,1
3722448,133839,1,0,1
929456,133840,1,0,1
1517400,133841,1,0,1
3036784,133842,1,1,0
2489000,133843,1,1,0
629816,133844,1,1,0
3537368,133845,1,1,0
3441320,133846,1,1,0
4318256,133847,1,0,1
489992,133848,1,0,1
5285880,133849,1,0,1
4680792,133850,1,1,0
2117784,133851,1,1,0
3569952,133852,1,1,0
4484752,133853,1,0,1
1221872,133854,1,0,1
2025456,133855,1,0,1
5474984,133856,1,0,1
2151312,133857,1,0,1
2234296,133858,1,1,0
1786576,133859,1,1,0
2318480,133860,1,1,0
952856,133861,1,1,0
4459128,133862,1,1,0
1035768,133863,1,0,1
3896056,133864,1,1,0
2932984,133865,1,1,0
3798880,133866,1,0,1
6612864,133867,1,1,0
2082712,133868,1,1,0
3465696,133869,1,1,0
860776,133870,1,0,1
5476512,133871,1,0,1
2034240,133872,1,1,0
5380584,133873,1,1,0
7166272,133874,1,1,0
946144,133875,1,0,1
3845432,133876,1,1,0
1024456,133877,1,1,0
5048272,133878,1,1,0
2946760,133879,1,1,0
4306472,133880,1,1,0
6277760,133881,1,1,0
1992296,133882,1,0,1
6187952,133883,1,0,1
4600560,133884,1,1,0
384464,133885,1,1,0
1035720,133886,1,0,1
650352,133887,1,0,1
803008,133888,1,1,0
572024,133889,1,1,0
1980624,133890,1,1,0
5079536,133891,1,0,1
1813104,133892,1,1,0
713792,133893,1,1,0
4167984,133894,1,0,1
1745016,133895,1,0,1
324064,133896,1,0,1
5330280,133897,1,1,0
1841552,133898,1,1,0
1706000,133899,1,1,0
3316296,133900,1,0,1
7416184,133901,1,1,0
5740552,133902,1,1,0
636560,133903,1,1,0
1970008,133904,1,0,1
816144,133905,1,0,1
647928,133906,1,0,1
1980120,133907,1,0,1
5425648,133908,1,1,0
3124088,133909,1,0,1
2073344,133910,1,1,0
5231584,133911,1,1,0
1665096,133912,1,1,0
3549560,133913,1,1,0
380688,133914,1,1,0
4407048,133915,1,1,0
575264,133916,1,0,1
2205576,133917,1,0,1
1681704,133918,1,1,0
4147600,133919,1,1,0
3195872,133920,1,1,0
276000,133921,1,0,1
1449448,133922,1,0,1
685648,133923,1,0,1
4016064,133924,1,1,0
7970800,133925,1,0,1
1531008,133926,1,1,0
547800,133927,1,0,1
8001592,133928,1,0,1
1279896,133929,1,1,0
465504,133930,1,1,0
955920,133931,1,1,0
3313320,133932,1,0,1
5188688,133933,1,0,1
725360,133934,1,0,1
3639416,133935,1,1,0
1275336,133936,1,1,0
3627432,133937,1,0,1
3646248,133938,1,1,0
1075376,133939,1,0,1
4125264,133940,1,0,1
4069208,133941,1,0,1
5938504,133942,1,1,0
763984,133943,1,1,0
3406240,133944,1,1,0
4611592,133945,1,1,0
8273056,133946,1,1,0
2121776,133947,1,1,0
1189048,133948,1,0,1
875976,133949,1,0,1
7905656,133950,1,1,0
408728,133951,1,0,1
838792,133952,1,0,1
2267784,133953,1,1,0
352064,133954,1,1,0
188752,133955,1,1,0
1615664,133956,1,0,1
7547784,133957,1,0,1
683520,133958,1,1,0
7071824,133959,1,1,0
5539216,133960,1,1,0
6407216,133961,1,0,1
2918144,133962,1,1,0
2602576,133963,1,0,1
1149864,133964,1,0,1
7187808,133965,1,0,1
8010664,133966,1,1,0
4432848,133967,1,1,0
1264320,133968,1,1,0
609848,133969,1,1,0
3424656,133970,1,0,1
7764288,133971,1,0,1
2070720,133972,1,1,0
4256576,133973,1,1,0
321576,133974,1,1,0
1240016,133975,1,1,0
5669744,133976,1,1,0
721664,133977,1,0,1
5935704,133978,1,0,1
6318720,133979,1,0,1
263976,133980,1,1,0
6845128,133981,1,0,1
1089328,133982,1,0,1
1822864,133983,1,1,0
3564280,133984,1,1,0
4536072,133985,1,1,0
498272,133986,1,1,0
368280,133987,1,1,0
992552,133988,1,1,0
7943544,133989,1,0,1
2035344,133990,1,0,1
6444504,133991,1,0,1
1255952,133992,1,1,0
7623192,133993,1,1,0
3722360,133994,1,1,0
3342984,133995,1,1,0
1794984,133996,1,1,0
844856,133997,1,1,0
1689200,133998,1,1,0
2026400,133999,1,1,0
6184240,134000,1,0,1
5113032,134001,1,1,0
1157816,134002,1,1,0
733024,134003,1,0,1
1269576,134004,1,1,0
2749720,134005,1,0,1
922000,134006,1,1,0
5831568,134007,1,0,1
5918728,134008,1,1,0
5750864,134009,1,1,0
2098752,134010,1,1,0
983224,134011,1,1,0
464256,134012,1,0,1
5423704,134013,1,0,1
405296,134014,1,1,0
5039768,134015,1,1,0
3562864,134016,1,0,1
1791848,134017,1,0,1
4095152,134018,1,1,0
4387720,134019,1,1,0
1375728,134020,1,1,0
4920872,134021,1,1,0
2611200,134022,1,1,0
1647264,134023,1,0,1
1582712,134024,1,0,1
1880536,134025,1,1,0
1245120,134026,1,0,1
1103280,134027,1,1,0
6668048,134028,1,1,0
2200128,134029,1,1,0
5112568,134030,1,1,0
6263080,134031,1,0,1
2409096,134032,1,1,0
364640,134033,1,1,0
6382712,134034,1,0,1
2862328,134035,1,1,0
3089552,134036,1,1,0
755288,134037,1,0,1
1119640,134038,1,0,1
2859624,134039,1,1,0
1390848,134040,1,0,1
1851512,134041,1,1,0
8067416,134042,1,1,0
261976,134043,1,0,1
1895320,134044,1,1,0
1998040,134045,1,1,0
1808248,134046,1,1,0
6511464,134047,1,1,0
2015488,134048,1,1,0
5918888,134049,1,0,1
6891880,134050,1,0,1
1183616,134051,1,0,1
4678408,134052,1,1,0
984840,134053,1,0,1
1936528,134054,1,1,0
2111432,134055,1,0,1
6174040,134056,1,0,1
5087280,134057,1,1,0
5661072,134058,1,1,0
5526168,134059,1,1,0
6081064,134060,1,1,0
630056,134061,1,0,1
595504,134062,1,1,0
6709888,134063,1,1,0
1203360,134064,1,0,1
2489448,134065,1,1,0
6059744,134066,1,1,0
717680,134067,1,0,1
3025936,134068,1,1,0
3961336,134069,1,0,1
3818304,134070,1,1,0
227000,134071,1,0,1
6911816,134072,1,1,0
1652152,134073,1,0,1
3274632,134074,1,0,1
4591096,134075,1,0,1
167784,134076,1,0,1
992080,134077,1,0,1
1088496,134078,1,0,1
2640736,134079,1,0,1
1011872,134080,1,0,1
3138856,134081,1,0,1
305160,134082,1,1,0
3834280,134083,1,1,0
2625800,134084,1,1,0
2166232,134085,1,0,1
1149760,134086,1,0,1
2173752,134087,1,1,0
923656,134088,1,0,1
2344664,134089,1,1,0
475344,134090,1,0,1
2737976,134091,1,0,1
7039680,134092,1,1,0
3725800,134093,1,1,0
1584000,134094,1,1,0
1091104,134095,1,1,0
1518296,134096,1,0,1
857008,134097,1,1,0
3240008,134098,1,1,0
4334288,134099,1,0,1
1085416,134100,1,1,0
7816392,134101,1,1,0
2166992,134102,1,0,1
2102288,134103,1,0,1
2324152,134104,1,1,0
4134384,134105,1,1,0
903480,134106,1,1,0
3289808,134107,1,0,1
492296,134108,1,1,0
693248,134109,1,0,1
1321776,134110,1,0,1
2734272,134111,1,1,0
937040,134112,1,1,0
2810104,134113,1,0,1
2463600,134114,1,1,0
847568,134115,1,0,1
3158808,134116,1,1,0
3531656,134117,1,1,0
1538464,134118,1,0,1
1122880,134119,1,0,1
515728,134120,1,1,0
1664904,134121,1,1,0
1075016,134122,1,0,1
1606840,134123,1,0,1
2901824,134124,1,1,0
2792080,134125,1,1,0
694112,134126,1,0,1
6695800,134127,1,0,1
3164688,134128,1,0,1
149360,134129,1,0,1
1108456,134130,1,1,0
1256904,134131,1,1,0
636640,134132,1,1,0
411864,134133,1,1,0
691480,134134,1,1,0
3773488,134135,1,0,1
1973704,134136,1,0,1
2710584,134137,1,1,0
2347944,134138,1,1,0
925008,134139,1,1,0
929080,134140,1,0,1
2318048,134141,1,0,1
7356904,134142,1,1,0
863304,134143,1,0,1
7274768,134144,1,0,1
1298064,134145,1,0,1
310496,134146,1,1,0
333192,134147,1,0,1
2213272,134148,1,0,1
3106744,134149,1,1,0
145184,134150,1,1,0
2641936,134151,1,1,0
1641392,134152,1,0,1
1345304,134153,1,1,0
2361600,134154,1,1,0
1737528,134155,1,1,0
2129328,134156,1,0,1
3677928,134157,1,0,1
2964936,134158,1,0,1
7111488,134159,1,0,1
1573384,134160,1,0,1
721776,134161,1,0,1
1242448,134162,1,0,1
5077952,134163,1,1,0
1900344,134164,1,0,1
931272,134165,1,0,1
458000,134166,1,1,0
467856,134167,1,1,0
975720,134168,1,0,1
2162544,134169,1,1,0
2076392,134170,1,0,1
5045344,134171,1,0,1
1137576,134172,1,1,0
585368,134173,1,0,1
963824,134174,1,1,0
544912,134175,1,0,1
1983728,134176,1,1,0
7448064,134177,1,0,1
1728352,134178,1,0,1
193880,134179,1,0,1
2884528,134180,1,0,1
1665576,134181,1,0,1
2110656,134182,1,0,1
1290488,134183,1,0,1
2276104,134184,1,1,0
1856560,134185,1,0,1
1025464,134186,1,0,1
1221352,134187,1,0,1
8279136,134188,1,1,0
946648,134189,1,0,1
2066568,134190,1,0,1
1105336,134191,1,1,0
7289312,134192,1,1,0
4988992,134193,1,1,0
3997848,134194,1,1,0
6543392,134195,1,0,1
1307840,134196,1,0,1
7691816,134197,1,0,1
7257584,134198,1,1,0
1113472,134199,1,0,1
3251208,134200,1,1,0
1267416,134201,1,0,1
4285736,134202,1,0,1
3725808,134203,1,0,1
727720,134204,1,1,0
550520,134205,1,0,1
764472,134206,1,1,0
651064,134207,1,1,0
5618808,134208,1,1,0
251344,134209,1,1,0
3794800,134210,1,0,1
1252072,134211,1,0,1
4029384,134212,1,1,0
4437088,134213,1,0,1
4199384,134214,1,1,0
5463256,134215,1,0,1
647384,134216,1,0,1
2661016,134217,1,0,1
2524224,134218,1,0,1
3488704,134219,1,0,1
1452128,134220,1,0,1
663232,134221,1,0,1
193360,134222,1,0,1
2665464,134223,1,0,1
1879224,134224,1,0,1
1390544,134225,1,0,1
647552,134226,1,1,0
929640,134227,1,0,1
5490736,134228,1,1,0
878136,134229,1,1,0
5258288,134230,1,1,0
469520,134231,1,0,1
273760,134232,1,0,1
1506104,134233,1,1,0
1238624,134234,1,1,0
5726360,134235,1,0,1
685968,134236,1,1,0
989304,134237,1,0,1
1775096,134238,1,1,0
4112592,134239,1,1,0
1619000,134240,1,1,0
5248560,134241,1,0,1
1502664,134242,1,0,1
7173432,134243,1,1,0
3519616,134244,1,1,0
1194288,134245,1,0,1
907944,134246,1,0,1
1113512,134247,1,1,0
4020296,134248,1,0,1
3596504,134249,1,1,0
1832448,134250,1,0,1
1351024,134251,1,0,1
3301896,134252,1,1,0
3876208,134253,1,0,1
3214360,134254,1,0,1
2847096,134255,1,0,1
4416104,134256,1,0,1
6781568,134257,1,0,1
1602432,134258,1,1,0
2004064,134259,1,0,1
1621264,134260,1,1,0
1178112,134261,1,0,1
542472,134262,1,1,0
2787376,134263,1,0,1
1364744,134264,1,1,0
800112,134265,1,0,1
8091008,134266,1,1,0
574176,134267,1,1,0
2432192,134268,1,0,1
4419608,134269,1,0,1
471456,134270,1,1,0
3219216,134271,1,1,0
4002416,134272,1,1,0
2460056,134273,1,1,0
3119832,134274,1,0,1
148808,134275,1,0,1
2464128,134276,1,0,1
755192,134277,1,1,0
3126128,134278,1,0,1
6945120,134279,1,1,0
1541032,134280,1,0,1
395800,134281,1,1,0
7580624,134282,1,1,0
3676872,134283,1,0,1
1217032,134284,1,1,0
175528,134285,1,0,1
1264096,134286,1,1,0
8135584,134287,1,0,1
5234808,134288,1,1,0
1531128,134289,1,1,0
656224,134290,1,0,1
3928048,134291,1,0,1
1160080,134292,1,0,1
7970360,134293,1,1,0
2023136,134294,1,0,1
3872928,134295,1,1,0
108896,134296,1,0,1
1155360,134297,1,0,1
2854360,134298,1,0,1
5124896,134299,1,0,1
543528,134300,1,0,1
3235512,134301,1,1,0
168896,134302,1,1,0
4446456,134303,1,0,1
6921616,134304,1,0,1
450792,134305,1,0,1
3134592,134306,1,1,0
839240,134307,1,1,0
4338584,134308,1,1,0
549760,134309,1,1,0
1147368,134310,1,0,1
4813680,134311,1,1,0
420376,134312,1,0,1
975080,134313,1,1,0
766344,134314,1,0,1
238568,134315,1,1,0
4672416,134316,1,1,0
2462736,134317,1,1,0
500448,134318,1,0,1
1436560,134319,1,0,1
3739008,134320,1,0,1
1105040,134321,1,0,1
3506776,134322,1,1,0
4234720,134323,1,0,1
2303016,134324,1,1,0
4064224,134325,1,0,1
3223224,134326,1,1,0
964712,134327,1,1,0
1915120,134328,1,0,1
544344,134329,1,1,0
4239616,134330,1,1,0
282104,134331,1,0,1
731128,134332,1,0,1
2770856,134333,1,0,1
3944568,134334,1,0,1
2448232,134335,1,0,1
1523496,134336,1,1,0
172648,134337,1,0,1
4466184,134338,1,0,1
1091544,134339,1,0,1
2625168,134340,1,1,0
5054688,134341,1,1,0
2320536,134342,1,0,1
4983264,134343,1,1,0
6188816,134344,1,0,1
1767504,134345,1,1,0
1328784,134346,1,1,0
6856984,134347,1,1,0
7809560,134348,1,1,0
618280,134349,1,0,1
3798920,134350,1,0,1
1507232,134351,1,0,1
6176432,134352,1,1,0
294256,134353,1,0,1
3703888,134354,1,0,1
1208424,134355,1,1,0
3139800,134356,1,1,0
1247816,134357,1,0,1
7968072,134358,1,1,0
4319344,134359,1,0,1
255384,134360,1,1,0
2860896,134361,1,0,1
1445144,134362,1,0,1
383920,134363,1,0,1
960200,134364,1,0,1
5348632,134365,1,1,0
7797024,134366,1,0,1
207592,134367,1,1,0
938552,134368,1,0,1
744408,134369,1,1,0
1506880,134370,1,1,0
1540536,134371,1,0,1
875888,134372,1,0,1
7278240,134373,1,1,0
3961264,134374,1,0,1
4542368,134375,1,1,0
6904480,134376,1,0,1
306904,134377,1,1,0
1013632,134378,1,1,0
4885336,134379,1,1,0
5222512,134380,1,1,0
6233064,134381,1,0,1
8139600,134382,1,0,1
3589352,134383,1,0,1
1518792,134384,1,1,0
1779224,134385,1,0,1
3728888,134386,1,0,1
2223544,134387,1,0,1
1232128,134388,1,0,1
2358152,134389,1,1,0
2694560,134390,1,0,1
4262416,134391,1,1,0
1720888,134392,1,0,1
259248,134393,1,0,1
469048,134394,1,0,1
6523072,134395,1,0,1
2209688,134396,1,1,0
3552168,134397,1,0,1
5934376,134398,1,0,1
2131576,134399,1,0,1
1166136,134400,1,1,0
5231848,134401,1,1,0
1008320,134402,1,1,0
3785824,134403,1,1,0
4435032,134404,1,0,1
1533080,134405,1,1,0
1708080,134406,1,1,0
3720840,134407,1,0,1
4879224,134408,1,0,1
3686584,134409,1,1,0
225536,134410,1,1,0
1189240,134411,1,1,0
2997544,134412,1,1,0
6278504,134413,1,0,1
5157744,134414,1,1,0
7231120,134415,1,1,0
1244928,134416,1,1,0
1251744,134417,1,1,0
1138480,134418,1,0,1
8078896,134419,1,1,0
145272,134420,1,0,1
4198192,134421,1,1,0
3874888,134422,1,0,1
5185072,134423,1,0,1
900296,134424,1,0,1
1768224,134425,1,1,0
2043968,134426,1,0,1
7028096,134427,1,0,1
2275992,134428,1,1,0
793080,134429,1,1,0
1557488,134430,1,0,1
6192664,134431,1,1,0
3739216,134432,1,1,0
146576,134433,1,1,0
945312,134434,1,1,0
8034744,134435,1,1,0
666536,134436,1,0,1
2108272,134437,1,0,1
6884072,134438,1,0,1
683496,134439,1,0,1
445744,134440,1,0,1
735912,134441,1,1,0
3566960,134442,1,0,1
466344,134443,1,1,0
1110008,134444,1,1,0
8193488,134445,1,1,0
7440192,134446,1,0,1
2975032,134447,1,0,1
367264,134448,1,1,0
6491392,134449,1,0,1
375056,134450,1,0,1
2805808,134451,1,0,1
6082352,134452,1,0,1
2177896,134453,1,0,1
966768,134454,1,1,0
1050784,134455,1,1,0
5445440,134456,1,0,1
2024472,134457,1,1,0
1910056,134458,1,1,0
8131752,134459,1,0,1
2449976,134460,1,1,0
1863200,134461,1,1,0
4554944,134462,1,1,0
7493984,134463,1,0,1
975152,134464,1,0,1
7552336,134465,1,1,0
363776,134466,1,1,0
1230240,134467,1,1,0
487696,134468,1,0,1
3635512,134469,1,1,0
7955448,134470,1,0,1
8096872,134471,1,1,0
2630872,134472,1,1,0
6564480,134473,1,1,0
5634992,134474,1,0,1
648728,134475,1,0,1
4652960,134476,1,1,0
353176,134477,1,1,0
433568,134478,1,1,0
2512032,134479,1,1,0
7370120,134480,1,0,1
2800264,134481,1,0,1
619312,134482,1,1,0
351648,134483,1,0,1
1741656,134484,1,0,1
520320,134485,1,0,1
2352520,134486,1,1,0
5252272,134487,1,1,0
2693512,134488,1,1,0
3255968,134489,1,0,1
1297984,134490,1,0,1
1079112,134491,1,1,0
2084456,134492,1,0,1
6000624,134493,1,0,1
2069280,134494,1,1,0
689432,134495,1,1,0
3116528,134496,1,1,0
1564008,134497,1,0,1
3466224,134498,1,0,1
947520,134499,1,1,0
1615264,134500,1,0,1
762784,134501,1,0,1
4781728,134502,1,1,0
7521272,134503,1,1,0
1929488,134504,1,1,0
1374192,134505,1,0,1
818496,134506,1,1,0
1633256,134507,1,0,1
5533592,134508,1,0,1
3564496,134509,1,1,0
3065960,134510,1,1,0
3368488,134511,1,0,1
219024,134512,1,1,0
4466400,134513,1,1,0
4132368,134514,1,1,0
2720504,134515,1,1,0
1576752,134516,1,1,0
1679856,134517,1,1,0
3378912,134518,1,0,1
312320,134519,1,0,1
4131384,134520,1,1,0
3764592,134521,1,0,1
4077744,134522,1,1,0
1910168,134523,1,1,0
1783840,134524,1,0,1
5383872,134525,1,1,0
1186288,134526,1,1,0
594904,134527,1,1,0
6901720,134528,1,1,0
412768,134529,1,1,0
6446856,134530,1,0,1
211264,134531,1,1,0
1047064,134532,1,1,0
6853136,134533,1,1,0
922200,134534,1,1,0
3886936,134535,1,1,0
5274368,134536,1,1,0
6207336,134537,1,0,1
1860080,134538,1,1,0
1233224,134539,1,1,0
3965944,134540,1,1,0
3373392,134541,1,1,0
476144,134542,1,0,1
789088,134543,1,0,1
1857368,134544,1,0,1
319664,134545,1,1,0
366648,134546,1,1,0
5878024,134547,1,1,0
3295696,134548,1,0,1
2349016,134549,1,0,1
2137448,134550,1,1,0
3409944,134551,1,0,1
2268856,134552,1,1,0
1094360,134553,1,0,1
2696168,134554,1,1,0
5663664,134555,1,0,1
7614464,134556,1,1,0
349880,134557,1,0,1
6949032,134558,1,0,1
3166968,134559,1,0,1
670752,134560,1,1,0
2565848,134561,1,1,0
7078792,134562,1,0,1
1587688,134563,1,1,0
723464,134564,1,1,0
352072,134565,1,0,1
1466088,134566,1,0,1
6286032,134567,1,0,1
5863616,134568,1,1,0
6037120,134569,1,1,0
1486360,134570,1,0,1
614024,134571,1,0,1
1311888,134572,1,0,1
4816896,134573,1,1,0
1121000,134574,1,0,1
711512,134575,1,1,0
927768,134576,1,1,0
1397632,134577,1,1,0
884416,134578,1,0,1
1939688,134579,1,1,0
1266000,134580,1,0,1
1548680,134581,1,1,0
3840808,134582,1,0,1
5558024,134583,1,0,1
286816,134584,1,1,0
4117064,134585,1,0,1
7362520,134586,1,1,0
4711408,134587,1,1,0
450456,134588,1,1,0
3031472,134589,1,1,0
4049704,134590,1,1,0
1630448,134591,1,0,1
1506256,134592,1,0,1
1340728,134593,1,0,1
985472,134594,1,0,1
6512808,134595,1,1,0
4259000,134596,1,0,1
680056,134597,1,1,0
3811488,134598,1,0,1
4152776,134599,1,1,0
2678792,134600,1,1,0
173136,134601,1,0,1
1179872,134602,1,0,1
4402648,134603,1,1,0
5515624,134604,1,0,1
2242576,134605,1,1,0
560976,134606,1,1,0
5202120,134607,1,0,1
6088168,134608,1,1,0
3811752,134609,1,0,1
7201728,134610,1,1,0
1777088,134611,1,0,1
2825240,134612,1,0,1
1747264,134613,1,0,1
712328,134614,1,1,0
7705960,134615,1,0,1
3574944,134616,1,0,1
269136,134617,1,1,0
2137648,134618,1,0,1
1772584,134619,1,0,1
183504,134620,1,1,0
2906552,134621,1,0,1
4810672,134622,1,0,1
7746632,134623,1,0,1
1533840,134624,1,0,1
3287624,134625,1,1,0
252232,134626,1,0,1
3822536,134627,1,0,1
5652792,134628,1,1,0
341760,134629,1,1,0
315616,134630,1,1,0
2428280,134631,1,0,1
7360296,134632,1,0,1
2054496,134633,1,1,0
1150584,134634,1,1,0
5802360,134635,1,0,1
4262392,134636,1,0,1
1012592,134637,1,0,1
7700440,134638,1,1,0
2190576,134639,1,1,0
1476256,134640,1,1,0
2952424,134641,1,1,0
461208,134642,1,0,1
526808,134643,1,0,1
304792,134644,1,1,0
6327032,134645,1,1,0
7055848,134646,1,1,0
1169136,134647,1,1,0
4098320,134648,1,1,0
367920,134649,1,1,0
1719464,134650,1,1,0
1985824,134651,1,1,0
3813808,134652,1,1,0
313696,134653,1,0,1
1093968,134654,1,1,0
444648,134655,1,1,0
4314064,134656,1,1,0
1787560,134657,1,0,1
2824208,134658,1,1,0
594648,134659,1,1,0
539760,134660,1,0,1
5747840,134661,1,0,1
1026968,134662,1,0,1
6559136,134663,1,1,0
2040832,134664,1,1,0
2133216,134665,1,1,0
2121800,134666,1,1,0
7337680,134667,1,0,1
789120,134668,1,1,0
7903056,134669,1,1,0
1153032,134670,1,0,1
3072776,134671,1,0,1
2387032,134672,1,1,0
4817576,134673,1,1,0
1023264,134674,1,0,1
415144,134675,1,1,0
558184,134676,1,1,0
2438952,134677,1,1,0
369488,134678,1,1,0
2400696,134679,1,0,1
8085080,134680,1,1,0
6582824,134681,1,1,0
2702848,134682,1,0,1
694312,134683,1,0,1
1064944,134684,1,1,0
6597656,134685,1,1,0
3682272,134686,1,1,0
3704376,134687,1,1,0
459296,134688,1,0,1
348184,134689,1,1,0
1902160,134690,1,0,1
581328,134691,1,0,1
641464,134692,1,1,0
5870312,134693,1,0,1
3119704,134694,1,1,0
6840968,134695,1,1,0
2006984,134696,1,0,1
5548904,134697,1,1,0
5537560,134698,1,1,0
142416,134699,1,0,1
815968,134700,1,1,0
826672,134701,1,1,0
5820496,134702,1,1,0
823688,134703,1,1,0
3905544,134704,1,0,1
2328824,134705,1,1,0
4633160,134706,1,1,0
1607512,134707,1,1,0
2520792,134708,1,1,0
1895880,134709,1,1,0
1580464,134710,1,0,1
212360,134711,1,0,1
766336,134712,1,1,0
3804656,134713,1,1,0
721368,134714,1,0,1
1323720,134715,1,0,1
766576,134716,1,0,1
3112688,134717,1,0,1
2564984,134718,1,1,0
4031456,134719,1,0,1
1200160,134720,1,0,1
3836536,134721,1,0,1
7642056,134722,1,1,0
1849544,134723,1,1,0
5944696,134724,1,0,1
906360,134725,1,0,1
402528,134726,1,1,0
4273848,134727,1,0,1
5056416,134728,1,1,0
7797064,134729,1,0,1
1175608,134730,1,1,0
1676832,134731,1,1,0
1971624,134732,1,1,0
1389288,134733,1,1,0
6837488,134734,1,1,0
1583640,134735,1,1,0
5464360,134736,1,0,1
664904,134737,1,0,1
1398792,134738,1,0,1
4770760,134739,1,0,1
2360800,134740,1,1,0
3068304,134741,1,0,1
154560,134742,1,1,0
7821144,134743,1,0,1
459968,134744,1,1,0
5678824,134745,1,0,1
2278064,134746,1,1,0
1552952,134747,1,0,1
4447368,134748,1,1,0
1101832,134749,1,1,0
1591392,134750,1,1,0
393976,134751,1,1,0
239200,134752,1,0,1
5290136,134753,1,1,0
8238760,134754,1,0,1
668016,134755,1,0,1
4876536,134756,1,1,0
7842768,134757,1,1,0
612144,134758,1,1,0
1265424,134759,1,1,0
556840,134760,1,1,0
630488,134761,1,0,1
6997872,134762,1,1,0
2954184,134763,1,1,0
877256,134764,1,0,1
3928864,134765,1,0,1
6757272,134766,1,1,0
1789536,134767,1,1,0
2420576,134768,1,1,0
8160936,134769,1,1,0
4388744,134770,1,1,0
1030992,134771,1,1,0
1950520,134772,1,0,1
3822072,134773,1,0,1
1904864,134774,1,0,1
1433368,134775,1,0,1
1270176,134776,1,1,0
2517432,134777,1,1,0
5912216,134778,1,0,1
1980208,134779,1,1,0
3144984,134780,1,1,0
2164128,134781,1,1,0
1190296,134782,1,0,1
492536,134783,1,0,1
4539912,134784,1,1,0
7513784,134785,1,0,1
4658160,134786,1,0,1
401008,134787,1,1,0
602224,134788,1,1,0
1445848,134789,1,1,0
1791688,134790,1,0,1
4883256,134791,1,1,0
1367856,134792,1,1,0
4405232,134793,1,1,0
1834048,134794,1,1,0
982880,134795,1,0,1
6444112,134796,1,1,0
2472344,134797,1,1,0
560080,134798,1,0,1
923976,134799,1,1,0
1066600,134800,1,0,1
482056,134801,1,1,0
1670752,134802,1,1,0
7800328,134803,1,0,1
1830904,134804,1,1,0
820840,134805,1,1,0
450680,134806,1,0,1
454408,134807,1,0,1
1934832,134808,1,1,0
8138592,134809,1,1,0
1341728,134810,1,0,1
1837832,134811,1,1,0
5730576,134812,1,0,1
1971368,134813,1,0,1
3881248,134814,1,0,1
3024528,134815,1,0,1
1713600,134816,1,0,1
5247656,134817,1,1,0
3714224,134818,1,0,1
3458632,134819,1,0,1
1234912,134820,1,1,0
3031600,134821,1,1,0
920616,134822,1,1,0
349280,134823,1,1,0
165248,134824,1,1,0
331400,134825,1,1,0
6978360,134826,1,1,0
5860968,134827,1,1,0
237296,134828,1,1,0
1196216,134829,1,1,0
7062392,134830,1,0,1
2698776,134831,1,1,0
747448,134832,1,1,0
2385224,134833,1,0,1
4149448,134834,1,1,0
2515480,134835,1,1,0
2724096,134836,1,0,1
2649136,134837,1,1,0
3642472,134838,1,0,1
5434496,134839,1,1,0
5388336,134840,1,1,0
631160,134841,1,0,1
5255240,134842,1,1,0
4422984,134843,1,1,0
501072,134844,1,1,0
1270752,134845,1,1,0
6734600,134846,1,1,0
1967496,134847,1,0,1
455080,134848,1,0,1
849752,134849,1,1,0
7744944,134850,1,1,0
5719712,134851,1,0,1
4501448,134852,1,1,0
1047360,134853,1,0,1
7058176,134854,1,0,1
730360,134855,1,1,0
3789384,134856,1,1,0
1436176,134857,1,0,1
2338984,134858,1,1,0
3582832,134859,1,0,1
1936904,134860,1,0,1
558352,134861,1,1,0
1218448,134862,1,0,1
4153904,134863,1,1,0
6270432,134864,1,0,1
594920,134865,1,1,0
1313240,134866,1,0,1
6260528,134867,1,1,0
2903528,134868,1,1,0
347336,134869,1,0,1
1005176,134870,1,0,1
849928,134871,1,0,1
2666640,134872,1,1,0
5628776,134873,1,1,0
4219376,134874,1,1,0
289056,134875,1,1,0
4547008,134876,1,0,1
1079544,134877,1,1,0
4108408,134878,1,0,1
448360,134879,1,0,1
3857808,134880,1,1,0
4525992,134881,1,1,0
6530736,134882,1,0,1
361656,134883,1,1,0
964160,134884,1,0,1
4945152,134885,1,1,0
6801400,134886,1,1,0
7564928,134887,1,1,0
838072,134888,1,1,0
1543520,134889,1,0,1
2430904,134890,1,1,0
1590512,134891,1,0,1
2230928,134892,1,0,1
1705168,134893,1,0,1
7944664,134894,1,0,1
4022704,134895,1,1,0
4931888,134896,1,1,0
446736,134897,1,1,0
1064136,134898,1,1,0
3376496,134899,1,0,1
1300336,134900,1,0,1
265296,134901,1,0,1
1672360,134902,1,0,1
493824,134903,1,1,0
1396192,134904,1,0,1
3468896,134905,1,1,0
7161808,134906,1,1,0
1795600,134907,1,1,0
2375760,134908,1,0,1
5238376,134909,1,1,0
7180696,134910,1,1,0
4504144,134911,1,0,1
1883608,134912,1,0,1
4059576,134913,1,0,1
4974504,134914,1,0,1
122128,134915,1,1,0
741880,134916,1,1,0
1060200,134917,1,0,1
3176376,134918,1,1,0
1927208,134919,1,0,1
1571408,134920,1,0,1
4834104,134921,1,1,0
1812976,134922,1,0,1
4932512,134923,1,0,1
6819088,134924,1,1,0
271104,134925,1,0,1
2972632,134926,1,0,1
510960,134927,1,1,0
5775640,134928,1,0,1
4912856,134929,1,1,0
458608,134930,1,0,1
7208984,134931,1,0,1
1136952,134932,1,1,0
1986344,134933,1,1,0
124528,134934,1,1,0
207832,134935,1,1,0
3099616,134936,1,0,1
415656,134937,1,0,1
1776464,134938,1,1,0
3724240,134939,1,0,1
320848,134940,1,1,0
4565272,134941,1,0,1
353704,134942,1,0,1
3895552,134943,1,1,0
1467448,134944,1,0,1
4195416,134945,1,1,0
5414184,134946,1,1,0
1679960,134947,1,1,0
5880888,134948,1,1,0
1134432,134949,1,1,0
1673168,134950,1,0,1
4857240,134951,1,0,1
675816,134952,1,1,0
5196520,134953,1,1,0
399368,134954,1,1,0
1095928,134955,1,0,1
2323856,134956,1,1,0
2425256,134957,1,1,0
1783248,134958,1,0,1
1761024,134959,1,0,1
5647600,134960,1,1,0
5070680,134961,1,1,0
204224,134962,1,0,1
7646144,134963,1,0,1
534632,134964,1,0,1
950672,134965,1,0,1
829928,134966,1,0,1
2894904,134967,1,0,1
4858976,134968,1,1,0
4111120,134969,1,0,1
8319912,134970,1,0,1
4471472,134971,1,0,1
6230792,134972,1,0,1
1242520,134973,1,0,1
2886464,134974,1,0,1
1239344,134975,1,0,1
1704392,134976,1,1,0
1320368,134977,1,0,1
8035248,134978,1,0,1
1373936,134979,1,1,0
2261208,134980,1,0,1
7730624,134981,1,1,0
3120704,134982,1,0,1
1080424,134983,1,0,1
2593048,134984,1,0,1
1362400,134985,1,1,0
5051544,134986,1,1,0
4567520,134987,1,1,0
6025856,134988,1,0,1
2902496,134989,1,1,0
3463112,134990,1,0,1
5492104,134991,1,0,1
1057736,134992,1,1,0
2389120,134993,1,1,0
4247768,134994,1,1,0
5716296,134995,1,1,0
221888,134996,1,1,0
421864,134997,1,1,0
3208280,134998,1,1,0
6594376,134999,1,0,1
2164040,135000,1,0,1
3830024,135001,1,1,0
663616,135002,1,0,1
6335384,135003,1,0,1
324440,135004,1,0,1
2425736,135005,1,0,1
1416608,135006,1,1,0
4597432,135007,1,1,0
2764144,135008,1,0,1
872720,135009,1,0,1
1252416,135010,1,1,0
6809032,135011,1,1,0
3834752,135012,1,0,1
704984,135013,1,0,1
501256,135014,1,0,1
2340400,135015,1,0,1
860800,135016,1,1,0
1227768,135017,1,0,1
8306528,135018,1,0,1
3825472,135019,1,0,1
743568,135020,1,1,0
662984,135021,1,0,1
4050088,135022,1,1,0
1492784,135023,1,1,0
3499896,135024,1,0,1
6246992,135025,1,0,1
728520,135026,1,1,0
4998272,135027,1,0,1
6405920,135028,1,0,1
3779024,135029,1,0,1
7787608,135030,1,0,1
2477728,135031,1,0,1
2787400,135032,1,0,1
5077472,135033,1,1,0
2080064,135034,1,1,0
2135392,135035,1,1,0
5512192,135036,1,0,1
892176,135037,1,1,0
468552,135038,1,1,0
253736,135039,1,0,1
4569176,135040,1,0,1
3435912,135041,1,0,1
1045848,135042,1,0,1
1556816,135043,1,1,0
3618600,135044,1,0,1
8286304,135045,1,1,0
2170392,135046,1,0,1
1286344,135047,1,0,1
444472,135048,1,1,0
275920,135049,1,0,1
6907088,135050,1,1,0
435128,135051,1,1,0
6336216,135052,1,0,1
3357328,135053,1,1,0
3794400,135054,1,0,1
2423200,135055,1,1,0
1608136,135056,1,1,0
997376,135057,1,1,0
1780480,135058,1,0,1
1428600,135059,1,0,1
6979824,135060,1,0,1
5034392,135061,1,1,0
3680608,135062,1,1,0
5921848,135063,1,1,0
1440336,135064,1,0,1
1831288,135065,1,0,1
7681928,135066,1,0,1
1952232,135067,1,0,1
426184,135068,1,0,1
6070264,135069,1,0,1
6351576,135070,1,0,1
534184,135071,1,1,0
6207544,135072,1,0,1
1267064,135073,1,1,0
8115736,135074,1,0,1
6229528,135075,1,0,1
5831376,135076,1,1,0
976064,135077,1,1,0
1022104,135078,1,1,0
3673080,135079,1,1,0
1692608,135080,1,1,0
7715432,135081,1,1,0
4347176,135082,1,1,0
2304520,135083,1,0,1
612912,135084,1,0,1
1893352,135085,1,1,0
3672080,135086,1,0,1
4239936,135087,1,1,0
3116032,135088,1,1,0
5135672,135089,1,1,0
4083848,135090,1,0,1
5001944,135091,1,1,0
3867144,135092,1,1,0
2507000,135093,1,1,0
2803760,135094,1,0,1
3452376,135095,1,0,1
1178648,135096,1,1,0
5466032,135097,1,1,0
917064,135098,1,1,0
8274456,135099,1,0,1
1169768,135100,1,1,0
1979568,135101,1,0,1
7601128,135102,1,0,1
1010856,135103,1,1,0
231072,135104,1,1,0
4080240,135105,1,0,1
1806648,135106,1,0,1
3635072,135107,1,1,0
727280,135108,1,1,0
2265216,135109,1,0,1
1927520,135110,1,0,1
1271224,135111,1,0,1
2029640,135112,1,0,1
161080,135113,1,1,0
491552,135114,1,1,0
2522264,135115,1,1,0
1377304,135116,1,0,1
2353064,135117,1,0,1
2260576,135118,1,0,1
3509624,135119,1,1,0
6376304,135120,1,0,1
197456,135121,1,0,1
1757464,135122,1,0,1
1108120,135123,1,1,0
1300176,135124,1,0,1
117304,135125,1,0,1
3386880,135126,1,1,0
6781376,135127,1,1,0
1189640,135128,1,0,1
730712,135129,1,0,1
374920,135130,1,1,0
1396056,135131,1,0,1
793712,135132,1,1,0
290888,135133,1,0,1
503016,135134,1,0,1
757048,135135,1,1,0
7289720,135136,1,1,0
443880,135137,1,1,0
3044120,135138,1,1,0
273688,135139,1,0,1
2340704,135140,1,1,0
5160256,135141,1,1,0
466584,135142,1,0,1
6112256,135143,1,1,0
2606464,135144,1,0,1
726360,135145,1,0,1
454440,135146,1,0,1
1801816,135147,1,0,1
4464768,135148,1,1,0
6107688,135149,1,1,0
391600,135150,1,1,0
1354328,135151,1,1,0
3033256,135152,1,0,1
629288,135153,1,1,0
5781272,135154,1,0,1
1756048,135155,1,0,1
3132448,135156,1,0,1
2930528,135157,1,1,0
479592,135158,1,1,0
225112,135159,1,1,0
1592696,135160,1,1,0
1991448,135161,1,1,0
7662168,135162,1,1,0
2215360,135163,1,1,0
619304,135164,1,1,0
1138824,135165,1,1,0
6617288,135166,1,0,1
6093592,135167,1,0,1
2824496,135168,1,0,1
1169360,135169,1,0,1
1768008,135170,1,1,0
871088,135171,1,0,1
7627704,135172,1,1,0
4731720,135173,1,1,0
5417088,135174,1,1,0
1546088,135175,1,1,0
1000944,135176,1,0,1
5123384,135177,1,0,1
819504,135178,1,0,1
525568,135179,1,0,1
1706504,135180,1,0,1
299464,135181,1,1,0
7211888,135182,1,0,1
1931376,135183,1,0,1
4729384,135184,1,1,0
5020536,135185,1,0,1
2683424,135186,1,1,0
3984240,135187,1,1,0
1227336,135188,1,0,1
966040,135189,1,1,0
256648,135190,1,1,0
1681240,135191,1,1,0
1888736,135192,1,1,0
5286672,135193,1,1,0
7960160,135194,1,1,0
2096152,135195,1,0,1
7287944,135196,1,1,0
3026768,135197,1,0,1
6315944,135198,1,1,0
851736,135199,1,0,1
660152,135200,1,1,0
8178640,135201,1,0,1
138920,135202,1,1,0
7552800,135203,1,0,1
8348624,135204,1,0,1
2973608,135205,1,0,1
679856,135206,1,1,0
1760248,135207,1,0,1
726864,135208,1,0,1
963720,135209,1,0,1
1222016,135210,1,1,0
1523280,135211,1,0,1
2552288,135212,1,1,0
816272,135213,1,0,1
1545088,135214,1,0,1
3799024,135215,1,1,0
3215104,135216,1,0,1
469128,135217,1,1,0
8259152,135218,1,1,0
552568,135219,1,1,0
7549936,135220,1,0,1
2431448,135221,1,1,0
759208,135222,1,0,1
4502288,135223,1,0,1
1277176,135224,1,0,1
6926264,135225,1,1,0
4785560,135226,1,1,0
3293584,135227,1,1,0
6915360,135228,1,1,0
1078528,135229,1,0,1
1474880,135230,1,1,0
726416,135231,1,1,0
6454704,135232,1,1,0
7269416,135233,1,0,1
2011744,135234,1,0,1
598584,135235,1,1,0
249832,135236,1,0,1
1133840,135237,1,1,0
486400,135238,1,1,0
4952584,135239,1,0,1
1961704,135240,1,1,0
595696,135241,1,0,1
2124200,135242,1,0,1
6529872,135243,1,1,0
2426928,135244,1,1,0
1176992,135245,1,1,0
3190272,135246,1,0,1
4174184,135247,1,1,0
573160,135248,1,0,1
706216,135249,1,1,0
3795288,135250,1,1,0
1149008,135251,1,0,1
3260464,135252,1,1,0
4058648,135253,1,0,1
2234800,135254,1,1,0
6949744,135255,1,1,0
7462448,135256,1,0,1
6890592,135257,1,1,0
5264816,135258,1,1,0
1960160,135259,1,0,1
4894528,135260,1,0,1
1234440,135261,1,1,0
929392,135262,1,0,1
3170616,135263,1,1,0
968416,135264,1,1,0
4343168,135265,1,1,0
4643928,135266,1,1,0
5174568,135267,1,1,0
1669304,135268,1,0,1
1125712,135269,1,0,1
2116456,135270,1,1,0
2106792,135271,1,0,1
606160,135272,1,0,1
6227456,135273,1,1,0
2298664,135274,1,1,0
837048,135275,1,0,1
1793576,135276,1,1,0
1969056,135277,1,0,1
1086728,135278,1,1,0
1737200,135279,1,1,0
2314704,135280,1,0,1
2180272,135281,1,1,0
337104,135282,1,1,0
1602528,135283,1,1,0
3901376,135284,1,1,0
6805456,135285,1,0,1
4590016,135286,1,1,0
2155312,135287,1,0,1
5989768,135288,1,1,0
2605120,135289,1,1,0
829304,135290,1,1,0
7239616,135291,1,1,0
5008008,135292,1,0,1
6423064,135293,1,1,0
802992,135294,1,1,0
683192,135295,1,1,0
2015112,135296,1,0,1
1307128,135297,1,1,0
4580216,135298,1,1,0
236160,135299,1,1,0
1362688,135300,1,0,1
936392,135301,1,1,0
551432,135302,1,0,1
7560672,135303,1,0,1
733928,135304,1,1,0
7362504,135305,1,0,1
4758144,135306,1,1,0
708864,135307,1,0,1
1777328,135308,1,1,0
3199640,135309,1,0,1
1113800,135310,1,1,0
2285352,135311,1,0,1
793952,135312,1,1,0
6253528,135313,1,1,0
5781912,135314,1,0,1
7974664,135315,1,1,0
977264,135316,1,0,1
8178168,135317,1,1,0
357968,135318,1,0,1
5102896,135319,1,0,1
3197520,135320,1,1,0
426088,135321,1,1,0
1146576,135322,1,1,0
2886640,135323,1,1,0
6974624,135324,1,1,0
4911936,135325,1,1,0
2139088,135326,1,1,0
1812928,135327,1,0,1
7061520,135328,1,0,1
969104,135329,1,0,1
5314504,135330,1,1,0
617288,135331,1,1,0
5063056,135332,1,0,1
1450592,135333,1,1,0
1368872,135334,1,0,1
2406072,135335,1,1,0
8014152,135336,1,1,0
5899192,135337,1,0,1
1419768,135338,1,0,1
1605320,135339,1,0,1
4963976,135340,1,1,0
1310928,135341,1,1,0
1162640,135342,1,0,1
741168,135343,1,1,0
2526536,135344,1,1,0
839672,135345,1,0,1
2921640,135346,1,0,1
4913872,135347,1,0,1
7346232,135348,1,0,1
1375424,135349,1,1,0
1013576,135350,1,0,1
1798712,135351,1,1,0
1794536,135352,1,0,1
3889832,135353,1,0,1
938464,135354,1,0,1
1473528,135355,1,0,1
1244664,135356,1,0,1
1466048,135357,1,0,1
236544,135358,1,1,0
1738912,135359,1,0,1
1081944,135360,1,1,0
4101824,135361,1,1,0
1287288,135362,1,1,0
2799288,135363,1,0,1
1799488,135364,1,1,0
7033464,135365,1,0,1
731384,135366,1,1,0
485144,135367,1,1,0
2879496,135368,1,0,1
1337856,135369,1,0,1
2435808,135370,1,0,1
5253728,135371,1,1,0
6609344,135372,1,1,0
4930384,135373,1,1,0
1297728,135374,1,1,0
3414880,135375,1,1,0
4357672,135376,1,1,0
697184,135377,1,1,0
1408256,135378,1,1,0
1628448,135379,1,1,0
2153416,135380,1,1,0
4507024,135381,1,1,0
170496,135382,1,0,1
2096416,135383,1,1,0
739960,135384,1,0,1
1147808,135385,1,1,0
4597976,135386,1,0,1
7065584,135387,1,1,0
4428856,135388,1,1,0
4936528,135389,1,0,1
4034232,135390,1,0,1
3463368,135391,1,1,0
4754080,135392,1,0,1
6551456,135393,1,1,0
2928432,135394,1,0,1
1628072,135395,1,0,1
1206232,135396,1,1,0
5796408,135397,1,1,0
3581448,135398,1,1,0
1025592,135399,1,1,0
2530144,135400,1,1,0
1229624,135401,1,1,0
416192,135402,1,1,0
4507624,135403,1,1,0
3053664,135404,1,1,0
2300168,135405,1,1,0
899304,135406,1,0,1
6913384,135407,1,1,0
5342992,135408,1,1,0
769272,135409,1,1,0
312896,135410,1,0,1
7988440,135411,1,1,0
3086752,135412,1,1,0
1776232,135413,1,1,0
248664,135414,1,1,0
444192,135415,1,1,0
8346136,135416,1,0,1
3842960,135417,1,1,0
2130928,135418,1,0,1
7147864,135419,1,1,0
7991680,135420,1,0,1
4165072,135421,1,0,1
3504664,135422,1,0,1
5602368,135423,1,1,0
1076160,135424,1,1,0
5213376,135425,1,1,0
4934144,135426,1,0,1
3161136,135427,1,0,1
3096032,135428,1,0,1
1021480,135429,1,1,0
395640,135430,1,0,1
2755752,135431,1,1,0
3526776,135432,1,0,1
857848,135433,1,1,0
5177584,135434,1,0,1
767616,135435,1,1,0
4344624,135436,1,0,1
1135480,135437,1,1,0
7109496,135438,1,1,0
2903352,135439,1,0,1
955424,135440,1,1,0
5002288,135441,1,1,0
5408880,135442,1,1,0
487664,135443,1,1,0
2984032,135444,1,1,0
1403296,135445,1,0,1
3222848,135446,1,0,1
2250736,135447,1,1,0
1334984,135448,1,0,1
8285592,135449,1,1,0
1858432,135450,1,0,1
356864,135451,1,0,1
3613272,135452,1,1,0
371192,135453,1,1,0
5135408,135454,1,1,0
2269808,135455,1,1,0
4916736,135456,1,0,1
681080,135457,1,0,1
5571152,135458,1,0,1
6808760,135459,1,1,0
747232,135460,1,1,0
1293920,135461,1,0,1
2905528,135462,1,1,0
2900568,135463,1,1,0
2239280,135464,1,0,1
568480,135465,1,1,0
167592,135466,1,0,1
7538320,135467,1,1,0
3607344,135468,1,0,1
2030984,135469,1,0,1
1670976,135470,1,0,1
1225632,135471,1,1,0
487744,135472,1,1,0
3676128,135473,1,0,1
5867208,135474,1,0,1
7017984,135475,1,1,0
626376,135476,1,1,0
847872,135477,1,0,1
2167336,135478,1,1,0
4408872,135479,1,1,0
2438536,135480,1,1,0
381936,135481,1,0,1
1050016,135482,1,1,0
3201816,135483,1,1,0
2005096,135484,1,0,1
658824,135485,1,0,1
728856,135486,1,0,1
5194408,135487,1,0,1
2950000,135488,1,0,1
576600,135489,1,0,1
2356368,135490,1,0,1
3443224,135491,1,0,1
4380784,135492,1,1,0
1966048,135493,1,1,0
7923592,135494,1,0,1
931416,135495,1,1,0
4944952,135496,1,0,1
8059192,135497,1,0,1
4996160,135498,1,0,1
890368,135499,1,1,0
1184248,135500,1,0,1
4532240,135501,1,0,1
1233112,135502,1,1,0
3452792,135503,1,1,0
575368,135504,1,0,1
4023632,135505,1,1,0
1781032,135506,1,1,0
245424,135507,1,0,1
219456,135508,1,1,0
7688424,135509,1,0,1
7023432,135510,1,1,0
1306088,135511,1,0,1
4049856,135512,1,1,0
884768,135513,1,0,1
3645208,135514,1,0,1
1265736,135515,1,0,1
1371920,135516,1,1,0
459728,135517,1,1,0
5519568,135518,1,1,0
5973568,135519,1,0,1
314952,135520,1,1,0
4457528,135521,1,0,1
5593960,135522,1,1,0
740472,135523,1,0,1
4186584,135524,1,0,1
614176,135525,1,1,0
2314472,135526,1,1,0
2160632,135527,1,1,0
823016,135528,1,0,1
4309296,135529,1,1,0
831312,135530,1,1,0
730072,135531,1,0,1
2462400,135532,1,0,1
3828608,135533,1,0,1
7625128,135534,1,1,0
4237528,135535,1,1,0
1839392,135536,1,0,1
3844056,135537,1,0,1
1037816,135538,1,0,1
6431440,135539,1,0,1
6647352,135540,1,0,1
5184552,135541,1,0,1
313200,135542,1,1,0
739552,135543,1,1,0
6019624,135544,1,0,1
1824224,135545,1,0,1
895800,135546,1,0,1
2418080,135547,1,0,1
2711920,135548,1,1,0
4632528,135549,1,0,1
2622096,135550,1,0,1
6149832,135551,1,0,1
745992,135552,1,0,1
673728,135553,1,0,1
1485752,135554,1,0,1
202712,135555,1,1,0
4932408,135556,1,0,1
367376,135557,1,1,0
268168,135558,1,1,0
5458184,135559,1,0,1
7789600,135560,1,1,0
3585368,135561,1,1,0
5024992,135562,1,1,0
6252608,135563,1,0,1
4970960,135564,1,0,1
4088312,135565,1,1,0
4816784,135566,1,0,1
3339368,135567,1,0,1
4666344,135568,1,1,0
886696,135569,1,0,1
3751216,135570,1,0,1
7176952,135571,1,0,1
2682584,135572,1,1,0
843096,135573,1,1,0
3707376,135574,1,0,1
1067088,135575,1,0,1
3567776,135576,1,1,0
940328,135577,1,1,0
740232,135578,1,0,1
5125744,135579,1,1,0
1549352,135580,1,1,0
390440,135581,1,0,1
2350464,135582,1,0,1
353624,135583,1,1,0
6041616,135584,1,0,1
5706096,135585,1,1,0
2481232,135586,1,1,0
4232824,135587,1,1,0
3838080,135588,1,0,1
197888,135589,1,1,0
4321680,135590,1,0,1
734112,135591,1,0,1
168264,135592,1,0,1
1379792,135593,1,1,0
1131344,135594,1,1,0
1384976,135595,1,0,1
5699712,135596,1,1,0
2103408,135597,1,1,0
2458504,135598,1,0,1
396824,135599,1,0,1
604336,135600,1,1,0
305072,135601,1,1,0
4343424,135602,1,0,1
1813128,135603,1,1,0
443944,135604,1,1,0
1490408,135605,1,0,1
6456416,135606,1,1,0
5210384,135607,1,0,1
4000272,135608,1,0,1
998528,135609,1,0,1
1193024,135610,1,1,0
2394240,135611,1,0,1
4470200,135612,1,1,0
2755112,135613,1,0,1
2593744,135614,1,1,0
5166152,135615,1,1,0
4257752,135616,1,0,1
924864,135617,1,0,1
633448,135618,1,1,0
3518104,135619,1,1,0
1201784,135620,1,1,0
4950392,135621,1,1,0
5369696,135622,1,0,1
669952,135623,1,1,0
7599200,135624,1,1,0
456360,135625,1,0,1
3119800,135626,1,0,1
5622744,135627,1,1,0
6755152,135628,1,1,0
5971400,135629,1,0,1
4328048,135630,1,1,0
965272,135631,1,1,0
4519048,135632,1,1,0
1191240,135633,1,1,0
4655656,135634,1,0,1
263536,135635,1,0,1
968896,135636,1,0,1
2292824,135637,1,0,1
1536528,135638,1,1,0
1480240,135639,1,1,0
6749016,135640,1,1,0
1060376,135641,1,1,0
2352120,135642,1,1,0
766728,135643,1,0,1
2187864,135644,1,0,1
5547512,135645,1,0,1
549880,135646,1,0,1
862704,135647,1,0,1
4345984,135648,1,1,0
773784,135649,1,0,1
547568,135650,1,0,1
1005768,135651,1,0,1
2774416,135652,1,1,0
575160,135653,1,1,0
2381048,135654,1,1,0
2393984,135655,1,0,1
8129448,135656,1,0,1
3242784,135657,1,1,0
2325272,135658,1,0,1
868648,135659,1,1,0
569552,135660,1,0,1
2090208,135661,1,0,1
2981112,135662,1,0,1
8023072,135663,1,0,1
608992,135664,1,0,1
2605912,135665,1,0,1
8330344,135666,1,0,1
2273088,135667,1,1,0
3557488,135668,1,0,1
1140984,135669,1,1,0
4387920,135670,1,1,0
1618968,135671,1,0,1
265824,135672,1,1,0
1522040,135673,1,1,0
263600,135674,1,0,1
1701360,135675,1,1,0
7804112,135676,1,0,1
2321544,135677,1,1,0
1320360,135678,1,0,1
2501416,135679,1,0,1
244600,135680,1,1,0
2375120,135681,1,1,0
1136608,135682,1,1,0
2111144,135683,1,1,0
7653728,135684,1,1,0
443064,135685,1,0,1
5529240,135686,1,0,1
3698632,135687,1,0,1
797896,135688,1,1,0
6139968,135689,1,1,0
5075496,135690,1,0,1
1350192,135691,1,1,0
1024096,135692,1,0,1
1621456,135693,1,0,1
2706448,135694,1,1,0
4703296,135695,1,1,0
7292440,135696,1,1,0
1815552,135697,1,0,1
1937424,135698,1,0,1
1549304,135699,1,1,0
220728,135700,1,1,0
2205552,135701,1,0,1
1217168,135702,1,1,0
525888,135703,1,0,1
3121960,135704,1,1,0
3515488,135705,1,0,1
3282144,135706,1,0,1
1306056,135707,1,1,0
2334912,135708,1,1,0
6446192,135709,1,1,0
7016312,135710,1,0,1
7390248,135711,1,0,1
1601016,135712,1,1,0
2631728,135713,1,1,0
1034752,135714,1,1,0
7015520,135715,1,1,0
7283832,135716,1,0,1
2008840,135717,1,1,0
4897312,135718,1,0,1
1656592,135719,1,1,0
4472000,135720,1,1,0
195248,135721,1,0,1
1724416,135722,1,1,0
1324960,135723,1,1,0
249048,135724,1,1,0
1178920,135725,1,0,1
477336,135726,1,1,0
7605824,135727,1,0,1
4631712,135728,1,1,0
661680,135729,1,1,0
3791928,135730,1,0,1
1853032,135731,1,0,1
1015904,135732,1,1,0
5108008,135733,1,1,0
2736680,135734,1,0,1
188496,135735,1,1,0
7226136,135736,1,0,1
2820416,135737,1,0,1
4817312,135738,1,0,1
1180160,135739,1,1,0
3285208,135740,1,1,0
1815288,135741,1,0,1
368048,135742,1,1,0
3556048,135743,1,0,1
3717480,135744,1,0,1
6130400,135745,1,0,1
4158032,135746,1,1,0
6626320,135747,1,0,1
7381200,135748,1,1,0
632080,135749,1,1,0
7467552,135750,1,0,1
149584,135751,1,1,0
1842208,135752,1,1,0
5795896,135753,1,0,1
284856,135754,1,1,0
3950400,135755,1,1,0
3808944,135756,1,1,0
157784,135757,1,0,1
1191064,135758,1,0,1
1009552,135759,1,0,1
2469112,135760,1,1,0
7320368,135761,1,0,1
1089640,135762,1,1,0
2617112,135763,1,1,0
164944,135764,1,1,0
1896264,135765,1,1,0
2539136,135766,1,0,1
1666536,135767,1,0,1
1038760,135768,1,1,0
2452160,135769,1,1,0
6648696,135770,1,1,0
6759608,135771,1,1,0
108384,135772,1,1,0
4428464,135773,1,0,1
748312,135774,1,0,1
3719064,135775,1,0,1
1720384,135776,1,0,1
7262632,135777,1,0,1
2393472,135778,1,0,1
1326840,135779,1,0,1
3204264,135780,1,0,1
4665504,135781,1,0,1
2728328,135782,1,1,0
2223880,135783,1,1,0
8006704,135784,1,1,0
577832,135785,1,1,0
6946304,135786,1,1,0
2719216,135787,1,1,0
411712,135788,1,1,0
545096,135789,1,1,0
6774088,135790,1,1,0
2686152,135791,1,1,0
916776,135792,1,1,0
171072,135793,1,0,1
5122232,135794,1,1,0
2916728,135795,1,1,0
537600,135796,1,0,1
1138608,135797,1,1,0
4657800,135798,1,1,0
6932488,135799,1,0,1
3467888,135800,1,1,0
315136,135801,1,1,0
1538056,135802,1,1,0
4916808,135803,1,1,0
3524264,135804,1,0,1
5255752,135805,1,0,1
1982896,135806,1,0,1
5277088,135807,1,0,1
285888,135808,1,1,0
1988960,135809,1,0,1
340544,135810,1,1,0
311592,135811,1,0,1
4430144,135812,1,0,1
1334824,135813,1,1,0
6063368,135814,1,1,0
1081032,135815,1,1,0
6487568,135816,1,1,0
6020224,135817,1,0,1
1324072,135818,1,1,0
923152,135819,1,1,0
2657856,135820,1,0,1
2731176,135821,1,0,1
569280,135822,1,0,1
778968,135823,1,1,0
2309560,135824,1,0,1
3270656,135825,1,1,0
1421072,135826,1,0,1
5385224,135827,1,0,1
4991248,135828,1,1,0
5609504,135829,1,1,0
7275432,135830,1,0,1
5020632,135831,1,0,1
1281848,135832,1,1,0
350096,135833,1,0,1
6348304,135834,1,1,0
980800,135835,1,1,0
2680440,135836,1,0,1
768104,135837,1,1,0
1276072,135838,1,1,0
730024,135839,1,0,1
511696,135840,1,1,0
5841648,135841,1,0,1
4818008,135842,1,0,1
483784,135843,1,0,1
852824,135844,1,1,0
5852872,135845,1,0,1
8044888,135846,1,1,0
2490912,135847,1,1,0
1195704,135848,1,1,0
471320,135849,1,1,0
3090888,135850,1,0,1
4267848,135851,1,0,1
2310376,135852,1,0,1
5344344,135853,1,0,1
706616,135854,1,0,1
226904,135855,1,1,0
4726576,135856,1,1,0
1268296,135857,1,1,0
1957352,135858,1,1,0
862480,135859,1,1,0
1534272,135860,1,0,1
848440,135861,1,1,0
1167232,135862,1,1,0
1601672,135863,1,0,1
2495856,135864,1,0,1
4923880,135865,1,1,0
1052168,135866,1,0,1
3516048,135867,1,0,1
1503112,135868,1,1,0
6108672,135869,1,1,0
1868624,135870,1,0,1
652176,135871,1,1,0
880920,135872,1,0,1
7982768,135873,1,1,0
507768,135874,1,0,1
4713368,135875,1,1,0
3695424,135876,1,1,0
6270536,135877,1,1,0
7420864,135878,1,0,1
2682136,135879,1,1,0
2625624,135880,1,1,0
933328,135881,1,1,0
1407792,135882,1,0,1
3074424,135883,1,0,1
1261048,135884,1,1,0
530184,135885,1,0,1
1339224,135886,1,0,1
2201240,135887,1,1,0
5397360,135888,1,0,1
792648,135889,1,0,1
1601408,135890,1,1,0
3646696,135891,1,0,1
361488,135892,1,0,1
446336,135893,1,1,0
4396240,135894,1,1,0
442120,135895,1,0,1
1166904,135896,1,1,0
2034696,135897,1,0,1
4602504,135898,1,1,0
5843624,135899,1,0,1
7724968,135900,1,0,1
1145040,135901,1,0,1
6206360,135902,1,1,0
1501264,135903,1,0,1
2193368,135904,1,0,1
248832,135905,1,1,0
6643104,135906,1,0,1
1783568,135907,1,1,0
1580696,135908,1,0,1
727928,135909,1,1,0
3161952,135910,1,1,0
2230544,135911,1,1,0
4447784,135912,1,1,0
4825584,135913,1,1,0
8030224,135914,1,0,1
2981232,135915,1,0,1
1160112,135916,1,0,1
2069736,135917,1,1,0
593152,135918,1,0,1
1255016,135919,1,1,0
672696,135920,1,0,1
1555320,135921,1,1,0
5164568,135922,1,0,1
2585232,135923,1,0,1
2020296,135924,1,0,1
1941808,135925,1,1,0
648352,135926,1,0,1
2655224,135927,1,0,1
6149224,135928,1,0,1
4406752,135929,1,0,1
640128,135930,1,1,0
1695880,135931,1,1,0
5179832,135932,1,1,0
1548992,135933,1,1,0
650944,135934,1,0,1
6562152,135935,1,1,0
6060528,135936,1,1,0
4676616,135937,1,1,0
2997296,135938,1,1,0
7390152,135939,1,1,0
4962760,135940,1,1,0
6203736,135941,1,0,1
5993808,135942,1,1,0
495336,135943,1,0,1
5394776,135944,1,1,0
3321200,135945,1,0,1
384624,135946,1,0,1
7085488,135947,1,1,0
484096,135948,1,1,0
3724560,135949,1,1,0
726064,135950,1,0,1
3415648,135951,1,0,1
5613184,135952,1,0,1
2734504,135953,1,1,0
3879952,135954,1,0,1
5126288,135955,1,0,1
2616512,135956,1,0,1
5316304,135957,1,1,0
659912,135958,1,0,1
3298368,135959,1,1,0
1915200,135960,1,1,0
1794360,135961,1,1,0
148400,135962,1,0,1
1251328,135963,1,1,0
4253320,135964,1,1,0
935296,135965,1,0,1
1715384,135966,1,1,0
3863616,135967,1,1,0
3929424,135968,1,1,0
3249832,135969,1,1,0
3979192,135970,1,0,1
3000792,135971,1,0,1
3610640,135972,1,1,0
1279688,135973,1,1,0
2959056,135974,1,0,1
6790768,135975,1,0,1
5507536,135976,1,0,1
2981048,135977,1,1,0
3957760,135978,1,1,0
3568312,135979,1,0,1
5291128,135980,1,0,1
4839480,135981,1,1,0
5485512,135982,1,1,0
6135448,135983,1,1,0
3440232,135984,1,1,0
790704,135985,1,1,0
1464088,135986,1,1,0
1823592,135987,1,0,1
2360072,135988,1,0,1
2390944,135989,1,1,0
259992,135990,1,0,1
1410616,135991,1,0,1
1992504,135992,1,1,0
8104600,135993,1,1,0
2846008,135994,1,0,1
2599992,135995,1,1,0
1879976,135996,1,0,1
1454800,135997,1,0,1
1675360,135998,1,1,0
5295696,135999,1,0,1
1602120,136000,1,0,1
6004248,136001,1,1,0
807888,136002,1,1,0
1359680,136003,1,1,0
3467432,136004,1,0,1
587512,136005,1,1,0
5050608,136006,1,1,0
1950376,136007,1,1,0
5847488,136008,1,0,1
6301952,136009,1,1,0
2278040,136010,1,0,1
3187440,136011,1,1,0
1378640,136012,1,0,1
768928,136013,1,1,0
1945304,136014,1,1,0
1706992,136015,1,0,1
883912,136016,1,0,1
7314104,136017,1,1,0
2953808,136018,1,0,1
4493512,136019,1,1,0
4192536,136020,1,0,1
2433632,136021,1,0,1
1139456,136022,1,0,1
7382216,136023,1,0,1
449912,136024,1,1,0
5931224,136025,1,1,0
1004296,136026,1,0,1
6933536,136027,1,0,1
2998440,136028,1,0,1
1931128,136029,1,0,1
1631976,136030,1,1,0
3240120,136031,1,0,1
255848,136032,1,0,1
368880,136033,1,0,1
2151656,136034,1,0,1
6478920,136035,1,0,1
5388432,136036,1,0,1
3607760,136037,1,1,0
432192,136038,1,1,0
4192928,136039,1,1,0
606064,136040,1,1,0
3131464,136041,1,0,1
844056,136042,1,0,1
1678520,136043,1,0,1
5136008,136044,1,0,1
858448,136045,1,0,1
755752,136046,1,1,0
421512,136047,1,1,0
7934712,136048,1,0,1
190416,136049,1,0,1
1920888,136050,1,1,0
6039016,136051,1,1,0
7436160,136052,1,0,1
6377384,136053,1,1,0
1435992,136054,1,1,0
585944,136055,1,1,0
5034104,136056,1,0,1
1293640,136057,1,1,0
719624,136058,1,1,0
4076912,136059,1,0,1
971096,136060,1,1,0
8321248,136061,1,1,0
4999536,136062,1,0,1
6283048,136063,1,1,0
5055000,136064,1,0,1
5840888,136065,1,1,0
3237112,136066,1,0,1
536104,136067,1,0,1
1256664,136068,1,0,1
675528,136069,1,1,0
1250816,136070,1,1,0
337304,136071,1,0,1
1334304,136072,1,1,0
2730904,136073,1,1,0
524200,136074,1,0,1
1633632,136075,1,0,1
2050264,136076,1,1,0
368448,136077,1,1,0
6109472,136078,1,0,1
6356528,136079,1,1,0
8076408,136080,1,0,1
6603736,136081,1,1,0
2712232,136082,1,1,0
1864728,136083,1,1,0
545424,136084,1,1,0
2283200,136085,1,0,1
1825680,136086,1,0,1
338840,136087,1,0,1
4150496,136088,1,0,1
4262032,136089,1,0,1
1288496,136090,1,0,1
3909696,136091,1,1,0
7994552,136092,1,1,0
2886296,136093,1,0,1
7970672,136094,1,1,0
1876576,136095,1,1,0
7888120,136096,1,1,0
768936,136097,1,1,0
181976,136098,1,1,0
3504752,136099,1,0,1
4945560,136100,1,1,0
5093256,136101,1,0,1
474896,136102,1,1,0
2443200,136103,1,1,0
1267720,136104,1,1,0
3116320,136105,1,0,1
3978600,136106,1,0,1
1014856,136107,1,1,0
367232,136108,1,0,1
5919336,136109,1,0,1
468568,136110,1,0,1
8350744,136111,1,1,0
592584,136112,1,1,0
2605272,136113,1,0,1
8364832,136114,1,0,1
4785152,136115,1,0,1
3708536,136116,1,0,1
517456,136117,1,0,1
2980856,136118,1,0,1
453104,136119,1,0,1
7848808,136120,1,1,0
976160,136121,1,0,1
4222056,136122,1,0,1
7356512,136123,1,0,1
1956560,136124,1,0,1
1702976,136125,1,0,1
3904544,136126,1,0,1
656960,136127,1,0,1
1380544,136128,1,0,1
4518392,136129,1,0,1
7102232,136130,1,0,1
6375864,136131,1,1,0
1485984,136132,1,1,0
2746504,136133,1,0,1
4130936,136134,1,1,0
3022152,136135,1,0,1
3760104,136136,1,1,0
5834536,136137,1,0,1
844632,136138,1,1,0
1037760,136139,1,1,0
3314512,136140,1,0,1
272424,136141,1,1,0
3050816,136142,1,1,0
1579312,136143,1,0,1
3053136,136144,1,1,0
1419424,136145,1,1,0
3425736,136146,1,1,0
756872,136147,1,1,0
4466424,136148,1,0,1
6418368,136149,1,1,0
5768816,136150,1,1,0
2281312,136151,1,0,1
938120,136152,1,1,0
1560320,136153,1,1,0
1674880,136154,1,1,0
6099640,136155,1,1,0
5340856,136156,1,0,1
657800,136157,1,0,1
1672776,136158,1,1,0
745864,136159,1,0,1
1119472,136160,1,0,1
2192328,136161,1,1,0
1558104,136162,1,0,1
4269000,136163,1,1,0
819768,136164,1,1,0
1658696,136165,1,1,0
4712496,136166,1,0,1
988624,136167,1,1,0
901792,136168,1,1,0
4999400,136169,1,0,1
242728,136170,1,1,0
253288,136171,1,0,1
521416,136172,1,1,0
2660776,136173,1,1,0
1191112,136174,1,0,1
2180352,136175,1,0,1
335008,136176,1,1,0
4786304,136177,1,1,0
3904920,136178,1,0,1
4574616,136179,1,0,1
5872784,136180,1,0,1
4788824,136181,1,1,0
5916296,136182,1,0,1
1963824,136183,1,0,1
6823560,136184,1,1,0
5758432,136185,1,1,0
1011432,136186,1,0,1
3374568,136187,1,0,1
1129776,136188,1,1,0
3598576,136189,1,1,0
605320,136190,1,1,0
5014984,136191,1,1,0
7850368,136192,1,0,1
636064,136193,1,1,0
7543176,136194,1,1,0
922080,136195,1,1,0
1504360,136196,1,1,0
5357768,136197,1,1,0
4109504,136198,1,0,1
1214456,136199,1,0,1
934392,136200,1,0,1
2796440,136201,1,0,1
3118376,136202,1,0,1
4291112,136203,1,1,0
4066640,136204,1,1,0
392432,136205,1,0,1
7664824,136206,1,1,0
942040,136207,1,1,0
2203768,136208,1,1,0
2532120,136209,1,1,0
889936,136210,1,0,1
5307400,136211,1,1,0
3035168,136212,1,1,0
1589672,136213,1,0,1
3100560,136214,1,0,1
346936,136215,1,1,0
2473224,136216,1,1,0
6991376,136217,1,1,0
2828176,136218,1,1,0
1045880,136219,1,0,1
1393960,136220,1,1,0
1081736,136221,1,1,0
7812464,136222,1,1,0
5879888,136223,1,1,0
99776,136224,1,1,0
125368,136225,1,0,1
3405416,136226,1,0,1
7794792,136227,1,0,1
6189480,136228,1,1,0
7835472,136229,1,0,1
6236592,136230,1,1,0
4570488,136231,1,0,1
2677712,136232,1,1,0
5586096,136233,1,1,0
1522952,136234,1,0,1
1126080,136235,1,0,1
3390064,136236,1,0,1
6502800,136237,1,0,1
590504,136238,1,0,1
231696,136239,1,0,1
5465864,136240,1,0,1
6762232,136241,1,1,0
2013536,136242,1,0,1
4518960,136243,1,0,1
1021096,136244,1,0,1
1927216,136245,1,1,0
5501744,136246,1,0,1
1797104,136247,1,1,0
2447848,136248,1,1,0
4942424,136249,1,1,0
89192,136250,1,0,1
1844360,136251,1,0,1
2872152,136252,1,1,0
468264,136253,1,0,1
440248,136254,1,1,0
1423144,136255,1,0,1
1764720,136256,1,1,0
4415064,136257,1,1,0
824952,136258,1,1,0
4786896,136259,1,1,0
955552,136260,1,1,0
1282648,136261,1,1,0
799184,136262,1,0,1
6846424,136263,1,1,0
4410016,136264,1,1,0
3938312,136265,1,0,1
861512,136266,1,0,1
3957880,136267,1,1,0
2610704,136268,1,0,1
428616,136269,1,1,0
1960664,136270,1,1,0
4569016,136271,1,1,0
5374296,136272,1,1,0
7884992,136273,1,0,1
1323848,136274,1,0,1
1028888,136275,1,1,0
5613200,136276,1,0,1
5221160,136277,1,0,1
567088,136278,1,1,0
1567496,136279,1,0,1
1425976,136280,1,1,0
599504,136281,1,0,1
54416,136282,1,1,0
2301744,136283,1,0,1
6449120,136284,1,0,1
8156096,136285,1,0,1
2123960,136286,1,1,0
1669136,136287,1,1,0
6397848,136288,1,0,1
4135840,136289,1,1,0
3826256,136290,1,0,1
4745424,136291,1,0,1
5670032,136292,1,0,1
8098064,136293,1,0,1
949440,136294,1,1,0
1585032,136295,1,0,1
2045256,136296,1,0,1
7583488,136297,1,0,1
2926352,136298,1,1,0
141080,136299,1,1,0
2279352,136300,1,1,0
628992,136301,1,0,1
2665248,136302,1,0,1
763856,136303,1,0,1
3496192,136304,1,0,1
6036320,136305,1,0,1
667168,136306,1,0,1
226632,136307,1,0,1
431112,136308,1,1,0
1110888,136309,1,1,0
6282016,136310,1,1,0
142128,136311,1,0,1
700456,136312,1,1,0
939808,136313,1,1,0
4199272,136314,1,1,0
3567608,136315,1,0,1
4406928,136316,1,0,1
2362144,136317,1,1,0
4905552,136318,1,1,0
3650776,136319,1,1,0
142616,136320,1,1,0
603744,136321,1,0,1
2837480,136322,1,1,0
7690840,136323,1,0,1
422352,136324,1,1,0
1347384,136325,1,0,1
1676096,136326,1,0,1
5066504,136327,1,1,0
1382216,136328,1,1,0
5669032,136329,1,0,1
3329808,136330,1,1,0
391832,136331,1,1,0
2873424,136332,1,1,0
8248728,136333,1,1,0
449032,136334,1,0,1
3292384,136335,1,0,1
800016,136336,1,0,1
2617648,136337,1,1,0
313304,136338,1,0,1
8133832,136339,1,1,0
6025736,136340,1,1,0
1233872,136341,1,1,0
397648,136342,1,0,1
4238456,136343,1,0,1
3578896,136344,1,1,0
1467704,136345,1,0,1
6759304,136346,1,0,1
8123576,136347,1,1,0
5610624,136348,1,1,0
2057344,136349,1,0,1
574808,136350,1,1,0
1232344,136351,1,1,0
422216,136352,1,0,1
1479520,136353,1,1,0
5481912,136354,1,1,0
1241888,136355,1,0,1
282184,136356,1,1,0
8071128,136357,1,1,0
3864072,136358,1,0,1
3877376,136359,1,0,1
4515096,136360,1,1,0
582792,136361,1,1,0
3295304,136362,1,0,1
5253648,136363,1,0,1
675624,136364,1,1,0
2286608,136365,1,0,1
2529360,136366,1,1,0
5762968,136367,1,0,1
920344,136368,1,1,0
946768,136369,1,0,1
521752,136370,1,1,0
2123344,136371,1,1,0
2006008,136372,1,0,1
1575272,136373,1,1,0
8061128,136374,1,0,1
1479168,136375,1,0,1
2916480,136376,1,0,1
4356024,136377,1,0,1
7434896,136378,1,0,1
2192832,136379,1,0,1
3087176,136380,1,1,0
1902584,136381,1,0,1
6710248,136382,1,1,0
1701104,136383,1,0,1
250104,136384,1,1,0
5671264,136385,1,1,0
6440840,136386,1,0,1
1617448,136387,1,1,0
4621512,136388,1,1,0
188728,136389,1,0,1
3798816,136390,1,1,0
1430504,136391,1,0,1
6801016,136392,1,1,0
1345664,136393,1,0,1
1227264,136394,1,0,1
8032240,136395,1,0,1
1147960,136396,1,1,0
6345296,136397,1,1,0
568176,136398,1,1,0
160144,136399,1,0,1
159312,136400,1,1,0
3225720,136401,1,0,1
1567600,136402,1,1,0
4046808,136403,1,0,1
2583208,136404,1,0,1
8020976,136405,1,0,1
317400,136406,1,0,1
7191776,136407,1,1,0
7147496,136408,1,1,0
518128,136409,1,1,0
3655472,136410,1,0,1
190336,136411,1,1,0
1089160,136412,1,1,0
428632,136413,1,0,1
669728,136414,1,1,0
7269768,136415,1,0,1
2697096,136416,1,0,1
1072240,136417,1,0,1
1462680,136418,1,0,1
3141368,136419,1,1,0
570896,136420,1,1,0
1052616,136421,1,0,1
2078144,136422,1,0,1
1620968,136423,1,1,0
2282056,136424,1,0,1
749544,136425,1,0,1
620208,136426,1,0,1
1943600,136427,1,1,0
4825696,136428,1,1,0
312040,136429,1,0,1
446896,136430,1,0,1
2064496,136431,1,0,1
1400000,136432,1,0,1
507112,136433,1,0,1
4589360,136434,1,1,0
3653288,136435,1,1,0
2383816,136436,1,1,0
640608,136437,1,1,0
3944776,136438,1,1,0
251832,136439,1,1,0
8301880,136440,1,0,1
728496,136441,1,1,0
425880,136442,1,0,1
6806768,136443,1,0,1
1046816,136444,1,1,0
3298416,136445,1,0,1
3389496,136446,1,1,0
328056,136447,1,1,0
587384,136448,1,0,1
2150408,136449,1,0,1
122608,136450,1,0,1
2311376,136451,1,1,0
3617080,136452,1,0,1
2525800,136453,1,1,0
440064,136454,1,0,1
1959096,136455,1,1,0
5702592,136456,1,1,0
4678072,136457,1,0,1
4512312,136458,1,1,0
2138208,136459,1,1,0
6983784,136460,1,1,0
292976,136461,1,1,0
595744,136462,1,1,0
1268200,136463,1,1,0
1803248,136464,1,1,0
301904,136465,1,0,1
2028632,136466,1,0,1
2402288,136467,1,0,1
353672,136468,1,0,1
546680,136469,1,1,0
2477056,136470,1,1,0
5283312,136471,1,1,0
425400,136472,1,0,1
508464,136473,1,1,0
983800,136474,1,1,0
7206264,136475,1,1,0
1596088,136476,1,1,0
3569472,136477,1,0,1
240168,136478,1,0,1
4079680,136479,1,0,1
5498328,136480,1,1,0
2973064,136481,1,0,1
6659024,136482,1,1,0
2753472,136483,1,0,1
173504,136484,1,0,1
2871344,136485,1,0,1
1530560,136486,1,0,1
2150608,136487,1,1,0
1170728,136488,1,0,1
5344848,136489,1,0,1
1863560,136490,1,0,1
579488,136491,1,0,1
1631104,136492,1,0,1
5158688,136493,1,0,1
186272,136494,1,0,1
1056408,136495,1,0,1
7474504,136496,1,1,0
2863816,136497,1,0,1
1540728,136498,1,0,1
2640680,136499,1,1,0
5774112,136500,1,0,1
1122440,136501,1,1,0
6252672,136502,1,0,1
3533064,136503,1,1,0
1124696,136504,1,0,1
2212616,136505,1,1,0
134440,136506,1,1,0
2779384,136507,1,0,1
2572272,136508,1,1,0
4738616,136509,1,0,1
1812200,136510,1,1,0
7131504,136511,1,1,0
729320,136512,1,0,1
4619416,136513,1,1,0
365144,136514,1,0,1
7001368,136515,1,1,0
1053144,136516,1,1,0
3525600,136517,1,1,0
4978328,136518,1,0,1
2653696,136519,1,0,1
3438176,136520,1,0,1
7077288,136521,1,0,1
7687104,136522,1,1,0
352776,136523,1,0,1
1616792,136524,1,1,0
497096,136525,1,1,0
3931408,136526,1,1,0
1107256,136527,1,0,1
1000976,136528,1,0,1
495304,136529,1,1,0
3796584,136530,1,0,1
6924072,136531,1,1,0
1090608,136532,1,0,1
5905608,136533,1,0,1
3641960,136534,1,0,1
3698968,136535,1,0,1
1769216,136536,1,0,1
2010256,136537,1,1,0
5662352,136538,1,1,0
1648280,136539,1,0,1
3350144,136540,1,0,1
3756440,136541,1,0,1
6286568,136542,1,0,1
7065816,136543,1,1,0
2893840,136544,1,1,0
7610944,136545,1,1,0
853424,136546,1,1,0
4679176,136547,1,0,1
5527248,136548,1,1,0
671224,136549,1,1,0
1179000,136550,1,1,0
3561640,136551,1,1,0
4741528,136552,1,0,1
516128,136553,1,0,1
7627912,136554,1,1,0
4501008,136555,1,0,1
4632728,136556,1,0,1
151312,136557,1,0,1
3779448,136558,1,0,1
1966536,136559,1,1,0
3049680,136560,1,0,1
4830592,136561,1,1,0
2307480,136562,1,0,1
861712,136563,1,1,0
4457368,136564,1,1,0
3184024,136565,1,0,1
2487312,136566,1,1,0
3210288,136567,1,0,1
6435856,136568,1,0,1
399304,136569,1,1,0
582968,136570,1,0,1
5696176,136571,1,0,1
6734760,136572,1,1,0
2648856,136573,1,1,0
376256,136574,1,0,1
1190128,136575,1,0,1
485856,136576,1,0,1
5324672,136577,1,0,1
3607464,136578,1,0,1
4982128,136579,1,0,1
7576080,136580,1,1,0
2344464,136581,1,0,1
5947160,136582,1,0,1
5496104,136583,1,1,0
522224,136584,1,0,1
1227224,136585,1,1,0
7340328,136586,1,1,0
7841224,136587,1,0,1
3131312,136588,1,1,0
4615200,136589,1,1,0
6252120,136590,1,0,1
7638488,136591,1,0,1
178464,136592,1,0,1
324624,136593,1,0,1
331520,136594,1,1,0
5272960,136595,1,0,1
571416,136596,1,0,1
5400080,136597,1,0,1
273704,136598,1,0,1
3954896,136599,1,1,0
6071976,136600,1,1,0
7338256,136601,1,1,0
3046584,136602,1,1,0
1618832,136603,1,1,0
575672,136604,1,1,0
3765736,136605,1,0,1
497840,136606,1,0,1
348776,136607,1,1,0
208488,136608,1,0,1
4802664,136609,1,0,1
2819696,136610,1,0,1
4849192,136611,1,0,1
449360,136612,1,0,1
770136,136613,1,0,1
950192,136614,1,1,0
1626984,136615,1,1,0
639952,136616,1,1,0
5883608,136617,1,1,0
3922824,136618,1,1,0
4070000,136619,1,0,1
804824,136620,1,0,1
4042976,136621,1,1,0
6132688,136622,1,0,1
563480,136623,1,1,0
8208936,136624,1,1,0
1501200,136625,1,0,1
2634224,136626,1,0,1
337736,136627,1,0,1
2643616,136628,1,1,0
4864384,136629,1,0,1
3644232,136630,1,1,0
603472,136631,1,1,0
608184,136632,1,1,0
1201712,136633,1,0,1
803032,136634,1,0,1
1991296,136635,1,1,0
3636264,136636,1,0,1
1254736,136637,1,0,1
5681144,136638,1,1,0
1256280,136639,1,1,0
1031776,136640,1,0,1
5316080,136641,1,0,1
669192,136642,1,0,1
7992984,136643,1,1,0
814616,136644,1,0,1
4929816,136645,1,0,1
3978416,136646,1,0,1
683672,136647,1,0,1
1913104,136648,1,0,1
1817120,136649,1,1,0
479736,136650,1,0,1
4849720,136651,1,0,1
5636592,136652,1,1,0
1385912,136653,1,1,0
2458664,136654,1,0,1
6607232,136655,1,1,0
5239592,136656,1,0,1
2369408,136657,1,1,0
2865520,136658,1,0,1
1513192,136659,1,0,1
1427504,136660,1,0,1
137336,136661,1,1,0
1079320,136662,1,0,1
3541232,136663,1,1,0
1461768,136664,1,1,0
231904,136665,1,0,1
1198840,136666,1,1,0
4295376,136667,1,1,0
825624,136668,1,1,0
1244560,136669,1,0,1
4798728,136670,1,0,1
1311584,136671,1,0,1
2268680,136672,1,1,0
3985384,136673,1,0,1
3225424,136674,1,1,0
677176,136675,1,0,1
3223336,136676,1,0,1
1341512,136677,1,0,1
5740216,136678,1,0,1
3209816,136679,1,0,1
7519088,136680,1,1,0
657496,136681,1,0,1
196040,136682,1,1,0
2590848,136683,1,0,1
3094296,136684,1,1,0
6934768,136685,1,1,0
1773928,136686,1,1,0
3298952,136687,1,0,1
482088,136688,1,1,0
4687376,136689,1,1,0
697968,136690,1,1,0
5738280,136691,1,1,0
138536,136692,1,0,1
2769336,136693,1,1,0
1851872,136694,1,1,0
342960,136695,1,1,0
5569776,136696,1,0,1
6109456,136697,1,1,0
2645464,136698,1,0,1
7920744,136699,1,0,1
2820216,136700,1,1,0
1842024,136701,1,1,0
2891216,136702,1,0,1
248400,136703,1,1,0
2570568,136704,1,1,0
3370848,136705,1,1,0
1301272,136706,1,0,1
3869488,136707,1,0,1
7743968,136708,1,0,1
2974008,136709,1,1,0
5248224,136710,1,1,0
3712656,136711,1,1,0
1070208,136712,1,1,0
1747536,136713,1,1,0
5842864,136714,1,1,0
1979904,136715,1,0,1
5615120,136716,1,0,1
6359840,136717,1,0,1
676608,136718,1,0,1
3254304,136719,1,0,1
2237888,136720,1,0,1
6101776,136721,1,1,0
1343160,136722,1,0,1
530136,136723,1,1,0
416864,136724,1,1,0
7219272,136725,1,0,1
4236432,136726,1,1,0
152272,136727,1,0,1
2437904,136728,1,1,0
1479696,136729,1,1,0
607616,136730,1,1,0
2547952,136731,1,0,1
3303016,136732,1,1,0
7737480,136733,1,1,0
4299968,136734,1,0,1
4733896,136735,1,0,1
2536776,136736,1,0,1
1766704,136737,1,1,0
8052224,136738,1,1,0
1087824,136739,1,0,1
8028776,136740,1,1,0
4507240,136741,1,1,0
5588728,136742,1,0,1
433896,136743,1,1,0
2335464,136744,1,0,1
4743952,136745,1,1,0
7876360,136746,1,1,0
2429696,136747,1,0,1
5656464,136748,1,0,1
2245536,136749,1,1,0
364792,136750,1,1,0
308136,136751,1,0,1
3693024,136752,1,1,0
1380704,136753,1,1,0
6135568,136754,1,0,1
5066296,136755,1,1,0
180856,136756,1,1,0
1796648,136757,1,1,0
645992,136758,1,0,1
3568944,136759,1,0,1
1972184,136760,1,1,0
257296,136761,1,0,1
613496,136762,1,0,1
4578144,136763,1,0,1
859120,136764,1,1,0
700056,136765,1,0,1
5283936,136766,1,0,1
951800,136767,1,1,0
445776,136768,1,0,1
6081704,136769,1,0,1
430224,136770,1,0,1
3639720,136771,1,0,1
555592,136772,1,0,1
365952,136773,1,1,0
2397448,136774,1,1,0
5433152,136775,1,0,1
3273312,136776,1,0,1
1275880,136777,1,1,0
524152,136778,1,0,1
1038696,136779,1,0,1
7239064,136780,1,0,1
1051512,136781,1,1,0
1359232,136782,1,0,1
2194992,136783,1,1,0
1497432,136784,1,1,0
4953976,136785,1,0,1
2592904,136786,1,1,0
3563688,136787,1,0,1
2906232,136788,1,1,0
3900528,136789,1,1,0
919184,136790,1,0,1
297168,136791,1,0,1
2653992,136792,1,0,1
2881992,136793,1,1,0
4068624,136794,1,1,0
4889216,136795,1,1,0
7562088,136796,1,0,1
5001640,136797,1,1,0
1066912,136798,1,1,0
7784704,136799,1,0,1
7453232,136800,1,0,1
1766040,136801,1,1,0
3255320,136802,1,0,1
7708544,136803,1,1,0
800896,136804,1,0,1
2838424,136805,1,0,1
1925800,136806,1,1,0
3864728,136807,1,1,0
3211200,136808,1,0,1
4145216,136809,1,0,1
6037776,136810,1,1,0
3596536,136811,1,1,0
6176272,136812,1,0,1
2857680,136813,1,0,1
247328,136814,1,0,1
7257776,136815,1,1,0
1127048,136816,1,0,1
862384,136817,1,1,0
7238872,136818,1,1,0
4359480,136819,1,0,1
7012760,136820,1,1,0
8358816,136821,1,0,1
219136,136822,1,0,1
2109584,136823,1,1,0
3330848,136824,1,1,0
1874496,136825,1,1,0
7571240,136826,1,0,1
8091448,136827,1,1,0
7444616,136828,1,0,1
784904,136829,1,0,1
3256032,136830,1,1,0
1066048,136831,1,0,1
7514928,136832,1,0,1
2415712,136833,1,0,1
6630032,136834,1,1,0
1967976,136835,1,1,0
817464,136836,1,0,1
2743152,136837,1,0,1
4213848,136838,1,0,1
7036256,136839,1,1,0
4737496,136840,1,1,0
5806464,136841,1,1,0
3611752,136842,1,0,1
348880,136843,1,1,0
5404144,136844,1,1,0
5588944,136845,1,0,1
4949904,136846,1,1,0
1250088,136847,1,1,0
3197872,136848,1,0,1
193104,136849,1,1,0
7161824,136850,1,1,0
7674632,136851,1,0,1
2877952,136852,1,1,0
1386552,136853,1,1,0
1177640,136854,1,1,0
2605152,136855,1,0,1
176312,136856,1,0,1
2842152,136857,1,0,1
208160,136858,1,0,1
4051240,136859,1,1,0
4402376,136860,1,0,1
1504544,136861,1,0,1
1672176,136862,1,1,0
4878872,136863,1,1,0
359544,136864,1,0,1
2994384,136865,1,1,0
252440,136866,1,0,1
3441280,136867,1,0,1
8180496,136868,1,0,1
7755248,136869,1,1,0
7522208,136870,1,1,0
3371816,136871,1,0,1
485192,136872,1,1,0
1185864,136873,1,1,0
8130000,136874,1,1,0
7258696,136875,1,0,1
1316448,136876,1,0,1
1124880,136877,1,0,1
4989400,136878,1,0,1
4300928,136879,1,1,0
2942056,136880,1,0,1
1508672,136881,1,1,0
166464,136882,1,1,0
3066952,136883,1,1,0
273944,136884,1,0,1
5575352,136885,1,1,0
7979096,136886,1,1,0
1639136,136887,1,1,0
269408,136888,1,1,0
1035432,136889,1,0,1
1033928,136890,1,0,1
7522624,136891,1,0,1
6986192,136892,1,1,0
3683968,136893,1,0,1
4868992,136894,1,0,1
122664,136895,1,0,1
636936,136896,1,0,1
3337280,136897,1,1,0
4252672,136898,1,1,0
2168144,136899,1,0,1
5870464,136900,1,0,1
1758616,136901,1,0,1
2506832,136902,1,1,0
5561928,136903,1,1,0
2787512,136904,1,0,1
4991888,136905,1,1,0
7851784,136906,1,1,0
358976,136907,1,1,0
6928704,136908,1,1,0
4777720,136909,1,1,0
2193208,136910,1,0,1
7664456,136911,1,0,1
1281872,136912,1,0,1
7918472,136913,1,1,0
7511624,136914,1,1,0
6410384,136915,1,0,1
220472,136916,1,0,1
3498832,136917,1,1,0
6483752,136918,1,0,1
8006408,136919,1,1,0
367400,136920,1,1,0
295536,136921,1,0,1
566856,136922,1,1,0
3179488,136923,1,1,0
2755040,136924,1,1,0
6833896,136925,1,1,0
3993736,136926,1,1,0
579088,136927,1,1,0
2265528,136928,1,1,0
6748896,136929,1,1,0
6829200,136930,1,1,0
2264120,136931,1,0,1
197520,136932,1,1,0
720976,136933,1,1,0
3200136,136934,1,1,0
1537408,136935,1,0,1
6220352,136936,1,0,1
7159800,136937,1,1,0
391408,136938,1,0,1
635816,136939,1,0,1
426304,136940,1,1,0
5867568,136941,1,0,1
481192,136942,1,1,0
2604224,136943,1,1,0
8239768,136944,1,1,0
1707760,136945,1,1,0
6830752,136946,1,1,0
677632,136947,1,0,1
1088392,136948,1,1,0
5269960,136949,1,0,1
941688,136950,1,1,0
7317488,136951,1,0,1
350512,136952,1,1,0
888768,136953,1,1,0
1416560,136954,1,0,1
5712032,136955,1,0,1
4630152,136956,1,0,1
6720584,136957,1,1,0
679368,136958,1,1,0
1439544,136959,1,0,1
1584408,136960,1,0,1
4473568,136961,1,0,1
2550448,136962,1,1,0
4210296,136963,1,0,1
6428648,136964,1,0,1
7579496,136965,1,0,1
2316552,136966,1,0,1
3374856,136967,1,1,0
4064120,136968,1,1,0
5371664,136969,1,1,0
435120,136970,1,0,1
714864,136971,1,0,1
2734896,136972,1,1,0
5585840,136973,1,1,0
6748536,136974,1,1,0
1818632,136975,1,0,1
4698472,136976,1,1,0
1863696,136977,1,0,1
2334496,136978,1,0,1
1590840,136979,1,0,1
1011992,136980,1,0,1
4143888,136981,1,1,0
1383360,136982,1,0,1
4392480,136983,1,1,0
432952,136984,1,0,1
2044368,136985,1,1,0
3273408,136986,1,1,0
282776,136987,1,1,0
1636272,136988,1,0,1
2581432,136989,1,0,1
4171696,136990,1,0,1
586736,136991,1,0,1
2975720,136992,1,1,0
2563680,136993,1,1,0
527784,136994,1,1,0
3442944,136995,1,0,1
2142568,136996,1,0,1
192904,136997,1,0,1
367192,136998,1,0,1
2069384,136999,1,1,0
4947312,137000,1,1,0
4318760,137001,1,1,0
793016,137002,1,0,1
974976,137003,1,0,1
1346752,137004,1,1,0
2463776,137005,1,1,0
4297704,137006,1,0,1
2478240,137007,1,1,0
2848280,137008,1,1,0
1327496,137009,1,0,1
348448,137010,1,0,1
1120656,137011,1,0,1
7667168,137012,1,0,1
3358960,137013,1,1,0
3097904,137014,1,1,0
89344,137015,1,1,0
835680,137016,1,1,0
163504,137017,1,0,1
1258432,137018,1,1,0
1081528,137019,1,0,1
7487376,137020,1,0,1
1188256,137021,1,0,1
3152832,137022,1,0,1
4150184,137023,1,1,0
1382240,137024,1,1,0
2613240,137025,1,0,1
6075328,137026,1,0,1
1341040,137027,1,0,1
6530080,137028,1,0,1
3409608,137029,1,1,0
8089928,137030,1,1,0
5207856,137031,1,1,0
1967760,137032,1,0,1
3145824,137033,1,1,0
8338040,137034,1,1,0
4932208,137035,1,0,1
8029984,137036,1,1,0
1180552,137037,1,0,1
8088224,137038,1,0,1
2107504,137039,1,0,1
3774608,137040,1,0,1
4349640,137041,1,1,0
695184,137042,1,0,1
3058696,137043,1,0,1
518080,137044,1,1,0
7166208,137045,1,0,1
5989816,137046,1,0,1
944872,137047,1,1,0
3812360,137048,1,0,1
6900112,137049,1,0,1
4995536,137050,1,0,1
1497096,137051,1,0,1
6715632,137052,1,1,0
4448616,137053,1,0,1
2519816,137054,1,1,0
7155144,137055,1,1,0
4037736,137056,1,1,0
1478976,137057,1,0,1
5996328,137058,1,1,0
7819288,137059,1,1,0
3890096,137060,1,1,0
1467336,137061,1,0,1
7747696,137062,1,0,1
1213744,137063,1,1,0
2589488,137064,1,1,0
3936352,137065,1,0,1
660664,137066,1,0,1
3794288,137067,1,0,1
575680,137068,1,0,1
4086552,137069,1,1,0
6928744,137070,1,1,0
7809576,137071,1,0,1
6339400,137072,1,0,1
5887936,137073,1,1,0
661784,137074,1,1,0
886176,137075,1,0,1
2276264,137076,1,0,1
912672,137077,1,1,0
460240,137078,1,0,1
3105176,137079,1,1,0
3586920,137080,1,1,0
5979376,137081,1,1,0
6495512,137082,1,0,1
411392,137083,1,0,1
1556920,137084,1,1,0
211856,137085,1,1,0
2984864,137086,1,1,0
1946728,137087,1,1,0
5390208,137088,1,0,1
6292152,137089,1,0,1
2402280,137090,1,0,1
6129216,137091,1,0,1
2251528,137092,1,1,0
7068680,137093,1,1,0
1692552,137094,1,1,0
3769640,137095,1,0,1
1706072,137096,1,1,0
286944,137097,1,0,1
138680,137098,1,0,1
2665896,137099,1,1,0
8137872,137100,1,1,0
4488072,137101,1,1,0
7441408,137102,1,0,1
2610816,137103,1,0,1
2492216,137104,1,0,1
8043048,137105,1,1,0
1122000,137106,1,1,0
379024,137107,1,0,1
183096,137108,1,1,0
5704208,137109,1,1,0
2304840,137110,1,1,0
6758736,137111,1,0,1
1411536,137112,1,1,0
2110768,137113,1,0,1
2251256,137114,1,1,0
947104,137115,1,1,0
1809392,137116,1,1,0
4601912,137117,1,1,0
3363176,137118,1,1,0
6123024,137119,1,0,1
5830432,137120,1,0,1
850976,137121,1,0,1
5606152,137122,1,0,1
7963560,137123,1,0,1
3338896,137124,1,0,1
4504288,137125,1,1,0
1181840,137126,1,1,0
3596840,137127,1,0,1
511304,137128,1,0,1
4032496,137129,1,0,1
805496,137130,1,1,0
406384,137131,1,0,1
473240,137132,1,0,1
1449512,137133,1,1,0
7904992,137134,1,0,1
2996936,137135,1,0,1
4747536,137136,1,0,1
5926368,137137,1,0,1
2077856,137138,1,0,1
5706984,137139,1,0,1
6375504,137140,1,0,1
8066464,137141,1,0,1
2628664,137142,1,1,0
386712,137143,1,0,1
3141488,137144,1,0,1
682528,137145,1,1,0
126480,137146,1,1,0
6794328,137147,1,0,1
173960,137148,1,0,1
3286240,137149,1,0,1
4238672,137150,1,0,1
6806360,137151,1,0,1
146368,137152,1,0,1
3842976,137153,1,0,1
673608,137154,1,1,0
7077248,137155,1,1,0
486160,137156,1,0,1
6671984,137157,1,1,0
2083392,137158,1,0,1
2914256,137159,1,1,0
1272944,137160,1,0,1
5360632,137161,1,1,0
1824056,137162,1,0,1
1215600,137163,1,1,0
3178960,137164,1,0,1
1654936,137165,1,0,1
5615080,137166,1,0,1
3971056,137167,1,1,0
1891056,137168,1,1,0
3710232,137169,1,1,0
2066808,137170,1,0,1
4324312,137171,1,0,1
5004120,137172,1,0,1
666560,137173,1,1,0
4808848,137174,1,1,0
1188280,137175,1,1,0
534720,137176,1,1,0
6891736,137177,1,1,0
5734328,137178,1,1,0
203024,137179,1,0,1
431296,137180,1,0,1
3583512,137181,1,1,0
2320920,137182,1,1,0
5708960,137183,1,1,0
4282288,137184,1,1,0
3357680,137185,1,1,0
3469928,137186,1,0,1
3734112,137187,1,1,0
1371168,137188,1,0,1
5311584,137189,1,1,0
1023456,137190,1,0,1
1762808,137191,1,1,0
3983840,137192,1,0,1
2896912,137193,1,1,0
1065280,137194,1,1,0
1645528,137195,1,0,1
3957560,137196,1,1,0
1609896,137197,1,1,0
7753552,137198,1,1,0
920712,137199,1,1,0
2961336,137200,1,1,0
3447000,137201,1,1,0
250280,137202,1,0,1
882744,137203,1,0,1
2397584,137204,1,0,1
4301760,137205,1,1,0
8243704,137206,1,0,1
1124312,137207,1,1,0
6265144,137208,1,1,0
4577808,137209,1,1,0
1734304,137210,1,1,0
2027904,137211,1,1,0
469648,137212,1,0,1
543360,137213,1,1,0
313912,137214,1,0,1
523816,137215,1,1,0
6757112,137216,1,1,0
623800,137217,1,1,0
803664,137218,1,0,1
3225000,137219,1,1,0
4775608,137220,1,0,1
3177880,137221,1,1,0
2294400,137222,1,0,1
1695792,137223,1,0,1
6266936,137224,1,0,1
677544,137225,1,0,1
6987440,137226,1,0,1
4573272,137227,1,1,0
1265104,137228,1,1,0
2659464,137229,1,1,0
1734784,137230,1,0,1
4073992,137231,1,0,1
937208,137232,1,1,0
3454744,137233,1,1,0
4061224,137234,1,0,1
7822560,137235,1,0,1
3518616,137236,1,0,1
511480,137237,1,1,0
592664,137238,1,1,0
734792,137239,1,0,1
7180768,137240,1,0,1
2853824,137241,1,1,0
3334152,137242,1,1,0
690064,137243,1,1,0
1994488,137244,1,0,1
1664208,137245,1,0,1
707376,137246,1,0,1
7615096,137247,1,0,1
5833648,137248,1,0,1
3069168,137249,1,0,1
308216,137250,1,0,1
2709048,137251,1,1,0
1515896,137252,1,1,0
4699720,137253,1,0,1
1184752,137254,1,0,1
1205624,137255,1,1,0
184576,137256,1,0,1
1620904,137257,1,1,0
7845656,137258,1,0,1
2741656,137259,1,0,1
1441544,137260,1,0,1
2485168,137261,1,1,0
1270496,137262,1,1,0
1010024,137263,1,1,0
6144136,137264,1,0,1
412640,137265,1,1,0
3445144,137266,1,0,1
1708104,137267,1,0,1
2121936,137268,1,1,0
2329136,137269,1,1,0
996408,137270,1,1,0
1519720,137271,1,1,0
1604392,137272,1,0,1
3560056,137273,1,0,1
1151704,137274,1,1,0
1255320,137275,1,0,1
4142568,137276,1,1,0
571168,137277,1,1,0
343016,137278,1,0,1
6095264,137279,1,1,0
4354760,137280,1,1,0
1126368,137281,1,0,1
2681816,137282,1,0,1
7308656,137283,1,1,0
1389152,137284,1,0,1
2973824,137285,1,1,0
2642264,137286,1,1,0
5448728,137287,1,1,0
1056664,137288,1,1,0
1893160,137289,1,0,1
1498528,137290,1,0,1
1175040,137291,1,1,0
2189520,137292,1,1,0
1107760,137293,1,0,1
144136,137294,1,0,1
5118728,137295,1,0,1
937080,137296,1,0,1
623360,137297,1,1,0
6229448,137298,1,1,0
374432,137299,1,0,1
1645648,137300,1,0,1
3124152,137301,1,1,0
3807120,137302,1,0,1
1176880,137303,1,1,0
4521704,137304,1,1,0
290896,137305,1,0,1
2347616,137306,1,0,1
1348192,137307,1,0,1
3885216,137308,1,0,1
2827000,137309,1,1,0
7148280,137310,1,1,0
4316408,137311,1,0,1
2954480,137312,1,1,0
5849448,137313,1,1,0
6887320,137314,1,0,1
516936,137315,1,0,1
4646304,137316,1,0,1
5083456,137317,1,0,1
6958240,137318,1,1,0
1101536,137319,1,1,0
590448,137320,1,0,1
2283096,137321,1,1,0
3852736,137322,1,1,0
2127912,137323,1,1,0
1168480,137324,1,0,1
1479968,137325,1,0,1
5825216,137326,1,1,0
3629888,137327,1,0,1
5170232,137328,1,1,0
6622432,137329,1,1,0
224800,137330,1,1,0
6553776,137331,1,1,0
653328,137332,1,1,0
344712,137333,1,0,1
4378208,137334,1,1,0
3456328,137335,1,1,0
455160,137336,1,0,1
7300424,137337,1,1,0
1135160,137338,1,1,0
5895984,137339,1,0,1
2742656,137340,1,1,0
4823136,137341,1,1,0
2560784,137342,1,1,0
4113232,137343,1,1,0
6117208,137344,1,0,1
5266880,137345,1,0,1
472024,137346,1,1,0
3127848,137347,1,1,0
2143080,137348,1,1,0
3201760,137349,1,1,0
2163944,137350,1,1,0
4714656,137351,1,1,0
6769224,137352,1,0,1
1030656,137353,1,1,0
1783424,137354,1,0,1
442352,137355,1,0,1
726000,137356,1,1,0
5294496,137357,1,0,1
577088,137358,1,1,0
1348208,137359,1,1,0
572800,137360,1,0,1
1541944,137361,1,1,0
2824640,137362,1,0,1
2170032,137363,1,0,1
421712,137364,1,1,0
1459240,137365,1,1,0
1510544,137366,1,0,1
7074320,137367,1,0,1
1864896,137368,1,1,0
490520,137369,1,1,0
1718816,137370,1,1,0
1144392,137371,1,1,0
1352640,137372,1,0,1
1087992,137373,1,1,0
7226184,137374,1,0,1
7935480,137375,1,0,1
3149800,137376,1,1,0
3542568,137377,1,1,0
158256,137378,1,0,1
1082128,137379,1,1,0
6018648,137380,1,1,0
375184,137381,1,0,1
652288,137382,1,1,0
2980056,137383,1,1,0
533560,137384,1,0,1
2329304,137385,1,0,1
7062104,137386,1,0,1
418240,137387,1,0,1
1528984,137388,1,1,0
6803056,137389,1,0,1
481600,137390,1,0,1
1171552,137391,1,1,0
5215960,137392,1,0,1
1078672,137393,1,0,1
2964792,137394,1,0,1
590096,137395,1,1,0
266144,137396,1,1,0
2450256,137397,1,1,0
4053528,137398,1,0,1
8006632,137399,1,0,1
4758600,137400,1,1,0
4242648,137401,1,1,0
1214128,137402,1,1,0
5674496,137403,1,1,0
1186544,137404,1,1,0
1255680,137405,1,0,1
7164664,137406,1,1,0
2087136,137407,1,1,0
1259840,137408,1,0,1
2914704,137409,1,0,1
2543296,137410,1,0,1
4476568,137411,1,0,1
1870104,137412,1,0,1
1099440,137413,1,0,1
658768,137414,1,1,0
1560344,137415,1,0,1
523048,137416,1,1,0
4128360,137417,1,0,1
7658536,137418,1,0,1
536360,137419,1,1,0
615952,137420,1,1,0
1063936,137421,1,1,0
4122312,137422,1,0,1
573456,137423,1,0,1
7565408,137424,1,1,0
5389840,137425,1,0,1
1189176,137426,1,0,1
7239736,137427,1,0,1
297920,137428,1,1,0
1047416,137429,1,1,0
2211840,137430,1,0,1
1863168,137431,1,1,0
1691592,137432,1,0,1
572784,137433,1,0,1
2505696,137434,1,0,1
3890704,137435,1,0,1
1183256,137436,1,1,0
3789456,137437,1,1,0
5336496,137438,1,0,1
4728088,137439,1,1,0
3634208,137440,1,0,1
5170224,137441,1,1,0
3283288,137442,1,0,1
275528,137443,1,1,0
2929480,137444,1,1,0
6847024,137445,1,1,0
6975272,137446,1,1,0
4074408,137447,1,0,1
1317392,137448,1,1,0
1011664,137449,1,0,1
8160072,137450,1,0,1
626160,137451,1,0,1
4875928,137452,1,1,0
5757264,137453,1,1,0
398368,137454,1,1,0
2897576,137455,1,1,0
4338976,137456,1,1,0
1151480,137457,1,0,1
1062168,137458,1,0,1
656928,137459,1,1,0
496936,137460,1,0,1
4578280,137461,1,1,0
168104,137462,1,0,1
380856,137463,1,1,0
4200016,137464,1,1,0
513008,137465,1,0,1
1862192,137466,1,1,0
2301560,137467,1,1,0
2774096,137468,1,0,1
3779104,137469,1,0,1
200376,137470,1,1,0
3029128,137471,1,1,0
4184568,137472,1,1,0
644040,137473,1,1,0
2321384,137474,1,0,1
1348952,137475,1,1,0
823824,137476,1,1,0
853992,137477,1,0,1
3187200,137478,1,0,1
5524456,137479,1,0,1
533552,137480,1,1,0
4003536,137481,1,0,1
2961080,137482,1,0,1
889288,137483,1,1,0
2630656,137484,1,0,1
376856,137485,1,0,1
4088128,137486,1,1,0
2305944,137487,1,0,1
784248,137488,1,0,1
5332168,137489,1,0,1
505960,137490,1,1,0
699576,137491,1,1,0
250232,137492,1,1,0
2664880,137493,1,1,0
1648640,137494,1,0,1
1537360,137495,1,0,1
1109776,137496,1,1,0
512752,137497,1,1,0
2287432,137498,1,1,0
3851320,137499,1,1,0
867288,137500,1,0,1
977472,137501,1,0,1
620152,137502,1,1,0
512736,137503,1,0,1
7720584,137504,1,1,0
416856,137505,1,0,1
3943336,137506,1,0,1
1759808,137507,1,1,0
384752,137508,1,0,1
5912472,137509,1,1,0
2554800,137510,1,1,0
6375144,137511,1,0,1
304112,137512,1,1,0
6382544,137513,1,0,1
694832,137514,1,1,0
6576328,137515,1,1,0
693088,137516,1,1,0
6630904,137517,1,1,0
1217216,137518,1,1,0
1700240,137519,1,1,0
725096,137520,1,0,1
2245840,137521,1,0,1
451432,137522,1,1,0
3427448,137523,1,0,1
961016,137524,1,0,1
746696,137525,1,0,1
6744432,137526,1,1,0
2275520,137527,1,1,0
3922616,137528,1,0,1
589312,137529,1,1,0
5496640,137530,1,0,1
440000,137531,1,1,0
3361272,137532,1,0,1
3621568,137533,1,1,0
6775712,137534,1,0,1
1709736,137535,1,0,1
4814504,137536,1,0,1
886392,137537,1,1,0
1210632,137538,1,1,0
8069120,137539,1,1,0
920880,137540,1,1,0
814768,137541,1,0,1
1601888,137542,1,0,1
3942504,137543,1,0,1
4153408,137544,1,1,0
966256,137545,1,0,1
911352,137546,1,1,0
2211696,137547,1,1,0
514120,137548,1,1,0
960088,137549,1,0,1
7511080,137550,1,0,1
1033880,137551,1,0,1
1591584,137552,1,0,1
762760,137553,1,1,0
1044480,137554,1,1,0
4509264,137555,1,0,1
2297920,137556,1,0,1
4965920,137557,1,0,1
955320,137558,1,0,1
1621240,137559,1,0,1
1411416,137560,1,1,0
6113976,137561,1,0,1
3010992,137562,1,0,1
1306888,137563,1,0,1
2192072,137564,1,0,1
6587176,137565,1,0,1
4390280,137566,1,0,1
3203976,137567,1,1,0
6282240,137568,1,0,1
3840176,137569,1,0,1
6726816,137570,1,0,1
1218424,137571,1,0,1
1765344,137572,1,0,1
2137240,137573,1,1,0
313008,137574,1,0,1
5404600,137575,1,0,1
267552,137576,1,0,1
339456,137577,1,0,1
993864,137578,1,0,1
2046888,137579,1,1,0
1155200,137580,1,1,0
1244144,137581,1,0,1
1392360,137582,1,1,0
510128,137583,1,1,0
1895104,137584,1,1,0
356760,137585,1,0,1
4067576,137586,1,1,0
3049152,137587,1,0,1
3171056,137588,1,0,1
612376,137589,1,0,1
1937672,137590,1,0,1
973272,137591,1,0,1
3750824,137592,1,1,0
6819224,137593,1,1,0
3502080,137594,1,0,1
8106656,137595,1,1,0
5229176,137596,1,1,0
1319024,137597,1,0,1
1298296,137598,1,1,0
706528,137599,1,1,0
3355104,137600,1,0,1
4480704,137601,1,1,0
8067232,137602,1,0,1
2766872,137603,1,1,0
542112,137604,1,0,1
2768096,137605,1,1,0
7868160,137606,1,1,0
2983816,137607,1,1,0
5981600,137608,1,0,1
2905872,137609,1,1,0
3513768,137610,1,1,0
1636720,137611,1,1,0
2448488,137612,1,0,1
6266976,137613,1,0,1
2454480,137614,1,1,0
827784,137615,1,1,0
1389496,137616,1,1,0
5147096,137617,1,1,0
192720,137618,1,1,0
705200,137619,1,1,0
3704408,137620,1,0,1
2319448,137621,1,0,1
128616,137622,1,1,0
1060840,137623,1,1,0
164600,137624,1,0,1
3236368,137625,1,1,0
241072,137626,1,1,0
8139280,137627,1,1,0
293960,137628,1,0,1
1137424,137629,1,0,1
5756648,137630,1,0,1
7339232,137631,1,1,0
433072,137632,1,0,1
2149800,137633,1,0,1
6500912,137634,1,0,1
2735680,137635,1,0,1
472848,137636,1,1,0
736840,137637,1,0,1
704656,137638,1,1,0
1960288,137639,1,1,0
4231384,137640,1,0,1
1955392,137641,1,0,1
175200,137642,1,1,0
1936920,137643,1,1,0
1154968,137644,1,1,0
568192,137645,1,1,0
7902224,137646,1,1,0
1784152,137647,1,1,0
7986488,137648,1,0,1
3550248,137649,1,0,1
1050232,137650,1,0,1
699056,137651,1,1,0
3122536,137652,1,1,0
3070032,137653,1,0,1
191864,137654,1,0,1
5882344,137655,1,0,1
993392,137656,1,0,1
803160,137657,1,0,1
1073112,137658,1,0,1
4313160,137659,1,1,0
2017040,137660,1,0,1
637048,137661,1,1,0
1021032,137662,1,0,1
1314616,137663,1,1,0
2032840,137664,1,1,0
2475464,137665,1,1,0
4744808,137666,1,1,0
191480,137667,1,1,0
6627736,137668,1,1,0
1554472,137669,1,1,0
1026400,137670,1,1,0
274800,137671,1,0,1
1291984,137672,1,0,1
907504,137673,1,0,1
1053200,137674,1,1,0
3914184,137675,1,0,1
1813504,137676,1,0,1
6926792,137677,1,0,1
5562864,137678,1,0,1
323192,137679,1,1,0
533208,137680,1,0,1
1751512,137681,1,1,0
7246184,137682,1,1,0
7746648,137683,1,1,0
8073048,137684,1,1,0
625680,137685,1,0,1
974936,137686,1,0,1
3543320,137687,1,1,0
2689184,137688,1,1,0
3503104,137689,1,1,0
745384,137690,1,0,1
6314832,137691,1,1,0
870728,137692,1,1,0
5035952,137693,1,0,1
1427784,137694,1,1,0
4603264,137695,1,1,0
1971888,137696,1,0,1
6961960,137697,1,0,1
213472,137698,1,0,1
1541256,137699,1,0,1
5942448,137700,1,1,0
1682272,137701,1,1,0
6844928,137702,1,1,0
4165616,137703,1,1,0
3476232,137704,1,0,1
5692304,137705,1,1,0
3268544,137706,1,1,0
4522632,137707,1,1,0
366272,137708,1,1,0
6037992,137709,1,0,1
786728,137710,1,0,1
2039384,137711,1,0,1
2180896,137712,1,1,0
2692168,137713,1,1,0
373504,137714,1,0,1
3584296,137715,1,1,0
2479040,137716,1,0,1
475160,137717,1,0,1
5017232,137718,1,1,0
5757640,137719,1,0,1
740864,137720,1,1,0
2643632,137721,1,0,1
1002672,137722,1,1,0
597544,137723,1,0,1
3886992,137724,1,1,0
1177328,137725,1,1,0
6586608,137726,1,0,1
2550896,137727,1,1,0
2034984,137728,1,0,1
1690224,137729,1,1,0
2302224,137730,1,1,0
6755928,137731,1,0,1
4847064,137732,1,0,1
6098192,137733,1,0,1
3498800,137734,1,0,1
1371304,137735,1,0,1
1820016,137736,1,1,0
1501344,137737,1,1,0
2905632,137738,1,0,1
3641120,137739,1,1,0
7671512,137740,1,1,0
497568,137741,1,0,1
5622408,137742,1,0,1
1701880,137743,1,1,0
5037552,137744,1,0,1
2700864,137745,1,0,1
1487912,137746,1,1,0
1107552,137747,1,1,0
1471080,137748,1,0,1
1041680,137749,1,0,1
1685200,137750,1,1,0
7567048,137751,1,0,1
2159848,137752,1,0,1
1051152,137753,1,1,0
1610320,137754,1,1,0
4172112,137755,1,1,0
6519488,137756,1,1,0
1636776,137757,1,0,1
4055296,137758,1,1,0
3068032,137759,1,0,1
660160,137760,1,1,0
300424,137761,1,0,1
1330296,137762,1,1,0
312400,137763,1,1,0
1413448,137764,1,0,1
2981320,137765,1,0,1
629592,137766,1,1,0
1299336,137767,1,1,0
6474168,137768,1,1,0
4163736,137769,1,0,1
2462968,137770,1,0,1
552160,137771,1,1,0
4757552,137772,1,0,1
5787216,137773,1,1,0
977984,137774,1,1,0
1298680,137775,1,1,0
1071208,137776,1,1,0
5703536,137777,1,0,1
3763288,137778,1,1,0
7987928,137779,1,0,1
1532720,137780,1,1,0
1222560,137781,1,1,0
463688,137782,1,0,1
5477328,137783,1,1,0
1331944,137784,1,1,0
2224304,137785,1,0,1
210112,137786,1,1,0
4421840,137787,1,0,1
6091744,137788,1,1,0
8335864,137789,1,1,0
5149776,137790,1,1,0
1432680,137791,1,1,0
663056,137792,1,0,1
715592,137793,1,1,0
5550584,137794,1,0,1
667960,137795,1,0,1
7518152,137796,1,1,0
4594512,137797,1,1,0
623328,137798,1,1,0
226816,137799,1,0,1
5177760,137800,1,0,1
2237136,137801,1,0,1
805096,137802,1,1,0
550672,137803,1,0,1
2941416,137804,1,1,0
1503296,137805,1,1,0
4363480,137806,1,1,0
1418752,137807,1,0,1
2553168,137808,1,0,1
4345112,137809,1,0,1
149768,137810,1,1,0
5076160,137811,1,0,1
1087760,137812,1,1,0
6615464,137813,1,0,1
393216,137814,1,1,0
1014808,137815,1,1,0
2153384,137816,1,0,1
1473632,137817,1,1,0
382000,137818,1,1,0
3326872,137819,1,1,0
679784,137820,1,1,0
655976,137821,1,1,0
1406168,137822,1,1,0
3717592,137823,1,1,0
1576184,137824,1,0,1
7220080,137825,1,0,1
4367104,137826,1,1,0
820968,137827,1,1,0
1638672,137828,1,1,0
3251896,137829,1,0,1
3815160,137830,1,1,0
5586072,137831,1,0,1
5870320,137832,1,0,1
2134504,137833,1,1,0
2155344,137834,1,1,0
3229440,137835,1,1,0
1531184,137836,1,1,0
3477704,137837,1,1,0
2009600,137838,1,1,0
202896,137839,1,1,0
1000328,137840,1,1,0
2587016,137841,1,0,1
1470240,137842,1,0,1
2637648,137843,1,1,0
1134472,137844,1,0,1
6687272,137845,1,0,1
3211960,137846,1,0,1
2952360,137847,1,0,1
5364032,137848,1,1,0
5829880,137849,1,0,1
5392944,137850,1,0,1
3086248,137851,1,0,1
1257184,137852,1,1,0
1283072,137853,1,0,1
4105000,137854,1,1,0
2757776,137855,1,0,1
217864,137856,1,0,1
1033944,137857,1,1,0
270664,137858,1,0,1
3117888,137859,1,1,0
4356744,137860,1,0,1
3863728,137861,1,1,0
6301736,137862,1,1,0
3069040,137863,1,0,1
939928,137864,1,1,0
2386864,137865,1,1,0
1346864,137866,1,1,0
3446496,137867,1,1,0
460384,137868,1,0,1
5877256,137869,1,0,1
1351864,137870,1,1,0
1388168,137871,1,1,0
295240,137872,1,0,1
6300056,137873,1,1,0
2182104,137874,1,1,0
4015672,137875,1,0,1
4670496,137876,1,0,1
1760384,137877,1,0,1
398336,137878,1,0,1
4004000,137879,1,0,1
5662768,137880,1,0,1
6717512,137881,1,1,0
523032,137882,1,0,1
3553568,137883,1,1,0
2067792,137884,1,1,0
5503336,137885,1,0,1
4383024,137886,1,1,0
4756504,137887,1,0,1
1619416,137888,1,1,0
1158288,137889,1,0,1
2601752,137890,1,1,0
5149928,137891,1,1,0
2151136,137892,1,1,0
3605504,137893,1,0,1
800648,137894,1,0,1
357264,137895,1,0,1
4188680,137896,1,0,1
1917120,137897,1,0,1
4262184,137898,1,0,1
2250352,137899,1,1,0
2537712,137900,1,1,0
2573048,137901,1,1,0
4631168,137902,1,0,1
4742664,137903,1,1,0
270240,137904,1,1,0
1224688,137905,1,0,1
7851232,137906,1,0,1
1645360,137907,1,1,0
533632,137908,1,0,1
421344,137909,1,1,0
1316832,137910,1,0,1
5031456,137911,1,0,1
1252280,137912,1,0,1
813968,137913,1,0,1
1832160,137914,1,1,0
7362384,137915,1,0,1
986560,137916,1,1,0
1450352,137917,1,0,1
558496,137918,1,1,0
511392,137919,1,1,0
5774784,137920,1,1,0
2365968,137921,1,0,1
327120,137922,1,1,0
6976080,137923,1,1,0
139256,137924,1,1,0
3346512,137925,1,0,1
1411032,137926,1,0,1
381440,137927,1,0,1
5948456,137928,1,0,1
2666760,137929,1,0,1
2782384,137930,1,1,0
1340336,137931,1,1,0
826280,137932,1,0,1
2287248,137933,1,1,0
1829184,137934,1,0,1
6662360,137935,1,0,1
2046280,137936,1,0,1
4727912,137937,1,1,0
434160,137938,1,0,1
90560,137939,1,1,0
4664792,137940,1,1,0
4868072,137941,1,1,0
639816,137942,1,0,1
951464,137943,1,0,1
781976,137944,1,0,1
1825192,137945,1,1,0
4887488,137946,1,1,0
882888,137947,1,0,1
4716496,137948,1,0,1
6786792,137949,1,1,0
3940784,137950,1,1,0
4655752,137951,1,0,1
2281008,137952,1,1,0
4956504,137953,1,0,1
4195440,137954,1,1,0
2299336,137955,1,0,1
2660880,137956,1,0,1
2009976,137957,1,0,1
4040056,137958,1,0,1
4520712,137959,1,1,0
935528,137960,1,1,0
2247048,137961,1,1,0
2071200,137962,1,0,1
761440,137963,1,1,0
2338952,137964,1,1,0
5141488,137965,1,0,1
409792,137966,1,0,1
1500528,137967,1,0,1
5079792,137968,1,0,1
2544192,137969,1,0,1
1370320,137970,1,1,0
2197304,137971,1,1,0
6383008,137972,1,1,0
360800,137973,1,0,1
1659576,137974,1,1,0
2337080,137975,1,0,1
586632,137976,1,1,0
358696,137977,1,1,0
2957536,137978,1,1,0
1745800,137979,1,1,0
579008,137980,1,1,0
5625416,137981,1,0,1
736928,137982,1,0,1
1744176,137983,1,0,1
5295176,137984,1,1,0
6271368,137985,1,1,0
4881896,137986,1,1,0
6370568,137987,1,1,0
1262560,137988,1,0,1
3055464,137989,1,1,0
696928,137990,1,1,0
2291688,137991,1,0,1
818320,137992,1,0,1
8264280,137993,1,1,0
7362656,137994,1,0,1
7556424,137995,1,1,0
1153552,137996,1,1,0
6135664,137997,1,1,0
5929944,137998,1,1,0
5868104,137999,1,1,0
1032392,138000,1,0,1
2665592,138001,1,0,1
1893032,138002,1,0,1
1704368,138003,1,1,0
493864,138004,1,1,0
7380728,138005,1,1,0
2038160,138006,1,0,1
1147016,138007,1,1,0
51760,138008,1,1,0
1035800,138009,1,0,1
3826032,138010,1,0,1
837664,138011,1,1,0
6310656,138012,1,0,1
1699136,138013,1,1,0
540344,138014,1,0,1
2317752,138015,1,0,1
2940664,138016,1,0,1
772312,138017,1,0,1
8156600,138018,1,1,0
3606056,138019,1,1,0
3227632,138020,1,0,1
6855536,138021,1,0,1
5769336,138022,1,1,0
1817240,138023,1,1,0
421568,138024,1,0,1
3567448,138025,1,0,1
1411704,138026,1,0,1
617688,138027,1,1,0
1214944,138028,1,1,0
312200,138029,1,1,0
5737640,138030,1,0,1
5813440,138031,1,0,1
2061360,138032,1,0,1
2236240,138033,1,0,1
5597776,138034,1,1,0
3015840,138035,1,0,1
501464,138036,1,1,0
1547632,138037,1,1,0
8069096,138038,1,0,1
1487920,138039,1,1,0
6134360,138040,1,1,0
739440,138041,1,0,1
1446512,138042,1,1,0
2582960,138043,1,1,0
4703664,138044,1,0,1
698376,138045,1,1,0
1496480,138046,1,1,0
390808,138047,1,0,1
3757896,138048,1,0,1
1224144,138049,1,0,1
228616,138050,1,1,0
632192,138051,1,0,1
994024,138052,1,0,1
6300944,138053,1,1,0
364336,138054,1,1,0
948616,138055,1,0,1
4711760,138056,1,0,1
1383472,138057,1,0,1
3580240,138058,1,0,1
574712,138059,1,1,0
4548304,138060,1,1,0
1702576,138061,1,1,0
451008,138062,1,0,1
2599512,138063,1,1,0
4698568,138064,1,0,1
5263032,138065,1,0,1
642392,138066,1,0,1
3518712,138067,1,1,0
1226608,138068,1,0,1
8355376,138069,1,0,1
5154192,138070,1,1,0
727536,138071,1,0,1
425832,138072,1,1,0
758592,138073,1,1,0
3835760,138074,1,0,1
7626384,138075,1,0,1
448840,138076,1,0,1
8177480,138077,1,1,0
1312408,138078,1,1,0
5252128,138079,1,0,1
3213280,138080,1,0,1
1019016,138081,1,0,1
189792,138082,1,0,1
669888,138083,1,0,1
4029192,138084,1,0,1
3927192,138085,1,0,1
6177960,138086,1,1,0
1037720,138087,1,0,1
2989168,138088,1,0,1
3221688,138089,1,1,0
2356768,138090,1,0,1
1147424,138091,1,0,1
2415536,138092,1,1,0
7603616,138093,1,1,0
789416,138094,1,1,0
5983320,138095,1,0,1
3949032,138096,1,0,1
7040400,138097,1,1,0
7698408,138098,1,1,0
896728,138099,1,1,0
1114752,138100,1,0,1
384240,138101,1,0,1
7848336,138102,1,0,1
420112,138103,1,1,0
2120400,138104,1,1,0
2746072,138105,1,1,0
3538656,138106,1,0,1
1813880,138107,1,0,1
1536032,138108,1,1,0
2093048,138109,1,0,1
481208,138110,1,0,1
7238328,138111,1,1,0
2257584,138112,1,0,1
5003376,138113,1,1,0
7257320,138114,1,0,1
5555192,138115,1,1,0
1137080,138116,1,0,1
1411984,138117,1,1,0
2307976,138118,1,1,0
1374616,138119,1,0,1
1649800,138120,1,0,1
2981120,138121,1,0,1
7165008,138122,1,1,0
1713856,138123,1,0,1
1350360,138124,1,1,0
734584,138125,1,1,0
516072,138126,1,0,1
751744,138127,1,0,1
306792,138128,1,1,0
6418944,138129,1,0,1
3630400,138130,1,1,0
638480,138131,1,0,1
4774024,138132,1,1,0
1208488,138133,1,1,0
2066560,138134,1,0,1
824368,138135,1,1,0
1316416,138136,1,0,1
2427616,138137,1,0,1
951040,138138,1,0,1
4189016,138139,1,0,1
6340424,138140,1,1,0
697376,138141,1,1,0
740304,138142,1,0,1
528696,138143,1,0,1
543840,138144,1,0,1
1445584,138145,1,0,1
1137920,138146,1,1,0
998376,138147,1,0,1
2367648,138148,1,1,0
3881808,138149,1,1,0
1334752,138150,1,0,1
445312,138151,1,0,1
5142208,138152,1,1,0
1893608,138153,1,1,0
223784,138154,1,1,0
1770464,138155,1,1,0
2904720,138156,1,1,0
3772040,138157,1,1,0
1072600,138158,1,1,0
1151936,138159,1,0,1
3393360,138160,1,1,0
606320,138161,1,1,0
1214144,138162,1,1,0
2674256,138163,1,1,0
7208584,138164,1,1,0
340392,138165,1,0,1
4035632,138166,1,1,0
539080,138167,1,1,0
7243256,138168,1,1,0
4448928,138169,1,1,0
1534008,138170,1,0,1
1401832,138171,1,1,0
2342584,138172,1,1,0
1553480,138173,1,0,1
4533952,138174,1,0,1
2000624,138175,1,1,0
2328320,138176,1,1,0
5619128,138177,1,0,1
4464408,138178,1,0,1
1707280,138179,1,0,1
8035648,138180,1,1,0
2415144,138181,1,0,1
1048232,138182,1,1,0
1305824,138183,1,1,0
5300272,138184,1,0,1
4196824,138185,1,1,0
2552960,138186,1,1,0
1051344,138187,1,0,1
1856360,138188,1,0,1
6708304,138189,1,0,1
3460408,138190,1,0,1
1809808,138191,1,1,0
8012072,138192,1,1,0
1895288,138193,1,0,1
862080,138194,1,0,1
378504,138195,1,1,0
6822744,138196,1,1,0
2075496,138197,1,1,0
7854600,138198,1,0,1
7947672,138199,1,0,1
5793576,138200,1,1,0
2336744,138201,1,0,1
4665336,138202,1,0,1
659760,138203,1,1,0
4911072,138204,1,0,1
7921312,138205,1,1,0
1797880,138206,1,1,0
6750440,138207,1,1,0
3064448,138208,1,0,1
238728,138209,1,1,0
7897304,138210,1,0,1
452856,138211,1,0,1
2433200,138212,1,0,1
1477056,138213,1,0,1
697496,138214,1,1,0
778304,138215,1,0,1
8108824,138216,1,0,1
1399152,138217,1,1,0
4044264,138218,1,0,1
6346608,138219,1,1,0
903408,138220,1,1,0
1499280,138221,1,1,0
2372728,138222,1,0,1
2083728,138223,1,0,1
2453568,138224,1,0,1
5214264,138225,1,0,1
3675016,138226,1,1,0
1448008,138227,1,1,0
2814232,138228,1,0,1
3024888,138229,1,1,0
3907960,138230,1,1,0
107296,138231,1,1,0
118296,138232,1,0,1
1424616,138233,1,0,1
1383120,138234,1,0,1
4622504,138235,1,1,0
301224,138236,1,1,0
3648400,138237,1,1,0
6066064,138238,1,0,1
2816224,138239,1,1,0
153800,138240,1,0,1
341480,138241,1,1,0
8137024,138242,1,0,1
8133352,138243,1,0,1
3770616,138244,1,0,1
4254656,138245,1,1,0
2805760,138246,1,1,0
205680,138247,1,0,1
2046512,138248,1,0,1
2941336,138249,1,1,0
922144,138250,1,1,0
752424,138251,1,0,1
1032784,138252,1,0,1
5357968,138253,1,0,1
7831504,138254,1,1,0
6902688,138255,1,0,1
2428704,138256,1,0,1
459176,138257,1,1,0
7633840,138258,1,0,1
377296,138259,1,1,0
1694880,138260,1,1,0
7222232,138261,1,0,1
1132656,138262,1,1,0
2579144,138263,1,0,1
910768,138264,1,1,0
3185136,138265,1,1,0
3677224,138266,1,0,1
720600,138267,1,0,1
2116672,138268,1,1,0
1551016,138269,1,1,0
285280,138270,1,0,1
1933088,138271,1,1,0
3115360,138272,1,1,0
2659016,138273,1,1,0
3837304,138274,1,0,1
515760,138275,1,1,0
257656,138276,1,1,0
645416,138277,1,0,1
451232,138278,1,1,0
1690576,138279,1,1,0
3789264,138280,1,1,0
472776,138281,1,1,0
6331584,138282,1,1,0
8191216,138283,1,0,1
6316712,138284,1,1,0
912360,138285,1,1,0
2661656,138286,1,0,1
2845904,138287,1,0,1
5963136,138288,1,1,0
2509280,138289,1,1,0
7123752,138290,1,0,1
7913928,138291,1,1,0
4687568,138292,1,1,0
839488,138293,1,0,1
259064,138294,1,0,1
3880232,138295,1,0,1
2153736,138296,1,0,1
971632,138297,1,0,1
8331992,138298,1,0,1
1317080,138299,1,1,0
6868056,138300,1,0,1
6919888,138301,1,1,0
2245712,138302,1,1,0
880464,138303,1,0,1
386408,138304,1,1,0
641016,138305,1,1,0
380016,138306,1,0,1
939272,138307,1,1,0
4229600,138308,1,0,1
6026488,138309,1,0,1
1349520,138310,1,1,0
2928680,138311,1,1,0
5141704,138312,1,0,1
1919352,138313,1,0,1
4246696,138314,1,0,1
7808320,138315,1,1,0
912912,138316,1,0,1
2942224,138317,1,1,0
2354656,138318,1,0,1
1891440,138319,1,1,0
1215136,138320,1,1,0
243584,138321,1,0,1
281960,138322,1,1,0
369160,138323,1,1,0
1598328,138324,1,0,1
239512,138325,1,1,0
2791864,138326,1,0,1
993480,138327,1,0,1
3683248,138328,1,0,1
7639816,138329,1,0,1
5722192,138330,1,1,0
2289976,138331,1,1,0
2137824,138332,1,1,0
832856,138333,1,0,1
4653216,138334,1,0,1
951784,138335,1,0,1
6049416,138336,1,1,0
7349800,138337,1,0,1
4666112,138338,1,1,0
2374104,138339,1,0,1
4554240,138340,1,0,1
1338768,138341,1,0,1
467320,138342,1,1,0
1837712,138343,1,0,1
3576648,138344,1,0,1
1050104,138345,1,0,1
1492440,138346,1,1,0
3301600,138347,1,1,0
2898224,138348,1,1,0
2819976,138349,1,0,1
3370728,138350,1,1,0
8333352,138351,1,1,0
1649552,138352,1,0,1
1658376,138353,1,0,1
588800,138354,1,0,1
3678168,138355,1,1,0
771848,138356,1,1,0
2501312,138357,1,1,0
1461920,138358,1,1,0
3635736,138359,1,0,1
714360,138360,1,0,1
4552712,138361,1,1,0
5237656,138362,1,0,1
824728,138363,1,0,1
1648024,138364,1,1,0
824056,138365,1,1,0
2189784,138366,1,1,0
4167024,138367,1,1,0
2666848,138368,1,0,1
661616,138369,1,1,0
1109696,138370,1,0,1
5264944,138371,1,0,1
5044568,138372,1,0,1
6998824,138373,1,1,0
3061920,138374,1,1,0
786000,138375,1,0,1
1027008,138376,1,1,0
3310200,138377,1,1,0
195504,138378,1,0,1
981240,138379,1,1,0
2898120,138380,1,0,1
2265992,138381,1,1,0
357040,138382,1,0,1
6810640,138383,1,1,0
656896,138384,1,1,0
1347216,138385,1,0,1
4200992,138386,1,0,1
701280,138387,1,1,0
3858592,138388,1,1,0
7146784,138389,1,0,1
6876400,138390,1,1,0
4834344,138391,1,1,0
1932560,138392,1,0,1
206072,138393,1,0,1
115088,138394,1,0,1
2105696,138395,1,1,0
1390112,138396,1,1,0
2214064,138397,1,1,0
2178488,138398,1,1,0
1905808,138399,1,1,0
899472,138400,1,1,0
1263504,138401,1,0,1
1409456,138402,1,0,1
4790408,138403,1,1,0
3559696,138404,1,0,1
545040,138405,1,0,1
7368904,138406,1,1,0
5454760,138407,1,1,0
1632704,138408,1,1,0
1119336,138409,1,0,1
1811120,138410,1,1,0
523240,138411,1,1,0
64680,138412,1,0,1
5430056,138413,1,0,1
700496,138414,1,0,1
2979640,138415,1,0,1
7669136,138416,1,0,1
4942024,138417,1,1,0
1324192,138418,1,1,0
123184,138419,1,0,1
5560728,138420,1,1,0
5800736,138421,1,0,1
3836000,138422,1,1,0
858856,138423,1,1,0
6463960,138424,1,1,0
1648592,138425,1,1,0
741456,138426,1,1,0
1120016,138427,1,1,0
2408000,138428,1,0,1
627992,138429,1,1,0
5483560,138430,1,1,0
2902824,138431,1,0,1
1618576,138432,1,0,1
4601064,138433,1,0,1
4936800,138434,1,0,1
504776,138435,1,1,0
409888,138436,1,1,0
1012944,138437,1,1,0
1165392,138438,1,1,0
7968616,138439,1,1,0
4403648,138440,1,0,1
567896,138441,1,0,1
7353496,138442,1,0,1
1888360,138443,1,0,1
7048544,138444,1,0,1
7682768,138445,1,0,1
1321272,138446,1,1,0
697632,138447,1,0,1
912648,138448,1,1,0
907784,138449,1,0,1
4106560,138450,1,0,1
5863960,138451,1,0,1
5798104,138452,1,0,1
172288,138453,1,1,0
2628328,138454,1,0,1
698696,138455,1,1,0
1316800,138456,1,1,0
98184,138457,1,1,0
1145944,138458,1,0,1
1288600,138459,1,0,1
7610112,138460,1,0,1
2095608,138461,1,1,0
7595256,138462,1,0,1
2689632,138463,1,1,0
3429512,138464,1,0,1
708240,138465,1,0,1
3003696,138466,1,0,1
1679248,138467,1,0,1
411736,138468,1,0,1
1351880,138469,1,1,0
703056,138470,1,1,0
1558656,138471,1,0,1
561896,138472,1,1,0
7073400,138473,1,1,0
7489096,138474,1,0,1
1707152,138475,1,0,1
7810576,138476,1,0,1
5171592,138477,1,1,0
1163216,138478,1,1,0
1447952,138479,1,0,1
2995552,138480,1,0,1
2724560,138481,1,0,1
7878808,138482,1,1,0
3453328,138483,1,1,0
1636952,138484,1,1,0
7831584,138485,1,1,0
893808,138486,1,1,0
1320208,138487,1,0,1
696072,138488,1,0,1
2432408,138489,1,1,0
167056,138490,1,0,1
1090576,138491,1,1,0
2386496,138492,1,0,1
2790312,138493,1,0,1
583920,138494,1,0,1
2059136,138495,1,0,1
757568,138496,1,1,0
1003336,138497,1,1,0
4035704,138498,1,0,1
4654952,138499,1,0,1
7393656,138500,1,0,1
1474480,138501,1,1,0
586464,138502,1,1,0
4198888,138503,1,0,1
579512,138504,1,1,0
962280,138505,1,0,1
4313112,138506,1,0,1
1649488,138507,1,0,1
2517968,138508,1,1,0
6080624,138509,1,1,0
6579552,138510,1,1,0
1661896,138511,1,0,1
298392,138512,1,1,0
812576,138513,1,1,0
3012624,138514,1,0,1
2451592,138515,1,1,0
2246336,138516,1,1,0
5978936,138517,1,0,1
1102400,138518,1,1,0
1492160,138519,1,1,0
8182992,138520,1,0,1
1386792,138521,1,0,1
7513824,138522,1,1,0
3474936,138523,1,0,1
3428704,138524,1,1,0
8335048,138525,1,0,1
3329152,138526,1,0,1
2667488,138527,1,0,1
1584520,138528,1,1,0
4964640,138529,1,0,1
973984,138530,1,0,1
6825440,138531,1,1,0
134960,138532,1,1,0
2289232,138533,1,0,1
5844360,138534,1,0,1
473632,138535,1,0,1
1088752,138536,1,0,1
4842016,138537,1,1,0
1235384,138538,1,1,0
178520,138539,1,0,1
3824032,138540,1,0,1
329240,138541,1,0,1
2797160,138542,1,1,0
3340616,138543,1,1,0
2497672,138544,1,1,0
1217120,138545,1,1,0
4591968,138546,1,0,1
1868496,138547,1,1,0
1179136,138548,1,0,1
3059800,138549,1,1,0
777520,138550,1,1,0
1242304,138551,1,1,0
854032,138552,1,0,1
3726416,138553,1,1,0
6708840,138554,1,0,1
3520064,138555,1,1,0
4364000,138556,1,1,0
4149576,138557,1,1,0
255064,138558,1,0,1
7583048,138559,1,0,1
6781848,138560,1,1,0
1637544,138561,1,0,1
6711760,138562,1,0,1
7837704,138563,1,0,1
2635552,138564,1,1,0
4286608,138565,1,1,0
5793624,138566,1,0,1
85832,138567,1,1,0
3888600,138568,1,0,1
1032064,138569,1,0,1
6052792,138570,1,1,0
4024648,138571,1,1,0
6585600,138572,1,1,0
4577344,138573,1,0,1
2077384,138574,1,1,0
638088,138575,1,0,1
3648296,138576,1,1,0
1415360,138577,1,0,1
3488448,138578,1,1,0
5542272,138579,1,1,0
189192,138580,1,0,1
5548800,138581,1,1,0
1610064,138582,1,0,1
5460040,138583,1,1,0
965056,138584,1,0,1
7400856,138585,1,0,1
2237312,138586,1,0,1
835496,138587,1,0,1
2696744,138588,1,1,0
2784912,138589,1,1,0
2488192,138590,1,0,1
2082488,138591,1,0,1
1543920,138592,1,1,0
285104,138593,1,1,0
2164616,138594,1,0,1
6048456,138595,1,0,1
2019336,138596,1,0,1
3722368,138597,1,1,0
5034464,138598,1,0,1
6332048,138599,1,0,1
6584936,138600,1,1,0
263200,138601,1,1,0
2774480,138602,1,1,0
2336816,138603,1,1,0
1512320,138604,1,0,1
3703120,138605,1,0,1
432000,138606,1,0,1
3585792,138607,1,1,0
3555256,138608,1,0,1
1043336,138609,1,0,1
3997904,138610,1,0,1
2326936,138611,1,0,1
2374760,138612,1,0,1
4757784,138613,1,1,0
1146384,138614,1,0,1
1347040,138615,1,1,0
4286984,138616,1,1,0
1510792,138617,1,0,1
1105816,138618,1,0,1
3343472,138619,1,1,0
2399672,138620,1,1,0
1466816,138621,1,0,1
3438360,138622,1,1,0
1286704,138623,1,1,0
1742920,138624,1,0,1
2003376,138625,1,0,1
2966704,138626,1,1,0
2898104,138627,1,0,1
1147200,138628,1,0,1
5691400,138629,1,1,0
5379600,138630,1,0,1
110544,138631,1,0,1
1483392,138632,1,0,1
1722136,138633,1,1,0
2686600,138634,1,1,0
2496528,138635,1,1,0
3894584,138636,1,0,1
2414368,138637,1,0,1
2676160,138638,1,0,1
8238360,138639,1,1,0
1433720,138640,1,0,1
4156368,138641,1,0,1
1668568,138642,1,1,0
3962416,138643,1,0,1
4929536,138644,1,1,0
1789608,138645,1,0,1
2750424,138646,1,1,0
716480,138647,1,0,1
4244896,138648,1,1,0
5716352,138649,1,1,0
5069872,138650,1,1,0
899312,138651,1,1,0
6571680,138652,1,0,1
4288832,138653,1,1,0
565944,138654,1,0,1
7048968,138655,1,1,0
957328,138656,1,1,0
691672,138657,1,1,0
4037968,138658,1,0,1
3471248,138659,1,0,1
907448,138660,1,0,1
3795920,138661,1,1,0
3694360,138662,1,0,1
1349096,138663,1,1,0
8227592,138664,1,1,0
1203248,138665,1,1,0
403592,138666,1,1,0
4028160,138667,1,1,0
7233160,138668,1,1,0
3484928,138669,1,0,1
664200,138670,1,0,1
2413424,138671,1,0,1
4934496,138672,1,0,1
403784,138673,1,0,1
3303904,138674,1,0,1
194096,138675,1,0,1
4014472,138676,1,0,1
1451632,138677,1,1,0
1532952,138678,1,0,1
900648,138679,1,0,1
5628808,138680,1,1,0
4334400,138681,1,1,0
250904,138682,1,1,0
5803392,138683,1,1,0
5165008,138684,1,1,0
428024,138685,1,1,0
863600,138686,1,1,0
1074640,138687,1,1,0
856760,138688,1,1,0
4368048,138689,1,1,0
1790648,138690,1,1,0
1078632,138691,1,1,0
1424176,138692,1,1,0
7049328,138693,1,0,1
1937768,138694,1,1,0
3298040,138695,1,1,0
670592,138696,1,1,0
6154728,138697,1,1,0
4611144,138698,1,1,0
741040,138699,1,1,0
7009832,138700,1,1,0
865456,138701,1,0,1
3471080,138702,1,0,1
1353720,138703,1,0,1
1474512,138704,1,1,0
5003464,138705,1,1,0
1450808,138706,1,1,0
4634312,138707,1,0,1
3260816,138708,1,0,1
1879008,138709,1,0,1
366480,138710,1,0,1
1049912,138711,1,1,0
3341760,138712,1,0,1
7212120,138713,1,0,1
3237792,138714,1,0,1
396896,138715,1,0,1
7845128,138716,1,1,0
4339920,138717,1,1,0
785928,138718,1,0,1
5393760,138719,1,0,1
3522792,138720,1,0,1
1520304,138721,1,0,1
263640,138722,1,1,0
6589200,138723,1,0,1
3393768,138724,1,1,0
5918976,138725,1,1,0
8107848,138726,1,1,0
7164744,138727,1,0,1
3593016,138728,1,0,1
460376,138729,1,0,1
873256,138730,1,1,0
4496136,138731,1,1,0
661296,138732,1,0,1
2391408,138733,1,1,0
1042872,138734,1,0,1
3057584,138735,1,0,1
214576,138736,1,1,0
5021968,138737,1,1,0
3511344,138738,1,0,1
7505736,138739,1,0,1
943408,138740,1,0,1
2696816,138741,1,1,0
3516904,138742,1,1,0
255040,138743,1,1,0
5911680,138744,1,1,0
2798584,138745,1,1,0
6126592,138746,1,1,0
1471032,138747,1,0,1
940584,138748,1,0,1
582680,138749,1,1,0
2123080,138750,1,1,0
6830160,138751,1,1,0
5914008,138752,1,1,0
552240,138753,1,1,0
5278584,138754,1,1,0
3402928,138755,1,0,1
1192648,138756,1,1,0
2727976,138757,1,1,0
2989312,138758,1,0,1
632488,138759,1,0,1
442464,138760,1,0,1
617440,138761,1,1,0
7401648,138762,1,0,1
539280,138763,1,1,0
2034040,138764,1,0,1
541264,138765,1,1,0
226376,138766,1,0,1
2633608,138767,1,0,1
7277512,138768,1,0,1
5887000,138769,1,1,0
676560,138770,1,1,0
654992,138771,1,1,0
550888,138772,1,0,1
8182736,138773,1,1,0
276072,138774,1,1,0
363032,138775,1,1,0
5196608,138776,1,1,0
581768,138777,1,0,1
702600,138778,1,0,1
1987992,138779,1,1,0
4272968,138780,1,0,1
678648,138781,1,0,1
3194504,138782,1,1,0
114632,138783,1,1,0
1352352,138784,1,0,1
6652104,138785,1,0,1
2641592,138786,1,1,0
3205408,138787,1,1,0
1162520,138788,1,1,0
3237072,138789,1,1,0
7713048,138790,1,1,0
3179944,138791,1,0,1
4839120,138792,1,1,0
794304,138793,1,0,1
538000,138794,1,1,0
1379480,138795,1,0,1
682184,138796,1,0,1
502224,138797,1,1,0
1549656,138798,1,0,1
2995952,138799,1,1,0
1033216,138800,1,1,0
207328,138801,1,0,1
717504,138802,1,1,0
5927344,138803,1,0,1
543440,138804,1,0,1
672416,138805,1,1,0
6111072,138806,1,0,1
3397016,138807,1,0,1
1569128,138808,1,1,0
166544,138809,1,0,1
585112,138810,1,0,1
6636736,138811,1,1,0
1644656,138812,1,1,0
3621744,138813,1,0,1
4169904,138814,1,1,0
1841120,138815,1,0,1
1465840,138816,1,1,0
6352256,138817,1,1,0
724072,138818,1,1,0
1711328,138819,1,1,0
1796528,138820,1,0,1
5779480,138821,1,1,0
2257328,138822,1,0,1
4320568,138823,1,1,0
7526240,138824,1,0,1
1530456,138825,1,1,0
1150176,138826,1,0,1
5321240,138827,1,1,0
5882504,138828,1,0,1
6984856,138829,1,0,1
3478080,138830,1,1,0
1215648,138831,1,1,0
3850080,138832,1,0,1
6236336,138833,1,0,1
565128,138834,1,1,0
4910944,138835,1,0,1
8093072,138836,1,1,0
486240,138837,1,1,0
388800,138838,1,1,0
5404104,138839,1,0,1
309184,138840,1,1,0
4610008,138841,1,1,0
3414328,138842,1,0,1
296464,138843,1,0,1
2304768,138844,1,1,0
2097024,138845,1,0,1
5860352,138846,1,1,0
925600,138847,1,1,0
538456,138848,1,1,0
636824,138849,1,1,0
2961480,138850,1,1,0
2100464,138851,1,1,0
1776016,138852,1,0,1
3127784,138853,1,0,1
1271584,138854,1,0,1
3194944,138855,1,0,1
2133264,138856,1,1,0
1992888,138857,1,1,0
7344072,138858,1,0,1
1511576,138859,1,0,1
514776,138860,1,1,0
5135088,138861,1,1,0
4291168,138862,1,1,0
6028000,138863,1,0,1
1412984,138864,1,0,1
750088,138865,1,1,0
361952,138866,1,1,0
5564872,138867,1,1,0
7398832,138868,1,1,0
7229112,138869,1,1,0
763272,138870,1,0,1
2771976,138871,1,0,1
8099056,138872,1,0,1
2484712,138873,1,0,1
1035144,138874,1,1,0
735984,138875,1,0,1
6438472,138876,1,1,0
647968,138877,1,0,1
3400744,138878,1,0,1
1813528,138879,1,1,0
3004072,138880,1,0,1
530928,138881,1,0,1
7088112,138882,1,1,0
2391712,138883,1,0,1
804512,138884,1,0,1
1094104,138885,1,1,0
2568488,138886,1,0,1
1173464,138887,1,1,0
1317776,138888,1,0,1
5458832,138889,1,0,1
3566880,138890,1,0,1
3716720,138891,1,1,0
1649920,138892,1,1,0
7554992,138893,1,1,0
3991392,138894,1,1,0
2491048,138895,1,1,0
4334208,138896,1,1,0
637880,138897,1,0,1
1287872,138898,1,0,1
1438928,138899,1,0,1
7869712,138900,1,0,1
7521600,138901,1,0,1
7362232,138902,1,0,1
3058208,138903,1,0,1
6886968,138904,1,0,1
2180544,138905,1,1,0
8212184,138906,1,0,1
1121560,138907,1,0,1
751136,138908,1,0,1
7619952,138909,1,1,0
990120,138910,1,0,1
1108584,138911,1,1,0
3450096,138912,1,1,0
4286848,138913,1,0,1
3030104,138914,1,0,1
1615224,138915,1,0,1
2286512,138916,1,1,0
596272,138917,1,0,1
467688,138918,1,0,1
2981272,138919,1,0,1
4209672,138920,1,0,1
916448,138921,1,1,0
7390096,138922,1,0,1
3225376,138923,1,0,1
1927000,138924,1,1,0
2960168,138925,1,0,1
420824,138926,1,1,0
5931312,138927,1,0,1
5265184,138928,1,1,0
5288736,138929,1,0,1
8369864,138930,1,0,1
1371320,138931,1,1,0
6853800,138932,1,1,0
188016,138933,1,1,0
5682400,138934,1,0,1
729064,138935,1,0,1
1661072,138936,1,1,0
2404400,138937,1,1,0
775824,138938,1,0,1
5884536,138939,1,1,0
868760,138940,1,0,1
1563904,138941,1,1,0
4484640,138942,1,0,1
1794000,138943,1,1,0
1950408,138944,1,0,1
7199896,138945,1,1,0
754176,138946,1,0,1
5687576,138947,1,1,0
8182272,138948,1,0,1
4991344,138949,1,1,0
4073528,138950,1,0,1
1597368,138951,1,0,1
6957480,138952,1,0,1
4208072,138953,1,1,0
1313160,138954,1,0,1
4108888,138955,1,1,0
5611040,138956,1,0,1
1136496,138957,1,0,1
810704,138958,1,1,0
5968440,138959,1,0,1
8117232,138960,1,0,1
679712,138961,1,1,0
8252216,138962,1,0,1
258288,138963,1,1,0
658008,138964,1,1,0
3085936,138965,1,1,0
5930528,138966,1,1,0
2669160,138967,1,0,1
1542376,138968,1,0,1
1632968,138969,1,0,1
229216,138970,1,1,0
1589184,138971,1,1,0
8368792,138972,1,0,1
690704,138973,1,0,1
661624,138974,1,1,0
622712,138975,1,1,0
1371824,138976,1,0,1
1025736,138977,1,0,1
1062704,138978,1,0,1
2874992,138979,1,0,1
437648,138980,1,1,0
360968,138981,1,0,1
2772352,138982,1,1,0
1457968,138983,1,0,1
1981816,138984,1,1,0
2451552,138985,1,0,1
1943960,138986,1,1,0
1689040,138987,1,1,0
2272424,138988,1,1,0
1386240,138989,1,1,0
1803360,138990,1,1,0
4425872,138991,1,0,1
2030344,138992,1,0,1
3688720,138993,1,1,0
582160,138994,1,0,1
1423976,138995,1,0,1
7269952,138996,1,1,0
4020872,138997,1,1,0
166112,138998,1,1,0
3097576,138999,1,1,0
6575976,139000,1,1,0
1544824,139001,1,1,0
7207368,139002,1,0,1
6073560,139003,1,0,1
7579080,139004,1,1,0
323968,139005,1,1,0
6416448,139006,1,0,1
2477888,139007,1,0,1
2601952,139008,1,0,1
1433864,139009,1,1,0
5640216,139010,1,1,0
3416208,139011,1,1,0
729592,139012,1,0,1
748632,139013,1,1,0
4104528,139014,1,0,1
416304,139015,1,1,0
4728672,139016,1,1,0
2552384,139017,1,1,0
8017248,139018,1,1,0
814008,139019,1,1,0
663936,139020,1,1,0
655160,139021,1,0,1
7633536,139022,1,0,1
610408,139023,1,1,0
4113464,139024,1,0,1
6031288,139025,1,1,0
6888296,139026,1,0,1
7580712,139027,1,1,0
7899912,139028,1,0,1
2281280,139029,1,0,1
220360,139030,1,0,1
2485040,139031,1,0,1
5070016,139032,1,0,1
2761608,139033,1,0,1
7427312,139034,1,1,0
6184544,139035,1,1,0
253968,139036,1,1,0
1612648,139037,1,0,1
6637592,139038,1,1,0
2102704,139039,1,0,1
1746960,139040,1,0,1
7301552,139041,1,1,0
247280,139042,1,0,1
229256,139043,1,0,1
2192944,139044,1,0,1
2861336,139045,1,0,1
655696,139046,1,0,1
978472,139047,1,1,0
1823472,139048,1,1,0
1304312,139049,1,1,0
4886920,139050,1,1,0
317216,139051,1,0,1
1597520,139052,1,0,1
3173760,139053,1,1,0
1132736,139054,1,1,0
8087784,139055,1,1,0
864288,139056,1,1,0
295528,139057,1,1,0
368472,139058,1,0,1
905792,139059,1,0,1
1436344,139060,1,0,1
1863896,139061,1,1,0
1170408,139062,1,0,1
2517896,139063,1,1,0
583600,139064,1,1,0
2437520,139065,1,1,0
2353752,139066,1,1,0
6323192,139067,1,0,1
851936,139068,1,0,1
113800,139069,1,0,1
5313936,139070,1,0,1
219256,139071,1,1,0
5126656,139072,1,0,1
2301832,139073,1,0,1
2293248,139074,1,1,0
4431600,139075,1,1,0
4036320,139076,1,1,0
5752008,139077,1,1,0
5111600,139078,1,0,1
7471616,139079,1,1,0
233856,139080,1,1,0
711920,139081,1,1,0
7649376,139082,1,0,1
3312120,139083,1,0,1
519312,139084,1,1,0
5640224,139085,1,1,0
902288,139086,1,1,0
6007824,139087,1,0,1
1078824,139088,1,0,1
1578824,139089,1,0,1
4660976,139090,1,0,1
5376136,139091,1,1,0
427736,139092,1,1,0
900680,139093,1,0,1
4464200,139094,1,0,1
577144,139095,1,0,1
7378240,139096,1,1,0
4946728,139097,1,1,0
489416,139098,1,1,0
1062240,139099,1,0,1
2232184,139100,1,0,1
5081048,139101,1,0,1
1907696,139102,1,0,1
1431008,139103,1,1,0
1205744,139104,1,0,1
3808904,139105,1,1,0
2018832,139106,1,0,1
2646632,139107,1,1,0
4070328,139108,1,1,0
5602296,139109,1,1,0
1302680,139110,1,1,0
645744,139111,1,0,1
8325744,139112,1,1,0
479408,139113,1,0,1
2653136,139114,1,0,1
6336632,139115,1,1,0
2867864,139116,1,0,1
1421680,139117,1,0,1
6310392,139118,1,1,0
7485144,139119,1,1,0
546544,139120,1,1,0
3027144,139121,1,1,0
5222464,139122,1,0,1
1970152,139123,1,0,1
5166000,139124,1,0,1
220656,139125,1,0,1
2062600,139126,1,0,1
5120656,139127,1,0,1
2774736,139128,1,1,0
7919272,139129,1,1,0
5475800,139130,1,1,0
406224,139131,1,0,1
6972496,139132,1,1,0
7047600,139133,1,0,1
1339784,139134,1,0,1
2978040,139135,1,0,1
3430824,139136,1,0,1
1199920,139137,1,0,1
526344,139138,1,0,1
386256,139139,1,0,1
129120,139140,1,1,0
795088,139141,1,1,0
1761776,139142,1,0,1
1160848,139143,1,0,1
6213256,139144,1,0,1
2905472,139145,1,1,0
1181144,139146,1,1,0
3199048,139147,1,1,0
4731296,139148,1,0,1
2758040,139149,1,0,1
2370896,139150,1,1,0
7225128,139151,1,0,1
5965456,139152,1,0,1
4500424,139153,1,1,0
2884560,139154,1,0,1
1188336,139155,1,0,1
726112,139156,1,0,1
4697768,139157,1,1,0
633080,139158,1,0,1
1278608,139159,1,1,0
158312,139160,1,1,0
1658880,139161,1,0,1
3943408,139162,1,0,1
1380528,139163,1,0,1
6842920,139164,1,0,1
5105208,139165,1,1,0
2796928,139166,1,1,0
562840,139167,1,1,0
3565512,139168,1,0,1
1400064,139169,1,0,1
739824,139170,1,0,1
4175776,139171,1,1,0
2771624,139172,1,1,0
6661984,139173,1,1,0
1931864,139174,1,0,1
5533528,139175,1,1,0
7400176,139176,1,1,0
1196784,139177,1,1,0
3202264,139178,1,1,0
2432992,139179,1,1,0
2943176,139180,1,1,0
7278424,139181,1,1,0
380088,139182,1,0,1
6355312,139183,1,0,1
6419624,139184,1,1,0
1305080,139185,1,0,1
2422256,139186,1,1,0
3896128,139187,1,1,0
1709000,139188,1,1,0
3634376,139189,1,1,0
4130976,139190,1,0,1
400488,139191,1,0,1
694104,139192,1,1,0
7626656,139193,1,0,1
672488,139194,1,0,1
3469312,139195,1,1,0
587864,139196,1,1,0
2541120,139197,1,1,0
7647024,139198,1,1,0
8308016,139199,1,1,0
3353320,139200,1,1,0
2698608,139201,1,0,1
473048,139202,1,0,1
2536904,139203,1,0,1
4788512,139204,1,1,0
2461656,139205,1,1,0
1740416,139206,1,0,1
2642624,139207,1,1,0
8312600,139208,1,1,0
3474408,139209,1,1,0
4833248,139210,1,1,0
1077936,139211,1,1,0
483512,139212,1,1,0
2797376,139213,1,0,1
2054208,139214,1,0,1
1590104,139215,1,1,0
3960376,139216,1,0,1
384736,139217,1,1,0
4395688,139218,1,1,0
3451224,139219,1,1,0
1664680,139220,1,1,0
5969928,139221,1,0,1
5800576,139222,1,1,0
5392264,139223,1,0,1
5221272,139224,1,0,1
7653480,139225,1,0,1
6403624,139226,1,0,1
3782512,139227,1,0,1
1608088,139228,1,0,1
516272,139229,1,0,1
4038024,139230,1,0,1
701136,139231,1,1,0
454000,139232,1,0,1
3425848,139233,1,0,1
1039200,139234,1,1,0
7805512,139235,1,1,0
6519400,139236,1,1,0
1966696,139237,1,1,0
3183520,139238,1,0,1
1518856,139239,1,0,1
4866392,139240,1,1,0
1145424,139241,1,1,0
2359544,139242,1,1,0
4240032,139243,1,0,1
2995984,139244,1,1,0
2595392,139245,1,0,1
437000,139246,1,1,0
4207680,139247,1,1,0
4187704,139248,1,0,1
4988536,139249,1,0,1
1683544,139250,1,0,1
802728,139251,1,1,0
3365952,139252,1,1,0
573208,139253,1,0,1
259624,139254,1,0,1
2458464,139255,1,0,1
853376,139256,1,0,1
305248,139257,1,0,1
877440,139258,1,0,1
4351072,139259,1,1,0
1315784,139260,1,1,0
1301696,139261,1,0,1
1429024,139262,1,0,1
5908656,139263,1,0,1
1476520,139264,1,1,0
118344,139265,1,0,1
1229360,139266,1,0,1
765896,139267,1,0,1
3303152,139268,1,1,0
1035304,139269,1,0,1
453232,139270,1,0,1
1855120,139271,1,1,0
2116040,139272,1,1,0
4950632,139273,1,1,0
6144912,139274,1,0,1
1398480,139275,1,0,1
674448,139276,1,0,1
342824,139277,1,0,1
517368,139278,1,0,1
1753896,139279,1,0,1
2019056,139280,1,0,1
893672,139281,1,0,1
1436848,139282,1,0,1
2266064,139283,1,1,0
555392,139284,1,1,0
2691128,139285,1,1,0
6449136,139286,1,0,1
6166896,139287,1,0,1
617568,139288,1,1,0
1625656,139289,1,0,1
1135976,139290,1,1,0
5840104,139291,1,0,1
437064,139292,1,1,0
4771072,139293,1,0,1
2287904,139294,1,1,0
2640992,139295,1,1,0
314600,139296,1,1,0
2447112,139297,1,0,1
3875120,139298,1,0,1
1529616,139299,1,1,0
3870552,139300,1,0,1
8312088,139301,1,1,0
7801280,139302,1,0,1
911536,139303,1,1,0
3278336,139304,1,1,0
5532024,139305,1,1,0
2089264,139306,1,0,1
4269664,139307,1,1,0
5152696,139308,1,1,0
1041704,139309,1,1,0
4738048,139310,1,1,0
8024648,139311,1,1,0
3414048,139312,1,1,0
292160,139313,1,0,1
7253344,139314,1,1,0
702608,139315,1,1,0
4103248,139316,1,0,1
1472424,139317,1,0,1
1418680,139318,1,0,1
758320,139319,1,1,0
6930216,139320,1,1,0
8243464,139321,1,1,0
3543560,139322,1,1,0
1203712,139323,1,0,1
911920,139324,1,1,0
1714552,139325,1,0,1
7948968,139326,1,0,1
775464,139327,1,1,0
7085048,139328,1,0,1
5701152,139329,1,0,1
256560,139330,1,0,1
3744400,139331,1,0,1
64672,139332,1,0,1
2236488,139333,1,0,1
6971696,139334,1,1,0
4531128,139335,1,0,1
2632912,139336,1,0,1
3816464,139337,1,1,0
269112,139338,1,1,0
2242424,139339,1,1,0
622688,139340,1,0,1
2688352,139341,1,0,1
3125720,139342,1,0,1
3830768,139343,1,1,0
3816512,139344,1,0,1
7047656,139345,1,0,1
835048,139346,1,0,1
2996704,139347,1,1,0
1667128,139348,1,1,0
518160,139349,1,1,0
1577120,139350,1,0,1
222392,139351,1,0,1
7090760,139352,1,0,1
4658360,139353,1,0,1
638120,139354,1,1,0
508288,139355,1,0,1
7194392,139356,1,0,1
6339752,139357,1,1,0
2526008,139358,1,1,0
2058584,139359,1,1,0
739992,139360,1,1,0
3045440,139361,1,0,1
821864,139362,1,1,0
2763256,139363,1,1,0
7852424,139364,1,0,1
598680,139365,1,0,1
6710056,139366,1,1,0
3415344,139367,1,0,1
2975712,139368,1,0,1
1583856,139369,1,1,0
1963184,139370,1,0,1
534080,139371,1,1,0
1487616,139372,1,1,0
6180720,139373,1,1,0
3574360,139374,1,1,0
4895768,139375,1,1,0
1575456,139376,1,1,0
1984944,139377,1,0,1
909840,139378,1,1,0
1152072,139379,1,0,1
7950640,139380,1,0,1
4713400,139381,1,0,1
363792,139382,1,0,1
2883936,139383,1,1,0
1315664,139384,1,1,0
387640,139385,1,0,1
3689528,139386,1,0,1
7568824,139387,1,0,1
1010256,139388,1,0,1
1865752,139389,1,1,0
7016608,139390,1,1,0
1372432,139391,1,1,0
6424760,139392,1,1,0
947064,139393,1,1,0
5540872,139394,1,0,1
1014880,139395,1,1,0
1981928,139396,1,1,0
550424,139397,1,0,1
3521928,139398,1,1,0
2593712,139399,1,1,0
5026784,139400,1,0,1
970872,139401,1,0,1
3005936,139402,1,0,1
456920,139403,1,0,1
637168,139404,1,1,0
7258656,139405,1,1,0
8179352,139406,1,0,1
292888,139407,1,1,0
304992,139408,1,0,1
220352,139409,1,0,1
2755008,139410,1,0,1
3129560,139411,1,0,1
1393064,139412,1,0,1
426688,139413,1,0,1
145584,139414,1,0,1
3574088,139415,1,1,0
1401352,139416,1,1,0
6705312,139417,1,1,0
591304,139418,1,0,1
3577408,139419,1,1,0
2653816,139420,1,1,0
331448,139421,1,0,1
2178192,139422,1,1,0
1170288,139423,1,1,0
4132680,139424,1,1,0
939016,139425,1,1,0
1121944,139426,1,1,0
6192672,139427,1,0,1
1035384,139428,1,0,1
4633904,139429,1,1,0
1278360,139430,1,1,0
1797008,139431,1,0,1
1872016,139432,1,1,0
218968,139433,1,1,0
2767464,139434,1,0,1
521112,139435,1,1,0
715368,139436,1,1,0
6987264,139437,1,1,0
822728,139438,1,1,0
2062472,139439,1,0,1
6720208,139440,1,0,1
459480,139441,1,0,1
2465712,139442,1,1,0
1071320,139443,1,1,0
422736,139444,1,1,0
4693680,139445,1,0,1
826976,139446,1,1,0
3307552,139447,1,0,1
6625680,139448,1,1,0
436784,139449,1,1,0
3054920,139450,1,0,1
1226696,139451,1,0,1
2923000,139452,1,1,0
3282264,139453,1,0,1
8215944,139454,1,0,1
1306032,139455,1,1,0
5980296,139456,1,1,0
682976,139457,1,0,1
1767560,139458,1,0,1
5361072,139459,1,1,0
1388504,139460,1,0,1
266968,139461,1,1,0
366440,139462,1,1,0
1274728,139463,1,0,1
1831472,139464,1,1,0
2179160,139465,1,1,0
1925112,139466,1,0,1
2233464,139467,1,1,0
932160,139468,1,0,1
1519216,139469,1,0,1
1386032,139470,1,1,0
7395432,139471,1,1,0
2766408,139472,1,1,0
967136,139473,1,1,0
6050112,139474,1,0,1
726032,139475,1,0,1
195496,139476,1,1,0
3460840,139477,1,0,1
638456,139478,1,1,0
3211128,139479,1,1,0
603144,139480,1,1,0
3729400,139481,1,1,0
429552,139482,1,1,0
1063216,139483,1,0,1
422784,139484,1,1,0
1315024,139485,1,0,1
3854392,139486,1,0,1
1874744,139487,1,0,1
1115472,139488,1,1,0
1468480,139489,1,1,0
8292464,139490,1,0,1
5399240,139491,1,1,0
2881320,139492,1,1,0
6353464,139493,1,0,1
2325016,139494,1,0,1
761312,139495,1,0,1
2357440,139496,1,1,0
1322944,139497,1,0,1
547584,139498,1,0,1
1944776,139499,1,1,0
1336528,139500,1,0,1
5515648,139501,1,1,0
4475648,139502,1,1,0
1540264,139503,1,0,1
1271968,139504,1,0,1
5434632,139505,1,1,0
5045080,139506,1,0,1
984472,139507,1,1,0
2650304,139508,1,1,0
3116968,139509,1,1,0
2094720,139510,1,0,1
7505696,139511,1,1,0
3687952,139512,1,0,1
8060200,139513,1,1,0
2192520,139514,1,0,1
2579056,139515,1,1,0
6356944,139516,1,1,0
943896,139517,1,1,0
4076352,139518,1,1,0
3128632,139519,1,1,0
2347888,139520,1,1,0
1945664,139521,1,0,1
735752,139522,1,0,1
704064,139523,1,1,0
139576,139524,1,1,0
265808,139525,1,1,0
341488,139526,1,0,1
253168,139527,1,1,0
540216,139528,1,1,0
1463776,139529,1,1,0
2115432,139530,1,0,1
682752,139531,1,1,0
8093736,139532,1,1,0
2357736,139533,1,1,0
3249184,139534,1,1,0
6941776,139535,1,1,0
175168,139536,1,0,1
919504,139537,1,0,1
3909352,139538,1,0,1
2242888,139539,1,1,0
6993216,139540,1,1,0
503744,139541,1,0,1
769096,139542,1,0,1
976616,139543,1,1,0
1881320,139544,1,1,0
384096,139545,1,1,0
238560,139546,1,0,1
2287688,139547,1,1,0
1127528,139548,1,1,0
1577600,139549,1,0,1
3147176,139550,1,1,0
2702752,139551,1,1,0
338864,139552,1,0,1
1014304,139553,1,1,0
559744,139554,1,1,0
1759216,139555,1,1,0
1897928,139556,1,1,0
7430824,139557,1,1,0
569776,139558,1,1,0
1354088,139559,1,1,0
3910424,139560,1,1,0
4685392,139561,1,0,1
917864,139562,1,1,0
3596032,139563,1,0,1
7100712,139564,1,1,0
1424472,139565,1,0,1
1354344,139566,1,1,0
6970824,139567,1,1,0
8141424,139568,1,1,0
7196256,139569,1,1,0
1440240,139570,1,0,1
7285072,139571,1,0,1
229128,139572,1,0,1
4950608,139573,1,1,0
7429368,139574,1,0,1
4055480,139575,1,0,1
2565288,139576,1,0,1
3714192,139577,1,1,0
4285136,139578,1,1,0
7418552,139579,1,0,1
3722528,139580,1,1,0
2645568,139581,1,0,1
1178584,139582,1,0,1
7225560,139583,1,0,1
333312,139584,1,1,0
3167584,139585,1,0,1
1576960,139586,1,1,0
6073904,139587,1,0,1
2033728,139588,1,0,1
7129776,139589,1,0,1
5966720,139590,1,0,1
559128,139591,1,1,0
3167392,139592,1,0,1
1875328,139593,1,0,1
4947112,139594,1,1,0
367640,139595,1,1,0
7276632,139596,1,0,1
3967704,139597,1,1,0
593432,139598,1,1,0
612600,139599,1,1,0
7102288,139600,1,0,1
4575760,139601,1,1,0
2032400,139602,1,1,0
1648704,139603,1,0,1
5168216,139604,1,0,1
1159720,139605,1,0,1
3731448,139606,1,0,1
1257024,139607,1,0,1
1477968,139608,1,0,1
1608168,139609,1,0,1
591360,139610,1,1,0
6706720,139611,1,0,1
7780240,139612,1,1,0
7619664,139613,1,0,1
1800744,139614,1,0,1
413016,139615,1,0,1
669472,139616,1,0,1
5483312,139617,1,0,1
4495256,139618,1,1,0
5013768,139619,1,1,0
1750128,139620,1,0,1
3040208,139621,1,1,0
984984,139622,1,0,1
7762640,139623,1,1,0
214608,139624,1,0,1
7112064,139625,1,1,0
7973416,139626,1,0,1
2099176,139627,1,0,1
925832,139628,1,0,1
407264,139629,1,0,1
3851544,139630,1,1,0
5200072,139631,1,1,0
979008,139632,1,1,0
372744,139633,1,1,0
8325496,139634,1,1,0
243400,139635,1,1,0
2497824,139636,1,1,0
487592,139637,1,0,1
5591432,139638,1,1,0
7970776,139639,1,1,0
1869520,139640,1,0,1
5907120,139641,1,0,1
5038312,139642,1,0,1
4701200,139643,1,1,0
7689448,139644,1,1,0
1495472,139645,1,1,0
885088,139646,1,1,0
469696,139647,1,1,0
547080,139648,1,0,1
3053080,139649,1,0,1
421368,139650,1,0,1
2420728,139651,1,0,1
2073280,139652,1,1,0
5395008,139653,1,0,1
1797240,139654,1,1,0
6044392,139655,1,1,0
3234520,139656,1,0,1
392800,139657,1,1,0
2053000,139658,1,1,0
3463312,139659,1,1,0
3991936,139660,1,0,1
102144,139661,1,0,1
526760,139662,1,1,0
7544200,139663,1,0,1
3699184,139664,1,1,0
4621760,139665,1,0,1
4807600,139666,1,0,1
2383848,139667,1,0,1
384152,139668,1,0,1
828432,139669,1,1,0
4427168,139670,1,1,0
7991504,139671,1,0,1
7712056,139672,1,0,1
7429704,139673,1,0,1
1127328,139674,1,1,0
7045808,139675,1,1,0
2501248,139676,1,1,0
1281648,139677,1,0,1
1928800,139678,1,1,0
1751856,139679,1,1,0
3184656,139680,1,0,1
414672,139681,1,1,0
3971464,139682,1,1,0
2479848,139683,1,0,1
7224136,139684,1,0,1
1030176,139685,1,1,0
2264400,139686,1,1,0
4857136,139687,1,1,0
1332432,139688,1,1,0
6924240,139689,1,1,0
66936,139690,1,0,1
2340856,139691,1,1,0
682776,139692,1,1,0
1529456,139693,1,1,0
1772088,139694,1,0,1
3200944,139695,1,1,0
6377392,139696,1,0,1
1794912,139697,1,0,1
3782976,139698,1,1,0
1410992,139699,1,1,0
427424,139700,1,1,0
2454024,139701,1,1,0
7355376,139702,1,0,1
1498488,139703,1,0,1
484912,139704,1,1,0
926120,139705,1,0,1
3600040,139706,1,0,1
3319600,139707,1,0,1
2676784,139708,1,0,1
4038680,139709,1,0,1
2309296,139710,1,1,0
2464512,139711,1,1,0
6090128,139712,1,1,0
150376,139713,1,0,1
4482656,139714,1,1,0
5865480,139715,1,0,1
5367096,139716,1,0,1
1016032,139717,1,0,1
1546992,139718,1,1,0
2127616,139719,1,0,1
4209264,139720,1,1,0
1322336,139721,1,1,0
2315376,139722,1,1,0
2328168,139723,1,1,0
242048,139724,1,0,1
6656472,139725,1,1,0
1127792,139726,1,0,1
4655640,139727,1,0,1
1910704,139728,1,0,1
5279200,139729,1,1,0
5187792,139730,1,1,0
917096,139731,1,0,1
874760,139732,1,0,1
697824,139733,1,0,1
7844016,139734,1,0,1
1012808,139735,1,0,1
6607408,139736,1,0,1
408848,139737,1,1,0
440104,139738,1,1,0
421104,139739,1,1,0
3495288,139740,1,1,0
5334864,139741,1,1,0
5377336,139742,1,1,0
1096480,139743,1,1,0
1133296,139744,1,0,1
2198192,139745,1,0,1
6069640,139746,1,1,0
1177728,139747,1,1,0
5532816,139748,1,1,0
4135224,139749,1,1,0
2439472,139750,1,0,1
348440,139751,1,1,0
4837496,139752,1,1,0
4738936,139753,1,0,1
991720,139754,1,0,1
187016,139755,1,1,0
4191840,139756,1,1,0
1485296,139757,1,0,1
2899024,139758,1,0,1
3982792,139759,1,1,0
3446136,139760,1,0,1
1695272,139761,1,0,1
1214840,139762,1,0,1
5258032,139763,1,1,0
8215160,139764,1,0,1
361112,139765,1,0,1
860272,139766,1,0,1
5868096,139767,1,0,1
5467040,139768,1,0,1
2593544,139769,1,0,1
349096,139770,1,1,0
3196648,139771,1,1,0
794856,139772,1,0,1
2911592,139773,1,1,0
1473088,139774,1,1,0
364280,139775,1,1,0
291008,139776,1,0,1
1904672,139777,1,1,0
1693664,139778,1,1,0
2701160,139779,1,0,1
2991320,139780,1,1,0
205352,139781,1,1,0
355056,139782,1,1,0
7372832,139783,1,0,1
5926168,139784,1,1,0
7441344,139785,1,0,1
1149968,139786,1,0,1
632728,139787,1,1,0
7276496,139788,1,0,1
3998000,139789,1,0,1
684272,139790,1,1,0
7988584,139791,1,0,1
2851288,139792,1,1,0
4099144,139793,1,0,1
2153576,139794,1,0,1
2142664,139795,1,0,1
727992,139796,1,0,1
373752,139797,1,0,1
1918352,139798,1,1,0
2752520,139799,1,0,1
6812888,139800,1,1,0
1946592,139801,1,0,1
516360,139802,1,1,0
7388480,139803,1,1,0
982976,139804,1,1,0
6160096,139805,1,1,0
5850408,139806,1,0,1
2041888,139807,1,1,0
4996168,139808,1,0,1
2785472,139809,1,0,1
5060784,139810,1,1,0
2044488,139811,1,1,0
4638600,139812,1,0,1
3843976,139813,1,0,1
711480,139814,1,0,1
164152,139815,1,1,0
5539120,139816,1,1,0
6765632,139817,1,1,0
309520,139818,1,1,0
5753832,139819,1,1,0
115280,139820,1,0,1
573240,139821,1,0,1
6143792,139822,1,1,0
4233504,139823,1,0,1
1817584,139824,1,0,1
8225952,139825,1,1,0
623768,139826,1,1,0
7397696,139827,1,1,0
5179112,139828,1,1,0
4916632,139829,1,1,0
4804184,139830,1,1,0
1905032,139831,1,0,1
4884608,139832,1,1,0
1275856,139833,1,1,0
1581368,139834,1,0,1
1626032,139835,1,1,0
2882752,139836,1,0,1
3188608,139837,1,0,1
322136,139838,1,1,0
1561056,139839,1,1,0
3189248,139840,1,0,1
1254136,139841,1,1,0
5200248,139842,1,1,0
8301712,139843,1,0,1
3809256,139844,1,1,0
1554000,139845,1,0,1
1065400,139846,1,1,0
341328,139847,1,1,0
4215976,139848,1,0,1
7619304,139849,1,1,0
4618528,139850,1,0,1
7111288,139851,1,1,0
7445496,139852,1,0,1
3047984,139853,1,0,1
8079712,139854,1,1,0
6298632,139855,1,0,1
7115592,139856,1,0,1
3217248,139857,1,1,0
2879896,139858,1,0,1
7021616,139859,1,0,1
709752,139860,1,0,1
3302360,139861,1,1,0
114200,139862,1,1,0
256824,139863,1,0,1
985584,139864,1,0,1
2784424,139865,1,0,1
1014720,139866,1,1,0
317056,139867,1,0,1
981328,139868,1,0,1
3477536,139869,1,0,1
4400192,139870,1,1,0
325664,139871,1,1,0
313624,139872,1,0,1
269672,139873,1,0,1
482880,139874,1,1,0
7338288,139875,1,1,0
1381512,139876,1,0,1
1987616,139877,1,1,0
374784,139878,1,0,1
1106152,139879,1,1,0
943280,139880,1,0,1
1524624,139881,1,0,1
3319696,139882,1,1,0
883808,139883,1,1,0
1012248,139884,1,0,1
6132360,139885,1,0,1
153840,139886,1,0,1
4398640,139887,1,1,0
2839432,139888,1,1,0
142832,139889,1,1,0
3428856,139890,1,1,0
1035712,139891,1,0,1
385216,139892,1,0,1
1511592,139893,1,1,0
5936296,139894,1,0,1
2133880,139895,1,0,1
4220176,139896,1,0,1
5134304,139897,1,0,1
2108168,139898,1,0,1
657744,139899,1,0,1
5400048,139900,1,0,1
2045792,139901,1,1,0
7902760,139902,1,0,1
1031408,139903,1,0,1
4064960,139904,1,1,0
2026240,139905,1,0,1
2170656,139906,1,0,1
2359336,139907,1,0,1
4285840,139908,1,0,1
330424,139909,1,1,0
6327536,139910,1,0,1
1313008,139911,1,0,1
6773544,139912,1,0,1
4233208,139913,1,0,1
351936,139914,1,0,1
1300872,139915,1,0,1
1193192,139916,1,1,0
2904416,139917,1,1,0
2042208,139918,1,1,0
7815480,139919,1,1,0
1751816,139920,1,1,0
547240,139921,1,0,1
1110088,139922,1,1,0
1615448,139923,1,0,1
304560,139924,1,1,0
764848,139925,1,0,1
4336840,139926,1,1,0
1852672,139927,1,1,0
1269784,139928,1,0,1
1957664,139929,1,0,1
6408824,139930,1,1,0
1473784,139931,1,1,0
7591432,139932,1,1,0
5841432,139933,1,1,0
7140216,139934,1,1,0
4550320,139935,1,0,1
2178416,139936,1,0,1
7671304,139937,1,1,0
7217936,139938,1,1,0
2533032,139939,1,0,1
813024,139940,1,1,0
1670000,139941,1,1,0
1059888,139942,1,0,1
1315856,139943,1,0,1
1923392,139944,1,1,0
384472,139945,1,0,1
3783440,139946,1,1,0
2077312,139947,1,0,1
5043048,139948,1,0,1
7640624,139949,1,1,0
8186760,139950,1,1,0
7880968,139951,1,0,1
5768928,139952,1,0,1
1333000,139953,1,1,0
5209056,139954,1,1,0
3697328,139955,1,1,0
1658176,139956,1,0,1
1744872,139957,1,0,1
5878672,139958,1,0,1
5681736,139959,1,0,1
684936,139960,1,1,0
1835264,139961,1,1,0
906320,139962,1,0,1
4488464,139963,1,1,0
2005224,139964,1,1,0
608536,139965,1,1,0
2336792,139966,1,0,1
3184984,139967,1,1,0
259912,139968,1,0,1
4381912,139969,1,0,1
1594576,139970,1,0,1
924248,139971,1,0,1
5268736,139972,1,1,0
1174056,139973,1,0,1
2635400,139974,1,1,0
3268816,139975,1,0,1
1527336,139976,1,0,1
4279432,139977,1,1,0
577272,139978,1,0,1
931064,139979,1,0,1
3426304,139980,1,1,0
7412424,139981,1,0,1
1508784,139982,1,0,1
7447920,139983,1,0,1
1229488,139984,1,1,0
2780608,139985,1,0,1
926368,139986,1,1,0
2537160,139987,1,1,0
2731272,139988,1,0,1
1582840,139989,1,1,0
2543192,139990,1,0,1
295680,139991,1,1,0
7434712,139992,1,1,0
5435480,139993,1,1,0
294368,139994,1,0,1
2464240,139995,1,0,1
278352,139996,1,1,0
6785704,139997,1,0,1
8353096,139998,1,0,1
2568792,139999,1,0,1
1638056,140000,1,0,1
3632064,140001,1,0,1
252424,140002,1,1,0
8136192,140003,1,1,0
1027160,140004,1,1,0
150896,140005,1,1,0
7865904,140006,1,1,0
4303688,140007,1,0,1
4024792,140008,1,1,0
715448,140009,1,0,1
614944,140010,1,0,1
1848888,140011,1,0,1
7247880,140012,1,0,1
878656,140013,1,0,1
1142768,140014,1,0,1
5063736,140015,1,0,1
1848032,140016,1,0,1
2654456,140017,1,0,1
4032864,140018,1,1,0
3341248,140019,1,0,1
5050688,140020,1,0,1
6794776,140021,1,0,1
2632672,140022,1,0,1
5646080,140023,1,0,1
369768,140024,1,1,0
3995176,140025,1,1,0
1542960,140026,1,1,0
2675976,140027,1,0,1
4665296,140028,1,1,0
5809128,140029,1,1,0
1953600,140030,1,0,1
5133016,140031,1,0,1
3459120,140032,1,1,0
7615360,140033,1,1,0
894920,140034,1,0,1
1066248,140035,1,1,0
528336,140036,1,0,1
3018800,140037,1,1,0
1105920,140038,1,0,1
604512,140039,1,1,0
261776,140040,1,0,1
5238736,140041,1,1,0
1782736,140042,1,0,1
4657568,140043,1,1,0
3470720,140044,1,0,1
717040,140045,1,0,1
2039920,140046,1,0,1
836920,140047,1,1,0
5793232,140048,1,1,0
3903992,140049,1,1,0
338144,140050,1,0,1
1429384,140051,1,0,1
4619800,140052,1,1,0
1543704,140053,1,0,1
6580936,140054,1,1,0
7556984,140055,1,1,0
2784984,140056,1,1,0
2210808,140057,1,0,1
268616,140058,1,1,0
6148032,140059,1,1,0
1998000,140060,1,0,1
3061552,140061,1,1,0
3666248,140062,1,0,1
3956416,140063,1,1,0
1830672,140064,1,1,0
1058128,140065,1,1,0
4874024,140066,1,0,1
1563704,140067,1,0,1
2848672,140068,1,0,1
808144,140069,1,1,0
2360144,140070,1,1,0
364704,140071,1,0,1
4391288,140072,1,0,1
4750976,140073,1,1,0
4231168,140074,1,0,1
321496,140075,1,0,1
92168,140076,1,0,1
4694216,140077,1,1,0
2123632,140078,1,1,0
5275512,140079,1,1,0
7337064,140080,1,1,0
2509704,140081,1,1,0
153664,140082,1,0,1
1980840,140083,1,1,0
569528,140084,1,1,0
3711176,140085,1,1,0
4701112,140086,1,1,0
1096960,140087,1,1,0
2278696,140088,1,1,0
1053720,140089,1,1,0
3323448,140090,1,1,0
5978784,140091,1,1,0
5971856,140092,1,0,1
5356880,140093,1,0,1
2935520,140094,1,1,0
6424736,140095,1,0,1
4537312,140096,1,0,1
4305752,140097,1,0,1
532976,140098,1,1,0
8152992,140099,1,1,0
6773880,140100,1,0,1
5386824,140101,1,1,0
7516920,140102,1,1,0
3654016,140103,1,1,0
4914056,140104,1,0,1
2723704,140105,1,1,0
5141216,140106,1,0,1
5165224,140107,1,1,0
5877240,140108,1,1,0
7842176,140109,1,0,1
3109136,140110,1,0,1
2555872,140111,1,0,1
404232,140112,1,0,1
125768,140113,1,0,1
900632,140114,1,1,0
2669800,140115,1,1,0
6656536,140116,1,0,1
7067440,140117,1,0,1
2019520,140118,1,0,1
2684016,140119,1,0,1
6056384,140120,1,0,1
1460832,140121,1,1,0
2578976,140122,1,0,1
4914672,140123,1,0,1
4640088,140124,1,0,1
3743616,140125,1,1,0
5181544,140126,1,0,1
5365680,140127,1,0,1
6376896,140128,1,1,0
2096240,140129,1,0,1
694240,140130,1,0,1
1656368,140131,1,1,0
177392,140132,1,0,1
552080,140133,1,0,1
6660864,140134,1,1,0
449184,140135,1,0,1
2615504,140136,1,0,1
2083272,140137,1,0,1
1705008,140138,1,1,0
5949424,140139,1,1,0
666088,140140,1,1,0
4535536,140141,1,1,0
883120,140142,1,0,1
7209376,140143,1,0,1
296896,140144,1,0,1
2095768,140145,1,1,0
376672,140146,1,1,0
7467272,140147,1,0,1
489224,140148,1,1,0
805728,140149,1,1,0
112512,140150,1,1,0
814320,140151,1,1,0
479288,140152,1,0,1
7137848,140153,1,0,1
3078664,140154,1,0,1
1487384,140155,1,1,0
6276856,140156,1,0,1
2291944,140157,1,1,0
789224,140158,1,1,0
4342360,140159,1,1,0
2664296,140160,1,1,0
3501024,140161,1,1,0
1913968,140162,1,0,1
970192,140163,1,0,1
3490936,140164,1,0,1
4312064,140165,1,0,1
6141480,140166,1,1,0
338256,140167,1,1,0
571944,140168,1,0,1
1745328,140169,1,0,1
4644696,140170,1,1,0
5252432,140171,1,1,0
2365200,140172,1,0,1
2494728,140173,1,1,0
3518600,140174,1,1,0
7921720,140175,1,1,0
3045952,140176,1,1,0
238112,140177,1,1,0
4722144,140178,1,0,1
423032,140179,1,1,0
4113840,140180,1,1,0
4200504,140181,1,1,0
4003592,140182,1,0,1
364408,140183,1,0,1
6330984,140184,1,0,1
3558304,140185,1,0,1
414128,140186,1,1,0
1733416,140187,1,0,1
1065728,140188,1,1,0
4372952,140189,1,0,1
7189312,140190,1,0,1
6810528,140191,1,0,1
1422208,140192,1,0,1
5852880,140193,1,1,0
3757272,140194,1,0,1
1786712,140195,1,0,1
1616456,140196,1,1,0
851144,140197,1,1,0
2646912,140198,1,1,0
1154656,140199,1,0,1
6168728,140200,1,0,1
5375184,140201,1,0,1
2138288,140202,1,1,0
4711064,140203,1,1,0
4614856,140204,1,0,1
4109592,140205,1,0,1
5681120,140206,1,0,1
3450592,140207,1,1,0
492464,140208,1,1,0
1061760,140209,1,1,0
4814856,140210,1,0,1
1154096,140211,1,0,1
2997792,140212,1,1,0
4152792,140213,1,0,1
4743008,140214,1,1,0
5984384,140215,1,1,0
6497848,140216,1,0,1
1051808,140217,1,1,0
5005280,140218,1,1,0
3723024,140219,1,0,1
377264,140220,1,0,1
461640,140221,1,1,0
1561624,140222,1,1,0
1184024,140223,1,1,0
7421472,140224,1,1,0
219648,140225,1,1,0
6785616,140226,1,1,0
4053880,140227,1,1,0
612544,140228,1,1,0
4101408,140229,1,0,1
4561328,140230,1,0,1
3955936,140231,1,0,1
1633872,140232,1,1,0
1853096,140233,1,0,1
2046504,140234,1,1,0
459040,140235,1,0,1
7106328,140236,1,0,1
1251032,140237,1,0,1
2960440,140238,1,1,0
3223832,140239,1,1,0
1770800,140240,1,1,0
3599488,140241,1,1,0
1482712,140242,1,1,0
1503848,140243,1,0,1
3244640,140244,1,0,1
3918584,140245,1,0,1
1199864,140246,1,0,1
4821352,140247,1,1,0
2176880,140248,1,1,0
2155032,140249,1,1,0
6188328,140250,1,1,0
424816,140251,1,0,1
1797584,140252,1,0,1
971904,140253,1,1,0
4635336,140254,1,0,1
651384,140255,1,1,0
811920,140256,1,1,0
2420240,140257,1,0,1
6394184,140258,1,1,0
5220648,140259,1,1,0
5306584,140260,1,0,1
1742912,140261,1,1,0
693704,140262,1,0,1
838448,140263,1,0,1
2985384,140264,1,1,0
433952,140265,1,0,1
1001848,140266,1,1,0
138664,140267,1,0,1
383744,140268,1,0,1
634520,140269,1,0,1
328360,140270,1,0,1
448168,140271,1,1,0
1732240,140272,1,0,1
2551480,140273,1,1,0
2484336,140274,1,1,0
5369136,140275,1,0,1
1213736,140276,1,1,0
2705224,140277,1,1,0
614792,140278,1,1,0
1569280,140279,1,0,1
6447568,140280,1,0,1
7803848,140281,1,1,0
3559368,140282,1,0,1
1258352,140283,1,1,0
1825232,140284,1,0,1
2966224,140285,1,1,0
1088104,140286,1,1,0
287768,140287,1,0,1
966112,140288,1,0,1
1365064,140289,1,0,1
1148824,140290,1,1,0
1026168,140291,1,1,0
2137176,140292,1,0,1
4627360,140293,1,0,1
1554160,140294,1,0,1
174328,140295,1,0,1
2274680,140296,1,0,1
527376,140297,1,0,1
5785664,140298,1,0,1
4007952,140299,1,0,1
7119512,140300,1,0,1
5300400,140301,1,0,1
4225672,140302,1,0,1
7854168,140303,1,0,1
956136,140304,1,1,0
657920,140305,1,0,1
261088,140306,1,1,0
6091808,140307,1,1,0
7671472,140308,1,0,1
3567320,140309,1,0,1
1223496,140310,1,0,1
611848,140311,1,0,1
2095704,140312,1,1,0
5014192,140313,1,1,0
603168,140314,1,0,1
1418376,140315,1,1,0
6235640,140316,1,1,0
4036152,140317,1,0,1
8261056,140318,1,1,0
751160,140319,1,1,0
5324224,140320,1,1,0
4565536,140321,1,0,1
1431488,140322,1,0,1
1689128,140323,1,0,1
1147096,140324,1,1,0
947224,140325,1,0,1
5029904,140326,1,0,1
257112,140327,1,0,1
1181456,140328,1,1,0
2211536,140329,1,0,1
336400,140330,1,0,1
5149872,140331,1,1,0
368960,140332,1,0,1
8260512,140333,1,0,1
1100504,140334,1,0,1
2951120,140335,1,1,0
393536,140336,1,0,1
5156480,140337,1,0,1
7344688,140338,1,0,1
2837600,140339,1,0,1
1044144,140340,1,0,1
2435248,140341,1,1,0
469896,140342,1,1,0
6438256,140343,1,0,1
7147064,140344,1,1,0
1688248,140345,1,1,0
3336832,140346,1,0,1
3711720,140347,1,0,1
4612376,140348,1,0,1
912272,140349,1,1,0
2847840,140350,1,0,1
6323848,140351,1,0,1
5856368,140352,1,0,1
1401776,140353,1,1,0
2016864,140354,1,0,1
212592,140355,1,1,0
1702072,140356,1,0,1
639128,140357,1,1,0
2108640,140358,1,0,1
556016,140359,1,0,1
592024,140360,1,1,0
2427472,140361,1,1,0
904576,140362,1,1,0
5041328,140363,1,0,1
5779552,140364,1,1,0
1870920,140365,1,1,0
597216,140366,1,0,1
4188320,140367,1,1,0
519240,140368,1,1,0
951952,140369,1,1,0
891480,140370,1,1,0
1866544,140371,1,1,0
906736,140372,1,0,1
5147168,140373,1,0,1
6613616,140374,1,1,0
8223640,140375,1,0,1
399808,140376,1,0,1
180592,140377,1,1,0
3293464,140378,1,1,0
1424480,140379,1,0,1
1691440,140380,1,1,0
6971328,140381,1,1,0
7417032,140382,1,0,1
3648616,140383,1,1,0
934920,140384,1,1,0
4071272,140385,1,0,1
4496424,140386,1,1,0
100232,140387,1,1,0
1261856,140388,1,1,0
1418160,140389,1,1,0
5565312,140390,1,1,0
3277744,140391,1,0,1
8310784,140392,1,0,1
2935976,140393,1,1,0
2029824,140394,1,0,1
4804840,140395,1,0,1
1675416,140396,1,0,1
6871168,140397,1,0,1
1375264,140398,1,0,1
307072,140399,1,0,1
7373112,140400,1,0,1
6684304,140401,1,1,0
551664,140402,1,0,1
763296,140403,1,1,0
1830224,140404,1,0,1
667952,140405,1,1,0
1458896,140406,1,1,0
4713760,140407,1,1,0
3533136,140408,1,0,1
1249816,140409,1,1,0
521440,140410,1,0,1
324144,140411,1,0,1
5176480,140412,1,0,1
1147568,140413,1,1,0
1659608,140414,1,1,0
7284568,140415,1,0,1
700480,140416,1,0,1
751704,140417,1,1,0
2402624,140418,1,1,0
4979200,140419,1,0,1
1199328,140420,1,0,1
3651568,140421,1,0,1
1414000,140422,1,0,1
3228464,140423,1,1,0
2087544,140424,1,1,0
2488752,140425,1,0,1
1897848,140426,1,0,1
1483192,140427,1,1,0
4258968,140428,1,1,0
4260960,140429,1,1,0
5749648,140430,1,0,1
169504,140431,1,1,0
83304,140432,1,0,1
3471192,140433,1,1,0
672152,140434,1,0,1
6211336,140435,1,0,1
445872,140436,1,1,0
504232,140437,1,1,0
4852664,140438,1,0,1
383792,140439,1,0,1
6244880,140440,1,1,0
2534816,140441,1,0,1
460432,140442,1,1,0
3953048,140443,1,1,0
412888,140444,1,1,0
5756088,140445,1,0,1
1040336,140446,1,1,0
873000,140447,1,1,0
1877840,140448,1,0,1
3284696,140449,1,1,0
1034504,140450,1,1,0
6673120,140451,1,0,1
4907248,140452,1,0,1
6573344,140453,1,0,1
1255872,140454,1,1,0
1765920,140455,1,0,1
6473592,140456,1,1,0
713920,140457,1,0,1
1437152,140458,1,1,0
287104,140459,1,0,1
878144,140460,1,1,0
540776,140461,1,0,1
939128,140462,1,1,0
1495392,140463,1,0,1
3327000,140464,1,0,1
653424,140465,1,0,1
1432664,140466,1,1,0
7736000,140467,1,0,1
614512,140468,1,1,0
656904,140469,1,1,0
224136,140470,1,0,1
4126176,140471,1,1,0
3163552,140472,1,0,1
5107288,140473,1,0,1
1233208,140474,1,0,1
3924736,140475,1,1,0
6537592,140476,1,0,1
8113528,140477,1,1,0
222632,140478,1,0,1
1642736,140479,1,1,0
741216,140480,1,0,1
1243472,140481,1,1,0
1413008,140482,1,0,1
2106560,140483,1,0,1
7821752,140484,1,1,0
2270168,140485,1,0,1
506760,140486,1,1,0
1536192,140487,1,0,1
6247064,140488,1,1,0
211016,140489,1,0,1
6942032,140490,1,0,1
2736848,140491,1,1,0
4359576,140492,1,0,1
1473224,140493,1,0,1
3993608,140494,1,1,0
6028400,140495,1,0,1
2735992,140496,1,0,1
4585112,140497,1,0,1
1251984,140498,1,0,1
4339168,140499,1,1,0
4677304,140500,1,0,1
4362576,140501,1,0,1
3005016,140502,1,0,1
1502624,140503,1,1,0
834712,140504,1,1,0
1093320,140505,1,1,0
8277600,140506,1,0,1
601288,140507,1,1,0
2174568,140508,1,0,1
6746384,140509,1,1,0
1328064,140510,1,0,1
800240,140511,1,1,0
2899440,140512,1,1,0
3878328,140513,1,0,1
2867008,140514,1,0,1
343208,140515,1,0,1
3830552,140516,1,0,1
126800,140517,1,0,1
474096,140518,1,0,1
814448,140519,1,0,1
2291640,140520,1,0,1
1401856,140521,1,1,0
238392,140522,1,1,0
3649976,140523,1,1,0
2283048,140524,1,1,0
2378248,140525,1,1,0
3935840,140526,1,1,0
853088,140527,1,1,0
489280,140528,1,0,1
6827992,140529,1,0,1
2683112,140530,1,1,0
571296,140531,1,0,1
8258784,140532,1,1,0
320464,140533,1,1,0
7558640,140534,1,1,0
1710960,140535,1,0,1
332064,140536,1,0,1
7302032,140537,1,0,1
753952,140538,1,0,1
3610624,140539,1,0,1
6450824,140540,1,0,1
8364608,140541,1,0,1
2750904,140542,1,1,0
1225144,140543,1,1,0
6169400,140544,1,0,1
289832,140545,1,1,0
7608896,140546,1,0,1
6593472,140547,1,0,1
1831008,140548,1,1,0
6995160,140549,1,0,1
3081160,140550,1,0,1
5968816,140551,1,1,0
1644688,140552,1,1,0
2768640,140553,1,1,0
5208656,140554,1,0,1
6398760,140555,1,1,0
399192,140556,1,0,1
1023872,140557,1,0,1
4522936,140558,1,1,0
4183072,140559,1,1,0
265496,140560,1,1,0
4141608,140561,1,0,1
4836912,140562,1,0,1
1410640,140563,1,0,1
1320928,140564,1,1,0
3956448,140565,1,0,1
366616,140566,1,1,0
5984544,140567,1,0,1
551808,140568,1,1,0
3112992,140569,1,0,1
549600,140570,1,0,1
4571960,140571,1,1,0
686720,140572,1,0,1
4465672,140573,1,1,0
1109376,140574,1,1,0
3505712,140575,1,0,1
7961640,140576,1,1,0
5040464,140577,1,0,1
5420368,140578,1,0,1
1822360,140579,1,1,0
394696,140580,1,0,1
3693728,140581,1,0,1
6748744,140582,1,1,0
2117200,140583,1,0,1
2841328,140584,1,0,1
2663336,140585,1,0,1
3271840,140586,1,0,1
4437992,140587,1,0,1
6835504,140588,1,0,1
3311128,140589,1,1,0
1923000,140590,1,0,1
6162512,140591,1,1,0
879784,140592,1,0,1
948944,140593,1,0,1
773088,140594,1,0,1
5670960,140595,1,1,0
2518008,140596,1,1,0
686872,140597,1,0,1
320552,140598,1,0,1
158808,140599,1,1,0
1564240,140600,1,1,0
98240,140601,1,0,1
4064824,140602,1,1,0
490832,140603,1,0,1
6259520,140604,1,1,0
3358408,140605,1,0,1
1156720,140606,1,1,0
1466664,140607,1,1,0
751768,140608,1,1,0
4860360,140609,1,1,0
3242800,140610,1,0,1
2591768,140611,1,1,0
7589816,140612,1,1,0
1910744,140613,1,0,1
109216,140614,1,1,0
7921120,140615,1,0,1
1934456,140616,1,0,1
721320,140617,1,0,1
5837376,140618,1,0,1
1873616,140619,1,1,0
4414448,140620,1,0,1
4078064,140621,1,0,1
2654512,140622,1,1,0
776448,140623,1,0,1
1209832,140624,1,0,1
6497424,140625,1,1,0
588120,140626,1,0,1
6852720,140627,1,0,1
234816,140628,1,0,1
3880944,140629,1,1,0
1589904,140630,1,0,1
473296,140631,1,1,0
652184,140632,1,1,0
8059840,140633,1,1,0
2780800,140634,1,1,0
2338488,140635,1,1,0
6555760,140636,1,1,0
1254176,140637,1,0,1
4895704,140638,1,1,0
5591448,140639,1,1,0
2937600,140640,1,0,1
5696648,140641,1,0,1
7435720,140642,1,1,0
1693680,140643,1,0,1
1205016,140644,1,0,1
1101912,140645,1,0,1
622800,140646,1,1,0
5196872,140647,1,0,1
3338096,140648,1,0,1
1764784,140649,1,0,1
458136,140650,1,0,1
107456,140651,1,0,1
1031616,140652,1,0,1
605512,140653,1,0,1
2866720,140654,1,0,1
277368,140655,1,0,1
4481720,140656,1,0,1
1455472,140657,1,1,0
4280080,140658,1,0,1
6101808,140659,1,1,0
2434376,140660,1,0,1
7665136,140661,1,1,0
2308120,140662,1,1,0
191992,140663,1,0,1
5621768,140664,1,0,1
980752,140665,1,1,0
2646064,140666,1,0,1
2832432,140667,1,1,0
1402936,140668,1,0,1
860480,140669,1,1,0
760576,140670,1,0,1
7757616,140671,1,1,0
4768232,140672,1,0,1
6211240,140673,1,0,1
5758960,140674,1,1,0
3861592,140675,1,1,0
453384,140676,1,1,0
2301872,140677,1,1,0
2228840,140678,1,0,1
486176,140679,1,1,0
6187712,140680,1,1,0
822232,140681,1,1,0
822784,140682,1,0,1
1901512,140683,1,0,1
7075960,140684,1,1,0
872448,140685,1,1,0
2290552,140686,1,0,1
6648656,140687,1,1,0
3721064,140688,1,1,0
616792,140689,1,1,0
822736,140690,1,1,0
8345728,140691,1,1,0
4598288,140692,1,1,0
7311872,140693,1,0,1
278536,140694,1,1,0
4786112,140695,1,0,1
116224,140696,1,1,0
1055128,140697,1,0,1
2725352,140698,1,0,1
2864368,140699,1,0,1
6736720,140700,1,0,1
2630064,140701,1,0,1
4491568,140702,1,1,0
579224,140703,1,0,1
292736,140704,1,0,1
6487728,140705,1,1,0
5464624,140706,1,0,1
4213728,140707,1,1,0
8084896,140708,1,1,0
1954504,140709,1,1,0
315176,140710,1,1,0
6212960,140711,1,0,1
2582576,140712,1,0,1
263872,140713,1,0,1
5596552,140714,1,0,1
8019400,140715,1,1,0
566464,140716,1,0,1
437408,140717,1,0,1
1540736,140718,1,0,1
1366192,140719,1,0,1
1225944,140720,1,0,1
3397688,140721,1,1,0
6529704,140722,1,1,0
3602288,140723,1,1,0
7010312,140724,1,1,0
5122136,140725,1,0,1
1347944,140726,1,0,1
1580600,140727,1,0,1
2182504,140728,1,0,1
1868608,140729,1,0,1
1284192,140730,1,1,0
6559488,140731,1,0,1
1308304,140732,1,1,0
532472,140733,1,1,0
4268016,140734,1,0,1
522600,140735,1,0,1
838976,140736,1,1,0
1348600,140737,1,0,1
3218728,140738,1,0,1
6982232,140739,1,1,0
1378344,140740,1,0,1
3328784,140741,1,0,1
2341368,140742,1,0,1
2838664,140743,1,0,1
759912,140744,1,1,0
3947128,140745,1,1,0
2530616,140746,1,0,1
1630376,140747,1,1,0
8149472,140748,1,1,0
5939768,140749,1,0,1
3028112,140750,1,1,0
4615984,140751,1,1,0
1824680,140752,1,1,0
4934760,140753,1,1,0
4735528,140754,1,1,0
589072,140755,1,1,0
922840,140756,1,1,0
5422944,140757,1,0,1
2519608,140758,1,1,0
1600840,140759,1,1,0
482664,140760,1,0,1
1607384,140761,1,0,1
2618680,140762,1,0,1
380264,140763,1,0,1
2396048,140764,1,0,1
5956304,140765,1,1,0
288896,140766,1,1,0
3776656,140767,1,1,0
991152,140768,1,0,1
2178272,140769,1,0,1
6172488,140770,1,0,1
408632,140771,1,1,0
1669416,140772,1,1,0
855920,140773,1,0,1
612336,140774,1,0,1
224352,140775,1,1,0
517592,140776,1,1,0
2067960,140777,1,1,0
1945600,140778,1,1,0
2513072,140779,1,0,1
335920,140780,1,0,1
649328,140781,1,0,1
7780488,140782,1,0,1
3015832,140783,1,1,0
1879808,140784,1,1,0
6782176,140785,1,0,1
1484512,140786,1,1,0
2353024,140787,1,0,1
3315056,140788,1,1,0
2360024,140789,1,1,0
5563672,140790,1,1,0
7470120,140791,1,1,0
217160,140792,1,0,1
5958064,140793,1,1,0
1441696,140794,1,1,0
2703424,140795,1,1,0
288704,140796,1,1,0
733056,140797,1,1,0
2793448,140798,1,1,0
873616,140799,1,0,1
7981640,140800,1,0,1
1298816,140801,1,1,0
1782936,140802,1,1,0
487872,140803,1,0,1
462096,140804,1,1,0
4794888,140805,1,1,0
891912,140806,1,0,1
2689312,140807,1,1,0
1182304,140808,1,0,1
1983928,140809,1,1,0
310440,140810,1,0,1
3901344,140811,1,1,0
1282536,140812,1,1,0
1022848,140813,1,1,0
6862152,140814,1,1,0
4163672,140815,1,1,0
3516352,140816,1,1,0
2502016,140817,1,1,0
2415784,140818,1,0,1
621776,140819,1,1,0
2518768,140820,1,0,1
8291624,140821,1,0,1
2595496,140822,1,0,1
2507248,140823,1,1,0
1632792,140824,1,0,1
2009272,140825,1,1,0
2784568,140826,1,0,1
2616856,140827,1,0,1
4649168,140828,1,1,0
504704,140829,1,0,1
565328,140830,1,1,0
882992,140831,1,0,1
827024,140832,1,1,0
7108784,140833,1,1,0
4446792,140834,1,0,1
3676632,140835,1,0,1
6757192,140836,1,0,1
1220440,140837,1,1,0
1428312,140838,1,0,1
218848,140839,1,1,0
8043304,140840,1,1,0
741440,140841,1,1,0
1084232,140842,1,1,0
7335720,140843,1,1,0
1617880,140844,1,0,1
864152,140845,1,1,0
3599464,140846,1,1,0
628640,140847,1,1,0
1400512,140848,1,0,1
1464824,140849,1,1,0
1508216,140850,1,0,1
1127824,140851,1,0,1
679112,140852,1,0,1
484976,140853,1,1,0
860920,140854,1,0,1
510216,140855,1,1,0
641336,140856,1,1,0
1168608,140857,1,1,0
1551416,140858,1,1,0
1850952,140859,1,1,0
166288,140860,1,1,0
5524816,140861,1,0,1
1042840,140862,1,1,0
4275648,140863,1,1,0
3022896,140864,1,0,1
733304,140865,1,1,0
3063096,140866,1,0,1
420352,140867,1,0,1
8014288,140868,1,1,0
551208,140869,1,1,0
156168,140870,1,1,0
6062976,140871,1,1,0
6992256,140872,1,1,0
7976920,140873,1,0,1
1431920,140874,1,1,0
2655632,140875,1,0,1
1675792,140876,1,1,0
932176,140877,1,1,0
6315440,140878,1,0,1
4774216,140879,1,0,1
1569064,140880,1,0,1
2353616,140881,1,1,0
2654168,140882,1,1,0
530656,140883,1,1,0
2464928,140884,1,0,1
1953520,140885,1,0,1
753280,140886,1,0,1
1178336,140887,1,0,1
6081168,140888,1,1,0
252256,140889,1,0,1
1075608,140890,1,0,1
386776,140891,1,1,0
3125808,140892,1,0,1
1667768,140893,1,0,1
621504,140894,1,0,1
917888,140895,1,0,1
4485536,140896,1,1,0
3948128,140897,1,0,1
3419312,140898,1,1,0
1953008,140899,1,0,1
1218728,140900,1,0,1
4293808,140901,1,1,0
4443088,140902,1,0,1
3388800,140903,1,1,0
904304,140904,1,0,1
859864,140905,1,1,0
989240,140906,1,1,0
6036448,140907,1,0,1
278424,140908,1,0,1
4002240,140909,1,1,0
769616,140910,1,1,0
6012824,140911,1,0,1
2376968,140912,1,1,0
783784,140913,1,1,0
382040,140914,1,1,0
4957704,140915,1,0,1
1138864,140916,1,0,1
6846504,140917,1,0,1
3529672,140918,1,0,1
7718920,140919,1,0,1
1129176,140920,1,1,0
85480,140921,1,1,0
1412232,140922,1,0,1
874944,140923,1,1,0
5964968,140924,1,0,1
396864,140925,1,1,0
2006576,140926,1,1,0
1280400,140927,1,0,1
7250304,140928,1,1,0
3800680,140929,1,0,1
1335760,140930,1,0,1
229520,140931,1,1,0
1302704,140932,1,1,0
4966904,140933,1,1,0
6425960,140934,1,1,0
2706784,140935,1,1,0
814736,140936,1,0,1
906872,140937,1,1,0
2812528,140938,1,1,0
804888,140939,1,1,0
1711040,140940,1,1,0
479480,140941,1,0,1
1385976,140942,1,1,0
502584,140943,1,0,1
2946000,140944,1,1,0
1187960,140945,1,0,1
5387488,140946,1,0,1
2628656,140947,1,1,0
2906744,140948,1,1,0
1428632,140949,1,0,1
4604944,140950,1,0,1
3769472,140951,1,0,1
6227928,140952,1,0,1
1427320,140953,1,1,0
473440,140954,1,0,1
3156152,140955,1,1,0
575904,140956,1,0,1
7426304,140957,1,0,1
7570544,140958,1,1,0
2161528,140959,1,1,0
5432800,140960,1,0,1
6047520,140961,1,0,1
1754880,140962,1,1,0
1727136,140963,1,1,0
6987128,140964,1,1,0
7823768,140965,1,0,1
5206880,140966,1,0,1
3785024,140967,1,0,1
2003832,140968,1,1,0
1002600,140969,1,0,1
4912392,140970,1,0,1
2216096,140971,1,0,1
2864336,140972,1,0,1
354720,140973,1,0,1
213464,140974,1,1,0
575536,140975,1,1,0
5440936,140976,1,0,1
1726744,140977,1,1,0
2824048,140978,1,0,1
1359312,140979,1,1,0
1874792,140980,1,1,0
3162184,140981,1,0,1
3295856,140982,1,0,1
7056968,140983,1,0,1
3745264,140984,1,0,1
2486864,140985,1,0,1
2287200,140986,1,1,0
6145848,140987,1,0,1
617760,140988,1,1,0
1688008,140989,1,1,0
2632048,140990,1,0,1
3457656,140991,1,0,1
1499184,140992,1,0,1
538840,140993,1,1,0
6762824,140994,1,1,0
2110592,140995,1,1,0
371064,140996,1,0,1
587456,140997,1,0,1
252680,140998,1,1,0
434768,140999,1,0,1
3763784,141000,1,1,0
389904,141001,1,0,1
4461088,141002,1,1,0
1891712,141003,1,0,1
7718568,141004,1,0,1
781544,141005,1,1,0
4475096,141006,1,1,0
4975792,141007,1,0,1
6464736,141008,1,0,1
6837112,141009,1,0,1
1189840,141010,1,1,0
4705240,141011,1,1,0
2819256,141012,1,0,1
1868216,141013,1,0,1
7830896,141014,1,0,1
5480976,141015,1,0,1
8182240,141016,1,0,1
4151928,141017,1,1,0
4143176,141018,1,1,0
4167368,141019,1,1,0
6268656,141020,1,0,1
1313992,141021,1,0,1
219656,141022,1,1,0
2503944,141023,1,0,1
7200248,141024,1,1,0
1119600,141025,1,0,1
81896,141026,1,0,1
4912168,141027,1,0,1
4261096,141028,1,0,1
7020488,141029,1,0,1
7586440,141030,1,1,0
270704,141031,1,0,1
5613080,141032,1,1,0
1336032,141033,1,1,0
2218984,141034,1,0,1
2684896,141035,1,1,0
744240,141036,1,0,1
2531800,141037,1,0,1
3024256,141038,1,0,1
6311656,141039,1,0,1
692608,141040,1,1,0
2726496,141041,1,1,0
8371632,141042,1,0,1
4577056,141043,1,1,0
1701896,141044,1,1,0
904520,141045,1,1,0
3523808,141046,1,1,0
1674600,141047,1,0,1
927488,141048,1,0,1
4344464,141049,1,0,1
658592,141050,1,0,1
6163448,141051,1,0,1
4585072,141052,1,0,1
381592,141053,1,0,1
1672240,141054,1,0,1
1554600,141055,1,1,0
5932896,141056,1,1,0
1902768,141057,1,0,1
1332872,141058,1,1,0
2192888,141059,1,1,0
1239936,141060,1,1,0
778184,141061,1,0,1
386904,141062,1,1,0
1970960,141063,1,1,0
1568088,141064,1,0,1
6639888,141065,1,1,0
1924848,141066,1,1,0
7572176,141067,1,0,1
243304,141068,1,1,0
2143088,141069,1,0,1
7677208,141070,1,1,0
911864,141071,1,1,0
5896608,141072,1,1,0
4767944,141073,1,0,1
388808,141074,1,0,1
1911664,141075,1,1,0
1001784,141076,1,0,1
2748760,141077,1,1,0
171272,141078,1,0,1
2011800,141079,1,0,1
187864,141080,1,1,0
4236768,141081,1,1,0
262672,141082,1,1,0
2551816,141083,1,1,0
3891344,141084,1,1,0
1458024,141085,1,0,1
635392,141086,1,1,0
90952,141087,1,0,1
6176592,141088,1,0,1
7144656,141089,1,1,0
3645888,141090,1,0,1
527056,141091,1,1,0
3637544,141092,1,1,0
2923544,141093,1,0,1
4149320,141094,1,0,1
2131000,141095,1,0,1
8386864,141096,1,1,0
3357784,141097,1,1,0
6310768,141098,1,0,1
1552288,141099,1,0,1
749336,141100,1,1,0
2513040,141101,1,1,0
1944440,141102,1,1,0
3299352,141103,1,0,1
7828392,141104,1,1,0
649192,141105,1,0,1
180800,141106,1,0,1
3515944,141107,1,1,0
783864,141108,1,0,1
5805072,141109,1,0,1
1003520,141110,1,1,0
316768,141111,1,1,0
2968648,141112,1,1,0
1723832,141113,1,0,1
1622960,141114,1,0,1
921944,141115,1,0,1
274840,141116,1,0,1
6134528,141117,1,0,1
3065448,141118,1,0,1
2424904,141119,1,1,0
7089544,141120,1,0,1
2662888,141121,1,0,1
312696,141122,1,1,0
2241624,141123,1,0,1
607600,141124,1,0,1
1910088,141125,1,1,0
1922616,141126,1,0,1
995272,141127,1,1,0
2108944,141128,1,0,1
4613184,141129,1,1,0
2567856,141130,1,1,0
170248,141131,1,1,0
399384,141132,1,1,0
883792,141133,1,1,0
417256,141134,1,1,0
1102976,141135,1,1,0
1996912,141136,1,1,0
4975568,141137,1,1,0
303432,141138,1,1,0
2750768,141139,1,1,0
4308592,141140,1,1,0
3820576,141141,1,0,1
2050768,141142,1,0,1
1811728,141143,1,0,1
2065000,141144,1,0,1
1246000,141145,1,0,1
6223952,141146,1,1,0
3863184,141147,1,1,0
8257752,141148,1,0,1
6359600,141149,1,0,1
1258064,141150,1,0,1
4704616,141151,1,1,0
362680,141152,1,0,1
2980400,141153,1,1,0
7389232,141154,1,0,1
1786008,141155,1,1,0
8213264,141156,1,1,0
1841688,141157,1,1,0
2734112,141158,1,0,1
3533592,141159,1,0,1
4208520,141160,1,1,0
472800,141161,1,1,0
3499208,141162,1,0,1
457800,141163,1,1,0
6420568,141164,1,0,1
689456,141165,1,0,1
6370952,141166,1,1,0
240120,141167,1,1,0
3391024,141168,1,0,1
5917808,141169,1,1,0
5108912,141170,1,0,1
4806576,141171,1,1,0
1723592,141172,1,1,0
5601088,141173,1,1,0
2082032,141174,1,0,1
159104,141175,1,0,1
223272,141176,1,0,1
5929520,141177,1,0,1
508704,141178,1,1,0
437304,141179,1,1,0
1585224,141180,1,0,1
3188168,141181,1,0,1
6062824,141182,1,1,0
5692360,141183,1,0,1
2915648,141184,1,0,1
1695400,141185,1,1,0
669456,141186,1,1,0
7751256,141187,1,0,1
512840,141188,1,0,1
6699440,141189,1,1,0
2319952,141190,1,0,1
463992,141191,1,1,0
4124288,141192,1,0,1
3112640,141193,1,1,0
3470056,141194,1,0,1
3340856,141195,1,0,1
2132496,141196,1,0,1
1153456,141197,1,0,1
459552,141198,1,1,0
7282904,141199,1,0,1
2275696,141200,1,0,1
1935128,141201,1,0,1
1640488,141202,1,1,0
5045032,141203,1,0,1
5224392,141204,1,1,0
1321792,141205,1,1,0
7175200,141206,1,1,0
5950760,141207,1,1,0
6306992,141208,1,0,1
3366712,141209,1,1,0
4359912,141210,1,0,1
4166408,141211,1,1,0
4829848,141212,1,1,0
930976,141213,1,0,1
5202616,141214,1,0,1
7715216,141215,1,1,0
4675952,141216,1,0,1
7689712,141217,1,0,1
2917304,141218,1,1,0
181040,141219,1,0,1
1320128,141220,1,0,1
8367232,141221,1,0,1
1149600,141222,1,0,1
2806784,141223,1,0,1
4916752,141224,1,1,0
542592,141225,1,1,0
289360,141226,1,0,1
1270976,141227,1,1,0
2619784,141228,1,0,1
2561184,141229,1,1,0
672536,141230,1,1,0
558840,141231,1,1,0
185168,141232,1,1,0
399528,141233,1,0,1
2239872,141234,1,0,1
6337256,141235,1,0,1
5879480,141236,1,1,0
879800,141237,1,0,1
8206144,141238,1,0,1
1943328,141239,1,1,0
1760488,141240,1,1,0
2115832,141241,1,0,1
376664,141242,1,0,1
678992,141243,1,1,0
1797784,141244,1,0,1
7223176,141245,1,1,0
2307704,141246,1,0,1
4608424,141247,1,1,0
5214792,141248,1,1,0
6537080,141249,1,0,1
1325920,141250,1,1,0
4174160,141251,1,0,1
3530712,141252,1,0,1
4405592,141253,1,1,0
335104,141254,1,1,0
1731304,141255,1,0,1
3478160,141256,1,1,0
2245384,141257,1,1,0
350560,141258,1,0,1
4603376,141259,1,0,1
535568,141260,1,1,0
4162416,141261,1,0,1
376496,141262,1,0,1
5238368,141263,1,1,0
1248424,141264,1,1,0
3423128,141265,1,0,1
8086624,141266,1,0,1
260496,141267,1,1,0
2169624,141268,1,0,1
3072520,141269,1,0,1
1024040,141270,1,1,0
1925920,141271,1,0,1
7102568,141272,1,1,0
5704768,141273,1,1,0
2629656,141274,1,0,1
802384,141275,1,0,1
401000,141276,1,0,1
1803224,141277,1,1,0
296408,141278,1,0,1
3489216,141279,1,0,1
3377904,141280,1,0,1
356448,141281,1,0,1
1275872,141282,1,1,0
6321512,141283,1,0,1
3015200,141284,1,1,0
1617664,141285,1,0,1
2370720,141286,1,1,0
3476832,141287,1,0,1
2342784,141288,1,0,1
7537944,141289,1,0,1
586552,141290,1,1,0
5402600,141291,1,0,1
3652648,141292,1,0,1
4854808,141293,1,0,1
7272456,141294,1,1,0
5018344,141295,1,0,1
3604952,141296,1,1,0
5705816,141297,1,1,0
2833560,141298,1,0,1
146184,141299,1,0,1
4033624,141300,1,0,1
5905216,141301,1,0,1
1554408,141302,1,0,1
2785808,141303,1,0,1
762552,141304,1,1,0
6439928,141305,1,0,1
1321496,141306,1,1,0
2858144,141307,1,0,1
1673512,141308,1,0,1
1432768,141309,1,1,0
7206296,141310,1,1,0
3279352,141311,1,1,0
952360,141312,1,1,0
3108376,141313,1,1,0
2567128,141314,1,0,1
4951616,141315,1,1,0
5118040,141316,1,1,0
2031744,141317,1,1,0
1248112,141318,1,1,0
728248,141319,1,0,1
1339872,141320,1,1,0
796976,141321,1,0,1
1354184,141322,1,1,0
2045936,141323,1,1,0
4676888,141324,1,0,1
6613792,141325,1,1,0
1691640,141326,1,0,1
355384,141327,1,0,1
2746984,141328,1,0,1
6986632,141329,1,0,1
131816,141330,1,0,1
5137328,141331,1,1,0
732944,141332,1,1,0
7151440,141333,1,1,0
772848,141334,1,1,0
5470400,141335,1,0,1
2887016,141336,1,1,0
6503088,141337,1,0,1
841544,141338,1,0,1
5994024,141339,1,1,0
2552536,141340,1,0,1
1921472,141341,1,1,0
7502336,141342,1,0,1
1095760,141343,1,1,0
2264600,141344,1,1,0
331952,141345,1,1,0
2904336,141346,1,0,1
7317680,141347,1,0,1
608656,141348,1,1,0
8062648,141349,1,1,0
1061064,141350,1,1,0
5505136,141351,1,1,0
1011224,141352,1,0,1
1809512,141353,1,1,0
5139800,141354,1,0,1
2402672,141355,1,0,1
1205832,141356,1,1,0
432400,141357,1,1,0
3545184,141358,1,0,1
6169664,141359,1,0,1
7904056,141360,1,1,0
4661704,141361,1,0,1
6329032,141362,1,1,0
2039480,141363,1,1,0
6555480,141364,1,1,0
7089744,141365,1,0,1
4255224,141366,1,0,1
842480,141367,1,1,0
806952,141368,1,0,1
495640,141369,1,1,0
1440064,141370,1,0,1
7057232,141371,1,0,1
542360,141372,1,1,0
1566856,141373,1,0,1
392040,141374,1,0,1
7875744,141375,1,1,0
1591040,141376,1,1,0
371640,141377,1,0,1
1526960,141378,1,1,0
662864,141379,1,0,1
7924168,141380,1,1,0
1835544,141381,1,1,0
1550000,141382,1,1,0
1439720,141383,1,0,1
6644368,141384,1,1,0
1455024,141385,1,1,0
6072456,141386,1,1,0
7068888,141387,1,1,0
5725992,141388,1,0,1
3190976,141389,1,1,0
3601504,141390,1,1,0
1796112,141391,1,1,0
1058696,141392,1,1,0
856336,141393,1,0,1
1512528,141394,1,1,0
2751656,141395,1,1,0
969872,141396,1,0,1
5355720,141397,1,1,0
6727320,141398,1,1,0
5077648,141399,1,1,0
3009840,141400,1,0,1
6423840,141401,1,0,1
945680,141402,1,1,0
5028392,141403,1,1,0
2673352,141404,1,0,1
8236720,141405,1,0,1
768680,141406,1,1,0
880408,141407,1,1,0
277240,141408,1,0,1
591992,141409,1,0,1
3292688,141410,1,1,0
2440136,141411,1,1,0
2144592,141412,1,0,1
1136912,141413,1,1,0
4941320,141414,1,0,1
8237048,141415,1,0,1
312768,141416,1,1,0
525864,141417,1,0,1
1183160,141418,1,1,0
4443928,141419,1,1,0
3728096,141420,1,0,1
1415008,141421,1,1,0
262032,141422,1,1,0
750272,141423,1,0,1
3688608,141424,1,1,0
623000,141425,1,0,1
6501520,141426,1,1,0
1538608,141427,1,0,1
2994968,141428,1,0,1
1511152,141429,1,1,0
627880,141430,1,0,1
910064,141431,1,0,1
978544,141432,1,1,0
4327576,141433,1,0,1
283424,141434,1,1,0
229488,141435,1,0,1
1852056,141436,1,1,0
5179944,141437,1,0,1
2393392,141438,1,1,0
2690208,141439,1,0,1
2092112,141440,1,0,1
1489296,141441,1,1,0
1478144,141442,1,0,1
1629168,141443,1,1,0
4347072,141444,1,1,0
696136,141445,1,1,0
1235400,141446,1,0,1
2115704,141447,1,0,1
1123216,141448,1,0,1
2672888,141449,1,0,1
7637384,141450,1,1,0
2194928,141451,1,0,1
2160208,141452,1,0,1
1435232,141453,1,0,1
7374128,141454,1,1,0
1331128,141455,1,1,0
5652240,141456,1,0,1
1738288,141457,1,1,0
7821120,141458,1,0,1
520456,141459,1,0,1
714248,141460,1,0,1
372600,141461,1,1,0
4361856,141462,1,1,0
154752,141463,1,1,0
4218392,141464,1,1,0
2500384,141465,1,0,1
793416,141466,1,0,1
433112,141467,1,1,0
198848,141468,1,1,0
1054624,141469,1,1,0
2623016,141470,1,0,1
7243240,141471,1,0,1
839856,141472,1,0,1
5749504,141473,1,1,0
3648576,141474,1,1,0
7091024,141475,1,1,0
5032880,141476,1,0,1
5715728,141477,1,0,1
6195896,141478,1,1,0
3496048,141479,1,1,0
324112,141480,1,0,1
243168,141481,1,0,1
5595512,141482,1,0,1
462584,141483,1,1,0
718024,141484,1,1,0
3508752,141485,1,1,0
1631232,141486,1,1,0
415424,141487,1,1,0
3954384,141488,1,1,0
1220096,141489,1,1,0
415992,141490,1,1,0
444352,141491,1,1,0
6580720,141492,1,1,0
601064,141493,1,0,1
198552,141494,1,0,1
4660728,141495,1,1,0
2769936,141496,1,1,0
381968,141497,1,1,0
3421424,141498,1,0,1
1066904,141499,1,1,0
307064,141500,1,0,1
2280064,141501,1,0,1
244712,141502,1,0,1
890728,141503,1,0,1
2568136,141504,1,0,1
224488,141505,1,0,1
403976,141506,1,1,0
556656,141507,1,1,0
244192,141508,1,0,1
4738848,141509,1,1,0
7122712,141510,1,1,0
1644776,141511,1,0,1
2885400,141512,1,1,0
5660128,141513,1,1,0
7120112,141514,1,1,0
5139464,141515,1,0,1
3050432,141516,1,0,1
648784,141517,1,0,1
4195456,141518,1,1,0
5406568,141519,1,1,0
2118144,141520,1,1,0
2499048,141521,1,0,1
284648,141522,1,1,0
2864832,141523,1,0,1
2623768,141524,1,1,0
1213368,141525,1,1,0
1852616,141526,1,1,0
363672,141527,1,0,1
382704,141528,1,0,1
6983064,141529,1,1,0
2352640,141530,1,1,0
7605248,141531,1,1,0
3637456,141532,1,0,1
4069360,141533,1,0,1
1296560,141534,1,1,0
1672616,141535,1,0,1
6480120,141536,1,1,0
2453976,141537,1,0,1
182624,141538,1,0,1
3756224,141539,1,1,0
2389176,141540,1,1,0
7318928,141541,1,0,1
5050792,141542,1,0,1
3117928,141543,1,0,1
622208,141544,1,1,0
3900168,141545,1,0,1
372408,141546,1,1,0
139712,141547,1,1,0
4305856,141548,1,0,1
3521616,141549,1,0,1
5240936,141550,1,1,0
4451136,141551,1,1,0
2409592,141552,1,0,1
3390864,141553,1,0,1
3901336,141554,1,0,1
774176,141555,1,0,1
409152,141556,1,1,0
1773432,141557,1,1,0
4702280,141558,1,1,0
3107480,141559,1,0,1
1884624,141560,1,1,0
400920,141561,1,1,0
295880,141562,1,1,0
324352,141563,1,0,1
1314832,141564,1,1,0
258520,141565,1,0,1
991256,141566,1,1,0
5063848,141567,1,0,1
2405864,141568,1,0,1
7908160,141569,1,1,0
1261016,141570,1,1,0
4436312,141571,1,1,0
842960,141572,1,0,1
1668592,141573,1,1,0
5583176,141574,1,0,1
4794712,141575,1,1,0
214136,141576,1,1,0
8326232,141577,1,0,1
1015280,141578,1,1,0
751952,141579,1,1,0
1606976,141580,1,1,0
860208,141581,1,0,1
3725720,141582,1,1,0
1457064,141583,1,0,1
2147232,141584,1,1,0
2455536,141585,1,0,1
1656856,141586,1,0,1
1581736,141587,1,1,0
3929200,141588,1,1,0
2375232,141589,1,0,1
1878872,141590,1,1,0
5877392,141591,1,1,0
3202856,141592,1,1,0
3388504,141593,1,1,0
6762320,141594,1,0,1
456688,141595,1,0,1
3438640,141596,1,0,1
4739696,141597,1,1,0
6279984,141598,1,0,1
530152,141599,1,1,0
370048,141600,1,1,0
1203392,141601,1,0,1
754336,141602,1,1,0
4467208,141603,1,0,1
1788312,141604,1,1,0
6426704,141605,1,1,0
275288,141606,1,0,1
1342840,141607,1,1,0
2557400,141608,1,0,1
5776936,141609,1,1,0
489016,141610,1,0,1
743248,141611,1,0,1
237136,141612,1,1,0
190816,141613,1,1,0
2653736,141614,1,0,1
5853736,141615,1,1,0
6650424,141616,1,0,1
551816,141617,1,1,0
475728,141618,1,1,0
809728,141619,1,0,1
5563504,141620,1,1,0
413088,141621,1,0,1
2764792,141622,1,0,1
544336,141623,1,0,1
3023984,141624,1,1,0
1717192,141625,1,1,0
7045736,141626,1,0,1
613208,141627,1,1,0
1328872,141628,1,0,1
236200,141629,1,0,1
5126632,141630,1,1,0
154016,141631,1,1,0
3135064,141632,1,1,0
3959488,141633,1,1,0
1177824,141634,1,1,0
3206536,141635,1,1,0
4428720,141636,1,1,0
2767384,141637,1,0,1
522440,141638,1,1,0
6040936,141639,1,0,1
6394608,141640,1,1,0
7563872,141641,1,1,0
7737672,141642,1,1,0
5161192,141643,1,1,0
543728,141644,1,1,0
2721904,141645,1,0,1
182272,141646,1,1,0
4985120,141647,1,0,1
118528,141648,1,0,1
1092368,141649,1,1,0
1138456,141650,1,0,1
2366720,141651,1,1,0
2923496,141652,1,1,0
1172288,141653,1,0,1
3720928,141654,1,1,0
5917040,141655,1,1,0
737344,141656,1,1,0
775592,141657,1,0,1
1882992,141658,1,1,0
515872,141659,1,0,1
2770344,141660,1,1,0
4145472,141661,1,1,0
367328,141662,1,0,1
6039816,141663,1,0,1
7036760,141664,1,0,1
3925312,141665,1,1,0
904464,141666,1,0,1
1379880,141667,1,1,0
1679464,141668,1,0,1
2640488,141669,1,1,0
856648,141670,1,0,1
708544,141671,1,1,0
5310120,141672,1,0,1
7187504,141673,1,0,1
713496,141674,1,0,1
1485888,141675,1,0,1
2577032,141676,1,1,0
3691088,141677,1,1,0
3001288,141678,1,0,1
2846240,141679,1,1,0
3824600,141680,1,1,0
1957448,141681,1,1,0
6702632,141682,1,0,1
4871928,141683,1,0,1
328528,141684,1,0,1
6742424,141685,1,1,0
3186792,141686,1,1,0
933976,141687,1,0,1
1083200,141688,1,0,1
7697592,141689,1,0,1
181256,141690,1,0,1
1680304,141691,1,1,0
3640272,141692,1,0,1
3109304,141693,1,1,0
7919312,141694,1,0,1
4052976,141695,1,1,0
678592,141696,1,1,0
3942848,141697,1,1,0
622936,141698,1,1,0
1239888,141699,1,1,0
2559224,141700,1,0,1
6026848,141701,1,0,1
1962696,141702,1,1,0
1717920,141703,1,1,0
1354704,141704,1,0,1
5239296,141705,1,1,0
7390128,141706,1,1,0
2476976,141707,1,1,0
402344,141708,1,1,0
1522384,141709,1,1,0
8298792,141710,1,1,0
7430288,141711,1,1,0
275664,141712,1,0,1
381520,141713,1,1,0
879288,141714,1,1,0
1088376,141715,1,1,0
1047560,141716,1,1,0
849488,141717,1,1,0
7795360,141718,1,1,0
398792,141719,1,0,1
5706640,141720,1,0,1
1141192,141721,1,1,0
1413384,141722,1,0,1
296616,141723,1,1,0
1656104,141724,1,1,0
633960,141725,1,0,1
2943648,141726,1,1,0
4747648,141727,1,1,0
889872,141728,1,0,1
600360,141729,1,0,1
1138768,141730,1,0,1
2562408,141731,1,0,1
7599968,141732,1,1,0
5704064,141733,1,1,0
3483960,141734,1,1,0
436200,141735,1,0,1
1567104,141736,1,0,1
1542984,141737,1,1,0
3920344,141738,1,1,0
142432,141739,1,0,1
3770920,141740,1,0,1
3977088,141741,1,0,1
2341808,141742,1,0,1
1671288,141743,1,1,0
6046792,141744,1,1,0
422424,141745,1,1,0
2053336,141746,1,1,0
7110632,141747,1,0,1
5173504,141748,1,1,0
8097024,141749,1,0,1
433224,141750,1,1,0
1036712,141751,1,0,1
4694784,141752,1,0,1
2987960,141753,1,0,1
3299192,141754,1,1,0
5377424,141755,1,1,0
2331240,141756,1,1,0
455456,141757,1,1,0
2290664,141758,1,0,1
222128,141759,1,1,0
2390904,141760,1,1,0
4176600,141761,1,1,0
2362032,141762,1,0,1
305552,141763,1,0,1
886544,141764,1,0,1
2663408,141765,1,1,0
7099504,141766,1,0,1
2432632,141767,1,0,1
530192,141768,1,1,0
4150944,141769,1,1,0
1615752,141770,1,0,1
629392,141771,1,0,1
2857424,141772,1,0,1
7774840,141773,1,1,0
702216,141774,1,1,0
8164192,141775,1,0,1
982432,141776,1,0,1
384232,141777,1,1,0
2913880,141778,1,1,0
4602088,141779,1,0,1
4599848,141780,1,1,0
4797056,141781,1,1,0
159560,141782,1,0,1
5735256,141783,1,1,0
5928424,141784,1,0,1
3249472,141785,1,1,0
389176,141786,1,0,1
5678120,141787,1,1,0
436696,141788,1,0,1
3302728,141789,1,0,1
7852944,141790,1,1,0
1060384,141791,1,1,0
3329544,141792,1,0,1
2245000,141793,1,1,0
7140112,141794,1,0,1
4373792,141795,1,0,1
3918920,141796,1,1,0
2717112,141797,1,0,1
2503792,141798,1,0,1
2093640,141799,1,1,0
7877344,141800,1,1,0
1506016,141801,1,0,1
6127816,141802,1,0,1
760368,141803,1,0,1
4812936,141804,1,0,1
525184,141805,1,1,0
3831896,141806,1,0,1
5416048,141807,1,1,0
1586208,141808,1,1,0
1289648,141809,1,1,0
840584,141810,1,1,0
5424440,141811,1,1,0
632576,141812,1,1,0
1620584,141813,1,0,1
4893384,141814,1,1,0
2082640,141815,1,0,1
5294392,141816,1,1,0
1799680,141817,1,1,0
8045928,141818,1,0,1
2310128,141819,1,0,1
4318384,141820,1,1,0
1961856,141821,1,0,1
1925752,141822,1,0,1
2216336,141823,1,1,0
3305720,141824,1,1,0
655720,141825,1,1,0
7278488,141826,1,1,0
3402096,141827,1,0,1
4734120,141828,1,0,1
983032,141829,1,1,0
2294168,141830,1,1,0
4208856,141831,1,1,0
2381872,141832,1,0,1
2884392,141833,1,1,0
911680,141834,1,0,1
1958488,141835,1,0,1
227248,141836,1,0,1
217528,141837,1,0,1
1868816,141838,1,0,1
104976,141839,1,0,1
804696,141840,1,1,0
4698072,141841,1,0,1
5768304,141842,1,0,1
5005968,141843,1,0,1
2725984,141844,1,1,0
2713328,141845,1,0,1
286760,141846,1,0,1
6416304,141847,1,0,1
461040,141848,1,1,0
913152,141849,1,1,0
1249192,141850,1,0,1
5793704,141851,1,0,1
2790584,141852,1,1,0
2769088,141853,1,1,0
4879472,141854,1,1,0
775712,141855,1,0,1
1631560,141856,1,0,1
916136,141857,1,0,1
1214280,141858,1,1,0
4755256,141859,1,0,1
7108400,141860,1,1,0
1049672,141861,1,1,0
46592,141862,1,0,1
6377400,141863,1,1,0
2075152,141864,1,0,1
3289968,141865,1,1,0
501624,141866,1,1,0
2170416,141867,1,0,1
1490072,141868,1,1,0
2904656,141869,1,1,0
1265936,141870,1,0,1
1223184,141871,1,1,0
981368,141872,1,0,1
5057728,141873,1,0,1
6579824,141874,1,0,1
1041616,141875,1,0,1
1344176,141876,1,1,0
777120,141877,1,0,1
5657312,141878,1,1,0
5010280,141879,1,1,0
4066568,141880,1,1,0
4212840,141881,1,0,1
4344216,141882,1,1,0
5480656,141883,1,1,0
5520192,141884,1,1,0
3319928,141885,1,0,1
755040,141886,1,1,0
4456536,141887,1,0,1
3786256,141888,1,0,1
8382808,141889,1,0,1
3375032,141890,1,0,1
7434856,141891,1,1,0
3686144,141892,1,0,1
615040,141893,1,1,0
2544736,141894,1,0,1
5153992,141895,1,1,0
327904,141896,1,0,1
5740344,141897,1,1,0
2352912,141898,1,0,1
822384,141899,1,1,0
1511088,141900,1,0,1
3653280,141901,1,0,1
4190072,141902,1,1,0
7039920,141903,1,0,1
1782152,141904,1,1,0
8103576,141905,1,0,1
198496,141906,1,1,0
367632,141907,1,1,0
2429272,141908,1,1,0
763232,141909,1,0,1
7897616,141910,1,1,0
3100840,141911,1,1,0
5830920,141912,1,1,0
5864000,141913,1,1,0
2559480,141914,1,1,0
6236752,141915,1,1,0
1658968,141916,1,1,0
3713400,141917,1,1,0
751320,141918,1,0,1
6222448,141919,1,1,0
5444152,141920,1,0,1
1260344,141921,1,0,1
664968,141922,1,1,0
7390008,141923,1,1,0
997360,141924,1,0,1
1150080,141925,1,1,0
3859888,141926,1,1,0
198568,141927,1,0,1
2654256,141928,1,0,1
1657328,141929,1,1,0
2800320,141930,1,1,0
3914112,141931,1,1,0
365832,141932,1,0,1
787320,141933,1,1,0
5998416,141934,1,1,0
7290536,141935,1,1,0
3155976,141936,1,1,0
6523616,141937,1,1,0
6038168,141938,1,1,0
2644224,141939,1,0,1
514920,141940,1,0,1
1730240,141941,1,1,0
1965032,141942,1,1,0
4164744,141943,1,1,0
2457048,141944,1,1,0
685528,141945,1,0,1
2483304,141946,1,1,0
3131856,141947,1,1,0
428016,141948,1,1,0
1096328,141949,1,0,1
4718672,141950,1,0,1
105608,141951,1,1,0
1345488,141952,1,0,1
1799128,141953,1,0,1
986048,141954,1,0,1
2749928,141955,1,0,1
1529384,141956,1,1,0
1186088,141957,1,0,1
7064888,141958,1,1,0
1699424,141959,1,1,0
1690952,141960,1,0,1
5073768,141961,1,0,1
5846088,141962,1,0,1
4689528,141963,1,0,1
1156232,141964,1,0,1
4759576,141965,1,1,0
2417912,141966,1,0,1
1528712,141967,1,0,1
6444744,141968,1,0,1
1211696,141969,1,1,0
698200,141970,1,0,1
6106936,141971,1,1,0
3723912,141972,1,0,1
2490200,141973,1,0,1
4749160,141974,1,0,1
604856,141975,1,0,1
3498840,141976,1,1,0
3543904,141977,1,0,1
288432,141978,1,0,1
953944,141979,1,0,1
1827240,141980,1,0,1
712400,141981,1,0,1
3274312,141982,1,0,1
360704,141983,1,0,1
292760,141984,1,0,1
1873704,141985,1,0,1
4987216,141986,1,0,1
5202952,141987,1,1,0
2193440,141988,1,0,1
2825904,141989,1,0,1
327928,141990,1,0,1
431552,141991,1,0,1
295120,141992,1,1,0
4325640,141993,1,1,0
3858840,141994,1,1,0
8078944,141995,1,1,0
6189568,141996,1,0,1
617640,141997,1,0,1
502328,141998,1,0,1
340960,141999,1,1,0
2517984,142000,1,0,1
1317312,142001,1,1,0
794256,142002,1,0,1
4230336,142003,1,1,0
5736192,142004,1,1,0
1979328,142005,1,0,1
5383088,142006,1,1,0
2686856,142007,1,1,0
655784,142008,1,1,0
1099936,142009,1,0,1
784872,142010,1,0,1
3518192,142011,1,1,0
7591288,142012,1,1,0
4990208,142013,1,1,0
1569616,142014,1,1,0
7105560,142015,1,1,0
5597384,142016,1,1,0
2159024,142017,1,0,1
200880,142018,1,0,1
846088,142019,1,0,1
2068440,142020,1,1,0
1382536,142021,1,1,0
8384856,142022,1,0,1
585008,142023,1,0,1
842752,142024,1,0,1
6966456,142025,1,1,0
967064,142026,1,1,0
432472,142027,1,0,1
6564776,142028,1,1,0
1468920,142029,1,1,0
2745536,142030,1,1,0
593256,142031,1,0,1
3804248,142032,1,0,1
6666664,142033,1,1,0
1070216,142034,1,0,1
2358608,142035,1,0,1
422848,142036,1,0,1
4394840,142037,1,0,1
873144,142038,1,0,1
866464,142039,1,0,1
4630208,142040,1,1,0
1726808,142041,1,1,0
782312,142042,1,1,0
483376,142043,1,1,0
1610112,142044,1,1,0
4851016,142045,1,0,1
3113808,142046,1,1,0
750120,142047,1,1,0
333792,142048,1,1,0
888664,142049,1,0,1
1244304,142050,1,1,0
214840,142051,1,0,1
1603584,142052,1,1,0
3841624,142053,1,1,0
469624,142054,1,0,1
3097552,142055,1,0,1
2155680,142056,1,1,0
1798568,142057,1,1,0
4807808,142058,1,0,1
1697728,142059,1,0,1
437240,142060,1,1,0
684840,142061,1,0,1
680744,142062,1,0,1
612008,142063,1,0,1
4967680,142064,1,0,1
468920,142065,1,0,1
565760,142066,1,1,0
3849056,142067,1,1,0
4200312,142068,1,0,1
8222624,142069,1,0,1
1796552,142070,1,0,1
1005064,142071,1,0,1
7629128,142072,1,1,0
3265048,142073,1,0,1
3948424,142074,1,0,1
6286160,142075,1,0,1
1562920,142076,1,1,0
1397752,142077,1,1,0
467256,142078,1,1,0
5633288,142079,1,0,1
1109992,142080,1,0,1
541976,142081,1,0,1
7945448,142082,1,0,1
7827152,142083,1,1,0
950800,142084,1,0,1
6791800,142085,1,0,1
8172816,142086,1,0,1
7907864,142087,1,1,0
288880,142088,1,1,0
787232,142089,1,1,0
1003072,142090,1,1,0
4485640,142091,1,0,1
1196208,142092,1,1,0
1642784,142093,1,0,1
294944,142094,1,0,1
4557576,142095,1,1,0
5457128,142096,1,0,1
894328,142097,1,1,0
656072,142098,1,0,1
1171680,142099,1,0,1
546888,142100,1,0,1
2559296,142101,1,0,1
2284464,142102,1,0,1
3966416,142103,1,0,1
6053448,142104,1,1,0
3730696,142105,1,0,1
231288,142106,1,0,1
7925520,142107,1,0,1
249968,142108,1,0,1
932664,142109,1,0,1
1176016,142110,1,0,1
6033888,142111,1,1,0
3878680,142112,1,0,1
3331384,142113,1,0,1
2915560,142114,1,0,1
1370056,142115,1,1,0
2443640,142116,1,0,1
1545728,142117,1,0,1
2992032,142118,1,1,0
1298184,142119,1,1,0
358280,142120,1,1,0
1692720,142121,1,0,1
7098944,142122,1,0,1
1724392,142123,1,1,0
4545624,142124,1,0,1
1467904,142125,1,1,0
2345792,142126,1,0,1
1228256,142127,1,1,0
1922504,142128,1,0,1
6590552,142129,1,1,0
2086080,142130,1,0,1
7073752,142131,1,0,1
643296,142132,1,1,0
2767920,142133,1,0,1
5673248,142134,1,1,0
4105384,142135,1,1,0
3676016,142136,1,0,1
7100400,142137,1,0,1
1165648,142138,1,0,1
459792,142139,1,0,1
6894912,142140,1,1,0
690264,142141,1,1,0
5669280,142142,1,1,0
453816,142143,1,0,1
5903088,142144,1,0,1
7725872,142145,1,0,1
686248,142146,1,1,0
820704,142147,1,0,1
319120,142148,1,1,0
546880,142149,1,0,1
8037864,142150,1,1,0
511128,142151,1,0,1
4970024,142152,1,1,0
3082384,142153,1,0,1
6346208,142154,1,1,0
7608944,142155,1,0,1
3998416,142156,1,1,0
5194024,142157,1,0,1
6404760,142158,1,1,0
3954568,142159,1,1,0
3949136,142160,1,0,1
4903232,142161,1,0,1
884336,142162,1,0,1
6049312,142163,1,0,1
345968,142164,1,1,0
532376,142165,1,0,1
5063456,142166,1,1,0
3177360,142167,1,1,0
1906520,142168,1,1,0
3545336,142169,1,1,0
1314648,142170,1,0,1
3001600,142171,1,1,0
4037144,142172,1,1,0
303112,142173,1,1,0
210168,142174,1,0,1
1032272,142175,1,0,1
5620464,142176,1,1,0
2222112,142177,1,0,1
3930136,142178,1,0,1
1343856,142179,1,0,1
2070600,142180,1,1,0
1328368,142181,1,0,1
729040,142182,1,0,1
3018712,142183,1,1,0
1274416,142184,1,1,0
3353496,142185,1,1,0
4727008,142186,1,0,1
2971272,142187,1,0,1
484768,142188,1,1,0
3067200,142189,1,1,0
1139208,142190,1,0,1
2189184,142191,1,0,1
2247872,142192,1,1,0
3456816,142193,1,1,0
546592,142194,1,0,1
3131568,142195,1,1,0
2857392,142196,1,1,0
2225528,142197,1,1,0
4803048,142198,1,0,1
1603760,142199,1,0,1
3636760,142200,1,1,0
254912,142201,1,0,1
5843280,142202,1,0,1
317464,142203,1,0,1
5973928,142204,1,0,1
5531808,142205,1,1,0
5923008,142206,1,1,0
8222072,142207,1,0,1
156552,142208,1,1,0
2659760,142209,1,1,0
996336,142210,1,0,1
1966624,142211,1,0,1
6525752,142212,1,0,1
757104,142213,1,0,1
6425464,142214,1,1,0
761800,142215,1,1,0
4866408,142216,1,0,1
2792632,142217,1,1,0
7587912,142218,1,0,1
1489288,142219,1,1,0
953096,142220,1,0,1
1712736,142221,1,1,0
1647760,142222,1,0,1
4211104,142223,1,0,1
3262696,142224,1,0,1
840480,142225,1,0,1
1677512,142226,1,0,1
3798552,142227,1,1,0
2481024,142228,1,1,0
361576,142229,1,0,1
2582168,142230,1,0,1
4694304,142231,1,0,1
1335376,142232,1,1,0
1864808,142233,1,0,1
2020984,142234,1,0,1
1559048,142235,1,1,0
2477760,142236,1,0,1
5243168,142237,1,0,1
719056,142238,1,0,1
2810856,142239,1,1,0
896560,142240,1,0,1
870296,142241,1,0,1
3943096,142242,1,0,1
2864032,142243,1,1,0
731232,142244,1,0,1
1099632,142245,1,1,0
4885136,142246,1,1,0
5218440,142247,1,0,1
8190016,142248,1,0,1
5061600,142249,1,0,1
2491600,142250,1,1,0
4994376,142251,1,0,1
1118616,142252,1,1,0
1959464,142253,1,0,1
3234328,142254,1,1,0
1230664,142255,1,1,0
475696,142256,1,1,0
3773160,142257,1,1,0
4203288,142258,1,1,0
2574432,142259,1,1,0
702992,142260,1,0,1
4401592,142261,1,1,0
171344,142262,1,1,0
1129528,142263,1,1,0
3670640,142264,1,1,0
5065480,142265,1,1,0
2938632,142266,1,0,1
1747056,142267,1,0,1
3710344,142268,1,0,1
1234128,142269,1,1,0
2745968,142270,1,1,0
1697720,142271,1,0,1
325264,142272,1,0,1
2133792,142273,1,1,0
1637688,142274,1,0,1
7401528,142275,1,1,0
3048544,142276,1,1,0
4879544,142277,1,0,1
1034872,142278,1,1,0
3372568,142279,1,0,1
1013960,142280,1,1,0
6368104,142281,1,0,1
877088,142282,1,0,1
1177560,142283,1,1,0
5646360,142284,1,0,1
2331792,142285,1,0,1
3175160,142286,1,1,0
1022584,142287,1,1,0
1210088,142288,1,0,1
2817544,142289,1,0,1
310392,142290,1,1,0
1621568,142291,1,1,0
8315224,142292,1,1,0
4783568,142293,1,1,0
7804536,142294,1,1,0
6096080,142295,1,1,0
7077368,142296,1,0,1
207040,142297,1,0,1
1078592,142298,1,1,0
4591608,142299,1,1,0
563048,142300,1,1,0
5686368,142301,1,0,1
1219888,142302,1,0,1
633392,142303,1,0,1
571600,142304,1,0,1
499144,142305,1,0,1
2566160,142306,1,0,1
118336,142307,1,1,0
2308352,142308,1,0,1
4002488,142309,1,1,0
1055000,142310,1,0,1
497744,142311,1,1,0
494072,142312,1,1,0
7398648,142313,1,1,0
2220312,142314,1,1,0
572064,142315,1,0,1
264616,142316,1,0,1
400464,142317,1,0,1
4638464,142318,1,1,0
2714304,142319,1,0,1
1115768,142320,1,0,1
630600,142321,1,0,1
742960,142322,1,1,0
6962960,142323,1,1,0
2609464,142324,1,0,1
533816,142325,1,1,0
5935512,142326,1,1,0
2350632,142327,1,1,0
1804288,142328,1,1,0
700144,142329,1,0,1
751368,142330,1,1,0
1927112,142331,1,1,0
5245232,142332,1,0,1
6308104,142333,1,1,0
830240,142334,1,0,1
1576544,142335,1,1,0
4889320,142336,1,1,0
2488856,142337,1,0,1
1344896,142338,1,1,0
4300664,142339,1,1,0
6356880,142340,1,0,1
1511608,142341,1,0,1
1754408,142342,1,1,0
3094712,142343,1,1,0
1306336,142344,1,0,1
1287544,142345,1,1,0
337968,142346,1,1,0
1699160,142347,1,1,0
7831400,142348,1,0,1
864240,142349,1,1,0
1389264,142350,1,0,1
1121032,142351,1,0,1
2508936,142352,1,1,0
1032072,142353,1,1,0
2413728,142354,1,0,1
2937392,142355,1,0,1
1342824,142356,1,1,0
1172024,142357,1,0,1
2204080,142358,1,0,1
1562584,142359,1,0,1
6807480,142360,1,1,0
3600168,142361,1,1,0
380704,142362,1,1,0
5540184,142363,1,0,1
3777912,142364,1,1,0
1465096,142365,1,0,1
537312,142366,1,0,1
2135416,142367,1,0,1
4353944,142368,1,1,0
2501536,142369,1,0,1
588392,142370,1,1,0
7237240,142371,1,1,0
6530472,142372,1,0,1
704208,142373,1,0,1
6001616,142374,1,1,0
7592128,142375,1,1,0
915080,142376,1,1,0
3111616,142377,1,1,0
2347056,142378,1,1,0
4254704,142379,1,0,1
5743600,142380,1,0,1
3302632,142381,1,0,1
865008,142382,1,1,0
544808,142383,1,1,0
3331728,142384,1,1,0
2482944,142385,1,0,1
1345496,142386,1,0,1
3442960,142387,1,1,0
8099408,142388,1,1,0
5017096,142389,1,1,0
1352904,142390,1,0,1
1267960,142391,1,0,1
556712,142392,1,0,1
4080688,142393,1,0,1
560720,142394,1,0,1
3759600,142395,1,1,0
1138088,142396,1,0,1
5337168,142397,1,0,1
816376,142398,1,0,1
5670384,142399,1,1,0
841016,142400,1,0,1
254184,142401,1,1,0
2367592,142402,1,0,1
512552,142403,1,1,0
3566272,142404,1,1,0
5930632,142405,1,0,1
1029016,142406,1,0,1
4793888,142407,1,1,0
3291200,142408,1,0,1
1921104,142409,1,0,1
765128,142410,1,0,1
5194952,142411,1,0,1
4193952,142412,1,1,0
628344,142413,1,1,0
6092976,142414,1,0,1
5930920,142415,1,0,1
1762784,142416,1,1,0
2005080,142417,1,1,0
5281320,142418,1,1,0
2575920,142419,1,1,0
5136848,142420,1,0,1
2086200,142421,1,0,1
301304,142422,1,1,0
391176,142423,1,0,1
569056,142424,1,1,0
272688,142425,1,1,0
7424928,142426,1,1,0
6910144,142427,1,0,1
789984,142428,1,1,0
1535976,142429,1,0,1
6910296,142430,1,0,1
7578312,142431,1,0,1
251176,142432,1,1,0
1827032,142433,1,1,0
1630632,142434,1,1,0
1804536,142435,1,1,0
2574312,142436,1,1,0
497936,142437,1,1,0
779448,142438,1,0,1
4547672,142439,1,0,1
7788096,142440,1,0,1
4503912,142441,1,0,1
704320,142442,1,1,0
590776,142443,1,0,1
1154416,142444,1,1,0
523408,142445,1,1,0
2726928,142446,1,0,1
2464184,142447,1,0,1
7121232,142448,1,0,1
617408,142449,1,0,1
5908808,142450,1,0,1
7133800,142451,1,1,0
85696,142452,1,0,1
6760776,142453,1,1,0
8294664,142454,1,1,0
104328,142455,1,0,1
3259536,142456,1,0,1
643704,142457,1,0,1
235616,142458,1,1,0
8103144,142459,1,1,0
485472,142460,1,0,1
7696968,142461,1,0,1
263832,142462,1,1,0
742072,142463,1,0,1
230424,142464,1,0,1
1836128,142465,1,0,1
7844144,142466,1,0,1
6991792,142467,1,0,1
966776,142468,1,0,1
4211624,142469,1,1,0
8365400,142470,1,0,1
3650080,142471,1,1,0
5627656,142472,1,0,1
5469592,142473,1,0,1
7061600,142474,1,0,1
2150016,142475,1,1,0
242680,142476,1,1,0
441720,142477,1,1,0
2582760,142478,1,0,1
2555352,142479,1,0,1
6934280,142480,1,0,1
1849288,142481,1,0,1
6605728,142482,1,1,0
701984,142483,1,1,0
3044888,142484,1,1,0
3999272,142485,1,1,0
2496648,142486,1,1,0
2747392,142487,1,0,1
6006200,142488,1,0,1
7262104,142489,1,0,1
4656712,142490,1,1,0
4217512,142491,1,0,1
995472,142492,1,0,1
333408,142493,1,1,0
4514992,142494,1,0,1
3201976,142495,1,1,0
4737088,142496,1,0,1
1031232,142497,1,0,1
8006120,142498,1,0,1
626448,142499,1,1,0
4983744,142500,1,0,1
598960,142501,1,0,1
8073960,142502,1,0,1
291800,142503,1,0,1
463504,142504,1,1,0
534544,142505,1,1,0
3406512,142506,1,0,1
251816,142507,1,0,1
4459880,142508,1,1,0
3727864,142509,1,0,1
6520864,142510,1,1,0
1095912,142511,1,0,1
3407936,142512,1,1,0
8010216,142513,1,1,0
875056,142514,1,1,0
5719544,142515,1,1,0
620624,142516,1,0,1
5190856,142517,1,0,1
1500776,142518,1,1,0
900496,142519,1,0,1
4044848,142520,1,0,1
7090744,142521,1,0,1
2144952,142522,1,0,1
4023952,142523,1,0,1
6146992,142524,1,0,1
5263128,142525,1,0,1
274592,142526,1,0,1
4431344,142527,1,1,0
3712680,142528,1,1,0
2004544,142529,1,1,0
674768,142530,1,0,1
453248,142531,1,0,1
1578872,142532,1,1,0
551952,142533,1,0,1
1498096,142534,1,1,0
4166992,142535,1,1,0
484568,142536,1,1,0
6917400,142537,1,0,1
3331440,142538,1,0,1
5437056,142539,1,0,1
601968,142540,1,1,0
4661896,142541,1,0,1
6612712,142542,1,0,1
2225136,142543,1,0,1
368320,142544,1,1,0
5875912,142545,1,0,1
3338712,142546,1,1,0
1253424,142547,1,0,1
3493688,142548,1,0,1
475896,142549,1,0,1
752408,142550,1,0,1
5210136,142551,1,1,0
329672,142552,1,0,1
4108784,142553,1,0,1
902280,142554,1,0,1
1357784,142555,1,0,1
2885768,142556,1,1,0
7845072,142557,1,0,1
7109864,142558,1,0,1
6265456,142559,1,1,0
1077568,142560,1,0,1
5458032,142561,1,0,1
283304,142562,1,1,0
1452568,142563,1,0,1
284312,142564,1,0,1
1436496,142565,1,1,0
3498552,142566,1,1,0
5602184,142567,1,1,0
6883368,142568,1,1,0
1207304,142569,1,0,1
8171184,142570,1,1,0
5782408,142571,1,0,1
364784,142572,1,1,0
4863952,142573,1,1,0
7305480,142574,1,0,1
2131664,142575,1,0,1
3041920,142576,1,0,1
513344,142577,1,1,0
291016,142578,1,1,0
3149616,142579,1,0,1
4292440,142580,1,0,1
1792048,142581,1,1,0
821896,142582,1,1,0
1502768,142583,1,0,1
1598448,142584,1,1,0
4143104,142585,1,0,1
3254384,142586,1,1,0
1410336,142587,1,1,0
1223520,142588,1,1,0
5070248,142589,1,1,0
498936,142590,1,1,0
4286280,142591,1,1,0
1905232,142592,1,1,0
3604888,142593,1,0,1
6835984,142594,1,1,0
7334528,142595,1,1,0
256928,142596,1,1,0
7240368,142597,1,1,0
3107592,142598,1,1,0
6252096,142599,1,0,1
6977944,142600,1,0,1
148624,142601,1,0,1
5145672,142602,1,0,1
161656,142603,1,1,0
3967608,142604,1,1,0
158720,142605,1,0,1
1279720,142606,1,0,1
720816,142607,1,1,0
2613704,142608,1,0,1
180696,142609,1,1,0
2008728,142610,1,1,0
6289376,142611,1,0,1
830328,142612,1,1,0
5176112,142613,1,1,0
4813960,142614,1,0,1
1640960,142615,1,1,0
1255536,142616,1,0,1
283976,142617,1,1,0
446032,142618,1,0,1
1414640,142619,1,0,1
249568,142620,1,0,1
468144,142621,1,1,0
6659912,142622,1,0,1
1146336,142623,1,0,1
917712,142624,1,0,1
1925664,142625,1,1,0
3351896,142626,1,1,0
2040840,142627,1,1,0
3605456,142628,1,0,1
789744,142629,1,0,1
500392,142630,1,1,0
3951304,142631,1,0,1
2842032,142632,1,0,1
947280,142633,1,0,1
7032200,142634,1,1,0
2311232,142635,1,1,0
1286176,142636,1,1,0
1415400,142637,1,1,0
184320,142638,1,1,0
843912,142639,1,1,0
6038112,142640,1,0,1
1877472,142641,1,1,0
944800,142642,1,0,1
5228384,142643,1,1,0
590712,142644,1,0,1
185712,142645,1,0,1
7587320,142646,1,1,0
3162448,142647,1,1,0
4936928,142648,1,1,0
717984,142649,1,1,0
62600,142650,1,1,0
1124584,142651,1,0,1
491176,142652,1,1,0
1839952,142653,1,1,0
1186896,142654,1,0,1
999104,142655,1,1,0
1315160,142656,1,0,1
5150624,142657,1,1,0
3336160,142658,1,0,1
1617248,142659,1,1,0
2749416,142660,1,1,0
2940784,142661,1,0,1
7634088,142662,1,1,0
7346512,142663,1,1,0
573992,142664,1,1,0
5052656,142665,1,1,0
4683752,142666,1,0,1
1722640,142667,1,0,1
93120,142668,1,0,1
5813400,142669,1,1,0
3360120,142670,1,1,0
1337336,142671,1,1,0
794296,142672,1,1,0
1248280,142673,1,1,0
7198056,142674,1,1,0
6182240,142675,1,1,0
789840,142676,1,1,0
301392,142677,1,1,0
2184168,142678,1,0,1
1789240,142679,1,0,1
642512,142680,1,1,0
2781920,142681,1,1,0
7346968,142682,1,1,0
2857400,142683,1,0,1
6884456,142684,1,1,0
6799048,142685,1,1,0
951704,142686,1,1,0
2336208,142687,1,1,0
2308928,142688,1,1,0
277360,142689,1,0,1
280536,142690,1,1,0
954752,142691,1,1,0
1357608,142692,1,0,1
3422024,142693,1,0,1
1119696,142694,1,0,1
1121312,142695,1,1,0
1330608,142696,1,1,0
2668784,142697,1,1,0
4099952,142698,1,0,1
5668952,142699,1,1,0
5607264,142700,1,0,1
2407768,142701,1,1,0
699872,142702,1,0,1
7227040,142703,1,0,1
6070488,142704,1,1,0
5766008,142705,1,1,0
8101120,142706,1,1,0
1884360,142707,1,1,0
1212184,142708,1,0,1
564904,142709,1,1,0
545328,142710,1,1,0
3417776,142711,1,1,0
1971328,142712,1,0,1
2773272,142713,1,0,1
3823456,142714,1,0,1
769504,142715,1,1,0
2869024,142716,1,1,0
3500080,142717,1,0,1
4231928,142718,1,1,0
3313264,142719,1,1,0
6745712,142720,1,0,1
4767200,142721,1,1,0
236104,142722,1,0,1
4942720,142723,1,0,1
8307832,142724,1,0,1
1822512,142725,1,0,1
5413160,142726,1,0,1
1302328,142727,1,0,1
680432,142728,1,0,1
5259624,142729,1,0,1
1233152,142730,1,0,1
7467736,142731,1,0,1
4195392,142732,1,1,0
2164904,142733,1,1,0
7668232,142734,1,0,1
2979448,142735,1,0,1
2017864,142736,1,0,1
2168920,142737,1,0,1
177584,142738,1,1,0
375392,142739,1,1,0
7092800,142740,1,1,0
2994616,142741,1,0,1
514456,142742,1,1,0
7592488,142743,1,1,0
4943168,142744,1,1,0
305080,142745,1,0,1
6274392,142746,1,1,0
4252136,142747,1,1,0
7703960,142748,1,1,0
2496296,142749,1,1,0
191536,142750,1,1,0
6151400,142751,1,1,0
366680,142752,1,0,1
1797048,142753,1,0,1
1267752,142754,1,1,0
1760240,142755,1,1,0
590112,142756,1,1,0
5268240,142757,1,0,1
3862032,142758,1,0,1
358744,142759,1,1,0
6042232,142760,1,0,1
374672,142761,1,0,1
3575816,142762,1,1,0
1580664,142763,1,0,1
1372568,142764,1,1,0
8285088,142765,1,1,0
600608,142766,1,0,1
3145096,142767,1,1,0
739856,142768,1,1,0
3521592,142769,1,0,1
2557176,142770,1,0,1
6283280,142771,1,0,1
1894848,142772,1,1,0
5537576,142773,1,1,0
3400264,142774,1,1,0
2078128,142775,1,0,1
5325968,142776,1,1,0
3737336,142777,1,0,1
3617448,142778,1,1,0
4554208,142779,1,0,1
5869248,142780,1,1,0
3741744,142781,1,0,1
1848608,142782,1,1,0
1391168,142783,1,0,1
5627568,142784,1,0,1
1981648,142785,1,0,1
1759936,142786,1,0,1
506744,142787,1,1,0
1126848,142788,1,1,0
361744,142789,1,1,0
5547256,142790,1,0,1
4483456,142791,1,1,0
5722736,142792,1,0,1
2240248,142793,1,0,1
7180640,142794,1,1,0
6013392,142795,1,1,0
1719656,142796,1,1,0
2305976,142797,1,0,1
7740840,142798,1,1,0
3940680,142799,1,0,1
5826008,142800,1,0,1
978144,142801,1,1,0
5917992,142802,1,0,1
219496,142803,1,1,0
3725872,142804,1,0,1
1151600,142805,1,1,0
655360,142806,1,0,1
4566864,142807,1,0,1
6132648,142808,1,0,1
601424,142809,1,1,0
2683928,142810,1,0,1
2631376,142811,1,0,1
6135384,142812,1,1,0
5912384,142813,1,0,1
5140112,142814,1,1,0
1902960,142815,1,1,0
749648,142816,1,0,1
610424,142817,1,1,0
2320728,142818,1,0,1
2119912,142819,1,0,1
1616064,142820,1,1,0
7945608,142821,1,0,1
886480,142822,1,0,1
1063568,142823,1,0,1
3469152,142824,1,1,0
4343816,142825,1,0,1
454344,142826,1,0,1
3797864,142827,1,0,1
2159320,142828,1,0,1
5974488,142829,1,1,0
4894360,142830,1,1,0
322200,142831,1,1,0
2843176,142832,1,1,0
3244416,142833,1,0,1
4577768,142834,1,1,0
2949232,142835,1,0,1
4873760,142836,1,1,0
5967920,142837,1,1,0
2502904,142838,1,0,1
1082616,142839,1,0,1
846368,142840,1,1,0
771040,142841,1,1,0
1917856,142842,1,1,0
8319352,142843,1,1,0
666320,142844,1,1,0
5381496,142845,1,0,1
4706432,142846,1,0,1
2661432,142847,1,0,1
2632832,142848,1,0,1
3468448,142849,1,1,0
4609016,142850,1,0,1
763144,142851,1,0,1
2325784,142852,1,1,0
2281096,142853,1,0,1
1833416,142854,1,0,1
7729728,142855,1,0,1
775560,142856,1,1,0
8064128,142857,1,1,0
7523224,142858,1,0,1
2092024,142859,1,1,0
3883120,142860,1,0,1
1506768,142861,1,1,0
3372128,142862,1,1,0
2199560,142863,1,0,1
1867552,142864,1,1,0
734696,142865,1,1,0
568400,142866,1,1,0
2024688,142867,1,0,1
2111976,142868,1,0,1
8218056,142869,1,0,1
374456,142870,1,1,0
4466448,142871,1,1,0
1381072,142872,1,0,1
6975200,142873,1,0,1
2806752,142874,1,0,1
5841680,142875,1,1,0
4549320,142876,1,0,1
4009360,142877,1,1,0
371632,142878,1,0,1
3076512,142879,1,0,1
3932672,142880,1,0,1
974752,142881,1,1,0
1536280,142882,1,0,1
524168,142883,1,0,1
3409656,142884,1,0,1
5599056,142885,1,1,0
4852856,142886,1,1,0
7210856,142887,1,0,1
1184240,142888,1,1,0
7786440,142889,1,1,0
887616,142890,1,1,0
1835960,142891,1,1,0
3413152,142892,1,1,0
1899480,142893,1,1,0
596728,142894,1,0,1
1383440,142895,1,1,0
5415752,142896,1,0,1
5315320,142897,1,0,1
3878984,142898,1,0,1
1098528,142899,1,0,1
1846944,142900,1,0,1
791112,142901,1,1,0
845352,142902,1,1,0
809304,142903,1,0,1
3150080,142904,1,0,1
1908488,142905,1,0,1
8276640,142906,1,1,0
3080128,142907,1,0,1
4642448,142908,1,0,1
2588080,142909,1,1,0
822200,142910,1,0,1
4350968,142911,1,1,0
5976896,142912,1,0,1
2212824,142913,1,0,1
371960,142914,1,1,0
1043312,142915,1,1,0
5290240,142916,1,0,1
8117352,142917,1,0,1
1002176,142918,1,1,0
6906232,142919,1,0,1
3098336,142920,1,0,1
1899336,142921,1,0,1
6339000,142922,1,1,0
911016,142923,1,0,1
4513904,142924,1,1,0
2036144,142925,1,1,0
3177096,142926,1,1,0
441176,142927,1,1,0
1832376,142928,1,0,1
1597736,142929,1,0,1
5057288,142930,1,1,0
360728,142931,1,1,0
443576,142932,1,0,1
1900272,142933,1,0,1
6466096,142934,1,0,1
1255080,142935,1,1,0
5825000,142936,1,0,1
2370640,142937,1,1,0
2813072,142938,1,1,0
6788232,142939,1,0,1
7551088,142940,1,0,1
2609864,142941,1,0,1
3281432,142942,1,1,0
6125144,142943,1,1,0
673368,142944,1,0,1
1350552,142945,1,1,0
1097896,142946,1,1,0
911776,142947,1,0,1
562576,142948,1,0,1
4872632,142949,1,1,0
1409264,142950,1,0,1
4546256,142951,1,0,1
382520,142952,1,0,1
4917192,142953,1,1,0
6838792,142954,1,0,1
1469360,142955,1,0,1
1455544,142956,1,0,1
2946488,142957,1,0,1
4032928,142958,1,1,0
360560,142959,1,1,0
875152,142960,1,0,1
5448128,142961,1,0,1
5121624,142962,1,0,1
6423232,142963,1,1,0
138584,142964,1,0,1
3067040,142965,1,0,1
1162312,142966,1,1,0
3116872,142967,1,0,1
105360,142968,1,0,1
2070488,142969,1,0,1
167216,142970,1,0,1
4344992,142971,1,0,1
158848,142972,1,1,0
1334408,142973,1,0,1
3993328,142974,1,0,1
4020376,142975,1,0,1
2511712,142976,1,1,0
4899272,142977,1,0,1
1615152,142978,1,1,0
98000,142979,1,0,1
4121944,142980,1,1,0
5732552,142981,1,1,0
5365008,142982,1,0,1
597000,142983,1,1,0
6805752,142984,1,1,0
7340736,142985,1,0,1
161000,142986,1,1,0
1423824,142987,1,0,1
1891352,142988,1,0,1
667368,142989,1,1,0
1800232,142990,1,1,0
222120,142991,1,0,1
1987696,142992,1,1,0
1736768,142993,1,1,0
4532992,142994,1,1,0
1427384,142995,1,1,0
6739776,142996,1,1,0
2954520,142997,1,0,1
2039200,142998,1,1,0
1519056,142999,1,1,0
977712,143000,1,0,1
6612792,143001,1,1,0
790232,143002,1,0,1
294296,143003,1,1,0
213952,143004,1,1,0
1695952,143005,1,0,1
4015008,143006,1,0,1
6492848,143007,1,1,0
190152,143008,1,0,1
6234096,143009,1,1,0
1335064,143010,1,1,0
893840,143011,1,0,1
1672648,143012,1,0,1
5133736,143013,1,0,1
4966968,143014,1,0,1
4367824,143015,1,0,1
2532584,143016,1,0,1
4700056,143017,1,0,1
557896,143018,1,0,1
5217096,143019,1,0,1
1510200,143020,1,1,0
462744,143021,1,1,0
1821536,143022,1,1,0
1930392,143023,1,1,0
242552,143024,1,1,0
3390112,143025,1,0,1
7738816,143026,1,1,0
1248096,143027,1,0,1
1438648,143028,1,0,1
2607744,143029,1,1,0
2958928,143030,1,1,0
577592,143031,1,1,0
7758344,143032,1,0,1
771200,143033,1,1,0
3137392,143034,1,1,0
331328,143035,1,0,1
2789720,143036,1,1,0
3130840,143037,1,0,1
6940104,143038,1,1,0
1186256,143039,1,0,1
1964160,143040,1,1,0
2068176,143041,1,0,1
8378360,143042,1,1,0
4422472,143043,1,0,1
2100720,143044,1,0,1
3164640,143045,1,0,1
8113936,143046,1,1,0
813176,143047,1,1,0
1399280,143048,1,0,1
2944040,143049,1,0,1
5864288,143050,1,1,0
446872,143051,1,0,1
6915072,143052,1,1,0
2935240,143053,1,1,0
1938136,143054,1,1,0
4978248,143055,1,1,0
2356904,143056,1,0,1
4000296,143057,1,0,1
1043816,143058,1,1,0
856952,143059,1,0,1
2977272,143060,1,1,0
7161624,143061,1,1,0
7499728,143062,1,1,0
713280,143063,1,0,1
346136,143064,1,1,0
1518368,143065,1,1,0
673840,143066,1,0,1
671976,143067,1,0,1
529248,143068,1,0,1
2310256,143069,1,0,1
2955208,143070,1,0,1
1214088,143071,1,0,1
4953464,143072,1,0,1
798040,143073,1,1,0
1566928,143074,1,0,1
1345840,143075,1,0,1
1878184,143076,1,1,0
2233208,143077,1,1,0
2378720,143078,1,0,1
2617280,143079,1,1,0
651472,143080,1,0,1
853008,143081,1,0,1
121648,143082,1,0,1
215544,143083,1,0,1
1635032,143084,1,1,0
2173376,143085,1,0,1
4317112,143086,1,1,0
2377152,143087,1,1,0
220280,143088,1,0,1
168496,143089,1,0,1
1322592,143090,1,0,1
7464808,143091,1,0,1
6770088,143092,1,0,1
4354592,143093,1,0,1
3295896,143094,1,0,1
815352,143095,1,1,0
2013000,143096,1,0,1
2638008,143097,1,0,1
6911496,143098,1,1,0
7142368,143099,1,0,1
548448,143100,1,1,0
7564432,143101,1,0,1
268760,143102,1,0,1
7937424,143103,1,1,0
887096,143104,1,0,1
2385816,143105,1,0,1
205984,143106,1,1,0
194264,143107,1,0,1
3379816,143108,1,1,0
481376,143109,1,0,1
845392,143110,1,1,0
7240840,143111,1,1,0
4970496,143112,1,0,1
8084776,143113,1,0,1
3081952,143114,1,0,1
4180928,143115,1,1,0
4176024,143116,1,1,0
7209056,143117,1,1,0
3648392,143118,1,0,1
333888,143119,1,0,1
810976,143120,1,1,0
3711848,143121,1,0,1
3018360,143122,1,0,1
570512,143123,1,1,0
1296520,143124,1,1,0
4537592,143125,1,0,1
2352776,143126,1,0,1
378840,143127,1,0,1
1109056,143128,1,0,1
5743632,143129,1,1,0
3405456,143130,1,1,0
893192,143131,1,0,1
3149856,143132,1,1,0
6926512,143133,1,0,1
1924736,143134,1,0,1
5383904,143135,1,0,1
873664,143136,1,1,0
1153800,143137,1,0,1
1967576,143138,1,1,0
2392328,143139,1,0,1
373760,143140,1,0,1
769312,143141,1,0,1
1126968,143142,1,1,0
432480,143143,1,0,1
7471504,143144,1,1,0
5867936,143145,1,1,0
1119080,143146,1,1,0
4232112,143147,1,1,0
6892432,143148,1,0,1
1850744,143149,1,0,1
578240,143150,1,0,1
4523656,143151,1,1,0
1724512,143152,1,0,1
6653424,143153,1,0,1
267656,143154,1,1,0
7990400,143155,1,0,1
508400,143156,1,0,1
1486712,143157,1,1,0
719976,143158,1,1,0
6060240,143159,1,1,0
4983768,143160,1,0,1
5863304,143161,1,0,1
281176,143162,1,0,1
556944,143163,1,0,1
2982000,143164,1,1,0
1336048,143165,1,1,0
7155944,143166,1,0,1
741208,143167,1,1,0
3730792,143168,1,1,0
4885744,143169,1,0,1
2766608,143170,1,1,0
3977272,143171,1,1,0
1473264,143172,1,1,0
761760,143173,1,1,0
850192,143174,1,1,0
7024760,143175,1,0,1
519872,143176,1,0,1
791936,143177,1,0,1
6346544,143178,1,1,0
270432,143179,1,1,0
6834240,143180,1,1,0
5276120,143181,1,0,1
3741888,143182,1,1,0
3738304,143183,1,0,1
583832,143184,1,0,1
2550768,143185,1,1,0
4355352,143186,1,1,0
3059672,143187,1,1,0
4671608,143188,1,1,0
3455392,143189,1,0,1
2673840,143190,1,0,1
273736,143191,1,1,0
319968,143192,1,0,1
1095040,143193,1,1,0
1236256,143194,1,0,1
3521192,143195,1,1,0
4981264,143196,1,0,1
580784,143197,1,0,1
6425128,143198,1,1,0
1438488,143199,1,0,1
2167320,143200,1,0,1
5586408,143201,1,0,1
675184,143202,1,0,1
3013800,143203,1,1,0
6961272,143204,1,1,0
5394088,143205,1,1,0
811776,143206,1,0,1
143464,143207,1,1,0
891200,143208,1,0,1
217792,143209,1,1,0
1126328,143210,1,0,1
508568,143211,1,1,0
3633264,143212,1,1,0
3458864,143213,1,0,1
8099192,143214,1,0,1
1306864,143215,1,0,1
1356128,143216,1,0,1
803856,143217,1,0,1
3607976,143218,1,1,0
7113392,143219,1,0,1
225240,143220,1,1,0
3456656,143221,1,1,0
3118704,143222,1,0,1
1074776,143223,1,0,1
2974160,143224,1,0,1
2859280,143225,1,1,0
5847816,143226,1,0,1
2593160,143227,1,1,0
780672,143228,1,0,1
4764008,143229,1,1,0
5336240,143230,1,0,1
855992,143231,1,0,1
785608,143232,1,0,1
965784,143233,1,1,0
1067480,143234,1,1,0
5345144,143235,1,1,0
2132616,143236,1,0,1
6735344,143237,1,1,0
2201896,143238,1,1,0
2380336,143239,1,1,0
6141472,143240,1,0,1
6685112,143241,1,1,0
3494728,143242,1,1,0
6440216,143243,1,1,0
317272,143244,1,1,0
1957544,143245,1,0,1
2851360,143246,1,1,0
2852320,143247,1,1,0
1896896,143248,1,0,1
4077840,143249,1,1,0
5783176,143250,1,1,0
864072,143251,1,0,1
1785752,143252,1,1,0
54872,143253,1,0,1
804792,143254,1,1,0
1859936,143255,1,0,1
3811424,143256,1,1,0
7979696,143257,1,0,1
6818160,143258,1,0,1
4188832,143259,1,1,0
5362104,143260,1,1,0
863144,143261,1,1,0
842568,143262,1,1,0
1036328,143263,1,0,1
3066248,143264,1,0,1
1479456,143265,1,0,1
7312240,143266,1,0,1
173584,143267,1,0,1
4733328,143268,1,1,0
4838576,143269,1,1,0
7052000,143270,1,1,0
140040,143271,1,1,0
5129448,143272,1,1,0
848472,143273,1,0,1
2384016,143274,1,1,0
6885328,143275,1,1,0
5406576,143276,1,1,0
525064,143277,1,1,0
386264,143278,1,1,0
5093848,143279,1,0,1
3888832,143280,1,1,0
1879736,143281,1,1,0
3484184,143282,1,0,1
7764848,143283,1,0,1
3604248,143284,1,1,0
982760,143285,1,1,0
915600,143286,1,1,0
4715136,143287,1,1,0
5951880,143288,1,1,0
1543560,143289,1,0,1
2203600,143290,1,0,1
454320,143291,1,0,1
104512,143292,1,1,0
2360616,143293,1,0,1
228280,143294,1,0,1
6549080,143295,1,1,0
1258168,143296,1,0,1
2425704,143297,1,1,0
372672,143298,1,1,0
4604040,143299,1,1,0
4052832,143300,1,0,1
722816,143301,1,1,0
1294704,143302,1,1,0
944744,143303,1,1,0
1447504,143304,1,1,0
4817528,143305,1,1,0
1612496,143306,1,1,0
736000,143307,1,0,1
1455744,143308,1,1,0
4385728,143309,1,1,0
2243112,143310,1,0,1
2057760,143311,1,1,0
402296,143312,1,0,1
607216,143313,1,1,0
2556096,143314,1,0,1
5700096,143315,1,0,1
1940328,143316,1,1,0
2410880,143317,1,0,1
565952,143318,1,1,0
731056,143319,1,1,0
5226240,143320,1,0,1
755200,143321,1,1,0
6077424,143322,1,0,1
2499080,143323,1,1,0
6308912,143324,1,1,0
1738400,143325,1,0,1
2573000,143326,1,0,1
2985984,143327,1,0,1
1050144,143328,1,1,0
2038712,143329,1,1,0
1743016,143330,1,0,1
3107176,143331,1,0,1
198840,143332,1,0,1
1676616,143333,1,0,1
6130128,143334,1,1,0
731336,143335,1,1,0
1579280,143336,1,1,0
5526776,143337,1,1,0
8084912,143338,1,0,1
635240,143339,1,0,1
832848,143340,1,1,0
3605176,143341,1,1,0
2065408,143342,1,1,0
1321672,143343,1,0,1
122944,143344,1,0,1
7562936,143345,1,0,1
2434824,143346,1,0,1
7133160,143347,1,0,1
881064,143348,1,1,0
2158144,143349,1,1,0
2805072,143350,1,0,1
2154440,143351,1,0,1
3961856,143352,1,1,0
7783592,143353,1,0,1
8170336,143354,1,1,0
2053072,143355,1,0,1
2798904,143356,1,1,0
4212104,143357,1,0,1
605048,143358,1,1,0
907888,143359,1,0,1
1157272,143360,1,1,0
5651480,143361,1,1,0
3832112,143362,1,1,0
6270680,143363,1,1,0
1143552,143364,1,1,0
2623880,143365,1,1,0
828264,143366,1,1,0
3180848,143367,1,1,0
1835272,143368,1,1,0
3598784,143369,1,1,0
1011504,143370,1,0,1
392624,143371,1,1,0
514472,143372,1,1,0
7029040,143373,1,0,1
2963552,143374,1,1,0
147088,143375,1,0,1
2302960,143376,1,1,0
534488,143377,1,1,0
1873976,143378,1,1,0
5492424,143379,1,1,0
760920,143380,1,1,0
785992,143381,1,0,1
3848896,143382,1,1,0
2843360,143383,1,0,1
2055120,143384,1,1,0
220184,143385,1,1,0
6066048,143386,1,1,0
980992,143387,1,1,0
5600064,143388,1,1,0
783472,143389,1,0,1
1395104,143390,1,0,1
825240,143391,1,0,1
2471944,143392,1,0,1
959928,143393,1,0,1
2549240,143394,1,1,0
5557936,143395,1,1,0
1100928,143396,1,0,1
375144,143397,1,0,1
4837664,143398,1,0,1
1496672,143399,1,0,1
1420448,143400,1,0,1
1607488,143401,1,1,0
753072,143402,1,1,0
1698176,143403,1,1,0
1742248,143404,1,0,1
2700776,143405,1,1,0
535192,143406,1,1,0
744096,143407,1,1,0
368256,143408,1,0,1
834024,143409,1,0,1
1971400,143410,1,0,1
587496,143411,1,0,1
4500888,143412,1,1,0
1120560,143413,1,0,1
697152,143414,1,0,1
1003312,143415,1,0,1
5799968,143416,1,1,0
2635672,143417,1,0,1
1246808,143418,1,1,0
4473864,143419,1,0,1
8257088,143420,1,1,0
751288,143421,1,0,1
2213480,143422,1,0,1
6962464,143423,1,0,1
3649048,143424,1,1,0
1243648,143425,1,1,0
5069704,143426,1,1,0
1047504,143427,1,0,1
349312,143428,1,0,1
2728816,143429,1,0,1
1122728,143430,1,0,1
1107184,143431,1,0,1
2421296,143432,1,0,1
3507312,143433,1,0,1
1714120,143434,1,1,0
7570224,143435,1,0,1
1929984,143436,1,0,1
717152,143437,1,1,0
348400,143438,1,0,1
1094120,143439,1,1,0
6029120,143440,1,0,1
3488568,143441,1,1,0
528848,143442,1,0,1
5935624,143443,1,1,0
7207720,143444,1,0,1
2749352,143445,1,1,0
350520,143446,1,1,0
1444256,143447,1,0,1
683264,143448,1,0,1
1787976,143449,1,0,1
1803424,143450,1,0,1
1973408,143451,1,0,1
3225968,143452,1,0,1
4146208,143453,1,0,1
1654888,143454,1,1,0
2714440,143455,1,1,0
2555176,143456,1,0,1
2594480,143457,1,0,1
549904,143458,1,1,0
2081584,143459,1,1,0
5819664,143460,1,1,0
1526944,143461,1,0,1
845656,143462,1,1,0
1746336,143463,1,0,1
7911168,143464,1,0,1
1182152,143465,1,1,0
1172248,143466,1,0,1
3585448,143467,1,1,0
364720,143468,1,1,0
443408,143469,1,1,0
913744,143470,1,0,1
403392,143471,1,1,0
5366912,143472,1,0,1
3982280,143473,1,1,0
6354320,143474,1,0,1
4782296,143475,1,1,0
905720,143476,1,0,1
1041240,143477,1,0,1
1553856,143478,1,0,1
87656,143479,1,1,0
7404120,143480,1,1,0
1745776,143481,1,0,1
2177128,143482,1,0,1
1708672,143483,1,1,0
487464,143484,1,0,1
3752320,143485,1,0,1
1011296,143486,1,1,0
1304072,143487,1,1,0
3984504,143488,1,0,1
5695288,143489,1,1,0
3228664,143490,1,1,0
4557776,143491,1,1,0
58904,143492,1,1,0
4666880,143493,1,0,1
3649848,143494,1,1,0
1921296,143495,1,1,0
3957472,143496,1,0,1
3026576,143497,1,0,1
444456,143498,1,1,0
1013824,143499,1,0,1
2895736,143500,1,0,1
1283536,143501,1,0,1
7547000,143502,1,0,1
1252664,143503,1,1,0
574336,143504,1,1,0
809504,143505,1,1,0
739400,143506,1,1,0
3431888,143507,1,1,0
1841616,143508,1,1,0
2347920,143509,1,0,1
1777808,143510,1,0,1
6046856,143511,1,0,1
3575616,143512,1,1,0
2946536,143513,1,1,0
863664,143514,1,0,1
222800,143515,1,0,1
3300808,143516,1,0,1
7783864,143517,1,0,1
930184,143518,1,0,1
3054088,143519,1,0,1
2241328,143520,1,1,0
1943496,143521,1,1,0
2853688,143522,1,0,1
504064,143523,1,0,1
6947864,143524,1,1,0
395040,143525,1,0,1
8263672,143526,1,0,1
7995744,143527,1,0,1
2021264,143528,1,1,0
408928,143529,1,1,0
1140616,143530,1,1,0
1183232,143531,1,0,1
567048,143532,1,1,0
6396048,143533,1,0,1
653648,143534,1,1,0
4434464,143535,1,1,0
5369128,143536,1,0,1
6558304,143537,1,1,0
1705592,143538,1,0,1
8324984,143539,1,1,0
2507232,143540,1,0,1
1222256,143541,1,0,1
1055856,143542,1,1,0
6179584,143543,1,1,0
108696,143544,1,0,1
2979512,143545,1,1,0
1360432,143546,1,0,1
2182416,143547,1,1,0
1153200,143548,1,0,1
129536,143549,1,1,0
805824,143550,1,0,1
4762752,143551,1,0,1
2617528,143552,1,1,0
2252488,143553,1,1,0
4823192,143554,1,1,0
232792,143555,1,0,1
887480,143556,1,0,1
8094744,143557,1,1,0
5024176,143558,1,0,1
6458008,143559,1,1,0
4852168,143560,1,0,1
5980592,143561,1,0,1
7316576,143562,1,0,1
762232,143563,1,1,0
255752,143564,1,0,1
3730168,143565,1,1,0
5040832,143566,1,0,1
5745784,143567,1,0,1
2428848,143568,1,0,1
1631216,143569,1,0,1
4902840,143570,1,0,1
7484664,143571,1,0,1
250920,143572,1,0,1
363280,143573,1,1,0
813416,143574,1,1,0
3760488,143575,1,0,1
868328,143576,1,0,1
1447160,143577,1,0,1
2490080,143578,1,0,1
4432496,143579,1,1,0
586800,143580,1,0,1
4148368,143581,1,0,1
198712,143582,1,1,0
3700744,143583,1,0,1
1911368,143584,1,1,0
2125192,143585,1,0,1
7511304,143586,1,1,0
392304,143587,1,0,1
6896720,143588,1,1,0
5987280,143589,1,0,1
1770768,143590,1,1,0
418392,143591,1,1,0
2775216,143592,1,1,0
3335448,143593,1,0,1
2863728,143594,1,1,0
217760,143595,1,1,0
1312200,143596,1,0,1
1101168,143597,1,0,1
3654816,143598,1,1,0
470024,143599,1,0,1
6217120,143600,1,1,0
7850096,143601,1,0,1
7573648,143602,1,1,0
1454224,143603,1,0,1
1950000,143604,1,0,1
2994096,143605,1,0,1
7039456,143606,1,0,1
3571944,143607,1,1,0
353912,143608,1,0,1
1356848,143609,1,0,1
906552,143610,1,1,0
952816,143611,1,1,0
5945672,143612,1,1,0
437816,143613,1,0,1
733296,143614,1,0,1
5093760,143615,1,0,1
839456,143616,1,0,1
582096,143617,1,1,0
3678704,143618,1,1,0
6464688,143619,1,1,0
2298480,143620,1,0,1
5218008,143621,1,1,0
3279976,143622,1,0,1
5778520,143623,1,0,1
801456,143624,1,0,1
3824248,143625,1,0,1
2611336,143626,1,1,0
1838320,143627,1,0,1
544032,143628,1,1,0
1192312,143629,1,1,0
811496,143630,1,0,1
1000176,143631,1,1,0
4305440,143632,1,1,0
573168,143633,1,0,1
888624,143634,1,0,1
3039440,143635,1,1,0
535064,143636,1,0,1
3652040,143637,1,1,0
5052520,143638,1,1,0
1255064,143639,1,1,0
4232568,143640,1,1,0
2395048,143641,1,0,1
1515312,143642,1,0,1
4629504,143643,1,0,1
725440,143644,1,1,0
5455312,143645,1,1,0
2896664,143646,1,0,1
3322408,143647,1,1,0
925112,143648,1,0,1
8129120,143649,1,1,0
165544,143650,1,1,0
7132160,143651,1,0,1
3363032,143652,1,0,1
7007776,143653,1,1,0
1649760,143654,1,0,1
2241680,143655,1,0,1
6999216,143656,1,1,0
4307440,143657,1,1,0
978304,143658,1,0,1
676048,143659,1,0,1
5805200,143660,1,0,1
2700856,143661,1,0,1
871416,143662,1,1,0
2154168,143663,1,1,0
1000760,143664,1,1,0
7621360,143665,1,0,1
1081632,143666,1,0,1
2605552,143667,1,0,1
765040,143668,1,1,0
6230432,143669,1,1,0
1985480,143670,1,1,0
1053128,143671,1,1,0
3920472,143672,1,0,1
844408,143673,1,0,1
519296,143674,1,0,1
6795064,143675,1,0,1
7886256,143676,1,1,0
6131528,143677,1,0,1
3402400,143678,1,0,1
3409352,143679,1,0,1
3014304,143680,1,1,0
2713248,143681,1,1,0
3981912,143682,1,0,1
1833560,143683,1,1,0
5572984,143684,1,0,1
3084176,143685,1,1,0
1074408,143686,1,0,1
5754304,143687,1,1,0
129808,143688,1,1,0
615344,143689,1,1,0
1232616,143690,1,0,1
4019744,143691,1,0,1
3427408,143692,1,1,0
2527256,143693,1,1,0
1613904,143694,1,1,0
3071960,143695,1,0,1
533720,143696,1,1,0
3079096,143697,1,1,0
429648,143698,1,1,0
588960,143699,1,0,1
2216128,143700,1,0,1
2756504,143701,1,0,1
7646120,143702,1,1,0
7396536,143703,1,0,1
779840,143704,1,0,1
3810624,143705,1,0,1
4978896,143706,1,0,1
508944,143707,1,0,1
425096,143708,1,1,0
2961448,143709,1,1,0
6404608,143710,1,0,1
7016928,143711,1,1,0
1673256,143712,1,0,1
3071872,143713,1,1,0
4356312,143714,1,1,0
237608,143715,1,0,1
1573208,143716,1,1,0
1572584,143717,1,1,0
2051424,143718,1,1,0
4841216,143719,1,0,1
5956904,143720,1,0,1
4077136,143721,1,0,1
800320,143722,1,1,0
2630232,143723,1,1,0
1029768,143724,1,1,0
4583504,143725,1,1,0
180784,143726,1,0,1
479168,143727,1,1,0
1697040,143728,1,1,0
4227384,143729,1,1,0
1459304,143730,1,1,0
712136,143731,1,1,0
898376,143732,1,0,1
1131288,143733,1,1,0
1543616,143734,1,0,1
1868392,143735,1,0,1
368592,143736,1,0,1
6922840,143737,1,1,0
1428296,143738,1,1,0
2680256,143739,1,1,0
422440,143740,1,0,1
751536,143741,1,0,1
4301960,143742,1,0,1
881432,143743,1,0,1
3800856,143744,1,1,0
1250176,143745,1,1,0
586448,143746,1,0,1
7546360,143747,1,1,0
343408,143748,1,1,0
3225792,143749,1,1,0
4873168,143750,1,0,1
4983376,143751,1,0,1
3129928,143752,1,0,1
1126320,143753,1,0,1
7023776,143754,1,1,0
1481008,143755,1,0,1
7410344,143756,1,1,0
1919728,143757,1,1,0
6480888,143758,1,0,1
1163504,143759,1,1,0
2656656,143760,1,1,0
1279120,143761,1,0,1
4127624,143762,1,0,1
823800,143763,1,0,1
4125552,143764,1,0,1
1042856,143765,1,0,1
1415048,143766,1,1,0
8027512,143767,1,1,0
2337792,143768,1,0,1
6699952,143769,1,0,1
163432,143770,1,1,0
3936712,143771,1,0,1
4176312,143772,1,1,0
480744,143773,1,1,0
1813536,143774,1,1,0
6444704,143775,1,0,1
6243560,143776,1,0,1
921488,143777,1,1,0
970776,143778,1,1,0
2496288,143779,1,1,0
4969096,143780,1,1,0
228744,143781,1,1,0
663656,143782,1,0,1
7951760,143783,1,0,1
970936,143784,1,1,0
1965368,143785,1,1,0
2981952,143786,1,0,1
6422136,143787,1,0,1
3925888,143788,1,0,1
4643664,143789,1,0,1
2404872,143790,1,0,1
4322000,143791,1,0,1
152040,143792,1,0,1
313944,143793,1,0,1
7833656,143794,1,1,0
5076768,143795,1,0,1
877288,143796,1,1,0
1620456,143797,1,1,0
1286936,143798,1,1,0
321568,143799,1,0,1
5721872,143800,1,0,1
1532056,143801,1,1,0
3774496,143802,1,0,1
480904,143803,1,0,1
599680,143804,1,0,1
593776,143805,1,0,1
3887600,143806,1,0,1
550128,143807,1,0,1
510952,143808,1,0,1
1284032,143809,1,0,1
1746088,143810,1,1,0
7366696,143811,1,1,0
7833112,143812,1,0,1
3289040,143813,1,0,1
1190880,143814,1,0,1
4649176,143815,1,1,0
711000,143816,1,1,0
786472,143817,1,0,1
1592240,143818,1,0,1
2947320,143819,1,0,1
6779952,143820,1,1,0
3197112,143821,1,1,0
2843856,143822,1,1,0
7989120,143823,1,1,0
7669296,143824,1,1,0
2139392,143825,1,1,0
662528,143826,1,0,1
304616,143827,1,1,0
6023128,143828,1,0,1
2821944,143829,1,1,0
3888480,143830,1,1,0
2104984,143831,1,0,1
1586432,143832,1,0,1
1204336,143833,1,0,1
6740856,143834,1,0,1
629216,143835,1,1,0
5099224,143836,1,1,0
5081704,143837,1,0,1
3924560,143838,1,0,1
6481440,143839,1,0,1
2907160,143840,1,0,1
5095312,143841,1,1,0
3097024,143842,1,0,1
5294784,143843,1,0,1
906704,143844,1,0,1
4770376,143845,1,0,1
733232,143846,1,0,1
2805840,143847,1,1,0
2836184,143848,1,1,0
464944,143849,1,0,1
2523216,143850,1,0,1
856056,143851,1,1,0
3331624,143852,1,0,1
328936,143853,1,1,0
390640,143854,1,1,0
4440472,143855,1,0,1
7895216,143856,1,1,0
3791568,143857,1,1,0
2451648,143858,1,0,1
817000,143859,1,0,1
549304,143860,1,1,0
1241544,143861,1,1,0
380744,143862,1,0,1
291832,143863,1,1,0
3477192,143864,1,0,1
6706024,143865,1,1,0
4847856,143866,1,1,0
5071704,143867,1,0,1
7593752,143868,1,1,0
1862448,143869,1,1,0
750304,143870,1,1,0
1150416,143871,1,0,1
939368,143872,1,0,1
2523104,143873,1,0,1
878768,143874,1,0,1
2174112,143875,1,0,1
6437152,143876,1,0,1
3072584,143877,1,1,0
367000,143878,1,1,0
290072,143879,1,1,0
4964328,143880,1,0,1
5035792,143881,1,1,0
4113360,143882,1,1,0
8156576,143883,1,1,0
2168192,143884,1,1,0
7349648,143885,1,0,1
4620248,143886,1,1,0
6823568,143887,1,0,1
1058472,143888,1,1,0
2142944,143889,1,0,1
5223376,143890,1,0,1
6218872,143891,1,1,0
2866728,143892,1,1,0
2482576,143893,1,0,1
3659848,143894,1,1,0
7623672,143895,1,0,1
1020696,143896,1,1,0
624072,143897,1,0,1
6404864,143898,1,1,0
781496,143899,1,1,0
3420016,143900,1,1,0
7176208,143901,1,1,0
4843608,143902,1,1,0
635920,143903,1,1,0
4415576,143904,1,0,1
2335520,143905,1,0,1
4198152,143906,1,0,1
2854144,143907,1,0,1
220640,143908,1,0,1
239136,143909,1,0,1
5964880,143910,1,0,1
7249600,143911,1,0,1
1764912,143912,1,0,1
7986688,143913,1,0,1
2465968,143914,1,1,0
239904,143915,1,0,1
1093928,143916,1,1,0
972360,143917,1,1,0
698640,143918,1,0,1
901496,143919,1,0,1
6309808,143920,1,0,1
1418024,143921,1,1,0
454288,143922,1,1,0
6857880,143923,1,1,0
1593128,143924,1,1,0
2525600,143925,1,1,0
1817488,143926,1,1,0
2052648,143927,1,0,1
3715496,143928,1,0,1
830080,143929,1,0,1
2869712,143930,1,1,0
1324168,143931,1,1,0
776624,143932,1,1,0
6076248,143933,1,0,1
990696,143934,1,0,1
1098656,143935,1,0,1
5164848,143936,1,1,0
1884584,143937,1,0,1
765144,143938,1,0,1
1335752,143939,1,1,0
7262944,143940,1,1,0
494512,143941,1,1,0
4219040,143942,1,1,0
7300952,143943,1,1,0
4859696,143944,1,1,0
1887168,143945,1,1,0
359312,143946,1,0,1
1563456,143947,1,0,1
5599472,143948,1,1,0
1107496,143949,1,0,1
3390896,143950,1,0,1
2254696,143951,1,1,0
1010328,143952,1,0,1
973976,143953,1,1,0
292552,143954,1,1,0
166920,143955,1,0,1
3524432,143956,1,0,1
3501912,143957,1,1,0
1965328,143958,1,1,0
1630336,143959,1,0,1
7672904,143960,1,0,1
2219072,143961,1,1,0
1747336,143962,1,1,0
2355080,143963,1,0,1
4390008,143964,1,0,1
744616,143965,1,1,0
3673688,143966,1,0,1
4222232,143967,1,1,0
1687488,143968,1,0,1
6942920,143969,1,0,1
3467400,143970,1,0,1
1389936,143971,1,1,0
956752,143972,1,1,0
756928,143973,1,1,0
1587672,143974,1,0,1
4583688,143975,1,1,0
1583512,143976,1,1,0
6523536,143977,1,1,0
900328,143978,1,1,0
5831384,143979,1,1,0
682496,143980,1,0,1
3105376,143981,1,0,1
4031608,143982,1,0,1
1420232,143983,1,0,1
2495664,143984,1,0,1
5035392,143985,1,0,1
1232560,143986,1,1,0
2534168,143987,1,1,0
2040368,143988,1,0,1
137696,143989,1,1,0
486448,143990,1,1,0
5917032,143991,1,1,0
3532672,143992,1,1,0
1999640,143993,1,0,1
2428680,143994,1,0,1
3346200,143995,1,0,1
5772504,143996,1,1,0
2596400,143997,1,0,1
3331672,143998,1,0,1
7408680,143999,1,1,0
2253016,144000,1,0,1
4118344,144001,1,1,0
1600152,144002,1,0,1
1248072,144003,1,0,1
501544,144004,1,1,0
5313536,144005,1,1,0
1289848,144006,1,1,0
1280040,144007,1,1,0
2456920,144008,1,0,1
1010520,144009,1,1,0
994712,144010,1,1,0
6109512,144011,1,1,0
2045440,144012,1,1,0
4452800,144013,1,1,0
640136,144014,1,1,0
7042760,144015,1,1,0
6095520,144016,1,1,0
5160120,144017,1,0,1
3026712,144018,1,0,1
1144816,144019,1,0,1
6889048,144020,1,1,0
7134456,144021,1,0,1
1443696,144022,1,0,1
3691976,144023,1,0,1
8273688,144024,1,0,1
1119256,144025,1,1,0
1651608,144026,1,1,0
4631888,144027,1,0,1
6868928,144028,1,1,0
5041608,144029,1,0,1
2012048,144030,1,0,1
1392288,144031,1,0,1
4599296,144032,1,1,0
2348312,144033,1,1,0
771872,144034,1,1,0
1535608,144035,1,0,1
5929088,144036,1,0,1
3026256,144037,1,0,1
5284064,144038,1,0,1
4390664,144039,1,0,1
1104232,144040,1,0,1
8132744,144041,1,1,0
3929648,144042,1,1,0
606536,144043,1,1,0
5368744,144044,1,1,0
2832312,144045,1,0,1
667624,144046,1,0,1
6880176,144047,1,1,0
476912,144048,1,0,1
992424,144049,1,1,0
213728,144050,1,1,0
4310696,144051,1,0,1
1292176,144052,1,1,0
4394496,144053,1,0,1
1296008,144054,1,1,0
879008,144055,1,1,0
2104064,144056,1,1,0
6304400,144057,1,0,1
2100536,144058,1,1,0
8189136,144059,1,1,0
2534352,144060,1,0,1
4614656,144061,1,1,0
682296,144062,1,1,0
401288,144063,1,0,1
2419760,144064,1,1,0
4315456,144065,1,0,1
1348104,144066,1,1,0
560696,144067,1,1,0
8231784,144068,1,0,1
334376,144069,1,0,1
652960,144070,1,1,0
6010288,144071,1,0,1
4589216,144072,1,1,0
2511984,144073,1,1,0
276936,144074,1,1,0
178080,144075,1,0,1
6924512,144076,1,1,0
7108952,144077,1,0,1
6030232,144078,1,0,1
7979656,144079,1,1,0
1121104,144080,1,1,0
814856,144081,1,1,0
5308584,144082,1,1,0
3675232,144083,1,1,0
2369048,144084,1,0,1
4678320,144085,1,0,1
8310464,144086,1,0,1
1000576,144087,1,0,1
922128,144088,1,0,1
1733328,144089,1,1,0
3570312,144090,1,0,1
2145496,144091,1,0,1
2385144,144092,1,0,1
6546048,144093,1,1,0
1760224,144094,1,0,1
2365640,144095,1,0,1
1399320,144096,1,0,1
826264,144097,1,0,1
1930136,144098,1,1,0
1484848,144099,1,0,1
4981704,144100,1,1,0
1975952,144101,1,0,1
579368,144102,1,1,0
2654784,144103,1,0,1
7860032,144104,1,1,0
3372896,144105,1,1,0
250224,144106,1,0,1
2060240,144107,1,0,1
7726144,144108,1,0,1
5783968,144109,1,1,0
3906464,144110,1,0,1
8343344,144111,1,0,1
538064,144112,1,0,1
2659112,144113,1,1,0
8090336,144114,1,0,1
3834208,144115,1,1,0
454120,144116,1,0,1
6344416,144117,1,0,1
2665000,144118,1,1,0
3688584,144119,1,1,0
1457464,144120,1,0,1
2816808,144121,1,1,0
1437136,144122,1,0,1
4140400,144123,1,0,1
5797424,144124,1,1,0
6762064,144125,1,1,0
3037224,144126,1,1,0
1517896,144127,1,0,1
4554544,144128,1,0,1
3819312,144129,1,0,1
5921480,144130,1,0,1
634880,144131,1,1,0
2736464,144132,1,1,0
667056,144133,1,0,1
621624,144134,1,0,1
4471848,144135,1,0,1
1393832,144136,1,0,1
4035304,144137,1,0,1
1160568,144138,1,1,0
6586632,144139,1,1,0
4625584,144140,1,0,1
889232,144141,1,0,1
1235880,144142,1,0,1
381184,144143,1,1,0
5399528,144144,1,0,1
5496056,144145,1,1,0
3961696,144146,1,0,1
214312,144147,1,1,0
6760712,144148,1,1,0
146856,144149,1,1,0
6458136,144150,1,0,1
1259328,144151,1,0,1
306608,144152,1,1,0
8388192,144153,1,0,1
6342808,144154,1,1,0
7181640,144155,1,0,1
7828592,144156,1,1,0
3860208,144157,1,1,0
1283320,144158,1,1,0
112592,144159,1,1,0
331376,144160,1,1,0
7994240,144161,1,0,1
5896152,144162,1,0,1
2458824,144163,1,1,0
844024,144164,1,1,0
2319552,144165,1,0,1
2030128,144166,1,0,1
2863880,144167,1,1,0
5813512,144168,1,1,0
1546176,144169,1,1,0
609640,144170,1,1,0
1886008,144171,1,0,1
2302768,144172,1,0,1
5033936,144173,1,0,1
3083800,144174,1,0,1
5161464,144175,1,1,0
4500400,144176,1,0,1
3986328,144177,1,0,1
3776456,144178,1,1,0
2727008,144179,1,0,1
7851488,144180,1,1,0
2689256,144181,1,1,0
3942832,144182,1,0,1
1170552,144183,1,0,1
2214464,144184,1,0,1
1778640,144185,1,1,0
7838008,144186,1,1,0
1343792,144187,1,0,1
5969096,144188,1,0,1
804688,144189,1,0,1
3066136,144190,1,0,1
5341496,144191,1,0,1
2625848,144192,1,1,0
3287696,144193,1,1,0
6792448,144194,1,1,0
6712032,144195,1,1,0
5644408,144196,1,0,1
5361648,144197,1,1,0
4906752,144198,1,1,0
5332096,144199,1,0,1
1263744,144200,1,1,0
2242848,144201,1,1,0
3926224,144202,1,0,1
2363296,144203,1,1,0
530976,144204,1,0,1
1564584,144205,1,0,1
377320,144206,1,1,0
2735832,144207,1,1,0
6318680,144208,1,0,1
4767464,144209,1,1,0
2125544,144210,1,0,1
4514240,144211,1,1,0
877008,144212,1,1,0
256256,144213,1,1,0
189104,144214,1,1,0
6377520,144215,1,1,0
628568,144216,1,1,0
5198184,144217,1,0,1
5020328,144218,1,0,1
658352,144219,1,0,1
3808816,144220,1,1,0
1683760,144221,1,0,1
518560,144222,1,1,0
465224,144223,1,0,1
434112,144224,1,1,0
807112,144225,1,0,1
221064,144226,1,1,0
2124208,144227,1,1,0
2074848,144228,1,0,1
6242096,144229,1,1,0
1840440,144230,1,1,0
3328744,144231,1,1,0
2727344,144232,1,0,1
476592,144233,1,1,0
5070256,144234,1,0,1
234736,144235,1,1,0
5235912,144236,1,0,1
6490024,144237,1,1,0
2529528,144238,1,1,0
3557304,144239,1,0,1
951048,144240,1,0,1
1032712,144241,1,0,1
6290344,144242,1,1,0
3342808,144243,1,1,0
960352,144244,1,0,1
225032,144245,1,0,1
4526128,144246,1,0,1
3528904,144247,1,1,0
2382320,144248,1,1,0
8082576,144249,1,0,1
1215088,144250,1,0,1
964888,144251,1,0,1
1653912,144252,1,0,1
7700072,144253,1,0,1
1902256,144254,1,0,1
1274288,144255,1,0,1
6219448,144256,1,1,0
5273896,144257,1,1,0
5095360,144258,1,0,1
4978496,144259,1,1,0
2820016,144260,1,1,0
4715960,144261,1,0,1
3129784,144262,1,1,0
234264,144263,1,0,1
4081064,144264,1,1,0
408000,144265,1,0,1
1349072,144266,1,1,0
8228296,144267,1,1,0
7893800,144268,1,1,0
5235304,144269,1,1,0
703968,144270,1,1,0
7632440,144271,1,0,1
992040,144272,1,0,1
3542480,144273,1,0,1
658016,144274,1,0,1
1605832,144275,1,1,0
1014800,144276,1,1,0
5773072,144277,1,1,0
541344,144278,1,1,0
2086712,144279,1,1,0
5190896,144280,1,1,0
5325520,144281,1,0,1
2132448,144282,1,1,0
814968,144283,1,0,1
6078040,144284,1,1,0
2519736,144285,1,1,0
2642320,144286,1,1,0
5363344,144287,1,1,0
3121384,144288,1,1,0
944992,144289,1,1,0
2867856,144290,1,0,1
152224,144291,1,1,0
402960,144292,1,0,1
291496,144293,1,1,0
471392,144294,1,0,1
6650960,144295,1,1,0
210496,144296,1,0,1
1173120,144297,1,0,1
629192,144298,1,1,0
4870080,144299,1,1,0
4934584,144300,1,0,1
1164744,144301,1,1,0
1091112,144302,1,0,1
2994400,144303,1,1,0
2448352,144304,1,1,0
3378968,144305,1,1,0
2439072,144306,1,1,0
527464,144307,1,1,0
1629640,144308,1,1,0
1810568,144309,1,0,1
4516112,144310,1,0,1
3470328,144311,1,0,1
4568968,144312,1,0,1
1236768,144313,1,0,1
6068928,144314,1,1,0
8077520,144315,1,1,0
6359048,144316,1,0,1
742040,144317,1,0,1
5012984,144318,1,0,1
4303464,144319,1,1,0
8186152,144320,1,0,1
582024,144321,1,0,1
1840336,144322,1,1,0
3433944,144323,1,1,0
2812936,144324,1,0,1
754704,144325,1,1,0
1138384,144326,1,0,1
3451560,144327,1,1,0
707784,144328,1,1,0
3206352,144329,1,0,1
566904,144330,1,0,1
5346696,144331,1,1,0
3391248,144332,1,0,1
1029968,144333,1,1,0
343240,144334,1,1,0
1092624,144335,1,1,0
122568,144336,1,1,0
6493664,144337,1,1,0
312160,144338,1,1,0
4460000,144339,1,0,1
2555880,144340,1,1,0
538536,144341,1,1,0
7890640,144342,1,0,1
517520,144343,1,1,0
1144512,144344,1,0,1
1107144,144345,1,1,0
307456,144346,1,0,1
958352,144347,1,0,1
1966400,144348,1,0,1
2059488,144349,1,0,1
861544,144350,1,1,0
6543032,144351,1,0,1
887728,144352,1,1,0
361448,144353,1,0,1
3768880,144354,1,0,1
6620272,144355,1,0,1
6283040,144356,1,1,0
1255600,144357,1,0,1
2299160,144358,1,0,1
1354080,144359,1,1,0
2615848,144360,1,0,1
2267952,144361,1,0,1
581456,144362,1,0,1
6690176,144363,1,1,0
1180608,144364,1,0,1
3938648,144365,1,1,0
3396296,144366,1,0,1
1584752,144367,1,1,0
487264,144368,1,0,1
5515296,144369,1,1,0
3953080,144370,1,1,0
7278912,144371,1,0,1
1074976,144372,1,0,1
1157400,144373,1,1,0
695896,144374,1,0,1
2746712,144375,1,1,0
2066944,144376,1,1,0
588352,144377,1,0,1
975672,144378,1,0,1
7089400,144379,1,0,1
7668296,144380,1,0,1
4667456,144381,1,1,0
2020176,144382,1,1,0
1279944,144383,1,1,0
268312,144384,1,0,1
1387528,144385,1,1,0
7412936,144386,1,1,0
3324400,144387,1,1,0
7402136,144388,1,1,0
774360,144389,1,1,0
5300744,144390,1,1,0
754872,144391,1,0,1
1684176,144392,1,0,1
383240,144393,1,1,0
6559752,144394,1,0,1
745752,144395,1,0,1
4570864,144396,1,1,0
1413424,144397,1,0,1
6367632,144398,1,0,1
2103848,144399,1,0,1
325896,144400,1,0,1
3614832,144401,1,0,1
1312080,144402,1,1,0
1851016,144403,1,0,1
6682832,144404,1,1,0
2749936,144405,1,1,0
4151896,144406,1,1,0
336416,144407,1,0,1
5783712,144408,1,1,0
1067784,144409,1,1,0
568784,144410,1,1,0
194920,144411,1,0,1
2560240,144412,1,1,0
1874944,144413,1,0,1
3835616,144414,1,1,0
3225512,144415,1,1,0
5740200,144416,1,1,0
3242912,144417,1,0,1
477320,144418,1,1,0
1329560,144419,1,1,0
7674720,144420,1,1,0
1324832,144421,1,1,0
1089848,144422,1,1,0
7683112,144423,1,0,1
4353032,144424,1,0,1
764768,144425,1,1,0
2711544,144426,1,0,1
1184784,144427,1,0,1
4541192,144428,1,1,0
3237864,144429,1,0,1
389624,144430,1,1,0
291856,144431,1,1,0
3479464,144432,1,1,0
285096,144433,1,0,1
2911176,144434,1,1,0
5765400,144435,1,1,0
7466808,144436,1,1,0
2911960,144437,1,1,0
7085848,144438,1,0,1
6620632,144439,1,0,1
2543160,144440,1,0,1
332776,144441,1,1,0
1591880,144442,1,1,0
2302232,144443,1,0,1
503928,144444,1,1,0
1770248,144445,1,1,0
7049216,144446,1,1,0
3948848,144447,1,0,1
167696,144448,1,0,1
2049256,144449,1,1,0
1248016,144450,1,0,1
2219144,144451,1,1,0
8124080,144452,1,1,0
318848,144453,1,1,0
2442008,144454,1,1,0
5458856,144455,1,1,0
347648,144456,1,1,0
3429888,144457,1,1,0
3266296,144458,1,1,0
1665144,144459,1,0,1
1985288,144460,1,0,1
974224,144461,1,1,0
1110208,144462,1,1,0
5490488,144463,1,0,1
6633632,144464,1,0,1
3883016,144465,1,1,0
6734344,144466,1,0,1
2644624,144467,1,1,0
1289896,144468,1,0,1
8146808,144469,1,0,1
570400,144470,1,1,0
457512,144471,1,0,1
2035536,144472,1,0,1
6350352,144473,1,0,1
5490728,144474,1,0,1
5328688,144475,1,0,1
406584,144476,1,0,1
3963800,144477,1,1,0
2737736,144478,1,0,1
188056,144479,1,0,1
3366984,144480,1,1,0
1655848,144481,1,0,1
5792592,144482,1,1,0
8345592,144483,1,0,1
1076352,144484,1,1,0
370856,144485,1,0,1
8260352,144486,1,1,0
2180120,144487,1,1,0
611816,144488,1,1,0
592144,144489,1,0,1
306400,144490,1,1,0
951712,144491,1,0,1
201360,144492,1,1,0
701080,144493,1,1,0
8240312,144494,1,0,1
2120240,144495,1,1,0
7576736,144496,1,1,0
952416,144497,1,0,1
5911872,144498,1,0,1
918688,144499,1,1,0
254312,144500,1,0,1
3396832,144501,1,1,0
1422888,144502,1,1,0
4905320,144503,1,0,1
8072520,144504,1,1,0
384896,144505,1,1,0
555160,144506,1,1,0
416968,144507,1,0,1
1965752,144508,1,1,0
3417944,144509,1,0,1
1146592,144510,1,0,1
8025488,144511,1,0,1
5481664,144512,1,0,1
7358048,144513,1,1,0
6660504,144514,1,1,0
2371736,144515,1,1,0
4090000,144516,1,0,1
1392528,144517,1,1,0
4719080,144518,1,0,1
1017736,144519,1,0,1
2365456,144520,1,1,0
3776056,144521,1,1,0
262816,144522,1,0,1
4131912,144523,1,0,1
2273000,144524,1,1,0
2895904,144525,1,1,0
1030112,144526,1,1,0
380432,144527,1,1,0
313504,144528,1,1,0
4090160,144529,1,1,0
2114408,144530,1,0,1
5029680,144531,1,1,0
1034696,144532,1,1,0
8063504,144533,1,1,0
2696416,144534,1,0,1
3314488,144535,1,0,1
260872,144536,1,1,0
3217264,144537,1,1,0
598376,144538,1,0,1
949488,144539,1,1,0
3217280,144540,1,0,1
4681168,144541,1,1,0
1097240,144542,1,1,0
4227848,144543,1,0,1
249096,144544,1,1,0
1219248,144545,1,1,0
3295288,144546,1,0,1
1398536,144547,1,1,0
3441336,144548,1,0,1
1071016,144549,1,0,1
275648,144550,1,0,1
4776760,144551,1,1,0
2238200,144552,1,0,1
298688,144553,1,0,1
537024,144554,1,0,1
472432,144555,1,0,1
2630912,144556,1,1,0
2304360,144557,1,0,1
1648760,144558,1,0,1
1336200,144559,1,1,0
3140856,144560,1,0,1
609560,144561,1,1,0
935000,144562,1,0,1
5985952,144563,1,0,1
1607040,144564,1,0,1
3476080,144565,1,0,1
2593824,144566,1,1,0
3001040,144567,1,1,0
3754408,144568,1,0,1
5878848,144569,1,0,1
848792,144570,1,1,0
1008680,144571,1,0,1
1177280,144572,1,0,1
919776,144573,1,1,0
5738992,144574,1,1,0
1055480,144575,1,0,1
472896,144576,1,1,0
2078016,144577,1,1,0
3271952,144578,1,1,0
1110752,144579,1,1,0
7139216,144580,1,1,0
453016,144581,1,0,1
7551016,144582,1,1,0
1554024,144583,1,1,0
1303896,144584,1,1,0
5252528,144585,1,1,0
886336,144586,1,0,1
3254216,144587,1,1,0
1167240,144588,1,0,1
627896,144589,1,1,0
589896,144590,1,1,0
191488,144591,1,1,0
386512,144592,1,1,0
2715176,144593,1,0,1
6133376,144594,1,0,1
4782944,144595,1,1,0
751656,144596,1,1,0
4169384,144597,1,0,1
6982352,144598,1,0,1
5771784,144599,1,0,1
943064,144600,1,1,0
1012184,144601,1,0,1
902120,144602,1,0,1
6181312,144603,1,0,1
788776,144604,1,1,0
5599184,144605,1,1,0
3099600,144606,1,1,0
4401232,144607,1,0,1
6506760,144608,1,0,1
3053392,144609,1,0,1
7981592,144610,1,0,1
2042512,144611,1,0,1
5304416,144612,1,0,1
2168880,144613,1,1,0
2807600,144614,1,0,1
2903232,144615,1,0,1
1003096,144616,1,0,1
2913792,144617,1,0,1
114816,144618,1,1,0
1350224,144619,1,0,1
555048,144620,1,0,1
627152,144621,1,0,1
944816,144622,1,0,1
3961816,144623,1,1,0
2485208,144624,1,0,1
3947880,144625,1,0,1
1242968,144626,1,0,1
2680752,144627,1,1,0
4013632,144628,1,0,1
3428784,144629,1,1,0
633512,144630,1,1,0
348040,144631,1,0,1
139704,144632,1,1,0
947832,144633,1,0,1
4564080,144634,1,1,0
1364856,144635,1,0,1
1723936,144636,1,1,0
5515368,144637,1,1,0
5741144,144638,1,0,1
4347528,144639,1,1,0
845424,144640,1,0,1
7060376,144641,1,1,0
7650384,144642,1,0,1
434960,144643,1,1,0
2440432,144644,1,1,0
932680,144645,1,1,0
5848440,144646,1,0,1
1424224,144647,1,1,0
1071064,144648,1,1,0
3446744,144649,1,1,0
407528,144650,1,0,1
2882640,144651,1,0,1
2029440,144652,1,0,1
7700200,144653,1,0,1
3393760,144654,1,0,1
4101000,144655,1,1,0
1950160,144656,1,1,0
4274064,144657,1,1,0
7043512,144658,1,1,0
2000656,144659,1,1,0
1232968,144660,1,1,0
1100248,144661,1,0,1
4766336,144662,1,0,1
539352,144663,1,0,1
3001752,144664,1,0,1
3533760,144665,1,0,1
8100672,144666,1,1,0
3283112,144667,1,1,0
3465104,144668,1,0,1
438232,144669,1,1,0
4488472,144670,1,1,0
530504,144671,1,0,1
874800,144672,1,1,0
319240,144673,1,1,0
6650416,144674,1,1,0
2427552,144675,1,0,1
1022784,144676,1,1,0
324632,144677,1,0,1
717088,144678,1,1,0
454216,144679,1,0,1
294088,144680,1,1,0
1460728,144681,1,1,0
1818016,144682,1,0,1
5334216,144683,1,1,0
8309808,144684,1,1,0
409672,144685,1,0,1
194968,144686,1,1,0
1888512,144687,1,0,1
2616760,144688,1,1,0
5268072,144689,1,1,0
7855576,144690,1,0,1
264224,144691,1,1,0
2963976,144692,1,1,0
2039328,144693,1,1,0
7199272,144694,1,0,1
6269192,144695,1,1,0
1473712,144696,1,1,0
2023320,144697,1,0,1
3273392,144698,1,1,0
562144,144699,1,0,1
1044192,144700,1,1,0
198592,144701,1,1,0
2459144,144702,1,1,0
898336,144703,1,0,1
2330192,144704,1,1,0
4936264,144705,1,0,1
1351696,144706,1,0,1
512104,144707,1,0,1
883688,144708,1,1,0
1557816,144709,1,0,1
5792824,144710,1,0,1
1034880,144711,1,0,1
3749272,144712,1,1,0
3892048,144713,1,0,1
1134496,144714,1,0,1
3840456,144715,1,0,1
173448,144716,1,0,1
177640,144717,1,1,0
631200,144718,1,1,0
2999416,144719,1,1,0
2423632,144720,1,0,1
6469840,144721,1,1,0
3792640,144722,1,1,0
736280,144723,1,1,0
4042064,144724,1,1,0
3808760,144725,1,1,0
4115232,144726,1,1,0
2161600,144727,1,0,1
1068320,144728,1,1,0
919152,144729,1,1,0
2738520,144730,1,1,0
2847752,144731,1,0,1
4999816,144732,1,1,0
2738512,144733,1,0,1
553752,144734,1,0,1
4704176,144735,1,1,0
619896,144736,1,0,1
3943416,144737,1,0,1
1252224,144738,1,0,1
5059800,144739,1,0,1
6373160,144740,1,1,0
4047256,144741,1,1,0
7463776,144742,1,1,0
3757336,144743,1,0,1
3005352,144744,1,1,0
4849904,144745,1,0,1
5115592,144746,1,0,1
1531136,144747,1,1,0
2996712,144748,1,1,0
4136216,144749,1,1,0
529488,144750,1,1,0
612040,144751,1,1,0
199344,144752,1,1,0
1064312,144753,1,0,1
1988152,144754,1,1,0
5602792,144755,1,0,1
8285336,144756,1,0,1
2271808,144757,1,0,1
364288,144758,1,0,1
324728,144759,1,1,0
5058336,144760,1,0,1
1858624,144761,1,1,0
7946352,144762,1,0,1
1447776,144763,1,0,1
4505232,144764,1,0,1
1200216,144765,1,1,0
302232,144766,1,0,1
1388176,144767,1,0,1
580576,144768,1,0,1
2565728,144769,1,1,0
5361512,144770,1,1,0
2737480,144771,1,0,1
1507552,144772,1,1,0
746192,144773,1,1,0
3588736,144774,1,1,0
1048800,144775,1,1,0
8010328,144776,1,0,1
281776,144777,1,1,0
1080168,144778,1,1,0
1533784,144779,1,0,1
324416,144780,1,1,0
1637904,144781,1,1,0
673968,144782,1,1,0
605968,144783,1,1,0
5928080,144784,1,0,1
1722240,144785,1,0,1
6741592,144786,1,1,0
899552,144787,1,1,0
506328,144788,1,0,1
605792,144789,1,1,0
4279832,144790,1,1,0
608120,144791,1,0,1
3101624,144792,1,1,0
4700120,144793,1,0,1
7215784,144794,1,1,0
5878552,144795,1,0,1
329128,144796,1,0,1
1771368,144797,1,0,1
1664384,144798,1,1,0
1918056,144799,1,1,0
2487192,144800,1,1,0
5765880,144801,1,0,1
1607064,144802,1,0,1
6702232,144803,1,0,1
5788472,144804,1,1,0
792456,144805,1,1,0
5979992,144806,1,1,0
3371352,144807,1,0,1
4503536,144808,1,1,0
8224904,144809,1,0,1
5261264,144810,1,1,0
742352,144811,1,0,1
5258424,144812,1,1,0
154608,144813,1,1,0
3678072,144814,1,0,1
2386736,144815,1,0,1
4768032,144816,1,0,1
629128,144817,1,1,0
5302096,144818,1,1,0
4495288,144819,1,1,0
1458448,144820,1,1,0
4822408,144821,1,1,0
4132768,144822,1,0,1
4423488,144823,1,1,0
1966648,144824,1,0,1
7264736,144825,1,1,0
1596768,144826,1,0,1
172784,144827,1,1,0
278632,144828,1,1,0
3447248,144829,1,1,0
1910712,144830,1,1,0
7998088,144831,1,1,0
492040,144832,1,1,0
360744,144833,1,0,1
312424,144834,1,0,1
4163440,144835,1,1,0
5190224,144836,1,0,1
8175608,144837,1,1,0
1808336,144838,1,1,0
7803408,144839,1,0,1
1766312,144840,1,1,0
2723600,144841,1,0,1
4574872,144842,1,0,1
4053768,144843,1,0,1
2222768,144844,1,1,0
5749152,144845,1,0,1
5720560,144846,1,1,0
1577984,144847,1,0,1
1051552,144848,1,0,1
4346216,144849,1,0,1
6626048,144850,1,1,0
2395528,144851,1,0,1
3613184,144852,1,0,1
1465184,144853,1,1,0
6636088,144854,1,1,0
2864512,144855,1,1,0
3547480,144856,1,1,0
6563984,144857,1,0,1
1172824,144858,1,1,0
4947992,144859,1,0,1
157392,144860,1,0,1
4357400,144861,1,1,0
1309576,144862,1,0,1
3841696,144863,1,1,0
4400784,144864,1,1,0
6578784,144865,1,0,1
8222256,144866,1,1,0
6002184,144867,1,0,1
4083176,144868,1,0,1
796752,144869,1,0,1
1442704,144870,1,0,1
1361752,144871,1,0,1
639032,144872,1,1,0
5649264,144873,1,1,0
7253504,144874,1,0,1
7209480,144875,1,0,1
816008,144876,1,1,0
804400,144877,1,1,0
2597752,144878,1,1,0
229248,144879,1,1,0
3130312,144880,1,1,0
3581976,144881,1,0,1
3010568,144882,1,0,1
6689264,144883,1,0,1
3666736,144884,1,1,0
341920,144885,1,0,1
88416,144886,1,0,1
1926464,144887,1,0,1
1344528,144888,1,0,1
7230728,144889,1,1,0
2919320,144890,1,0,1
459888,144891,1,0,1
1309904,144892,1,1,0
3422992,144893,1,0,1
694672,144894,1,1,0
2841392,144895,1,0,1
4168016,144896,1,0,1
7348536,144897,1,0,1
645216,144898,1,1,0
5135016,144899,1,1,0
547680,144900,1,1,0
404416,144901,1,0,1
2106680,144902,1,1,0
7924776,144903,1,0,1
8362360,144904,1,0,1
4091968,144905,1,0,1
1659000,144906,1,0,1
267864,144907,1,1,0
5027248,144908,1,0,1
3867520,144909,1,0,1
385392,144910,1,1,0
474160,144911,1,0,1
2449384,144912,1,0,1
961520,144913,1,1,0
4110080,144914,1,1,0
753424,144915,1,1,0
1655072,144916,1,0,1
1322072,144917,1,0,1
1050088,144918,1,1,0
2824024,144919,1,1,0
3490216,144920,1,1,0
3642056,144921,1,0,1
8279064,144922,1,1,0
877024,144923,1,0,1
3689432,144924,1,1,0
1629528,144925,1,1,0
1000488,144926,1,1,0
325648,144927,1,0,1
7541232,144928,1,1,0
7222976,144929,1,0,1
7538376,144930,1,0,1
2139248,144931,1,0,1
2964848,144932,1,0,1
7178224,144933,1,1,0
660352,144934,1,0,1
261904,144935,1,1,0
816648,144936,1,1,0
6982240,144937,1,0,1
2460368,144938,1,0,1
1135296,144939,1,1,0
4966512,144940,1,1,0
4184664,144941,1,1,0
7567840,144942,1,1,0
1623560,144943,1,1,0
1172160,144944,1,0,1
549576,144945,1,0,1
2274952,144946,1,0,1
8164368,144947,1,0,1
3214064,144948,1,1,0
4273432,144949,1,0,1
2421024,144950,1,1,0
1717024,144951,1,1,0
1776592,144952,1,0,1
4974864,144953,1,1,0
1908512,144954,1,0,1
5409568,144955,1,1,0
1189160,144956,1,1,0
2139568,144957,1,0,1
647424,144958,1,0,1
1411312,144959,1,0,1
3823192,144960,1,0,1
1395744,144961,1,0,1
365288,144962,1,1,0
1641744,144963,1,0,1
1318728,144964,1,0,1
7735504,144965,1,1,0
3055664,144966,1,1,0
2134880,144967,1,0,1
316800,144968,1,0,1
264368,144969,1,1,0
693056,144970,1,1,0
2148744,144971,1,1,0
150568,144972,1,0,1
2638840,144973,1,1,0
1069392,144974,1,0,1
423744,144975,1,0,1
220752,144976,1,1,0
707384,144977,1,1,0
585520,144978,1,1,0
6470976,144979,1,1,0
6163040,144980,1,1,0
2776264,144981,1,0,1
5623592,144982,1,1,0
8022160,144983,1,1,0
1954696,144984,1,1,0
6764992,144985,1,0,1
3684808,144986,1,1,0
1815488,144987,1,1,0
252360,144988,1,1,0
5128760,144989,1,0,1
2099552,144990,1,0,1
1431064,144991,1,1,0
2228504,144992,1,0,1
966104,144993,1,0,1
595904,144994,1,1,0
4703288,144995,1,1,0
4022912,144996,1,1,0
3211184,144997,1,1,0
4450872,144998,1,1,0
2859096,144999,1,1,0
875232,145000,1,1,0
2208544,145001,1,0,1
2018064,145002,1,1,0
3712248,145003,1,1,0
6285352,145004,1,1,0
2433272,145005,1,0,1
2429472,145006,1,1,0
1287736,145007,1,0,1
5304024,145008,1,1,0
4249272,145009,1,1,0
4231688,145010,1,1,0
2799672,145011,1,1,0
965704,145012,1,1,0
1699896,145013,1,0,1
249280,145014,1,0,1
1855128,145015,1,1,0
2051648,145016,1,1,0
1219496,145017,1,0,1
3853296,145018,1,0,1
2316152,145019,1,0,1
2878192,145020,1,0,1
3424944,145021,1,1,0
3392296,145022,1,1,0
302152,145023,1,0,1
3334752,145024,1,0,1
617984,145025,1,0,1
782520,145026,1,1,0
507704,145027,1,1,0
5223256,145028,1,0,1
7511440,145029,1,0,1
6314672,145030,1,1,0
5524104,145031,1,0,1
1601208,145032,1,0,1
3117424,145033,1,1,0
466512,145034,1,0,1
402624,145035,1,0,1
2577272,145036,1,1,0
7908992,145037,1,1,0
4827712,145038,1,1,0
6473544,145039,1,1,0
2468072,145040,1,1,0
6513296,145041,1,0,1
5259856,145042,1,1,0
525080,145043,1,0,1
2010240,145044,1,1,0
567176,145045,1,1,0
837320,145046,1,0,1
4006168,145047,1,0,1
485272,145048,1,1,0
569656,145049,1,1,0
1739408,145050,1,0,1
2519592,145051,1,0,1
1277968,145052,1,1,0
650952,145053,1,0,1
2126232,145054,1,1,0
2221872,145055,1,0,1
6484824,145056,1,1,0
5965096,145057,1,1,0
4384384,145058,1,1,0
4609240,145059,1,0,1
5862120,145060,1,1,0
7868024,145061,1,1,0
4786768,145062,1,1,0
2594128,145063,1,0,1
215584,145064,1,0,1
3727424,145065,1,1,0
3295752,145066,1,1,0
392512,145067,1,0,1
2352440,145068,1,0,1
5363832,145069,1,0,1
1075992,145070,1,1,0
1696880,145071,1,1,0
5504440,145072,1,0,1
6691816,145073,1,0,1
85920,145074,1,1,0
1463792,145075,1,0,1
1756032,145076,1,1,0
885576,145077,1,1,0
3810320,145078,1,0,1
4838704,145079,1,0,1
6186712,145080,1,1,0
1876008,145081,1,1,0
4881144,145082,1,1,0
1548520,145083,1,0,1
4094432,145084,1,0,1
1418016,145085,1,1,0
5403512,145086,1,1,0
3382536,145087,1,1,0
7704600,145088,1,0,1
552792,145089,1,1,0
2279688,145090,1,1,0
2751608,145091,1,0,1
1397952,145092,1,1,0
3906192,145093,1,0,1
502960,145094,1,1,0
4212544,145095,1,1,0
4827160,145096,1,0,1
185216,145097,1,1,0
3693720,145098,1,0,1
356976,145099,1,0,1
2544664,145100,1,1,0
2464064,145101,1,1,0
5736640,145102,1,0,1
6759848,145103,1,1,0
112080,145104,1,1,0
3672760,145105,1,1,0
770864,145106,1,0,1
5816736,145107,1,1,0
2720976,145108,1,0,1
692640,145109,1,0,1
2390976,145110,1,0,1
1048728,145111,1,1,0
5463288,145112,1,0,1
847512,145113,1,1,0
3228200,145114,1,1,0
728064,145115,1,0,1
3029824,145116,1,1,0
1341736,145117,1,1,0
3162952,145118,1,1,0
2485088,145119,1,1,0
1828776,145120,1,0,1
2838568,145121,1,0,1
7918104,145122,1,1,0
1135920,145123,1,1,0
6123336,145124,1,1,0
3036704,145125,1,0,1
869944,145126,1,1,0
1013440,145127,1,1,0
1944120,145128,1,0,1
6367776,145129,1,1,0
305952,145130,1,0,1
1455008,145131,1,1,0
430816,145132,1,1,0
2556976,145133,1,1,0
6405504,145134,1,1,0
3634432,145135,1,0,1
1770240,145136,1,0,1
7226080,145137,1,1,0
663288,145138,1,0,1
1548416,145139,1,0,1
3947904,145140,1,0,1
2988248,145141,1,0,1
3172400,145142,1,1,0
1631832,145143,1,0,1
4385176,145144,1,0,1
2179272,145145,1,1,0
6580504,145146,1,1,0
2611832,145147,1,0,1
1232536,145148,1,1,0
2974272,145149,1,0,1
2891536,145150,1,0,1
7409008,145151,1,0,1
1334200,145152,1,1,0
129472,145153,1,1,0
546568,145154,1,0,1
6583408,145155,1,1,0
4406480,145156,1,0,1
6143264,145157,1,0,1
2108328,145158,1,1,0
2683064,145159,1,1,0
390208,145160,1,1,0
351632,145161,1,1,0
7735568,145162,1,1,0
2967000,145163,1,0,1
7416296,145164,1,1,0
1276696,145165,1,0,1
6472128,145166,1,0,1
2382456,145167,1,1,0
701448,145168,1,0,1
959728,145169,1,1,0
3614056,145170,1,1,0
5309400,145171,1,0,1
1385096,145172,1,0,1
2155880,145173,1,1,0
873720,145174,1,0,1
7191440,145175,1,0,1
516320,145176,1,0,1
297600,145177,1,0,1
1596440,145178,1,0,1
1239144,145179,1,1,0
3662344,145180,1,0,1
3862000,145181,1,1,0
729808,145182,1,1,0
1022168,145183,1,0,1
1147928,145184,1,0,1
7462176,145185,1,0,1
2006088,145186,1,1,0
2030416,145187,1,0,1
3804832,145188,1,0,1
890064,145189,1,0,1
4910976,145190,1,0,1
292216,145191,1,0,1
1803752,145192,1,1,0
1721696,145193,1,1,0
1504800,145194,1,0,1
1242016,145195,1,1,0
1762408,145196,1,0,1
1726328,145197,1,1,0
855424,145198,1,1,0
1218216,145199,1,0,1
2638672,145200,1,0,1
376440,145201,1,1,0
2942104,145202,1,0,1
4784448,145203,1,0,1
5373840,145204,1,1,0
3908096,145205,1,1,0
1458688,145206,1,1,0
3331064,145207,1,1,0
4597536,145208,1,1,0
1487184,145209,1,1,0
750568,145210,1,0,1
4416456,145211,1,0,1
2537272,145212,1,1,0
4112600,145213,1,0,1
696088,145214,1,1,0
5689952,145215,1,1,0
5138120,145216,1,1,0
3531192,145217,1,1,0
2930336,145218,1,0,1
1695888,145219,1,1,0
1641128,145220,1,1,0
1400184,145221,1,0,1
4587112,145222,1,1,0
1738120,145223,1,1,0
2394080,145224,1,1,0
3257984,145225,1,1,0
7375136,145226,1,0,1
857968,145227,1,0,1
671000,145228,1,1,0
5058824,145229,1,1,0
3113544,145230,1,1,0
1201664,145231,1,0,1
3956352,145232,1,1,0
4200704,145233,1,1,0
4294096,145234,1,1,0
737752,145235,1,0,1
2656536,145236,1,1,0
561464,145237,1,0,1
1449216,145238,1,0,1
2013040,145239,1,0,1
773320,145240,1,0,1
5289272,145241,1,1,0
3532320,145242,1,0,1
6461064,145243,1,0,1
1697416,145244,1,0,1
6251336,145245,1,1,0
6865032,145246,1,0,1
561768,145247,1,1,0
6747704,145248,1,0,1
581360,145249,1,0,1
5529424,145250,1,0,1
1523880,145251,1,1,0
1392096,145252,1,1,0
1565096,145253,1,0,1
2783520,145254,1,1,0
2068512,145255,1,1,0
4432984,145256,1,1,0
863328,145257,1,0,1
293672,145258,1,0,1
3003160,145259,1,0,1
3123056,145260,1,0,1
4267768,145261,1,1,0
8051888,145262,1,1,0
5306632,145263,1,0,1
3973288,145264,1,0,1
2328384,145265,1,0,1
288152,145266,1,1,0
1252624,145267,1,0,1
7238968,145268,1,0,1
2558888,145269,1,1,0
4933704,145270,1,0,1
3674536,145271,1,0,1
1516736,145272,1,1,0
454696,145273,1,1,0
5770616,145274,1,0,1
6043208,145275,1,0,1
2477416,145276,1,1,0
782920,145277,1,0,1
8068096,145278,1,0,1
1295832,145279,1,0,1
360296,145280,1,1,0
438288,145281,1,0,1
2508688,145282,1,0,1
595184,145283,1,0,1
646568,145284,1,1,0
3520736,145285,1,1,0
6139208,145286,1,0,1
1182224,145287,1,0,1
1611784,145288,1,0,1
235856,145289,1,1,0
6043592,145290,1,0,1
1983720,145291,1,1,0
7310136,145292,1,1,0
349904,145293,1,1,0
7443536,145294,1,1,0
6194472,145295,1,1,0
591248,145296,1,0,1
2046856,145297,1,1,0
7701672,145298,1,0,1
439544,145299,1,1,0
2013448,145300,1,0,1
4589280,145301,1,0,1
2408984,145302,1,0,1
3081488,145303,1,1,0
1116832,145304,1,0,1
8085592,145305,1,0,1
1220584,145306,1,1,0
282552,145307,1,0,1
2215640,145308,1,1,0
3715208,145309,1,0,1
4187128,145310,1,1,0
1435664,145311,1,1,0
5425248,145312,1,0,1
368800,145313,1,0,1
4107136,145314,1,1,0
468728,145315,1,0,1
729288,145316,1,0,1
7465400,145317,1,1,0
957512,145318,1,0,1
2496784,145319,1,0,1
3741592,145320,1,1,0
3092728,145321,1,1,0
4101728,145322,1,0,1
337880,145323,1,1,0
1439840,145324,1,1,0
2994776,145325,1,0,1
1437920,145326,1,1,0
7464160,145327,1,0,1
274448,145328,1,0,1
270632,145329,1,1,0
1954248,145330,1,1,0
1540672,145331,1,0,1
6398656,145332,1,1,0
342160,145333,1,0,1
562192,145334,1,1,0
3050192,145335,1,0,1
2169656,145336,1,1,0
1123048,145337,1,1,0
2661888,145338,1,1,0
1675176,145339,1,0,1
6317712,145340,1,0,1
857840,145341,1,1,0
4336648,145342,1,0,1
8250456,145343,1,0,1
293152,145344,1,1,0
4917392,145345,1,1,0
829528,145346,1,0,1
3167256,145347,1,1,0
1302440,145348,1,0,1
1619496,145349,1,0,1
1134176,145350,1,0,1
2471720,145351,1,0,1
8202408,145352,1,0,1
450024,145353,1,0,1
5826376,145354,1,0,1
2980456,145355,1,0,1
470304,145356,1,0,1
239408,145357,1,0,1
3801776,145358,1,0,1
391304,145359,1,1,0
4185520,145360,1,0,1
1751376,145361,1,0,1
4010704,145362,1,1,0
1813856,145363,1,0,1
6407432,145364,1,1,0
1613552,145365,1,1,0
2956848,145366,1,1,0
1935752,145367,1,0,1
1420768,145368,1,1,0
3083912,145369,1,1,0
2438280,145370,1,1,0
1236744,145371,1,1,0
6858056,145372,1,0,1
773976,145373,1,0,1
7716408,145374,1,1,0
6476560,145375,1,1,0
4510464,145376,1,0,1
1099600,145377,1,1,0
1610128,145378,1,0,1
1140464,145379,1,1,0
334496,145380,1,1,0
5752736,145381,1,1,0
5697688,145382,1,1,0
6804672,145383,1,1,0
200760,145384,1,1,0
174000,145385,1,1,0
906152,145386,1,1,0
6859896,145387,1,1,0
456048,145388,1,0,1
344752,145389,1,1,0
7260440,145390,1,0,1
7465576,145391,1,0,1
295328,145392,1,1,0
2834832,145393,1,0,1
7213728,145394,1,1,0
2753904,145395,1,1,0
2269680,145396,1,0,1
795776,145397,1,0,1
382928,145398,1,1,0
1699624,145399,1,0,1
1429744,145400,1,0,1
557048,145401,1,1,0
859912,145402,1,1,0
935560,145403,1,0,1
4771984,145404,1,0,1
1584248,145405,1,0,1
1550968,145406,1,1,0
1782824,145407,1,0,1
1837968,145408,1,1,0
1610880,145409,1,1,0
3654648,145410,1,1,0
541304,145411,1,1,0
1204264,145412,1,1,0
3960808,145413,1,0,1
190440,145414,1,1,0
136016,145415,1,1,0
5746976,145416,1,1,0
3318016,145417,1,1,0
7049672,145418,1,1,0
973936,145419,1,1,0
2835728,145420,1,1,0
1520456,145421,1,1,0
819752,145422,1,1,0
4986648,145423,1,1,0
5068648,145424,1,1,0
220272,145425,1,0,1
6960048,145426,1,1,0
2498248,145427,1,1,0
218096,145428,1,1,0
1607616,145429,1,1,0
4077296,145430,1,0,1
7368376,145431,1,0,1
6676320,145432,1,0,1
5062912,145433,1,1,0
4673272,145434,1,0,1
4732736,145435,1,0,1
831424,145436,1,1,0
5533680,145437,1,1,0
2341216,145438,1,0,1
5792792,145439,1,1,0
1171456,145440,1,0,1
5744040,145441,1,0,1
3846224,145442,1,1,0
3110720,145443,1,0,1
1637568,145444,1,0,1
6011128,145445,1,0,1
613152,145446,1,0,1
3476600,145447,1,0,1
3290160,145448,1,1,0
4072288,145449,1,0,1
1283456,145450,1,1,0
1704592,145451,1,1,0
8289440,145452,1,1,0
2953792,145453,1,1,0
3777000,145454,1,0,1
2788112,145455,1,1,0
5215248,145456,1,0,1
134576,145457,1,1,0
7349784,145458,1,1,0
1630920,145459,1,1,0
4411584,145460,1,1,0
1694184,145461,1,1,0
2541632,145462,1,0,1
876912,145463,1,1,0
5263832,145464,1,1,0
3369456,145465,1,1,0
6864936,145466,1,0,1
249128,145467,1,0,1
5096040,145468,1,1,0
6131096,145469,1,1,0
6624392,145470,1,1,0
4113008,145471,1,0,1
2637032,145472,1,0,1
2761000,145473,1,0,1
1279744,145474,1,0,1
763200,145475,1,1,0
7915064,145476,1,1,0
338808,145477,1,0,1
462088,145478,1,1,0
224256,145479,1,0,1
2629224,145480,1,0,1
2157512,145481,1,0,1
1095776,145482,1,1,0
639944,145483,1,1,0
7323328,145484,1,1,0
704120,145485,1,0,1
628288,145486,1,1,0
4538592,145487,1,0,1
6120720,145488,1,1,0
295248,145489,1,1,0
1349616,145490,1,1,0
6340440,145491,1,1,0
7872064,145492,1,0,1
400448,145493,1,0,1
316848,145494,1,1,0
1242136,145495,1,0,1
826984,145496,1,0,1
2003088,145497,1,1,0
1166728,145498,1,1,0
3028800,145499,1,1,0
216128,145500,1,0,1
1176712,145501,1,1,0
2624688,145502,1,0,1
2791928,145503,1,0,1
1496136,145504,1,1,0
5717312,145505,1,0,1
3327192,145506,1,1,0
5214112,145507,1,0,1
4491104,145508,1,1,0
2462472,145509,1,0,1
1592792,145510,1,0,1
2835632,145511,1,1,0
107648,145512,1,0,1
901160,145513,1,1,0
1430176,145514,1,1,0
919896,145515,1,0,1
2408816,145516,1,1,0
6650256,145517,1,0,1
5992688,145518,1,0,1
3240904,145519,1,1,0
912696,145520,1,1,0
6412288,145521,1,1,0
6336480,145522,1,0,1
196392,145523,1,0,1
6409032,145524,1,0,1
341128,145525,1,0,1
867424,145526,1,1,0
754688,145527,1,1,0
1062584,145528,1,0,1
1770320,145529,1,0,1
1234480,145530,1,1,0
3001184,145531,1,1,0
2218120,145532,1,0,1
6263808,145533,1,1,0
1253136,145534,1,0,1
3238480,145535,1,1,0
1729552,145536,1,1,0
5033096,145537,1,1,0
3575832,145538,1,0,1
3156728,145539,1,1,0
4158488,145540,1,1,0
614784,145541,1,1,0
384880,145542,1,0,1
1660144,145543,1,1,0
3520784,145544,1,0,1
382496,145545,1,0,1
914968,145546,1,0,1
4464680,145547,1,1,0
1713496,145548,1,1,0
2513016,145549,1,1,0
1282240,145550,1,1,0
4212248,145551,1,0,1
2483560,145552,1,1,0
5608280,145553,1,1,0
3079080,145554,1,0,1
4545216,145555,1,1,0
7967688,145556,1,0,1
2124880,145557,1,0,1
834416,145558,1,1,0
3485424,145559,1,1,0
322736,145560,1,0,1
3058120,145561,1,1,0
248440,145562,1,0,1
2592856,145563,1,0,1
3170296,145564,1,1,0
574872,145565,1,0,1
3604696,145566,1,0,1
608704,145567,1,1,0
8173696,145568,1,0,1
962320,145569,1,1,0
846520,145570,1,1,0
1754920,145571,1,1,0
1857520,145572,1,0,1
935696,145573,1,0,1
361096,145574,1,1,0
3923936,145575,1,1,0
6949048,145576,1,0,1
5315744,145577,1,1,0
3419024,145578,1,0,1
2036592,145579,1,0,1
4736640,145580,1,0,1
2705664,145581,1,0,1
2690792,145582,1,1,0
244488,145583,1,0,1
1161056,145584,1,1,0
490440,145585,1,1,0
985736,145586,1,0,1
3051008,145587,1,1,0
6325728,145588,1,0,1
1324592,145589,1,0,1
5638864,145590,1,0,1
5005360,145591,1,1,0
3055448,145592,1,0,1
7315184,145593,1,0,1
6638344,145594,1,0,1
1492840,145595,1,1,0
665576,145596,1,0,1
810712,145597,1,0,1
993840,145598,1,0,1
475808,145599,1,0,1
949608,145600,1,0,1
6766616,145601,1,1,0
214368,145602,1,1,0
704448,145603,1,0,1
389016,145604,1,1,0
1956912,145605,1,0,1
3202496,145606,1,0,1
1657440,145607,1,0,1
3109648,145608,1,1,0
2942168,145609,1,0,1
263672,145610,1,0,1
7395080,145611,1,1,0
304880,145612,1,1,0
7181864,145613,1,1,0
3562200,145614,1,1,0
3040024,145615,1,0,1
4512008,145616,1,0,1
7693216,145617,1,1,0
195624,145618,1,0,1
7342768,145619,1,0,1
4579224,145620,1,1,0
1092672,145621,1,0,1
7228464,145622,1,0,1
451016,145623,1,1,0
6874424,145624,1,0,1
1139312,145625,1,1,0
3472328,145626,1,1,0
269816,145627,1,1,0
1031200,145628,1,1,0
934240,145629,1,0,1
2552056,145630,1,1,0
5036296,145631,1,0,1
458080,145632,1,0,1
1016104,145633,1,0,1
81976,145634,1,1,0
3563928,145635,1,1,0
4527576,145636,1,1,0
218664,145637,1,0,1
2939960,145638,1,0,1
3662920,145639,1,1,0
2017472,145640,1,1,0
5131864,145641,1,0,1
970488,145642,1,1,0
2639528,145643,1,1,0
1632136,145644,1,1,0
7996624,145645,1,0,1
6560352,145646,1,1,0
8267536,145647,1,0,1
5905984,145648,1,0,1
2184760,145649,1,1,0
6130216,145650,1,0,1
723792,145651,1,1,0
4441704,145652,1,1,0
7259080,145653,1,0,1
2421224,145654,1,1,0
2357480,145655,1,0,1
1266120,145656,1,0,1
6539536,145657,1,0,1
7484808,145658,1,1,0
5953712,145659,1,1,0
7753200,145660,1,1,0
3607472,145661,1,0,1
1805800,145662,1,1,0
1093992,145663,1,1,0
1609760,145664,1,1,0
7764224,145665,1,0,1
1607344,145666,1,1,0
2204424,145667,1,0,1
539376,145668,1,1,0
1134072,145669,1,0,1
2169896,145670,1,1,0
8328520,145671,1,1,0
2265008,145672,1,0,1
745976,145673,1,1,0
4351264,145674,1,0,1
6273000,145675,1,1,0
2991976,145676,1,0,1
493800,145677,1,0,1
946832,145678,1,0,1
3966936,145679,1,1,0
3954216,145680,1,1,0
1086368,145681,1,1,0
393048,145682,1,1,0
3803624,145683,1,1,0
6200760,145684,1,0,1
232856,145685,1,1,0
1091168,145686,1,1,0
2503040,145687,1,0,1
4493648,145688,1,1,0
514152,145689,1,0,1
2646160,145690,1,1,0
299496,145691,1,0,1
903032,145692,1,0,1
6411992,145693,1,0,1
761736,145694,1,1,0
2158232,145695,1,0,1
5415960,145696,1,0,1
4036480,145697,1,1,0
3964120,145698,1,1,0
7941192,145699,1,0,1
3391608,145700,1,1,0
2010112,145701,1,0,1
3536840,145702,1,0,1
589776,145703,1,0,1
5528992,145704,1,0,1
6420672,145705,1,0,1
5850400,145706,1,1,0
2278256,145707,1,1,0
1422896,145708,1,1,0
1217920,145709,1,1,0
1460288,145710,1,0,1
4477808,145711,1,1,0
1983240,145712,1,0,1
3933264,145713,1,1,0
5718248,145714,1,0,1
1677800,145715,1,0,1
5294320,145716,1,1,0
730456,145717,1,0,1
7306480,145718,1,0,1
1352568,145719,1,1,0
5460736,145720,1,1,0
4837840,145721,1,1,0
8025688,145722,1,0,1
517360,145723,1,0,1
2489632,145724,1,0,1
942784,145725,1,1,0
349352,145726,1,0,1
5381408,145727,1,1,0
6567224,145728,1,0,1
6981344,145729,1,0,1
1808008,145730,1,1,0
2678272,145731,1,1,0
2561384,145732,1,0,1
2917776,145733,1,0,1
2610032,145734,1,0,1
6386808,145735,1,0,1
338192,145736,1,1,0
3533808,145737,1,1,0
4541752,145738,1,0,1
8255624,145739,1,0,1
2522696,145740,1,0,1
3934856,145741,1,0,1
2947984,145742,1,1,0
2194056,145743,1,0,1
998976,145744,1,1,0
1647632,145745,1,1,0
3122240,145746,1,1,0
622976,145747,1,0,1
3185768,145748,1,1,0
753840,145749,1,0,1
2783784,145750,1,1,0
6516448,145751,1,1,0
2092368,145752,1,1,0
2608328,145753,1,1,0
1898968,145754,1,1,0
1012552,145755,1,0,1
5528960,145756,1,1,0
159112,145757,1,0,1
1134064,145758,1,1,0
572440,145759,1,0,1
7352952,145760,1,0,1
321704,145761,1,1,0
5577576,145762,1,0,1
5749976,145763,1,0,1
454768,145764,1,0,1
1736568,145765,1,0,1
6503184,145766,1,0,1
3393472,145767,1,0,1
3122256,145768,1,0,1
4522440,145769,1,0,1
1328976,145770,1,0,1
4856776,145771,1,1,0
5977448,145772,1,0,1
1036808,145773,1,0,1
903776,145774,1,0,1
767096,145775,1,1,0
562712,145776,1,0,1
149104,145777,1,0,1
1804464,145778,1,1,0
5312312,145779,1,0,1
1083784,145780,1,1,0
8213752,145781,1,1,0
5253696,145782,1,1,0
1399424,145783,1,0,1
504520,145784,1,0,1
2885824,145785,1,1,0
3453864,145786,1,0,1
752824,145787,1,1,0
3276752,145788,1,1,0
3443800,145789,1,1,0
1088384,145790,1,0,1
5418192,145791,1,0,1
339984,145792,1,1,0
3623728,145793,1,1,0
1144664,145794,1,0,1
2336080,145795,1,1,0
2607624,145796,1,1,0
3083936,145797,1,0,1
745432,145798,1,1,0
488288,145799,1,1,0
4020144,145800,1,0,1
465992,145801,1,0,1
977480,145802,1,0,1
2344432,145803,1,1,0
636848,145804,1,0,1
4466032,145805,1,1,0
1236792,145806,1,1,0
1532328,145807,1,0,1
6655568,145808,1,1,0
473472,145809,1,0,1
3822048,145810,1,1,0
6961832,145811,1,1,0
6654264,145812,1,0,1
979848,145813,1,0,1
2584832,145814,1,1,0
6659184,145815,1,1,0
3008352,145816,1,0,1
1785648,145817,1,0,1
5066944,145818,1,0,1
2550936,145819,1,1,0
8145744,145820,1,0,1
3270088,145821,1,0,1
3419352,145822,1,1,0
427496,145823,1,0,1
956464,145824,1,0,1
2072768,145825,1,1,0
986552,145826,1,1,0
181904,145827,1,0,1
2144208,145828,1,1,0
2806456,145829,1,1,0
464712,145830,1,1,0
1139088,145831,1,0,1
3371832,145832,1,0,1
4485424,145833,1,1,0
5751680,145834,1,1,0
1202328,145835,1,1,0
3291136,145836,1,0,1
2586136,145837,1,1,0
7195624,145838,1,0,1
7384392,145839,1,0,1
3278856,145840,1,0,1
1352208,145841,1,0,1
5162712,145842,1,0,1
6438744,145843,1,0,1
7993320,145844,1,1,0
3197472,145845,1,1,0
1931416,145846,1,0,1
4641392,145847,1,0,1
2742384,145848,1,1,0
1363664,145849,1,1,0
3642216,145850,1,1,0
257568,145851,1,0,1
1626464,145852,1,0,1
6922952,145853,1,0,1
5099424,145854,1,1,0
1582144,145855,1,1,0
7698448,145856,1,0,1
1768152,145857,1,1,0
871576,145858,1,0,1
7417520,145859,1,1,0
7480448,145860,1,1,0
3741176,145861,1,1,0
597136,145862,1,1,0
1601736,145863,1,0,1
3364184,145864,1,1,0
3824216,145865,1,1,0
6769208,145866,1,1,0
2300992,145867,1,0,1
867040,145868,1,1,0
916216,145869,1,1,0
1767168,145870,1,0,1
5073464,145871,1,0,1
1134128,145872,1,0,1
2737688,145873,1,0,1
4770512,145874,1,0,1
2402296,145875,1,1,0
840816,145876,1,0,1
531088,145877,1,0,1
2331088,145878,1,0,1
315544,145879,1,1,0
2437976,145880,1,1,0
3161648,145881,1,1,0
6483496,145882,1,0,1
693240,145883,1,1,0
1692216,145884,1,1,0
7356624,145885,1,0,1
7229568,145886,1,1,0
944352,145887,1,0,1
2301424,145888,1,1,0
5654456,145889,1,0,1
5081560,145890,1,0,1
2113784,145891,1,0,1
294896,145892,1,1,0
374328,145893,1,1,0
4913824,145894,1,1,0
4720184,145895,1,1,0
2577104,145896,1,0,1
316824,145897,1,1,0
4300808,145898,1,0,1
3812672,145899,1,0,1
3066768,145900,1,1,0
4198208,145901,1,1,0
2175480,145902,1,0,1
4585856,145903,1,1,0
7381176,145904,1,0,1
561968,145905,1,0,1
909632,145906,1,0,1
2141936,145907,1,0,1
696648,145908,1,1,0
407040,145909,1,1,0
2840456,145910,1,1,0
2404496,145911,1,1,0
451088,145912,1,0,1
256752,145913,1,0,1
279704,145914,1,0,1
888656,145915,1,0,1
2532192,145916,1,0,1
824888,145917,1,0,1
3926344,145918,1,1,0
1287944,145919,1,1,0
931904,145920,1,0,1
8010336,145921,1,1,0
511776,145922,1,1,0
469856,145923,1,1,0
291328,145924,1,0,1
598024,145925,1,0,1
667984,145926,1,1,0
595056,145927,1,0,1
228448,145928,1,1,0
1541712,145929,1,1,0
179304,145930,1,1,0
956824,145931,1,1,0
7553536,145932,1,1,0
4815552,145933,1,0,1
1766720,145934,1,0,1
2877152,145935,1,1,0
1590824,145936,1,0,1
2267744,145937,1,1,0
5748240,145938,1,1,0
1966584,145939,1,0,1
2143872,145940,1,1,0
1729376,145941,1,0,1
2844144,145942,1,1,0
2923904,145943,1,0,1
6920448,145944,1,0,1
246800,145945,1,1,0
3871400,145946,1,0,1
2729208,145947,1,0,1
5326664,145948,1,0,1
6997104,145949,1,1,0
5086992,145950,1,1,0
4280136,145951,1,0,1
979288,145952,1,0,1
3022592,145953,1,0,1
682232,145954,1,1,0
961072,145955,1,1,0
202192,145956,1,1,0
5801328,145957,1,0,1
182280,145958,1,1,0
552464,145959,1,1,0
4714928,145960,1,0,1
5016120,145961,1,0,1
552496,145962,1,1,0
4173384,145963,1,1,0
4672480,145964,1,1,0
5424992,145965,1,1,0
2020568,145966,1,1,0
4794624,145967,1,1,0
1906440,145968,1,0,1
6146976,145969,1,0,1
3923040,145970,1,1,0
3013728,145971,1,0,1
3024992,145972,1,0,1
5653352,145973,1,0,1
2067144,145974,1,0,1
4068960,145975,1,1,0
8283504,145976,1,0,1
1075224,145977,1,1,0
8125152,145978,1,0,1
5275552,145979,1,1,0
4442648,145980,1,1,0
6870352,145981,1,1,0
1518016,145982,1,1,0
835088,145983,1,0,1
4501824,145984,1,0,1
6515328,145985,1,0,1
1142832,145986,1,0,1
326872,145987,1,1,0
2976272,145988,1,1,0
6535496,145989,1,0,1
7644000,145990,1,1,0
1946096,145991,1,1,0
694792,145992,1,0,1
2319080,145993,1,1,0
316160,145994,1,1,0
1129952,145995,1,1,0
4009240,145996,1,0,1
1154600,145997,1,0,1
2118528,145998,1,1,0
4021648,145999,1,1,0
1980976,146000,1,0,1
1718008,146001,1,1,0
276784,146002,1,1,0
2387856,146003,1,1,0
1071024,146004,1,1,0
207576,146005,1,0,1
372056,146006,1,1,0
3779016,146007,1,0,1
512848,146008,1,1,0
3063584,146009,1,0,1
4277344,146010,1,0,1
2876880,146011,1,1,0
7581984,146012,1,0,1
6798248,146013,1,1,0
1486688,146014,1,1,0
3240168,146015,1,1,0
3346888,146016,1,0,1
5998592,146017,1,1,0
1933536,146018,1,1,0
1513984,146019,1,0,1
1276128,146020,1,0,1
971376,146021,1,0,1
968848,146022,1,0,1
2297080,146023,1,0,1
1010288,146024,1,1,0
378632,146025,1,1,0
654256,146026,1,0,1
2204760,146027,1,0,1
1032224,146028,1,0,1
6753496,146029,1,0,1
5449936,146030,1,1,0
7181112,146031,1,1,0
3070832,146032,1,0,1
132216,146033,1,1,0
340512,146034,1,0,1
5695408,146035,1,1,0
435904,146036,1,1,0
5867920,146037,1,0,1
7600680,146038,1,0,1
7733424,146039,1,1,0
2661816,146040,1,1,0
715408,146041,1,0,1
2875048,146042,1,0,1
1139616,146043,1,1,0
334504,146044,1,0,1
8109664,146045,1,1,0
718848,146046,1,1,0
1659824,146047,1,0,1
2032880,146048,1,0,1
7325960,146049,1,1,0
3778608,146050,1,0,1
2579328,146051,1,1,0
2391208,146052,1,1,0
1118488,146053,1,0,1
8054952,146054,1,0,1
2067096,146055,1,1,0
475768,146056,1,0,1
1838760,146057,1,1,0
7073160,146058,1,0,1
364352,146059,1,0,1
1331712,146060,1,0,1
2519032,146061,1,0,1
5899208,146062,1,1,0
6328968,146063,1,1,0
4561704,146064,1,1,0
962856,146065,1,0,1
2003568,146066,1,0,1
4511096,146067,1,0,1
6462528,146068,1,0,1
1542208,146069,1,1,0
3093432,146070,1,1,0
1299784,146071,1,0,1
7030064,146072,1,1,0
1976976,146073,1,1,0
6376016,146074,1,1,0
2354880,146075,1,1,0
3559744,146076,1,1,0
326808,146077,1,1,0
1388376,146078,1,0,1
517432,146079,1,1,0
3066432,146080,1,0,1
1481544,146081,1,0,1
237752,146082,1,1,0
1102504,146083,1,1,0
6667240,146084,1,0,1
604672,146085,1,1,0
785040,146086,1,1,0
5668032,146087,1,0,1
3059304,146088,1,1,0
8355952,146089,1,0,1
1715832,146090,1,1,0
3181704,146091,1,0,1
2043800,146092,1,0,1
786104,146093,1,1,0
5744800,146094,1,0,1
631400,146095,1,1,0
6157464,146096,1,1,0
4294456,146097,1,0,1
300200,146098,1,1,0
7355344,146099,1,0,1
623600,146100,1,1,0
1494272,146101,1,0,1
689136,146102,1,1,0
1158608,146103,1,0,1
912528,146104,1,0,1
6996384,146105,1,1,0
2407176,146106,1,0,1
791512,146107,1,1,0
2344160,146108,1,0,1
853584,146109,1,1,0
2698200,146110,1,0,1
863072,146111,1,0,1
6949216,146112,1,0,1
1612024,146113,1,1,0
5745576,146114,1,0,1
2045472,146115,1,0,1
3402104,146116,1,0,1
943824,146117,1,1,0
4038600,146118,1,1,0
5375736,146119,1,0,1
6143968,146120,1,0,1
7547584,146121,1,1,0
1467120,146122,1,0,1
286648,146123,1,1,0
4304088,146124,1,0,1
1908088,146125,1,1,0
1612720,146126,1,1,0
5229344,146127,1,1,0
1678104,146128,1,1,0
3283856,146129,1,0,1
78936,146130,1,1,0
742792,146131,1,0,1
327584,146132,1,1,0
331144,146133,1,0,1
3615632,146134,1,0,1
6199048,146135,1,0,1
2608024,146136,1,0,1
3134456,146137,1,1,0
5893640,146138,1,0,1
2258552,146139,1,1,0
555008,146140,1,1,0
2868856,146141,1,0,1
1968952,146142,1,1,0
4874576,146143,1,1,0
2863336,146144,1,1,0
1442904,146145,1,1,0
3312664,146146,1,0,1
1160576,146147,1,0,1
3342696,146148,1,0,1
446928,146149,1,1,0
1577968,146150,1,1,0
865584,146151,1,0,1
458160,146152,1,0,1
4242496,146153,1,1,0
2780768,146154,1,1,0
3194024,146155,1,0,1
5722416,146156,1,1,0
3326968,146157,1,1,0
266752,146158,1,0,1
2539744,146159,1,1,0
4521392,146160,1,1,0
4447144,146161,1,0,1
8353296,146162,1,1,0
666976,146163,1,0,1
5473456,146164,1,1,0
6268936,146165,1,1,0
1872320,146166,1,1,0
6305896,146167,1,0,1
6336112,146168,1,1,0
384936,146169,1,1,0
7003872,146170,1,1,0
576672,146171,1,1,0
5613456,146172,1,0,1
5883296,146173,1,0,1
1505808,146174,1,0,1
3317248,146175,1,1,0
376544,146176,1,0,1
1942584,146177,1,0,1
7964288,146178,1,0,1
5353696,146179,1,1,0
2260592,146180,1,0,1
1214592,146181,1,1,0
7970568,146182,1,0,1
1739776,146183,1,1,0
3467120,146184,1,0,1
978504,146185,1,0,1
3828960,146186,1,1,0
8308744,146187,1,0,1
3458744,146188,1,1,0
6532584,146189,1,1,0
777904,146190,1,0,1
299360,146191,1,1,0
301704,146192,1,0,1
4837784,146193,1,1,0
415456,146194,1,0,1
3190176,146195,1,0,1
6654872,146196,1,0,1
4733160,146197,1,1,0
732408,146198,1,1,0
1030408,146199,1,1,0
2322848,146200,1,1,0
3891224,146201,1,1,0
3264320,146202,1,0,1
1029168,146203,1,0,1
1457696,146204,1,0,1
616952,146205,1,0,1
397256,146206,1,0,1
7742600,146207,1,1,0
997440,146208,1,0,1
6684584,146209,1,0,1
2566456,146210,1,1,0
1395408,146211,1,1,0
3139024,146212,1,1,0
3997176,146213,1,0,1
4636088,146214,1,0,1
4066256,146215,1,1,0
694456,146216,1,1,0
605784,146217,1,1,0
567784,146218,1,0,1
6342544,146219,1,0,1
5042248,146220,1,1,0
5123952,146221,1,0,1
6970272,146222,1,1,0
747344,146223,1,0,1
2073048,146224,1,0,1
145704,146225,1,1,0
6971848,146226,1,1,0
3033776,146227,1,1,0
365440,146228,1,0,1
639720,146229,1,0,1
4942080,146230,1,1,0
562168,146231,1,1,0
5504800,146232,1,1,0
7496232,146233,1,1,0
6721032,146234,1,1,0
2117912,146235,1,1,0
6785168,146236,1,0,1
377608,146237,1,0,1
1086976,146238,1,1,0
3078784,146239,1,0,1
3666456,146240,1,0,1
1855584,146241,1,0,1
2488464,146242,1,0,1
2952240,146243,1,0,1
1141520,146244,1,0,1
975816,146245,1,1,0
8101840,146246,1,0,1
1204808,146247,1,1,0
3344592,146248,1,1,0
920664,146249,1,1,0
287688,146250,1,1,0
390264,146251,1,0,1
4591152,146252,1,1,0
3104776,146253,1,1,0
1986712,146254,1,0,1
5113200,146255,1,1,0
4483744,146256,1,1,0
6806152,146257,1,1,0
197808,146258,1,0,1
2603952,146259,1,1,0
6249624,146260,1,0,1
5845464,146261,1,1,0
2622536,146262,1,0,1
5747456,146263,1,0,1
3637128,146264,1,1,0
3623016,146265,1,1,0
1402680,146266,1,0,1
5572304,146267,1,1,0
2830320,146268,1,1,0
3065360,146269,1,0,1
396024,146270,1,0,1
1606592,146271,1,1,0
5935832,146272,1,1,0
2010992,146273,1,0,1
2568288,146274,1,0,1
5510440,146275,1,1,0
8263712,146276,1,1,0
3270768,146277,1,0,1
1625952,146278,1,1,0
6045368,146279,1,1,0
6006584,146280,1,1,0
1105608,146281,1,0,1
565864,146282,1,0,1
7487952,146283,1,0,1
938920,146284,1,1,0
145776,146285,1,1,0
590672,146286,1,1,0
874992,146287,1,1,0
819544,146288,1,0,1
2055392,146289,1,1,0
4135704,146290,1,1,0
1137536,146291,1,1,0
4323696,146292,1,0,1
3221072,146293,1,1,0
327000,146294,1,0,1
1153568,146295,1,1,0
6062120,146296,1,1,0
1697448,146297,1,0,1
2351928,146298,1,1,0
2159056,146299,1,1,0
5616128,146300,1,1,0
7695264,146301,1,0,1
296080,146302,1,0,1
2479704,146303,1,0,1
580560,146304,1,0,1
564512,146305,1,1,0
251200,146306,1,1,0
8046088,146307,1,1,0
3100832,146308,1,0,1
1497384,146309,1,1,0
1812344,146310,1,0,1
617736,146311,1,1,0
2946592,146312,1,0,1
2783064,146313,1,0,1
2482168,146314,1,1,0
1196592,146315,1,0,1
5175144,146316,1,0,1
1304496,146317,1,1,0
384568,146318,1,1,0
6137168,146319,1,0,1
3449112,146320,1,0,1
7088096,146321,1,1,0
4953856,146322,1,0,1
139976,146323,1,0,1
1729768,146324,1,0,1
1363416,146325,1,0,1
7664296,146326,1,1,0
4406632,146327,1,0,1
703576,146328,1,1,0
833008,146329,1,0,1
2905536,146330,1,0,1
5375904,146331,1,1,0
3819056,146332,1,1,0
1835600,146333,1,1,0
2281840,146334,1,1,0
3057640,146335,1,1,0
3842392,146336,1,1,0
3975576,146337,1,0,1
583192,146338,1,0,1
2971920,146339,1,0,1
5640528,146340,1,1,0
1029184,146341,1,0,1
7851776,146342,1,0,1
3750272,146343,1,1,0
4321520,146344,1,1,0
4739104,146345,1,1,0
1174688,146346,1,0,1
488848,146347,1,1,0
2926768,146348,1,1,0
1593104,146349,1,0,1
802248,146350,1,0,1
3551088,146351,1,0,1
1595272,146352,1,0,1
6114144,146353,1,0,1
1833904,146354,1,0,1
6047192,146355,1,0,1
3641536,146356,1,1,0
1348520,146357,1,0,1
3408696,146358,1,0,1
2330872,146359,1,1,0
620688,146360,1,1,0
3680344,146361,1,1,0
5018408,146362,1,1,0
4014656,146363,1,1,0
1293824,146364,1,1,0
3539048,146365,1,1,0
7884456,146366,1,1,0
4257144,146367,1,1,0
906672,146368,1,0,1
3236656,146369,1,0,1
5377968,146370,1,0,1
2649016,146371,1,1,0
1125880,146372,1,1,0
6404416,146373,1,0,1
3210048,146374,1,0,1
231336,146375,1,1,0
3572664,146376,1,0,1
1023112,146377,1,1,0
2186168,146378,1,0,1
177944,146379,1,0,1
1878432,146380,1,1,0
6345728,146381,1,1,0
1692248,146382,1,1,0
996728,146383,1,1,0
4732848,146384,1,0,1
2597104,146385,1,1,0
4147704,146386,1,0,1
713896,146387,1,0,1
6992424,146388,1,0,1
152720,146389,1,0,1
5286936,146390,1,0,1
6014048,146391,1,0,1
6932672,146392,1,0,1
3294032,146393,1,1,0
881800,146394,1,1,0
1201520,146395,1,0,1
546048,146396,1,0,1
474112,146397,1,0,1
598120,146398,1,0,1
1738704,146399,1,1,0
3918968,146400,1,0,1
3397736,146401,1,1,0
3521792,146402,1,1,0
2055432,146403,1,1,0
383544,146404,1,1,0
3998456,146405,1,0,1
4620296,146406,1,1,0
136512,146407,1,0,1
3564864,146408,1,1,0
1330848,146409,1,1,0
1039624,146410,1,0,1
3675568,146411,1,1,0
1204608,146412,1,1,0
7867976,146413,1,0,1
476616,146414,1,1,0
537544,146415,1,1,0
4085752,146416,1,0,1
3441608,146417,1,1,0
6728728,146418,1,1,0
594224,146419,1,0,1
524384,146420,1,1,0
741720,146421,1,1,0
636496,146422,1,0,1
593664,146423,1,0,1
1400264,146424,1,0,1
641328,146425,1,1,0
236704,146426,1,0,1
3212048,146427,1,0,1
4610736,146428,1,0,1
2997312,146429,1,0,1
692152,146430,1,0,1
3555800,146431,1,0,1
4233464,146432,1,1,0
8094368,146433,1,0,1
320480,146434,1,1,0
389496,146435,1,0,1
6846496,146436,1,0,1
4294024,146437,1,0,1
2522416,146438,1,1,0
2550216,146439,1,1,0
404736,146440,1,0,1
1936216,146441,1,0,1
405008,146442,1,1,0
6694568,146443,1,0,1
527560,146444,1,0,1
7464640,146445,1,1,0
1624352,146446,1,1,0
228432,146447,1,0,1
346744,146448,1,0,1
1001456,146449,1,0,1
923168,146450,1,0,1
2225336,146451,1,0,1
900960,146452,1,0,1
2440880,146453,1,0,1
3682160,146454,1,1,0
8371936,146455,1,0,1
2014768,146456,1,0,1
4875792,146457,1,0,1
3254688,146458,1,1,0
385952,146459,1,0,1
565336,146460,1,1,0
1592368,146461,1,0,1
1066616,146462,1,0,1
3843560,146463,1,1,0
7046824,146464,1,1,0
5319144,146465,1,1,0
1818136,146466,1,1,0
397088,146467,1,1,0
5809512,146468,1,0,1
1765720,146469,1,1,0
3664088,146470,1,1,0
736560,146471,1,1,0
4178144,146472,1,1,0
867000,146473,1,0,1
533472,146474,1,0,1
4919880,146475,1,1,0
5530776,146476,1,0,1
453336,146477,1,0,1
8355944,146478,1,1,0
5030168,146479,1,1,0
1038616,146480,1,0,1
2569752,146481,1,1,0
4779824,146482,1,0,1
8172704,146483,1,0,1
2524600,146484,1,0,1
1037304,146485,1,1,0
7122640,146486,1,0,1
658840,146487,1,1,0
958592,146488,1,0,1
414200,146489,1,1,0
1776824,146490,1,1,0
2002688,146491,1,0,1
5063520,146492,1,0,1
5285408,146493,1,1,0
1790528,146494,1,0,1
246136,146495,1,1,0
99312,146496,1,1,0
296608,146497,1,0,1
318656,146498,1,0,1
3652824,146499,1,0,1
681840,146500,1,0,1
4940184,146501,1,1,0
6617632,146502,1,1,0
372432,146503,1,1,0
290976,146504,1,1,0
2506168,146505,1,1,0
5796600,146506,1,0,1
2449832,146507,1,0,1
2414096,146508,1,1,0
3530808,146509,1,1,0
8375184,146510,1,1,0
4091432,146511,1,0,1
3046872,146512,1,0,1
570696,146513,1,0,1
2499464,146514,1,0,1
478136,146515,1,0,1
2234672,146516,1,0,1
6083840,146517,1,0,1
4222192,146518,1,1,0
2639304,146519,1,0,1
476376,146520,1,0,1
746688,146521,1,1,0
146816,146522,1,0,1
2732328,146523,1,1,0
7057856,146524,1,0,1
5910120,146525,1,1,0
597144,146526,1,1,0
2170728,146527,1,0,1
1941520,146528,1,1,0
6301384,146529,1,0,1
636184,146530,1,1,0
8077160,146531,1,1,0
1869824,146532,1,1,0
1490840,146533,1,1,0
632296,146534,1,1,0
765440,146535,1,0,1
1921560,146536,1,1,0
1478632,146537,1,1,0
6896312,146538,1,0,1
3750496,146539,1,0,1
979424,146540,1,0,1
4080152,146541,1,1,0
7015872,146542,1,1,0
1503224,146543,1,0,1
5155544,146544,1,0,1
1540624,146545,1,0,1
979208,146546,1,1,0
2008176,146547,1,0,1
1063472,146548,1,0,1
149704,146549,1,0,1
6533184,146550,1,1,0
4379584,146551,1,0,1
3088424,146552,1,1,0
845520,146553,1,1,0
193640,146554,1,1,0
6577160,146555,1,1,0
4046776,146556,1,1,0
987840,146557,1,1,0
1341216,146558,1,1,0
457000,146559,1,1,0
5202912,146560,1,0,1
1187864,146561,1,0,1
2724520,146562,1,0,1
996352,146563,1,1,0
4783776,146564,1,0,1
4078008,146565,1,1,0
622728,146566,1,1,0
1788456,146567,1,0,1
1007368,146568,1,0,1
882496,146569,1,1,0
8123656,146570,1,0,1
6208304,146571,1,1,0
3960744,146572,1,0,1
5532912,146573,1,0,1
756376,146574,1,1,0
8008088,146575,1,0,1
159856,146576,1,0,1
3444440,146577,1,0,1
1720432,146578,1,1,0
764424,146579,1,1,0
4573224,146580,1,0,1
6156936,146581,1,1,0
1159008,146582,1,0,1
4770736,146583,1,1,0
6123152,146584,1,1,0
5183480,146585,1,1,0
953048,146586,1,0,1
2255376,146587,1,0,1
5250752,146588,1,1,0
232992,146589,1,0,1
1900936,146590,1,1,0
6030456,146591,1,0,1
1394632,146592,1,0,1
938056,146593,1,0,1
1960032,146594,1,0,1
384952,146595,1,1,0
2437456,146596,1,1,0
7844456,146597,1,1,0
591128,146598,1,1,0
7560288,146599,1,1,0
8140392,146600,1,1,0
195824,146601,1,0,1
3393064,146602,1,1,0
2510632,146603,1,1,0
1715104,146604,1,1,0
6842952,146605,1,1,0
828952,146606,1,1,0
403528,146607,1,0,1
682816,146608,1,1,0
2842992,146609,1,0,1
1003528,146610,1,0,1
4258352,146611,1,1,0
2775304,146612,1,0,1
5420744,146613,1,0,1
1105944,146614,1,0,1
3236640,146615,1,1,0
2817256,146616,1,0,1
1959672,146617,1,1,0
3927416,146618,1,1,0
789024,146619,1,1,0
502400,146620,1,0,1
1432848,146621,1,0,1
4284120,146622,1,1,0
1056552,146623,1,1,0
6169352,146624,1,1,0
760272,146625,1,1,0
700472,146626,1,0,1
2266600,146627,1,1,0
460328,146628,1,1,0
441784,146629,1,1,0
4874112,146630,1,0,1
3283696,146631,1,0,1
1648384,146632,1,1,0
4180280,146633,1,1,0
1279344,146634,1,0,1
221624,146635,1,0,1
889768,146636,1,1,0
992968,146637,1,0,1
3705944,146638,1,0,1
3503552,146639,1,1,0
407136,146640,1,0,1
6584168,146641,1,1,0
3501536,146642,1,1,0
4188432,146643,1,0,1
3401112,146644,1,0,1
8293360,146645,1,0,1
1061584,146646,1,1,0
692144,146647,1,1,0
750136,146648,1,0,1
575784,146649,1,0,1
3181448,146650,1,1,0
2849480,146651,1,0,1
2032360,146652,1,0,1
5508128,146653,1,0,1
1237560,146654,1,0,1
5580144,146655,1,1,0
5016592,146656,1,1,0
4638648,146657,1,1,0
4151520,146658,1,0,1
3980032,146659,1,0,1
5761104,146660,1,1,0
7322720,146661,1,1,0
3327088,146662,1,1,0
927944,146663,1,0,1
2722592,146664,1,0,1
3935640,146665,1,0,1
1121792,146666,1,0,1
1567640,146667,1,0,1
3626216,146668,1,1,0
1034096,146669,1,1,0
86272,146670,1,0,1
825936,146671,1,1,0
281968,146672,1,1,0
317152,146673,1,1,0
227704,146674,1,1,0
1434512,146675,1,0,1
8249344,146676,1,1,0
640104,146677,1,1,0
1868832,146678,1,1,0
6874592,146679,1,0,1
625424,146680,1,1,0
3304904,146681,1,1,0
5763008,146682,1,0,1
2082432,146683,1,0,1
773352,146684,1,1,0
6522320,146685,1,0,1
7564048,146686,1,1,0
1337568,146687,1,1,0
1110608,146688,1,0,1
7400808,146689,1,1,0
777280,146690,1,0,1
209088,146691,1,0,1
3097344,146692,1,0,1
4414992,146693,1,1,0
7904072,146694,1,0,1
4357104,146695,1,0,1
7515656,146696,1,1,0
1222448,146697,1,0,1
2052232,146698,1,0,1
3039880,146699,1,1,0
839144,146700,1,0,1
661968,146701,1,1,0
2903368,146702,1,0,1
1675752,146703,1,0,1
2764392,146704,1,1,0
189560,146705,1,0,1
3210904,146706,1,0,1
421848,146707,1,1,0
691704,146708,1,0,1
3729304,146709,1,0,1
1586568,146710,1,1,0
3431752,146711,1,0,1
4214728,146712,1,0,1
6395872,146713,1,1,0
440552,146714,1,0,1
1143712,146715,1,0,1
1217880,146716,1,1,0
2738240,146717,1,1,0
2091024,146718,1,1,0
385312,146719,1,0,1
4027264,146720,1,1,0
2445256,146721,1,1,0
416440,146722,1,0,1
4016480,146723,1,1,0
3866464,146724,1,1,0
775296,146725,1,0,1
6562136,146726,1,1,0
159952,146727,1,1,0
4282104,146728,1,1,0
7354720,146729,1,1,0
1741136,146730,1,0,1
1154432,146731,1,1,0
3989248,146732,1,1,0
5441424,146733,1,0,1
597736,146734,1,0,1
650768,146735,1,0,1
1071992,146736,1,0,1
1383624,146737,1,1,0
1610472,146738,1,0,1
3616968,146739,1,1,0
8370392,146740,1,0,1
313664,146741,1,0,1
114888,146742,1,0,1
2522624,146743,1,0,1
530464,146744,1,1,0
292176,146745,1,1,0
784328,146746,1,0,1
3116072,146747,1,0,1
5181800,146748,1,0,1
1263480,146749,1,0,1
1471440,146750,1,0,1
1123296,146751,1,1,0
6468392,146752,1,1,0
7066776,146753,1,1,0
572104,146754,1,0,1
1492728,146755,1,0,1
222296,146756,1,0,1
2037840,146757,1,1,0
2155128,146758,1,1,0
7596440,146759,1,0,1
3855928,146760,1,1,0
637376,146761,1,1,0
1498968,146762,1,1,0
4250608,146763,1,0,1
6775320,146764,1,0,1
555600,146765,1,0,1
1708584,146766,1,0,1
6296312,146767,1,1,0
2082168,146768,1,0,1
433176,146769,1,1,0
5602808,146770,1,0,1
2346728,146771,1,1,0
1120184,146772,1,1,0
1726840,146773,1,0,1
1700504,146774,1,0,1
1240584,146775,1,0,1
817048,146776,1,1,0
5569856,146777,1,0,1
432776,146778,1,1,0
284400,146779,1,0,1
193680,146780,1,1,0
1200656,146781,1,1,0
4085576,146782,1,1,0
3065792,146783,1,1,0
707192,146784,1,1,0
818928,146785,1,0,1
2751424,146786,1,0,1
2327416,146787,1,0,1
2607192,146788,1,1,0
4501000,146789,1,1,0
6298064,146790,1,0,1
1076472,146791,1,1,0
400072,146792,1,1,0
350912,146793,1,0,1
2710352,146794,1,0,1
2529216,146795,1,0,1
3854296,146796,1,0,1
832464,146797,1,0,1
1422352,146798,1,0,1
8204592,146799,1,1,0
1416600,146800,1,0,1
2737728,146801,1,0,1
8015760,146802,1,0,1
1391288,146803,1,0,1
4242360,146804,1,1,0
1293144,146805,1,1,0
3637624,146806,1,1,0
3881040,146807,1,1,0
7804856,146808,1,0,1
3825816,146809,1,1,0
7732760,146810,1,1,0
4695240,146811,1,0,1
2433512,146812,1,0,1
1394824,146813,1,0,1
2341592,146814,1,0,1
1372896,146815,1,0,1
2524960,146816,1,1,0
1008208,146817,1,0,1
2729616,146818,1,0,1
1999528,146819,1,1,0
2737040,146820,1,0,1
3557760,146821,1,0,1
1475200,146822,1,0,1
961264,146823,1,1,0
980632,146824,1,1,0
1459264,146825,1,0,1
835064,146826,1,0,1
4346176,146827,1,0,1
7293520,146828,1,0,1
378176,146829,1,1,0
6660920,146830,1,1,0
1101000,146831,1,0,1
7737368,146832,1,0,1
2301136,146833,1,1,0
2560712,146834,1,0,1
417312,146835,1,0,1
2538160,146836,1,1,0
4220480,146837,1,1,0
1233584,146838,1,1,0
2421336,146839,1,1,0
868608,146840,1,0,1
4011088,146841,1,1,0
3614744,146842,1,0,1
1086672,146843,1,1,0
4343560,146844,1,1,0
1899616,146845,1,0,1
2476992,146846,1,1,0
2290784,146847,1,1,0
6425232,146848,1,0,1
3095976,146849,1,1,0
7322400,146850,1,0,1
6489560,146851,1,0,1
1821768,146852,1,0,1
3600632,146853,1,1,0
5117384,146854,1,0,1
2714728,146855,1,1,0
8178144,146856,1,1,0
3419184,146857,1,1,0
955472,146858,1,1,0
5982784,146859,1,1,0
254232,146860,1,0,1
986416,146861,1,1,0
5769824,146862,1,0,1
3561744,146863,1,1,0
504288,146864,1,1,0
6875952,146865,1,0,1
5701640,146866,1,0,1
473976,146867,1,0,1
2030648,146868,1,1,0
859096,146869,1,1,0
258736,146870,1,0,1
1006928,146871,1,1,0
6264336,146872,1,1,0
401824,146873,1,0,1
2463888,146874,1,0,1
2347440,146875,1,0,1
131168,146876,1,1,0
1184856,146877,1,0,1
1350432,146878,1,0,1
2402728,146879,1,1,0
7196000,146880,1,0,1
932616,146881,1,1,0
4683080,146882,1,0,1
3029408,146883,1,0,1
2201656,146884,1,0,1
2691368,146885,1,1,0
8156144,146886,1,1,0
7075608,146887,1,0,1
2351320,146888,1,1,0
706744,146889,1,0,1
1264760,146890,1,0,1
931592,146891,1,0,1
5054792,146892,1,1,0
1186816,146893,1,0,1
67832,146894,1,1,0
2499472,146895,1,0,1
428968,146896,1,0,1
1510008,146897,1,0,1
3236896,146898,1,1,0
3631872,146899,1,0,1
998104,146900,1,1,0
3215176,146901,1,0,1
5805984,146902,1,0,1
1169336,146903,1,1,0
2015968,146904,1,1,0
2043920,146905,1,0,1
5775136,146906,1,0,1
2722392,146907,1,0,1
869648,146908,1,1,0
1002664,146909,1,1,0
8364024,146910,1,0,1
3157856,146911,1,1,0
1051352,146912,1,0,1
1205368,146913,1,1,0
1131704,146914,1,0,1
1514264,146915,1,0,1
7171944,146916,1,0,1
892760,146917,1,0,1
3664912,146918,1,0,1
1164136,146919,1,1,0
1280016,146920,1,1,0
8208176,146921,1,0,1
2630424,146922,1,0,1
765952,146923,1,1,0
6123728,146924,1,0,1
2181376,146925,1,0,1
4449240,146926,1,0,1
4612464,146927,1,1,0
1720624,146928,1,1,0
7567024,146929,1,0,1
939536,146930,1,0,1
1829848,146931,1,0,1
4219560,146932,1,1,0
2006744,146933,1,1,0
526896,146934,1,0,1
1082200,146935,1,1,0
1769360,146936,1,1,0
1412448,146937,1,0,1
6983328,146938,1,1,0
2959128,146939,1,1,0
6560176,146940,1,1,0
3285040,146941,1,1,0
236464,146942,1,1,0
1237264,146943,1,0,1
3280136,146944,1,1,0
5299864,146945,1,0,1
176576,146946,1,0,1
4575152,146947,1,0,1
902848,146948,1,0,1
155384,146949,1,1,0
3760720,146950,1,0,1
1625384,146951,1,1,0
325984,146952,1,0,1
421544,146953,1,0,1
7324072,146954,1,0,1
3515960,146955,1,0,1
618120,146956,1,1,0
3384200,146957,1,0,1
737720,146958,1,0,1
2960560,146959,1,1,0
390152,146960,1,0,1
619864,146961,1,1,0
1697896,146962,1,1,0
2221064,146963,1,0,1
1061472,146964,1,1,0
923624,146965,1,1,0
512464,146966,1,0,1
5571184,146967,1,0,1
185808,146968,1,0,1
216920,146969,1,1,0
8072464,146970,1,0,1
3943968,146971,1,1,0
4863024,146972,1,1,0
4214664,146973,1,1,0
7785520,146974,1,1,0
4820936,146975,1,1,0
4803672,146976,1,1,0
7699112,146977,1,1,0
1220120,146978,1,0,1
3213056,146979,1,1,0
7860552,146980,1,1,0
3291192,146981,1,0,1
3320144,146982,1,0,1
2638960,146983,1,1,0
8185928,146984,1,1,0
1042528,146985,1,0,1
5824536,146986,1,1,0
5615040,146987,1,0,1
3685832,146988,1,0,1
827584,146989,1,0,1
1875688,146990,1,0,1
345792,146991,1,1,0
777840,146992,1,1,0
940648,146993,1,1,0
508416,146994,1,0,1
7892768,146995,1,1,0
186688,146996,1,1,0
1119152,146997,1,1,0
241320,146998,1,1,0
1783456,146999,1,0,1
1260536,147000,1,1,0
1885120,147001,1,1,0
5685080,147002,1,0,1
6216320,147003,1,1,0
7916640,147004,1,1,0
1886968,147005,1,0,1
5319800,147006,1,0,1
1824576,147007,1,1,0
5192320,147008,1,1,0
2114848,147009,1,1,0
476392,147010,1,0,1
251184,147011,1,0,1
1221200,147012,1,0,1
2005448,147013,1,0,1
1973512,147014,1,1,0
4281744,147015,1,1,0
1099112,147016,1,1,0
3977704,147017,1,1,0
866680,147018,1,1,0
2438528,147019,1,0,1
5552000,147020,1,0,1
1579176,147021,1,1,0
4618144,147022,1,1,0
6213408,147023,1,0,1
2974664,147024,1,1,0
6447048,147025,1,0,1
3965592,147026,1,1,0
1350624,147027,1,1,0
380120,147028,1,0,1
830496,147029,1,1,0
6876544,147030,1,0,1
2648360,147031,1,0,1
441952,147032,1,0,1
8235800,147033,1,0,1
1272632,147034,1,0,1
2110400,147035,1,0,1
4227432,147036,1,1,0
1598192,147037,1,1,0
1048696,147038,1,1,0
5605520,147039,1,0,1
8005088,147040,1,0,1
808864,147041,1,0,1
5546632,147042,1,0,1
5025824,147043,1,1,0
3868024,147044,1,1,0
712984,147045,1,0,1
4483152,147046,1,0,1
499568,147047,1,0,1
4196264,147048,1,1,0
8054040,147049,1,0,1
2763784,147050,1,1,0
733728,147051,1,0,1
7045072,147052,1,0,1
348328,147053,1,1,0
1391472,147054,1,1,0
1699448,147055,1,0,1
2357816,147056,1,1,0
7169240,147057,1,1,0
397832,147058,1,0,1
5646408,147059,1,1,0
2871368,147060,1,0,1
7178936,147061,1,0,1
3263960,147062,1,0,1
412808,147063,1,0,1
1163096,147064,1,0,1
619288,147065,1,0,1
1503544,147066,1,0,1
1812184,147067,1,0,1
1031736,147068,1,1,0
351248,147069,1,0,1
2240488,147070,1,1,0
1857512,147071,1,1,0
1761088,147072,1,0,1
531840,147073,1,1,0
1745720,147074,1,0,1
379840,147075,1,1,0
7775240,147076,1,1,0
628920,147077,1,1,0
444808,147078,1,1,0
1806920,147079,1,1,0
1703496,147080,1,1,0
6238184,147081,1,1,0
2226704,147082,1,1,0
4194232,147083,1,0,1
7178072,147084,1,0,1
919264,147085,1,0,1
6145648,147086,1,0,1
1493408,147087,1,0,1
2124776,147088,1,0,1
223616,147089,1,1,0
3723000,147090,1,0,1
3915432,147091,1,1,0
3267600,147092,1,1,0
6853688,147093,1,0,1
449152,147094,1,1,0
5631424,147095,1,0,1
335632,147096,1,1,0
4387576,147097,1,1,0
6074672,147098,1,0,1
2957056,147099,1,0,1
5539704,147100,1,0,1
4060528,147101,1,0,1
1154712,147102,1,1,0
4319928,147103,1,1,0
5014248,147104,1,0,1
499912,147105,1,1,0
4379304,147106,1,0,1
3007528,147107,1,0,1
7919344,147108,1,0,1
4862440,147109,1,0,1
1293632,147110,1,1,0
3056784,147111,1,0,1
176816,147112,1,1,0
266248,147113,1,0,1
5176144,147114,1,1,0
1899816,147115,1,1,0
83056,147116,1,1,0
1398504,147117,1,0,1
1697432,147118,1,0,1
1029064,147119,1,0,1
6108264,147120,1,1,0
3563800,147121,1,0,1
139056,147122,1,1,0
6586880,147123,1,1,0
7058632,147124,1,1,0
8320904,147125,1,0,1
867456,147126,1,0,1
1703656,147127,1,1,0
3049224,147128,1,0,1
3007112,147129,1,0,1
393848,147130,1,0,1
1999008,147131,1,1,0
5589392,147132,1,1,0
1415632,147133,1,0,1
5452992,147134,1,0,1
6732728,147135,1,1,0
296952,147136,1,0,1
1214896,147137,1,0,1
4918976,147138,1,1,0
65592,147139,1,1,0
3663144,147140,1,0,1
4945096,147141,1,1,0
3231128,147142,1,1,0
5511232,147143,1,0,1
2217848,147144,1,1,0
1114080,147145,1,1,0
369928,147146,1,1,0
2366584,147147,1,1,0
5409496,147148,1,0,1
688032,147149,1,0,1
4731160,147150,1,0,1
2508392,147151,1,1,0
6585992,147152,1,1,0
1150456,147153,1,1,0
7964072,147154,1,0,1
6680928,147155,1,0,1
3358360,147156,1,1,0
2802744,147157,1,0,1
7198392,147158,1,0,1
6498384,147159,1,0,1
5322864,147160,1,0,1
5540528,147161,1,0,1
5109592,147162,1,1,0
3953184,147163,1,1,0
244520,147164,1,0,1
4798608,147165,1,1,0
7704488,147166,1,1,0
618840,147167,1,1,0
514712,147168,1,1,0
1205080,147169,1,0,1
344800,147170,1,1,0
418408,147171,1,1,0
621296,147172,1,0,1
7343960,147173,1,1,0
570736,147174,1,0,1
7877240,147175,1,0,1
5351640,147176,1,0,1
370392,147177,1,1,0
6346712,147178,1,1,0
4345056,147179,1,0,1
391448,147180,1,1,0
450696,147181,1,0,1
4590240,147182,1,1,0
388352,147183,1,0,1
3671336,147184,1,1,0
874496,147185,1,1,0
3569776,147186,1,1,0
831128,147187,1,0,1
2149536,147188,1,0,1
3464872,147189,1,1,0
331512,147190,1,0,1
4205520,147191,1,0,1
490696,147192,1,1,0
5138952,147193,1,1,0
933392,147194,1,0,1
3202216,147195,1,0,1
7104760,147196,1,1,0
1300928,147197,1,0,1
2221624,147198,1,1,0
4077000,147199,1,1,0
4715768,147200,1,0,1
4019792,147201,1,0,1
3107552,147202,1,0,1
7702064,147203,1,0,1
7036144,147204,1,1,0
4024296,147205,1,1,0
1658104,147206,1,1,0
3653752,147207,1,0,1
3037968,147208,1,0,1
228248,147209,1,0,1
3416712,147210,1,0,1
1324120,147211,1,0,1
5099072,147212,1,0,1
7333944,147213,1,0,1
2185072,147214,1,1,0
711048,147215,1,1,0
4805864,147216,1,1,0
1191784,147217,1,0,1
4639640,147218,1,0,1
6637600,147219,1,0,1
3003736,147220,1,0,1
1522784,147221,1,0,1
949048,147222,1,0,1
4384152,147223,1,0,1
1374056,147224,1,1,0
2292072,147225,1,0,1
1185056,147226,1,1,0
2585616,147227,1,0,1
4793696,147228,1,0,1
4748968,147229,1,0,1
1907184,147230,1,0,1
329312,147231,1,0,1
2216384,147232,1,0,1
3862496,147233,1,1,0
6627632,147234,1,0,1
1284496,147235,1,0,1
695328,147236,1,0,1
2728832,147237,1,0,1
5622304,147238,1,0,1
2575320,147239,1,0,1
8141776,147240,1,1,0
415888,147241,1,1,0
1834176,147242,1,0,1
602216,147243,1,0,1
2966112,147244,1,1,0
7843624,147245,1,0,1
936912,147246,1,1,0
995976,147247,1,0,1
7955864,147248,1,1,0
890288,147249,1,0,1
2274272,147250,1,0,1
7412504,147251,1,1,0
2484600,147252,1,1,0
3570736,147253,1,1,0
2001040,147254,1,0,1
459448,147255,1,0,1
1589968,147256,1,1,0
557544,147257,1,0,1
912984,147258,1,1,0
1437664,147259,1,1,0
784472,147260,1,1,0
2283144,147261,1,0,1
908096,147262,1,0,1
7935096,147263,1,1,0
2092464,147264,1,0,1
4515456,147265,1,0,1
592224,147266,1,1,0
515848,147267,1,0,1
969704,147268,1,1,0
4400168,147269,1,0,1
2555568,147270,1,1,0
355520,147271,1,1,0
813840,147272,1,0,1
756152,147273,1,1,0
5744640,147274,1,0,1
961096,147275,1,1,0
2952376,147276,1,0,1
1958672,147277,1,1,0
2129040,147278,1,0,1
6351744,147279,1,0,1
2169448,147280,1,1,0
4376104,147281,1,1,0
4869680,147282,1,0,1
7563712,147283,1,1,0
984224,147284,1,1,0
474528,147285,1,0,1
1279632,147286,1,0,1
990216,147287,1,1,0
1205256,147288,1,0,1
2225792,147289,1,1,0
1136472,147290,1,0,1
273936,147291,1,0,1
1088928,147292,1,1,0
6415480,147293,1,1,0
3550952,147294,1,0,1
5948592,147295,1,0,1
6480440,147296,1,0,1
7630584,147297,1,1,0
1455720,147298,1,0,1
2030840,147299,1,1,0
7752536,147300,1,1,0
4105264,147301,1,0,1
6897360,147302,1,1,0
1092744,147303,1,1,0
1026856,147304,1,1,0
3848488,147305,1,1,0
4558800,147306,1,1,0
8014832,147307,1,1,0
1003832,147308,1,1,0
6706048,147309,1,0,1
6704520,147310,1,0,1
1215960,147311,1,1,0
7409768,147312,1,1,0
6047760,147313,1,0,1
3356000,147314,1,1,0
5363576,147315,1,1,0
6495416,147316,1,0,1
785824,147317,1,0,1
7478368,147318,1,0,1
1136672,147319,1,0,1
3415040,147320,1,1,0
7228960,147321,1,1,0
4734944,147322,1,0,1
8168584,147323,1,1,0
7241240,147324,1,1,0
1342984,147325,1,1,0
203424,147326,1,1,0
1802200,147327,1,0,1
6051472,147328,1,1,0
3949008,147329,1,0,1
6644752,147330,1,0,1
569688,147331,1,0,1
1825272,147332,1,1,0
4393728,147333,1,1,0
3244536,147334,1,1,0
916472,147335,1,0,1
1151272,147336,1,0,1
4686104,147337,1,0,1
2288552,147338,1,0,1
817184,147339,1,0,1
3724264,147340,1,0,1
3683536,147341,1,1,0
370928,147342,1,0,1
7805440,147343,1,1,0
7664216,147344,1,0,1
1887664,147345,1,0,1
4602776,147346,1,0,1
3378992,147347,1,0,1
1600536,147348,1,1,0
7777224,147349,1,1,0
346496,147350,1,1,0
2605064,147351,1,0,1
574904,147352,1,1,0
2735936,147353,1,1,0
799216,147354,1,0,1
3054672,147355,1,0,1
1861472,147356,1,1,0
706480,147357,1,1,0
1917064,147358,1,0,1
274416,147359,1,0,1
1396576,147360,1,0,1
2989456,147361,1,0,1
1188880,147362,1,0,1
3197592,147363,1,1,0
559008,147364,1,0,1
2956880,147365,1,1,0
7386016,147366,1,0,1
5734520,147367,1,0,1
1603016,147368,1,1,0
2560776,147369,1,1,0
1289040,147370,1,0,1
206784,147371,1,1,0
6670472,147372,1,1,0
769112,147373,1,1,0
769928,147374,1,1,0
2068168,147375,1,1,0
8029440,147376,1,0,1
1230296,147377,1,0,1
2853136,147378,1,1,0
7582064,147379,1,0,1
576368,147380,1,1,0
7477144,147381,1,1,0
5179416,147382,1,0,1
425888,147383,1,1,0
1300048,147384,1,0,1
634728,147385,1,1,0
2326704,147386,1,1,0
2527472,147387,1,0,1
3009904,147388,1,0,1
1238904,147389,1,1,0
474944,147390,1,0,1
1573024,147391,1,1,0
1027520,147392,1,0,1
5508728,147393,1,1,0
929552,147394,1,0,1
7526864,147395,1,0,1
433152,147396,1,1,0
598000,147397,1,1,0
334560,147398,1,1,0
565592,147399,1,1,0
2901184,147400,1,0,1
1258224,147401,1,1,0
3952776,147402,1,1,0
726808,147403,1,0,1
4450552,147404,1,0,1
3692256,147405,1,1,0
3897976,147406,1,0,1
1042448,147407,1,1,0
7718536,147408,1,1,0
1114576,147409,1,1,0
5684968,147410,1,1,0
509312,147411,1,0,1
976040,147412,1,0,1
2922048,147413,1,1,0
3102064,147414,1,1,0
519056,147415,1,0,1
3758336,147416,1,1,0
5432344,147417,1,0,1
823008,147418,1,0,1
5348320,147419,1,1,0
4701696,147420,1,0,1
4176696,147421,1,1,0
5262240,147422,1,0,1
7526760,147423,1,1,0
1046688,147424,1,1,0
2643328,147425,1,1,0
5544872,147426,1,1,0
1883632,147427,1,0,1
565784,147428,1,1,0
4465792,147429,1,1,0
720776,147430,1,0,1
2184216,147431,1,0,1
1205176,147432,1,0,1
757352,147433,1,1,0
5661080,147434,1,1,0
892576,147435,1,0,1
1309096,147436,1,1,0
5600416,147437,1,1,0
8359488,147438,1,0,1
989600,147439,1,1,0
3531176,147440,1,0,1
2129512,147441,1,0,1
4562160,147442,1,0,1
6030336,147443,1,1,0
3633464,147444,1,0,1
882736,147445,1,1,0
3239840,147446,1,0,1
7483808,147447,1,1,0
2766288,147448,1,0,1
4112032,147449,1,1,0
160368,147450,1,1,0
1317592,147451,1,1,0
5361032,147452,1,1,0
1598824,147453,1,1,0
1055536,147454,1,0,1
4316416,147455,1,0,1
1071736,147456,1,1,0
2405272,147457,1,1,0
1112136,147458,1,0,1
1130856,147459,1,0,1
666984,147460,1,1,0
7050872,147461,1,0,1
2550712,147462,1,0,1
1191024,147463,1,1,0
5929920,147464,1,0,1
3698264,147465,1,1,0
6712432,147466,1,1,0
357352,147467,1,0,1
1892304,147468,1,1,0
1698768,147469,1,0,1
334816,147470,1,0,1
4511024,147471,1,0,1
4331720,147472,1,0,1
3334464,147473,1,0,1
7289104,147474,1,1,0
667152,147475,1,1,0
5054808,147476,1,0,1
2779024,147477,1,1,0
2858800,147478,1,1,0
1312704,147479,1,0,1
4817984,147480,1,0,1
1197576,147481,1,0,1
2059296,147482,1,1,0
702376,147483,1,0,1
3216760,147484,1,0,1
1029784,147485,1,1,0
1910160,147486,1,1,0
3140112,147487,1,0,1
5934592,147488,1,0,1
589144,147489,1,0,1
6082856,147490,1,0,1
933512,147491,1,1,0
899040,147492,1,1,0
3989312,147493,1,1,0
1422304,147494,1,1,0
5880528,147495,1,0,1
2885408,147496,1,1,0
7317040,147497,1,0,1
3221936,147498,1,0,1
864976,147499,1,0,1
3133472,147500,1,1,0
632888,147501,1,0,1
866128,147502,1,0,1
780088,147503,1,0,1
5685936,147504,1,1,0
1609080,147505,1,1,0
1055352,147506,1,0,1
2058712,147507,1,1,0
485240,147508,1,0,1
7154744,147509,1,1,0
2009456,147510,1,1,0
5168968,147511,1,0,1
2184496,147512,1,1,0
7204304,147513,1,0,1
6093832,147514,1,0,1
2963560,147515,1,1,0
516408,147516,1,0,1
6163584,147517,1,0,1
671808,147518,1,1,0
6247744,147519,1,0,1
6655800,147520,1,1,0
1843552,147521,1,0,1
363424,147522,1,0,1
6351848,147523,1,0,1
7183152,147524,1,1,0
866448,147525,1,0,1
755304,147526,1,0,1
1360456,147527,1,1,0
1067888,147528,1,1,0
1845104,147529,1,1,0
1979192,147530,1,0,1
1654192,147531,1,1,0
2841272,147532,1,0,1
854000,147533,1,0,1
2346464,147534,1,0,1
1249576,147535,1,0,1
6623400,147536,1,0,1
319008,147537,1,1,0
7180504,147538,1,0,1
726080,147539,1,1,0
5521792,147540,1,1,0
5574584,147541,1,0,1
4252168,147542,1,0,1
4470720,147543,1,1,0
4124712,147544,1,1,0
713936,147545,1,1,0
1508152,147546,1,0,1
128320,147547,1,1,0
741016,147548,1,1,0
902952,147549,1,0,1
5240608,147550,1,0,1
3563600,147551,1,0,1
2262328,147552,1,1,0
5597376,147553,1,0,1
2600928,147554,1,1,0
7843448,147555,1,1,0
7755816,147556,1,1,0
3686400,147557,1,0,1
5667536,147558,1,0,1
234368,147559,1,1,0
1664120,147560,1,1,0
4557896,147561,1,0,1
877312,147562,1,0,1
6505976,147563,1,0,1
624504,147564,1,1,0
128416,147565,1,1,0
1279416,147566,1,1,0
6664680,147567,1,0,1
5332896,147568,1,0,1
1329344,147569,1,1,0
5183952,147570,1,1,0
4436944,147571,1,1,0
561056,147572,1,1,0
786568,147573,1,0,1
3198248,147574,1,1,0
737296,147575,1,0,1
2128464,147576,1,1,0
6831648,147577,1,1,0
459832,147578,1,0,1
591720,147579,1,0,1
3965080,147580,1,1,0
5897168,147581,1,0,1
4351440,147582,1,1,0
5643888,147583,1,0,1
262984,147584,1,1,0
143952,147585,1,1,0
2614768,147586,1,1,0
1288736,147587,1,0,1
5191960,147588,1,0,1
879016,147589,1,1,0
5612376,147590,1,1,0
1684608,147591,1,0,1
3007872,147592,1,0,1
1933288,147593,1,0,1
689496,147594,1,1,0
5660664,147595,1,0,1
6251896,147596,1,1,0
3338088,147597,1,0,1
7170552,147598,1,1,0
101424,147599,1,1,0
1527520,147600,1,0,1
1090992,147601,1,1,0
2267416,147602,1,0,1
6982568,147603,1,1,0
400696,147604,1,0,1
1712328,147605,1,1,0
332856,147606,1,0,1
2102056,147607,1,0,1
1987064,147608,1,1,0
3851208,147609,1,0,1
2351728,147610,1,1,0
2020192,147611,1,1,0
1752480,147612,1,0,1
5796120,147613,1,0,1
1547520,147614,1,1,0
1469840,147615,1,0,1
6313024,147616,1,1,0
7501984,147617,1,1,0
2028352,147618,1,0,1
3986152,147619,1,1,0
4235520,147620,1,0,1
7979456,147621,1,0,1
4618656,147622,1,0,1
3110696,147623,1,0,1
918144,147624,1,0,1
853552,147625,1,1,0
3164456,147626,1,0,1
1926656,147627,1,0,1
1738184,147628,1,1,0
7301408,147629,1,1,0
1048976,147630,1,1,0
4933448,147631,1,0,1
2537680,147632,1,1,0
3212328,147633,1,1,0
2982760,147634,1,1,0
5664416,147635,1,0,1
7942760,147636,1,1,0
7930128,147637,1,1,0
1002856,147638,1,0,1
3876216,147639,1,1,0
1687896,147640,1,1,0
2959376,147641,1,0,1
427848,147642,1,0,1
1334592,147643,1,1,0
2484136,147644,1,0,1
586568,147645,1,0,1
7364712,147646,1,0,1
3374232,147647,1,0,1
492176,147648,1,1,0
8184656,147649,1,1,0
1439112,147650,1,1,0
3103736,147651,1,1,0
2578656,147652,1,1,0
3837904,147653,1,1,0
1439976,147654,1,0,1
3372752,147655,1,1,0
6526176,147656,1,1,0
2034856,147657,1,1,0
3336456,147658,1,1,0
3631984,147659,1,0,1
2289104,147660,1,1,0
5040112,147661,1,0,1
1182824,147662,1,1,0
4322864,147663,1,1,0
2515944,147664,1,0,1
672432,147665,1,1,0
4819280,147666,1,0,1
2576872,147667,1,0,1
5719568,147668,1,1,0
3270528,147669,1,1,0
6922904,147670,1,0,1
2685544,147671,1,1,0
5772552,147672,1,1,0
4787528,147673,1,1,0
2293912,147674,1,1,0
1453272,147675,1,0,1
1270720,147676,1,1,0
3017512,147677,1,0,1
552616,147678,1,0,1
7296832,147679,1,1,0
491360,147680,1,0,1
3766712,147681,1,0,1
1119144,147682,1,1,0
966856,147683,1,0,1
5655576,147684,1,1,0
7600408,147685,1,1,0
357120,147686,1,1,0
3393664,147687,1,0,1
8192096,147688,1,1,0
6096392,147689,1,0,1
260784,147690,1,0,1
742368,147691,1,1,0
2910968,147692,1,1,0
1301176,147693,1,1,0
1882584,147694,1,1,0
8019616,147695,1,1,0
651152,147696,1,0,1
1184936,147697,1,0,1
2954936,147698,1,1,0
321168,147699,1,0,1
676352,147700,1,1,0
1261360,147701,1,1,0
8151184,147702,1,0,1
697096,147703,1,1,0
581288,147704,1,0,1
348872,147705,1,0,1
267504,147706,1,1,0
353056,147707,1,0,1
4826248,147708,1,0,1
2229048,147709,1,0,1
329056,147710,1,0,1
2135536,147711,1,0,1
3562192,147712,1,0,1
1939976,147713,1,1,0
344120,147714,1,0,1
3103360,147715,1,1,0
476728,147716,1,1,0
3653896,147717,1,0,1
273680,147718,1,0,1
4933496,147719,1,1,0
734904,147720,1,0,1
736448,147721,1,0,1
3569528,147722,1,1,0
801208,147723,1,1,0
768280,147724,1,0,1
507824,147725,1,1,0
956864,147726,1,1,0
573608,147727,1,0,1
723272,147728,1,0,1
7503560,147729,1,1,0
1175000,147730,1,1,0
1373960,147731,1,1,0
4851288,147732,1,0,1
5826216,147733,1,0,1
4835088,147734,1,1,0
423512,147735,1,1,0
276624,147736,1,1,0
6297304,147737,1,0,1
541592,147738,1,0,1
3438352,147739,1,0,1
983128,147740,1,1,0
1866800,147741,1,0,1
5171080,147742,1,0,1
1233064,147743,1,0,1
371440,147744,1,0,1
1493824,147745,1,0,1
7941752,147746,1,1,0
4574456,147747,1,0,1
4647888,147748,1,0,1
975656,147749,1,0,1
597184,147750,1,1,0
1335872,147751,1,1,0
1499992,147752,1,1,0
1944840,147753,1,1,0
7305768,147754,1,0,1
347712,147755,1,1,0
648480,147756,1,1,0
2157304,147757,1,0,1
6549216,147758,1,0,1
655744,147759,1,1,0
434088,147760,1,0,1
1832048,147761,1,0,1
2693880,147762,1,0,1
3611888,147763,1,0,1
495232,147764,1,1,0
1943632,147765,1,0,1
3728816,147766,1,1,0
293432,147767,1,0,1
3547728,147768,1,1,0
793696,147769,1,0,1
1139504,147770,1,1,0
5184864,147771,1,0,1
1256720,147772,1,1,0
2800832,147773,1,0,1
3614456,147774,1,0,1
6869448,147775,1,1,0
3006296,147776,1,1,0
3487464,147777,1,0,1
294112,147778,1,0,1
1318592,147779,1,1,0
3780520,147780,1,0,1
8257560,147781,1,0,1
2612456,147782,1,0,1
745888,147783,1,1,0
605208,147784,1,1,0
1123368,147785,1,0,1
7518232,147786,1,1,0
4135568,147787,1,0,1
6780608,147788,1,0,1
1494656,147789,1,0,1
337696,147790,1,1,0
4956856,147791,1,1,0
1948752,147792,1,1,0
5605496,147793,1,1,0
715528,147794,1,0,1
4053032,147795,1,0,1
2400640,147796,1,1,0
1782496,147797,1,1,0
2240312,147798,1,0,1
4882104,147799,1,1,0
1121192,147800,1,1,0
3798392,147801,1,0,1
2137096,147802,1,0,1
4257184,147803,1,0,1
2061448,147804,1,0,1
4646400,147805,1,0,1
1591112,147806,1,0,1
1068984,147807,1,0,1
3835696,147808,1,1,0
2626568,147809,1,1,0
701736,147810,1,1,0
1332592,147811,1,0,1
529768,147812,1,0,1
1830928,147813,1,1,0
8209608,147814,1,0,1
7635856,147815,1,1,0
3844456,147816,1,0,1
1427112,147817,1,0,1
4495624,147818,1,1,0
6702592,147819,1,0,1
1060592,147820,1,1,0
1139720,147821,1,1,0
247752,147822,1,0,1
1793240,147823,1,1,0
2909312,147824,1,1,0
1210176,147825,1,1,0
2227672,147826,1,1,0
637408,147827,1,0,1
1531960,147828,1,0,1
1783664,147829,1,0,1
2465976,147830,1,1,0
713560,147831,1,1,0
6018656,147832,1,0,1
747600,147833,1,1,0
6425632,147834,1,1,0
1805008,147835,1,1,0
1049968,147836,1,1,0
3497728,147837,1,0,1
2581760,147838,1,0,1
2597928,147839,1,0,1
3188688,147840,1,1,0
3180576,147841,1,0,1
4743432,147842,1,0,1
250096,147843,1,1,0
6915760,147844,1,1,0
2829680,147845,1,0,1
1600728,147846,1,0,1
5332968,147847,1,1,0
6002672,147848,1,0,1
2586848,147849,1,1,0
2278768,147850,1,1,0
8021992,147851,1,1,0
738320,147852,1,1,0
312624,147853,1,1,0
1951656,147854,1,1,0
551248,147855,1,0,1
4000040,147856,1,1,0
2300304,147857,1,1,0
1679184,147858,1,0,1
430632,147859,1,0,1
1149776,147860,1,0,1
2891704,147861,1,1,0
5692728,147862,1,0,1
8274320,147863,1,0,1
592264,147864,1,1,0
1032104,147865,1,0,1
2769448,147866,1,1,0
682512,147867,1,1,0
1691368,147868,1,0,1
5554736,147869,1,1,0
6546816,147870,1,1,0
5022368,147871,1,1,0
6431752,147872,1,0,1
2249552,147873,1,1,0
770632,147874,1,0,1
442256,147875,1,0,1
6405272,147876,1,0,1
347992,147877,1,1,0
599632,147878,1,1,0
4587896,147879,1,0,1
3606288,147880,1,0,1
4122584,147881,1,1,0
332472,147882,1,1,0
937624,147883,1,0,1
871240,147884,1,1,0
1644080,147885,1,0,1
6505504,147886,1,1,0
1111840,147887,1,0,1
1789672,147888,1,1,0
1286536,147889,1,0,1
801816,147890,1,1,0
954176,147891,1,0,1
190776,147892,1,0,1
838880,147893,1,0,1
823336,147894,1,0,1
930960,147895,1,0,1
639200,147896,1,1,0
5543088,147897,1,1,0
1346640,147898,1,0,1
1100152,147899,1,0,1
7707656,147900,1,0,1
6601912,147901,1,0,1
1370360,147902,1,1,0
1796912,147903,1,1,0
4559016,147904,1,0,1
2031120,147905,1,1,0
6309368,147906,1,1,0
3296480,147907,1,0,1
1449392,147908,1,0,1
5361200,147909,1,1,0
2718504,147910,1,0,1
2142080,147911,1,1,0
1546816,147912,1,0,1
2750888,147913,1,0,1
6566400,147914,1,0,1
6469824,147915,1,0,1
521848,147916,1,1,0
1876368,147917,1,0,1
5611704,147918,1,0,1
5419704,147919,1,0,1
3380736,147920,1,1,0
5578640,147921,1,1,0
4528280,147922,1,1,0
4262408,147923,1,1,0
446392,147924,1,1,0
7643488,147925,1,1,0
3962208,147926,1,0,1
608616,147927,1,1,0
3502528,147928,1,0,1
4320584,147929,1,1,0
7255384,147930,1,1,0
3362008,147931,1,0,1
5027760,147932,1,0,1
6219552,147933,1,0,1
5309728,147934,1,1,0
744352,147935,1,1,0
5464480,147936,1,0,1
2187056,147937,1,0,1
1128376,147938,1,0,1
568528,147939,1,1,0
721312,147940,1,1,0
3967464,147941,1,1,0
670968,147942,1,1,0
757928,147943,1,1,0
163480,147944,1,1,0
6274776,147945,1,1,0
8155568,147946,1,1,0
1238808,147947,1,0,1
349976,147948,1,1,0
1170280,147949,1,1,0
4635688,147950,1,1,0
175128,147951,1,0,1
3294664,147952,1,1,0
2572152,147953,1,1,0
2081680,147954,1,1,0
3347352,147955,1,0,1
7045304,147956,1,0,1
449832,147957,1,1,0
525120,147958,1,1,0
3960192,147959,1,0,1
6099128,147960,1,1,0
552280,147961,1,0,1
1444000,147962,1,1,0
5684240,147963,1,1,0
4025928,147964,1,1,0
7353928,147965,1,0,1
4222016,147966,1,0,1
3663272,147967,1,0,1
5048624,147968,1,0,1
2100224,147969,1,0,1
2237992,147970,1,0,1
4425928,147971,1,1,0
6343840,147972,1,0,1
323056,147973,1,0,1
4500944,147974,1,0,1
1975616,147975,1,1,0
6192008,147976,1,1,0
5356720,147977,1,1,0
335992,147978,1,0,1
1857968,147979,1,1,0
4996016,147980,1,0,1
746760,147981,1,1,0
4134072,147982,1,0,1
785720,147983,1,1,0
8166440,147984,1,0,1
1622320,147985,1,0,1
1160840,147986,1,1,0
424600,147987,1,0,1
3145560,147988,1,1,0
7488216,147989,1,0,1
1379944,147990,1,1,0
6622288,147991,1,1,0
2185840,147992,1,1,0
8006088,147993,1,1,0
401704,147994,1,0,1
841472,147995,1,0,1
912664,147996,1,0,1
895496,147997,1,0,1
2765944,147998,1,1,0
3711088,147999,1,0,1
129584,148000,1,0,1
1653736,148001,1,1,0
2952056,148002,1,1,0
3561992,148003,1,0,1
3199568,148004,1,1,0
1294776,148005,1,0,1
2117456,148006,1,0,1
3953544,148007,1,0,1
7021208,148008,1,0,1
7094384,148009,1,0,1
6436488,148010,1,1,0
732520,148011,1,1,0
2209488,148012,1,0,1
3998984,148013,1,0,1
927200,148014,1,0,1
2143248,148015,1,1,0
5382248,148016,1,1,0
555688,148017,1,0,1
5358592,148018,1,1,0
3106520,148019,1,1,0
382480,148020,1,0,1
4414080,148021,1,0,1
314888,148022,1,0,1
3802352,148023,1,0,1
208208,148024,1,1,0
3723328,148025,1,0,1
4867304,148026,1,1,0
977656,148027,1,0,1
568968,148028,1,1,0
2351552,148029,1,0,1
3231440,148030,1,0,1
853512,148031,1,0,1
2106440,148032,1,0,1
1917680,148033,1,1,0
1109536,148034,1,0,1
1289416,148035,1,1,0
7505456,148036,1,0,1
3988336,148037,1,1,0
3403896,148038,1,1,0
1845416,148039,1,0,1
2000840,148040,1,0,1
4430872,148041,1,1,0
6610120,148042,1,0,1
1344024,148043,1,0,1
3880576,148044,1,1,0
335856,148045,1,0,1
4061392,148046,1,1,0
415064,148047,1,0,1
2166912,148048,1,0,1
5798744,148049,1,1,0
7004568,148050,1,0,1
7084248,148051,1,1,0
580160,148052,1,0,1
2455520,148053,1,1,0
2217288,148054,1,1,0
1209976,148055,1,0,1
6780976,148056,1,1,0
2354400,148057,1,1,0
1086016,148058,1,0,1
3029008,148059,1,0,1
1039936,148060,1,0,1
2667704,148061,1,0,1
74912,148062,1,0,1
3851688,148063,1,0,1
5138832,148064,1,0,1
2295672,148065,1,0,1
1049328,148066,1,0,1
534480,148067,1,0,1
5588080,148068,1,0,1
2634312,148069,1,1,0
5895240,148070,1,0,1
579888,148071,1,1,0
417056,148072,1,1,0
1804928,148073,1,0,1
5945552,148074,1,0,1
1328744,148075,1,1,0
231960,148076,1,0,1
1799768,148077,1,1,0
7369544,148078,1,1,0
4143416,148079,1,0,1
319984,148080,1,1,0
302752,148081,1,1,0
2583144,148082,1,1,0
399536,148083,1,0,1
3874392,148084,1,0,1
3927704,148085,1,1,0
808408,148086,1,1,0
3194792,148087,1,0,1
3268520,148088,1,1,0
503344,148089,1,1,0
5397096,148090,1,0,1
3538408,148091,1,0,1
460616,148092,1,0,1
142968,148093,1,0,1
4475408,148094,1,1,0
2143592,148095,1,1,0
3593928,148096,1,0,1
4697576,148097,1,0,1
4948656,148098,1,0,1
1720848,148099,1,1,0
408160,148100,1,1,0
1686904,148101,1,1,0
2961592,148102,1,1,0
7467936,148103,1,1,0
4241528,148104,1,0,1
3861096,148105,1,0,1
6125768,148106,1,0,1
5133496,148107,1,0,1
465288,148108,1,0,1
665192,148109,1,0,1
3848008,148110,1,0,1
441272,148111,1,0,1
1211432,148112,1,0,1
242288,148113,1,1,0
781640,148114,1,1,0
1780136,148115,1,0,1
2648272,148116,1,0,1
6237280,148117,1,0,1
1811680,148118,1,0,1
2012760,148119,1,1,0
4750040,148120,1,1,0
2002592,148121,1,0,1
5219352,148122,1,1,0
2208288,148123,1,1,0
380608,148124,1,1,0
353832,148125,1,1,0
793168,148126,1,0,1
3244744,148127,1,0,1
858896,148128,1,1,0
4610080,148129,1,1,0
1515704,148130,1,0,1
457728,148131,1,1,0
2415560,148132,1,0,1
1005856,148133,1,0,1
7149848,148134,1,0,1
4137864,148135,1,0,1
5620536,148136,1,1,0
5988496,148137,1,0,1
1057872,148138,1,1,0
2471200,148139,1,1,0
7890016,148140,1,0,1
1012520,148141,1,1,0
913960,148142,1,1,0
624592,148143,1,0,1
847328,148144,1,0,1
2921528,148145,1,1,0
1847112,148146,1,1,0
7502608,148147,1,0,1
5648128,148148,1,1,0
8207792,148149,1,0,1
463640,148150,1,1,0
702512,148151,1,1,0
2192552,148152,1,1,0
2003248,148153,1,0,1
3014048,148154,1,1,0
2821576,148155,1,1,0
1433800,148156,1,1,0
7763560,148157,1,1,0
6336448,148158,1,0,1
4445896,148159,1,1,0
324688,148160,1,0,1
3040088,148161,1,0,1
8139800,148162,1,0,1
5712808,148163,1,1,0
4794544,148164,1,1,0
1820464,148165,1,1,0
5957744,148166,1,0,1
431776,148167,1,1,0
8368544,148168,1,0,1
5468992,148169,1,1,0
1741456,148170,1,0,1
969376,148171,1,1,0
5499592,148172,1,0,1
2236504,148173,1,1,0
184312,148174,1,1,0
305752,148175,1,1,0
1347688,148176,1,1,0
1443720,148177,1,1,0
1971752,148178,1,1,0
7163456,148179,1,1,0
4366192,148180,1,1,0
2611152,148181,1,1,0
529896,148182,1,1,0
5297584,148183,1,1,0
3991024,148184,1,1,0
2996048,148185,1,1,0
4443568,148186,1,0,1
2284824,148187,1,0,1
217232,148188,1,0,1
2241136,148189,1,0,1
2299848,148190,1,1,0
2291384,148191,1,1,0
8094256,148192,1,1,0
4567816,148193,1,1,0
869520,148194,1,0,1
241768,148195,1,1,0
316880,148196,1,1,0
3010032,148197,1,0,1
944752,148198,1,1,0
2528560,148199,1,1,0
1375704,148200,1,0,1
2818816,148201,1,0,1
8271960,148202,1,0,1
1925560,148203,1,1,0
6152248,148204,1,0,1
666176,148205,1,0,1
1227512,148206,1,0,1
1906264,148207,1,1,0
6369600,148208,1,1,0
4963760,148209,1,0,1
4911784,148210,1,1,0
1159824,148211,1,1,0
995360,148212,1,1,0
2310072,148213,1,0,1
3542312,148214,1,0,1
979736,148215,1,1,0
6187440,148216,1,0,1
2386800,148217,1,0,1
4684712,148218,1,0,1
7261640,148219,1,1,0
2138384,148220,1,1,0
2356776,148221,1,0,1
4690480,148222,1,0,1
1742424,148223,1,0,1
6978688,148224,1,0,1
6756968,148225,1,0,1
7027440,148226,1,0,1
499888,148227,1,0,1
2495560,148228,1,1,0
4401216,148229,1,0,1
1146240,148230,1,0,1
918872,148231,1,0,1
284392,148232,1,1,0
431488,148233,1,1,0
1605112,148234,1,0,1
5115024,148235,1,0,1
8147568,148236,1,1,0
1277432,148237,1,1,0
1033848,148238,1,0,1
1163184,148239,1,1,0
4344152,148240,1,0,1
156440,148241,1,0,1
2770312,148242,1,1,0
8232424,148243,1,0,1
1284440,148244,1,1,0
2915688,148245,1,0,1
1038112,148246,1,1,0
7687624,148247,1,0,1
3348952,148248,1,1,0
2418648,148249,1,1,0
2168240,148250,1,0,1
4054688,148251,1,1,0
5761032,148252,1,1,0
363664,148253,1,1,0
3191880,148254,1,1,0
1185832,148255,1,1,0
482808,148256,1,0,1
1030976,148257,1,0,1
358128,148258,1,0,1
1068752,148259,1,1,0
844720,148260,1,0,1
7181576,148261,1,0,1
8129360,148262,1,1,0
1073304,148263,1,0,1
5821512,148264,1,1,0
1084680,148265,1,0,1
4623728,148266,1,1,0
8169296,148267,1,1,0
786200,148268,1,1,0
658568,148269,1,0,1
4949608,148270,1,1,0
6853928,148271,1,0,1
1296128,148272,1,0,1
4604296,148273,1,0,1
4287192,148274,1,0,1
214104,148275,1,1,0
192872,148276,1,0,1
2639360,148277,1,0,1
230048,148278,1,1,0
2638280,148279,1,0,1
8359520,148280,1,0,1
4358152,148281,1,1,0
4345464,148282,1,1,0
1582040,148283,1,0,1
1380192,148284,1,1,0
1555688,148285,1,0,1
375304,148286,1,1,0
1188104,148287,1,1,0
480216,148288,1,0,1
8186368,148289,1,1,0
5901176,148290,1,0,1
1472568,148291,1,1,0
2369264,148292,1,0,1
1343296,148293,1,0,1
2259144,148294,1,0,1
6723464,148295,1,1,0
452992,148296,1,1,0
854480,148297,1,0,1
3104040,148298,1,1,0
1989304,148299,1,1,0
5456600,148300,1,0,1
297520,148301,1,1,0
1035008,148302,1,1,0
4075480,148303,1,1,0
948144,148304,1,1,0
4854424,148305,1,0,1
1063744,148306,1,1,0
1532552,148307,1,1,0
2376040,148308,1,0,1
3526440,148309,1,1,0
6356816,148310,1,0,1
3285096,148311,1,0,1
804192,148312,1,1,0
4587376,148313,1,0,1
6560984,148314,1,1,0
629488,148315,1,0,1
1498632,148316,1,0,1
829664,148317,1,1,0
4041016,148318,1,0,1
6178976,148319,1,0,1
759112,148320,1,0,1
1670520,148321,1,0,1
4199608,148322,1,1,0
6699288,148323,1,1,0
2904312,148324,1,0,1
6778120,148325,1,0,1
3538176,148326,1,1,0
6877144,148327,1,0,1
1530888,148328,1,1,0
6885128,148329,1,1,0
7508784,148330,1,0,1
1674232,148331,1,1,0
69688,148332,1,0,1
1140424,148333,1,1,0
7200136,148334,1,1,0
814760,148335,1,0,1
6297056,148336,1,0,1
1227968,148337,1,0,1
3254832,148338,1,0,1
485728,148339,1,0,1
2148280,148340,1,0,1
8207168,148341,1,0,1
5741048,148342,1,0,1
423528,148343,1,1,0
5306080,148344,1,0,1
1900848,148345,1,1,0
5522192,148346,1,0,1
2384496,148347,1,0,1
2621656,148348,1,0,1
830184,148349,1,1,0
850624,148350,1,0,1
7937944,148351,1,1,0
1210576,148352,1,0,1
3957616,148353,1,1,0
6259480,148354,1,0,1
3275744,148355,1,1,0
4913952,148356,1,0,1
6703336,148357,1,0,1
440336,148358,1,0,1
761088,148359,1,0,1
4609496,148360,1,1,0
751088,148361,1,1,0
4714424,148362,1,1,0
1352808,148363,1,0,1
3607400,148364,1,0,1
5518656,148365,1,0,1
8044208,148366,1,0,1
157888,148367,1,1,0
2158104,148368,1,1,0
3763744,148369,1,1,0
119256,148370,1,0,1
4388544,148371,1,1,0
3312816,148372,1,1,0
463840,148373,1,0,1
457496,148374,1,1,0
358576,148375,1,0,1
1638288,148376,1,1,0
5174040,148377,1,0,1
6794192,148378,1,0,1
5423760,148379,1,0,1
4058752,148380,1,0,1
3532520,148381,1,0,1
183416,148382,1,0,1
583328,148383,1,1,0
3038288,148384,1,1,0
4994368,148385,1,0,1
1927440,148386,1,0,1
2854232,148387,1,0,1
7628376,148388,1,0,1
718320,148389,1,1,0
103720,148390,1,1,0
7107896,148391,1,1,0
339896,148392,1,1,0
758512,148393,1,0,1
1343928,148394,1,1,0
5759152,148395,1,1,0
1514336,148396,1,1,0
8332768,148397,1,1,0
5516024,148398,1,0,1
538600,148399,1,0,1
1190400,148400,1,1,0
818664,148401,1,1,0
996128,148402,1,0,1
3290872,148403,1,1,0
455448,148404,1,0,1
5942808,148405,1,1,0
1669608,148406,1,1,0
661136,148407,1,1,0
6548128,148408,1,1,0
639224,148409,1,1,0
2643624,148410,1,0,1
2624776,148411,1,1,0
7038680,148412,1,0,1
5401536,148413,1,0,1
3175528,148414,1,1,0
1042792,148415,1,0,1
2988600,148416,1,0,1
975496,148417,1,1,0
1195344,148418,1,1,0
1356568,148419,1,1,0
2886248,148420,1,0,1
721216,148421,1,1,0
3676664,148422,1,0,1
6652904,148423,1,1,0
311312,148424,1,0,1
240936,148425,1,0,1
2549200,148426,1,0,1
4489768,148427,1,1,0
4845200,148428,1,1,0
963032,148429,1,1,0
1815840,148430,1,1,0
1293800,148431,1,0,1
3350264,148432,1,1,0
1710560,148433,1,0,1
2187464,148434,1,0,1
4168840,148435,1,0,1
1099152,148436,1,1,0
3394808,148437,1,0,1
2010776,148438,1,0,1
3190488,148439,1,1,0
8319640,148440,1,1,0
863744,148441,1,0,1
235608,148442,1,1,0
1300680,148443,1,1,0
2091440,148444,1,0,1
1915648,148445,1,1,0
293240,148446,1,1,0
1252216,148447,1,0,1
2397776,148448,1,0,1
645280,148449,1,0,1
1691000,148450,1,1,0
564016,148451,1,1,0
6739400,148452,1,0,1
930440,148453,1,1,0
369600,148454,1,0,1
4154312,148455,1,1,0
1673136,148456,1,0,1
6021208,148457,1,1,0
7312832,148458,1,1,0
223704,148459,1,1,0
2363392,148460,1,0,1
1113864,148461,1,0,1
2638200,148462,1,0,1
1250320,148463,1,0,1
1842448,148464,1,1,0
1643048,148465,1,1,0
2160064,148466,1,1,0
3773008,148467,1,1,0
3132112,148468,1,0,1
405304,148469,1,0,1
1975928,148470,1,0,1
4830584,148471,1,0,1
5165168,148472,1,1,0
3911088,148473,1,1,0
6386408,148474,1,0,1
827400,148475,1,0,1
3030408,148476,1,1,0
1803680,148477,1,1,0
421408,148478,1,1,0
4043576,148479,1,0,1
524128,148480,1,0,1
3162664,148481,1,0,1
7687920,148482,1,1,0
8228072,148483,1,1,0
929232,148484,1,1,0
2728888,148485,1,0,1
3605688,148486,1,0,1
2127704,148487,1,1,0
808480,148488,1,0,1
2491192,148489,1,0,1
6360288,148490,1,0,1
3725040,148491,1,1,0
4507520,148492,1,0,1
7758240,148493,1,1,0
489352,148494,1,0,1
5308088,148495,1,1,0
3551768,148496,1,1,0
2570288,148497,1,0,1
1521352,148498,1,1,0
5621512,148499,1,0,1
2242736,148500,1,0,1
4199888,148501,1,0,1
6552224,148502,1,0,1
3645344,148503,1,0,1
3796976,148504,1,0,1
2516456,148505,1,0,1
7688272,148506,1,1,0
273112,148507,1,1,0
305896,148508,1,1,0
6933216,148509,1,1,0
1375200,148510,1,0,1
3887320,148511,1,0,1
928032,148512,1,1,0
745608,148513,1,0,1
1403536,148514,1,0,1
606720,148515,1,1,0
7800760,148516,1,1,0
4839624,148517,1,1,0
1354064,148518,1,0,1
3007712,148519,1,1,0
739544,148520,1,1,0
2630392,148521,1,1,0
1648920,148522,1,0,1
4331480,148523,1,1,0
2309600,148524,1,0,1
2831504,148525,1,1,0
3858144,148526,1,1,0
949184,148527,1,1,0
4514336,148528,1,0,1
3193328,148529,1,1,0
1393144,148530,1,1,0
2085360,148531,1,0,1
691848,148532,1,0,1
2496128,148533,1,1,0
6422128,148534,1,1,0
2872696,148535,1,0,1
1754320,148536,1,0,1
2537448,148537,1,0,1
6978040,148538,1,1,0
1906504,148539,1,1,0
3889024,148540,1,1,0
963736,148541,1,1,0
7156392,148542,1,0,1
4426656,148543,1,0,1
531120,148544,1,1,0
1358328,148545,1,1,0
1139192,148546,1,0,1
663504,148547,1,0,1
485672,148548,1,0,1
2962984,148549,1,1,0
7645648,148550,1,0,1
2094336,148551,1,1,0
7261648,148552,1,1,0
1848712,148553,1,1,0
3367336,148554,1,0,1
831352,148555,1,0,1
5280304,148556,1,0,1
480480,148557,1,0,1
2814368,148558,1,0,1
1202000,148559,1,0,1
5603800,148560,1,1,0
6576552,148561,1,0,1
6833424,148562,1,1,0
888416,148563,1,1,0
1161864,148564,1,0,1
4572192,148565,1,0,1
4288592,148566,1,1,0
937256,148567,1,1,0
546584,148568,1,1,0
570080,148569,1,1,0
254104,148570,1,0,1
1057000,148571,1,0,1
5282032,148572,1,0,1
5126376,148573,1,1,0
6390864,148574,1,0,1
526968,148575,1,0,1
7525008,148576,1,1,0
7576168,148577,1,0,1
1182312,148578,1,0,1
1183464,148579,1,0,1
4831648,148580,1,0,1
5284984,148581,1,1,0
6239232,148582,1,1,0
2358432,148583,1,1,0
3973856,148584,1,0,1
5370616,148585,1,0,1
6115184,148586,1,1,0
281920,148587,1,0,1
2298016,148588,1,0,1
3670224,148589,1,1,0
7586272,148590,1,0,1
340648,148591,1,0,1
3573848,148592,1,1,0
1830248,148593,1,1,0
2551336,148594,1,0,1
322320,148595,1,1,0
2140248,148596,1,1,0
710616,148597,1,0,1
2681256,148598,1,0,1
5461808,148599,1,1,0
3673232,148600,1,1,0
1023216,148601,1,1,0
1887080,148602,1,0,1
2196168,148603,1,1,0
2441680,148604,1,0,1
5546280,148605,1,0,1
221552,148606,1,1,0
733408,148607,1,0,1
1056736,148608,1,1,0
3847008,148609,1,1,0
2064936,148610,1,1,0
4826504,148611,1,1,0
2942656,148612,1,1,0
4235784,148613,1,1,0
679992,148614,1,0,1
1005904,148615,1,0,1
714024,148616,1,0,1
78048,148617,1,1,0
5756312,148618,1,1,0
5801744,148619,1,0,1
3371136,148620,1,1,0
8206360,148621,1,0,1
1650344,148622,1,0,1
7388744,148623,1,0,1
3626456,148624,1,0,1
4005232,148625,1,1,0
1457952,148626,1,1,0
5788312,148627,1,1,0
943912,148628,1,1,0
1543976,148629,1,0,1
6409776,148630,1,1,0
5984064,148631,1,0,1
4715624,148632,1,1,0
2952984,148633,1,0,1
2250608,148634,1,0,1
109144,148635,1,1,0
8364448,148636,1,0,1
5425096,148637,1,1,0
906232,148638,1,0,1
1571920,148639,1,1,0
232832,148640,1,0,1
5680880,148641,1,1,0
2956912,148642,1,0,1
528032,148643,1,0,1
1303136,148644,1,1,0
7982232,148645,1,0,1
1603040,148646,1,0,1
6797160,148647,1,0,1
4275216,148648,1,0,1
468400,148649,1,1,0
2849664,148650,1,0,1
485680,148651,1,0,1
2893048,148652,1,1,0
1394496,148653,1,0,1
957536,148654,1,1,0
3912304,148655,1,0,1
1015008,148656,1,0,1
3075432,148657,1,0,1
2832392,148658,1,0,1
1136872,148659,1,1,0
8362088,148660,1,0,1
1469544,148661,1,0,1
324216,148662,1,0,1
187064,148663,1,0,1
334480,148664,1,1,0
3205984,148665,1,0,1
973024,148666,1,0,1
1947376,148667,1,0,1
6272976,148668,1,1,0
479728,148669,1,0,1
3972688,148670,1,1,0
6375064,148671,1,0,1
7059608,148672,1,1,0
7898808,148673,1,1,0
6971680,148674,1,0,1
2676072,148675,1,1,0
3258952,148676,1,1,0
2647816,148677,1,1,0
5793680,148678,1,1,0
4510040,148679,1,1,0
2691504,148680,1,1,0
3984952,148681,1,1,0
1804144,148682,1,0,1
1585648,148683,1,1,0
1280112,148684,1,1,0
3685464,148685,1,0,1
1510040,148686,1,1,0
1843568,148687,1,1,0
1104136,148688,1,0,1
5618248,148689,1,0,1
1829152,148690,1,0,1
683064,148691,1,0,1
6778080,148692,1,0,1
1059144,148693,1,0,1
3849640,148694,1,0,1
3555712,148695,1,1,0
196400,148696,1,0,1
399048,148697,1,1,0
7021512,148698,1,1,0
197712,148699,1,1,0
2138432,148700,1,0,1
726568,148701,1,1,0
155720,148702,1,1,0
5146176,148703,1,1,0
1704448,148704,1,1,0
1539376,148705,1,1,0
1046360,148706,1,0,1
612384,148707,1,0,1
2867984,148708,1,0,1
7501888,148709,1,1,0
2186152,148710,1,0,1
6343104,148711,1,1,0
4972936,148712,1,1,0
2938072,148713,1,0,1
5114672,148714,1,1,0
2388552,148715,1,0,1
4583704,148716,1,1,0
1947608,148717,1,0,1
572896,148718,1,0,1
7455480,148719,1,0,1
402808,148720,1,1,0
4828320,148721,1,1,0
4833464,148722,1,1,0
4369328,148723,1,0,1
4212680,148724,1,1,0
942488,148725,1,1,0
178392,148726,1,0,1
5845024,148727,1,1,0
5255728,148728,1,1,0
2778344,148729,1,0,1
5481312,148730,1,0,1
5889176,148731,1,0,1
6143024,148732,1,0,1
1605208,148733,1,0,1
305168,148734,1,1,0
1699728,148735,1,0,1
2037776,148736,1,0,1
4205160,148737,1,0,1
90648,148738,1,0,1
2649848,148739,1,0,1
1350112,148740,1,0,1
5675728,148741,1,0,1
2791808,148742,1,0,1
396424,148743,1,0,1
1600928,148744,1,0,1
2274056,148745,1,0,1
1181432,148746,1,0,1
6133744,148747,1,1,0
3219664,148748,1,1,0
622248,148749,1,1,0
6658320,148750,1,1,0
635176,148751,1,0,1
916064,148752,1,0,1
2838192,148753,1,0,1
5914728,148754,1,1,0
761520,148755,1,0,1
768424,148756,1,0,1
584504,148757,1,0,1
557192,148758,1,1,0
2857120,148759,1,1,0
4058808,148760,1,1,0
2801488,148761,1,0,1
937712,148762,1,1,0
520864,148763,1,0,1
1230760,148764,1,0,1
5492944,148765,1,0,1
1878904,148766,1,0,1
529208,148767,1,0,1
1504832,148768,1,1,0
97008,148769,1,1,0
914280,148770,1,0,1
1651128,148771,1,1,0
4979040,148772,1,1,0
707248,148773,1,0,1
4282696,148774,1,0,1
2518744,148775,1,0,1
385864,148776,1,0,1
5424696,148777,1,1,0
252792,148778,1,1,0
260800,148779,1,1,0
804552,148780,1,1,0
7206536,148781,1,1,0
1222864,148782,1,0,1
6109824,148783,1,1,0
662456,148784,1,0,1
5201496,148785,1,1,0
6639360,148786,1,0,1
2951176,148787,1,1,0
902048,148788,1,0,1
1164296,148789,1,0,1
1644176,148790,1,1,0
192184,148791,1,0,1
838512,148792,1,1,0
285000,148793,1,1,0
1283960,148794,1,0,1
3268088,148795,1,1,0
1787568,148796,1,1,0
3495896,148797,1,0,1
1288824,148798,1,0,1
1407232,148799,1,0,1
1255720,148800,1,0,1
1354520,148801,1,0,1
5279592,148802,1,1,0
7024120,148803,1,0,1
5887400,148804,1,1,0
2711464,148805,1,0,1
3210000,148806,1,0,1
2426328,148807,1,1,0
5249680,148808,1,0,1
2388808,148809,1,0,1
6022488,148810,1,0,1
4757568,148811,1,0,1
1325488,148812,1,0,1
1783312,148813,1,0,1
5157128,148814,1,0,1
592616,148815,1,1,0
1099544,148816,1,0,1
4499512,148817,1,0,1
3548032,148818,1,1,0
586576,148819,1,0,1
453408,148820,1,0,1
293632,148821,1,0,1
1721312,148822,1,0,1
4555544,148823,1,0,1
943424,148824,1,0,1
1694928,148825,1,0,1
2075480,148826,1,0,1
2658152,148827,1,1,0
8285016,148828,1,0,1
4689608,148829,1,0,1
3737008,148830,1,0,1
2175464,148831,1,0,1
235320,148832,1,1,0
2796104,148833,1,1,0
7531320,148834,1,1,0
5710200,148835,1,0,1
2215720,148836,1,1,0
5123728,148837,1,1,0
484528,148838,1,0,1
1049640,148839,1,0,1
4007488,148840,1,0,1
689752,148841,1,0,1
255520,148842,1,0,1
1399872,148843,1,1,0
2069392,148844,1,1,0
5216800,148845,1,1,0
5496304,148846,1,1,0
963664,148847,1,1,0
4805592,148848,1,0,1
1797256,148849,1,0,1
780944,148850,1,0,1
209480,148851,1,0,1
1762704,148852,1,1,0
904880,148853,1,0,1
8299208,148854,1,1,0
4926584,148855,1,1,0
4142560,148856,1,0,1
7348824,148857,1,0,1
6971912,148858,1,1,0
3292072,148859,1,0,1
6700264,148860,1,0,1
3451328,148861,1,1,0
627408,148862,1,1,0
552056,148863,1,0,1
3360680,148864,1,0,1
369728,148865,1,0,1
6609968,148866,1,0,1
1170856,148867,1,1,0
692776,148868,1,1,0
7867904,148869,1,1,0
552480,148870,1,1,0
7960672,148871,1,0,1
6238400,148872,1,0,1
3052440,148873,1,1,0
2697680,148874,1,1,0
646448,148875,1,0,1
1907816,148876,1,1,0
5073336,148877,1,1,0
973440,148878,1,0,1
2660208,148879,1,1,0
1209584,148880,1,1,0
286800,148881,1,1,0
670648,148882,1,0,1
1285056,148883,1,0,1
5020392,148884,1,1,0
1825280,148885,1,1,0
3622904,148886,1,0,1
4869616,148887,1,0,1
1954376,148888,1,1,0
453368,148889,1,1,0
336760,148890,1,1,0
678200,148891,1,1,0
1052280,148892,1,0,1
4943720,148893,1,0,1
393112,148894,1,1,0
1042848,148895,1,0,1
305872,148896,1,0,1
2956872,148897,1,1,0
487088,148898,1,0,1
579200,148899,1,1,0
752776,148900,1,1,0
2748304,148901,1,1,0
6668968,148902,1,1,0
3096000,148903,1,1,0
6196008,148904,1,1,0
2438504,148905,1,0,1
7455920,148906,1,0,1
3870912,148907,1,1,0
2398544,148908,1,0,1
1307320,148909,1,0,1
3268232,148910,1,0,1
3929504,148911,1,0,1
7424856,148912,1,1,0
7972296,148913,1,0,1
1441744,148914,1,0,1
749320,148915,1,1,0
1804760,148916,1,1,0
1074432,148917,1,0,1
71464,148918,1,0,1
5538648,148919,1,1,0
7280680,148920,1,0,1
919256,148921,1,1,0
1922784,148922,1,0,1
2229896,148923,1,1,0
5227408,148924,1,0,1
3041016,148925,1,0,1
5238024,148926,1,1,0
878720,148927,1,0,1
4620240,148928,1,1,0
665936,148929,1,1,0
6016824,148930,1,0,1
1809320,148931,1,0,1
958400,148932,1,1,0
1032240,148933,1,0,1
159608,148934,1,1,0
907016,148935,1,0,1
689960,148936,1,0,1
340776,148937,1,1,0
2879656,148938,1,1,0
5748936,148939,1,0,1
7715176,148940,1,1,0
7713488,148941,1,0,1
2012936,148942,1,0,1
1554520,148943,1,0,1
443168,148944,1,0,1
4333912,148945,1,0,1
792112,148946,1,1,0
332968,148947,1,0,1
887912,148948,1,0,1
532264,148949,1,1,0
2895480,148950,1,0,1
778720,148951,1,1,0
6790880,148952,1,0,1
217064,148953,1,1,0
5091968,148954,1,0,1
2492448,148955,1,0,1
4738088,148956,1,0,1
2208776,148957,1,1,0
3304584,148958,1,1,0
6315800,148959,1,1,0
7628736,148960,1,1,0
1141600,148961,1,0,1
2228896,148962,1,1,0
2571344,148963,1,0,1
3999952,148964,1,1,0
1744296,148965,1,1,0
572000,148966,1,0,1
1260088,148967,1,0,1
697936,148968,1,0,1
405104,148969,1,1,0
4144480,148970,1,1,0
2597416,148971,1,1,0
2282048,148972,1,1,0
7274136,148973,1,0,1
2838920,148974,1,0,1
6054576,148975,1,0,1
696976,148976,1,1,0
1010416,148977,1,0,1
1620896,148978,1,0,1
3506656,148979,1,0,1
6251464,148980,1,0,1
2172808,148981,1,0,1
1030392,148982,1,0,1
5246280,148983,1,0,1
709040,148984,1,0,1
1906640,148985,1,1,0
435536,148986,1,0,1
4374560,148987,1,1,0
2263544,148988,1,0,1
256704,148989,1,1,0
3021688,148990,1,0,1
2704584,148991,1,0,1
593624,148992,1,0,1
91048,148993,1,0,1
5310872,148994,1,0,1
5857184,148995,1,1,0
2415608,148996,1,0,1
1971224,148997,1,0,1
347256,148998,1,0,1
6313080,148999,1,0,1
5213880,149000,1,1,0
1178128,149001,1,1,0
3151832,149002,1,0,1
2981176,149003,1,1,0
7919872,149004,1,1,0
747648,149005,1,1,0
387024,149006,1,1,0
410992,149007,1,0,1
837416,149008,1,1,0
3107544,149009,1,1,0
2184840,149010,1,1,0
3665784,149011,1,0,1
219552,149012,1,1,0
4059848,149013,1,1,0
4539872,149014,1,0,1
2264648,149015,1,0,1
4224656,149016,1,1,0
4495864,149017,1,1,0
995816,149018,1,1,0
4022648,149019,1,1,0
5604472,149020,1,1,0
800600,149021,1,1,0
4675632,149022,1,0,1
5800984,149023,1,1,0
5171128,149024,1,0,1
2596528,149025,1,0,1
611696,149026,1,0,1
1208752,149027,1,1,0
2423960,149028,1,1,0
494816,149029,1,0,1
475120,149030,1,0,1
5627576,149031,1,1,0
367136,149032,1,0,1
2153152,149033,1,1,0
194880,149034,1,0,1
315032,149035,1,1,0
4609624,149036,1,0,1
3952336,149037,1,1,0
6505928,149038,1,1,0
2983976,149039,1,1,0
878904,149040,1,0,1
5380976,149041,1,1,0
343056,149042,1,0,1
333752,149043,1,1,0
7923440,149044,1,1,0
524256,149045,1,1,0
111480,149046,1,1,0
1246136,149047,1,0,1
1086224,149048,1,1,0
8243736,149049,1,0,1
6244624,149050,1,1,0
6012016,149051,1,0,1
6562408,149052,1,1,0
778048,149053,1,1,0
7344616,149054,1,1,0
4025408,149055,1,0,1
199704,149056,1,0,1
2617040,149057,1,0,1
3117664,149058,1,0,1
599264,149059,1,1,0
4177656,149060,1,0,1
1862088,149061,1,0,1
986480,149062,1,0,1
1819520,149063,1,0,1
1342648,149064,1,1,0
7627984,149065,1,0,1
517152,149066,1,0,1
401592,149067,1,0,1
1474032,149068,1,0,1
4228360,149069,1,0,1
7450768,149070,1,1,0
4465408,149071,1,0,1
2818944,149072,1,1,0
7004920,149073,1,1,0
4533728,149074,1,0,1
2700832,149075,1,1,0
932320,149076,1,1,0
6607888,149077,1,0,1
710856,149078,1,0,1
3419656,149079,1,0,1
4153176,149080,1,0,1
663072,149081,1,1,0
2075768,149082,1,1,0
6691536,149083,1,1,0
2304432,149084,1,0,1
4977944,149085,1,1,0
5052104,149086,1,1,0
302256,149087,1,1,0
704400,149088,1,1,0
410904,149089,1,0,1
1770992,149090,1,0,1
1377376,149091,1,1,0
4035552,149092,1,0,1
124848,149093,1,1,0
643232,149094,1,0,1
790912,149095,1,0,1
2495184,149096,1,0,1
699728,149097,1,1,0
5927816,149098,1,1,0
3481088,149099,1,1,0
973280,149100,1,0,1
1450872,149101,1,1,0
2754376,149102,1,0,1
2401376,149103,1,1,0
345848,149104,1,0,1
1377128,149105,1,0,1
6435904,149106,1,1,0
481336,149107,1,1,0
141240,149108,1,1,0
2194840,149109,1,0,1
4268448,149110,1,0,1
1799944,149111,1,0,1
3511808,149112,1,0,1
5798696,149113,1,1,0
836856,149114,1,0,1
6286240,149115,1,1,0
447912,149116,1,0,1
1037272,149117,1,0,1
2430464,149118,1,1,0
3917064,149119,1,0,1
482080,149120,1,1,0
1631584,149121,1,1,0
7679080,149122,1,0,1
4868112,149123,1,1,0
176608,149124,1,0,1
348688,149125,1,1,0
291424,149126,1,0,1
373400,149127,1,1,0
1111920,149128,1,0,1
1800296,149129,1,0,1
4491208,149130,1,0,1
4622000,149131,1,1,0
672568,149132,1,1,0
6412520,149133,1,1,0
3409824,149134,1,1,0
4306320,149135,1,1,0
1946400,149136,1,0,1
7407728,149137,1,1,0
7194336,149138,1,0,1
500744,149139,1,1,0
613080,149140,1,1,0
1699056,149141,1,0,1
6262576,149142,1,0,1
3216584,149143,1,1,0
2055368,149144,1,0,1
667120,149145,1,0,1
2628632,149146,1,0,1
3317472,149147,1,0,1
871936,149148,1,1,0
116200,149149,1,0,1
4108040,149150,1,1,0
7420080,149151,1,0,1
5087680,149152,1,1,0
4961880,149153,1,1,0
2829568,149154,1,1,0
237744,149155,1,1,0
2019384,149156,1,1,0
230536,149157,1,1,0
6999520,149158,1,0,1
1889872,149159,1,1,0
4458256,149160,1,0,1
7183016,149161,1,1,0
1522896,149162,1,0,1
5213624,149163,1,1,0
3355480,149164,1,0,1
2376848,149165,1,1,0
757016,149166,1,0,1
3834784,149167,1,1,0
2578576,149168,1,0,1
3667880,149169,1,1,0
2070800,149170,1,1,0
1340504,149171,1,1,0
322648,149172,1,1,0
7573752,149173,1,0,1
3513968,149174,1,0,1
5967864,149175,1,1,0
6667416,149176,1,1,0
4488360,149177,1,1,0
332424,149178,1,0,1
5399504,149179,1,0,1
2471408,149180,1,0,1
893896,149181,1,0,1
940624,149182,1,0,1
5104288,149183,1,0,1
1518312,149184,1,1,0
3548736,149185,1,1,0
2034192,149186,1,1,0
2836008,149187,1,1,0
2390208,149188,1,1,0
4239912,149189,1,1,0
6161416,149190,1,1,0
2232088,149191,1,1,0
453360,149192,1,1,0
300088,149193,1,0,1
2425768,149194,1,0,1
1857232,149195,1,1,0
3035600,149196,1,0,1
5806432,149197,1,0,1
7926920,149198,1,1,0
565920,149199,1,1,0
838056,149200,1,1,0
3487720,149201,1,1,0
4437920,149202,1,0,1
5878112,149203,1,0,1
501472,149204,1,1,0
387392,149205,1,1,0
1874416,149206,1,1,0
2813088,149207,1,1,0
7055024,149208,1,0,1
6262520,149209,1,1,0
3591024,149210,1,1,0
6139488,149211,1,1,0
2641504,149212,1,0,1
1678536,149213,1,0,1
887128,149214,1,1,0
922072,149215,1,1,0
612904,149216,1,1,0
4247696,149217,1,0,1
1583616,149218,1,0,1
7226416,149219,1,1,0
884792,149220,1,1,0
3239920,149221,1,0,1
406024,149222,1,0,1
815528,149223,1,1,0
750096,149224,1,0,1
1758920,149225,1,1,0
1006592,149226,1,0,1
353336,149227,1,0,1
472128,149228,1,1,0
399064,149229,1,1,0
2275008,149230,1,1,0
3020856,149231,1,1,0
104184,149232,1,1,0
7164344,149233,1,1,0
3042064,149234,1,1,0
1201960,149235,1,0,1
3403584,149236,1,1,0
1402592,149237,1,0,1
377432,149238,1,0,1
4454016,149239,1,0,1
1745704,149240,1,0,1
1754800,149241,1,0,1
3965088,149242,1,1,0
4901016,149243,1,0,1
4960336,149244,1,1,0
2350576,149245,1,1,0
3289960,149246,1,0,1
253272,149247,1,0,1
1630192,149248,1,0,1
4916928,149249,1,1,0
330816,149250,1,1,0
1849880,149251,1,0,1
2487488,149252,1,1,0
1464976,149253,1,1,0
6407208,149254,1,1,0
3347320,149255,1,0,1
5602152,149256,1,1,0
8135432,149257,1,0,1
7525024,149258,1,0,1
5004776,149259,1,0,1
1814032,149260,1,0,1
3845208,149261,1,0,1
4606328,149262,1,1,0
509952,149263,1,0,1
358144,149264,1,1,0
6992872,149265,1,1,0
637760,149266,1,0,1
813296,149267,1,0,1
490856,149268,1,0,1
1528736,149269,1,1,0
1252880,149270,1,1,0
2534720,149271,1,0,1
1673504,149272,1,1,0
1665008,149273,1,0,1
6611056,149274,1,0,1
2567520,149275,1,0,1
336528,149276,1,0,1
5377944,149277,1,0,1
6665912,149278,1,1,0
1370960,149279,1,0,1
2521808,149280,1,1,0
3892096,149281,1,0,1
3467096,149282,1,1,0
2299712,149283,1,0,1
3174592,149284,1,1,0
207344,149285,1,1,0
6913640,149286,1,0,1
4842568,149287,1,1,0
7899328,149288,1,0,1
1743520,149289,1,1,0
1017160,149290,1,1,0
4330728,149291,1,0,1
3482312,149292,1,0,1
1618264,149293,1,1,0
1654224,149294,1,0,1
3098560,149295,1,1,0
366000,149296,1,1,0
714288,149297,1,1,0
546976,149298,1,0,1
2150288,149299,1,1,0
7292272,149300,1,0,1
950280,149301,1,1,0
3230168,149302,1,1,0
291208,149303,1,1,0
1430992,149304,1,0,1
4512736,149305,1,0,1
1286272,149306,1,1,0
3432056,149307,1,1,0
1230208,149308,1,0,1
721432,149309,1,0,1
493960,149310,1,0,1
448376,149311,1,1,0
645320,149312,1,0,1
8372400,149313,1,1,0
4367312,149314,1,0,1
4970136,149315,1,0,1
2711512,149316,1,0,1
1539768,149317,1,0,1
1379096,149318,1,1,0
369312,149319,1,0,1
1579480,149320,1,1,0
2617624,149321,1,1,0
1383888,149322,1,0,1
1189232,149323,1,1,0
669504,149324,1,1,0
1695192,149325,1,1,0
6852032,149326,1,0,1
1581176,149327,1,0,1
1307144,149328,1,0,1
897152,149329,1,0,1
5187992,149330,1,1,0
1964272,149331,1,1,0
1216728,149332,1,0,1
638856,149333,1,0,1
3586016,149334,1,1,0
600504,149335,1,0,1
507616,149336,1,0,1
8279664,149337,1,0,1
1646920,149338,1,0,1
1182336,149339,1,0,1
5640616,149340,1,1,0
755016,149341,1,0,1
1356480,149342,1,1,0
6166256,149343,1,1,0
6924688,149344,1,0,1
5505576,149345,1,0,1
378280,149346,1,0,1
1767536,149347,1,0,1
2591600,149348,1,0,1
308304,149349,1,1,0
7246320,149350,1,0,1
4303352,149351,1,0,1
4649216,149352,1,0,1
1387280,149353,1,0,1
6581488,149354,1,0,1
2665056,149355,1,1,0
563456,149356,1,1,0
772000,149357,1,1,0
3962584,149358,1,0,1
1134304,149359,1,0,1
367784,149360,1,0,1
979136,149361,1,1,0
341568,149362,1,0,1
4223008,149363,1,1,0
4084632,149364,1,0,1
1642456,149365,1,1,0
753184,149366,1,0,1
3460424,149367,1,0,1
2408520,149368,1,0,1
2629192,149369,1,1,0
193440,149370,1,1,0
1238680,149371,1,1,0
573056,149372,1,0,1
1281208,149373,1,1,0
4647544,149374,1,1,0
3137960,149375,1,1,0
3794576,149376,1,1,0
7582272,149377,1,1,0
189360,149378,1,1,0
5473640,149379,1,0,1
1736488,149380,1,0,1
599288,149381,1,0,1
4325080,149382,1,1,0
3677432,149383,1,1,0
1459576,149384,1,0,1
1879744,149385,1,1,0
3314776,149386,1,1,0
2472928,149387,1,1,0
1977784,149388,1,0,1
8017808,149389,1,0,1
1127136,149390,1,1,0
5554488,149391,1,1,0
6067408,149392,1,1,0
6612208,149393,1,1,0
2014080,149394,1,1,0
2309248,149395,1,1,0
4375912,149396,1,1,0
221216,149397,1,0,1
2626048,149398,1,1,0
2420200,149399,1,1,0
3742912,149400,1,1,0
4568312,149401,1,0,1
7567744,149402,1,0,1
4364032,149403,1,1,0
314768,149404,1,1,0
1418656,149405,1,1,0
1718336,149406,1,0,1
6052064,149407,1,1,0
1295072,149408,1,1,0
3548472,149409,1,0,1
2270344,149410,1,0,1
7834376,149411,1,0,1
1827536,149412,1,0,1
8013248,149413,1,1,0
1120600,149414,1,1,0
267856,149415,1,0,1
7270312,149416,1,0,1
475304,149417,1,1,0
149488,149418,1,1,0
4104544,149419,1,1,0
277080,149420,1,0,1
1657040,149421,1,0,1
1612376,149422,1,0,1
3198840,149423,1,1,0
785752,149424,1,0,1
1460848,149425,1,0,1
8319528,149426,1,1,0
5243408,149427,1,1,0
347040,149428,1,0,1
5232368,149429,1,1,0
909120,149430,1,0,1
6393360,149431,1,0,1
5640672,149432,1,0,1
687952,149433,1,1,0
2579480,149434,1,0,1
3518024,149435,1,1,0
934760,149436,1,1,0
1975000,149437,1,0,1
315624,149438,1,0,1
763136,149439,1,0,1
210456,149440,1,0,1
431088,149441,1,0,1
5313920,149442,1,1,0
6095736,149443,1,1,0
882056,149444,1,1,0
3848136,149445,1,0,1
3245944,149446,1,0,1
1487240,149447,1,0,1
416040,149448,1,0,1
1488992,149449,1,0,1
6876080,149450,1,1,0
1704248,149451,1,1,0
586176,149452,1,1,0
687776,149453,1,1,0
816640,149454,1,1,0
2296536,149455,1,1,0
2475960,149456,1,0,1
4607120,149457,1,1,0
1686296,149458,1,0,1
1045888,149459,1,1,0
5885960,149460,1,1,0
1252848,149461,1,1,0
848816,149462,1,0,1
602840,149463,1,1,0
647032,149464,1,0,1
3085328,149465,1,0,1
1498160,149466,1,1,0
896896,149467,1,0,1
5494352,149468,1,1,0
3450040,149469,1,0,1
505864,149470,1,0,1
2095864,149471,1,1,0
997640,149472,1,0,1
4621000,149473,1,0,1
3513208,149474,1,1,0
606488,149475,1,1,0
6442144,149476,1,0,1
8025384,149477,1,1,0
4094576,149478,1,1,0
738384,149479,1,0,1
1677376,149480,1,1,0
2429456,149481,1,1,0
6530096,149482,1,1,0
356664,149483,1,0,1
1550048,149484,1,0,1
417592,149485,1,0,1
753536,149486,1,0,1
4675288,149487,1,1,0
3128600,149488,1,0,1
327872,149489,1,0,1
286464,149490,1,1,0
4677768,149491,1,0,1
4291800,149492,1,0,1
741864,149493,1,1,0
2999616,149494,1,1,0
8327136,149495,1,1,0
304424,149496,1,1,0
402200,149497,1,0,1
547024,149498,1,1,0
2781296,149499,1,1,0
2956840,149500,1,0,1
3545624,149501,1,0,1
5087328,149502,1,1,0
5997432,149503,1,0,1
4210776,149504,1,1,0
7509000,149505,1,1,0
900768,149506,1,1,0
2079688,149507,1,1,0
6094168,149508,1,1,0
1564248,149509,1,0,1
379112,149510,1,0,1
7681072,149511,1,1,0
6785000,149512,1,1,0
2073680,149513,1,1,0
1081024,149514,1,1,0
6559472,149515,1,1,0
282288,149516,1,1,0
1884808,149517,1,1,0
3280832,149518,1,1,0
803680,149519,1,0,1
587032,149520,1,0,1
3726448,149521,1,0,1
1870456,149522,1,0,1
980528,149523,1,0,1
7924752,149524,1,1,0
4109576,149525,1,1,0
3341936,149526,1,1,0
6493584,149527,1,0,1
2056096,149528,1,0,1
2423992,149529,1,1,0
4841024,149530,1,1,0
1026088,149531,1,0,1
497848,149532,1,1,0
1265384,149533,1,1,0
1891064,149534,1,0,1
3994296,149535,1,0,1
859832,149536,1,0,1
5214408,149537,1,1,0
2606632,149538,1,0,1
6590464,149539,1,0,1
8344992,149540,1,0,1
912584,149541,1,1,0
229936,149542,1,0,1
3733368,149543,1,0,1
4972824,149544,1,0,1
4583992,149545,1,1,0
4963864,149546,1,0,1
3009256,149547,1,1,0
2104840,149548,1,1,0
724568,149549,1,0,1
660984,149550,1,0,1
488056,149551,1,1,0
7108184,149552,1,1,0
5062160,149553,1,0,1
331112,149554,1,1,0
3571504,149555,1,0,1
618088,149556,1,1,0
5132488,149557,1,1,0
1724696,149558,1,1,0
533792,149559,1,1,0
1684120,149560,1,1,0
6849920,149561,1,1,0
2985752,149562,1,1,0
1188792,149563,1,0,1
715600,149564,1,1,0
2978800,149565,1,1,0
1016600,149566,1,1,0
242088,149567,1,0,1
5501496,149568,1,1,0
2230424,149569,1,1,0
3229104,149570,1,1,0
341792,149571,1,1,0
4953992,149572,1,1,0
2792480,149573,1,0,1
2217352,149574,1,0,1
2433960,149575,1,1,0
3417536,149576,1,0,1
5604264,149577,1,0,1
1881920,149578,1,1,0
663608,149579,1,0,1
4929904,149580,1,0,1
4130512,149581,1,0,1
1434232,149582,1,1,0
1844896,149583,1,0,1
1407904,149584,1,0,1
586704,149585,1,0,1
3436752,149586,1,1,0
4467392,149587,1,1,0
4545256,149588,1,0,1
3717064,149589,1,1,0
290456,149590,1,1,0
1015552,149591,1,0,1
460344,149592,1,0,1
1294368,149593,1,0,1
385616,149594,1,1,0
727072,149595,1,1,0
1140344,149596,1,0,1
4884136,149597,1,0,1
8158280,149598,1,1,0
3441032,149599,1,1,0
3445152,149600,1,0,1
5414600,149601,1,0,1
229800,149602,1,0,1
1656648,149603,1,0,1
2391744,149604,1,0,1
4467904,149605,1,1,0
698288,149606,1,0,1
7962128,149607,1,1,0
1151376,149608,1,1,0
1038800,149609,1,0,1
1732512,149610,1,0,1
677184,149611,1,1,0
414768,149612,1,1,0
2472968,149613,1,0,1
1561752,149614,1,0,1
5342912,149615,1,1,0
1618640,149616,1,0,1
456288,149617,1,1,0
4283064,149618,1,1,0
655752,149619,1,0,1
3385296,149620,1,1,0
4952848,149621,1,1,0
1623104,149622,1,1,0
2689272,149623,1,0,1
840752,149624,1,0,1
2719784,149625,1,0,1
1409448,149626,1,0,1
332200,149627,1,1,0
1318952,149628,1,1,0
441776,149629,1,0,1
1432928,149630,1,1,0
1273024,149631,1,1,0
531072,149632,1,0,1
558824,149633,1,0,1
567584,149634,1,0,1
663424,149635,1,0,1
786616,149636,1,0,1
6899256,149637,1,0,1
2360208,149638,1,0,1
1400032,149639,1,1,0
730720,149640,1,1,0
768704,149641,1,0,1
2417456,149642,1,0,1
3724024,149643,1,0,1
798168,149644,1,1,0
1458496,149645,1,0,1
2587328,149646,1,0,1
3048576,149647,1,1,0
3900752,149648,1,1,0
674976,149649,1,1,0
1509992,149650,1,1,0
806048,149651,1,1,0
7710056,149652,1,1,0
329648,149653,1,0,1
3562608,149654,1,0,1
4375216,149655,1,0,1
4970656,149656,1,0,1
958648,149657,1,1,0
1362712,149658,1,0,1
5479440,149659,1,0,1
1396808,149660,1,0,1
560056,149661,1,0,1
979920,149662,1,0,1
855752,149663,1,0,1
568432,149664,1,0,1
4807728,149665,1,1,0
459600,149666,1,0,1
3803872,149667,1,0,1
351352,149668,1,1,0
1514928,149669,1,1,0
670608,149670,1,1,0
4331568,149671,1,1,0
2290200,149672,1,0,1
2156456,149673,1,1,0
4817480,149674,1,1,0
1449176,149675,1,1,0
3939336,149676,1,0,1
842736,149677,1,1,0
680152,149678,1,1,0
6405312,149679,1,0,1
4372936,149680,1,1,0
2359968,149681,1,0,1
7018312,149682,1,1,0
3511296,149683,1,0,1
6188208,149684,1,0,1
739472,149685,1,1,0
900552,149686,1,1,0
303872,149687,1,0,1
1737816,149688,1,0,1
742064,149689,1,0,1
4674768,149690,1,0,1
6325232,149691,1,1,0
4755368,149692,1,1,0
434392,149693,1,0,1
1136560,149694,1,0,1
663400,149695,1,0,1
4838952,149696,1,1,0
736232,149697,1,1,0
942328,149698,1,0,1
438720,149699,1,1,0
4878344,149700,1,1,0
1830488,149701,1,0,1
290480,149702,1,0,1
2943216,149703,1,0,1
3231352,149704,1,0,1
526288,149705,1,1,0
4722352,149706,1,0,1
4751344,149707,1,1,0
550592,149708,1,1,0
6673152,149709,1,1,0
642928,149710,1,0,1
7954016,149711,1,0,1
1285032,149712,1,0,1
3704568,149713,1,1,0
4457544,149714,1,1,0
910192,149715,1,0,1
5632800,149716,1,0,1
2870720,149717,1,0,1
2218552,149718,1,1,0
8058560,149719,1,0,1
371592,149720,1,1,0
1864312,149721,1,0,1
1187320,149722,1,0,1
3852832,149723,1,1,0
8154104,149724,1,1,0
3503776,149725,1,1,0
5176632,149726,1,0,1
7303584,149727,1,1,0
499608,149728,1,1,0
5888328,149729,1,1,0
1703976,149730,1,0,1
5333864,149731,1,0,1
1366720,149732,1,0,1
3546792,149733,1,1,0
6909552,149734,1,1,0
1033776,149735,1,1,0
2056288,149736,1,1,0
7974896,149737,1,1,0
5947536,149738,1,0,1
905496,149739,1,1,0
4977248,149740,1,0,1
3266672,149741,1,0,1
1198144,149742,1,0,1
720560,149743,1,1,0
887632,149744,1,0,1
8336792,149745,1,1,0
4208512,149746,1,0,1
6994352,149747,1,0,1
4372032,149748,1,0,1
694200,149749,1,1,0
2643352,149750,1,0,1
7026488,149751,1,1,0
2756624,149752,1,0,1
2869368,149753,1,0,1
1667864,149754,1,1,0
3841184,149755,1,1,0
6133584,149756,1,1,0
321232,149757,1,1,0
5481952,149758,1,1,0
653280,149759,1,0,1
4241192,149760,1,1,0
2465568,149761,1,0,1
3443912,149762,1,1,0
269344,149763,1,1,0
4122864,149764,1,0,1
3379904,149765,1,0,1
4596832,149766,1,0,1
6674040,149767,1,0,1
5111104,149768,1,1,0
970216,149769,1,1,0
5976968,149770,1,0,1
2058232,149771,1,0,1
637672,149772,1,1,0
2232376,149773,1,0,1
3354648,149774,1,0,1
1313712,149775,1,0,1
7143064,149776,1,1,0
7268920,149777,1,0,1
209200,149778,1,1,0
485960,149779,1,1,0
651816,149780,1,0,1
158072,149781,1,1,0
3001384,149782,1,1,0
4963992,149783,1,1,0
2355024,149784,1,1,0
260848,149785,1,0,1
6050264,149786,1,0,1
3764072,149787,1,1,0
590848,149788,1,0,1
5941520,149789,1,0,1
4346696,149790,1,1,0
3312592,149791,1,0,1
5548608,149792,1,0,1
4455648,149793,1,1,0
596320,149794,1,0,1
2808624,149795,1,1,0
4742120,149796,1,0,1
948800,149797,1,1,0
2298496,149798,1,0,1
768136,149799,1,1,0
7473168,149800,1,1,0
1710896,149801,1,0,1
197264,149802,1,1,0
3267064,149803,1,0,1
1418984,149804,1,0,1
713088,149805,1,1,0
661328,149806,1,1,0
3211432,149807,1,0,1
4440936,149808,1,1,0
410744,149809,1,1,0
5399352,149810,1,0,1
195088,149811,1,0,1
7452480,149812,1,0,1
3268992,149813,1,1,0
7521376,149814,1,0,1
637592,149815,1,1,0
501112,149816,1,0,1
3075344,149817,1,0,1
757384,149818,1,0,1
670248,149819,1,0,1
1196584,149820,1,1,0
838552,149821,1,0,1
2919000,149822,1,0,1
2198144,149823,1,1,0
1711864,149824,1,0,1
160672,149825,1,1,0
410312,149826,1,1,0
493064,149827,1,0,1
1781328,149828,1,0,1
1993944,149829,1,1,0
5596840,149830,1,1,0
6239624,149831,1,1,0
3179088,149832,1,1,0
1531736,149833,1,1,0
2804808,149834,1,1,0
4388088,149835,1,0,1
5589840,149836,1,0,1
3322664,149837,1,0,1
2962608,149838,1,0,1
4016904,149839,1,0,1
1192400,149840,1,0,1
6901296,149841,1,1,0
752192,149842,1,0,1
1363352,149843,1,1,0
553016,149844,1,0,1
1471888,149845,1,0,1
854712,149846,1,0,1
2834024,149847,1,1,0
361248,149848,1,1,0
4092448,149849,1,0,1
2487872,149850,1,0,1
315920,149851,1,1,0
572808,149852,1,1,0
976400,149853,1,0,1
2781712,149854,1,1,0
2617496,149855,1,1,0
1320264,149856,1,1,0
839656,149857,1,0,1
4477848,149858,1,1,0
5936720,149859,1,0,1
404568,149860,1,1,0
3052360,149861,1,0,1
2703696,149862,1,1,0
1441728,149863,1,1,0
1323656,149864,1,1,0
727104,149865,1,1,0
8082336,149866,1,1,0
777504,149867,1,0,1
2750664,149868,1,1,0
3451648,149869,1,0,1
6664208,149870,1,0,1
905248,149871,1,0,1
2528816,149872,1,0,1
520536,149873,1,1,0
544760,149874,1,1,0
2187936,149875,1,1,0
799808,149876,1,0,1
983184,149877,1,0,1
3491104,149878,1,0,1
734976,149879,1,1,0
353352,149880,1,1,0
8135696,149881,1,0,1
6376064,149882,1,1,0
1786560,149883,1,1,0
4122736,149884,1,1,0
7422080,149885,1,1,0
1659416,149886,1,0,1
7167296,149887,1,1,0
831384,149888,1,1,0
2992336,149889,1,1,0
6287424,149890,1,0,1
4583000,149891,1,1,0
215480,149892,1,1,0
2633920,149893,1,1,0
7113896,149894,1,1,0
3143328,149895,1,0,1
2064712,149896,1,1,0
7347264,149897,1,0,1
1231208,149898,1,0,1
788416,149899,1,1,0
2558784,149900,1,0,1
2766520,149901,1,1,0
328336,149902,1,0,1
4735696,149903,1,1,0
3311112,149904,1,1,0
442112,149905,1,1,0
3986400,149906,1,1,0
3071160,149907,1,0,1
936192,149908,1,0,1
360088,149909,1,1,0
8202832,149910,1,1,0
4813088,149911,1,1,0
7809656,149912,1,1,0
6399120,149913,1,0,1
511856,149914,1,1,0
2526736,149915,1,0,1
6496528,149916,1,0,1
1582584,149917,1,0,1
7300992,149918,1,0,1
967048,149919,1,1,0
5079752,149920,1,0,1
1473480,149921,1,1,0
1993208,149922,1,0,1
988304,149923,1,1,0
7000496,149924,1,0,1
2743472,149925,1,1,0
848600,149926,1,0,1
371104,149927,1,0,1
1379232,149928,1,0,1
7363072,149929,1,1,0
1164944,149930,1,0,1
1383096,149931,1,1,0
1394936,149932,1,0,1
1566528,149933,1,0,1
6768200,149934,1,0,1
655496,149935,1,0,1
7519520,149936,1,0,1
5335592,149937,1,0,1
4063416,149938,1,0,1
1552696,149939,1,1,0
6611224,149940,1,0,1
761584,149941,1,1,0
1758496,149942,1,1,0
6434784,149943,1,1,0
2542544,149944,1,0,1
1000008,149945,1,0,1
7402040,149946,1,1,0
2663392,149947,1,1,0
1711968,149948,1,1,0
593392,149949,1,0,1
2611352,149950,1,1,0
1730312,149951,1,0,1
3499000,149952,1,0,1
2925832,149953,1,1,0
798536,149954,1,0,1
2655088,149955,1,0,1
791160,149956,1,0,1
2004536,149957,1,0,1
503648,149958,1,1,0
450504,149959,1,0,1
700080,149960,1,1,0
1129840,149961,1,1,0
3042584,149962,1,1,0
1670944,149963,1,0,1
3495856,149964,1,0,1
6452424,149965,1,1,0
774608,149966,1,0,1
2122568,149967,1,0,1
5921320,149968,1,0,1
1014520,149969,1,1,0
4487504,149970,1,1,0
4030336,149971,1,1,0
507864,149972,1,1,0
4041280,149973,1,1,0
7151200,149974,1,0,1
292808,149975,1,1,0
808336,149976,1,1,0
7539344,149977,1,0,1
2638288,149978,1,1,0
2423792,149979,1,0,1
6855752,149980,1,1,0
99216,149981,1,1,0
319248,149982,1,0,1
4161664,149983,1,0,1
1509752,149984,1,0,1
2017496,149985,1,1,0
4632072,149986,1,0,1
2516016,149987,1,0,1
2362712,149988,1,0,1
7073544,149989,1,1,0
1605072,149990,1,0,1
318856,149991,1,0,1
6331384,149992,1,1,0
547768,149993,1,0,1
772632,149994,1,1,0
486744,149995,1,1,0
208440,149996,1,0,1
1567056,149997,1,0,1
1066488,149998,1,1,0
776224,149999,1,1,0
3068608,150000,1,0,1
783736,150001,1,1,0
6543264,150002,1,1,0
1859400,150003,1,0,1
892216,150004,1,0,1
2034424,150005,1,0,1
4759744,150006,1,1,0
3303792,150007,1,0,1
620376,150008,1,1,0
979520,150009,1,1,0
1182128,150010,1,1,0
6095392,150011,1,1,0
409960,150012,1,0,1
2423696,150013,1,0,1
1142784,150014,1,0,1
6127168,150015,1,0,1
6092944,150016,1,0,1
1150888,150017,1,1,0
534416,150018,1,0,1
2912072,150019,1,1,0
1934520,150020,1,1,0
291024,150021,1,0,1
4874984,150022,1,0,1
479888,150023,1,0,1
6405776,150024,1,0,1
1224464,150025,1,1,0
7701008,150026,1,0,1
1890264,150027,1,0,1
4329000,150028,1,0,1
6921144,150029,1,1,0
305528,150030,1,0,1
89624,150031,1,1,0
3677208,150032,1,0,1
698040,150033,1,0,1
3642552,150034,1,1,0
1483344,150035,1,0,1
2001016,150036,1,1,0
3308608,150037,1,0,1
281312,150038,1,0,1
5306872,150039,1,0,1
377352,150040,1,0,1
3851600,150041,1,1,0
3123040,150042,1,0,1
3399312,150043,1,1,0
3482528,150044,1,0,1
2538192,150045,1,1,0
2964216,150046,1,1,0
5381976,150047,1,1,0
522112,150048,1,1,0
4321136,150049,1,1,0
2998208,150050,1,0,1
2482352,150051,1,1,0
3699696,150052,1,1,0
6052656,150053,1,0,1
6675792,150054,1,1,0
999496,150055,1,0,1
1050920,150056,1,1,0
3368856,150057,1,0,1
6494192,150058,1,1,0
4627432,150059,1,0,1
887952,150060,1,0,1
2594968,150061,1,0,1
1275000,150062,1,1,0
2460536,150063,1,0,1
4835832,150064,1,1,0
1147472,150065,1,0,1
1157304,150066,1,1,0
2888560,150067,1,1,0
3077264,150068,1,1,0
507984,150069,1,1,0
5501472,150070,1,0,1
1790464,150071,1,0,1
276688,150072,1,0,1
4173264,150073,1,0,1
1842704,150074,1,1,0
1824848,150075,1,1,0
2017240,150076,1,1,0
2734648,150077,1,0,1
4714688,150078,1,0,1
2198080,150079,1,0,1
2929440,150080,1,1,0
592160,150081,1,1,0
1202240,150082,1,1,0
780224,150083,1,0,1
1132184,150084,1,1,0
7720816,150085,1,1,0
7382664,150086,1,0,1
3543168,150087,1,1,0
3406632,150088,1,0,1
869264,150089,1,1,0
3238840,150090,1,0,1
685360,150091,1,0,1
1115856,150092,1,1,0
3442200,150093,1,1,0
4394416,150094,1,0,1
7539336,150095,1,1,0
733528,150096,1,0,1
551272,150097,1,1,0
2870920,150098,1,1,0
4914560,150099,1,0,1
2044168,150100,1,0,1
5325568,150101,1,1,0
8027136,150102,1,1,0
1656776,150103,1,0,1
3993928,150104,1,0,1
1010664,150105,1,0,1
1756240,150106,1,0,1
7066896,150107,1,1,0
1406896,150108,1,0,1
2790288,150109,1,0,1
191904,150110,1,1,0
3409712,150111,1,0,1
1237984,150112,1,1,0
5369344,150113,1,0,1
361232,150114,1,0,1
1768280,150115,1,0,1
7671000,150116,1,0,1
491424,150117,1,1,0
1580712,150118,1,1,0
2605640,150119,1,0,1
1285824,150120,1,1,0
631920,150121,1,0,1
1731472,150122,1,0,1
832992,150123,1,0,1
2305808,150124,1,1,0
2458056,150125,1,0,1
1172192,150126,1,1,0
2248000,150127,1,1,0
814016,150128,1,1,0
1291584,150129,1,1,0
1560112,150130,1,1,0
823112,150131,1,0,1
1326256,150132,1,0,1
6088784,150133,1,1,0
2262048,150134,1,0,1
935592,150135,1,0,1
3425320,150136,1,1,0
2837992,150137,1,0,1
6422296,150138,1,1,0
1079840,150139,1,0,1
1187520,150140,1,0,1
363368,150141,1,1,0
558120,150142,1,1,0
3431024,150143,1,1,0
576400,150144,1,1,0
2914416,150145,1,1,0
916456,150146,1,0,1
7704496,150147,1,1,0
4139176,150148,1,1,0
839600,150149,1,0,1
3283352,150150,1,0,1
1556136,150151,1,1,0
1686224,150152,1,0,1
1682176,150153,1,0,1
3652984,150154,1,0,1
3053848,150155,1,1,0
911024,150156,1,0,1
6082592,150157,1,1,0
5948824,150158,1,1,0
3131232,150159,1,1,0
5055632,150160,1,0,1
2331872,150161,1,1,0
1264200,150162,1,0,1
6472944,150163,1,1,0
6053928,150164,1,0,1
2047888,150165,1,0,1
6559352,150166,1,0,1
3426424,150167,1,0,1
714808,150168,1,0,1
4718256,150169,1,1,0
5477920,150170,1,0,1
196104,150171,1,1,0
2082664,150172,1,0,1
195952,150173,1,0,1
3629552,150174,1,0,1
5291800,150175,1,1,0
2789480,150176,1,1,0
2373520,150177,1,0,1
2305504,150178,1,1,0
321248,150179,1,0,1
325064,150180,1,0,1
541664,150181,1,0,1
3521304,150182,1,0,1
271808,150183,1,1,0
4106592,150184,1,1,0
2908864,150185,1,1,0
203704,150186,1,1,0
7608152,150187,1,1,0
7109592,150188,1,0,1
2200784,150189,1,1,0
430808,150190,1,1,0
461960,150191,1,1,0
4837888,150192,1,0,1
2630280,150193,1,0,1
3544936,150194,1,1,0
5132168,150195,1,0,1
1506512,150196,1,1,0
5753864,150197,1,0,1
7899088,150198,1,0,1
3144632,150199,1,1,0
2437176,150200,1,0,1
4432896,150201,1,0,1
372048,150202,1,0,1
4832520,150203,1,1,0
4042944,150204,1,0,1
6402656,150205,1,0,1
1105152,150206,1,0,1
6842032,150207,1,0,1
940768,150208,1,0,1
241816,150209,1,0,1
3220760,150210,1,0,1
1329656,150211,1,1,0
662880,150212,1,0,1
6626848,150213,1,0,1
878648,150214,1,1,0
1740000,150215,1,1,0
7642128,150216,1,1,0
8278696,150217,1,1,0
3498112,150218,1,0,1
3636184,150219,1,0,1
558160,150220,1,1,0
1682168,150221,1,1,0
1443592,150222,1,1,0
6465488,150223,1,0,1
705160,150224,1,1,0
4651208,150225,1,1,0
1116568,150226,1,1,0
3873984,150227,1,1,0
87552,150228,1,1,0
4572960,150229,1,1,0
924952,150230,1,0,1
6294736,150231,1,0,1
384608,150232,1,0,1
1214888,150233,1,0,1
2391096,150234,1,0,1
5242648,150235,1,1,0
1765872,150236,1,1,0
960344,150237,1,1,0
898712,150238,1,1,0
770968,150239,1,1,0
2013432,150240,1,1,0
635200,150241,1,0,1
740952,150242,1,0,1
1106472,150243,1,0,1
2114816,150244,1,0,1
8348576,150245,1,1,0
4289896,150246,1,1,0
2924072,150247,1,1,0
323896,150248,1,0,1
5747096,150249,1,0,1
7621968,150250,1,1,0
85536,150251,1,1,0
3311224,150252,1,1,0
1644216,150253,1,1,0
635592,150254,1,0,1
1041032,150255,1,1,0
1453720,150256,1,0,1
1166488,150257,1,0,1
1179288,150258,1,0,1
1224960,150259,1,1,0
75960,150260,1,0,1
5752176,150261,1,0,1
3366488,150262,1,1,0
6239520,150263,1,1,0
3186904,150264,1,0,1
2887200,150265,1,0,1
3831976,150266,1,1,0
3582536,150267,1,1,0
4307536,150268,1,1,0
3960416,150269,1,0,1
1090200,150270,1,1,0
810920,150271,1,1,0
6540568,150272,1,1,0
476816,150273,1,1,0
1342144,150274,1,0,1
4406312,150275,1,1,0
6675328,150276,1,0,1
7005328,150277,1,0,1
816824,150278,1,1,0
223632,150279,1,0,1
5025832,150280,1,1,0
2277296,150281,1,0,1
1120216,150282,1,0,1
4837368,150283,1,0,1
1426840,150284,1,1,0
870752,150285,1,0,1
214720,150286,1,0,1
2303816,150287,1,1,0
2871024,150288,1,1,0
579408,150289,1,0,1
1686016,150290,1,0,1
1520176,150291,1,0,1
156232,150292,1,0,1
1252864,150293,1,1,0
3669552,150294,1,0,1
5453672,150295,1,1,0
3457624,150296,1,0,1
5401272,150297,1,1,0
999528,150298,1,1,0
846704,150299,1,0,1
6826672,150300,1,0,1
1033856,150301,1,1,0
480136,150302,1,1,0
1348168,150303,1,1,0
953120,150304,1,1,0
414496,150305,1,0,1
1704000,150306,1,1,0
665056,150307,1,1,0
5068632,150308,1,1,0
1370848,150309,1,1,0
1280984,150310,1,1,0
3308968,150311,1,1,0
1669736,150312,1,1,0
336792,150313,1,1,0
4252376,150314,1,0,1
4845856,150315,1,0,1
1039664,150316,1,1,0
5636064,150317,1,0,1
2547392,150318,1,1,0
359216,150319,1,1,0
4670272,150320,1,1,0
3342752,150321,1,0,1
1282104,150322,1,0,1
3782144,150323,1,1,0
323240,150324,1,0,1
360368,150325,1,0,1
3263016,150326,1,1,0
3952592,150327,1,0,1
1695928,150328,1,0,1
4249280,150329,1,1,0
815920,150330,1,1,0
1612088,150331,1,1,0
4602616,150332,1,1,0
612496,150333,1,1,0
2295104,150334,1,1,0
5046760,150335,1,1,0
6840904,150336,1,1,0
1218056,150337,1,0,1
2669088,150338,1,0,1
7205552,150339,1,0,1
4351216,150340,1,0,1
4336920,150341,1,1,0
1005664,150342,1,0,1
2979560,150343,1,0,1
3637528,150344,1,1,0
7213472,150345,1,1,0
4195968,150346,1,0,1
277784,150347,1,0,1
750984,150348,1,1,0
479000,150349,1,1,0
751120,150350,1,1,0
1228400,150351,1,1,0
156024,150352,1,0,1
3841088,150353,1,0,1
7933360,150354,1,1,0
373008,150355,1,0,1
1891584,150356,1,0,1
2172032,150357,1,1,0
6596896,150358,1,1,0
3106128,150359,1,0,1
2488248,150360,1,1,0
3119416,150361,1,0,1
6968408,150362,1,1,0
7732216,150363,1,1,0
1959968,150364,1,1,0
4986720,150365,1,0,1
6575696,150366,1,0,1
4502856,150367,1,1,0
1384088,150368,1,1,0
3828808,150369,1,0,1
6996512,150370,1,1,0
1729960,150371,1,1,0
8342216,150372,1,0,1
5413232,150373,1,0,1
6112640,150374,1,0,1
2836872,150375,1,1,0
461256,150376,1,1,0
4693632,150377,1,0,1
1815656,150378,1,0,1
2329440,150379,1,0,1
2643608,150380,1,1,0
3178768,150381,1,0,1
1602568,150382,1,0,1
930048,150383,1,0,1
427640,150384,1,0,1
4993952,150385,1,1,0
5229616,150386,1,0,1
7633808,150387,1,0,1
608176,150388,1,1,0
172176,150389,1,0,1
3814392,150390,1,0,1
3571760,150391,1,0,1
2395944,150392,1,0,1
607696,150393,1,0,1
2720480,150394,1,0,1
338856,150395,1,1,0
301920,150396,1,1,0
4951176,150397,1,0,1
2081224,150398,1,1,0
3395976,150399,1,1,0
445008,150400,1,1,0
6218296,150401,1,1,0
6657792,150402,1,0,1
6527320,150403,1,0,1
2462368,150404,1,1,0
2333768,150405,1,0,1
6992960,150406,1,1,0
4766312,150407,1,1,0
3220880,150408,1,0,1
6191296,150409,1,0,1
2192104,150410,1,1,0
418928,150411,1,0,1
5094232,150412,1,1,0
984736,150413,1,0,1
2990368,150414,1,0,1
297072,150415,1,0,1
557936,150416,1,1,0
7000304,150417,1,1,0
4738256,150418,1,1,0
8034664,150419,1,0,1
2346016,150420,1,0,1
5760176,150421,1,1,0
1284904,150422,1,1,0
6575440,150423,1,0,1
573328,150424,1,0,1
1880064,150425,1,1,0
871184,150426,1,0,1
7130168,150427,1,1,0
6038464,150428,1,0,1
1385784,150429,1,1,0
1609320,150430,1,0,1
7222280,150431,1,1,0
289024,150432,1,0,1
1274248,150433,1,1,0
769128,150434,1,0,1
405624,150435,1,0,1
245368,150436,1,1,0
2159040,150437,1,0,1
7627440,150438,1,1,0
6363016,150439,1,1,0
6881720,150440,1,0,1
5087248,150441,1,1,0
902168,150442,1,1,0
1044648,150443,1,1,0
1154328,150444,1,0,1
1299696,150445,1,1,0
2910360,150446,1,1,0
427280,150447,1,1,0
2009008,150448,1,0,1
6849272,150449,1,0,1
4132712,150450,1,1,0
4743712,150451,1,1,0
4144464,150452,1,1,0
2522912,150453,1,0,1
3441912,150454,1,1,0
1229768,150455,1,0,1
1258184,150456,1,1,0
862856,150457,1,1,0
1604536,150458,1,1,0
63816,150459,1,0,1
4976552,150460,1,1,0
293728,150461,1,0,1
4153128,150462,1,1,0
501008,150463,1,0,1
1528960,150464,1,0,1
774832,150465,1,0,1
1009792,150466,1,1,0
3694800,150467,1,1,0
5198952,150468,1,1,0
6162784,150469,1,1,0
4557608,150470,1,1,0
1353376,150471,1,0,1
477992,150472,1,1,0
140512,150473,1,0,1
6751152,150474,1,1,0
1404896,150475,1,1,0
4803816,150476,1,0,1
7958368,150477,1,1,0
2667792,150478,1,0,1
6306240,150479,1,0,1
1516872,150480,1,0,1
1258336,150481,1,0,1
4752240,150482,1,0,1
7288648,150483,1,0,1
114128,150484,1,0,1
5331320,150485,1,1,0
704288,150486,1,1,0
7462928,150487,1,1,0
4678944,150488,1,0,1
2607840,150489,1,0,1
1006624,150490,1,0,1
628024,150491,1,0,1
7609424,150492,1,0,1
1868528,150493,1,1,0
1498408,150494,1,1,0
1252160,150495,1,0,1
513856,150496,1,1,0
1847056,150497,1,0,1
407688,150498,1,1,0
1747568,150499,1,1,0
3341272,150500,1,0,1
904504,150501,1,0,1
1614504,150502,1,0,1
4592136,150503,1,0,1
6907728,150504,1,1,0
4195576,150505,1,0,1
4115448,150506,1,0,1
3252072,150507,1,0,1
3856968,150508,1,1,0
354632,150509,1,0,1
1568896,150510,1,0,1
1587456,150511,1,1,0
3606032,150512,1,0,1
1067696,150513,1,1,0
1251536,150514,1,1,0
1961456,150515,1,0,1
4885192,150516,1,0,1
5584032,150517,1,1,0
6425152,150518,1,0,1
7576024,150519,1,1,0
247152,150520,1,1,0
1208200,150521,1,1,0
2559440,150522,1,1,0
4695288,150523,1,0,1
280624,150524,1,0,1
1420840,150525,1,0,1
1820888,150526,1,0,1
461768,150527,1,0,1
366280,150528,1,0,1
455096,150529,1,1,0
4733624,150530,1,1,0
5566808,150531,1,1,0
8066392,150532,1,1,0
2272752,150533,1,0,1
2979480,150534,1,1,0
2115488,150535,1,1,0
2077728,150536,1,0,1
5906440,150537,1,0,1
3729320,150538,1,1,0
4248864,150539,1,1,0
321872,150540,1,0,1
367392,150541,1,0,1
949224,150542,1,1,0
4300992,150543,1,0,1
863984,150544,1,0,1
7686640,150545,1,0,1
7987656,150546,1,1,0
7653600,150547,1,0,1
944448,150548,1,1,0
5204000,150549,1,0,1
5227536,150550,1,0,1
322016,150551,1,1,0
3730096,150552,1,1,0
7929064,150553,1,0,1
8200496,150554,1,1,0
2008992,150555,1,1,0
837000,150556,1,0,1
6382776,150557,1,0,1
846352,150558,1,0,1
842512,150559,1,1,0
490576,150560,1,1,0
2117792,150561,1,1,0
7094368,150562,1,0,1
3761656,150563,1,1,0
2514880,150564,1,0,1
5273864,150565,1,0,1
4349552,150566,1,1,0
2486152,150567,1,1,0
8367624,150568,1,1,0
5832280,150569,1,0,1
2436392,150570,1,1,0
2281384,150571,1,1,0
2476600,150572,1,0,1
4036888,150573,1,0,1
1650528,150574,1,1,0
7237352,150575,1,1,0
1220864,150576,1,1,0
1030928,150577,1,1,0
3695120,150578,1,1,0
2692272,150579,1,1,0
785704,150580,1,0,1
1973864,150581,1,0,1
5830528,150582,1,0,1
3446864,150583,1,0,1
608352,150584,1,1,0
2560632,150585,1,1,0
1964648,150586,1,1,0
617976,150587,1,0,1
4508904,150588,1,0,1
376680,150589,1,1,0
2874232,150590,1,1,0
1365448,150591,1,1,0
907256,150592,1,0,1
1032408,150593,1,0,1
460952,150594,1,1,0
1510496,150595,1,1,0
6124600,150596,1,0,1
4246104,150597,1,1,0
4704680,150598,1,0,1
4939752,150599,1,1,0
1732608,150600,1,1,0
1728568,150601,1,1,0
935624,150602,1,0,1
142688,150603,1,1,0
961296,150604,1,1,0
1847544,150605,1,1,0
1735192,150606,1,0,1
115560,150607,1,1,0
3164768,150608,1,1,0
2491456,150609,1,0,1
2519520,150610,1,1,0
472824,150611,1,1,0
1727080,150612,1,0,1
856552,150613,1,0,1
135544,150614,1,1,0
565392,150615,1,0,1
3377144,150616,1,0,1
817112,150617,1,0,1
1780672,150618,1,0,1
1505800,150619,1,1,0
1174576,150620,1,0,1
3017248,150621,1,1,0
2990120,150622,1,0,1
7479128,150623,1,0,1
1568064,150624,1,0,1
1472072,150625,1,0,1
2586704,150626,1,1,0
2934248,150627,1,0,1
2094464,150628,1,1,0
193752,150629,1,1,0
1074656,150630,1,0,1
169920,150631,1,0,1
933872,150632,1,0,1
2015512,150633,1,0,1
737664,150634,1,0,1
549776,150635,1,1,0
1048152,150636,1,0,1
4327808,150637,1,0,1
2058024,150638,1,1,0
1072472,150639,1,0,1
334696,150640,1,0,1
6049664,150641,1,0,1
2011344,150642,1,1,0
942928,150643,1,0,1
1830680,150644,1,1,0
5027328,150645,1,0,1
3128976,150646,1,0,1
323016,150647,1,0,1
1942320,150648,1,0,1
3283784,150649,1,1,0
4782408,150650,1,1,0
1597424,150651,1,0,1
1098608,150652,1,0,1
7361792,150653,1,0,1
311264,150654,1,1,0
139328,150655,1,1,0
1776288,150656,1,0,1
2812144,150657,1,0,1
3778224,150658,1,1,0
1640520,150659,1,0,1
5027104,150660,1,0,1
4822824,150661,1,0,1
2904624,150662,1,1,0
809216,150663,1,0,1
736048,150664,1,0,1
6251648,150665,1,0,1
396368,150666,1,0,1
1790408,150667,1,0,1
1815888,150668,1,1,0
4905224,150669,1,1,0
6438736,150670,1,0,1
8378040,150671,1,1,0
574432,150672,1,0,1
841200,150673,1,1,0
3821200,150674,1,0,1
5403192,150675,1,0,1
7469208,150676,1,0,1
7561752,150677,1,1,0
7150936,150678,1,1,0
1450616,150679,1,1,0
2945992,150680,1,0,1
1903616,150681,1,0,1
1257088,150682,1,1,0
3201784,150683,1,1,0
6707248,150684,1,1,0
6486928,150685,1,0,1
1445176,150686,1,0,1
1346360,150687,1,0,1
5854656,150688,1,0,1
5086872,150689,1,1,0
429880,150690,1,0,1
2589248,150691,1,1,0
1590720,150692,1,1,0
1759240,150693,1,0,1
2317336,150694,1,1,0
3204936,150695,1,1,0
3901856,150696,1,0,1
1799008,150697,1,0,1
7483784,150698,1,0,1
6812376,150699,1,1,0
1253088,150700,1,0,1
2594712,150701,1,1,0
315024,150702,1,0,1
5451352,150703,1,1,0
4102952,150704,1,0,1
2079704,150705,1,1,0
172144,150706,1,0,1
3455072,150707,1,0,1
2487560,150708,1,0,1
2017856,150709,1,1,0
3114056,150710,1,1,0
499824,150711,1,0,1
483832,150712,1,1,0
2882928,150713,1,1,0
643520,150714,1,1,0
6870912,150715,1,1,0
3071992,150716,1,0,1
2980000,150717,1,1,0
422752,150718,1,1,0
1294536,150719,1,0,1
1967256,150720,1,1,0
596008,150721,1,0,1
2496376,150722,1,0,1
4930920,150723,1,1,0
2353160,150724,1,1,0
862072,150725,1,0,1
275944,150726,1,1,0
6739576,150727,1,1,0
152768,150728,1,1,0
485584,150729,1,1,0
2410672,150730,1,1,0
1684264,150731,1,1,0
5392840,150732,1,0,1
819728,150733,1,1,0
2534400,150734,1,1,0
445288,150735,1,0,1
644600,150736,1,0,1
164048,150737,1,1,0
4434392,150738,1,0,1
2888928,150739,1,1,0
448048,150740,1,0,1
90872,150741,1,0,1
622200,150742,1,1,0
6276384,150743,1,1,0
947936,150744,1,1,0
7265856,150745,1,1,0
298248,150746,1,0,1
1823280,150747,1,1,0
352360,150748,1,0,1
3100904,150749,1,1,0
2841984,150750,1,1,0
486056,150751,1,0,1
7942288,150752,1,1,0
2455784,150753,1,0,1
7346528,150754,1,1,0
2934752,150755,1,1,0
1413720,150756,1,1,0
7046416,150757,1,1,0
1067112,150758,1,1,0
409312,150759,1,0,1
2402616,150760,1,1,0
4439872,150761,1,0,1
457136,150762,1,1,0
516152,150763,1,0,1
3678680,150764,1,1,0
3096328,150765,1,0,1
4658680,150766,1,1,0
5661552,150767,1,0,1
1447392,150768,1,1,0
5046856,150769,1,1,0
2003416,150770,1,1,0
6787424,150771,1,0,1
1224096,150772,1,0,1
1304616,150773,1,1,0
5775152,150774,1,1,0
7136504,150775,1,0,1
2145968,150776,1,0,1
959088,150777,1,0,1
2388088,150778,1,1,0
869496,150779,1,0,1
422360,150780,1,0,1
3254168,150781,1,1,0
2739000,150782,1,1,0
2276120,150783,1,0,1
7099984,150784,1,0,1
2567568,150785,1,0,1
1204440,150786,1,1,0
4688680,150787,1,0,1
1395280,150788,1,1,0
4072488,150789,1,1,0
5944016,150790,1,1,0
1576624,150791,1,0,1
2345600,150792,1,0,1
7107488,150793,1,1,0
582872,150794,1,1,0
4772792,150795,1,1,0
630672,150796,1,0,1
1519336,150797,1,1,0
1228216,150798,1,0,1
3105000,150799,1,1,0
1014584,150800,1,0,1
2714904,150801,1,0,1
1511040,150802,1,1,0
3748496,150803,1,1,0
4942088,150804,1,0,1
1512664,150805,1,1,0
4537744,150806,1,0,1
3767440,150807,1,0,1
1417776,150808,1,0,1
7601096,150809,1,0,1
774752,150810,1,1,0
2836640,150811,1,0,1
1354464,150812,1,1,0
5044504,150813,1,0,1
1747016,150814,1,1,0
1874592,150815,1,0,1
4368064,150816,1,1,0
8251992,150817,1,1,0
1527696,150818,1,1,0
389376,150819,1,1,0
1996760,150820,1,0,1
3585592,150821,1,1,0
2309736,150822,1,0,1
1066480,150823,1,1,0
734272,150824,1,0,1
4204136,150825,1,1,0
1020432,150826,1,0,1
292960,150827,1,1,0
1632648,150828,1,1,0
900456,150829,1,0,1
1171312,150830,1,1,0
2723976,150831,1,0,1
890104,150832,1,0,1
4822352,150833,1,0,1
698848,150834,1,0,1
221080,150835,1,1,0
373232,150836,1,0,1
1641352,150837,1,1,0
2392192,150838,1,0,1
4772200,150839,1,0,1
4562720,150840,1,1,0
3842144,150841,1,1,0
8334456,150842,1,1,0
510776,150843,1,0,1
2252680,150844,1,0,1
6151008,150845,1,1,0
769104,150846,1,1,0
2923048,150847,1,1,0
4610192,150848,1,1,0
949760,150849,1,1,0
778592,150850,1,1,0
669320,150851,1,1,0
5765360,150852,1,1,0
2839480,150853,1,1,0
2350248,150854,1,1,0
114080,150855,1,0,1
2128472,150856,1,1,0
797864,150857,1,1,0
1090672,150858,1,1,0
367256,150859,1,1,0
720480,150860,1,1,0
1680096,150861,1,1,0
7521968,150862,1,1,0
1897528,150863,1,0,1
4904040,150864,1,0,1
6103760,150865,1,0,1
3344320,150866,1,0,1
1200864,150867,1,1,0
3592096,150868,1,0,1
7267064,150869,1,1,0
2927512,150870,1,1,0
6526896,150871,1,0,1
2247904,150872,1,0,1
3880200,150873,1,1,0
719424,150874,1,1,0
7215776,150875,1,1,0
3088632,150876,1,1,0
2229840,150877,1,0,1
4576896,150878,1,0,1
3130088,150879,1,0,1
564048,150880,1,1,0
3443272,150881,1,1,0
931848,150882,1,0,1
856560,150883,1,1,0
1434144,150884,1,0,1
108688,150885,1,1,0
7824464,150886,1,0,1
4499696,150887,1,0,1
989216,150888,1,1,0
3696120,150889,1,1,0
2882952,150890,1,0,1
1192272,150891,1,0,1
220536,150892,1,0,1
713032,150893,1,0,1
2704752,150894,1,0,1
654352,150895,1,1,0
3568520,150896,1,0,1
1050984,150897,1,0,1
2054160,150898,1,1,0
807392,150899,1,1,0
5169928,150900,1,0,1
528424,150901,1,0,1
959456,150902,1,1,0
5094224,150903,1,1,0
4052368,150904,1,1,0
6880568,150905,1,0,1
3063400,150906,1,1,0
4862360,150907,1,1,0
2588408,150908,1,1,0
3684864,150909,1,0,1
1447048,150910,1,0,1
4488544,150911,1,1,0
410792,150912,1,0,1
2146040,150913,1,1,0
4762784,150914,1,0,1
692000,150915,1,1,0
3742032,150916,1,1,0
2384808,150917,1,1,0
3320824,150918,1,0,1
88456,150919,1,1,0
521152,150920,1,0,1
657320,150921,1,1,0
2086648,150922,1,1,0
3194144,150923,1,0,1
694392,150924,1,1,0
1767424,150925,1,1,0
2642376,150926,1,0,1
1734400,150927,1,0,1
1390064,150928,1,0,1
237080,150929,1,0,1
3213264,150930,1,0,1
300904,150931,1,1,0
7002016,150932,1,1,0
465416,150933,1,0,1
1971528,150934,1,1,0
2494472,150935,1,0,1
717728,150936,1,0,1
7085976,150937,1,1,0
2423552,150938,1,1,0
2858384,150939,1,0,1
4014992,150940,1,0,1
3612520,150941,1,1,0
6197632,150942,1,0,1
878272,150943,1,0,1
2480504,150944,1,1,0
882352,150945,1,1,0
4394120,150946,1,0,1
2390864,150947,1,1,0
595600,150948,1,1,0
3406872,150949,1,1,0
1899896,150950,1,0,1
2418728,150951,1,0,1
2764136,150952,1,1,0
440784,150953,1,0,1
7172664,150954,1,0,1
2474000,150955,1,0,1
5239176,150956,1,0,1
600240,150957,1,1,0
7807048,150958,1,1,0
2741080,150959,1,1,0
1636328,150960,1,1,0
1970088,150961,1,0,1
2483680,150962,1,1,0
556648,150963,1,1,0
1282296,150964,1,1,0
1978416,150965,1,1,0
5359128,150966,1,1,0
5530480,150967,1,0,1
3352672,150968,1,1,0
1084896,150969,1,1,0
3367272,150970,1,0,1
1193184,150971,1,0,1
909520,150972,1,1,0
2426192,150973,1,1,0
696776,150974,1,1,0
8300912,150975,1,0,1
7915792,150976,1,1,0
2367280,150977,1,1,0
7656680,150978,1,1,0
2675120,150979,1,0,1
364152,150980,1,0,1
8371176,150981,1,0,1
1722672,150982,1,1,0
8199168,150983,1,0,1
167984,150984,1,0,1
4997352,150985,1,0,1
2667016,150986,1,1,0
961600,150987,1,1,0
236528,150988,1,0,1
417856,150989,1,1,0
7038496,150990,1,0,1
3016408,150991,1,0,1
475240,150992,1,1,0
317080,150993,1,0,1
5863632,150994,1,1,0
7065376,150995,1,0,1
5184968,150996,1,0,1
2950240,150997,1,0,1
2030016,150998,1,0,1
717544,150999,1,0,1
2937296,151000,1,1,0
213152,151001,1,0,1
3097136,151002,1,0,1
2945136,151003,1,1,0
360200,151004,1,1,0
8328256,151005,1,1,0
5768992,151006,1,0,1
3566384,151007,1,1,0
233248,151008,1,0,1
672000,151009,1,1,0
583256,151010,1,0,1
5542560,151011,1,1,0
145256,151012,1,1,0
7656728,151013,1,1,0
5430288,151014,1,0,1
8039336,151015,1,0,1
988952,151016,1,0,1
1170376,151017,1,0,1
640688,151018,1,0,1
3479768,151019,1,0,1
1615048,151020,1,0,1
1768680,151021,1,0,1
316296,151022,1,1,0
1323464,151023,1,1,0
478264,151024,1,0,1
2208392,151025,1,0,1
1365400,151026,1,0,1
4406352,151027,1,0,1
1722400,151028,1,0,1
4595896,151029,1,0,1
7168656,151030,1,0,1
2334808,151031,1,0,1
358496,151032,1,0,1
1369720,151033,1,1,0
6283672,151034,1,1,0
297672,151035,1,1,0
3861704,151036,1,1,0
3893328,151037,1,1,0
4594664,151038,1,0,1
4750928,151039,1,1,0
1733816,151040,1,0,1
6187104,151041,1,0,1
7219688,151042,1,0,1
586896,151043,1,1,0
1163080,151044,1,0,1
952208,151045,1,0,1
3917312,151046,1,0,1
1257432,151047,1,1,0
989104,151048,1,1,0
5645752,151049,1,0,1
1141328,151050,1,1,0
5757088,151051,1,1,0
2299408,151052,1,1,0
337640,151053,1,0,1
1406536,151054,1,0,1
797344,151055,1,0,1
1894824,151056,1,1,0
7861840,151057,1,0,1
1939200,151058,1,0,1
4331272,151059,1,0,1
2919512,151060,1,0,1
875728,151061,1,0,1
7568160,151062,1,0,1
118632,151063,1,1,0
2343344,151064,1,1,0
3118336,151065,1,0,1
1475936,151066,1,0,1
3710408,151067,1,0,1
788192,151068,1,0,1
1340312,151069,1,1,0
4590784,151070,1,0,1
476360,151071,1,0,1
5948056,151072,1,0,1
305992,151073,1,1,0
1246648,151074,1,0,1
6279592,151075,1,1,0
313616,151076,1,1,0
2740800,151077,1,1,0
2090544,151078,1,1,0
101848,151079,1,0,1
3225872,151080,1,1,0
1461024,151081,1,1,0
8092736,151082,1,0,1
5708080,151083,1,0,1
3837416,151084,1,1,0
2077624,151085,1,1,0
6251816,151086,1,0,1
2609640,151087,1,1,0
222832,151088,1,0,1
246888,151089,1,1,0
2523328,151090,1,1,0
2531016,151091,1,0,1
3462448,151092,1,1,0
5924944,151093,1,0,1
4306192,151094,1,1,0
2464072,151095,1,1,0
873488,151096,1,1,0
1121760,151097,1,0,1
293016,151098,1,0,1
7039168,151099,1,1,0
828336,151100,1,1,0
3760840,151101,1,1,0
3742064,151102,1,1,0
2231536,151103,1,0,1
4316160,151104,1,0,1
4995992,151105,1,0,1
4086664,151106,1,0,1
682112,151107,1,0,1
1302048,151108,1,0,1
3837816,151109,1,1,0
3395904,151110,1,0,1
4160112,151111,1,1,0
2780320,151112,1,1,0
2489920,151113,1,0,1
830384,151114,1,1,0
3316560,151115,1,1,0
2105352,151116,1,1,0
8276656,151117,1,1,0
7997360,151118,1,1,0
1800136,151119,1,1,0
699224,151120,1,0,1
1326096,151121,1,1,0
2574520,151122,1,0,1
6124504,151123,1,1,0
2286264,151124,1,1,0
1235496,151125,1,0,1
1079792,151126,1,1,0
267208,151127,1,1,0
647232,151128,1,1,0
1895752,151129,1,1,0
878432,151130,1,1,0
777224,151131,1,0,1
4539536,151132,1,1,0
1477832,151133,1,0,1
1895408,151134,1,1,0
1219856,151135,1,1,0
1620760,151136,1,0,1
2026496,151137,1,0,1
1577632,151138,1,0,1
602912,151139,1,1,0
1122720,151140,1,0,1
8019760,151141,1,1,0
308352,151142,1,0,1
285264,151143,1,1,0
1939872,151144,1,1,0
8068936,151145,1,1,0
371656,151146,1,1,0
7045888,151147,1,1,0
1599368,151148,1,0,1
1781912,151149,1,0,1
6640200,151150,1,0,1
2416816,151151,1,1,0
2245464,151152,1,1,0
831080,151153,1,0,1
3202736,151154,1,0,1
5636208,151155,1,0,1
3101320,151156,1,1,0
417352,151157,1,0,1
4949792,151158,1,1,0
2212448,151159,1,1,0
461816,151160,1,1,0
2844864,151161,1,0,1
6282464,151162,1,0,1
2266760,151163,1,0,1
7827808,151164,1,1,0
859016,151165,1,0,1
5625576,151166,1,0,1
1027936,151167,1,1,0
6966776,151168,1,0,1
1389064,151169,1,0,1
4981536,151170,1,0,1
5957584,151171,1,0,1
2821952,151172,1,1,0
7875712,151173,1,0,1
6997248,151174,1,1,0
1399704,151175,1,1,0
1488416,151176,1,0,1
609216,151177,1,1,0
1494248,151178,1,1,0
353408,151179,1,0,1
6101736,151180,1,1,0
3661664,151181,1,0,1
1633240,151182,1,0,1
295592,151183,1,0,1
8045672,151184,1,1,0
809456,151185,1,1,0
440184,151186,1,1,0
327344,151187,1,1,0
411960,151188,1,0,1
829296,151189,1,1,0
3637896,151190,1,1,0
6482424,151191,1,1,0
415904,151192,1,0,1
2079248,151193,1,0,1
702096,151194,1,1,0
1202232,151195,1,1,0
1814432,151196,1,0,1
1696736,151197,1,0,1
723944,151198,1,1,0
6416760,151199,1,0,1
5285672,151200,1,1,0
1966152,151201,1,0,1
5606704,151202,1,0,1
1677080,151203,1,1,0
1764976,151204,1,0,1
1384984,151205,1,1,0
4145896,151206,1,0,1
1571720,151207,1,0,1
7916288,151208,1,0,1
1272920,151209,1,1,0
1209840,151210,1,1,0
7355848,151211,1,0,1
1650920,151212,1,1,0
1779304,151213,1,0,1
5917792,151214,1,1,0
4832320,151215,1,1,0
1985192,151216,1,1,0
5371792,151217,1,0,1
1048384,151218,1,1,0
3695976,151219,1,0,1
4586112,151220,1,0,1
1208864,151221,1,0,1
2127776,151222,1,0,1
3690984,151223,1,1,0
7089928,151224,1,1,0
1821744,151225,1,0,1
221768,151226,1,1,0
194896,151227,1,1,0
3688776,151228,1,1,0
2988520,151229,1,0,1
766392,151230,1,1,0
6028104,151231,1,0,1
2606312,151232,1,0,1
1131960,151233,1,1,0
3416752,151234,1,0,1
1450736,151235,1,1,0
3446624,151236,1,0,1
1477584,151237,1,0,1
6635136,151238,1,0,1
3497192,151239,1,1,0
4125392,151240,1,1,0
1661432,151241,1,0,1
4660888,151242,1,0,1
6127336,151243,1,1,0
1041344,151244,1,1,0
2127848,151245,1,0,1
6743888,151246,1,0,1
2583608,151247,1,1,0
2282608,151248,1,0,1
475640,151249,1,0,1
5049840,151250,1,1,0
5531712,151251,1,0,1
3425184,151252,1,0,1
1410576,151253,1,1,0
1006976,151254,1,1,0
6319000,151255,1,0,1
3639768,151256,1,1,0
798344,151257,1,0,1
2717368,151258,1,0,1
3082864,151259,1,0,1
143184,151260,1,1,0
3646608,151261,1,0,1
812624,151262,1,0,1
737392,151263,1,0,1
253088,151264,1,0,1
8215432,151265,1,0,1
731032,151266,1,1,0
2477704,151267,1,1,0
1862992,151268,1,0,1
5901616,151269,1,1,0
5438488,151270,1,0,1
4112232,151271,1,0,1
6814720,151272,1,0,1
8351488,151273,1,0,1
4112680,151274,1,0,1
3208832,151275,1,1,0
6974480,151276,1,1,0
2472136,151277,1,0,1
6198496,151278,1,0,1
5421728,151279,1,1,0
2329264,151280,1,1,0
4472176,151281,1,1,0
2155272,151282,1,0,1
1446496,151283,1,1,0
415984,151284,1,0,1
1859040,151285,1,0,1
6861256,151286,1,1,0
1125424,151287,1,0,1
365048,151288,1,1,0
3287888,151289,1,0,1
923760,151290,1,1,0
3847936,151291,1,1,0
5932224,151292,1,1,0
2388248,151293,1,0,1
4838192,151294,1,1,0
2354208,151295,1,1,0
3628928,151296,1,1,0
607328,151297,1,0,1
1375736,151298,1,0,1
1994760,151299,1,0,1
587312,151300,1,1,0
1672000,151301,1,1,0
1791800,151302,1,1,0
149896,151303,1,0,1
518640,151304,1,1,0
1136384,151305,1,1,0
3092936,151306,1,0,1
1323312,151307,1,1,0
1783688,151308,1,1,0
3120328,151309,1,1,0
6183864,151310,1,0,1
3403384,151311,1,1,0
123760,151312,1,1,0
2962936,151313,1,1,0
6102808,151314,1,1,0
1055624,151315,1,0,1
436648,151316,1,0,1
245920,151317,1,0,1
2175304,151318,1,0,1
4535608,151319,1,0,1
222320,151320,1,0,1
2384896,151321,1,0,1
715640,151322,1,1,0
594440,151323,1,0,1
1389320,151324,1,0,1
1059312,151325,1,0,1
4531840,151326,1,1,0
307768,151327,1,1,0
1780584,151328,1,0,1
1029864,151329,1,0,1
1644432,151330,1,1,0
6446768,151331,1,1,0
495720,151332,1,1,0
813032,151333,1,1,0
1430000,151334,1,1,0
5057112,151335,1,0,1
1202520,151336,1,0,1
1548424,151337,1,1,0
2807816,151338,1,1,0
148032,151339,1,1,0
7725680,151340,1,1,0
1125248,151341,1,1,0
524752,151342,1,1,0
8132544,151343,1,1,0
699176,151344,1,1,0
3479272,151345,1,1,0
492096,151346,1,1,0
192648,151347,1,0,1
3820784,151348,1,1,0
1002912,151349,1,1,0
3323744,151350,1,1,0
4421824,151351,1,1,0
2754672,151352,1,1,0
2368920,151353,1,1,0
3816368,151354,1,0,1
6914736,151355,1,1,0
3479320,151356,1,0,1
5827648,151357,1,0,1
1317816,151358,1,0,1
3889584,151359,1,0,1
6280880,151360,1,0,1
7772672,151361,1,0,1
3406704,151362,1,1,0
2093760,151363,1,1,0
5553224,151364,1,1,0
282160,151365,1,0,1
7894376,151366,1,1,0
1600504,151367,1,1,0
1575352,151368,1,1,0
7656544,151369,1,0,1
114400,151370,1,1,0
6860568,151371,1,0,1
3312520,151372,1,0,1
6643984,151373,1,0,1
263544,151374,1,0,1
2075832,151375,1,1,0
3452064,151376,1,1,0
2065160,151377,1,1,0
6112888,151378,1,0,1
1167480,151379,1,1,0
1637616,151380,1,0,1
731456,151381,1,0,1
1157248,151382,1,0,1
2452456,151383,1,1,0
610056,151384,1,0,1
6210672,151385,1,0,1
6728496,151386,1,1,0
354200,151387,1,1,0
518904,151388,1,0,1
308064,151389,1,0,1
559888,151390,1,1,0
1890008,151391,1,1,0
6688192,151392,1,0,1
6925608,151393,1,0,1
2393200,151394,1,0,1
4436872,151395,1,0,1
2195296,151396,1,1,0
8350584,151397,1,1,0
1844480,151398,1,1,0
1108688,151399,1,1,0
339792,151400,1,0,1
327128,151401,1,0,1
6728680,151402,1,1,0
1426672,151403,1,0,1
5618200,151404,1,1,0
4060664,151405,1,1,0
4501352,151406,1,1,0
7250256,151407,1,1,0
716112,151408,1,1,0
8379304,151409,1,0,1
1813632,151410,1,0,1
3556080,151411,1,0,1
902728,151412,1,0,1
5440584,151413,1,0,1
3466064,151414,1,1,0
1481624,151415,1,1,0
3654320,151416,1,0,1
6316064,151417,1,0,1
4316944,151418,1,0,1
574272,151419,1,0,1
203520,151420,1,1,0
6214608,151421,1,1,0
2799424,151422,1,1,0
5244328,151423,1,1,0
513320,151424,1,1,0
1919432,151425,1,0,1
4510304,151426,1,1,0
5637072,151427,1,1,0
7423624,151428,1,1,0
1311248,151429,1,1,0
196480,151430,1,0,1
2653728,151431,1,1,0
5895584,151432,1,0,1
266408,151433,1,0,1
1085272,151434,1,0,1
424944,151435,1,1,0
4253128,151436,1,0,1
5403824,151437,1,0,1
6866168,151438,1,1,0
3577600,151439,1,1,0
1096368,151440,1,0,1
6414200,151441,1,1,0
1115536,151442,1,1,0
5540600,151443,1,1,0
5209744,151444,1,0,1
246832,151445,1,0,1
1831632,151446,1,1,0
6339824,151447,1,1,0
3164392,151448,1,1,0
7158112,151449,1,1,0
1328000,151450,1,0,1
234552,151451,1,0,1
8189040,151452,1,1,0
1568712,151453,1,1,0
7988520,151454,1,1,0
3495960,151455,1,0,1
757056,151456,1,1,0
698656,151457,1,1,0
1236304,151458,1,0,1
3881352,151459,1,0,1
5015440,151460,1,1,0
4922624,151461,1,1,0
1048672,151462,1,0,1
1060408,151463,1,0,1
6979296,151464,1,0,1
3924536,151465,1,0,1
7082672,151466,1,0,1
5574656,151467,1,1,0
6406232,151468,1,0,1
3737712,151469,1,0,1
2102160,151470,1,0,1
2047032,151471,1,1,0
2046592,151472,1,1,0
6506936,151473,1,0,1
188392,151474,1,0,1
7836384,151475,1,0,1
89640,151476,1,1,0
589784,151477,1,0,1
3542776,151478,1,0,1
4730680,151479,1,1,0
3465856,151480,1,1,0
232000,151481,1,1,0
400880,151482,1,0,1
1002560,151483,1,1,0
584968,151484,1,0,1
1045512,151485,1,1,0
4364776,151486,1,0,1
7773416,151487,1,0,1
5461120,151488,1,0,1
6579456,151489,1,0,1
1677824,151490,1,0,1
5300992,151491,1,1,0
2553816,151492,1,0,1
5400032,151493,1,0,1
765768,151494,1,0,1
3658224,151495,1,1,0
5625744,151496,1,1,0
3804584,151497,1,0,1
587024,151498,1,0,1
2710896,151499,1,1,0
820128,151500,1,0,1
1732568,151501,1,1,0
2116632,151502,1,0,1
979280,151503,1,1,0
1078344,151504,1,0,1
3860256,151505,1,0,1
2403472,151506,1,0,1
5711632,151507,1,1,0
3515600,151508,1,1,0
163424,151509,1,0,1
571464,151510,1,1,0
1456184,151511,1,0,1
2135448,151512,1,0,1
1193216,151513,1,0,1
8005248,151514,1,0,1
712904,151515,1,0,1
923864,151516,1,0,1
3680184,151517,1,1,0
6808280,151518,1,1,0
972760,151519,1,0,1
2419544,151520,1,1,0
333016,151521,1,1,0
2039424,151522,1,1,0
1554440,151523,1,1,0
3491808,151524,1,1,0
2777392,151525,1,0,1
3180128,151526,1,1,0
138608,151527,1,1,0
265176,151528,1,1,0
189376,151529,1,0,1
2242864,151530,1,0,1
3122472,151531,1,0,1
4287064,151532,1,0,1
5506248,151533,1,0,1
1311720,151534,1,0,1
797104,151535,1,1,0
4673000,151536,1,1,0
1748016,151537,1,0,1
1345936,151538,1,1,0
2977528,151539,1,1,0
1707136,151540,1,0,1
3789376,151541,1,0,1
7269392,151542,1,0,1
1031256,151543,1,0,1
444936,151544,1,0,1
317576,151545,1,1,0
3706488,151546,1,0,1
1493232,151547,1,0,1
1385416,151548,1,1,0
3766744,151549,1,1,0
770736,151550,1,0,1
3373432,151551,1,1,0
6839248,151552,1,0,1
5685320,151553,1,0,1
3835800,151554,1,1,0
6163376,151555,1,1,0
1911360,151556,1,0,1
1733120,151557,1,0,1
5396328,151558,1,1,0
2048808,151559,1,0,1
6907888,151560,1,0,1
271456,151561,1,0,1
421392,151562,1,0,1
1364904,151563,1,1,0
5984936,151564,1,0,1
5835112,151565,1,1,0
851880,151566,1,0,1
209600,151567,1,0,1
2705592,151568,1,1,0
1365376,151569,1,1,0
974664,151570,1,1,0
8153600,151571,1,1,0
4864128,151572,1,0,1
6449312,151573,1,1,0
312384,151574,1,0,1
1888872,151575,1,1,0
8078208,151576,1,1,0
4890872,151577,1,1,0
2051056,151578,1,1,0
5402576,151579,1,0,1
2916792,151580,1,0,1
628176,151581,1,0,1
2897632,151582,1,1,0
8075248,151583,1,1,0
1099304,151584,1,0,1
6233736,151585,1,1,0
2135728,151586,1,1,0
3501280,151587,1,0,1
8204224,151588,1,0,1
2795544,151589,1,0,1
274264,151590,1,0,1
4024512,151591,1,1,0
6014872,151592,1,1,0
4278640,151593,1,1,0
6668664,151594,1,1,0
5429920,151595,1,0,1
3893976,151596,1,0,1
5285576,151597,1,0,1
2092376,151598,1,0,1
3554376,151599,1,1,0
2320472,151600,1,1,0
1548896,151601,1,0,1
3187792,151602,1,1,0
594288,151603,1,1,0
2461504,151604,1,0,1
496784,151605,1,0,1
7905704,151606,1,1,0
237320,151607,1,1,0
1834256,151608,1,1,0
5397832,151609,1,1,0
3936272,151610,1,0,1
4932520,151611,1,0,1
5731992,151612,1,1,0
7372056,151613,1,1,0
5603136,151614,1,0,1
110440,151615,1,1,0
1906424,151616,1,1,0
453656,151617,1,0,1
4278152,151618,1,0,1
677216,151619,1,1,0
2859888,151620,1,0,1
4005576,151621,1,1,0
1936312,151622,1,1,0
3242192,151623,1,1,0
1995304,151624,1,1,0
5464464,151625,1,1,0
308968,151626,1,0,1
510648,151627,1,0,1
2279136,151628,1,0,1
4343640,151629,1,0,1
1963592,151630,1,1,0
673512,151631,1,0,1
1972496,151632,1,1,0
717216,151633,1,1,0
782544,151634,1,0,1
781080,151635,1,1,0
2918568,151636,1,1,0
5564720,151637,1,0,1
264024,151638,1,0,1
448184,151639,1,0,1
1680568,151640,1,1,0
5784224,151641,1,1,0
1125480,151642,1,0,1
3756800,151643,1,1,0
503312,151644,1,1,0
4593792,151645,1,1,0
579104,151646,1,0,1
1481656,151647,1,0,1
4902576,151648,1,1,0
7593416,151649,1,1,0
455632,151650,1,0,1
3347008,151651,1,1,0
1873264,151652,1,1,0
2210688,151653,1,0,1
1137464,151654,1,0,1
1200472,151655,1,0,1
3510816,151656,1,0,1
2089496,151657,1,0,1
1373576,151658,1,0,1
4832848,151659,1,0,1
1253840,151660,1,0,1
909736,151661,1,1,0
1162128,151662,1,1,0
5276696,151663,1,1,0
513984,151664,1,1,0
1308512,151665,1,1,0
2200328,151666,1,0,1
1049800,151667,1,0,1
7825960,151668,1,0,1
6900592,151669,1,1,0
4834976,151670,1,1,0
3481544,151671,1,0,1
2557712,151672,1,0,1
4688368,151673,1,0,1
1963248,151674,1,0,1
1981048,151675,1,0,1
2225616,151676,1,1,0
5953024,151677,1,0,1
5661592,151678,1,0,1
307720,151679,1,0,1
5064584,151680,1,1,0
1438136,151681,1,1,0
599904,151682,1,1,0
5740912,151683,1,1,0
2237152,151684,1,0,1
1799864,151685,1,0,1
2475296,151686,1,0,1
7776768,151687,1,1,0
5190904,151688,1,0,1
4638880,151689,1,0,1
5458704,151690,1,0,1
1503920,151691,1,1,0
3757808,151692,1,0,1
5695424,151693,1,1,0
991184,151694,1,0,1
3089760,151695,1,1,0
1641288,151696,1,1,0
251936,151697,1,0,1
2193176,151698,1,0,1
341288,151699,1,0,1
600408,151700,1,0,1
1719880,151701,1,1,0
3730256,151702,1,0,1
2270776,151703,1,1,0
3266808,151704,1,0,1
1748976,151705,1,1,0
6731712,151706,1,1,0
3322752,151707,1,0,1
855872,151708,1,0,1
177632,151709,1,0,1
1953096,151710,1,0,1
4150784,151711,1,1,0
4923344,151712,1,1,0
3860104,151713,1,1,0
2622576,151714,1,1,0
5211400,151715,1,1,0
4213880,151716,1,1,0
7627616,151717,1,1,0
1049592,151718,1,1,0
6738864,151719,1,0,1
3186072,151720,1,0,1
3551096,151721,1,1,0
758392,151722,1,0,1
5908048,151723,1,0,1
5284824,151724,1,0,1
640672,151725,1,0,1
1488928,151726,1,0,1
3673320,151727,1,0,1
467312,151728,1,1,0
1649896,151729,1,1,0
1390176,151730,1,0,1
6044376,151731,1,0,1
5466704,151732,1,0,1
6847952,151733,1,0,1
600384,151734,1,0,1
1909552,151735,1,0,1
977608,151736,1,1,0
802176,151737,1,0,1
854680,151738,1,0,1
7714040,151739,1,1,0
1513416,151740,1,0,1
845200,151741,1,0,1
8179384,151742,1,0,1
3083824,151743,1,0,1
7112344,151744,1,0,1
6642672,151745,1,0,1
1885624,151746,1,1,0
5528272,151747,1,1,0
3626472,151748,1,1,0
919448,151749,1,1,0
2994240,151750,1,1,0
3530640,151751,1,0,1
4581544,151752,1,1,0
1985664,151753,1,1,0
6503288,151754,1,0,1
3749104,151755,1,1,0
766840,151756,1,1,0
2260176,151757,1,1,0
5336824,151758,1,0,1
7069520,151759,1,0,1
1260312,151760,1,0,1
6202400,151761,1,1,0
1801960,151762,1,1,0
6587640,151763,1,1,0
6139800,151764,1,1,0
1287312,151765,1,0,1
6756168,151766,1,0,1
283272,151767,1,0,1
5012072,151768,1,1,0
1929728,151769,1,0,1
1374656,151770,1,0,1
7069144,151771,1,0,1
4256832,151772,1,0,1
2708536,151773,1,1,0
6723032,151774,1,1,0
3749160,151775,1,0,1
7185952,151776,1,1,0
744736,151777,1,0,1
4766800,151778,1,0,1
326360,151779,1,1,0
3932528,151780,1,0,1
552896,151781,1,0,1
378664,151782,1,0,1
6891360,151783,1,1,0
1390224,151784,1,0,1
3640712,151785,1,0,1
2706080,151786,1,0,1
2040312,151787,1,1,0
2281520,151788,1,1,0
410440,151789,1,0,1
3118352,151790,1,0,1
3228176,151791,1,1,0
230024,151792,1,1,0
953480,151793,1,0,1
1901432,151794,1,0,1
5416832,151795,1,1,0
3719928,151796,1,0,1
2905968,151797,1,0,1
2605776,151798,1,1,0
2039392,151799,1,0,1
796616,151800,1,1,0
487096,151801,1,1,0
509088,151802,1,1,0
598016,151803,1,0,1
3374840,151804,1,1,0
560312,151805,1,0,1
6677344,151806,1,0,1
670328,151807,1,1,0
1701112,151808,1,1,0
4132120,151809,1,0,1
597568,151810,1,0,1
5942056,151811,1,0,1
7110688,151812,1,0,1
8275152,151813,1,1,0
7040168,151814,1,1,0
7432280,151815,1,0,1
6063512,151816,1,1,0
4763048,151817,1,1,0
7255520,151818,1,1,0
1443976,151819,1,0,1
4477656,151820,1,1,0
401120,151821,1,0,1
476208,151822,1,1,0
539728,151823,1,0,1
2304640,151824,1,0,1
1227344,151825,1,1,0
4660120,151826,1,0,1
2475008,151827,1,1,0
2472424,151828,1,1,0
2410112,151829,1,1,0
1204960,151830,1,0,1
398144,151831,1,1,0
4564992,151832,1,1,0
1190008,151833,1,0,1
1012216,151834,1,0,1
825656,151835,1,0,1
1170064,151836,1,0,1
1790176,151837,1,0,1
1925312,151838,1,1,0
3379456,151839,1,1,0
3124776,151840,1,1,0
1153840,151841,1,1,0
1022384,151842,1,0,1
3101080,151843,1,0,1
2016240,151844,1,1,0
2832576,151845,1,0,1
2587720,151846,1,1,0
1637824,151847,1,1,0
5068912,151848,1,0,1
2272688,151849,1,1,0
4330680,151850,1,1,0
4559840,151851,1,1,0
5741272,151852,1,1,0
8193824,151853,1,1,0
2743736,151854,1,0,1
7553344,151855,1,1,0
651936,151856,1,0,1
6978352,151857,1,0,1
4361640,151858,1,1,0
2685848,151859,1,1,0
2890968,151860,1,1,0
343888,151861,1,0,1
4693448,151862,1,1,0
6096272,151863,1,1,0
890456,151864,1,0,1
1418488,151865,1,1,0
157416,151866,1,0,1
2813744,151867,1,1,0
6409784,151868,1,0,1
933944,151869,1,0,1
611960,151870,1,0,1
2150416,151871,1,0,1
7158328,151872,1,0,1
6527384,151873,1,1,0
3695512,151874,1,1,0
119312,151875,1,1,0
1554560,151876,1,0,1
1532512,151877,1,1,0
6025216,151878,1,0,1
1996464,151879,1,1,0
5155792,151880,1,1,0
3698944,151881,1,1,0
913456,151882,1,0,1
974984,151883,1,0,1
414776,151884,1,0,1
2141728,151885,1,1,0
3595864,151886,1,1,0
2340504,151887,1,1,0
4333576,151888,1,1,0
7364576,151889,1,0,1
1609120,151890,1,0,1
6472824,151891,1,1,0
237664,151892,1,0,1
3864784,151893,1,0,1
1569640,151894,1,1,0
618568,151895,1,0,1
2039896,151896,1,1,0
8263408,151897,1,1,0
1343320,151898,1,1,0
1424352,151899,1,0,1
1008352,151900,1,1,0
2799616,151901,1,0,1
3218768,151902,1,0,1
371144,151903,1,1,0
1709624,151904,1,0,1
2048184,151905,1,1,0
7166488,151906,1,0,1
6228216,151907,1,0,1
750592,151908,1,0,1
2276984,151909,1,1,0
340328,151910,1,0,1
393152,151911,1,0,1
2876832,151912,1,0,1
8153232,151913,1,0,1
2798440,151914,1,1,0
6844360,151915,1,0,1
4264992,151916,1,0,1
3309544,151917,1,1,0
4113384,151918,1,1,0
530752,151919,1,0,1
1528688,151920,1,0,1
5961904,151921,1,0,1
730232,151922,1,0,1
8159328,151923,1,0,1
4944904,151924,1,0,1
2706672,151925,1,0,1
815392,151926,1,1,0
921296,151927,1,0,1
7677648,151928,1,0,1
1171128,151929,1,1,0
257064,151930,1,1,0
7701336,151931,1,0,1
1458216,151932,1,1,0
5714768,151933,1,0,1
1329328,151934,1,0,1
538792,151935,1,0,1
953872,151936,1,1,0
1174248,151937,1,1,0
605840,151938,1,1,0
3876464,151939,1,1,0
4039144,151940,1,0,1
401184,151941,1,0,1
1654000,151942,1,1,0
1176728,151943,1,0,1
3900360,151944,1,0,1
4180112,151945,1,1,0
1404056,151946,1,0,1
3496624,151947,1,1,0
734136,151948,1,1,0
2912184,151949,1,0,1
305904,151950,1,1,0
6242360,151951,1,1,0
410128,151952,1,1,0
867200,151953,1,0,1
233736,151954,1,0,1
1468976,151955,1,1,0
2441872,151956,1,1,0
3342088,151957,1,1,0
8359792,151958,1,1,0
3009832,151959,1,0,1
1461312,151960,1,0,1
5382176,151961,1,0,1
577112,151962,1,0,1
1727448,151963,1,1,0
6448192,151964,1,0,1
513472,151965,1,1,0
4477672,151966,1,0,1
4919952,151967,1,1,0
1184616,151968,1,0,1
6355584,151969,1,0,1
659752,151970,1,1,0
4400016,151971,1,0,1
3163192,151972,1,0,1
2608568,151973,1,0,1
3006464,151974,1,1,0
1119560,151975,1,0,1
83536,151976,1,0,1
265920,151977,1,0,1
1257608,151978,1,0,1
5622176,151979,1,1,0
2596944,151980,1,1,0
288376,151981,1,0,1
713264,151982,1,1,0
4381016,151983,1,1,0
7100000,151984,1,0,1
190176,151985,1,0,1
7490496,151986,1,0,1
424448,151987,1,1,0
3361080,151988,1,0,1
3500120,151989,1,1,0
3844952,151990,1,0,1
160376,151991,1,1,0
420248,151992,1,0,1
4705176,151993,1,0,1
1006248,151994,1,1,0
2956304,151995,1,1,0
3314192,151996,1,1,0
308992,151997,1,1,0
1991208,151998,1,1,0
8127440,151999,1,0,1
6584232,152000,1,0,1
375040,152001,1,0,1
312728,152002,1,0,1
4750736,152003,1,1,0
5158656,152004,1,0,1
5597664,152005,1,0,1
7142656,152006,1,1,0
1560672,152007,1,0,1
382392,152008,1,0,1
979792,152009,1,1,0
69040,152010,1,0,1
5931624,152011,1,1,0
833496,152012,1,1,0
2152016,152013,1,1,0
819832,152014,1,1,0
4865224,152015,1,1,0
1545536,152016,1,1,0
484408,152017,1,1,0
2502648,152018,1,0,1
854568,152019,1,0,1
384912,152020,1,0,1
4471024,152021,1,1,0
3804224,152022,1,1,0
1326992,152023,1,1,0
1396656,152024,1,1,0
3223728,152025,1,0,1
1075280,152026,1,0,1
240288,152027,1,1,0
1512936,152028,1,1,0
2917456,152029,1,1,0
1042600,152030,1,0,1
223576,152031,1,0,1
888176,152032,1,1,0
5169328,152033,1,0,1
1042208,152034,1,0,1
1669320,152035,1,0,1
863408,152036,1,1,0
1584984,152037,1,0,1
3150328,152038,1,1,0
1729856,152039,1,0,1
7021704,152040,1,1,0
6579616,152041,1,0,1
3800376,152042,1,0,1
2997864,152043,1,1,0
1428072,152044,1,1,0
3498264,152045,1,1,0
5728184,152046,1,1,0
761776,152047,1,1,0
2693944,152048,1,0,1
1141688,152049,1,1,0
592240,152050,1,1,0
1130024,152051,1,1,0
723128,152052,1,0,1
7156744,152053,1,1,0
1234208,152054,1,0,1
5248144,152055,1,1,0
1434912,152056,1,1,0
2683576,152057,1,1,0
677816,152058,1,0,1
4597360,152059,1,1,0
1520320,152060,1,0,1
5056024,152061,1,0,1
2575648,152062,1,1,0
1628600,152063,1,1,0
1085208,152064,1,0,1
3299800,152065,1,1,0
1455512,152066,1,1,0
3749456,152067,1,1,0
3812552,152068,1,1,0
123880,152069,1,0,1
3379448,152070,1,0,1
3772352,152071,1,0,1
2501600,152072,1,1,0
1574344,152073,1,0,1
1175112,152074,1,0,1
5389440,152075,1,1,0
7168696,152076,1,0,1
590056,152077,1,1,0
958184,152078,1,0,1
309480,152079,1,0,1
4947576,152080,1,0,1
4287440,152081,1,1,0
394016,152082,1,0,1
394352,152083,1,1,0
1795888,152084,1,1,0
3619656,152085,1,1,0
7324752,152086,1,0,1
4193432,152087,1,1,0
7309896,152088,1,1,0
2711072,152089,1,0,1
4418304,152090,1,0,1
2459616,152091,1,1,0
1425912,152092,1,1,0
2776128,152093,1,1,0
570640,152094,1,1,0
3509224,152095,1,1,0
1253488,152096,1,1,0
2133304,152097,1,0,1
522144,152098,1,0,1
7877016,152099,1,1,0
3423368,152100,1,1,0
6343648,152101,1,1,0
3133160,152102,1,0,1
820360,152103,1,0,1
3712576,152104,1,1,0
8332336,152105,1,1,0
5375784,152106,1,0,1
4904592,152107,1,0,1
2896968,152108,1,1,0
890856,152109,1,0,1
2607304,152110,1,0,1
442384,152111,1,0,1
477936,152112,1,0,1
6757368,152113,1,0,1
309912,152114,1,0,1
3281976,152115,1,0,1
5311656,152116,1,0,1
1568640,152117,1,1,0
3332976,152118,1,0,1
662192,152119,1,0,1
7059720,152120,1,1,0
3623600,152121,1,1,0
522200,152122,1,0,1
4126968,152123,1,1,0
2149464,152124,1,0,1
519304,152125,1,1,0
5892024,152126,1,0,1
1208224,152127,1,0,1
1973320,152128,1,0,1
659872,152129,1,0,1
6888192,152130,1,1,0
261696,152131,1,0,1
1591656,152132,1,1,0
4893976,152133,1,0,1
3055872,152134,1,0,1
7322360,152135,1,1,0
4610272,152136,1,0,1
915712,152137,1,0,1
3254048,152138,1,1,0
2079528,152139,1,1,0
2180344,152140,1,0,1
1931120,152141,1,0,1
7991552,152142,1,0,1
1747648,152143,1,0,1
3342184,152144,1,1,0
4788808,152145,1,1,0
853560,152146,1,0,1
7704256,152147,1,1,0
1588952,152148,1,0,1
531656,152149,1,1,0
667640,152150,1,0,1
1014360,152151,1,0,1
2278008,152152,1,1,0
3858720,152153,1,1,0
881448,152154,1,0,1
506656,152155,1,0,1
1289056,152156,1,1,0
263208,152157,1,1,0
853952,152158,1,0,1
398832,152159,1,1,0
964616,152160,1,0,1
6378608,152161,1,0,1
1417896,152162,1,1,0
1988976,152163,1,0,1
4925096,152164,1,1,0
8266760,152165,1,0,1
1086176,152166,1,0,1
5462528,152167,1,0,1
2290904,152168,1,0,1
1515464,152169,1,0,1
4791664,152170,1,1,0
1177592,152171,1,1,0
631592,152172,1,1,0
459696,152173,1,1,0
266576,152174,1,0,1
2289352,152175,1,1,0
1970656,152176,1,1,0
6993192,152177,1,1,0
673352,152178,1,0,1
4207216,152179,1,0,1
4794976,152180,1,0,1
2353992,152181,1,0,1
3886560,152182,1,1,0
1703224,152183,1,0,1
1534504,152184,1,0,1
5327752,152185,1,1,0
1792208,152186,1,1,0
544456,152187,1,0,1
86784,152188,1,0,1
7343032,152189,1,1,0
4607064,152190,1,1,0
5417616,152191,1,0,1
7956472,152192,1,0,1
301496,152193,1,1,0
7291872,152194,1,1,0
631872,152195,1,0,1
1453648,152196,1,1,0
6721856,152197,1,1,0
4642992,152198,1,0,1
3656648,152199,1,0,1
2353576,152200,1,1,0
2333912,152201,1,0,1
450376,152202,1,1,0
3813968,152203,1,0,1
2019696,152204,1,0,1
940720,152205,1,1,0
2424760,152206,1,0,1
355912,152207,1,0,1
339008,152208,1,0,1
248176,152209,1,1,0
1070112,152210,1,1,0
7335232,152211,1,0,1
379696,152212,1,0,1
2884024,152213,1,1,0
7929984,152214,1,1,0
1996968,152215,1,1,0
3060648,152216,1,0,1
3427720,152217,1,1,0
7851448,152218,1,0,1
6615192,152219,1,0,1
7453680,152220,1,0,1
825752,152221,1,0,1
3073440,152222,1,1,0
3745616,152223,1,1,0
180952,152224,1,0,1
1698288,152225,1,1,0
3711544,152226,1,1,0
2593632,152227,1,1,0
1185224,152228,1,0,1
2695776,152229,1,0,1
461160,152230,1,0,1
533184,152231,1,0,1
3514288,152232,1,0,1
3475776,152233,1,0,1
5163768,152234,1,1,0
7405496,152235,1,0,1
1196184,152236,1,1,0
1953832,152237,1,0,1
3487832,152238,1,1,0
2933680,152239,1,1,0
1236176,152240,1,1,0
6397696,152241,1,0,1
1048888,152242,1,1,0
230568,152243,1,1,0
6014120,152244,1,1,0
407584,152245,1,0,1
6224128,152246,1,0,1
1978144,152247,1,0,1
1540232,152248,1,0,1
207360,152249,1,1,0
1112688,152250,1,0,1
1153920,152251,1,0,1
1442088,152252,1,1,0
2439568,152253,1,1,0
1307464,152254,1,1,0
6801448,152255,1,1,0
3405616,152256,1,1,0
903368,152257,1,1,0
5429528,152258,1,0,1
5013128,152259,1,1,0
8225656,152260,1,1,0
1011568,152261,1,1,0
7124576,152262,1,1,0
278008,152263,1,1,0
368616,152264,1,1,0
4981872,152265,1,0,1
7712912,152266,1,0,1
424472,152267,1,1,0
6504072,152268,1,0,1
504712,152269,1,0,1
3700880,152270,1,0,1
456464,152271,1,0,1
624992,152272,1,0,1
312352,152273,1,0,1
4834504,152274,1,0,1
374416,152275,1,0,1
1074960,152276,1,0,1
8119568,152277,1,0,1
1814808,152278,1,1,0
8110088,152279,1,1,0
454992,152280,1,1,0
1379960,152281,1,0,1
1313328,152282,1,0,1
1949792,152283,1,1,0
1432656,152284,1,0,1
6384200,152285,1,1,0
1059896,152286,1,1,0
993856,152287,1,1,0
2057240,152288,1,0,1
317896,152289,1,0,1
5130456,152290,1,1,0
1520720,152291,1,1,0
5402296,152292,1,1,0
2169168,152293,1,1,0
6264768,152294,1,0,1
3342064,152295,1,0,1
5692544,152296,1,1,0
1451032,152297,1,0,1
3884120,152298,1,1,0
1572280,152299,1,0,1
5478488,152300,1,1,0
637744,152301,1,1,0
3414080,152302,1,1,0
3149320,152303,1,0,1
921312,152304,1,1,0
2088536,152305,1,1,0
3351576,152306,1,1,0
1687728,152307,1,0,1
3895576,152308,1,1,0
1369432,152309,1,1,0
2530264,152310,1,1,0
4759256,152311,1,1,0
4007064,152312,1,0,1
636152,152313,1,0,1
6772728,152314,1,0,1
6907440,152315,1,0,1
5814256,152316,1,0,1
1294176,152317,1,1,0
7517328,152318,1,1,0
3274800,152319,1,0,1
126688,152320,1,1,0
3033560,152321,1,0,1
3533920,152322,1,0,1
760168,152323,1,0,1
2554560,152324,1,1,0
5362720,152325,1,1,0
777720,152326,1,1,0
7495360,152327,1,1,0
3838720,152328,1,1,0
3330528,152329,1,1,0
1018968,152330,1,1,0
891144,152331,1,0,1
3312272,152332,1,0,1
3563192,152333,1,1,0
733168,152334,1,0,1
2994536,152335,1,0,1
5987592,152336,1,1,0
1187648,152337,1,1,0
2578112,152338,1,1,0
3780048,152339,1,1,0
5438776,152340,1,1,0
1723312,152341,1,0,1
3916184,152342,1,1,0
1193096,152343,1,0,1
1631144,152344,1,0,1
3955984,152345,1,0,1
1200920,152346,1,0,1
2269968,152347,1,0,1
392896,152348,1,0,1
1288816,152349,1,1,0
962304,152350,1,0,1
4909168,152351,1,0,1
1440376,152352,1,1,0
5206816,152353,1,0,1
3203560,152354,1,0,1
1277472,152355,1,0,1
7369360,152356,1,0,1
3792768,152357,1,0,1
888904,152358,1,1,0
7615368,152359,1,0,1
1693496,152360,1,0,1
6177840,152361,1,0,1
2142040,152362,1,1,0
1856448,152363,1,1,0
487200,152364,1,1,0
357360,152365,1,1,0
931680,152366,1,0,1
2011176,152367,1,0,1
1334952,152368,1,0,1
1004272,152369,1,1,0
458632,152370,1,0,1
427360,152371,1,1,0
300976,152372,1,1,0
252600,152373,1,0,1
738880,152374,1,1,0
5327096,152375,1,1,0
1541008,152376,1,1,0
2438120,152377,1,1,0
264384,152378,1,0,1
106552,152379,1,0,1
1285840,152380,1,0,1
6766152,152381,1,0,1
5943432,152382,1,0,1
1609152,152383,1,0,1
3529656,152384,1,1,0
1100448,152385,1,0,1
6569968,152386,1,1,0
4260072,152387,1,0,1
269064,152388,1,1,0
627256,152389,1,0,1
2305312,152390,1,0,1
4164784,152391,1,0,1
5667992,152392,1,1,0
2908672,152393,1,1,0
816232,152394,1,1,0
6163136,152395,1,0,1
1016080,152396,1,0,1
4710536,152397,1,0,1
179768,152398,1,0,1
1668416,152399,1,0,1
4843136,152400,1,0,1
2167528,152401,1,0,1
1701976,152402,1,1,0
2972136,152403,1,1,0
6923448,152404,1,1,0
918816,152405,1,1,0
4157760,152406,1,1,0
3839960,152407,1,1,0
2596112,152408,1,0,1
2011128,152409,1,1,0
3824528,152410,1,1,0
5256496,152411,1,1,0
3311960,152412,1,1,0
510752,152413,1,0,1
4614928,152414,1,0,1
214696,152415,1,0,1
2266928,152416,1,1,0
3317368,152417,1,1,0
1779360,152418,1,1,0
7796008,152419,1,0,1
922024,152420,1,0,1
5369456,152421,1,0,1
982104,152422,1,1,0
1524224,152423,1,1,0
1868456,152424,1,0,1
6416080,152425,1,1,0
1463264,152426,1,0,1
7590872,152427,1,0,1
445760,152428,1,0,1
2197480,152429,1,1,0
2578184,152430,1,0,1
6136352,152431,1,1,0
766704,152432,1,0,1
1634832,152433,1,0,1
294792,152434,1,1,0
369672,152435,1,1,0
1136528,152436,1,1,0
3089352,152437,1,0,1
734048,152438,1,1,0
150672,152439,1,0,1
1218752,152440,1,0,1
3837608,152441,1,1,0
2796720,152442,1,1,0
1380464,152443,1,1,0
518416,152444,1,1,0
555208,152445,1,0,1
4335952,152446,1,0,1
8226224,152447,1,0,1
5672752,152448,1,0,1
6869544,152449,1,0,1
5371632,152450,1,0,1
5752328,152451,1,0,1
351608,152452,1,0,1
4010464,152453,1,0,1
8252376,152454,1,1,0
5251144,152455,1,0,1
959824,152456,1,0,1
2159720,152457,1,1,0
1226536,152458,1,0,1
222328,152459,1,0,1
1524920,152460,1,1,0
4694704,152461,1,0,1
7950240,152462,1,1,0
4735504,152463,1,1,0
3126344,152464,1,1,0
208976,152465,1,0,1
500752,152466,1,1,0
322816,152467,1,0,1
7579624,152468,1,0,1
453064,152469,1,0,1
7606280,152470,1,0,1
1392800,152471,1,1,0
747056,152472,1,1,0
776976,152473,1,0,1
754600,152474,1,1,0
3102712,152475,1,1,0
4434944,152476,1,0,1
761472,152477,1,0,1
995992,152478,1,1,0
4259624,152479,1,0,1
335352,152480,1,1,0
3829104,152481,1,1,0
3178296,152482,1,0,1
430544,152483,1,0,1
542056,152484,1,1,0
4494928,152485,1,0,1
5255536,152486,1,1,0
2117280,152487,1,0,1
2577600,152488,1,0,1
1136176,152489,1,0,1
1221208,152490,1,0,1
5790240,152491,1,1,0
1578528,152492,1,1,0
2676120,152493,1,0,1
3996088,152494,1,1,0
7338088,152495,1,1,0
2220016,152496,1,0,1
2872808,152497,1,0,1
784040,152498,1,0,1
8367808,152499,1,1,0
2038520,152500,1,1,0
489768,152501,1,0,1
3853200,152502,1,1,0
4272320,152503,1,1,0
1017544,152504,1,1,0
3087936,152505,1,1,0
3829272,152506,1,1,0
4827280,152507,1,0,1
2117840,152508,1,0,1
366304,152509,1,1,0
3185760,152510,1,1,0
2697600,152511,1,1,0
1488808,152512,1,1,0
609192,152513,1,1,0
1588696,152514,1,1,0
316608,152515,1,0,1
5282464,152516,1,0,1
7638944,152517,1,0,1
1417464,152518,1,0,1
4120720,152519,1,0,1
543824,152520,1,1,0
282808,152521,1,0,1
4114456,152522,1,1,0
579072,152523,1,1,0
8341560,152524,1,1,0
268640,152525,1,1,0
2371528,152526,1,0,1
2016896,152527,1,0,1
6757680,152528,1,1,0
124904,152529,1,1,0
1874304,152530,1,1,0
4935744,152531,1,1,0
676440,152532,1,1,0
1526120,152533,1,1,0
2225232,152534,1,0,1
1813560,152535,1,0,1
639368,152536,1,0,1
6407712,152537,1,0,1
2466376,152538,1,1,0
3017816,152539,1,0,1
839328,152540,1,0,1
1643016,152541,1,1,0
143576,152542,1,1,0
433640,152543,1,0,1
1054944,152544,1,1,0
6091896,152545,1,1,0
6883400,152546,1,1,0
1334896,152547,1,0,1
1821960,152548,1,0,1
4393608,152549,1,1,0
2281400,152550,1,1,0
1869968,152551,1,0,1
1204792,152552,1,1,0
380480,152553,1,1,0
5280592,152554,1,0,1
2326528,152555,1,0,1
805800,152556,1,1,0
3102512,152557,1,1,0
884504,152558,1,1,0
3493792,152559,1,1,0
2363712,152560,1,0,1
1353424,152561,1,0,1
7116752,152562,1,1,0
1447712,152563,1,0,1
5636072,152564,1,1,0
3934448,152565,1,0,1
844288,152566,1,0,1
6604672,152567,1,0,1
894640,152568,1,0,1
6095760,152569,1,1,0
6704512,152570,1,0,1
4204816,152571,1,1,0
481504,152572,1,0,1
6134264,152573,1,1,0
564328,152574,1,1,0
6896320,152575,1,1,0
1468168,152576,1,1,0
480584,152577,1,0,1
6953520,152578,1,0,1
6285784,152579,1,1,0
8154536,152580,1,0,1
2400128,152581,1,1,0
2946224,152582,1,1,0
1534176,152583,1,0,1
762896,152584,1,0,1
301256,152585,1,0,1
5695920,152586,1,1,0
1130696,152587,1,1,0
409464,152588,1,0,1
5766720,152589,1,0,1
1358600,152590,1,0,1
6620016,152591,1,0,1
939448,152592,1,1,0
7605704,152593,1,1,0
3412560,152594,1,0,1
5148624,152595,1,0,1
545224,152596,1,0,1
2273568,152597,1,1,0
3456952,152598,1,0,1
6221800,152599,1,0,1
4817216,152600,1,1,0
584976,152601,1,0,1
8056408,152602,1,0,1
4944424,152603,1,0,1
579312,152604,1,1,0
5743152,152605,1,1,0
1408088,152606,1,0,1
829136,152607,1,0,1
2182152,152608,1,0,1
1299472,152609,1,0,1
1065704,152610,1,1,0
198272,152611,1,1,0
5789416,152612,1,0,1
218656,152613,1,0,1
3080824,152614,1,0,1
6274456,152615,1,1,0
4552104,152616,1,0,1
308576,152617,1,1,0
901824,152618,1,0,1
1665480,152619,1,0,1
5954864,152620,1,1,0
1632448,152621,1,0,1
4616512,152622,1,0,1
494128,152623,1,1,0
7622528,152624,1,0,1
5241664,152625,1,0,1
3566048,152626,1,1,0
2778192,152627,1,0,1
1353000,152628,1,0,1
1108528,152629,1,0,1
1840856,152630,1,0,1
386608,152631,1,0,1
6899144,152632,1,1,0
3112704,152633,1,0,1
901768,152634,1,0,1
1114192,152635,1,1,0
3607744,152636,1,1,0
5628704,152637,1,1,0
624864,152638,1,0,1
2783440,152639,1,1,0
1151688,152640,1,0,1
370184,152641,1,0,1
797160,152642,1,1,0
2453192,152643,1,0,1
7149520,152644,1,0,1
262040,152645,1,0,1
2055224,152646,1,1,0
380376,152647,1,0,1
8192560,152648,1,1,0
3168552,152649,1,1,0
881880,152650,1,1,0
1028440,152651,1,0,1
768320,152652,1,1,0
4467496,152653,1,0,1
396264,152654,1,0,1
306176,152655,1,1,0
7541720,152656,1,0,1
7912160,152657,1,0,1
146352,152658,1,1,0
2051272,152659,1,1,0
2003032,152660,1,0,1
279944,152661,1,0,1
2141128,152662,1,1,0
4352096,152663,1,0,1
3269288,152664,1,0,1
3315296,152665,1,1,0
764208,152666,1,1,0
2437280,152667,1,1,0
7937192,152668,1,1,0
726152,152669,1,1,0
2078712,152670,1,0,1
316104,152671,1,0,1
466072,152672,1,0,1
2026192,152673,1,1,0
2927368,152674,1,0,1
1496144,152675,1,1,0
2861648,152676,1,1,0
503584,152677,1,1,0
7480680,152678,1,1,0
6115872,152679,1,0,1
7532832,152680,1,0,1
7522176,152681,1,0,1
5138984,152682,1,1,0
4431864,152683,1,0,1
8168184,152684,1,1,0
1068008,152685,1,1,0
6401672,152686,1,1,0
1627064,152687,1,0,1
7740232,152688,1,1,0
592704,152689,1,0,1
6729496,152690,1,0,1
6120256,152691,1,0,1
3227168,152692,1,1,0
214552,152693,1,1,0
1598296,152694,1,0,1
4378440,152695,1,0,1
3378560,152696,1,0,1
3116952,152697,1,0,1
783016,152698,1,1,0
4467688,152699,1,0,1
7175432,152700,1,1,0
736144,152701,1,0,1
5932072,152702,1,0,1
5289800,152703,1,0,1
1686608,152704,1,0,1
606960,152705,1,1,0
4496328,152706,1,0,1
302696,152707,1,0,1
3129920,152708,1,0,1
4839336,152709,1,1,0
1428008,152710,1,1,0
6833176,152711,1,0,1
7152576,152712,1,1,0
5319320,152713,1,0,1
7044144,152714,1,1,0
1105328,152715,1,0,1
215864,152716,1,1,0
1861304,152717,1,0,1
595344,152718,1,0,1
547944,152719,1,0,1
405480,152720,1,1,0
7918392,152721,1,0,1
1553768,152722,1,1,0
276224,152723,1,0,1
553888,152724,1,0,1
6625160,152725,1,1,0
420840,152726,1,1,0
160240,152727,1,1,0
1120936,152728,1,0,1
448040,152729,1,1,0
7471832,152730,1,1,0
3329248,152731,1,1,0
2062120,152732,1,0,1
3889776,152733,1,0,1
4316184,152734,1,1,0
1332512,152735,1,0,1
3337936,152736,1,0,1
3619600,152737,1,1,0
7019768,152738,1,1,0
1366864,152739,1,1,0
605568,152740,1,0,1
284536,152741,1,0,1
7051264,152742,1,1,0
6681384,152743,1,0,1
4906352,152744,1,1,0
187648,152745,1,1,0
161120,152746,1,0,1
1090056,152747,1,0,1
1966840,152748,1,1,0
6327960,152749,1,1,0
4216776,152750,1,1,0
7475608,152751,1,1,0
164232,152752,1,0,1
345984,152753,1,0,1
1363296,152754,1,0,1
1919696,152755,1,0,1
1443776,152756,1,1,0
1561480,152757,1,1,0
586512,152758,1,1,0
893440,152759,1,1,0
2022640,152760,1,0,1
4605168,152761,1,0,1
700432,152762,1,1,0
4164016,152763,1,1,0
4409208,152764,1,0,1
1265784,152765,1,0,1
3989296,152766,1,0,1
676576,152767,1,1,0
2420568,152768,1,0,1
7644120,152769,1,1,0
2521536,152770,1,1,0
5697616,152771,1,1,0
1243696,152772,1,0,1
2778632,152773,1,0,1
557928,152774,1,1,0
647056,152775,1,0,1
4619696,152776,1,0,1
6966024,152777,1,0,1
7503648,152778,1,0,1
871008,152779,1,0,1
752616,152780,1,0,1
1183328,152781,1,0,1
4547752,152782,1,0,1
2784840,152783,1,0,1
4855816,152784,1,0,1
2223352,152785,1,0,1
618392,152786,1,0,1
3068136,152787,1,0,1
3468616,152788,1,1,0
7881504,152789,1,1,0
3984256,152790,1,1,0
6077768,152791,1,0,1
2067024,152792,1,0,1
6030528,152793,1,0,1
5887208,152794,1,0,1
230336,152795,1,1,0
5071208,152796,1,1,0
1092416,152797,1,1,0
3681152,152798,1,1,0
1652864,152799,1,0,1
2132144,152800,1,1,0
3787088,152801,1,1,0
4823200,152802,1,1,0
225048,152803,1,1,0
3083728,152804,1,1,0
387912,152805,1,1,0
845864,152806,1,0,1
3741472,152807,1,0,1
511360,152808,1,1,0
1575544,152809,1,0,1
6840296,152810,1,1,0
688432,152811,1,1,0
6298992,152812,1,1,0
806064,152813,1,1,0
4983424,152814,1,0,1
6173104,152815,1,0,1
1227872,152816,1,0,1
2029208,152817,1,1,0
2696568,152818,1,1,0
3500544,152819,1,0,1
590584,152820,1,1,0
1092688,152821,1,1,0
981024,152822,1,1,0
1864464,152823,1,1,0
2704864,152824,1,0,1
1998960,152825,1,1,0
323152,152826,1,1,0
7088216,152827,1,1,0
6499376,152828,1,1,0
5720968,152829,1,0,1
6397608,152830,1,1,0
3906800,152831,1,0,1
7511912,152832,1,0,1
460312,152833,1,1,0
5332384,152834,1,1,0
454920,152835,1,0,1
6180000,152836,1,1,0
495688,152837,1,1,0
6188608,152838,1,1,0
155272,152839,1,0,1
8159608,152840,1,0,1
4944768,152841,1,1,0
6886824,152842,1,1,0
5903048,152843,1,1,0
4947496,152844,1,0,1
1555288,152845,1,0,1
5437912,152846,1,0,1
8156608,152847,1,1,0
2482136,152848,1,1,0
1488408,152849,1,1,0
4023096,152850,1,1,0
8121536,152851,1,0,1
2065800,152852,1,0,1
3678560,152853,1,0,1
6138376,152854,1,1,0
2759584,152855,1,1,0
466656,152856,1,0,1
292648,152857,1,0,1
427512,152858,1,1,0
5742184,152859,1,0,1
6059824,152860,1,1,0
5387696,152861,1,1,0
1039592,152862,1,1,0
388496,152863,1,1,0
977416,152864,1,0,1
3039704,152865,1,0,1
4441008,152866,1,0,1
1366736,152867,1,1,0
5053424,152868,1,0,1
2887024,152869,1,0,1
1447240,152870,1,0,1
2117264,152871,1,0,1
255192,152872,1,0,1
876048,152873,1,1,0
2047752,152874,1,1,0
2068096,152875,1,1,0
554768,152876,1,0,1
837688,152877,1,0,1
6292448,152878,1,1,0
5230144,152879,1,1,0
221232,152880,1,0,1
2200192,152881,1,0,1
6475608,152882,1,0,1
6253704,152883,1,0,1
5144792,152884,1,1,0
7756216,152885,1,1,0
7911760,152886,1,1,0
1973840,152887,1,0,1
421416,152888,1,0,1
974712,152889,1,0,1
6805936,152890,1,1,0
2076664,152891,1,1,0
3634416,152892,1,1,0
2714296,152893,1,1,0
5545112,152894,1,0,1
635072,152895,1,0,1
1335208,152896,1,1,0
411568,152897,1,0,1
1508688,152898,1,0,1
2126736,152899,1,1,0
425104,152900,1,0,1
852904,152901,1,0,1
8019176,152902,1,0,1
255616,152903,1,1,0
6152784,152904,1,1,0
2943568,152905,1,0,1
1956464,152906,1,0,1
750912,152907,1,0,1
632976,152908,1,0,1
2911344,152909,1,1,0
1540792,152910,1,1,0
3502632,152911,1,0,1
1433272,152912,1,1,0
1217672,152913,1,0,1
812288,152914,1,0,1
6868264,152915,1,1,0
2104664,152916,1,0,1
2700328,152917,1,0,1
6419512,152918,1,0,1
2325328,152919,1,1,0
589232,152920,1,0,1
4106512,152921,1,1,0
3769552,152922,1,1,0
585592,152923,1,1,0
6021808,152924,1,0,1
216504,152925,1,1,0
1535936,152926,1,1,0
1005208,152927,1,0,1
555344,152928,1,0,1
1862552,152929,1,0,1
428936,152930,1,0,1
223216,152931,1,0,1
2999832,152932,1,0,1
736528,152933,1,1,0
808984,152934,1,0,1
2159896,152935,1,1,0
249072,152936,1,1,0
299752,152937,1,1,0
4425384,152938,1,1,0
1578336,152939,1,1,0
238008,152940,1,0,1
450256,152941,1,0,1
882624,152942,1,0,1
4510112,152943,1,1,0
430296,152944,1,1,0
1419272,152945,1,1,0
442232,152946,1,1,0
7075400,152947,1,1,0
2706072,152948,1,0,1
1281440,152949,1,1,0
7353752,152950,1,0,1
8383488,152951,1,0,1
1938168,152952,1,0,1
2603224,152953,1,1,0
1961504,152954,1,0,1
2955624,152955,1,1,0
832776,152956,1,1,0
3681272,152957,1,0,1
2356328,152958,1,1,0
7564768,152959,1,1,0
7370712,152960,1,0,1
2568128,152961,1,1,0
5988296,152962,1,0,1
1466592,152963,1,0,1
1761216,152964,1,1,0
4473608,152965,1,1,0
558200,152966,1,0,1
6166392,152967,1,1,0
3563808,152968,1,1,0
3111216,152969,1,0,1
2354472,152970,1,1,0
183752,152971,1,0,1
6471592,152972,1,0,1
6623720,152973,1,0,1
2776680,152974,1,1,0
1489048,152975,1,1,0
3464352,152976,1,0,1
3613504,152977,1,1,0
3432064,152978,1,0,1
3013792,152979,1,1,0
3463584,152980,1,0,1
5576408,152981,1,1,0
5403024,152982,1,0,1
3082488,152983,1,1,0
2815536,152984,1,1,0
379656,152985,1,0,1
2065080,152986,1,1,0
4116496,152987,1,1,0
591952,152988,1,0,1
559584,152989,1,0,1
3217168,152990,1,0,1
8032816,152991,1,0,1
3746072,152992,1,0,1
4169208,152993,1,0,1
4185784,152994,1,1,0
2442888,152995,1,0,1
212056,152996,1,1,0
5194288,152997,1,1,0
488800,152998,1,1,0
983360,152999,1,1,0
4313864,153000,1,1,0
1262576,153001,1,0,1
6254968,153002,1,0,1
255560,153003,1,0,1
1805928,153004,1,0,1
8011544,153005,1,0,1
5211472,153006,1,0,1
5183392,153007,1,0,1
358208,153008,1,0,1
5912312,153009,1,0,1
95216,153010,1,0,1
354176,153011,1,0,1
3604600,153012,1,1,0
2118640,153013,1,0,1
647208,153014,1,0,1
1708256,153015,1,1,0
4516104,153016,1,0,1
3134496,153017,1,1,0
2386464,153018,1,0,1
383704,153019,1,0,1
2719264,153020,1,1,0
3534632,153021,1,0,1
3689000,153022,1,1,0
1803640,153023,1,1,0
1234432,153024,1,1,0
6967448,153025,1,0,1
2440792,153026,1,0,1
591576,153027,1,1,0
923784,153028,1,0,1
4490560,153029,1,0,1
6442064,153030,1,0,1
1168696,153031,1,1,0
3656872,153032,1,1,0
515472,153033,1,1,0
495040,153034,1,0,1
381032,153035,1,0,1
1157208,153036,1,0,1
308944,153037,1,0,1
723992,153038,1,0,1
5034144,153039,1,1,0
4302232,153040,1,1,0
5276808,153041,1,0,1
150104,153042,1,1,0
4308648,153043,1,1,0
576440,153044,1,1,0
4064984,153045,1,1,0
4630000,153046,1,1,0
3536936,153047,1,0,1
1085248,153048,1,1,0
7330776,153049,1,0,1
1956656,153050,1,1,0
3644240,153051,1,1,0
4140064,153052,1,1,0
967296,153053,1,1,0
647736,153054,1,0,1
5285256,153055,1,1,0
3419536,153056,1,0,1
2904320,153057,1,1,0
5769640,153058,1,1,0
2488624,153059,1,0,1
5507392,153060,1,0,1
296856,153061,1,1,0
796408,153062,1,0,1
6254776,153063,1,0,1
4525536,153064,1,1,0
166640,153065,1,1,0
5830080,153066,1,0,1
4821344,153067,1,0,1
2907912,153068,1,0,1
5723048,153069,1,1,0
2105912,153070,1,1,0
2170360,153071,1,0,1
4308440,153072,1,0,1
2518160,153073,1,1,0
5163448,153074,1,0,1
6170424,153075,1,1,0
5700024,153076,1,1,0
985344,153077,1,1,0
1006352,153078,1,0,1
578168,153079,1,0,1
1716432,153080,1,1,0
1942384,153081,1,0,1
3509576,153082,1,0,1
145048,153083,1,0,1
1653320,153084,1,0,1
6039848,153085,1,1,0
1462504,153086,1,1,0
612440,153087,1,0,1
3448032,153088,1,0,1
7554744,153089,1,0,1
2863528,153090,1,1,0
3263072,153091,1,1,0
1543680,153092,1,0,1
1189120,153093,1,1,0
7754984,153094,1,0,1
453696,153095,1,1,0
6002008,153096,1,1,0
1487200,153097,1,1,0
6233480,153098,1,1,0
633992,153099,1,0,1
266400,153100,1,1,0
918440,153101,1,1,0
903752,153102,1,1,0
1536912,153103,1,1,0
1184272,153104,1,1,0
2072536,153105,1,0,1
164896,153106,1,1,0
2235848,153107,1,0,1
7407872,153108,1,0,1
3251416,153109,1,0,1
5666048,153110,1,1,0
1713392,153111,1,1,0
235168,153112,1,1,0
81768,153113,1,1,0
1392480,153114,1,0,1
4385664,153115,1,0,1
945792,153116,1,0,1
640984,153117,1,0,1
886528,153118,1,1,0
3638472,153119,1,1,0
8011000,153120,1,1,0
6373336,153121,1,0,1
3001000,153122,1,0,1
8291472,153123,1,0,1
4647680,153124,1,0,1
5442744,153125,1,1,0
1574608,153126,1,1,0
770224,153127,1,1,0
3901384,153128,1,1,0
2170000,153129,1,0,1
1611560,153130,1,1,0
3031584,153131,1,0,1
415816,153132,1,0,1
873136,153133,1,0,1
2182120,153134,1,0,1
8331032,153135,1,0,1
321560,153136,1,1,0
4258704,153137,1,1,0
2244360,153138,1,1,0
2553664,153139,1,0,1
1415664,153140,1,0,1
1067592,153141,1,0,1
910584,153142,1,1,0
539176,153143,1,1,0
3350536,153144,1,1,0
855528,153145,1,1,0
1787216,153146,1,0,1
3213224,153147,1,1,0
1404520,153148,1,1,0
4805120,153149,1,0,1
1160152,153150,1,0,1
8141456,153151,1,1,0
8350080,153152,1,1,0
1374968,153153,1,0,1
3147280,153154,1,1,0
1329352,153155,1,0,1
247688,153156,1,1,0
4983968,153157,1,0,1
657016,153158,1,1,0
2721072,153159,1,0,1
1004744,153160,1,0,1
1325032,153161,1,0,1
7922216,153162,1,1,0
1084104,153163,1,0,1
2424416,153164,1,1,0
2797336,153165,1,1,0
6237584,153166,1,1,0
344184,153167,1,1,0
3427944,153168,1,1,0
1103408,153169,1,0,1
1764512,153170,1,0,1
7820880,153171,1,1,0
7553040,153172,1,0,1
8043808,153173,1,0,1
983392,153174,1,1,0
270696,153175,1,1,0
7168496,153176,1,1,0
884704,153177,1,0,1
772128,153178,1,0,1
2349760,153179,1,1,0
1293240,153180,1,1,0
2478248,153181,1,0,1
3743472,153182,1,1,0
968968,153183,1,0,1
2211096,153184,1,0,1
726344,153185,1,0,1
2579680,153186,1,0,1
319112,153187,1,1,0
1361376,153188,1,0,1
1054680,153189,1,1,0
529720,153190,1,0,1
5779040,153191,1,0,1
5555240,153192,1,1,0
415304,153193,1,0,1
215784,153194,1,1,0
4200808,153195,1,0,1
1987624,153196,1,0,1
2442408,153197,1,1,0
2617544,153198,1,0,1
6554144,153199,1,0,1
420616,153200,1,0,1
4199584,153201,1,0,1
7731104,153202,1,1,0
4612480,153203,1,0,1
1742952,153204,1,1,0
2602696,153205,1,0,1
529504,153206,1,1,0
1589624,153207,1,1,0
3431672,153208,1,1,0
346904,153209,1,0,1
1469552,153210,1,0,1
6018152,153211,1,0,1
180728,153212,1,1,0
3940000,153213,1,1,0
1196904,153214,1,0,1
4429424,153215,1,1,0
5663656,153216,1,0,1
8140032,153217,1,1,0
557136,153218,1,1,0
4387032,153219,1,1,0
877880,153220,1,1,0
1454552,153221,1,1,0
4291336,153222,1,0,1
248048,153223,1,1,0
826760,153224,1,0,1
675952,153225,1,0,1
825088,153226,1,0,1
3462608,153227,1,1,0
1855272,153228,1,0,1
2354296,153229,1,0,1
1066568,153230,1,1,0
360344,153231,1,0,1
3878096,153232,1,0,1
1850368,153233,1,1,0
4108672,153234,1,0,1
2352496,153235,1,0,1
454888,153236,1,1,0
2334712,153237,1,1,0
1396168,153238,1,1,0
990704,153239,1,1,0
3937272,153240,1,0,1
150072,153241,1,1,0
521216,153242,1,1,0
3783872,153243,1,0,1
7771928,153244,1,1,0
520488,153245,1,0,1
5739328,153246,1,1,0
8283176,153247,1,1,0
984688,153248,1,0,1
1924240,153249,1,0,1
636360,153250,1,1,0
3825640,153251,1,1,0
7392280,153252,1,0,1
2501760,153253,1,0,1
532584,153254,1,1,0
3407880,153255,1,1,0
731048,153256,1,0,1
2032600,153257,1,0,1
731584,153258,1,1,0
1645752,153259,1,1,0
1078008,153260,1,0,1
260808,153261,1,1,0
4472080,153262,1,0,1
619584,153263,1,0,1
1170208,153264,1,1,0
1708376,153265,1,1,0
1157328,153266,1,1,0
1264976,153267,1,1,0
4385712,153268,1,1,0
186024,153269,1,1,0
3053904,153270,1,0,1
1126664,153271,1,0,1
864608,153272,1,1,0
977240,153273,1,1,0
876488,153274,1,0,1
918104,153275,1,0,1
2354624,153276,1,1,0
5412424,153277,1,1,0
1906296,153278,1,0,1
2091368,153279,1,0,1
3158584,153280,1,0,1
8089440,153281,1,1,0
2593360,153282,1,1,0
1593664,153283,1,0,1
1408024,153284,1,1,0
3545304,153285,1,0,1
493032,153286,1,1,0
1968224,153287,1,1,0
3029224,153288,1,0,1
1460864,153289,1,1,0
235296,153290,1,0,1
8363000,153291,1,0,1
4825008,153292,1,0,1
4943344,153293,1,1,0
865552,153294,1,0,1
1466304,153295,1,0,1
1270824,153296,1,0,1
1221336,153297,1,1,0
4645632,153298,1,1,0
1572616,153299,1,1,0
445024,153300,1,1,0
541464,153301,1,1,0
2672832,153302,1,1,0
1347584,153303,1,1,0
8007752,153304,1,0,1
1083960,153305,1,1,0
329728,153306,1,1,0
1812152,153307,1,1,0
2730232,153308,1,1,0
777768,153309,1,0,1
8026888,153310,1,0,1
1734152,153311,1,1,0
843440,153312,1,0,1
3605928,153313,1,1,0
1341488,153314,1,0,1
754880,153315,1,1,0
6562056,153316,1,1,0
633920,153317,1,1,0
4683728,153318,1,0,1
1769472,153319,1,0,1
317376,153320,1,1,0
853456,153321,1,1,0
250136,153322,1,0,1
4951296,153323,1,0,1
1161368,153324,1,1,0
1028872,153325,1,1,0
2970736,153326,1,1,0
7496696,153327,1,0,1
6642648,153328,1,0,1
2438712,153329,1,0,1
1804320,153330,1,0,1
4899232,153331,1,0,1
2823656,153332,1,0,1
1448144,153333,1,1,0
1168584,153334,1,1,0
983600,153335,1,0,1
1651408,153336,1,1,0
6878088,153337,1,0,1
6587440,153338,1,1,0
6460416,153339,1,1,0
3345400,153340,1,0,1
6706416,153341,1,0,1
1372552,153342,1,1,0
6022416,153343,1,1,0
817072,153344,1,1,0
136384,153345,1,0,1
875144,153346,1,1,0
6660272,153347,1,0,1
3380248,153348,1,1,0
4499720,153349,1,0,1
2849304,153350,1,1,0
918208,153351,1,0,1
1649640,153352,1,1,0
3305608,153353,1,1,0
3959968,153354,1,1,0
748984,153355,1,1,0
1824784,153356,1,0,1
479424,153357,1,0,1
2252328,153358,1,1,0
6611288,153359,1,0,1
238264,153360,1,1,0
3095864,153361,1,0,1
5469064,153362,1,0,1
2663232,153363,1,0,1
1496608,153364,1,1,0
502104,153365,1,1,0
7466584,153366,1,0,1
1985200,153367,1,1,0
6539800,153368,1,0,1
5903656,153369,1,0,1
1036096,153370,1,1,0
693720,153371,1,0,1
7085768,153372,1,1,0
3909728,153373,1,1,0
817312,153374,1,0,1
5751784,153375,1,0,1
3529336,153376,1,1,0
1246504,153377,1,1,0
4018744,153378,1,0,1
210592,153379,1,1,0
560536,153380,1,0,1
311168,153381,1,1,0
337720,153382,1,1,0
1996832,153383,1,1,0
840560,153384,1,1,0
4255336,153385,1,0,1
247848,153386,1,0,1
3835976,153387,1,1,0
1167560,153388,1,0,1
4953768,153389,1,0,1
6121312,153390,1,1,0
1685056,153391,1,0,1
190144,153392,1,1,0
8340664,153393,1,1,0
1476792,153394,1,0,1
2289928,153395,1,0,1
164336,153396,1,1,0
952248,153397,1,0,1
4005088,153398,1,0,1
504896,153399,1,0,1
1021296,153400,1,1,0
1509408,153401,1,0,1
201856,153402,1,1,0
3465368,153403,1,0,1
7050920,153404,1,0,1
1742216,153405,1,0,1
1557352,153406,1,1,0
1460608,153407,1,0,1
8181016,153408,1,0,1
5270504,153409,1,0,1
8335312,153410,1,0,1
3439416,153411,1,0,1
2135640,153412,1,0,1
896704,153413,1,0,1
6846688,153414,1,1,0
2222544,153415,1,0,1
3050576,153416,1,0,1
7364952,153417,1,0,1
4266144,153418,1,0,1
461680,153419,1,0,1
5328832,153420,1,0,1
2540896,153421,1,0,1
3826392,153422,1,0,1
3528776,153423,1,0,1
3294752,153424,1,0,1
2362272,153425,1,0,1
3337912,153426,1,0,1
2641536,153427,1,0,1
1657464,153428,1,0,1
7879944,153429,1,1,0
860280,153430,1,1,0
382488,153431,1,0,1
5268184,153432,1,1,0
440472,153433,1,0,1
3027832,153434,1,1,0
5042440,153435,1,0,1
572200,153436,1,1,0
676824,153437,1,1,0
2060128,153438,1,1,0
491056,153439,1,0,1
686616,153440,1,1,0
2836496,153441,1,1,0
5905960,153442,1,1,0
2592696,153443,1,0,1
360776,153444,1,1,0
4178624,153445,1,0,1
3075456,153446,1,0,1
1749704,153447,1,0,1
480592,153448,1,1,0
408960,153449,1,1,0
406336,153450,1,0,1
2392176,153451,1,1,0
424352,153452,1,0,1
290040,153453,1,0,1
1079480,153454,1,1,0
626208,153455,1,0,1
6673464,153456,1,0,1
2902976,153457,1,0,1
1739192,153458,1,1,0
4735464,153459,1,0,1
941840,153460,1,0,1
775440,153461,1,1,0
533152,153462,1,0,1
727664,153463,1,1,0
2445832,153464,1,0,1
6364976,153465,1,1,0
4718064,153466,1,0,1
2167904,153467,1,1,0
7054928,153468,1,1,0
725584,153469,1,1,0
3510760,153470,1,1,0
169424,153471,1,0,1
778088,153472,1,1,0
3797536,153473,1,1,0
5724144,153474,1,1,0
1563648,153475,1,0,1
2072192,153476,1,0,1
255120,153477,1,0,1
6304600,153478,1,1,0
878640,153479,1,1,0
2185912,153480,1,0,1
1052656,153481,1,1,0
360456,153482,1,0,1
2160352,153483,1,0,1
2799256,153484,1,1,0
463008,153485,1,0,1
1489232,153486,1,0,1
1140960,153487,1,0,1
362128,153488,1,0,1
5085792,153489,1,0,1
702408,153490,1,1,0
433856,153491,1,1,0
3838128,153492,1,1,0
3179592,153493,1,1,0
4268344,153494,1,1,0
6911912,153495,1,1,0
562960,153496,1,0,1
2553296,153497,1,1,0
1426320,153498,1,1,0
1034024,153499,1,1,0
5657208,153500,1,1,0
7654856,153501,1,0,1
586584,153502,1,1,0
152216,153503,1,1,0
194432,153504,1,0,1
1623368,153505,1,0,1
1585688,153506,1,1,0
385000,153507,1,0,1
3321792,153508,1,0,1
1553432,153509,1,0,1
2989568,153510,1,0,1
627768,153511,1,0,1
7248120,153512,1,1,0
5408336,153513,1,1,0
2407344,153514,1,1,0
1457728,153515,1,0,1
243440,153516,1,0,1
2826616,153517,1,0,1
8375504,153518,1,1,0
5562016,153519,1,1,0
8041592,153520,1,0,1
3725144,153521,1,0,1
474128,153522,1,0,1
5234496,153523,1,0,1
2407632,153524,1,1,0
7704688,153525,1,1,0
777160,153526,1,0,1
441848,153527,1,1,0
3146096,153528,1,0,1
2649576,153529,1,1,0
1958792,153530,1,0,1
1660632,153531,1,1,0
289304,153532,1,1,0
567992,153533,1,0,1
1546872,153534,1,1,0
8041392,153535,1,0,1
2668040,153536,1,0,1
1414072,153537,1,1,0
1756576,153538,1,0,1
4760056,153539,1,1,0
1717120,153540,1,1,0
2307424,153541,1,0,1
5035408,153542,1,0,1
3287520,153543,1,1,0
1530056,153544,1,0,1
6009856,153545,1,0,1
7069960,153546,1,1,0
3961664,153547,1,1,0
1353656,153548,1,0,1
4200160,153549,1,0,1
2142376,153550,1,1,0
7075944,153551,1,0,1
214224,153552,1,1,0
601136,153553,1,0,1
1711104,153554,1,0,1
97912,153555,1,1,0
366352,153556,1,1,0
7518008,153557,1,0,1
1939696,153558,1,0,1
1680032,153559,1,0,1
3337472,153560,1,0,1
1335832,153561,1,1,0
7695880,153562,1,1,0
3025888,153563,1,0,1
1492032,153564,1,0,1
2525664,153565,1,1,0
3113328,153566,1,0,1
5069632,153567,1,1,0
8360448,153568,1,1,0
1816344,153569,1,0,1
3465160,153570,1,1,0
264296,153571,1,0,1
1627936,153572,1,0,1
7314400,153573,1,0,1
2115848,153574,1,1,0
7629800,153575,1,0,1
1206784,153576,1,0,1
8183368,153577,1,1,0
1637928,153578,1,0,1
1571632,153579,1,0,1
604024,153580,1,1,0
6059224,153581,1,1,0
5170800,153582,1,0,1
748232,153583,1,0,1
7863808,153584,1,1,0
4356008,153585,1,1,0
432672,153586,1,1,0
3529392,153587,1,1,0
2071072,153588,1,0,1
8247344,153589,1,1,0
354920,153590,1,1,0
8089224,153591,1,1,0
5125456,153592,1,0,1
732808,153593,1,1,0
2586888,153594,1,1,0
326600,153595,1,0,1
3739112,153596,1,0,1
6458368,153597,1,0,1
4952256,153598,1,1,0
1338832,153599,1,1,0
734520,153600,1,1,0
605416,153601,1,1,0
4001680,153602,1,0,1
6067160,153603,1,0,1
3264912,153604,1,1,0
1434128,153605,1,1,0
708688,153606,1,0,1
642168,153607,1,1,0
2893464,153608,1,1,0
7231392,153609,1,0,1
958504,153610,1,1,0
111920,153611,1,1,0
947608,153612,1,0,1
856368,153613,1,1,0
3932728,153614,1,0,1
5761960,153615,1,1,0
1385856,153616,1,1,0
2173032,153617,1,0,1
302472,153618,1,0,1
3140192,153619,1,1,0
2634120,153620,1,1,0
669232,153621,1,1,0
6270776,153622,1,1,0
989408,153623,1,1,0
1603120,153624,1,1,0
3095128,153625,1,0,1
2337744,153626,1,0,1
5512776,153627,1,0,1
2958824,153628,1,0,1
365824,153629,1,1,0
7568712,153630,1,1,0
325888,153631,1,1,0
435432,153632,1,0,1
1332672,153633,1,0,1
2899256,153634,1,1,0
6221536,153635,1,0,1
473688,153636,1,1,0
2037472,153637,1,0,1
4185360,153638,1,1,0
5346288,153639,1,0,1
4990616,153640,1,1,0
230824,153641,1,1,0
1703696,153642,1,0,1
3410616,153643,1,0,1
2690224,153644,1,0,1
4431960,153645,1,1,0
5031808,153646,1,1,0
1113352,153647,1,1,0
1338200,153648,1,1,0
738168,153649,1,0,1
630048,153650,1,1,0
4981512,153651,1,0,1
4807176,153652,1,1,0
4916984,153653,1,0,1
3874632,153654,1,1,0
988136,153655,1,1,0
4008080,153656,1,1,0
7065304,153657,1,1,0
1507472,153658,1,1,0
1983456,153659,1,1,0
5980864,153660,1,0,1
2036136,153661,1,0,1
2408152,153662,1,0,1
1426688,153663,1,0,1
2053712,153664,1,0,1
7910960,153665,1,0,1
7756168,153666,1,0,1
858984,153667,1,0,1
7117960,153668,1,0,1
3520344,153669,1,0,1
1247512,153670,1,1,0
3610000,153671,1,1,0
6589280,153672,1,1,0
4382520,153673,1,0,1
2544568,153674,1,1,0
1830528,153675,1,1,0
1221504,153676,1,1,0
8194256,153677,1,0,1
3158848,153678,1,0,1
8104272,153679,1,1,0
3319528,153680,1,1,0
7676584,153681,1,1,0
2249880,153682,1,1,0
3506168,153683,1,0,1
996384,153684,1,1,0
1967472,153685,1,0,1
3421488,153686,1,1,0
1616160,153687,1,1,0
1524808,153688,1,1,0
2708832,153689,1,0,1
3549816,153690,1,0,1
1220968,153691,1,0,1
2658008,153692,1,0,1
150456,153693,1,1,0
936784,153694,1,1,0
219488,153695,1,1,0
3991344,153696,1,0,1
3916080,153697,1,1,0
1185136,153698,1,0,1
7172000,153699,1,1,0
1540768,153700,1,0,1
2515816,153701,1,1,0
699792,153702,1,1,0
2782824,153703,1,1,0
4069040,153704,1,1,0
3552440,153705,1,0,1
1362952,153706,1,0,1
2383952,153707,1,1,0
336360,153708,1,0,1
910096,153709,1,0,1
6751704,153710,1,0,1
910688,153711,1,0,1
1044544,153712,1,0,1
2783216,153713,1,0,1
746032,153714,1,1,0
4915032,153715,1,0,1
998016,153716,1,0,1
5539552,153717,1,1,0
395648,153718,1,0,1
7689888,153719,1,1,0
2572960,153720,1,0,1
4021144,153721,1,0,1
4671448,153722,1,0,1
7926408,153723,1,1,0
6192768,153724,1,0,1
2836280,153725,1,0,1
400032,153726,1,0,1
8274088,153727,1,0,1
6520200,153728,1,0,1
1412328,153729,1,1,0
1564744,153730,1,1,0
7696848,153731,1,1,0
187872,153732,1,1,0
62952,153733,1,0,1
2388408,153734,1,1,0
2634800,153735,1,1,0
3960040,153736,1,0,1
884648,153737,1,1,0
517392,153738,1,1,0
2618584,153739,1,0,1
1023832,153740,1,0,1
937264,153741,1,1,0
1030072,153742,1,1,0
5889384,153743,1,0,1
3851592,153744,1,1,0
8148688,153745,1,1,0
2747712,153746,1,0,1
482296,153747,1,1,0
3911208,153748,1,0,1
3172176,153749,1,0,1
2271264,153750,1,0,1
4287816,153751,1,0,1
1966632,153752,1,1,0
4194184,153753,1,0,1
432112,153754,1,0,1
1930416,153755,1,1,0
5491688,153756,1,0,1
2039600,153757,1,0,1
1921832,153758,1,0,1
816448,153759,1,1,0
6691000,153760,1,1,0
1235208,153761,1,1,0
666992,153762,1,0,1
7698680,153763,1,0,1
5161608,153764,1,0,1
5495560,153765,1,1,0
7037672,153766,1,0,1
1159064,153767,1,0,1
1353112,153768,1,1,0
2458416,153769,1,1,0
2937976,153770,1,0,1
2672992,153771,1,1,0
8361096,153772,1,1,0
5092872,153773,1,1,0
1365048,153774,1,0,1
3059520,153775,1,1,0
656888,153776,1,0,1
3149952,153777,1,1,0
1159640,153778,1,0,1
1447680,153779,1,1,0
8113672,153780,1,1,0
6672344,153781,1,0,1
2366832,153782,1,1,0
257536,153783,1,0,1
5996408,153784,1,0,1
2259096,153785,1,1,0
1553648,153786,1,0,1
7578504,153787,1,0,1
328488,153788,1,0,1
6027704,153789,1,0,1
7961856,153790,1,0,1
382448,153791,1,0,1
1188744,153792,1,1,0
2512328,153793,1,0,1
4580560,153794,1,0,1
3333696,153795,1,1,0
2705488,153796,1,1,0
5907288,153797,1,0,1
1617128,153798,1,0,1
1606192,153799,1,1,0
1450920,153800,1,0,1
3426760,153801,1,1,0
525144,153802,1,1,0
676568,153803,1,1,0
2012232,153804,1,0,1
2935544,153805,1,0,1
1219168,153806,1,1,0
8122408,153807,1,1,0
447008,153808,1,1,0
2100880,153809,1,0,1
470736,153810,1,0,1
3766464,153811,1,0,1
3260568,153812,1,1,0
3341680,153813,1,1,0
402320,153814,1,1,0
1858968,153815,1,1,0
901608,153816,1,0,1
2277272,153817,1,0,1
4871720,153818,1,1,0
3573968,153819,1,0,1
218424,153820,1,0,1
331648,153821,1,0,1
6769656,153822,1,1,0
403144,153823,1,1,0
2056480,153824,1,0,1
2011248,153825,1,1,0
1859336,153826,1,0,1
998480,153827,1,1,0
303312,153828,1,1,0
5328400,153829,1,0,1
6448600,153830,1,0,1
8308680,153831,1,1,0
1343240,153832,1,0,1
392072,153833,1,0,1
1525272,153834,1,1,0
3571672,153835,1,0,1
762400,153836,1,0,1
2893736,153837,1,0,1
5020640,153838,1,1,0
802184,153839,1,1,0
6672728,153840,1,0,1
1811360,153841,1,1,0
3162064,153842,1,0,1
2172840,153843,1,1,0
7754344,153844,1,1,0
4057648,153845,1,1,0
505576,153846,1,1,0
2168000,153847,1,0,1
2601968,153848,1,1,0
4330944,153849,1,0,1
5451344,153850,1,1,0
972960,153851,1,0,1
535304,153852,1,0,1
594112,153853,1,1,0
8099168,153854,1,1,0
6652024,153855,1,1,0
5685696,153856,1,0,1
161168,153857,1,0,1
3022608,153858,1,1,0
1234824,153859,1,0,1
3427032,153860,1,0,1
7909032,153861,1,1,0
4442264,153862,1,1,0
4258728,153863,1,0,1
1222944,153864,1,0,1
7861680,153865,1,0,1
6942736,153866,1,0,1
3593832,153867,1,0,1
1252728,153868,1,1,0
7989088,153869,1,0,1
778712,153870,1,1,0
8287704,153871,1,0,1
6706240,153872,1,1,0
4883704,153873,1,0,1
3511936,153874,1,1,0
5537840,153875,1,0,1
3301456,153876,1,0,1
2842536,153877,1,1,0
106048,153878,1,0,1
5460312,153879,1,1,0
4810008,153880,1,0,1
5159632,153881,1,1,0
1375136,153882,1,1,0
460704,153883,1,0,1
4168360,153884,1,1,0
3941048,153885,1,1,0
2610536,153886,1,0,1
6533288,153887,1,1,0
4020704,153888,1,0,1
4783952,153889,1,1,0
6654160,153890,1,0,1
3001104,153891,1,0,1
4536736,153892,1,0,1
3797696,153893,1,0,1
1021176,153894,1,0,1
6925872,153895,1,0,1
4208656,153896,1,1,0
4154096,153897,1,1,0
7809360,153898,1,1,0
6565424,153899,1,0,1
1277104,153900,1,1,0
2717464,153901,1,1,0
1658256,153902,1,1,0
1389088,153903,1,1,0
2397632,153904,1,1,0
3803760,153905,1,0,1
1221544,153906,1,1,0
6244600,153907,1,0,1
6050016,153908,1,1,0
876936,153909,1,1,0
4421440,153910,1,1,0
3392312,153911,1,0,1
2550248,153912,1,0,1
3033528,153913,1,0,1
1053520,153914,1,0,1
6801064,153915,1,1,0
6608744,153916,1,0,1
1012736,153917,1,1,0
5775104,153918,1,1,0
6724496,153919,1,0,1
4289912,153920,1,0,1
2326064,153921,1,1,0
1456992,153922,1,1,0
273136,153923,1,0,1
442968,153924,1,0,1
2310560,153925,1,0,1
2094328,153926,1,1,0
4498304,153927,1,1,0
2044928,153928,1,0,1
5104336,153929,1,0,1
3767160,153930,1,0,1
7893216,153931,1,1,0
634744,153932,1,0,1
1673112,153933,1,0,1
369496,153934,1,1,0
4573944,153935,1,0,1
3660752,153936,1,0,1
2585432,153937,1,1,0
2402472,153938,1,0,1
1765384,153939,1,0,1
1881384,153940,1,0,1
1052904,153941,1,0,1
6103032,153942,1,0,1
4317048,153943,1,0,1
593304,153944,1,0,1
734304,153945,1,0,1
2960080,153946,1,1,0
4588432,153947,1,1,0
7163176,153948,1,1,0
3393280,153949,1,0,1
3742080,153950,1,1,0
6051168,153951,1,1,0
6434344,153952,1,0,1
1863744,153953,1,0,1
557312,153954,1,1,0
179952,153955,1,0,1
4098208,153956,1,1,0
5323808,153957,1,0,1
3090488,153958,1,1,0
1917920,153959,1,0,1
3170472,153960,1,0,1
3055832,153961,1,0,1
488768,153962,1,1,0
487448,153963,1,0,1
2586840,153964,1,0,1
5353424,153965,1,1,0
7935664,153966,1,1,0
2261064,153967,1,0,1
5178872,153968,1,1,0
264360,153969,1,1,0
312992,153970,1,0,1
4538416,153971,1,1,0
2434208,153972,1,1,0
2704464,153973,1,1,0
1413184,153974,1,1,0
6545480,153975,1,0,1
7546256,153976,1,1,0
8003992,153977,1,1,0
2566440,153978,1,0,1
1704104,153979,1,1,0
718616,153980,1,1,0
847016,153981,1,1,0
1577032,153982,1,1,0
1126360,153983,1,0,1
4169872,153984,1,1,0
2739136,153985,1,0,1
5095984,153986,1,0,1
4928592,153987,1,0,1
1929952,153988,1,0,1
5548992,153989,1,0,1
5547392,153990,1,1,0
5040584,153991,1,0,1
1354256,153992,1,1,0
3019512,153993,1,0,1
5706792,153994,1,1,0
1247680,153995,1,1,0
305712,153996,1,0,1
694600,153997,1,1,0
6998320,153998,1,0,1
821448,153999,1,1,0
6879640,154000,1,0,1
5388344,154001,1,0,1
2318856,154002,1,0,1
5887960,154003,1,1,0
1315304,154004,1,0,1
759920,154005,1,0,1
1064440,154006,1,0,1
1045928,154007,1,1,0
4922824,154008,1,1,0
911256,154009,1,1,0
2715304,154010,1,0,1
1044632,154011,1,0,1
6353000,154012,1,0,1
1699248,154013,1,1,0
480784,154014,1,1,0
6497896,154015,1,0,1
1593872,154016,1,1,0
8001120,154017,1,0,1
1072776,154018,1,1,0
5239288,154019,1,0,1
4887696,154020,1,1,0
4562424,154021,1,1,0
2338568,154022,1,0,1
7406784,154023,1,0,1
1021560,154024,1,1,0
8170664,154025,1,1,0
7222048,154026,1,1,0
1015992,154027,1,0,1
5795344,154028,1,0,1
2038456,154029,1,1,0
639712,154030,1,0,1
3030168,154031,1,1,0
3596184,154032,1,0,1
6931504,154033,1,0,1
8306136,154034,1,0,1
6924984,154035,1,1,0
4601096,154036,1,1,0
577752,154037,1,0,1
5814416,154038,1,1,0
351288,154039,1,1,0
4850016,154040,1,0,1
569088,154041,1,0,1
6369280,154042,1,0,1
1305944,154043,1,1,0
1815672,154044,1,1,0
1800600,154045,1,0,1
7189360,154046,1,0,1
4159128,154047,1,1,0
6721072,154048,1,0,1
5218448,154049,1,0,1
2578040,154050,1,0,1
2523528,154051,1,1,0
1872904,154052,1,1,0
1328472,154053,1,1,0
765792,154054,1,1,0
6093928,154055,1,0,1
2644064,154056,1,0,1
2737032,154057,1,1,0
796600,154058,1,1,0
3286296,154059,1,1,0
1396616,154060,1,0,1
2692088,154061,1,1,0
6083456,154062,1,0,1
4855736,154063,1,0,1
6449880,154064,1,0,1
8376496,154065,1,1,0
1526360,154066,1,1,0
1758544,154067,1,1,0
3076528,154068,1,1,0
7927664,154069,1,0,1
476544,154070,1,0,1
1843192,154071,1,0,1
2139760,154072,1,0,1
4596504,154073,1,1,0
4418088,154074,1,0,1
3906936,154075,1,1,0
428408,154076,1,0,1
2336944,154077,1,1,0
360680,154078,1,0,1
1312096,154079,1,0,1
1822408,154080,1,0,1
6500800,154081,1,1,0
4460232,154082,1,0,1
2801336,154083,1,1,0
7442480,154084,1,0,1
7840040,154085,1,0,1
322400,154086,1,0,1
683992,154087,1,1,0
6214944,154088,1,0,1
292544,154089,1,0,1
665816,154090,1,0,1
1386544,154091,1,0,1
3130400,154092,1,1,0
4775312,154093,1,1,0
8242376,154094,1,0,1
115240,154095,1,0,1
3399456,154096,1,0,1
622576,154097,1,0,1
6667408,154098,1,1,0
5911760,154099,1,1,0
3955016,154100,1,1,0
1207936,154101,1,0,1
2970448,154102,1,1,0
8184672,154103,1,0,1
1322600,154104,1,0,1
3038016,154105,1,1,0
2299072,154106,1,0,1
599880,154107,1,0,1
1230920,154108,1,0,1
3928376,154109,1,1,0
4650128,154110,1,1,0
411144,154111,1,0,1
194976,154112,1,0,1
802712,154113,1,0,1
4572384,154114,1,1,0
7467728,154115,1,1,0
4777840,154116,1,1,0
2784312,154117,1,1,0
3929304,154118,1,1,0
7733888,154119,1,1,0
1300704,154120,1,1,0
3049440,154121,1,0,1
3631704,154122,1,1,0
2835304,154123,1,1,0
2935712,154124,1,0,1
4816880,154125,1,1,0
6487872,154126,1,0,1
5829792,154127,1,0,1
1862416,154128,1,0,1
3188384,154129,1,1,0
4631328,154130,1,0,1
6339528,154131,1,1,0
6465504,154132,1,1,0
1764840,154133,1,0,1
542064,154134,1,1,0
6196936,154135,1,1,0
1558360,154136,1,0,1
3158600,154137,1,1,0
2456800,154138,1,1,0
2119584,154139,1,1,0
623424,154140,1,1,0
2164528,154141,1,0,1
2424600,154142,1,0,1
7639048,154143,1,0,1
226120,154144,1,0,1
2183176,154145,1,0,1
469744,154146,1,1,0
4062064,154147,1,0,1
3616216,154148,1,0,1
1701960,154149,1,0,1
6800168,154150,1,0,1
1721216,154151,1,1,0
2205160,154152,1,1,0
290000,154153,1,0,1
835408,154154,1,1,0
1060448,154155,1,1,0
7207048,154156,1,0,1
1641968,154157,1,1,0
673992,154158,1,1,0
8312824,154159,1,0,1
2226792,154160,1,0,1
4661408,154161,1,0,1
825696,154162,1,0,1
1905920,154163,1,1,0
8233784,154164,1,0,1
3812000,154165,1,0,1
246008,154166,1,1,0
139616,154167,1,1,0
2161200,154168,1,0,1
101976,154169,1,1,0
8377320,154170,1,1,0
2850272,154171,1,0,1
2567480,154172,1,0,1
5223424,154173,1,1,0
1156552,154174,1,1,0
1901144,154175,1,1,0
5462024,154176,1,0,1
1756928,154177,1,0,1
1377896,154178,1,1,0
6026840,154179,1,1,0
426216,154180,1,1,0
325800,154181,1,0,1
8005304,154182,1,1,0
1675040,154183,1,1,0
1542216,154184,1,1,0
2077800,154185,1,1,0
944640,154186,1,0,1
2730728,154187,1,1,0
1087136,154188,1,0,1
377536,154189,1,1,0
712464,154190,1,1,0
3403880,154191,1,0,1
291552,154192,1,0,1
969520,154193,1,0,1
2694992,154194,1,1,0
4444464,154195,1,1,0
1421048,154196,1,0,1
4282168,154197,1,0,1
1867592,154198,1,0,1
3346056,154199,1,1,0
4316200,154200,1,1,0
2557120,154201,1,1,0
8109096,154202,1,1,0
8225832,154203,1,1,0
7697872,154204,1,0,1
4036944,154205,1,1,0
800688,154206,1,0,1
493216,154207,1,1,0
1342936,154208,1,0,1
7833848,154209,1,1,0
4840808,154210,1,0,1
5492120,154211,1,1,0
217320,154212,1,1,0
1609712,154213,1,1,0
4854088,154214,1,1,0
7298600,154215,1,0,1
4457128,154216,1,0,1
1734056,154217,1,0,1
2431872,154218,1,1,0
5995392,154219,1,1,0
7218320,154220,1,0,1
435824,154221,1,0,1
3017344,154222,1,1,0
972184,154223,1,0,1
7483568,154224,1,1,0
1007048,154225,1,0,1
4267528,154226,1,1,0
5771648,154227,1,1,0
662112,154228,1,1,0
6962328,154229,1,0,1
2048360,154230,1,1,0
1693624,154231,1,0,1
6745704,154232,1,1,0
305032,154233,1,0,1
284696,154234,1,0,1
1806072,154235,1,1,0
2021368,154236,1,0,1
5279952,154237,1,1,0
1820720,154238,1,1,0
1147408,154239,1,0,1
3175416,154240,1,1,0
4908632,154241,1,0,1
1502072,154242,1,0,1
1025976,154243,1,1,0
5200712,154244,1,0,1
4405640,154245,1,0,1
8121768,154246,1,0,1
500712,154247,1,0,1
2053400,154248,1,1,0
2333256,154249,1,0,1
856480,154250,1,1,0
4802936,154251,1,1,0
3043120,154252,1,1,0
5744344,154253,1,0,1
8177368,154254,1,0,1
1982720,154255,1,1,0
1867840,154256,1,0,1
4242744,154257,1,1,0
2625688,154258,1,1,0
1441080,154259,1,0,1
1086800,154260,1,0,1
1379544,154261,1,0,1
580880,154262,1,0,1
2399120,154263,1,1,0
229792,154264,1,1,0
300656,154265,1,1,0
1285856,154266,1,0,1
523712,154267,1,0,1
2933824,154268,1,0,1
1294336,154269,1,0,1
546472,154270,1,0,1
810008,154271,1,0,1
4576936,154272,1,1,0
1191912,154273,1,1,0
4318720,154274,1,0,1
336472,154275,1,0,1
3387256,154276,1,1,0
8032536,154277,1,0,1
1440480,154278,1,1,0
1100464,154279,1,0,1
3684272,154280,1,1,0
257920,154281,1,1,0
394768,154282,1,1,0
7636240,154283,1,1,0
6859304,154284,1,1,0
722464,154285,1,0,1
1941512,154286,1,0,1
5893560,154287,1,0,1
7738128,154288,1,0,1
431720,154289,1,0,1
945424,154290,1,0,1
2281800,154291,1,0,1
728408,154292,1,0,1
1386928,154293,1,1,0
4217480,154294,1,0,1
2514152,154295,1,1,0
1123576,154296,1,1,0
368408,154297,1,1,0
4290680,154298,1,1,0
2208584,154299,1,0,1
2444248,154300,1,1,0
4527744,154301,1,1,0
2317576,154302,1,0,1
242672,154303,1,1,0
263080,154304,1,1,0
3551208,154305,1,1,0
1108536,154306,1,1,0
727392,154307,1,1,0
2230080,154308,1,0,1
4292232,154309,1,0,1
1032480,154310,1,0,1
1107680,154311,1,1,0
683256,154312,1,0,1
2321080,154313,1,1,0
7976808,154314,1,0,1
4741944,154315,1,1,0
1236712,154316,1,1,0
5598752,154317,1,0,1
453784,154318,1,0,1
7297712,154319,1,1,0
7643888,154320,1,0,1
3548424,154321,1,0,1
3349920,154322,1,0,1
2535288,154323,1,1,0
1707920,154324,1,0,1
4321168,154325,1,1,0
2267736,154326,1,1,0
2387568,154327,1,1,0
1123720,154328,1,1,0
463128,154329,1,0,1
1468280,154330,1,1,0
7661312,154331,1,1,0
2839240,154332,1,0,1
7606152,154333,1,0,1
521256,154334,1,1,0
5156344,154335,1,0,1
1231960,154336,1,0,1
461976,154337,1,0,1
5633024,154338,1,0,1
8105664,154339,1,0,1
1672080,154340,1,1,0
221784,154341,1,0,1
1463224,154342,1,0,1
1490176,154343,1,1,0
3484888,154344,1,1,0
6608344,154345,1,1,0
6163736,154346,1,1,0
4909520,154347,1,1,0
8028544,154348,1,1,0
5634560,154349,1,0,1
1104472,154350,1,0,1
7727824,154351,1,1,0
417072,154352,1,1,0
804640,154353,1,0,1
1276536,154354,1,0,1
4882184,154355,1,1,0
6794896,154356,1,0,1
8345200,154357,1,1,0
767024,154358,1,1,0
427832,154359,1,0,1
1815208,154360,1,1,0
5647840,154361,1,0,1
3045768,154362,1,1,0
7644320,154363,1,0,1
7531624,154364,1,1,0
3554456,154365,1,0,1
470592,154366,1,0,1
980856,154367,1,0,1
7996360,154368,1,0,1
5030496,154369,1,1,0
2090288,154370,1,0,1
375224,154371,1,1,0
1220960,154372,1,0,1
6807128,154373,1,0,1
944128,154374,1,0,1
8058824,154375,1,1,0
2092160,154376,1,1,0
3787672,154377,1,1,0
2093592,154378,1,0,1
2402176,154379,1,1,0
807216,154380,1,0,1
6546688,154381,1,0,1
389552,154382,1,0,1
4828328,154383,1,0,1
4139992,154384,1,0,1
2469616,154385,1,1,0
7535288,154386,1,1,0
6051400,154387,1,1,0
4293208,154388,1,1,0
6911680,154389,1,0,1
551464,154390,1,0,1
2834104,154391,1,0,1
1278744,154392,1,1,0
5666168,154393,1,1,0
2846896,154394,1,0,1
4215040,154395,1,0,1
4793392,154396,1,1,0
1272768,154397,1,0,1
2215336,154398,1,1,0
287736,154399,1,0,1
1971176,154400,1,0,1
5267136,154401,1,1,0
6165056,154402,1,1,0
1916424,154403,1,1,0
1048344,154404,1,0,1
5254824,154405,1,1,0
3056488,154406,1,1,0
807760,154407,1,1,0
5713120,154408,1,0,1
3827288,154409,1,0,1
697792,154410,1,0,1
706672,154411,1,0,1
2326592,154412,1,1,0
1078400,154413,1,1,0
6263944,154414,1,1,0
1537032,154415,1,1,0
680584,154416,1,0,1
2041080,154417,1,1,0
7510848,154418,1,1,0
594552,154419,1,0,1
6255272,154420,1,1,0
1313296,154421,1,0,1
1070672,154422,1,1,0
3663896,154423,1,0,1
2834656,154424,1,1,0
1859016,154425,1,0,1
7264688,154426,1,0,1
1168008,154427,1,1,0
1583216,154428,1,0,1
951128,154429,1,0,1
977456,154430,1,1,0
2153888,154431,1,1,0
833320,154432,1,0,1
3925912,154433,1,0,1
4238720,154434,1,0,1
1241480,154435,1,1,0
1006968,154436,1,1,0
3543976,154437,1,1,0
5842776,154438,1,0,1
139536,154439,1,1,0
1139600,154440,1,0,1
8368992,154441,1,1,0
3865296,154442,1,1,0
2472696,154443,1,1,0
712376,154444,1,1,0
2893400,154445,1,1,0
1716752,154446,1,0,1
426936,154447,1,1,0
4342168,154448,1,0,1
4391648,154449,1,1,0
6888840,154450,1,0,1
8323448,154451,1,1,0
533536,154452,1,1,0
2681832,154453,1,1,0
2261624,154454,1,0,1
2847568,154455,1,0,1
1859448,154456,1,1,0
2959312,154457,1,1,0
4514872,154458,1,1,0
558608,154459,1,0,1
867952,154460,1,0,1
237472,154461,1,1,0
2541512,154462,1,0,1
748456,154463,1,1,0
2130712,154464,1,1,0
2779856,154465,1,1,0
6456264,154466,1,0,1
491608,154467,1,1,0
4815304,154468,1,1,0
3956136,154469,1,1,0
5856416,154470,1,1,0
3116256,154471,1,0,1
2274976,154472,1,1,0
2113600,154473,1,0,1
6757616,154474,1,1,0
4759376,154475,1,1,0
2776344,154476,1,1,0
4006376,154477,1,1,0
3379936,154478,1,1,0
886304,154479,1,1,0
4202048,154480,1,1,0
654968,154481,1,1,0
1735552,154482,1,0,1
762240,154483,1,1,0
1888160,154484,1,1,0
7599056,154485,1,1,0
4183560,154486,1,0,1
2878272,154487,1,0,1
2990248,154488,1,0,1
6096840,154489,1,1,0
7513152,154490,1,0,1
4252992,154491,1,1,0
7340728,154492,1,0,1
554872,154493,1,1,0
5628592,154494,1,1,0
377216,154495,1,0,1
8334512,154496,1,0,1
112856,154497,1,1,0
661864,154498,1,0,1
454304,154499,1,0,1
2776864,154500,1,1,0
1862880,154501,1,0,1
3866504,154502,1,0,1
1783192,154503,1,1,0
5060640,154504,1,0,1
7192912,154505,1,1,0
808400,154506,1,0,1
1689592,154507,1,0,1
413936,154508,1,0,1
332000,154509,1,0,1
2653976,154510,1,0,1
1957376,154511,1,1,0
862664,154512,1,1,0
5707032,154513,1,0,1
1717608,154514,1,0,1
6528816,154515,1,0,1
580088,154516,1,0,1
2302544,154517,1,0,1
4229832,154518,1,1,0
773032,154519,1,1,0
5172848,154520,1,1,0
6174432,154521,1,0,1
3234384,154522,1,0,1
2370944,154523,1,0,1
3923240,154524,1,1,0
7690064,154525,1,1,0
7316456,154526,1,1,0
711760,154527,1,0,1
8151952,154528,1,1,0
6985704,154529,1,0,1
970016,154530,1,0,1
5035400,154531,1,0,1
3109872,154532,1,1,0
625232,154533,1,0,1
473944,154534,1,0,1
217904,154535,1,0,1
5606024,154536,1,0,1
2607248,154537,1,1,0
7375576,154538,1,1,0
7094960,154539,1,0,1
7473160,154540,1,1,0
2316360,154541,1,1,0
5662616,154542,1,0,1
608056,154543,1,1,0
2006496,154544,1,1,0
3006808,154545,1,0,1
1363984,154546,1,1,0
6448120,154547,1,1,0
2713192,154548,1,1,0
2753408,154549,1,0,1
4626600,154550,1,0,1
6835880,154551,1,0,1
2318984,154552,1,0,1
1537176,154553,1,1,0
593424,154554,1,1,0
3274792,154555,1,1,0
867872,154556,1,0,1
1443080,154557,1,0,1
2334832,154558,1,0,1
8309200,154559,1,1,0
656152,154560,1,0,1
5703472,154561,1,0,1
2135272,154562,1,1,0
7315056,154563,1,1,0
291624,154564,1,0,1
453208,154565,1,0,1
684328,154566,1,1,0
5420752,154567,1,1,0
1716440,154568,1,1,0
2280016,154569,1,0,1
4989928,154570,1,1,0
1274936,154571,1,0,1
539016,154572,1,1,0
1083448,154573,1,1,0
3023240,154574,1,0,1
4357256,154575,1,1,0
1147712,154576,1,1,0
436848,154577,1,0,1
4640152,154578,1,1,0
5709224,154579,1,0,1
8007504,154580,1,1,0
2734264,154581,1,1,0
1010352,154582,1,0,1
498824,154583,1,0,1
870464,154584,1,0,1
1043976,154585,1,0,1
7827936,154586,1,0,1
1776488,154587,1,0,1
711608,154588,1,1,0
3076952,154589,1,0,1
4666920,154590,1,1,0
3162232,154591,1,0,1
4663136,154592,1,0,1
1244064,154593,1,0,1
371032,154594,1,1,0
2002776,154595,1,0,1
2024120,154596,1,0,1
548800,154597,1,0,1
3112720,154598,1,0,1
1908224,154599,1,0,1
2016520,154600,1,0,1
1574104,154601,1,0,1
3769600,154602,1,1,0
1250424,154603,1,0,1
4898112,154604,1,0,1
5113464,154605,1,1,0
1225768,154606,1,1,0
4980544,154607,1,0,1
2332816,154608,1,0,1
281680,154609,1,1,0
6272704,154610,1,0,1
4842672,154611,1,1,0
1328608,154612,1,0,1
398048,154613,1,0,1
4348664,154614,1,0,1
2086528,154615,1,1,0
6547904,154616,1,0,1
7281080,154617,1,1,0
1650376,154618,1,1,0
1094312,154619,1,1,0
1398472,154620,1,1,0
1204552,154621,1,0,1
3781984,154622,1,0,1
760024,154623,1,0,1
5076800,154624,1,0,1
2666344,154625,1,1,0
4186456,154626,1,0,1
627760,154627,1,0,1
2961608,154628,1,0,1
1387448,154629,1,1,0
6146328,154630,1,0,1
4651160,154631,1,1,0
1169280,154632,1,1,0
4454328,154633,1,1,0
1548352,154634,1,1,0
4302272,154635,1,0,1
6087416,154636,1,1,0
1137640,154637,1,1,0
4280264,154638,1,1,0
8187672,154639,1,1,0
1039832,154640,1,0,1
593400,154641,1,0,1
1095896,154642,1,1,0
5715256,154643,1,0,1
3006080,154644,1,0,1
7053984,154645,1,0,1
7002984,154646,1,0,1
1770256,154647,1,0,1
634032,154648,1,1,0
1442208,154649,1,1,0
1401912,154650,1,0,1
575928,154651,1,0,1
1092864,154652,1,0,1
7520152,154653,1,1,0
737680,154654,1,0,1
250584,154655,1,0,1
1115184,154656,1,1,0
170592,154657,1,1,0
1121600,154658,1,0,1
353312,154659,1,0,1
1490472,154660,1,1,0
6979656,154661,1,1,0
1288080,154662,1,1,0
365472,154663,1,0,1
2937104,154664,1,0,1
3278432,154665,1,0,1
1083296,154666,1,0,1
1334224,154667,1,0,1
3154800,154668,1,1,0
1305288,154669,1,0,1
1231952,154670,1,0,1
1835848,154671,1,0,1
2585280,154672,1,0,1
2293584,154673,1,0,1
7488424,154674,1,1,0
8310968,154675,1,0,1
1604416,154676,1,0,1
8363144,154677,1,0,1
5105024,154678,1,1,0
803296,154679,1,0,1
5614696,154680,1,0,1
3560344,154681,1,1,0
1120928,154682,1,1,0
4659120,154683,1,1,0
4501056,154684,1,1,0
533424,154685,1,1,0
835808,154686,1,1,0
3390568,154687,1,1,0
660640,154688,1,1,0
4512136,154689,1,1,0
4970104,154690,1,0,1
4782072,154691,1,0,1
6184464,154692,1,1,0
6818632,154693,1,0,1
4713856,154694,1,0,1
1998864,154695,1,0,1
634056,154696,1,0,1
5430128,154697,1,1,0
8015536,154698,1,0,1
2659904,154699,1,1,0
2771176,154700,1,0,1
4608136,154701,1,1,0
1651016,154702,1,0,1
7564320,154703,1,0,1
3820120,154704,1,1,0
2127152,154705,1,1,0
2894024,154706,1,0,1
7869608,154707,1,1,0
341432,154708,1,1,0
1270264,154709,1,0,1
1142440,154710,1,1,0
5141048,154711,1,1,0
1033552,154712,1,0,1
658368,154713,1,1,0
2658224,154714,1,1,0
426992,154715,1,1,0
471504,154716,1,1,0
6417168,154717,1,0,1
3363784,154718,1,1,0
1866856,154719,1,0,1
1379488,154720,1,1,0
5904128,154721,1,1,0
4090632,154722,1,1,0
2063728,154723,1,0,1
1817032,154724,1,1,0
8048160,154725,1,0,1
4254000,154726,1,0,1
434496,154727,1,1,0
2860216,154728,1,1,0
1850944,154729,1,1,0
1829240,154730,1,1,0
2633736,154731,1,0,1
176584,154732,1,1,0
2172568,154733,1,1,0
3295608,154734,1,1,0
240896,154735,1,0,1
7958440,154736,1,1,0
8220064,154737,1,0,1
953392,154738,1,1,0
3623448,154739,1,1,0
184504,154740,1,1,0
1464504,154741,1,0,1
768120,154742,1,1,0
1051536,154743,1,0,1
305616,154744,1,1,0
1004528,154745,1,0,1
2985496,154746,1,0,1
4484648,154747,1,0,1
765816,154748,1,0,1
1701592,154749,1,0,1
278072,154750,1,0,1
8123136,154751,1,1,0
1246240,154752,1,0,1
3847312,154753,1,0,1
7797272,154754,1,0,1
1221568,154755,1,0,1
230768,154756,1,1,0
3874672,154757,1,0,1
2754504,154758,1,1,0
899408,154759,1,1,0
309496,154760,1,0,1
1920408,154761,1,0,1
2193704,154762,1,1,0
5174144,154763,1,1,0
5191432,154764,1,1,0
744584,154765,1,1,0
8174248,154766,1,1,0
3968088,154767,1,1,0
7475768,154768,1,0,1
4190280,154769,1,0,1
192880,154770,1,0,1
1225240,154771,1,1,0
6215512,154772,1,0,1
4370336,154773,1,0,1
2955808,154774,1,0,1
4139064,154775,1,1,0
2763296,154776,1,1,0
3824664,154777,1,0,1
3189816,154778,1,0,1
4791656,154779,1,1,0
5903272,154780,1,0,1
1083712,154781,1,1,0
714968,154782,1,0,1
4572704,154783,1,0,1
1768944,154784,1,1,0
2361920,154785,1,1,0
5295488,154786,1,1,0
7716040,154787,1,0,1
1983184,154788,1,0,1
5189608,154789,1,1,0
5074256,154790,1,1,0
2156072,154791,1,1,0
4086896,154792,1,1,0
1533088,154793,1,0,1
569728,154794,1,1,0
954552,154795,1,0,1
6630016,154796,1,1,0
719168,154797,1,0,1
3830128,154798,1,1,0
545984,154799,1,0,1
6916080,154800,1,1,0
669216,154801,1,0,1
2214968,154802,1,1,0
2648432,154803,1,1,0
2142600,154804,1,0,1
641848,154805,1,1,0
4206584,154806,1,0,1
8020128,154807,1,1,0
245984,154808,1,0,1
551096,154809,1,1,0
3523224,154810,1,1,0
1486048,154811,1,1,0
6577744,154812,1,1,0
3137456,154813,1,1,0
1422632,154814,1,0,1
2952680,154815,1,0,1
845944,154816,1,1,0
1456504,154817,1,0,1
546952,154818,1,1,0
5064016,154819,1,0,1
5809048,154820,1,1,0
5134968,154821,1,1,0
5562272,154822,1,1,0
285448,154823,1,0,1
857168,154824,1,1,0
712160,154825,1,1,0
1795952,154826,1,1,0
1020648,154827,1,1,0
2633120,154828,1,1,0
1024600,154829,1,1,0
2822536,154830,1,1,0
6297224,154831,1,0,1
4771352,154832,1,1,0
4892488,154833,1,0,1
1156616,154834,1,0,1
3257216,154835,1,1,0
275208,154836,1,1,0
249536,154837,1,1,0
3980080,154838,1,1,0
1244488,154839,1,1,0
305960,154840,1,0,1
2360312,154841,1,1,0
561552,154842,1,1,0
2024808,154843,1,1,0
548256,154844,1,1,0
3835128,154845,1,0,1
4456176,154846,1,0,1
1024952,154847,1,1,0
3940800,154848,1,0,1
378200,154849,1,0,1
4477624,154850,1,0,1
2387448,154851,1,0,1
4511840,154852,1,1,0
1334096,154853,1,0,1
5768464,154854,1,1,0
3398648,154855,1,0,1
289384,154856,1,0,1
321808,154857,1,0,1
6853712,154858,1,1,0
3457456,154859,1,1,0
2501296,154860,1,0,1
895600,154861,1,1,0
933528,154862,1,0,1
6660376,154863,1,0,1
769416,154864,1,0,1
2037584,154865,1,1,0
4263328,154866,1,1,0
1399968,154867,1,1,0
6507856,154868,1,0,1
1245288,154869,1,0,1
236576,154870,1,1,0
334864,154871,1,0,1
155712,154872,1,1,0
2894344,154873,1,0,1
548728,154874,1,0,1
577376,154875,1,0,1
687992,154876,1,0,1
4669136,154877,1,1,0
1220832,154878,1,1,0
5161312,154879,1,1,0
902344,154880,1,1,0
1090408,154881,1,0,1
4670376,154882,1,1,0
362528,154883,1,0,1
3742136,154884,1,1,0
647624,154885,1,1,0
6766488,154886,1,1,0
3464896,154887,1,0,1
3303088,154888,1,0,1
5181696,154889,1,1,0
317672,154890,1,0,1
3054264,154891,1,0,1
643248,154892,1,1,0
313936,154893,1,0,1
709352,154894,1,0,1
5602864,154895,1,0,1
4626552,154896,1,1,0
2631560,154897,1,0,1
817208,154898,1,1,0
3475824,154899,1,0,1
3681456,154900,1,1,0
5529176,154901,1,1,0
3511048,154902,1,1,0
2071592,154903,1,0,1
2407080,154904,1,1,0
587296,154905,1,1,0
2173272,154906,1,0,1
2785664,154907,1,1,0
8113880,154908,1,1,0
1401144,154909,1,1,0
233968,154910,1,0,1
6627352,154911,1,0,1
463256,154912,1,1,0
6419952,154913,1,0,1
468968,154914,1,0,1
2764320,154915,1,0,1
1769304,154916,1,0,1
2069024,154917,1,1,0
6329504,154918,1,1,0
988984,154919,1,0,1
2933656,154920,1,1,0
1481000,154921,1,1,0
1952288,154922,1,1,0
5318120,154923,1,1,0
2130256,154924,1,0,1
563904,154925,1,0,1
704872,154926,1,1,0
1082608,154927,1,1,0
3944368,154928,1,0,1
1079352,154929,1,0,1
4629120,154930,1,1,0
1739256,154931,1,1,0
7168544,154932,1,1,0
94128,154933,1,0,1
2202752,154934,1,0,1
3382704,154935,1,0,1
5618056,154936,1,0,1
5947264,154937,1,1,0
1062872,154938,1,0,1
4892792,154939,1,0,1
618296,154940,1,1,0
1662216,154941,1,0,1
477728,154942,1,1,0
1474896,154943,1,0,1
1791616,154944,1,0,1
4593376,154945,1,0,1
726200,154946,1,1,0
741000,154947,1,1,0
119552,154948,1,0,1
2792984,154949,1,1,0
1737776,154950,1,0,1
4096768,154951,1,1,0
2047136,154952,1,1,0
2911256,154953,1,1,0
1819240,154954,1,1,0
779408,154955,1,0,1
1687672,154956,1,1,0
600952,154957,1,1,0
4445616,154958,1,1,0
6136816,154959,1,0,1
8039608,154960,1,0,1
5596792,154961,1,0,1
1303048,154962,1,0,1
2068880,154963,1,0,1
4375144,154964,1,0,1
2080328,154965,1,0,1
1899288,154966,1,0,1
1817944,154967,1,0,1
4626400,154968,1,1,0
1663664,154969,1,0,1
1387352,154970,1,0,1
5964088,154971,1,1,0
6696680,154972,1,1,0
1127176,154973,1,1,0
1317800,154974,1,0,1
4257216,154975,1,0,1
3862504,154976,1,1,0
1332104,154977,1,1,0
4645528,154978,1,0,1
8269288,154979,1,0,1
1796656,154980,1,1,0
2585704,154981,1,1,0
5806176,154982,1,0,1
3288504,154983,1,1,0
2319808,154984,1,1,0
125936,154985,1,1,0
1864976,154986,1,0,1
6410248,154987,1,1,0
991936,154988,1,0,1
5412784,154989,1,0,1
6953808,154990,1,0,1
3945440,154991,1,0,1
2493680,154992,1,1,0
2432272,154993,1,1,0
814872,154994,1,0,1
3616872,154995,1,1,0
1937112,154996,1,1,0
1144864,154997,1,0,1
7001960,154998,1,1,0
1603896,154999,1,1,0
4982112,155000,1,0,1
1484760,155001,1,0,1
498248,155002,1,1,0
3163504,155003,1,1,0
4517808,155004,1,1,0
933712,155005,1,0,1
7522224,155006,1,0,1
1606216,155007,1,1,0
828152,155008,1,0,1
7343064,155009,1,1,0
7070208,155010,1,0,1
2671056,155011,1,0,1
536776,155012,1,0,1
5414672,155013,1,1,0
1160792,155014,1,1,0
3733112,155015,1,1,0
664768,155016,1,1,0
8246936,155017,1,1,0
298904,155018,1,0,1
1771784,155019,1,1,0
6689936,155020,1,1,0
2823120,155021,1,0,1
1930952,155022,1,0,1
3352192,155023,1,0,1
238408,155024,1,1,0
6177768,155025,1,1,0
920584,155026,1,0,1
3855224,155027,1,0,1
4243784,155028,1,1,0
401232,155029,1,0,1
8371784,155030,1,0,1
4529088,155031,1,0,1
3100232,155032,1,0,1
398736,155033,1,0,1
993704,155034,1,1,0
2921064,155035,1,1,0
368688,155036,1,0,1
1716704,155037,1,0,1
1876608,155038,1,1,0
572144,155039,1,1,0
4322712,155040,1,1,0
268632,155041,1,1,0
192624,155042,1,1,0
1729824,155043,1,0,1
4334344,155044,1,0,1
2297984,155045,1,1,0
8132904,155046,1,0,1
819464,155047,1,0,1
5700856,155048,1,0,1
3661648,155049,1,1,0
4124104,155050,1,1,0
5861312,155051,1,1,0
1419856,155052,1,0,1
1117152,155053,1,1,0
4196176,155054,1,1,0
1234768,155055,1,0,1
3457248,155056,1,1,0
5977016,155057,1,1,0
859216,155058,1,0,1
458872,155059,1,0,1
2658392,155060,1,0,1
3144456,155061,1,1,0
7222160,155062,1,1,0
8026072,155063,1,0,1
2606328,155064,1,0,1
4024696,155065,1,0,1
2043256,155066,1,1,0
1004592,155067,1,0,1
2381184,155068,1,1,0
7146192,155069,1,1,0
4111584,155070,1,1,0
792208,155071,1,1,0
62376,155072,1,1,0
409440,155073,1,0,1
7992816,155074,1,1,0
869816,155075,1,1,0
2229056,155076,1,1,0
1981344,155077,1,1,0
7061568,155078,1,1,0
854920,155079,1,1,0
1735536,155080,1,0,1
1883784,155081,1,0,1
6758648,155082,1,1,0
1372096,155083,1,0,1
2810608,155084,1,1,0
5617224,155085,1,0,1
621848,155086,1,1,0
600496,155087,1,1,0
5028880,155088,1,0,1
4440816,155089,1,1,0
2372608,155090,1,0,1
2659992,155091,1,1,0
5809136,155092,1,1,0
249008,155093,1,1,0
5048928,155094,1,0,1
1353888,155095,1,1,0
525616,155096,1,1,0
856328,155097,1,1,0
1510328,155098,1,0,1
1668104,155099,1,1,0
6377152,155100,1,1,0
3540216,155101,1,0,1
5716688,155102,1,0,1
7887200,155103,1,1,0
6145432,155104,1,0,1
3685576,155105,1,0,1
5165520,155106,1,0,1
4223976,155107,1,1,0
1279976,155108,1,0,1
4996424,155109,1,1,0
2579768,155110,1,1,0
1576928,155111,1,1,0
7484144,155112,1,0,1
1002688,155113,1,0,1
2092288,155114,1,0,1
2156712,155115,1,0,1
5313904,155116,1,0,1
1106224,155117,1,1,0
1026008,155118,1,1,0
2764240,155119,1,0,1
860808,155120,1,0,1
7472336,155121,1,0,1
2971880,155122,1,1,0
1132192,155123,1,0,1
330096,155124,1,1,0
2476520,155125,1,0,1
280680,155126,1,1,0
625896,155127,1,0,1
156720,155128,1,1,0
8026656,155129,1,1,0
5802808,155130,1,0,1
7167240,155131,1,0,1
7393696,155132,1,1,0
1101872,155133,1,0,1
4752416,155134,1,1,0
762088,155135,1,0,1
2554168,155136,1,0,1
454368,155137,1,0,1
388856,155138,1,0,1
1723168,155139,1,0,1
376264,155140,1,0,1
5454512,155141,1,0,1
641616,155142,1,0,1
5071240,155143,1,0,1
3000416,155144,1,1,0
3136592,155145,1,0,1
2823280,155146,1,1,0
6411400,155147,1,0,1
2758056,155148,1,0,1
1817832,155149,1,1,0
6521464,155150,1,0,1
1685576,155151,1,0,1
3501048,155152,1,0,1
3912456,155153,1,0,1
731616,155154,1,0,1
302272,155155,1,0,1
2990712,155156,1,1,0
1300480,155157,1,1,0
160472,155158,1,1,0
6790416,155159,1,1,0
6140496,155160,1,1,0
7969848,155161,1,1,0
1617688,155162,1,1,0
987256,155163,1,1,0
872464,155164,1,1,0
1198296,155165,1,1,0
487896,155166,1,1,0
3181560,155167,1,1,0
6231728,155168,1,1,0
1470768,155169,1,0,1
2569064,155170,1,0,1
2944296,155171,1,1,0
5721528,155172,1,1,0
1007272,155173,1,1,0
4922032,155174,1,0,1
1877736,155175,1,1,0
1756112,155176,1,0,1
940784,155177,1,0,1
623112,155178,1,0,1
3477128,155179,1,0,1
164344,155180,1,0,1
5631912,155181,1,0,1
416496,155182,1,0,1
1288008,155183,1,1,0
740520,155184,1,0,1
1844336,155185,1,1,0
782112,155186,1,1,0
104952,155187,1,0,1
1934600,155188,1,1,0
5414200,155189,1,1,0
6825776,155190,1,1,0
7634056,155191,1,0,1
1934872,155192,1,1,0
205256,155193,1,0,1
1291608,155194,1,1,0
5216168,155195,1,1,0
8221216,155196,1,1,0
2603056,155197,1,1,0
7734344,155198,1,0,1
604584,155199,1,0,1
3055864,155200,1,0,1
2124584,155201,1,0,1
1162352,155202,1,0,1
2751792,155203,1,0,1
751600,155204,1,0,1
1051648,155205,1,0,1
8203584,155206,1,0,1
6526512,155207,1,0,1
2357408,155208,1,1,0
2251416,155209,1,0,1
1654288,155210,1,1,0
5694464,155211,1,1,0
1972504,155212,1,0,1
311632,155213,1,0,1
977944,155214,1,1,0
1491208,155215,1,1,0
3284368,155216,1,0,1
6710968,155217,1,1,0
4348544,155218,1,0,1
702568,155219,1,1,0
318984,155220,1,1,0
2195864,155221,1,0,1
4638024,155222,1,0,1
4683760,155223,1,0,1
1785864,155224,1,0,1
2689616,155225,1,0,1
1971232,155226,1,1,0
394128,155227,1,0,1
1795536,155228,1,1,0
1382296,155229,1,1,0
764704,155230,1,1,0
5620136,155231,1,0,1
2956648,155232,1,1,0
7508328,155233,1,0,1
6955072,155234,1,0,1
4999600,155235,1,1,0
1617384,155236,1,0,1
2499512,155237,1,0,1
1155048,155238,1,1,0
3085288,155239,1,1,0
6488232,155240,1,0,1
7493024,155241,1,0,1
828912,155242,1,0,1
1411712,155243,1,0,1
421776,155244,1,1,0
6695392,155245,1,0,1
1567712,155246,1,1,0
7255480,155247,1,0,1
8098592,155248,1,0,1
5177160,155249,1,1,0
222696,155250,1,0,1
639968,155251,1,0,1
1089752,155252,1,0,1
596600,155253,1,1,0
2305496,155254,1,1,0
2244352,155255,1,0,1
1772904,155256,1,1,0
7408776,155257,1,0,1
378104,155258,1,1,0
4551552,155259,1,1,0
6316104,155260,1,1,0
8338000,155261,1,0,1
2853544,155262,1,0,1
2677208,155263,1,0,1
5521376,155264,1,0,1
191128,155265,1,1,0
495440,155266,1,1,0
1386688,155267,1,1,0
1796200,155268,1,0,1
7221688,155269,1,1,0
413992,155270,1,0,1
109080,155271,1,1,0
4406816,155272,1,0,1
502776,155273,1,1,0
261592,155274,1,0,1
2279408,155275,1,1,0
4134840,155276,1,1,0
310144,155277,1,1,0
1069328,155278,1,0,1
5605576,155279,1,1,0
2392504,155280,1,0,1
734744,155281,1,1,0
264544,155282,1,0,1
255792,155283,1,1,0
709624,155284,1,0,1
1217624,155285,1,1,0
1616736,155286,1,0,1
7456224,155287,1,1,0
2218768,155288,1,0,1
1253784,155289,1,0,1
102528,155290,1,0,1
5835400,155291,1,1,0
6008104,155292,1,0,1
6151888,155293,1,1,0
4209520,155294,1,1,0
1236440,155295,1,0,1
2360032,155296,1,1,0
2503816,155297,1,0,1
5879152,155298,1,0,1
301576,155299,1,1,0
1020512,155300,1,0,1
4611080,155301,1,0,1
8320136,155302,1,1,0
2552520,155303,1,1,0
1866344,155304,1,0,1
4681872,155305,1,1,0
1372400,155306,1,1,0
3290864,155307,1,1,0
2103520,155308,1,0,1
1373504,155309,1,0,1
8188144,155310,1,1,0
166912,155311,1,1,0
1533888,155312,1,1,0
1168256,155313,1,1,0
4328808,155314,1,1,0
2838360,155315,1,0,1
1197624,155316,1,1,0
756312,155317,1,0,1
957136,155318,1,1,0
1508504,155319,1,1,0
7850408,155320,1,0,1
4765528,155321,1,1,0
671352,155322,1,1,0
411280,155323,1,1,0
2455480,155324,1,1,0
460600,155325,1,1,0
683056,155326,1,0,1
4187112,155327,1,0,1
7583304,155328,1,0,1
263488,155329,1,1,0
575208,155330,1,1,0
4143664,155331,1,1,0
2569184,155332,1,1,0
2299088,155333,1,1,0
3678824,155334,1,1,0
6086032,155335,1,0,1
1567672,155336,1,1,0
688320,155337,1,1,0
1360856,155338,1,0,1
1984872,155339,1,1,0
6353432,155340,1,1,0
982120,155341,1,1,0
7183992,155342,1,0,1
3966984,155343,1,1,0
3224304,155344,1,0,1
6302504,155345,1,1,0
8384920,155346,1,0,1
306576,155347,1,0,1
3481848,155348,1,1,0
4829696,155349,1,0,1
1873144,155350,1,1,0
349208,155351,1,0,1
1958368,155352,1,0,1
8246712,155353,1,1,0
514640,155354,1,1,0
1385048,155355,1,1,0
970208,155356,1,0,1
3460968,155357,1,1,0
317752,155358,1,0,1
2413320,155359,1,1,0
1101736,155360,1,0,1
5951504,155361,1,1,0
330264,155362,1,1,0
1523344,155363,1,0,1
446376,155364,1,0,1
4665520,155365,1,1,0
4355136,155366,1,1,0
5199704,155367,1,1,0
327992,155368,1,0,1
6469904,155369,1,0,1
838576,155370,1,1,0
1417504,155371,1,0,1
2350664,155372,1,1,0
1150224,155373,1,1,0
2638152,155374,1,0,1
1622544,155375,1,1,0
6916568,155376,1,0,1
2726792,155377,1,1,0
4682368,155378,1,1,0
2450912,155379,1,1,0
258656,155380,1,0,1
1238792,155381,1,1,0
3620968,155382,1,1,0
3213640,155383,1,0,1
1441136,155384,1,0,1
2813024,155385,1,0,1
5426152,155386,1,1,0
7678248,155387,1,0,1
1872800,155388,1,0,1
4977312,155389,1,0,1
5444800,155390,1,0,1
1163976,155391,1,0,1
1676064,155392,1,1,0
2970768,155393,1,1,0
4182272,155394,1,0,1
2260064,155395,1,0,1
5580984,155396,1,1,0
1608512,155397,1,0,1
3872584,155398,1,1,0
5259616,155399,1,1,0
7234208,155400,1,0,1
2697576,155401,1,0,1
731912,155402,1,0,1
1209920,155403,1,0,1
955792,155404,1,1,0
925048,155405,1,0,1
5664784,155406,1,0,1
2478864,155407,1,0,1
7942240,155408,1,0,1
5724280,155409,1,1,0
3387656,155410,1,0,1
3835920,155411,1,0,1
5533296,155412,1,1,0
711144,155413,1,1,0
5928512,155414,1,1,0
1641848,155415,1,1,0
145000,155416,1,1,0
1913088,155417,1,1,0
1955024,155418,1,0,1
2204512,155419,1,1,0
5377368,155420,1,0,1
1737520,155421,1,1,0
1904544,155422,1,1,0
1114440,155423,1,0,1
827336,155424,1,1,0
3655928,155425,1,0,1
165080,155426,1,0,1
1357352,155427,1,0,1
6415600,155428,1,0,1
2206264,155429,1,0,1
1136696,155430,1,1,0
725728,155431,1,0,1
3460568,155432,1,1,0
7275880,155433,1,1,0
5577160,155434,1,0,1
3469784,155435,1,0,1
211464,155436,1,0,1
6805520,155437,1,0,1
396152,155438,1,1,0
1892416,155439,1,1,0
4907960,155440,1,0,1
3268848,155441,1,1,0
6535280,155442,1,1,0
655592,155443,1,1,0
5625088,155444,1,0,1
4734360,155445,1,0,1
5939032,155446,1,0,1
1336640,155447,1,1,0
1781296,155448,1,0,1
7019720,155449,1,0,1
1409120,155450,1,1,0
6825888,155451,1,1,0
7316248,155452,1,1,0
3102280,155453,1,0,1
483800,155454,1,1,0
7544136,155455,1,1,0
2998048,155456,1,0,1
297264,155457,1,1,0
4223208,155458,1,1,0
7962984,155459,1,1,0
1407512,155460,1,0,1
2668520,155461,1,1,0
387568,155462,1,0,1
1465008,155463,1,1,0
163840,155464,1,0,1
389752,155465,1,1,0
907240,155466,1,1,0
6880280,155467,1,1,0
880560,155468,1,0,1
2339936,155469,1,1,0
5909016,155470,1,0,1
2719560,155471,1,1,0
1066200,155472,1,0,1
2793328,155473,1,0,1
537768,155474,1,0,1
7169352,155475,1,1,0
1855192,155476,1,1,0
2724624,155477,1,0,1
7955336,155478,1,1,0
909784,155479,1,1,0
805328,155480,1,0,1
5632200,155481,1,0,1
1832488,155482,1,0,1
865968,155483,1,1,0
486016,155484,1,0,1
7616416,155485,1,1,0
6345800,155486,1,0,1
728256,155487,1,0,1
2161368,155488,1,1,0
1430168,155489,1,0,1
3181552,155490,1,0,1
1112840,155491,1,0,1
5514064,155492,1,1,0
3111632,155493,1,1,0
432088,155494,1,1,0
277896,155495,1,0,1
7556504,155496,1,0,1
5583872,155497,1,1,0
1733752,155498,1,1,0
1190464,155499,1,0,1
1555696,155500,1,0,1
3582128,155501,1,1,0
4053824,155502,1,0,1
5298408,155503,1,0,1
1373784,155504,1,0,1
7873080,155505,1,1,0
524088,155506,1,1,0
6892864,155507,1,0,1
1350072,155508,1,1,0
416176,155509,1,1,0
1167920,155510,1,0,1
7363920,155511,1,1,0
4668832,155512,1,0,1
2132104,155513,1,1,0
548272,155514,1,1,0
2849896,155515,1,0,1
966352,155516,1,1,0
357280,155517,1,1,0
6255736,155518,1,1,0
813712,155519,1,0,1
2747784,155520,1,1,0
1214264,155521,1,1,0
699704,155522,1,0,1
5266184,155523,1,0,1
3088176,155524,1,1,0
675208,155525,1,0,1
764824,155526,1,0,1
1145864,155527,1,0,1
359984,155528,1,0,1
1548968,155529,1,1,0
2443384,155530,1,1,0
1065640,155531,1,0,1
2056224,155532,1,1,0
1747120,155533,1,0,1
130240,155534,1,0,1
7777408,155535,1,1,0
1793904,155536,1,1,0
2658728,155537,1,0,1
7074216,155538,1,0,1
2953152,155539,1,1,0
829456,155540,1,0,1
3356056,155541,1,0,1
5798256,155542,1,1,0
5867944,155543,1,1,0
910472,155544,1,1,0
1002072,155545,1,0,1
6065200,155546,1,0,1
1121648,155547,1,0,1
6139368,155548,1,1,0
94256,155549,1,0,1
5011568,155550,1,0,1
315952,155551,1,1,0
338632,155552,1,1,0
1660648,155553,1,0,1
1881880,155554,1,1,0
752808,155555,1,1,0
2694464,155556,1,0,1
187312,155557,1,0,1
2026384,155558,1,1,0
2599048,155559,1,1,0
649488,155560,1,0,1
2822216,155561,1,0,1
3455784,155562,1,0,1
947752,155563,1,1,0
919704,155564,1,1,0
4503608,155565,1,1,0
1275728,155566,1,1,0
148384,155567,1,0,1
5129928,155568,1,1,0
363464,155569,1,1,0
7633648,155570,1,1,0
7379600,155571,1,1,0
1533496,155572,1,0,1
1536752,155573,1,1,0
1248176,155574,1,0,1
1722984,155575,1,1,0
6423176,155576,1,0,1
1509360,155577,1,1,0
7142408,155578,1,0,1
6051488,155579,1,1,0
1578232,155580,1,1,0
1478232,155581,1,1,0
1748368,155582,1,1,0
240496,155583,1,0,1
6035296,155584,1,1,0
7940616,155585,1,1,0
2557632,155586,1,1,0
7822368,155587,1,1,0
2502672,155588,1,1,0
501600,155589,1,1,0
2746360,155590,1,1,0
3006184,155591,1,1,0
4814248,155592,1,0,1
2398224,155593,1,0,1
8328480,155594,1,1,0
6002680,155595,1,0,1
3165928,155596,1,0,1
6546696,155597,1,1,0
3995048,155598,1,1,0
714840,155599,1,1,0
1679336,155600,1,1,0
4799008,155601,1,1,0
838400,155602,1,0,1
7990352,155603,1,1,0
2456096,155604,1,0,1
3236544,155605,1,0,1
1621184,155606,1,0,1
7816072,155607,1,1,0
5153544,155608,1,0,1
3464008,155609,1,1,0
611536,155610,1,1,0
4887512,155611,1,1,0
231672,155612,1,1,0
476800,155613,1,0,1
3268248,155614,1,0,1
7407800,155615,1,0,1
1055248,155616,1,0,1
6272368,155617,1,0,1
2602152,155618,1,0,1
1416992,155619,1,1,0
4000776,155620,1,0,1
607640,155621,1,0,1
227640,155622,1,1,0
372704,155623,1,0,1
3131936,155624,1,1,0
6793208,155625,1,1,0
6347016,155626,1,0,1
8149080,155627,1,0,1
4269008,155628,1,1,0
3127712,155629,1,1,0
1611608,155630,1,0,1
4265848,155631,1,0,1
8272424,155632,1,0,1
8250288,155633,1,0,1
4841464,155634,1,1,0
2694496,155635,1,0,1
7332496,155636,1,0,1
367440,155637,1,1,0
4368872,155638,1,1,0
4309088,155639,1,0,1
1881016,155640,1,1,0
2149192,155641,1,1,0
3480792,155642,1,0,1
3383632,155643,1,0,1
1670320,155644,1,1,0
434840,155645,1,1,0
1100912,155646,1,1,0
1061944,155647,1,1,0
578632,155648,1,0,1
1625536,155649,1,0,1
213568,155650,1,1,0
8188480,155651,1,1,0
6914136,155652,1,0,1
5869264,155653,1,1,0
4824408,155654,1,1,0
804336,155655,1,1,0
4797840,155656,1,1,0
6291448,155657,1,0,1
7425048,155658,1,0,1
7302240,155659,1,0,1
1131768,155660,1,1,0
1009624,155661,1,0,1
3580112,155662,1,0,1
745368,155663,1,0,1
2711200,155664,1,1,0
1363392,155665,1,1,0
1771736,155666,1,0,1
1076384,155667,1,1,0
6424600,155668,1,1,0
544592,155669,1,1,0
2621568,155670,1,0,1
2053016,155671,1,0,1
1442416,155672,1,1,0
4932560,155673,1,1,0
2407088,155674,1,0,1
1567160,155675,1,1,0
634824,155676,1,0,1
7613392,155677,1,0,1
927672,155678,1,1,0
1150088,155679,1,0,1
2628240,155680,1,1,0
2986424,155681,1,0,1
6953952,155682,1,1,0
6821792,155683,1,1,0
5366712,155684,1,1,0
3287440,155685,1,0,1
2895768,155686,1,0,1
4196632,155687,1,1,0
2937352,155688,1,1,0
7248712,155689,1,1,0
2849456,155690,1,1,0
3981064,155691,1,0,1
5930280,155692,1,1,0
473024,155693,1,0,1
271656,155694,1,1,0
2617704,155695,1,0,1
2080984,155696,1,1,0
3043528,155697,1,0,1
1888232,155698,1,0,1
4853256,155699,1,0,1
3621840,155700,1,1,0
590736,155701,1,1,0
6597264,155702,1,0,1
1017192,155703,1,0,1
2228368,155704,1,1,0
357408,155705,1,1,0
2642536,155706,1,0,1
8254728,155707,1,1,0
6305240,155708,1,1,0
1077536,155709,1,1,0
4718152,155710,1,0,1
2224568,155711,1,0,1
1040840,155712,1,1,0
2465392,155713,1,0,1
5641704,155714,1,0,1
399128,155715,1,1,0
3706472,155716,1,1,0
7757672,155717,1,0,1
3962296,155718,1,1,0
5851800,155719,1,1,0
4801848,155720,1,0,1
3751776,155721,1,0,1
141360,155722,1,1,0
2396160,155723,1,0,1
1034384,155724,1,0,1
743736,155725,1,0,1
2572464,155726,1,1,0
863488,155727,1,0,1
3774952,155728,1,1,0
2250240,155729,1,1,0
3213960,155730,1,0,1
773520,155731,1,1,0
2086728,155732,1,0,1
4456512,155733,1,0,1
203816,155734,1,0,1
322632,155735,1,0,1
854984,155736,1,1,0
342328,155737,1,0,1
1138984,155738,1,1,0
500480,155739,1,0,1
273992,155740,1,1,0
2061520,155741,1,0,1
3679272,155742,1,1,0
5039104,155743,1,0,1
1636912,155744,1,0,1
3568272,155745,1,1,0
7763640,155746,1,1,0
4332784,155747,1,0,1
1150040,155748,1,0,1
4893624,155749,1,0,1
253744,155750,1,0,1
7181560,155751,1,1,0
3971976,155752,1,0,1
3439784,155753,1,1,0
154936,155754,1,0,1
3049696,155755,1,0,1
4796552,155756,1,1,0
659280,155757,1,1,0
4733720,155758,1,1,0
6854680,155759,1,0,1
599208,155760,1,1,0
675440,155761,1,1,0
7773848,155762,1,1,0
1974424,155763,1,0,1
2188264,155764,1,0,1
1286968,155765,1,1,0
2326576,155766,1,1,0
5307776,155767,1,1,0
370088,155768,1,1,0
7402480,155769,1,1,0
3503528,155770,1,1,0
5349944,155771,1,0,1
2461976,155772,1,1,0
916120,155773,1,1,0
2459512,155774,1,0,1
1022792,155775,1,0,1
433248,155776,1,0,1
2374488,155777,1,1,0
1087368,155778,1,1,0
2596912,155779,1,0,1
7809792,155780,1,1,0
985040,155781,1,1,0
1676040,155782,1,1,0
2885296,155783,1,1,0
280136,155784,1,1,0
2877416,155785,1,1,0
584744,155786,1,1,0
1348832,155787,1,1,0
4367352,155788,1,0,1
5399120,155789,1,0,1
881992,155790,1,0,1
780416,155791,1,1,0
2471280,155792,1,0,1
4664328,155793,1,0,1
5946960,155794,1,1,0
7602880,155795,1,1,0
6278768,155796,1,1,0
5812816,155797,1,0,1
5164480,155798,1,0,1
2010320,155799,1,1,0
2868336,155800,1,1,0
2933600,155801,1,0,1
809864,155802,1,1,0
1696952,155803,1,0,1
1603840,155804,1,0,1
2951032,155805,1,1,0
4741008,155806,1,1,0
892936,155807,1,1,0
314232,155808,1,0,1
4286632,155809,1,0,1
2218992,155810,1,0,1
1687880,155811,1,0,1
1896016,155812,1,0,1
3110872,155813,1,0,1
5204712,155814,1,0,1
433536,155815,1,0,1
2129896,155816,1,0,1
2699680,155817,1,0,1
2779160,155818,1,1,0
3860312,155819,1,0,1
2105728,155820,1,0,1
442248,155821,1,0,1
5419224,155822,1,0,1
2373992,155823,1,0,1
138704,155824,1,0,1
5822808,155825,1,1,0
325856,155826,1,0,1
215344,155827,1,1,0
5023768,155828,1,0,1
7016600,155829,1,1,0
728968,155830,1,0,1
3866696,155831,1,1,0
1451728,155832,1,0,1
1590016,155833,1,1,0
1388816,155834,1,0,1
995240,155835,1,1,0
1687120,155836,1,0,1
1662064,155837,1,0,1
6002568,155838,1,1,0
6990312,155839,1,0,1
296976,155840,1,1,0
6711320,155841,1,0,1
3089728,155842,1,1,0
945016,155843,1,1,0
1059640,155844,1,0,1
2281656,155845,1,1,0
531272,155846,1,0,1
1072248,155847,1,0,1
6564008,155848,1,0,1
3568080,155849,1,0,1
1465088,155850,1,0,1
1487520,155851,1,0,1
5904040,155852,1,1,0
983376,155853,1,0,1
2832720,155854,1,0,1
5536888,155855,1,1,0
612584,155856,1,0,1
6377224,155857,1,1,0
531016,155858,1,1,0
1857192,155859,1,0,1
2055904,155860,1,1,0
6895440,155861,1,1,0
1662696,155862,1,1,0
5613360,155863,1,1,0
1622424,155864,1,1,0
2746968,155865,1,0,1
2838760,155866,1,1,0
2136536,155867,1,0,1
7204624,155868,1,1,0
4300104,155869,1,0,1
1686064,155870,1,0,1
1281032,155871,1,0,1
3571384,155872,1,1,0
1050528,155873,1,0,1
3343512,155874,1,0,1
5937248,155875,1,0,1
348240,155876,1,1,0
2173024,155877,1,0,1
524480,155878,1,0,1
212680,155879,1,1,0
2471584,155880,1,1,0
617600,155881,1,0,1
8293224,155882,1,0,1
3199176,155883,1,0,1
6266080,155884,1,0,1
577776,155885,1,0,1
2281160,155886,1,1,0
5581872,155887,1,1,0
6663856,155888,1,1,0
6223544,155889,1,0,1
8127768,155890,1,0,1
875880,155891,1,1,0
735040,155892,1,1,0
2687816,155893,1,1,0
4247296,155894,1,0,1
279592,155895,1,1,0
263448,155896,1,0,1
4477664,155897,1,0,1
294800,155898,1,1,0
1824264,155899,1,1,0
334568,155900,1,1,0
3578008,155901,1,1,0
562800,155902,1,1,0
1300544,155903,1,0,1
651456,155904,1,1,0
281200,155905,1,0,1
2108256,155906,1,0,1
6756144,155907,1,1,0
437576,155908,1,0,1
2680504,155909,1,1,0
4385312,155910,1,1,0
112448,155911,1,1,0
568448,155912,1,1,0
637952,155913,1,0,1
1187000,155914,1,0,1
3615336,155915,1,0,1
3624208,155916,1,1,0
1796872,155917,1,0,1
1012496,155918,1,0,1
6190688,155919,1,0,1
3403728,155920,1,0,1
572160,155921,1,0,1
7807672,155922,1,1,0
1223976,155923,1,1,0
1098400,155924,1,0,1
6670904,155925,1,1,0
1270448,155926,1,0,1
2390464,155927,1,0,1
1597136,155928,1,0,1
4335688,155929,1,0,1
1566904,155930,1,0,1
5869112,155931,1,0,1
6910344,155932,1,0,1
1898232,155933,1,1,0
5862800,155934,1,0,1
1848568,155935,1,0,1
1186176,155936,1,0,1
200224,155937,1,0,1
2323256,155938,1,0,1
1250992,155939,1,0,1
1799112,155940,1,0,1
5712448,155941,1,1,0
3183152,155942,1,0,1
1452840,155943,1,0,1
2635760,155944,1,1,0
7640512,155945,1,1,0
4400864,155946,1,0,1
1154352,155947,1,1,0
460288,155948,1,0,1
862208,155949,1,0,1
1586480,155950,1,1,0
7869104,155951,1,0,1
6762944,155952,1,1,0
7025904,155953,1,1,0
647448,155954,1,0,1
872744,155955,1,1,0
310448,155956,1,0,1
7195576,155957,1,0,1
1163136,155958,1,0,1
1576152,155959,1,0,1
5719344,155960,1,0,1
1721592,155961,1,1,0
871808,155962,1,0,1
1940136,155963,1,1,0
534400,155964,1,1,0
8062376,155965,1,1,0
2904448,155966,1,1,0
1672440,155967,1,1,0
5251952,155968,1,0,1
2433824,155969,1,1,0
1622240,155970,1,0,1
4099216,155971,1,1,0
468688,155972,1,0,1
7511272,155973,1,0,1
2117440,155974,1,0,1
3805656,155975,1,0,1
3565776,155976,1,0,1
260136,155977,1,1,0
2740552,155978,1,1,0
6761448,155979,1,1,0
4565280,155980,1,1,0
6188136,155981,1,1,0
2319120,155982,1,0,1
2649520,155983,1,1,0
1657264,155984,1,0,1
1413304,155985,1,1,0
4724568,155986,1,0,1
1232464,155987,1,1,0
2815208,155988,1,1,0
809464,155989,1,0,1
626896,155990,1,1,0
1511360,155991,1,0,1
3813416,155992,1,0,1
6470352,155993,1,1,0
3764440,155994,1,0,1
1334312,155995,1,1,0
134880,155996,1,1,0
87104,155997,1,0,1
294184,155998,1,1,0
1788784,155999,1,1,0
4364600,156000,1,1,0
4653576,156001,1,1,0
700200,156002,1,1,0
1758080,156003,1,1,0
8164336,156004,1,1,0
7742584,156005,1,0,1
4023552,156006,1,1,0
1397080,156007,1,0,1
3913584,156008,1,0,1
7936648,156009,1,0,1
5795808,156010,1,0,1
981632,156011,1,1,0
1080296,156012,1,1,0
7527264,156013,1,0,1
5673848,156014,1,0,1
3620888,156015,1,0,1
4670648,156016,1,0,1
7701752,156017,1,0,1
5513480,156018,1,0,1
2028440,156019,1,0,1
1728712,156020,1,1,0
473064,156021,1,1,0
1011144,156022,1,0,1
2310952,156023,1,0,1
1870816,156024,1,1,0
4229656,156025,1,1,0
2513240,156026,1,0,1
6962096,156027,1,1,0
7835480,156028,1,1,0
8041544,156029,1,1,0
1026792,156030,1,0,1
313968,156031,1,0,1
2523848,156032,1,0,1
5261936,156033,1,1,0
2244256,156034,1,0,1
3991272,156035,1,0,1
3450016,156036,1,1,0
478832,156037,1,0,1
4371584,156038,1,0,1
1433568,156039,1,1,0
351008,156040,1,0,1
507224,156041,1,0,1
353152,156042,1,1,0
2056400,156043,1,0,1
2579568,156044,1,0,1
8259128,156045,1,1,0
611824,156046,1,0,1
313312,156047,1,1,0
6734224,156048,1,1,0
1455144,156049,1,0,1
2793336,156050,1,0,1
4851136,156051,1,1,0
2435992,156052,1,1,0
2632216,156053,1,0,1
1647456,156054,1,1,0
2259072,156055,1,0,1
2075096,156056,1,1,0
790752,156057,1,1,0
774016,156058,1,1,0
8169024,156059,1,1,0
3755248,156060,1,1,0
1047488,156061,1,0,1
1045152,156062,1,1,0
1012728,156063,1,0,1
3514200,156064,1,1,0
1878152,156065,1,0,1
876952,156066,1,0,1
1238616,156067,1,0,1
2230344,156068,1,0,1
7431464,156069,1,1,0
1756344,156070,1,0,1
704312,156071,1,1,0
699824,156072,1,1,0
235648,156073,1,0,1
2143280,156074,1,0,1
6483560,156075,1,1,0
6182616,156076,1,1,0
2179496,156077,1,1,0
5514448,156078,1,0,1
2641192,156079,1,0,1
884848,156080,1,0,1
297896,156081,1,0,1
1035728,156082,1,0,1
5455712,156083,1,0,1
2298352,156084,1,1,0
2818952,156085,1,1,0
1604912,156086,1,0,1
6829784,156087,1,1,0
6741392,156088,1,0,1
4108240,156089,1,1,0
808496,156090,1,0,1
4068408,156091,1,1,0
2157112,156092,1,0,1
1309400,156093,1,1,0
3017712,156094,1,1,0
8264312,156095,1,1,0
2830424,156096,1,1,0
673736,156097,1,1,0
284512,156098,1,1,0
3174120,156099,1,1,0
4773080,156100,1,0,1
1663648,156101,1,1,0
2284880,156102,1,1,0
1264160,156103,1,0,1
1172736,156104,1,1,0
1233920,156105,1,0,1
3409880,156106,1,0,1
5380624,156107,1,1,0
1995288,156108,1,0,1
923072,156109,1,0,1
1348120,156110,1,1,0
2515520,156111,1,0,1
2020168,156112,1,0,1
7250144,156113,1,0,1
585128,156114,1,1,0
2333688,156115,1,0,1
1622944,156116,1,1,0
4213600,156117,1,0,1
516648,156118,1,1,0
2914944,156119,1,0,1
7625008,156120,1,0,1
2822896,156121,1,1,0
1933360,156122,1,1,0
1288704,156123,1,0,1
1454472,156124,1,0,1
799432,156125,1,1,0
1662608,156126,1,1,0
1047296,156127,1,0,1
709520,156128,1,0,1
5809024,156129,1,1,0
2644992,156130,1,0,1
2276416,156131,1,1,0
586016,156132,1,0,1
5822096,156133,1,0,1
1890832,156134,1,1,0
834672,156135,1,1,0
3516104,156136,1,1,0
3782432,156137,1,1,0
6114416,156138,1,0,1
3168560,156139,1,0,1
311616,156140,1,0,1
5611384,156141,1,0,1
8200384,156142,1,1,0
2977048,156143,1,1,0
3230880,156144,1,0,1
1138520,156145,1,1,0
7282736,156146,1,1,0
5564616,156147,1,0,1
6673024,156148,1,0,1
833736,156149,1,1,0
1305088,156150,1,1,0
3936736,156151,1,0,1
6739992,156152,1,0,1
5193576,156153,1,1,0
1806320,156154,1,1,0
2598216,156155,1,1,0
261880,156156,1,1,0
268960,156157,1,1,0
1590920,156158,1,0,1
1092176,156159,1,1,0
6682360,156160,1,0,1
5705616,156161,1,0,1
7780232,156162,1,1,0
1798248,156163,1,0,1
4155984,156164,1,1,0
1191264,156165,1,0,1
1409552,156166,1,0,1
7734856,156167,1,1,0
5760128,156168,1,1,0
726144,156169,1,0,1
2973808,156170,1,1,0
1392336,156171,1,1,0
955992,156172,1,1,0
555464,156173,1,1,0
1753136,156174,1,1,0
7492504,156175,1,0,1
561248,156176,1,0,1
2836904,156177,1,0,1
6004680,156178,1,0,1
1351200,156179,1,1,0
4852808,156180,1,0,1
1282120,156181,1,1,0
1838088,156182,1,1,0
423080,156183,1,1,0
5987184,156184,1,0,1
430784,156185,1,0,1
7534592,156186,1,1,0
2263976,156187,1,1,0
853968,156188,1,0,1
477760,156189,1,1,0
4323488,156190,1,1,0
276008,156191,1,1,0
767472,156192,1,0,1
1726704,156193,1,1,0
1935480,156194,1,0,1
218264,156195,1,1,0
153144,156196,1,1,0
2305064,156197,1,1,0
2112592,156198,1,0,1
515608,156199,1,1,0
477928,156200,1,0,1
1417664,156201,1,1,0
1340560,156202,1,1,0
1806040,156203,1,0,1
1153872,156204,1,0,1
2791512,156205,1,1,0
565640,156206,1,1,0
7877832,156207,1,1,0
5782144,156208,1,0,1
1523040,156209,1,0,1
3708904,156210,1,1,0
5444176,156211,1,0,1
6990536,156212,1,1,0
4833208,156213,1,0,1
2505576,156214,1,1,0
2682936,156215,1,0,1
7697976,156216,1,1,0
6764488,156217,1,0,1
4875208,156218,1,1,0
3933928,156219,1,0,1
571136,156220,1,0,1
1589632,156221,1,0,1
7451552,156222,1,0,1
1587016,156223,1,1,0
2418248,156224,1,1,0
4615352,156225,1,1,0
1303264,156226,1,1,0
6684040,156227,1,1,0
1834416,156228,1,0,1
3168240,156229,1,1,0
900736,156230,1,1,0
5911496,156231,1,1,0
667736,156232,1,1,0
4620320,156233,1,0,1
8057104,156234,1,1,0
1251384,156235,1,0,1
270072,156236,1,0,1
3731736,156237,1,0,1
1729400,156238,1,0,1
3179152,156239,1,0,1
2884176,156240,1,1,0
6161856,156241,1,0,1
2541408,156242,1,0,1
2912256,156243,1,1,0
7413200,156244,1,1,0
1040584,156245,1,0,1
6771544,156246,1,0,1
780848,156247,1,0,1
4097344,156248,1,1,0
2211408,156249,1,0,1
2247232,156250,1,0,1
720336,156251,1,0,1
6950568,156252,1,0,1
4358288,156253,1,0,1
7918264,156254,1,0,1
1247920,156255,1,0,1
4393456,156256,1,0,1
1294944,156257,1,0,1
1729592,156258,1,0,1
452760,156259,1,1,0
4830816,156260,1,1,0
1091808,156261,1,1,0
761400,156262,1,0,1
4044712,156263,1,1,0
2043656,156264,1,1,0
1868584,156265,1,0,1
4892592,156266,1,0,1
4478408,156267,1,1,0
2606424,156268,1,0,1
4293032,156269,1,0,1
1006856,156270,1,1,0
328480,156271,1,1,0
5099552,156272,1,1,0
5369736,156273,1,0,1
8049544,156274,1,1,0
519552,156275,1,1,0
7623136,156276,1,1,0
1296328,156277,1,1,0
3810000,156278,1,1,0
4289352,156279,1,0,1
870952,156280,1,0,1
7366704,156281,1,1,0
7920200,156282,1,0,1
335056,156283,1,0,1
1137664,156284,1,0,1
860992,156285,1,0,1
2075568,156286,1,0,1
7851872,156287,1,0,1
1462608,156288,1,1,0
153008,156289,1,1,0
467528,156290,1,0,1
7255752,156291,1,0,1
1164960,156292,1,0,1
2394272,156293,1,0,1
1108912,156294,1,1,0
767560,156295,1,1,0
1098240,156296,1,0,1
2241648,156297,1,1,0
3965440,156298,1,1,0
1268824,156299,1,0,1
6446216,156300,1,1,0
744168,156301,1,0,1
1578280,156302,1,0,1
6664088,156303,1,0,1
1767472,156304,1,1,0
457352,156305,1,1,0
306424,156306,1,1,0
1450064,156307,1,0,1
2473632,156308,1,1,0
4296304,156309,1,1,0
4013248,156310,1,1,0
5655640,156311,1,1,0
3617280,156312,1,1,0
4344792,156313,1,1,0
6932448,156314,1,1,0
4936816,156315,1,0,1
7846120,156316,1,0,1
7434216,156317,1,0,1
754712,156318,1,0,1
1566936,156319,1,0,1
4489528,156320,1,0,1
5942128,156321,1,1,0
7197296,156322,1,1,0
4633888,156323,1,1,0
1575984,156324,1,0,1
6040768,156325,1,1,0
1568304,156326,1,0,1
2112792,156327,1,0,1
1108768,156328,1,0,1
1188248,156329,1,0,1
7559328,156330,1,1,0
3424528,156331,1,0,1
4274024,156332,1,0,1
2968056,156333,1,1,0
4580152,156334,1,1,0
2313496,156335,1,1,0
741008,156336,1,0,1
2504120,156337,1,1,0
4001784,156338,1,0,1
2322352,156339,1,1,0
5897048,156340,1,0,1
1680808,156341,1,0,1
455000,156342,1,1,0
701312,156343,1,0,1
128960,156344,1,0,1
1068864,156345,1,0,1
1398352,156346,1,1,0
1499568,156347,1,0,1
529136,156348,1,0,1
427152,156349,1,0,1
1816192,156350,1,1,0
6024176,156351,1,1,0
5438224,156352,1,0,1
220176,156353,1,1,0
7046616,156354,1,0,1
6043376,156355,1,1,0
701488,156356,1,1,0
5867576,156357,1,1,0
1195848,156358,1,0,1
2363096,156359,1,0,1
3572576,156360,1,0,1
1020080,156361,1,1,0
3652976,156362,1,1,0
2770536,156363,1,1,0
1400008,156364,1,1,0
2503384,156365,1,0,1
2537208,156366,1,1,0
3240016,156367,1,0,1
61168,156368,1,0,1
3584832,156369,1,0,1
2391192,156370,1,0,1
168368,156371,1,0,1
7884792,156372,1,0,1
2059872,156373,1,1,0
3604616,156374,1,0,1
2419144,156375,1,1,0
6902704,156376,1,1,0
3461616,156377,1,0,1
2052416,156378,1,0,1
3360664,156379,1,1,0
1578944,156380,1,0,1
124568,156381,1,0,1
458336,156382,1,0,1
738272,156383,1,1,0
389208,156384,1,0,1
1391232,156385,1,1,0
1537584,156386,1,0,1
155904,156387,1,1,0
1009648,156388,1,1,0
2666584,156389,1,1,0
665856,156390,1,1,0
1130144,156391,1,1,0
2216992,156392,1,1,0
868008,156393,1,0,1
3577696,156394,1,1,0
815784,156395,1,1,0
716848,156396,1,0,1
5321976,156397,1,0,1
1036360,156398,1,0,1
1794128,156399,1,0,1
491224,156400,1,0,1
1096256,156401,1,1,0
1077624,156402,1,0,1
480560,156403,1,0,1
7394208,156404,1,1,0
3688744,156405,1,0,1
4445064,156406,1,0,1
1152840,156407,1,0,1
871232,156408,1,0,1
4284096,156409,1,0,1
304552,156410,1,1,0
2581184,156411,1,0,1
428568,156412,1,1,0
200096,156413,1,1,0
990752,156414,1,0,1
251840,156415,1,0,1
3138808,156416,1,1,0
538352,156417,1,1,0
7232512,156418,1,0,1
661840,156419,1,0,1
4274984,156420,1,0,1
3355224,156421,1,1,0
809592,156422,1,1,0
7100560,156423,1,0,1
3080168,156424,1,0,1
6118264,156425,1,0,1
7085120,156426,1,0,1
392128,156427,1,0,1
3005392,156428,1,1,0
5630208,156429,1,1,0
2436952,156430,1,0,1
277568,156431,1,0,1
3515688,156432,1,0,1
1940152,156433,1,0,1
3365680,156434,1,1,0
2826952,156435,1,0,1
211056,156436,1,1,0
2914408,156437,1,1,0
5452880,156438,1,1,0
2789624,156439,1,0,1
1722448,156440,1,1,0
842328,156441,1,0,1
2668976,156442,1,1,0
875784,156443,1,1,0
1315448,156444,1,0,1
742232,156445,1,0,1
2539560,156446,1,0,1
1195248,156447,1,0,1
843256,156448,1,1,0
4977688,156449,1,0,1
2752096,156450,1,1,0
3205552,156451,1,1,0
4169992,156452,1,0,1
891816,156453,1,0,1
387368,156454,1,1,0
5423352,156455,1,0,1
1277136,156456,1,1,0
4275744,156457,1,0,1
1153608,156458,1,1,0
4627016,156459,1,0,1
6964608,156460,1,1,0
2168456,156461,1,0,1
353432,156462,1,0,1
3492624,156463,1,0,1
1436040,156464,1,0,1
412032,156465,1,0,1
1738320,156466,1,0,1
4326536,156467,1,0,1
6451072,156468,1,1,0
2918296,156469,1,1,0
1590752,156470,1,0,1
4681328,156471,1,0,1
3603008,156472,1,1,0
6012728,156473,1,1,0
199016,156474,1,1,0
1164512,156475,1,0,1
7794816,156476,1,0,1
1097032,156477,1,0,1
4720632,156478,1,0,1
447872,156479,1,0,1
8014576,156480,1,0,1
1821704,156481,1,0,1
5592640,156482,1,1,0
5106624,156483,1,0,1
3349376,156484,1,0,1
778936,156485,1,0,1
1519824,156486,1,0,1
6714408,156487,1,1,0
3815360,156488,1,0,1
1900016,156489,1,1,0
1855472,156490,1,1,0
3491552,156491,1,0,1
2036544,156492,1,0,1
761792,156493,1,0,1
8366912,156494,1,0,1
5206528,156495,1,0,1
6331544,156496,1,0,1
6271976,156497,1,0,1
2525960,156498,1,1,0
1997080,156499,1,1,0
2799216,156500,1,1,0
1010360,156501,1,1,0
717232,156502,1,0,1
2439456,156503,1,1,0
6382104,156504,1,1,0
266280,156505,1,1,0
1304744,156506,1,0,1
2109360,156507,1,0,1
4423872,156508,1,0,1
1045408,156509,1,0,1
843208,156510,1,1,0
2281320,156511,1,0,1
363904,156512,1,1,0
934112,156513,1,1,0
6113864,156514,1,1,0
4288464,156515,1,1,0
5212184,156516,1,1,0
4371280,156517,1,1,0
2521264,156518,1,1,0
7528976,156519,1,0,1
1190448,156520,1,1,0
2622016,156521,1,0,1
8311368,156522,1,1,0
2504552,156523,1,0,1
575952,156524,1,0,1
4543024,156525,1,0,1
6784480,156526,1,0,1
5981120,156527,1,0,1
5048848,156528,1,0,1
6375648,156529,1,1,0
4186968,156530,1,1,0
189256,156531,1,1,0
5142632,156532,1,0,1
2994832,156533,1,0,1
6694896,156534,1,0,1
263648,156535,1,0,1
247784,156536,1,0,1
2337552,156537,1,0,1
3182864,156538,1,1,0
3424752,156539,1,1,0
394392,156540,1,0,1
5599664,156541,1,0,1
6568816,156542,1,1,0
1111208,156543,1,0,1
5178040,156544,1,1,0
1184552,156545,1,1,0
705976,156546,1,0,1
165368,156547,1,1,0
6073656,156548,1,1,0
1029568,156549,1,1,0
7879176,156550,1,0,1
5680368,156551,1,1,0
423192,156552,1,1,0
5303264,156553,1,1,0
603696,156554,1,0,1
6962456,156555,1,1,0
5180368,156556,1,1,0
6775384,156557,1,1,0
1355832,156558,1,1,0
1276496,156559,1,0,1
346128,156560,1,0,1
583304,156561,1,1,0
2829648,156562,1,1,0
6848992,156563,1,1,0
3461216,156564,1,1,0
3412000,156565,1,1,0
3418480,156566,1,0,1
4272456,156567,1,0,1
4000400,156568,1,1,0
5691960,156569,1,0,1
3709792,156570,1,0,1
6621696,156571,1,1,0
7424352,156572,1,1,0
118744,156573,1,0,1
8373840,156574,1,0,1
1887336,156575,1,0,1
4256984,156576,1,1,0
726264,156577,1,1,0
2882056,156578,1,1,0
6200808,156579,1,1,0
5704072,156580,1,0,1
349112,156581,1,1,0
1849416,156582,1,0,1
4528816,156583,1,0,1
5182968,156584,1,0,1
6932968,156585,1,0,1
4390176,156586,1,1,0
3297784,156587,1,0,1
3639904,156588,1,1,0
661344,156589,1,1,0
6012760,156590,1,0,1
433752,156591,1,0,1
991080,156592,1,1,0
1376456,156593,1,1,0
1067320,156594,1,1,0
7079984,156595,1,1,0
262064,156596,1,0,1
1408840,156597,1,0,1
297952,156598,1,0,1
449904,156599,1,1,0
3594184,156600,1,0,1
652560,156601,1,1,0
5129688,156602,1,1,0
4926576,156603,1,1,0
5270400,156604,1,0,1
2325904,156605,1,0,1
6230584,156606,1,0,1
6467752,156607,1,1,0
4242640,156608,1,0,1
6282264,156609,1,1,0
457472,156610,1,0,1
5620992,156611,1,0,1
2926928,156612,1,0,1
8052496,156613,1,0,1
7351912,156614,1,1,0
188968,156615,1,0,1
2187712,156616,1,0,1
3224864,156617,1,1,0
1049712,156618,1,1,0
2457528,156619,1,1,0
4109104,156620,1,0,1
6147128,156621,1,0,1
6884936,156622,1,1,0
7332000,156623,1,1,0
482360,156624,1,0,1
1106024,156625,1,1,0
4303496,156626,1,1,0
3732176,156627,1,0,1
4692464,156628,1,1,0
1715472,156629,1,0,1
5357488,156630,1,0,1
2709224,156631,1,1,0
5436472,156632,1,1,0
486736,156633,1,1,0
6147520,156634,1,1,0
2051992,156635,1,1,0
6414104,156636,1,0,1
5133136,156637,1,0,1
1790104,156638,1,1,0
1268272,156639,1,1,0
290952,156640,1,0,1
2222256,156641,1,1,0
1932272,156642,1,0,1
973696,156643,1,1,0
1125496,156644,1,0,1
6125896,156645,1,0,1
7832952,156646,1,0,1
531200,156647,1,1,0
316128,156648,1,1,0
852704,156649,1,1,0
519432,156650,1,1,0
4513176,156651,1,1,0
4663152,156652,1,0,1
305680,156653,1,1,0
1964712,156654,1,1,0
6850848,156655,1,0,1
5702192,156656,1,0,1
164104,156657,1,0,1
352568,156658,1,1,0
1930336,156659,1,0,1
733936,156660,1,0,1
237904,156661,1,0,1
1143024,156662,1,1,0
1805048,156663,1,1,0
339272,156664,1,1,0
1051392,156665,1,0,1
816072,156666,1,1,0
4743048,156667,1,1,0
7219776,156668,1,0,1
642104,156669,1,0,1
1590072,156670,1,0,1
7094408,156671,1,1,0
243176,156672,1,1,0
3011720,156673,1,1,0
930816,156674,1,0,1
1022592,156675,1,1,0
4957904,156676,1,0,1
8204264,156677,1,1,0
600032,156678,1,0,1
3970960,156679,1,0,1
2565672,156680,1,0,1
3160672,156681,1,0,1
5219368,156682,1,1,0
520384,156683,1,1,0
275736,156684,1,0,1
920536,156685,1,1,0
4377904,156686,1,0,1
1618896,156687,1,1,0
2734720,156688,1,0,1
1009480,156689,1,0,1
1491960,156690,1,0,1
1284296,156691,1,0,1
2154544,156692,1,0,1
853232,156693,1,0,1
1265648,156694,1,0,1
3864048,156695,1,0,1
200640,156696,1,1,0
5564984,156697,1,0,1
234984,156698,1,1,0
810744,156699,1,1,0
7346168,156700,1,0,1
514664,156701,1,1,0
496360,156702,1,0,1
3274144,156703,1,1,0
4301672,156704,1,0,1
5683160,156705,1,0,1
5603592,156706,1,0,1
3324440,156707,1,1,0
4243336,156708,1,1,0
1638200,156709,1,0,1
5487432,156710,1,0,1
2608208,156711,1,1,0
1513920,156712,1,1,0
3532688,156713,1,1,0
368160,156714,1,1,0
5677824,156715,1,0,1
5749880,156716,1,1,0
4213640,156717,1,1,0
2305648,156718,1,0,1
1650008,156719,1,1,0
208936,156720,1,1,0
1706256,156721,1,0,1
3923296,156722,1,1,0
4207232,156723,1,0,1
488688,156724,1,1,0
1498280,156725,1,1,0
3128872,156726,1,1,0
4535160,156727,1,0,1
1426192,156728,1,1,0
5178840,156729,1,0,1
3111784,156730,1,1,0
1353728,156731,1,0,1
3882256,156732,1,1,0
2203528,156733,1,0,1
181664,156734,1,0,1
264680,156735,1,0,1
1103248,156736,1,0,1
1748624,156737,1,0,1
3216984,156738,1,1,0
1714296,156739,1,1,0
1025496,156740,1,1,0
5999264,156741,1,1,0
8215680,156742,1,1,0
5812880,156743,1,1,0
136184,156744,1,1,0
3228144,156745,1,0,1
1189608,156746,1,0,1
5809040,156747,1,1,0
3766592,156748,1,0,1
2965984,156749,1,1,0
1383152,156750,1,0,1
6943656,156751,1,1,0
1492360,156752,1,1,0
1523304,156753,1,1,0
999984,156754,1,1,0
4015208,156755,1,0,1
7607184,156756,1,1,0
572832,156757,1,0,1
3318112,156758,1,1,0
2249344,156759,1,0,1
659480,156760,1,1,0
5226824,156761,1,1,0
166256,156762,1,1,0
3212424,156763,1,1,0
1961944,156764,1,0,1
4319768,156765,1,0,1
6119232,156766,1,1,0
3619456,156767,1,0,1
364496,156768,1,1,0
308440,156769,1,1,0
1266824,156770,1,1,0
1975080,156771,1,0,1
493272,156772,1,1,0
747528,156773,1,1,0
6454288,156774,1,1,0
5128728,156775,1,0,1
4155288,156776,1,0,1
6934752,156777,1,0,1
4528496,156778,1,0,1
298224,156779,1,0,1
1454984,156780,1,1,0
399280,156781,1,0,1
1148136,156782,1,0,1
447280,156783,1,1,0
208632,156784,1,0,1
335464,156785,1,0,1
2544592,156786,1,1,0
2556088,156787,1,0,1
164504,156788,1,1,0
963576,156789,1,0,1
2135584,156790,1,1,0
1087312,156791,1,0,1
6221240,156792,1,0,1
646600,156793,1,0,1
3082976,156794,1,0,1
301816,156795,1,0,1
2745072,156796,1,0,1
4385808,156797,1,0,1
6652960,156798,1,0,1
1325960,156799,1,0,1
7692728,156800,1,0,1
1711520,156801,1,0,1
1102544,156802,1,0,1
2232152,156803,1,1,0
5715328,156804,1,0,1
1624040,156805,1,0,1
1251648,156806,1,0,1
4396184,156807,1,0,1
4712848,156808,1,0,1
1703128,156809,1,1,0
7269352,156810,1,0,1
6260512,156811,1,0,1
1786928,156812,1,1,0
1298888,156813,1,0,1
4605096,156814,1,0,1
7608736,156815,1,1,0
4870976,156816,1,0,1
365120,156817,1,1,0
872152,156818,1,1,0
97312,156819,1,0,1
3854560,156820,1,1,0
8345960,156821,1,1,0
3531632,156822,1,1,0
243024,156823,1,0,1
1807160,156824,1,0,1
1378576,156825,1,1,0
3224216,156826,1,1,0
3317912,156827,1,0,1
1042352,156828,1,0,1
2939776,156829,1,1,0
7217640,156830,1,1,0
1932368,156831,1,1,0
129464,156832,1,0,1
3323880,156833,1,1,0
427600,156834,1,0,1
7807488,156835,1,1,0
2498424,156836,1,1,0
264536,156837,1,0,1
4023104,156838,1,1,0
3970832,156839,1,0,1
2148216,156840,1,1,0
1200432,156841,1,1,0
366928,156842,1,1,0
5592600,156843,1,1,0
592840,156844,1,0,1
4085488,156845,1,0,1
4432544,156846,1,0,1
6355056,156847,1,0,1
7106432,156848,1,0,1
2380512,156849,1,1,0
3860168,156850,1,1,0
806800,156851,1,1,0
7579264,156852,1,0,1
1104688,156853,1,1,0
7984688,156854,1,1,0
8118360,156855,1,1,0
1552848,156856,1,1,0
1873624,156857,1,0,1
7254032,156858,1,1,0
4614776,156859,1,1,0
924896,156860,1,0,1
6244208,156861,1,0,1
383120,156862,1,1,0
3029888,156863,1,0,1
821776,156864,1,0,1
1116232,156865,1,0,1
987224,156866,1,1,0
759128,156867,1,1,0
2198000,156868,1,1,0
5737160,156869,1,1,0
870240,156870,1,1,0
2057632,156871,1,0,1
910568,156872,1,1,0
334472,156873,1,0,1
265344,156874,1,0,1
3077232,156875,1,1,0
325312,156876,1,1,0
5040760,156877,1,1,0
156016,156878,1,0,1
1347800,156879,1,0,1
137672,156880,1,0,1
1779944,156881,1,0,1
560512,156882,1,1,0
311928,156883,1,1,0
5206776,156884,1,1,0
2668408,156885,1,0,1
4269448,156886,1,0,1
3245288,156887,1,0,1
221472,156888,1,1,0
645424,156889,1,1,0
311840,156890,1,1,0
6178656,156891,1,0,1
4042968,156892,1,1,0
1715392,156893,1,0,1
1388552,156894,1,1,0
2319088,156895,1,0,1
1076768,156896,1,1,0
6029704,156897,1,1,0
811384,156898,1,1,0
448464,156899,1,1,0
7021056,156900,1,1,0
3256000,156901,1,0,1
8333520,156902,1,0,1
764120,156903,1,0,1
8105272,156904,1,0,1
380640,156905,1,1,0
2799584,156906,1,1,0
7653536,156907,1,0,1
1715760,156908,1,0,1
6800504,156909,1,0,1
4595528,156910,1,0,1
5387768,156911,1,0,1
7723328,156912,1,0,1
7982704,156913,1,0,1
167336,156914,1,1,0
6691928,156915,1,0,1
1451968,156916,1,1,0
3059816,156917,1,1,0
2291128,156918,1,0,1
1614512,156919,1,1,0
4330232,156920,1,1,0
2713320,156921,1,1,0
423064,156922,1,0,1
589536,156923,1,1,0
6786720,156924,1,1,0
1621888,156925,1,1,0
5425696,156926,1,0,1
2242136,156927,1,1,0
4303224,156928,1,1,0
3076568,156929,1,0,1
1460144,156930,1,1,0
565904,156931,1,0,1
2715672,156932,1,1,0
2865768,156933,1,0,1
3672816,156934,1,0,1
5605096,156935,1,1,0
5401656,156936,1,1,0
537560,156937,1,1,0
322936,156938,1,0,1
3053216,156939,1,1,0
3991952,156940,1,1,0
5409168,156941,1,1,0
4625848,156942,1,0,1
700536,156943,1,0,1
4314256,156944,1,1,0
5554744,156945,1,1,0
2829816,156946,1,1,0
166488,156947,1,1,0
1120000,156948,1,1,0
6715584,156949,1,0,1
1433384,156950,1,0,1
4281288,156951,1,1,0
4832368,156952,1,0,1
5003328,156953,1,1,0
3586160,156954,1,0,1
8283816,156955,1,1,0
3469168,156956,1,1,0
5716016,156957,1,1,0
1957648,156958,1,0,1
463768,156959,1,1,0
7453568,156960,1,1,0
1186016,156961,1,0,1
2492040,156962,1,1,0
908416,156963,1,0,1
3403256,156964,1,1,0
7493824,156965,1,0,1
569896,156966,1,0,1
1743240,156967,1,0,1
639552,156968,1,1,0
773096,156969,1,0,1
743328,156970,1,0,1
530352,156971,1,1,0
5359600,156972,1,0,1
487320,156973,1,1,0
6766088,156974,1,1,0
2120776,156975,1,1,0
1347704,156976,1,0,1
2464368,156977,1,0,1
3426960,156978,1,1,0
227984,156979,1,1,0
4178352,156980,1,1,0
7970856,156981,1,0,1
6216616,156982,1,0,1
672104,156983,1,1,0
3130680,156984,1,1,0
5094056,156985,1,1,0
3214168,156986,1,1,0
1068128,156987,1,0,1
8097952,156988,1,0,1
1497656,156989,1,1,0
3911072,156990,1,0,1
731224,156991,1,1,0
3299576,156992,1,1,0
5655616,156993,1,0,1
7716312,156994,1,0,1
996088,156995,1,1,0
6063040,156996,1,1,0
1179368,156997,1,1,0
4160408,156998,1,0,1
1775976,156999,1,0,1
5193136,157000,1,1,0
4063448,157001,1,0,1
4996536,157002,1,0,1
6072336,157003,1,0,1
4320616,157004,1,0,1
2512176,157005,1,0,1
385344,157006,1,0,1
1986192,157007,1,1,0
2221720,157008,1,0,1
882392,157009,1,1,0
238992,157010,1,0,1
6035424,157011,1,1,0
7384544,157012,1,1,0
6015072,157013,1,0,1
2800960,157014,1,1,0
889856,157015,1,0,1
1959224,157016,1,0,1
572400,157017,1,1,0
2016992,157018,1,1,0
1986032,157019,1,1,0
877584,157020,1,0,1
2877760,157021,1,0,1
3046064,157022,1,1,0
6635152,157023,1,0,1
6287352,157024,1,0,1
1303712,157025,1,1,0
1714736,157026,1,0,1
745168,157027,1,1,0
6005632,157028,1,1,0
1858976,157029,1,0,1
961000,157030,1,0,1
4242960,157031,1,0,1
508648,157032,1,1,0
5681432,157033,1,0,1
2788944,157034,1,0,1
514064,157035,1,1,0
350992,157036,1,0,1
757456,157037,1,1,0
3600088,157038,1,0,1
482568,157039,1,0,1
4608864,157040,1,0,1
3086704,157041,1,1,0
4836848,157042,1,0,1
1237832,157043,1,1,0
836072,157044,1,1,0
364112,157045,1,0,1
1747704,157046,1,0,1
1804048,157047,1,1,0
4026896,157048,1,1,0
5994136,157049,1,1,0
270992,157050,1,0,1
6254952,157051,1,1,0
410264,157052,1,1,0
1351272,157053,1,1,0
4147000,157054,1,1,0
5199872,157055,1,0,1
4065112,157056,1,1,0
773432,157057,1,0,1
1151848,157058,1,1,0
8155768,157059,1,1,0
5786352,157060,1,1,0
7059912,157061,1,0,1
4501016,157062,1,0,1
7646200,157063,1,1,0
5229528,157064,1,1,0
586856,157065,1,1,0
7295936,157066,1,1,0
599384,157067,1,0,1
1693440,157068,1,0,1
701624,157069,1,1,0
654720,157070,1,0,1
1336736,157071,1,0,1
250464,157072,1,1,0
1731112,157073,1,0,1
7450056,157074,1,0,1
959240,157075,1,1,0
751528,157076,1,1,0
3787128,157077,1,1,0
3170416,157078,1,0,1
1625864,157079,1,0,1
4093248,157080,1,0,1
1017528,157081,1,1,0
865448,157082,1,1,0
1426080,157083,1,1,0
6167928,157084,1,1,0
1762120,157085,1,0,1
1125920,157086,1,1,0
2900496,157087,1,0,1
2852328,157088,1,1,0
3146408,157089,1,0,1
7167656,157090,1,1,0
3117056,157091,1,1,0
1519256,157092,1,0,1
992744,157093,1,1,0
3387664,157094,1,0,1
4269432,157095,1,0,1
191216,157096,1,0,1
6855016,157097,1,0,1
4557928,157098,1,1,0
2582288,157099,1,1,0
2838232,157100,1,1,0
414640,157101,1,0,1
6739488,157102,1,1,0
7075048,157103,1,0,1
6561128,157104,1,0,1
1974904,157105,1,0,1
1714864,157106,1,0,1
1335584,157107,1,0,1
7571088,157108,1,0,1
1004584,157109,1,1,0
2123160,157110,1,0,1
1390368,157111,1,1,0
8185384,157112,1,1,0
1052024,157113,1,0,1
168184,157114,1,0,1
921696,157115,1,0,1
2563568,157116,1,0,1
6387496,157117,1,0,1
3520008,157118,1,1,0
2648896,157119,1,1,0
4906344,157120,1,0,1
1235472,157121,1,0,1
1092520,157122,1,1,0
3412768,157123,1,0,1
2506192,157124,1,1,0
6716976,157125,1,1,0
3350008,157126,1,1,0
4246016,157127,1,0,1
1319584,157128,1,0,1
2968784,157129,1,0,1
3628200,157130,1,0,1
1210648,157131,1,1,0
6812336,157132,1,1,0
1154240,157133,1,0,1
497400,157134,1,1,0
5220104,157135,1,0,1
1863112,157136,1,0,1
1081504,157137,1,1,0
679280,157138,1,0,1
144824,157139,1,0,1
5850336,157140,1,0,1
1211840,157141,1,1,0
1579320,157142,1,1,0
724976,157143,1,0,1
3374208,157144,1,1,0
2083928,157145,1,1,0
8208120,157146,1,1,0
470520,157147,1,0,1
1465912,157148,1,1,0
358096,157149,1,1,0
507952,157150,1,1,0
166776,157151,1,0,1
610696,157152,1,0,1
151424,157153,1,0,1
114096,157154,1,0,1
3741624,157155,1,0,1
2216736,157156,1,1,0
1297136,157157,1,1,0
3106968,157158,1,0,1
8060448,157159,1,1,0
208200,157160,1,0,1
747576,157161,1,0,1
6258648,157162,1,0,1
1842264,157163,1,1,0
7041008,157164,1,0,1
1039696,157165,1,1,0
443104,157166,1,1,0
736952,157167,1,0,1
4698152,157168,1,0,1
1497672,157169,1,0,1
7330080,157170,1,0,1
4158416,157171,1,0,1
2770272,157172,1,0,1
1333408,157173,1,1,0
7252728,157174,1,1,0
6328528,157175,1,1,0
831688,157176,1,0,1
453632,157177,1,1,0
1845184,157178,1,0,1
1683512,157179,1,0,1
1934216,157180,1,1,0
2063152,157181,1,1,0
7890440,157182,1,0,1
3140848,157183,1,1,0
510120,157184,1,1,0
3943560,157185,1,0,1
1427264,157186,1,0,1
2283472,157187,1,0,1
1241048,157188,1,0,1
8035000,157189,1,1,0
2881504,157190,1,0,1
392296,157191,1,1,0
581352,157192,1,1,0
4329176,157193,1,1,0
533224,157194,1,0,1
1215864,157195,1,1,0
2264112,157196,1,1,0
3468536,157197,1,0,1
268824,157198,1,1,0
7430408,157199,1,1,0
5690976,157200,1,1,0
1904568,157201,1,0,1
5981800,157202,1,0,1
1136248,157203,1,1,0
577256,157204,1,0,1
988888,157205,1,0,1
680728,157206,1,1,0
169120,157207,1,1,0
927160,157208,1,0,1
2199464,157209,1,0,1
4925824,157210,1,1,0
7802568,157211,1,0,1
2488056,157212,1,1,0
1827336,157213,1,1,0
6645752,157214,1,1,0
910200,157215,1,0,1
5448672,157216,1,0,1
3426112,157217,1,1,0
307480,157218,1,0,1
2458392,157219,1,1,0
2216848,157220,1,1,0
1288264,157221,1,1,0
595728,157222,1,1,0
1931368,157223,1,1,0
7013032,157224,1,1,0
772464,157225,1,1,0
685024,157226,1,0,1
7719624,157227,1,0,1
3486912,157228,1,1,0
5525624,157229,1,1,0
1557440,157230,1,1,0
4935280,157231,1,1,0
4297872,157232,1,1,0
4287808,157233,1,0,1
677464,157234,1,0,1
3445032,157235,1,1,0
2965960,157236,1,1,0
2988192,157237,1,0,1
1879888,157238,1,1,0
5837960,157239,1,0,1
658968,157240,1,0,1
7941944,157241,1,1,0
1465568,157242,1,0,1
7908872,157243,1,0,1
1724904,157244,1,1,0
2394656,157245,1,0,1
1434184,157246,1,0,1
820536,157247,1,0,1
280784,157248,1,0,1
1057640,157249,1,0,1
353544,157250,1,0,1
471752,157251,1,0,1
6211960,157252,1,0,1
3233360,157253,1,1,0
676248,157254,1,1,0
1684880,157255,1,1,0
340688,157256,1,1,0
1676208,157257,1,1,0
1525648,157258,1,0,1
7590696,157259,1,0,1
6076160,157260,1,0,1
1514392,157261,1,0,1
8074008,157262,1,1,0
279960,157263,1,1,0
399784,157264,1,1,0
4748376,157265,1,0,1
4950840,157266,1,0,1
861520,157267,1,1,0
834256,157268,1,0,1
4046416,157269,1,1,0
1849392,157270,1,1,0
5566920,157271,1,1,0
2951752,157272,1,1,0
361056,157273,1,1,0
6863408,157274,1,0,1
7080768,157275,1,0,1
4732872,157276,1,0,1
615272,157277,1,1,0
6447704,157278,1,0,1
836592,157279,1,1,0
1308536,157280,1,0,1
3508488,157281,1,1,0
672072,157282,1,0,1
1226528,157283,1,1,0
406672,157284,1,0,1
1210936,157285,1,1,0
1710944,157286,1,0,1
1606232,157287,1,0,1
2306456,157288,1,0,1
2393192,157289,1,0,1
3654592,157290,1,0,1
3031848,157291,1,0,1
1070304,157292,1,0,1
348512,157293,1,0,1
5510288,157294,1,1,0
2652080,157295,1,1,0
1763536,157296,1,1,0
1775160,157297,1,0,1
1194256,157298,1,0,1
3638368,157299,1,0,1
7907440,157300,1,0,1
725272,157301,1,0,1
1297128,157302,1,1,0
1221936,157303,1,1,0
1142488,157304,1,1,0
3521096,157305,1,0,1
8242656,157306,1,0,1
5035920,157307,1,0,1
703544,157308,1,0,1
792584,157309,1,0,1
2351920,157310,1,0,1
4471128,157311,1,1,0
177672,157312,1,0,1
4057824,157313,1,1,0
2904424,157314,1,0,1
5698344,157315,1,0,1
1151288,157316,1,0,1
2560216,157317,1,1,0
7220496,157318,1,1,0
6390432,157319,1,0,1
1637424,157320,1,1,0
5740264,157321,1,1,0
7342384,157322,1,1,0
753120,157323,1,1,0
2011952,157324,1,1,0
4420400,157325,1,0,1
4668736,157326,1,0,1
529152,157327,1,0,1
2740432,157328,1,0,1
5962744,157329,1,0,1
259112,157330,1,0,1
6075144,157331,1,1,0
1578976,157332,1,1,0
6537472,157333,1,1,0
6638936,157334,1,0,1
5273784,157335,1,1,0
6590384,157336,1,0,1
1161872,157337,1,1,0
1766112,157338,1,0,1
2390440,157339,1,1,0
205160,157340,1,0,1
6064416,157341,1,0,1
6181096,157342,1,1,0
8073288,157343,1,1,0
183624,157344,1,0,1
4029656,157345,1,0,1
465936,157346,1,1,0
604600,157347,1,1,0
244880,157348,1,1,0
1847280,157349,1,0,1
7733928,157350,1,0,1
3271920,157351,1,0,1
4722656,157352,1,1,0
7509768,157353,1,0,1
3266056,157354,1,1,0
8277784,157355,1,0,1
516592,157356,1,1,0
2095992,157357,1,0,1
4836600,157358,1,1,0
6909336,157359,1,0,1
278416,157360,1,1,0
2171352,157361,1,1,0
2988728,157362,1,0,1
235144,157363,1,1,0
4308832,157364,1,1,0
653616,157365,1,0,1
4677376,157366,1,1,0
1628000,157367,1,0,1
4183592,157368,1,1,0
6972368,157369,1,0,1
8019328,157370,1,0,1
3651456,157371,1,0,1
6200920,157372,1,1,0
7333656,157373,1,1,0
98248,157374,1,0,1
7843240,157375,1,0,1
427936,157376,1,1,0
3396696,157377,1,0,1
763208,157378,1,0,1
727416,157379,1,1,0
299000,157380,1,0,1
1721728,157381,1,1,0
7756936,157382,1,0,1
7823072,157383,1,1,0
4975392,157384,1,0,1
6804616,157385,1,1,0
1093464,157386,1,1,0
360232,157387,1,1,0
6965096,157388,1,1,0
1822776,157389,1,0,1
1969712,157390,1,1,0
147936,157391,1,1,0
5976416,157392,1,0,1
2686840,157393,1,1,0
251600,157394,1,1,0
5084952,157395,1,0,1
1150808,157396,1,0,1
6604504,157397,1,1,0
1395192,157398,1,0,1
1047240,157399,1,1,0
3158368,157400,1,1,0
689832,157401,1,0,1
6344008,157402,1,0,1
5858816,157403,1,0,1
7726544,157404,1,1,0
4756256,157405,1,1,0
2233360,157406,1,1,0
3354768,157407,1,0,1
2902424,157408,1,0,1
183056,157409,1,1,0
2730640,157410,1,1,0
2455968,157411,1,0,1
5674568,157412,1,1,0
495248,157413,1,1,0
1035184,157414,1,1,0
5064096,157415,1,0,1
3306184,157416,1,1,0
3340928,157417,1,1,0
3275904,157418,1,1,0
3503888,157419,1,0,1
121520,157420,1,1,0
2198032,157421,1,0,1
482696,157422,1,0,1
2867912,157423,1,1,0
968040,157424,1,1,0
1369440,157425,1,0,1
3797760,157426,1,0,1
2856360,157427,1,1,0
2578696,157428,1,1,0
1035288,157429,1,1,0
403696,157430,1,1,0
4185216,157431,1,1,0
6245128,157432,1,1,0
5751448,157433,1,0,1
1386304,157434,1,0,1
980784,157435,1,0,1
596112,157436,1,0,1
2769456,157437,1,1,0
7667472,157438,1,0,1
993880,157439,1,0,1
2396288,157440,1,1,0
5111944,157441,1,1,0
2950136,157442,1,0,1
2763464,157443,1,1,0
7828272,157444,1,0,1
125856,157445,1,0,1
4004184,157446,1,0,1
3872168,157447,1,1,0
2155472,157448,1,0,1
3006528,157449,1,0,1
727056,157450,1,0,1
1352896,157451,1,1,0
3932192,157452,1,0,1
4023768,157453,1,0,1
5755272,157454,1,1,0
1730760,157455,1,1,0
279848,157456,1,0,1
4259496,157457,1,1,0
3875816,157458,1,0,1
2045656,157459,1,1,0
1855784,157460,1,1,0
1175432,157461,1,1,0
3594424,157462,1,1,0
6798496,157463,1,0,1
907608,157464,1,0,1
3407960,157465,1,0,1
2656808,157466,1,1,0
629512,157467,1,0,1
690600,157468,1,1,0
5548136,157469,1,1,0
8376544,157470,1,0,1
1466384,157471,1,1,0
830064,157472,1,0,1
7925656,157473,1,0,1
6845640,157474,1,1,0
4442160,157475,1,1,0
7426912,157476,1,1,0
3054768,157477,1,0,1
2550504,157478,1,0,1
812488,157479,1,0,1
325584,157480,1,0,1
1279112,157481,1,0,1
1379408,157482,1,0,1
651072,157483,1,1,0
2728912,157484,1,1,0
1325424,157485,1,0,1
918432,157486,1,1,0
2204952,157487,1,1,0
234592,157488,1,1,0
228968,157489,1,0,1
4011312,157490,1,1,0
2821400,157491,1,1,0
1634176,157492,1,0,1
4705840,157493,1,1,0
545176,157494,1,0,1
4362848,157495,1,0,1
1429712,157496,1,0,1
1390840,157497,1,1,0
2207512,157498,1,1,0
2232920,157499,1,1,0
2818648,157500,1,0,1
331272,157501,1,0,1
1278736,157502,1,0,1
941952,157503,1,1,0
496144,157504,1,1,0
4785008,157505,1,1,0
4471368,157506,1,0,1
1469920,157507,1,1,0
667904,157508,1,1,0
966536,157509,1,1,0
3312600,157510,1,1,0
3056720,157511,1,1,0
5499224,157512,1,1,0
1113360,157513,1,1,0
1945544,157514,1,0,1
1477632,157515,1,0,1
7685744,157516,1,0,1
4722720,157517,1,0,1
2362176,157518,1,0,1
1364736,157519,1,0,1
3219416,157520,1,1,0
6347344,157521,1,1,0
146400,157522,1,1,0
2970712,157523,1,0,1
3620984,157524,1,1,0
1497424,157525,1,1,0
1760560,157526,1,1,0
7643376,157527,1,0,1
972608,157528,1,0,1
511224,157529,1,1,0
6113688,157530,1,0,1
902248,157531,1,1,0
1041536,157532,1,1,0
4015584,157533,1,1,0
2785048,157534,1,0,1
544792,157535,1,0,1
5934624,157536,1,0,1
3841456,157537,1,0,1
845632,157538,1,1,0
1263704,157539,1,0,1
6522992,157540,1,0,1
2045272,157541,1,0,1
2163488,157542,1,0,1
312272,157543,1,0,1
609808,157544,1,0,1
1351328,157545,1,1,0
107088,157546,1,0,1
8383792,157547,1,1,0
7112112,157548,1,1,0
694088,157549,1,1,0
1971184,157550,1,1,0
294128,157551,1,1,0
98904,157552,1,1,0
829688,157553,1,1,0
5694360,157554,1,1,0
2927952,157555,1,0,1
2308584,157556,1,1,0
407648,157557,1,1,0
666792,157558,1,1,0
1568552,157559,1,0,1
580352,157560,1,1,0
1246360,157561,1,0,1
7737592,157562,1,1,0
7714592,157563,1,0,1
6877936,157564,1,1,0
440312,157565,1,1,0
5679736,157566,1,0,1
516288,157567,1,1,0
1197200,157568,1,0,1
681624,157569,1,1,0
130416,157570,1,1,0
4689624,157571,1,0,1
2202824,157572,1,0,1
2874016,157573,1,1,0
7224576,157574,1,0,1
250336,157575,1,0,1
5342960,157576,1,0,1
676840,157577,1,0,1
1019648,157578,1,1,0
1925208,157579,1,1,0
2372464,157580,1,0,1
265800,157581,1,1,0
5448072,157582,1,0,1
4711944,157583,1,1,0
2879576,157584,1,1,0
298024,157585,1,1,0
1973440,157586,1,1,0
6513816,157587,1,0,1
6078904,157588,1,0,1
681824,157589,1,0,1
4746936,157590,1,1,0
1353072,157591,1,1,0
7547664,157592,1,1,0
1523008,157593,1,0,1
338640,157594,1,1,0
562808,157595,1,1,0
1359416,157596,1,0,1
4411544,157597,1,0,1
4322408,157598,1,0,1
8360504,157599,1,0,1
627024,157600,1,0,1
2548440,157601,1,1,0
4634912,157602,1,1,0
7039584,157603,1,1,0
389192,157604,1,1,0
2116664,157605,1,1,0
3885368,157606,1,1,0
6980936,157607,1,0,1
514864,157608,1,1,0
6850608,157609,1,1,0
1104600,157610,1,0,1
3271744,157611,1,0,1
2052496,157612,1,0,1
6127864,157613,1,0,1
3439488,157614,1,0,1
6931496,157615,1,1,0
3504376,157616,1,0,1
5657184,157617,1,1,0
541824,157618,1,0,1
1885592,157619,1,0,1
3522328,157620,1,1,0
3611040,157621,1,1,0
1851392,157622,1,0,1
2057608,157623,1,0,1
2053528,157624,1,1,0
2496992,157625,1,0,1
259208,157626,1,0,1
4153456,157627,1,0,1
983912,157628,1,0,1
8274136,157629,1,0,1
265784,157630,1,1,0
426136,157631,1,0,1
5997536,157632,1,0,1
1470672,157633,1,0,1
4180488,157634,1,0,1
3505024,157635,1,1,0
4116424,157636,1,0,1
743536,157637,1,1,0
7718768,157638,1,1,0
3880024,157639,1,0,1
296680,157640,1,1,0
1475632,157641,1,0,1
5889712,157642,1,1,0
840840,157643,1,1,0
7587680,157644,1,0,1
7311808,157645,1,0,1
1815856,157646,1,1,0
3630296,157647,1,0,1
333776,157648,1,0,1
4487672,157649,1,0,1
2976232,157650,1,0,1
936488,157651,1,0,1
755296,157652,1,0,1
3820416,157653,1,1,0
7624128,157654,1,1,0
651864,157655,1,1,0
1206056,157656,1,1,0
2110840,157657,1,1,0
4645592,157658,1,1,0
2574816,157659,1,0,1
2596880,157660,1,1,0
4117856,157661,1,1,0
556064,157662,1,1,0
7458392,157663,1,0,1
446384,157664,1,1,0
5711248,157665,1,1,0
293368,157666,1,1,0
499064,157667,1,0,1
5871616,157668,1,1,0
6309096,157669,1,1,0
5914952,157670,1,1,0
3101104,157671,1,1,0
1448360,157672,1,0,1
435392,157673,1,0,1
281536,157674,1,0,1
7030296,157675,1,1,0
1103336,157676,1,1,0
708928,157677,1,0,1
3185920,157678,1,0,1
1025256,157679,1,1,0
4104568,157680,1,1,0
7299672,157681,1,1,0
5685304,157682,1,0,1
4358224,157683,1,1,0
6539592,157684,1,0,1
4349568,157685,1,0,1
309896,157686,1,0,1
3093816,157687,1,0,1
2388616,157688,1,0,1
7837888,157689,1,0,1
1097736,157690,1,0,1
6730504,157691,1,1,0
5936048,157692,1,1,0
467168,157693,1,1,0
7390928,157694,1,1,0
673064,157695,1,0,1
4258464,157696,1,1,0
4397960,157697,1,0,1
1485096,157698,1,1,0
6016000,157699,1,1,0
1408048,157700,1,1,0
8305280,157701,1,1,0
760496,157702,1,1,0
926328,157703,1,0,1
1483424,157704,1,1,0
6392952,157705,1,1,0
7773008,157706,1,1,0
6754536,157707,1,0,1
5689024,157708,1,1,0
5887664,157709,1,0,1
6079360,157710,1,0,1
1464352,157711,1,0,1
3539720,157712,1,1,0
448792,157713,1,0,1
4864824,157714,1,1,0
2150832,157715,1,1,0
3999640,157716,1,1,0
7528584,157717,1,1,0
7414072,157718,1,0,1
736256,157719,1,1,0
3073792,157720,1,1,0
4718856,157721,1,1,0
2000512,157722,1,0,1
1700072,157723,1,0,1
428784,157724,1,1,0
8354432,157725,1,1,0
4061784,157726,1,0,1
3471664,157727,1,1,0
1145616,157728,1,1,0
2189264,157729,1,1,0
7291960,157730,1,1,0
4215376,157731,1,0,1
1609512,157732,1,1,0
4453672,157733,1,0,1
5511192,157734,1,0,1
6108272,157735,1,1,0
699360,157736,1,0,1
1724800,157737,1,0,1
5561536,157738,1,1,0
3129608,157739,1,0,1
443840,157740,1,0,1
2818520,157741,1,1,0
7127192,157742,1,1,0
2890104,157743,1,1,0
1424736,157744,1,0,1
711888,157745,1,1,0
747192,157746,1,1,0
2232304,157747,1,0,1
6782808,157748,1,0,1
620704,157749,1,0,1
3200744,157750,1,0,1
442376,157751,1,0,1
2327480,157752,1,0,1
5016240,157753,1,0,1
5700120,157754,1,1,0
1246080,157755,1,0,1
2549000,157756,1,1,0
1053184,157757,1,0,1
5606168,157758,1,0,1
727248,157759,1,1,0
8266368,157760,1,1,0
4782256,157761,1,1,0
4679552,157762,1,0,1
6902096,157763,1,1,0
544304,157764,1,0,1
6973784,157765,1,1,0
795616,157766,1,1,0
859608,157767,1,1,0
3210240,157768,1,1,0
2772232,157769,1,0,1
761296,157770,1,0,1
5063168,157771,1,0,1
1427376,157772,1,1,0
2336152,157773,1,1,0
3797144,157774,1,0,1
6180496,157775,1,1,0
1266280,157776,1,0,1
1789144,157777,1,0,1
2278144,157778,1,0,1
6962200,157779,1,0,1
4711808,157780,1,1,0
314616,157781,1,0,1
8194240,157782,1,1,0
5978160,157783,1,1,0
4180216,157784,1,0,1
3918976,157785,1,0,1
949944,157786,1,0,1
77256,157787,1,0,1
433200,157788,1,1,0
1027840,157789,1,0,1
4232424,157790,1,1,0
1371744,157791,1,0,1
335080,157792,1,1,0
2877080,157793,1,0,1
4250048,157794,1,1,0
2106592,157795,1,0,1
7658160,157796,1,0,1
2145016,157797,1,1,0
1233392,157798,1,1,0
4934152,157799,1,1,0
247712,157800,1,1,0
7406056,157801,1,1,0
1424000,157802,1,0,1
4049472,157803,1,0,1
6725576,157804,1,0,1
1460896,157805,1,0,1
1226320,157806,1,1,0
976792,157807,1,1,0
6130576,157808,1,1,0
4793512,157809,1,0,1
1699984,157810,1,0,1
4733072,157811,1,1,0
1114168,157812,1,0,1
5790080,157813,1,0,1
4566904,157814,1,1,0
1630152,157815,1,1,0
1183112,157816,1,1,0
2741336,157817,1,0,1
1715696,157818,1,1,0
988488,157819,1,0,1
3630688,157820,1,1,0
1012200,157821,1,0,1
584832,157822,1,1,0
4049992,157823,1,1,0
602848,157824,1,0,1
3400336,157825,1,0,1
309352,157826,1,1,0
7718040,157827,1,1,0
7226976,157828,1,1,0
7057248,157829,1,1,0
320856,157830,1,0,1
3176488,157831,1,1,0
3082456,157832,1,1,0
956504,157833,1,1,0
7738984,157834,1,0,1
840232,157835,1,0,1
579624,157836,1,0,1
3858032,157837,1,1,0
635344,157838,1,1,0
998096,157839,1,0,1
2485520,157840,1,1,0
53448,157841,1,0,1
1281632,157842,1,0,1
6192192,157843,1,0,1
2875856,157844,1,0,1
1814640,157845,1,0,1
7174632,157846,1,1,0
6111256,157847,1,1,0
742000,157848,1,0,1
8178736,157849,1,1,0
5742944,157850,1,0,1
904952,157851,1,1,0
3518784,157852,1,1,0
3812728,157853,1,0,1
3134168,157854,1,1,0
1852808,157855,1,0,1
5198424,157856,1,1,0
8210136,157857,1,1,0
4192808,157858,1,1,0
1237880,157859,1,1,0
1760008,157860,1,1,0
6209896,157861,1,1,0
3078552,157862,1,0,1
4712856,157863,1,0,1
3807832,157864,1,1,0
4202880,157865,1,0,1
2834704,157866,1,0,1
114792,157867,1,1,0
6069192,157868,1,1,0
1325672,157869,1,1,0
2067488,157870,1,0,1
338464,157871,1,1,0
1422736,157872,1,1,0
1638680,157873,1,1,0
7353288,157874,1,1,0
2254872,157875,1,0,1
715344,157876,1,1,0
3830872,157877,1,1,0
1234744,157878,1,0,1
6362192,157879,1,1,0
7966920,157880,1,1,0
646360,157881,1,0,1
3208312,157882,1,0,1
386344,157883,1,0,1
4668024,157884,1,1,0
1297328,157885,1,0,1
908136,157886,1,1,0
4895560,157887,1,1,0
7829136,157888,1,1,0
4323528,157889,1,1,0
1939032,157890,1,1,0
911128,157891,1,1,0
7435144,157892,1,0,1
1694952,157893,1,1,0
6880024,157894,1,1,0
5995488,157895,1,0,1
1514752,157896,1,1,0
104600,157897,1,0,1
1931424,157898,1,0,1
519816,157899,1,1,0
2489640,157900,1,0,1
1996240,157901,1,1,0
4636536,157902,1,0,1
4086768,157903,1,0,1
2363880,157904,1,0,1
612304,157905,1,0,1
2186456,157906,1,0,1
6719160,157907,1,1,0
225104,157908,1,0,1
5527360,157909,1,0,1
1841056,157910,1,0,1
836712,157911,1,1,0
709168,157912,1,0,1
5555176,157913,1,0,1
8356096,157914,1,0,1
2531600,157915,1,0,1
889648,157916,1,0,1
3005784,157917,1,1,0
5921408,157918,1,1,0
1305792,157919,1,0,1
1252080,157920,1,0,1
821320,157921,1,0,1
401688,157922,1,0,1
1688896,157923,1,0,1
2602120,157924,1,0,1
6056944,157925,1,1,0
560768,157926,1,1,0
458600,157927,1,0,1
4996248,157928,1,0,1
255632,157929,1,0,1
1465120,157930,1,1,0
2608296,157931,1,0,1
1722880,157932,1,0,1
1073520,157933,1,1,0
6837704,157934,1,0,1
5670792,157935,1,1,0
4332632,157936,1,0,1
7750368,157937,1,1,0
998944,157938,1,0,1
7053160,157939,1,0,1
6037656,157940,1,1,0
2682864,157941,1,1,0
5972992,157942,1,0,1
5905088,157943,1,1,0
957616,157944,1,0,1
3023736,157945,1,0,1
402752,157946,1,1,0
2782712,157947,1,1,0
3882880,157948,1,0,1
3948992,157949,1,1,0
4142408,157950,1,0,1
7178048,157951,1,1,0
2578616,157952,1,0,1
1195080,157953,1,0,1
4351960,157954,1,1,0
3624856,157955,1,0,1
369840,157956,1,1,0
4971864,157957,1,0,1
412336,157958,1,1,0
413536,157959,1,0,1
2899496,157960,1,0,1
1735472,157961,1,0,1
2138312,157962,1,1,0
1313472,157963,1,0,1
1212936,157964,1,0,1
371944,157965,1,1,0
293120,157966,1,1,0
5335368,157967,1,0,1
2193184,157968,1,0,1
1502392,157969,1,1,0
2484736,157970,1,0,1
2145288,157971,1,1,0
294592,157972,1,1,0
3115288,157973,1,0,1
3579792,157974,1,0,1
368016,157975,1,1,0
7651160,157976,1,1,0
492008,157977,1,1,0
5415416,157978,1,0,1
7939016,157979,1,1,0
6255704,157980,1,0,1
7206464,157981,1,0,1
2304872,157982,1,0,1
3903480,157983,1,0,1
492688,157984,1,0,1
905608,157985,1,0,1
1272352,157986,1,0,1
1147832,157987,1,1,0
5659936,157988,1,0,1
1171944,157989,1,0,1
574384,157990,1,0,1
2291224,157991,1,1,0
3973880,157992,1,1,0
6869920,157993,1,1,0
8223152,157994,1,1,0
2006648,157995,1,1,0
1146808,157996,1,1,0
720416,157997,1,1,0
6102392,157998,1,1,0
1201104,157999,1,0,1
7416320,158000,1,0,1
7731448,158001,1,1,0
3080912,158002,1,1,0
2472256,158003,1,1,0
546064,158004,1,1,0
7628336,158005,1,1,0
1636616,158006,1,0,1
2868680,158007,1,1,0
845248,158008,1,0,1
482720,158009,1,0,1
166416,158010,1,0,1
750320,158011,1,0,1
130328,158012,1,0,1
1342800,158013,1,0,1
5332920,158014,1,0,1
394640,158015,1,1,0
269328,158016,1,0,1
295816,158017,1,1,0
5006136,158018,1,1,0
802968,158019,1,1,0
921824,158020,1,1,0
7661424,158021,1,0,1
537240,158022,1,0,1
2555104,158023,1,0,1
1062176,158024,1,0,1
1555504,158025,1,1,0
3006336,158026,1,1,0
2114480,158027,1,0,1
2011608,158028,1,1,0
6939096,158029,1,1,0
576200,158030,1,1,0
2044536,158031,1,1,0
4355208,158032,1,0,1
6053760,158033,1,1,0
8193632,158034,1,1,0
299656,158035,1,0,1
1227448,158036,1,1,0
7228472,158037,1,0,1
4297024,158038,1,0,1
804632,158039,1,1,0
5726000,158040,1,0,1
2920040,158041,1,0,1
1210976,158042,1,0,1
4686648,158043,1,0,1
2304224,158044,1,0,1
1340424,158045,1,0,1
1150280,158046,1,0,1
3150288,158047,1,1,0
3611544,158048,1,1,0
7275048,158049,1,0,1
2553784,158050,1,1,0
2956592,158051,1,0,1
1349456,158052,1,0,1
4846360,158053,1,0,1
850384,158054,1,0,1
5524904,158055,1,1,0
695352,158056,1,1,0
1521032,158057,1,0,1
7487848,158058,1,0,1
1468896,158059,1,1,0
4430320,158060,1,1,0
6921808,158061,1,1,0
7827048,158062,1,0,1
1521624,158063,1,0,1
6030968,158064,1,1,0
1727944,158065,1,0,1
2143368,158066,1,0,1
596928,158067,1,0,1
1020904,158068,1,0,1
1474400,158069,1,0,1
1927232,158070,1,0,1
3195584,158071,1,0,1
4529576,158072,1,0,1
2911744,158073,1,0,1
1987136,158074,1,1,0
767200,158075,1,0,1
2397056,158076,1,1,0
1533304,158077,1,1,0
2269992,158078,1,0,1
4941064,158079,1,0,1
2744320,158080,1,1,0
200280,158081,1,0,1
7246464,158082,1,0,1
3258696,158083,1,0,1
8296488,158084,1,0,1
580256,158085,1,1,0
8294424,158086,1,1,0
3078312,158087,1,0,1
1111216,158088,1,0,1
1986536,158089,1,1,0
3552320,158090,1,0,1
300960,158091,1,0,1
6278280,158092,1,1,0
3942792,158093,1,1,0
206040,158094,1,1,0
1689944,158095,1,0,1
1254152,158096,1,1,0
3533248,158097,1,1,0
3855760,158098,1,0,1
3282104,158099,1,1,0
567392,158100,1,1,0
6342136,158101,1,1,0
2195056,158102,1,0,1
163224,158103,1,1,0
158168,158104,1,0,1
1444824,158105,1,1,0
234992,158106,1,0,1
3156096,158107,1,0,1
2751936,158108,1,1,0
632712,158109,1,0,1
1420640,158110,1,0,1
138552,158111,1,1,0
841096,158112,1,1,0
2701936,158113,1,0,1
1916224,158114,1,1,0
3380512,158115,1,0,1
2110440,158116,1,1,0
2110184,158117,1,0,1
6349016,158118,1,0,1
5848552,158119,1,1,0
1075320,158120,1,0,1
956304,158121,1,1,0
3990520,158122,1,1,0
2485072,158123,1,0,1
3456432,158124,1,1,0
557976,158125,1,0,1
1333008,158126,1,1,0
2023576,158127,1,0,1
1847992,158128,1,0,1
2421928,158129,1,1,0
5731320,158130,1,0,1
2453864,158131,1,1,0
1658480,158132,1,0,1
583792,158133,1,1,0
2723424,158134,1,0,1
2461440,158135,1,1,0
1037184,158136,1,1,0
4054024,158137,1,0,1
1018488,158138,1,0,1
5589432,158139,1,0,1
2568448,158140,1,0,1
777328,158141,1,0,1
7321752,158142,1,1,0
2051808,158143,1,1,0
5562072,158144,1,0,1
892040,158145,1,1,0
629400,158146,1,1,0
4615104,158147,1,0,1
2234848,158148,1,0,1
7956048,158149,1,1,0
1108152,158150,1,0,1
750264,158151,1,1,0
333200,158152,1,0,1
3370904,158153,1,0,1
1254432,158154,1,1,0
1659736,158155,1,1,0
4151968,158156,1,1,0
1385720,158157,1,0,1
2106088,158158,1,1,0
1474592,158159,1,0,1
1185936,158160,1,1,0
2925376,158161,1,0,1
836064,158162,1,1,0
8356168,158163,1,0,1
496296,158164,1,0,1
3896520,158165,1,1,0
7008240,158166,1,1,0
4134112,158167,1,1,0
7409752,158168,1,1,0
1427896,158169,1,0,1
1485056,158170,1,0,1
4064000,158171,1,1,0
6550128,158172,1,1,0
6598552,158173,1,1,0
6962864,158174,1,0,1
5994616,158175,1,0,1
516200,158176,1,1,0
210136,158177,1,0,1
1884952,158178,1,0,1
1047632,158179,1,1,0
2085232,158180,1,1,0
226064,158181,1,0,1
1988088,158182,1,0,1
2913688,158183,1,0,1
1373624,158184,1,0,1
3488832,158185,1,1,0
7343992,158186,1,1,0
4121904,158187,1,1,0
3566776,158188,1,1,0
4716424,158189,1,0,1
310216,158190,1,0,1
147480,158191,1,1,0
3108056,158192,1,1,0
7083736,158193,1,0,1
850120,158194,1,1,0
203784,158195,1,1,0
6069176,158196,1,0,1
6576792,158197,1,0,1
7608328,158198,1,0,1
1231256,158199,1,1,0
6961824,158200,1,1,0
4462384,158201,1,1,0
957696,158202,1,1,0
381336,158203,1,1,0
4459824,158204,1,1,0
2063072,158205,1,1,0
577016,158206,1,1,0
3392056,158207,1,1,0
256136,158208,1,1,0
2862320,158209,1,0,1
6980888,158210,1,0,1
2212520,158211,1,1,0
1319056,158212,1,1,0
391056,158213,1,1,0
5259720,158214,1,1,0
3855056,158215,1,1,0
3567792,158216,1,1,0
8350128,158217,1,1,0
1950456,158218,1,0,1
4524624,158219,1,1,0
3975960,158220,1,1,0
4912896,158221,1,0,1
5613280,158222,1,0,1
1945984,158223,1,0,1
6882680,158224,1,1,0
5397200,158225,1,0,1
1154032,158226,1,0,1
590160,158227,1,0,1
1487720,158228,1,0,1
4771856,158229,1,1,0
3365424,158230,1,0,1
979744,158231,1,1,0
504808,158232,1,0,1
308872,158233,1,1,0
687384,158234,1,1,0
2490360,158235,1,1,0
7376368,158236,1,0,1
4073392,158237,1,1,0
873728,158238,1,1,0
1294032,158239,1,0,1
647512,158240,1,1,0
2227872,158241,1,1,0
3788960,158242,1,0,1
1607184,158243,1,1,0
723040,158244,1,1,0
3261296,158245,1,0,1
3768424,158246,1,0,1
1047760,158247,1,1,0
1372192,158248,1,1,0
2971280,158249,1,1,0
3561688,158250,1,1,0
1924352,158251,1,1,0
1993768,158252,1,0,1
2241096,158253,1,1,0
3567464,158254,1,1,0
750688,158255,1,1,0
401840,158256,1,0,1
6426544,158257,1,0,1
4789072,158258,1,1,0
4389184,158259,1,0,1
2248600,158260,1,1,0
611208,158261,1,0,1
268040,158262,1,0,1
5533400,158263,1,0,1
6001768,158264,1,1,0
198184,158265,1,1,0
246816,158266,1,1,0
122640,158267,1,0,1
1310880,158268,1,0,1
4064736,158269,1,0,1
1965664,158270,1,1,0
509080,158271,1,1,0
301776,158272,1,0,1
590232,158273,1,1,0
3572632,158274,1,0,1
1109880,158275,1,1,0
1774192,158276,1,1,0
6727168,158277,1,1,0
2601672,158278,1,1,0
266232,158279,1,1,0
1995240,158280,1,1,0
564864,158281,1,0,1
1493912,158282,1,0,1
5064784,158283,1,1,0
1957560,158284,1,1,0
2871152,158285,1,0,1
2199232,158286,1,0,1
770928,158287,1,0,1
6483736,158288,1,1,0
1258816,158289,1,1,0
544368,158290,1,1,0
142848,158291,1,1,0
1513760,158292,1,0,1
8357152,158293,1,0,1
665480,158294,1,0,1
2311064,158295,1,0,1
2407888,158296,1,0,1
2172656,158297,1,1,0
752120,158298,1,0,1
1623616,158299,1,0,1
846192,158300,1,1,0
4957928,158301,1,0,1
224344,158302,1,1,0
1204984,158303,1,1,0
5582248,158304,1,0,1
3877672,158305,1,0,1
1555368,158306,1,0,1
2490712,158307,1,0,1
3208040,158308,1,1,0
838496,158309,1,0,1
3242312,158310,1,0,1
6144512,158311,1,1,0
5081256,158312,1,0,1
1609744,158313,1,1,0
2408904,158314,1,0,1
4544960,158315,1,0,1
645928,158316,1,1,0
7374032,158317,1,0,1
2871704,158318,1,1,0
1851976,158319,1,0,1
4774160,158320,1,1,0
1688120,158321,1,1,0
3323488,158322,1,1,0
2467392,158323,1,1,0
5969128,158324,1,1,0
1163896,158325,1,0,1
4340248,158326,1,1,0
572576,158327,1,0,1
571736,158328,1,0,1
756128,158329,1,1,0
454160,158330,1,1,0
836024,158331,1,1,0
4806304,158332,1,0,1
5847008,158333,1,1,0
6834920,158334,1,0,1
537944,158335,1,1,0
4267568,158336,1,1,0
5234352,158337,1,1,0
5717496,158338,1,0,1
7072880,158339,1,1,0
2296120,158340,1,0,1
7851464,158341,1,1,0
4088736,158342,1,1,0
6240632,158343,1,1,0
2368224,158344,1,0,1
562376,158345,1,0,1
5604448,158346,1,1,0
4151984,158347,1,0,1
145528,158348,1,0,1
5728928,158349,1,0,1
532808,158350,1,0,1
1648568,158351,1,0,1
7126808,158352,1,1,0
2784584,158353,1,0,1
1632312,158354,1,0,1
7302344,158355,1,1,0
322096,158356,1,0,1
1092952,158357,1,0,1
5996848,158358,1,0,1
1656952,158359,1,0,1
1630768,158360,1,1,0
3214032,158361,1,1,0
2161120,158362,1,0,1
4753272,158363,1,1,0
6472104,158364,1,1,0
4156664,158365,1,1,0
3276632,158366,1,0,1
5210536,158367,1,1,0
1043592,158368,1,0,1
3041176,158369,1,0,1
507672,158370,1,0,1
617000,158371,1,0,1
1298160,158372,1,0,1
1336920,158373,1,1,0
1954384,158374,1,1,0
5291208,158375,1,0,1
3016008,158376,1,0,1
2913112,158377,1,1,0
736672,158378,1,1,0
881144,158379,1,0,1
364936,158380,1,1,0
7902656,158381,1,0,1
449760,158382,1,0,1
1412008,158383,1,1,0
1921632,158384,1,1,0
3244976,158385,1,0,1
3592552,158386,1,1,0
560944,158387,1,1,0
2487712,158388,1,1,0
1393320,158389,1,1,0
909384,158390,1,0,1
985680,158391,1,0,1
1623224,158392,1,0,1
829024,158393,1,0,1
919016,158394,1,0,1
930640,158395,1,1,0
3209248,158396,1,0,1
7108904,158397,1,0,1
6524792,158398,1,0,1
2820824,158399,1,0,1
2010440,158400,1,0,1
750232,158401,1,0,1
3467776,158402,1,1,0
2134008,158403,1,0,1
3675320,158404,1,1,0
2339608,158405,1,0,1
7395616,158406,1,1,0
351800,158407,1,1,0
4990712,158408,1,1,0
4038712,158409,1,0,1
2983416,158410,1,0,1
2321480,158411,1,0,1
2378568,158412,1,1,0
8072712,158413,1,1,0
4862048,158414,1,1,0
530792,158415,1,1,0
6299544,158416,1,1,0
2037272,158417,1,0,1
576760,158418,1,1,0
498600,158419,1,1,0
474584,158420,1,1,0
8305488,158421,1,1,0
962240,158422,1,1,0
4635952,158423,1,0,1
1516464,158424,1,1,0
568304,158425,1,1,0
4194960,158426,1,0,1
1671680,158427,1,0,1
6783568,158428,1,1,0
421528,158429,1,1,0
375120,158430,1,0,1
1048256,158431,1,0,1
2863904,158432,1,1,0
576184,158433,1,1,0
7313304,158434,1,0,1
5347144,158435,1,0,1
2072032,158436,1,1,0
2951624,158437,1,1,0
3386520,158438,1,0,1
1882328,158439,1,0,1
2544320,158440,1,0,1
632792,158441,1,1,0
3867832,158442,1,0,1
1021184,158443,1,1,0
2439488,158444,1,1,0
4664856,158445,1,1,0
3481520,158446,1,1,0
3792288,158447,1,0,1
2018944,158448,1,0,1
306160,158449,1,1,0
1120144,158450,1,0,1
776144,158451,1,1,0
1226192,158452,1,0,1
1388024,158453,1,1,0
2468616,158454,1,0,1
2985584,158455,1,0,1
5886272,158456,1,0,1
260816,158457,1,1,0
899768,158458,1,1,0
2492320,158459,1,0,1
3810144,158460,1,0,1
967448,158461,1,1,0
3905000,158462,1,0,1
4395032,158463,1,0,1
6955720,158464,1,0,1
3249728,158465,1,1,0
5096728,158466,1,0,1
61768,158467,1,1,0
967240,158468,1,1,0
2234760,158469,1,0,1
622960,158470,1,1,0
301984,158471,1,1,0
6234240,158472,1,0,1
739160,158473,1,0,1
5449144,158474,1,1,0
897480,158475,1,0,1
199248,158476,1,1,0
2068392,158477,1,0,1
236144,158478,1,1,0
330904,158479,1,0,1
5003800,158480,1,1,0
1107664,158481,1,0,1
3013856,158482,1,0,1
1269368,158483,1,0,1
5987296,158484,1,1,0
4064592,158485,1,1,0
1472016,158486,1,0,1
904496,158487,1,0,1
166032,158488,1,0,1
500888,158489,1,0,1
768232,158490,1,0,1
760488,158491,1,0,1
1641800,158492,1,1,0
2805608,158493,1,0,1
5566576,158494,1,1,0
1947256,158495,1,0,1
7410448,158496,1,1,0
2059144,158497,1,0,1
4506232,158498,1,1,0
4183760,158499,1,1,0
1193888,158500,1,1,0
6137400,158501,1,1,0
4622768,158502,1,1,0
5721040,158503,1,1,0
1077216,158504,1,0,1
1967168,158505,1,1,0
4508024,158506,1,0,1
5768064,158507,1,1,0
4626528,158508,1,1,0
7663184,158509,1,0,1
3926232,158510,1,1,0
3371784,158511,1,1,0
1314912,158512,1,0,1
1628832,158513,1,1,0
2527560,158514,1,1,0
3685552,158515,1,0,1
878992,158516,1,1,0
495544,158517,1,1,0
2356792,158518,1,1,0
2136320,158519,1,1,0
1499552,158520,1,1,0
4334840,158521,1,0,1
5736872,158522,1,0,1
2307456,158523,1,1,0
6748520,158524,1,1,0
171776,158525,1,1,0
1899640,158526,1,0,1
990336,158527,1,1,0
5232816,158528,1,0,1
2167448,158529,1,0,1
5631864,158530,1,1,0
1532672,158531,1,0,1
3615656,158532,1,0,1
1469984,158533,1,1,0
5137472,158534,1,0,1
8177520,158535,1,1,0
1787616,158536,1,1,0
427144,158537,1,1,0
4119280,158538,1,1,0
726288,158539,1,1,0
2562392,158540,1,1,0
2892032,158541,1,0,1
6547496,158542,1,0,1
2357400,158543,1,1,0
4475248,158544,1,0,1
7502160,158545,1,1,0
4660072,158546,1,0,1
658736,158547,1,0,1
4835168,158548,1,1,0
2926400,158549,1,1,0
5798168,158550,1,0,1
5756880,158551,1,1,0
4696152,158552,1,1,0
4048824,158553,1,0,1
4878600,158554,1,0,1
3759280,158555,1,1,0
3100784,158556,1,1,0
2925792,158557,1,1,0
1228704,158558,1,0,1
3282328,158559,1,0,1
528176,158560,1,0,1
2413360,158561,1,0,1
6337832,158562,1,0,1
315744,158563,1,0,1
2118920,158564,1,1,0
4747216,158565,1,0,1
1812736,158566,1,1,0
2746872,158567,1,1,0
6120272,158568,1,1,0
4621336,158569,1,1,0
1143848,158570,1,0,1
7697864,158571,1,1,0
408464,158572,1,1,0
2307352,158573,1,0,1
400112,158574,1,1,0
5638592,158575,1,1,0
5226192,158576,1,1,0
790992,158577,1,0,1
2393184,158578,1,1,0
2196808,158579,1,0,1
1216256,158580,1,0,1
1648936,158581,1,0,1
1035680,158582,1,1,0
6623728,158583,1,0,1
693648,158584,1,0,1
501280,158585,1,1,0
3067048,158586,1,0,1
1677584,158587,1,1,0
1250448,158588,1,1,0
406656,158589,1,0,1
5148208,158590,1,1,0
3631520,158591,1,1,0
7539176,158592,1,0,1
488488,158593,1,0,1
7889640,158594,1,1,0
4107504,158595,1,0,1
8306976,158596,1,1,0
4783592,158597,1,1,0
6695200,158598,1,1,0
1882040,158599,1,1,0
1284864,158600,1,0,1
2463480,158601,1,1,0
579184,158602,1,1,0
7232464,158603,1,1,0
724416,158604,1,1,0
420688,158605,1,1,0
3859280,158606,1,1,0
7764272,158607,1,1,0
7200944,158608,1,0,1
1115680,158609,1,0,1
4472528,158610,1,1,0
7836416,158611,1,0,1
3122848,158612,1,1,0
2540352,158613,1,0,1
310920,158614,1,1,0
364880,158615,1,1,0
1075072,158616,1,0,1
3194432,158617,1,1,0
539136,158618,1,0,1
766456,158619,1,0,1
2417192,158620,1,1,0
648736,158621,1,0,1
913136,158622,1,1,0
5405272,158623,1,1,0
336368,158624,1,0,1
491192,158625,1,1,0
1084720,158626,1,1,0
6205360,158627,1,1,0
5216488,158628,1,0,1
6363376,158629,1,0,1
2070680,158630,1,1,0
1020160,158631,1,1,0
2460296,158632,1,0,1
805656,158633,1,0,1
2990160,158634,1,1,0
3794336,158635,1,0,1
903432,158636,1,1,0
4767448,158637,1,0,1
5474200,158638,1,1,0
336248,158639,1,0,1
5411592,158640,1,1,0
5751624,158641,1,0,1
265896,158642,1,1,0
5546968,158643,1,1,0
5527712,158644,1,1,0
425160,158645,1,0,1
1637128,158646,1,0,1
2050048,158647,1,0,1
597272,158648,1,1,0
4285232,158649,1,0,1
860504,158650,1,0,1
4218200,158651,1,0,1
4201120,158652,1,1,0
4148400,158653,1,1,0
1143424,158654,1,1,0
687728,158655,1,0,1
901992,158656,1,1,0
3004432,158657,1,0,1
1590872,158658,1,0,1
3301976,158659,1,0,1
1223248,158660,1,0,1
3019312,158661,1,1,0
5501488,158662,1,1,0
1922696,158663,1,1,0
146088,158664,1,1,0
582352,158665,1,1,0
5288520,158666,1,0,1
7846184,158667,1,1,0
1166128,158668,1,0,1
226512,158669,1,1,0
4046040,158670,1,1,0
6109880,158671,1,1,0
329264,158672,1,0,1
226560,158673,1,1,0
2160336,158674,1,1,0
2171272,158675,1,0,1
1415128,158676,1,1,0
655288,158677,1,0,1
567592,158678,1,0,1
6366376,158679,1,1,0
568456,158680,1,1,0
897392,158681,1,0,1
276016,158682,1,0,1
2642712,158683,1,1,0
200808,158684,1,0,1
1968656,158685,1,0,1
223168,158686,1,1,0
1199496,158687,1,1,0
2922224,158688,1,1,0
5695120,158689,1,0,1
2968104,158690,1,1,0
1274528,158691,1,0,1
870560,158692,1,0,1
1110976,158693,1,1,0
3307544,158694,1,1,0
7791184,158695,1,1,0
6444272,158696,1,1,0
1068000,158697,1,1,0
2022112,158698,1,0,1
476400,158699,1,1,0
483440,158700,1,1,0
2090608,158701,1,0,1
4355712,158702,1,1,0
1816896,158703,1,0,1
4571464,158704,1,0,1
8363536,158705,1,0,1
3911096,158706,1,1,0
1847512,158707,1,0,1
2300384,158708,1,0,1
227352,158709,1,0,1
1504400,158710,1,1,0
2252032,158711,1,1,0
2235728,158712,1,0,1
1191184,158713,1,1,0
6290728,158714,1,0,1
1890824,158715,1,1,0
5316616,158716,1,1,0
4033560,158717,1,0,1
1462712,158718,1,1,0
7956112,158719,1,1,0
5208280,158720,1,0,1
3587040,158721,1,0,1
500256,158722,1,1,0
4828512,158723,1,0,1
5295800,158724,1,0,1
882656,158725,1,0,1
1618128,158726,1,0,1
1562520,158727,1,0,1
221744,158728,1,0,1
1984392,158729,1,0,1
3109864,158730,1,1,0
1097968,158731,1,1,0
8362720,158732,1,1,0
3045864,158733,1,0,1
1006952,158734,1,0,1
886256,158735,1,0,1
7463608,158736,1,0,1
4319400,158737,1,1,0
106008,158738,1,1,0
3954984,158739,1,1,0
540744,158740,1,1,0
1242600,158741,1,0,1
3095376,158742,1,0,1
2802792,158743,1,1,0
995800,158744,1,1,0
322960,158745,1,1,0
3336472,158746,1,1,0
750976,158747,1,0,1
6351312,158748,1,1,0
2462320,158749,1,0,1
446240,158750,1,0,1
1934992,158751,1,0,1
1223208,158752,1,1,0
8188408,158753,1,0,1
437528,158754,1,1,0
2677272,158755,1,0,1
7567544,158756,1,1,0
3855888,158757,1,1,0
880880,158758,1,0,1
2019240,158759,1,1,0
6567192,158760,1,1,0
6145416,158761,1,1,0
7990168,158762,1,1,0
1602752,158763,1,0,1
2590368,158764,1,0,1
681296,158765,1,1,0
4741328,158766,1,1,0
2750168,158767,1,0,1
1130184,158768,1,0,1
2817632,158769,1,1,0
5326296,158770,1,1,0
772456,158771,1,0,1
3957976,158772,1,1,0
2561568,158773,1,1,0
3685032,158774,1,1,0
136848,158775,1,0,1
3922216,158776,1,0,1
945920,158777,1,1,0
7846744,158778,1,0,1
505712,158779,1,0,1
1654984,158780,1,0,1
662792,158781,1,0,1
2909360,158782,1,1,0
2067528,158783,1,1,0
397368,158784,1,1,0
2455928,158785,1,1,0
2561720,158786,1,0,1
5511200,158787,1,1,0
465072,158788,1,0,1
119216,158789,1,1,0
3642496,158790,1,1,0
1301960,158791,1,1,0
2771288,158792,1,0,1
7139952,158793,1,1,0
883080,158794,1,1,0
852808,158795,1,0,1
7190672,158796,1,1,0
430160,158797,1,1,0
5437784,158798,1,0,1
7715400,158799,1,0,1
2046664,158800,1,0,1
1161120,158801,1,1,0
7558272,158802,1,0,1
3578560,158803,1,0,1
826440,158804,1,1,0
932472,158805,1,0,1
769896,158806,1,1,0
2638984,158807,1,1,0
510296,158808,1,0,1
7118760,158809,1,1,0
5370800,158810,1,1,0
4650472,158811,1,1,0
2749288,158812,1,1,0
178536,158813,1,1,0
1716232,158814,1,0,1
1781176,158815,1,1,0
1266880,158816,1,0,1
2275048,158817,1,0,1
1205264,158818,1,1,0
307120,158819,1,1,0
485904,158820,1,1,0
568288,158821,1,1,0
4018600,158822,1,1,0
3409864,158823,1,1,0
1815008,158824,1,1,0
651488,158825,1,1,0
3148272,158826,1,1,0
1874120,158827,1,0,1
766632,158828,1,0,1
1044168,158829,1,0,1
759032,158830,1,1,0
1128520,158831,1,1,0
1295032,158832,1,0,1
6076528,158833,1,0,1
1433240,158834,1,0,1
5636800,158835,1,0,1
3037656,158836,1,1,0
416072,158837,1,0,1
696256,158838,1,0,1
5001136,158839,1,0,1
412160,158840,1,0,1
3678864,158841,1,0,1
3764296,158842,1,0,1
5009224,158843,1,0,1
6814160,158844,1,0,1
7490760,158845,1,1,0
3513808,158846,1,1,0
4314960,158847,1,1,0
1010680,158848,1,1,0
5577664,158849,1,1,0
3569888,158850,1,0,1
7457544,158851,1,0,1
505288,158852,1,1,0
992104,158853,1,1,0
464920,158854,1,1,0
387088,158855,1,1,0
4740488,158856,1,0,1
2039304,158857,1,1,0
1117808,158858,1,0,1
415536,158859,1,0,1
1467320,158860,1,0,1
6923000,158861,1,1,0
450920,158862,1,1,0
3504848,158863,1,1,0
4797664,158864,1,0,1
2476720,158865,1,0,1
2740608,158866,1,0,1
1233312,158867,1,0,1
6066520,158868,1,0,1
3906240,158869,1,0,1
658096,158870,1,1,0
1300000,158871,1,1,0
5630248,158872,1,0,1
948584,158873,1,0,1
2882432,158874,1,0,1
228176,158875,1,1,0
5878760,158876,1,1,0
233840,158877,1,1,0
6249088,158878,1,1,0
289520,158879,1,1,0
1870208,158880,1,1,0
1077472,158881,1,0,1
7336752,158882,1,0,1
1525120,158883,1,1,0
1425296,158884,1,0,1
766800,158885,1,1,0
6403528,158886,1,0,1
1398016,158887,1,0,1
5575896,158888,1,1,0
2444408,158889,1,1,0
1043240,158890,1,0,1
2213488,158891,1,0,1
6930072,158892,1,0,1
1340528,158893,1,1,0
4272192,158894,1,1,0
5329784,158895,1,1,0
2919800,158896,1,1,0
63848,158897,1,0,1
320648,158898,1,1,0
5923712,158899,1,0,1
248552,158900,1,1,0
926872,158901,1,0,1
1084504,158902,1,0,1
1214152,158903,1,0,1
7319104,158904,1,1,0
5493720,158905,1,1,0
2937448,158906,1,1,0
7587272,158907,1,1,0
7268344,158908,1,0,1
133552,158909,1,0,1
7870784,158910,1,1,0
1875832,158911,1,1,0
5180032,158912,1,1,0
3158672,158913,1,0,1
3120024,158914,1,1,0
2006040,158915,1,0,1
8015736,158916,1,1,0
580264,158917,1,1,0
5451928,158918,1,1,0
6027552,158919,1,0,1
7737432,158920,1,1,0
781664,158921,1,0,1
2561032,158922,1,0,1
1092544,158923,1,1,0
5241296,158924,1,1,0
389912,158925,1,0,1
390472,158926,1,1,0
1310392,158927,1,1,0
2019112,158928,1,0,1
1855072,158929,1,0,1
181520,158930,1,1,0
7726960,158931,1,0,1
3288712,158932,1,1,0
5787088,158933,1,0,1
6748160,158934,1,1,0
3301336,158935,1,0,1
3462280,158936,1,1,0
3739928,158937,1,1,0
3409872,158938,1,1,0
3236240,158939,1,1,0
539088,158940,1,0,1
560288,158941,1,0,1
6517568,158942,1,0,1
5250688,158943,1,1,0
7001728,158944,1,0,1
536880,158945,1,1,0
575984,158946,1,1,0
4267888,158947,1,0,1
1494592,158948,1,1,0
108312,158949,1,0,1
1832808,158950,1,1,0
859992,158951,1,0,1
524312,158952,1,0,1
1203216,158953,1,0,1
347344,158954,1,1,0
2463400,158955,1,1,0
1567088,158956,1,1,0
1040736,158957,1,1,0
2086168,158958,1,1,0
7548688,158959,1,0,1
2727456,158960,1,1,0
7038976,158961,1,1,0
1086328,158962,1,0,1
6711032,158963,1,1,0
2333784,158964,1,1,0
4411696,158965,1,1,0
2657464,158966,1,1,0
7761992,158967,1,1,0
4358792,158968,1,0,1
365368,158969,1,1,0
7709808,158970,1,0,1
5000152,158971,1,0,1
335600,158972,1,0,1
278656,158973,1,1,0
1452032,158974,1,0,1
1477920,158975,1,1,0
6144576,158976,1,1,0
1848328,158977,1,0,1
6458496,158978,1,0,1
2030264,158979,1,1,0
7120240,158980,1,0,1
861040,158981,1,0,1
864600,158982,1,1,0
4001928,158983,1,0,1
1427672,158984,1,1,0
4570808,158985,1,1,0
7868464,158986,1,0,1
392880,158987,1,0,1
3884088,158988,1,1,0
7268736,158989,1,0,1
2313080,158990,1,0,1
4786680,158991,1,0,1
263696,158992,1,0,1
3862904,158993,1,1,0
4880696,158994,1,1,0
5210904,158995,1,1,0
1825072,158996,1,0,1
975784,158997,1,0,1
2342088,158998,1,0,1
913768,158999,1,1,0
1908296,159000,1,0,1
6985288,159001,1,1,0
945504,159002,1,0,1
5501040,159003,1,0,1
2417840,159004,1,0,1
3943456,159005,1,1,0
1574952,159006,1,0,1
5967072,159007,1,0,1
3047288,159008,1,0,1
4894976,159009,1,0,1
300848,159010,1,1,0
4049296,159011,1,0,1
4220824,159012,1,0,1
1522720,159013,1,0,1
3861608,159014,1,1,0
433184,159015,1,0,1
3918536,159016,1,0,1
636304,159017,1,1,0
3787064,159018,1,1,0
5521272,159019,1,1,0
3507696,159020,1,0,1
4234968,159021,1,1,0
500728,159022,1,0,1
134256,159023,1,0,1
2586560,159024,1,0,1
932440,159025,1,1,0
3215200,159026,1,1,0
589712,159027,1,1,0
306088,159028,1,1,0
3017552,159029,1,1,0
1672376,159030,1,0,1
281688,159031,1,1,0
1488616,159032,1,1,0
1110032,159033,1,0,1
377912,159034,1,1,0
7099664,159035,1,0,1
593472,159036,1,0,1
471064,159037,1,0,1
4082072,159038,1,0,1
504800,159039,1,1,0
3460440,159040,1,0,1
621592,159041,1,0,1
1076336,159042,1,0,1
6477368,159043,1,1,0
893144,159044,1,1,0
4129256,159045,1,1,0
1585704,159046,1,0,1
558688,159047,1,0,1
204040,159048,1,1,0
3885776,159049,1,0,1
3365416,159050,1,0,1
6217920,159051,1,0,1
7315752,159052,1,0,1
6352616,159053,1,0,1
1017672,159054,1,0,1
2643432,159055,1,1,0
922224,159056,1,0,1
1135312,159057,1,0,1
8193072,159058,1,1,0
2019440,159059,1,0,1
3951592,159060,1,0,1
6570080,159061,1,0,1
6747952,159062,1,1,0
7896240,159063,1,1,0
1011200,159064,1,0,1
540592,159065,1,0,1
2937240,159066,1,1,0
2298512,159067,1,1,0
1377280,159068,1,1,0
6809800,159069,1,0,1
257632,159070,1,0,1
7537456,159071,1,1,0
4368440,159072,1,0,1
526480,159073,1,1,0
7657128,159074,1,0,1
329328,159075,1,1,0
4328552,159076,1,1,0
6999552,159077,1,1,0
1272520,159078,1,1,0
401720,159079,1,0,1
1177888,159080,1,0,1
536576,159081,1,0,1
3153696,159082,1,0,1
2532440,159083,1,0,1
6358936,159084,1,1,0
1115304,159085,1,0,1
6560040,159086,1,0,1
1194296,159087,1,1,0
3153320,159088,1,1,0
6461352,159089,1,1,0
5457416,159090,1,1,0
1367600,159091,1,1,0
261320,159092,1,1,0
1335976,159093,1,1,0
8007128,159094,1,0,1
571960,159095,1,0,1
6090944,159096,1,1,0
3035360,159097,1,0,1
7090200,159098,1,0,1
4929168,159099,1,0,1
7774096,159100,1,0,1
237264,159101,1,0,1
1032648,159102,1,0,1
1573912,159103,1,1,0
3672088,159104,1,1,0
2431752,159105,1,0,1
3968112,159106,1,1,0
2190464,159107,1,1,0
1410776,159108,1,1,0
5659752,159109,1,1,0
1240392,159110,1,0,1
483216,159111,1,1,0
1689512,159112,1,1,0
1164360,159113,1,1,0
6085256,159114,1,0,1
2594536,159115,1,0,1
949864,159116,1,0,1
5227776,159117,1,1,0
1458528,159118,1,0,1
907112,159119,1,1,0
2559136,159120,1,1,0
3439200,159121,1,0,1
4818256,159122,1,0,1
2003768,159123,1,0,1
5691216,159124,1,0,1
8246160,159125,1,1,0
2485640,159126,1,0,1
862944,159127,1,0,1
1869448,159128,1,0,1
123024,159129,1,1,0
6241616,159130,1,1,0
4305496,159131,1,0,1
7535544,159132,1,0,1
5574168,159133,1,0,1
2184736,159134,1,0,1
7959352,159135,1,1,0
5745840,159136,1,1,0
4077832,159137,1,0,1
4364744,159138,1,1,0
4708896,159139,1,0,1
7620592,159140,1,1,0
1070880,159141,1,1,0
268048,159142,1,1,0
4766688,159143,1,0,1
4692664,159144,1,1,0
1324408,159145,1,1,0
1364248,159146,1,0,1
1915584,159147,1,0,1
5228536,159148,1,0,1
2316856,159149,1,1,0
3564488,159150,1,1,0
1435280,159151,1,0,1
7034120,159152,1,1,0
1878352,159153,1,0,1
210192,159154,1,1,0
211472,159155,1,0,1
3445392,159156,1,1,0
558032,159157,1,1,0
6034696,159158,1,1,0
3920360,159159,1,0,1
1982312,159160,1,0,1
8145672,159161,1,1,0
1279352,159162,1,1,0
4411416,159163,1,1,0
5717096,159164,1,0,1
756544,159165,1,1,0
697520,159166,1,1,0
2195080,159167,1,1,0
4094936,159168,1,0,1
2022312,159169,1,0,1
4941352,159170,1,1,0
6321696,159171,1,0,1
1488736,159172,1,1,0
1322720,159173,1,1,0
1626696,159174,1,1,0
6707952,159175,1,0,1
1653848,159176,1,0,1
855904,159177,1,1,0
5101624,159178,1,0,1
1164320,159179,1,0,1
4440480,159180,1,0,1
3215344,159181,1,0,1
1237208,159182,1,0,1
4833328,159183,1,0,1
4170496,159184,1,0,1
1521616,159185,1,0,1
5106216,159186,1,1,0
1669888,159187,1,1,0
959336,159188,1,1,0
474272,159189,1,1,0
3340144,159190,1,1,0
274552,159191,1,0,1
4816224,159192,1,0,1
4146672,159193,1,1,0
1959712,159194,1,1,0
6020800,159195,1,1,0
486216,159196,1,1,0
1137448,159197,1,1,0
467976,159198,1,1,0
3318472,159199,1,0,1
4876488,159200,1,0,1
614232,159201,1,1,0
985448,159202,1,1,0
1351096,159203,1,1,0
1715776,159204,1,0,1
1810304,159205,1,1,0
5575504,159206,1,1,0
3786040,159207,1,1,0
854608,159208,1,0,1
1636688,159209,1,0,1
485848,159210,1,0,1
819800,159211,1,1,0
4971904,159212,1,0,1
5803688,159213,1,0,1
4328344,159214,1,0,1
8000152,159215,1,0,1
2161944,159216,1,1,0
3282080,159217,1,1,0
2088192,159218,1,0,1
1426416,159219,1,0,1
4539064,159220,1,0,1
6110960,159221,1,1,0
6876320,159222,1,0,1
455984,159223,1,0,1
1448712,159224,1,1,0
2461096,159225,1,1,0
3414440,159226,1,0,1
7146904,159227,1,0,1
7587936,159228,1,0,1
4757976,159229,1,0,1
889632,159230,1,1,0
531640,159231,1,0,1
4349048,159232,1,0,1
3802880,159233,1,1,0
1429424,159234,1,0,1
755432,159235,1,0,1
4921592,159236,1,0,1
3180144,159237,1,0,1
2684168,159238,1,0,1
421560,159239,1,1,0
2769584,159240,1,1,0
1357760,159241,1,1,0
988072,159242,1,1,0
3584008,159243,1,0,1
7432096,159244,1,0,1
2407304,159245,1,0,1
7987520,159246,1,0,1
7078280,159247,1,0,1
3464168,159248,1,1,0
552416,159249,1,1,0
4386800,159250,1,0,1
1222048,159251,1,1,0
6705904,159252,1,1,0
5010824,159253,1,0,1
7649120,159254,1,1,0
485040,159255,1,1,0
139480,159256,1,0,1
5584952,159257,1,1,0
845328,159258,1,0,1
376000,159259,1,0,1
3526816,159260,1,0,1
3216192,159261,1,1,0
4623408,159262,1,0,1
4895656,159263,1,0,1
208736,159264,1,1,0
1775328,159265,1,1,0
6665544,159266,1,0,1
443256,159267,1,1,0
684496,159268,1,0,1
6765208,159269,1,0,1
1332160,159270,1,1,0
3456528,159271,1,1,0
769840,159272,1,0,1
694136,159273,1,1,0
7688856,159274,1,1,0
2307584,159275,1,0,1
7798040,159276,1,1,0
366880,159277,1,0,1
5724392,159278,1,0,1
649776,159279,1,1,0
1856424,159280,1,0,1
1463936,159281,1,0,1
5844616,159282,1,1,0
7026504,159283,1,0,1
4989584,159284,1,1,0
251704,159285,1,1,0
1309088,159286,1,1,0
5121344,159287,1,1,0
1608072,159288,1,0,1
346040,159289,1,0,1
1976032,159290,1,1,0
1442784,159291,1,1,0
2320808,159292,1,0,1
861728,159293,1,0,1
3086200,159294,1,0,1
4968880,159295,1,0,1
300912,159296,1,1,0
4431048,159297,1,1,0
1666368,159298,1,0,1
4601256,159299,1,0,1
4837376,159300,1,0,1
2034048,159301,1,0,1
1955704,159302,1,1,0
2294232,159303,1,1,0
304152,159304,1,1,0
2639256,159305,1,0,1
2718344,159306,1,0,1
1108664,159307,1,0,1
1404848,159308,1,0,1
469360,159309,1,0,1
5131160,159310,1,0,1
2053552,159311,1,0,1
4603584,159312,1,1,0
2066040,159313,1,0,1
496160,159314,1,1,0
359904,159315,1,0,1
746248,159316,1,0,1
7020664,159317,1,0,1
1107488,159318,1,1,0
5105048,159319,1,1,0
2147216,159320,1,0,1
2436160,159321,1,0,1
380584,159322,1,0,1
7889320,159323,1,1,0
1937208,159324,1,0,1
3587144,159325,1,0,1
2152992,159326,1,0,1
2231400,159327,1,0,1
710032,159328,1,1,0
7691120,159329,1,0,1
5338680,159330,1,0,1
4854176,159331,1,1,0
3303736,159332,1,1,0
262520,159333,1,0,1
1605736,159334,1,0,1
3957064,159335,1,0,1
925448,159336,1,1,0
6809944,159337,1,1,0
1653424,159338,1,1,0
1003920,159339,1,0,1
400944,159340,1,0,1
3931512,159341,1,1,0
1037312,159342,1,0,1
2051184,159343,1,0,1
772840,159344,1,1,0
1735376,159345,1,0,1
6943080,159346,1,0,1
1582672,159347,1,1,0
2361320,159348,1,0,1
4159656,159349,1,0,1
2285984,159350,1,0,1
8137832,159351,1,1,0
235072,159352,1,0,1
289440,159353,1,1,0
4652376,159354,1,1,0
508168,159355,1,0,1
2669568,159356,1,1,0
245640,159357,1,1,0
4017040,159358,1,1,0
6037088,159359,1,1,0
4694080,159360,1,0,1
4696480,159361,1,0,1
1646520,159362,1,0,1
1164696,159363,1,1,0
739424,159364,1,0,1
2969824,159365,1,1,0
7843224,159366,1,1,0
3208640,159367,1,1,0
250792,159368,1,0,1
524448,159369,1,0,1
1059936,159370,1,0,1
2237280,159371,1,0,1
1348792,159372,1,1,0
602072,159373,1,0,1
3774272,159374,1,0,1
6359216,159375,1,0,1
6019632,159376,1,0,1
4420528,159377,1,1,0
225000,159378,1,0,1
1553976,159379,1,1,0
1369784,159380,1,1,0
5222312,159381,1,1,0
7610896,159382,1,0,1
1347504,159383,1,1,0
661536,159384,1,1,0
2370448,159385,1,0,1
3760744,159386,1,0,1
669912,159387,1,1,0
500576,159388,1,1,0
8295768,159389,1,0,1
202664,159390,1,1,0
5659832,159391,1,1,0
4651008,159392,1,0,1
2417568,159393,1,0,1
1365616,159394,1,1,0
7383040,159395,1,0,1
1197088,159396,1,1,0
1374312,159397,1,0,1
5648816,159398,1,0,1
203032,159399,1,0,1
8066080,159400,1,0,1
770888,159401,1,0,1
4303360,159402,1,0,1
3351392,159403,1,0,1
214944,159404,1,1,0
630520,159405,1,1,0
5914160,159406,1,0,1
477432,159407,1,1,0
5496864,159408,1,1,0
1289840,159409,1,1,0
2334728,159410,1,0,1
290520,159411,1,0,1
2855552,159412,1,0,1
8004896,159413,1,0,1
575544,159414,1,1,0
1359480,159415,1,1,0
5783368,159416,1,1,0
1212056,159417,1,0,1
3216840,159418,1,1,0
402768,159419,1,1,0
2913696,159420,1,0,1
208816,159421,1,0,1
676160,159422,1,1,0
5047864,159423,1,0,1
5165848,159424,1,1,0
1052256,159425,1,0,1
1325632,159426,1,0,1
6942568,159427,1,1,0
6981232,159428,1,1,0
2305096,159429,1,1,0
6026936,159430,1,0,1
1782624,159431,1,0,1
2980072,159432,1,0,1
3317704,159433,1,1,0
6170936,159434,1,0,1
3172976,159435,1,0,1
4153344,159436,1,1,0
1211512,159437,1,0,1
1972896,159438,1,0,1
5509176,159439,1,0,1
2383584,159440,1,0,1
3221424,159441,1,0,1
126160,159442,1,1,0
1284840,159443,1,1,0
1489352,159444,1,0,1
823552,159445,1,0,1
6910768,159446,1,1,0
2428840,159447,1,0,1
6173096,159448,1,0,1
6228000,159449,1,1,0
2080704,159450,1,1,0
1098456,159451,1,0,1
5429144,159452,1,1,0
5553056,159453,1,0,1
7452296,159454,1,0,1
481768,159455,1,0,1
4027192,159456,1,0,1
1372832,159457,1,1,0
1539776,159458,1,1,0
2644936,159459,1,1,0
1803128,159460,1,0,1
751208,159461,1,0,1
1184768,159462,1,0,1
6531296,159463,1,1,0
1141704,159464,1,0,1
7598472,159465,1,1,0
4193480,159466,1,0,1
7000384,159467,1,1,0
5029400,159468,1,1,0
502480,159469,1,1,0
1175120,159470,1,0,1
1205456,159471,1,1,0
5243336,159472,1,0,1
1403440,159473,1,0,1
5383576,159474,1,1,0
4130560,159475,1,1,0
6348768,159476,1,1,0
4263648,159477,1,1,0
2080968,159478,1,1,0
156584,159479,1,1,0
2752736,159480,1,1,0
992064,159481,1,1,0
5020248,159482,1,0,1
5300920,159483,1,0,1
790088,159484,1,1,0
617152,159485,1,0,1
2995544,159486,1,1,0
1757856,159487,1,0,1
390616,159488,1,1,0
7157944,159489,1,0,1
2737704,159490,1,0,1
1106448,159491,1,1,0
2882904,159492,1,0,1
1907576,159493,1,0,1
788912,159494,1,1,0
198560,159495,1,0,1
4907600,159496,1,1,0
5687448,159497,1,0,1
317984,159498,1,1,0
1015312,159499,1,1,0
7922656,159500,1,1,0
1092096,159501,1,1,0
2620600,159502,1,0,1
2814744,159503,1,1,0
1598752,159504,1,0,1
291224,159505,1,1,0
5237624,159506,1,1,0
3765760,159507,1,0,1
1456056,159508,1,1,0
5003280,159509,1,0,1
8034816,159510,1,1,0
483200,159511,1,0,1
3099840,159512,1,1,0
106256,159513,1,0,1
1115040,159514,1,0,1
6308376,159515,1,0,1
819792,159516,1,1,0
1571136,159517,1,0,1
5905512,159518,1,1,0
3640648,159519,1,1,0
4377136,159520,1,1,0
1156984,159521,1,0,1
573112,159522,1,0,1
464888,159523,1,1,0
2937048,159524,1,0,1
676704,159525,1,1,0
4046224,159526,1,1,0
6634848,159527,1,1,0
437400,159528,1,0,1
4362264,159529,1,0,1
736112,159530,1,0,1
536784,159531,1,0,1
706712,159532,1,0,1
5449928,159533,1,0,1
2504832,159534,1,0,1
711672,159535,1,0,1
4312968,159536,1,0,1
5964680,159537,1,1,0
5295888,159538,1,0,1
1602456,159539,1,1,0
3322464,159540,1,1,0
3958312,159541,1,0,1
3355992,159542,1,0,1
1595864,159543,1,0,1
4889008,159544,1,0,1
1400088,159545,1,0,1
4053696,159546,1,1,0
165808,159547,1,0,1
571768,159548,1,1,0
1046768,159549,1,0,1
3553512,159550,1,0,1
3616784,159551,1,1,0
765272,159552,1,1,0
2428736,159553,1,0,1
6425480,159554,1,0,1
6952408,159555,1,1,0
2188712,159556,1,1,0
1770672,159557,1,1,0
319536,159558,1,1,0
589184,159559,1,1,0
3308848,159560,1,1,0
3816928,159561,1,1,0
450496,159562,1,0,1
2543408,159563,1,1,0
2360768,159564,1,0,1
5582624,159565,1,1,0
3411776,159566,1,0,1
1692976,159567,1,0,1
949936,159568,1,0,1
5146648,159569,1,1,0
4466784,159570,1,1,0
586256,159571,1,0,1
1774768,159572,1,0,1
470480,159573,1,1,0
494832,159574,1,0,1
677920,159575,1,0,1
521568,159576,1,0,1
1248936,159577,1,0,1
4894232,159578,1,0,1
6544712,159579,1,0,1
987432,159580,1,0,1
1365824,159581,1,1,0
7143784,159582,1,1,0
159408,159583,1,1,0
6887744,159584,1,0,1
6691112,159585,1,0,1
3355848,159586,1,1,0
7427888,159587,1,1,0
979000,159588,1,0,1
5158312,159589,1,1,0
4276768,159590,1,1,0
366592,159591,1,0,1
700120,159592,1,1,0
530608,159593,1,0,1
5998056,159594,1,1,0
2610928,159595,1,0,1
899752,159596,1,1,0
1100656,159597,1,1,0
2839176,159598,1,1,0
8274824,159599,1,0,1
7084496,159600,1,1,0
768176,159601,1,1,0
1358280,159602,1,0,1
2140864,159603,1,0,1
2493864,159604,1,1,0
1759288,159605,1,1,0
782392,159606,1,0,1
281392,159607,1,1,0
499184,159608,1,1,0
5608944,159609,1,0,1
740064,159610,1,1,0
1824512,159611,1,0,1
1788088,159612,1,0,1
7749912,159613,1,0,1
4915216,159614,1,0,1
949720,159615,1,1,0
6808048,159616,1,0,1
247200,159617,1,1,0
5512280,159618,1,1,0
1840184,159619,1,1,0
1396856,159620,1,1,0
643896,159621,1,1,0
6888152,159622,1,1,0
1651968,159623,1,0,1
3896168,159624,1,0,1
449656,159625,1,0,1
3757032,159626,1,1,0
5234864,159627,1,1,0
4561664,159628,1,0,1
2753480,159629,1,0,1
4481128,159630,1,0,1
1867800,159631,1,0,1
712008,159632,1,1,0
203080,159633,1,0,1
4873792,159634,1,0,1
618312,159635,1,1,0
3466120,159636,1,1,0
1606296,159637,1,1,0
5029776,159638,1,1,0
386600,159639,1,0,1
2717552,159640,1,1,0
4623072,159641,1,0,1
882944,159642,1,0,1
2923072,159643,1,1,0
742776,159644,1,1,0
1355320,159645,1,1,0
1651008,159646,1,0,1
4664552,159647,1,1,0
844008,159648,1,0,1
3540464,159649,1,0,1
1367688,159650,1,1,0
3601648,159651,1,0,1
4396160,159652,1,1,0
1582264,159653,1,1,0
657728,159654,1,1,0
8057800,159655,1,1,0
1031592,159656,1,1,0
4405152,159657,1,1,0
5118816,159658,1,1,0
1030776,159659,1,1,0
3081704,159660,1,0,1
4298360,159661,1,1,0
463336,159662,1,0,1
4077760,159663,1,0,1
6777568,159664,1,1,0
495752,159665,1,0,1
1514360,159666,1,1,0
4217944,159667,1,0,1
7003608,159668,1,1,0
4320440,159669,1,1,0
2018776,159670,1,0,1
773680,159671,1,0,1
3485504,159672,1,0,1
673416,159673,1,1,0
983424,159674,1,0,1
1822856,159675,1,0,1
4678768,159676,1,1,0
8251416,159677,1,1,0
4122336,159678,1,1,0
2257568,159679,1,0,1
861104,159680,1,1,0
613744,159681,1,0,1
7213688,159682,1,1,0
994256,159683,1,0,1
4817232,159684,1,0,1
1766392,159685,1,0,1
1469576,159686,1,0,1
4371656,159687,1,0,1
7276944,159688,1,1,0
3042624,159689,1,1,0
6970232,159690,1,1,0
533584,159691,1,0,1
4381552,159692,1,0,1
384888,159693,1,0,1
224288,159694,1,1,0
2106144,159695,1,0,1
2153768,159696,1,1,0
719016,159697,1,0,1
4325784,159698,1,1,0
103688,159699,1,0,1
743800,159700,1,0,1
197320,159701,1,0,1
4021448,159702,1,0,1
2888904,159703,1,1,0
1593688,159704,1,0,1
813896,159705,1,1,0
6878352,159706,1,0,1
1813360,159707,1,1,0
4477288,159708,1,1,0
5947576,159709,1,1,0
2981984,159710,1,1,0
3144256,159711,1,0,1
343648,159712,1,0,1
381016,159713,1,1,0
1413208,159714,1,1,0
866480,159715,1,1,0
704104,159716,1,0,1
927840,159717,1,1,0
3006664,159718,1,0,1
713600,159719,1,1,0
908152,159720,1,1,0
715904,159721,1,0,1
6358376,159722,1,1,0
477208,159723,1,1,0
576064,159724,1,0,1
3893800,159725,1,0,1
446448,159726,1,0,1
2671512,159727,1,0,1
6120848,159728,1,0,1
2325160,159729,1,1,0
6065688,159730,1,1,0
458352,159731,1,1,0
609648,159732,1,0,1
595568,159733,1,0,1
1356016,159734,1,0,1
8272928,159735,1,0,1
2998352,159736,1,0,1
1534032,159737,1,0,1
1511528,159738,1,1,0
1202184,159739,1,0,1
679120,159740,1,0,1
465960,159741,1,1,0
3486896,159742,1,1,0
788640,159743,1,0,1
315368,159744,1,0,1
3575792,159745,1,0,1
2436608,159746,1,0,1
5481624,159747,1,1,0
306880,159748,1,1,0
2104232,159749,1,1,0
206272,159750,1,1,0
209856,159751,1,1,0
4563136,159752,1,0,1
1418952,159753,1,1,0
8193080,159754,1,0,1
1144328,159755,1,0,1
1190824,159756,1,0,1
3052008,159757,1,0,1
687352,159758,1,0,1
1462576,159759,1,0,1
6738784,159760,1,1,0
1652096,159761,1,0,1
910856,159762,1,0,1
315880,159763,1,0,1
2696536,159764,1,0,1
8210000,159765,1,1,0
797928,159766,1,1,0
7955832,159767,1,0,1
853152,159768,1,1,0
1058544,159769,1,1,0
1256488,159770,1,1,0
815912,159771,1,0,1
366264,159772,1,1,0
1341280,159773,1,0,1
299776,159774,1,1,0
336600,159775,1,0,1
2861072,159776,1,1,0
5241416,159777,1,0,1
808744,159778,1,0,1
2103856,159779,1,0,1
1752600,159780,1,0,1
2952632,159781,1,0,1
3388328,159782,1,1,0
1208592,159783,1,1,0
4528856,159784,1,1,0
1073856,159785,1,0,1
5122360,159786,1,1,0
5011264,159787,1,1,0
2679288,159788,1,0,1
1071200,159789,1,1,0
3171496,159790,1,0,1
8022088,159791,1,1,0
927952,159792,1,0,1
6971208,159793,1,0,1
549640,159794,1,0,1
1792280,159795,1,1,0
3240512,159796,1,0,1
2430648,159797,1,1,0
923872,159798,1,0,1
515736,159799,1,0,1
1018176,159800,1,1,0
2265256,159801,1,1,0
4987472,159802,1,1,0
1786096,159803,1,0,1
2407280,159804,1,0,1
3469608,159805,1,0,1
505704,159806,1,1,0
7152040,159807,1,1,0
477400,159808,1,0,1
2333808,159809,1,0,1
5819848,159810,1,0,1
4914952,159811,1,1,0
1160248,159812,1,0,1
1575752,159813,1,1,0
1155664,159814,1,0,1
730936,159815,1,0,1
1374416,159816,1,0,1
3259888,159817,1,1,0
5680776,159818,1,1,0
1932624,159819,1,1,0
3310888,159820,1,1,0
1905224,159821,1,0,1
6483912,159822,1,1,0
5315584,159823,1,1,0
1939896,159824,1,0,1
2628720,159825,1,0,1
642208,159826,1,1,0
2925280,159827,1,1,0
3677496,159828,1,1,0
4553840,159829,1,0,1
3351928,159830,1,1,0
3168568,159831,1,0,1
6635512,159832,1,0,1
713912,159833,1,0,1
5382720,159834,1,0,1
3811696,159835,1,1,0
2410384,159836,1,1,0
5870136,159837,1,0,1
1357144,159838,1,1,0
3498920,159839,1,1,0
8201504,159840,1,1,0
3430616,159841,1,0,1
3427880,159842,1,0,1
2121808,159843,1,1,0
3572072,159844,1,1,0
7475168,159845,1,0,1
6006856,159846,1,1,0
1187208,159847,1,1,0
1339760,159848,1,0,1
5014112,159849,1,0,1
1565056,159850,1,1,0
1904976,159851,1,0,1
2446512,159852,1,0,1
3928264,159853,1,0,1
1491656,159854,1,1,0
5679136,159855,1,1,0
1156296,159856,1,0,1
492128,159857,1,0,1
102640,159858,1,1,0
698232,159859,1,0,1
2432304,159860,1,1,0
1594952,159861,1,1,0
916832,159862,1,0,1
1099560,159863,1,0,1
884656,159864,1,0,1
8072568,159865,1,1,0
2946712,159866,1,1,0
5433440,159867,1,1,0
7245440,159868,1,1,0
2612168,159869,1,0,1
7344952,159870,1,0,1
926240,159871,1,0,1
3598584,159872,1,1,0
2370808,159873,1,0,1
3040336,159874,1,0,1
3652688,159875,1,0,1
4611328,159876,1,1,0
618808,159877,1,0,1
1905296,159878,1,1,0
1636456,159879,1,1,0
2168992,159880,1,1,0
200208,159881,1,0,1
5816160,159882,1,0,1
589832,159883,1,0,1
4609536,159884,1,0,1
459320,159885,1,0,1
4246608,159886,1,1,0
699816,159887,1,1,0
3848184,159888,1,1,0
1258296,159889,1,0,1
2339808,159890,1,1,0
507320,159891,1,1,0
2150440,159892,1,0,1
3671248,159893,1,0,1
1567848,159894,1,1,0
500528,159895,1,0,1
3730248,159896,1,1,0
226984,159897,1,1,0
1159584,159898,1,1,0
455816,159899,1,1,0
2128104,159900,1,0,1
899688,159901,1,1,0
6065928,159902,1,1,0
1203168,159903,1,1,0
8216616,159904,1,1,0
1443808,159905,1,0,1
408400,159906,1,0,1
4907928,159907,1,0,1
2024512,159908,1,1,0
6459952,159909,1,1,0
1291640,159910,1,1,0
1585752,159911,1,1,0
2598040,159912,1,1,0
2886896,159913,1,0,1
3300080,159914,1,0,1
6022112,159915,1,0,1
772520,159916,1,0,1
805872,159917,1,1,0
4554752,159918,1,1,0
303984,159919,1,0,1
1005752,159920,1,0,1
2121136,159921,1,1,0
6160256,159922,1,1,0
2627296,159923,1,1,0
609976,159924,1,1,0
3467216,159925,1,1,0
786080,159926,1,1,0
4416024,159927,1,0,1
7597728,159928,1,1,0
8175848,159929,1,1,0
8175208,159930,1,0,1
6580632,159931,1,0,1
1661992,159932,1,1,0
5210360,159933,1,0,1
619416,159934,1,0,1
7959768,159935,1,0,1
2607912,159936,1,1,0
2534128,159937,1,0,1
2061368,159938,1,0,1
8368008,159939,1,0,1
6725880,159940,1,0,1
1981088,159941,1,1,0
263792,159942,1,0,1
198808,159943,1,0,1
2363192,159944,1,1,0
369752,159945,1,0,1
491504,159946,1,1,0
3599416,159947,1,0,1
383944,159948,1,0,1
2299440,159949,1,1,0
2857336,159950,1,0,1
902536,159951,1,1,0
5781976,159952,1,0,1
2858552,159953,1,0,1
1938264,159954,1,0,1
6990432,159955,1,0,1
666672,159956,1,1,0
6690048,159957,1,1,0
1049696,159958,1,0,1
6921136,159959,1,0,1
3250896,159960,1,1,0
4346192,159961,1,0,1
4303448,159962,1,1,0
583760,159963,1,0,1
3498072,159964,1,0,1
7641792,159965,1,0,1
2653784,159966,1,1,0
284760,159967,1,0,1
1008704,159968,1,0,1
964848,159969,1,1,0
3397912,159970,1,1,0
1621864,159971,1,1,0
5640760,159972,1,0,1
1958944,159973,1,1,0
1741024,159974,1,0,1
532064,159975,1,1,0
63160,159976,1,0,1
1966568,159977,1,0,1
424008,159978,1,1,0
1192008,159979,1,1,0
312912,159980,1,0,1
1103928,159981,1,0,1
466784,159982,1,0,1
2895072,159983,1,0,1
7445856,159984,1,1,0
3750424,159985,1,0,1
2782760,159986,1,0,1
5731816,159987,1,0,1
4603960,159988,1,0,1
4721832,159989,1,0,1
2864976,159990,1,1,0
6091952,159991,1,0,1
409720,159992,1,0,1
4923552,159993,1,1,0
3905664,159994,1,1,0
5933976,159995,1,0,1
142976,159996,1,1,0
4427120,159997,1,1,0
504008,159998,1,1,0
239368,159999,1,0,1
1579744,160000,1,1,0
1247744,160001,1,1,0
1003840,160002,1,1,0
411192,160003,1,1,0
1093152,160004,1,1,0
598104,160005,1,1,0
5732600,160006,1,1,0
1505760,160007,1,0,1
8037296,160008,1,0,1
640744,160009,1,0,1
914480,160010,1,0,1
4917272,160011,1,0,1
419904,160012,1,0,1
155920,160013,1,1,0
2030680,160014,1,1,0
2037800,160015,1,0,1
271816,160016,1,1,0
3301696,160017,1,0,1
4200896,160018,1,0,1
8249080,160019,1,1,0
1034664,160020,1,1,0
621672,160021,1,0,1
8107888,160022,1,0,1
221304,160023,1,0,1
824600,160024,1,1,0
564912,160025,1,0,1
7898456,160026,1,0,1
2138352,160027,1,0,1
5092896,160028,1,0,1
301792,160029,1,0,1
4145560,160030,1,0,1
560632,160031,1,1,0
2127088,160032,1,0,1
848800,160033,1,0,1
918912,160034,1,0,1
912224,160035,1,0,1
2868544,160036,1,0,1
6530200,160037,1,0,1
6676944,160038,1,0,1
6459648,160039,1,0,1
1681024,160040,1,1,0
99760,160041,1,1,0
1789288,160042,1,0,1
4626624,160043,1,0,1
5863320,160044,1,1,0
6324192,160045,1,0,1
2643304,160046,1,0,1
4252600,160047,1,0,1
2056976,160048,1,0,1
4343400,160049,1,0,1
2007136,160050,1,1,0
1063584,160051,1,1,0
573968,160052,1,0,1
928016,160053,1,1,0
1072000,160054,1,0,1
1841920,160055,1,0,1
5528816,160056,1,0,1
6080456,160057,1,0,1
3084312,160058,1,0,1
1758528,160059,1,0,1
6074624,160060,1,0,1
234728,160061,1,1,0
4501968,160062,1,0,1
2408400,160063,1,0,1
8197384,160064,1,0,1
1321952,160065,1,1,0
7232192,160066,1,0,1
2086304,160067,1,1,0
2947976,160068,1,0,1
6642904,160069,1,0,1
1575496,160070,1,0,1
2730624,160071,1,0,1
1317920,160072,1,0,1
7605744,160073,1,0,1
4237448,160074,1,1,0
1745376,160075,1,0,1
4453712,160076,1,1,0
607248,160077,1,1,0
6241464,160078,1,0,1
2269624,160079,1,0,1
569816,160080,1,0,1
4411184,160081,1,0,1
4801040,160082,1,1,0
858104,160083,1,0,1
2839744,160084,1,1,0
1101360,160085,1,0,1
7903328,160086,1,1,0
752112,160087,1,0,1
756256,160088,1,1,0
4539336,160089,1,1,0
1218368,160090,1,1,0
5700432,160091,1,0,1
2529512,160092,1,1,0
646264,160093,1,0,1
2276656,160094,1,0,1
330712,160095,1,0,1
1415352,160096,1,0,1
323304,160097,1,0,1
5993432,160098,1,1,0
1491616,160099,1,1,0
3944896,160100,1,0,1
8250816,160101,1,0,1
7984856,160102,1,1,0
5704032,160103,1,1,0
554096,160104,1,1,0
640472,160105,1,0,1
2026568,160106,1,1,0
4213464,160107,1,1,0
1023584,160108,1,1,0
7624504,160109,1,1,0
1863800,160110,1,1,0
1800832,160111,1,1,0
1438440,160112,1,1,0
6766808,160113,1,1,0
6430920,160114,1,1,0
441128,160115,1,1,0
6182664,160116,1,1,0
3501944,160117,1,1,0
814936,160118,1,0,1
967600,160119,1,1,0
7964672,160120,1,0,1
2584304,160121,1,1,0
5975904,160122,1,0,1
1481608,160123,1,1,0
767920,160124,1,0,1
5443048,160125,1,0,1
247088,160126,1,1,0
7852168,160127,1,0,1
444000,160128,1,1,0
7433376,160129,1,0,1
1597408,160130,1,1,0
3660328,160131,1,1,0
1839216,160132,1,1,0
2160512,160133,1,0,1
1795680,160134,1,0,1
1210696,160135,1,0,1
320896,160136,1,1,0
1255728,160137,1,0,1
1394992,160138,1,1,0
534520,160139,1,1,0
3915104,160140,1,1,0
110824,160141,1,0,1
8011568,160142,1,0,1
614328,160143,1,0,1
1655752,160144,1,1,0
456416,160145,1,1,0
3383712,160146,1,1,0
6763968,160147,1,1,0
4350920,160148,1,1,0
4479592,160149,1,0,1
1360032,160150,1,1,0
488552,160151,1,1,0
3450232,160152,1,1,0
1624120,160153,1,0,1
4495856,160154,1,1,0
3033320,160155,1,1,0
1965216,160156,1,0,1
2005968,160157,1,0,1
3051056,160158,1,0,1
6402976,160159,1,1,0
3959136,160160,1,1,0
1544440,160161,1,1,0
939728,160162,1,1,0
2704272,160163,1,0,1
2474904,160164,1,0,1
4998824,160165,1,1,0
460896,160166,1,1,0
3717120,160167,1,0,1
679592,160168,1,1,0
1899784,160169,1,0,1
3021928,160170,1,1,0
1952720,160171,1,0,1
1614440,160172,1,0,1
2864136,160173,1,1,0
2371344,160174,1,0,1
2619464,160175,1,1,0
1276064,160176,1,1,0
741096,160177,1,0,1
4429856,160178,1,0,1
2027632,160179,1,1,0
7144864,160180,1,1,0
3038528,160181,1,1,0
8218456,160182,1,1,0
5577032,160183,1,1,0
303512,160184,1,0,1
4172016,160185,1,1,0
3359936,160186,1,1,0
5625808,160187,1,0,1
1189960,160188,1,1,0
1727112,160189,1,0,1
2841520,160190,1,0,1
379848,160191,1,1,0
5705256,160192,1,1,0
7384024,160193,1,0,1
1854904,160194,1,0,1
1295872,160195,1,1,0
193160,160196,1,0,1
773288,160197,1,1,0
5525856,160198,1,0,1
4664584,160199,1,0,1
4011664,160200,1,1,0
3658440,160201,1,0,1
450664,160202,1,0,1
377704,160203,1,0,1
1813904,160204,1,0,1
549664,160205,1,1,0
1083384,160206,1,1,0
3329872,160207,1,1,0
4399952,160208,1,0,1
4981768,160209,1,1,0
323840,160210,1,0,1
476584,160211,1,0,1
559216,160212,1,0,1
1225920,160213,1,1,0
2248688,160214,1,0,1
856848,160215,1,1,0
1823112,160216,1,0,1
1679136,160217,1,0,1
8111320,160218,1,0,1
1301648,160219,1,1,0
4649136,160220,1,1,0
320600,160221,1,0,1
8182424,160222,1,0,1
3759152,160223,1,0,1
6029736,160224,1,0,1
209376,160225,1,1,0
486680,160226,1,0,1
2115384,160227,1,0,1
958736,160228,1,0,1
4523352,160229,1,1,0
1910328,160230,1,1,0
299928,160231,1,0,1
6593040,160232,1,0,1
5719552,160233,1,1,0
993528,160234,1,1,0
7716104,160235,1,1,0
5081544,160236,1,1,0
2983752,160237,1,0,1
1993752,160238,1,1,0
600840,160239,1,1,0
6033704,160240,1,1,0
1109552,160241,1,0,1
1098016,160242,1,0,1
226568,160243,1,0,1
5991144,160244,1,1,0
8126416,160245,1,0,1
585432,160246,1,0,1
6092632,160247,1,1,0
2327864,160248,1,1,0
1203528,160249,1,0,1
181424,160250,1,1,0
1810968,160251,1,1,0
3376848,160252,1,0,1
7776888,160253,1,0,1
1976728,160254,1,0,1
144384,160255,1,1,0
7982488,160256,1,0,1
2306368,160257,1,1,0
490840,160258,1,0,1
1765248,160259,1,0,1
1140120,160260,1,0,1
1593224,160261,1,1,0
1339176,160262,1,1,0
839832,160263,1,1,0
4540200,160264,1,1,0
414896,160265,1,1,0
1060736,160266,1,1,0
4886248,160267,1,0,1
6695096,160268,1,1,0
3802272,160269,1,0,1
2898848,160270,1,1,0
1988824,160271,1,0,1
6816528,160272,1,0,1
3930744,160273,1,0,1
1072496,160274,1,0,1
1236760,160275,1,0,1
869792,160276,1,0,1
1593216,160277,1,0,1
431264,160278,1,1,0
1226824,160279,1,0,1
1859488,160280,1,1,0
3340824,160281,1,1,0
2063424,160282,1,1,0
1329808,160283,1,0,1
4442376,160284,1,1,0
2240552,160285,1,1,0
758264,160286,1,0,1
2543624,160287,1,1,0
1678912,160288,1,1,0
534688,160289,1,1,0
977968,160290,1,1,0
2693072,160291,1,0,1
3925792,160292,1,1,0
2400368,160293,1,0,1
1158776,160294,1,1,0
556888,160295,1,0,1
790536,160296,1,0,1
943376,160297,1,0,1
5821440,160298,1,1,0
2546312,160299,1,0,1
6850376,160300,1,0,1
6127776,160301,1,0,1
6665288,160302,1,0,1
2499216,160303,1,1,0
1127904,160304,1,1,0
258616,160305,1,0,1
7956480,160306,1,1,0
671544,160307,1,1,0
1967640,160308,1,0,1
307928,160309,1,0,1
2870096,160310,1,1,0
3142952,160311,1,1,0
1839000,160312,1,1,0
1254248,160313,1,0,1
3922448,160314,1,1,0
6487992,160315,1,0,1
1067952,160316,1,1,0
2085920,160317,1,1,0
230072,160318,1,0,1
996936,160319,1,1,0
3884376,160320,1,1,0
3356592,160321,1,0,1
1020864,160322,1,1,0
150776,160323,1,1,0
1490376,160324,1,0,1
2260232,160325,1,1,0
7573360,160326,1,1,0
7571224,160327,1,1,0
4976304,160328,1,1,0
3207456,160329,1,0,1
355744,160330,1,1,0
6608152,160331,1,1,0
6395208,160332,1,1,0
3366824,160333,1,0,1
433008,160334,1,0,1
5202712,160335,1,0,1
2365792,160336,1,1,0
6955944,160337,1,0,1
1593064,160338,1,1,0
3283544,160339,1,0,1
6544600,160340,1,0,1
204232,160341,1,1,0
5989744,160342,1,0,1
3968736,160343,1,1,0
7101464,160344,1,0,1
735160,160345,1,1,0
4025496,160346,1,0,1
7352944,160347,1,0,1
2325912,160348,1,1,0
646120,160349,1,0,1
3852280,160350,1,1,0
5913048,160351,1,0,1
3584936,160352,1,0,1
4318960,160353,1,1,0
4773736,160354,1,1,0
4949752,160355,1,0,1
4389592,160356,1,0,1
3430016,160357,1,0,1
3233512,160358,1,1,0
1443032,160359,1,0,1
846816,160360,1,1,0
5067992,160361,1,0,1
6616160,160362,1,1,0
6898312,160363,1,1,0
620064,160364,1,0,1
622904,160365,1,1,0
2314688,160366,1,1,0
419752,160367,1,0,1
522080,160368,1,1,0
722448,160369,1,0,1
852456,160370,1,1,0
8213080,160371,1,1,0
507888,160372,1,1,0
4156416,160373,1,0,1
3382048,160374,1,1,0
4308680,160375,1,0,1
1789192,160376,1,1,0
4072920,160377,1,1,0
528408,160378,1,0,1
6624752,160379,1,0,1
5118744,160380,1,1,0
2277648,160381,1,0,1
7682832,160382,1,0,1
2896328,160383,1,1,0
7326416,160384,1,0,1
1785136,160385,1,0,1
6411928,160386,1,1,0
2977824,160387,1,1,0
2210976,160388,1,0,1
716520,160389,1,0,1
2092992,160390,1,1,0
1415040,160391,1,1,0
1586464,160392,1,0,1
6710568,160393,1,0,1
2748680,160394,1,1,0
2712728,160395,1,1,0
4955496,160396,1,0,1
1166664,160397,1,0,1
2395432,160398,1,1,0
5268552,160399,1,1,0
3491584,160400,1,1,0
1782216,160401,1,1,0
269688,160402,1,1,0
2003696,160403,1,1,0
1864848,160404,1,0,1
3998064,160405,1,1,0
393744,160406,1,0,1
4940992,160407,1,1,0
545472,160408,1,0,1
844248,160409,1,0,1
3711680,160410,1,0,1
1143112,160411,1,1,0
6124512,160412,1,0,1
2212808,160413,1,0,1
1201480,160414,1,0,1
2083248,160415,1,0,1
1591744,160416,1,1,0
1629784,160417,1,1,0
3542768,160418,1,0,1
3342424,160419,1,0,1
310304,160420,1,1,0
345776,160421,1,1,0
7756400,160422,1,1,0
1122808,160423,1,0,1
741656,160424,1,1,0
948552,160425,1,0,1
2984992,160426,1,1,0
513440,160427,1,0,1
613056,160428,1,1,0
6274328,160429,1,1,0
257464,160430,1,0,1
2052448,160431,1,1,0
2099368,160432,1,1,0
771656,160433,1,1,0
1012224,160434,1,1,0
656456,160435,1,0,1
6214744,160436,1,0,1
7753408,160437,1,1,0
659032,160438,1,1,0
4499528,160439,1,1,0
8140936,160440,1,0,1
1929064,160441,1,1,0
4151064,160442,1,1,0
2333392,160443,1,1,0
687152,160444,1,0,1
4323136,160445,1,1,0
2772096,160446,1,1,0
1122184,160447,1,1,0
802032,160448,1,1,0
2702000,160449,1,1,0
1113504,160450,1,0,1
5380504,160451,1,0,1
300032,160452,1,1,0
1180864,160453,1,0,1
4556560,160454,1,1,0
941720,160455,1,0,1
5456736,160456,1,0,1
6592384,160457,1,0,1
1648312,160458,1,0,1
4222264,160459,1,0,1
5245688,160460,1,0,1
6648120,160461,1,0,1
5873312,160462,1,1,0
2464616,160463,1,0,1
1221816,160464,1,1,0
984800,160465,1,1,0
4146760,160466,1,0,1
5462080,160467,1,1,0
7224968,160468,1,0,1
827608,160469,1,0,1
1123648,160470,1,0,1
2016936,160471,1,0,1
6418040,160472,1,1,0
1225864,160473,1,1,0
1859160,160474,1,1,0
6833520,160475,1,0,1
163080,160476,1,0,1
4265800,160477,1,1,0
4549008,160478,1,0,1
8122968,160479,1,1,0
3241208,160480,1,1,0
6404504,160481,1,0,1
7111536,160482,1,1,0
2792440,160483,1,0,1
3849336,160484,1,1,0
2126976,160485,1,1,0
1117088,160486,1,0,1
3136920,160487,1,1,0
4093080,160488,1,1,0
6029856,160489,1,0,1
259496,160490,1,0,1
528656,160491,1,0,1
470816,160492,1,1,0
5614712,160493,1,0,1
552800,160494,1,1,0
2631104,160495,1,0,1
3904488,160496,1,0,1
4711096,160497,1,0,1
3354608,160498,1,1,0
1352264,160499,1,0,1
754912,160500,1,1,0
5624752,160501,1,0,1
369112,160502,1,0,1
7104008,160503,1,0,1
3522784,160504,1,0,1
439776,160505,1,0,1
4815560,160506,1,0,1
3628640,160507,1,0,1
2909592,160508,1,0,1
3825768,160509,1,1,0
2489416,160510,1,0,1
1276680,160511,1,0,1
1962728,160512,1,0,1
3938528,160513,1,0,1
858632,160514,1,1,0
4489120,160515,1,1,0
2983592,160516,1,0,1
6091256,160517,1,0,1
2905184,160518,1,0,1
1492352,160519,1,1,0
245992,160520,1,1,0
1466192,160521,1,0,1
1135264,160522,1,0,1
2902840,160523,1,0,1
8370584,160524,1,1,0
3692000,160525,1,0,1
6064824,160526,1,0,1
611232,160527,1,1,0
5994008,160528,1,0,1
588176,160529,1,0,1
1967736,160530,1,0,1
3789768,160531,1,1,0
5894336,160532,1,0,1
1890936,160533,1,1,0
282496,160534,1,0,1
2006552,160535,1,1,0
466160,160536,1,1,0
5677960,160537,1,0,1
2837584,160538,1,0,1
3563176,160539,1,0,1
4493240,160540,1,0,1
5069384,160541,1,0,1
1361096,160542,1,0,1
1624064,160543,1,0,1
6869304,160544,1,0,1
6805296,160545,1,1,0
856264,160546,1,1,0
387768,160547,1,1,0
1537736,160548,1,1,0
1094176,160549,1,0,1
5618304,160550,1,1,0
2741848,160551,1,1,0
935952,160552,1,0,1
93216,160553,1,0,1
1270080,160554,1,0,1
6772400,160555,1,1,0
1910864,160556,1,0,1
1397616,160557,1,0,1
1251144,160558,1,1,0
928464,160559,1,0,1
2743800,160560,1,0,1
1310992,160561,1,1,0
1658144,160562,1,1,0
7015848,160563,1,1,0
1900360,160564,1,1,0
5974512,160565,1,0,1
5045872,160566,1,0,1
265408,160567,1,0,1
4803568,160568,1,0,1
4237400,160569,1,1,0
1954008,160570,1,0,1
1772024,160571,1,0,1
254904,160572,1,0,1
6008520,160573,1,0,1
2965336,160574,1,0,1
830784,160575,1,0,1
2657512,160576,1,0,1
4011960,160577,1,1,0
4506624,160578,1,0,1
1396360,160579,1,0,1
7341680,160580,1,0,1
3352064,160581,1,1,0
2651880,160582,1,1,0
7401288,160583,1,0,1
286144,160584,1,0,1
1670312,160585,1,0,1
7972184,160586,1,0,1
2780728,160587,1,0,1
6760264,160588,1,1,0
2320488,160589,1,0,1
1392112,160590,1,1,0
1782920,160591,1,1,0
735336,160592,1,1,0
1266960,160593,1,1,0
1811112,160594,1,0,1
856208,160595,1,0,1
498096,160596,1,1,0
4701072,160597,1,0,1
1076552,160598,1,0,1
1436832,160599,1,1,0
4896144,160600,1,1,0
5506536,160601,1,1,0
6653528,160602,1,1,0
3740792,160603,1,0,1
4774528,160604,1,1,0
2760328,160605,1,1,0
1181984,160606,1,1,0
3277968,160607,1,1,0
2191904,160608,1,0,1
6062160,160609,1,1,0
6509944,160610,1,0,1
1573856,160611,1,0,1
8357000,160612,1,0,1
1324984,160613,1,1,0
816080,160614,1,1,0
3729072,160615,1,1,0
425248,160616,1,1,0
2043056,160617,1,0,1
4329768,160618,1,0,1
396496,160619,1,1,0
4377208,160620,1,1,0
5318424,160621,1,0,1
4689656,160622,1,0,1
5272640,160623,1,0,1
187752,160624,1,0,1
551592,160625,1,1,0
6399888,160626,1,1,0
122520,160627,1,0,1
694568,160628,1,0,1
2159344,160629,1,0,1
3202376,160630,1,1,0
7674544,160631,1,1,0
2490456,160632,1,0,1
759304,160633,1,0,1
1792856,160634,1,0,1
441088,160635,1,0,1
3791360,160636,1,0,1
976568,160637,1,1,0
140712,160638,1,0,1
4015640,160639,1,1,0
278288,160640,1,0,1
422584,160641,1,0,1
1050592,160642,1,0,1
871312,160643,1,0,1
2666016,160644,1,0,1
3560224,160645,1,1,0
1334560,160646,1,1,0
2197312,160647,1,0,1
165992,160648,1,1,0
600920,160649,1,0,1
1178376,160650,1,1,0
8109304,160651,1,1,0
2005928,160652,1,1,0
2511160,160653,1,1,0
270160,160654,1,0,1
2195280,160655,1,1,0
7896688,160656,1,1,0
1387872,160657,1,0,1
2475016,160658,1,1,0
139080,160659,1,1,0
1045944,160660,1,1,0
2350304,160661,1,1,0
8141392,160662,1,0,1
7915072,160663,1,0,1
605104,160664,1,1,0
4349072,160665,1,1,0
742184,160666,1,0,1
416104,160667,1,0,1
1067376,160668,1,1,0
5357520,160669,1,1,0
2777800,160670,1,1,0
5282856,160671,1,1,0
3733440,160672,1,0,1
2693872,160673,1,1,0
1325104,160674,1,1,0
5866600,160675,1,0,1
1516248,160676,1,0,1
600712,160677,1,0,1
3197696,160678,1,0,1
1311944,160679,1,1,0
125312,160680,1,1,0
2722616,160681,1,1,0
811160,160682,1,0,1
399264,160683,1,1,0
7278664,160684,1,1,0
3163240,160685,1,1,0
8032520,160686,1,1,0
3356088,160687,1,1,0
393504,160688,1,0,1
7050304,160689,1,0,1
6428184,160690,1,0,1
199064,160691,1,0,1
7567864,160692,1,1,0
686832,160693,1,1,0
1006416,160694,1,0,1
3889904,160695,1,0,1
7614744,160696,1,1,0
396432,160697,1,0,1
1688648,160698,1,1,0
1724864,160699,1,0,1
480936,160700,1,0,1
7826320,160701,1,1,0
1088320,160702,1,1,0
3715120,160703,1,1,0
2292960,160704,1,1,0
2165256,160705,1,1,0
8092760,160706,1,0,1
3565128,160707,1,1,0
1227096,160708,1,0,1
6161904,160709,1,1,0
4665992,160710,1,1,0
2895800,160711,1,0,1
1209912,160712,1,1,0
7812496,160713,1,1,0
486792,160714,1,1,0
5814384,160715,1,1,0
1339384,160716,1,1,0
6572880,160717,1,0,1
1586456,160718,1,1,0
396512,160719,1,0,1
7758640,160720,1,1,0
1480464,160721,1,1,0
547840,160722,1,0,1
1138952,160723,1,0,1
577160,160724,1,1,0
226840,160725,1,1,0
3020344,160726,1,0,1
4084008,160727,1,1,0
144168,160728,1,1,0
4592848,160729,1,1,0
4988552,160730,1,1,0
2576112,160731,1,1,0
111904,160732,1,0,1
652208,160733,1,1,0
2442880,160734,1,1,0
2008384,160735,1,0,1
1515672,160736,1,1,0
3448112,160737,1,1,0
2126688,160738,1,0,1
5813816,160739,1,1,0
253560,160740,1,1,0
172608,160741,1,0,1
224456,160742,1,1,0
2440840,160743,1,1,0
206456,160744,1,1,0
714080,160745,1,1,0
856912,160746,1,1,0
1283472,160747,1,0,1
4046864,160748,1,1,0
3293448,160749,1,1,0
7905784,160750,1,1,0
6832928,160751,1,0,1
167080,160752,1,1,0
3072432,160753,1,0,1
6456888,160754,1,0,1
7981568,160755,1,0,1
647576,160756,1,0,1
7274224,160757,1,1,0
7380024,160758,1,0,1
98024,160759,1,0,1
783168,160760,1,0,1
6217104,160761,1,1,0
7533840,160762,1,1,0
773808,160763,1,1,0
3322128,160764,1,1,0
292336,160765,1,0,1
452136,160766,1,0,1
2090680,160767,1,1,0
7757224,160768,1,1,0
347280,160769,1,1,0
2463272,160770,1,0,1
784344,160771,1,1,0
1706472,160772,1,1,0
2810232,160773,1,1,0
1678224,160774,1,0,1
5043992,160775,1,1,0
2751880,160776,1,1,0
3171880,160777,1,0,1
5215688,160778,1,1,0
1052512,160779,1,1,0
3908936,160780,1,1,0
963672,160781,1,0,1
6234040,160782,1,1,0
496632,160783,1,0,1
2666352,160784,1,1,0
1141384,160785,1,0,1
2738096,160786,1,0,1
235176,160787,1,1,0
1114464,160788,1,1,0
6552920,160789,1,1,0
5033008,160790,1,0,1
648832,160791,1,0,1
1567912,160792,1,1,0
8259688,160793,1,0,1
2017816,160794,1,1,0
464312,160795,1,1,0
326912,160796,1,0,1
728960,160797,1,0,1
4140992,160798,1,0,1
1543328,160799,1,1,0
451776,160800,1,1,0
905192,160801,1,0,1
2294376,160802,1,0,1
1030768,160803,1,0,1
7024664,160804,1,1,0
2637256,160805,1,0,1
4600208,160806,1,1,0
1833624,160807,1,1,0
1399560,160808,1,1,0
2119080,160809,1,0,1
376696,160810,1,0,1
2790360,160811,1,0,1
4395288,160812,1,1,0
2778640,160813,1,1,0
5945872,160814,1,0,1
1081168,160815,1,0,1
6020672,160816,1,1,0
570544,160817,1,1,0
1806712,160818,1,0,1
847864,160819,1,1,0
8260784,160820,1,0,1
798656,160821,1,0,1
3969728,160822,1,0,1
1124424,160823,1,1,0
4250208,160824,1,0,1
2707712,160825,1,0,1
4364640,160826,1,1,0
4187432,160827,1,1,0
3592200,160828,1,1,0
797472,160829,1,1,0
1971416,160830,1,0,1
1716592,160831,1,0,1
4259880,160832,1,0,1
570680,160833,1,0,1
661744,160834,1,1,0
4046968,160835,1,1,0
3769144,160836,1,0,1
584176,160837,1,1,0
730208,160838,1,1,0
244976,160839,1,0,1
1913344,160840,1,0,1
4786744,160841,1,0,1
170600,160842,1,1,0
4196984,160843,1,1,0
6655928,160844,1,0,1
4632592,160845,1,1,0
750952,160846,1,0,1
3947416,160847,1,0,1
7306936,160848,1,0,1
1203936,160849,1,0,1
3715000,160850,1,1,0
6134088,160851,1,1,0
1119416,160852,1,1,0
6603224,160853,1,0,1
707128,160854,1,1,0
2087328,160855,1,0,1
1623016,160856,1,0,1
1936104,160857,1,0,1
768736,160858,1,0,1
6179656,160859,1,0,1
6621024,160860,1,1,0
2050928,160861,1,0,1
8305336,160862,1,0,1
1168056,160863,1,0,1
2278840,160864,1,0,1
1936352,160865,1,1,0
5378832,160866,1,0,1
2432568,160867,1,1,0
3729232,160868,1,1,0
1181696,160869,1,0,1
4232704,160870,1,0,1
2090440,160871,1,0,1
5171256,160872,1,0,1
738552,160873,1,0,1
4311304,160874,1,0,1
2637048,160875,1,0,1
1242744,160876,1,1,0
1232416,160877,1,0,1
5302248,160878,1,1,0
3043520,160879,1,0,1
1164720,160880,1,1,0
1995064,160881,1,0,1
910720,160882,1,1,0
938664,160883,1,0,1
990304,160884,1,0,1
2916048,160885,1,0,1
5935544,160886,1,1,0
347616,160887,1,0,1
2852080,160888,1,0,1
3325904,160889,1,0,1
7038464,160890,1,0,1
3688696,160891,1,0,1
1870624,160892,1,0,1
189432,160893,1,0,1
7660648,160894,1,1,0
630144,160895,1,0,1
7285696,160896,1,0,1
6702968,160897,1,1,0
6515464,160898,1,0,1
3527072,160899,1,0,1
2145088,160900,1,1,0
6837528,160901,1,1,0
715000,160902,1,1,0
1800200,160903,1,1,0
1673888,160904,1,0,1
172296,160905,1,1,0
470224,160906,1,1,0
6608552,160907,1,0,1
7104664,160908,1,0,1
1198752,160909,1,1,0
1160488,160910,1,1,0
747160,160911,1,1,0
4646376,160912,1,0,1
919656,160913,1,1,0
2845544,160914,1,0,1
6967184,160915,1,0,1
1239376,160916,1,0,1
3061328,160917,1,1,0
1205352,160918,1,0,1
4462416,160919,1,1,0
4611232,160920,1,1,0
3220864,160921,1,1,0
1843072,160922,1,1,0
3306608,160923,1,1,0
4257808,160924,1,1,0
1796440,160925,1,0,1
4265560,160926,1,1,0
7202784,160927,1,1,0
8023288,160928,1,0,1
2759448,160929,1,0,1
7397840,160930,1,1,0
6550776,160931,1,0,1
5924480,160932,1,1,0
3204184,160933,1,1,0
467224,160934,1,0,1
1836872,160935,1,1,0
3781544,160936,1,1,0
75392,160937,1,1,0
792696,160938,1,0,1
837192,160939,1,1,0
1676632,160940,1,0,1
587376,160941,1,0,1
1263936,160942,1,1,0
3214128,160943,1,1,0
1717832,160944,1,0,1
820056,160945,1,1,0
4425584,160946,1,1,0
3900616,160947,1,1,0
2400968,160948,1,0,1
1431208,160949,1,0,1
1359088,160950,1,0,1
2839632,160951,1,1,0
4419888,160952,1,0,1
3806168,160953,1,0,1
311520,160954,1,0,1
5089240,160955,1,1,0
4787456,160956,1,0,1
655168,160957,1,0,1
1250432,160958,1,0,1
621216,160959,1,0,1
349088,160960,1,0,1
721408,160961,1,1,0
1705832,160962,1,1,0
822256,160963,1,1,0
376896,160964,1,1,0
6045856,160965,1,0,1
6703800,160966,1,0,1
7921984,160967,1,1,0
1604696,160968,1,0,1
472392,160969,1,0,1
573184,160970,1,0,1
440680,160971,1,0,1
597096,160972,1,1,0
3004952,160973,1,0,1
269032,160974,1,0,1
4643240,160975,1,0,1
704864,160976,1,0,1
2248760,160977,1,0,1
1305048,160978,1,0,1
4058544,160979,1,1,0
4314136,160980,1,0,1
1613536,160981,1,1,0
641080,160982,1,1,0
2329576,160983,1,0,1
4841416,160984,1,1,0
451888,160985,1,0,1
245680,160986,1,1,0
232240,160987,1,1,0
174312,160988,1,1,0
2163312,160989,1,1,0
6005464,160990,1,0,1
1283600,160991,1,0,1
4932880,160992,1,1,0
434008,160993,1,0,1
1064928,160994,1,1,0
4300720,160995,1,1,0
161880,160996,1,1,0
6023584,160997,1,0,1
4772064,160998,1,1,0
290232,160999,1,0,1
2166328,161000,1,1,0
7481752,161001,1,0,1
717536,161002,1,1,0
474752,161003,1,1,0
880272,161004,1,1,0
8125176,161005,1,1,0
395096,161006,1,1,0
7530640,161007,1,1,0
6386120,161008,1,1,0
6599960,161009,1,1,0
5514472,161010,1,1,0
2668008,161011,1,1,0
5584928,161012,1,1,0
2156584,161013,1,0,1
1477952,161014,1,1,0
4517608,161015,1,0,1
7358160,161016,1,1,0
405696,161017,1,0,1
477384,161018,1,0,1
7206424,161019,1,0,1
5613128,161020,1,0,1
213808,161021,1,1,0
1153264,161022,1,0,1
2085824,161023,1,1,0
1449736,161024,1,0,1
6746000,161025,1,0,1
2092152,161026,1,1,0
517800,161027,1,1,0
7807720,161028,1,0,1
1267760,161029,1,1,0
5119248,161030,1,0,1
3906632,161031,1,1,0
1419064,161032,1,0,1
903664,161033,1,1,0
1205192,161034,1,1,0
1082456,161035,1,1,0
470504,161036,1,0,1
1976304,161037,1,1,0
4313720,161038,1,0,1
1638128,161039,1,0,1
1393008,161040,1,0,1
7966528,161041,1,1,0
3548160,161042,1,0,1
1874640,161043,1,1,0
2211008,161044,1,0,1
8292672,161045,1,1,0
1387616,161046,1,1,0
425344,161047,1,1,0
6547840,161048,1,0,1
1637096,161049,1,0,1
2445952,161050,1,1,0
7294168,161051,1,0,1
3138096,161052,1,0,1
2540648,161053,1,1,0
427688,161054,1,1,0
1505176,161055,1,1,0
891672,161056,1,1,0
3753968,161057,1,0,1
724840,161058,1,1,0
2515440,161059,1,0,1
2498920,161060,1,1,0
302288,161061,1,1,0
1428304,161062,1,0,1
349144,161063,1,1,0
3815912,161064,1,1,0
1017304,161065,1,0,1
1446192,161066,1,0,1
260072,161067,1,0,1
3565600,161068,1,1,0
1977296,161069,1,1,0
1223848,161070,1,1,0
7752888,161071,1,1,0
1201168,161072,1,0,1
2133136,161073,1,0,1
2923832,161074,1,0,1
744016,161075,1,0,1
7968112,161076,1,0,1
3721272,161077,1,0,1
7264016,161078,1,1,0
1607080,161079,1,1,0
523648,161080,1,0,1
1022496,161081,1,1,0
4981448,161082,1,0,1
1748064,161083,1,0,1
2540784,161084,1,1,0
507280,161085,1,0,1
5304784,161086,1,1,0
279216,161087,1,0,1
798928,161088,1,1,0
1242096,161089,1,1,0
1713136,161090,1,1,0
5324480,161091,1,1,0
805032,161092,1,1,0
3153640,161093,1,0,1
723472,161094,1,0,1
6059088,161095,1,1,0
310040,161096,1,1,0
471416,161097,1,0,1
7000240,161098,1,1,0
8331128,161099,1,0,1
2153008,161100,1,1,0
532512,161101,1,0,1
6579024,161102,1,1,0
7068136,161103,1,0,1
4797088,161104,1,1,0
968296,161105,1,0,1
1797896,161106,1,0,1
907664,161107,1,1,0
2264616,161108,1,0,1
3279176,161109,1,1,0
5719216,161110,1,0,1
2832472,161111,1,1,0
746952,161112,1,0,1
1250344,161113,1,0,1
476952,161114,1,1,0
771760,161115,1,0,1
2994640,161116,1,1,0
6905712,161117,1,1,0
570224,161118,1,0,1
5062720,161119,1,0,1
260080,161120,1,1,0
1338560,161121,1,1,0
7198120,161122,1,0,1
8013280,161123,1,0,1
1860520,161124,1,0,1
7901672,161125,1,1,0
4352608,161126,1,1,0
1025448,161127,1,0,1
795200,161128,1,0,1
1498336,161129,1,0,1
3761296,161130,1,0,1
6392248,161131,1,1,0
1151424,161132,1,0,1
5258448,161133,1,0,1
1509032,161134,1,0,1
2312208,161135,1,0,1
1158704,161136,1,0,1
7687456,161137,1,0,1
5129432,161138,1,1,0
1641488,161139,1,0,1
2717576,161140,1,0,1
1317928,161141,1,0,1
958672,161142,1,1,0
5052824,161143,1,1,0
1778624,161144,1,1,0
7378120,161145,1,0,1
3376872,161146,1,0,1
790960,161147,1,1,0
700568,161148,1,0,1
5542144,161149,1,0,1
2936512,161150,1,0,1
543200,161151,1,1,0
7112592,161152,1,1,0
1333416,161153,1,0,1
3005744,161154,1,0,1
1032832,161155,1,1,0
5393056,161156,1,0,1
1729696,161157,1,1,0
4156160,161158,1,0,1
6598672,161159,1,1,0
3487288,161160,1,0,1
2786840,161161,1,1,0
1065192,161162,1,0,1
4587928,161163,1,1,0
699024,161164,1,1,0
4883536,161165,1,0,1
5541280,161166,1,1,0
3453928,161167,1,1,0
436160,161168,1,1,0
1091608,161169,1,0,1
862648,161170,1,0,1
473248,161171,1,1,0
2631120,161172,1,0,1
6959768,161173,1,0,1
8086536,161174,1,0,1
892944,161175,1,0,1
5824128,161176,1,0,1
7494648,161177,1,0,1
1010808,161178,1,0,1
4286352,161179,1,1,0
7204016,161180,1,0,1
4718680,161181,1,0,1
5895928,161182,1,1,0
6078344,161183,1,0,1
2473352,161184,1,1,0
2970120,161185,1,0,1
5030712,161186,1,0,1
6603112,161187,1,1,0
376136,161188,1,1,0
2140424,161189,1,1,0
5706440,161190,1,1,0
1356712,161191,1,1,0
352136,161192,1,1,0
7770632,161193,1,1,0
1192216,161194,1,0,1
1011488,161195,1,0,1
8111848,161196,1,1,0
7960176,161197,1,1,0
1496152,161198,1,0,1
5985464,161199,1,1,0
7035200,161200,1,0,1
1314064,161201,1,0,1
1202568,161202,1,1,0
4008648,161203,1,1,0
8347800,161204,1,1,0
6348416,161205,1,0,1
3782864,161206,1,0,1
1179472,161207,1,1,0
2581232,161208,1,1,0
1853024,161209,1,0,1
748576,161210,1,1,0
633952,161211,1,0,1
2162024,161212,1,1,0
6751112,161213,1,1,0
6594808,161214,1,0,1
366344,161215,1,1,0
527280,161216,1,0,1
192896,161217,1,0,1
367424,161218,1,0,1
1170400,161219,1,1,0
2830264,161220,1,0,1
594688,161221,1,1,0
2104936,161222,1,0,1
5720384,161223,1,0,1
2538136,161224,1,0,1
7180832,161225,1,0,1
4432344,161226,1,1,0
3164704,161227,1,1,0
1309216,161228,1,1,0
1936992,161229,1,1,0
538120,161230,1,0,1
593616,161231,1,0,1
7558984,161232,1,1,0
3537864,161233,1,0,1
1651240,161234,1,1,0
2101968,161235,1,1,0
503912,161236,1,1,0
1902816,161237,1,0,1
4152920,161238,1,0,1
511896,161239,1,0,1
3383680,161240,1,1,0
412544,161241,1,0,1
545016,161242,1,0,1
5120280,161243,1,1,0
795144,161244,1,0,1
4164840,161245,1,1,0
7428584,161246,1,1,0
5955496,161247,1,0,1
6753704,161248,1,0,1
3842776,161249,1,0,1
1648984,161250,1,1,0
7505576,161251,1,1,0
806504,161252,1,1,0
4835312,161253,1,0,1
4107960,161254,1,0,1
2033144,161255,1,0,1
6393864,161256,1,1,0
3244824,161257,1,1,0
320016,161258,1,0,1
1965544,161259,1,1,0
1955840,161260,1,1,0
4776568,161261,1,1,0
4341760,161262,1,1,0
555696,161263,1,0,1
1255240,161264,1,0,1
783360,161265,1,0,1
5269608,161266,1,0,1
5679224,161267,1,1,0
3587168,161268,1,1,0
826872,161269,1,1,0
823808,161270,1,0,1
1441984,161271,1,0,1
5268248,161272,1,1,0
3125752,161273,1,1,0
5475512,161274,1,1,0
403208,161275,1,0,1
2588712,161276,1,0,1
7778216,161277,1,1,0
4248024,161278,1,0,1
1033400,161279,1,0,1
6867184,161280,1,1,0
2928752,161281,1,0,1
1309368,161282,1,0,1
4667384,161283,1,1,0
5350760,161284,1,0,1
1602464,161285,1,0,1
1688688,161286,1,0,1
1764680,161287,1,1,0
5348464,161288,1,1,0
6887496,161289,1,0,1
902840,161290,1,0,1
2069784,161291,1,1,0
1942920,161292,1,0,1
5803696,161293,1,1,0
4356304,161294,1,1,0
4862832,161295,1,0,1
2142968,161296,1,0,1
3676304,161297,1,1,0
2962200,161298,1,1,0
1000016,161299,1,0,1
2192024,161300,1,1,0
7639992,161301,1,1,0
590912,161302,1,0,1
1303936,161303,1,1,0
1956976,161304,1,1,0
313848,161305,1,0,1
5186144,161306,1,0,1
1646168,161307,1,0,1
1896904,161308,1,1,0
530720,161309,1,0,1
1505472,161310,1,1,0
1421424,161311,1,0,1
262488,161312,1,1,0
7427368,161313,1,1,0
1520920,161314,1,0,1
3914256,161315,1,1,0
851320,161316,1,0,1
8298408,161317,1,1,0
1036528,161318,1,1,0
1603528,161319,1,0,1
1957392,161320,1,0,1
1765944,161321,1,1,0
3627568,161322,1,1,0
689912,161323,1,0,1
969832,161324,1,1,0
558208,161325,1,0,1
2017160,161326,1,1,0
3628776,161327,1,1,0
2397536,161328,1,0,1
5371208,161329,1,0,1
1691832,161330,1,0,1
2613144,161331,1,0,1
4123616,161332,1,1,0
2394808,161333,1,1,0
5750136,161334,1,1,0
706896,161335,1,1,0
3994784,161336,1,1,0
859928,161337,1,1,0
6395080,161338,1,0,1
4408096,161339,1,1,0
2533904,161340,1,1,0
1917376,161341,1,1,0
330624,161342,1,0,1
5224744,161343,1,1,0
6142304,161344,1,1,0
1998352,161345,1,1,0
668536,161346,1,1,0
777176,161347,1,1,0
1090848,161348,1,1,0
2734328,161349,1,1,0
1677000,161350,1,1,0
2331920,161351,1,0,1
4716048,161352,1,1,0
2628288,161353,1,0,1
1107952,161354,1,0,1
7787624,161355,1,1,0
6430240,161356,1,0,1
4882720,161357,1,0,1
2919584,161358,1,0,1
6555880,161359,1,0,1
7180264,161360,1,1,0
428696,161361,1,1,0
6601032,161362,1,0,1
503328,161363,1,0,1
2387360,161364,1,0,1
2326800,161365,1,1,0
3118688,161366,1,1,0
7620568,161367,1,1,0
243880,161368,1,0,1
4191992,161369,1,1,0
2929648,161370,1,0,1
6924024,161371,1,1,0
7919448,161372,1,1,0
1484176,161373,1,1,0
4512912,161374,1,1,0
616864,161375,1,0,1
874408,161376,1,0,1
1563368,161377,1,0,1
6717016,161378,1,1,0
7081456,161379,1,1,0
942248,161380,1,1,0
2627968,161381,1,1,0
333216,161382,1,1,0
6960616,161383,1,1,0
5438384,161384,1,0,1
2968368,161385,1,1,0
3542424,161386,1,0,1
8091976,161387,1,1,0
3497320,161388,1,1,0
671736,161389,1,1,0
3152600,161390,1,0,1
1367384,161391,1,1,0
1050424,161392,1,1,0
8244288,161393,1,0,1
2185200,161394,1,0,1
4054200,161395,1,1,0
3231864,161396,1,1,0
956312,161397,1,0,1
1812984,161398,1,0,1
2445160,161399,1,1,0
1064120,161400,1,1,0
7061424,161401,1,0,1
2034592,161402,1,0,1
2847016,161403,1,0,1
1103384,161404,1,1,0
6793488,161405,1,0,1
7884880,161406,1,0,1
1130072,161407,1,0,1
1488640,161408,1,0,1
5110112,161409,1,1,0
6634808,161410,1,1,0
496304,161411,1,0,1
6470872,161412,1,0,1
2873280,161413,1,1,0
7170568,161414,1,1,0
1088888,161415,1,1,0
546872,161416,1,1,0
556424,161417,1,1,0
1598816,161418,1,0,1
1233856,161419,1,0,1
887552,161420,1,0,1
783160,161421,1,0,1
2798408,161422,1,0,1
247048,161423,1,1,0
2121472,161424,1,0,1
1201256,161425,1,0,1
508248,161426,1,0,1
262128,161427,1,0,1
2761912,161428,1,0,1
2398256,161429,1,1,0
2927168,161430,1,1,0
4542736,161431,1,1,0
1437192,161432,1,0,1
7625664,161433,1,0,1
364456,161434,1,1,0
3887240,161435,1,1,0
770656,161436,1,0,1
7174728,161437,1,0,1
540280,161438,1,1,0
7898584,161439,1,0,1
4375440,161440,1,0,1
385456,161441,1,1,0
2508904,161442,1,0,1
5335288,161443,1,1,0
1744824,161444,1,1,0
715608,161445,1,0,1
2623856,161446,1,0,1
4243464,161447,1,0,1
1885800,161448,1,1,0
4117592,161449,1,0,1
1982232,161450,1,1,0
837520,161451,1,0,1
4206264,161452,1,0,1
288448,161453,1,0,1
801576,161454,1,0,1
770976,161455,1,1,0
2519104,161456,1,1,0
4132336,161457,1,0,1
699656,161458,1,1,0
633672,161459,1,1,0
1482264,161460,1,0,1
2089336,161461,1,1,0
5728000,161462,1,0,1
6805168,161463,1,1,0
206392,161464,1,0,1
1913528,161465,1,1,0
966640,161466,1,1,0
1479392,161467,1,0,1
344872,161468,1,0,1
8225048,161469,1,0,1
2435304,161470,1,0,1
1268648,161471,1,0,1
2241000,161472,1,0,1
2411744,161473,1,0,1
4145696,161474,1,0,1
5361960,161475,1,1,0
4116504,161476,1,0,1
6738104,161477,1,1,0
4039368,161478,1,0,1
5701416,161479,1,1,0
886584,161480,1,1,0
5469624,161481,1,0,1
403168,161482,1,0,1
622408,161483,1,1,0
899048,161484,1,0,1
542704,161485,1,1,0
3103304,161486,1,0,1
7273448,161487,1,1,0
2296904,161488,1,0,1
2298656,161489,1,0,1
4392848,161490,1,1,0
1571904,161491,1,1,0
780456,161492,1,0,1
2426488,161493,1,1,0
7836584,161494,1,1,0
8004768,161495,1,1,0
3655256,161496,1,1,0
2572840,161497,1,1,0
553376,161498,1,0,1
681368,161499,1,0,1
3324568,161500,1,1,0
3563912,161501,1,0,1
4123096,161502,1,1,0
1680368,161503,1,0,1
215272,161504,1,1,0
418120,161505,1,1,0
4625432,161506,1,1,0
4947920,161507,1,0,1
4007312,161508,1,0,1
975304,161509,1,0,1
7716280,161510,1,1,0
2120416,161511,1,0,1
4080608,161512,1,1,0
3141352,161513,1,0,1
2532928,161514,1,0,1
3380488,161515,1,0,1
1796024,161516,1,0,1
8032912,161517,1,1,0
7864856,161518,1,1,0
1215952,161519,1,1,0
334072,161520,1,1,0
1482008,161521,1,1,0
5029064,161522,1,0,1
2656264,161523,1,1,0
2269600,161524,1,0,1
2449496,161525,1,0,1
2028080,161526,1,0,1
4209304,161527,1,1,0
4366288,161528,1,0,1
2635720,161529,1,1,0
935088,161530,1,0,1
4099440,161531,1,1,0
742832,161532,1,0,1
5840040,161533,1,0,1
2424544,161534,1,1,0
7968584,161535,1,1,0
2860672,161536,1,0,1
2712992,161537,1,1,0
5454248,161538,1,1,0
1199448,161539,1,1,0
4611288,161540,1,1,0
836168,161541,1,0,1
5601688,161542,1,1,0
2701624,161543,1,0,1
2198544,161544,1,0,1
8337200,161545,1,0,1
940024,161546,1,0,1
5074912,161547,1,0,1
187576,161548,1,1,0
685368,161549,1,0,1
7899680,161550,1,0,1
4625808,161551,1,0,1
85192,161552,1,1,0
7008296,161553,1,0,1
503632,161554,1,0,1
1574408,161555,1,1,0
6199760,161556,1,0,1
6968208,161557,1,1,0
3217968,161558,1,1,0
2581104,161559,1,0,1
4421984,161560,1,1,0
1847616,161561,1,1,0
1799688,161562,1,1,0
7655856,161563,1,1,0
1735728,161564,1,0,1
5740080,161565,1,1,0
5265112,161566,1,1,0
4445080,161567,1,1,0
2385952,161568,1,0,1
4108592,161569,1,1,0
682904,161570,1,0,1
4793432,161571,1,1,0
1617440,161572,1,0,1
6881064,161573,1,0,1
1461608,161574,1,1,0
1093736,161575,1,0,1
3866136,161576,1,1,0
2112912,161577,1,1,0
5610960,161578,1,1,0
6349816,161579,1,0,1
2632632,161580,1,1,0
423816,161581,1,1,0
473896,161582,1,0,1
1652808,161583,1,1,0
1573496,161584,1,1,0
7316680,161585,1,1,0
1496680,161586,1,1,0
2474448,161587,1,1,0
1955584,161588,1,0,1
8316792,161589,1,1,0
2891944,161590,1,1,0
2039872,161591,1,0,1
1998640,161592,1,0,1
1272896,161593,1,0,1
6662160,161594,1,1,0
3143024,161595,1,1,0
621472,161596,1,1,0
5824944,161597,1,1,0
2917632,161598,1,0,1
4317824,161599,1,0,1
912264,161600,1,1,0
656312,161601,1,1,0
8189760,161602,1,1,0
2671560,161603,1,0,1
1036496,161604,1,1,0
1822352,161605,1,0,1
946352,161606,1,0,1
994008,161607,1,1,0
2962904,161608,1,0,1
549184,161609,1,1,0
5172240,161610,1,1,0
4125208,161611,1,1,0
1414056,161612,1,0,1
473888,161613,1,0,1
2094088,161614,1,0,1
759200,161615,1,1,0
57192,161616,1,1,0
5393968,161617,1,1,0
4127264,161618,1,0,1
1457168,161619,1,0,1
2907304,161620,1,1,0
808944,161621,1,0,1
1357984,161622,1,0,1
5305992,161623,1,0,1
5281040,161624,1,0,1
3383800,161625,1,0,1
892520,161626,1,1,0
7041480,161627,1,0,1
633736,161628,1,1,0
176672,161629,1,0,1
770952,161630,1,0,1
818712,161631,1,0,1
3562104,161632,1,0,1
2331024,161633,1,1,0
8354400,161634,1,0,1
1618520,161635,1,0,1
2316440,161636,1,1,0
2357856,161637,1,0,1
1163760,161638,1,1,0
6605184,161639,1,0,1
4085232,161640,1,1,0
1563152,161641,1,0,1
2895272,161642,1,0,1
1246600,161643,1,1,0
7334344,161644,1,0,1
3823392,161645,1,1,0
2914992,161646,1,1,0
5273232,161647,1,0,1
466400,161648,1,1,0
2743120,161649,1,0,1
5040800,161650,1,0,1
4239696,161651,1,1,0
4845664,161652,1,0,1
2549344,161653,1,0,1
1678208,161654,1,1,0
3343008,161655,1,0,1
6640248,161656,1,0,1
2818664,161657,1,1,0
5676128,161658,1,1,0
182936,161659,1,0,1
5466984,161660,1,0,1
4460048,161661,1,1,0
537464,161662,1,0,1
6439280,161663,1,0,1
1530824,161664,1,0,1
6739632,161665,1,1,0
2336400,161666,1,0,1
692584,161667,1,1,0
1224504,161668,1,0,1
1112648,161669,1,1,0
1037568,161670,1,0,1
6202888,161671,1,0,1
1871912,161672,1,0,1
444360,161673,1,1,0
525344,161674,1,1,0
763576,161675,1,1,0
1710232,161676,1,0,1
994560,161677,1,0,1
1702040,161678,1,0,1
1650736,161679,1,0,1
6740392,161680,1,0,1
1063048,161681,1,0,1
241368,161682,1,0,1
1514240,161683,1,1,0
6968768,161684,1,1,0
4386968,161685,1,1,0
7443456,161686,1,0,1
3808968,161687,1,0,1
7708016,161688,1,1,0
4677240,161689,1,0,1
6836760,161690,1,0,1
6025992,161691,1,1,0
5392560,161692,1,1,0
5687536,161693,1,0,1
8303688,161694,1,1,0
595280,161695,1,1,0
324344,161696,1,1,0
2460824,161697,1,0,1
729256,161698,1,0,1
700592,161699,1,0,1
2671824,161700,1,1,0
5848688,161701,1,1,0
2363488,161702,1,1,0
403584,161703,1,0,1
1948200,161704,1,0,1
1354840,161705,1,0,1
7580352,161706,1,0,1
462176,161707,1,0,1
1569648,161708,1,0,1
1000920,161709,1,0,1
7501808,161710,1,0,1
648520,161711,1,0,1
689624,161712,1,1,0
4008384,161713,1,0,1
5657608,161714,1,0,1
6886448,161715,1,1,0
7936280,161716,1,1,0
3694304,161717,1,0,1
4477632,161718,1,0,1
1531920,161719,1,0,1
5537304,161720,1,1,0
1147112,161721,1,0,1
3225824,161722,1,0,1
1395992,161723,1,1,0
598656,161724,1,0,1
7985144,161725,1,0,1
7018832,161726,1,1,0
5788728,161727,1,1,0
1162296,161728,1,0,1
1211128,161729,1,1,0
1635560,161730,1,0,1
1050616,161731,1,0,1
4150792,161732,1,1,0
3888376,161733,1,1,0
4968704,161734,1,0,1
2981208,161735,1,1,0
4119376,161736,1,1,0
6985928,161737,1,0,1
6083656,161738,1,1,0
5721576,161739,1,1,0
3433664,161740,1,1,0
340248,161741,1,1,0
5306376,161742,1,1,0
5280472,161743,1,1,0
2843600,161744,1,0,1
1156568,161745,1,0,1
3448912,161746,1,1,0
2156056,161747,1,1,0
7775424,161748,1,0,1
1132960,161749,1,0,1
449320,161750,1,1,0
3152264,161751,1,1,0
813136,161752,1,1,0
114784,161753,1,1,0
4550992,161754,1,0,1
3276088,161755,1,1,0
671896,161756,1,1,0
3509048,161757,1,1,0
255464,161758,1,1,0
8377216,161759,1,0,1
6945352,161760,1,0,1
798304,161761,1,0,1
3142400,161762,1,1,0
5554032,161763,1,1,0
248296,161764,1,1,0
3698456,161765,1,1,0
570280,161766,1,0,1
1741352,161767,1,1,0
1750400,161768,1,0,1
2414696,161769,1,0,1
431816,161770,1,0,1
334384,161771,1,1,0
5355976,161772,1,1,0
2977224,161773,1,0,1
2854016,161774,1,1,0
1863856,161775,1,0,1
4587128,161776,1,1,0
504880,161777,1,1,0
2739872,161778,1,1,0
969912,161779,1,0,1
6160128,161780,1,0,1
4267456,161781,1,0,1
1720352,161782,1,0,1
2850440,161783,1,1,0
3055376,161784,1,1,0
862320,161785,1,0,1
5671592,161786,1,0,1
1264136,161787,1,0,1
8244352,161788,1,1,0
991984,161789,1,1,0
109072,161790,1,0,1
2051672,161791,1,1,0
4784480,161792,1,0,1
600568,161793,1,0,1
933152,161794,1,0,1
4074512,161795,1,0,1
4806848,161796,1,1,0
2845840,161797,1,1,0
1757888,161798,1,0,1
707440,161799,1,1,0
1293608,161800,1,1,0
8041280,161801,1,0,1
1113992,161802,1,0,1
292072,161803,1,1,0
1036232,161804,1,1,0
1641648,161805,1,1,0
444216,161806,1,0,1
1897864,161807,1,1,0
4453456,161808,1,0,1
1793104,161809,1,0,1
3142968,161810,1,1,0
866960,161811,1,1,0
501856,161812,1,0,1
4181720,161813,1,1,0
5082864,161814,1,1,0
7524440,161815,1,0,1
1991144,161816,1,0,1
6386576,161817,1,0,1
1623712,161818,1,1,0
1432584,161819,1,1,0
8236000,161820,1,0,1
426816,161821,1,1,0
375792,161822,1,1,0
2114720,161823,1,0,1
921808,161824,1,1,0
7211000,161825,1,1,0
1396256,161826,1,0,1
1827008,161827,1,1,0
2025944,161828,1,0,1
1019120,161829,1,1,0
3579000,161830,1,1,0
3131704,161831,1,1,0
695696,161832,1,1,0
5025440,161833,1,0,1
1745808,161834,1,1,0
1766432,161835,1,1,0
2152664,161836,1,1,0
1308776,161837,1,0,1
3705040,161838,1,1,0
4221520,161839,1,0,1
8275976,161840,1,1,0
6939928,161841,1,1,0
2155968,161842,1,1,0
157304,161843,1,1,0
4253288,161844,1,0,1
108912,161845,1,1,0
6546760,161846,1,1,0
3788168,161847,1,1,0
6453712,161848,1,0,1
6632328,161849,1,1,0
3248216,161850,1,0,1
2434544,161851,1,1,0
1872984,161852,1,1,0
4828456,161853,1,0,1
4254584,161854,1,1,0
1378680,161855,1,1,0
1061008,161856,1,0,1
221704,161857,1,0,1
306872,161858,1,1,0
7566992,161859,1,0,1
811568,161860,1,1,0
5852112,161861,1,0,1
2256568,161862,1,0,1
4908920,161863,1,1,0
644192,161864,1,1,0
713288,161865,1,1,0
4550752,161866,1,0,1
3181792,161867,1,1,0
3543488,161868,1,1,0
386360,161869,1,1,0
690032,161870,1,0,1
1451240,161871,1,0,1
1915104,161872,1,0,1
183944,161873,1,1,0
5204192,161874,1,0,1
1429608,161875,1,1,0
3415976,161876,1,0,1
902272,161877,1,0,1
3514752,161878,1,0,1
1292688,161879,1,1,0
1114560,161880,1,0,1
8192736,161881,1,0,1
1574240,161882,1,0,1
1278296,161883,1,0,1
868288,161884,1,1,0
6979752,161885,1,0,1
6142424,161886,1,1,0
1979288,161887,1,1,0
4045312,161888,1,1,0
3230376,161889,1,0,1
4958864,161890,1,0,1
2227784,161891,1,1,0
6779104,161892,1,0,1
3783080,161893,1,1,0
5576752,161894,1,1,0
1798936,161895,1,0,1
1375896,161896,1,0,1
2457776,161897,1,0,1
7212512,161898,1,1,0
3277872,161899,1,0,1
1497344,161900,1,1,0
182184,161901,1,0,1
301296,161902,1,0,1
1213448,161903,1,1,0
4193760,161904,1,1,0
1200272,161905,1,0,1
1012176,161906,1,0,1
7880168,161907,1,1,0
2580392,161908,1,1,0
5648336,161909,1,0,1
6132704,161910,1,0,1
7180040,161911,1,0,1
5287824,161912,1,1,0
2870592,161913,1,1,0
1598536,161914,1,1,0
1208232,161915,1,1,0
5042640,161916,1,0,1
2905608,161917,1,1,0
3065840,161918,1,1,0
822032,161919,1,1,0
866584,161920,1,1,0
721848,161921,1,0,1
891520,161922,1,1,0
1856072,161923,1,1,0
2233392,161924,1,0,1
6045408,161925,1,0,1
1295616,161926,1,1,0
1546000,161927,1,0,1
1910648,161928,1,0,1
6873016,161929,1,0,1
3986528,161930,1,0,1
7417064,161931,1,0,1
1147584,161932,1,1,0
3501512,161933,1,0,1
7426144,161934,1,0,1
3386280,161935,1,0,1
1558960,161936,1,1,0
364736,161937,1,0,1
3257232,161938,1,1,0
4151512,161939,1,0,1
2569048,161940,1,0,1
1312632,161941,1,1,0
1124344,161942,1,1,0
581120,161943,1,1,0
1471320,161944,1,1,0
5579112,161945,1,1,0
4492664,161946,1,0,1
2368200,161947,1,1,0
772088,161948,1,0,1
5705552,161949,1,0,1
1543080,161950,1,0,1
511184,161951,1,1,0
2917872,161952,1,1,0
1649512,161953,1,0,1
3062336,161954,1,1,0
5134072,161955,1,1,0
4627240,161956,1,1,0
4768456,161957,1,1,0
547808,161958,1,0,1
1188144,161959,1,1,0
657032,161960,1,0,1
877224,161961,1,0,1
7834320,161962,1,0,1
2883856,161963,1,1,0
1777736,161964,1,1,0
1563480,161965,1,1,0
3636072,161966,1,0,1
875960,161967,1,0,1
342496,161968,1,1,0
1259760,161969,1,0,1
653264,161970,1,0,1
5289936,161971,1,1,0
2401832,161972,1,0,1
3132568,161973,1,1,0
5663488,161974,1,1,0
7777720,161975,1,0,1
212872,161976,1,1,0
1423520,161977,1,1,0
984480,161978,1,1,0
521176,161979,1,1,0
1446624,161980,1,0,1
948968,161981,1,1,0
7588352,161982,1,0,1
6662800,161983,1,1,0
660104,161984,1,0,1
1508112,161985,1,1,0
483888,161986,1,0,1
1505712,161987,1,1,0
692784,161988,1,0,1
3292928,161989,1,1,0
5313328,161990,1,1,0
691880,161991,1,0,1
1144736,161992,1,0,1
3206840,161993,1,1,0
3972464,161994,1,1,0
5342664,161995,1,0,1
3808208,161996,1,0,1
7586464,161997,1,1,0
6495088,161998,1,1,0
4632768,161999,1,1,0
1378248,162000,1,0,1
772736,162001,1,0,1
5012744,162002,1,1,0
6466224,162003,1,0,1
943160,162004,1,1,0
6869112,162005,1,0,1
3668800,162006,1,0,1
4312592,162007,1,1,0
807808,162008,1,1,0
3904008,162009,1,0,1
4482048,162010,1,0,1
4759728,162011,1,1,0
1894704,162012,1,0,1
3371760,162013,1,0,1
705824,162014,1,1,0
5801024,162015,1,1,0
745232,162016,1,1,0
1430744,162017,1,0,1
1510168,162018,1,1,0
6236728,162019,1,1,0
528288,162020,1,1,0
3959976,162021,1,1,0
8177408,162022,1,1,0
1458352,162023,1,1,0
2550352,162024,1,1,0
1984080,162025,1,0,1
2434112,162026,1,1,0
6502944,162027,1,0,1
1187160,162028,1,1,0
573048,162029,1,0,1
3980216,162030,1,1,0
4031464,162031,1,0,1
2687248,162032,1,0,1
230680,162033,1,0,1
5437544,162034,1,0,1
137144,162035,1,0,1
5418664,162036,1,1,0
3520928,162037,1,0,1
4542792,162038,1,0,1
2704968,162039,1,1,0
1317568,162040,1,1,0
2019168,162041,1,1,0
1042984,162042,1,1,0
4269712,162043,1,1,0
6934176,162044,1,1,0
1649360,162045,1,0,1
3694088,162046,1,0,1
2884248,162047,1,0,1
7833328,162048,1,0,1
5444312,162049,1,0,1
146960,162050,1,0,1
1358832,162051,1,0,1
2558576,162052,1,0,1
4909528,162053,1,0,1
363984,162054,1,0,1
6778112,162055,1,1,0
4666856,162056,1,0,1
1564184,162057,1,0,1
1235728,162058,1,1,0
5100808,162059,1,0,1
728728,162060,1,0,1
3412208,162061,1,1,0
1533192,162062,1,0,1
3110712,162063,1,1,0
117456,162064,1,0,1
2546352,162065,1,1,0
2660552,162066,1,1,0
7245584,162067,1,1,0
3504472,162068,1,0,1
3016176,162069,1,0,1
1846808,162070,1,0,1
203832,162071,1,1,0
8299464,162072,1,1,0
7130664,162073,1,0,1
998736,162074,1,0,1
7039520,162075,1,0,1
8310560,162076,1,1,0
1404448,162077,1,1,0
523792,162078,1,1,0
175848,162079,1,0,1
5417600,162080,1,0,1
5302272,162081,1,0,1
238760,162082,1,0,1
8056080,162083,1,0,1
7768000,162084,1,0,1
532984,162085,1,1,0
719992,162086,1,1,0
746128,162087,1,0,1
2465384,162088,1,1,0
6177112,162089,1,1,0
4164728,162090,1,1,0
122064,162091,1,1,0
823768,162092,1,0,1
617784,162093,1,1,0
236592,162094,1,1,0
2324992,162095,1,0,1
215384,162096,1,0,1
1075904,162097,1,0,1
4414432,162098,1,0,1
6411944,162099,1,1,0
3504576,162100,1,1,0
7419512,162101,1,1,0
1924456,162102,1,0,1
816696,162103,1,0,1
422856,162104,1,0,1
6095168,162105,1,1,0
354936,162106,1,1,0
4435256,162107,1,1,0
4929232,162108,1,0,1
566360,162109,1,0,1
249328,162110,1,0,1
6887200,162111,1,0,1
6871184,162112,1,1,0
2238448,162113,1,1,0
307592,162114,1,1,0
3020096,162115,1,1,0
2112328,162116,1,0,1
3180504,162117,1,1,0
1911072,162118,1,1,0
3593040,162119,1,0,1
281712,162120,1,1,0
824336,162121,1,0,1
2248672,162122,1,1,0
635216,162123,1,0,1
7043064,162124,1,1,0
189408,162125,1,1,0
2686496,162126,1,0,1
4763320,162127,1,1,0
443504,162128,1,1,0
6360480,162129,1,1,0
1553392,162130,1,0,1
337744,162131,1,1,0
2563664,162132,1,1,0
2909712,162133,1,1,0
646200,162134,1,0,1
967912,162135,1,0,1
773112,162136,1,1,0
4600752,162137,1,0,1
1428264,162138,1,1,0
5462912,162139,1,1,0
2132632,162140,1,0,1
8042760,162141,1,0,1
2773120,162142,1,1,0
7755416,162143,1,1,0
1424912,162144,1,0,1
977808,162145,1,0,1
3309136,162146,1,0,1
1227048,162147,1,1,0
6147200,162148,1,0,1
2443944,162149,1,0,1
1279272,162150,1,1,0
3712376,162151,1,1,0
462936,162152,1,1,0
5033296,162153,1,1,0
1686544,162154,1,1,0
3349624,162155,1,0,1
1409584,162156,1,0,1
529232,162157,1,1,0
2735400,162158,1,1,0
5234136,162159,1,1,0
7397288,162160,1,1,0
3137448,162161,1,0,1
585232,162162,1,0,1
2838728,162163,1,1,0
2736752,162164,1,1,0
652848,162165,1,1,0
6970816,162166,1,0,1
1026080,162167,1,1,0
1616016,162168,1,1,0
663576,162169,1,1,0
3823200,162170,1,0,1
2055888,162171,1,1,0
7556704,162172,1,1,0
46000,162173,1,1,0
7840552,162174,1,0,1
1368312,162175,1,1,0
4827488,162176,1,0,1
3176480,162177,1,1,0
4376072,162178,1,1,0
1664592,162179,1,1,0
7090056,162180,1,0,1
7641456,162181,1,0,1
7287616,162182,1,1,0
463096,162183,1,0,1
268064,162184,1,0,1
649520,162185,1,1,0
680224,162186,1,0,1
1722704,162187,1,1,0
632344,162188,1,1,0
2422888,162189,1,0,1
1751080,162190,1,0,1
315696,162191,1,0,1
3364264,162192,1,1,0
1248160,162193,1,1,0
5571000,162194,1,1,0
5891592,162195,1,0,1
454464,162196,1,0,1
7068536,162197,1,1,0
494640,162198,1,1,0
110456,162199,1,1,0
4773008,162200,1,1,0
4747488,162201,1,0,1
8166384,162202,1,1,0
7243248,162203,1,0,1
3878552,162204,1,1,0
6482520,162205,1,0,1
5342064,162206,1,1,0
4735800,162207,1,1,0
3705432,162208,1,0,1
944464,162209,1,1,0
3052024,162210,1,0,1
780120,162211,1,0,1
158112,162212,1,1,0
632168,162213,1,0,1
934648,162214,1,1,0
3185520,162215,1,1,0
2013664,162216,1,0,1
522232,162217,1,1,0
1223376,162218,1,1,0
2722096,162219,1,1,0
5905664,162220,1,1,0
4079992,162221,1,0,1
3076504,162222,1,1,0
1568720,162223,1,0,1
223640,162224,1,0,1
3119936,162225,1,1,0
5200024,162226,1,0,1
1207440,162227,1,0,1
5724312,162228,1,1,0
1635608,162229,1,1,0
1969552,162230,1,0,1
4956184,162231,1,0,1
393608,162232,1,1,0
4226392,162233,1,0,1
4958160,162234,1,0,1
1425992,162235,1,1,0
1120920,162236,1,1,0
762000,162237,1,1,0
2488432,162238,1,0,1
325624,162239,1,0,1
2080872,162240,1,1,0
5064080,162241,1,0,1
3920976,162242,1,1,0
3172184,162243,1,0,1
1080552,162244,1,0,1
896264,162245,1,1,0
1891128,162246,1,0,1
847184,162247,1,0,1
1146136,162248,1,1,0
662176,162249,1,1,0
670312,162250,1,0,1
2430216,162251,1,1,0
3478488,162252,1,0,1
1701136,162253,1,1,0
5842664,162254,1,1,0
649576,162255,1,1,0
5344480,162256,1,0,1
3408768,162257,1,0,1
6306712,162258,1,1,0
2709560,162259,1,1,0
357648,162260,1,0,1
6149056,162261,1,1,0
560840,162262,1,0,1
3108320,162263,1,1,0
1936392,162264,1,1,0
613296,162265,1,0,1
3775608,162266,1,0,1
1113904,162267,1,1,0
1099296,162268,1,1,0
252528,162269,1,0,1
932904,162270,1,1,0
7048576,162271,1,1,0
4054880,162272,1,0,1
689872,162273,1,0,1
3944968,162274,1,1,0
4695064,162275,1,0,1
4833136,162276,1,0,1
1712040,162277,1,0,1
3723696,162278,1,1,0
6019880,162279,1,1,0
1934768,162280,1,1,0
4539304,162281,1,1,0
6297344,162282,1,0,1
310320,162283,1,0,1
3187144,162284,1,0,1
1539352,162285,1,1,0
1899728,162286,1,1,0
5879088,162287,1,1,0
5526576,162288,1,1,0
7616872,162289,1,0,1
370752,162290,1,1,0
2937816,162291,1,0,1
446056,162292,1,1,0
4658320,162293,1,0,1
1074080,162294,1,1,0
2625000,162295,1,0,1
7245160,162296,1,0,1
208576,162297,1,0,1
890752,162298,1,0,1
6648416,162299,1,1,0
1191888,162300,1,0,1
1677144,162301,1,1,0
466216,162302,1,0,1
5146776,162303,1,0,1
75096,162304,1,1,0
454112,162305,1,0,1
7264272,162306,1,1,0
845448,162307,1,1,0
1607272,162308,1,1,0
4690728,162309,1,0,1
291976,162310,1,1,0
1048528,162311,1,0,1
2589976,162312,1,1,0
2011592,162313,1,1,0
5669728,162314,1,1,0
608856,162315,1,0,1
4773488,162316,1,0,1
1129816,162317,1,0,1
3124712,162318,1,1,0
597816,162319,1,0,1
332960,162320,1,1,0
576216,162321,1,1,0
238520,162322,1,0,1
6652912,162323,1,1,0
3098280,162324,1,0,1
396880,162325,1,1,0
4622664,162326,1,1,0
4381088,162327,1,0,1
1672136,162328,1,1,0
6377240,162329,1,0,1
3892800,162330,1,0,1
4758880,162331,1,1,0
5721616,162332,1,0,1
446680,162333,1,0,1
3169160,162334,1,1,0
7678208,162335,1,1,0
1663752,162336,1,0,1
4610784,162337,1,1,0
3043208,162338,1,0,1
8360240,162339,1,0,1
1609072,162340,1,1,0
1022000,162341,1,0,1
696208,162342,1,0,1
692440,162343,1,0,1
779824,162344,1,0,1
2209152,162345,1,0,1
1308928,162346,1,0,1
2685120,162347,1,0,1
117032,162348,1,0,1
1651112,162349,1,1,0
980952,162350,1,1,0
5975408,162351,1,1,0
3295888,162352,1,1,0
1628584,162353,1,0,1
3615640,162354,1,0,1
207536,162355,1,1,0
7614568,162356,1,0,1
1156600,162357,1,0,1
2822704,162358,1,0,1
4549296,162359,1,0,1
421296,162360,1,1,0
994672,162361,1,0,1
7043176,162362,1,1,0
767960,162363,1,1,0
1320040,162364,1,0,1
5973360,162365,1,0,1
3770192,162366,1,0,1
7171632,162367,1,0,1
5713440,162368,1,0,1
399920,162369,1,1,0
6443536,162370,1,1,0
486200,162371,1,1,0
5395264,162372,1,0,1
1609312,162373,1,1,0
4248424,162374,1,1,0
7951400,162375,1,0,1
7757184,162376,1,1,0
5324464,162377,1,1,0
638304,162378,1,0,1
1116944,162379,1,0,1
2415952,162380,1,0,1
3489848,162381,1,0,1
542280,162382,1,0,1
1706656,162383,1,1,0
5011608,162384,1,1,0
3183552,162385,1,0,1
741648,162386,1,0,1
1007744,162387,1,0,1
5311608,162388,1,0,1
3970424,162389,1,0,1
7454240,162390,1,0,1
7402648,162391,1,1,0
2215696,162392,1,1,0
354248,162393,1,0,1
1347928,162394,1,0,1
3382632,162395,1,0,1
3738560,162396,1,1,0
8008744,162397,1,0,1
962392,162398,1,0,1
5115072,162399,1,1,0
4385776,162400,1,1,0
6762800,162401,1,0,1
605008,162402,1,0,1
4974968,162403,1,0,1
4356520,162404,1,1,0
820504,162405,1,0,1
825184,162406,1,0,1
569216,162407,1,0,1
2084336,162408,1,1,0
1580576,162409,1,1,0
7052808,162410,1,0,1
399960,162411,1,0,1
6213744,162412,1,0,1
1361392,162413,1,0,1
3051128,162414,1,1,0
3748144,162415,1,1,0
4322656,162416,1,0,1
961256,162417,1,1,0
292920,162418,1,0,1
2068744,162419,1,1,0
2572872,162420,1,1,0
3190312,162421,1,0,1
816912,162422,1,0,1
287200,162423,1,1,0
169304,162424,1,1,0
2599192,162425,1,1,0
3781864,162426,1,1,0
2160960,162427,1,0,1
549480,162428,1,1,0
2293920,162429,1,1,0
2681000,162430,1,0,1
816592,162431,1,0,1
5772752,162432,1,1,0
5867128,162433,1,0,1
724368,162434,1,1,0
5623256,162435,1,1,0
1897120,162436,1,0,1
3219488,162437,1,1,0
3964704,162438,1,1,0
1592280,162439,1,0,1
6694048,162440,1,0,1
3959520,162441,1,0,1
3498872,162442,1,0,1
3468376,162443,1,1,0
7301416,162444,1,0,1
2028096,162445,1,0,1
4046144,162446,1,0,1
540792,162447,1,1,0
1297552,162448,1,1,0
8183456,162449,1,0,1
5680976,162450,1,1,0
4820112,162451,1,1,0
3436096,162452,1,1,0
657376,162453,1,0,1
589704,162454,1,0,1
3888688,162455,1,0,1
1835944,162456,1,1,0
302632,162457,1,0,1
539800,162458,1,1,0
2933864,162459,1,1,0
4060464,162460,1,1,0
4115824,162461,1,0,1
4531448,162462,1,0,1
1254832,162463,1,1,0
2139624,162464,1,1,0
1798776,162465,1,0,1
819984,162466,1,1,0
6342832,162467,1,1,0
5297608,162468,1,1,0
2243416,162469,1,0,1
1475816,162470,1,1,0
2897864,162471,1,0,1
192128,162472,1,0,1
2685336,162473,1,0,1
6715544,162474,1,1,0
2329232,162475,1,1,0
3237664,162476,1,0,1
1096464,162477,1,1,0
8300776,162478,1,1,0
2545360,162479,1,1,0
882576,162480,1,1,0
4328064,162481,1,1,0
310536,162482,1,1,0
8366000,162483,1,1,0
7634952,162484,1,1,0
6569072,162485,1,0,1
4100864,162486,1,0,1
3208960,162487,1,0,1
7969480,162488,1,1,0
7619800,162489,1,0,1
2810112,162490,1,1,0
1698048,162491,1,0,1
8160712,162492,1,1,0
1403280,162493,1,1,0
7211624,162494,1,0,1
3962232,162495,1,1,0
3945152,162496,1,1,0
283624,162497,1,1,0
1906888,162498,1,1,0
4863560,162499,1,1,0
3037320,162500,1,0,1
5911736,162501,1,1,0
2946880,162502,1,1,0
4809448,162503,1,1,0
1920344,162504,1,0,1
340240,162505,1,0,1
899608,162506,1,1,0
1346992,162507,1,1,0
4448200,162508,1,0,1
1368480,162509,1,0,1
4418896,162510,1,0,1
1132312,162511,1,0,1
6767872,162512,1,1,0
3650840,162513,1,1,0
312312,162514,1,0,1
2495336,162515,1,1,0
546456,162516,1,1,0
503104,162517,1,1,0
1641296,162518,1,0,1
925584,162519,1,1,0
6313600,162520,1,1,0
3915840,162521,1,1,0
2525472,162522,1,1,0
4866040,162523,1,0,1
6430456,162524,1,0,1
1811496,162525,1,1,0
6185232,162526,1,1,0
577456,162527,1,0,1
1979856,162528,1,1,0
1824216,162529,1,1,0
7627096,162530,1,0,1
4241080,162531,1,0,1
6930288,162532,1,1,0
963288,162533,1,0,1
4016192,162534,1,1,0
5485472,162535,1,0,1
1359952,162536,1,1,0
1246992,162537,1,1,0
2565872,162538,1,0,1
1293328,162539,1,0,1
942128,162540,1,1,0
832600,162541,1,1,0
932232,162542,1,1,0
1100544,162543,1,0,1
2374472,162544,1,1,0
228880,162545,1,0,1
1494712,162546,1,0,1
2978392,162547,1,1,0
282872,162548,1,0,1
5817424,162549,1,1,0
4829352,162550,1,1,0
940400,162551,1,1,0
6289896,162552,1,1,0
436240,162553,1,1,0
993696,162554,1,0,1
1238528,162555,1,0,1
421040,162556,1,0,1
5989600,162557,1,1,0
8264264,162558,1,1,0
2516928,162559,1,1,0
5181408,162560,1,0,1
792432,162561,1,1,0
670408,162562,1,1,0
823952,162563,1,1,0
222248,162564,1,0,1
333040,162565,1,1,0
1694720,162566,1,0,1
2651816,162567,1,0,1
2952544,162568,1,1,0
7575552,162569,1,0,1
296480,162570,1,1,0
756800,162571,1,0,1
679104,162572,1,1,0
2554136,162573,1,0,1
3114216,162574,1,0,1
2271712,162575,1,0,1
4188728,162576,1,1,0
278120,162577,1,1,0
202872,162578,1,0,1
381864,162579,1,1,0
2805240,162580,1,1,0
3049912,162581,1,0,1
1655768,162582,1,0,1
563800,162583,1,1,0
441384,162584,1,1,0
7236088,162585,1,0,1
1648288,162586,1,0,1
7588752,162587,1,1,0
4391688,162588,1,1,0
2304408,162589,1,1,0
1586832,162590,1,1,0
1393976,162591,1,1,0
6176408,162592,1,1,0
4656688,162593,1,1,0
189072,162594,1,1,0
3742888,162595,1,1,0
3987504,162596,1,1,0
384944,162597,1,1,0
2245936,162598,1,1,0
4647344,162599,1,0,1
2228616,162600,1,1,0
3672624,162601,1,0,1
3420640,162602,1,1,0
2662296,162603,1,1,0
4716480,162604,1,1,0
2675048,162605,1,1,0
501736,162606,1,1,0
1342112,162607,1,0,1
3194248,162608,1,1,0
7488496,162609,1,1,0
3346192,162610,1,1,0
2877200,162611,1,1,0
1770000,162612,1,1,0
823128,162613,1,0,1
8272256,162614,1,0,1
230184,162615,1,0,1
1208880,162616,1,1,0
1818928,162617,1,0,1
304176,162618,1,1,0
534728,162619,1,0,1
1093888,162620,1,0,1
7016888,162621,1,0,1
3044168,162622,1,1,0
451440,162623,1,1,0
3494560,162624,1,0,1
1305520,162625,1,0,1
4009272,162626,1,1,0
1083584,162627,1,0,1
913104,162628,1,1,0
3099816,162629,1,1,0
2354424,162630,1,0,1
5160400,162631,1,0,1
7946120,162632,1,1,0
6839056,162633,1,0,1
7317784,162634,1,1,0
4841632,162635,1,1,0
470680,162636,1,1,0
1094584,162637,1,0,1
5910328,162638,1,0,1
882208,162639,1,0,1
5272896,162640,1,0,1
1274256,162641,1,1,0
1336904,162642,1,0,1
1648552,162643,1,0,1
5752720,162644,1,0,1
3932200,162645,1,0,1
5823056,162646,1,0,1
2438600,162647,1,1,0
3359320,162648,1,0,1
5257112,162649,1,1,0
3846856,162650,1,0,1
4377320,162651,1,1,0
1375256,162652,1,0,1
7720176,162653,1,0,1
2766504,162654,1,0,1
1175872,162655,1,1,0
6416072,162656,1,0,1
1649624,162657,1,0,1
2916824,162658,1,0,1
897720,162659,1,0,1
6471944,162660,1,1,0
3697400,162661,1,1,0
903640,162662,1,0,1
4711016,162663,1,1,0
2163768,162664,1,0,1
3932088,162665,1,1,0
3447224,162666,1,1,0
4101376,162667,1,0,1
1409096,162668,1,1,0
3367600,162669,1,0,1
2419512,162670,1,0,1
4847216,162671,1,0,1
1199368,162672,1,0,1
728008,162673,1,1,0
712648,162674,1,0,1
8042192,162675,1,0,1
4631432,162676,1,0,1
3583904,162677,1,0,1
1093272,162678,1,0,1
1503360,162679,1,1,0
415760,162680,1,1,0
442392,162681,1,1,0
1137928,162682,1,1,0
4050000,162683,1,0,1
380624,162684,1,0,1
4836320,162685,1,1,0
1914664,162686,1,0,1
2304720,162687,1,1,0
1915216,162688,1,0,1
7798496,162689,1,0,1
1543120,162690,1,0,1
2175680,162691,1,1,0
281872,162692,1,0,1
7893792,162693,1,0,1
1495480,162694,1,1,0
3285024,162695,1,0,1
1365528,162696,1,1,0
6252416,162697,1,0,1
4033600,162698,1,1,0
3438880,162699,1,0,1
1586960,162700,1,0,1
2530456,162701,1,1,0
717688,162702,1,1,0
7668976,162703,1,1,0
3432480,162704,1,1,0
7440744,162705,1,1,0
485984,162706,1,0,1
993352,162707,1,1,0
286904,162708,1,1,0
3835296,162709,1,0,1
1067632,162710,1,1,0
2001720,162711,1,0,1
1050768,162712,1,1,0
1948832,162713,1,1,0
4984752,162714,1,0,1
6653688,162715,1,1,0
1725528,162716,1,0,1
2263664,162717,1,1,0
616040,162718,1,1,0
1525904,162719,1,1,0
446944,162720,1,1,0
8092776,162721,1,0,1
4952312,162722,1,0,1
1419800,162723,1,0,1
2249488,162724,1,1,0
472272,162725,1,0,1
2503184,162726,1,1,0
3211136,162727,1,1,0
1902480,162728,1,0,1
836488,162729,1,0,1
8139224,162730,1,0,1
653200,162731,1,0,1
285592,162732,1,0,1
5066432,162733,1,0,1
1861048,162734,1,0,1
8351544,162735,1,1,0
1229528,162736,1,0,1
4091056,162737,1,0,1
3851712,162738,1,0,1
7948808,162739,1,1,0
482208,162740,1,1,0
205312,162741,1,0,1
5058216,162742,1,0,1
1233056,162743,1,0,1
1719912,162744,1,1,0
644560,162745,1,0,1
3753936,162746,1,0,1
497672,162747,1,1,0
2802584,162748,1,0,1
1098600,162749,1,1,0
3768936,162750,1,1,0
213112,162751,1,0,1
953936,162752,1,0,1
7507624,162753,1,1,0
3330264,162754,1,1,0
905872,162755,1,1,0
5947480,162756,1,1,0
893656,162757,1,1,0
2762784,162758,1,0,1
1675216,162759,1,0,1
1989424,162760,1,1,0
4696312,162761,1,1,0
7946200,162762,1,1,0
6696600,162763,1,1,0
829824,162764,1,1,0
5934560,162765,1,1,0
1018552,162766,1,1,0
3117072,162767,1,0,1
452512,162768,1,0,1
2640984,162769,1,0,1
3158832,162770,1,1,0
3343760,162771,1,0,1
4144336,162772,1,1,0
464160,162773,1,0,1
1860544,162774,1,0,1
318688,162775,1,0,1
3272704,162776,1,1,0
4766808,162777,1,1,0
7820264,162778,1,0,1
776640,162779,1,0,1
546328,162780,1,1,0
5338896,162781,1,1,0
4593736,162782,1,1,0
2797072,162783,1,0,1
990848,162784,1,1,0
8283216,162785,1,0,1
287408,162786,1,0,1
2718888,162787,1,1,0
2491848,162788,1,1,0
2703520,162789,1,1,0
6405240,162790,1,0,1
5877800,162791,1,0,1
1607600,162792,1,1,0
1644296,162793,1,0,1
704640,162794,1,0,1
5625592,162795,1,0,1
811296,162796,1,1,0
6744512,162797,1,0,1
7101632,162798,1,1,0
5946240,162799,1,0,1
480240,162800,1,0,1
5293408,162801,1,0,1
1530880,162802,1,0,1
270224,162803,1,0,1
600056,162804,1,0,1
1717704,162805,1,1,0
874512,162806,1,1,0
4625208,162807,1,1,0
2139752,162808,1,1,0
5737016,162809,1,1,0
973576,162810,1,1,0
779576,162811,1,1,0
2467472,162812,1,0,1
7022168,162813,1,1,0
1415856,162814,1,1,0
1309504,162815,1,0,1
3690144,162816,1,1,0
7551704,162817,1,1,0
1212536,162818,1,1,0
417560,162819,1,1,0
6629104,162820,1,1,0
4151400,162821,1,1,0
613984,162822,1,1,0
1314568,162823,1,0,1
7248472,162824,1,0,1
183776,162825,1,1,0
167160,162826,1,1,0
4523136,162827,1,0,1
2405304,162828,1,1,0
2947656,162829,1,0,1
1645904,162830,1,0,1
830680,162831,1,1,0
4124992,162832,1,1,0
5859376,162833,1,0,1
1223872,162834,1,0,1
2660848,162835,1,0,1
7274448,162836,1,0,1
7624328,162837,1,1,0
6360936,162838,1,0,1
150632,162839,1,1,0
7622776,162840,1,1,0
672776,162841,1,0,1
348720,162842,1,0,1
161136,162843,1,1,0
2301176,162844,1,1,0
1159896,162845,1,0,1
4131296,162846,1,0,1
1426528,162847,1,0,1
1941968,162848,1,1,0
5791680,162849,1,1,0
509544,162850,1,0,1
765312,162851,1,1,0
500152,162852,1,1,0
1427160,162853,1,1,0
1330840,162854,1,0,1
5025800,162855,1,0,1
329336,162856,1,1,0
1979480,162857,1,0,1
982024,162858,1,1,0
7347024,162859,1,0,1
3884336,162860,1,0,1
1064280,162861,1,0,1
865624,162862,1,0,1
410888,162863,1,0,1
1403624,162864,1,0,1
1521312,162865,1,1,0
2088936,162866,1,1,0
903024,162867,1,1,0
1350920,162868,1,0,1
221016,162869,1,1,0
2195856,162870,1,1,0
849472,162871,1,0,1
699120,162872,1,1,0
1375304,162873,1,1,0
1590432,162874,1,0,1
7126592,162875,1,0,1
2313936,162876,1,1,0
1952600,162877,1,1,0
2908520,162878,1,0,1
176240,162879,1,1,0
5568080,162880,1,1,0
3478336,162881,1,0,1
2079760,162882,1,1,0
3485064,162883,1,0,1
1483648,162884,1,1,0
7298880,162885,1,1,0
836080,162886,1,0,1
1354608,162887,1,0,1
7507072,162888,1,0,1
7107536,162889,1,1,0
6888112,162890,1,0,1
3046288,162891,1,1,0
5332064,162892,1,0,1
671184,162893,1,0,1
5120264,162894,1,1,0
5725232,162895,1,0,1
8195312,162896,1,0,1
3616920,162897,1,1,0
6806808,162898,1,1,0
4089544,162899,1,0,1
5520456,162900,1,0,1
2639632,162901,1,1,0
3272832,162902,1,1,0
572872,162903,1,1,0
2046080,162904,1,1,0
7989264,162905,1,0,1
801864,162906,1,1,0
1890592,162907,1,1,0
786232,162908,1,1,0
535224,162909,1,1,0
4957112,162910,1,1,0
4432720,162911,1,1,0
3654800,162912,1,0,1
7954120,162913,1,1,0
6321272,162914,1,1,0
8244120,162915,1,0,1
1214416,162916,1,1,0
1496576,162917,1,0,1
2368616,162918,1,1,0
903016,162919,1,0,1
7638592,162920,1,1,0
928680,162921,1,0,1
7267888,162922,1,1,0
3114696,162923,1,1,0
5869904,162924,1,1,0
3666880,162925,1,1,0
939816,162926,1,0,1
3646816,162927,1,0,1
2214792,162928,1,0,1
475408,162929,1,1,0
6068992,162930,1,0,1
2400992,162931,1,1,0
860120,162932,1,1,0
1629200,162933,1,0,1
5250480,162934,1,1,0
7626528,162935,1,0,1
5271792,162936,1,0,1
1140568,162937,1,1,0
4220952,162938,1,1,0
2176520,162939,1,1,0
1895552,162940,1,0,1
3173832,162941,1,1,0
278520,162942,1,0,1
2671592,162943,1,1,0
4507112,162944,1,1,0
803344,162945,1,0,1
3757456,162946,1,1,0
1821056,162947,1,0,1
1162584,162948,1,1,0
4481272,162949,1,1,0
239792,162950,1,0,1
4973440,162951,1,0,1
4287912,162952,1,1,0
6752360,162953,1,1,0
7978368,162954,1,1,0
581064,162955,1,0,1
807896,162956,1,0,1
6792704,162957,1,1,0
5339560,162958,1,0,1
180864,162959,1,1,0
2761624,162960,1,1,0
5170544,162961,1,0,1
2191240,162962,1,1,0
1650416,162963,1,0,1
979656,162964,1,1,0
8069088,162965,1,0,1
5700528,162966,1,0,1
1107456,162967,1,1,0
1663624,162968,1,0,1
5629216,162969,1,1,0
625832,162970,1,0,1
6786984,162971,1,0,1
3239312,162972,1,0,1
236736,162973,1,1,0
2413840,162974,1,1,0
4720792,162975,1,0,1
4119120,162976,1,1,0
615488,162977,1,0,1
4440488,162978,1,1,0
4621048,162979,1,1,0
3558264,162980,1,0,1
654584,162981,1,1,0
5611640,162982,1,1,0
2815696,162983,1,0,1
6261768,162984,1,1,0
1610752,162985,1,0,1
1541192,162986,1,1,0
2579320,162987,1,1,0
1168888,162988,1,1,0
5098400,162989,1,1,0
6300272,162990,1,1,0
2228832,162991,1,0,1
1150952,162992,1,0,1
2629112,162993,1,0,1
6838760,162994,1,1,0
1521176,162995,1,0,1
7773576,162996,1,1,0
1705824,162997,1,1,0
192056,162998,1,1,0
3254888,162999,1,1,0
4565816,163000,1,1,0
5010376,163001,1,0,1
3644776,163002,1,1,0
96472,163003,1,1,0
1786696,163004,1,1,0
1736760,163005,1,1,0
1866240,163006,1,1,0
7410480,163007,1,0,1
1406928,163008,1,0,1
4711120,163009,1,1,0
7139192,163010,1,1,0
6455112,163011,1,0,1
1442312,163012,1,1,0
3491344,163013,1,0,1
4848048,163014,1,0,1
1131440,163015,1,0,1
1833240,163016,1,0,1
6099928,163017,1,0,1
2891728,163018,1,0,1
3926272,163019,1,0,1
205712,163020,1,0,1
6879120,163021,1,1,0
2775088,163022,1,0,1
7449872,163023,1,1,0
5220456,163024,1,1,0
1005160,163025,1,0,1
2344504,163026,1,1,0
4193624,163027,1,1,0
5825760,163028,1,1,0
4330736,163029,1,0,1
1449904,163030,1,0,1
658168,163031,1,0,1
629760,163032,1,0,1
7269640,163033,1,1,0
6494712,163034,1,0,1
3743136,163035,1,0,1
5072208,163036,1,1,0
6275160,163037,1,1,0
3117936,163038,1,0,1
5481632,163039,1,1,0
1285904,163040,1,1,0
2749104,163041,1,1,0
1298272,163042,1,0,1
836528,163043,1,1,0
6078856,163044,1,0,1
4407600,163045,1,1,0
759552,163046,1,1,0
2894320,163047,1,0,1
4355008,163048,1,0,1
198992,163049,1,1,0
3469512,163050,1,0,1
1356768,163051,1,1,0
623072,163052,1,0,1
6663488,163053,1,1,0
933864,163054,1,0,1
1428136,163055,1,0,1
8221576,163056,1,0,1
4302528,163057,1,0,1
7537736,163058,1,0,1
3303376,163059,1,1,0
480840,163060,1,0,1
1767008,163061,1,0,1
6330784,163062,1,0,1
3194184,163063,1,1,0
2493992,163064,1,0,1
5801672,163065,1,0,1
1466776,163066,1,1,0
868456,163067,1,1,0
3831936,163068,1,0,1
1245560,163069,1,0,1
199504,163070,1,0,1
1001272,163071,1,0,1
1291536,163072,1,1,0
429928,163073,1,0,1
3793216,163074,1,0,1
6578120,163075,1,1,0
5307568,163076,1,1,0
5917232,163077,1,0,1
5356424,163078,1,1,0
6419744,163079,1,0,1
1296504,163080,1,0,1
1874232,163081,1,1,0
862160,163082,1,0,1
2431176,163083,1,0,1
6927296,163084,1,1,0
5470136,163085,1,0,1
2595128,163086,1,1,0
1433488,163087,1,0,1
299192,163088,1,0,1
3924992,163089,1,1,0
1635224,163090,1,1,0
397768,163091,1,0,1
2993120,163092,1,0,1
2275384,163093,1,1,0
1472648,163094,1,1,0
1045952,163095,1,1,0
4774880,163096,1,1,0
6957824,163097,1,1,0
3367984,163098,1,1,0
7210632,163099,1,1,0
775880,163100,1,1,0
759984,163101,1,0,1
779328,163102,1,0,1
620648,163103,1,0,1
1135000,163104,1,1,0
2378656,163105,1,1,0
306104,163106,1,0,1
444984,163107,1,1,0
4424824,163108,1,0,1
678376,163109,1,1,0
5395648,163110,1,0,1
501768,163111,1,0,1
2222400,163112,1,1,0
2849832,163113,1,1,0
936776,163114,1,0,1
2772528,163115,1,1,0
5949648,163116,1,0,1
1570936,163117,1,1,0
317120,163118,1,0,1
3475464,163119,1,1,0
3658456,163120,1,1,0
7879400,163121,1,1,0
3259544,163122,1,1,0
604040,163123,1,0,1
2548112,163124,1,0,1
7366808,163125,1,1,0
2621520,163126,1,0,1
1648800,163127,1,0,1
415704,163128,1,0,1
1251544,163129,1,1,0
467400,163130,1,0,1
2291616,163131,1,1,0
236224,163132,1,0,1
3159832,163133,1,1,0
729584,163134,1,0,1
4835360,163135,1,1,0
4142600,163136,1,1,0
1143328,163137,1,1,0
333344,163138,1,0,1
740032,163139,1,0,1
1053304,163140,1,0,1
2849240,163141,1,0,1
2349520,163142,1,1,0
234376,163143,1,1,0
1041824,163144,1,1,0
684448,163145,1,1,0
5526592,163146,1,0,1
7637136,163147,1,0,1
2106712,163148,1,0,1
3001912,163149,1,0,1
664864,163150,1,0,1
3862592,163151,1,0,1
5190016,163152,1,1,0
3462096,163153,1,1,0
8200504,163154,1,0,1
3670816,163155,1,1,0
1904904,163156,1,1,0
1537280,163157,1,0,1
1856088,163158,1,1,0
901568,163159,1,1,0
6018376,163160,1,0,1
3879384,163161,1,1,0
3344104,163162,1,1,0
5134336,163163,1,1,0
7637936,163164,1,1,0
4139336,163165,1,1,0
4590816,163166,1,0,1
2378104,163167,1,0,1
6804600,163168,1,1,0
6116736,163169,1,1,0
5096128,163170,1,1,0
5971960,163171,1,0,1
223296,163172,1,0,1
269976,163173,1,1,0
201320,163174,1,0,1
4965152,163175,1,0,1
6927344,163176,1,0,1
228328,163177,1,0,1
6983960,163178,1,1,0
1234328,163179,1,1,0
704576,163180,1,0,1
1739120,163181,1,1,0
2565856,163182,1,0,1
160256,163183,1,0,1
4624992,163184,1,0,1
704248,163185,1,1,0
3133016,163186,1,0,1
405040,163187,1,0,1
4317680,163188,1,1,0
4416088,163189,1,1,0
1313272,163190,1,0,1
367024,163191,1,1,0
2111968,163192,1,1,0
1440424,163193,1,0,1
5512384,163194,1,0,1
525552,163195,1,1,0
2306952,163196,1,1,0
858752,163197,1,1,0
1795000,163198,1,0,1
3816232,163199,1,1,0
5497368,163200,1,1,0
428032,163201,1,1,0
1683448,163202,1,0,1
1183336,163203,1,1,0
3711400,163204,1,1,0
3084808,163205,1,1,0
2965920,163206,1,1,0
223048,163207,1,0,1
1985872,163208,1,1,0
1153960,163209,1,1,0
3132504,163210,1,0,1
1204304,163211,1,1,0
263048,163212,1,1,0
2916544,163213,1,0,1
501128,163214,1,1,0
427808,163215,1,1,0
2213744,163216,1,1,0
4791296,163217,1,1,0
7812192,163218,1,1,0
2441128,163219,1,0,1
2109096,163220,1,0,1
3437704,163221,1,1,0
5719960,163222,1,0,1
6071328,163223,1,1,0
2910104,163224,1,1,0
517024,163225,1,1,0
3458848,163226,1,1,0
832640,163227,1,0,1
2135232,163228,1,1,0
3007248,163229,1,0,1
1218072,163230,1,0,1
2784720,163231,1,1,0
4052432,163232,1,0,1
123920,163233,1,1,0
1498536,163234,1,0,1
358816,163235,1,1,0
3848264,163236,1,1,0
1159968,163237,1,1,0
985840,163238,1,0,1
5198496,163239,1,0,1
4808032,163240,1,1,0
829672,163241,1,1,0
3433752,163242,1,1,0
4806608,163243,1,1,0
6447024,163244,1,1,0
444120,163245,1,0,1
340296,163246,1,1,0
290192,163247,1,1,0
2951568,163248,1,1,0
4840128,163249,1,1,0
7073328,163250,1,0,1
4193728,163251,1,1,0
3631760,163252,1,0,1
1405128,163253,1,1,0
4631512,163254,1,1,0
3335672,163255,1,1,0
4537224,163256,1,1,0
3649528,163257,1,1,0
7907816,163258,1,0,1
1316408,163259,1,1,0
4468960,163260,1,0,1
3706904,163261,1,1,0
2763240,163262,1,1,0
5267648,163263,1,1,0
1832688,163264,1,1,0
2769392,163265,1,1,0
619232,163266,1,0,1
2161176,163267,1,1,0
679184,163268,1,1,0
599840,163269,1,1,0
2566600,163270,1,0,1
2810920,163271,1,1,0
630976,163272,1,0,1
828552,163273,1,1,0
1750424,163274,1,0,1
8160592,163275,1,0,1
2801736,163276,1,0,1
494624,163277,1,1,0
7958552,163278,1,0,1
3775528,163279,1,1,0
4966424,163280,1,1,0
3472536,163281,1,0,1
3013888,163282,1,0,1
1446688,163283,1,0,1
3540160,163284,1,1,0
1490744,163285,1,0,1
936040,163286,1,1,0
2788176,163287,1,1,0
1180624,163288,1,0,1
6551712,163289,1,0,1
248624,163290,1,1,0
3349816,163291,1,1,0
1988096,163292,1,1,0
7423144,163293,1,0,1
3655344,163294,1,1,0
7422616,163295,1,0,1
2690080,163296,1,0,1
2104088,163297,1,1,0
919456,163298,1,1,0
4026984,163299,1,0,1
5037928,163300,1,0,1
2412632,163301,1,1,0
5829760,163302,1,1,0
1302272,163303,1,1,0
1107336,163304,1,0,1
4969968,163305,1,0,1
399584,163306,1,0,1
5956264,163307,1,0,1
3760816,163308,1,1,0
3086528,163309,1,0,1
368200,163310,1,1,0
857816,163311,1,0,1
3127360,163312,1,0,1
1550624,163313,1,1,0
1087296,163314,1,1,0
296128,163315,1,1,0
1094888,163316,1,0,1
2127672,163317,1,1,0
2007912,163318,1,1,0
7679704,163319,1,0,1
5604816,163320,1,0,1
4084072,163321,1,1,0
7204976,163322,1,0,1
913992,163323,1,1,0
399504,163324,1,0,1
4845408,163325,1,0,1
4376176,163326,1,1,0
1382896,163327,1,0,1
1139432,163328,1,0,1
1423784,163329,1,0,1
777616,163330,1,1,0
1548376,163331,1,1,0
633888,163332,1,1,0
1272208,163333,1,1,0
1094864,163334,1,1,0
1488272,163335,1,0,1
2386968,163336,1,1,0
3069128,163337,1,1,0
670184,163338,1,0,1
1166688,163339,1,0,1
349568,163340,1,0,1
342720,163341,1,0,1
1274664,163342,1,0,1
3568088,163343,1,0,1
506320,163344,1,1,0
4484688,163345,1,1,0
1174152,163346,1,0,1
6573672,163347,1,0,1
3626784,163348,1,1,0
1760184,163349,1,0,1
3082352,163350,1,0,1
1440992,163351,1,0,1
3914304,163352,1,0,1
4292456,163353,1,0,1
8123760,163354,1,0,1
6254344,163355,1,1,0
284864,163356,1,1,0
1605960,163357,1,1,0
3434296,163358,1,1,0
3017328,163359,1,1,0
6602208,163360,1,1,0
1800280,163361,1,1,0
522032,163362,1,1,0
3041688,163363,1,1,0
4987168,163364,1,0,1
2184960,163365,1,0,1
1285880,163366,1,0,1
3275928,163367,1,1,0
7958040,163368,1,0,1
389808,163369,1,0,1
2826376,163370,1,1,0
2084792,163371,1,1,0
3766424,163372,1,0,1
8265032,163373,1,1,0
171712,163374,1,1,0
956336,163375,1,0,1
5161392,163376,1,1,0
2855360,163377,1,1,0
6209664,163378,1,0,1
2219056,163379,1,0,1
1623168,163380,1,0,1
1315808,163381,1,1,0
3712648,163382,1,0,1
757520,163383,1,1,0
5172576,163384,1,1,0
744832,163385,1,1,0
1039864,163386,1,1,0
6943448,163387,1,0,1
4567952,163388,1,0,1
546248,163389,1,1,0
381616,163390,1,1,0
687816,163391,1,1,0
2089064,163392,1,1,0
3332920,163393,1,1,0
1562144,163394,1,1,0
2884208,163395,1,0,1
5924608,163396,1,0,1
425568,163397,1,0,1
3045424,163398,1,1,0
2356280,163399,1,1,0
392704,163400,1,0,1
242840,163401,1,1,0
547160,163402,1,0,1
3283296,163403,1,0,1
1181880,163404,1,1,0
203904,163405,1,0,1
859376,163406,1,1,0
1645784,163407,1,1,0
7632760,163408,1,1,0
135376,163409,1,1,0
1202720,163410,1,1,0
2804432,163411,1,0,1
6466008,163412,1,1,0
302944,163413,1,1,0
4593488,163414,1,0,1
3842336,163415,1,1,0
5223552,163416,1,0,1
1787904,163417,1,0,1
385160,163418,1,0,1
7076440,163419,1,0,1
3248568,163420,1,0,1
7922992,163421,1,1,0
533400,163422,1,0,1
403832,163423,1,1,0
1688184,163424,1,1,0
370136,163425,1,1,0
2666928,163426,1,1,0
1603104,163427,1,0,1
5974984,163428,1,1,0
3467200,163429,1,0,1
2483064,163430,1,0,1
2051944,163431,1,0,1
4373136,163432,1,1,0
547712,163433,1,1,0
581992,163434,1,1,0
3029136,163435,1,1,0
390920,163436,1,1,0
895040,163437,1,1,0
7578736,163438,1,0,1
941744,163439,1,1,0
5166704,163440,1,1,0
1756960,163441,1,1,0
1036504,163442,1,1,0
214112,163443,1,0,1
242144,163444,1,0,1
7156824,163445,1,1,0
592552,163446,1,1,0
772608,163447,1,1,0
6381528,163448,1,1,0
1038184,163449,1,1,0
6668608,163450,1,1,0
2042408,163451,1,1,0
367088,163452,1,0,1
6561240,163453,1,1,0
478952,163454,1,0,1
1485088,163455,1,1,0
3252176,163456,1,1,0
372480,163457,1,1,0
4033216,163458,1,1,0
2988720,163459,1,0,1
1206808,163460,1,0,1
204016,163461,1,0,1
1270128,163462,1,1,0
2900408,163463,1,1,0
3523488,163464,1,0,1
1198168,163465,1,1,0
3069944,163466,1,1,0
1714560,163467,1,1,0
929960,163468,1,1,0
1219976,163469,1,1,0
5105632,163470,1,1,0
2553072,163471,1,1,0
5051928,163472,1,1,0
5061888,163473,1,1,0
765736,163474,1,1,0
3154584,163475,1,1,0
622736,163476,1,0,1
825904,163477,1,0,1
1821528,163478,1,1,0
1343608,163479,1,0,1
5499368,163480,1,1,0
1567456,163481,1,0,1
1303520,163482,1,1,0
648280,163483,1,0,1
2296888,163484,1,0,1
4100440,163485,1,0,1
1829440,163486,1,0,1
7306464,163487,1,0,1
4002056,163488,1,0,1
949560,163489,1,0,1
719680,163490,1,1,0
455936,163491,1,1,0
4933336,163492,1,1,0
8226672,163493,1,0,1
5088696,163494,1,1,0
7052008,163495,1,0,1
1078800,163496,1,1,0
1549232,163497,1,0,1
5129936,163498,1,0,1
2032912,163499,1,0,1
2409280,163500,1,1,0
358376,163501,1,1,0
1727552,163502,1,1,0
5953760,163503,1,0,1
6443552,163504,1,1,0
4002096,163505,1,1,0
438848,163506,1,1,0
3500672,163507,1,0,1
3124024,163508,1,0,1
5446080,163509,1,1,0
799720,163510,1,1,0
431184,163511,1,0,1
6874768,163512,1,0,1
113480,163513,1,1,0
740880,163514,1,1,0
923648,163515,1,1,0
7485632,163516,1,1,0
1283872,163517,1,1,0
4806096,163518,1,0,1
2180912,163519,1,1,0
125104,163520,1,0,1
883840,163521,1,0,1
1486752,163522,1,1,0
3112952,163523,1,0,1
6940744,163524,1,0,1
5226392,163525,1,0,1
743104,163526,1,0,1
1582592,163527,1,1,0
4266160,163528,1,1,0
564320,163529,1,0,1
2028960,163530,1,0,1
1922464,163531,1,0,1
4912968,163532,1,0,1
6475304,163533,1,0,1
97368,163534,1,1,0
1313744,163535,1,1,0
1575184,163536,1,0,1
3296368,163537,1,1,0
3440032,163538,1,1,0
4417056,163539,1,1,0
1617088,163540,1,0,1
756136,163541,1,0,1
3241920,163542,1,1,0
181560,163543,1,1,0
1088008,163544,1,0,1
6200400,163545,1,1,0
5830240,163546,1,0,1
708672,163547,1,1,0
7640080,163548,1,0,1
1647856,163549,1,1,0
2238536,163550,1,0,1
2905904,163551,1,1,0
3200856,163552,1,1,0
8029296,163553,1,1,0
5025128,163554,1,1,0
1475168,163555,1,0,1
7387264,163556,1,0,1
8133152,163557,1,1,0
1222384,163558,1,0,1
7786392,163559,1,1,0
5928024,163560,1,1,0
1603336,163561,1,1,0
1054488,163562,1,0,1
5665752,163563,1,1,0
3444200,163564,1,1,0
2797464,163565,1,1,0
5577248,163566,1,1,0
3646824,163567,1,0,1
6861432,163568,1,1,0
4426624,163569,1,1,0
224840,163570,1,1,0
586752,163571,1,0,1
718664,163572,1,1,0
2767416,163573,1,1,0
7462848,163574,1,1,0
378128,163575,1,0,1
442456,163576,1,1,0
343264,163577,1,0,1
351888,163578,1,0,1
850336,163579,1,0,1
582064,163580,1,0,1
2010896,163581,1,0,1
817952,163582,1,1,0
1707856,163583,1,1,0
6591992,163584,1,0,1
1058088,163585,1,0,1
2254472,163586,1,0,1
3083704,163587,1,1,0
5797856,163588,1,0,1
8052448,163589,1,0,1
1329848,163590,1,0,1
6979968,163591,1,0,1
473512,163592,1,0,1
1203352,163593,1,0,1
326152,163594,1,1,0
7086392,163595,1,0,1
2282368,163596,1,1,0
2985064,163597,1,1,0
6172448,163598,1,0,1
7980848,163599,1,0,1
299216,163600,1,1,0
343584,163601,1,1,0
289408,163602,1,1,0
7067408,163603,1,0,1
1769864,163604,1,0,1
3212584,163605,1,1,0
7886840,163606,1,1,0
1287512,163607,1,1,0
6559632,163608,1,1,0
4240416,163609,1,0,1
766568,163610,1,1,0
1890600,163611,1,1,0
3080552,163612,1,0,1
92736,163613,1,0,1
2154144,163614,1,0,1
1507720,163615,1,1,0
392192,163616,1,0,1
7799400,163617,1,1,0
1612328,163618,1,0,1
2791472,163619,1,0,1
657888,163620,1,1,0
507528,163621,1,1,0
299920,163622,1,1,0
1907528,163623,1,1,0
600488,163624,1,0,1
3304992,163625,1,1,0
1269632,163626,1,0,1
3433640,163627,1,1,0
612976,163628,1,1,0
282864,163629,1,0,1
4383568,163630,1,1,0
2600152,163631,1,1,0
8020152,163632,1,0,1
5510864,163633,1,0,1
1555112,163634,1,1,0
960064,163635,1,1,0
958200,163636,1,0,1
267088,163637,1,0,1
960288,163638,1,1,0
4725224,163639,1,1,0
620520,163640,1,1,0
6560448,163641,1,0,1
1626704,163642,1,0,1
307776,163643,1,1,0
240392,163644,1,1,0
452784,163645,1,1,0
622432,163646,1,0,1
234480,163647,1,1,0
3184752,163648,1,1,0
6546064,163649,1,0,1
3408072,163650,1,0,1
1899176,163651,1,0,1
4241184,163652,1,1,0
833184,163653,1,0,1
165216,163654,1,1,0
4165112,163655,1,0,1
2890424,163656,1,1,0
4638472,163657,1,0,1
1805344,163658,1,0,1
1186536,163659,1,1,0
2858432,163660,1,1,0
2851952,163661,1,1,0
819632,163662,1,0,1
6490624,163663,1,1,0
842056,163664,1,0,1
5054960,163665,1,0,1
2347048,163666,1,0,1
1681080,163667,1,0,1
6167560,163668,1,1,0
8302944,163669,1,1,0
2522040,163670,1,0,1
3990952,163671,1,0,1
4330248,163672,1,1,0
1595336,163673,1,1,0
941832,163674,1,1,0
1894176,163675,1,0,1
2917576,163676,1,1,0
1259448,163677,1,0,1
1965056,163678,1,0,1
1504920,163679,1,1,0
1524936,163680,1,1,0
3172408,163681,1,1,0
1184400,163682,1,0,1
1690016,163683,1,1,0
1845128,163684,1,1,0
5584160,163685,1,1,0
519120,163686,1,0,1
535248,163687,1,1,0
1247000,163688,1,0,1
1130896,163689,1,1,0
2771912,163690,1,0,1
672040,163691,1,0,1
115424,163692,1,1,0
3189496,163693,1,0,1
717032,163694,1,1,0
1786424,163695,1,0,1
1165416,163696,1,1,0
779240,163697,1,0,1
968008,163698,1,1,0
5373872,163699,1,1,0
690056,163700,1,1,0
1410040,163701,1,0,1
6466944,163702,1,1,0
596760,163703,1,0,1
1932512,163704,1,1,0
2134304,163705,1,1,0
4539048,163706,1,0,1
726760,163707,1,1,0
6772320,163708,1,0,1
1987328,163709,1,1,0
2282872,163710,1,1,0
1604928,163711,1,1,0
1654312,163712,1,0,1
347728,163713,1,0,1
445856,163714,1,0,1
556048,163715,1,0,1
1441320,163716,1,0,1
966208,163717,1,1,0
1812712,163718,1,1,0
2047096,163719,1,0,1
5182840,163720,1,0,1
1099928,163721,1,1,0
2127360,163722,1,1,0
2005792,163723,1,1,0
3031544,163724,1,0,1
847296,163725,1,0,1
7376768,163726,1,0,1
6272136,163727,1,0,1
1322424,163728,1,1,0
1175080,163729,1,1,0
6981824,163730,1,0,1
2646360,163731,1,1,0
4962816,163732,1,1,0
2333416,163733,1,1,0
1953568,163734,1,1,0
430320,163735,1,0,1
290704,163736,1,1,0
5754736,163737,1,1,0
664160,163738,1,1,0
939320,163739,1,1,0
5960568,163740,1,1,0
6468272,163741,1,0,1
177832,163742,1,0,1
849944,163743,1,1,0
5532616,163744,1,0,1
4633712,163745,1,0,1
1196952,163746,1,0,1
1635600,163747,1,0,1
579672,163748,1,0,1
326640,163749,1,0,1
5794968,163750,1,1,0
3926176,163751,1,0,1
5181880,163752,1,0,1
2132128,163753,1,1,0
1704816,163754,1,1,0
2367608,163755,1,0,1
4683504,163756,1,1,0
7963816,163757,1,1,0
3708704,163758,1,0,1
1908536,163759,1,0,1
6230016,163760,1,1,0
1615832,163761,1,1,0
4658984,163762,1,0,1
3113576,163763,1,0,1
3479008,163764,1,1,0
246280,163765,1,0,1
1971272,163766,1,0,1
1444384,163767,1,1,0
4719992,163768,1,0,1
531688,163769,1,1,0
878408,163770,1,1,0
7278560,163771,1,1,0
1014256,163772,1,1,0
2664592,163773,1,0,1
5934600,163774,1,1,0
1514424,163775,1,0,1
699016,163776,1,1,0
2942800,163777,1,0,1
1852736,163778,1,0,1
1762360,163779,1,0,1
3397312,163780,1,0,1
196560,163781,1,1,0
2303232,163782,1,0,1
5976096,163783,1,1,0
1560048,163784,1,1,0
6307944,163785,1,0,1
6449784,163786,1,1,0
3968984,163787,1,1,0
5502320,163788,1,1,0
2573504,163789,1,0,1
3368288,163790,1,1,0
4750792,163791,1,0,1
7016688,163792,1,0,1
5887504,163793,1,1,0
379408,163794,1,1,0
2136968,163795,1,1,0
1404408,163796,1,0,1
2720400,163797,1,0,1
1522560,163798,1,1,0
4581424,163799,1,1,0
176544,163800,1,1,0
2964056,163801,1,0,1
919856,163802,1,0,1
696296,163803,1,1,0
1771280,163804,1,1,0
5772608,163805,1,0,1
1633800,163806,1,0,1
6374504,163807,1,0,1
938312,163808,1,1,0
2527352,163809,1,0,1
761280,163810,1,1,0
3403144,163811,1,0,1
247432,163812,1,0,1
114240,163813,1,1,0
438904,163814,1,0,1
798912,163815,1,1,0
7468912,163816,1,1,0
4539192,163817,1,0,1
435440,163818,1,0,1
4118320,163819,1,1,0
1964608,163820,1,1,0
701592,163821,1,1,0
3405640,163822,1,1,0
5401344,163823,1,0,1
4082872,163824,1,1,0
2538016,163825,1,1,0
1853048,163826,1,0,1
3731168,163827,1,1,0
2478288,163828,1,0,1
361392,163829,1,1,0
2321096,163830,1,0,1
6977528,163831,1,0,1
3739208,163832,1,1,0
4047576,163833,1,1,0
7380640,163834,1,1,0
533392,163835,1,1,0
1894776,163836,1,1,0
5936488,163837,1,1,0
509904,163838,1,0,1
1846144,163839,1,1,0
6585880,163840,1,0,1
2866944,163841,1,1,0
297008,163842,1,1,0
692888,163843,1,1,0
7209608,163844,1,0,1
792136,163845,1,0,1
855384,163846,1,1,0
1313952,163847,1,0,1
3059840,163848,1,0,1
7420368,163849,1,1,0
3528136,163850,1,0,1
7050896,163851,1,1,0
5573616,163852,1,1,0
4804888,163853,1,1,0
1869976,163854,1,1,0
1529936,163855,1,1,0
7125584,163856,1,1,0
6098376,163857,1,0,1
1194584,163858,1,0,1
951400,163859,1,1,0
1889400,163860,1,1,0
95488,163861,1,1,0
2037240,163862,1,0,1
336848,163863,1,1,0
7914840,163864,1,0,1
5437456,163865,1,0,1
2893568,163866,1,1,0
3370592,163867,1,1,0
1385672,163868,1,1,0
822504,163869,1,0,1
3771056,163870,1,0,1
7274344,163871,1,0,1
6626576,163872,1,1,0
1417640,163873,1,0,1
632592,163874,1,1,0
707264,163875,1,1,0
3571288,163876,1,0,1
795824,163877,1,0,1
6010024,163878,1,0,1
8159040,163879,1,1,0
4186792,163880,1,0,1
3386360,163881,1,0,1
877552,163882,1,1,0
1539128,163883,1,0,1
3138104,163884,1,1,0
2215848,163885,1,0,1
831552,163886,1,0,1
5787016,163887,1,0,1
815248,163888,1,0,1
574616,163889,1,0,1
1755264,163890,1,0,1
1539232,163891,1,1,0
902608,163892,1,0,1
3685240,163893,1,1,0
2440592,163894,1,0,1
1404512,163895,1,0,1
6887080,163896,1,1,0
1129656,163897,1,0,1
259872,163898,1,1,0
929464,163899,1,0,1
1598040,163900,1,0,1
7006600,163901,1,1,0
5334184,163902,1,1,0
1624552,163903,1,1,0
2252008,163904,1,1,0
1394520,163905,1,0,1
1289712,163906,1,0,1
5579832,163907,1,1,0
3362328,163908,1,1,0
3349616,163909,1,1,0
3269680,163910,1,0,1
448656,163911,1,0,1
7329128,163912,1,1,0
1785904,163913,1,0,1
5336672,163914,1,1,0
1118640,163915,1,0,1
3780360,163916,1,0,1
316520,163917,1,0,1
555904,163918,1,1,0
4141904,163919,1,0,1
1850672,163920,1,1,0
2356400,163921,1,0,1
8225560,163922,1,1,0
2964520,163923,1,1,0
1524992,163924,1,0,1
3230680,163925,1,0,1
971160,163926,1,0,1
655912,163927,1,0,1
2335680,163928,1,0,1
3777976,163929,1,0,1
6012416,163930,1,0,1
2429088,163931,1,0,1
1839488,163932,1,1,0
5512168,163933,1,0,1
1446128,163934,1,0,1
152664,163935,1,0,1
1163656,163936,1,0,1
298672,163937,1,0,1
391048,163938,1,0,1
2343448,163939,1,1,0
2965712,163940,1,1,0
1749040,163941,1,0,1
202840,163942,1,1,0
3732792,163943,1,0,1
405824,163944,1,0,1
235224,163945,1,1,0
845536,163946,1,0,1
3977920,163947,1,0,1
4368408,163948,1,1,0
1973848,163949,1,1,0
919624,163950,1,1,0
5079832,163951,1,0,1
2854656,163952,1,0,1
583448,163953,1,0,1
815976,163954,1,0,1
3237600,163955,1,1,0
447576,163956,1,0,1
1687560,163957,1,0,1
374936,163958,1,0,1
1677784,163959,1,1,0
3989832,163960,1,0,1
1974896,163961,1,0,1
4710200,163962,1,1,0
421400,163963,1,0,1
6231768,163964,1,1,0
6469920,163965,1,0,1
395264,163966,1,0,1
4006568,163967,1,1,0
4571792,163968,1,1,0
538616,163969,1,1,0
810512,163970,1,1,0
8107840,163971,1,0,1
692512,163972,1,0,1
2041976,163973,1,0,1
887208,163974,1,0,1
5180936,163975,1,0,1
7093432,163976,1,0,1
6211400,163977,1,1,0
6130040,163978,1,1,0
3450376,163979,1,1,0
1873960,163980,1,1,0
6066312,163981,1,1,0
3875752,163982,1,0,1
7109888,163983,1,1,0
6930816,163984,1,1,0
4108456,163985,1,1,0
4108944,163986,1,0,1
6706496,163987,1,0,1
1077904,163988,1,0,1
158416,163989,1,1,0
1075128,163990,1,1,0
1340048,163991,1,1,0
2086336,163992,1,1,0
3159192,163993,1,0,1
3820528,163994,1,0,1
1648752,163995,1,0,1
1209792,163996,1,0,1
7738736,163997,1,0,1
5209912,163998,1,1,0
3982008,163999,1,0,1
1388792,164000,1,1,0
3694248,164001,1,1,0
657128,164002,1,1,0
747416,164003,1,1,0
309416,164004,1,1,0
7868480,164005,1,1,0
638992,164006,1,1,0
3654728,164007,1,0,1
3296592,164008,1,0,1
7967736,164009,1,0,1
2855776,164010,1,0,1
5049184,164011,1,1,0
3748472,164012,1,1,0
7520096,164013,1,1,0
4418720,164014,1,1,0
7446912,164015,1,1,0
3852032,164016,1,0,1
551656,164017,1,1,0
1017608,164018,1,0,1
1005928,164019,1,1,0
5534608,164020,1,0,1
668600,164021,1,0,1
5181632,164022,1,0,1
3385816,164023,1,1,0
7015688,164024,1,0,1
699720,164025,1,0,1
688208,164026,1,0,1
116104,164027,1,0,1
1860160,164028,1,1,0
356408,164029,1,1,0
5421936,164030,1,1,0
2676776,164031,1,1,0
976376,164032,1,0,1
3421768,164033,1,1,0
5742832,164034,1,0,1
562408,164035,1,1,0
6312480,164036,1,1,0
1848272,164037,1,0,1
1059784,164038,1,1,0
3137536,164039,1,0,1
4292680,164040,1,1,0
2066336,164041,1,1,0
2988200,164042,1,0,1
983576,164043,1,1,0
1475616,164044,1,1,0
4516840,164045,1,1,0
514328,164046,1,0,1
3846936,164047,1,1,0
1402336,164048,1,1,0
1605544,164049,1,0,1
7172544,164050,1,1,0
304400,164051,1,1,0
2334280,164052,1,1,0
1857832,164053,1,0,1
932368,164054,1,1,0
6376624,164055,1,1,0
1951720,164056,1,0,1
4019176,164057,1,0,1
2724000,164058,1,0,1
1351144,164059,1,1,0
4137448,164060,1,1,0
451784,164061,1,0,1
1003104,164062,1,0,1
3047456,164063,1,0,1
3924624,164064,1,1,0
8196784,164065,1,0,1
7940968,164066,1,0,1
5705536,164067,1,1,0
1507032,164068,1,1,0
638584,164069,1,1,0
3401824,164070,1,1,0
2752072,164071,1,0,1
2865776,164072,1,1,0
6391680,164073,1,0,1
719696,164074,1,1,0
704040,164075,1,0,1
2997128,164076,1,1,0
805416,164077,1,1,0
2798736,164078,1,0,1
4939352,164079,1,0,1
3591936,164080,1,0,1
1830320,164081,1,1,0
3384832,164082,1,0,1
7225984,164083,1,0,1
364920,164084,1,0,1
580384,164085,1,0,1
1067456,164086,1,0,1
2606912,164087,1,1,0
6705912,164088,1,0,1
4704296,164089,1,0,1
412960,164090,1,1,0
2716608,164091,1,1,0
837968,164092,1,1,0
2443232,164093,1,0,1
3644560,164094,1,1,0
931160,164095,1,0,1
1242464,164096,1,1,0
4434368,164097,1,0,1
6902824,164098,1,1,0
6597664,164099,1,1,0
292632,164100,1,0,1
1168896,164101,1,0,1
675760,164102,1,1,0
1470848,164103,1,1,0
7387984,164104,1,1,0
598728,164105,1,0,1
5943840,164106,1,0,1
2505000,164107,1,1,0
4324032,164108,1,0,1
2565088,164109,1,1,0
3267216,164110,1,1,0
1052216,164111,1,0,1
2150328,164112,1,1,0
2257808,164113,1,0,1
1397792,164114,1,0,1
214912,164115,1,0,1
5359344,164116,1,0,1
6861664,164117,1,1,0
3427488,164118,1,1,0
3068104,164119,1,1,0
1070600,164120,1,1,0
2203936,164121,1,0,1
6046344,164122,1,0,1
3644088,164123,1,1,0
1412480,164124,1,0,1
5639608,164125,1,0,1
1309320,164126,1,1,0
417192,164127,1,1,0
788936,164128,1,0,1
3252864,164129,1,0,1
4316080,164130,1,0,1
5894440,164131,1,1,0
6289720,164132,1,1,0
1012416,164133,1,1,0
2896824,164134,1,1,0
4649472,164135,1,1,0
1173272,164136,1,0,1
2072392,164137,1,1,0
7951792,164138,1,1,0
426664,164139,1,0,1
3856440,164140,1,1,0
203272,164141,1,0,1
3584288,164142,1,0,1
2035008,164143,1,1,0
1122904,164144,1,1,0
1718688,164145,1,1,0
2687776,164146,1,1,0
7692832,164147,1,0,1
5572800,164148,1,0,1
5814696,164149,1,1,0
607016,164150,1,1,0
3277544,164151,1,1,0
721032,164152,1,1,0
675488,164153,1,0,1
5121776,164154,1,0,1
1954872,164155,1,0,1
668032,164156,1,1,0
712424,164157,1,1,0
4756080,164158,1,1,0
2581624,164159,1,1,0
784888,164160,1,0,1
6285552,164161,1,0,1
4367224,164162,1,0,1
946880,164163,1,0,1
1182112,164164,1,1,0
3010920,164165,1,0,1
2314384,164166,1,0,1
976880,164167,1,1,0
387560,164168,1,0,1
714496,164169,1,1,0
1197448,164170,1,1,0
216648,164171,1,1,0
983560,164172,1,0,1
1426872,164173,1,1,0
2177704,164174,1,0,1
2042488,164175,1,1,0
3222360,164176,1,1,0
5924544,164177,1,0,1
3956720,164178,1,0,1
3366936,164179,1,0,1
2972368,164180,1,0,1
395832,164181,1,1,0
217368,164182,1,0,1
498992,164183,1,0,1
5646880,164184,1,0,1
320936,164185,1,1,0
5252080,164186,1,1,0
7438896,164187,1,0,1
1537680,164188,1,0,1
5412264,164189,1,0,1
2191360,164190,1,1,0
2758672,164191,1,0,1
5810816,164192,1,0,1
3603456,164193,1,0,1
6474304,164194,1,0,1
2478776,164195,1,0,1
476224,164196,1,0,1
4896944,164197,1,0,1
4998104,164198,1,1,0
2500904,164199,1,0,1
121976,164200,1,1,0
1807592,164201,1,1,0
1286592,164202,1,1,0
737536,164203,1,1,0
4724360,164204,1,1,0
573264,164205,1,1,0
2391472,164206,1,1,0
7686976,164207,1,0,1
704216,164208,1,1,0
167008,164209,1,1,0
5659664,164210,1,1,0
4315168,164211,1,1,0
2641952,164212,1,1,0
888336,164213,1,0,1
4393024,164214,1,0,1
1806936,164215,1,0,1
2095728,164216,1,0,1
607608,164217,1,1,0
5386448,164218,1,1,0
5463944,164219,1,1,0
693280,164220,1,0,1
2617720,164221,1,0,1
232096,164222,1,0,1
1467440,164223,1,1,0
1966944,164224,1,1,0
1683128,164225,1,1,0
2780088,164226,1,0,1
4968024,164227,1,1,0
7248272,164228,1,1,0
3082368,164229,1,0,1
879312,164230,1,1,0
1152192,164231,1,1,0
2496472,164232,1,0,1
1220624,164233,1,0,1
1534992,164234,1,0,1
7159984,164235,1,0,1
1725344,164236,1,1,0
2349984,164237,1,0,1
385752,164238,1,1,0
6988120,164239,1,1,0
3282832,164240,1,1,0
4507008,164241,1,1,0
4687544,164242,1,0,1
6336328,164243,1,1,0
272464,164244,1,0,1
5710840,164245,1,1,0
2323800,164246,1,0,1
3916488,164247,1,1,0
3579136,164248,1,1,0
7085480,164249,1,0,1
1180808,164250,1,1,0
5962672,164251,1,1,0
402664,164252,1,1,0
874816,164253,1,0,1
7556472,164254,1,0,1
3203304,164255,1,1,0
179528,164256,1,1,0
2184368,164257,1,1,0
3616944,164258,1,0,1
1984784,164259,1,0,1
7491776,164260,1,1,0
2474728,164261,1,1,0
6137408,164262,1,0,1
1732824,164263,1,0,1
2346304,164264,1,0,1
3075360,164265,1,0,1
837552,164266,1,0,1
1344848,164267,1,1,0
8085216,164268,1,1,0
1056928,164269,1,0,1
7076952,164270,1,1,0
380800,164271,1,0,1
632088,164272,1,0,1
2871592,164273,1,0,1
865648,164274,1,0,1
493984,164275,1,1,0
3078768,164276,1,0,1
4488160,164277,1,1,0
3037568,164278,1,1,0
2900096,164279,1,0,1
2644984,164280,1,1,0
8045360,164281,1,0,1
316056,164282,1,0,1
1953208,164283,1,0,1
2113032,164284,1,1,0
8065984,164285,1,0,1
378688,164286,1,0,1
283952,164287,1,1,0
922232,164288,1,1,0
2249024,164289,1,0,1
415576,164290,1,0,1
2293088,164291,1,0,1
5359752,164292,1,0,1
5410416,164293,1,0,1
4091096,164294,1,1,0
860144,164295,1,1,0
378560,164296,1,0,1
5743320,164297,1,1,0
4093720,164298,1,1,0
3333912,164299,1,1,0
1773152,164300,1,1,0
4074848,164301,1,1,0
545512,164302,1,0,1
1621720,164303,1,0,1
6600640,164304,1,0,1
2143000,164305,1,1,0
4410224,164306,1,1,0
472608,164307,1,1,0
6560688,164308,1,1,0
884536,164309,1,1,0
7819520,164310,1,1,0
2684440,164311,1,0,1
5965760,164312,1,0,1
5188992,164313,1,0,1
382632,164314,1,0,1
5629160,164315,1,0,1
6968024,164316,1,0,1
2068496,164317,1,1,0
4579688,164318,1,1,0
2857544,164319,1,1,0
3022232,164320,1,1,0
2735536,164321,1,1,0
4555992,164322,1,1,0
2093928,164323,1,1,0
1160280,164324,1,0,1
4237736,164325,1,0,1
427200,164326,1,0,1
5907232,164327,1,0,1
3852056,164328,1,0,1
1366848,164329,1,0,1
4107496,164330,1,0,1
4690936,164331,1,1,0
5527544,164332,1,1,0
7963312,164333,1,0,1
2940152,164334,1,1,0
594328,164335,1,0,1
4586000,164336,1,1,0
882480,164337,1,1,0
595680,164338,1,0,1
8084840,164339,1,0,1
6536616,164340,1,0,1
6194536,164341,1,0,1
641376,164342,1,1,0
1674888,164343,1,0,1
943904,164344,1,0,1
4454408,164345,1,1,0
7924008,164346,1,1,0
443992,164347,1,1,0
479648,164348,1,1,0
3402976,164349,1,1,0
4668328,164350,1,1,0
122848,164351,1,0,1
6807536,164352,1,1,0
3136456,164353,1,0,1
7539584,164354,1,1,0
349600,164355,1,1,0
3991784,164356,1,0,1
4267840,164357,1,0,1
2889536,164358,1,1,0
5083376,164359,1,0,1
240880,164360,1,1,0
2566040,164361,1,0,1
3163832,164362,1,0,1
1567928,164363,1,1,0
1364384,164364,1,0,1
1850296,164365,1,1,0
4610416,164366,1,1,0
560352,164367,1,1,0
636784,164368,1,0,1
1930992,164369,1,1,0
1193640,164370,1,1,0
2505936,164371,1,0,1
5457056,164372,1,0,1
3864400,164373,1,0,1
7406192,164374,1,1,0
1592136,164375,1,0,1
114352,164376,1,0,1
7871136,164377,1,1,0
412520,164378,1,0,1
4800224,164379,1,0,1
1789472,164380,1,1,0
3044456,164381,1,1,0
1340496,164382,1,1,0
294352,164383,1,0,1
8216240,164384,1,1,0
3572992,164385,1,1,0
374088,164386,1,1,0
4149752,164387,1,1,0
5262760,164388,1,1,0
5332976,164389,1,0,1
1168232,164390,1,0,1
197648,164391,1,1,0
379176,164392,1,1,0
471008,164393,1,1,0
1987584,164394,1,1,0
6964344,164395,1,1,0
5036448,164396,1,1,0
4534464,164397,1,1,0
4278744,164398,1,0,1
391768,164399,1,1,0
2039824,164400,1,0,1
3999536,164401,1,0,1
3494000,164402,1,0,1
334584,164403,1,1,0
3476400,164404,1,0,1
600944,164405,1,0,1
6390896,164406,1,1,0
5771000,164407,1,1,0
230856,164408,1,1,0
5537168,164409,1,0,1
1331064,164410,1,0,1
6474448,164411,1,1,0
3693376,164412,1,0,1
3399840,164413,1,1,0
5170784,164414,1,1,0
709000,164415,1,1,0
3350808,164416,1,0,1
372808,164417,1,1,0
1396328,164418,1,0,1
1894456,164419,1,0,1
963552,164420,1,1,0
3681672,164421,1,1,0
474992,164422,1,0,1
2339920,164423,1,0,1
2555248,164424,1,0,1
512600,164425,1,0,1
4475984,164426,1,0,1
7110648,164427,1,1,0
1565616,164428,1,1,0
2196440,164429,1,1,0
1765112,164430,1,1,0
7342840,164431,1,0,1
922304,164432,1,1,0
1608760,164433,1,0,1
1656080,164434,1,1,0
747280,164435,1,1,0
7293072,164436,1,1,0
162384,164437,1,0,1
2843192,164438,1,1,0
5339448,164439,1,1,0
1677408,164440,1,1,0
5902416,164441,1,1,0
447800,164442,1,1,0
6934336,164443,1,0,1
1095904,164444,1,0,1
3082696,164445,1,0,1
7519096,164446,1,0,1
2989776,164447,1,1,0
692080,164448,1,1,0
2148936,164449,1,0,1
1406512,164450,1,0,1
887528,164451,1,1,0
7020384,164452,1,1,0
284488,164453,1,0,1
3869456,164454,1,1,0
3147416,164455,1,1,0
569576,164456,1,0,1
1132600,164457,1,0,1
1738608,164458,1,0,1
7444792,164459,1,1,0
3866232,164460,1,0,1
6490632,164461,1,1,0
5044760,164462,1,0,1
733624,164463,1,1,0
1215984,164464,1,1,0
1158640,164465,1,1,0
295648,164466,1,1,0
549592,164467,1,0,1
7537664,164468,1,1,0
2299496,164469,1,1,0
2401096,164470,1,0,1
4019768,164471,1,0,1
225768,164472,1,1,0
8174800,164473,1,0,1
920000,164474,1,0,1
1436680,164475,1,0,1
2937672,164476,1,0,1
7211320,164477,1,0,1
1341792,164478,1,1,0
3775072,164479,1,1,0
2847376,164480,1,1,0
1022024,164481,1,1,0
2522336,164482,1,1,0
5984608,164483,1,0,1
6991440,164484,1,0,1
230960,164485,1,1,0
209112,164486,1,0,1
7393904,164487,1,1,0
2065912,164488,1,0,1
257712,164489,1,0,1
6703400,164490,1,1,0
1204320,164491,1,0,1
6086096,164492,1,0,1
503112,164493,1,1,0
445224,164494,1,0,1
6662344,164495,1,1,0
7714216,164496,1,0,1
433120,164497,1,0,1
8320416,164498,1,1,0
3107752,164499,1,1,0
1940408,164500,1,0,1
1425240,164501,1,0,1
1183416,164502,1,0,1
331296,164503,1,1,0
2104376,164504,1,0,1
1220072,164505,1,0,1
3537696,164506,1,0,1
5291088,164507,1,0,1
5373128,164508,1,0,1
1846856,164509,1,1,0
426200,164510,1,0,1
430704,164511,1,0,1
511328,164512,1,0,1
565496,164513,1,1,0
3213608,164514,1,0,1
4031296,164515,1,0,1
657808,164516,1,0,1
5129464,164517,1,0,1
337256,164518,1,1,0
6045424,164519,1,1,0
1020632,164520,1,1,0
5460352,164521,1,1,0
1796640,164522,1,1,0
2061712,164523,1,0,1
1167008,164524,1,1,0
596576,164525,1,0,1
538072,164526,1,0,1
3838976,164527,1,1,0
3790488,164528,1,0,1
8135224,164529,1,0,1
8295296,164530,1,1,0
1153528,164531,1,0,1
585632,164532,1,0,1
699992,164533,1,1,0
202256,164534,1,0,1
2312648,164535,1,1,0
1077024,164536,1,1,0
2124872,164537,1,0,1
2748976,164538,1,1,0
1114312,164539,1,0,1
2131080,164540,1,0,1
1352784,164541,1,1,0
1348640,164542,1,0,1
1075672,164543,1,0,1
1006336,164544,1,1,0
2603368,164545,1,1,0
1043464,164546,1,1,0
1202704,164547,1,0,1
723704,164548,1,0,1
6856272,164549,1,1,0
2209368,164550,1,1,0
2608472,164551,1,1,0
1996784,164552,1,1,0
4757504,164553,1,1,0
845072,164554,1,0,1
957712,164555,1,1,0
4516816,164556,1,0,1
2150040,164557,1,0,1
2543848,164558,1,1,0
3186896,164559,1,1,0
1972168,164560,1,1,0
1020336,164561,1,0,1
3756208,164562,1,0,1
2563888,164563,1,1,0
985624,164564,1,0,1
3155264,164565,1,1,0
4345560,164566,1,1,0
1269808,164567,1,0,1
3334328,164568,1,0,1
655128,164569,1,1,0
2977888,164570,1,1,0
279832,164571,1,0,1
3612120,164572,1,1,0
1493384,164573,1,1,0
1117904,164574,1,1,0
873360,164575,1,1,0
167312,164576,1,1,0
3370920,164577,1,1,0
5155744,164578,1,1,0
6269144,164579,1,1,0
3912056,164580,1,1,0
1327064,164581,1,0,1
3134984,164582,1,0,1
8386632,164583,1,1,0
440368,164584,1,0,1
435064,164585,1,0,1
5101968,164586,1,1,0
1726048,164587,1,1,0
6094456,164588,1,0,1
3046048,164589,1,0,1
5775408,164590,1,1,0
2556056,164591,1,1,0
2857232,164592,1,1,0
2525840,164593,1,0,1
4141424,164594,1,1,0
800912,164595,1,0,1
346152,164596,1,0,1
2541216,164597,1,0,1
2093352,164598,1,0,1
859520,164599,1,0,1
1257472,164600,1,1,0
3904432,164601,1,1,0
8151392,164602,1,1,0
3166424,164603,1,0,1
6448504,164604,1,0,1
804480,164605,1,1,0
4076184,164606,1,0,1
1065144,164607,1,0,1
1521200,164608,1,0,1
2407264,164609,1,0,1
7582504,164610,1,0,1
659744,164611,1,1,0
4422280,164612,1,1,0
4064464,164613,1,0,1
1815448,164614,1,1,0
3542504,164615,1,0,1
296336,164616,1,1,0
1004920,164617,1,1,0
2007448,164618,1,1,0
5258512,164619,1,1,0
1513912,164620,1,0,1
1697568,164621,1,1,0
1041112,164622,1,1,0
2046920,164623,1,0,1
4382304,164624,1,1,0
1793488,164625,1,1,0
607584,164626,1,0,1
2807296,164627,1,0,1
1329208,164628,1,1,0
549360,164629,1,1,0
3284712,164630,1,0,1
1811000,164631,1,1,0
245648,164632,1,0,1
6774904,164633,1,0,1
4666384,164634,1,1,0
6167400,164635,1,0,1
6083304,164636,1,1,0
2179152,164637,1,1,0
906184,164638,1,1,0
2656568,164639,1,1,0
275552,164640,1,0,1
7290288,164641,1,1,0
795008,164642,1,0,1
279152,164643,1,0,1
294664,164644,1,1,0
914656,164645,1,1,0
3358536,164646,1,0,1
688248,164647,1,0,1
6589816,164648,1,1,0
7803232,164649,1,0,1
3731920,164650,1,0,1
3325472,164651,1,0,1
2398848,164652,1,1,0
5438824,164653,1,1,0
581968,164654,1,1,0
820392,164655,1,1,0
5028200,164656,1,0,1
111304,164657,1,0,1
860336,164658,1,0,1
6417616,164659,1,0,1
1609608,164660,1,1,0
3398936,164661,1,0,1
202304,164662,1,0,1
3049272,164663,1,1,0
1002280,164664,1,0,1
2525696,164665,1,0,1
1935768,164666,1,0,1
7416496,164667,1,1,0
2627872,164668,1,0,1
1628416,164669,1,0,1
536656,164670,1,1,0
526752,164671,1,0,1
5695736,164672,1,1,0
1027872,164673,1,0,1
7394880,164674,1,1,0
267648,164675,1,1,0
1472736,164676,1,0,1
471952,164677,1,1,0
3208136,164678,1,1,0
303848,164679,1,1,0
2969128,164680,1,0,1
2006464,164681,1,1,0
1003008,164682,1,1,0
4649440,164683,1,1,0
2592528,164684,1,1,0
259712,164685,1,0,1
4274088,164686,1,0,1
192248,164687,1,1,0
1499136,164688,1,0,1
4574184,164689,1,1,0
322536,164690,1,1,0
492056,164691,1,1,0
417776,164692,1,1,0
5045248,164693,1,1,0
362456,164694,1,0,1
556744,164695,1,0,1
6474472,164696,1,0,1
738824,164697,1,0,1
497320,164698,1,1,0
4526904,164699,1,1,0
5106416,164700,1,1,0
4944224,164701,1,0,1
2559656,164702,1,1,0
1178288,164703,1,1,0
1576056,164704,1,0,1
326384,164705,1,0,1
1204576,164706,1,1,0
2976312,164707,1,1,0
1580504,164708,1,0,1
428728,164709,1,0,1
612880,164710,1,1,0
1679280,164711,1,0,1
3013144,164712,1,1,0
1532016,164713,1,0,1
7222448,164714,1,0,1
2458968,164715,1,0,1
2955672,164716,1,0,1
3613376,164717,1,0,1
710456,164718,1,1,0
512208,164719,1,0,1
1861688,164720,1,1,0
809552,164721,1,0,1
1615320,164722,1,0,1
3089360,164723,1,1,0
811256,164724,1,1,0
3762528,164725,1,0,1
3608640,164726,1,0,1
776672,164727,1,0,1
6168832,164728,1,1,0
5827632,164729,1,0,1
4234392,164730,1,0,1
6189960,164731,1,1,0
7608584,164732,1,1,0
357560,164733,1,0,1
7682304,164734,1,0,1
1216664,164735,1,1,0
2347872,164736,1,0,1
6943464,164737,1,0,1
1830240,164738,1,0,1
354384,164739,1,0,1
7080704,164740,1,1,0
6921840,164741,1,1,0
2115136,164742,1,0,1
914872,164743,1,1,0
1400808,164744,1,1,0
2647480,164745,1,0,1
1311376,164746,1,0,1
1711272,164747,1,1,0
8137112,164748,1,0,1
8089216,164749,1,1,0
6749128,164750,1,0,1
123480,164751,1,0,1
4825760,164752,1,0,1
2527968,164753,1,0,1
2320640,164754,1,1,0
7780592,164755,1,0,1
1168496,164756,1,0,1
296384,164757,1,1,0
5189408,164758,1,0,1
1513168,164759,1,0,1
2268440,164760,1,0,1
4603024,164761,1,1,0
1347064,164762,1,1,0
1788568,164763,1,0,1
736264,164764,1,1,0
583016,164765,1,0,1
6441392,164766,1,0,1
1090208,164767,1,1,0
7497352,164768,1,1,0
3659832,164769,1,0,1
3338256,164770,1,0,1
1491016,164771,1,0,1
5074720,164772,1,0,1
5879512,164773,1,1,0
5753872,164774,1,0,1
2413064,164775,1,1,0
1190600,164776,1,0,1
5346896,164777,1,1,0
1367192,164778,1,1,0
2177752,164779,1,1,0
1429952,164780,1,1,0
1396688,164781,1,1,0
714640,164782,1,1,0
2954720,164783,1,0,1
2974552,164784,1,1,0
233040,164785,1,0,1
1363592,164786,1,1,0
1101136,164787,1,0,1
1576840,164788,1,0,1
120768,164789,1,1,0
2025416,164790,1,0,1
335640,164791,1,0,1
4724520,164792,1,0,1
2453672,164793,1,1,0
6894272,164794,1,0,1
5372496,164795,1,0,1
1251040,164796,1,1,0
259576,164797,1,0,1
2653792,164798,1,0,1
744000,164799,1,0,1
5416488,164800,1,0,1
2465136,164801,1,1,0
1178048,164802,1,0,1
940568,164803,1,0,1
1271240,164804,1,0,1
3628256,164805,1,1,0
3602344,164806,1,1,0
2431584,164807,1,0,1
2915624,164808,1,1,0
7414768,164809,1,0,1
4194664,164810,1,0,1
3092712,164811,1,0,1
4331800,164812,1,1,0
440256,164813,1,1,0
4845552,164814,1,1,0
983968,164815,1,0,1
621688,164816,1,1,0
6824928,164817,1,0,1
366872,164818,1,0,1
981136,164819,1,1,0
1560096,164820,1,1,0
1186840,164821,1,0,1
1995080,164822,1,1,0
4405808,164823,1,1,0
3416520,164824,1,1,0
1932712,164825,1,1,0
921504,164826,1,1,0
653952,164827,1,1,0
432392,164828,1,1,0
2827504,164829,1,1,0
698168,164830,1,1,0
4976320,164831,1,0,1
436728,164832,1,0,1
441080,164833,1,0,1
1258264,164834,1,1,0
989472,164835,1,0,1
1414944,164836,1,1,0
971808,164837,1,1,0
3651768,164838,1,0,1
5817736,164839,1,0,1
1108128,164840,1,1,0
4597376,164841,1,0,1
1978024,164842,1,0,1
1484312,164843,1,0,1
793448,164844,1,1,0
4126376,164845,1,0,1
2871400,164846,1,0,1
4185704,164847,1,1,0
4941856,164848,1,1,0
1422728,164849,1,1,0
3233008,164850,1,1,0
1868208,164851,1,0,1
3004936,164852,1,1,0
1888832,164853,1,1,0
8306648,164854,1,0,1
1727776,164855,1,1,0
3616472,164856,1,1,0
2598344,164857,1,0,1
1682400,164858,1,1,0
580416,164859,1,0,1
2173096,164860,1,1,0
1378664,164861,1,1,0
4458592,164862,1,1,0
4152488,164863,1,0,1
1483576,164864,1,1,0
6680152,164865,1,1,0
2647632,164866,1,0,1
534424,164867,1,0,1
350216,164868,1,1,0
233008,164869,1,1,0
768168,164870,1,1,0
1092104,164871,1,1,0
381648,164872,1,1,0
6262464,164873,1,0,1
3550088,164874,1,0,1
5812464,164875,1,1,0
3008576,164876,1,1,0
5704384,164877,1,1,0
866648,164878,1,0,1
3956760,164879,1,0,1
2200448,164880,1,0,1
4936968,164881,1,0,1
353216,164882,1,1,0
5511328,164883,1,1,0
2459208,164884,1,0,1
4525696,164885,1,1,0
7437904,164886,1,1,0
413800,164887,1,0,1
1785216,164888,1,1,0
4926088,164889,1,1,0
647992,164890,1,1,0
665416,164891,1,1,0
4814680,164892,1,1,0
7808672,164893,1,1,0
4345888,164894,1,1,0
850896,164895,1,1,0
2201536,164896,1,1,0
5573600,164897,1,1,0
333952,164898,1,0,1
5549552,164899,1,1,0
4002888,164900,1,0,1
1380168,164901,1,1,0
2838848,164902,1,1,0
2237968,164903,1,1,0
3696400,164904,1,0,1
3427544,164905,1,0,1
4436960,164906,1,0,1
2188144,164907,1,0,1
499944,164908,1,1,0
2209312,164909,1,1,0
3287352,164910,1,1,0
8380840,164911,1,1,0
2319512,164912,1,1,0
543392,164913,1,0,1
1376520,164914,1,1,0
1416432,164915,1,1,0
2024144,164916,1,0,1
1054040,164917,1,0,1
5437016,164918,1,1,0
3946840,164919,1,1,0
1857352,164920,1,1,0
2634032,164921,1,0,1
717632,164922,1,1,0
4366448,164923,1,1,0
8184832,164924,1,1,0
1202480,164925,1,0,1
3951072,164926,1,0,1
1518104,164927,1,1,0
527632,164928,1,1,0
8104928,164929,1,0,1
4683296,164930,1,1,0
2024920,164931,1,0,1
2448968,164932,1,0,1
4085888,164933,1,1,0
5663608,164934,1,0,1
369064,164935,1,0,1
5211928,164936,1,1,0
1562944,164937,1,1,0
5071952,164938,1,1,0
191496,164939,1,0,1
1860712,164940,1,0,1
2727688,164941,1,1,0
4608192,164942,1,1,0
351504,164943,1,1,0
2223048,164944,1,0,1
1235320,164945,1,0,1
2930448,164946,1,1,0
1304416,164947,1,0,1
1236024,164948,1,0,1
3862464,164949,1,0,1
664112,164950,1,0,1
515344,164951,1,1,0
8012544,164952,1,0,1
4765040,164953,1,0,1
7268752,164954,1,0,1
2577760,164955,1,0,1
749392,164956,1,0,1
4600608,164957,1,0,1
6621352,164958,1,0,1
429792,164959,1,0,1
279080,164960,1,1,0
7549120,164961,1,0,1
3144656,164962,1,1,0
237912,164963,1,0,1
4934904,164964,1,1,0
269560,164965,1,1,0
4216408,164966,1,1,0
5773168,164967,1,0,1
1438992,164968,1,1,0
4191664,164969,1,0,1
972392,164970,1,0,1
7734376,164971,1,1,0
1302640,164972,1,0,1
4057888,164973,1,1,0
863272,164974,1,0,1
412136,164975,1,0,1
5376400,164976,1,1,0
3448512,164977,1,0,1
2332488,164978,1,1,0
3370320,164979,1,0,1
4370600,164980,1,0,1
5226376,164981,1,1,0
1919720,164982,1,1,0
4879688,164983,1,1,0
601600,164984,1,0,1
2369944,164985,1,1,0
2136824,164986,1,1,0
3361296,164987,1,0,1
1170544,164988,1,0,1
2250696,164989,1,0,1
1098472,164990,1,0,1
1539760,164991,1,0,1
2206216,164992,1,1,0
2787432,164993,1,1,0
2657784,164994,1,0,1
6022568,164995,1,1,0
1553840,164996,1,0,1
3934480,164997,1,0,1
4935816,164998,1,0,1
5406272,164999,1,0,1
1412264,165000,1,1,0
581072,165001,1,1,0
2675016,165002,1,1,0
8233296,165003,1,1,0
4422736,165004,1,0,1
2933112,165005,1,0,1
2386384,165006,1,0,1
864384,165007,1,0,1
3674168,165008,1,0,1
3649984,165009,1,1,0
3519368,165010,1,0,1
1708680,165011,1,0,1
1923304,165012,1,0,1
5932728,165013,1,0,1
144560,165014,1,1,0
6952944,165015,1,0,1
6190912,165016,1,0,1
151488,165017,1,0,1
1572856,165018,1,1,0
5370392,165019,1,0,1
1227640,165020,1,0,1
4328848,165021,1,0,1
4949592,165022,1,0,1
5319592,165023,1,1,0
1458144,165024,1,1,0
3307584,165025,1,1,0
437264,165026,1,1,0
6459400,165027,1,0,1
890784,165028,1,0,1
1956160,165029,1,1,0
781456,165030,1,0,1
284904,165031,1,1,0
1559232,165032,1,1,0
2300944,165033,1,0,1
3296736,165034,1,1,0
3620240,165035,1,0,1
2262600,165036,1,0,1
2868104,165037,1,0,1
1274560,165038,1,1,0
584208,165039,1,0,1
2604896,165040,1,1,0
6999776,165041,1,1,0
4897168,165042,1,1,0
562224,165043,1,0,1
4443904,165044,1,1,0
1700112,165045,1,0,1
2467504,165046,1,1,0
442184,165047,1,1,0
4211320,165048,1,0,1
884576,165049,1,1,0
4145224,165050,1,1,0
1177584,165051,1,0,1
7357880,165052,1,1,0
5090552,165053,1,0,1
1173000,165054,1,1,0
3153960,165055,1,1,0
3860136,165056,1,1,0
679296,165057,1,1,0
6241624,165058,1,0,1
5892656,165059,1,0,1
4001168,165060,1,1,0
5813800,165061,1,1,0
6730376,165062,1,1,0
2279232,165063,1,1,0
1801952,165064,1,0,1
3694920,165065,1,1,0
1836120,165066,1,1,0
5701608,165067,1,0,1
6727184,165068,1,0,1
4234784,165069,1,1,0
5204136,165070,1,0,1
3043320,165071,1,1,0
5385072,165072,1,0,1
1022424,165073,1,1,0
847472,165074,1,0,1
263392,165075,1,0,1
2017120,165076,1,0,1
2416440,165077,1,1,0
1138464,165078,1,0,1
3473072,165079,1,1,0
8159952,165080,1,1,0
2240568,165081,1,0,1
5180712,165082,1,1,0
3445488,165083,1,0,1
4257968,165084,1,0,1
4289184,165085,1,0,1
416056,165086,1,1,0
1193352,165087,1,1,0
185368,165088,1,1,0
6002352,165089,1,0,1
2622760,165090,1,0,1
4340736,165091,1,0,1
6042176,165092,1,0,1
2072224,165093,1,1,0
4267504,165094,1,0,1
6158704,165095,1,1,0
700856,165096,1,1,0
3670528,165097,1,1,0
2476376,165098,1,0,1
8025648,165099,1,0,1
1216144,165100,1,1,0
2008816,165101,1,1,0
704200,165102,1,0,1
2671272,165103,1,0,1
477744,165104,1,0,1
637832,165105,1,0,1
921984,165106,1,0,1
2105160,165107,1,1,0
6344152,165108,1,0,1
368072,165109,1,0,1
3769528,165110,1,1,0
8289128,165111,1,1,0
1041280,165112,1,1,0
1887240,165113,1,1,0
5379184,165114,1,0,1
165592,165115,1,0,1
961568,165116,1,1,0
302480,165117,1,0,1
3270184,165118,1,0,1
5127488,165119,1,1,0
1492656,165120,1,0,1
2239136,165121,1,0,1
746264,165122,1,1,0
2292840,165123,1,1,0
3739696,165124,1,1,0
4789752,165125,1,1,0
2806848,165126,1,0,1
3808040,165127,1,0,1
1633952,165128,1,0,1
3715736,165129,1,0,1
1038712,165130,1,0,1
2309456,165131,1,0,1
3737672,165132,1,1,0
3371624,165133,1,0,1
3672768,165134,1,1,0
8349272,165135,1,1,0
5743096,165136,1,1,0
1493200,165137,1,0,1
6244288,165138,1,1,0
4906072,165139,1,0,1
6818000,165140,1,0,1
332488,165141,1,1,0
547328,165142,1,1,0
3043072,165143,1,1,0
7423504,165144,1,0,1
220112,165145,1,0,1
3127240,165146,1,0,1
985064,165147,1,1,0
1308736,165148,1,1,0
3534520,165149,1,1,0
772480,165150,1,1,0
803752,165151,1,0,1
2826832,165152,1,0,1
1569888,165153,1,1,0
5781896,165154,1,1,0
2632456,165155,1,0,1
4843912,165156,1,1,0
3132776,165157,1,0,1
920144,165158,1,0,1
3395584,165159,1,0,1
768648,165160,1,1,0
364616,165161,1,1,0
5662920,165162,1,0,1
5757280,165163,1,1,0
4752688,165164,1,1,0
2821480,165165,1,0,1
8378888,165166,1,1,0
1005976,165167,1,0,1
7738824,165168,1,1,0
7234224,165169,1,0,1
748672,165170,1,0,1
314456,165171,1,0,1
479024,165172,1,0,1
7844408,165173,1,0,1
3775752,165174,1,1,0
3208608,165175,1,1,0
913656,165176,1,1,0
334752,165177,1,1,0
7444896,165178,1,1,0
360000,165179,1,0,1
5698376,165180,1,0,1
448440,165181,1,1,0
3926112,165182,1,1,0
762592,165183,1,0,1
2223040,165184,1,1,0
5926224,165185,1,0,1
1285896,165186,1,1,0
2285568,165187,1,1,0
7178104,165188,1,1,0
3208584,165189,1,1,0
579048,165190,1,1,0
2507952,165191,1,1,0
722688,165192,1,0,1
4417456,165193,1,0,1
5789976,165194,1,0,1
8209576,165195,1,0,1
6614528,165196,1,0,1
6566304,165197,1,0,1
2880608,165198,1,1,0
996160,165199,1,1,0
1020712,165200,1,0,1
647944,165201,1,0,1
6969552,165202,1,1,0
1008016,165203,1,0,1
5271688,165204,1,0,1
1917744,165205,1,1,0
2571424,165206,1,0,1
1704776,165207,1,0,1
2004400,165208,1,1,0
4269224,165209,1,1,0
8295576,165210,1,0,1
5363096,165211,1,1,0
672512,165212,1,0,1
2492288,165213,1,1,0
539840,165214,1,1,0
1014320,165215,1,1,0
5517040,165216,1,1,0
579216,165217,1,0,1
929736,165218,1,1,0
1235832,165219,1,1,0
1211872,165220,1,1,0
5124664,165221,1,1,0
4487784,165222,1,0,1
5346056,165223,1,1,0
577632,165224,1,1,0
976832,165225,1,0,1
5637792,165226,1,1,0
1643952,165227,1,0,1
2041096,165228,1,0,1
1472008,165229,1,1,0
8332584,165230,1,1,0
5072416,165231,1,1,0
236176,165232,1,1,0
6361328,165233,1,0,1
1660072,165234,1,0,1
7905824,165235,1,1,0
325376,165236,1,1,0
5072808,165237,1,1,0
2268328,165238,1,0,1
770800,165239,1,0,1
7723184,165240,1,1,0
4305704,165241,1,1,0
5040792,165242,1,0,1
4875784,165243,1,1,0
1778024,165244,1,1,0
583272,165245,1,0,1
2795936,165246,1,0,1
429352,165247,1,0,1
2111320,165248,1,1,0
2597600,165249,1,0,1
7463136,165250,1,0,1
1268368,165251,1,1,0
1601264,165252,1,0,1
5604256,165253,1,0,1
1100096,165254,1,1,0
1135904,165255,1,0,1
2095448,165256,1,1,0
1308392,165257,1,0,1
5140256,165258,1,1,0
5082560,165259,1,1,0
506824,165260,1,0,1
2449480,165261,1,0,1
4820328,165262,1,1,0
4644152,165263,1,1,0
2818768,165264,1,1,0
768720,165265,1,0,1
431712,165266,1,1,0
5574752,165267,1,1,0
2158888,165268,1,1,0
2226640,165269,1,0,1
187032,165270,1,0,1
4400096,165271,1,0,1
5444304,165272,1,1,0
841000,165273,1,1,0
1736272,165274,1,0,1
5618064,165275,1,1,0
871952,165276,1,1,0
4521736,165277,1,0,1
5098744,165278,1,1,0
550648,165279,1,0,1
1219072,165280,1,1,0
87440,165281,1,0,1
3869688,165282,1,0,1
7136024,165283,1,1,0
1684088,165284,1,0,1
2955008,165285,1,0,1
3128208,165286,1,1,0
5401208,165287,1,0,1
2782040,165288,1,1,0
3095600,165289,1,1,0
1514552,165290,1,1,0
1701448,165291,1,0,1
1706152,165292,1,0,1
1177144,165293,1,0,1
802064,165294,1,1,0
1738856,165295,1,1,0
1067200,165296,1,1,0
453256,165297,1,1,0
146072,165298,1,0,1
3299432,165299,1,1,0
3830520,165300,1,0,1
330960,165301,1,0,1
4698424,165302,1,1,0
4606784,165303,1,0,1
6083936,165304,1,0,1
5524512,165305,1,1,0
6763840,165306,1,0,1
7330536,165307,1,1,0
487480,165308,1,1,0
437992,165309,1,0,1
2773704,165310,1,0,1
121840,165311,1,0,1
5051672,165312,1,0,1
3626424,165313,1,0,1
7074120,165314,1,1,0
2464720,165315,1,0,1
4232336,165316,1,1,0
413920,165317,1,1,0
577984,165318,1,1,0
526784,165319,1,1,0
3586576,165320,1,1,0
1255944,165321,1,0,1
4942744,165322,1,1,0
2965392,165323,1,1,0
578928,165324,1,0,1
6558648,165325,1,1,0
2996736,165326,1,0,1
830960,165327,1,1,0
975008,165328,1,0,1
2431248,165329,1,1,0
344144,165330,1,1,0
5378928,165331,1,1,0
3875448,165332,1,1,0
5076064,165333,1,1,0
515992,165334,1,0,1
299976,165335,1,0,1
5481960,165336,1,1,0
1677624,165337,1,0,1
5524968,165338,1,1,0
3935216,165339,1,1,0
2726784,165340,1,1,0
7767896,165341,1,0,1
140448,165342,1,1,0
599368,165343,1,0,1
4418008,165344,1,1,0
5691696,165345,1,1,0
3735504,165346,1,1,0
176480,165347,1,0,1
578976,165348,1,0,1
1213784,165349,1,1,0
5745504,165350,1,0,1
3584240,165351,1,1,0
422536,165352,1,0,1
2077952,165353,1,0,1
4379776,165354,1,1,0
618632,165355,1,1,0
3454576,165356,1,1,0
3897680,165357,1,0,1
3455400,165358,1,1,0
8276216,165359,1,0,1
207528,165360,1,1,0
679384,165361,1,0,1
1018584,165362,1,0,1
4130968,165363,1,1,0
4036736,165364,1,1,0
5606280,165365,1,0,1
2488872,165366,1,1,0
2042728,165367,1,0,1
1156440,165368,1,0,1
3668456,165369,1,1,0
2354600,165370,1,1,0
7943656,165371,1,0,1
204576,165372,1,0,1
642936,165373,1,1,0
1048304,165374,1,0,1
306984,165375,1,0,1
718280,165376,1,1,0
8288720,165377,1,1,0
931288,165378,1,0,1
3142000,165379,1,1,0
7447392,165380,1,0,1
7511200,165381,1,1,0
5498952,165382,1,0,1
2358408,165383,1,0,1
511760,165384,1,0,1
7750040,165385,1,0,1
2340968,165386,1,0,1
2930520,165387,1,1,0
1240456,165388,1,0,1
291216,165389,1,1,0
266984,165390,1,0,1
3070544,165391,1,0,1
1528624,165392,1,0,1
1913800,165393,1,0,1
3248072,165394,1,1,0
445360,165395,1,0,1
383392,165396,1,0,1
2046960,165397,1,1,0
6360792,165398,1,1,0
1699088,165399,1,1,0
1532144,165400,1,0,1
1010368,165401,1,1,0
7949808,165402,1,0,1
921624,165403,1,0,1
972304,165404,1,0,1
7862576,165405,1,0,1
501296,165406,1,1,0
1291080,165407,1,0,1
8028888,165408,1,1,0
1046952,165409,1,1,0
514632,165410,1,0,1
1345816,165411,1,0,1
6575912,165412,1,1,0
232936,165413,1,0,1
675664,165414,1,1,0
736352,165415,1,0,1
789752,165416,1,1,0
256384,165417,1,1,0
543792,165418,1,0,1
1635824,165419,1,1,0
5727480,165420,1,0,1
923208,165421,1,1,0
1066552,165422,1,0,1
1959264,165423,1,0,1
6270320,165424,1,0,1
288408,165425,1,0,1
2027056,165426,1,1,0
2432416,165427,1,0,1
297864,165428,1,0,1
1497992,165429,1,0,1
6471344,165430,1,0,1
7696752,165431,1,1,0
295752,165432,1,1,0
1524904,165433,1,0,1
3452920,165434,1,1,0
1674904,165435,1,0,1
7472000,165436,1,1,0
5513248,165437,1,1,0
882544,165438,1,1,0
1211328,165439,1,1,0
427176,165440,1,1,0
5867112,165441,1,0,1
7439136,165442,1,1,0
6419888,165443,1,1,0
1942568,165444,1,1,0
6980912,165445,1,0,1
307440,165446,1,1,0
2008240,165447,1,1,0
6399824,165448,1,1,0
1869272,165449,1,1,0
962712,165450,1,0,1
3594256,165451,1,0,1
895952,165452,1,0,1
565928,165453,1,0,1
886728,165454,1,1,0
5099976,165455,1,1,0
1337208,165456,1,1,0
285776,165457,1,1,0
260840,165458,1,1,0
7918800,165459,1,1,0
1037344,165460,1,0,1
2035400,165461,1,1,0
2627280,165462,1,0,1
3327336,165463,1,1,0
2332112,165464,1,1,0
2036784,165465,1,0,1
662424,165466,1,0,1
6250584,165467,1,0,1
7385240,165468,1,0,1
4100784,165469,1,1,0
3343224,165470,1,1,0
5502984,165471,1,0,1
1651296,165472,1,0,1
7952408,165473,1,0,1
3054320,165474,1,1,0
1925488,165475,1,0,1
2823672,165476,1,0,1
6950184,165477,1,0,1
3494232,165478,1,1,0
2276248,165479,1,0,1
1426728,165480,1,1,0
609528,165481,1,1,0
3834424,165482,1,0,1
6844136,165483,1,1,0
1473800,165484,1,1,0
712192,165485,1,1,0
1151616,165486,1,1,0
1758048,165487,1,1,0
7957776,165488,1,1,0
8092224,165489,1,0,1
812200,165490,1,0,1
2666528,165491,1,1,0
5023008,165492,1,1,0
2096360,165493,1,1,0
820312,165494,1,1,0
710744,165495,1,0,1
1049896,165496,1,0,1
3429880,165497,1,0,1
6843264,165498,1,1,0
389672,165499,1,1,0
1110296,165500,1,0,1
556728,165501,1,1,0
7231144,165502,1,1,0
2032584,165503,1,1,0
2682416,165504,1,1,0
5918344,165505,1,1,0
5744288,165506,1,0,1
2960520,165507,1,0,1
1920120,165508,1,1,0
1768400,165509,1,0,1
934416,165510,1,0,1
190608,165511,1,1,0
4093040,165512,1,1,0
4283400,165513,1,1,0
498808,165514,1,0,1
757800,165515,1,0,1
6460992,165516,1,0,1
4478864,165517,1,0,1
1134744,165518,1,1,0
4401160,165519,1,1,0
567056,165520,1,0,1
5502584,165521,1,1,0
1417728,165522,1,1,0
4801680,165523,1,1,0
813976,165524,1,1,0
177352,165525,1,0,1
8276608,165526,1,1,0
6124168,165527,1,1,0
3549944,165528,1,1,0
4630392,165529,1,0,1
743712,165530,1,1,0
326656,165531,1,0,1
894424,165532,1,1,0
1047744,165533,1,0,1
3771584,165534,1,0,1
1314432,165535,1,0,1
1624904,165536,1,0,1
2806952,165537,1,1,0
4077432,165538,1,1,0
5965384,165539,1,0,1
3071256,165540,1,1,0
1912584,165541,1,1,0
6513984,165542,1,0,1
3504112,165543,1,0,1
1296784,165544,1,1,0
3165952,165545,1,1,0
1679824,165546,1,0,1
868528,165547,1,1,0
3604736,165548,1,0,1
696128,165549,1,0,1
3604896,165550,1,1,0
677072,165551,1,1,0
1934312,165552,1,0,1
3343256,165553,1,1,0
795416,165554,1,0,1
2005256,165555,1,0,1
6394704,165556,1,0,1
313152,165557,1,0,1
956016,165558,1,0,1
552528,165559,1,1,0
801648,165560,1,0,1
5274608,165561,1,1,0
210864,165562,1,1,0
644008,165563,1,0,1
557184,165564,1,0,1
458152,165565,1,1,0
2570656,165566,1,1,0
7014848,165567,1,1,0
2552040,165568,1,0,1
3160336,165569,1,1,0
287568,165570,1,1,0
763584,165571,1,0,1
1659120,165572,1,0,1
2900520,165573,1,1,0
174680,165574,1,0,1
860232,165575,1,1,0
1187600,165576,1,1,0
415280,165577,1,1,0
3225224,165578,1,1,0
2134832,165579,1,1,0
4305432,165580,1,1,0
280544,165581,1,0,1
4391656,165582,1,1,0
5456304,165583,1,1,0
591856,165584,1,1,0
456304,165585,1,0,1
4913664,165586,1,0,1
2765216,165587,1,1,0
2620008,165588,1,0,1
3462008,165589,1,0,1
2641720,165590,1,0,1
1759912,165591,1,0,1
1167256,165592,1,0,1
378984,165593,1,1,0
6054632,165594,1,1,0
4609480,165595,1,1,0
6094392,165596,1,0,1
1849520,165597,1,1,0
3886144,165598,1,1,0
2080208,165599,1,0,1
963128,165600,1,1,0
1079552,165601,1,0,1
1812136,165602,1,0,1
6299600,165603,1,1,0
2446792,165604,1,1,0
1215576,165605,1,1,0
802528,165606,1,0,1
3555912,165607,1,1,0
5644216,165608,1,1,0
4372840,165609,1,0,1
584688,165610,1,0,1
2357712,165611,1,0,1
2282528,165612,1,1,0
1896504,165613,1,1,0
3137152,165614,1,1,0
2060568,165615,1,0,1
4342688,165616,1,1,0
2008984,165617,1,0,1
1070640,165618,1,0,1
970784,165619,1,0,1
4202520,165620,1,1,0
1415296,165621,1,0,1
643976,165622,1,1,0
2446064,165623,1,1,0
397992,165624,1,0,1
5566792,165625,1,1,0
1603304,165626,1,0,1
244280,165627,1,1,0
3047816,165628,1,1,0
727640,165629,1,0,1
2567392,165630,1,0,1
8056728,165631,1,0,1
4670720,165632,1,0,1
2407592,165633,1,0,1
6660888,165634,1,1,0
522840,165635,1,1,0
3575216,165636,1,0,1
2737288,165637,1,1,0
7261720,165638,1,1,0
305504,165639,1,0,1
1245200,165640,1,1,0
1750920,165641,1,1,0
783328,165642,1,0,1
5978960,165643,1,0,1
6066008,165644,1,1,0
1813696,165645,1,0,1
5505408,165646,1,0,1
3668384,165647,1,0,1
478344,165648,1,1,0
830520,165649,1,0,1
6307032,165650,1,1,0
3843104,165651,1,0,1
2657496,165652,1,0,1
3297840,165653,1,1,0
4375864,165654,1,1,0
4118512,165655,1,0,1
3504744,165656,1,0,1
194704,165657,1,0,1
2834728,165658,1,0,1
3452776,165659,1,1,0
4537416,165660,1,0,1
674528,165661,1,1,0
2441184,165662,1,1,0
1096440,165663,1,1,0
6445416,165664,1,0,1
1358184,165665,1,0,1
2017312,165666,1,0,1
7338640,165667,1,0,1
7964360,165668,1,0,1
7233320,165669,1,0,1
3300376,165670,1,1,0
6419960,165671,1,1,0
1298728,165672,1,0,1
241776,165673,1,1,0
1865560,165674,1,0,1
8173152,165675,1,0,1
680032,165676,1,0,1
4482528,165677,1,0,1
1764184,165678,1,0,1
6168880,165679,1,0,1
5554552,165680,1,1,0
3892592,165681,1,0,1
3330808,165682,1,1,0
2145928,165683,1,1,0
6887688,165684,1,0,1
7722888,165685,1,0,1
7785664,165686,1,0,1
6105104,165687,1,1,0
864800,165688,1,0,1
6314608,165689,1,0,1
202736,165690,1,0,1
546080,165691,1,1,0
8212576,165692,1,1,0
4935832,165693,1,0,1
911384,165694,1,1,0
825728,165695,1,0,1
2103024,165696,1,0,1
706536,165697,1,1,0
1029400,165698,1,0,1
3880264,165699,1,0,1
1475912,165700,1,0,1
2698672,165701,1,0,1
3164440,165702,1,1,0
287008,165703,1,0,1
5391720,165704,1,1,0
3782456,165705,1,1,0
1741344,165706,1,0,1
8026224,165707,1,1,0
6314184,165708,1,0,1
650160,165709,1,0,1
607344,165710,1,1,0
3957992,165711,1,0,1
4919224,165712,1,1,0
310840,165713,1,0,1
5938960,165714,1,1,0
870344,165715,1,1,0
336008,165716,1,0,1
4328976,165717,1,1,0
6415944,165718,1,0,1
5553504,165719,1,0,1
2111944,165720,1,1,0
6204904,165721,1,0,1
5008888,165722,1,1,0
756528,165723,1,0,1
7977656,165724,1,0,1
3524880,165725,1,1,0
2075072,165726,1,1,0
4522096,165727,1,0,1
3681360,165728,1,0,1
4326864,165729,1,0,1
1984864,165730,1,1,0
771376,165731,1,0,1
753128,165732,1,0,1
519032,165733,1,1,0
966680,165734,1,1,0
4379232,165735,1,0,1
737224,165736,1,1,0
2163424,165737,1,1,0
675296,165738,1,1,0
1418624,165739,1,1,0
6091240,165740,1,0,1
939520,165741,1,0,1
306584,165742,1,0,1
7849640,165743,1,1,0
406616,165744,1,1,0
2139200,165745,1,0,1
6256000,165746,1,0,1
7887600,165747,1,0,1
1616816,165748,1,0,1
1140384,165749,1,1,0
973568,165750,1,0,1
6325008,165751,1,0,1
3496824,165752,1,1,0
1149872,165753,1,0,1
3664272,165754,1,0,1
6408656,165755,1,1,0
1058832,165756,1,1,0
3939424,165757,1,1,0
6260392,165758,1,0,1
5936776,165759,1,0,1
2469432,165760,1,1,0
1020304,165761,1,1,0
2701808,165762,1,1,0
4271048,165763,1,0,1
5422880,165764,1,1,0
1824376,165765,1,1,0
4587416,165766,1,0,1
1804984,165767,1,0,1
4808440,165768,1,0,1
5777720,165769,1,0,1
3755776,165770,1,1,0
1340360,165771,1,1,0
4276048,165772,1,0,1
6715520,165773,1,1,0
5519840,165774,1,0,1
4456584,165775,1,1,0
8169488,165776,1,0,1
4394456,165777,1,0,1
3058368,165778,1,0,1
5424184,165779,1,0,1
5886152,165780,1,1,0
7235256,165781,1,1,0
7654656,165782,1,0,1
4658616,165783,1,1,0
5543448,165784,1,1,0
7260744,165785,1,1,0
4517680,165786,1,1,0
3133488,165787,1,0,1
1518912,165788,1,1,0
2497112,165789,1,0,1
7092032,165790,1,1,0
8375544,165791,1,1,0
3560464,165792,1,0,1
7965152,165793,1,1,0
1039952,165794,1,1,0
1038888,165795,1,0,1
5302936,165796,1,1,0
208264,165797,1,0,1
5960960,165798,1,1,0
673384,165799,1,0,1
2323952,165800,1,1,0
905656,165801,1,1,0
7909888,165802,1,0,1
3377440,165803,1,0,1
1826960,165804,1,1,0
1238848,165805,1,1,0
3207240,165806,1,0,1
6601328,165807,1,0,1
1444736,165808,1,0,1
4695272,165809,1,1,0
3739768,165810,1,1,0
760192,165811,1,1,0
5987560,165812,1,1,0
2449744,165813,1,1,0
7428024,165814,1,1,0
1304696,165815,1,0,1
128936,165816,1,1,0
4536448,165817,1,1,0
677032,165818,1,0,1
464472,165819,1,1,0
194504,165820,1,0,1
3784904,165821,1,1,0
374104,165822,1,1,0
996872,165823,1,1,0
4279936,165824,1,1,0
4210088,165825,1,1,0
642272,165826,1,0,1
488720,165827,1,1,0
2761176,165828,1,0,1
1222504,165829,1,0,1
2647360,165830,1,0,1
1038448,165831,1,1,0
1188680,165832,1,1,0
252128,165833,1,0,1
4072464,165834,1,1,0
2197936,165835,1,1,0
634568,165836,1,0,1
6599568,165837,1,1,0
5940192,165838,1,0,1
871256,165839,1,1,0
4765520,165840,1,1,0
1511288,165841,1,0,1
1661888,165842,1,0,1
3655736,165843,1,1,0
1663216,165844,1,1,0
2161328,165845,1,0,1
307664,165846,1,0,1
5071888,165847,1,0,1
1674360,165848,1,1,0
2426896,165849,1,1,0
5538976,165850,1,0,1
862304,165851,1,1,0
3812784,165852,1,0,1
593312,165853,1,1,0
5591296,165854,1,1,0
1079632,165855,1,1,0
6261536,165856,1,0,1
3053520,165857,1,1,0
1005360,165858,1,1,0
484376,165859,1,0,1
6205728,165860,1,0,1
5587256,165861,1,0,1
1978872,165862,1,0,1
3948416,165863,1,0,1
59304,165864,1,1,0
644520,165865,1,0,1
3434016,165866,1,1,0
7478216,165867,1,1,0
413792,165868,1,0,1
3313776,165869,1,0,1
4098328,165870,1,0,1
409032,165871,1,0,1
1073888,165872,1,0,1
1481512,165873,1,1,0
878704,165874,1,0,1
1064752,165875,1,0,1
3664448,165876,1,1,0
205584,165877,1,0,1
752248,165878,1,1,0
3172888,165879,1,0,1
7795064,165880,1,1,0
5514520,165881,1,0,1
401408,165882,1,0,1
2792136,165883,1,1,0
1451792,165884,1,0,1
5620696,165885,1,1,0
2007696,165886,1,0,1
385976,165887,1,1,0
666304,165888,1,0,1
1391640,165889,1,0,1
7033904,165890,1,0,1
6234440,165891,1,0,1
3510152,165892,1,0,1
1558112,165893,1,0,1
8343000,165894,1,1,0
4817280,165895,1,1,0
3464104,165896,1,0,1
2736744,165897,1,1,0
3661656,165898,1,1,0
6612744,165899,1,1,0
2712056,165900,1,1,0
2838592,165901,1,1,0
595536,165902,1,0,1
1834824,165903,1,1,0
8386008,165904,1,0,1
2133648,165905,1,0,1
6009096,165906,1,0,1
1476944,165907,1,0,1
807400,165908,1,1,0
212672,165909,1,1,0
3353232,165910,1,0,1
8340880,165911,1,0,1
5925496,165912,1,1,0
5757720,165913,1,0,1
3507376,165914,1,1,0
1365752,165915,1,1,0
1731384,165916,1,0,1
1722600,165917,1,0,1
207928,165918,1,0,1
4573520,165919,1,1,0
8300632,165920,1,0,1
2084352,165921,1,1,0
504616,165922,1,0,1
4287280,165923,1,0,1
2499064,165924,1,0,1
1079216,165925,1,1,0
5317160,165926,1,1,0
5777672,165927,1,1,0
952336,165928,1,1,0
5593688,165929,1,1,0
4092704,165930,1,1,0
514752,165931,1,0,1
1074840,165932,1,0,1
6891600,165933,1,0,1
3033600,165934,1,1,0
3619432,165935,1,0,1
1702728,165936,1,0,1
2773584,165937,1,0,1
3598552,165938,1,1,0
2601312,165939,1,0,1
1086880,165940,1,1,0
233912,165941,1,0,1
5467128,165942,1,1,0
3415336,165943,1,0,1
3070496,165944,1,1,0
5139048,165945,1,0,1
8198416,165946,1,0,1
2109776,165947,1,0,1
3191512,165948,1,0,1
1314712,165949,1,1,0
2218560,165950,1,1,0
1277792,165951,1,0,1
4685120,165952,1,0,1
336056,165953,1,1,0
839368,165954,1,0,1
192016,165955,1,0,1
316360,165956,1,0,1
8191024,165957,1,1,0
1923816,165958,1,1,0
707568,165959,1,0,1
1119328,165960,1,0,1
4199264,165961,1,0,1
3350240,165962,1,0,1
1757296,165963,1,0,1
1977312,165964,1,1,0
5814872,165965,1,1,0
7767024,165966,1,1,0
375632,165967,1,0,1
950440,165968,1,0,1
4196480,165969,1,1,0
7572384,165970,1,0,1
5430424,165971,1,0,1
4088848,165972,1,0,1
284584,165973,1,0,1
4953456,165974,1,0,1
7627576,165975,1,0,1
2066712,165976,1,0,1
3867128,165977,1,1,0
7325104,165978,1,0,1
8116224,165979,1,1,0
563312,165980,1,1,0
324888,165981,1,0,1
5367024,165982,1,1,0
218448,165983,1,1,0
3549872,165984,1,1,0
1001952,165985,1,1,0
5198672,165986,1,0,1
7287144,165987,1,1,0
4018856,165988,1,0,1
5294600,165989,1,1,0
2988048,165990,1,1,0
6638168,165991,1,0,1
741088,165992,1,0,1
6580424,165993,1,0,1
4494248,165994,1,1,0
8345912,165995,1,1,0
738544,165996,1,0,1
5139976,165997,1,1,0
8061096,165998,1,1,0
987104,165999,1,0,1
866400,166000,1,1,0
1455672,166001,1,1,0
2094864,166002,1,1,0
195008,166003,1,1,0
128496,166004,1,1,0
3762176,166005,1,1,0
3925448,166006,1,0,1
2834848,166007,1,1,0
2356304,166008,1,0,1
3100928,166009,1,1,0
842640,166010,1,1,0
626784,166011,1,1,0
6061632,166012,1,0,1
288136,166013,1,1,0
6870280,166014,1,0,1
6066472,166015,1,0,1
223760,166016,1,1,0
2082856,166017,1,0,1
2127640,166018,1,0,1
187696,166019,1,1,0
740352,166020,1,1,0
721096,166021,1,0,1
2141056,166022,1,1,0
957112,166023,1,1,0
4560704,166024,1,1,0
2187512,166025,1,1,0
3689072,166026,1,0,1
2989328,166027,1,0,1
2394952,166028,1,1,0
2206072,166029,1,0,1
257232,166030,1,0,1
6677304,166031,1,0,1
1800920,166032,1,1,0
1832152,166033,1,1,0
2507088,166034,1,0,1
979896,166035,1,0,1
3607160,166036,1,1,0
7923968,166037,1,1,0
2559624,166038,1,1,0
641968,166039,1,0,1
2404560,166040,1,0,1
4529512,166041,1,1,0
5496360,166042,1,0,1
2735960,166043,1,1,0
2367400,166044,1,1,0
1550752,166045,1,1,0
1008936,166046,1,0,1
5129360,166047,1,1,0
1687096,166048,1,1,0
242848,166049,1,1,0
1224032,166050,1,0,1
4294272,166051,1,1,0
1621952,166052,1,0,1
2453168,166053,1,0,1
6937120,166054,1,0,1
2311192,166055,1,1,0
3937512,166056,1,0,1
1427072,166057,1,1,0
2074752,166058,1,0,1
931632,166059,1,0,1
1580688,166060,1,0,1
6830152,166061,1,1,0
6560912,166062,1,1,0
3277720,166063,1,1,0
617056,166064,1,0,1
324752,166065,1,0,1
7404280,166066,1,0,1
4108288,166067,1,1,0
6060912,166068,1,0,1
7051232,166069,1,1,0
4047192,166070,1,0,1
1498688,166071,1,0,1
2610872,166072,1,0,1
4239024,166073,1,0,1
4446368,166074,1,1,0
1593960,166075,1,0,1
7640032,166076,1,0,1
572512,166077,1,0,1
1525304,166078,1,1,0
479216,166079,1,0,1
6489896,166080,1,0,1
4204392,166081,1,1,0
2925096,166082,1,0,1
385424,166083,1,1,0
3708424,166084,1,0,1
5027080,166085,1,1,0
4375888,166086,1,0,1
3735912,166087,1,0,1
354120,166088,1,0,1
4012400,166089,1,1,0
4684648,166090,1,1,0
4537008,166091,1,0,1
6105376,166092,1,1,0
1250656,166093,1,0,1
2469720,166094,1,1,0
2824512,166095,1,1,0
239336,166096,1,1,0
1724200,166097,1,1,0
2392448,166098,1,0,1
6835144,166099,1,1,0
3156704,166100,1,1,0
1373880,166101,1,1,0
949960,166102,1,0,1
1850264,166103,1,0,1
664472,166104,1,1,0
2110456,166105,1,1,0
4267952,166106,1,0,1
1107800,166107,1,0,1
7065592,166108,1,0,1
265888,166109,1,1,0
2911200,166110,1,0,1
1853336,166111,1,1,0
5918416,166112,1,1,0
708120,166113,1,0,1
2754464,166114,1,0,1
612464,166115,1,1,0
4402320,166116,1,0,1
5164912,166117,1,1,0
3487560,166118,1,1,0
2675688,166119,1,0,1
3585536,166120,1,0,1
3991592,166121,1,1,0
566712,166122,1,1,0
420064,166123,1,0,1
1385040,166124,1,1,0
3939128,166125,1,0,1
809600,166126,1,0,1
8238464,166127,1,0,1
6056504,166128,1,1,0
384176,166129,1,0,1
3395184,166130,1,1,0
2434672,166131,1,1,0
2472960,166132,1,0,1
492304,166133,1,0,1
1655104,166134,1,0,1
3579544,166135,1,0,1
452192,166136,1,1,0
4821544,166137,1,1,0
8188336,166138,1,0,1
3934832,166139,1,1,0
740976,166140,1,0,1
889520,166141,1,1,0
1455192,166142,1,1,0
690472,166143,1,0,1
6677400,166144,1,1,0
5622152,166145,1,0,1
1109680,166146,1,1,0
516584,166147,1,0,1
5333744,166148,1,0,1
3289336,166149,1,0,1
3645456,166150,1,0,1
1077560,166151,1,1,0
683632,166152,1,1,0
1751336,166153,1,0,1
543152,166154,1,0,1
420960,166155,1,0,1
2890640,166156,1,1,0
1973920,166157,1,1,0
722248,166158,1,1,0
232824,166159,1,1,0
4951480,166160,1,1,0
490160,166161,1,1,0
2717040,166162,1,1,0
1781488,166163,1,1,0
484696,166164,1,1,0
655456,166165,1,0,1
7778264,166166,1,0,1
2367704,166167,1,1,0
6628480,166168,1,1,0
1800320,166169,1,1,0
1950640,166170,1,1,0
1506280,166171,1,0,1
1122736,166172,1,1,0
355496,166173,1,1,0
3941376,166174,1,0,1
6441256,166175,1,0,1
313536,166176,1,1,0
2027696,166177,1,1,0
1272120,166178,1,1,0
428720,166179,1,0,1
1633744,166180,1,0,1
7104536,166181,1,1,0
6375432,166182,1,0,1
332440,166183,1,0,1
4065968,166184,1,1,0
2613312,166185,1,1,0
2503488,166186,1,0,1
2041360,166187,1,0,1
991384,166188,1,1,0
1201952,166189,1,0,1
151976,166190,1,1,0
892256,166191,1,1,0
3647408,166192,1,0,1
2804216,166193,1,0,1
415088,166194,1,0,1
150328,166195,1,0,1
1384640,166196,1,1,0
2315024,166197,1,0,1
3131744,166198,1,1,0
2290432,166199,1,1,0
219248,166200,1,1,0
938136,166201,1,1,0
853896,166202,1,0,1
326328,166203,1,1,0
4704520,166204,1,1,0
7670152,166205,1,0,1
726704,166206,1,1,0
598904,166207,1,0,1
3449208,166208,1,0,1
2231176,166209,1,0,1
6146608,166210,1,0,1
7877120,166211,1,0,1
3663032,166212,1,0,1
131248,166213,1,0,1
2560584,166214,1,1,0
3108952,166215,1,0,1
509776,166216,1,1,0
5108952,166217,1,0,1
1630728,166218,1,0,1
2262344,166219,1,0,1
304936,166220,1,0,1
6899408,166221,1,1,0
1377328,166222,1,0,1
1432328,166223,1,0,1
2384088,166224,1,1,0
769288,166225,1,0,1
3004768,166226,1,0,1
597504,166227,1,0,1
2865208,166228,1,0,1
250512,166229,1,1,0
1389624,166230,1,1,0
2205728,166231,1,0,1
629064,166232,1,0,1
130712,166233,1,0,1
1502728,166234,1,0,1
1129000,166235,1,0,1
8290984,166236,1,1,0
2344216,166237,1,1,0
1458048,166238,1,1,0
736024,166239,1,1,0
6202432,166240,1,0,1
3370608,166241,1,1,0
1077760,166242,1,0,1
2717264,166243,1,0,1
648816,166244,1,1,0
3923192,166245,1,0,1
8248328,166246,1,0,1
8371000,166247,1,1,0
2033720,166248,1,0,1
6964128,166249,1,1,0
1112856,166250,1,1,0
5355960,166251,1,1,0
3490144,166252,1,0,1
5209112,166253,1,0,1
1591128,166254,1,1,0
3137640,166255,1,0,1
4496624,166256,1,1,0
3486648,166257,1,1,0
1889168,166258,1,0,1
2443584,166259,1,1,0
434672,166260,1,0,1
1340800,166261,1,0,1
1423336,166262,1,1,0
261048,166263,1,0,1
380728,166264,1,0,1
1081960,166265,1,0,1
860184,166266,1,1,0
2741088,166267,1,1,0
4333592,166268,1,1,0
7460168,166269,1,1,0
5241328,166270,1,0,1
3174584,166271,1,0,1
3285896,166272,1,0,1
355216,166273,1,1,0
7555488,166274,1,1,0
5428976,166275,1,0,1
1045456,166276,1,0,1
5022968,166277,1,1,0
2548496,166278,1,1,0
6832328,166279,1,0,1
564192,166280,1,0,1
345496,166281,1,1,0
4064280,166282,1,0,1
7032128,166283,1,1,0
963448,166284,1,0,1
1235272,166285,1,1,0
2229008,166286,1,0,1
2903640,166287,1,0,1
6027152,166288,1,0,1
2489064,166289,1,0,1
3282544,166290,1,0,1
63976,166291,1,1,0
503904,166292,1,0,1
2202672,166293,1,0,1
2121240,166294,1,1,0
7876528,166295,1,0,1
1923128,166296,1,0,1
4079760,166297,1,0,1
6963440,166298,1,1,0
856240,166299,1,0,1
698576,166300,1,0,1
2315248,166301,1,0,1
4835408,166302,1,1,0
2450048,166303,1,0,1
1547600,166304,1,0,1
2077960,166305,1,0,1
293488,166306,1,0,1
801968,166307,1,0,1
1555408,166308,1,0,1
2656824,166309,1,1,0
7139224,166310,1,0,1
4550576,166311,1,1,0
1044592,166312,1,0,1
6766200,166313,1,1,0
1228576,166314,1,0,1
560816,166315,1,0,1
1363160,166316,1,0,1
4065224,166317,1,1,0
6931152,166318,1,0,1
1109336,166319,1,0,1
1298120,166320,1,0,1
219920,166321,1,0,1
4091488,166322,1,1,0
1198496,166323,1,1,0
3271648,166324,1,1,0
1180512,166325,1,0,1
7581000,166326,1,0,1
2614088,166327,1,0,1
522792,166328,1,0,1
588080,166329,1,0,1
3427304,166330,1,0,1
5228656,166331,1,1,0
87688,166332,1,0,1
4113408,166333,1,0,1
815824,166334,1,1,0
899808,166335,1,0,1
1148016,166336,1,1,0
2848376,166337,1,1,0
7691424,166338,1,0,1
4230328,166339,1,0,1
3249544,166340,1,0,1
788944,166341,1,0,1
1649120,166342,1,0,1
6710408,166343,1,1,0
1414848,166344,1,1,0
1727600,166345,1,0,1
5125512,166346,1,1,0
1201512,166347,1,1,0
1272576,166348,1,1,0
1346680,166349,1,0,1
6604432,166350,1,1,0
1122688,166351,1,0,1
1338824,166352,1,0,1
3572464,166353,1,1,0
3942656,166354,1,0,1
4473912,166355,1,1,0
7020848,166356,1,0,1
3872136,166357,1,0,1
7094304,166358,1,1,0
573680,166359,1,0,1
4667144,166360,1,1,0
2770144,166361,1,1,0
5849624,166362,1,1,0
1823488,166363,1,0,1
854504,166364,1,0,1
3750024,166365,1,0,1
3141376,166366,1,0,1
1175320,166367,1,1,0
363944,166368,1,1,0
735640,166369,1,0,1
3836744,166370,1,0,1
2503568,166371,1,0,1
6267872,166372,1,1,0
1393104,166373,1,0,1
177176,166374,1,1,0
550056,166375,1,0,1
3230936,166376,1,0,1
667864,166377,1,1,0
3429272,166378,1,0,1
8079456,166379,1,0,1
5614120,166380,1,1,0
1650048,166381,1,0,1
3100496,166382,1,0,1
4922304,166383,1,1,0
1598928,166384,1,0,1
6969696,166385,1,1,0
3062832,166386,1,0,1
5325776,166387,1,1,0
3278504,166388,1,0,1
505432,166389,1,0,1
1647368,166390,1,0,1
2435856,166391,1,1,0
8132160,166392,1,0,1
7231912,166393,1,1,0
7053992,166394,1,1,0
2807280,166395,1,1,0
5903608,166396,1,1,0
496968,166397,1,0,1
254416,166398,1,0,1
4606696,166399,1,0,1
701464,166400,1,1,0
1860000,166401,1,0,1
1991848,166402,1,1,0
5397680,166403,1,0,1
1092312,166404,1,1,0
1278048,166405,1,0,1
379832,166406,1,0,1
2924184,166407,1,0,1
4077936,166408,1,1,0
1965304,166409,1,1,0
1716120,166410,1,0,1
6085760,166411,1,0,1
1220648,166412,1,1,0
307656,166413,1,1,0
4076216,166414,1,0,1
312064,166415,1,1,0
3811160,166416,1,1,0
4404648,166417,1,1,0
6798976,166418,1,1,0
347584,166419,1,0,1
4352632,166420,1,0,1
4036872,166421,1,0,1
2048328,166422,1,0,1
737816,166423,1,0,1
2190352,166424,1,1,0
1463608,166425,1,1,0
820352,166426,1,1,0
3583880,166427,1,1,0
3418456,166428,1,0,1
4474176,166429,1,0,1
4830920,166430,1,0,1
683408,166431,1,1,0
1641264,166432,1,0,1
157848,166433,1,1,0
7166744,166434,1,1,0
1527056,166435,1,1,0
7032056,166436,1,0,1
4082112,166437,1,0,1
3259472,166438,1,0,1
1184232,166439,1,0,1
1983552,166440,1,0,1
204792,166441,1,1,0
1110984,166442,1,0,1
1649784,166443,1,1,0
2096912,166444,1,0,1
1180056,166445,1,1,0
8076176,166446,1,0,1
1475576,166447,1,0,1
230672,166448,1,1,0
4407368,166449,1,1,0
3889048,166450,1,1,0
2667816,166451,1,1,0
2155672,166452,1,1,0
3982232,166453,1,0,1
593840,166454,1,0,1
7327048,166455,1,0,1
6453040,166456,1,0,1
8141616,166457,1,1,0
156136,166458,1,0,1
869480,166459,1,1,0
207664,166460,1,1,0
2112784,166461,1,1,0
4050864,166462,1,0,1
2949640,166463,1,0,1
1208856,166464,1,1,0
3100264,166465,1,0,1
3925096,166466,1,0,1
1727192,166467,1,1,0
3542992,166468,1,1,0
2145200,166469,1,1,0
452848,166470,1,1,0
212912,166471,1,0,1
1014672,166472,1,0,1
770032,166473,1,0,1
314040,166474,1,1,0
1745864,166475,1,1,0
3641704,166476,1,0,1
2584696,166477,1,0,1
1183696,166478,1,0,1
4115408,166479,1,1,0
3905848,166480,1,0,1
909264,166481,1,1,0
4602768,166482,1,1,0
7575672,166483,1,1,0
454936,166484,1,1,0
276192,166485,1,0,1
587328,166486,1,1,0
1780176,166487,1,0,1
2637144,166488,1,1,0
1998928,166489,1,0,1
5958744,166490,1,0,1
244616,166491,1,0,1
2186208,166492,1,1,0
704832,166493,1,1,0
573040,166494,1,1,0
3787400,166495,1,0,1
6726256,166496,1,1,0
592992,166497,1,0,1
1808472,166498,1,0,1
1263984,166499,1,1,0
4380344,166500,1,0,1
677000,166501,1,0,1
2934040,166502,1,0,1
5791504,166503,1,0,1
4340712,166504,1,0,1
1775056,166505,1,0,1
586960,166506,1,1,0
5673680,166507,1,0,1
4212088,166508,1,1,0
764008,166509,1,0,1
958104,166510,1,0,1
1377560,166511,1,0,1
5523144,166512,1,0,1
698184,166513,1,0,1
5052112,166514,1,1,0
742896,166515,1,1,0
177928,166516,1,1,0
852264,166517,1,1,0
6275728,166518,1,1,0
2041528,166519,1,0,1
3707760,166520,1,1,0
5169480,166521,1,0,1
1399616,166522,1,1,0
2580272,166523,1,1,0
4103752,166524,1,0,1
4777784,166525,1,0,1
387680,166526,1,0,1
5309296,166527,1,1,0
6444656,166528,1,1,0
2290912,166529,1,1,0
296624,166530,1,0,1
5047808,166531,1,1,0
340992,166532,1,0,1
2251144,166533,1,1,0
184208,166534,1,0,1
227760,166535,1,1,0
2775296,166536,1,1,0
6613512,166537,1,1,0
8336928,166538,1,1,0
828408,166539,1,0,1
2123968,166540,1,1,0
232752,166541,1,1,0
2371880,166542,1,1,0
2740248,166543,1,0,1
4334048,166544,1,0,1
1541560,166545,1,0,1
5782976,166546,1,1,0
4550920,166547,1,1,0
1971872,166548,1,1,0
3528184,166549,1,0,1
6156272,166550,1,1,0
7356616,166551,1,0,1
1886472,166552,1,1,0
1526680,166553,1,0,1
5797216,166554,1,0,1
1764032,166555,1,0,1
519944,166556,1,1,0
1773800,166557,1,0,1
769344,166558,1,1,0
3247488,166559,1,1,0
4730344,166560,1,1,0
1681472,166561,1,1,0
4497800,166562,1,1,0
3312928,166563,1,0,1
2187656,166564,1,1,0
4823640,166565,1,0,1
2930744,166566,1,0,1
304896,166567,1,1,0
549160,166568,1,1,0
574456,166569,1,1,0
3824208,166570,1,0,1
4923368,166571,1,1,0
4858472,166572,1,0,1
3319248,166573,1,0,1
234216,166574,1,1,0
639608,166575,1,1,0
982056,166576,1,0,1
2154312,166577,1,1,0
3835704,166578,1,1,0
160168,166579,1,1,0
1406480,166580,1,1,0
4263016,166581,1,0,1
980000,166582,1,1,0
3283328,166583,1,0,1
6438488,166584,1,0,1
3770944,166585,1,1,0
869416,166586,1,0,1
5482688,166587,1,1,0
225760,166588,1,0,1
3935752,166589,1,1,0
1544096,166590,1,0,1
8374072,166591,1,0,1
493552,166592,1,0,1
769680,166593,1,1,0
1370312,166594,1,1,0
2141216,166595,1,0,1
7484752,166596,1,1,0
5661456,166597,1,0,1
894016,166598,1,0,1
432272,166599,1,1,0
213144,166600,1,0,1
426032,166601,1,0,1
1409144,166602,1,1,0
1710768,166603,1,0,1
1564816,166604,1,0,1
7612448,166605,1,0,1
7458096,166606,1,0,1
1232640,166607,1,0,1
547120,166608,1,0,1
7749752,166609,1,1,0
507600,166610,1,0,1
453448,166611,1,1,0
7906016,166612,1,1,0
393600,166613,1,0,1
705888,166614,1,1,0
497488,166615,1,0,1
143216,166616,1,1,0
3302768,166617,1,0,1
3140336,166618,1,0,1
1624696,166619,1,0,1
2572128,166620,1,0,1
3452472,166621,1,1,0
6593944,166622,1,1,0
908752,166623,1,0,1
8048272,166624,1,0,1
285624,166625,1,0,1
3920928,166626,1,0,1
5643088,166627,1,0,1
6848744,166628,1,0,1
4417960,166629,1,0,1
985016,166630,1,0,1
641184,166631,1,1,0
420864,166632,1,0,1
1818296,166633,1,1,0
5882744,166634,1,0,1
5436000,166635,1,1,0
3317072,166636,1,0,1
3170792,166637,1,1,0
3255672,166638,1,0,1
757848,166639,1,0,1
4580552,166640,1,1,0
1364656,166641,1,0,1
1772040,166642,1,0,1
4100760,166643,1,1,0
7960808,166644,1,0,1
773472,166645,1,0,1
2310208,166646,1,1,0
1517424,166647,1,0,1
1490848,166648,1,1,0
425216,166649,1,1,0
1481240,166650,1,1,0
3476576,166651,1,0,1
3394200,166652,1,1,0
6043168,166653,1,1,0
1481760,166654,1,0,1
3934328,166655,1,1,0
691512,166656,1,0,1
222920,166657,1,0,1
6192280,166658,1,0,1
433064,166659,1,0,1
6150568,166660,1,1,0
7829648,166661,1,0,1
3164512,166662,1,1,0
7340856,166663,1,1,0
2421808,166664,1,1,0
5598824,166665,1,1,0
1472088,166666,1,1,0
294160,166667,1,1,0
957544,166668,1,1,0
1573960,166669,1,0,1
2130896,166670,1,1,0
1699760,166671,1,0,1
393456,166672,1,1,0
467872,166673,1,0,1
2702880,166674,1,1,0
4223368,166675,1,0,1
6892480,166676,1,0,1
592120,166677,1,1,0
249464,166678,1,1,0
5091848,166679,1,0,1
2702456,166680,1,0,1
2122136,166681,1,0,1
7865600,166682,1,0,1
2002400,166683,1,0,1
757008,166684,1,1,0
1371080,166685,1,1,0
2695040,166686,1,0,1
644488,166687,1,1,0
4432472,166688,1,0,1
3410944,166689,1,0,1
661456,166690,1,0,1
5837728,166691,1,1,0
797608,166692,1,1,0
2016024,166693,1,0,1
7756704,166694,1,0,1
768416,166695,1,0,1
5627904,166696,1,1,0
875176,166697,1,0,1
1060032,166698,1,1,0
2053408,166699,1,0,1
2766456,166700,1,1,0
2539792,166701,1,1,0
1208272,166702,1,1,0
988200,166703,1,0,1
2749568,166704,1,0,1
5379968,166705,1,1,0
1019800,166706,1,0,1
1450224,166707,1,0,1
3425136,166708,1,1,0
6197336,166709,1,1,0
3286504,166710,1,1,0
4085256,166711,1,1,0
3161240,166712,1,0,1
7392912,166713,1,0,1
1686192,166714,1,1,0
669280,166715,1,0,1
3451496,166716,1,0,1
7105384,166717,1,0,1
4657024,166718,1,1,0
6600136,166719,1,1,0
5273376,166720,1,1,0
4506472,166721,1,0,1
1530520,166722,1,1,0
5849408,166723,1,0,1
1800760,166724,1,0,1
4448288,166725,1,0,1
296576,166726,1,1,0
943328,166727,1,0,1
2262528,166728,1,0,1
1061200,166729,1,0,1
2362480,166730,1,1,0
1230600,166731,1,0,1
5563312,166732,1,0,1
634400,166733,1,0,1
5218384,166734,1,1,0
6680352,166735,1,1,0
5929192,166736,1,0,1
608144,166737,1,1,0
75872,166738,1,0,1
6323016,166739,1,0,1
7950528,166740,1,0,1
1760080,166741,1,0,1
802096,166742,1,0,1
345864,166743,1,0,1
673096,166744,1,1,0
6926024,166745,1,1,0
339152,166746,1,1,0
2442872,166747,1,1,0
2243408,166748,1,0,1
1108656,166749,1,1,0
872768,166750,1,1,0
1834136,166751,1,0,1
2304824,166752,1,0,1
1289344,166753,1,1,0
799784,166754,1,0,1
955976,166755,1,0,1
4970032,166756,1,0,1
5169408,166757,1,0,1
3895392,166758,1,0,1
399824,166759,1,0,1
6070984,166760,1,0,1
6261208,166761,1,0,1
6254384,166762,1,0,1
403720,166763,1,0,1
3495008,166764,1,1,0
2316560,166765,1,0,1
7813776,166766,1,1,0
3639912,166767,1,0,1
2937704,166768,1,1,0
1601296,166769,1,0,1
2853960,166770,1,0,1
1922648,166771,1,0,1
5359272,166772,1,1,0
4863072,166773,1,0,1
3256040,166774,1,1,0
1260728,166775,1,0,1
5823840,166776,1,1,0
3773224,166777,1,1,0
699440,166778,1,1,0
2274248,166779,1,0,1
6606424,166780,1,0,1
1753608,166781,1,1,0
4492304,166782,1,1,0
1181448,166783,1,0,1
222904,166784,1,1,0
4733384,166785,1,1,0
2747888,166786,1,0,1
6905376,166787,1,1,0
3305528,166788,1,1,0
2418192,166789,1,0,1
5788464,166790,1,1,0
1521088,166791,1,0,1
3927640,166792,1,0,1
5068240,166793,1,0,1
4685992,166794,1,1,0
975248,166795,1,0,1
3938776,166796,1,0,1
920528,166797,1,1,0
722672,166798,1,0,1
2822512,166799,1,0,1
229504,166800,1,0,1
940144,166801,1,0,1
5049880,166802,1,0,1
2691784,166803,1,0,1
290128,166804,1,0,1
463944,166805,1,0,1
8319720,166806,1,1,0
1614104,166807,1,0,1
1645024,166808,1,0,1
1587304,166809,1,1,0
506784,166810,1,1,0
1477456,166811,1,0,1
2656256,166812,1,0,1
683912,166813,1,0,1
1666520,166814,1,1,0
1526168,166815,1,1,0
1308864,166816,1,0,1
3474816,166817,1,1,0
5021832,166818,1,1,0
5605296,166819,1,1,0
590184,166820,1,0,1
139280,166821,1,0,1
4047224,166822,1,1,0
379104,166823,1,0,1
8337328,166824,1,0,1
4578472,166825,1,0,1
2874488,166826,1,0,1
3729192,166827,1,0,1
3368128,166828,1,0,1
549976,166829,1,1,0
1765608,166830,1,0,1
1220152,166831,1,1,0
325752,166832,1,0,1
161672,166833,1,1,0
2682696,166834,1,0,1
397320,166835,1,0,1
8005976,166836,1,0,1
2233496,166837,1,1,0
1812528,166838,1,1,0
2366352,166839,1,1,0
1092560,166840,1,0,1
1772712,166841,1,1,0
5910104,166842,1,1,0
479136,166843,1,0,1
882760,166844,1,1,0
419160,166845,1,1,0
1482768,166846,1,1,0
162040,166847,1,0,1
1095272,166848,1,1,0
1086872,166849,1,1,0
5214528,166850,1,1,0
946936,166851,1,0,1
492736,166852,1,1,0
3039808,166853,1,0,1
6581600,166854,1,1,0
1627400,166855,1,1,0
815376,166856,1,1,0
707424,166857,1,0,1
1223760,166858,1,1,0
2247536,166859,1,0,1
2038008,166860,1,0,1
632400,166861,1,1,0
3961840,166862,1,0,1
7234104,166863,1,1,0
2422168,166864,1,0,1
2327720,166865,1,0,1
8294832,166866,1,1,0
4263944,166867,1,0,1
7346752,166868,1,1,0
1143352,166869,1,1,0
523696,166870,1,0,1
1527200,166871,1,0,1
2490816,166872,1,1,0
3909608,166873,1,0,1
238936,166874,1,1,0
7334192,166875,1,0,1
319144,166876,1,0,1
4445008,166877,1,0,1
7816080,166878,1,0,1
567952,166879,1,0,1
3034296,166880,1,1,0
7218808,166881,1,0,1
1753728,166882,1,0,1
1594544,166883,1,1,0
956808,166884,1,0,1
6625960,166885,1,0,1
5732704,166886,1,1,0
3348336,166887,1,1,0
6998168,166888,1,0,1
6119064,166889,1,1,0
850000,166890,1,0,1
3729136,166891,1,0,1
2364576,166892,1,1,0
1652688,166893,1,0,1
323536,166894,1,1,0
3149296,166895,1,0,1
3096152,166896,1,1,0
2580136,166897,1,1,0
3525384,166898,1,0,1
1873744,166899,1,1,0
1401272,166900,1,0,1
6841896,166901,1,1,0
6092472,166902,1,0,1
1836536,166903,1,1,0
2121184,166904,1,1,0
5638288,166905,1,1,0
424312,166906,1,0,1
2525736,166907,1,1,0
2716800,166908,1,1,0
6830744,166909,1,0,1
4970856,166910,1,0,1
3930880,166911,1,1,0
996808,166912,1,0,1
1671072,166913,1,1,0
7117760,166914,1,0,1
510632,166915,1,1,0
1669088,166916,1,0,1
1786448,166917,1,1,0
7299080,166918,1,0,1
2757824,166919,1,1,0
1941352,166920,1,1,0
4022472,166921,1,1,0
1995648,166922,1,0,1
408792,166923,1,1,0
883488,166924,1,0,1
1969408,166925,1,1,0
5553440,166926,1,0,1
755064,166927,1,0,1
5885472,166928,1,0,1
2876280,166929,1,0,1
7651688,166930,1,1,0
6065792,166931,1,0,1
894376,166932,1,1,0
5768536,166933,1,0,1
5035472,166934,1,1,0
633576,166935,1,0,1
6866344,166936,1,1,0
399456,166937,1,1,0
2885480,166938,1,0,1
2200344,166939,1,0,1
8044704,166940,1,1,0
5400512,166941,1,1,0
4514056,166942,1,0,1
406488,166943,1,1,0
930528,166944,1,0,1
1049296,166945,1,1,0
313568,166946,1,0,1
333000,166947,1,0,1
1156424,166948,1,0,1
5657872,166949,1,1,0
5135808,166950,1,1,0
461504,166951,1,1,0
6197616,166952,1,0,1
503160,166953,1,1,0
2302536,166954,1,1,0
3757048,166955,1,1,0
1214384,166956,1,1,0
6108496,166957,1,0,1
4365560,166958,1,0,1
7187960,166959,1,1,0
856256,166960,1,1,0
5606576,166961,1,0,1
4672904,166962,1,1,0
2944048,166963,1,0,1
932288,166964,1,0,1
700544,166965,1,0,1
2097928,166966,1,0,1
8290544,166967,1,0,1
4211176,166968,1,0,1
846296,166969,1,1,0
347744,166970,1,1,0
2222336,166971,1,0,1
681472,166972,1,1,0
3322984,166973,1,0,1
1337112,166974,1,0,1
310056,166975,1,0,1
2290648,166976,1,0,1
450320,166977,1,1,0
856736,166978,1,0,1
833568,166979,1,1,0
7987592,166980,1,0,1
7444152,166981,1,1,0
157376,166982,1,0,1
193864,166983,1,0,1
7579928,166984,1,1,0
2039736,166985,1,1,0
4818144,166986,1,1,0
2186560,166987,1,0,1
3163048,166988,1,0,1
1413648,166989,1,0,1
3403320,166990,1,1,0
1255848,166991,1,1,0
2679496,166992,1,0,1
6044576,166993,1,1,0
5302808,166994,1,1,0
3478552,166995,1,0,1
1064248,166996,1,1,0
6233024,166997,1,0,1
1104816,166998,1,1,0
6452976,166999,1,1,0
5351424,167000,1,1,0
6033936,167001,1,0,1
2553560,167002,1,0,1
6221720,167003,1,1,0
436976,167004,1,1,0
2289840,167005,1,1,0
7646336,167006,1,1,0
687224,167007,1,1,0
3844336,167008,1,1,0
1498056,167009,1,1,0
3883520,167010,1,1,0
4138640,167011,1,0,1
495744,167012,1,1,0
627096,167013,1,1,0
605504,167014,1,0,1
1476304,167015,1,1,0
4809688,167016,1,0,1
2131536,167017,1,0,1
2194512,167018,1,0,1
819856,167019,1,1,0
1426776,167020,1,1,0
7716912,167021,1,0,1
694464,167022,1,1,0
3305056,167023,1,0,1
2896168,167024,1,0,1
5799680,167025,1,0,1
6007168,167026,1,0,1
4146184,167027,1,0,1
5474688,167028,1,0,1
3674744,167029,1,1,0
497504,167030,1,0,1
8224384,167031,1,1,0
147992,167032,1,1,0
377368,167033,1,0,1
6777448,167034,1,1,0
2420824,167035,1,1,0
589936,167036,1,1,0
619200,167037,1,1,0
6664008,167038,1,0,1
1402320,167039,1,0,1
5399832,167040,1,0,1
7909992,167041,1,0,1
852256,167042,1,1,0
6226872,167043,1,0,1
4698928,167044,1,0,1
6041072,167045,1,0,1
2927264,167046,1,0,1
3970112,167047,1,0,1
2075272,167048,1,1,0
3075536,167049,1,0,1
1409800,167050,1,1,0
629800,167051,1,1,0
1192392,167052,1,1,0
2201784,167053,1,0,1
1384960,167054,1,0,1
2102944,167055,1,0,1
3353720,167056,1,1,0
4586656,167057,1,1,0
519080,167058,1,1,0
3965008,167059,1,0,1
955296,167060,1,1,0
1706440,167061,1,0,1
1570776,167062,1,1,0
1052504,167063,1,1,0
369720,167064,1,1,0
176624,167065,1,0,1
4937272,167066,1,0,1
4139808,167067,1,0,1
4974448,167068,1,0,1
3022216,167069,1,0,1
116768,167070,1,1,0
186472,167071,1,1,0
2211432,167072,1,1,0
8129736,167073,1,1,0
1289656,167074,1,0,1
918640,167075,1,0,1
2214376,167076,1,1,0
4703624,167077,1,1,0
338768,167078,1,1,0
1436104,167079,1,0,1
2334032,167080,1,1,0
3762960,167081,1,0,1
3448368,167082,1,1,0
193696,167083,1,0,1
3996080,167084,1,0,1
1038576,167085,1,0,1
5859504,167086,1,0,1
6228800,167087,1,0,1
4505144,167088,1,1,0
332504,167089,1,1,0
2029024,167090,1,1,0
889624,167091,1,0,1
2951016,167092,1,0,1
635024,167093,1,1,0
7448416,167094,1,1,0
6712704,167095,1,0,1
3311288,167096,1,0,1
4670624,167097,1,1,0
801768,167098,1,1,0
188824,167099,1,0,1
203656,167100,1,1,0
1014136,167101,1,1,0
581368,167102,1,0,1
2922904,167103,1,0,1
87888,167104,1,0,1
621720,167105,1,0,1
723600,167106,1,0,1
1302784,167107,1,1,0
2927344,167108,1,0,1
3753328,167109,1,1,0
3343096,167110,1,1,0
5029744,167111,1,0,1
652048,167112,1,0,1
1041432,167113,1,1,0
4275992,167114,1,1,0
900312,167115,1,1,0
4324464,167116,1,1,0
3735584,167117,1,0,1
1370600,167118,1,1,0
4425800,167119,1,1,0
172232,167120,1,0,1
199280,167121,1,0,1
4845464,167122,1,0,1
2474920,167123,1,1,0
3860808,167124,1,1,0
7912320,167125,1,0,1
476624,167126,1,0,1
234656,167127,1,1,0
764088,167128,1,0,1
2319320,167129,1,1,0
114720,167130,1,0,1
7530536,167131,1,1,0
4473296,167132,1,0,1
4544048,167133,1,1,0
2664600,167134,1,1,0
1433312,167135,1,0,1
454248,167136,1,1,0
2757600,167137,1,1,0
1028184,167138,1,0,1
1399504,167139,1,0,1
1173984,167140,1,1,0
3843248,167141,1,0,1
658864,167142,1,1,0
1336192,167143,1,0,1
751096,167144,1,0,1
4668040,167145,1,1,0
2429000,167146,1,0,1
1119280,167147,1,1,0
3455200,167148,1,1,0
551880,167149,1,0,1
584224,167150,1,1,0
940416,167151,1,0,1
1703384,167152,1,1,0
2762528,167153,1,0,1
1661512,167154,1,1,0
4460496,167155,1,0,1
7564152,167156,1,1,0
588072,167157,1,1,0
3393424,167158,1,0,1
457920,167159,1,1,0
2697024,167160,1,1,0
1720064,167161,1,0,1
5147352,167162,1,0,1
1301624,167163,1,1,0
1509920,167164,1,1,0
1122024,167165,1,0,1
2115160,167166,1,0,1
833536,167167,1,1,0
5738656,167168,1,0,1
5685408,167169,1,0,1
594360,167170,1,0,1
204672,167171,1,0,1
908088,167172,1,0,1
1043952,167173,1,0,1
1398616,167174,1,1,0
5583392,167175,1,0,1
283360,167176,1,1,0
2523488,167177,1,0,1
391664,167178,1,1,0
1030616,167179,1,1,0
4554640,167180,1,0,1
8060704,167181,1,0,1
2823960,167182,1,0,1
2773416,167183,1,1,0
3428336,167184,1,0,1
2340544,167185,1,1,0
145440,167186,1,1,0
6359288,167187,1,0,1
228840,167188,1,0,1
7096592,167189,1,1,0
164928,167190,1,1,0
3713216,167191,1,0,1
2975416,167192,1,1,0
7613824,167193,1,1,0
6601768,167194,1,1,0
4906416,167195,1,0,1
2545040,167196,1,1,0
560864,167197,1,0,1
4731912,167198,1,1,0
806056,167199,1,0,1
4485216,167200,1,0,1
165144,167201,1,0,1
7964512,167202,1,0,1
2772488,167203,1,1,0
5677432,167204,1,1,0
6068568,167205,1,0,1
8103344,167206,1,0,1
991264,167207,1,1,0
6565168,167208,1,0,1
7615856,167209,1,1,0
1067984,167210,1,0,1
1101112,167211,1,1,0
7051104,167212,1,0,1
2724544,167213,1,0,1
4476208,167214,1,0,1
1767904,167215,1,0,1
1611336,167216,1,0,1
1678360,167217,1,1,0
332096,167218,1,1,0
818536,167219,1,1,0
7623848,167220,1,0,1
1341056,167221,1,0,1
704768,167222,1,1,0
2191872,167223,1,1,0
3280872,167224,1,1,0
7291096,167225,1,0,1
4619504,167226,1,1,0
1011888,167227,1,0,1
7483576,167228,1,0,1
3859320,167229,1,1,0
4944376,167230,1,0,1
380976,167231,1,0,1
5735416,167232,1,0,1
8017856,167233,1,1,0
8122320,167234,1,1,0
1048984,167235,1,0,1
3157808,167236,1,1,0
351208,167237,1,1,0
5175392,167238,1,1,0
1183312,167239,1,1,0
201368,167240,1,1,0
2630040,167241,1,0,1
6811104,167242,1,1,0
159008,167243,1,0,1
6877808,167244,1,1,0
2084136,167245,1,0,1
8158312,167246,1,1,0
3528984,167247,1,0,1
6292288,167248,1,1,0
2079320,167249,1,1,0
6121864,167250,1,1,0
2975040,167251,1,0,1
2028472,167252,1,0,1
7662904,167253,1,1,0
1699904,167254,1,1,0
1543600,167255,1,1,0
1226672,167256,1,0,1
2849080,167257,1,1,0
2513944,167258,1,1,0
337408,167259,1,0,1
368184,167260,1,1,0
606264,167261,1,0,1
1504168,167262,1,1,0
6152624,167263,1,0,1
2603816,167264,1,1,0
5373544,167265,1,1,0
3499544,167266,1,0,1
954456,167267,1,1,0
3098488,167268,1,0,1
7025672,167269,1,1,0
2940136,167270,1,0,1
1059632,167271,1,1,0
1623920,167272,1,1,0
6861616,167273,1,1,0
725712,167274,1,1,0
2020088,167275,1,1,0
1445248,167276,1,1,0
1577456,167277,1,0,1
860360,167278,1,1,0
1040208,167279,1,1,0
1198632,167280,1,0,1
6070368,167281,1,0,1
2947040,167282,1,0,1
654416,167283,1,1,0
1321488,167284,1,1,0
6842328,167285,1,0,1
809360,167286,1,0,1
2182272,167287,1,1,0
2575672,167288,1,1,0
7437400,167289,1,1,0
3259576,167290,1,1,0
396624,167291,1,1,0
856312,167292,1,0,1
5143032,167293,1,1,0
1467752,167294,1,1,0
313984,167295,1,0,1
5757576,167296,1,1,0
2000544,167297,1,1,0
770856,167298,1,0,1
4269480,167299,1,1,0
1283608,167300,1,1,0
7383072,167301,1,0,1
3454136,167302,1,1,0
6255512,167303,1,1,0
571864,167304,1,0,1
1109704,167305,1,1,0
2498032,167306,1,0,1
2224896,167307,1,0,1
3819728,167308,1,1,0
333464,167309,1,0,1
1926152,167310,1,1,0
697472,167311,1,0,1
2783672,167312,1,1,0
3556928,167313,1,0,1
5730928,167314,1,1,0
2223720,167315,1,0,1
5330872,167316,1,1,0
1962272,167317,1,0,1
2276920,167318,1,1,0
1800024,167319,1,0,1
3027392,167320,1,0,1
1336408,167321,1,0,1
8217944,167322,1,1,0
3733680,167323,1,1,0
150536,167324,1,0,1
2461464,167325,1,1,0
411976,167326,1,0,1
5885400,167327,1,1,0
7855360,167328,1,1,0
3083232,167329,1,0,1
2932968,167330,1,1,0
4051536,167331,1,0,1
541384,167332,1,0,1
2567048,167333,1,1,0
1564616,167334,1,1,0
6010176,167335,1,1,0
3745480,167336,1,1,0
6741640,167337,1,0,1
427336,167338,1,1,0
1330568,167339,1,1,0
201448,167340,1,0,1
2964840,167341,1,0,1
354016,167342,1,1,0
5431160,167343,1,0,1
681904,167344,1,0,1
489032,167345,1,1,0
5677760,167346,1,0,1
3500096,167347,1,0,1
3422896,167348,1,0,1
4661488,167349,1,0,1
857944,167350,1,0,1
4800784,167351,1,0,1
1565224,167352,1,1,0
1165384,167353,1,0,1
2762336,167354,1,0,1
488240,167355,1,1,0
4977344,167356,1,1,0
6313944,167357,1,0,1
3046008,167358,1,1,0
5445360,167359,1,1,0
3024264,167360,1,1,0
3751536,167361,1,0,1
4845032,167362,1,1,0
4947256,167363,1,1,0
846632,167364,1,0,1
434888,167365,1,1,0
1417328,167366,1,0,1
5917904,167367,1,0,1
452560,167368,1,0,1
6461632,167369,1,1,0
3812928,167370,1,0,1
762344,167371,1,0,1
3884480,167372,1,0,1
2905144,167373,1,0,1
1654712,167374,1,1,0
570592,167375,1,1,0
944784,167376,1,1,0
477448,167377,1,0,1
392712,167378,1,0,1
8043584,167379,1,1,0
121008,167380,1,0,1
282296,167381,1,0,1
304280,167382,1,0,1
520064,167383,1,1,0
3552016,167384,1,0,1
4852192,167385,1,1,0
5164432,167386,1,0,1
1068744,167387,1,1,0
7821104,167388,1,0,1
519480,167389,1,1,0
1776176,167390,1,1,0
716808,167391,1,0,1
771232,167392,1,0,1
1190088,167393,1,0,1
439288,167394,1,0,1
8253224,167395,1,1,0
6257968,167396,1,0,1
627688,167397,1,1,0
3028240,167398,1,1,0
1304056,167399,1,1,0
1317304,167400,1,1,0
8002480,167401,1,1,0
7030864,167402,1,1,0
1094688,167403,1,1,0
5077240,167404,1,0,1
2533968,167405,1,0,1
3166488,167406,1,0,1
3510344,167407,1,1,0
6316920,167408,1,1,0
3018856,167409,1,1,0
596504,167410,1,0,1
2411576,167411,1,0,1
1567976,167412,1,1,0
3046992,167413,1,1,0
980280,167414,1,0,1
466672,167415,1,0,1
5489864,167416,1,1,0
4846000,167417,1,0,1
782648,167418,1,0,1
4117712,167419,1,1,0
7044696,167420,1,1,0
6189536,167421,1,1,0
623024,167422,1,0,1
1456528,167423,1,1,0
6356128,167424,1,1,0
5993152,167425,1,1,0
2641728,167426,1,0,1
2121488,167427,1,0,1
1682720,167428,1,0,1
6855128,167429,1,0,1
1254120,167430,1,0,1
3994592,167431,1,1,0
2662096,167432,1,0,1
5285032,167433,1,0,1
4687896,167434,1,0,1
62760,167435,1,0,1
1355920,167436,1,1,0
248344,167437,1,1,0
2798576,167438,1,1,0
1428232,167439,1,1,0
181968,167440,1,1,0
2041040,167441,1,1,0
2586008,167442,1,0,1
4049624,167443,1,1,0
1823416,167444,1,0,1
888536,167445,1,0,1
2666792,167446,1,0,1
899464,167447,1,1,0
332408,167448,1,0,1
7255688,167449,1,1,0
314488,167450,1,1,0
707488,167451,1,1,0
346592,167452,1,1,0
4558600,167453,1,1,0
7230560,167454,1,0,1
1419224,167455,1,0,1
1293864,167456,1,0,1
4269656,167457,1,1,0
142920,167458,1,1,0
6593816,167459,1,1,0
411216,167460,1,1,0
248816,167461,1,1,0
2166928,167462,1,1,0
747896,167463,1,1,0
5377048,167464,1,1,0
2162232,167465,1,1,0
7275384,167466,1,1,0
8074040,167467,1,0,1
1841016,167468,1,1,0
3828512,167469,1,1,0
2823536,167470,1,0,1
3646136,167471,1,1,0
3807952,167472,1,1,0
4749224,167473,1,1,0
1010064,167474,1,1,0
7284528,167475,1,0,1
450960,167476,1,0,1
4507800,167477,1,1,0
149576,167478,1,1,0
1477488,167479,1,1,0
340000,167480,1,0,1
186064,167481,1,1,0
1262544,167482,1,0,1
1450664,167483,1,1,0
1370656,167484,1,0,1
434136,167485,1,0,1
6492752,167486,1,1,0
1818000,167487,1,0,1
6547848,167488,1,1,0
1729656,167489,1,0,1
902384,167490,1,1,0
5308880,167491,1,1,0
5547536,167492,1,0,1
4941408,167493,1,0,1
4952224,167494,1,1,0
471848,167495,1,1,0
512688,167496,1,0,1
4552440,167497,1,0,1
1985640,167498,1,1,0
504032,167499,1,1,0
1632296,167500,1,0,1
3263544,167501,1,0,1
1416456,167502,1,0,1
7437304,167503,1,1,0
8150888,167504,1,1,0
2585960,167505,1,0,1
3549328,167506,1,1,0
827616,167507,1,1,0
1934840,167508,1,0,1
1452248,167509,1,0,1
5793536,167510,1,1,0
2506640,167511,1,0,1
5230456,167512,1,1,0
1832968,167513,1,0,1
4718248,167514,1,0,1
3146888,167515,1,0,1
369448,167516,1,1,0
4889456,167517,1,0,1
2217768,167518,1,1,0
602344,167519,1,1,0
3748856,167520,1,1,0
1173032,167521,1,0,1
7000472,167522,1,1,0
2338224,167523,1,1,0
1139640,167524,1,0,1
1174088,167525,1,1,0
7702632,167526,1,1,0
959056,167527,1,0,1
3118208,167528,1,1,0
7322168,167529,1,1,0
910136,167530,1,0,1
891472,167531,1,0,1
2898584,167532,1,1,0
1745896,167533,1,0,1
7005048,167534,1,0,1
3378888,167535,1,0,1
3386032,167536,1,0,1
3703528,167537,1,0,1
1560784,167538,1,1,0
4296920,167539,1,1,0
6435024,167540,1,0,1
3215040,167541,1,1,0
1364208,167542,1,1,0
1264480,167543,1,1,0
1510488,167544,1,0,1
1402240,167545,1,0,1
4870872,167546,1,1,0
3843080,167547,1,0,1
3138136,167548,1,1,0
430728,167549,1,1,0
589864,167550,1,1,0
493144,167551,1,1,0
3149408,167552,1,0,1
5089656,167553,1,1,0
1346152,167554,1,0,1
1004032,167555,1,0,1
782416,167556,1,1,0
6790480,167557,1,0,1
3995760,167558,1,1,0
5679368,167559,1,0,1
114216,167560,1,0,1
6084376,167561,1,0,1
108272,167562,1,1,0
8288904,167563,1,1,0
3274400,167564,1,0,1
5319912,167565,1,1,0
166456,167566,1,0,1
2954976,167567,1,1,0
4447832,167568,1,1,0
3620552,167569,1,0,1
6032848,167570,1,1,0
1205376,167571,1,0,1
6354208,167572,1,1,0
1116176,167573,1,1,0
366128,167574,1,1,0
310728,167575,1,1,0
3574888,167576,1,1,0
2047784,167577,1,1,0
3742008,167578,1,0,1
1865904,167579,1,1,0
5510680,167580,1,1,0
112440,167581,1,1,0
4833112,167582,1,1,0
823320,167583,1,0,1
2835992,167584,1,0,1
4531976,167585,1,1,0
2493136,167586,1,0,1
285760,167587,1,0,1
1327216,167588,1,0,1
449584,167589,1,0,1
770144,167590,1,0,1
5186768,167591,1,0,1
2248528,167592,1,1,0
2170824,167593,1,0,1
5579456,167594,1,1,0
1143208,167595,1,1,0
1020928,167596,1,0,1
4429736,167597,1,0,1
1282464,167598,1,1,0
5259264,167599,1,0,1
1692944,167600,1,1,0
426800,167601,1,1,0
253656,167602,1,0,1
2911424,167603,1,1,0
5036680,167604,1,1,0
4050280,167605,1,1,0
1764216,167606,1,0,1
128144,167607,1,0,1
1941584,167608,1,0,1
6528248,167609,1,0,1
6623776,167610,1,0,1
588728,167611,1,1,0
638880,167612,1,1,0
7305296,167613,1,1,0
613120,167614,1,1,0
1711856,167615,1,0,1
4702984,167616,1,0,1
2551960,167617,1,1,0
3381248,167618,1,1,0
899944,167619,1,1,0
2312760,167620,1,1,0
2863752,167621,1,1,0
6053000,167622,1,0,1
4699264,167623,1,1,0
1357712,167624,1,0,1
3377432,167625,1,1,0
8046416,167626,1,0,1
4728288,167627,1,1,0
1447808,167628,1,0,1
2829736,167629,1,1,0
4097528,167630,1,0,1
2403280,167631,1,0,1
1266032,167632,1,0,1
6480152,167633,1,1,0
4484176,167634,1,0,1
4384184,167635,1,0,1
362792,167636,1,0,1
487360,167637,1,0,1
1509808,167638,1,1,0
3716864,167639,1,1,0
5963440,167640,1,0,1
2436384,167641,1,1,0
1215192,167642,1,0,1
6482288,167643,1,1,0
5812936,167644,1,0,1
4035344,167645,1,1,0
4054056,167646,1,0,1
452072,167647,1,1,0
5575280,167648,1,1,0
255136,167649,1,1,0
1914016,167650,1,1,0
2043664,167651,1,0,1
1704936,167652,1,0,1
6585896,167653,1,1,0
550760,167654,1,0,1
6007664,167655,1,0,1
943488,167656,1,1,0
3530176,167657,1,1,0
1737576,167658,1,1,0
5744776,167659,1,0,1
1850816,167660,1,1,0
284264,167661,1,1,0
220784,167662,1,0,1
282480,167663,1,1,0
663976,167664,1,0,1
6203192,167665,1,0,1
7685064,167666,1,1,0
1657200,167667,1,1,0
343048,167668,1,1,0
4289976,167669,1,1,0
1024000,167670,1,1,0
1853704,167671,1,0,1
6671376,167672,1,0,1
4399872,167673,1,0,1
1010760,167674,1,1,0
3422792,167675,1,1,0
7152712,167676,1,0,1
2425776,167677,1,1,0
4448456,167678,1,0,1
3647048,167679,1,0,1
7130328,167680,1,0,1
2163064,167681,1,1,0
1145384,167682,1,0,1
5365080,167683,1,1,0
890392,167684,1,1,0
7991712,167685,1,0,1
5442864,167686,1,1,0
914112,167687,1,1,0
1687848,167688,1,1,0
2987944,167689,1,1,0
4423408,167690,1,0,1
4181464,167691,1,0,1
4914376,167692,1,0,1
2392096,167693,1,1,0
2947256,167694,1,1,0
554688,167695,1,1,0
303192,167696,1,1,0
5275176,167697,1,0,1
417984,167698,1,0,1
321256,167699,1,1,0
5469024,167700,1,1,0
1709856,167701,1,0,1
2154120,167702,1,0,1
7800752,167703,1,1,0
724816,167704,1,0,1
1104000,167705,1,0,1
2775104,167706,1,1,0
4580440,167707,1,0,1
7305040,167708,1,0,1
3953304,167709,1,1,0
2276544,167710,1,0,1
3490280,167711,1,0,1
5148424,167712,1,0,1
1674120,167713,1,0,1
651240,167714,1,0,1
4091312,167715,1,1,0
5568904,167716,1,0,1
6112184,167717,1,0,1
8323024,167718,1,1,0
874896,167719,1,1,0
1425680,167720,1,1,0
552880,167721,1,0,1
465232,167722,1,0,1
8055048,167723,1,0,1
1151320,167724,1,1,0
277928,167725,1,0,1
1449896,167726,1,0,1
3092392,167727,1,1,0
3142552,167728,1,0,1
5226736,167729,1,0,1
4921624,167730,1,1,0
6425160,167731,1,0,1
607664,167732,1,0,1
222952,167733,1,0,1
3383624,167734,1,0,1
2364968,167735,1,0,1
6582024,167736,1,1,0
360272,167737,1,0,1
153336,167738,1,1,0
803760,167739,1,0,1
3308664,167740,1,0,1
7580560,167741,1,0,1
6469384,167742,1,0,1
8193872,167743,1,0,1
1920912,167744,1,1,0
1215392,167745,1,0,1
4473184,167746,1,0,1
5624512,167747,1,0,1
2629312,167748,1,0,1
1978592,167749,1,1,0
7810440,167750,1,0,1
260736,167751,1,1,0
397448,167752,1,1,0
2825520,167753,1,0,1
578800,167754,1,1,0
1408992,167755,1,1,0
905752,167756,1,1,0
1714840,167757,1,1,0
2406432,167758,1,0,1
4841568,167759,1,1,0
2801744,167760,1,1,0
180936,167761,1,1,0
729176,167762,1,0,1
7239592,167763,1,0,1
6573976,167764,1,1,0
2670312,167765,1,1,0
690648,167766,1,0,1
2571864,167767,1,1,0
1279168,167768,1,0,1
4003104,167769,1,1,0
3906864,167770,1,0,1
6181792,167771,1,1,0
1355824,167772,1,0,1
2945744,167773,1,1,0
1566800,167774,1,0,1
4430992,167775,1,0,1
6988840,167776,1,1,0
2696728,167777,1,0,1
3970392,167778,1,1,0
6380984,167779,1,0,1
1185624,167780,1,1,0
482104,167781,1,0,1
289840,167782,1,1,0
1360048,167783,1,1,0
3325000,167784,1,1,0
4264600,167785,1,1,0
488192,167786,1,0,1
3131984,167787,1,1,0
1629016,167788,1,1,0
823712,167789,1,1,0
3573104,167790,1,0,1
7809016,167791,1,0,1
929272,167792,1,1,0
1136824,167793,1,1,0
268544,167794,1,0,1
1517928,167795,1,1,0
7593912,167796,1,0,1
1204464,167797,1,0,1
300288,167798,1,0,1
394032,167799,1,1,0
6824960,167800,1,1,0
1818232,167801,1,1,0
1077064,167802,1,0,1
706704,167803,1,0,1
1887064,167804,1,1,0
540424,167805,1,1,0
854320,167806,1,1,0
5239912,167807,1,0,1
6777208,167808,1,1,0
1284464,167809,1,0,1
634896,167810,1,0,1
3153784,167811,1,0,1
3519928,167812,1,1,0
1255344,167813,1,1,0
2097216,167814,1,1,0
1999776,167815,1,0,1
7928664,167816,1,0,1
4465936,167817,1,0,1
7034016,167818,1,0,1
4312792,167819,1,0,1
5860944,167820,1,1,0
6212384,167821,1,1,0
435792,167822,1,0,1
2875416,167823,1,1,0
2285464,167824,1,1,0
2470208,167825,1,1,0
4433976,167826,1,0,1
2172432,167827,1,0,1
657448,167828,1,1,0
2883256,167829,1,0,1
611664,167830,1,0,1
694216,167831,1,1,0
6346256,167832,1,1,0
1038848,167833,1,1,0
677688,167834,1,0,1
5140488,167835,1,1,0
5768128,167836,1,0,1
1253800,167837,1,0,1
4624968,167838,1,0,1
223872,167839,1,1,0
366520,167840,1,0,1
3586336,167841,1,1,0
1175272,167842,1,0,1
1650776,167843,1,0,1
245104,167844,1,0,1
6648752,167845,1,0,1
5171704,167846,1,0,1
761848,167847,1,0,1
1214120,167848,1,1,0
1933056,167849,1,1,0
1914600,167850,1,1,0
1345784,167851,1,1,0
1365200,167852,1,1,0
2246672,167853,1,1,0
2279848,167854,1,1,0
1077952,167855,1,0,1
3965456,167856,1,0,1
6883240,167857,1,0,1
4983664,167858,1,1,0
2618856,167859,1,0,1
7952352,167860,1,1,0
2854912,167861,1,1,0
5921696,167862,1,1,0
2621872,167863,1,0,1
680544,167864,1,1,0
6460232,167865,1,0,1
2790184,167866,1,1,0
599488,167867,1,0,1
226264,167868,1,0,1
785064,167869,1,0,1
2629376,167870,1,0,1
1662072,167871,1,0,1
4038544,167872,1,0,1
4125912,167873,1,1,0
2047024,167874,1,0,1
1419624,167875,1,0,1
5062664,167876,1,1,0
352704,167877,1,0,1
310792,167878,1,1,0
5017320,167879,1,1,0
1153320,167880,1,0,1
2264880,167881,1,0,1
365280,167882,1,0,1
709088,167883,1,0,1
5820464,167884,1,1,0
856032,167885,1,1,0
696432,167886,1,1,0
2889016,167887,1,0,1
3885952,167888,1,1,0
1094512,167889,1,0,1
1478352,167890,1,1,0
1128664,167891,1,0,1
1741648,167892,1,0,1
428432,167893,1,1,0
3259120,167894,1,1,0
298064,167895,1,1,0
1590960,167896,1,0,1
6042808,167897,1,1,0
7888928,167898,1,0,1
6514376,167899,1,0,1
926208,167900,1,1,0
571704,167901,1,0,1
5064648,167902,1,1,0
1978624,167903,1,1,0
2421976,167904,1,0,1
3027000,167905,1,1,0
2125672,167906,1,1,0
5259632,167907,1,1,0
1448728,167908,1,0,1
6500680,167909,1,1,0
7469440,167910,1,0,1
1614288,167911,1,0,1
779200,167912,1,1,0
426976,167913,1,1,0
708848,167914,1,1,0
8026704,167915,1,0,1
1104696,167916,1,0,1
1617768,167917,1,1,0
3390200,167918,1,1,0
482832,167919,1,0,1
1459416,167920,1,0,1
1415896,167921,1,0,1
8204168,167922,1,1,0
2107480,167923,1,0,1
1312960,167924,1,1,0
6368664,167925,1,0,1
1153672,167926,1,1,0
7753056,167927,1,1,0
224568,167928,1,0,1
3324112,167929,1,0,1
2098704,167930,1,1,0
5729728,167931,1,0,1
7778856,167932,1,1,0
2503440,167933,1,0,1
4610816,167934,1,1,0
2893576,167935,1,0,1
571192,167936,1,1,0
1103432,167937,1,0,1
6601120,167938,1,1,0
1319680,167939,1,1,0
3315800,167940,1,1,0
4115176,167941,1,1,0
268464,167942,1,1,0
4775952,167943,1,1,0
2376640,167944,1,0,1
110568,167945,1,0,1
8173128,167946,1,1,0
422112,167947,1,0,1
6221504,167948,1,1,0
620640,167949,1,0,1
428712,167950,1,1,0
8186552,167951,1,1,0
372456,167952,1,0,1
5908568,167953,1,1,0
1320936,167954,1,1,0
531232,167955,1,0,1
472512,167956,1,1,0
1049832,167957,1,1,0
74584,167958,1,1,0
543832,167959,1,1,0
7952120,167960,1,0,1
5981752,167961,1,0,1
2431304,167962,1,0,1
284328,167963,1,0,1
2347504,167964,1,1,0
218496,167965,1,0,1
334432,167966,1,0,1
369904,167967,1,0,1
755944,167968,1,1,0
400312,167969,1,1,0
7800704,167970,1,0,1
3357928,167971,1,1,0
2343312,167972,1,1,0
1170816,167973,1,0,1
568984,167974,1,0,1
2137632,167975,1,1,0
2553464,167976,1,1,0
7873648,167977,1,0,1
1153576,167978,1,0,1
2021072,167979,1,0,1
1814464,167980,1,1,0
6404328,167981,1,0,1
1003864,167982,1,0,1
1240064,167983,1,1,0
1001392,167984,1,1,0
1902592,167985,1,0,1
1246120,167986,1,0,1
5558760,167987,1,0,1
1031920,167988,1,0,1
2173368,167989,1,0,1
3579688,167990,1,0,1
1549808,167991,1,1,0
230256,167992,1,1,0
1549752,167993,1,1,0
3341240,167994,1,1,0
2740160,167995,1,1,0
6099552,167996,1,0,1
3101584,167997,1,0,1
7663784,167998,1,0,1
2198072,167999,1,0,1
686088,168000,1,1,0
450240,168001,1,0,1
6972608,168002,1,1,0
401176,168003,1,0,1
2162056,168004,1,1,0
1818840,168005,1,0,1
2804208,168006,1,1,0
2800856,168007,1,0,1
5373008,168008,1,0,1
287808,168009,1,1,0
3386128,168010,1,1,0
1262128,168011,1,1,0
5206472,168012,1,0,1
6299696,168013,1,1,0
2456608,168014,1,1,0
690736,168015,1,1,0
2674056,168016,1,1,0
793624,168017,1,0,1
1501736,168018,1,0,1
3157720,168019,1,1,0
4052760,168020,1,1,0
3946784,168021,1,1,0
2002720,168022,1,0,1
6714032,168023,1,0,1
1371112,168024,1,0,1
952968,168025,1,1,0
6044944,168026,1,1,0
7468256,168027,1,0,1
7106920,168028,1,1,0
552000,168029,1,0,1
7007232,168030,1,0,1
556216,168031,1,1,0
2326880,168032,1,1,0
1889752,168033,1,0,1
7580192,168034,1,0,1
3015184,168035,1,0,1
1624752,168036,1,0,1
3358656,168037,1,0,1
1487104,168038,1,0,1
3573408,168039,1,0,1
1499936,168040,1,1,0
2033776,168041,1,1,0
3631008,168042,1,0,1
3812160,168043,1,0,1
3240552,168044,1,0,1
556184,168045,1,0,1
6625312,168046,1,1,0
4521208,168047,1,1,0
3128856,168048,1,0,1
640872,168049,1,0,1
4471872,168050,1,0,1
3046624,168051,1,1,0
3563064,168052,1,1,0
4063488,168053,1,0,1
3601176,168054,1,1,0
4415400,168055,1,0,1
3414128,168056,1,0,1
838248,168057,1,0,1
2648048,168058,1,1,0
1196176,168059,1,1,0
2729144,168060,1,0,1
1832760,168061,1,1,0
4241368,168062,1,0,1
3822752,168063,1,0,1
6602400,168064,1,1,0
6450832,168065,1,0,1
2179424,168066,1,1,0
6166104,168067,1,1,0
728360,168068,1,1,0
4734768,168069,1,1,0
8097536,168070,1,1,0
6009992,168071,1,1,0
2492144,168072,1,0,1
2372568,168073,1,0,1
2407936,168074,1,0,1
8102568,168075,1,1,0
2462856,168076,1,1,0
3541784,168077,1,1,0
3384768,168078,1,0,1
6075880,168079,1,0,1
2156376,168080,1,1,0
515232,168081,1,1,0
1424624,168082,1,1,0
5314320,168083,1,0,1
5165992,168084,1,1,0
4502336,168085,1,1,0
6247120,168086,1,0,1
2294600,168087,1,1,0
659896,168088,1,1,0
5413872,168089,1,0,1
3039424,168090,1,0,1
3617600,168091,1,0,1
249344,168092,1,0,1
1069664,168093,1,0,1
2966216,168094,1,0,1
8258824,168095,1,1,0
2894920,168096,1,1,0
2316632,168097,1,0,1
1014504,168098,1,1,0
2023512,168099,1,1,0
811472,168100,1,0,1
2211528,168101,1,0,1
3898040,168102,1,1,0
7560408,168103,1,0,1
460816,168104,1,1,0
3977168,168105,1,0,1
269552,168106,1,0,1
7154728,168107,1,0,1
3083432,168108,1,0,1
853144,168109,1,0,1
698752,168110,1,0,1
2496312,168111,1,0,1
2837400,168112,1,0,1
2949312,168113,1,1,0
583720,168114,1,1,0
264440,168115,1,1,0
7346416,168116,1,0,1
2456224,168117,1,0,1
1950496,168118,1,1,0
236888,168119,1,1,0
6889720,168120,1,0,1
796784,168121,1,1,0
1550208,168122,1,1,0
1542992,168123,1,0,1
2842632,168124,1,1,0
701032,168125,1,0,1
5270328,168126,1,1,0
2501704,168127,1,0,1
7374176,168128,1,0,1
7239256,168129,1,0,1
2781552,168130,1,1,0
519976,168131,1,1,0
247344,168132,1,0,1
1950104,168133,1,0,1
2194568,168134,1,0,1
1666384,168135,1,0,1
6439520,168136,1,1,0
507080,168137,1,0,1
3555792,168138,1,0,1
275512,168139,1,0,1
3768288,168140,1,0,1
1242560,168141,1,0,1
533192,168142,1,0,1
502312,168143,1,0,1
5075048,168144,1,0,1
827944,168145,1,0,1
2096968,168146,1,1,0
1780032,168147,1,0,1
4993784,168148,1,1,0
8033672,168149,1,0,1
694040,168150,1,0,1
4600552,168151,1,0,1
689368,168152,1,0,1
391560,168153,1,0,1
1765568,168154,1,0,1
7648456,168155,1,1,0
3283624,168156,1,1,0
127200,168157,1,0,1
962144,168158,1,0,1
6468896,168159,1,1,0
5003664,168160,1,0,1
6916040,168161,1,1,0
2370152,168162,1,1,0
1271872,168163,1,0,1
884400,168164,1,0,1
1054032,168165,1,0,1
1258720,168166,1,0,1
1735608,168167,1,1,0
1906328,168168,1,0,1
5967456,168169,1,1,0
1377776,168170,1,1,0
1004560,168171,1,1,0
2152152,168172,1,1,0
6312896,168173,1,1,0
5411072,168174,1,1,0
1050168,168175,1,0,1
2449264,168176,1,0,1
2679296,168177,1,1,0
3605712,168178,1,0,1
450800,168179,1,0,1
4811696,168180,1,1,0
4641544,168181,1,1,0
2593152,168182,1,0,1
3516456,168183,1,1,0
8031200,168184,1,1,0
3025464,168185,1,0,1
1019472,168186,1,1,0
6838200,168187,1,0,1
8173912,168188,1,0,1
2846416,168189,1,0,1
7521096,168190,1,0,1
5350544,168191,1,1,0
2906584,168192,1,1,0
6511328,168193,1,0,1
1832192,168194,1,0,1
4520480,168195,1,0,1
4970472,168196,1,0,1
1006656,168197,1,0,1
1894728,168198,1,1,0
5957832,168199,1,1,0
1591696,168200,1,1,0
474352,168201,1,0,1
4072520,168202,1,0,1
5036464,168203,1,0,1
6018904,168204,1,1,0
7711712,168205,1,0,1
4980504,168206,1,0,1
5625784,168207,1,0,1
1984960,168208,1,1,0
3236168,168209,1,0,1
847944,168210,1,0,1
1254848,168211,1,1,0
2821224,168212,1,1,0
1315728,168213,1,0,1
3445584,168214,1,0,1
2620848,168215,1,1,0
4903192,168216,1,1,0
481832,168217,1,0,1
573952,168218,1,0,1
4996136,168219,1,0,1
2837952,168220,1,1,0
5994408,168221,1,1,0
373824,168222,1,0,1
2765208,168223,1,1,0
476344,168224,1,0,1
987944,168225,1,1,0
2428712,168226,1,1,0
3943296,168227,1,0,1
334232,168228,1,0,1
299792,168229,1,0,1
1144920,168230,1,0,1
1546808,168231,1,1,0
1010272,168232,1,0,1
843504,168233,1,1,0
2158464,168234,1,1,0
2755680,168235,1,1,0
3928032,168236,1,1,0
4809320,168237,1,0,1
1646528,168238,1,0,1
7736128,168239,1,1,0
5603960,168240,1,1,0
1221000,168241,1,1,0
6623368,168242,1,0,1
1862664,168243,1,1,0
1695440,168244,1,0,1
2103744,168245,1,1,0
5103792,168246,1,0,1
1105216,168247,1,0,1
710176,168248,1,0,1
4077352,168249,1,0,1
3332856,168250,1,1,0
2992600,168251,1,1,0
304000,168252,1,0,1
5103304,168253,1,1,0
4066528,168254,1,1,0
6328232,168255,1,1,0
3276288,168256,1,0,1
2421720,168257,1,0,1
4086416,168258,1,1,0
1866688,168259,1,0,1
3167128,168260,1,0,1
1182400,168261,1,1,0
5482008,168262,1,1,0
1020768,168263,1,1,0
6073552,168264,1,1,0
1824504,168265,1,0,1
3452128,168266,1,0,1
2507240,168267,1,1,0
5208808,168268,1,0,1
2628184,168269,1,0,1
2771384,168270,1,0,1
5461968,168271,1,0,1
2579160,168272,1,1,0
4800400,168273,1,1,0
1406272,168274,1,1,0
674440,168275,1,0,1
2965664,168276,1,0,1
8025832,168277,1,0,1
5142128,168278,1,0,1
3520496,168279,1,1,0
1912512,168280,1,0,1
6218240,168281,1,1,0
3534456,168282,1,0,1
1173392,168283,1,1,0
7155904,168284,1,0,1
4093944,168285,1,0,1
1081040,168286,1,0,1
2409776,168287,1,1,0
3978760,168288,1,0,1
1691360,168289,1,0,1
3376416,168290,1,1,0
6605264,168291,1,0,1
4667280,168292,1,1,0
938792,168293,1,0,1
2900464,168294,1,1,0
1300144,168295,1,1,0
3825016,168296,1,0,1
2660696,168297,1,0,1
7368920,168298,1,1,0
1554608,168299,1,0,1
6663136,168300,1,1,0
1936560,168301,1,0,1
3816592,168302,1,1,0
394864,168303,1,0,1
7445992,168304,1,0,1
2008616,168305,1,0,1
7165560,168306,1,1,0
7156448,168307,1,0,1
5202800,168308,1,0,1
3677488,168309,1,0,1
2236256,168310,1,0,1
284440,168311,1,0,1
1407464,168312,1,1,0
301056,168313,1,1,0
198488,168314,1,0,1
535952,168315,1,1,0
6407776,168316,1,0,1
5418592,168317,1,0,1
5563240,168318,1,1,0
1531984,168319,1,0,1
1023576,168320,1,0,1
930152,168321,1,1,0
1640640,168322,1,0,1
7617152,168323,1,1,0
381240,168324,1,0,1
5012344,168325,1,1,0
3237680,168326,1,0,1
503960,168327,1,1,0
1482232,168328,1,0,1
1596576,168329,1,0,1
271128,168330,1,1,0
121928,168331,1,1,0
3856704,168332,1,1,0
1774928,168333,1,0,1
6655896,168334,1,1,0
2274120,168335,1,0,1
288440,168336,1,1,0
1055776,168337,1,0,1
702728,168338,1,0,1
4928944,168339,1,1,0
251240,168340,1,1,0
915000,168341,1,0,1
1720256,168342,1,0,1
1126632,168343,1,1,0
3485392,168344,1,1,0
602728,168345,1,1,0
1316960,168346,1,1,0
7265848,168347,1,1,0
1522328,168348,1,1,0
340632,168349,1,1,0
463232,168350,1,0,1
2357256,168351,1,1,0
1774488,168352,1,0,1
5577088,168353,1,1,0
3602640,168354,1,0,1
248008,168355,1,0,1
614640,168356,1,1,0
5890304,168357,1,0,1
1357272,168358,1,1,0
1190576,168359,1,1,0
5366808,168360,1,1,0
203688,168361,1,0,1
465952,168362,1,0,1
1413104,168363,1,1,0
926480,168364,1,1,0
935728,168365,1,0,1
201728,168366,1,1,0
542440,168367,1,1,0
8268400,168368,1,1,0
3993360,168369,1,1,0
2546216,168370,1,0,1
4868696,168371,1,0,1
5871000,168372,1,1,0
4789872,168373,1,1,0
4298096,168374,1,1,0
5174480,168375,1,1,0
949800,168376,1,0,1
2915328,168377,1,0,1
1622792,168378,1,0,1
4737168,168379,1,1,0
519000,168380,1,1,0
3182080,168381,1,0,1
2730672,168382,1,0,1
280104,168383,1,1,0
4955856,168384,1,1,0
6027888,168385,1,1,0
1200112,168386,1,0,1
2523952,168387,1,1,0
1616176,168388,1,0,1
376864,168389,1,1,0
1722064,168390,1,1,0
1316016,168391,1,1,0
407824,168392,1,1,0
6423072,168393,1,1,0
169824,168394,1,1,0
267144,168395,1,0,1
1611496,168396,1,1,0
214920,168397,1,1,0
3837224,168398,1,0,1
295632,168399,1,1,0
3712992,168400,1,1,0
5532472,168401,1,0,1
2947888,168402,1,0,1
2188728,168403,1,0,1
424264,168404,1,1,0
2333840,168405,1,0,1
655392,168406,1,1,0
2822168,168407,1,1,0
2696472,168408,1,0,1
1166952,168409,1,1,0
665264,168410,1,0,1
823960,168411,1,1,0
515880,168412,1,1,0
1986352,168413,1,0,1
350816,168414,1,0,1
5815680,168415,1,0,1
4838904,168416,1,1,0
3823520,168417,1,1,0
927232,168418,1,0,1
1836472,168419,1,1,0
1120456,168420,1,0,1
2334024,168421,1,0,1
245600,168422,1,0,1
6496512,168423,1,1,0
1136552,168424,1,1,0
5806296,168425,1,1,0
4131544,168426,1,0,1
7136976,168427,1,1,0
4554072,168428,1,1,0
2314032,168429,1,1,0
5518432,168430,1,1,0
2457752,168431,1,0,1
4562920,168432,1,0,1
3802136,168433,1,1,0
479752,168434,1,1,0
4903168,168435,1,1,0
2990856,168436,1,1,0
2691240,168437,1,0,1
466800,168438,1,1,0
221112,168439,1,0,1
134608,168440,1,1,0
747656,168441,1,0,1
3714112,168442,1,0,1
7296280,168443,1,0,1
3388256,168444,1,0,1
4885856,168445,1,1,0
4154112,168446,1,0,1
1894496,168447,1,1,0
1098184,168448,1,1,0
2847928,168449,1,0,1
925568,168450,1,0,1
7155384,168451,1,1,0
2869216,168452,1,1,0
726968,168453,1,1,0
5941640,168454,1,1,0
2929376,168455,1,0,1
5428992,168456,1,0,1
1321104,168457,1,1,0
287680,168458,1,0,1
7403856,168459,1,1,0
536224,168460,1,0,1
3033504,168461,1,0,1
6144168,168462,1,0,1
2746848,168463,1,1,0
405408,168464,1,1,0
4110792,168465,1,0,1
3676960,168466,1,1,0
7896544,168467,1,1,0
1815864,168468,1,0,1
562784,168469,1,1,0
1804448,168470,1,1,0
7100528,168471,1,1,0
4683784,168472,1,0,1
200192,168473,1,0,1
1740656,168474,1,1,0
2048696,168475,1,0,1
2685144,168476,1,0,1
1192424,168477,1,1,0
2989352,168478,1,0,1
7732744,168479,1,0,1
5510456,168480,1,1,0
4919608,168481,1,0,1
681776,168482,1,0,1
6281008,168483,1,1,0
6469816,168484,1,1,0
6871072,168485,1,0,1
4686504,168486,1,0,1
4755496,168487,1,1,0
3578264,168488,1,0,1
3846672,168489,1,1,0
8159128,168490,1,1,0
1466848,168491,1,0,1
7451808,168492,1,1,0
1545360,168493,1,0,1
2043712,168494,1,1,0
411296,168495,1,1,0
4984320,168496,1,1,0
3031216,168497,1,0,1
1191832,168498,1,0,1
423216,168499,1,0,1
8191544,168500,1,1,0
3496632,168501,1,1,0
4062144,168502,1,0,1
213160,168503,1,1,0
346232,168504,1,1,0
1822104,168505,1,1,0
6145336,168506,1,0,1
2584352,168507,1,1,0
1384952,168508,1,0,1
1716424,168509,1,0,1
3264976,168510,1,0,1
1454912,168511,1,0,1
2385712,168512,1,1,0
1041480,168513,1,1,0
4118784,168514,1,0,1
444440,168515,1,0,1
6097568,168516,1,0,1
3009856,168517,1,1,0
368240,168518,1,0,1
1533208,168519,1,1,0
6076568,168520,1,1,0
1929312,168521,1,1,0
1424504,168522,1,0,1
2751808,168523,1,1,0
820720,168524,1,0,1
6115728,168525,1,1,0
8162728,168526,1,1,0
481800,168527,1,0,1
2451328,168528,1,1,0
381280,168529,1,0,1
2731680,168530,1,1,0
2772408,168531,1,0,1
3763640,168532,1,0,1
1571400,168533,1,0,1
4601056,168534,1,0,1
2200856,168535,1,1,0
4017416,168536,1,0,1
1393560,168537,1,0,1
6283512,168538,1,1,0
7638136,168539,1,1,0
2182896,168540,1,0,1
1947064,168541,1,0,1
372968,168542,1,1,0
1534864,168543,1,1,0
614848,168544,1,1,0
1520448,168545,1,0,1
954640,168546,1,0,1
1481968,168547,1,1,0
133760,168548,1,0,1
4821200,168549,1,0,1
1104096,168550,1,0,1
5249032,168551,1,0,1
3618472,168552,1,1,0
583528,168553,1,1,0
4768224,168554,1,0,1
1256920,168555,1,0,1
3282360,168556,1,1,0
3618640,168557,1,0,1
4462120,168558,1,0,1
6097064,168559,1,0,1
7462520,168560,1,1,0
1895920,168561,1,0,1
2209432,168562,1,0,1
2603200,168563,1,0,1
7879656,168564,1,0,1
2226528,168565,1,1,0
2375456,168566,1,1,0
4521480,168567,1,0,1
1612408,168568,1,0,1
2026504,168569,1,1,0
1939432,168570,1,0,1
1013472,168571,1,0,1
2004168,168572,1,0,1
5993264,168573,1,0,1
920600,168574,1,1,0
3110264,168575,1,1,0
1151000,168576,1,1,0
3351728,168577,1,0,1
174960,168578,1,0,1
4476544,168579,1,1,0
957072,168580,1,0,1
2622240,168581,1,0,1
1736336,168582,1,0,1
1168928,168583,1,0,1
3863104,168584,1,0,1
2489432,168585,1,1,0
6292160,168586,1,0,1
302864,168587,1,1,0
6093784,168588,1,0,1
6228296,168589,1,0,1
1061136,168590,1,0,1
6838056,168591,1,1,0
6165504,168592,1,1,0
7056800,168593,1,0,1
1083088,168594,1,0,1
550000,168595,1,1,0
4227240,168596,1,1,0
4077112,168597,1,0,1
2901504,168598,1,0,1
3145344,168599,1,0,1
4839816,168600,1,0,1
1558664,168601,1,1,0
2707240,168602,1,1,0
5458400,168603,1,1,0
994912,168604,1,1,0
2652360,168605,1,1,0
305232,168606,1,1,0
4253992,168607,1,0,1
6461624,168608,1,1,0
404544,168609,1,0,1
3550624,168610,1,0,1
3027464,168611,1,1,0
3171224,168612,1,0,1
1281080,168613,1,1,0
667912,168614,1,1,0
1514704,168615,1,1,0
6775184,168616,1,0,1
1600936,168617,1,0,1
5358320,168618,1,0,1
6976096,168619,1,0,1
7871544,168620,1,1,0
2047720,168621,1,1,0
977536,168622,1,1,0
5347840,168623,1,1,0
470600,168624,1,1,0
491792,168625,1,1,0
316272,168626,1,1,0
6284144,168627,1,0,1
315264,168628,1,0,1
6962408,168629,1,0,1
5812064,168630,1,0,1
6629168,168631,1,1,0
4550720,168632,1,1,0
5740672,168633,1,0,1
674256,168634,1,1,0
6734432,168635,1,0,1
216976,168636,1,0,1
1788752,168637,1,0,1
789344,168638,1,0,1
1168840,168639,1,0,1
243456,168640,1,0,1
5862472,168641,1,0,1
656448,168642,1,1,0
1137752,168643,1,0,1
3564976,168644,1,0,1
5964112,168645,1,0,1
3217192,168646,1,0,1
257096,168647,1,0,1
6757968,168648,1,0,1
1705184,168649,1,0,1
882376,168650,1,0,1
3633120,168651,1,0,1
1303144,168652,1,0,1
811880,168653,1,1,0
4511768,168654,1,1,0
154768,168655,1,1,0
3771472,168656,1,0,1
995464,168657,1,1,0
7823216,168658,1,1,0
2933016,168659,1,1,0
1107416,168660,1,0,1
871904,168661,1,1,0
3375248,168662,1,1,0
507896,168663,1,1,0
5316544,168664,1,1,0
2469128,168665,1,1,0
6806776,168666,1,0,1
2708016,168667,1,1,0
845080,168668,1,0,1
2185592,168669,1,1,0
641224,168670,1,0,1
173400,168671,1,1,0
4253864,168672,1,1,0
811328,168673,1,0,1
7505384,168674,1,0,1
1387880,168675,1,1,0
362360,168676,1,1,0
6149976,168677,1,1,0
5531912,168678,1,0,1
4190432,168679,1,0,1
6623024,168680,1,1,0
3559496,168681,1,1,0
3753576,168682,1,0,1
524392,168683,1,0,1
235592,168684,1,1,0
625632,168685,1,1,0
1102840,168686,1,0,1
1847912,168687,1,1,0
2404864,168688,1,1,0
1779848,168689,1,0,1
6143856,168690,1,1,0
6644040,168691,1,1,0
5132528,168692,1,0,1
1889304,168693,1,1,0
3116000,168694,1,0,1
2006304,168695,1,1,0
750344,168696,1,1,0
7499160,168697,1,1,0
510688,168698,1,1,0
363656,168699,1,0,1
4086672,168700,1,1,0
1133168,168701,1,1,0
1887744,168702,1,0,1
2667472,168703,1,1,0
6826824,168704,1,1,0
1173616,168705,1,1,0
2095488,168706,1,1,0
4653504,168707,1,1,0
1641384,168708,1,0,1
634408,168709,1,1,0
5712136,168710,1,1,0
122168,168711,1,0,1
2403368,168712,1,0,1
5797848,168713,1,0,1
1208648,168714,1,0,1
4756792,168715,1,1,0
1591968,168716,1,0,1
2120840,168717,1,1,0
1299944,168718,1,0,1
1765392,168719,1,1,0
4479472,168720,1,1,0
4324696,168721,1,1,0
1227632,168722,1,0,1
1334848,168723,1,1,0
949840,168724,1,0,1
805952,168725,1,1,0
1885320,168726,1,1,0
5004552,168727,1,0,1
1797160,168728,1,1,0
3091040,168729,1,1,0
2687312,168730,1,0,1
3386112,168731,1,1,0
618544,168732,1,1,0
1516008,168733,1,0,1
577696,168734,1,0,1
3672144,168735,1,1,0
269400,168736,1,1,0
6901792,168737,1,0,1
6123840,168738,1,0,1
3737264,168739,1,1,0
1158816,168740,1,1,0
4132704,168741,1,1,0
379240,168742,1,1,0
1716536,168743,1,1,0
5324792,168744,1,0,1
683768,168745,1,1,0
1061208,168746,1,1,0
244648,168747,1,1,0
1373056,168748,1,1,0
2871416,168749,1,0,1
1172920,168750,1,0,1
4885544,168751,1,0,1
2032904,168752,1,0,1
7981208,168753,1,1,0
231936,168754,1,0,1
1170016,168755,1,0,1
1320472,168756,1,1,0
1904328,168757,1,0,1
283288,168758,1,0,1
5270976,168759,1,1,0
771784,168760,1,0,1
1028200,168761,1,0,1
639592,168762,1,0,1
2840672,168763,1,1,0
5702928,168764,1,0,1
263888,168765,1,0,1
391128,168766,1,0,1
367680,168767,1,0,1
826944,168768,1,0,1
2353264,168769,1,1,0
1943448,168770,1,0,1
3888816,168771,1,0,1
1144320,168772,1,1,0
747248,168773,1,0,1
1358064,168774,1,0,1
1154136,168775,1,0,1
1072752,168776,1,1,0
6500328,168777,1,1,0
646608,168778,1,0,1
407672,168779,1,0,1
6896536,168780,1,1,0
2477256,168781,1,0,1
345936,168782,1,1,0
1934680,168783,1,1,0
7407968,168784,1,0,1
1700816,168785,1,0,1
6812616,168786,1,0,1
267328,168787,1,0,1
3806280,168788,1,0,1
4929352,168789,1,0,1
1472944,168790,1,0,1
701800,168791,1,1,0
7932424,168792,1,1,0
1909768,168793,1,1,0
232336,168794,1,1,0
3351704,168795,1,1,0
6570168,168796,1,1,0
2581792,168797,1,0,1
892952,168798,1,1,0
2171808,168799,1,0,1
893296,168800,1,1,0
604344,168801,1,0,1
2810912,168802,1,1,0
625160,168803,1,0,1
6180880,168804,1,0,1
636768,168805,1,1,0
164816,168806,1,0,1
643336,168807,1,1,0
174640,168808,1,1,0
220608,168809,1,1,0
713008,168810,1,0,1
6187184,168811,1,0,1
3562616,168812,1,1,0
237968,168813,1,0,1
1397112,168814,1,0,1
3369320,168815,1,0,1
4773576,168816,1,1,0
428424,168817,1,0,1
2316664,168818,1,1,0
3442432,168819,1,0,1
1785768,168820,1,0,1
969128,168821,1,0,1
419192,168822,1,1,0
6747112,168823,1,0,1
2333184,168824,1,1,0
2099920,168825,1,0,1
4403536,168826,1,1,0
1429168,168827,1,0,1
1133016,168828,1,1,0
4349432,168829,1,1,0
3600400,168830,1,1,0
6372608,168831,1,0,1
802624,168832,1,1,0
2337984,168833,1,0,1
804448,168834,1,0,1
296240,168835,1,1,0
3907616,168836,1,0,1
2320792,168837,1,1,0
1980688,168838,1,1,0
3133360,168839,1,0,1
3167544,168840,1,0,1
528664,168841,1,0,1
2971664,168842,1,0,1
7370640,168843,1,1,0
780360,168844,1,0,1
3086672,168845,1,1,0
5823360,168846,1,1,0
1469392,168847,1,1,0
881168,168848,1,1,0
4661840,168849,1,1,0
4335200,168850,1,0,1
3455328,168851,1,0,1
5012280,168852,1,0,1
5547336,168853,1,1,0
6007888,168854,1,1,0
4403232,168855,1,0,1
5716672,168856,1,0,1
2870736,168857,1,0,1
1366696,168858,1,1,0
2097304,168859,1,0,1
6868152,168860,1,0,1
5794808,168861,1,1,0
2795672,168862,1,0,1
803512,168863,1,1,0
3139464,168864,1,0,1
7455736,168865,1,1,0
5858928,168866,1,1,0
417680,168867,1,0,1
2726416,168868,1,0,1
682544,168869,1,1,0
6592992,168870,1,1,0
3907408,168871,1,1,0
1394424,168872,1,1,0
2633712,168873,1,1,0
663152,168874,1,0,1
511432,168875,1,0,1
2519272,168876,1,1,0
3519832,168877,1,1,0
2487840,168878,1,1,0
4318032,168879,1,0,1
579560,168880,1,0,1
3086656,168881,1,1,0
7068304,168882,1,1,0
6905352,168883,1,1,0
5574704,168884,1,0,1
656496,168885,1,1,0
1946768,168886,1,0,1
117672,168887,1,1,0
1150944,168888,1,1,0
445536,168889,1,0,1
1325608,168890,1,1,0
2477008,168891,1,1,0
840096,168892,1,1,0
137936,168893,1,1,0
939384,168894,1,1,0
7044664,168895,1,1,0
366464,168896,1,1,0
844904,168897,1,0,1
2845088,168898,1,1,0
1256456,168899,1,0,1
4890520,168900,1,0,1
463808,168901,1,1,0
7266208,168902,1,1,0
818096,168903,1,0,1
650840,168904,1,1,0
2661856,168905,1,1,0
3592640,168906,1,1,0
1464784,168907,1,0,1
613968,168908,1,0,1
1768208,168909,1,0,1
4004488,168910,1,0,1
2936232,168911,1,0,1
529024,168912,1,0,1
3963920,168913,1,1,0
303752,168914,1,0,1
1206656,168915,1,1,0
3198432,168916,1,0,1
1045200,168917,1,1,0
608728,168918,1,0,1
6431136,168919,1,1,0
6469896,168920,1,1,0
1085432,168921,1,1,0
903456,168922,1,1,0
1253352,168923,1,0,1
533600,168924,1,1,0
7005032,168925,1,0,1
7334792,168926,1,0,1
1343832,168927,1,1,0
1268696,168928,1,1,0
3679256,168929,1,0,1
1109968,168930,1,0,1
6896208,168931,1,0,1
1139416,168932,1,1,0
1034008,168933,1,1,0
4415944,168934,1,0,1
8334920,168935,1,1,0
2151728,168936,1,1,0
7614736,168937,1,0,1
4714168,168938,1,0,1
384776,168939,1,0,1
980920,168940,1,1,0
594392,168941,1,1,0
6192952,168942,1,0,1
4145128,168943,1,1,0
184368,168944,1,1,0
987216,168945,1,0,1
4495616,168946,1,0,1
6501072,168947,1,0,1
6009536,168948,1,0,1
6950128,168949,1,0,1
1321896,168950,1,1,0
1240728,168951,1,1,0
6447368,168952,1,1,0
6991304,168953,1,1,0
7456816,168954,1,0,1
5998312,168955,1,1,0
90384,168956,1,1,0
1375288,168957,1,1,0
329696,168958,1,1,0
6746688,168959,1,1,0
296352,168960,1,1,0
3564920,168961,1,1,0
1296808,168962,1,0,1
281632,168963,1,1,0
5058008,168964,1,1,0
2213000,168965,1,1,0
3791768,168966,1,0,1
3531464,168967,1,0,1
4181896,168968,1,0,1
3623800,168969,1,1,0
952840,168970,1,0,1
3090960,168971,1,1,0
1418392,168972,1,1,0
5634208,168973,1,1,0
724920,168974,1,1,0
1638168,168975,1,0,1
853024,168976,1,0,1
2604560,168977,1,0,1
1898136,168978,1,1,0
3908960,168979,1,1,0
976296,168980,1,0,1
1429104,168981,1,0,1
1653584,168982,1,1,0
560528,168983,1,1,0
732488,168984,1,1,0
1295560,168985,1,0,1
8314376,168986,1,1,0
4048608,168987,1,0,1
6184480,168988,1,1,0
2343776,168989,1,0,1
629168,168990,1,1,0
2833264,168991,1,1,0
283816,168992,1,0,1
869848,168993,1,0,1
1818424,168994,1,0,1
2250864,168995,1,0,1
2876960,168996,1,0,1
3577880,168997,1,0,1
5916376,168998,1,1,0
1393856,168999,1,0,1
2678552,169000,1,1,0
2740016,169001,1,0,1
6416152,169002,1,1,0
7126616,169003,1,0,1
710112,169004,1,0,1
776832,169005,1,1,0
5525432,169006,1,0,1
2783136,169007,1,0,1
1270168,169008,1,1,0
2914584,169009,1,0,1
5690128,169010,1,1,0
711424,169011,1,0,1
413400,169012,1,0,1
2913608,169013,1,1,0
3559360,169014,1,1,0
1589288,169015,1,0,1
2591920,169016,1,0,1
1455760,169017,1,1,0
1770288,169018,1,1,0
298480,169019,1,1,0
315784,169020,1,0,1
5659264,169021,1,0,1
1713872,169022,1,0,1
5304560,169023,1,0,1
5105192,169024,1,1,0
1754016,169025,1,1,0
1921680,169026,1,1,0
452040,169027,1,1,0
2214224,169028,1,0,1
2365600,169029,1,0,1
210304,169030,1,0,1
3556416,169031,1,0,1
4989240,169032,1,1,0
5463936,169033,1,1,0
819072,169034,1,1,0
951536,169035,1,0,1
4198616,169036,1,0,1
733144,169037,1,1,0
6193784,169038,1,0,1
5897872,169039,1,1,0
758960,169040,1,1,0
4601176,169041,1,1,0
7396592,169042,1,1,0
4532632,169043,1,1,0
4145512,169044,1,0,1
4860480,169045,1,0,1
6649336,169046,1,1,0
1734544,169047,1,1,0
3475400,169048,1,0,1
6277168,169049,1,0,1
3506736,169050,1,1,0
2690368,169051,1,0,1
1904592,169052,1,1,0
4698344,169053,1,1,0
894280,169054,1,0,1
993584,169055,1,0,1
2080752,169056,1,1,0
4514272,169057,1,0,1
7307792,169058,1,1,0
969640,169059,1,1,0
4194008,169060,1,1,0
1539856,169061,1,1,0
1464096,169062,1,1,0
5234792,169063,1,1,0
1276904,169064,1,0,1
2810064,169065,1,0,1
6135616,169066,1,1,0
4203512,169067,1,1,0
187624,169068,1,1,0
541232,169069,1,0,1
5316920,169070,1,1,0
1423112,169071,1,0,1
187096,169072,1,1,0
6075448,169073,1,0,1
940128,169074,1,1,0
6762832,169075,1,0,1
2473776,169076,1,0,1
1454928,169077,1,0,1
388448,169078,1,1,0
5066000,169079,1,0,1
5527432,169080,1,0,1
2926992,169081,1,0,1
691448,169082,1,1,0
633152,169083,1,0,1
725256,169084,1,0,1
587688,169085,1,0,1
4525920,169086,1,0,1
4156304,169087,1,1,0
3135032,169088,1,1,0
7745696,169089,1,1,0
5651968,169090,1,0,1
1148368,169091,1,0,1
754672,169092,1,0,1
6067392,169093,1,1,0
7388536,169094,1,1,0
3063424,169095,1,0,1
7418520,169096,1,1,0
5452552,169097,1,1,0
7848080,169098,1,1,0
1586304,169099,1,0,1
1344248,169100,1,1,0
511208,169101,1,1,0
634960,169102,1,1,0
6137136,169103,1,0,1
4775256,169104,1,1,0
418656,169105,1,0,1
2408728,169106,1,0,1
2026832,169107,1,0,1
7465664,169108,1,1,0
3901160,169109,1,0,1
6477168,169110,1,0,1
8341400,169111,1,0,1
4741896,169112,1,0,1
1790848,169113,1,0,1
1364576,169114,1,1,0
1227720,169115,1,1,0
281976,169116,1,0,1
1334208,169117,1,0,1
4330712,169118,1,1,0
369424,169119,1,1,0
5179872,169120,1,0,1
2404208,169121,1,0,1
5557312,169122,1,1,0
276648,169123,1,1,0
899376,169124,1,1,0
6008568,169125,1,0,1
1227520,169126,1,1,0
1282160,169127,1,1,0
2108032,169128,1,1,0
924040,169129,1,0,1
6228256,169130,1,0,1
319232,169131,1,1,0
3529808,169132,1,0,1
7976624,169133,1,0,1
3893696,169134,1,1,0
2583408,169135,1,0,1
1356152,169136,1,1,0
6973536,169137,1,1,0
3368064,169138,1,1,0
3440000,169139,1,0,1
1097368,169140,1,1,0
5820160,169141,1,0,1
6259024,169142,1,1,0
267344,169143,1,0,1
1034624,169144,1,0,1
5422320,169145,1,0,1
3194040,169146,1,1,0
4168560,169147,1,1,0
7344880,169148,1,1,0
1687640,169149,1,1,0
503336,169150,1,1,0
3678552,169151,1,1,0
472176,169152,1,1,0
2386696,169153,1,0,1
6574480,169154,1,0,1
5295040,169155,1,0,1
1139464,169156,1,1,0
2341008,169157,1,0,1
543248,169158,1,1,0
6549584,169159,1,1,0
1484208,169160,1,1,0
759760,169161,1,1,0
6158000,169162,1,1,0
1654696,169163,1,0,1
2938000,169164,1,1,0
6787296,169165,1,1,0
656544,169166,1,1,0
5677216,169167,1,1,0
4111912,169168,1,1,0
678000,169169,1,0,1
2011976,169170,1,1,0
286704,169171,1,1,0
826312,169172,1,1,0
1708592,169173,1,1,0
1588464,169174,1,1,0
1805376,169175,1,1,0
7397104,169176,1,0,1
311104,169177,1,1,0
1597624,169178,1,0,1
829288,169179,1,0,1
2418840,169180,1,0,1
2091048,169181,1,0,1
2149488,169182,1,0,1
3050840,169183,1,1,0
223040,169184,1,0,1
3200904,169185,1,1,0
2120288,169186,1,0,1
5555528,169187,1,1,0
6404528,169188,1,0,1
2685568,169189,1,0,1
233272,169190,1,1,0
2040280,169191,1,0,1
1662136,169192,1,1,0
2268288,169193,1,0,1
702672,169194,1,1,0
507456,169195,1,0,1
2046288,169196,1,0,1
5942392,169197,1,0,1
4361200,169198,1,1,0
862872,169199,1,1,0
2759368,169200,1,0,1
1723088,169201,1,1,0
2015944,169202,1,1,0
8161776,169203,1,0,1
6502256,169204,1,0,1
573840,169205,1,0,1
910024,169206,1,0,1
5043632,169207,1,1,0
5203296,169208,1,0,1
1104384,169209,1,0,1
2035856,169210,1,0,1
4044152,169211,1,0,1
352472,169212,1,1,0
7581912,169213,1,0,1
7147952,169214,1,1,0
1223584,169215,1,1,0
913320,169216,1,0,1
1250264,169217,1,1,0
47472,169218,1,0,1
1626120,169219,1,0,1
1819536,169220,1,0,1
557512,169221,1,0,1
198152,169222,1,1,0
4495144,169223,1,1,0
2203176,169224,1,1,0
5357648,169225,1,1,0
1881224,169226,1,1,0
2818920,169227,1,1,0
782432,169228,1,1,0
823216,169229,1,1,0
558360,169230,1,0,1
7279456,169231,1,0,1
6976736,169232,1,0,1
328592,169233,1,0,1
6925432,169234,1,0,1
2102272,169235,1,0,1
3226328,169236,1,1,0
653168,169237,1,1,0
679624,169238,1,0,1
946256,169239,1,1,0
1247392,169240,1,1,0
4416360,169241,1,1,0
2677600,169242,1,0,1
3104248,169243,1,1,0
806680,169244,1,1,0
1311448,169245,1,1,0
6271904,169246,1,0,1
3758056,169247,1,1,0
6946392,169248,1,0,1
5228344,169249,1,0,1
3204872,169250,1,0,1
8236488,169251,1,1,0
2744400,169252,1,1,0
3548504,169253,1,0,1
556584,169254,1,0,1
2387984,169255,1,1,0
2553888,169256,1,0,1
3788440,169257,1,1,0
3971024,169258,1,1,0
4244024,169259,1,1,0
4135968,169260,1,1,0
7009152,169261,1,1,0
4501240,169262,1,1,0
140400,169263,1,1,0
860904,169264,1,0,1
2813696,169265,1,1,0
1662712,169266,1,1,0
2512384,169267,1,0,1
1488400,169268,1,1,0
2124928,169269,1,0,1
2039216,169270,1,0,1
3555144,169271,1,1,0
2110208,169272,1,1,0
539392,169273,1,1,0
6131712,169274,1,1,0
6276392,169275,1,0,1
1546488,169276,1,1,0
8376608,169277,1,0,1
2470744,169278,1,0,1
658160,169279,1,1,0
2009240,169280,1,0,1
6328736,169281,1,0,1
5725288,169282,1,0,1
3873880,169283,1,0,1
1737720,169284,1,1,0
799880,169285,1,1,0
530208,169286,1,0,1
485760,169287,1,1,0
7227088,169288,1,0,1
4532128,169289,1,0,1
7097104,169290,1,0,1
490776,169291,1,0,1
6354576,169292,1,1,0
992824,169293,1,1,0
2467192,169294,1,1,0
8108224,169295,1,0,1
3047280,169296,1,0,1
5699648,169297,1,0,1
3149688,169298,1,0,1
4098592,169299,1,1,0
2759472,169300,1,1,0
2373488,169301,1,1,0
5498240,169302,1,0,1
6670056,169303,1,0,1
7757216,169304,1,1,0
5526296,169305,1,1,0
7649824,169306,1,0,1
841176,169307,1,0,1
2965024,169308,1,1,0
615024,169309,1,0,1
378160,169310,1,1,0
6079176,169311,1,0,1
8274624,169312,1,1,0
962920,169313,1,1,0
1039360,169314,1,1,0
784168,169315,1,0,1
885216,169316,1,1,0
91448,169317,1,0,1
1716296,169318,1,1,0
369096,169319,1,1,0
3636728,169320,1,0,1
2733504,169321,1,1,0
484608,169322,1,0,1
381776,169323,1,0,1
3399848,169324,1,0,1
7956304,169325,1,1,0
1199688,169326,1,1,0
3154008,169327,1,0,1
1407640,169328,1,0,1
298728,169329,1,1,0
7246264,169330,1,1,0
557568,169331,1,0,1
3861512,169332,1,1,0
264168,169333,1,1,0
619616,169334,1,1,0
1739792,169335,1,0,1
4538816,169336,1,1,0
2342760,169337,1,0,1
7997840,169338,1,0,1
583104,169339,1,0,1
2544560,169340,1,0,1
3436008,169341,1,0,1
1451600,169342,1,1,0
1058208,169343,1,1,0
5773744,169344,1,0,1
1985928,169345,1,0,1
1085240,169346,1,1,0
1355704,169347,1,1,0
6344744,169348,1,0,1
1605424,169349,1,1,0
7023552,169350,1,1,0
7174352,169351,1,1,0
1590608,169352,1,1,0
2486080,169353,1,0,1
4366880,169354,1,0,1
875320,169355,1,0,1
2762488,169356,1,0,1
5558664,169357,1,1,0
5401264,169358,1,1,0
1453376,169359,1,1,0
1650136,169360,1,0,1
1197280,169361,1,0,1
2477408,169362,1,1,0
1671128,169363,1,0,1
2641032,169364,1,0,1
2846832,169365,1,1,0
1556392,169366,1,1,0
655640,169367,1,1,0
2640280,169368,1,1,0
3222728,169369,1,1,0
1806128,169370,1,0,1
3176952,169371,1,0,1
511968,169372,1,1,0
2587760,169373,1,1,0
63696,169374,1,0,1
5680104,169375,1,0,1
1241200,169376,1,0,1
639696,169377,1,1,0
1893872,169378,1,1,0
1543008,169379,1,0,1
3389224,169380,1,1,0
1549344,169381,1,0,1
4999032,169382,1,0,1
3701376,169383,1,1,0
2230744,169384,1,0,1
146776,169385,1,0,1
3090368,169386,1,0,1
7351632,169387,1,1,0
3124784,169388,1,0,1
668312,169389,1,0,1
1100664,169390,1,1,0
521072,169391,1,1,0
512856,169392,1,0,1
696792,169393,1,0,1
2192096,169394,1,0,1
1710192,169395,1,0,1
1109520,169396,1,0,1
3532744,169397,1,0,1
1359032,169398,1,0,1
154672,169399,1,1,0
1661768,169400,1,0,1
6326504,169401,1,1,0
6276896,169402,1,0,1
5846808,169403,1,1,0
802192,169404,1,0,1
2353304,169405,1,0,1
2906304,169406,1,1,0
1564448,169407,1,0,1
2620112,169408,1,0,1
3168768,169409,1,1,0
637976,169410,1,1,0
171296,169411,1,1,0
5145568,169412,1,0,1
1750608,169413,1,0,1
3201856,169414,1,1,0
214024,169415,1,0,1
4624632,169416,1,1,0
1281048,169417,1,0,1
1770352,169418,1,0,1
1380784,169419,1,0,1
1713992,169420,1,0,1
2573056,169421,1,1,0
2963024,169422,1,1,0
1593776,169423,1,0,1
489608,169424,1,1,0
3597248,169425,1,1,0
6083240,169426,1,1,0
3358280,169427,1,1,0
3127328,169428,1,1,0
325424,169429,1,1,0
5855416,169430,1,0,1
3094216,169431,1,0,1
5527096,169432,1,0,1
7875848,169433,1,0,1
2821128,169434,1,1,0
3124264,169435,1,0,1
1269480,169436,1,0,1
318512,169437,1,0,1
838384,169438,1,1,0
1192984,169439,1,1,0
1216792,169440,1,1,0
2552256,169441,1,1,0
2463904,169442,1,1,0
1126744,169443,1,0,1
277152,169444,1,0,1
3046344,169445,1,1,0
4845064,169446,1,1,0
2114224,169447,1,0,1
301560,169448,1,0,1
6963608,169449,1,0,1
2258456,169450,1,0,1
1575944,169451,1,1,0
5967944,169452,1,1,0
5004744,169453,1,1,0
819096,169454,1,0,1
1175160,169455,1,1,0
5332960,169456,1,1,0
4588840,169457,1,0,1
2741440,169458,1,1,0
364952,169459,1,1,0
7155880,169460,1,1,0
4470752,169461,1,1,0
1085648,169462,1,0,1
7061536,169463,1,0,1
362576,169464,1,1,0
2595680,169465,1,0,1
454624,169466,1,1,0
1262976,169467,1,0,1
2830328,169468,1,0,1
3894472,169469,1,1,0
1564544,169470,1,1,0
5483360,169471,1,1,0
269512,169472,1,0,1
4363216,169473,1,1,0
6393208,169474,1,0,1
1049536,169475,1,1,0
1804968,169476,1,1,0
933824,169477,1,0,1
6911792,169478,1,0,1
521504,169479,1,0,1
240480,169480,1,1,0
1457648,169481,1,1,0
797560,169482,1,0,1
6428120,169483,1,1,0
988864,169484,1,1,0
695744,169485,1,1,0
5997032,169486,1,0,1
606480,169487,1,0,1
1637528,169488,1,0,1
613512,169489,1,0,1
1218240,169490,1,0,1
184496,169491,1,0,1
2283776,169492,1,0,1
409752,169493,1,0,1
499216,169494,1,1,0
1539120,169495,1,0,1
1586976,169496,1,1,0
3452552,169497,1,1,0
2928112,169498,1,1,0
416728,169499,1,0,1
917240,169500,1,1,0
2596192,169501,1,1,0
520640,169502,1,1,0
1798680,169503,1,0,1
1930104,169504,1,1,0
7272984,169505,1,0,1
5511608,169506,1,1,0
2715280,169507,1,1,0
4541280,169508,1,0,1
7576760,169509,1,0,1
4422032,169510,1,0,1
6251440,169511,1,1,0
318808,169512,1,1,0
5036024,169513,1,0,1
376040,169514,1,1,0
1760456,169515,1,1,0
229080,169516,1,0,1
1406968,169517,1,1,0
4975592,169518,1,0,1
915512,169519,1,0,1
2897728,169520,1,1,0
358384,169521,1,1,0
5430080,169522,1,0,1
196336,169523,1,0,1
5597536,169524,1,0,1
6795688,169525,1,0,1
856040,169526,1,1,0
1325864,169527,1,0,1
2440688,169528,1,1,0
4324888,169529,1,1,0
6703896,169530,1,0,1
7350952,169531,1,0,1
2456184,169532,1,1,0
5070464,169533,1,0,1
5414688,169534,1,0,1
4897144,169535,1,1,0
2845488,169536,1,1,0
1213472,169537,1,1,0
6666888,169538,1,1,0
3161344,169539,1,0,1
2698008,169540,1,0,1
636976,169541,1,1,0
7261600,169542,1,0,1
3366632,169543,1,0,1
1183568,169544,1,0,1
1774176,169545,1,0,1
8102856,169546,1,0,1
2498992,169547,1,0,1
878088,169548,1,1,0
2641648,169549,1,1,0
3732592,169550,1,0,1
7400336,169551,1,0,1
108664,169552,1,1,0
1325112,169553,1,0,1
2989840,169554,1,0,1
5755960,169555,1,0,1
294248,169556,1,0,1
4994576,169557,1,1,0
4726600,169558,1,1,0
835920,169559,1,1,0
5020736,169560,1,1,0
2432792,169561,1,0,1
3475200,169562,1,1,0
4402720,169563,1,0,1
4442440,169564,1,1,0
2376160,169565,1,1,0
903000,169566,1,1,0
5137160,169567,1,1,0
6370480,169568,1,1,0
4816368,169569,1,0,1
538648,169570,1,1,0
268784,169571,1,0,1
1358440,169572,1,1,0
4643192,169573,1,1,0
2247096,169574,1,0,1
311304,169575,1,0,1
700504,169576,1,0,1
1631688,169577,1,1,0
602384,169578,1,0,1
190480,169579,1,1,0
221872,169580,1,1,0
5382864,169581,1,1,0
716264,169582,1,1,0
623176,169583,1,0,1
6916888,169584,1,0,1
1915464,169585,1,1,0
616224,169586,1,0,1
1860152,169587,1,0,1
6092384,169588,1,1,0
4629184,169589,1,1,0
1629064,169590,1,1,0
1778744,169591,1,1,0
934232,169592,1,0,1
3854936,169593,1,0,1
8340632,169594,1,1,0
8274896,169595,1,1,0
3715368,169596,1,0,1
2501104,169597,1,1,0
1261816,169598,1,0,1
3088952,169599,1,0,1
5135824,169600,1,0,1
452456,169601,1,1,0
6209152,169602,1,0,1
2457576,169603,1,1,0
297848,169604,1,0,1
681160,169605,1,1,0
4504768,169606,1,0,1
7145576,169607,1,1,0
3097992,169608,1,0,1
1842608,169609,1,0,1
902112,169610,1,0,1
965680,169611,1,1,0
4260096,169612,1,0,1
2852760,169613,1,1,0
879136,169614,1,0,1
1776800,169615,1,0,1
4100800,169616,1,1,0
584544,169617,1,0,1
3710872,169618,1,0,1
576848,169619,1,1,0
4319248,169620,1,0,1
4679992,169621,1,1,0
802696,169622,1,0,1
2156152,169623,1,0,1
813768,169624,1,0,1
5303432,169625,1,0,1
8060824,169626,1,0,1
134248,169627,1,1,0
437808,169628,1,1,0
889440,169629,1,0,1
2620888,169630,1,0,1
3531016,169631,1,0,1
5078632,169632,1,0,1
3334968,169633,1,0,1
3317392,169634,1,0,1
213040,169635,1,1,0
1176056,169636,1,1,0
6736912,169637,1,0,1
775888,169638,1,0,1
4323320,169639,1,0,1
1788896,169640,1,0,1
797976,169641,1,0,1
6049464,169642,1,0,1
5945104,169643,1,1,0
1887544,169644,1,0,1
1738936,169645,1,1,0
2650448,169646,1,1,0
1308056,169647,1,1,0
3460360,169648,1,1,0
3984416,169649,1,1,0
2045600,169650,1,0,1
6193296,169651,1,0,1
711968,169652,1,1,0
632504,169653,1,1,0
446656,169654,1,1,0
1846416,169655,1,0,1
1732856,169656,1,1,0
4823304,169657,1,1,0
4798192,169658,1,0,1
1277984,169659,1,0,1
1712712,169660,1,0,1
4908688,169661,1,0,1
1096032,169662,1,1,0
3278040,169663,1,0,1
3910208,169664,1,1,0
3093864,169665,1,1,0
946752,169666,1,1,0
2959912,169667,1,1,0
2050472,169668,1,0,1
3262576,169669,1,1,0
1755776,169670,1,1,0
1080976,169671,1,0,1
4622800,169672,1,0,1
1081152,169673,1,1,0
217616,169674,1,1,0
4877472,169675,1,0,1
1034600,169676,1,0,1
7013536,169677,1,0,1
746272,169678,1,1,0
6469768,169679,1,1,0
4870368,169680,1,0,1
1745392,169681,1,1,0
1942768,169682,1,0,1
1698112,169683,1,0,1
5640488,169684,1,0,1
7446920,169685,1,0,1
3733408,169686,1,1,0
161128,169687,1,1,0
1959472,169688,1,0,1
417912,169689,1,0,1
4840648,169690,1,0,1
4142328,169691,1,0,1
335960,169692,1,0,1
414832,169693,1,1,0
5111360,169694,1,0,1
920504,169695,1,0,1
1824408,169696,1,1,0
1419568,169697,1,0,1
1822520,169698,1,1,0
4344632,169699,1,0,1
6888320,169700,1,0,1
5455952,169701,1,1,0
918000,169702,1,1,0
1744520,169703,1,1,0
3079688,169704,1,1,0
6239544,169705,1,0,1
1136112,169706,1,1,0
7148320,169707,1,0,1
3999624,169708,1,0,1
1142368,169709,1,1,0
3639544,169710,1,1,0
8066352,169711,1,0,1
4813808,169712,1,0,1
1202336,169713,1,1,0
913336,169714,1,0,1
5715944,169715,1,0,1
1093208,169716,1,0,1
3809960,169717,1,1,0
1353080,169718,1,1,0
5842040,169719,1,1,0
954896,169720,1,1,0
7074832,169721,1,0,1
6065976,169722,1,0,1
1741000,169723,1,0,1
558272,169724,1,0,1
3279768,169725,1,0,1
4035616,169726,1,1,0
3100008,169727,1,0,1
4666288,169728,1,0,1
4427304,169729,1,1,0
2045592,169730,1,1,0
1306568,169731,1,0,1
5101480,169732,1,0,1
1799552,169733,1,1,0
1170656,169734,1,0,1
5439512,169735,1,1,0
1665056,169736,1,1,0
5178912,169737,1,0,1
532712,169738,1,1,0
2240616,169739,1,1,0
2612824,169740,1,1,0
1910904,169741,1,1,0
7241168,169742,1,0,1
400360,169743,1,0,1
1367304,169744,1,1,0
5935776,169745,1,1,0
947984,169746,1,0,1
517544,169747,1,1,0
5861024,169748,1,1,0
79456,169749,1,0,1
5323368,169750,1,0,1
4956496,169751,1,0,1
305096,169752,1,1,0
900320,169753,1,1,0
4902256,169754,1,1,0
6579000,169755,1,1,0
1645952,169756,1,0,1
456656,169757,1,0,1
3974168,169758,1,1,0
309696,169759,1,0,1
670840,169760,1,0,1
4659208,169761,1,1,0
2152952,169762,1,0,1
6758168,169763,1,0,1
928952,169764,1,1,0
186792,169765,1,0,1
7942312,169766,1,1,0
832936,169767,1,0,1
1458472,169768,1,1,0
645768,169769,1,0,1
3760848,169770,1,1,0
2648376,169771,1,0,1
296176,169772,1,0,1
1916184,169773,1,0,1
772784,169774,1,0,1
8318864,169775,1,1,0
1837768,169776,1,0,1
1056384,169777,1,1,0
3217600,169778,1,0,1
949536,169779,1,1,0
1089056,169780,1,1,0
1330000,169781,1,1,0
2849984,169782,1,0,1
1941168,169783,1,0,1
7300080,169784,1,1,0
367744,169785,1,1,0
478840,169786,1,0,1
3142576,169787,1,0,1
1154160,169788,1,0,1
1473792,169789,1,1,0
3272072,169790,1,0,1
2182408,169791,1,0,1
6943400,169792,1,1,0
4040192,169793,1,0,1
1475752,169794,1,0,1
2163296,169795,1,1,0
8318352,169796,1,1,0
1756728,169797,1,1,0
985912,169798,1,0,1
1442960,169799,1,1,0
1061952,169800,1,1,0
3748880,169801,1,0,1
1555944,169802,1,1,0
215504,169803,1,1,0
2167640,169804,1,1,0
2545464,169805,1,0,1
1960360,169806,1,1,0
596232,169807,1,1,0
1541448,169808,1,1,0
2012440,169809,1,1,0
6494304,169810,1,0,1
1161288,169811,1,0,1
5704624,169812,1,0,1
6787648,169813,1,1,0
7655248,169814,1,0,1
2446936,169815,1,1,0
2535328,169816,1,0,1
882264,169817,1,1,0
3980984,169818,1,0,1
2808880,169819,1,0,1
146024,169820,1,1,0
1787744,169821,1,0,1
3017032,169822,1,1,0
2248248,169823,1,1,0
5232080,169824,1,1,0
643592,169825,1,1,0
2745952,169826,1,0,1
290280,169827,1,1,0
705024,169828,1,0,1
2041512,169829,1,1,0
3442984,169830,1,0,1
4024992,169831,1,0,1
159264,169832,1,1,0
2158616,169833,1,1,0
7625608,169834,1,1,0
3452344,169835,1,1,0
1167280,169836,1,1,0
5792216,169837,1,1,0
4652240,169838,1,0,1
1610168,169839,1,1,0
4401600,169840,1,1,0
3967984,169841,1,0,1
1852576,169842,1,1,0
1288576,169843,1,1,0
630656,169844,1,0,1
4121912,169845,1,0,1
1955432,169846,1,0,1
458888,169847,1,1,0
926096,169848,1,1,0
764872,169849,1,1,0
1460904,169850,1,0,1
1784848,169851,1,1,0
5527592,169852,1,1,0
1193176,169853,1,1,0
4321640,169854,1,0,1
1058960,169855,1,0,1
3968192,169856,1,1,0
1416624,169857,1,0,1
3884288,169858,1,1,0
4697488,169859,1,0,1
222584,169860,1,0,1
997824,169861,1,0,1
872616,169862,1,1,0
650104,169863,1,0,1
5723632,169864,1,0,1
1978480,169865,1,0,1
8205432,169866,1,1,0
349944,169867,1,0,1
1668304,169868,1,1,0
1441392,169869,1,0,1
1245640,169870,1,1,0
3090568,169871,1,1,0
6710016,169872,1,0,1
263352,169873,1,0,1
845608,169874,1,1,0
1382064,169875,1,0,1
5366096,169876,1,0,1
6172200,169877,1,0,1
7223952,169878,1,1,0
336944,169879,1,1,0
810640,169880,1,0,1
2744960,169881,1,0,1
4196312,169882,1,1,0
732016,169883,1,1,0
3620136,169884,1,1,0
5843640,169885,1,0,1
4591520,169886,1,1,0
1556664,169887,1,1,0
4624272,169888,1,1,0
2028152,169889,1,1,0
568800,169890,1,0,1
7945656,169891,1,0,1
1419848,169892,1,0,1
1291696,169893,1,1,0
3484536,169894,1,1,0
1571512,169895,1,1,0
4556256,169896,1,1,0
7346080,169897,1,1,0
493344,169898,1,0,1
3937440,169899,1,1,0
1539344,169900,1,1,0
3656960,169901,1,0,1
5601784,169902,1,0,1
4335960,169903,1,1,0
988056,169904,1,0,1
224424,169905,1,1,0
6801408,169906,1,1,0
2921312,169907,1,1,0
3387384,169908,1,1,0
6957384,169909,1,0,1
8087488,169910,1,0,1
5059544,169911,1,0,1
1005616,169912,1,1,0
4052144,169913,1,1,0
3252384,169914,1,1,0
2049360,169915,1,0,1
5758816,169916,1,0,1
8060128,169917,1,1,0
2988208,169918,1,0,1
4547088,169919,1,0,1
632128,169920,1,1,0
3844024,169921,1,1,0
6820760,169922,1,0,1
937760,169923,1,1,0
2301720,169924,1,0,1
3772632,169925,1,0,1
723352,169926,1,0,1
1138544,169927,1,0,1
1175344,169928,1,1,0
7793240,169929,1,0,1
1537424,169930,1,0,1
2785136,169931,1,1,0
7819872,169932,1,0,1
1642960,169933,1,1,0
1070688,169934,1,0,1
617656,169935,1,1,0
5354544,169936,1,0,1
3204584,169937,1,1,0
726560,169938,1,0,1
6388848,169939,1,1,0
2247624,169940,1,0,1
1978544,169941,1,0,1
5811120,169942,1,0,1
782912,169943,1,0,1
433328,169944,1,0,1
1085312,169945,1,0,1
1545760,169946,1,1,0
5016672,169947,1,0,1
2622408,169948,1,0,1
4503904,169949,1,1,0
271272,169950,1,1,0
1387416,169951,1,1,0
3129040,169952,1,0,1
692560,169953,1,1,0
256224,169954,1,0,1
1469800,169955,1,0,1
1081112,169956,1,1,0
1207512,169957,1,1,0
376936,169958,1,0,1
5010416,169959,1,0,1
5707080,169960,1,0,1
893392,169961,1,0,1
4678552,169962,1,0,1
453432,169963,1,1,0
1405760,169964,1,0,1
341880,169965,1,0,1
885232,169966,1,0,1
667704,169967,1,1,0
4394160,169968,1,0,1
5283352,169969,1,0,1
873336,169970,1,0,1
966632,169971,1,1,0
118608,169972,1,0,1
307152,169973,1,0,1
571952,169974,1,0,1
7163200,169975,1,1,0
227864,169976,1,0,1
1366976,169977,1,1,0
1466656,169978,1,1,0
1360624,169979,1,1,0
3794056,169980,1,0,1
7547208,169981,1,1,0
5275640,169982,1,1,0
284712,169983,1,1,0
159232,169984,1,1,0
8258552,169985,1,0,1
3467240,169986,1,0,1
4141384,169987,1,1,0
2160312,169988,1,0,1
2019552,169989,1,1,0
374952,169990,1,1,0
2986080,169991,1,0,1
989016,169992,1,1,0
1833568,169993,1,1,0
248576,169994,1,0,1
721256,169995,1,1,0
1331008,169996,1,0,1
2198768,169997,1,1,0
4800712,169998,1,0,1
6896744,169999,1,1,0
4570104,170000,1,0,1
962224,170001,1,0,1
6126696,170002,1,0,1
4159344,170003,1,1,0
992344,170004,1,1,0
1052408,170005,1,1,0
4461792,170006,1,0,1
4358888,170007,1,0,1
1197224,170008,1,0,1
2960504,170009,1,1,0
907832,170010,1,1,0
645560,170011,1,1,0
6273536,170012,1,0,1
3630544,170013,1,0,1
4322368,170014,1,0,1
1032112,170015,1,0,1
1755720,170016,1,1,0
1774032,170017,1,1,0
1206832,170018,1,1,0
3032376,170019,1,0,1
3543696,170020,1,1,0
6369568,170021,1,0,1
4989800,170022,1,0,1
2321576,170023,1,1,0
659864,170024,1,1,0
123536,170025,1,0,1
270408,170026,1,0,1
1878720,170027,1,0,1
1303672,170028,1,0,1
2952472,170029,1,1,0
2010392,170030,1,1,0
1717616,170031,1,1,0
6010128,170032,1,1,0
3332008,170033,1,0,1
687640,170034,1,1,0
6867072,170035,1,0,1
3634560,170036,1,0,1
814960,170037,1,1,0
3315872,170038,1,1,0
5772512,170039,1,1,0
484600,170040,1,0,1
4898672,170041,1,0,1
1871648,170042,1,0,1
605824,170043,1,1,0
8334168,170044,1,1,0
5149152,170045,1,1,0
708496,170046,1,0,1
4707920,170047,1,0,1
700488,170048,1,0,1
6001328,170049,1,1,0
961856,170050,1,1,0
5301248,170051,1,1,0
3425984,170052,1,1,0
7744544,170053,1,0,1
1779552,170054,1,0,1
2820128,170055,1,0,1
1618200,170056,1,1,0
3434752,170057,1,1,0
2477472,170058,1,0,1
516928,170059,1,1,0
1479048,170060,1,1,0
8055704,170061,1,0,1
7260104,170062,1,0,1
461728,170063,1,0,1
4650448,170064,1,0,1
6575064,170065,1,0,1
425688,170066,1,1,0
8179328,170067,1,1,0
7356536,170068,1,1,0
3929432,170069,1,0,1
192200,170070,1,0,1
1076880,170071,1,1,0
3391656,170072,1,0,1
993616,170073,1,0,1
6026040,170074,1,0,1
4834232,170075,1,0,1
1941784,170076,1,1,0
1598992,170077,1,1,0
1175488,170078,1,1,0
1523104,170079,1,1,0
520568,170080,1,1,0
2076856,170081,1,1,0
998992,170082,1,1,0
2739248,170083,1,0,1
919248,170084,1,0,1
5264656,170085,1,1,0
772392,170086,1,0,1
996896,170087,1,1,0
501560,170088,1,0,1
1486184,170089,1,1,0
1967176,170090,1,0,1
389520,170091,1,0,1
1623392,170092,1,1,0
665688,170093,1,1,0
1544232,170094,1,1,0
7986336,170095,1,0,1
6997720,170096,1,0,1
1206264,170097,1,0,1
3930784,170098,1,0,1
106904,170099,1,0,1
3201528,170100,1,0,1
471016,170101,1,0,1
1413792,170102,1,0,1
4652864,170103,1,0,1
950504,170104,1,0,1
4802480,170105,1,1,0
833256,170106,1,0,1
2812976,170107,1,0,1
837944,170108,1,1,0
7538400,170109,1,0,1
4430024,170110,1,1,0
5307984,170111,1,1,0
1015624,170112,1,0,1
1509480,170113,1,0,1
3148064,170114,1,1,0
4223304,170115,1,1,0
325280,170116,1,0,1
4246008,170117,1,0,1
3296280,170118,1,0,1
7921688,170119,1,1,0
5763928,170120,1,0,1
2825112,170121,1,1,0
5515744,170122,1,0,1
3501920,170123,1,1,0
1415720,170124,1,1,0
134504,170125,1,1,0
3096504,170126,1,1,0
7990200,170127,1,1,0
343024,170128,1,1,0
6460944,170129,1,1,0
4726952,170130,1,1,0
5300168,170131,1,0,1
2663520,170132,1,0,1
3313848,170133,1,1,0
615768,170134,1,0,1
444528,170135,1,0,1
680936,170136,1,1,0
8115856,170137,1,0,1
1903784,170138,1,0,1
308976,170139,1,0,1
1021408,170140,1,0,1
2976888,170141,1,0,1
1201936,170142,1,0,1
4299040,170143,1,1,0
6814680,170144,1,1,0
127400,170145,1,0,1
4594832,170146,1,0,1
563720,170147,1,0,1
4315840,170148,1,0,1
4263160,170149,1,1,0
1977688,170150,1,1,0
1004216,170151,1,1,0
156736,170152,1,0,1
4729600,170153,1,0,1
1511968,170154,1,0,1
7003856,170155,1,1,0
818104,170156,1,1,0
2300680,170157,1,1,0
3152656,170158,1,1,0
871728,170159,1,1,0
2647080,170160,1,1,0
2933504,170161,1,1,0
7774816,170162,1,0,1
704632,170163,1,1,0
3270704,170164,1,0,1
5801408,170165,1,0,1
900536,170166,1,1,0
5388560,170167,1,1,0
6557248,170168,1,1,0
627240,170169,1,0,1
6075128,170170,1,0,1
478536,170171,1,1,0
1336616,170172,1,0,1
85952,170173,1,1,0
1068392,170174,1,0,1
5379376,170175,1,0,1
1174072,170176,1,0,1
2424528,170177,1,1,0
5592776,170178,1,1,0
7352144,170179,1,0,1
278184,170180,1,1,0
535160,170181,1,1,0
1810624,170182,1,1,0
3383464,170183,1,0,1
898576,170184,1,0,1
401424,170185,1,1,0
8386952,170186,1,1,0
965592,170187,1,1,0
299344,170188,1,0,1
1031608,170189,1,1,0
5482576,170190,1,0,1
351944,170191,1,0,1
422200,170192,1,1,0
169128,170193,1,0,1
3773712,170194,1,1,0
1782448,170195,1,0,1
4882320,170196,1,0,1
412056,170197,1,0,1
2102464,170198,1,1,0
1405208,170199,1,0,1
582856,170200,1,1,0
513200,170201,1,0,1
1394600,170202,1,0,1
364848,170203,1,1,0
7163376,170204,1,1,0
2234480,170205,1,0,1
5384248,170206,1,1,0
3996208,170207,1,0,1
296472,170208,1,1,0
6568928,170209,1,0,1
3673768,170210,1,0,1
2290392,170211,1,0,1
369592,170212,1,0,1
4938792,170213,1,0,1
3238520,170214,1,0,1
234352,170215,1,0,1
396608,170216,1,0,1
3739256,170217,1,1,0
1303808,170218,1,1,0
5026504,170219,1,1,0
4042280,170220,1,1,0
4446608,170221,1,1,0
1152656,170222,1,1,0
898832,170223,1,1,0
2131304,170224,1,0,1
534800,170225,1,1,0
6189200,170226,1,0,1
1725968,170227,1,0,1
4765752,170228,1,1,0
1092456,170229,1,0,1
857776,170230,1,1,0
2579040,170231,1,0,1
6575088,170232,1,0,1
381424,170233,1,1,0
1442304,170234,1,1,0
5084160,170235,1,1,0
2926384,170236,1,0,1
352944,170237,1,1,0
7406208,170238,1,0,1
1363328,170239,1,0,1
4510168,170240,1,0,1
2369952,170241,1,1,0
2102416,170242,1,1,0
7473432,170243,1,0,1
3826584,170244,1,0,1
1422240,170245,1,1,0
7141592,170246,1,1,0
5851704,170247,1,1,0
8160888,170248,1,0,1
7793376,170249,1,1,0
7964792,170250,1,0,1
154360,170251,1,0,1
1066648,170252,1,1,0
4314784,170253,1,1,0
4666832,170254,1,0,1
1391568,170255,1,1,0
542368,170256,1,1,0
1184112,170257,1,0,1
7908712,170258,1,1,0
1391008,170259,1,1,0
672136,170260,1,0,1
965248,170261,1,0,1
360584,170262,1,1,0
2526856,170263,1,1,0
4485464,170264,1,0,1
2509088,170265,1,0,1
8014816,170266,1,1,0
2274504,170267,1,0,1
988896,170268,1,0,1
954200,170269,1,0,1
649552,170270,1,0,1
1667288,170271,1,1,0
3338624,170272,1,0,1
233472,170273,1,0,1
2702232,170274,1,1,0
1158176,170275,1,1,0
2024584,170276,1,1,0
936768,170277,1,1,0
211120,170278,1,0,1
1615216,170279,1,0,1
194560,170280,1,1,0
1588128,170281,1,0,1
559904,170282,1,1,0
475960,170283,1,1,0
4910936,170284,1,1,0
2089416,170285,1,1,0
2205264,170286,1,1,0
1327160,170287,1,1,0
7407120,170288,1,1,0
7561808,170289,1,0,1
3052776,170290,1,1,0
1753976,170291,1,1,0
292376,170292,1,0,1
162568,170293,1,0,1
4904328,170294,1,0,1
3959120,170295,1,1,0
1943312,170296,1,0,1
601544,170297,1,0,1
4449496,170298,1,0,1
262688,170299,1,1,0
1488792,170300,1,0,1
483896,170301,1,0,1
2709392,170302,1,1,0
1533856,170303,1,1,0
8376320,170304,1,0,1
2113376,170305,1,1,0
2920400,170306,1,1,0
4682928,170307,1,1,0
3434416,170308,1,1,0
2841120,170309,1,0,1
1986064,170310,1,1,0
1838872,170311,1,0,1
577544,170312,1,1,0
519704,170313,1,0,1
1992848,170314,1,0,1
581824,170315,1,1,0
4115456,170316,1,0,1
516840,170317,1,1,0
5350656,170318,1,0,1
6560544,170319,1,0,1
4993056,170320,1,0,1
3376064,170321,1,0,1
3781784,170322,1,1,0
2376928,170323,1,1,0
2198824,170324,1,0,1
5317120,170325,1,1,0
1548856,170326,1,1,0
2587216,170327,1,1,0
332256,170328,1,0,1
3187864,170329,1,1,0
5723664,170330,1,0,1
4104776,170331,1,1,0
409240,170332,1,0,1
1893568,170333,1,1,0
1001904,170334,1,1,0
7646192,170335,1,0,1
7238680,170336,1,1,0
3243080,170337,1,0,1
7313416,170338,1,1,0
1711152,170339,1,1,0
2742888,170340,1,0,1
211392,170341,1,0,1
1620264,170342,1,1,0
7090000,170343,1,0,1
757720,170344,1,0,1
7186120,170345,1,0,1
1263424,170346,1,0,1
6747080,170347,1,1,0
1867512,170348,1,0,1
490416,170349,1,1,0
1093768,170350,1,0,1
3434144,170351,1,0,1
1609240,170352,1,0,1
1590624,170353,1,1,0
227856,170354,1,1,0
3394264,170355,1,1,0
1909832,170356,1,1,0
7003584,170357,1,0,1
2367088,170358,1,1,0
3301472,170359,1,1,0
900776,170360,1,0,1
1035984,170361,1,1,0
1404456,170362,1,0,1
3139144,170363,1,0,1
2257496,170364,1,0,1
1259784,170365,1,0,1
2671752,170366,1,1,0
1101632,170367,1,0,1
1840824,170368,1,0,1
3843536,170369,1,0,1
2354008,170370,1,0,1
1960976,170371,1,1,0
2487168,170372,1,0,1
7580952,170373,1,1,0
715032,170374,1,0,1
533992,170375,1,0,1
471920,170376,1,1,0
5741816,170377,1,0,1
380144,170378,1,1,0
1049752,170379,1,0,1
2288424,170380,1,0,1
1978464,170381,1,0,1
2460784,170382,1,1,0
865112,170383,1,0,1
410448,170384,1,1,0
1723160,170385,1,0,1
6977520,170386,1,0,1
1832056,170387,1,1,0
3547472,170388,1,1,0
751864,170389,1,0,1
6565648,170390,1,0,1
4258696,170391,1,1,0
2041184,170392,1,0,1
1826696,170393,1,1,0
4880984,170394,1,1,0
7816224,170395,1,0,1
4816232,170396,1,0,1
4079752,170397,1,1,0
3038232,170398,1,1,0
5321288,170399,1,1,0
5490840,170400,1,0,1
316528,170401,1,0,1
4922168,170402,1,1,0
6514584,170403,1,0,1
1533064,170404,1,1,0
4307824,170405,1,0,1
2887656,170406,1,0,1
3894952,170407,1,0,1
4002424,170408,1,1,0
306936,170409,1,1,0
7213016,170410,1,1,0
4078424,170411,1,0,1
334016,170412,1,0,1
1138360,170413,1,1,0
1904232,170414,1,1,0
2087928,170415,1,0,1
2446320,170416,1,1,0
6355752,170417,1,1,0
164000,170418,1,0,1
707600,170419,1,0,1
1931432,170420,1,1,0
2006944,170421,1,0,1
3237640,170422,1,0,1
628352,170423,1,1,0
418056,170424,1,0,1
2332288,170425,1,1,0
799232,170426,1,1,0
227792,170427,1,1,0
421168,170428,1,0,1
722680,170429,1,1,0
2864192,170430,1,0,1
2949552,170431,1,1,0
1231632,170432,1,0,1
2537184,170433,1,1,0
5541736,170434,1,1,0
2282944,170435,1,1,0
2020288,170436,1,0,1
8332688,170437,1,1,0
1537704,170438,1,0,1
5876280,170439,1,1,0
4456424,170440,1,0,1
4279488,170441,1,1,0
600048,170442,1,1,0
3802144,170443,1,0,1
602128,170444,1,1,0
162280,170445,1,1,0
4053960,170446,1,0,1
4593232,170447,1,1,0
810824,170448,1,1,0
7569696,170449,1,1,0
1165144,170450,1,0,1
958944,170451,1,1,0
605920,170452,1,1,0
1029264,170453,1,0,1
1486960,170454,1,1,0
6323264,170455,1,1,0
3117904,170456,1,0,1
6135880,170457,1,1,0
1820960,170458,1,1,0
8001008,170459,1,0,1
1621440,170460,1,0,1
558560,170461,1,1,0
2917568,170462,1,1,0
2054504,170463,1,1,0
6120560,170464,1,1,0
5737600,170465,1,1,0
1896944,170466,1,0,1
715560,170467,1,1,0
4855656,170468,1,0,1
5880976,170469,1,1,0
4086320,170470,1,1,0
2415104,170471,1,0,1
1295096,170472,1,0,1
5214944,170473,1,0,1
1222608,170474,1,0,1
1583648,170475,1,0,1
2547488,170476,1,1,0
836752,170477,1,1,0
5179648,170478,1,1,0
5876248,170479,1,0,1
3758424,170480,1,0,1
1088264,170481,1,1,0
5697976,170482,1,1,0
3662296,170483,1,0,1
3857272,170484,1,1,0
3979200,170485,1,0,1
6190512,170486,1,1,0
346872,170487,1,1,0
948896,170488,1,1,0
691856,170489,1,1,0
1782232,170490,1,1,0
991144,170491,1,0,1
3342240,170492,1,1,0
3187640,170493,1,0,1
1116968,170494,1,1,0
129984,170495,1,0,1
8299800,170496,1,0,1
8146136,170497,1,1,0
3699080,170498,1,1,0
2448392,170499,1,0,1
5029928,170500,1,0,1
2967336,170501,1,1,0
3511176,170502,1,0,1
803128,170503,1,0,1
4236192,170504,1,0,1
691936,170505,1,0,1
4484328,170506,1,1,0
1263272,170507,1,1,0
1830624,170508,1,1,0
362560,170509,1,1,0
4249608,170510,1,0,1
594672,170511,1,0,1
4259048,170512,1,1,0
814984,170513,1,0,1
3879592,170514,1,0,1
493296,170515,1,1,0
5980336,170516,1,1,0
7736712,170517,1,1,0
1408736,170518,1,1,0
2235344,170519,1,1,0
2650408,170520,1,1,0
505928,170521,1,0,1
580168,170522,1,1,0
5229672,170523,1,1,0
4903904,170524,1,0,1
5994424,170525,1,0,1
3647056,170526,1,1,0
3105032,170527,1,0,1
6084256,170528,1,0,1
3330424,170529,1,1,0
8376896,170530,1,0,1
1140752,170531,1,1,0
2171960,170532,1,0,1
2994656,170533,1,0,1
2674064,170534,1,0,1
765248,170535,1,1,0
180968,170536,1,0,1
4476896,170537,1,0,1
1871520,170538,1,1,0
316600,170539,1,1,0
7371584,170540,1,0,1
938432,170541,1,0,1
688368,170542,1,0,1
1522088,170543,1,0,1
1448048,170544,1,0,1
2427080,170545,1,0,1
1259968,170546,1,0,1
5742136,170547,1,0,1
879992,170548,1,0,1
1250832,170549,1,0,1
3086144,170550,1,1,0
5146192,170551,1,0,1
1103080,170552,1,0,1
264256,170553,1,1,0
3285640,170554,1,1,0
2562096,170555,1,1,0
1299592,170556,1,0,1
1592304,170557,1,1,0
1929528,170558,1,0,1
351640,170559,1,0,1
7874576,170560,1,1,0
1758880,170561,1,1,0
2260584,170562,1,1,0
1367544,170563,1,1,0
526712,170564,1,1,0
515968,170565,1,1,0
4250840,170566,1,1,0
587280,170567,1,1,0
2489736,170568,1,1,0
420216,170569,1,1,0
231944,170570,1,0,1
580112,170571,1,1,0
2768472,170572,1,1,0
109104,170573,1,0,1
4370688,170574,1,0,1
1163272,170575,1,1,0
4041568,170576,1,1,0
415080,170577,1,1,0
1178160,170578,1,0,1
753632,170579,1,1,0
372504,170580,1,1,0
6618384,170581,1,0,1
8278192,170582,1,1,0
2401944,170583,1,1,0
5279088,170584,1,0,1
7018984,170585,1,0,1
8253320,170586,1,0,1
2072472,170587,1,0,1
2542304,170588,1,1,0
6162904,170589,1,1,0
346400,170590,1,0,1
1181200,170591,1,1,0
361912,170592,1,1,0
284872,170593,1,1,0
7266064,170594,1,1,0
759472,170595,1,0,1
4664272,170596,1,0,1
1618272,170597,1,0,1
4642976,170598,1,0,1
2077864,170599,1,0,1
6939048,170600,1,1,0
869960,170601,1,0,1
1292488,170602,1,0,1
3182848,170603,1,1,0
6700376,170604,1,1,0
1121432,170605,1,0,1
3968400,170606,1,1,0
3449976,170607,1,1,0
5960496,170608,1,1,0
1919968,170609,1,1,0
2711264,170610,1,1,0
3687656,170611,1,0,1
949648,170612,1,0,1
4327344,170613,1,0,1
6728016,170614,1,0,1
6403360,170615,1,0,1
182848,170616,1,0,1
518832,170617,1,0,1
2755400,170618,1,1,0
964448,170619,1,0,1
2977112,170620,1,1,0
6025896,170621,1,1,0
4734712,170622,1,0,1
1552752,170623,1,0,1
978352,170624,1,1,0
1986664,170625,1,1,0
8062384,170626,1,1,0
777432,170627,1,0,1
895648,170628,1,1,0
1400432,170629,1,0,1
422992,170630,1,0,1
974408,170631,1,1,0
4604320,170632,1,1,0
2540768,170633,1,1,0
1496968,170634,1,0,1
1069952,170635,1,0,1
4554800,170636,1,0,1
6449696,170637,1,0,1
1966736,170638,1,0,1
1752160,170639,1,0,1
145296,170640,1,0,1
3913728,170641,1,1,0
888168,170642,1,0,1
3054504,170643,1,0,1
6924440,170644,1,0,1
7942456,170645,1,0,1
3101192,170646,1,0,1
7556928,170647,1,1,0
8224576,170648,1,1,0
1118880,170649,1,0,1
747176,170650,1,0,1
3650120,170651,1,1,0
2639728,170652,1,0,1
608448,170653,1,1,0
5558720,170654,1,1,0
4459712,170655,1,0,1
1690200,170656,1,0,1
7286888,170657,1,0,1
6958432,170658,1,1,0
1494000,170659,1,0,1
2218096,170660,1,1,0
3611104,170661,1,1,0
1625904,170662,1,1,0
582464,170663,1,1,0
1126688,170664,1,1,0
2792112,170665,1,1,0
5718440,170666,1,0,1
1188504,170667,1,0,1
1964696,170668,1,0,1
6104888,170669,1,0,1
1591664,170670,1,1,0
5593416,170671,1,0,1
450488,170672,1,1,0
6466920,170673,1,0,1
2967872,170674,1,1,0
2158840,170675,1,1,0
1646608,170676,1,1,0
1058224,170677,1,0,1
2585200,170678,1,0,1
2079672,170679,1,1,0
5990224,170680,1,0,1
3288792,170681,1,0,1
8003024,170682,1,0,1
63424,170683,1,1,0
4041232,170684,1,1,0
1694304,170685,1,0,1
2398472,170686,1,0,1
3407800,170687,1,1,0
2127792,170688,1,1,0
3892920,170689,1,1,0
360568,170690,1,1,0
273248,170691,1,0,1
1148032,170692,1,1,0
5361112,170693,1,1,0
745728,170694,1,1,0
2136216,170695,1,1,0
3005048,170696,1,1,0
1404872,170697,1,1,0
213624,170698,1,1,0
1363808,170699,1,1,0
1704048,170700,1,1,0
4756336,170701,1,1,0
455184,170702,1,0,1
695208,170703,1,0,1
585384,170704,1,0,1
1689848,170705,1,1,0
7475992,170706,1,1,0
1753064,170707,1,0,1
5494824,170708,1,0,1
736592,170709,1,0,1
1256864,170710,1,0,1
1318296,170711,1,0,1
3948744,170712,1,0,1
3194832,170713,1,1,0
835216,170714,1,0,1
1134408,170715,1,0,1
2365528,170716,1,0,1
4101912,170717,1,0,1
169400,170718,1,1,0
1025000,170719,1,1,0
2074960,170720,1,0,1
5964208,170721,1,0,1
3693288,170722,1,1,0
4681136,170723,1,1,0
3085352,170724,1,0,1
3316992,170725,1,0,1
186592,170726,1,1,0
1462280,170727,1,0,1
3779456,170728,1,0,1
2644288,170729,1,0,1
1099248,170730,1,0,1
6488344,170731,1,1,0
1816352,170732,1,1,0
4394824,170733,1,1,0
4451344,170734,1,0,1
1407984,170735,1,1,0
1794208,170736,1,1,0
845488,170737,1,0,1
1014120,170738,1,1,0
3638176,170739,1,0,1
1354480,170740,1,1,0
2974864,170741,1,0,1
7978920,170742,1,0,1
3072104,170743,1,0,1
1124200,170744,1,1,0
5604776,170745,1,1,0
631608,170746,1,1,0
2861960,170747,1,0,1
4933928,170748,1,0,1
4695944,170749,1,0,1
8010928,170750,1,0,1
620552,170751,1,0,1
713064,170752,1,0,1
6513048,170753,1,0,1
2299552,170754,1,0,1
1782400,170755,1,0,1
2284408,170756,1,0,1
1182432,170757,1,1,0
1102200,170758,1,1,0
4970592,170759,1,0,1
3649024,170760,1,1,0
8383168,170761,1,1,0
482952,170762,1,1,0
506272,170763,1,0,1
4948720,170764,1,0,1
1588688,170765,1,1,0
1527936,170766,1,0,1
2140368,170767,1,1,0
2176528,170768,1,0,1
6678312,170769,1,0,1
934080,170770,1,0,1
2082952,170771,1,1,0
1322288,170772,1,0,1
2388528,170773,1,1,0
5558736,170774,1,0,1
3728304,170775,1,1,0
333824,170776,1,0,1
5465800,170777,1,1,0
4563384,170778,1,1,0
1150560,170779,1,0,1
571144,170780,1,0,1
2320832,170781,1,0,1
1715808,170782,1,0,1
2984856,170783,1,1,0
1016136,170784,1,0,1
2563096,170785,1,0,1
295584,170786,1,1,0
3322632,170787,1,0,1
745696,170788,1,1,0
6274624,170789,1,1,0
3013400,170790,1,0,1
1736000,170791,1,1,0
866112,170792,1,1,0
231296,170793,1,1,0
356200,170794,1,1,0
2599432,170795,1,0,1
2583704,170796,1,1,0
7224352,170797,1,1,0
1434832,170798,1,1,0
558536,170799,1,1,0
948392,170800,1,0,1
1023488,170801,1,1,0
165880,170802,1,1,0
1652944,170803,1,0,1
5333504,170804,1,1,0
775400,170805,1,0,1
6590072,170806,1,0,1
3718680,170807,1,1,0
6231480,170808,1,1,0
4913752,170809,1,0,1
2050000,170810,1,1,0
1205528,170811,1,0,1
3208712,170812,1,1,0
995528,170813,1,1,0
4813944,170814,1,1,0
1752784,170815,1,1,0
151936,170816,1,1,0
7499832,170817,1,1,0
7152504,170818,1,0,1
1718944,170819,1,0,1
390568,170820,1,1,0
2923480,170821,1,0,1
3996048,170822,1,1,0
1313752,170823,1,0,1
2685192,170824,1,0,1
76056,170825,1,0,1
990280,170826,1,1,0
132808,170827,1,1,0
6553920,170828,1,0,1
1395584,170829,1,0,1
4093016,170830,1,0,1
5618096,170831,1,0,1
1612432,170832,1,1,0
1568464,170833,1,1,0
8225984,170834,1,0,1
1143896,170835,1,1,0
3308080,170836,1,0,1
4346984,170837,1,0,1
690288,170838,1,1,0
6933832,170839,1,1,0
805400,170840,1,0,1
402496,170841,1,1,0
3948680,170842,1,0,1
7496744,170843,1,0,1
4586128,170844,1,1,0
4474216,170845,1,0,1
173656,170846,1,0,1
3071016,170847,1,1,0
1275944,170848,1,1,0
3103208,170849,1,0,1
1412088,170850,1,0,1
8041312,170851,1,1,0
396664,170852,1,0,1
3180384,170853,1,0,1
2003680,170854,1,1,0
313408,170855,1,0,1
508048,170856,1,0,1
489744,170857,1,1,0
665152,170858,1,1,0
505504,170859,1,1,0
184840,170860,1,0,1
7056744,170861,1,1,0
3475680,170862,1,1,0
2407576,170863,1,1,0
6362008,170864,1,0,1
3447960,170865,1,0,1
4239352,170866,1,1,0
3009888,170867,1,1,0
4626976,170868,1,0,1
2353032,170869,1,1,0
161632,170870,1,0,1
3384648,170871,1,1,0
253800,170872,1,1,0
1425496,170873,1,1,0
3155160,170874,1,0,1
3639728,170875,1,0,1
8285736,170876,1,0,1
2315488,170877,1,0,1
118672,170878,1,0,1
3150152,170879,1,1,0
242424,170880,1,1,0
381472,170881,1,1,0
1336136,170882,1,0,1
889368,170883,1,1,0
2181512,170884,1,0,1
1777920,170885,1,0,1
4888736,170886,1,0,1
4715456,170887,1,0,1
1276296,170888,1,1,0
1146464,170889,1,1,0
3064720,170890,1,1,0
1790704,170891,1,0,1
457456,170892,1,0,1
4256400,170893,1,0,1
4257392,170894,1,1,0
868304,170895,1,1,0
4134712,170896,1,0,1
900848,170897,1,1,0
1399160,170898,1,0,1
484816,170899,1,1,0
3458824,170900,1,0,1
4900600,170901,1,0,1
4172464,170902,1,1,0
4104112,170903,1,1,0
404536,170904,1,1,0
2448008,170905,1,0,1
3426768,170906,1,1,0
1450832,170907,1,1,0
7563840,170908,1,1,0
427128,170909,1,1,0
4840080,170910,1,1,0
4570392,170911,1,1,0
3233968,170912,1,0,1
365488,170913,1,0,1
335552,170914,1,0,1
2710296,170915,1,1,0
4392544,170916,1,1,0
4153088,170917,1,0,1
592744,170918,1,0,1
4104192,170919,1,1,0
6350016,170920,1,1,0
3761896,170921,1,0,1
6771040,170922,1,1,0
7651624,170923,1,0,1
1696312,170924,1,1,0
1272000,170925,1,0,1
5415520,170926,1,0,1
3468408,170927,1,0,1
518952,170928,1,0,1
981392,170929,1,1,0
470400,170930,1,0,1
3444184,170931,1,0,1
1409328,170932,1,0,1
5310968,170933,1,1,0
871928,170934,1,0,1
228624,170935,1,1,0
2739784,170936,1,1,0
7300400,170937,1,1,0
928936,170938,1,1,0
749984,170939,1,1,0
5103336,170940,1,0,1
1415760,170941,1,0,1
1797568,170942,1,0,1
4942568,170943,1,1,0
4427096,170944,1,1,0
186968,170945,1,0,1
7310488,170946,1,1,0
1356208,170947,1,1,0
3546280,170948,1,1,0
740416,170949,1,1,0
2521648,170950,1,0,1
855792,170951,1,1,0
1465256,170952,1,0,1
3469048,170953,1,0,1
779736,170954,1,1,0
6679424,170955,1,1,0
340424,170956,1,1,0
7853544,170957,1,1,0
227440,170958,1,0,1
6841120,170959,1,1,0
3477672,170960,1,1,0
869808,170961,1,0,1
2336184,170962,1,0,1
912080,170963,1,0,1
6964920,170964,1,0,1
4802016,170965,1,1,0
2338512,170966,1,1,0
779832,170967,1,1,0
361600,170968,1,1,0
4761216,170969,1,0,1
234720,170970,1,1,0
1393656,170971,1,1,0
660592,170972,1,1,0
6098888,170973,1,1,0
643560,170974,1,0,1
2917432,170975,1,1,0
183960,170976,1,0,1
8162016,170977,1,1,0
5049992,170978,1,0,1
3710904,170979,1,0,1
1384392,170980,1,1,0
1507280,170981,1,1,0
1195368,170982,1,0,1
1063136,170983,1,1,0
1239792,170984,1,0,1
1546400,170985,1,1,0
917320,170986,1,1,0
1630360,170987,1,0,1
1507256,170988,1,1,0
6313040,170989,1,0,1
1928040,170990,1,1,0
7049728,170991,1,1,0
2623520,170992,1,0,1
3440248,170993,1,1,0
636280,170994,1,1,0
695528,170995,1,1,0
7437808,170996,1,0,1
4448424,170997,1,0,1
7653152,170998,1,0,1
3605056,170999,1,1,0
1537872,171000,1,0,1
1654136,171001,1,1,0
156664,171002,1,0,1
7369096,171003,1,1,0
1919104,171004,1,1,0
574584,171005,1,0,1
2260616,171006,1,1,0
2515688,171007,1,0,1
1329552,171008,1,1,0
5091016,171009,1,0,1
2076920,171010,1,1,0
697128,171011,1,1,0
1389312,171012,1,1,0
1782480,171013,1,1,0
437856,171014,1,0,1
6305648,171015,1,1,0
1494024,171016,1,1,0
2331344,171017,1,0,1
710000,171018,1,1,0
3256240,171019,1,0,1
1776144,171020,1,0,1
2188080,171021,1,0,1
164424,171022,1,0,1
1798464,171023,1,0,1
1409576,171024,1,0,1
5028728,171025,1,1,0
5691208,171026,1,0,1
236120,171027,1,0,1
7683640,171028,1,1,0
1726568,171029,1,1,0
362328,171030,1,1,0
3470280,171031,1,0,1
5177096,171032,1,0,1
256904,171033,1,1,0
2473264,171034,1,1,0
7344712,171035,1,0,1
3940712,171036,1,0,1
3714968,171037,1,1,0
1075664,171038,1,0,1
5068040,171039,1,1,0
2410728,171040,1,0,1
561512,171041,1,1,0
3207336,171042,1,1,0
1192688,171043,1,0,1
1884064,171044,1,1,0
3854944,171045,1,1,0
237184,171046,1,0,1
5863408,171047,1,1,0
5356256,171048,1,1,0
1142560,171049,1,0,1
3001616,171050,1,1,0
429176,171051,1,0,1
7863616,171052,1,0,1
7194096,171053,1,0,1
6638776,171054,1,1,0
4113248,171055,1,1,0
1630312,171056,1,1,0
5656344,171057,1,1,0
2006752,171058,1,0,1
6278104,171059,1,0,1
3752544,171060,1,1,0
1905320,171061,1,1,0
2652184,171062,1,1,0
1774464,171063,1,1,0
2983656,171064,1,0,1
572456,171065,1,1,0
2684808,171066,1,0,1
739120,171067,1,0,1
3039136,171068,1,0,1
2980888,171069,1,0,1
2785184,171070,1,0,1
758360,171071,1,1,0
3190656,171072,1,1,0
1818440,171073,1,1,0
4621824,171074,1,0,1
1704808,171075,1,0,1
3286920,171076,1,1,0
4981504,171077,1,1,0
1695408,171078,1,0,1
7128064,171079,1,1,0
637632,171080,1,0,1
4585032,171081,1,1,0
1097920,171082,1,1,0
5097568,171083,1,0,1
369120,171084,1,0,1
1072464,171085,1,0,1
502256,171086,1,1,0
338416,171087,1,1,0
2230624,171088,1,0,1
3795912,171089,1,1,0
1648184,171090,1,0,1
532736,171091,1,1,0
3877032,171092,1,0,1
3166544,171093,1,0,1
1454592,171094,1,0,1
2671344,171095,1,1,0
3826896,171096,1,0,1
3039768,171097,1,0,1
6782248,171098,1,0,1
6495296,171099,1,0,1
754304,171100,1,1,0
1903544,171101,1,0,1
960888,171102,1,0,1
4818576,171103,1,1,0
1384760,171104,1,0,1
3833904,171105,1,1,0
3635560,171106,1,1,0
1397592,171107,1,1,0
3150920,171108,1,1,0
1234144,171109,1,0,1
383768,171110,1,0,1
803432,171111,1,1,0
4615440,171112,1,1,0
322264,171113,1,1,0
1585976,171114,1,0,1
2607920,171115,1,1,0
2875536,171116,1,0,1
1416424,171117,1,0,1
3316904,171118,1,1,0
3858416,171119,1,0,1
6809112,171120,1,0,1
141760,171121,1,0,1
6820456,171122,1,0,1
2193736,171123,1,1,0
2919448,171124,1,1,0
2234064,171125,1,0,1
776848,171126,1,0,1
3837288,171127,1,1,0
1439896,171128,1,1,0
8385512,171129,1,1,0
2694608,171130,1,1,0
2607568,171131,1,1,0
4663024,171132,1,0,1
738944,171133,1,0,1
2232624,171134,1,1,0
706768,171135,1,1,0
3469720,171136,1,0,1
821048,171137,1,1,0
1406464,171138,1,0,1
5013688,171139,1,1,0
2955760,171140,1,0,1
183176,171141,1,0,1
487032,171142,1,1,0
695096,171143,1,1,0
299680,171144,1,1,0
242608,171145,1,1,0
763704,171146,1,0,1
3814672,171147,1,0,1
8189456,171148,1,1,0
209392,171149,1,0,1
1262624,171150,1,0,1
2219248,171151,1,1,0
821416,171152,1,1,0
1747504,171153,1,0,1
6467152,171154,1,0,1
3207112,171155,1,1,0
7858424,171156,1,0,1
6884000,171157,1,1,0
2558928,171158,1,1,0
2412696,171159,1,1,0
208920,171160,1,0,1
6150144,171161,1,1,0
1276584,171162,1,0,1
6644736,171163,1,1,0
160608,171164,1,0,1
7258040,171165,1,0,1
1788560,171166,1,1,0
5319944,171167,1,1,0
1501088,171168,1,1,0
7695584,171169,1,1,0
4622344,171170,1,0,1
869840,171171,1,1,0
4247688,171172,1,1,0
1266160,171173,1,1,0
78896,171174,1,1,0
355936,171175,1,0,1
3009560,171176,1,0,1
2421344,171177,1,0,1
4266712,171178,1,1,0
126464,171179,1,0,1
2106376,171180,1,1,0
6773680,171181,1,1,0
8222920,171182,1,1,0
7415464,171183,1,0,1
6717896,171184,1,1,0
6620648,171185,1,0,1
274848,171186,1,1,0
1509184,171187,1,0,1
1129504,171188,1,1,0
364432,171189,1,1,0
5151704,171190,1,1,0
1062328,171191,1,1,0
6646240,171192,1,0,1
183672,171193,1,0,1
1175416,171194,1,1,0
1350296,171195,1,1,0
2114752,171196,1,1,0
6090144,171197,1,1,0
122728,171198,1,1,0
469448,171199,1,0,1
780352,171200,1,1,0
758432,171201,1,0,1
6930776,171202,1,1,0
1215328,171203,1,1,0
5972104,171204,1,1,0
5914664,171205,1,0,1
3099336,171206,1,0,1
5101568,171207,1,1,0
8108536,171208,1,0,1
1307848,171209,1,0,1
827304,171210,1,0,1
897248,171211,1,1,0
1639552,171212,1,0,1
3776448,171213,1,0,1
2525976,171214,1,0,1
4376360,171215,1,0,1
1010904,171216,1,1,0
2043008,171217,1,1,0
330336,171218,1,1,0
2603392,171219,1,1,0
2374920,171220,1,1,0
1430888,171221,1,1,0
3470976,171222,1,0,1
264744,171223,1,1,0
6878544,171224,1,1,0
637576,171225,1,1,0
6493752,171226,1,1,0
971440,171227,1,0,1
8372976,171228,1,0,1
3635128,171229,1,0,1
617952,171230,1,0,1
452656,171231,1,0,1
602184,171232,1,0,1
2695808,171233,1,1,0
3544648,171234,1,1,0
4217304,171235,1,1,0
6386304,171236,1,0,1
244960,171237,1,0,1
1085608,171238,1,1,0
2265384,171239,1,0,1
1983328,171240,1,0,1
760736,171241,1,1,0
1439192,171242,1,0,1
5530408,171243,1,0,1
263016,171244,1,1,0
809544,171245,1,0,1
715312,171246,1,1,0
5434216,171247,1,0,1
1742496,171248,1,0,1
1327480,171249,1,1,0
1627856,171250,1,0,1
958664,171251,1,0,1
4861424,171252,1,1,0
1236048,171253,1,0,1
2052304,171254,1,0,1
116544,171255,1,1,0
6128880,171256,1,0,1
1195232,171257,1,1,0
1989376,171258,1,0,1
1138504,171259,1,0,1
2082352,171260,1,0,1
2391240,171261,1,0,1
160984,171262,1,1,0
2504488,171263,1,0,1
1103736,171264,1,0,1
1588736,171265,1,0,1
5078576,171266,1,1,0
3039104,171267,1,1,0
543648,171268,1,1,0
4454064,171269,1,0,1
641608,171270,1,1,0
7476912,171271,1,1,0
722936,171272,1,1,0
2284048,171273,1,0,1
2982008,171274,1,1,0
428320,171275,1,1,0
1702736,171276,1,1,0
6877056,171277,1,0,1
3295904,171278,1,0,1
5954536,171279,1,0,1
1771184,171280,1,0,1
737168,171281,1,1,0
6841384,171282,1,1,0
7047664,171283,1,0,1
1035536,171284,1,0,1
2848960,171285,1,1,0
5620752,171286,1,1,0
1534688,171287,1,0,1
3140024,171288,1,0,1
6318632,171289,1,1,0
720880,171290,1,1,0
6268504,171291,1,0,1
2067400,171292,1,0,1
1127800,171293,1,1,0
830488,171294,1,0,1
2246472,171295,1,1,0
2391352,171296,1,0,1
5788776,171297,1,1,0
1034136,171298,1,0,1
2213704,171299,1,0,1
1790936,171300,1,1,0
2095536,171301,1,1,0
1660696,171302,1,0,1
5833280,171303,1,1,0
570456,171304,1,1,0
7350120,171305,1,1,0
603184,171306,1,1,0
5671144,171307,1,0,1
1023648,171308,1,0,1
5741720,171309,1,0,1
5960784,171310,1,0,1
5738640,171311,1,0,1
6386472,171312,1,1,0
1444168,171313,1,0,1
251400,171314,1,0,1
7975680,171315,1,0,1
1637408,171316,1,0,1
5504232,171317,1,0,1
702520,171318,1,0,1
5769880,171319,1,1,0
1784688,171320,1,0,1
3781280,171321,1,1,0
7497752,171322,1,0,1
7061504,171323,1,0,1
1400416,171324,1,0,1
7928744,171325,1,1,0
6226424,171326,1,0,1
2490544,171327,1,0,1
986960,171328,1,0,1
6644872,171329,1,0,1
7605848,171330,1,1,0
1576536,171331,1,1,0
4901936,171332,1,1,0
1174968,171333,1,0,1
1033872,171334,1,1,0
3045264,171335,1,1,0
4842584,171336,1,1,0
2618272,171337,1,0,1
3378984,171338,1,1,0
545360,171339,1,1,0
7894208,171340,1,1,0
2056880,171341,1,1,0
1767136,171342,1,1,0
5253688,171343,1,1,0
717104,171344,1,0,1
241656,171345,1,1,0
555760,171346,1,1,0
3103320,171347,1,0,1
1603024,171348,1,1,0
1742064,171349,1,0,1
2999288,171350,1,0,1
1974776,171351,1,1,0
3668000,171352,1,0,1
2916432,171353,1,0,1
266344,171354,1,0,1
1354496,171355,1,1,0
3653648,171356,1,0,1
219952,171357,1,1,0
2370040,171358,1,0,1
7987680,171359,1,1,0
488232,171360,1,0,1
8236256,171361,1,1,0
1482776,171362,1,1,0
2558208,171363,1,0,1
4920304,171364,1,1,0
3548448,171365,1,1,0
3909464,171366,1,0,1
8339576,171367,1,0,1
2540480,171368,1,0,1
1188472,171369,1,0,1
944776,171370,1,0,1
1187544,171371,1,0,1
7740824,171372,1,1,0
2890072,171373,1,1,0
5933336,171374,1,0,1
8169568,171375,1,0,1
2277304,171376,1,1,0
6856056,171377,1,1,0
5330448,171378,1,0,1
5908344,171379,1,1,0
1038984,171380,1,1,0
3598816,171381,1,1,0
5330400,171382,1,0,1
3425744,171383,1,0,1
8228936,171384,1,0,1
644184,171385,1,0,1
1950336,171386,1,1,0
4423320,171387,1,1,0
730400,171388,1,0,1
4755544,171389,1,0,1
2283392,171390,1,0,1
852288,171391,1,1,0
386784,171392,1,1,0
1142472,171393,1,1,0
2525008,171394,1,1,0
2270496,171395,1,0,1
666456,171396,1,1,0
4992408,171397,1,0,1
3852240,171398,1,1,0
1695040,171399,1,1,0
3903888,171400,1,0,1
801344,171401,1,0,1
2991576,171402,1,0,1
5598072,171403,1,0,1
1233200,171404,1,1,0
5804968,171405,1,1,0
3785680,171406,1,1,0
581112,171407,1,0,1
7448208,171408,1,0,1
1434672,171409,1,0,1
6758872,171410,1,1,0
4771192,171411,1,0,1
708736,171412,1,0,1
1808344,171413,1,0,1
300128,171414,1,1,0
437848,171415,1,0,1
8285848,171416,1,1,0
977112,171417,1,1,0
812304,171418,1,1,0
340848,171419,1,1,0
4902048,171420,1,1,0
3758048,171421,1,1,0
841168,171422,1,0,1
687624,171423,1,1,0
1363712,171424,1,0,1
2048896,171425,1,1,0
863696,171426,1,1,0
2186640,171427,1,1,0
6666768,171428,1,0,1
5123800,171429,1,1,0
5720224,171430,1,0,1
2984664,171431,1,1,0
666800,171432,1,1,0
5361872,171433,1,0,1
1785176,171434,1,1,0
5969112,171435,1,0,1
467504,171436,1,1,0
8305040,171437,1,1,0
1950024,171438,1,1,0
1066784,171439,1,0,1
629256,171440,1,1,0
1239848,171441,1,1,0
2717152,171442,1,1,0
1654328,171443,1,1,0
937088,171444,1,0,1
1515232,171445,1,0,1
885688,171446,1,0,1
146280,171447,1,0,1
1442808,171448,1,1,0
1156952,171449,1,0,1
646344,171450,1,1,0
3403456,171451,1,0,1
387248,171452,1,0,1
905584,171453,1,1,0
3425208,171454,1,0,1
1055464,171455,1,1,0
1185960,171456,1,1,0
715760,171457,1,0,1
882152,171458,1,1,0
6059336,171459,1,0,1
3858664,171460,1,0,1
6635528,171461,1,0,1
175776,171462,1,1,0
2859680,171463,1,0,1
2310248,171464,1,0,1
1114880,171465,1,0,1
224600,171466,1,1,0
3083288,171467,1,1,0
1250968,171468,1,1,0
3715936,171469,1,0,1
413512,171470,1,1,0
7139016,171471,1,0,1
4604072,171472,1,0,1
314920,171473,1,1,0
6144464,171474,1,0,1
7271536,171475,1,1,0
3740096,171476,1,1,0
2231832,171477,1,0,1
2511952,171478,1,1,0
5250160,171479,1,1,0
1340952,171480,1,0,1
4891712,171481,1,0,1
2646704,171482,1,0,1
3190736,171483,1,1,0
8378624,171484,1,1,0
694752,171485,1,0,1
1411208,171486,1,1,0
966544,171487,1,0,1
4908320,171488,1,0,1
3193552,171489,1,1,0
6890544,171490,1,0,1
958224,171491,1,0,1
3703184,171492,1,1,0
2254896,171493,1,0,1
1567504,171494,1,1,0
7998544,171495,1,1,0
571264,171496,1,0,1
737400,171497,1,0,1
6837816,171498,1,1,0
1587720,171499,1,0,1
7155000,171500,1,1,0
8183584,171501,1,0,1
462136,171502,1,1,0
5025432,171503,1,1,0
631864,171504,1,1,0
1400464,171505,1,1,0
1928840,171506,1,1,0
6326536,171507,1,0,1
3434672,171508,1,1,0
763080,171509,1,1,0
2731264,171510,1,0,1
978240,171511,1,1,0
4005624,171512,1,1,0
399888,171513,1,1,0
963336,171514,1,0,1
1248952,171515,1,0,1
559512,171516,1,1,0
6726376,171517,1,0,1
1783856,171518,1,1,0
4198256,171519,1,0,1
1280760,171520,1,1,0
4541184,171521,1,0,1
1552200,171522,1,0,1
6205352,171523,1,1,0
385816,171524,1,0,1
4534320,171525,1,1,0
7865048,171526,1,1,0
873840,171527,1,1,0
2916488,171528,1,0,1
1303096,171529,1,1,0
3428208,171530,1,0,1
559568,171531,1,1,0
5417552,171532,1,1,0
2629072,171533,1,0,1
2000584,171534,1,1,0
4228640,171535,1,1,0
174776,171536,1,0,1
6823904,171537,1,0,1
4900656,171538,1,0,1
2717120,171539,1,0,1
1004728,171540,1,1,0
1647992,171541,1,0,1
539464,171542,1,1,0
2736616,171543,1,0,1
1968240,171544,1,1,0
2563280,171545,1,1,0
6861712,171546,1,1,0
375952,171547,1,0,1
4977552,171548,1,1,0
503552,171549,1,1,0
7398128,171550,1,1,0
1339320,171551,1,0,1
765352,171552,1,1,0
549888,171553,1,0,1
3304792,171554,1,0,1
1907168,171555,1,0,1
2169632,171556,1,0,1
3155280,171557,1,0,1
7325856,171558,1,1,0
7419640,171559,1,0,1
525624,171560,1,1,0
1455560,171561,1,1,0
523976,171562,1,0,1
192664,171563,1,0,1
5317472,171564,1,1,0
2544640,171565,1,0,1
2175544,171566,1,0,1
6088560,171567,1,1,0
2880304,171568,1,1,0
181096,171569,1,0,1
2125896,171570,1,1,0
725888,171571,1,0,1
985136,171572,1,0,1
797592,171573,1,1,0
7334040,171574,1,0,1
4597024,171575,1,1,0
2941672,171576,1,1,0
1434440,171577,1,0,1
7726728,171578,1,0,1
1291432,171579,1,1,0
3826976,171580,1,0,1
3316880,171581,1,0,1
421912,171582,1,1,0
5140984,171583,1,1,0
1018112,171584,1,0,1
3228128,171585,1,1,0
5826696,171586,1,1,0
1082144,171587,1,0,1
5791152,171588,1,1,0
2640128,171589,1,0,1
5740328,171590,1,0,1
933264,171591,1,0,1
2134328,171592,1,1,0
2199224,171593,1,1,0
711656,171594,1,1,0
173520,171595,1,1,0
3806096,171596,1,1,0
1159944,171597,1,1,0
1078224,171598,1,1,0
3341552,171599,1,0,1
562392,171600,1,0,1
7042440,171601,1,0,1
8129832,171602,1,1,0
7864304,171603,1,0,1
1886144,171604,1,0,1
743496,171605,1,0,1
5982104,171606,1,1,0
4860888,171607,1,1,0
3735120,171608,1,0,1
5923192,171609,1,1,0
6397152,171610,1,0,1
7564464,171611,1,0,1
2034304,171612,1,0,1
237760,171613,1,0,1
3979064,171614,1,1,0
7955264,171615,1,0,1
1791024,171616,1,1,0
7024376,171617,1,1,0
1587528,171618,1,0,1
1596472,171619,1,0,1
3749328,171620,1,1,0
5676720,171621,1,1,0
7232752,171622,1,1,0
1367160,171623,1,1,0
1927952,171624,1,1,0
1424528,171625,1,1,0
2734408,171626,1,1,0
1677696,171627,1,1,0
1362936,171628,1,1,0
5773120,171629,1,1,0
342064,171630,1,0,1
2856296,171631,1,0,1
200472,171632,1,1,0
3024792,171633,1,0,1
1180376,171634,1,1,0
3634600,171635,1,1,0
4421312,171636,1,1,0
6679264,171637,1,1,0
1812392,171638,1,0,1
3913808,171639,1,0,1
1387936,171640,1,1,0
2567704,171641,1,0,1
4873400,171642,1,1,0
2512200,171643,1,1,0
4297240,171644,1,1,0
7079944,171645,1,0,1
3942416,171646,1,1,0
2800912,171647,1,1,0
7784256,171648,1,0,1
3299384,171649,1,0,1
664152,171650,1,1,0
1790120,171651,1,1,0
1685592,171652,1,0,1
4725232,171653,1,1,0
733968,171654,1,0,1
6374192,171655,1,0,1
2344104,171656,1,1,0
2625512,171657,1,0,1
1406056,171658,1,0,1
3528024,171659,1,1,0
1817256,171660,1,0,1
1273456,171661,1,0,1
7323256,171662,1,1,0
1278832,171663,1,0,1
6557456,171664,1,0,1
520704,171665,1,1,0
6742008,171666,1,1,0
770352,171667,1,1,0
3410920,171668,1,0,1
5193088,171669,1,0,1
993928,171670,1,0,1
1893392,171671,1,0,1
264232,171672,1,1,0
4590608,171673,1,1,0
6652232,171674,1,0,1
5127888,171675,1,0,1
738416,171676,1,1,0
1927352,171677,1,1,0
199376,171678,1,0,1
4527352,171679,1,0,1
1598256,171680,1,1,0
3684008,171681,1,0,1
4039512,171682,1,1,0
5831536,171683,1,0,1
3056336,171684,1,0,1
2580904,171685,1,0,1
4939232,171686,1,0,1
1378520,171687,1,1,0
784336,171688,1,0,1
5800008,171689,1,0,1
6911320,171690,1,1,0
5222856,171691,1,1,0
1188096,171692,1,0,1
4261352,171693,1,1,0
1577488,171694,1,1,0
6344320,171695,1,0,1
3918760,171696,1,0,1
3307144,171697,1,0,1
6753336,171698,1,0,1
5986336,171699,1,0,1
296360,171700,1,1,0
7361184,171701,1,1,0
1119456,171702,1,1,0
5051872,171703,1,0,1
3798192,171704,1,1,0
4592776,171705,1,1,0
6809696,171706,1,0,1
4513000,171707,1,1,0
6202544,171708,1,0,1
1774232,171709,1,0,1
964408,171710,1,0,1
3540704,171711,1,0,1
4093408,171712,1,1,0
2121504,171713,1,1,0
2171744,171714,1,1,0
4983008,171715,1,1,0
1192856,171716,1,1,0
2687712,171717,1,1,0
3613808,171718,1,0,1
378576,171719,1,1,0
3629208,171720,1,0,1
3772464,171721,1,1,0
4417648,171722,1,1,0
1615808,171723,1,0,1
923640,171724,1,0,1
574328,171725,1,1,0
1011240,171726,1,1,0
1866160,171727,1,1,0
2327848,171728,1,1,0
2987032,171729,1,1,0
7849808,171730,1,1,0
6441856,171731,1,1,0
733984,171732,1,1,0
6564320,171733,1,1,0
8060984,171734,1,0,1
7823104,171735,1,1,0
3108544,171736,1,0,1
181656,171737,1,1,0
2855720,171738,1,0,1
7457952,171739,1,1,0
737648,171740,1,0,1
5901504,171741,1,0,1
3743864,171742,1,1,0
7459416,171743,1,1,0
5543776,171744,1,0,1
1035688,171745,1,0,1
163784,171746,1,1,0
1047928,171747,1,0,1
2039000,171748,1,0,1
810264,171749,1,0,1
426632,171750,1,0,1
2442424,171751,1,0,1
5019872,171752,1,0,1
1402456,171753,1,1,0
1132320,171754,1,1,0
4101472,171755,1,1,0
1359976,171756,1,1,0
2691248,171757,1,0,1
385184,171758,1,1,0
217288,171759,1,1,0
4105464,171760,1,1,0
6558352,171761,1,0,1
279320,171762,1,0,1
5318624,171763,1,1,0
420608,171764,1,0,1
215448,171765,1,1,0
1193560,171766,1,1,0
1297808,171767,1,0,1
1179832,171768,1,0,1
4596288,171769,1,0,1
667896,171770,1,0,1
3885880,171771,1,0,1
1561360,171772,1,0,1
1273240,171773,1,1,0
4792888,171774,1,1,0
129104,171775,1,0,1
5446088,171776,1,1,0
874056,171777,1,1,0
1556760,171778,1,1,0
520056,171779,1,0,1
1524176,171780,1,0,1
5720744,171781,1,1,0
859240,171782,1,0,1
875024,171783,1,1,0
1037856,171784,1,0,1
1026624,171785,1,1,0
5514424,171786,1,0,1
6404400,171787,1,1,0
4110320,171788,1,0,1
1451928,171789,1,1,0
198616,171790,1,1,0
850376,171791,1,0,1
2276312,171792,1,1,0
463928,171793,1,1,0
1215072,171794,1,0,1
1086720,171795,1,1,0
3916648,171796,1,1,0
6996720,171797,1,0,1
1494296,171798,1,1,0
520216,171799,1,1,0
2275168,171800,1,0,1
1123616,171801,1,0,1
7731936,171802,1,0,1
5045336,171803,1,0,1
534160,171804,1,1,0
7789632,171805,1,1,0
2407584,171806,1,1,0
3508224,171807,1,0,1
4198184,171808,1,0,1
4838728,171809,1,1,0
1545264,171810,1,1,0
229072,171811,1,1,0
2889144,171812,1,0,1
3798136,171813,1,1,0
161336,171814,1,1,0
7802448,171815,1,1,0
8092320,171816,1,1,0
3569416,171817,1,1,0
1756568,171818,1,1,0
899440,171819,1,1,0
1994992,171820,1,0,1
8046432,171821,1,1,0
1277568,171822,1,0,1
8384304,171823,1,1,0
2586760,171824,1,1,0
643760,171825,1,0,1
996176,171826,1,1,0
8302880,171827,1,0,1
4170672,171828,1,1,0
1232216,171829,1,1,0
1245656,171830,1,1,0
2658344,171831,1,0,1
752176,171832,1,1,0
5705936,171833,1,0,1
1598376,171834,1,0,1
2508616,171835,1,1,0
6374992,171836,1,1,0
2306392,171837,1,0,1
3025992,171838,1,0,1
7149024,171839,1,0,1
7580848,171840,1,0,1
3686336,171841,1,1,0
576192,171842,1,1,0
1677992,171843,1,0,1
253432,171844,1,0,1
2104168,171845,1,0,1
5855272,171846,1,1,0
8367888,171847,1,0,1
4205968,171848,1,0,1
6127320,171849,1,1,0
778056,171850,1,1,0
3933984,171851,1,1,0
832088,171852,1,0,1
7278016,171853,1,0,1
356896,171854,1,1,0
3754000,171855,1,0,1
6049504,171856,1,1,0
731160,171857,1,0,1
1277720,171858,1,0,1
828376,171859,1,1,0
3887128,171860,1,1,0
4673776,171861,1,1,0
5817520,171862,1,1,0
6359280,171863,1,1,0
2472728,171864,1,1,0
1017656,171865,1,1,0
2716704,171866,1,1,0
8183688,171867,1,0,1
209304,171868,1,1,0
1765928,171869,1,1,0
531288,171870,1,0,1
6165264,171871,1,1,0
1627416,171872,1,1,0
2255800,171873,1,1,0
1697304,171874,1,0,1
2050224,171875,1,0,1
533104,171876,1,1,0
5776984,171877,1,1,0
5632416,171878,1,1,0
715224,171879,1,0,1
1359744,171880,1,1,0
1008768,171881,1,1,0
6428256,171882,1,1,0
3925608,171883,1,1,0
336104,171884,1,0,1
1708568,171885,1,1,0
2702376,171886,1,0,1
4594024,171887,1,0,1
6510000,171888,1,1,0
1508864,171889,1,0,1
205344,171890,1,0,1
3645632,171891,1,1,0
2882848,171892,1,0,1
5349136,171893,1,0,1
3493248,171894,1,0,1
3724944,171895,1,1,0
1115096,171896,1,0,1
2827032,171897,1,1,0
1103840,171898,1,0,1
5944776,171899,1,0,1
4239160,171900,1,1,0
1833840,171901,1,0,1
4128696,171902,1,1,0
259168,171903,1,1,0
3748384,171904,1,0,1
1870136,171905,1,0,1
944560,171906,1,1,0
5352424,171907,1,1,0
7814064,171908,1,1,0
89848,171909,1,1,0
1960608,171910,1,0,1
2791072,171911,1,1,0
209800,171912,1,0,1
380488,171913,1,0,1
2226440,171914,1,0,1
1506848,171915,1,0,1
853064,171916,1,1,0
1771120,171917,1,0,1
3299280,171918,1,1,0
8038432,171919,1,1,0
1085736,171920,1,0,1
7056728,171921,1,0,1
138720,171922,1,0,1
7058848,171923,1,0,1
421600,171924,1,0,1
3680280,171925,1,0,1
2555128,171926,1,0,1
7292904,171927,1,1,0
4094856,171928,1,0,1
2161736,171929,1,0,1
6650568,171930,1,0,1
1379864,171931,1,1,0
1132528,171932,1,0,1
1503800,171933,1,0,1
358216,171934,1,1,0
6485160,171935,1,0,1
6688768,171936,1,1,0
2261816,171937,1,1,0
1873808,171938,1,0,1
6651208,171939,1,1,0
1528152,171940,1,1,0
5639360,171941,1,0,1
2169680,171942,1,0,1
3065544,171943,1,0,1
1319576,171944,1,1,0
1718624,171945,1,1,0
1452880,171946,1,1,0
480696,171947,1,1,0
808824,171948,1,0,1
1133640,171949,1,1,0
7068440,171950,1,0,1
2150624,171951,1,1,0
3990032,171952,1,0,1
5745256,171953,1,1,0
5316664,171954,1,0,1
7836760,171955,1,0,1
4354648,171956,1,1,0
5353856,171957,1,0,1
6707504,171958,1,1,0
4639832,171959,1,1,0
3816480,171960,1,1,0
661216,171961,1,1,0
1686304,171962,1,0,1
3107512,171963,1,0,1
2787832,171964,1,1,0
444968,171965,1,1,0
2668728,171966,1,1,0
725576,171967,1,1,0
181080,171968,1,0,1
6862120,171969,1,0,1
7502104,171970,1,0,1
1717128,171971,1,1,0
766672,171972,1,0,1
687200,171973,1,1,0
6789792,171974,1,0,1
1446016,171975,1,0,1
3086440,171976,1,0,1
4851336,171977,1,0,1
2593912,171978,1,0,1
6298928,171979,1,0,1
3357096,171980,1,0,1
3618856,171981,1,1,0
694368,171982,1,1,0
2429736,171983,1,0,1
3900488,171984,1,1,0
519232,171985,1,1,0
125536,171986,1,1,0
600720,171987,1,0,1
1113592,171988,1,0,1
5149704,171989,1,0,1
2208096,171990,1,1,0
4275400,171991,1,1,0
2532472,171992,1,0,1
243888,171993,1,1,0
2479000,171994,1,1,0
1789648,171995,1,0,1
795920,171996,1,1,0
2122816,171997,1,1,0
1937176,171998,1,1,0
1788448,171999,1,1,0
463216,172000,1,0,1
1831888,172001,1,0,1
3066408,172002,1,0,1
633032,172003,1,0,1
1361016,172004,1,1,0
247904,172005,1,1,0
587288,172006,1,1,0
1102264,172007,1,0,1
938344,172008,1,1,0
623752,172009,1,0,1
5760608,172010,1,1,0
4361312,172011,1,1,0
8229048,172012,1,1,0
846424,172013,1,1,0
3217824,172014,1,0,1
6286792,172015,1,0,1
956400,172016,1,1,0
346360,172017,1,1,0
1970352,172018,1,0,1
1487984,172019,1,0,1
2750440,172020,1,1,0
910560,172021,1,0,1
2318816,172022,1,1,0
2339264,172023,1,1,0
6328088,172024,1,0,1
341648,172025,1,1,0
777960,172026,1,1,0
4517936,172027,1,1,0
5491216,172028,1,0,1
3245640,172029,1,0,1
640392,172030,1,0,1
3673704,172031,1,1,0
4925544,172032,1,0,1
232608,172033,1,1,0
2596840,172034,1,0,1
943944,172035,1,1,0
579800,172036,1,0,1
5395864,172037,1,0,1
2929584,172038,1,1,0
1904056,172039,1,0,1
5846048,172040,1,0,1
1443664,172041,1,0,1
2581136,172042,1,0,1
2381168,172043,1,0,1
895264,172044,1,1,0
2074632,172045,1,0,1
267176,172046,1,0,1
1456912,172047,1,1,0
609616,172048,1,1,0
605408,172049,1,0,1
975864,172050,1,0,1
6854920,172051,1,0,1
2342232,172052,1,0,1
3812824,172053,1,0,1
3563752,172054,1,1,0
1807360,172055,1,1,0
7859544,172056,1,1,0
2348488,172057,1,0,1
5590944,172058,1,0,1
5612488,172059,1,0,1
746712,172060,1,1,0
3695128,172061,1,1,0
2312624,172062,1,0,1
4181344,172063,1,0,1
5653904,172064,1,1,0
6799584,172065,1,1,0
561448,172066,1,1,0
1460672,172067,1,0,1
228312,172068,1,0,1
7120944,172069,1,0,1
288048,172070,1,1,0
3072472,172071,1,0,1
3889424,172072,1,1,0
3707160,172073,1,1,0
485512,172074,1,1,0
3934680,172075,1,0,1
1234040,172076,1,1,0
5276208,172077,1,0,1
4124976,172078,1,1,0
5353640,172079,1,0,1
7386232,172080,1,0,1
4187976,172081,1,0,1
2624824,172082,1,0,1
1022920,172083,1,1,0
989344,172084,1,1,0
4929912,172085,1,1,0
7947696,172086,1,0,1
7925456,172087,1,1,0
1013184,172088,1,0,1
2129904,172089,1,1,0
3591288,172090,1,1,0
4990984,172091,1,0,1
4723992,172092,1,0,1
3079640,172093,1,1,0
6618488,172094,1,0,1
531256,172095,1,1,0
5670896,172096,1,1,0
2242296,172097,1,1,0
538824,172098,1,1,0
4254432,172099,1,1,0
2153672,172100,1,1,0
594176,172101,1,0,1
776320,172102,1,1,0
466520,172103,1,1,0
319208,172104,1,0,1
671880,172105,1,0,1
8232256,172106,1,0,1
2287520,172107,1,1,0
4081800,172108,1,1,0
2781584,172109,1,1,0
468112,172110,1,1,0
2816096,172111,1,1,0
1363456,172112,1,0,1
207336,172113,1,0,1
8082008,172114,1,1,0
1239352,172115,1,0,1
600816,172116,1,0,1
7424544,172117,1,1,0
335680,172118,1,1,0
5090200,172119,1,0,1
7034832,172120,1,0,1
4590936,172121,1,1,0
4458072,172122,1,1,0
4273528,172123,1,1,0
6611592,172124,1,1,0
8346192,172125,1,1,0
5117536,172126,1,0,1
3961880,172127,1,1,0
691864,172128,1,1,0
2512480,172129,1,1,0
6843760,172130,1,1,0
237656,172131,1,0,1
948576,172132,1,0,1
2167400,172133,1,1,0
7822096,172134,1,0,1
8173888,172135,1,0,1
2259728,172136,1,1,0
867440,172137,1,0,1
992320,172138,1,1,0
4716320,172139,1,1,0
409160,172140,1,1,0
1897264,172141,1,1,0
551544,172142,1,1,0
5287576,172143,1,1,0
5017752,172144,1,0,1
3558752,172145,1,1,0
1112176,172146,1,1,0
933672,172147,1,0,1
2125208,172148,1,1,0
2031440,172149,1,0,1
710872,172150,1,0,1
1779064,172151,1,0,1
7530824,172152,1,1,0
5569520,172153,1,1,0
7485000,172154,1,0,1
1500760,172155,1,1,0
671592,172156,1,1,0
3422952,172157,1,1,0
3686696,172158,1,1,0
4541536,172159,1,0,1
1565544,172160,1,0,1
1470968,172161,1,0,1
4394136,172162,1,0,1
4619128,172163,1,0,1
842304,172164,1,1,0
2915016,172165,1,0,1
5977624,172166,1,0,1
5305784,172167,1,0,1
218616,172168,1,1,0
1544816,172169,1,0,1
1672224,172170,1,1,0
7503968,172171,1,1,0
6307952,172172,1,0,1
1726008,172173,1,1,0
335928,172174,1,0,1
4782648,172175,1,1,0
8066600,172176,1,0,1
1522216,172177,1,1,0
1817600,172178,1,0,1
8204360,172179,1,0,1
1972728,172180,1,0,1
2746720,172181,1,0,1
359736,172182,1,0,1
2928288,172183,1,1,0
1440176,172184,1,0,1
1255488,172185,1,0,1
5031800,172186,1,0,1
7303632,172187,1,1,0
1973416,172188,1,0,1
4170472,172189,1,0,1
833040,172190,1,1,0
1385744,172191,1,1,0
2510232,172192,1,0,1
6878160,172193,1,1,0
5285224,172194,1,1,0
2466824,172195,1,1,0
1502912,172196,1,0,1
1217416,172197,1,0,1
4729328,172198,1,1,0
2489128,172199,1,0,1
2757440,172200,1,1,0
5714472,172201,1,1,0
4839760,172202,1,0,1
1963048,172203,1,0,1
888312,172204,1,0,1
2129088,172205,1,0,1
4563704,172206,1,0,1
1633048,172207,1,1,0
2055576,172208,1,0,1
7216240,172209,1,1,0
405200,172210,1,0,1
1853104,172211,1,1,0
2038616,172212,1,1,0
3556712,172213,1,0,1
2981392,172214,1,1,0
2082504,172215,1,1,0
1586872,172216,1,1,0
3764664,172217,1,1,0
1166584,172218,1,0,1
1178152,172219,1,1,0
3054576,172220,1,0,1
2346392,172221,1,1,0
2810056,172222,1,0,1
190856,172223,1,0,1
1717896,172224,1,0,1
4608288,172225,1,0,1
1668480,172226,1,0,1
5194104,172227,1,0,1
8387720,172228,1,1,0
1016408,172229,1,0,1
745920,172230,1,1,0
1497976,172231,1,0,1
5900832,172232,1,1,0
599560,172233,1,1,0
2825248,172234,1,1,0
887960,172235,1,1,0
924928,172236,1,1,0
4549048,172237,1,0,1
4004536,172238,1,1,0
3750368,172239,1,1,0
2982368,172240,1,1,0
2129296,172241,1,0,1
309672,172242,1,0,1
629480,172243,1,1,0
5086840,172244,1,1,0
1512104,172245,1,0,1
3021016,172246,1,1,0
2862144,172247,1,0,1
3032144,172248,1,1,0
6283016,172249,1,0,1
5014840,172250,1,1,0
1556328,172251,1,0,1
6824680,172252,1,0,1
4893768,172253,1,1,0
2039472,172254,1,1,0
7866344,172255,1,0,1
6706808,172256,1,0,1
4389392,172257,1,0,1
835872,172258,1,1,0
7784656,172259,1,1,0
6874104,172260,1,0,1
2102640,172261,1,0,1
4820616,172262,1,0,1
7266520,172263,1,0,1
2991488,172264,1,0,1
645192,172265,1,1,0
3779248,172266,1,0,1
5517088,172267,1,1,0
1380840,172268,1,1,0
1484344,172269,1,0,1
5271504,172270,1,1,0
599600,172271,1,0,1
372272,172272,1,0,1
831048,172273,1,1,0
463872,172274,1,1,0
283528,172275,1,0,1
569328,172276,1,0,1
541736,172277,1,0,1
1199320,172278,1,1,0
5971480,172279,1,1,0
5074544,172280,1,0,1
1190768,172281,1,1,0
5975504,172282,1,1,0
1004960,172283,1,1,0
901664,172284,1,0,1
4085616,172285,1,0,1
5636040,172286,1,0,1
749368,172287,1,1,0
2703768,172288,1,1,0
6125456,172289,1,1,0
2823184,172290,1,0,1
4034160,172291,1,1,0
7194344,172292,1,1,0
103952,172293,1,1,0
487568,172294,1,1,0
1266992,172295,1,0,1
2228344,172296,1,0,1
4713248,172297,1,1,0
7795008,172298,1,1,0
2383688,172299,1,0,1
3241216,172300,1,0,1
844368,172301,1,0,1
5574456,172302,1,0,1
4983824,172303,1,0,1
4722664,172304,1,0,1
2337016,172305,1,0,1
5035728,172306,1,0,1
1768368,172307,1,1,0
6346072,172308,1,0,1
7190944,172309,1,0,1
397080,172310,1,0,1
2492856,172311,1,0,1
7853408,172312,1,0,1
1928488,172313,1,0,1
5679904,172314,1,0,1
6121544,172315,1,0,1
4521272,172316,1,0,1
4864520,172317,1,1,0
1655456,172318,1,1,0
2985808,172319,1,1,0
429776,172320,1,1,0
1821680,172321,1,1,0
137752,172322,1,0,1
8291736,172323,1,1,0
7673488,172324,1,1,0
3886352,172325,1,0,1
1432480,172326,1,0,1
3711432,172327,1,1,0
469872,172328,1,1,0
2010912,172329,1,1,0
6658920,172330,1,1,0
782760,172331,1,0,1
7977760,172332,1,0,1
564072,172333,1,1,0
4548360,172334,1,0,1
3599776,172335,1,0,1
1182464,172336,1,0,1
4483376,172337,1,1,0
3250424,172338,1,1,0
2177496,172339,1,0,1
837624,172340,1,0,1
322552,172341,1,1,0
5687416,172342,1,1,0
4264032,172343,1,1,0
734360,172344,1,1,0
905976,172345,1,1,0
827992,172346,1,1,0
755816,172347,1,0,1
6597744,172348,1,1,0
3427512,172349,1,1,0
363040,172350,1,1,0
526592,172351,1,0,1
1490320,172352,1,0,1
3088800,172353,1,0,1
4741568,172354,1,0,1
2088544,172355,1,1,0
783688,172356,1,0,1
388760,172357,1,0,1
1705560,172358,1,0,1
5266064,172359,1,1,0
1165512,172360,1,1,0
417456,172361,1,0,1
5225976,172362,1,0,1
7566888,172363,1,0,1
390944,172364,1,0,1
8220640,172365,1,1,0
8097880,172366,1,0,1
461808,172367,1,0,1
2495552,172368,1,1,0
4638184,172369,1,0,1
4526416,172370,1,1,0
2102200,172371,1,0,1
2469520,172372,1,1,0
975360,172373,1,0,1
5071184,172374,1,1,0
1727576,172375,1,1,0
5867184,172376,1,1,0
4943872,172377,1,0,1
2489720,172378,1,1,0
1561120,172379,1,0,1
2599320,172380,1,1,0
77008,172381,1,1,0
5888960,172382,1,0,1
6698152,172383,1,0,1
5965120,172384,1,1,0
914760,172385,1,0,1
5549536,172386,1,1,0
1049056,172387,1,1,0
1170512,172388,1,1,0
7205752,172389,1,1,0
5361944,172390,1,1,0
3924712,172391,1,1,0
1805128,172392,1,0,1
1929464,172393,1,0,1
1212568,172394,1,1,0
3062616,172395,1,0,1
912760,172396,1,1,0
5562512,172397,1,0,1
1753584,172398,1,0,1
3025776,172399,1,1,0
6867624,172400,1,1,0
807048,172401,1,0,1
1652776,172402,1,1,0
3660232,172403,1,0,1
7294448,172404,1,1,0
1299000,172405,1,0,1
699104,172406,1,1,0
2960800,172407,1,0,1
6176264,172408,1,1,0
1649952,172409,1,0,1
368840,172410,1,1,0
1942400,172411,1,1,0
1407056,172412,1,1,0
1366144,172413,1,0,1
2048416,172414,1,0,1
3383472,172415,1,0,1
1801712,172416,1,1,0
7268424,172417,1,1,0
1957264,172418,1,0,1
1306984,172419,1,0,1
5813504,172420,1,1,0
5639544,172421,1,0,1
2257344,172422,1,1,0
361312,172423,1,1,0
2726384,172424,1,1,0
3339968,172425,1,1,0
5121968,172426,1,0,1
301168,172427,1,0,1
3489872,172428,1,1,0
7495888,172429,1,0,1
1262160,172430,1,1,0
5220904,172431,1,0,1
2876704,172432,1,0,1
1248776,172433,1,0,1
1743984,172434,1,0,1
610776,172435,1,0,1
7373672,172436,1,1,0
521352,172437,1,1,0
2921440,172438,1,1,0
2187592,172439,1,0,1
1708768,172440,1,0,1
914536,172441,1,1,0
4487160,172442,1,0,1
3943376,172443,1,1,0
3543792,172444,1,1,0
246784,172445,1,0,1
6426344,172446,1,0,1
213584,172447,1,1,0
771608,172448,1,1,0
284192,172449,1,0,1
1607672,172450,1,0,1
7282472,172451,1,0,1
2133456,172452,1,0,1
1315640,172453,1,0,1
715800,172454,1,1,0
3666528,172455,1,0,1
1132288,172456,1,0,1
235280,172457,1,1,0
1242024,172458,1,0,1
3014456,172459,1,0,1
2516752,172460,1,1,0
3941568,172461,1,1,0
3539920,172462,1,1,0
821904,172463,1,0,1
151776,172464,1,1,0
2614160,172465,1,0,1
2860872,172466,1,1,0
474912,172467,1,1,0
3817520,172468,1,0,1
7304576,172469,1,0,1
6304896,172470,1,1,0
5944760,172471,1,1,0
981384,172472,1,1,0
4067176,172473,1,1,0
2201024,172474,1,0,1
5192432,172475,1,0,1
2070712,172476,1,1,0
1784160,172477,1,1,0
5824176,172478,1,1,0
1793088,172479,1,0,1
575400,172480,1,1,0
1875272,172481,1,1,0
6997816,172482,1,0,1
3611920,172483,1,0,1
3845064,172484,1,0,1
4607040,172485,1,1,0
469616,172486,1,0,1
7155448,172487,1,1,0
898072,172488,1,0,1
3683040,172489,1,0,1
3081568,172490,1,1,0
4796000,172491,1,0,1
7124264,172492,1,0,1
5465392,172493,1,1,0
273128,172494,1,1,0
5074384,172495,1,1,0
316904,172496,1,1,0
495888,172497,1,1,0
949704,172498,1,0,1
784496,172499,1,0,1
642600,172500,1,0,1
779552,172501,1,1,0
1077776,172502,1,1,0
446864,172503,1,0,1
1820856,172504,1,0,1
4004496,172505,1,1,0
5777904,172506,1,1,0
6824072,172507,1,0,1
583128,172508,1,0,1
2110808,172509,1,0,1
1660128,172510,1,1,0
1401360,172511,1,1,0
3346288,172512,1,1,0
2050456,172513,1,1,0
7261280,172514,1,1,0
1917720,172515,1,1,0
226056,172516,1,1,0
916784,172517,1,1,0
359768,172518,1,0,1
6991864,172519,1,0,1
2958688,172520,1,0,1
2904512,172521,1,1,0
2843928,172522,1,0,1
2866592,172523,1,1,0
5096576,172524,1,0,1
1379016,172525,1,1,0
5230016,172526,1,0,1
1217112,172527,1,0,1
3087896,172528,1,0,1
6445936,172529,1,1,0
186144,172530,1,1,0
7505912,172531,1,1,0
4576944,172532,1,1,0
6872488,172533,1,0,1
1966416,172534,1,0,1
2811760,172535,1,1,0
1609952,172536,1,1,0
2008912,172537,1,1,0
1478944,172538,1,0,1
135944,172539,1,0,1
5335552,172540,1,0,1
6091392,172541,1,1,0
1274488,172542,1,1,0
1542472,172543,1,1,0
835608,172544,1,1,0
7842816,172545,1,0,1
498776,172546,1,0,1
619872,172547,1,0,1
1956720,172548,1,0,1
3007584,172549,1,1,0
147904,172550,1,1,0
1371240,172551,1,1,0
515784,172552,1,1,0
3579632,172553,1,0,1
4695616,172554,1,1,0
1318608,172555,1,0,1
8218728,172556,1,0,1
4887536,172557,1,0,1
3574376,172558,1,1,0
3167088,172559,1,0,1
4093672,172560,1,1,0
1133920,172561,1,1,0
1603216,172562,1,0,1
527368,172563,1,1,0
2391040,172564,1,0,1
6074560,172565,1,0,1
2440080,172566,1,0,1
2047688,172567,1,0,1
629880,172568,1,0,1
4887256,172569,1,1,0
6875160,172570,1,0,1
176984,172571,1,1,0
1067512,172572,1,1,0
3634200,172573,1,0,1
1122968,172574,1,0,1
717176,172575,1,0,1
2581688,172576,1,0,1
743920,172577,1,1,0
230120,172578,1,0,1
7552920,172579,1,0,1
5019496,172580,1,1,0
4373872,172581,1,0,1
1113960,172582,1,0,1
4889208,172583,1,0,1
6358360,172584,1,1,0
1671560,172585,1,1,0
2042992,172586,1,1,0
2198800,172587,1,0,1
3373776,172588,1,0,1
744592,172589,1,1,0
591312,172590,1,1,0
586400,172591,1,0,1
2352824,172592,1,1,0
6523312,172593,1,1,0
811960,172594,1,1,0
3884704,172595,1,1,0
3230208,172596,1,1,0
3330032,172597,1,0,1
2453248,172598,1,0,1
5935664,172599,1,1,0
6060760,172600,1,1,0
7394536,172601,1,1,0
3919840,172602,1,0,1
204168,172603,1,1,0
1007224,172604,1,0,1
4670104,172605,1,0,1
3243256,172606,1,1,0
1826784,172607,1,0,1
3048104,172608,1,1,0
802128,172609,1,1,0
2141008,172610,1,1,0
2675272,172611,1,1,0
6906288,172612,1,1,0
2371096,172613,1,1,0
4536248,172614,1,1,0
1758680,172615,1,0,1
4124400,172616,1,0,1
3835352,172617,1,1,0
1903280,172618,1,0,1
1242160,172619,1,1,0
4157680,172620,1,0,1
5267392,172621,1,0,1
2203048,172622,1,1,0
6770616,172623,1,1,0
2325496,172624,1,1,0
6698384,172625,1,0,1
8014536,172626,1,0,1
6923616,172627,1,1,0
511312,172628,1,1,0
1746104,172629,1,1,0
5888320,172630,1,1,0
1391712,172631,1,0,1
4930048,172632,1,0,1
3560392,172633,1,1,0
5347632,172634,1,0,1
7044072,172635,1,1,0
1825088,172636,1,1,0
4279744,172637,1,1,0
1367256,172638,1,1,0
3682168,172639,1,0,1
1558760,172640,1,0,1
720688,172641,1,1,0
7993120,172642,1,0,1
1428792,172643,1,1,0
727800,172644,1,0,1
4867712,172645,1,0,1
233992,172646,1,1,0
307056,172647,1,0,1
339600,172648,1,0,1
1187824,172649,1,0,1
6088696,172650,1,0,1
544968,172651,1,0,1
906504,172652,1,0,1
639152,172653,1,0,1
2724392,172654,1,1,0
6046016,172655,1,1,0
702920,172656,1,0,1
5497568,172657,1,0,1
269464,172658,1,0,1
2116520,172659,1,1,0
2183328,172660,1,1,0
1737096,172661,1,0,1
3776272,172662,1,0,1
1014368,172663,1,1,0
1713680,172664,1,1,0
3430352,172665,1,1,0
1340344,172666,1,0,1
488184,172667,1,0,1
3403640,172668,1,0,1
6830064,172669,1,1,0
3226552,172670,1,1,0
5049816,172671,1,0,1
2010736,172672,1,1,0
2474280,172673,1,0,1
421376,172674,1,0,1
6210928,172675,1,1,0
5945064,172676,1,0,1
4785976,172677,1,0,1
2665104,172678,1,1,0
2914840,172679,1,1,0
2758720,172680,1,1,0
4900208,172681,1,1,0
613032,172682,1,1,0
691776,172683,1,1,0
4862704,172684,1,0,1
7917480,172685,1,1,0
5966576,172686,1,0,1
375720,172687,1,0,1
1193200,172688,1,0,1
2322232,172689,1,0,1
129160,172690,1,0,1
6252528,172691,1,0,1
2050760,172692,1,1,0
7222608,172693,1,0,1
6243976,172694,1,0,1
5583448,172695,1,1,0
3265160,172696,1,1,0
1102440,172697,1,0,1
5560632,172698,1,0,1
4686272,172699,1,0,1
643728,172700,1,0,1
2218568,172701,1,1,0
1208072,172702,1,0,1
811112,172703,1,1,0
7988784,172704,1,0,1
3726976,172705,1,1,0
1157136,172706,1,1,0
3111832,172707,1,0,1
91688,172708,1,0,1
4905920,172709,1,0,1
2556360,172710,1,1,0
2241128,172711,1,1,0
7266000,172712,1,1,0
286416,172713,1,0,1
1685784,172714,1,1,0
974336,172715,1,0,1
204128,172716,1,0,1
334088,172717,1,1,0
1290432,172718,1,1,0
5421504,172719,1,0,1
893528,172720,1,0,1
5131624,172721,1,1,0
6227208,172722,1,0,1
2741400,172723,1,0,1
3492944,172724,1,1,0
4066152,172725,1,0,1
5232968,172726,1,1,0
2286904,172727,1,1,0
3389032,172728,1,1,0
73480,172729,1,0,1
5324432,172730,1,0,1
4983688,172731,1,1,0
2629464,172732,1,0,1
7794424,172733,1,0,1
5477928,172734,1,1,0
6356040,172735,1,1,0
1356824,172736,1,0,1
4427384,172737,1,1,0
1145960,172738,1,1,0
1068944,172739,1,1,0
7189544,172740,1,0,1
7936728,172741,1,1,0
999728,172742,1,1,0
4341600,172743,1,0,1
827888,172744,1,0,1
1347992,172745,1,0,1
3351720,172746,1,0,1
2688944,172747,1,0,1
2003944,172748,1,0,1
3777904,172749,1,0,1
5669840,172750,1,1,0
1309736,172751,1,0,1
349240,172752,1,1,0
482152,172753,1,0,1
717640,172754,1,1,0
1742040,172755,1,1,0
3584608,172756,1,0,1
7168624,172757,1,0,1
2981744,172758,1,1,0
7504936,172759,1,1,0
559160,172760,1,0,1
6220056,172761,1,0,1
3452464,172762,1,0,1
1115032,172763,1,1,0
2116920,172764,1,0,1
3162224,172765,1,1,0
296928,172766,1,0,1
1101080,172767,1,1,0
1938392,172768,1,0,1
418328,172769,1,0,1
6639536,172770,1,1,0
504744,172771,1,0,1
907040,172772,1,1,0
423128,172773,1,0,1
2720584,172774,1,1,0
2466288,172775,1,1,0
1227744,172776,1,0,1
211784,172777,1,1,0
554656,172778,1,1,0
7035872,172779,1,0,1
3736696,172780,1,1,0
600272,172781,1,0,1
1851928,172782,1,0,1
4494000,172783,1,1,0
1154936,172784,1,0,1
277376,172785,1,1,0
5437064,172786,1,1,0
2933384,172787,1,0,1
351392,172788,1,1,0
6894992,172789,1,0,1
151640,172790,1,0,1
1072656,172791,1,1,0
5314280,172792,1,1,0
1714584,172793,1,0,1
1311152,172794,1,0,1
2550256,172795,1,1,0
1087776,172796,1,0,1
2006632,172797,1,1,0
3765168,172798,1,0,1
1919048,172799,1,0,1
1525256,172800,1,1,0
574552,172801,1,1,0
316448,172802,1,0,1
7343384,172803,1,0,1
434696,172804,1,0,1
6783272,172805,1,1,0
113232,172806,1,1,0
3976904,172807,1,1,0
325104,172808,1,0,1
331424,172809,1,0,1
8344320,172810,1,0,1
414744,172811,1,1,0
6788272,172812,1,0,1
6502912,172813,1,0,1
953160,172814,1,1,0
6645200,172815,1,1,0
2292424,172816,1,1,0
4907528,172817,1,1,0
7690968,172818,1,1,0
4082080,172819,1,0,1
4939512,172820,1,1,0
313336,172821,1,1,0
1723824,172822,1,1,0
660720,172823,1,1,0
478304,172824,1,1,0
1918328,172825,1,1,0
6118400,172826,1,1,0
3050032,172827,1,0,1
1759928,172828,1,1,0
961400,172829,1,1,0
6265216,172830,1,1,0
369656,172831,1,0,1
640864,172832,1,1,0
316464,172833,1,1,0
601016,172834,1,1,0
600928,172835,1,0,1
1857160,172836,1,1,0
4109216,172837,1,1,0
3098888,172838,1,0,1
656472,172839,1,1,0
3516760,172840,1,1,0
6686456,172841,1,0,1
2503720,172842,1,1,0
3900520,172843,1,0,1
600864,172844,1,1,0
7591248,172845,1,1,0
657072,172846,1,0,1
6536352,172847,1,1,0
2495736,172848,1,0,1
7435216,172849,1,0,1
785840,172850,1,0,1
2542512,172851,1,0,1
6801936,172852,1,1,0
819808,172853,1,1,0
2217624,172854,1,1,0
4280376,172855,1,0,1
711616,172856,1,0,1
1140592,172857,1,1,0
4142768,172858,1,0,1
304200,172859,1,0,1
2167216,172860,1,1,0
5886840,172861,1,0,1
681216,172862,1,1,0
4552584,172863,1,0,1
1479776,172864,1,0,1
5726992,172865,1,1,0
1817664,172866,1,0,1
3139408,172867,1,1,0
1065664,172868,1,1,0
1245960,172869,1,1,0
3550120,172870,1,1,0
137368,172871,1,1,0
247680,172872,1,0,1
4108568,172873,1,1,0
1831616,172874,1,0,1
5871568,172875,1,1,0
806976,172876,1,0,1
2035288,172877,1,0,1
4050056,172878,1,1,0
4680208,172879,1,1,0
3827320,172880,1,1,0
4202912,172881,1,0,1
2434416,172882,1,1,0
3167000,172883,1,0,1
5546840,172884,1,0,1
4717688,172885,1,1,0
4675352,172886,1,1,0
6538816,172887,1,1,0
1441856,172888,1,0,1
206800,172889,1,1,0
2251560,172890,1,1,0
5171240,172891,1,1,0
6688096,172892,1,1,0
8118136,172893,1,0,1
2254456,172894,1,0,1
501752,172895,1,0,1
3526072,172896,1,1,0
3015016,172897,1,0,1
7891184,172898,1,0,1
6143384,172899,1,1,0
3687104,172900,1,0,1
582472,172901,1,1,0
1295144,172902,1,1,0
5500992,172903,1,1,0
2690904,172904,1,1,0
5144008,172905,1,0,1
7618976,172906,1,0,1
2373608,172907,1,0,1
605432,172908,1,1,0
238704,172909,1,1,0
2797016,172910,1,0,1
1786144,172911,1,1,0
2447456,172912,1,0,1
1361728,172913,1,0,1
8263520,172914,1,1,0
963024,172915,1,1,0
2767096,172916,1,1,0
2157840,172917,1,1,0
2204824,172918,1,1,0
675280,172919,1,0,1
5932800,172920,1,0,1
2073640,172921,1,0,1
4277096,172922,1,1,0
1233680,172923,1,0,1
2222560,172924,1,1,0
618664,172925,1,1,0
919328,172926,1,0,1
1414648,172927,1,0,1
594656,172928,1,0,1
184056,172929,1,0,1
405424,172930,1,1,0
3063792,172931,1,1,0
673520,172932,1,1,0
5855240,172933,1,1,0
1677880,172934,1,1,0
2369880,172935,1,1,0
425504,172936,1,1,0
1561216,172937,1,0,1
6712360,172938,1,0,1
7820752,172939,1,1,0
978208,172940,1,0,1
1547024,172941,1,1,0
4772312,172942,1,0,1
3639600,172943,1,0,1
313392,172944,1,0,1
5039784,172945,1,1,0
2470160,172946,1,0,1
3552760,172947,1,0,1
4886168,172948,1,0,1
1684744,172949,1,0,1
4813200,172950,1,1,0
6574320,172951,1,0,1
3374848,172952,1,1,0
1260096,172953,1,0,1
3261576,172954,1,0,1
4018576,172955,1,0,1
776696,172956,1,1,0
4059320,172957,1,0,1
1805816,172958,1,1,0
999752,172959,1,0,1
6873200,172960,1,1,0
1736384,172961,1,0,1
4082920,172962,1,0,1
3960048,172963,1,0,1
3687464,172964,1,0,1
367296,172965,1,0,1
1290848,172966,1,1,0
5153168,172967,1,1,0
2897448,172968,1,1,0
4787608,172969,1,0,1
4457320,172970,1,1,0
598472,172971,1,0,1
153992,172972,1,0,1
5935264,172973,1,0,1
4735648,172974,1,0,1
4794704,172975,1,1,0
3742360,172976,1,1,0
2126320,172977,1,0,1
7237248,172978,1,1,0
3069744,172979,1,0,1
233128,172980,1,0,1
2345520,172981,1,1,0
1059352,172982,1,1,0
732192,172983,1,0,1
1711904,172984,1,1,0
3599960,172985,1,0,1
5210200,172986,1,0,1
2832072,172987,1,0,1
928448,172988,1,1,0
831088,172989,1,0,1
506240,172990,1,0,1
485536,172991,1,1,0
3696072,172992,1,1,0
1774504,172993,1,0,1
1247272,172994,1,0,1
1885040,172995,1,0,1
6009472,172996,1,0,1
1588184,172997,1,0,1
5095408,172998,1,1,0
3190400,172999,1,1,0
3425360,173000,1,1,0
1812088,173001,1,1,0
7296368,173002,1,1,0
3289400,173003,1,0,1
6186648,173004,1,1,0
5170888,173005,1,0,1
5901768,173006,1,1,0
6474568,173007,1,0,1
2178960,173008,1,1,0
828872,173009,1,1,0
759768,173010,1,0,1
6067040,173011,1,0,1
593376,173012,1,1,0
3149192,173013,1,0,1
4704904,173014,1,1,0
3060768,173015,1,0,1
352560,173016,1,0,1
389344,173017,1,1,0
2166480,173018,1,0,1
1435680,173019,1,1,0
2203752,173020,1,0,1
215960,173021,1,1,0
995424,173022,1,1,0
7863928,173023,1,1,0
948728,173024,1,0,1
3836128,173025,1,1,0
1467200,173026,1,0,1
3857392,173027,1,1,0
673152,173028,1,1,0
1438256,173029,1,1,0
1666912,173030,1,1,0
1639064,173031,1,1,0
6512552,173032,1,0,1
936400,173033,1,0,1
1267792,173034,1,0,1
1548344,173035,1,1,0
4883008,173036,1,1,0
250288,173037,1,0,1
2597992,173038,1,0,1
1045344,173039,1,1,0
576936,173040,1,0,1
8292696,173041,1,0,1
1058344,173042,1,0,1
341912,173043,1,0,1
5370712,173044,1,0,1
2378808,173045,1,1,0
3292024,173046,1,0,1
2958784,173047,1,0,1
6589968,173048,1,0,1
6503552,173049,1,0,1
936536,173050,1,0,1
1626968,173051,1,1,0
378488,173052,1,0,1
2551896,173053,1,1,0
255224,173054,1,1,0
2958248,173055,1,0,1
3849216,173056,1,0,1
3961504,173057,1,1,0
961744,173058,1,0,1
414336,173059,1,1,0
1851944,173060,1,1,0
1045224,173061,1,0,1
1679120,173062,1,0,1
433320,173063,1,1,0
4533552,173064,1,0,1
361888,173065,1,1,0
792520,173066,1,1,0
385480,173067,1,0,1
7093608,173068,1,0,1
5509824,173069,1,0,1
1272624,173070,1,0,1
1176352,173071,1,0,1
2004376,173072,1,1,0
2351152,173073,1,0,1
137888,173074,1,0,1
4002464,173075,1,0,1
1855488,173076,1,0,1
6020440,173077,1,1,0
4362360,173078,1,0,1
7408816,173079,1,1,0
2586728,173080,1,0,1
3445008,173081,1,1,0
1347240,173082,1,0,1
806688,173083,1,0,1
2148232,173084,1,0,1
3017504,173085,1,0,1
563944,173086,1,1,0
7929272,173087,1,0,1
835928,173088,1,1,0
3557600,173089,1,1,0
5066736,173090,1,0,1
464728,173091,1,1,0
3963544,173092,1,1,0
6387288,173093,1,1,0
1271824,173094,1,0,1
2532408,173095,1,0,1
660032,173096,1,1,0
2406552,173097,1,0,1
1687200,173098,1,0,1
3817264,173099,1,0,1
3684400,173100,1,1,0
2584176,173101,1,0,1
1077896,173102,1,1,0
3849456,173103,1,1,0
1264488,173104,1,0,1
2031240,173105,1,1,0
373576,173106,1,0,1
1665656,173107,1,1,0
189736,173108,1,0,1
3584152,173109,1,0,1
2745960,173110,1,0,1
4462968,173111,1,0,1
4947056,173112,1,0,1
2759808,173113,1,1,0
6736280,173114,1,1,0
202512,173115,1,0,1
3631480,173116,1,1,0
1929704,173117,1,1,0
2148440,173118,1,1,0
446280,173119,1,1,0
2186360,173120,1,0,1
2940144,173121,1,1,0
6402792,173122,1,0,1
1121608,173123,1,1,0
6574536,173124,1,1,0
5635368,173125,1,0,1
6971344,173126,1,0,1
1852832,173127,1,0,1
167136,173128,1,0,1
6541776,173129,1,1,0
4190240,173130,1,1,0
943632,173131,1,1,0
761208,173132,1,1,0
7681552,173133,1,0,1
4298448,173134,1,0,1
5684480,173135,1,1,0
7893432,173136,1,0,1
3478480,173137,1,1,0
513680,173138,1,0,1
4972752,173139,1,0,1
4424208,173140,1,1,0
575744,173141,1,0,1
3336224,173142,1,1,0
437696,173143,1,1,0
1619656,173144,1,1,0
2306048,173145,1,0,1
2309592,173146,1,0,1
5033352,173147,1,1,0
1425648,173148,1,1,0
3075448,173149,1,0,1
597520,173150,1,1,0
5411984,173151,1,0,1
509944,173152,1,0,1
3828976,173153,1,1,0
8340328,173154,1,1,0
6707008,173155,1,0,1
1610568,173156,1,1,0
4495464,173157,1,0,1
6749112,173158,1,1,0
8364552,173159,1,1,0
5058456,173160,1,1,0
5612312,173161,1,0,1
754920,173162,1,1,0
752400,173163,1,1,0
8257288,173164,1,1,0
524320,173165,1,0,1
132208,173166,1,1,0
2850872,173167,1,0,1
1154800,173168,1,1,0
4623064,173169,1,1,0
3535152,173170,1,1,0
6016104,173171,1,0,1
3160992,173172,1,1,0
859592,173173,1,1,0
1391352,173174,1,1,0
7737552,173175,1,1,0
2249040,173176,1,0,1
5087480,173177,1,1,0
859640,173178,1,1,0
5509304,173179,1,0,1
4492192,173180,1,0,1
1061528,173181,1,0,1
5498832,173182,1,0,1
1396368,173183,1,0,1
7445384,173184,1,0,1
6026784,173185,1,0,1
1521864,173186,1,0,1
3011392,173187,1,1,0
2287672,173188,1,1,0
1473448,173189,1,0,1
2995488,173190,1,0,1
240064,173191,1,1,0
3214656,173192,1,1,0
606440,173193,1,0,1
964136,173194,1,0,1
1945992,173195,1,0,1
2630832,173196,1,0,1
1884456,173197,1,0,1
6359616,173198,1,0,1
2050936,173199,1,0,1
1089424,173200,1,1,0
4617536,173201,1,0,1
2955664,173202,1,1,0
383288,173203,1,0,1
3324264,173204,1,0,1
1232064,173205,1,0,1
5659992,173206,1,1,0
1216944,173207,1,0,1
2016976,173208,1,0,1
8222120,173209,1,0,1
2031720,173210,1,1,0
1917112,173211,1,1,0
2066288,173212,1,0,1
1496000,173213,1,1,0
4022104,173214,1,1,0
2426832,173215,1,1,0
2047656,173216,1,1,0
2275904,173217,1,1,0
2616464,173218,1,0,1
7990128,173219,1,1,0
651592,173220,1,0,1
1079584,173221,1,0,1
5092800,173222,1,0,1
1837456,173223,1,0,1
2138528,173224,1,1,0
2457160,173225,1,1,0
939680,173226,1,1,0
4714520,173227,1,0,1
602304,173228,1,0,1
539752,173229,1,0,1
536768,173230,1,1,0
1589248,173231,1,1,0
971104,173232,1,1,0
3401088,173233,1,0,1
6214800,173234,1,1,0
6547984,173235,1,0,1
3105952,173236,1,1,0
3874488,173237,1,1,0
5580936,173238,1,1,0
4015120,173239,1,1,0
592216,173240,1,1,0
1213184,173241,1,0,1
5422872,173242,1,1,0
212080,173243,1,0,1
245016,173244,1,1,0
2669688,173245,1,0,1
3024664,173246,1,1,0
7122560,173247,1,0,1
428872,173248,1,0,1
1334400,173249,1,0,1
3877176,173250,1,1,0
3865968,173251,1,1,0
7613688,173252,1,1,0
746552,173253,1,0,1
3388920,173254,1,1,0
3228264,173255,1,0,1
465896,173256,1,0,1
7107952,173257,1,0,1
1598248,173258,1,1,0
2093784,173259,1,0,1
2467968,173260,1,1,0
363176,173261,1,1,0
3485200,173262,1,0,1
7844472,173263,1,1,0
812408,173264,1,0,1
6142120,173265,1,0,1
241616,173266,1,0,1
5840632,173267,1,1,0
843216,173268,1,0,1
3357104,173269,1,0,1
2212176,173270,1,0,1
978408,173271,1,0,1
779856,173272,1,1,0
2234768,173273,1,0,1
450296,173274,1,0,1
1449360,173275,1,0,1
4330920,173276,1,1,0
834816,173277,1,0,1
3198504,173278,1,1,0
207760,173279,1,1,0
1425760,173280,1,0,1
1001968,173281,1,0,1
3204112,173282,1,1,0
6778192,173283,1,0,1
7555440,173284,1,0,1
987920,173285,1,0,1
680112,173286,1,1,0
4083736,173287,1,1,0
5463864,173288,1,1,0
1909576,173289,1,0,1
3116096,173290,1,1,0
3771232,173291,1,0,1
4155608,173292,1,1,0
1950864,173293,1,0,1
5216536,173294,1,0,1
6178384,173295,1,0,1
2028112,173296,1,1,0
6408344,173297,1,0,1
4617600,173298,1,1,0
5797720,173299,1,1,0
4546168,173300,1,0,1
3052336,173301,1,1,0
1167592,173302,1,0,1
178168,173303,1,1,0
3485512,173304,1,1,0
8055440,173305,1,1,0
1128416,173306,1,0,1
1137560,173307,1,1,0
6812792,173308,1,0,1
3527656,173309,1,0,1
1166392,173310,1,0,1
1353520,173311,1,0,1
5793448,173312,1,0,1
670432,173313,1,1,0
6737944,173314,1,1,0
957648,173315,1,0,1
4759624,173316,1,0,1
698920,173317,1,1,0
3749800,173318,1,1,0
347320,173319,1,1,0
716304,173320,1,1,0
7654368,173321,1,1,0
135728,173322,1,0,1
5944392,173323,1,1,0
6775600,173324,1,0,1
8014352,173325,1,0,1
6889032,173326,1,1,0
6968752,173327,1,0,1
3982080,173328,1,1,0
7736328,173329,1,1,0
814952,173330,1,1,0
1687280,173331,1,0,1
5435016,173332,1,0,1
373568,173333,1,0,1
1126456,173334,1,0,1
2802360,173335,1,1,0
793328,173336,1,0,1
8170480,173337,1,1,0
7734904,173338,1,0,1
392672,173339,1,1,0
860032,173340,1,0,1
219320,173341,1,1,0
3041560,173342,1,1,0
569336,173343,1,0,1
4767824,173344,1,1,0
432792,173345,1,1,0
1302936,173346,1,1,0
3514624,173347,1,0,1
3618064,173348,1,1,0
7397328,173349,1,0,1
2474792,173350,1,0,1
6062328,173351,1,0,1
5957120,173352,1,1,0
7584104,173353,1,0,1
483536,173354,1,1,0
453528,173355,1,0,1
2857944,173356,1,0,1
2787920,173357,1,0,1
4249872,173358,1,0,1
1810256,173359,1,0,1
831288,173360,1,1,0
3371192,173361,1,1,0
1739464,173362,1,1,0
918464,173363,1,1,0
2395176,173364,1,0,1
7772880,173365,1,0,1
4288456,173366,1,0,1
2214736,173367,1,1,0
825584,173368,1,0,1
540648,173369,1,0,1
3471424,173370,1,0,1
1853424,173371,1,1,0
2963304,173372,1,1,0
6467624,173373,1,1,0
2207536,173374,1,0,1
4969328,173375,1,1,0
6950928,173376,1,0,1
4778968,173377,1,0,1
4925992,173378,1,1,0
5085592,173379,1,0,1
7839360,173380,1,0,1
3198168,173381,1,1,0
7982568,173382,1,0,1
3268072,173383,1,0,1
6670408,173384,1,1,0
6854528,173385,1,1,0
424632,173386,1,1,0
3446104,173387,1,0,1
5717296,173388,1,0,1
2822648,173389,1,1,0
1062992,173390,1,1,0
1103600,173391,1,1,0
7413904,173392,1,1,0
179352,173393,1,0,1
2564504,173394,1,0,1
5165920,173395,1,1,0
601576,173396,1,0,1
5825488,173397,1,1,0
336784,173398,1,1,0
1073560,173399,1,0,1
4912704,173400,1,1,0
5718936,173401,1,0,1
6809440,173402,1,1,0
1166296,173403,1,0,1
3236384,173404,1,0,1
1626280,173405,1,0,1
1340456,173406,1,1,0
6815616,173407,1,0,1
540096,173408,1,0,1
1079376,173409,1,1,0
451736,173410,1,1,0
2099664,173411,1,1,0
1898152,173412,1,0,1
2498112,173413,1,0,1
2810376,173414,1,0,1
454456,173415,1,0,1
622464,173416,1,0,1
2182696,173417,1,0,1
157072,173418,1,0,1
6208952,173419,1,1,0
2275360,173420,1,0,1
3844272,173421,1,1,0
7645488,173422,1,0,1
2321600,173423,1,1,0
3273040,173424,1,0,1
1328240,173425,1,0,1
8007920,173426,1,0,1
1842168,173427,1,1,0
1484072,173428,1,1,0
1499200,173429,1,1,0
2188512,173430,1,1,0
551240,173431,1,0,1
7972112,173432,1,0,1
4031528,173433,1,1,0
6384592,173434,1,0,1
8239472,173435,1,1,0
1003232,173436,1,1,0
243016,173437,1,1,0
159504,173438,1,1,0
4278344,173439,1,0,1
3554528,173440,1,1,0
5955632,173441,1,1,0
1702208,173442,1,1,0
1567624,173443,1,1,0
2130728,173444,1,1,0
4117528,173445,1,1,0
1378624,173446,1,0,1
1796080,173447,1,0,1
1238088,173448,1,1,0
116624,173449,1,0,1
1312136,173450,1,0,1
3373488,173451,1,1,0
452872,173452,1,0,1
1801216,173453,1,1,0
746832,173454,1,1,0
121064,173455,1,1,0
865744,173456,1,1,0
4953056,173457,1,1,0
431344,173458,1,1,0
881928,173459,1,1,0
257840,173460,1,1,0
7180752,173461,1,1,0
3660408,173462,1,1,0
4102008,173463,1,0,1
535576,173464,1,1,0
2531336,173465,1,0,1
392416,173466,1,0,1
923632,173467,1,0,1
2874864,173468,1,0,1
2953872,173469,1,1,0
6263528,173470,1,0,1
4001720,173471,1,0,1
4141664,173472,1,0,1
6169048,173473,1,1,0
3058728,173474,1,0,1
5378248,173475,1,0,1
270280,173476,1,1,0
5238944,173477,1,1,0
1361088,173478,1,0,1
723248,173479,1,0,1
8147360,173480,1,1,0
3204312,173481,1,1,0
6518608,173482,1,1,0
6715136,173483,1,1,0
1549448,173484,1,0,1
1265480,173485,1,0,1
533168,173486,1,0,1
4021608,173487,1,0,1
2835872,173488,1,0,1
4424632,173489,1,1,0
2560272,173490,1,0,1
1465880,173491,1,0,1
3392904,173492,1,1,0
1478264,173493,1,0,1
873544,173494,1,1,0
6862296,173495,1,1,0
3243496,173496,1,1,0
3101408,173497,1,1,0
4703456,173498,1,0,1
373456,173499,1,0,1
4264016,173500,1,0,1
3862776,173501,1,1,0
422248,173502,1,0,1
2289912,173503,1,0,1
4488272,173504,1,1,0
982336,173505,1,1,0
602056,173506,1,0,1
7864432,173507,1,0,1
3302432,173508,1,1,0
831744,173509,1,1,0
1068536,173510,1,0,1
1035360,173511,1,1,0
7673592,173512,1,1,0
2326856,173513,1,1,0
2898840,173514,1,0,1
7962880,173515,1,0,1
1934392,173516,1,1,0
8045960,173517,1,1,0
1965632,173518,1,0,1
2314088,173519,1,1,0
2164504,173520,1,1,0
5390408,173521,1,1,0
239696,173522,1,1,0
4154808,173523,1,0,1
2756216,173524,1,0,1
3563184,173525,1,1,0
1300832,173526,1,0,1
6564696,173527,1,1,0
645784,173528,1,0,1
2510008,173529,1,0,1
2316032,173530,1,0,1
3705344,173531,1,0,1
2288616,173532,1,0,1
833760,173533,1,1,0
1306672,173534,1,0,1
5501816,173535,1,1,0
4960576,173536,1,0,1
2294512,173537,1,0,1
5848176,173538,1,0,1
4205760,173539,1,1,0
888200,173540,1,1,0
847752,173541,1,0,1
398680,173542,1,1,0
661888,173543,1,0,1
364840,173544,1,1,0
1414744,173545,1,0,1
6108352,173546,1,0,1
2911536,173547,1,1,0
2985512,173548,1,1,0
7254264,173549,1,0,1
1773392,173550,1,0,1
3036384,173551,1,0,1
3433656,173552,1,1,0
4778584,173553,1,1,0
631984,173554,1,1,0
3171832,173555,1,0,1
4670216,173556,1,1,0
4753456,173557,1,1,0
422568,173558,1,0,1
4333488,173559,1,0,1
1211176,173560,1,1,0
1588624,173561,1,1,0
3490488,173562,1,1,0
407440,173563,1,1,0
1124144,173564,1,0,1
386728,173565,1,1,0
541016,173566,1,1,0
2670032,173567,1,0,1
2859064,173568,1,0,1
1671936,173569,1,1,0
3525408,173570,1,1,0
1842504,173571,1,1,0
3018552,173572,1,1,0
927792,173573,1,0,1
132032,173574,1,0,1
374728,173575,1,0,1
3276792,173576,1,1,0
2388680,173577,1,0,1
658760,173578,1,0,1
4106912,173579,1,0,1
7094000,173580,1,1,0
6695280,173581,1,0,1
7743992,173582,1,1,0
683808,173583,1,1,0
1765096,173584,1,1,0
239192,173585,1,0,1
601232,173586,1,0,1
528160,173587,1,1,0
1652768,173588,1,1,0
3317664,173589,1,0,1
7416632,173590,1,1,0
7592616,173591,1,1,0
3795984,173592,1,1,0
3808832,173593,1,1,0
1532752,173594,1,0,1
4673456,173595,1,0,1
4732056,173596,1,1,0
1893400,173597,1,1,0
926472,173598,1,1,0
2911312,173599,1,1,0
5184912,173600,1,1,0
6835736,173601,1,0,1
527064,173602,1,0,1
4974520,173603,1,1,0
1386192,173604,1,0,1
1104760,173605,1,1,0
4918304,173606,1,1,0
1828936,173607,1,1,0
4247512,173608,1,0,1
3675904,173609,1,1,0
244104,173610,1,0,1
5267960,173611,1,0,1
6356280,173612,1,0,1
1440200,173613,1,0,1
2208224,173614,1,0,1
8353432,173615,1,1,0
4103432,173616,1,0,1
2179528,173617,1,1,0
501104,173618,1,1,0
334896,173619,1,0,1
670528,173620,1,0,1
806768,173621,1,1,0
6164112,173622,1,0,1
193320,173623,1,1,0
1756704,173624,1,1,0
6963968,173625,1,0,1
1043456,173626,1,0,1
1156640,173627,1,1,0
3045464,173628,1,1,0
3261688,173629,1,1,0
1280392,173630,1,1,0
7254736,173631,1,1,0
6679496,173632,1,1,0
433024,173633,1,1,0
6770176,173634,1,1,0
697064,173635,1,0,1
2073320,173636,1,1,0
1870000,173637,1,0,1
5289488,173638,1,1,0
1173312,173639,1,0,1
2879856,173640,1,0,1
781216,173641,1,0,1
396296,173642,1,0,1
4289448,173643,1,1,0
2049864,173644,1,1,0
3427320,173645,1,1,0
426368,173646,1,0,1
3713304,173647,1,0,1
1134368,173648,1,0,1
1116112,173649,1,0,1
7909872,173650,1,1,0
6643112,173651,1,0,1
482456,173652,1,1,0
8090296,173653,1,1,0
1201872,173654,1,1,0
275448,173655,1,1,0
6986880,173656,1,0,1
5200648,173657,1,1,0
2077928,173658,1,0,1
6104960,173659,1,1,0
616584,173660,1,1,0
2686160,173661,1,1,0
6186936,173662,1,1,0
2877808,173663,1,1,0
1731360,173664,1,1,0
5004320,173665,1,0,1
314512,173666,1,0,1
1629128,173667,1,0,1
1525520,173668,1,1,0
3489248,173669,1,1,0
7713936,173670,1,1,0
3102440,173671,1,0,1
5333216,173672,1,0,1
654688,173673,1,0,1
620984,173674,1,0,1
569288,173675,1,0,1
1338304,173676,1,0,1
6009968,173677,1,1,0
4203184,173678,1,1,0
7979576,173679,1,1,0
1751576,173680,1,0,1
2813288,173681,1,0,1
233400,173682,1,0,1
482232,173683,1,0,1
6006320,173684,1,0,1
663992,173685,1,0,1
2255344,173686,1,1,0
4370960,173687,1,1,0
1732936,173688,1,0,1
758832,173689,1,0,1
128272,173690,1,1,0
3744624,173691,1,1,0
8317616,173692,1,0,1
6636456,173693,1,0,1
323064,173694,1,1,0
1542504,173695,1,0,1
1078272,173696,1,0,1
1728840,173697,1,0,1
2610224,173698,1,0,1
757664,173699,1,0,1
7115392,173700,1,1,0
2904744,173701,1,1,0
356248,173702,1,0,1
5367184,173703,1,0,1
2044312,173704,1,1,0
5676152,173705,1,1,0
509328,173706,1,0,1
713528,173707,1,1,0
1918360,173708,1,1,0
5671104,173709,1,0,1
1795848,173710,1,0,1
7479448,173711,1,1,0
2912160,173712,1,1,0
106896,173713,1,1,0
4609888,173714,1,1,0
6710904,173715,1,0,1
6377440,173716,1,1,0
4965288,173717,1,1,0
6550464,173718,1,0,1
316720,173719,1,1,0
6747984,173720,1,1,0
4971768,173721,1,1,0
2292536,173722,1,0,1
3055032,173723,1,1,0
348760,173724,1,1,0
813328,173725,1,1,0
3691792,173726,1,0,1
7501848,173727,1,1,0
2337224,173728,1,1,0
1840240,173729,1,1,0
655352,173730,1,1,0
986536,173731,1,0,1
1010440,173732,1,1,0
2763768,173733,1,1,0
6709048,173734,1,0,1
7712480,173735,1,0,1
1100320,173736,1,0,1
1186416,173737,1,0,1
3844504,173738,1,1,0
550752,173739,1,0,1
2764704,173740,1,0,1
7459992,173741,1,0,1
1093616,173742,1,0,1
985600,173743,1,0,1
1532392,173744,1,1,0
6701408,173745,1,0,1
659496,173746,1,0,1
2290576,173747,1,1,0
2910816,173748,1,1,0
1557048,173749,1,0,1
909392,173750,1,1,0
6354432,173751,1,1,0
4527016,173752,1,1,0
4268656,173753,1,1,0
1952248,173754,1,0,1
639280,173755,1,1,0
2494440,173756,1,0,1
2136128,173757,1,0,1
8197944,173758,1,1,0
4219600,173759,1,0,1
2452880,173760,1,0,1
465480,173761,1,0,1
3047768,173762,1,0,1
769216,173763,1,1,0
6809280,173764,1,0,1
2675136,173765,1,0,1
567240,173766,1,1,0
7270232,173767,1,0,1
4385536,173768,1,0,1
4867808,173769,1,0,1
524816,173770,1,1,0
222448,173771,1,1,0
5438008,173772,1,0,1
216632,173773,1,0,1
5135760,173774,1,1,0
1618696,173775,1,1,0
8015904,173776,1,0,1
564784,173777,1,1,0
387440,173778,1,0,1
3549824,173779,1,0,1
457992,173780,1,0,1
382016,173781,1,0,1
6106784,173782,1,1,0
163448,173783,1,0,1
1894128,173784,1,0,1
6803544,173785,1,0,1
4347800,173786,1,1,0
2958888,173787,1,0,1
1055216,173788,1,0,1
3277472,173789,1,0,1
2769120,173790,1,0,1
4435952,173791,1,1,0
1199896,173792,1,0,1
1600872,173793,1,1,0
346944,173794,1,0,1
5682016,173795,1,1,0
7503248,173796,1,1,0
4820776,173797,1,0,1
581720,173798,1,1,0
1121856,173799,1,0,1
781280,173800,1,0,1
3480256,173801,1,0,1
4009320,173802,1,1,0
6546328,173803,1,1,0
1717376,173804,1,0,1
979064,173805,1,1,0
4391736,173806,1,1,0
611184,173807,1,1,0
8246576,173808,1,0,1
1551216,173809,1,1,0
1559784,173810,1,1,0
6492728,173811,1,1,0
2949688,173812,1,0,1
1839312,173813,1,1,0
1619456,173814,1,0,1
8161704,173815,1,1,0
7219208,173816,1,1,0
5196568,173817,1,1,0
213512,173818,1,0,1
1474064,173819,1,0,1
4689720,173820,1,0,1
7588184,173821,1,1,0
1413440,173822,1,0,1
233512,173823,1,1,0
7351704,173824,1,0,1
5751848,173825,1,0,1
5952072,173826,1,1,0
3818520,173827,1,0,1
2968560,173828,1,1,0
182464,173829,1,1,0
6434568,173830,1,1,0
4255688,173831,1,0,1
1102520,173832,1,0,1
2397936,173833,1,0,1
2795880,173834,1,1,0
863248,173835,1,1,0
3661464,173836,1,0,1
2262376,173837,1,1,0
1951344,173838,1,1,0
3056712,173839,1,0,1
3407424,173840,1,0,1
5703640,173841,1,1,0
412064,173842,1,1,0
104528,173843,1,1,0
881832,173844,1,0,1
4960840,173845,1,0,1
1504368,173846,1,1,0
6687320,173847,1,1,0
2732248,173848,1,1,0
2660504,173849,1,0,1
965744,173850,1,0,1
1485896,173851,1,1,0
935272,173852,1,1,0
977560,173853,1,1,0
3143512,173854,1,0,1
679152,173855,1,0,1
4563192,173856,1,1,0
595352,173857,1,1,0
937064,173858,1,1,0
4710552,173859,1,0,1
134464,173860,1,1,0
769488,173861,1,1,0
605400,173862,1,1,0
2328504,173863,1,0,1
800872,173864,1,1,0
2703832,173865,1,1,0
3588552,173866,1,1,0
4248592,173867,1,0,1
3665760,173868,1,0,1
5732520,173869,1,0,1
1712944,173870,1,1,0
3176856,173871,1,0,1
5132520,173872,1,1,0
1523776,173873,1,1,0
5222064,173874,1,1,0
1856824,173875,1,1,0
628128,173876,1,1,0
1036160,173877,1,1,0
2230088,173878,1,0,1
2687672,173879,1,0,1
4574576,173880,1,1,0
6664888,173881,1,0,1
2099960,173882,1,1,0
160272,173883,1,1,0
1565632,173884,1,0,1
3201776,173885,1,1,0
6930920,173886,1,1,0
624440,173887,1,0,1
1912184,173888,1,1,0
5242744,173889,1,1,0
568488,173890,1,1,0
151096,173891,1,0,1
8110808,173892,1,0,1
4583952,173893,1,0,1
648360,173894,1,1,0
7235816,173895,1,0,1
316440,173896,1,1,0
2783104,173897,1,0,1
3714160,173898,1,1,0
2460608,173899,1,0,1
1875480,173900,1,1,0
7724312,173901,1,0,1
3119840,173902,1,0,1
7484448,173903,1,1,0
280016,173904,1,1,0
5416560,173905,1,0,1
1163128,173906,1,1,0
858736,173907,1,0,1
1693344,173908,1,0,1
3021192,173909,1,1,0
6794056,173910,1,0,1
1802296,173911,1,1,0
3224896,173912,1,1,0
735080,173913,1,1,0
7195784,173914,1,1,0
2523616,173915,1,0,1
2122984,173916,1,1,0
4567200,173917,1,1,0
1888664,173918,1,0,1
6803440,173919,1,1,0
1358656,173920,1,0,1
2762856,173921,1,1,0
2721560,173922,1,1,0
3527048,173923,1,1,0
344928,173924,1,1,0
3133624,173925,1,0,1
283056,173926,1,0,1
1585848,173927,1,1,0
3648384,173928,1,1,0
2510544,173929,1,1,0
729984,173930,1,1,0
96648,173931,1,0,1
1431360,173932,1,0,1
221920,173933,1,1,0
1048416,173934,1,1,0
2285032,173935,1,1,0
5580136,173936,1,0,1
3506432,173937,1,1,0
2442560,173938,1,1,0
4735672,173939,1,1,0
1748936,173940,1,1,0
4061048,173941,1,1,0
5817944,173942,1,0,1
1049600,173943,1,1,0
5967432,173944,1,0,1
6418312,173945,1,1,0
421304,173946,1,0,1
3444928,173947,1,1,0
5118808,173948,1,1,0
6561464,173949,1,1,0
6257208,173950,1,0,1
2991424,173951,1,1,0
497464,173952,1,0,1
3146200,173953,1,1,0
6117512,173954,1,1,0
2777672,173955,1,0,1
1105272,173956,1,0,1
7096352,173957,1,0,1
2524552,173958,1,0,1
8269248,173959,1,0,1
5137168,173960,1,1,0
804528,173961,1,1,0
3076408,173962,1,0,1
6811984,173963,1,0,1
1967872,173964,1,1,0
8039064,173965,1,1,0
4328816,173966,1,1,0
1506440,173967,1,0,1
5899360,173968,1,1,0
1029176,173969,1,1,0
463064,173970,1,1,0
535336,173971,1,0,1
1186352,173972,1,1,0
5405600,173973,1,0,1
3003672,173974,1,0,1
3356128,173975,1,0,1
204928,173976,1,1,0
3934576,173977,1,1,0
688408,173978,1,1,0
3518632,173979,1,0,1
906472,173980,1,1,0
2730208,173981,1,1,0
811000,173982,1,0,1
138352,173983,1,1,0
1796776,173984,1,0,1
6501216,173985,1,1,0
2480176,173986,1,1,0
5604184,173987,1,0,1
2907392,173988,1,1,0
3883920,173989,1,0,1
1054752,173990,1,0,1
1471280,173991,1,1,0
6723024,173992,1,0,1
6706376,173993,1,1,0
6725352,173994,1,1,0
1310624,173995,1,1,0
4045904,173996,1,0,1
2300080,173997,1,1,0
532800,173998,1,1,0
8296752,173999,1,1,0
3084496,174000,1,0,1
2271336,174001,1,0,1
3037296,174002,1,1,0
4310080,174003,1,1,0
606816,174004,1,0,1
4462448,174005,1,0,1
5558656,174006,1,1,0
5228192,174007,1,0,1
226464,174008,1,0,1
1565240,174009,1,1,0
3230576,174010,1,1,0
953912,174011,1,1,0
2071680,174012,1,1,0
5665440,174013,1,0,1
2917176,174014,1,0,1
724336,174015,1,1,0
6296264,174016,1,0,1
2696072,174017,1,1,0
5683816,174018,1,1,0
2392232,174019,1,0,1
4804176,174020,1,1,0
225872,174021,1,1,0
915976,174022,1,0,1
2486312,174023,1,0,1
2616056,174024,1,1,0
526184,174025,1,0,1
1330696,174026,1,1,0
1111032,174027,1,1,0
4238384,174028,1,1,0
614488,174029,1,0,1
166752,174030,1,1,0
1855808,174031,1,1,0
7873792,174032,1,1,0
2039672,174033,1,1,0
3653432,174034,1,1,0
2549528,174035,1,1,0
661656,174036,1,0,1
7947392,174037,1,0,1
1257464,174038,1,0,1
2496656,174039,1,1,0
1646320,174040,1,1,0
5572248,174041,1,0,1
6078608,174042,1,1,0
1426288,174043,1,1,0
3008008,174044,1,0,1
1550272,174045,1,0,1
1202936,174046,1,1,0
510416,174047,1,0,1
2194264,174048,1,0,1
5096560,174049,1,0,1
462320,174050,1,1,0
400208,174051,1,1,0
935888,174052,1,1,0
3991752,174053,1,0,1
471608,174054,1,0,1
526320,174055,1,1,0
2511960,174056,1,0,1
6896552,174057,1,1,0
929240,174058,1,0,1
3412192,174059,1,0,1
2039784,174060,1,1,0
926936,174061,1,0,1
665560,174062,1,0,1
5943632,174063,1,0,1
8292736,174064,1,1,0
2528496,174065,1,0,1
3169288,174066,1,0,1
5715112,174067,1,0,1
3608712,174068,1,1,0
2291056,174069,1,0,1
435504,174070,1,1,0
921464,174071,1,1,0
1235424,174072,1,0,1
5379240,174073,1,0,1
3296152,174074,1,0,1
2030184,174075,1,1,0
5254552,174076,1,1,0
4020384,174077,1,1,0
2766968,174078,1,0,1
3853624,174079,1,1,0
443384,174080,1,0,1
1447840,174081,1,0,1
3365320,174082,1,1,0
1322536,174083,1,0,1
2639344,174084,1,1,0
6141776,174085,1,1,0
2976576,174086,1,0,1
4128392,174087,1,1,0
1491904,174088,1,1,0
3068568,174089,1,0,1
1480368,174090,1,1,0
3210456,174091,1,1,0
6184568,174092,1,1,0
1416304,174093,1,0,1
422144,174094,1,0,1
5717112,174095,1,1,0
1921248,174096,1,1,0
776496,174097,1,0,1
200784,174098,1,1,0
3648848,174099,1,1,0
2976672,174100,1,0,1
1840312,174101,1,1,0
6432344,174102,1,1,0
386888,174103,1,1,0
1636880,174104,1,0,1
5405224,174105,1,1,0
248200,174106,1,0,1
7646792,174107,1,1,0
1205496,174108,1,0,1
3662936,174109,1,0,1
4854192,174110,1,1,0
2162136,174111,1,1,0
1660320,174112,1,1,0
4520280,174113,1,0,1
537264,174114,1,0,1
223920,174115,1,0,1
4676840,174116,1,1,0
237272,174117,1,0,1
2631616,174118,1,1,0
1180856,174119,1,1,0
987440,174120,1,0,1
4855432,174121,1,0,1
461472,174122,1,1,0
1158936,174123,1,1,0
4232312,174124,1,0,1
418824,174125,1,0,1
1629464,174126,1,1,0
2446080,174127,1,1,0
1483672,174128,1,0,1
595712,174129,1,0,1
1564680,174130,1,0,1
975824,174131,1,0,1
349472,174132,1,0,1
242872,174133,1,0,1
2694488,174134,1,1,0
1028296,174135,1,1,0
393704,174136,1,1,0
987472,174137,1,0,1
1663472,174138,1,0,1
1834992,174139,1,1,0
1713032,174140,1,1,0
7466848,174141,1,0,1
1709496,174142,1,0,1
116432,174143,1,0,1
1783976,174144,1,1,0
5263840,174145,1,0,1
3920128,174146,1,0,1
6434296,174147,1,0,1
1669160,174148,1,0,1
351792,174149,1,0,1
1871456,174150,1,1,0
3264696,174151,1,0,1
7417472,174152,1,0,1
266864,174153,1,0,1
1411392,174154,1,1,0
1480096,174155,1,0,1
1652088,174156,1,1,0
7301656,174157,1,1,0
1353096,174158,1,1,0
2606120,174159,1,1,0
1201984,174160,1,1,0
6208000,174161,1,0,1
250072,174162,1,0,1
7227944,174163,1,0,1
2861520,174164,1,0,1
2823032,174165,1,1,0
8371776,174166,1,0,1
1994624,174167,1,0,1
1389880,174168,1,0,1
4824920,174169,1,0,1
2300280,174170,1,0,1
1668968,174171,1,0,1
4888000,174172,1,0,1
7390768,174173,1,1,0
243632,174174,1,0,1
1132200,174175,1,0,1
4284864,174176,1,1,0
7090960,174177,1,0,1
6902456,174178,1,0,1
5207584,174179,1,0,1
306728,174180,1,0,1
2485224,174181,1,1,0
522016,174182,1,1,0
7634456,174183,1,0,1
2820872,174184,1,1,0
5207960,174185,1,0,1
1727680,174186,1,1,0
5212384,174187,1,1,0
525296,174188,1,0,1
270312,174189,1,1,0
4154264,174190,1,1,0
514784,174191,1,0,1
1772976,174192,1,0,1
4262464,174193,1,1,0
540376,174194,1,1,0
6161272,174195,1,0,1
751376,174196,1,1,0
1572000,174197,1,1,0
1463256,174198,1,1,0
5979600,174199,1,0,1
265608,174200,1,0,1
1308240,174201,1,0,1
7827112,174202,1,0,1
1314344,174203,1,0,1
244056,174204,1,1,0
2546112,174205,1,0,1
3225360,174206,1,0,1
242744,174207,1,0,1
408304,174208,1,1,0
2806440,174209,1,1,0
2096752,174210,1,0,1
6127952,174211,1,0,1
1791032,174212,1,0,1
396256,174213,1,1,0
2617432,174214,1,1,0
502856,174215,1,0,1
325704,174216,1,0,1
1045464,174217,1,0,1
2629208,174218,1,0,1
8298904,174219,1,1,0
755904,174220,1,0,1
1691800,174221,1,1,0
2255856,174222,1,0,1
7420064,174223,1,1,0
1927728,174224,1,0,1
6188048,174225,1,1,0
921720,174226,1,1,0
4477704,174227,1,0,1
7144528,174228,1,0,1
1560280,174229,1,1,0
1998544,174230,1,1,0
1740592,174231,1,1,0
7484768,174232,1,1,0
6943040,174233,1,1,0
4164664,174234,1,1,0
868160,174235,1,0,1
1015696,174236,1,0,1
1511248,174237,1,1,0
3438304,174238,1,0,1
1246816,174239,1,0,1
1748680,174240,1,0,1
729536,174241,1,0,1
573464,174242,1,0,1
5179560,174243,1,0,1
1734664,174244,1,0,1
3101352,174245,1,0,1
3110912,174246,1,0,1
1859760,174247,1,0,1
7615264,174248,1,1,0
7016864,174249,1,0,1
352880,174250,1,1,0
3619736,174251,1,1,0
621384,174252,1,0,1
1994096,174253,1,1,0
3093536,174254,1,1,0
2687528,174255,1,1,0
1129632,174256,1,0,1
4948728,174257,1,0,1
7222128,174258,1,1,0
598392,174259,1,1,0
7508592,174260,1,0,1
3354208,174261,1,1,0
5700512,174262,1,1,0
2778392,174263,1,0,1
523856,174264,1,1,0
7924496,174265,1,1,0
5174336,174266,1,1,0
785272,174267,1,1,0
7540912,174268,1,0,1
2365736,174269,1,1,0
7968280,174270,1,0,1
435688,174271,1,1,0
4978472,174272,1,0,1
467264,174273,1,1,0
5117104,174274,1,1,0
238840,174275,1,0,1
146880,174276,1,1,0
919840,174277,1,0,1
971736,174278,1,0,1
1595824,174279,1,1,0
1371704,174280,1,0,1
4425056,174281,1,1,0
1314056,174282,1,0,1
1796664,174283,1,1,0
8062656,174284,1,0,1
5126992,174285,1,0,1
6031936,174286,1,1,0
6934528,174287,1,0,1
1708744,174288,1,1,0
3465120,174289,1,1,0
1709528,174290,1,1,0
4590712,174291,1,0,1
2035256,174292,1,1,0
875632,174293,1,0,1
2579632,174294,1,0,1
3900720,174295,1,0,1
3794744,174296,1,0,1
6505968,174297,1,0,1
4854064,174298,1,0,1
7176976,174299,1,0,1
992336,174300,1,1,0
5014360,174301,1,1,0
2699064,174302,1,0,1
4503896,174303,1,0,1
2824704,174304,1,0,1
552888,174305,1,1,0
1686496,174306,1,1,0
610472,174307,1,1,0
248696,174308,1,1,0
301544,174309,1,1,0
2271984,174310,1,1,0
2043696,174311,1,1,0
1027184,174312,1,1,0
7321776,174313,1,1,0
270104,174314,1,1,0
1043528,174315,1,0,1
693736,174316,1,1,0
3043736,174317,1,0,1
7250352,174318,1,0,1
6759520,174319,1,0,1
5205016,174320,1,1,0
444416,174321,1,0,1
3477304,174322,1,1,0
711472,174323,1,0,1
552032,174324,1,1,0
4221720,174325,1,0,1
1147320,174326,1,1,0
1359592,174327,1,0,1
4427712,174328,1,1,0
256600,174329,1,1,0
881736,174330,1,0,1
4306072,174331,1,1,0
2354128,174332,1,1,0
4031592,174333,1,1,0
3455184,174334,1,0,1
7518424,174335,1,0,1
155000,174336,1,1,0
2724344,174337,1,1,0
643848,174338,1,0,1
791008,174339,1,1,0
245504,174340,1,0,1
549136,174341,1,0,1
959320,174342,1,1,0
4451656,174343,1,1,0
3164920,174344,1,1,0
7928096,174345,1,0,1
939712,174346,1,0,1
3436600,174347,1,0,1
2117272,174348,1,1,0
3198752,174349,1,1,0
457592,174350,1,1,0
789336,174351,1,0,1
429696,174352,1,1,0
6657848,174353,1,1,0
4749240,174354,1,1,0
1078616,174355,1,1,0
1601696,174356,1,0,1
2867016,174357,1,0,1
3335440,174358,1,1,0
3270600,174359,1,1,0
253496,174360,1,0,1
970968,174361,1,0,1
239000,174362,1,1,0
340456,174363,1,1,0
898976,174364,1,1,0
5207040,174365,1,1,0
898304,174366,1,0,1
955864,174367,1,1,0
7224920,174368,1,0,1
1303376,174369,1,0,1
1178984,174370,1,1,0
2863832,174371,1,0,1
5328936,174372,1,1,0
5613728,174373,1,1,0
5218376,174374,1,1,0
3766368,174375,1,0,1
1410728,174376,1,0,1
101464,174377,1,0,1
200688,174378,1,0,1
4454512,174379,1,1,0
2776144,174380,1,0,1
3212968,174381,1,0,1
4808520,174382,1,1,0
3711528,174383,1,1,0
6586072,174384,1,1,0
4362736,174385,1,0,1
509048,174386,1,1,0
7864328,174387,1,1,0
5254800,174388,1,1,0
561624,174389,1,0,1
1673304,174390,1,1,0
1652504,174391,1,0,1
858800,174392,1,0,1
883136,174393,1,0,1
3513464,174394,1,0,1
7434096,174395,1,1,0
3745864,174396,1,1,0
1383792,174397,1,1,0
4445976,174398,1,1,0
2940384,174399,1,0,1
1255048,174400,1,0,1
2131752,174401,1,1,0
6731808,174402,1,1,0
434048,174403,1,0,1
653904,174404,1,0,1
3258264,174405,1,0,1
1301544,174406,1,0,1
8320760,174407,1,0,1
3735936,174408,1,1,0
213792,174409,1,0,1
5267952,174410,1,0,1
1886272,174411,1,1,0
1178960,174412,1,0,1
487640,174413,1,1,0
1719696,174414,1,0,1
1160984,174415,1,1,0
6494296,174416,1,1,0
2532288,174417,1,0,1
8368568,174418,1,0,1
956784,174419,1,1,0
5468040,174420,1,1,0
710592,174421,1,1,0
4556096,174422,1,0,1
3578808,174423,1,1,0
298608,174424,1,0,1
727336,174425,1,1,0
1695968,174426,1,1,0
4026424,174427,1,1,0
2636176,174428,1,1,0
3988176,174429,1,0,1
586248,174430,1,0,1
629120,174431,1,0,1
526872,174432,1,0,1
7967272,174433,1,1,0
6786600,174434,1,0,1
3633912,174435,1,0,1
7787448,174436,1,1,0
650528,174437,1,1,0
1869808,174438,1,0,1
4595536,174439,1,0,1
5409824,174440,1,1,0
6043808,174441,1,0,1
2398384,174442,1,1,0
1072456,174443,1,0,1
4856984,174444,1,1,0
1670544,174445,1,0,1
1126416,174446,1,0,1
4109640,174447,1,0,1
1153496,174448,1,1,0
303520,174449,1,1,0
3822592,174450,1,0,1
4513472,174451,1,1,0
2052800,174452,1,0,1
1684760,174453,1,1,0
1108648,174454,1,0,1
448352,174455,1,0,1
5965248,174456,1,0,1
1220000,174457,1,1,0
1701672,174458,1,1,0
5817768,174459,1,0,1
4879008,174460,1,1,0
2967536,174461,1,1,0
1911000,174462,1,1,0
4175128,174463,1,0,1
1774328,174464,1,1,0
1197904,174465,1,0,1
2162504,174466,1,1,0
684280,174467,1,0,1
5966968,174468,1,1,0
523016,174469,1,1,0
5291536,174470,1,1,0
1213808,174471,1,1,0
2700536,174472,1,0,1
3609296,174473,1,1,0
1269376,174474,1,0,1
1035128,174475,1,1,0
6867672,174476,1,1,0
874168,174477,1,0,1
5867368,174478,1,0,1
1685032,174479,1,0,1
1463304,174480,1,1,0
1652888,174481,1,1,0
1118176,174482,1,0,1
1470160,174483,1,0,1
5622544,174484,1,1,0
3403200,174485,1,0,1
854944,174486,1,0,1
1383504,174487,1,0,1
1165624,174488,1,1,0
4024480,174489,1,0,1
3296824,174490,1,1,0
6970768,174491,1,0,1
7247584,174492,1,1,0
2327312,174493,1,1,0
7784152,174494,1,0,1
4577224,174495,1,1,0
5397736,174496,1,1,0
3135848,174497,1,0,1
1984184,174498,1,0,1
2729400,174499,1,1,0
1734984,174500,1,0,1
359240,174501,1,1,0
483976,174502,1,0,1
3653128,174503,1,0,1
4561656,174504,1,1,0
5386792,174505,1,1,0
3413064,174506,1,0,1
755256,174507,1,0,1
5445648,174508,1,1,0
4319632,174509,1,0,1
1480912,174510,1,0,1
2638832,174511,1,0,1
706472,174512,1,1,0
986248,174513,1,1,0
2114464,174514,1,1,0
3394936,174515,1,1,0
109176,174516,1,0,1
2212440,174517,1,1,0
177456,174518,1,1,0
1435432,174519,1,1,0
3779744,174520,1,1,0
978168,174521,1,1,0
1434392,174522,1,1,0
1820432,174523,1,1,0
2276464,174524,1,1,0
2987264,174525,1,1,0
1014904,174526,1,0,1
1396128,174527,1,1,0
1354416,174528,1,0,1
1932536,174529,1,0,1
7100168,174530,1,1,0
7362352,174531,1,0,1
3076104,174532,1,1,0
710280,174533,1,0,1
3754600,174534,1,1,0
5552560,174535,1,0,1
1056304,174536,1,0,1
3497928,174537,1,0,1
7453160,174538,1,0,1
3761768,174539,1,0,1
889120,174540,1,0,1
1596200,174541,1,0,1
550112,174542,1,0,1
3119640,174543,1,1,0
6011832,174544,1,1,0
6719232,174545,1,0,1
5060480,174546,1,0,1
986504,174547,1,0,1
2945008,174548,1,0,1
2401064,174549,1,0,1
3436024,174550,1,0,1
1804248,174551,1,1,0
3915448,174552,1,0,1
5151160,174553,1,1,0
917408,174554,1,0,1
216896,174555,1,0,1
2380088,174556,1,1,0
3525376,174557,1,0,1
3354456,174558,1,0,1
4821792,174559,1,1,0
340072,174560,1,0,1
827480,174561,1,0,1
947928,174562,1,0,1
992440,174563,1,1,0
2006296,174564,1,0,1
8195816,174565,1,0,1
6370104,174566,1,1,0
7825904,174567,1,1,0
3443416,174568,1,0,1
3166632,174569,1,1,0
2719936,174570,1,0,1
4374920,174571,1,1,0
1878088,174572,1,1,0
1923936,174573,1,1,0
6213768,174574,1,1,0
376216,174575,1,0,1
3120728,174576,1,1,0
5347584,174577,1,1,0
1417088,174578,1,0,1
7838352,174579,1,1,0
6469616,174580,1,1,0
1184848,174581,1,0,1
2139864,174582,1,1,0
2955856,174583,1,1,0
5682240,174584,1,1,0
5567944,174585,1,1,0
5901664,174586,1,1,0
853920,174587,1,1,0
7953000,174588,1,0,1
1025824,174589,1,1,0
1999496,174590,1,1,0
4546584,174591,1,0,1
4371672,174592,1,1,0
689728,174593,1,0,1
2532664,174594,1,0,1
723728,174595,1,0,1
2834760,174596,1,0,1
6463984,174597,1,1,0
2143840,174598,1,1,0
6207576,174599,1,1,0
5052880,174600,1,1,0
8251464,174601,1,1,0
7292624,174602,1,1,0
7550400,174603,1,0,1
2832736,174604,1,1,0
326136,174605,1,0,1
1463912,174606,1,0,1
6480968,174607,1,1,0
604496,174608,1,1,0
1126552,174609,1,1,0
964600,174610,1,1,0
1117128,174611,1,1,0
2168472,174612,1,0,1
3269520,174613,1,0,1
6521200,174614,1,0,1
1764240,174615,1,0,1
493056,174616,1,0,1
1619448,174617,1,1,0
1437856,174618,1,1,0
3045352,174619,1,0,1
3040200,174620,1,1,0
1113928,174621,1,1,0
643992,174622,1,0,1
929088,174623,1,1,0
2018208,174624,1,0,1
5489240,174625,1,1,0
2470600,174626,1,0,1
2283328,174627,1,0,1
1972744,174628,1,1,0
1221488,174629,1,1,0
1126944,174630,1,0,1
7007328,174631,1,1,0
1015472,174632,1,0,1
276768,174633,1,1,0
529520,174634,1,0,1
1261072,174635,1,1,0
3917712,174636,1,1,0
1025376,174637,1,1,0
5577544,174638,1,1,0
5587704,174639,1,1,0
1419512,174640,1,0,1
356424,174641,1,0,1
7444008,174642,1,0,1
300952,174643,1,0,1
7700480,174644,1,0,1
6745832,174645,1,0,1
1019640,174646,1,1,0
782136,174647,1,1,0
2707152,174648,1,1,0
4472512,174649,1,0,1
4850352,174650,1,0,1
2233280,174651,1,0,1
4262648,174652,1,0,1
3768568,174653,1,1,0
5028368,174654,1,1,0
800904,174655,1,1,0
8245816,174656,1,0,1
1118680,174657,1,0,1
912024,174658,1,0,1
1782984,174659,1,1,0
843752,174660,1,0,1
4954584,174661,1,0,1
930344,174662,1,1,0
797712,174663,1,1,0
1475872,174664,1,1,0
3035808,174665,1,0,1
3454432,174666,1,0,1
5209168,174667,1,1,0
1426368,174668,1,1,0
1000080,174669,1,1,0
4048256,174670,1,1,0
967128,174671,1,1,0
3346480,174672,1,1,0
2797800,174673,1,0,1
5785256,174674,1,0,1
3872440,174675,1,1,0
5755608,174676,1,1,0
235528,174677,1,0,1
852520,174678,1,0,1
4545488,174679,1,0,1
2728760,174680,1,0,1
1109616,174681,1,0,1
1248832,174682,1,1,0
6358256,174683,1,0,1
2048392,174684,1,1,0
732240,174685,1,0,1
3589712,174686,1,0,1
1687336,174687,1,0,1
4029344,174688,1,0,1
3411584,174689,1,0,1
4214048,174690,1,1,0
1518952,174691,1,1,0
1158464,174692,1,0,1
5223352,174693,1,0,1
3942608,174694,1,0,1
5485768,174695,1,0,1
1927872,174696,1,1,0
5757176,174697,1,1,0
433616,174698,1,1,0
298960,174699,1,0,1
8335928,174700,1,0,1
6555568,174701,1,1,0
3611984,174702,1,0,1
3854368,174703,1,1,0
460904,174704,1,1,0
2626016,174705,1,1,0
478728,174706,1,1,0
4123728,174707,1,0,1
2850264,174708,1,0,1
1627504,174709,1,0,1
5801704,174710,1,1,0
5728248,174711,1,1,0
1859096,174712,1,1,0
3708400,174713,1,0,1
2905304,174714,1,0,1
192208,174715,1,0,1
2448760,174716,1,1,0
4535248,174717,1,0,1
4453920,174718,1,0,1
1145472,174719,1,1,0
2097368,174720,1,0,1
4822688,174721,1,0,1
1170712,174722,1,1,0
1683968,174723,1,1,0
710800,174724,1,1,0
1768840,174725,1,1,0
645376,174726,1,0,1
3006248,174727,1,1,0
4360528,174728,1,0,1
1760528,174729,1,1,0
1761496,174730,1,0,1
2149744,174731,1,1,0
4214448,174732,1,1,0
3713480,174733,1,0,1
2506112,174734,1,1,0
4153984,174735,1,0,1
2739184,174736,1,1,0
2630624,174737,1,0,1
4167752,174738,1,0,1
6491184,174739,1,1,0
7486536,174740,1,0,1
3904936,174741,1,1,0
3534088,174742,1,0,1
3860296,174743,1,0,1
1904576,174744,1,0,1
1735392,174745,1,1,0
4129776,174746,1,0,1
8291528,174747,1,0,1
8034272,174748,1,0,1
1287792,174749,1,0,1
5222424,174750,1,0,1
3194608,174751,1,1,0
1639656,174752,1,1,0
3677560,174753,1,1,0
2599880,174754,1,0,1
6586104,174755,1,0,1
1615816,174756,1,0,1
750552,174757,1,0,1
832904,174758,1,0,1
4035456,174759,1,0,1
1287160,174760,1,0,1
1234456,174761,1,0,1
4818464,174762,1,0,1
6603280,174763,1,0,1
270816,174764,1,0,1
3339752,174765,1,1,0
437288,174766,1,0,1
3729960,174767,1,0,1
6653448,174768,1,1,0
2973864,174769,1,1,0
204712,174770,1,0,1
1449728,174771,1,1,0
2018536,174772,1,1,0
466416,174773,1,1,0
3802944,174774,1,1,0
4089656,174775,1,1,0
67448,174776,1,1,0
2042304,174777,1,0,1
730944,174778,1,1,0
1616000,174779,1,0,1
676888,174780,1,1,0
1417616,174781,1,1,0
3863440,174782,1,1,0
7208304,174783,1,0,1
2748504,174784,1,1,0
312984,174785,1,0,1
327704,174786,1,1,0
685320,174787,1,1,0
6096280,174788,1,1,0
387584,174789,1,1,0
129064,174790,1,0,1
1463736,174791,1,1,0
276888,174792,1,1,0
5454712,174793,1,0,1
2818984,174794,1,1,0
6301360,174795,1,1,0
130928,174796,1,1,0
1512112,174797,1,1,0
5847616,174798,1,0,1
3433040,174799,1,1,0
1052224,174800,1,1,0
1271280,174801,1,1,0
1026944,174802,1,1,0
1530288,174803,1,1,0
2224496,174804,1,0,1
2053080,174805,1,1,0
5152352,174806,1,0,1
562000,174807,1,1,0
237568,174808,1,0,1
4507536,174809,1,1,0
416952,174810,1,1,0
2134072,174811,1,0,1
1171840,174812,1,1,0
5976152,174813,1,1,0
80248,174814,1,1,0
680736,174815,1,1,0
8164320,174816,1,1,0
2828408,174817,1,0,1
4103936,174818,1,1,0
3559816,174819,1,1,0
1607936,174820,1,0,1
231264,174821,1,0,1
3316320,174822,1,1,0
6601216,174823,1,0,1
1182384,174824,1,0,1
482912,174825,1,0,1
1038040,174826,1,0,1
981208,174827,1,1,0
594272,174828,1,1,0
400912,174829,1,0,1
460592,174830,1,0,1
7205256,174831,1,1,0
4246544,174832,1,0,1
4040320,174833,1,1,0
2397144,174834,1,0,1
3663704,174835,1,1,0
2321424,174836,1,1,0
706736,174837,1,0,1
1004088,174838,1,1,0
3101120,174839,1,0,1
2657392,174840,1,1,0
2071248,174841,1,0,1
1063392,174842,1,1,0
8155024,174843,1,0,1
794288,174844,1,1,0
4980728,174845,1,1,0
7733544,174846,1,1,0
7643104,174847,1,1,0
4214176,174848,1,0,1
751920,174849,1,0,1
1286984,174850,1,0,1
1852984,174851,1,1,0
4176672,174852,1,0,1
1544296,174853,1,1,0
1341504,174854,1,0,1
8236128,174855,1,0,1
4175680,174856,1,0,1
1300376,174857,1,0,1
810720,174858,1,1,0
2348176,174859,1,1,0
323248,174860,1,1,0
5564632,174861,1,0,1
5486512,174862,1,0,1
2994752,174863,1,1,0
1125616,174864,1,0,1
4048584,174865,1,0,1
660672,174866,1,0,1
1465752,174867,1,1,0
5645792,174868,1,0,1
6704008,174869,1,0,1
2240888,174870,1,0,1
3193696,174871,1,0,1
629872,174872,1,1,0
1917632,174873,1,0,1
5835280,174874,1,1,0
1487512,174875,1,1,0
5930144,174876,1,1,0
1797248,174877,1,0,1
1243792,174878,1,0,1
6064976,174879,1,1,0
1920504,174880,1,0,1
4608352,174881,1,1,0
6679792,174882,1,0,1
8040440,174883,1,1,0
3126528,174884,1,0,1
126696,174885,1,0,1
8277264,174886,1,0,1
268288,174887,1,1,0
2347592,174888,1,1,0
7963672,174889,1,1,0
1396544,174890,1,0,1
1991304,174891,1,1,0
6143616,174892,1,1,0
405952,174893,1,0,1
2508224,174894,1,1,0
1274680,174895,1,0,1
7457688,174896,1,0,1
755688,174897,1,0,1
788064,174898,1,1,0
7759064,174899,1,0,1
2816352,174900,1,0,1
343592,174901,1,0,1
3786968,174902,1,0,1
5891160,174903,1,1,0
4426688,174904,1,1,0
1174128,174905,1,1,0
5654152,174906,1,0,1
1371520,174907,1,0,1
2372048,174908,1,1,0
3111864,174909,1,0,1
4290336,174910,1,1,0
189600,174911,1,1,0
4303296,174912,1,0,1
6572112,174913,1,0,1
1798672,174914,1,0,1
1199744,174915,1,0,1
3168312,174916,1,1,0
1111192,174917,1,1,0
3560824,174918,1,0,1
2083264,174919,1,1,0
1385312,174920,1,0,1
855912,174921,1,1,0
997512,174922,1,0,1
1349656,174923,1,1,0
2929072,174924,1,1,0
8064640,174925,1,0,1
863728,174926,1,0,1
6351384,174927,1,0,1
6899904,174928,1,0,1
2774920,174929,1,1,0
2074640,174930,1,0,1
3504328,174931,1,1,0
6913296,174932,1,1,0
6717848,174933,1,0,1
2191464,174934,1,1,0
1223240,174935,1,0,1
1819208,174936,1,0,1
1885824,174937,1,1,0
493712,174938,1,0,1
1509128,174939,1,1,0
365624,174940,1,0,1
5598056,174941,1,1,0
3939008,174942,1,1,0
2425496,174943,1,1,0
7544624,174944,1,1,0
4040496,174945,1,0,1
8222936,174946,1,0,1
3791648,174947,1,1,0
6748480,174948,1,1,0
3790040,174949,1,0,1
873928,174950,1,0,1
7567176,174951,1,1,0
1268928,174952,1,1,0
3545920,174953,1,0,1
5535464,174954,1,1,0
2633536,174955,1,1,0
3818856,174956,1,1,0
67344,174957,1,1,0
6449608,174958,1,1,0
1637168,174959,1,1,0
3499112,174960,1,1,0
309448,174961,1,0,1
1675984,174962,1,1,0
1517544,174963,1,1,0
1248088,174964,1,1,0
5940912,174965,1,0,1
1832256,174966,1,0,1
7276848,174967,1,0,1
2900912,174968,1,0,1
283608,174969,1,0,1
5706904,174970,1,0,1
2655992,174971,1,1,0
328384,174972,1,1,0
3539208,174973,1,0,1
1349624,174974,1,0,1
5513624,174975,1,0,1
901016,174976,1,0,1
7996592,174977,1,0,1
2384112,174978,1,0,1
6826696,174979,1,0,1
3324312,174980,1,1,0
308096,174981,1,0,1
343400,174982,1,1,0
534536,174983,1,0,1
4832936,174984,1,0,1
2226712,174985,1,0,1
1220104,174986,1,0,1
2143056,174987,1,0,1
364856,174988,1,0,1
8178032,174989,1,1,0
1287536,174990,1,0,1
708208,174991,1,1,0
654544,174992,1,1,0
6993440,174993,1,1,0
3455216,174994,1,1,0
1903736,174995,1,0,1
6542288,174996,1,1,0
3812624,174997,1,0,1
785600,174998,1,1,0
6346576,174999,1,1,0
6435560,175000,1,0,1
1132504,175001,1,0,1
6794984,175002,1,1,0
943352,175003,1,0,1
1428080,175004,1,0,1
7830520,175005,1,1,0
992416,175006,1,1,0
165896,175007,1,1,0
6056152,175008,1,0,1
1921960,175009,1,1,0
3613616,175010,1,0,1
4964176,175011,1,1,0
5394480,175012,1,0,1
171104,175013,1,0,1
1850656,175014,1,0,1
709896,175015,1,1,0
6256800,175016,1,1,0
1510880,175017,1,1,0
2945856,175018,1,0,1
7506000,175019,1,0,1
2716496,175020,1,1,0
4579344,175021,1,0,1
1652600,175022,1,0,1
1587064,175023,1,1,0
1780424,175024,1,0,1
943736,175025,1,0,1
6286912,175026,1,1,0
3374512,175027,1,0,1
4145688,175028,1,0,1
5384128,175029,1,1,0
7520256,175030,1,0,1
1460976,175031,1,1,0
6712496,175032,1,0,1
1180504,175033,1,1,0
5496344,175034,1,0,1
574816,175035,1,1,0
3676360,175036,1,1,0
5337648,175037,1,0,1
4197416,175038,1,0,1
3132232,175039,1,0,1
826128,175040,1,1,0
1209936,175041,1,1,0
4146784,175042,1,1,0
2043912,175043,1,1,0
1389168,175044,1,1,0
5290576,175045,1,0,1
1570752,175046,1,0,1
7181064,175047,1,1,0
1675992,175048,1,1,0
2114680,175049,1,1,0
7298616,175050,1,1,0
5796456,175051,1,0,1
927696,175052,1,1,0
572232,175053,1,0,1
1302520,175054,1,1,0
1454000,175055,1,1,0
5777888,175056,1,1,0
2501696,175057,1,1,0
3499392,175058,1,1,0
552392,175059,1,1,0
2955424,175060,1,1,0
4111088,175061,1,0,1
842576,175062,1,0,1
907144,175063,1,1,0
3916120,175064,1,1,0
215184,175065,1,1,0
2808976,175066,1,0,1
500248,175067,1,1,0
1645944,175068,1,1,0
2249648,175069,1,1,0
232664,175070,1,1,0
1306600,175071,1,0,1
4200440,175072,1,1,0
4473992,175073,1,0,1
1801648,175074,1,1,0
1280928,175075,1,1,0
2793408,175076,1,0,1
410504,175077,1,1,0
1977792,175078,1,0,1
4387448,175079,1,1,0
6645024,175080,1,1,0
3816864,175081,1,1,0
384584,175082,1,1,0
2391176,175083,1,1,0
4347136,175084,1,0,1
8034568,175085,1,1,0
2042432,175086,1,1,0
322776,175087,1,1,0
3532504,175088,1,1,0
617040,175089,1,1,0
3166816,175090,1,0,1
3580288,175091,1,1,0
3186976,175092,1,0,1
6325760,175093,1,0,1
2922000,175094,1,1,0
6053320,175095,1,0,1
7662888,175096,1,0,1
2122184,175097,1,1,0
570016,175098,1,1,0
454280,175099,1,1,0
2115512,175100,1,1,0
707288,175101,1,1,0
1929200,175102,1,0,1
3645752,175103,1,0,1
4380440,175104,1,1,0
5875856,175105,1,1,0
1355592,175106,1,1,0
5448160,175107,1,1,0
7200328,175108,1,0,1
6666320,175109,1,1,0
2737336,175110,1,1,0
7991992,175111,1,1,0
3999856,175112,1,1,0
5922880,175113,1,0,1
3133400,175114,1,1,0
1620672,175115,1,1,0
1201144,175116,1,0,1
1130088,175117,1,1,0
6281608,175118,1,1,0
553952,175119,1,0,1
886488,175120,1,1,0
207856,175121,1,0,1
766912,175122,1,0,1
923000,175123,1,0,1
4337320,175124,1,0,1
445656,175125,1,1,0
815368,175126,1,1,0
1601080,175127,1,1,0
611560,175128,1,0,1
3235616,175129,1,0,1
1014384,175130,1,1,0
928688,175131,1,1,0
1617016,175132,1,1,0
468304,175133,1,0,1
306072,175134,1,0,1
7005576,175135,1,0,1
1282952,175136,1,0,1
464152,175137,1,1,0
6121072,175138,1,0,1
5834792,175139,1,1,0
1556480,175140,1,0,1
7378688,175141,1,0,1
1255112,175142,1,1,0
1591144,175143,1,0,1
1809400,175144,1,1,0
3761456,175145,1,0,1
3577152,175146,1,0,1
4753512,175147,1,1,0
1465800,175148,1,1,0
1174848,175149,1,0,1
2808968,175150,1,0,1
313528,175151,1,1,0
3311176,175152,1,0,1
3727752,175153,1,1,0
6666904,175154,1,1,0
1763680,175155,1,1,0
672280,175156,1,1,0
1208800,175157,1,1,0
3672776,175158,1,0,1
4159168,175159,1,1,0
190032,175160,1,0,1
6202384,175161,1,1,0
6222712,175162,1,1,0
3140440,175163,1,1,0
5532336,175164,1,1,0
918080,175165,1,0,1
192080,175166,1,0,1
8368176,175167,1,1,0
7012064,175168,1,0,1
528096,175169,1,0,1
4293984,175170,1,1,0
5472952,175171,1,1,0
1549240,175172,1,0,1
1207608,175173,1,1,0
4564160,175174,1,1,0
1458040,175175,1,1,0
2560928,175176,1,1,0
3369376,175177,1,1,0
6437552,175178,1,1,0
681552,175179,1,1,0
1173048,175180,1,1,0
533904,175181,1,1,0
1222296,175182,1,1,0
2053848,175183,1,0,1
482576,175184,1,0,1
169928,175185,1,0,1
1329840,175186,1,0,1
3170632,175187,1,1,0
1192264,175188,1,1,0
4954160,175189,1,1,0
2977208,175190,1,0,1
180920,175191,1,1,0
3640808,175192,1,1,0
5165136,175193,1,1,0
5481976,175194,1,0,1
7842664,175195,1,0,1
474560,175196,1,0,1
205088,175197,1,0,1
984136,175198,1,0,1
1164016,175199,1,0,1
255160,175200,1,1,0
299608,175201,1,1,0
460512,175202,1,1,0
836272,175203,1,0,1
2382376,175204,1,1,0
2390600,175205,1,1,0
1089488,175206,1,1,0
3538488,175207,1,0,1
564240,175208,1,0,1
1571120,175209,1,1,0
295400,175210,1,0,1
358992,175211,1,1,0
4833120,175212,1,1,0
1098744,175213,1,0,1
8158904,175214,1,1,0
445168,175215,1,0,1
2949296,175216,1,0,1
644096,175217,1,0,1
6781168,175218,1,1,0
2033232,175219,1,1,0
422520,175220,1,0,1
2282440,175221,1,0,1
1184904,175222,1,0,1
4166144,175223,1,1,0
948304,175224,1,1,0
2828632,175225,1,1,0
5103696,175226,1,1,0
7816344,175227,1,1,0
1251560,175228,1,0,1
3580600,175229,1,1,0
853320,175230,1,0,1
1368048,175231,1,1,0
264280,175232,1,0,1
960840,175233,1,1,0
1054840,175234,1,1,0
1868432,175235,1,1,0
2407552,175236,1,0,1
975184,175237,1,1,0
1739328,175238,1,1,0
4580520,175239,1,1,0
176648,175240,1,1,0
6925288,175241,1,0,1
2398744,175242,1,0,1
1032904,175243,1,0,1
343352,175244,1,0,1
6080592,175245,1,0,1
5609616,175246,1,1,0
1602176,175247,1,1,0
2940824,175248,1,0,1
4562152,175249,1,1,0
5620000,175250,1,1,0
610720,175251,1,1,0
2343336,175252,1,0,1
1907024,175253,1,1,0
290928,175254,1,1,0
1246760,175255,1,1,0
1961840,175256,1,1,0
1097408,175257,1,0,1
5565584,175258,1,1,0
1277648,175259,1,1,0
981848,175260,1,1,0
6088864,175261,1,0,1
1514720,175262,1,0,1
6968600,175263,1,1,0
2433816,175264,1,1,0
3938960,175265,1,0,1
5100592,175266,1,1,0
996880,175267,1,0,1
2470024,175268,1,0,1
281984,175269,1,0,1
5383632,175270,1,1,0
5398848,175271,1,0,1
1471360,175272,1,1,0
1729128,175273,1,0,1
610256,175274,1,0,1
1045288,175275,1,0,1
4673176,175276,1,1,0
1271272,175277,1,0,1
5010672,175278,1,1,0
663568,175279,1,1,0
2745904,175280,1,0,1
757952,175281,1,0,1
326016,175282,1,1,0
3637344,175283,1,1,0
3569880,175284,1,1,0
2041880,175285,1,0,1
6641552,175286,1,0,1
4300088,175287,1,0,1
2339424,175288,1,0,1
2273296,175289,1,1,0
2019352,175290,1,0,1
1862240,175291,1,0,1
296832,175292,1,0,1
1105880,175293,1,1,0
3634840,175294,1,0,1
891800,175295,1,1,0
4761280,175296,1,0,1
613752,175297,1,1,0
3212864,175298,1,1,0
3297152,175299,1,1,0
4949208,175300,1,1,0
1130200,175301,1,0,1
2081328,175302,1,1,0
2892752,175303,1,0,1
5282528,175304,1,0,1
7199208,175305,1,0,1
4265544,175306,1,0,1
712816,175307,1,0,1
339032,175308,1,1,0
4255728,175309,1,0,1
3900648,175310,1,0,1
727832,175311,1,0,1
1778400,175312,1,1,0
686336,175313,1,0,1
2857288,175314,1,1,0
6967936,175315,1,1,0
1161896,175316,1,1,0
3973160,175317,1,1,0
5099728,175318,1,0,1
2146568,175319,1,0,1
331536,175320,1,0,1
5758592,175321,1,0,1
2154376,175322,1,1,0
1781944,175323,1,0,1
1986648,175324,1,1,0
7545744,175325,1,0,1
481888,175326,1,0,1
6239472,175327,1,1,0
5955968,175328,1,1,0
1691128,175329,1,1,0
8253192,175330,1,0,1
8197832,175331,1,0,1
3231552,175332,1,0,1
7726632,175333,1,0,1
121680,175334,1,0,1
7642936,175335,1,0,1
4895400,175336,1,0,1
1447360,175337,1,1,0
888880,175338,1,0,1
7023440,175339,1,0,1
127448,175340,1,1,0
4019848,175341,1,1,0
2997328,175342,1,1,0
132992,175343,1,0,1
4563736,175344,1,0,1
1917760,175345,1,1,0
2660624,175346,1,1,0
1083104,175347,1,0,1
2166664,175348,1,1,0
254696,175349,1,1,0
493200,175350,1,1,0
821312,175351,1,0,1
5046528,175352,1,1,0
1732416,175353,1,0,1
206536,175354,1,0,1
2791624,175355,1,0,1
7389304,175356,1,1,0
1806512,175357,1,1,0
307680,175358,1,1,0
4043632,175359,1,1,0
745176,175360,1,1,0
2183136,175361,1,1,0
4528456,175362,1,1,0
2272592,175363,1,0,1
1584960,175364,1,0,1
6778904,175365,1,1,0
3575416,175366,1,1,0
489104,175367,1,0,1
1045328,175368,1,0,1
1366544,175369,1,1,0
1032736,175370,1,1,0
2268256,175371,1,0,1
377496,175372,1,0,1
587432,175373,1,1,0
5634256,175374,1,1,0
1103448,175375,1,1,0
340864,175376,1,0,1
1147936,175377,1,1,0
2210680,175378,1,0,1
3187432,175379,1,1,0
5256360,175380,1,0,1
6200960,175381,1,1,0
2610120,175382,1,0,1
466392,175383,1,1,0
6992712,175384,1,0,1
8324368,175385,1,0,1
1912680,175386,1,0,1
565384,175387,1,1,0
6788464,175388,1,0,1
894776,175389,1,1,0
446048,175390,1,0,1
4977088,175391,1,1,0
2259200,175392,1,1,0
6480392,175393,1,0,1
1697840,175394,1,1,0
1024216,175395,1,1,0
1320176,175396,1,1,0
2238560,175397,1,0,1
452576,175398,1,0,1
6930464,175399,1,0,1
3183760,175400,1,0,1
1510352,175401,1,0,1
418032,175402,1,1,0
2099688,175403,1,1,0
6620328,175404,1,0,1
4219464,175405,1,1,0
3499216,175406,1,1,0
4025192,175407,1,0,1
5184576,175408,1,0,1
1004400,175409,1,1,0
3605784,175410,1,0,1
4017712,175411,1,0,1
340128,175412,1,0,1
3016280,175413,1,0,1
1783368,175414,1,1,0
837512,175415,1,0,1
618440,175416,1,0,1
2308152,175417,1,0,1
1114280,175418,1,1,0
6089800,175419,1,0,1
6168888,175420,1,1,0
270984,175421,1,0,1
1458160,175422,1,0,1
526600,175423,1,1,0
1153408,175424,1,0,1
3684248,175425,1,0,1
4878176,175426,1,1,0
1266528,175427,1,1,0
1386768,175428,1,0,1
2052328,175429,1,1,0
1191040,175430,1,1,0
325632,175431,1,0,1
2224152,175432,1,1,0
1131368,175433,1,1,0
8333720,175434,1,0,1
1906680,175435,1,1,0
6376144,175436,1,0,1
927344,175437,1,1,0
5513608,175438,1,0,1
1984056,175439,1,1,0
1473776,175440,1,1,0
3621000,175441,1,1,0
7238400,175442,1,1,0
779672,175443,1,0,1
2543376,175444,1,1,0
2043704,175445,1,1,0
1618888,175446,1,1,0
5374936,175447,1,0,1
403128,175448,1,1,0
2843664,175449,1,0,1
331048,175450,1,0,1
5949584,175451,1,0,1
829320,175452,1,0,1
5438888,175453,1,0,1
1838024,175454,1,1,0
6276904,175455,1,1,0
5002432,175456,1,0,1
671464,175457,1,0,1
1449696,175458,1,0,1
2976728,175459,1,0,1
2738472,175460,1,0,1
2053984,175461,1,1,0
151440,175462,1,1,0
888864,175463,1,1,0
6446136,175464,1,0,1
8295120,175465,1,0,1
1486176,175466,1,1,0
1424144,175467,1,0,1
579984,175468,1,0,1
7737976,175469,1,0,1
5325992,175470,1,0,1
1499792,175471,1,1,0
807472,175472,1,0,1
1613464,175473,1,0,1
6147568,175474,1,1,0
3800960,175475,1,0,1
776416,175476,1,0,1
2096448,175477,1,0,1
5869584,175478,1,1,0
3162800,175479,1,1,0
747288,175480,1,1,0
4860072,175481,1,1,0
4869192,175482,1,1,0
1602864,175483,1,0,1
1924432,175484,1,0,1
317488,175485,1,0,1
527472,175486,1,1,0
1416800,175487,1,0,1
6590736,175488,1,0,1
647216,175489,1,0,1
5078496,175490,1,1,0
2005832,175491,1,1,0
3388160,175492,1,1,0
276088,175493,1,1,0
1408960,175494,1,1,0
1964912,175495,1,0,1
1518008,175496,1,1,0
2140936,175497,1,0,1
936368,175498,1,1,0
815880,175499,1,0,1
5341640,175500,1,0,1
6133880,175501,1,1,0
1903512,175502,1,1,0
7805416,175503,1,1,0
433040,175504,1,0,1
4120600,175505,1,1,0
3993832,175506,1,1,0
5899344,175507,1,1,0
382552,175508,1,1,0
2377944,175509,1,0,1
4471480,175510,1,0,1
6603144,175511,1,0,1
234528,175512,1,0,1
1771008,175513,1,0,1
4236792,175514,1,0,1
1906136,175515,1,0,1
2106856,175516,1,0,1
1417480,175517,1,0,1
1571248,175518,1,1,0
664720,175519,1,0,1
5009544,175520,1,1,0
727568,175521,1,0,1
1501368,175522,1,0,1
5454560,175523,1,0,1
4425752,175524,1,0,1
940008,175525,1,0,1
454400,175526,1,1,0
4490624,175527,1,0,1
341264,175528,1,1,0
519360,175529,1,0,1
4778800,175530,1,0,1
2645992,175531,1,0,1
2667200,175532,1,1,0
8227968,175533,1,0,1
3912640,175534,1,0,1
2490552,175535,1,0,1
2427744,175536,1,0,1
380008,175537,1,1,0
885080,175538,1,0,1
4011136,175539,1,1,0
2764672,175540,1,0,1
4192664,175541,1,0,1
1355816,175542,1,0,1
6960344,175543,1,0,1
978128,175544,1,1,0
834800,175545,1,0,1
2089592,175546,1,0,1
905776,175547,1,0,1
791344,175548,1,1,0
5456432,175549,1,0,1
3241488,175550,1,1,0
8041608,175551,1,1,0
695864,175552,1,1,0
6379048,175553,1,0,1
3411208,175554,1,0,1
514848,175555,1,0,1
982792,175556,1,1,0
6389048,175557,1,1,0
2916560,175558,1,1,0
5149048,175559,1,0,1
1392552,175560,1,0,1
3954512,175561,1,0,1
4117864,175562,1,0,1
2568064,175563,1,1,0
615448,175564,1,1,0
4502344,175565,1,0,1
419872,175566,1,1,0
4272288,175567,1,1,0
1311552,175568,1,1,0
4254976,175569,1,1,0
5316296,175570,1,1,0
540064,175571,1,1,0
676960,175572,1,0,1
610760,175573,1,1,0
6270384,175574,1,0,1
1261480,175575,1,0,1
1070712,175576,1,1,0
1751288,175577,1,1,0
4001728,175578,1,1,0
5365088,175579,1,0,1
667584,175580,1,0,1
1903256,175581,1,0,1
872632,175582,1,0,1
3397128,175583,1,0,1
3642288,175584,1,0,1
2077824,175585,1,0,1
1878640,175586,1,1,0
6503456,175587,1,1,0
6302144,175588,1,0,1
746416,175589,1,1,0
716472,175590,1,0,1
2619600,175591,1,0,1
1564560,175592,1,1,0
620488,175593,1,0,1
7167640,175594,1,0,1
2370392,175595,1,0,1
507744,175596,1,0,1
173496,175597,1,1,0
420456,175598,1,0,1
2025848,175599,1,1,0
1253640,175600,1,0,1
676512,175601,1,1,0
3608224,175602,1,0,1
3309288,175603,1,0,1
2019808,175604,1,1,0
783696,175605,1,0,1
3164824,175606,1,0,1
1265456,175607,1,0,1
1677248,175608,1,0,1
426056,175609,1,0,1
8076768,175610,1,0,1
3530840,175611,1,1,0
4201752,175612,1,0,1
2715568,175613,1,1,0
2633824,175614,1,0,1
525728,175615,1,0,1
730568,175616,1,1,0
2687920,175617,1,0,1
752064,175618,1,0,1
964696,175619,1,0,1
5381104,175620,1,0,1
4320560,175621,1,0,1
836792,175622,1,0,1
8048848,175623,1,0,1
1381520,175624,1,1,0
2231976,175625,1,0,1
4742960,175626,1,0,1
5053456,175627,1,0,1
1776888,175628,1,1,0
2494040,175629,1,1,0
2750408,175630,1,1,0
5544712,175631,1,0,1
3034104,175632,1,0,1
650536,175633,1,1,0
3024648,175634,1,1,0
234784,175635,1,1,0
6590680,175636,1,1,0
2217616,175637,1,1,0
1068280,175638,1,1,0
741024,175639,1,1,0
1491808,175640,1,1,0
4834328,175641,1,0,1
6572440,175642,1,0,1
362688,175643,1,1,0
5491160,175644,1,0,1
4305280,175645,1,1,0
364064,175646,1,0,1
2819992,175647,1,0,1
970912,175648,1,1,0
622192,175649,1,1,0
6708560,175650,1,1,0
2069048,175651,1,1,0
4597952,175652,1,1,0
202952,175653,1,1,0
3528208,175654,1,1,0
4536840,175655,1,1,0
1410000,175656,1,1,0
5593896,175657,1,0,1
1150520,175658,1,1,0
2124544,175659,1,0,1
7681336,175660,1,1,0
359168,175661,1,1,0
6626472,175662,1,1,0
1498112,175663,1,0,1
4414200,175664,1,1,0
926256,175665,1,1,0
1390384,175666,1,1,0
398280,175667,1,0,1
1088256,175668,1,0,1
2642760,175669,1,0,1
272944,175670,1,0,1
826256,175671,1,0,1
6593824,175672,1,1,0
1598424,175673,1,1,0
1244648,175674,1,0,1
2311288,175675,1,0,1
5812312,175676,1,0,1
2158016,175677,1,1,0
254424,175678,1,0,1
415096,175679,1,0,1
4045112,175680,1,0,1
536160,175681,1,1,0
1973936,175682,1,0,1
958720,175683,1,0,1
382728,175684,1,1,0
1296552,175685,1,1,0
1660936,175686,1,0,1
5585640,175687,1,1,0
2278704,175688,1,1,0
4498624,175689,1,1,0
3195712,175690,1,1,0
231704,175691,1,1,0
994768,175692,1,0,1
4444728,175693,1,1,0
185688,175694,1,0,1
5548232,175695,1,1,0
6486760,175696,1,0,1
6508208,175697,1,1,0
203152,175698,1,1,0
903080,175699,1,0,1
596680,175700,1,0,1
672064,175701,1,0,1
6003624,175702,1,1,0
259584,175703,1,1,0
525872,175704,1,1,0
2120432,175705,1,1,0
1681352,175706,1,0,1
727320,175707,1,1,0
7965008,175708,1,0,1
640016,175709,1,0,1
3794408,175710,1,1,0
2786784,175711,1,1,0
3559272,175712,1,1,0
2595720,175713,1,0,1
1853072,175714,1,1,0
1709040,175715,1,0,1
1415744,175716,1,1,0
8037008,175717,1,0,1
3957080,175718,1,1,0
728720,175719,1,1,0
7078968,175720,1,1,0
4076400,175721,1,1,0
4030840,175722,1,1,0
1062296,175723,1,1,0
3727168,175724,1,0,1
6995408,175725,1,1,0
3676952,175726,1,1,0
253048,175727,1,1,0
8144384,175728,1,0,1
5635400,175729,1,1,0
498864,175730,1,1,0
2871664,175731,1,1,0
4159680,175732,1,1,0
767848,175733,1,0,1
2542296,175734,1,0,1
271160,175735,1,0,1
336736,175736,1,1,0
833696,175737,1,0,1
574040,175738,1,0,1
1800640,175739,1,1,0
3727656,175740,1,1,0
7772304,175741,1,1,0
1677568,175742,1,1,0
2314376,175743,1,0,1
4944680,175744,1,1,0
227912,175745,1,1,0
5764696,175746,1,0,1
4079128,175747,1,0,1
2757256,175748,1,1,0
651904,175749,1,0,1
374904,175750,1,1,0
2246840,175751,1,1,0
3429392,175752,1,1,0
948696,175753,1,1,0
2845304,175754,1,0,1
6573816,175755,1,1,0
4832944,175756,1,0,1
3321856,175757,1,0,1
7952920,175758,1,0,1
2062808,175759,1,1,0
3455304,175760,1,0,1
4919840,175761,1,0,1
1744664,175762,1,0,1
4904208,175763,1,0,1
3706864,175764,1,1,0
5555744,175765,1,1,0
367104,175766,1,1,0
5877120,175767,1,0,1
3612440,175768,1,1,0
3816064,175769,1,0,1
2855488,175770,1,1,0
2099128,175771,1,1,0
149416,175772,1,1,0
1419384,175773,1,1,0
3455776,175774,1,1,0
530040,175775,1,1,0
2398240,175776,1,0,1
7893664,175777,1,1,0
2820448,175778,1,0,1
192512,175779,1,1,0
3383056,175780,1,0,1
3690064,175781,1,0,1
2114856,175782,1,1,0
2745848,175783,1,0,1
411432,175784,1,0,1
2082304,175785,1,0,1
1024464,175786,1,1,0
5812592,175787,1,1,0
873072,175788,1,1,0
2371368,175789,1,0,1
5094416,175790,1,0,1
6451664,175791,1,1,0
6768288,175792,1,0,1
3205648,175793,1,0,1
2904464,175794,1,1,0
3465592,175795,1,1,0
1208024,175796,1,0,1
640888,175797,1,0,1
268536,175798,1,0,1
1383448,175799,1,0,1
994280,175800,1,0,1
1468928,175801,1,1,0
825120,175802,1,0,1
934192,175803,1,1,0
2146464,175804,1,0,1
5190280,175805,1,1,0
1327984,175806,1,1,0
786248,175807,1,0,1
5332056,175808,1,1,0
323736,175809,1,1,0
4326520,175810,1,1,0
6438896,175811,1,1,0
3421320,175812,1,1,0
680120,175813,1,1,0
1275696,175814,1,1,0
788768,175815,1,1,0
4139568,175816,1,1,0
1561344,175817,1,1,0
4628616,175818,1,0,1
5573904,175819,1,0,1
3293688,175820,1,0,1
1278952,175821,1,1,0
1856056,175822,1,1,0
6828488,175823,1,1,0
1371048,175824,1,1,0
1299816,175825,1,1,0
2909864,175826,1,0,1
7041072,175827,1,1,0
911264,175828,1,0,1
5263296,175829,1,0,1
4574056,175830,1,1,0
1027488,175831,1,1,0
2046296,175832,1,1,0
7276016,175833,1,1,0
6202392,175834,1,1,0
7690664,175835,1,0,1
3011672,175836,1,1,0
5622992,175837,1,1,0
5466120,175838,1,1,0
458088,175839,1,0,1
5260016,175840,1,1,0
5859352,175841,1,1,0
7141640,175842,1,0,1
5513288,175843,1,1,0
805648,175844,1,0,1
634512,175845,1,0,1
3431352,175846,1,1,0
4361960,175847,1,0,1
899928,175848,1,1,0
2808312,175849,1,1,0
7022544,175850,1,0,1
1210048,175851,1,1,0
2831920,175852,1,1,0
6773056,175853,1,0,1
398800,175854,1,1,0
836768,175855,1,0,1
607872,175856,1,0,1
3320488,175857,1,0,1
6350920,175858,1,0,1
242008,175859,1,1,0
1488064,175860,1,1,0
6630400,175861,1,0,1
4429592,175862,1,1,0
7702240,175863,1,0,1
5522848,175864,1,1,0
8229616,175865,1,0,1
5915048,175866,1,1,0
1997104,175867,1,0,1
426320,175868,1,1,0
6291984,175869,1,0,1
584512,175870,1,1,0
115504,175871,1,1,0
1101344,175872,1,0,1
4234472,175873,1,1,0
274376,175874,1,1,0
2234440,175875,1,0,1
8013840,175876,1,1,0
3729184,175877,1,1,0
806016,175878,1,1,0
836120,175879,1,1,0
5660272,175880,1,0,1
545048,175881,1,0,1
352240,175882,1,0,1
3370656,175883,1,0,1
366288,175884,1,1,0
909480,175885,1,0,1
7235744,175886,1,1,0
3766816,175887,1,0,1
2492152,175888,1,1,0
3384360,175889,1,0,1
946784,175890,1,0,1
1172696,175891,1,0,1
6263456,175892,1,0,1
630944,175893,1,1,0
3707544,175894,1,0,1
430176,175895,1,1,0
425608,175896,1,0,1
6510632,175897,1,0,1
2361592,175898,1,1,0
471152,175899,1,0,1
1952880,175900,1,0,1
7776816,175901,1,0,1
4980272,175902,1,0,1
1955768,175903,1,1,0
7756344,175904,1,1,0
4125416,175905,1,0,1
843184,175906,1,1,0
792280,175907,1,1,0
2431520,175908,1,0,1
6626608,175909,1,0,1
7684936,175910,1,1,0
290600,175911,1,1,0
8147680,175912,1,0,1
1470592,175913,1,0,1
1321040,175914,1,1,0
1286808,175915,1,0,1
4175080,175916,1,1,0
2422640,175917,1,1,0
1735032,175918,1,0,1
7313096,175919,1,0,1
461840,175920,1,1,0
2007952,175921,1,1,0
4089624,175922,1,0,1
3487432,175923,1,1,0
1692336,175924,1,0,1
3163952,175925,1,0,1
464344,175926,1,1,0
5183856,175927,1,0,1
644072,175928,1,0,1
1314880,175929,1,1,0
3965616,175930,1,0,1
1195752,175931,1,1,0
2846696,175932,1,1,0
2113960,175933,1,1,0
2092760,175934,1,0,1
1130640,175935,1,0,1
4698872,175936,1,0,1
991568,175937,1,0,1
7596256,175938,1,1,0
8180064,175939,1,1,0
2602280,175940,1,1,0
8080464,175941,1,0,1
5054624,175942,1,1,0
1398024,175943,1,1,0
6122344,175944,1,0,1
6252144,175945,1,0,1
4152248,175946,1,1,0
3764232,175947,1,1,0
959752,175948,1,0,1
5144648,175949,1,1,0
3572696,175950,1,1,0
425632,175951,1,0,1
153712,175952,1,0,1
4423504,175953,1,0,1
1544008,175954,1,1,0
1994640,175955,1,0,1
821032,175956,1,1,0
5880064,175957,1,1,0
1120112,175958,1,0,1
616512,175959,1,0,1
5814336,175960,1,0,1
2546488,175961,1,0,1
3507072,175962,1,1,0
2362704,175963,1,0,1
1246536,175964,1,1,0
7136696,175965,1,0,1
526576,175966,1,0,1
5558248,175967,1,0,1
3128824,175968,1,1,0
83040,175969,1,1,0
6158440,175970,1,0,1
5179952,175971,1,1,0
784624,175972,1,1,0
1136808,175973,1,0,1
563136,175974,1,1,0
2230968,175975,1,1,0
2459568,175976,1,1,0
1928288,175977,1,0,1
2390056,175978,1,0,1
759192,175979,1,1,0
3157832,175980,1,1,0
202160,175981,1,1,0
2815752,175982,1,0,1
1167976,175983,1,0,1
185344,175984,1,0,1
2670856,175985,1,0,1
2654712,175986,1,0,1
1083592,175987,1,1,0
4294984,175988,1,1,0
182768,175989,1,0,1
3600304,175990,1,0,1
1370192,175991,1,0,1
4102432,175992,1,0,1
1239168,175993,1,0,1
502040,175994,1,1,0
5358664,175995,1,1,0
7944416,175996,1,1,0
7121840,175997,1,1,0
393944,175998,1,1,0
7842696,175999,1,0,1
6686088,176000,1,1,0
2978640,176001,1,0,1
344416,176002,1,1,0
1621664,176003,1,1,0
3368072,176004,1,0,1
4591896,176005,1,1,0
5396880,176006,1,1,0
3164184,176007,1,0,1
6951128,176008,1,1,0
1480272,176009,1,0,1
5440168,176010,1,1,0
93280,176011,1,1,0
3838928,176012,1,0,1
887504,176013,1,0,1
2946040,176014,1,1,0
1484984,176015,1,1,0
2504944,176016,1,1,0
684760,176017,1,1,0
332520,176018,1,0,1
7320464,176019,1,1,0
2401656,176020,1,1,0
1635472,176021,1,1,0
1826176,176022,1,1,0
3442968,176023,1,0,1
3083112,176024,1,1,0
173288,176025,1,1,0
7443432,176026,1,1,0
5231864,176027,1,0,1
1505024,176028,1,1,0
5878408,176029,1,1,0
1174488,176030,1,1,0
656592,176031,1,1,0
347688,176032,1,0,1
755792,176033,1,0,1
4804272,176034,1,1,0
977232,176035,1,0,1
5590600,176036,1,0,1
1815808,176037,1,1,0
212760,176038,1,1,0
2290896,176039,1,0,1
4729072,176040,1,1,0
448024,176041,1,0,1
3946520,176042,1,1,0
7667656,176043,1,1,0
3617936,176044,1,1,0
7255896,176045,1,1,0
2214232,176046,1,0,1
951160,176047,1,0,1
1032304,176048,1,1,0
502096,176049,1,0,1
1264416,176050,1,1,0
5902832,176051,1,1,0
2798120,176052,1,1,0
331840,176053,1,1,0
3713176,176054,1,0,1
1266216,176055,1,1,0
1481408,176056,1,0,1
504728,176057,1,1,0
907528,176058,1,1,0
1850624,176059,1,1,0
7373280,176060,1,1,0
5451440,176061,1,1,0
2294608,176062,1,0,1
1673400,176063,1,0,1
393840,176064,1,1,0
4227568,176065,1,0,1
2528736,176066,1,1,0
7478208,176067,1,0,1
2175704,176068,1,1,0
7376520,176069,1,1,0
439232,176070,1,0,1
675400,176071,1,0,1
5083848,176072,1,0,1
1248456,176073,1,1,0
6206216,176074,1,1,0
977992,176075,1,0,1
6601784,176076,1,0,1
1698456,176077,1,0,1
2731040,176078,1,1,0
4828760,176079,1,1,0
4696240,176080,1,1,0
1122912,176081,1,1,0
640560,176082,1,1,0
5623776,176083,1,0,1
281848,176084,1,1,0
4832160,176085,1,1,0
1849176,176086,1,1,0
3467280,176087,1,0,1
1752448,176088,1,1,0
3322000,176089,1,1,0
927368,176090,1,0,1
5063760,176091,1,0,1
4205032,176092,1,0,1
186000,176093,1,1,0
2364280,176094,1,0,1
4625672,176095,1,1,0
4564392,176096,1,0,1
344888,176097,1,1,0
5965328,176098,1,0,1
1298600,176099,1,1,0
6670144,176100,1,0,1
6710232,176101,1,1,0
3772408,176102,1,0,1
1895616,176103,1,0,1
1872976,176104,1,0,1
2353336,176105,1,0,1
1922392,176106,1,0,1
5173816,176107,1,1,0
6275976,176108,1,1,0
3882784,176109,1,0,1
580888,176110,1,0,1
3936040,176111,1,0,1
268072,176112,1,1,0
371312,176113,1,1,0
1533424,176114,1,1,0
1887032,176115,1,0,1
923272,176116,1,0,1
348024,176117,1,0,1
323384,176118,1,0,1
2556816,176119,1,0,1
1929920,176120,1,0,1
1137216,176121,1,0,1
4467640,176122,1,1,0
7785104,176123,1,0,1
1623320,176124,1,1,0
1542912,176125,1,1,0
1165128,176126,1,1,0
7823280,176127,1,0,1
4471696,176128,1,0,1
2887184,176129,1,1,0
858512,176130,1,1,0
450848,176131,1,0,1
2442264,176132,1,1,0
3081528,176133,1,1,0
2318688,176134,1,0,1
1424016,176135,1,0,1
402864,176136,1,1,0
1061776,176137,1,1,0
6788936,176138,1,0,1
855360,176139,1,1,0
7153080,176140,1,0,1
1562488,176141,1,0,1
2820768,176142,1,1,0
487056,176143,1,0,1
4007496,176144,1,0,1
709448,176145,1,0,1
930688,176146,1,0,1
966880,176147,1,1,0
6875336,176148,1,1,0
2724824,176149,1,1,0
4415720,176150,1,0,1
6211496,176151,1,0,1
7652544,176152,1,1,0
467184,176153,1,0,1
297136,176154,1,0,1
4836864,176155,1,0,1
3053600,176156,1,1,0
2821200,176157,1,0,1
306432,176158,1,1,0
364312,176159,1,1,0
7518504,176160,1,0,1
204448,176161,1,0,1
1787952,176162,1,1,0
447888,176163,1,0,1
2661744,176164,1,0,1
7021552,176165,1,0,1
3848200,176166,1,0,1
2712248,176167,1,1,0
7083720,176168,1,1,0
4676928,176169,1,1,0
5680040,176170,1,1,0
2837576,176171,1,1,0
2422712,176172,1,1,0
2549464,176173,1,1,0
7347656,176174,1,1,0
1777616,176175,1,0,1
3783768,176176,1,0,1
1491840,176177,1,1,0
596864,176178,1,0,1
1767960,176179,1,1,0
1154080,176180,1,0,1
1250520,176181,1,0,1
1871632,176182,1,1,0
2201136,176183,1,0,1
1342168,176184,1,1,0
4357528,176185,1,0,1
225080,176186,1,1,0
1878024,176187,1,1,0
84952,176188,1,1,0
541048,176189,1,0,1
6526672,176190,1,1,0
819776,176191,1,0,1
6958600,176192,1,0,1
1684456,176193,1,1,0
2437960,176194,1,1,0
1338568,176195,1,1,0
7562408,176196,1,1,0
1411680,176197,1,0,1
200728,176198,1,1,0
1609752,176199,1,1,0
4370744,176200,1,0,1
130112,176201,1,0,1
2128944,176202,1,1,0
5040360,176203,1,1,0
639336,176204,1,1,0
2099968,176205,1,1,0
3764744,176206,1,1,0
2458104,176207,1,1,0
8347728,176208,1,1,0
2898696,176209,1,0,1
1881376,176210,1,0,1
1258424,176211,1,0,1
1715632,176212,1,0,1
2604064,176213,1,0,1
3385992,176214,1,1,0
6939744,176215,1,0,1
2334920,176216,1,1,0
1001728,176217,1,0,1
560008,176218,1,0,1
588016,176219,1,0,1
844984,176220,1,1,0
3935768,176221,1,0,1
1463432,176222,1,0,1
702248,176223,1,1,0
6453688,176224,1,0,1
1528072,176225,1,1,0
1870016,176226,1,1,0
1047344,176227,1,0,1
3579264,176228,1,0,1
2770592,176229,1,1,0
483824,176230,1,0,1
1623184,176231,1,1,0
3376304,176232,1,1,0
3427216,176233,1,1,0
5908880,176234,1,0,1
8166584,176235,1,1,0
626384,176236,1,0,1
1068368,176237,1,0,1
1261696,176238,1,0,1
1015736,176239,1,1,0
400672,176240,1,0,1
219688,176241,1,0,1
2873008,176242,1,1,0
4305288,176243,1,1,0
5822408,176244,1,1,0
2090968,176245,1,1,0
5843064,176246,1,1,0
5638904,176247,1,1,0
1537816,176248,1,1,0
5438064,176249,1,0,1
381664,176250,1,0,1
1390736,176251,1,0,1
1469968,176252,1,1,0
909112,176253,1,1,0
6385120,176254,1,1,0
3123800,176255,1,0,1
4632640,176256,1,1,0
4290880,176257,1,0,1
2438224,176258,1,0,1
843576,176259,1,1,0
8334696,176260,1,1,0
8303664,176261,1,0,1
1268048,176262,1,1,0
643192,176263,1,0,1
606728,176264,1,1,0
134728,176265,1,0,1
5183024,176266,1,0,1
3733120,176267,1,0,1
292488,176268,1,1,0
6087560,176269,1,1,0
567720,176270,1,0,1
2836472,176271,1,0,1
645296,176272,1,1,0
653560,176273,1,1,0
1362048,176274,1,1,0
4222208,176275,1,1,0
846904,176276,1,1,0
573752,176277,1,0,1
4875264,176278,1,1,0
606944,176279,1,1,0
7999112,176280,1,0,1
847592,176281,1,1,0
7400872,176282,1,0,1
979472,176283,1,1,0
6727992,176284,1,0,1
1592952,176285,1,0,1
499016,176286,1,1,0
7148520,176287,1,1,0
216152,176288,1,0,1
1265576,176289,1,1,0
1867792,176290,1,0,1
548544,176291,1,1,0
3070368,176292,1,0,1
5190432,176293,1,0,1
1017904,176294,1,1,0
1222512,176295,1,1,0
241312,176296,1,0,1
4028696,176297,1,1,0
8240344,176298,1,1,0
3371280,176299,1,0,1
4755040,176300,1,0,1
4623984,176301,1,0,1
7867296,176302,1,0,1
1415216,176303,1,0,1
351560,176304,1,0,1
6927936,176305,1,0,1
1271400,176306,1,0,1
4256968,176307,1,1,0
4073944,176308,1,0,1
389272,176309,1,0,1
4069304,176310,1,1,0
1427656,176311,1,1,0
6509056,176312,1,1,0
1811368,176313,1,0,1
6341784,176314,1,0,1
4066720,176315,1,0,1
3655152,176316,1,0,1
1621600,176317,1,1,0
776456,176318,1,0,1
8261440,176319,1,1,0
4866288,176320,1,0,1
472704,176321,1,1,0
2975696,176322,1,0,1
1764696,176323,1,0,1
366792,176324,1,1,0
2269008,176325,1,0,1
612352,176326,1,0,1
4183784,176327,1,1,0
1649992,176328,1,1,0
1955680,176329,1,1,0
7209856,176330,1,0,1
4048200,176331,1,0,1
6917088,176332,1,0,1
5432064,176333,1,0,1
200448,176334,1,1,0
1268656,176335,1,0,1
5160824,176336,1,0,1
2858224,176337,1,0,1
2754664,176338,1,1,0
6250720,176339,1,1,0
2069080,176340,1,0,1
4838064,176341,1,1,0
2024056,176342,1,1,0
4404568,176343,1,1,0
1353608,176344,1,0,1
175592,176345,1,0,1
2626472,176346,1,1,0
712784,176347,1,1,0
2128952,176348,1,0,1
7358744,176349,1,1,0
2296624,176350,1,1,0
1591336,176351,1,0,1
2622248,176352,1,0,1
533920,176353,1,1,0
1388272,176354,1,0,1
4128688,176355,1,1,0
2197776,176356,1,0,1
756016,176357,1,0,1
2814592,176358,1,1,0
1053152,176359,1,1,0
2930624,176360,1,0,1
669360,176361,1,1,0
1194912,176362,1,0,1
2040440,176363,1,0,1
1908064,176364,1,0,1
420000,176365,1,0,1
4382944,176366,1,1,0
2091584,176367,1,1,0
8242648,176368,1,0,1
2151000,176369,1,1,0
1301632,176370,1,1,0
6698704,176371,1,1,0
210984,176372,1,1,0
1504320,176373,1,1,0
4494424,176374,1,1,0
376600,176375,1,0,1
2093344,176376,1,1,0
6274088,176377,1,1,0
406880,176378,1,0,1
932560,176379,1,1,0
3497576,176380,1,0,1
2086280,176381,1,1,0
3399296,176382,1,0,1
5372776,176383,1,0,1
2217776,176384,1,0,1
4099640,176385,1,0,1
199192,176386,1,1,0
132008,176387,1,1,0
2655800,176388,1,1,0
3464072,176389,1,1,0
4940224,176390,1,1,0
2075680,176391,1,1,0
5216312,176392,1,0,1
2337112,176393,1,1,0
1792416,176394,1,0,1
2475776,176395,1,1,0
2857984,176396,1,1,0
1983752,176397,1,0,1
465856,176398,1,1,0
932120,176399,1,1,0
269736,176400,1,0,1
6544504,176401,1,0,1
7252304,176402,1,1,0
344608,176403,1,0,1
1605328,176404,1,0,1
201744,176405,1,1,0
7941680,176406,1,1,0
255088,176407,1,1,0
3904704,176408,1,1,0
2778408,176409,1,0,1
1809248,176410,1,0,1
2391512,176411,1,1,0
3446056,176412,1,0,1
593184,176413,1,1,0
1277560,176414,1,1,0
4553584,176415,1,1,0
5872088,176416,1,1,0
483736,176417,1,0,1
326944,176418,1,0,1
6033880,176419,1,0,1
4253904,176420,1,1,0
7814632,176421,1,1,0
1487736,176422,1,1,0
6390976,176423,1,0,1
2230912,176424,1,1,0
1856352,176425,1,1,0
8132072,176426,1,0,1
3204792,176427,1,1,0
2818592,176428,1,0,1
1401504,176429,1,1,0
3314416,176430,1,1,0
540512,176431,1,1,0
8169640,176432,1,0,1
2678360,176433,1,0,1
2254648,176434,1,1,0
2374664,176435,1,1,0
2642784,176436,1,1,0
681280,176437,1,0,1
1614864,176438,1,0,1
3666328,176439,1,0,1
2723336,176440,1,0,1
1171512,176441,1,0,1
1096864,176442,1,1,0
8023280,176443,1,0,1
3230672,176444,1,1,0
7440384,176445,1,0,1
538664,176446,1,1,0
4202840,176447,1,0,1
3286904,176448,1,0,1
4827768,176449,1,1,0
3076056,176450,1,0,1
5227376,176451,1,0,1
5471656,176452,1,0,1
314728,176453,1,1,0
3243128,176454,1,0,1
8266600,176455,1,1,0
1013000,176456,1,0,1
1367120,176457,1,0,1
508744,176458,1,1,0
8357040,176459,1,0,1
1735848,176460,1,0,1
5879688,176461,1,0,1
1135552,176462,1,0,1
4200968,176463,1,0,1
4499552,176464,1,1,0
5551664,176465,1,0,1
407048,176466,1,1,0
1074936,176467,1,1,0
885680,176468,1,0,1
2531712,176469,1,0,1
2752408,176470,1,0,1
6289592,176471,1,1,0
1673608,176472,1,1,0
2244104,176473,1,0,1
8341272,176474,1,0,1
4768680,176475,1,1,0
1807960,176476,1,1,0
3365760,176477,1,0,1
6300760,176478,1,0,1
3468568,176479,1,1,0
985392,176480,1,1,0
2755840,176481,1,0,1
486496,176482,1,0,1
6995896,176483,1,0,1
2841184,176484,1,0,1
1999128,176485,1,1,0
1820984,176486,1,0,1
3451952,176487,1,1,0
974232,176488,1,0,1
3643856,176489,1,0,1
1765208,176490,1,1,0
996136,176491,1,1,0
607320,176492,1,1,0
206984,176493,1,1,0
4778264,176494,1,1,0
4899424,176495,1,1,0
565696,176496,1,1,0
562512,176497,1,1,0
6366008,176498,1,0,1
788848,176499,1,1,0
1917352,176500,1,0,1
1154976,176501,1,0,1
318208,176502,1,1,0
6097648,176503,1,0,1
2130128,176504,1,1,0
381328,176505,1,0,1
863672,176506,1,1,0
440952,176507,1,1,0
2125624,176508,1,1,0
3700616,176509,1,1,0
357080,176510,1,1,0
2294296,176511,1,1,0
2431840,176512,1,1,0
940456,176513,1,1,0
124120,176514,1,1,0
2595984,176515,1,0,1
5378048,176516,1,0,1
3386680,176517,1,1,0
1113808,176518,1,0,1
2501224,176519,1,0,1
2174768,176520,1,1,0
6767136,176521,1,1,0
1971168,176522,1,0,1
6349232,176523,1,1,0
6272256,176524,1,0,1
692992,176525,1,1,0
2573744,176526,1,0,1
8146784,176527,1,0,1
3701784,176528,1,1,0
91392,176529,1,1,0
482816,176530,1,0,1
4486608,176531,1,1,0
2400232,176532,1,0,1
1575848,176533,1,0,1
780608,176534,1,1,0
4815912,176535,1,0,1
1817456,176536,1,1,0
1962416,176537,1,1,0
4376376,176538,1,0,1
6553840,176539,1,0,1
619520,176540,1,1,0
1051904,176541,1,1,0
4196904,176542,1,1,0
6897984,176543,1,0,1
2309104,176544,1,1,0
395336,176545,1,0,1
2931056,176546,1,1,0
1106136,176547,1,1,0
3048768,176548,1,1,0
1339456,176549,1,1,0
157768,176550,1,1,0
5443376,176551,1,0,1
1138704,176552,1,1,0
3821680,176553,1,1,0
674544,176554,1,0,1
771728,176555,1,0,1
279776,176556,1,1,0
3957344,176557,1,0,1
7825800,176558,1,0,1
8271304,176559,1,0,1
378072,176560,1,0,1
2435232,176561,1,0,1
7676624,176562,1,1,0
224640,176563,1,1,0
1468184,176564,1,1,0
643680,176565,1,0,1
2550312,176566,1,0,1
1631192,176567,1,0,1
1122536,176568,1,0,1
1066064,176569,1,0,1
6687216,176570,1,1,0
2926056,176571,1,0,1
563848,176572,1,1,0
3545816,176573,1,1,0
890520,176574,1,0,1
2794224,176575,1,1,0
647504,176576,1,1,0
3132456,176577,1,1,0
3840392,176578,1,0,1
1543856,176579,1,1,0
6402824,176580,1,0,1
6563488,176581,1,1,0
989152,176582,1,0,1
1107104,176583,1,0,1
234144,176584,1,0,1
6794584,176585,1,1,0
719600,176586,1,0,1
3013656,176587,1,0,1
991024,176588,1,1,0
1231760,176589,1,0,1
4399008,176590,1,0,1
5619752,176591,1,0,1
1187384,176592,1,1,0
1725688,176593,1,1,0
372728,176594,1,1,0
4380896,176595,1,0,1
679792,176596,1,1,0
2246688,176597,1,1,0
2201624,176598,1,1,0
1995496,176599,1,1,0
208888,176600,1,0,1
5007320,176601,1,0,1
2185408,176602,1,0,1
990592,176603,1,0,1
7202856,176604,1,0,1
597256,176605,1,0,1
791528,176606,1,1,0
1133584,176607,1,1,0
6242840,176608,1,1,0
5044264,176609,1,1,0
1417000,176610,1,0,1
3255376,176611,1,0,1
5604936,176612,1,1,0
501232,176613,1,1,0
7687672,176614,1,0,1
7803440,176615,1,1,0
7537720,176616,1,1,0
373256,176617,1,0,1
810256,176618,1,1,0
3907720,176619,1,1,0
1498208,176620,1,1,0
1433792,176621,1,0,1
1648944,176622,1,0,1
6343632,176623,1,0,1
2956520,176624,1,0,1
3697232,176625,1,0,1
795240,176626,1,0,1
7163416,176627,1,0,1
629792,176628,1,1,0
2544280,176629,1,0,1
6927496,176630,1,1,0
2725296,176631,1,0,1
1005312,176632,1,1,0
7998648,176633,1,0,1
6310432,176634,1,1,0
1373872,176635,1,0,1
4984000,176636,1,0,1
329560,176637,1,1,0
2029936,176638,1,1,0
4435016,176639,1,1,0
3444968,176640,1,1,0
871704,176641,1,0,1
833376,176642,1,1,0
394920,176643,1,0,1
1445672,176644,1,1,0
1924600,176645,1,0,1
8066152,176646,1,1,0
3616000,176647,1,0,1
5302448,176648,1,0,1
328872,176649,1,0,1
1467800,176650,1,0,1
1029368,176651,1,0,1
5226056,176652,1,0,1
1644480,176653,1,0,1
2472888,176654,1,1,0
3744040,176655,1,0,1
570424,176656,1,1,0
3918048,176657,1,0,1
3746816,176658,1,1,0
3830296,176659,1,0,1
3898152,176660,1,0,1
586048,176661,1,1,0
5010800,176662,1,0,1
1694328,176663,1,1,0
893432,176664,1,0,1
404816,176665,1,1,0
7862328,176666,1,1,0
3534800,176667,1,1,0
2823312,176668,1,1,0
3143688,176669,1,1,0
7928504,176670,1,1,0
831696,176671,1,0,1
7013344,176672,1,0,1
6783336,176673,1,0,1
4620648,176674,1,1,0
222496,176675,1,0,1
1437248,176676,1,1,0
7439600,176677,1,1,0
4017008,176678,1,1,0
1917768,176679,1,0,1
1646696,176680,1,0,1
3499864,176681,1,1,0
137000,176682,1,0,1
8168416,176683,1,1,0
6568968,176684,1,0,1
8150832,176685,1,1,0
384720,176686,1,1,0
774520,176687,1,1,0
1944384,176688,1,0,1
3774632,176689,1,1,0
6217176,176690,1,0,1
917272,176691,1,0,1
4465600,176692,1,1,0
699456,176693,1,0,1
302368,176694,1,0,1
397416,176695,1,0,1
3083864,176696,1,1,0
4393224,176697,1,0,1
656536,176698,1,1,0
1552272,176699,1,1,0
2355344,176700,1,0,1
235208,176701,1,1,0
1353640,176702,1,1,0
1334536,176703,1,0,1
5433744,176704,1,0,1
2008864,176705,1,0,1
1060496,176706,1,1,0
67208,176707,1,1,0
484576,176708,1,1,0
659632,176709,1,0,1
705176,176710,1,0,1
936248,176711,1,1,0
1620544,176712,1,1,0
6326248,176713,1,0,1
3357160,176714,1,0,1
1055472,176715,1,0,1
3635320,176716,1,1,0
3816360,176717,1,1,0
2439184,176718,1,0,1
8381208,176719,1,0,1
3487496,176720,1,0,1
3210064,176721,1,0,1
650624,176722,1,1,0
1579544,176723,1,0,1
2241824,176724,1,0,1
6485784,176725,1,0,1
2104744,176726,1,0,1
3404176,176727,1,0,1
307200,176728,1,1,0
3062688,176729,1,1,0
281936,176730,1,0,1
1017280,176731,1,0,1
2764616,176732,1,1,0
7833024,176733,1,0,1
2938104,176734,1,1,0
865352,176735,1,0,1
2652176,176736,1,0,1
2325080,176737,1,0,1
732208,176738,1,1,0
3680312,176739,1,0,1
729728,176740,1,0,1
2038528,176741,1,1,0
4933296,176742,1,1,0
2459024,176743,1,1,0
6657872,176744,1,0,1
1327512,176745,1,0,1
301832,176746,1,0,1
373240,176747,1,1,0
872072,176748,1,0,1
2264088,176749,1,0,1
1151392,176750,1,0,1
1160584,176751,1,0,1
2430504,176752,1,0,1
6559144,176753,1,1,0
371096,176754,1,0,1
1098872,176755,1,0,1
2493192,176756,1,1,0
167496,176757,1,0,1
5062960,176758,1,0,1
1385512,176759,1,0,1
2516384,176760,1,0,1
7008208,176761,1,0,1
8121440,176762,1,1,0
3131904,176763,1,0,1
3640288,176764,1,1,0
757640,176765,1,1,0
2213720,176766,1,0,1
4309096,176767,1,0,1
8348264,176768,1,1,0
7332248,176769,1,0,1
7272840,176770,1,1,0
2588896,176771,1,0,1
937176,176772,1,1,0
8269392,176773,1,0,1
2635856,176774,1,1,0
5931864,176775,1,1,0
2885336,176776,1,0,1
6413560,176777,1,1,0
1735672,176778,1,0,1
1775048,176779,1,0,1
6332192,176780,1,1,0
1511800,176781,1,0,1
611832,176782,1,1,0
490000,176783,1,0,1
6602512,176784,1,0,1
1139968,176785,1,1,0
372544,176786,1,1,0
2913760,176787,1,0,1
2616128,176788,1,0,1
7991512,176789,1,1,0
679400,176790,1,0,1
5194296,176791,1,1,0
1325704,176792,1,1,0
1320152,176793,1,0,1
1571448,176794,1,0,1
951480,176795,1,1,0
174864,176796,1,0,1
1078584,176797,1,0,1
5098016,176798,1,1,0
1424840,176799,1,1,0
6444080,176800,1,0,1
7116592,176801,1,0,1
136832,176802,1,1,0
6571384,176803,1,0,1
2764224,176804,1,1,0
7478944,176805,1,1,0
2381304,176806,1,1,0
1454976,176807,1,0,1
1639984,176808,1,0,1
3627904,176809,1,0,1
936360,176810,1,1,0
164080,176811,1,0,1
8254040,176812,1,0,1
2427240,176813,1,0,1
1283992,176814,1,0,1
670136,176815,1,1,0
1764400,176816,1,0,1
423232,176817,1,0,1
1185816,176818,1,1,0
4859336,176819,1,0,1
6918264,176820,1,0,1
6067448,176821,1,0,1
352328,176822,1,1,0
5011808,176823,1,0,1
1633768,176824,1,0,1
1677536,176825,1,1,0
1511760,176826,1,1,0
2917288,176827,1,0,1
948232,176828,1,0,1
637664,176829,1,1,0
4790768,176830,1,1,0
200832,176831,1,1,0
2477536,176832,1,1,0
8102344,176833,1,0,1
8242072,176834,1,1,0
394664,176835,1,1,0
5415160,176836,1,0,1
653792,176837,1,0,1
1315968,176838,1,1,0
861736,176839,1,0,1
3988984,176840,1,1,0
4309000,176841,1,0,1
792536,176842,1,1,0
5003896,176843,1,0,1
797520,176844,1,1,0
205384,176845,1,1,0
5195056,176846,1,0,1
2457984,176847,1,1,0
3541008,176848,1,1,0
6561816,176849,1,1,0
1553088,176850,1,1,0
664816,176851,1,1,0
5585552,176852,1,1,0
1058528,176853,1,1,0
1973608,176854,1,1,0
3394160,176855,1,0,1
5554224,176856,1,1,0
4931064,176857,1,1,0
3590440,176858,1,1,0
5837168,176859,1,0,1
707056,176860,1,1,0
6235872,176861,1,0,1
2706776,176862,1,1,0
3318104,176863,1,0,1
2832856,176864,1,0,1
1694968,176865,1,0,1
547176,176866,1,1,0
1025888,176867,1,0,1
2486784,176868,1,0,1
226928,176869,1,0,1
3632496,176870,1,0,1
3446792,176871,1,0,1
1668664,176872,1,0,1
3101824,176873,1,1,0
5116096,176874,1,0,1
2344056,176875,1,1,0
1834216,176876,1,0,1
4513536,176877,1,0,1
4517368,176878,1,1,0
2733320,176879,1,0,1
885272,176880,1,0,1
8098200,176881,1,1,0
8113448,176882,1,1,0
5754976,176883,1,0,1
2112336,176884,1,1,0
3855688,176885,1,0,1
1616968,176886,1,0,1
6685008,176887,1,0,1
1678592,176888,1,0,1
1138968,176889,1,1,0
579152,176890,1,1,0
6427656,176891,1,1,0
3538864,176892,1,0,1
93888,176893,1,1,0
847448,176894,1,0,1
6927712,176895,1,0,1
559648,176896,1,0,1
1961472,176897,1,0,1
3910216,176898,1,1,0
6296488,176899,1,0,1
7967072,176900,1,1,0
7225824,176901,1,1,0
126064,176902,1,0,1
787984,176903,1,0,1
3209496,176904,1,0,1
931000,176905,1,0,1
3794664,176906,1,1,0
2395928,176907,1,1,0
3538064,176908,1,1,0
1135896,176909,1,0,1
5239360,176910,1,1,0
3153152,176911,1,0,1
1396696,176912,1,0,1
5664888,176913,1,1,0
5046960,176914,1,0,1
314760,176915,1,1,0
5351968,176916,1,1,0
8005584,176917,1,0,1
2905488,176918,1,1,0
1903848,176919,1,1,0
968312,176920,1,1,0
1310184,176921,1,0,1
5446176,176922,1,0,1
501096,176923,1,1,0
2232072,176924,1,1,0
1483688,176925,1,0,1
3133800,176926,1,1,0
1185296,176927,1,1,0
1742448,176928,1,0,1
437176,176929,1,0,1
303640,176930,1,0,1
1641216,176931,1,0,1
4772744,176932,1,0,1
2035432,176933,1,0,1
8154112,176934,1,1,0
4746600,176935,1,1,0
6881808,176936,1,1,0
7957904,176937,1,1,0
5234536,176938,1,1,0
954984,176939,1,1,0
2979728,176940,1,0,1
3781440,176941,1,0,1
1938616,176942,1,0,1
5127592,176943,1,1,0
534296,176944,1,1,0
1922976,176945,1,0,1
5447648,176946,1,1,0
931208,176947,1,1,0
2842040,176948,1,0,1
791232,176949,1,0,1
3546032,176950,1,0,1
5542512,176951,1,1,0
391776,176952,1,0,1
1617952,176953,1,0,1
677568,176954,1,1,0
3342200,176955,1,1,0
3000080,176956,1,0,1
2293496,176957,1,0,1
1221920,176958,1,0,1
3630344,176959,1,1,0
3205272,176960,1,0,1
268336,176961,1,0,1
928320,176962,1,0,1
1443528,176963,1,1,0
5945856,176964,1,0,1
4338328,176965,1,0,1
209632,176966,1,1,0
3291408,176967,1,0,1
916104,176968,1,1,0
2164784,176969,1,1,0
2374560,176970,1,0,1
290512,176971,1,1,0
5605376,176972,1,0,1
178008,176973,1,0,1
787520,176974,1,0,1
701224,176975,1,1,0
1375232,176976,1,0,1
6604104,176977,1,1,0
828224,176978,1,0,1
2956496,176979,1,1,0
2359352,176980,1,1,0
7882496,176981,1,0,1
2440536,176982,1,0,1
4534328,176983,1,1,0
1384576,176984,1,1,0
6777464,176985,1,1,0
440808,176986,1,1,0
858272,176987,1,0,1
3810064,176988,1,0,1
1597864,176989,1,0,1
2219456,176990,1,0,1
3963232,176991,1,0,1
3638488,176992,1,0,1
3920056,176993,1,1,0
2170816,176994,1,0,1
2702048,176995,1,1,0
1213344,176996,1,1,0
5295896,176997,1,0,1
2316624,176998,1,1,0
83888,176999,1,1,0
8044960,177000,1,0,1
1034120,177001,1,1,0
3427152,177002,1,1,0
6685440,177003,1,0,1
6517800,177004,1,1,0
859784,177005,1,1,0
4829968,177006,1,1,0
888608,177007,1,0,1
2544312,177008,1,1,0
850816,177009,1,1,0
1271792,177010,1,0,1
1218976,177011,1,0,1
648568,177012,1,0,1
1191056,177013,1,0,1
7804704,177014,1,1,0
6790992,177015,1,1,0
5628016,177016,1,0,1
5741280,177017,1,0,1
5836952,177018,1,1,0
2551256,177019,1,1,0
8239152,177020,1,0,1
1134864,177021,1,0,1
2781536,177022,1,1,0
1230744,177023,1,1,0
592656,177024,1,1,0
2063512,177025,1,0,1
282280,177026,1,0,1
8351552,177027,1,1,0
348208,177028,1,0,1
4810032,177029,1,1,0
998952,177030,1,1,0
1529920,177031,1,0,1
5409112,177032,1,1,0
2560088,177033,1,1,0
3362688,177034,1,1,0
7007080,177035,1,0,1
2320144,177036,1,0,1
521064,177037,1,1,0
479416,177038,1,1,0
288952,177039,1,0,1
1519480,177040,1,1,0
1807408,177041,1,0,1
876240,177042,1,1,0
5545624,177043,1,1,0
5589856,177044,1,1,0
6108664,177045,1,0,1
4088888,177046,1,1,0
6375192,177047,1,1,0
2310792,177048,1,1,0
7515304,177049,1,1,0
3085616,177050,1,1,0
7698304,177051,1,1,0
6902248,177052,1,0,1
5860040,177053,1,0,1
4476720,177054,1,1,0
643840,177055,1,1,0
7525512,177056,1,1,0
3427640,177057,1,0,1
353368,177058,1,1,0
5560968,177059,1,0,1
2819848,177060,1,1,0
3514704,177061,1,1,0
2348928,177062,1,0,1
610552,177063,1,0,1
1256000,177064,1,1,0
1413632,177065,1,1,0
1213584,177066,1,1,0
6643504,177067,1,0,1
5383952,177068,1,0,1
1501496,177069,1,0,1
582800,177070,1,1,0
5172880,177071,1,1,0
2532040,177072,1,0,1
2329320,177073,1,0,1
3216016,177074,1,0,1
6697680,177075,1,1,0
5334120,177076,1,0,1
6957640,177077,1,1,0
2717568,177078,1,0,1
8212432,177079,1,1,0
2587776,177080,1,1,0
693776,177081,1,1,0
7309600,177082,1,1,0
1014240,177083,1,1,0
3099864,177084,1,1,0
6435136,177085,1,0,1
7129384,177086,1,0,1
899864,177087,1,0,1
2251208,177088,1,1,0
2717976,177089,1,0,1
4352544,177090,1,1,0
1920568,177091,1,1,0
257152,177092,1,1,0
326528,177093,1,0,1
2988632,177094,1,0,1
574448,177095,1,1,0
6312576,177096,1,0,1
859232,177097,1,1,0
1594768,177098,1,0,1
531176,177099,1,0,1
6672632,177100,1,0,1
6646800,177101,1,0,1
3740968,177102,1,1,0
1115992,177103,1,0,1
5957072,177104,1,1,0
577584,177105,1,1,0
1161224,177106,1,0,1
2057896,177107,1,0,1
8032880,177108,1,0,1
2624256,177109,1,1,0
6806440,177110,1,1,0
1842032,177111,1,1,0
2531664,177112,1,1,0
2975904,177113,1,0,1
1718464,177114,1,0,1
5040144,177115,1,0,1
2390824,177116,1,0,1
1107920,177117,1,1,0
668624,177118,1,0,1
4624424,177119,1,0,1
4637096,177120,1,0,1
1137032,177121,1,1,0
348800,177122,1,1,0
728944,177123,1,1,0
5971744,177124,1,0,1
996888,177125,1,1,0
1499432,177126,1,1,0
7043536,177127,1,1,0
445104,177128,1,0,1
7203312,177129,1,1,0
2264384,177130,1,1,0
5436192,177131,1,1,0
2417112,177132,1,1,0
1021448,177133,1,1,0
1667240,177134,1,0,1
1872152,177135,1,1,0
1626248,177136,1,0,1
3040136,177137,1,0,1
2210736,177138,1,1,0
1180328,177139,1,0,1
432696,177140,1,0,1
7815744,177141,1,0,1
813000,177142,1,1,0
7350976,177143,1,0,1
2209808,177144,1,1,0
1979080,177145,1,1,0
8214896,177146,1,1,0
7576552,177147,1,0,1
2928232,177148,1,0,1
3088656,177149,1,0,1
659800,177150,1,1,0
685864,177151,1,0,1
1629928,177152,1,1,0
1045576,177153,1,1,0
5817608,177154,1,0,1
1201408,177155,1,0,1
1192872,177156,1,0,1
258400,177157,1,1,0
689256,177158,1,1,0
5840472,177159,1,0,1
1043408,177160,1,0,1
7092400,177161,1,0,1
2100864,177162,1,0,1
1965296,177163,1,1,0
1250592,177164,1,0,1
2600064,177165,1,1,0
502552,177166,1,0,1
1175104,177167,1,1,0
3502392,177168,1,0,1
1828312,177169,1,1,0
4347056,177170,1,1,0
1712576,177171,1,1,0
4868968,177172,1,0,1
7672200,177173,1,0,1
2325336,177174,1,0,1
1892272,177175,1,0,1
7659472,177176,1,0,1
2260688,177177,1,1,0
5600128,177178,1,1,0
1442496,177179,1,0,1
4491176,177180,1,1,0
3674544,177181,1,1,0
7307384,177182,1,1,0
3331744,177183,1,1,0
3510448,177184,1,1,0
2072056,177185,1,0,1
2212768,177186,1,0,1
7959896,177187,1,0,1
726432,177188,1,1,0
443304,177189,1,0,1
1012088,177190,1,1,0
2342480,177191,1,1,0
1771512,177192,1,0,1
6837896,177193,1,0,1
1805944,177194,1,0,1
4226960,177195,1,0,1
3084280,177196,1,1,0
1056592,177197,1,0,1
8273200,177198,1,0,1
4739840,177199,1,1,0
2119832,177200,1,0,1
3660424,177201,1,0,1
864880,177202,1,1,0
2867784,177203,1,0,1
1668056,177204,1,1,0
1414328,177205,1,1,0
1265800,177206,1,1,0
974416,177207,1,1,0
6213392,177208,1,1,0
6609448,177209,1,1,0
2709072,177210,1,0,1
3747408,177211,1,0,1
5618424,177212,1,0,1
1920264,177213,1,1,0
3239016,177214,1,0,1
462184,177215,1,1,0
2468776,177216,1,1,0
1673984,177217,1,0,1
4923296,177218,1,1,0
894624,177219,1,1,0
360928,177220,1,0,1
5670400,177221,1,0,1
5456256,177222,1,0,1
6369728,177223,1,0,1
729072,177224,1,1,0
305240,177225,1,1,0
4980672,177226,1,0,1
2463896,177227,1,0,1
2361512,177228,1,0,1
4028040,177229,1,1,0
181616,177230,1,0,1
1641784,177231,1,0,1
4229464,177232,1,0,1
6536040,177233,1,0,1
2667192,177234,1,0,1
324336,177235,1,0,1
3927064,177236,1,0,1
1630800,177237,1,1,0
3471168,177238,1,0,1
479328,177239,1,1,0
1578312,177240,1,0,1
423632,177241,1,0,1
3001016,177242,1,0,1
1098712,177243,1,1,0
1690160,177244,1,1,0
3159776,177245,1,0,1
2513736,177246,1,1,0
7216912,177247,1,0,1
5493696,177248,1,1,0
2293104,177249,1,1,0
2899680,177250,1,0,1
7462384,177251,1,1,0
2281104,177252,1,0,1
3402912,177253,1,0,1
3849320,177254,1,1,0
2863056,177255,1,1,0
1835152,177256,1,0,1
6449392,177257,1,0,1
2736448,177258,1,0,1
509232,177259,1,0,1
5934080,177260,1,0,1
5547072,177261,1,0,1
6931008,177262,1,1,0
7011288,177263,1,0,1
8036648,177264,1,1,0
2523960,177265,1,1,0
322560,177266,1,1,0
5003672,177267,1,1,0
1032080,177268,1,0,1
2917488,177269,1,1,0
1151896,177270,1,0,1
4960808,177271,1,1,0
3006136,177272,1,1,0
2568376,177273,1,1,0
4026632,177274,1,1,0
4653552,177275,1,1,0
1145288,177276,1,0,1
356304,177277,1,0,1
456136,177278,1,1,0
8232192,177279,1,0,1
7930688,177280,1,0,1
2908512,177281,1,1,0
7525976,177282,1,1,0
6222688,177283,1,1,0
3257480,177284,1,1,0
994072,177285,1,0,1
222808,177286,1,0,1
1015056,177287,1,1,0
3482960,177288,1,0,1
4797536,177289,1,0,1
3735232,177290,1,1,0
826528,177291,1,1,0
8027496,177292,1,0,1
3419520,177293,1,0,1
2001816,177294,1,1,0
705000,177295,1,1,0
6839008,177296,1,1,0
5357168,177297,1,0,1
6692320,177298,1,0,1
1108144,177299,1,1,0
6510448,177300,1,0,1
1878472,177301,1,1,0
1514120,177302,1,1,0
4838632,177303,1,0,1
1512216,177304,1,1,0
4349136,177305,1,0,1
929728,177306,1,1,0
1355616,177307,1,1,0
7788472,177308,1,1,0
2038400,177309,1,1,0
878440,177310,1,1,0
6801000,177311,1,1,0
1760816,177312,1,0,1
3250504,177313,1,1,0
3871696,177314,1,1,0
1941768,177315,1,0,1
820192,177316,1,1,0
3670808,177317,1,0,1
2244696,177318,1,1,0
5015832,177319,1,1,0
3604464,177320,1,1,0
4091640,177321,1,1,0
829976,177322,1,0,1
501776,177323,1,1,0
3493840,177324,1,0,1
8314576,177325,1,0,1
1053824,177326,1,1,0
7472896,177327,1,1,0
229200,177328,1,1,0
817656,177329,1,0,1
2959144,177330,1,0,1
5069040,177331,1,1,0
233608,177332,1,1,0
1245392,177333,1,0,1
1644944,177334,1,0,1
1737688,177335,1,0,1
2664264,177336,1,1,0
2242072,177337,1,1,0
361904,177338,1,1,0
2024176,177339,1,1,0
564520,177340,1,1,0
602784,177341,1,0,1
1788888,177342,1,1,0
5605472,177343,1,0,1
6875632,177344,1,0,1
6385504,177345,1,0,1
4044136,177346,1,0,1
6475328,177347,1,0,1
4728136,177348,1,1,0
676192,177349,1,1,0
461944,177350,1,0,1
8387152,177351,1,1,0
177240,177352,1,1,0
5248376,177353,1,0,1
5310456,177354,1,1,0
3925864,177355,1,1,0
3268808,177356,1,0,1
4104512,177357,1,1,0
2254664,177358,1,0,1
2018304,177359,1,0,1
7868856,177360,1,1,0
2731568,177361,1,1,0
3785752,177362,1,1,0
4013216,177363,1,1,0
420400,177364,1,1,0
6307216,177365,1,0,1
2840000,177366,1,0,1
4321048,177367,1,1,0
6837232,177368,1,1,0
3486968,177369,1,1,0
3821184,177370,1,1,0
1093960,177371,1,1,0
280424,177372,1,1,0
6623360,177373,1,0,1
5611512,177374,1,0,1
3650896,177375,1,0,1
3033640,177376,1,0,1
7907232,177377,1,0,1
7492448,177378,1,1,0
3928736,177379,1,1,0
1521392,177380,1,1,0
1835952,177381,1,1,0
1729608,177382,1,1,0
2271192,177383,1,1,0
1627248,177384,1,0,1
2288560,177385,1,0,1
788160,177386,1,0,1
393192,177387,1,1,0
3227904,177388,1,0,1
1298992,177389,1,1,0
254280,177390,1,0,1
6631456,177391,1,1,0
3397384,177392,1,0,1
4074912,177393,1,0,1
6494160,177394,1,1,0
767368,177395,1,0,1
3378976,177396,1,0,1
281320,177397,1,0,1
449680,177398,1,1,0
5493288,177399,1,0,1
2285696,177400,1,0,1
233552,177401,1,1,0
2282224,177402,1,1,0
2856816,177403,1,0,1
7514328,177404,1,1,0
2578816,177405,1,0,1
194528,177406,1,0,1
6292816,177407,1,1,0
4262072,177408,1,1,0
1282288,177409,1,0,1
3092336,177410,1,0,1
1375928,177411,1,0,1
1957216,177412,1,0,1
2352928,177413,1,0,1
2619576,177414,1,1,0
3878800,177415,1,1,0
542768,177416,1,0,1
1540064,177417,1,0,1
519888,177418,1,0,1
6217624,177419,1,0,1
685608,177420,1,1,0
993784,177421,1,1,0
930944,177422,1,1,0
6798648,177423,1,1,0
285496,177424,1,0,1
2733544,177425,1,0,1
7826104,177426,1,0,1
1228048,177427,1,1,0
468760,177428,1,1,0
5494808,177429,1,0,1
268472,177430,1,0,1
780296,177431,1,0,1
630472,177432,1,1,0
2269960,177433,1,0,1
1958784,177434,1,1,0
8004440,177435,1,0,1
2135368,177436,1,1,0
3050104,177437,1,1,0
5348760,177438,1,1,0
615976,177439,1,1,0
2325624,177440,1,1,0
2066976,177441,1,1,0
3052680,177442,1,0,1
1474528,177443,1,0,1
6700728,177444,1,1,0
115872,177445,1,0,1
845784,177446,1,1,0
1054520,177447,1,1,0
440488,177448,1,1,0
4430968,177449,1,1,0
2775496,177450,1,0,1
288232,177451,1,0,1
5763696,177452,1,0,1
1020672,177453,1,0,1
7391448,177454,1,0,1
1769592,177455,1,1,0
2140904,177456,1,1,0
1424888,177457,1,0,1
2957984,177458,1,1,0
3034696,177459,1,0,1
5105624,177460,1,1,0
222624,177461,1,0,1
2039680,177462,1,1,0
813080,177463,1,1,0
113008,177464,1,1,0
1769848,177465,1,1,0
958832,177466,1,0,1
308040,177467,1,0,1
1356264,177468,1,1,0
573512,177469,1,0,1
398728,177470,1,0,1
1324888,177471,1,1,0
765264,177472,1,1,0
2519824,177473,1,1,0
691760,177474,1,0,1
1749016,177475,1,0,1
5286184,177476,1,1,0
1754512,177477,1,1,0
378376,177478,1,0,1
6640480,177479,1,0,1
2101824,177480,1,1,0
2598864,177481,1,1,0
4176776,177482,1,0,1
2413768,177483,1,0,1
4612040,177484,1,0,1
793512,177485,1,1,0
6355288,177486,1,0,1
467624,177487,1,1,0
7067256,177488,1,1,0
1951208,177489,1,0,1
474072,177490,1,1,0
2189208,177491,1,0,1
186896,177492,1,1,0
3269872,177493,1,1,0
3314552,177494,1,1,0
352432,177495,1,0,1
1419776,177496,1,0,1
2143216,177497,1,1,0
7922600,177498,1,0,1
4909672,177499,1,1,0
740808,177500,1,0,1
2878632,177501,1,0,1
1046496,177502,1,0,1
491528,177503,1,1,0
979632,177504,1,0,1
2986656,177505,1,0,1
3749920,177506,1,0,1
3667520,177507,1,1,0
4221600,177508,1,1,0
3758368,177509,1,1,0
814992,177510,1,0,1
5316120,177511,1,1,0
3430960,177512,1,0,1
6335000,177513,1,1,0
435288,177514,1,0,1
655672,177515,1,1,0
3704336,177516,1,1,0
2121016,177517,1,0,1
2690736,177518,1,0,1
6846632,177519,1,0,1
3616672,177520,1,1,0
3435024,177521,1,0,1
3874472,177522,1,0,1
2033360,177523,1,0,1
2811656,177524,1,1,0
1405448,177525,1,0,1
5351808,177526,1,1,0
2159624,177527,1,1,0
4634536,177528,1,0,1
5068680,177529,1,0,1
350384,177530,1,0,1
2458176,177531,1,0,1
6357208,177532,1,1,0
6727384,177533,1,1,0
5002560,177534,1,0,1
4121552,177535,1,0,1
506752,177536,1,1,0
1520944,177537,1,0,1
5080024,177538,1,1,0
2554432,177539,1,1,0
3824120,177540,1,1,0
2289656,177541,1,1,0
716544,177542,1,1,0
7475880,177543,1,0,1
3197656,177544,1,0,1
1382712,177545,1,0,1
835096,177546,1,1,0
1618232,177547,1,1,0
5595352,177548,1,1,0
804024,177549,1,1,0
1311928,177550,1,0,1
451816,177551,1,0,1
4830160,177552,1,0,1
548296,177553,1,0,1
447408,177554,1,1,0
4891488,177555,1,1,0
2949648,177556,1,0,1
1066224,177557,1,1,0
5628688,177558,1,0,1
5612360,177559,1,1,0
1368280,177560,1,1,0
5720640,177561,1,1,0
2514472,177562,1,0,1
6565640,177563,1,1,0
1284176,177564,1,1,0
4466744,177565,1,0,1
700776,177566,1,1,0
4181600,177567,1,1,0
4241840,177568,1,0,1
3254528,177569,1,0,1
1267912,177570,1,0,1
1494240,177571,1,1,0
8202744,177572,1,1,0
8265864,177573,1,0,1
4725480,177574,1,1,0
4317376,177575,1,0,1
5353624,177576,1,1,0
6690192,177577,1,0,1
758416,177578,1,0,1
1649152,177579,1,0,1
2193232,177580,1,1,0
7903136,177581,1,0,1
3942752,177582,1,1,0
2145064,177583,1,1,0
2763872,177584,1,1,0
1020504,177585,1,0,1
1219224,177586,1,1,0
1441848,177587,1,0,1
1666040,177588,1,0,1
1865960,177589,1,1,0
6443384,177590,1,1,0
4013952,177591,1,1,0
410416,177592,1,0,1
6905480,177593,1,1,0
1559968,177594,1,1,0
2997680,177595,1,1,0
3600344,177596,1,1,0
5679328,177597,1,0,1
6894864,177598,1,0,1
7979288,177599,1,1,0
1815224,177600,1,0,1
744760,177601,1,0,1
6960952,177602,1,1,0
6125432,177603,1,1,0
1879760,177604,1,0,1
2323072,177605,1,0,1
3997184,177606,1,0,1
5448888,177607,1,1,0
5579520,177608,1,1,0
625800,177609,1,0,1
87400,177610,1,1,0
593264,177611,1,0,1
7879616,177612,1,0,1
4086944,177613,1,0,1
2255096,177614,1,1,0
661040,177615,1,1,0
2757712,177616,1,0,1
1754104,177617,1,1,0
7014960,177618,1,0,1
1740248,177619,1,0,1
5184104,177620,1,1,0
6885808,177621,1,0,1
1245512,177622,1,1,0
393488,177623,1,1,0
258072,177624,1,0,1
4909464,177625,1,0,1
5249976,177626,1,0,1
1405720,177627,1,0,1
257768,177628,1,1,0
3537688,177629,1,0,1
2858288,177630,1,1,0
3257472,177631,1,1,0
263224,177632,1,1,0
1706544,177633,1,0,1
6905128,177634,1,1,0
7924784,177635,1,0,1
4077712,177636,1,0,1
3126144,177637,1,1,0
7056616,177638,1,0,1
6640888,177639,1,1,0
606176,177640,1,0,1
3709960,177641,1,1,0
7613136,177642,1,0,1
5769104,177643,1,0,1
2649688,177644,1,1,0
1344632,177645,1,0,1
601944,177646,1,1,0
2040504,177647,1,1,0
3886160,177648,1,1,0
1014568,177649,1,0,1
3266800,177650,1,1,0
604184,177651,1,1,0
1789544,177652,1,0,1
122000,177653,1,1,0
5253984,177654,1,1,0
750728,177655,1,0,1
2990232,177656,1,0,1
6510960,177657,1,1,0
578792,177658,1,0,1
2786208,177659,1,1,0
447504,177660,1,0,1
999216,177661,1,0,1
1315376,177662,1,0,1
8374736,177663,1,1,0
377440,177664,1,0,1
1992928,177665,1,0,1
847080,177666,1,1,0
5883320,177667,1,0,1
6574272,177668,1,0,1
1911696,177669,1,1,0
6023336,177670,1,0,1
3487848,177671,1,0,1
541672,177672,1,0,1
5237072,177673,1,1,0
3575656,177674,1,1,0
2081904,177675,1,1,0
3634720,177676,1,1,0
1203736,177677,1,1,0
3738736,177678,1,1,0
2505784,177679,1,0,1
3911656,177680,1,1,0
5077616,177681,1,1,0
5437112,177682,1,0,1
354584,177683,1,1,0
376048,177684,1,1,0
2898920,177685,1,0,1
1092088,177686,1,0,1
1354528,177687,1,0,1
3792976,177688,1,1,0
832704,177689,1,1,0
805408,177690,1,1,0
1832480,177691,1,1,0
264784,177692,1,1,0
514616,177693,1,0,1
3321504,177694,1,1,0
3944208,177695,1,0,1
4245392,177696,1,1,0
3866616,177697,1,1,0
2807840,177698,1,0,1
2972304,177699,1,0,1
4765224,177700,1,0,1
4399240,177701,1,0,1
5269424,177702,1,0,1
1584840,177703,1,0,1
218344,177704,1,0,1
4707392,177705,1,0,1
288176,177706,1,0,1
279392,177707,1,0,1
1558088,177708,1,1,0
7241848,177709,1,0,1
3896512,177710,1,1,0
1168240,177711,1,1,0
2096552,177712,1,0,1
5727832,177713,1,0,1
4605696,177714,1,0,1
3126656,177715,1,1,0
1189576,177716,1,0,1
2406936,177717,1,1,0
1772752,177718,1,0,1
1922264,177719,1,1,0
2742328,177720,1,1,0
6247176,177721,1,1,0
2539584,177722,1,0,1
978856,177723,1,0,1
2531856,177724,1,0,1
4014032,177725,1,0,1
3913720,177726,1,0,1
4852888,177727,1,0,1
1925416,177728,1,1,0
502160,177729,1,1,0
1361040,177730,1,0,1
7061416,177731,1,0,1
4561856,177732,1,1,0
3534664,177733,1,0,1
908432,177734,1,0,1
1060544,177735,1,1,0
328744,177736,1,1,0
3293840,177737,1,0,1
7196008,177738,1,1,0
1192064,177739,1,0,1
4162152,177740,1,1,0
6030904,177741,1,0,1
5606232,177742,1,0,1
295392,177743,1,0,1
1285064,177744,1,1,0
1019584,177745,1,1,0
1051520,177746,1,1,0
1340520,177747,1,0,1
5998112,177748,1,0,1
1540416,177749,1,0,1
138976,177750,1,1,0
5902448,177751,1,1,0
8023336,177752,1,1,0
5255280,177753,1,0,1
4050480,177754,1,1,0
6535856,177755,1,0,1
7001504,177756,1,1,0
1778368,177757,1,1,0
7085208,177758,1,0,1
2516000,177759,1,0,1
1635584,177760,1,0,1
2262928,177761,1,0,1
3227120,177762,1,1,0
352016,177763,1,1,0
2212280,177764,1,0,1
4305992,177765,1,1,0
4871800,177766,1,0,1
1483072,177767,1,0,1
401736,177768,1,0,1
4771816,177769,1,0,1
1370048,177770,1,1,0
3659760,177771,1,1,0
658928,177772,1,0,1
2714416,177773,1,1,0
297000,177774,1,0,1
1338144,177775,1,0,1
3800912,177776,1,1,0
511784,177777,1,1,0
1227384,177778,1,1,0
750224,177779,1,1,0
733912,177780,1,1,0
2648480,177781,1,0,1
1539488,177782,1,1,0
1922344,177783,1,0,1
2633336,177784,1,0,1
5676056,177785,1,0,1
1275048,177786,1,0,1
5192280,177787,1,0,1
421800,177788,1,1,0
1260160,177789,1,0,1
6633528,177790,1,1,0
2660032,177791,1,1,0
716528,177792,1,1,0
2389432,177793,1,1,0
250688,177794,1,0,1
589928,177795,1,1,0
700240,177796,1,0,1
1666800,177797,1,1,0
1869560,177798,1,1,0
623960,177799,1,1,0
2204784,177800,1,1,0
2196432,177801,1,0,1
1978808,177802,1,0,1
4203424,177803,1,1,0
7064760,177804,1,1,0
206512,177805,1,1,0
5442064,177806,1,0,1
2068480,177807,1,1,0
6074448,177808,1,1,0
4961624,177809,1,0,1
606928,177810,1,0,1
4705600,177811,1,1,0
8328352,177812,1,0,1
5187176,177813,1,0,1
2996992,177814,1,1,0
2176152,177815,1,0,1
6985848,177816,1,1,0
632136,177817,1,1,0
1324232,177818,1,1,0
1670280,177819,1,0,1
1172480,177820,1,1,0
3927152,177821,1,1,0
6226112,177822,1,1,0
2426696,177823,1,0,1
317240,177824,1,1,0
1020568,177825,1,0,1
1150008,177826,1,0,1
7067024,177827,1,1,0
4601744,177828,1,1,0
1590768,177829,1,0,1
1407256,177830,1,0,1
339776,177831,1,0,1
4519000,177832,1,1,0
6242632,177833,1,1,0
3127696,177834,1,0,1
394376,177835,1,0,1
475656,177836,1,1,0
6871520,177837,1,1,0
527952,177838,1,1,0
3586288,177839,1,0,1
7275920,177840,1,1,0
615088,177841,1,1,0
2337640,177842,1,0,1
5895064,177843,1,1,0
6728768,177844,1,0,1
4350592,177845,1,0,1
5708912,177846,1,0,1
5194304,177847,1,1,0
2035648,177848,1,1,0
3157336,177849,1,0,1
6663920,177850,1,1,0
1045816,177851,1,0,1
3392696,177852,1,0,1
117896,177853,1,1,0
5779784,177854,1,1,0
7181688,177855,1,0,1
866264,177856,1,1,0
522648,177857,1,1,0
6997832,177858,1,1,0
6040520,177859,1,0,1
7269520,177860,1,0,1
1172456,177861,1,0,1
4917648,177862,1,1,0
605248,177863,1,0,1
4752576,177864,1,1,0
2617816,177865,1,1,0
7192904,177866,1,0,1
346888,177867,1,1,0
2800536,177868,1,0,1
664800,177869,1,0,1
5717776,177870,1,0,1
4385552,177871,1,1,0
2769040,177872,1,0,1
377400,177873,1,1,0
585472,177874,1,0,1
550720,177875,1,0,1
629384,177876,1,1,0
3000504,177877,1,0,1
5792616,177878,1,0,1
7343120,177879,1,1,0
3397224,177880,1,0,1
1482016,177881,1,0,1
1375952,177882,1,0,1
2526032,177883,1,0,1
275656,177884,1,1,0
2127304,177885,1,1,0
3068728,177886,1,0,1
385936,177887,1,0,1
2542488,177888,1,0,1
3882488,177889,1,1,0
5632696,177890,1,0,1
239288,177891,1,1,0
444712,177892,1,0,1
1476192,177893,1,0,1
5554776,177894,1,1,0
2679680,177895,1,0,1
999560,177896,1,1,0
4038400,177897,1,0,1
2484176,177898,1,0,1
869752,177899,1,0,1
1282048,177900,1,0,1
344992,177901,1,1,0
315248,177902,1,1,0
1064040,177903,1,1,0
404552,177904,1,0,1
7060104,177905,1,1,0
2297792,177906,1,1,0
4753744,177907,1,1,0
1096888,177908,1,1,0
6240704,177909,1,0,1
2119944,177910,1,0,1
3064632,177911,1,0,1
1127232,177912,1,1,0
355352,177913,1,0,1
2580064,177914,1,0,1
5320952,177915,1,0,1
740928,177916,1,0,1
487536,177917,1,0,1
431640,177918,1,1,0
123208,177919,1,0,1
542856,177920,1,1,0
109752,177921,1,0,1
1614080,177922,1,0,1
1056840,177923,1,1,0
2908944,177924,1,0,1
2316696,177925,1,0,1
1954400,177926,1,0,1
228776,177927,1,0,1
4696984,177928,1,0,1
314840,177929,1,1,0
2423240,177930,1,0,1
5397312,177931,1,0,1
1765640,177932,1,0,1
1774736,177933,1,1,0
6030160,177934,1,0,1
1383688,177935,1,1,0
3200624,177936,1,0,1
3742648,177937,1,1,0
1038240,177938,1,1,0
4266536,177939,1,1,0
3416920,177940,1,1,0
869384,177941,1,1,0
1337552,177942,1,0,1
1268024,177943,1,0,1
1044064,177944,1,1,0
656120,177945,1,1,0
8180160,177946,1,0,1
4186744,177947,1,1,0
1794416,177948,1,1,0
2041320,177949,1,1,0
473000,177950,1,1,0
7152456,177951,1,1,0
2853800,177952,1,1,0
2156560,177953,1,1,0
1003888,177954,1,0,1
4134584,177955,1,1,0
1181568,177956,1,0,1
3007496,177957,1,0,1
940296,177958,1,0,1
4416144,177959,1,1,0
5272208,177960,1,0,1
1054016,177961,1,1,0
7069056,177962,1,0,1
4679400,177963,1,1,0
318376,177964,1,0,1
8304840,177965,1,0,1
268096,177966,1,1,0
4809712,177967,1,1,0
6196176,177968,1,0,1
253928,177969,1,1,0
551040,177970,1,0,1
213400,177971,1,1,0
519352,177972,1,0,1
4739040,177973,1,0,1
7192624,177974,1,1,0
2342560,177975,1,0,1
5587880,177976,1,0,1
759640,177977,1,0,1
5082824,177978,1,1,0
480888,177979,1,1,0
1701232,177980,1,1,0
563704,177981,1,1,0
2060664,177982,1,0,1
1832264,177983,1,0,1
403872,177984,1,0,1
101144,177985,1,0,1
332328,177986,1,0,1
8388448,177987,1,0,1
1222200,177988,1,1,0
548512,177989,1,0,1
3513520,177990,1,0,1
2167192,177991,1,0,1
7875184,177992,1,1,0
4895728,177993,1,1,0
2294336,177994,1,1,0
5894056,177995,1,0,1
3033872,177996,1,0,1
1630432,177997,1,0,1
158320,177998,1,0,1
481592,177999,1,1,0
3697800,178000,1,0,1
834032,178001,1,0,1
1471776,178002,1,0,1
1523920,178003,1,0,1
4560984,178004,1,1,0
209864,178005,1,1,0
2378480,178006,1,1,0
1472320,178007,1,1,0
8082368,178008,1,1,0
1390088,178009,1,1,0
523400,178010,1,1,0
3293272,178011,1,0,1
1228688,178012,1,0,1
1397008,178013,1,1,0
6564856,178014,1,1,0
2256536,178015,1,0,1
6676560,178016,1,1,0
1248568,178017,1,1,0
2482152,178018,1,1,0
274400,178019,1,1,0
2218032,178020,1,1,0
2119248,178021,1,0,1
1787832,178022,1,0,1
315656,178023,1,1,0
1251224,178024,1,0,1
699960,178025,1,1,0
787512,178026,1,0,1
2958408,178027,1,0,1
440128,178028,1,1,0
6965048,178029,1,0,1
996504,178030,1,1,0
630344,178031,1,0,1
1403336,178032,1,1,0
903360,178033,1,0,1
3576296,178034,1,0,1
5475616,178035,1,1,0
5939600,178036,1,1,0
743808,178037,1,1,0
1169560,178038,1,0,1
2710008,178039,1,0,1
746912,178040,1,0,1
1369008,178041,1,0,1
879280,178042,1,1,0
3042720,178043,1,0,1
1664912,178044,1,0,1
1016680,178045,1,1,0
6114368,178046,1,0,1
1078152,178047,1,0,1
2520360,178048,1,1,0
2514352,178049,1,0,1
287072,178050,1,1,0
7829736,178051,1,1,0
3816520,178052,1,1,0
2219576,178053,1,1,0
832272,178054,1,0,1
3356968,178055,1,1,0
1139584,178056,1,1,0
884472,178057,1,0,1
6931360,178058,1,1,0
2104416,178059,1,0,1
3055800,178060,1,1,0
287616,178061,1,1,0
128896,178062,1,1,0
3491928,178063,1,1,0
1760464,178064,1,1,0
7679744,178065,1,0,1
420792,178066,1,0,1
7462152,178067,1,0,1
6107832,178068,1,0,1
4818016,178069,1,0,1
1173728,178070,1,1,0
6690696,178071,1,0,1
6650952,178072,1,1,0
2422424,178073,1,1,0
140856,178074,1,0,1
2677848,178075,1,1,0
6548080,178076,1,0,1
2074232,178077,1,0,1
683760,178078,1,0,1
2351368,178079,1,0,1
1601064,178080,1,1,0
1388304,178081,1,0,1
6836016,178082,1,1,0
2105832,178083,1,0,1
4177432,178084,1,0,1
2370432,178085,1,0,1
5083776,178086,1,0,1
511888,178087,1,1,0
3764984,178088,1,0,1
7276544,178089,1,1,0
242696,178090,1,1,0
4247344,178091,1,1,0
1022992,178092,1,0,1
412456,178093,1,0,1
380168,178094,1,1,0
920784,178095,1,1,0
366776,178096,1,0,1
1696936,178097,1,0,1
553104,178098,1,1,0
8019064,178099,1,0,1
3769280,178100,1,1,0
3254984,178101,1,1,0
6544976,178102,1,0,1
3412144,178103,1,0,1
1837368,178104,1,1,0
5037944,178105,1,0,1
6364056,178106,1,0,1
4405856,178107,1,1,0
5156368,178108,1,1,0
274672,178109,1,1,0
698896,178110,1,1,0
2023856,178111,1,1,0
798632,178112,1,0,1
4154968,178113,1,0,1
3772328,178114,1,1,0
3248144,178115,1,1,0
940688,178116,1,1,0
2052712,178117,1,0,1
229720,178118,1,0,1
398464,178119,1,0,1
1867280,178120,1,0,1
6202192,178121,1,0,1
581656,178122,1,0,1
5464808,178123,1,1,0
6032600,178124,1,1,0
3911152,178125,1,1,0
3972096,178126,1,0,1
5489416,178127,1,0,1
2822752,178128,1,1,0
1317688,178129,1,1,0
6179264,178130,1,0,1
6150296,178131,1,0,1
349368,178132,1,1,0
7566576,178133,1,1,0
463560,178134,1,0,1
219272,178135,1,1,0
293296,178136,1,1,0
6957784,178137,1,0,1
4255816,178138,1,0,1
2655728,178139,1,1,0
1083976,178140,1,1,0
1431864,178141,1,1,0
191760,178142,1,1,0
967672,178143,1,0,1
984312,178144,1,1,0
639048,178145,1,0,1
8384184,178146,1,0,1
1579624,178147,1,1,0
6990960,178148,1,1,0
260680,178149,1,0,1
265880,178150,1,0,1
2269408,178151,1,1,0
858200,178152,1,0,1
1716800,178153,1,0,1
1281136,178154,1,1,0
1492056,178155,1,1,0
3372088,178156,1,0,1
5205296,178157,1,0,1
2597800,178158,1,0,1
5510592,178159,1,1,0
311728,178160,1,0,1
5873704,178161,1,1,0
3248848,178162,1,1,0
1891664,178163,1,0,1
7322368,178164,1,1,0
5148392,178165,1,0,1
1558840,178166,1,1,0
2486288,178167,1,1,0
3206096,178168,1,0,1
4640584,178169,1,0,1
152704,178170,1,0,1
444632,178171,1,0,1
2462960,178172,1,0,1
4386472,178173,1,1,0
225632,178174,1,1,0
7300856,178175,1,1,0
2787416,178176,1,1,0
4270016,178177,1,1,0
6659568,178178,1,0,1
2201512,178179,1,0,1
7571064,178180,1,0,1
1595552,178181,1,1,0
5380744,178182,1,1,0
7578120,178183,1,0,1
377344,178184,1,1,0
411872,178185,1,0,1
1339280,178186,1,1,0
2671000,178187,1,1,0
5100768,178188,1,1,0
2859232,178189,1,0,1
1596680,178190,1,0,1
542608,178191,1,0,1
8278928,178192,1,0,1
3625360,178193,1,0,1
1112784,178194,1,0,1
720128,178195,1,0,1
410672,178196,1,1,0
7482232,178197,1,1,0
2290512,178198,1,0,1
756000,178199,1,0,1
2357584,178200,1,1,0
6953960,178201,1,1,0
7988136,178202,1,0,1
6917336,178203,1,0,1
6897488,178204,1,1,0
134264,178205,1,1,0
4942576,178206,1,1,0
974320,178207,1,1,0
5687696,178208,1,0,1
3964432,178209,1,0,1
1498576,178210,1,1,0
6592432,178211,1,0,1
3207624,178212,1,0,1
705808,178213,1,0,1
7655512,178214,1,1,0
7209912,178215,1,1,0
5407776,178216,1,1,0
2455736,178217,1,0,1
2493280,178218,1,1,0
3139736,178219,1,0,1
6054736,178220,1,0,1
3319016,178221,1,0,1
840936,178222,1,0,1
4768872,178223,1,0,1
674304,178224,1,0,1
3389448,178225,1,0,1
2680960,178226,1,1,0
707080,178227,1,1,0
2511360,178228,1,0,1
5976744,178229,1,0,1
4626312,178230,1,1,0
834768,178231,1,0,1
6579504,178232,1,0,1
3873352,178233,1,0,1
3669784,178234,1,0,1
356136,178235,1,1,0
7763704,178236,1,1,0
1867984,178237,1,1,0
206728,178238,1,0,1
3706720,178239,1,1,0
1209808,178240,1,0,1
6265656,178241,1,0,1
6386816,178242,1,1,0
5703856,178243,1,0,1
1871688,178244,1,0,1
686472,178245,1,0,1
587992,178246,1,1,0
7152656,178247,1,1,0
2154864,178248,1,0,1
400016,178249,1,1,0
968240,178250,1,1,0
2532104,178251,1,1,0
1134848,178252,1,0,1
1806200,178253,1,1,0
2601912,178254,1,0,1
4085600,178255,1,1,0
4399992,178256,1,0,1
7980992,178257,1,1,0
6432480,178258,1,1,0
3335264,178259,1,1,0
1152480,178260,1,0,1
535728,178261,1,1,0
7650896,178262,1,1,0
1106624,178263,1,0,1
3868656,178264,1,1,0
6121240,178265,1,0,1
257680,178266,1,1,0
500040,178267,1,0,1
1755176,178268,1,0,1
6870800,178269,1,1,0
484720,178270,1,1,0
1935384,178271,1,1,0
336264,178272,1,1,0
3604472,178273,1,1,0
1857392,178274,1,1,0
852608,178275,1,0,1
234080,178276,1,0,1
1083744,178277,1,1,0
155320,178278,1,1,0
1835928,178279,1,1,0
3325488,178280,1,0,1
6804808,178281,1,1,0
6786776,178282,1,1,0
5128648,178283,1,1,0
537576,178284,1,0,1
1476600,178285,1,0,1
1059472,178286,1,1,0
2131376,178287,1,1,0
3023952,178288,1,0,1
250912,178289,1,1,0
745800,178290,1,1,0
3412832,178291,1,1,0
3353368,178292,1,1,0
4708952,178293,1,0,1
3813344,178294,1,0,1
4143232,178295,1,0,1
2321848,178296,1,0,1
1254344,178297,1,0,1
3115440,178298,1,1,0
2364384,178299,1,0,1
2444712,178300,1,0,1
8376872,178301,1,1,0
3463400,178302,1,0,1
1128056,178303,1,1,0
6416944,178304,1,1,0
598720,178305,1,1,0
4085088,178306,1,0,1
664896,178307,1,0,1
1703424,178308,1,1,0
754520,178309,1,0,1
5191808,178310,1,1,0
3580848,178311,1,1,0
1226704,178312,1,0,1
4669112,178313,1,1,0
7243696,178314,1,1,0
1344320,178315,1,1,0
2106760,178316,1,1,0
4817600,178317,1,1,0
1450024,178318,1,1,0
891232,178319,1,1,0
715456,178320,1,0,1
2407392,178321,1,0,1
6425672,178322,1,0,1
6523504,178323,1,1,0
205360,178324,1,1,0
1611800,178325,1,1,0
2560040,178326,1,1,0
8299968,178327,1,1,0
6615152,178328,1,0,1
6036088,178329,1,1,0
1788688,178330,1,1,0
3040280,178331,1,0,1
844976,178332,1,1,0
4847344,178333,1,0,1
5052696,178334,1,1,0
471080,178335,1,1,0
4156648,178336,1,0,1
1619920,178337,1,0,1
2716480,178338,1,0,1
1636304,178339,1,1,0
1884568,178340,1,1,0
8111784,178341,1,1,0
2624312,178342,1,0,1
648936,178343,1,0,1
750584,178344,1,0,1
1811384,178345,1,0,1
1031568,178346,1,0,1
1389648,178347,1,1,0
615680,178348,1,0,1
7972832,178349,1,0,1
8038576,178350,1,0,1
4427152,178351,1,0,1
3541952,178352,1,0,1
529528,178353,1,0,1
2347568,178354,1,1,0
6241424,178355,1,1,0
765400,178356,1,1,0
2381240,178357,1,0,1
1759696,178358,1,0,1
7822936,178359,1,0,1
6318008,178360,1,0,1
2219672,178361,1,0,1
1102944,178362,1,0,1
7738584,178363,1,1,0
622448,178364,1,1,0
254520,178365,1,0,1
3932040,178366,1,0,1
385568,178367,1,0,1
7977704,178368,1,0,1
306864,178369,1,0,1
2209648,178370,1,0,1
8342296,178371,1,0,1
3050240,178372,1,1,0
1273832,178373,1,1,0
942640,178374,1,0,1
4623440,178375,1,1,0
6636656,178376,1,1,0
3299696,178377,1,1,0
6324456,178378,1,1,0
6478368,178379,1,1,0
253512,178380,1,0,1
1831816,178381,1,0,1
4776160,178382,1,0,1
2461704,178383,1,0,1
400712,178384,1,1,0
4071872,178385,1,0,1
5101536,178386,1,1,0
3709944,178387,1,1,0
3635344,178388,1,1,0
4955632,178389,1,1,0
1683808,178390,1,0,1
2009032,178391,1,0,1
2200352,178392,1,0,1
3901520,178393,1,0,1
653544,178394,1,0,1
2255072,178395,1,1,0
6861976,178396,1,1,0
190904,178397,1,0,1
1807992,178398,1,0,1
348496,178399,1,1,0
268624,178400,1,1,0
2851232,178401,1,0,1
399344,178402,1,0,1
146696,178403,1,0,1
3209008,178404,1,0,1
729632,178405,1,1,0
5414472,178406,1,0,1
3206872,178407,1,0,1
5919856,178408,1,0,1
7280120,178409,1,0,1
3391832,178410,1,1,0
3345136,178411,1,0,1
1911224,178412,1,0,1
621264,178413,1,0,1
1302288,178414,1,1,0
7647536,178415,1,0,1
1084448,178416,1,1,0
3446424,178417,1,1,0
398552,178418,1,1,0
5434304,178419,1,0,1
1718960,178420,1,0,1
2936104,178421,1,0,1
2227912,178422,1,1,0
4106760,178423,1,1,0
2086216,178424,1,1,0
4659704,178425,1,1,0
3209432,178426,1,1,0
637608,178427,1,0,1
3719104,178428,1,0,1
3935880,178429,1,1,0
7953456,178430,1,1,0
5086768,178431,1,1,0
1074296,178432,1,1,0
5869296,178433,1,0,1
3470672,178434,1,1,0
3698544,178435,1,0,1
4254816,178436,1,0,1
385888,178437,1,1,0
4896864,178438,1,1,0
6047344,178439,1,0,1
188280,178440,1,1,0
599408,178441,1,0,1
3924424,178442,1,1,0
1554448,178443,1,0,1
4676912,178444,1,1,0
8367552,178445,1,1,0
2906264,178446,1,0,1
548752,178447,1,0,1
236192,178448,1,1,0
6378160,178449,1,1,0
1671488,178450,1,1,0
388600,178451,1,1,0
865064,178452,1,1,0
6865248,178453,1,0,1
809472,178454,1,1,0
1708968,178455,1,0,1
764968,178456,1,1,0
7114656,178457,1,0,1
6759240,178458,1,1,0
684680,178459,1,1,0
3717192,178460,1,0,1
4925056,178461,1,1,0
1117768,178462,1,1,0
945168,178463,1,1,0
1586184,178464,1,1,0
2711784,178465,1,1,0
1756200,178466,1,0,1
636032,178467,1,1,0
609440,178468,1,0,1
4537096,178469,1,0,1
356632,178470,1,0,1
2504904,178471,1,1,0
574520,178472,1,0,1
2205952,178473,1,0,1
2588112,178474,1,0,1
7817952,178475,1,1,0
2926688,178476,1,1,0
584368,178477,1,1,0
4732752,178478,1,1,0
4285504,178479,1,1,0
719928,178480,1,0,1
6016856,178481,1,0,1
7763608,178482,1,0,1
3667792,178483,1,0,1
5938392,178484,1,1,0
1243496,178485,1,1,0
1461616,178486,1,1,0
7349112,178487,1,0,1
1590328,178488,1,1,0
1149824,178489,1,1,0
5715208,178490,1,1,0
383624,178491,1,1,0
2352552,178492,1,0,1
469816,178493,1,0,1
4721296,178494,1,1,0
1920832,178495,1,0,1
241704,178496,1,0,1
5578160,178497,1,1,0
830768,178498,1,1,0
1653920,178499,1,0,1
417768,178500,1,0,1
1031384,178501,1,1,0
3400704,178502,1,1,0
6553528,178503,1,0,1
6252472,178504,1,1,0
1109872,178505,1,1,0
5185256,178506,1,1,0
2165272,178507,1,0,1
6901344,178508,1,1,0
939640,178509,1,0,1
7533544,178510,1,1,0
1951256,178511,1,0,1
4495384,178512,1,0,1
5422184,178513,1,0,1
4540136,178514,1,1,0
563120,178515,1,0,1
1431072,178516,1,1,0
6622640,178517,1,0,1
4679656,178518,1,1,0
4295696,178519,1,0,1
3449272,178520,1,1,0
7768096,178521,1,0,1
2102568,178522,1,1,0
8168200,178523,1,0,1
5080504,178524,1,0,1
4575448,178525,1,0,1
3166960,178526,1,1,0
568552,178527,1,1,0
2329632,178528,1,1,0
5756504,178529,1,1,0
1838888,178530,1,0,1
1999928,178531,1,0,1
1432008,178532,1,1,0
786272,178533,1,0,1
1501152,178534,1,1,0
3621456,178535,1,1,0
663752,178536,1,0,1
5013800,178537,1,1,0
1824864,178538,1,0,1
397904,178539,1,1,0
384256,178540,1,0,1
2759944,178541,1,0,1
5249320,178542,1,0,1
1674152,178543,1,1,0
4884056,178544,1,1,0
3452768,178545,1,1,0
3005008,178546,1,1,0
195168,178547,1,0,1
4592936,178548,1,0,1
1439808,178549,1,0,1
1378880,178550,1,1,0
2388976,178551,1,0,1
3772200,178552,1,0,1
1587328,178553,1,1,0
5052200,178554,1,1,0
2105952,178555,1,0,1
295432,178556,1,0,1
5780240,178557,1,1,0
459056,178558,1,0,1
4116072,178559,1,1,0
984240,178560,1,1,0
1419880,178561,1,1,0
303464,178562,1,1,0
64792,178563,1,0,1
6511360,178564,1,0,1
403408,178565,1,1,0
6486768,178566,1,0,1
591496,178567,1,0,1
5764376,178568,1,0,1
6172912,178569,1,1,0
5831360,178570,1,0,1
682168,178571,1,1,0
1992040,178572,1,0,1
370688,178573,1,1,0
187024,178574,1,1,0
6435104,178575,1,1,0
3556056,178576,1,0,1
2240608,178577,1,0,1
735720,178578,1,0,1
1047720,178579,1,0,1
1676680,178580,1,1,0
6159392,178581,1,1,0
2008576,178582,1,1,0
1812384,178583,1,1,0
4775968,178584,1,1,0
2411784,178585,1,0,1
128152,178586,1,1,0
6808816,178587,1,1,0
6095656,178588,1,1,0
1414352,178589,1,1,0
5238768,178590,1,0,1
2102752,178591,1,1,0
769464,178592,1,1,0
3159968,178593,1,1,0
3265064,178594,1,0,1
1035920,178595,1,1,0
845272,178596,1,0,1
1590816,178597,1,0,1
3434160,178598,1,0,1
219744,178599,1,1,0
255904,178600,1,1,0
3996488,178601,1,0,1
1571872,178602,1,0,1
4890976,178603,1,1,0
2444928,178604,1,1,0
1109856,178605,1,0,1
5023480,178606,1,1,0
2060992,178607,1,1,0
2964768,178608,1,0,1
3567024,178609,1,1,0
4388104,178610,1,1,0
3966928,178611,1,0,1
461576,178612,1,1,0
1333064,178613,1,1,0
506552,178614,1,1,0
1636264,178615,1,0,1
891360,178616,1,1,0
6499392,178617,1,1,0
344040,178618,1,1,0
7373456,178619,1,1,0
7866984,178620,1,1,0
1280624,178621,1,0,1
445848,178622,1,1,0
3216096,178623,1,0,1
726304,178624,1,1,0
7640784,178625,1,1,0
6326400,178626,1,1,0
2304960,178627,1,0,1
749928,178628,1,1,0
6159816,178629,1,1,0
2618120,178630,1,0,1
8005840,178631,1,1,0
531448,178632,1,0,1
2313768,178633,1,0,1
842712,178634,1,0,1
626696,178635,1,0,1
1484120,178636,1,1,0
834520,178637,1,1,0
8333088,178638,1,1,0
822072,178639,1,1,0
4359824,178640,1,1,0
2927072,178641,1,1,0
748832,178642,1,0,1
7326480,178643,1,1,0
195784,178644,1,0,1
444480,178645,1,1,0
2298072,178646,1,1,0
5171168,178647,1,0,1
2275352,178648,1,1,0
1635624,178649,1,1,0
572752,178650,1,1,0
3436432,178651,1,0,1
1256544,178652,1,0,1
323600,178653,1,0,1
365648,178654,1,0,1
546960,178655,1,0,1
815152,178656,1,1,0
6461424,178657,1,0,1
1898920,178658,1,1,0
7115320,178659,1,0,1
5565848,178660,1,1,0
2862512,178661,1,1,0
1179176,178662,1,0,1
1229640,178663,1,0,1
464776,178664,1,0,1
1726280,178665,1,0,1
4321600,178666,1,1,0
2383384,178667,1,0,1
414424,178668,1,1,0
3834320,178669,1,1,0
1154144,178670,1,1,0
1854512,178671,1,1,0
1994584,178672,1,0,1
1624864,178673,1,1,0
7122304,178674,1,1,0
463784,178675,1,0,1
2292720,178676,1,1,0
5996520,178677,1,1,0
628616,178678,1,1,0
1281760,178679,1,0,1
1781584,178680,1,0,1
631824,178681,1,1,0
790400,178682,1,1,0
903816,178683,1,0,1
2467464,178684,1,1,0
3028360,178685,1,0,1
1469808,178686,1,0,1
2371280,178687,1,0,1
1001168,178688,1,0,1
7834056,178689,1,1,0
246208,178690,1,0,1
156264,178691,1,0,1
1251104,178692,1,1,0
5989304,178693,1,1,0
953840,178694,1,0,1
3148616,178695,1,1,0
5446840,178696,1,0,1
2667616,178697,1,1,0
4212504,178698,1,1,0
596960,178699,1,0,1
2302664,178700,1,1,0
2528512,178701,1,0,1
1903920,178702,1,0,1
6230856,178703,1,0,1
1059536,178704,1,1,0
4178344,178705,1,0,1
2631272,178706,1,0,1
7983192,178707,1,0,1
1527016,178708,1,0,1
4200688,178709,1,0,1
782752,178710,1,0,1
3195856,178711,1,1,0
3144168,178712,1,1,0
4471216,178713,1,0,1
5010856,178714,1,1,0
5920592,178715,1,0,1
5108968,178716,1,0,1
318024,178717,1,0,1
515088,178718,1,1,0
2396712,178719,1,0,1
305176,178720,1,1,0
1221288,178721,1,0,1
821120,178722,1,1,0
5093416,178723,1,1,0
2296488,178724,1,0,1
3952608,178725,1,1,0
2314360,178726,1,0,1
5156768,178727,1,1,0
6582880,178728,1,1,0
1315312,178729,1,0,1
2790192,178730,1,1,0
1650312,178731,1,1,0
344944,178732,1,0,1
3592504,178733,1,1,0
4815368,178734,1,1,0
3967744,178735,1,1,0
2023024,178736,1,1,0
2828184,178737,1,1,0
4538088,178738,1,0,1
6873784,178739,1,1,0
998744,178740,1,1,0
3087800,178741,1,0,1
4981016,178742,1,1,0
4115304,178743,1,0,1
4659680,178744,1,0,1
2559264,178745,1,1,0
3342960,178746,1,1,0
6268744,178747,1,0,1
2135072,178748,1,1,0
877392,178749,1,1,0
2633152,178750,1,0,1
2559696,178751,1,1,0
6204328,178752,1,1,0
2793584,178753,1,1,0
4880920,178754,1,0,1
821184,178755,1,1,0
1137680,178756,1,0,1
4456032,178757,1,1,0
7671856,178758,1,1,0
3350816,178759,1,0,1
4398664,178760,1,1,0
8322312,178761,1,1,0
443688,178762,1,1,0
6671424,178763,1,1,0
3422400,178764,1,1,0
2428760,178765,1,1,0
2354872,178766,1,1,0
553552,178767,1,0,1
738920,178768,1,1,0
374504,178769,1,1,0
4817112,178770,1,1,0
2064432,178771,1,0,1
7029424,178772,1,0,1
2108768,178773,1,1,0
1640544,178774,1,1,0
1842296,178775,1,0,1
2830464,178776,1,0,1
1878544,178777,1,1,0
435152,178778,1,1,0
950424,178779,1,1,0
4599592,178780,1,0,1
1462888,178781,1,1,0
943936,178782,1,1,0
2182944,178783,1,1,0
3914640,178784,1,0,1
3637336,178785,1,0,1
849704,178786,1,0,1
6438456,178787,1,1,0
1814856,178788,1,1,0
366472,178789,1,1,0
1557720,178790,1,1,0
1580568,178791,1,0,1
1603424,178792,1,0,1
5820112,178793,1,0,1
3343040,178794,1,0,1
927112,178795,1,1,0
1514192,178796,1,1,0
1485968,178797,1,1,0
361984,178798,1,0,1
3071704,178799,1,0,1
2717008,178800,1,1,0
1402864,178801,1,0,1
4282424,178802,1,0,1
7397240,178803,1,0,1
4670784,178804,1,0,1
8138224,178805,1,0,1
5844384,178806,1,0,1
5229968,178807,1,1,0
1166768,178808,1,0,1
6910608,178809,1,1,0
4189392,178810,1,1,0
3832528,178811,1,0,1
3618504,178812,1,0,1
744976,178813,1,1,0
1853312,178814,1,1,0
6491584,178815,1,0,1
726896,178816,1,1,0
5999336,178817,1,1,0
933120,178818,1,0,1
5590936,178819,1,1,0
169208,178820,1,1,0
7576536,178821,1,0,1
1684952,178822,1,0,1
5887976,178823,1,1,0
899288,178824,1,0,1
4180616,178825,1,0,1
2598608,178826,1,0,1
1654408,178827,1,0,1
6104456,178828,1,1,0
2977744,178829,1,1,0
7833888,178830,1,1,0
637728,178831,1,1,0
638200,178832,1,0,1
4858944,178833,1,0,1
2118096,178834,1,1,0
738280,178835,1,0,1
879968,178836,1,1,0
3711056,178837,1,1,0
383008,178838,1,1,0
1649520,178839,1,1,0
3033096,178840,1,1,0
2737968,178841,1,1,0
5235824,178842,1,1,0
1676424,178843,1,1,0
6752488,178844,1,0,1
998216,178845,1,0,1
7935296,178846,1,0,1
2388960,178847,1,1,0
323608,178848,1,1,0
625496,178849,1,0,1
498312,178850,1,0,1
2041464,178851,1,0,1
2124368,178852,1,0,1
2683552,178853,1,0,1
2520552,178854,1,0,1
572408,178855,1,0,1
2899744,178856,1,1,0
2818576,178857,1,1,0
7513168,178858,1,1,0
551480,178859,1,0,1
1264528,178860,1,0,1
3400464,178861,1,1,0
1553536,178862,1,1,0
4232656,178863,1,1,0
5673208,178864,1,0,1
6577776,178865,1,1,0
6442904,178866,1,0,1
3634864,178867,1,1,0
849016,178868,1,0,1
5287296,178869,1,1,0
1293768,178870,1,0,1
6693496,178871,1,0,1
616360,178872,1,0,1
1395896,178873,1,1,0
8106928,178874,1,0,1
1213560,178875,1,0,1
952352,178876,1,0,1
5547032,178877,1,0,1
417096,178878,1,1,0
1120120,178879,1,1,0
1722664,178880,1,1,0
4572112,178881,1,0,1
3560112,178882,1,0,1
2264536,178883,1,1,0
3500320,178884,1,0,1
6084856,178885,1,0,1
3170104,178886,1,0,1
746120,178887,1,1,0
571576,178888,1,1,0
8324624,178889,1,0,1
1999304,178890,1,1,0
788176,178891,1,1,0
1442936,178892,1,0,1
4911376,178893,1,0,1
5658224,178894,1,1,0
1181408,178895,1,0,1
425904,178896,1,0,1
1793024,178897,1,1,0
1989680,178898,1,0,1
5049864,178899,1,1,0
2147688,178900,1,0,1
3533104,178901,1,0,1
1090344,178902,1,0,1
1456624,178903,1,1,0
3575208,178904,1,1,0
1299448,178905,1,0,1
1118824,178906,1,1,0
905072,178907,1,1,0
2116688,178908,1,1,0
402760,178909,1,1,0
1619184,178910,1,0,1
1522920,178911,1,0,1
2529664,178912,1,1,0
540536,178913,1,0,1
5318736,178914,1,1,0
8198088,178915,1,0,1
682968,178916,1,1,0
4202312,178917,1,1,0
806808,178918,1,0,1
266056,178919,1,0,1
1625624,178920,1,1,0
2036080,178921,1,1,0
873456,178922,1,1,0
4724904,178923,1,0,1
5512920,178924,1,1,0
243904,178925,1,0,1
7575920,178926,1,0,1
874544,178927,1,0,1
3149392,178928,1,0,1
2488024,178929,1,1,0
735456,178930,1,0,1
7146872,178931,1,0,1
1688096,178932,1,1,0
1305408,178933,1,1,0
5300616,178934,1,0,1
4935000,178935,1,0,1
398120,178936,1,0,1
2041304,178937,1,0,1
373416,178938,1,1,0
3395800,178939,1,1,0
6815768,178940,1,1,0
2563360,178941,1,0,1
156368,178942,1,0,1
8291744,178943,1,1,0
460088,178944,1,0,1
1113384,178945,1,0,1
4807584,178946,1,1,0
3902792,178947,1,1,0
3679408,178948,1,1,0
6433528,178949,1,0,1
1058936,178950,1,0,1
4689896,178951,1,0,1
143640,178952,1,1,0
3708344,178953,1,0,1
919112,178954,1,0,1
4063872,178955,1,1,0
3851952,178956,1,1,0
2506784,178957,1,0,1
1310464,178958,1,0,1
3656504,178959,1,0,1
7085520,178960,1,0,1
382936,178961,1,1,0
1345696,178962,1,0,1
5164296,178963,1,0,1
1305392,178964,1,1,0
2456600,178965,1,1,0
93200,178966,1,0,1
1076608,178967,1,0,1
721832,178968,1,0,1
4364480,178969,1,1,0
621184,178970,1,0,1
1015208,178971,1,0,1
1275504,178972,1,0,1
300432,178973,1,1,0
1551680,178974,1,0,1
6278296,178975,1,0,1
4645328,178976,1,0,1
1215408,178977,1,1,0
5867600,178978,1,1,0
228352,178979,1,1,0
5500592,178980,1,0,1
151032,178981,1,0,1
7505232,178982,1,1,0
5162464,178983,1,1,0
3190264,178984,1,1,0
259008,178985,1,0,1
7084712,178986,1,0,1
4473616,178987,1,1,0
368344,178988,1,0,1
330736,178989,1,1,0
1369016,178990,1,1,0
1066192,178991,1,1,0
1787688,178992,1,1,0
4090816,178993,1,1,0
1919248,178994,1,1,0
3051976,178995,1,1,0
335872,178996,1,0,1
4831232,178997,1,0,1
3277440,178998,1,0,1
2337840,178999,1,1,0
2621632,179000,1,0,1
5508544,179001,1,1,0
714992,179002,1,0,1
1117384,179003,1,1,0
4528176,179004,1,1,0
3092976,179005,1,1,0
197312,179006,1,0,1
5602352,179007,1,1,0
1483824,179008,1,1,0
560624,179009,1,1,0
6266800,179010,1,0,1
1403632,179011,1,1,0
1354208,179012,1,0,1
1574456,179013,1,0,1
8114424,179014,1,1,0
3854128,179015,1,0,1
2907976,179016,1,0,1
846472,179017,1,1,0
813984,179018,1,1,0
300304,179019,1,0,1
3944696,179020,1,0,1
8152224,179021,1,0,1
799856,179022,1,0,1
2221712,179023,1,1,0
157384,179024,1,1,0
4533008,179025,1,0,1
514608,179026,1,0,1
2454120,179027,1,1,0
515904,179028,1,1,0
5730424,179029,1,1,0
3738008,179030,1,1,0
1530448,179031,1,0,1
1312808,179032,1,1,0
2302656,179033,1,0,1
907248,179034,1,0,1
992632,179035,1,0,1
1104968,179036,1,1,0
4756488,179037,1,0,1
7530864,179038,1,0,1
2447816,179039,1,1,0
897448,179040,1,1,0
726336,179041,1,0,1
3006648,179042,1,1,0
1654008,179043,1,0,1
5513728,179044,1,1,0
8312392,179045,1,1,0
2483296,179046,1,1,0
1076184,179047,1,1,0
751272,179048,1,1,0
144752,179049,1,1,0
1039032,179050,1,0,1
5411840,179051,1,1,0
5999112,179052,1,1,0
7791280,179053,1,1,0
2734920,179054,1,0,1
644720,179055,1,1,0
4216112,179056,1,1,0
675016,179057,1,1,0
168056,179058,1,0,1
3315976,179059,1,1,0
2527672,179060,1,0,1
4471600,179061,1,1,0
3660296,179062,1,0,1
7390312,179063,1,1,0
5782504,179064,1,1,0
328328,179065,1,1,0
1343144,179066,1,1,0
2992552,179067,1,1,0
8048936,179068,1,0,1
1236472,179069,1,0,1
355856,179070,1,0,1
4531784,179071,1,0,1
413856,179072,1,1,0
8279800,179073,1,1,0
650936,179074,1,1,0
3622392,179075,1,0,1
4671680,179076,1,1,0
1144048,179077,1,1,0
5267904,179078,1,0,1
1027856,179079,1,1,0
170000,179080,1,1,0
3450104,179081,1,0,1
3340760,179082,1,0,1
3270392,179083,1,0,1
1046840,179084,1,0,1
3202784,179085,1,0,1
2098872,179086,1,1,0
4082456,179087,1,1,0
4202088,179088,1,0,1
2646264,179089,1,0,1
4750080,179090,1,1,0
256408,179091,1,0,1
5474440,179092,1,0,1
3543368,179093,1,1,0
1928464,179094,1,0,1
6318976,179095,1,0,1
1138856,179096,1,1,0
851040,179097,1,1,0
6944024,179098,1,1,0
3678888,179099,1,1,0
5408056,179100,1,0,1
179176,179101,1,0,1
1597376,179102,1,0,1
5872168,179103,1,0,1
960280,179104,1,0,1
6427632,179105,1,1,0
4507872,179106,1,0,1
2518752,179107,1,1,0
2492776,179108,1,1,0
2483728,179109,1,1,0
2165384,179110,1,0,1
704144,179111,1,1,0
1777184,179112,1,1,0
3746440,179113,1,0,1
5153272,179114,1,1,0
809288,179115,1,0,1
1193768,179116,1,0,1
554272,179117,1,1,0
1375688,179118,1,0,1
786112,179119,1,1,0
4400400,179120,1,1,0
2619440,179121,1,0,1
1026528,179122,1,1,0
280480,179123,1,1,0
657696,179124,1,1,0
5209344,179125,1,0,1
7074816,179126,1,0,1
747776,179127,1,1,0
1544248,179128,1,0,1
3327776,179129,1,0,1
4219784,179130,1,0,1
6018280,179131,1,1,0
1206184,179132,1,0,1
2651360,179133,1,0,1
1989024,179134,1,0,1
1918208,179135,1,0,1
833560,179136,1,0,1
312840,179137,1,1,0
1782648,179138,1,1,0
4871712,179139,1,0,1
2205136,179140,1,1,0
233944,179141,1,1,0
5890792,179142,1,0,1
233504,179143,1,0,1
5401192,179144,1,1,0
423672,179145,1,1,0
4436752,179146,1,0,1
772936,179147,1,1,0
2214608,179148,1,0,1
2714808,179149,1,1,0
1927088,179150,1,0,1
5355208,179151,1,1,0
1553504,179152,1,0,1
534984,179153,1,1,0
2361136,179154,1,1,0
8331920,179155,1,0,1
839480,179156,1,0,1
1865728,179157,1,0,1
210104,179158,1,1,0
4320864,179159,1,0,1
589328,179160,1,1,0
5901784,179161,1,0,1
1024896,179162,1,1,0
3635176,179163,1,0,1
4021664,179164,1,1,0
354776,179165,1,1,0
143984,179166,1,1,0
897440,179167,1,0,1
7084784,179168,1,0,1
8116376,179169,1,0,1
1087544,179170,1,1,0
911416,179171,1,1,0
1530368,179172,1,1,0
2502256,179173,1,0,1
3829200,179174,1,0,1
1545504,179175,1,0,1
1184792,179176,1,1,0
1155112,179177,1,1,0
5933120,179178,1,1,0
7423440,179179,1,1,0
338392,179180,1,0,1
820832,179181,1,1,0
4498560,179182,1,1,0
2268008,179183,1,0,1
2506352,179184,1,1,0
1503104,179185,1,1,0
4495760,179186,1,1,0
3032808,179187,1,0,1
1060024,179188,1,0,1
2400152,179189,1,0,1
226176,179190,1,0,1
5267968,179191,1,1,0
3090448,179192,1,0,1
197928,179193,1,1,0
2934776,179194,1,0,1
336752,179195,1,1,0
4461520,179196,1,1,0
5107512,179197,1,0,1
977928,179198,1,1,0
978928,179199,1,0,1
6783448,179200,1,1,0
92216,179201,1,1,0
916600,179202,1,0,1
5832536,179203,1,0,1
2117856,179204,1,0,1
1295928,179205,1,0,1
886672,179206,1,1,0
8182488,179207,1,0,1
837288,179208,1,0,1
2379816,179209,1,1,0
205944,179210,1,1,0
6170488,179211,1,0,1
3267688,179212,1,1,0
6403704,179213,1,0,1
7954424,179214,1,1,0
632496,179215,1,1,0
419632,179216,1,1,0
6726616,179217,1,0,1
4847928,179218,1,0,1
3096184,179219,1,0,1
887016,179220,1,1,0
3421440,179221,1,1,0
4937560,179222,1,0,1
1837408,179223,1,0,1
7145776,179224,1,0,1
4169136,179225,1,1,0
1175576,179226,1,1,0
542816,179227,1,1,0
216000,179228,1,1,0
1612752,179229,1,0,1
5721200,179230,1,1,0
6041144,179231,1,1,0
274216,179232,1,0,1
5443992,179233,1,1,0
2187816,179234,1,1,0
1427968,179235,1,1,0
6417904,179236,1,0,1
935408,179237,1,0,1
4597240,179238,1,1,0
853640,179239,1,1,0
1541312,179240,1,1,0
8328136,179241,1,0,1
1032464,179242,1,1,0
5146416,179243,1,1,0
996952,179244,1,1,0
6424784,179245,1,0,1
2897080,179246,1,1,0
4833992,179247,1,0,1
1422584,179248,1,1,0
6060112,179249,1,0,1
1318016,179250,1,0,1
5936416,179251,1,0,1
477896,179252,1,1,0
3364440,179253,1,0,1
956536,179254,1,1,0
6877592,179255,1,1,0
839200,179256,1,1,0
3162960,179257,1,1,0
1231880,179258,1,0,1
6124960,179259,1,0,1
615056,179260,1,0,1
5473712,179261,1,1,0
414712,179262,1,1,0
4941752,179263,1,0,1
805024,179264,1,1,0
4331072,179265,1,0,1
3411576,179266,1,0,1
3370304,179267,1,1,0
370656,179268,1,1,0
4657952,179269,1,1,0
4446640,179270,1,0,1
549344,179271,1,1,0
1144144,179272,1,1,0
3338040,179273,1,1,0
2813520,179274,1,1,0
625976,179275,1,0,1
2493496,179276,1,1,0
1349344,179277,1,0,1
3407200,179278,1,1,0
2378496,179279,1,0,1
6920776,179280,1,0,1
1389952,179281,1,0,1
1272144,179282,1,1,0
5150464,179283,1,1,0
2293264,179284,1,0,1
2525768,179285,1,0,1
1018424,179286,1,0,1
5611256,179287,1,1,0
4823112,179288,1,0,1
2223824,179289,1,0,1
1399496,179290,1,1,0
517640,179291,1,0,1
286056,179292,1,0,1
4397616,179293,1,0,1
469168,179294,1,1,0
2377448,179295,1,1,0
7956888,179296,1,0,1
1725512,179297,1,0,1
1791232,179298,1,0,1
4837184,179299,1,0,1
1586880,179300,1,1,0
412048,179301,1,0,1
1923536,179302,1,0,1
5591952,179303,1,0,1
178728,179304,1,1,0
919216,179305,1,1,0
1830008,179306,1,1,0
384112,179307,1,1,0
2048920,179308,1,1,0
2605240,179309,1,0,1
351624,179310,1,1,0
514832,179311,1,0,1
1669496,179312,1,1,0
3812408,179313,1,1,0
2192920,179314,1,0,1
2677632,179315,1,1,0
5450944,179316,1,0,1
805704,179317,1,0,1
2872728,179318,1,1,0
5875944,179319,1,0,1
1782280,179320,1,1,0
399040,179321,1,0,1
1051072,179322,1,0,1
3167944,179323,1,0,1
2612104,179324,1,1,0
867128,179325,1,1,0
1393992,179326,1,0,1
2229336,179327,1,0,1
1298472,179328,1,1,0
1320736,179329,1,0,1
7170816,179330,1,0,1
302104,179331,1,1,0
1982248,179332,1,0,1
2974376,179333,1,1,0
2248544,179334,1,0,1
2166208,179335,1,1,0
3169112,179336,1,1,0
3578672,179337,1,1,0
8283512,179338,1,0,1
4482880,179339,1,0,1
803728,179340,1,0,1
3177800,179341,1,1,0
6030552,179342,1,0,1
3205880,179343,1,0,1
806136,179344,1,1,0
1710128,179345,1,1,0
3499256,179346,1,0,1
4131848,179347,1,1,0
2345120,179348,1,1,0
2504864,179349,1,0,1
2383136,179350,1,0,1
3844928,179351,1,0,1
4923664,179352,1,0,1
2202616,179353,1,1,0
5949504,179354,1,0,1
1882736,179355,1,1,0
5331768,179356,1,0,1
1845440,179357,1,1,0
495448,179358,1,1,0
2255624,179359,1,1,0
1448800,179360,1,1,0
6616792,179361,1,0,1
2629456,179362,1,1,0
3203000,179363,1,1,0
7618488,179364,1,0,1
114992,179365,1,0,1
567824,179366,1,0,1
1594840,179367,1,0,1
414472,179368,1,0,1
2261688,179369,1,1,0
7501112,179370,1,1,0
6213560,179371,1,0,1
6432136,179372,1,1,0
2687992,179373,1,1,0
7363896,179374,1,1,0
2320024,179375,1,1,0
1629432,179376,1,1,0
191272,179377,1,0,1
371712,179378,1,0,1
191424,179379,1,1,0
2086416,179380,1,0,1
7447512,179381,1,1,0
5645440,179382,1,0,1
581264,179383,1,1,0
842824,179384,1,0,1
843272,179385,1,0,1
4443400,179386,1,1,0
6083728,179387,1,0,1
2492704,179388,1,1,0
3091192,179389,1,1,0
8000704,179390,1,0,1
626808,179391,1,1,0
2049792,179392,1,0,1
346824,179393,1,1,0
1640968,179394,1,0,1
2110432,179395,1,0,1
6760616,179396,1,0,1
924264,179397,1,1,0
4331472,179398,1,1,0
1246784,179399,1,0,1
1131504,179400,1,1,0
1755160,179401,1,0,1
5422440,179402,1,0,1
1360688,179403,1,0,1
725736,179404,1,1,0
1005576,179405,1,1,0
2732680,179406,1,1,0
2326216,179407,1,0,1
325864,179408,1,0,1
6502688,179409,1,1,0
1361968,179410,1,0,1
3794608,179411,1,1,0
7493584,179412,1,1,0
2125216,179413,1,1,0
5155904,179414,1,1,0
8036224,179415,1,1,0
4442272,179416,1,0,1
219592,179417,1,1,0
138576,179418,1,0,1
1740792,179419,1,1,0
3511824,179420,1,1,0
3178976,179421,1,0,1
3005824,179422,1,1,0
2367936,179423,1,1,0
3605048,179424,1,1,0
2695104,179425,1,0,1
2137432,179426,1,1,0
1990984,179427,1,1,0
369224,179428,1,0,1
706984,179429,1,0,1
617840,179430,1,0,1
566208,179431,1,1,0
6330632,179432,1,1,0
8044984,179433,1,1,0
1952384,179434,1,0,1
2514080,179435,1,1,0
3645160,179436,1,0,1
1242088,179437,1,0,1
433784,179438,1,0,1
891584,179439,1,0,1
713848,179440,1,0,1
4391800,179441,1,1,0
1146248,179442,1,1,0
7453848,179443,1,0,1
2158392,179444,1,1,0
2416160,179445,1,1,0
3949072,179446,1,0,1
8072008,179447,1,1,0
2700632,179448,1,1,0
5982136,179449,1,1,0
2594456,179450,1,0,1
91232,179451,1,0,1
7784376,179452,1,0,1
1276760,179453,1,0,1
302616,179454,1,0,1
6599352,179455,1,1,0
845792,179456,1,1,0
379744,179457,1,0,1
1735352,179458,1,0,1
3105456,179459,1,0,1
6304640,179460,1,1,0
1425504,179461,1,1,0
6151936,179462,1,0,1
5968280,179463,1,1,0
2308304,179464,1,0,1
4998544,179465,1,1,0
1694416,179466,1,1,0
881120,179467,1,0,1
1688976,179468,1,0,1
1624824,179469,1,1,0
1407920,179470,1,1,0
1461048,179471,1,0,1
3957968,179472,1,1,0
532936,179473,1,0,1
1124760,179474,1,0,1
8016528,179475,1,0,1
6027880,179476,1,1,0
1322312,179477,1,0,1
7692464,179478,1,0,1
7922776,179479,1,1,0
6853376,179480,1,1,0
2419552,179481,1,0,1
8249024,179482,1,1,0
4254056,179483,1,1,0
264504,179484,1,1,0
2065752,179485,1,0,1
4285416,179486,1,0,1
2301048,179487,1,0,1
7284856,179488,1,0,1
536552,179489,1,1,0
1949080,179490,1,0,1
3063848,179491,1,1,0
809888,179492,1,1,0
4712864,179493,1,1,0
2993536,179494,1,1,0
1371200,179495,1,1,0
3318776,179496,1,1,0
4242936,179497,1,0,1
2811744,179498,1,1,0
3202944,179499,1,0,1
7090336,179500,1,0,1
799152,179501,1,0,1
6016704,179502,1,0,1
844992,179503,1,0,1
1337032,179504,1,0,1
269960,179505,1,0,1
3349456,179506,1,0,1
892528,179507,1,1,0
191960,179508,1,0,1
2919072,179509,1,1,0
781432,179510,1,1,0
4044480,179511,1,1,0
644592,179512,1,1,0
333936,179513,1,0,1
855744,179514,1,1,0
1778888,179515,1,0,1
283352,179516,1,1,0
2237184,179517,1,0,1
1588608,179518,1,0,1
5783504,179519,1,1,0
2132152,179520,1,0,1
1267592,179521,1,0,1
848128,179522,1,1,0
5399640,179523,1,0,1
443664,179524,1,0,1
614600,179525,1,1,0
4581376,179526,1,1,0
745072,179527,1,1,0
760728,179528,1,0,1
4486824,179529,1,0,1
937224,179530,1,0,1
4106576,179531,1,0,1
1123640,179532,1,0,1
7576888,179533,1,0,1
1030512,179534,1,0,1
4215648,179535,1,0,1
2123864,179536,1,1,0
7852936,179537,1,1,0
5948624,179538,1,0,1
3167696,179539,1,0,1
376296,179540,1,0,1
729296,179541,1,0,1
3505424,179542,1,0,1
2067672,179543,1,1,0
4099080,179544,1,0,1
4733768,179545,1,0,1
828272,179546,1,0,1
1677416,179547,1,1,0
1844920,179548,1,1,0
3911488,179549,1,1,0
2371928,179550,1,1,0
808800,179551,1,0,1
333472,179552,1,1,0
1390776,179553,1,1,0
4049552,179554,1,1,0
288744,179555,1,0,1
3518360,179556,1,0,1
2390672,179557,1,1,0
869864,179558,1,1,0
5766072,179559,1,0,1
4858064,179560,1,1,0
7942344,179561,1,0,1
1756504,179562,1,0,1
2490224,179563,1,0,1
258224,179564,1,1,0
5475632,179565,1,1,0
2993104,179566,1,1,0
384104,179567,1,1,0
2058680,179568,1,1,0
1065840,179569,1,1,0
6364720,179570,1,1,0
2301112,179571,1,1,0
4131304,179572,1,1,0
1319368,179573,1,0,1
3476768,179574,1,1,0
7165328,179575,1,1,0
480032,179576,1,0,1
2071032,179577,1,1,0
872320,179578,1,0,1
3380976,179579,1,1,0
1372520,179580,1,0,1
2513344,179581,1,1,0
379376,179582,1,1,0
4856824,179583,1,0,1
1044768,179584,1,0,1
221072,179585,1,0,1
2848800,179586,1,0,1
1944496,179587,1,1,0
3872064,179588,1,1,0
2189328,179589,1,0,1
1676664,179590,1,1,0
428552,179591,1,1,0
471120,179592,1,0,1
2702576,179593,1,0,1
4475000,179594,1,1,0
1523800,179595,1,0,1
6872168,179596,1,0,1
1242376,179597,1,1,0
1979216,179598,1,1,0
4571024,179599,1,0,1
521376,179600,1,1,0
6682800,179601,1,0,1
1033040,179602,1,1,0
6220776,179603,1,1,0
7201112,179604,1,1,0
426048,179605,1,1,0
206008,179606,1,1,0
3006256,179607,1,1,0
3470784,179608,1,0,1
5427104,179609,1,0,1
1370744,179610,1,1,0
3692496,179611,1,0,1
1289032,179612,1,1,0
1973256,179613,1,1,0
6141912,179614,1,0,1
5913408,179615,1,1,0
1517768,179616,1,1,0
4989536,179617,1,1,0
1433392,179618,1,0,1
331288,179619,1,1,0
2978960,179620,1,0,1
1204640,179621,1,0,1
6392512,179622,1,0,1
6029312,179623,1,0,1
346384,179624,1,1,0
2597584,179625,1,0,1
5667824,179626,1,0,1
253720,179627,1,0,1
1230448,179628,1,0,1
7946816,179629,1,1,0
3076488,179630,1,1,0
1654584,179631,1,0,1
1917304,179632,1,0,1
236720,179633,1,1,0
1575560,179634,1,1,0
3335768,179635,1,0,1
3107872,179636,1,0,1
4100416,179637,1,1,0
5524560,179638,1,1,0
5046192,179639,1,1,0
1197528,179640,1,0,1
3602528,179641,1,1,0
732248,179642,1,1,0
2788888,179643,1,0,1
431016,179644,1,1,0
2056968,179645,1,0,1
2012248,179646,1,1,0
3195472,179647,1,0,1
1899216,179648,1,0,1
416032,179649,1,1,0
3860056,179650,1,1,0
2351160,179651,1,0,1
411552,179652,1,0,1
5221896,179653,1,0,1
2631064,179654,1,0,1
2004728,179655,1,0,1
1644320,179656,1,0,1
4112760,179657,1,0,1
7170456,179658,1,0,1
984768,179659,1,1,0
951992,179660,1,0,1
1210896,179661,1,1,0
1264424,179662,1,0,1
2385424,179663,1,0,1
5977832,179664,1,1,0
826616,179665,1,1,0
646072,179666,1,1,0
2305000,179667,1,0,1
923680,179668,1,1,0
3770592,179669,1,0,1
6261064,179670,1,0,1
2907528,179671,1,1,0
699768,179672,1,1,0
861984,179673,1,0,1
3982840,179674,1,1,0
1764424,179675,1,0,1
520368,179676,1,0,1
801296,179677,1,0,1
2397224,179678,1,0,1
1384248,179679,1,1,0
7630736,179680,1,1,0
2931168,179681,1,0,1
556128,179682,1,0,1
733832,179683,1,1,0
243960,179684,1,1,0
4674656,179685,1,0,1
4720984,179686,1,0,1
5135048,179687,1,0,1
326304,179688,1,1,0
4985512,179689,1,0,1
2311552,179690,1,1,0
275456,179691,1,0,1
1132296,179692,1,0,1
6207128,179693,1,0,1
256312,179694,1,0,1
2890416,179695,1,1,0
2236440,179696,1,1,0
5850984,179697,1,1,0
7027656,179698,1,0,1
1682680,179699,1,0,1
2414400,179700,1,0,1
3335376,179701,1,1,0
840896,179702,1,1,0
1021696,179703,1,0,1
5048224,179704,1,1,0
1354240,179705,1,1,0
2019744,179706,1,1,0
2279032,179707,1,0,1
7330336,179708,1,0,1
506440,179709,1,0,1
414808,179710,1,0,1
4747504,179711,1,1,0
1084576,179712,1,0,1
4950720,179713,1,0,1
5130400,179714,1,0,1
4669984,179715,1,1,0
3983336,179716,1,1,0
1986424,179717,1,1,0
2737392,179718,1,0,1
1849360,179719,1,1,0
3541160,179720,1,0,1
1552408,179721,1,1,0
416536,179722,1,0,1
1366296,179723,1,1,0
575416,179724,1,0,1
280200,179725,1,0,1
1139864,179726,1,0,1
955288,179727,1,0,1
4110456,179728,1,0,1
1783024,179729,1,1,0
448008,179730,1,1,0
1656032,179731,1,1,0
1445072,179732,1,0,1
3328024,179733,1,0,1
6561992,179734,1,0,1
5299800,179735,1,0,1
3309712,179736,1,0,1
2884688,179737,1,0,1
1490640,179738,1,0,1
3288352,179739,1,1,0
348424,179740,1,0,1
1837440,179741,1,1,0
1892504,179742,1,0,1
2080664,179743,1,0,1
1429792,179744,1,0,1
701328,179745,1,1,0
337792,179746,1,1,0
2671528,179747,1,0,1
6814288,179748,1,0,1
2281672,179749,1,0,1
157752,179750,1,0,1
1103520,179751,1,1,0
5242440,179752,1,0,1
1390360,179753,1,1,0
4701064,179754,1,0,1
946904,179755,1,1,0
841024,179756,1,1,0
5762472,179757,1,0,1
1646816,179758,1,1,0
631208,179759,1,0,1
6859032,179760,1,0,1
4022872,179761,1,0,1
5751256,179762,1,0,1
2235064,179763,1,0,1
8316912,179764,1,1,0
2169688,179765,1,0,1
1807296,179766,1,1,0
2788264,179767,1,0,1
3573560,179768,1,1,0
3033352,179769,1,1,0
124064,179770,1,0,1
509200,179771,1,1,0
3356120,179772,1,1,0
5658536,179773,1,0,1
5566640,179774,1,1,0
1282720,179775,1,0,1
3699992,179776,1,1,0
1861664,179777,1,1,0
2934640,179778,1,1,0
1127216,179779,1,0,1
2991544,179780,1,1,0
3149040,179781,1,0,1
934168,179782,1,0,1
6926848,179783,1,1,0
1637848,179784,1,1,0
4168952,179785,1,0,1
5018320,179786,1,1,0
7400960,179787,1,0,1
2443760,179788,1,0,1
6935680,179789,1,0,1
7837456,179790,1,1,0
1875536,179791,1,0,1
239928,179792,1,1,0
8047128,179793,1,1,0
6849536,179794,1,1,0
3548840,179795,1,1,0
2508168,179796,1,0,1
139632,179797,1,1,0
4449664,179798,1,1,0
2811288,179799,1,1,0
311176,179800,1,1,0
1560848,179801,1,0,1
6233112,179802,1,0,1
7764464,179803,1,0,1
138232,179804,1,0,1
257344,179805,1,1,0
3402648,179806,1,0,1
306920,179807,1,1,0
6814056,179808,1,1,0
592440,179809,1,1,0
2096192,179810,1,1,0
2305856,179811,1,0,1
1100256,179812,1,1,0
3725168,179813,1,0,1
1241568,179814,1,1,0
537096,179815,1,0,1
1410824,179816,1,1,0
7447456,179817,1,0,1
5049168,179818,1,0,1
280360,179819,1,0,1
277976,179820,1,0,1
1168576,179821,1,0,1
460464,179822,1,0,1
1840976,179823,1,1,0
3423808,179824,1,0,1
2074984,179825,1,1,0
573856,179826,1,1,0
2451424,179827,1,0,1
1321664,179828,1,0,1
5588000,179829,1,0,1
3707336,179830,1,0,1
2351136,179831,1,1,0
517504,179832,1,0,1
5388776,179833,1,0,1
479688,179834,1,1,0
242992,179835,1,0,1
775736,179836,1,0,1
587136,179837,1,1,0
3441240,179838,1,1,0
1446952,179839,1,0,1
1514568,179840,1,1,0
285184,179841,1,0,1
4545008,179842,1,0,1
549456,179843,1,1,0
2642632,179844,1,0,1
2583896,179845,1,0,1
1045904,179846,1,0,1
5925480,179847,1,1,0
4190152,179848,1,0,1
2522944,179849,1,0,1
703304,179850,1,0,1
510056,179851,1,1,0
2202216,179852,1,0,1
1715856,179853,1,0,1
155952,179854,1,0,1
7560192,179855,1,0,1
2838856,179856,1,1,0
4273240,179857,1,1,0
631312,179858,1,1,0
511240,179859,1,1,0
691464,179860,1,0,1
3336240,179861,1,1,0
7405256,179862,1,1,0
2558464,179863,1,0,1
3021088,179864,1,0,1
3944784,179865,1,1,0
2584392,179866,1,0,1
703584,179867,1,0,1
6713936,179868,1,1,0
244152,179869,1,1,0
1087272,179870,1,1,0
452488,179871,1,0,1
311112,179872,1,0,1
7112856,179873,1,0,1
1223400,179874,1,0,1
6453464,179875,1,0,1
5333512,179876,1,1,0
4062680,179877,1,0,1
692864,179878,1,0,1
491256,179879,1,0,1
894840,179880,1,1,0
1975752,179881,1,0,1
5449944,179882,1,0,1
5529576,179883,1,1,0
7219760,179884,1,0,1
1810320,179885,1,0,1
2655456,179886,1,1,0
8244904,179887,1,1,0
4784920,179888,1,0,1
2385304,179889,1,1,0
5107112,179890,1,0,1
4119296,179891,1,0,1
1007672,179892,1,0,1
680840,179893,1,0,1
5061504,179894,1,1,0
554264,179895,1,0,1
7317288,179896,1,0,1
471048,179897,1,1,0
2768760,179898,1,0,1
7102328,179899,1,1,0
769624,179900,1,1,0
2475584,179901,1,0,1
5791688,179902,1,1,0
6967096,179903,1,0,1
324392,179904,1,1,0
474088,179905,1,0,1
2083768,179906,1,1,0
3969920,179907,1,1,0
850808,179908,1,1,0
1626888,179909,1,1,0
2269800,179910,1,1,0
4381200,179911,1,0,1
2935424,179912,1,1,0
7024432,179913,1,1,0
1770832,179914,1,1,0
3658784,179915,1,0,1
2418832,179916,1,0,1
3864864,179917,1,0,1
2230760,179918,1,0,1
1104216,179919,1,0,1
1120088,179920,1,0,1
3162472,179921,1,1,0
2763520,179922,1,0,1
4173936,179923,1,0,1
577816,179924,1,0,1
1113520,179925,1,0,1
7191976,179926,1,0,1
2980960,179927,1,1,0
1710472,179928,1,0,1
4004592,179929,1,1,0
1588856,179930,1,0,1
2293664,179931,1,0,1
6126032,179932,1,0,1
400424,179933,1,0,1
1480328,179934,1,1,0
2079512,179935,1,0,1
2597328,179936,1,1,0
302888,179937,1,0,1
1820424,179938,1,0,1
3914312,179939,1,0,1
1935896,179940,1,0,1
5809464,179941,1,1,0
278888,179942,1,0,1
3527768,179943,1,0,1
1115936,179944,1,0,1
3606648,179945,1,0,1
4736016,179946,1,0,1
3174072,179947,1,1,0
7583392,179948,1,1,0
1021344,179949,1,0,1
1660736,179950,1,0,1
541488,179951,1,0,1
2878328,179952,1,1,0
2559208,179953,1,1,0
6678264,179954,1,1,0
1888456,179955,1,0,1
2011384,179956,1,1,0
1403056,179957,1,0,1
1262672,179958,1,0,1
7973592,179959,1,1,0
3376536,179960,1,1,0
2200736,179961,1,0,1
3692744,179962,1,1,0
1507752,179963,1,1,0
4508120,179964,1,1,0
1197880,179965,1,0,1
1000344,179966,1,1,0
6796376,179967,1,0,1
7083544,179968,1,1,0
252488,179969,1,0,1
1817000,179970,1,1,0
1654456,179971,1,1,0
2103632,179972,1,0,1
1027624,179973,1,1,0
674520,179974,1,0,1
262776,179975,1,1,0
300336,179976,1,1,0
1965320,179977,1,0,1
4910888,179978,1,1,0
7249096,179979,1,0,1
3202344,179980,1,0,1
3467632,179981,1,1,0
5492080,179982,1,1,0
1351664,179983,1,0,1
1048776,179984,1,1,0
302408,179985,1,0,1
7800224,179986,1,1,0
3824944,179987,1,1,0
5469752,179988,1,0,1
5820512,179989,1,0,1
6033600,179990,1,0,1
891888,179991,1,0,1
135688,179992,1,0,1
404600,179993,1,1,0
1089912,179994,1,1,0
554144,179995,1,1,0
6334512,179996,1,1,0
1432976,179997,1,1,0
1976232,179998,1,0,1
1090856,179999,1,0,1
5324608,180000,1,1,0
1013568,180001,1,1,0
2323584,180002,1,0,1
7536704,180003,1,1,0
4177024,180004,1,0,1
6185672,180005,1,1,0
5068024,180006,1,0,1
6683600,180007,1,1,0
6930432,180008,1,1,0
2678448,180009,1,1,0
5525952,180010,1,0,1
1887616,180011,1,1,0
1088920,180012,1,1,0
1295160,180013,1,0,1
691040,180014,1,0,1
2917192,180015,1,1,0
222224,180016,1,0,1
3256632,180017,1,0,1
2698536,180018,1,1,0
6710456,180019,1,1,0
1471096,180020,1,0,1
717552,180021,1,0,1
338616,180022,1,0,1
2226856,180023,1,0,1
7437920,180024,1,0,1
1412712,180025,1,1,0
4192608,180026,1,1,0
608736,180027,1,1,0
1613160,180028,1,1,0
3835688,180029,1,1,0
2198600,180030,1,0,1
520792,180031,1,1,0
4657088,180032,1,0,1
2814600,180033,1,0,1
3346568,180034,1,1,0
2305400,180035,1,1,0
2770448,180036,1,0,1
387688,180037,1,0,1
2385808,180038,1,0,1
2940576,180039,1,1,0
2267704,180040,1,0,1
1694288,180041,1,1,0
5669944,180042,1,1,0
4133664,180043,1,0,1
684608,180044,1,0,1
1566816,180045,1,0,1
8133880,180046,1,1,0
958880,180047,1,0,1
6431448,180048,1,1,0
856824,180049,1,0,1
5102296,180050,1,0,1
238984,180051,1,1,0
1853328,180052,1,0,1
1854008,180053,1,0,1
4907624,180054,1,0,1
550032,180055,1,0,1
857232,180056,1,0,1
7140184,180057,1,1,0
1062256,180058,1,0,1
682560,180059,1,0,1
7213648,180060,1,0,1
7857416,180061,1,0,1
1645280,180062,1,0,1
1388608,180063,1,0,1
1559544,180064,1,1,0
4520896,180065,1,0,1
6449904,180066,1,1,0
3218344,180067,1,1,0
3432472,180068,1,1,0
4217264,180069,1,0,1
3348656,180070,1,0,1
1281576,180071,1,0,1
6785744,180072,1,0,1
1065920,180073,1,0,1
1912192,180074,1,1,0
5478056,180075,1,0,1
718744,180076,1,0,1
724064,180077,1,0,1
163384,180078,1,0,1
7919056,180079,1,1,0
7794088,180080,1,1,0
3386352,180081,1,0,1
417512,180082,1,0,1
6842184,180083,1,1,0
3022208,180084,1,1,0
2221856,180085,1,0,1
3673312,180086,1,0,1
4704184,180087,1,0,1
3940440,180088,1,0,1
3936560,180089,1,0,1
556792,180090,1,1,0
411032,180091,1,1,0
6461800,180092,1,0,1
5897936,180093,1,1,0
278400,180094,1,1,0
919768,180095,1,1,0
810288,180096,1,1,0
1383128,180097,1,1,0
2692480,180098,1,1,0
1766888,180099,1,1,0
3156072,180100,1,0,1
1449960,180101,1,1,0
1186504,180102,1,0,1
787856,180103,1,0,1
4746872,180104,1,1,0
252688,180105,1,1,0
8131352,180106,1,1,0
1827544,180107,1,0,1
448952,180108,1,1,0
369504,180109,1,1,0
213264,180110,1,0,1
7919576,180111,1,1,0
2435392,180112,1,1,0
7105288,180113,1,0,1
959152,180114,1,0,1
3466840,180115,1,1,0
1371528,180116,1,0,1
151648,180117,1,0,1
148016,180118,1,0,1
619136,180119,1,1,0
1811696,180120,1,0,1
2661168,180121,1,0,1
4906648,180122,1,0,1
774728,180123,1,1,0
1645432,180124,1,1,0
2677672,180125,1,1,0
2991648,180126,1,1,0
568032,180127,1,1,0
4695824,180128,1,0,1
1676144,180129,1,1,0
865544,180130,1,1,0
919296,180131,1,0,1
3620680,180132,1,1,0
944232,180133,1,1,0
1219864,180134,1,1,0
1348936,180135,1,1,0
1333712,180136,1,1,0
477248,180137,1,0,1
3864096,180138,1,0,1
8267256,180139,1,0,1
5903264,180140,1,0,1
2274832,180141,1,0,1
3510912,180142,1,1,0
1712200,180143,1,1,0
1104952,180144,1,1,0
3241664,180145,1,1,0
1067240,180146,1,0,1
848488,180147,1,0,1
2515976,180148,1,1,0
2242616,180149,1,1,0
1667608,180150,1,1,0
6737424,180151,1,0,1
374048,180152,1,0,1
1929560,180153,1,1,0
7957072,180154,1,0,1
4140912,180155,1,0,1
134688,180156,1,1,0
141648,180157,1,0,1
417792,180158,1,1,0
2112080,180159,1,1,0
1870616,180160,1,1,0
1979032,180161,1,1,0
6468856,180162,1,1,0
2210256,180163,1,0,1
1542200,180164,1,0,1
1995712,180165,1,1,0
446040,180166,1,1,0
1010168,180167,1,1,0
2481512,180168,1,1,0
1622712,180169,1,0,1
7224800,180170,1,0,1
714752,180171,1,0,1
360408,180172,1,0,1
3207616,180173,1,1,0
1161808,180174,1,0,1
2671792,180175,1,0,1
780656,180176,1,0,1
1202152,180177,1,0,1
159088,180178,1,0,1
2886144,180179,1,1,0
7855776,180180,1,0,1
882064,180181,1,0,1
1068304,180182,1,1,0
4149528,180183,1,0,1
426984,180184,1,0,1
814056,180185,1,0,1
4256096,180186,1,1,0
7466032,180187,1,0,1
5230712,180188,1,0,1
3695264,180189,1,0,1
155968,180190,1,1,0
738584,180191,1,1,0
4988648,180192,1,1,0
6340824,180193,1,1,0
5429976,180194,1,1,0
1073736,180195,1,1,0
2859448,180196,1,1,0
7788640,180197,1,0,1
6316568,180198,1,0,1
430944,180199,1,1,0
1103000,180200,1,0,1
2378224,180201,1,1,0
1036008,180202,1,0,1
6296928,180203,1,1,0
3006272,180204,1,1,0
4882176,180205,1,0,1
1432688,180206,1,0,1
791328,180207,1,0,1
667016,180208,1,0,1
5517432,180209,1,0,1
191072,180210,1,1,0
558112,180211,1,1,0
1130632,180212,1,1,0
1602760,180213,1,0,1
132576,180214,1,0,1
8199416,180215,1,0,1
3872352,180216,1,1,0
7743096,180217,1,0,1
676744,180218,1,1,0
1172096,180219,1,0,1
1048968,180220,1,0,1
2193952,180221,1,1,0
283328,180222,1,1,0
7400720,180223,1,0,1
7389440,180224,1,0,1
4337112,180225,1,1,0
2418536,180226,1,1,0
6921104,180227,1,0,1
3137400,180228,1,0,1
2281192,180229,1,0,1
2398776,180230,1,1,0
4973696,180231,1,1,0
1159928,180232,1,1,0
314272,180233,1,0,1
337072,180234,1,1,0
6416480,180235,1,0,1
1210056,180236,1,0,1
1451408,180237,1,0,1
1783168,180238,1,0,1
3444352,180239,1,0,1
248280,180240,1,0,1
827768,180241,1,1,0
4705704,180242,1,1,0
5157024,180243,1,1,0
7486456,180244,1,1,0
7470568,180245,1,0,1
7990272,180246,1,1,0
818680,180247,1,0,1
1210824,180248,1,1,0
4101264,180249,1,1,0
1172312,180250,1,1,0
4563440,180251,1,1,0
219696,180252,1,0,1
5370784,180253,1,1,0
1316256,180254,1,1,0
292984,180255,1,1,0
3811520,180256,1,1,0
204288,180257,1,1,0
3435944,180258,1,1,0
3648632,180259,1,1,0
7362272,180260,1,1,0
462632,180261,1,0,1
2900392,180262,1,1,0
2368192,180263,1,0,1
1286416,180264,1,0,1
4719576,180265,1,1,0
350016,180266,1,1,0
7218160,180267,1,1,0
2321920,180268,1,1,0
2523296,180269,1,1,0
440544,180270,1,1,0
1194336,180271,1,0,1
1719936,180272,1,0,1
2064664,180273,1,0,1
1366392,180274,1,0,1
3601712,180275,1,1,0
175176,180276,1,0,1
6791456,180277,1,0,1
5578888,180278,1,1,0
6094128,180279,1,0,1
289600,180280,1,1,0
1780992,180281,1,1,0
798184,180282,1,1,0
540056,180283,1,0,1
400752,180284,1,1,0
720224,180285,1,0,1
549672,180286,1,1,0
4991264,180287,1,1,0
1870536,180288,1,0,1
8240624,180289,1,1,0
2454184,180290,1,1,0
592936,180291,1,0,1
338536,180292,1,0,1
7932640,180293,1,1,0
1077456,180294,1,0,1
3504616,180295,1,0,1
981128,180296,1,1,0
1753224,180297,1,1,0
390824,180298,1,0,1
3221152,180299,1,1,0
326992,180300,1,1,0
2764992,180301,1,0,1
1908520,180302,1,1,0
1192024,180303,1,1,0
1530176,180304,1,0,1
1208136,180305,1,0,1
5711936,180306,1,1,0
6501056,180307,1,0,1
4741360,180308,1,1,0
452296,180309,1,0,1
5310712,180310,1,1,0
615608,180311,1,0,1
2267304,180312,1,1,0
6082488,180313,1,1,0
691568,180314,1,0,1
1997440,180315,1,0,1
2192208,180316,1,1,0
2160888,180317,1,1,0
593176,180318,1,1,0
2914424,180319,1,0,1
3404832,180320,1,1,0
2758032,180321,1,1,0
7351152,180322,1,1,0
3117880,180323,1,1,0
1781904,180324,1,1,0
742944,180325,1,0,1
1892096,180326,1,1,0
3419048,180327,1,1,0
8223472,180328,1,0,1
1733656,180329,1,1,0
1652408,180330,1,1,0
584344,180331,1,0,1
1368672,180332,1,1,0
6905400,180333,1,0,1
1770024,180334,1,0,1
171768,180335,1,0,1
3491264,180336,1,1,0
484584,180337,1,0,1
8383400,180338,1,0,1
7255648,180339,1,0,1
4542240,180340,1,1,0
428128,180341,1,0,1
3634056,180342,1,0,1
7354376,180343,1,0,1
5093088,180344,1,0,1
6209184,180345,1,1,0
137256,180346,1,1,0
3070104,180347,1,0,1
7838472,180348,1,1,0
3514672,180349,1,1,0
2199592,180350,1,1,0
1163376,180351,1,0,1
6459968,180352,1,1,0
3242208,180353,1,1,0
108304,180354,1,1,0
3300848,180355,1,0,1
4086592,180356,1,1,0
3222224,180357,1,1,0
7678744,180358,1,0,1
1237072,180359,1,0,1
457304,180360,1,0,1
2709912,180361,1,1,0
748216,180362,1,1,0
3380456,180363,1,1,0
979600,180364,1,0,1
1672104,180365,1,0,1
1785584,180366,1,1,0
6336184,180367,1,1,0
6368384,180368,1,0,1
1535072,180369,1,0,1
2059512,180370,1,0,1
1853408,180371,1,1,0
1424744,180372,1,0,1
1864888,180373,1,0,1
4983312,180374,1,1,0
4896232,180375,1,1,0
1156704,180376,1,0,1
344264,180377,1,0,1
1093096,180378,1,1,0
2155656,180379,1,1,0
6643288,180380,1,0,1
3237672,180381,1,1,0
1565656,180382,1,0,1
1072608,180383,1,0,1
1350568,180384,1,0,1
874696,180385,1,0,1
1970824,180386,1,0,1
7337472,180387,1,0,1
6707344,180388,1,1,0
7398144,180389,1,1,0
519696,180390,1,1,0
1107616,180391,1,1,0
5639832,180392,1,0,1
2735192,180393,1,1,0
3319488,180394,1,0,1
7217232,180395,1,1,0
2507512,180396,1,1,0
4731152,180397,1,0,1
3439624,180398,1,0,1
221256,180399,1,0,1
484856,180400,1,0,1
5739768,180401,1,0,1
2728480,180402,1,0,1
5537736,180403,1,1,0
1017448,180404,1,1,0
719856,180405,1,0,1
3376424,180406,1,1,0
6064936,180407,1,1,0
1523552,180408,1,1,0
873568,180409,1,0,1
1004600,180410,1,1,0
2268728,180411,1,1,0
1159552,180412,1,1,0
7110592,180413,1,0,1
1525128,180414,1,0,1
247704,180415,1,0,1
4866544,180416,1,1,0
1256856,180417,1,0,1
533952,180418,1,1,0
258392,180419,1,1,0
6893904,180420,1,1,0
1469080,180421,1,0,1
8261952,180422,1,1,0
1590320,180423,1,0,1
987784,180424,1,1,0
2378880,180425,1,0,1
5850936,180426,1,0,1
2564776,180427,1,1,0
430272,180428,1,0,1
2505688,180429,1,1,0
7160800,180430,1,0,1
4275656,180431,1,0,1
1762304,180432,1,0,1
6354528,180433,1,0,1
5629384,180434,1,1,0
839040,180435,1,1,0
5730368,180436,1,1,0
1555208,180437,1,0,1
7022744,180438,1,0,1
442744,180439,1,1,0
2865008,180440,1,0,1
4133784,180441,1,1,0
3629080,180442,1,0,1
5212352,180443,1,1,0
1770336,180444,1,1,0
8335168,180445,1,1,0
479488,180446,1,0,1
4067168,180447,1,1,0
4942448,180448,1,0,1
2145792,180449,1,0,1
4568984,180450,1,0,1
4483792,180451,1,1,0
4997424,180452,1,1,0
1087984,180453,1,1,0
483256,180454,1,0,1
674112,180455,1,1,0
5788584,180456,1,0,1
2140528,180457,1,1,0
4355432,180458,1,0,1
348944,180459,1,1,0
5576832,180460,1,0,1
2451368,180461,1,0,1
3969384,180462,1,0,1
188920,180463,1,1,0
239912,180464,1,1,0
2278776,180465,1,1,0
1389768,180466,1,1,0
2044712,180467,1,1,0
3789232,180468,1,1,0
1606712,180469,1,1,0
153328,180470,1,1,0
1912744,180471,1,1,0
5240296,180472,1,0,1
2470784,180473,1,1,0
6199488,180474,1,1,0
2045496,180475,1,1,0
189184,180476,1,1,0
1592072,180477,1,1,0
4495496,180478,1,1,0
525352,180479,1,1,0
532256,180480,1,0,1
1462744,180481,1,0,1
4054648,180482,1,1,0
2212992,180483,1,1,0
6310184,180484,1,0,1
260200,180485,1,0,1
3182968,180486,1,1,0
5947088,180487,1,1,0
6398752,180488,1,0,1
360992,180489,1,1,0
7595872,180490,1,0,1
6928552,180491,1,1,0
3265240,180492,1,0,1
1060488,180493,1,0,1
1719560,180494,1,0,1
2339216,180495,1,0,1
2067304,180496,1,0,1
1487544,180497,1,1,0
1799096,180498,1,0,1
5975864,180499,1,0,1
1175032,180500,1,0,1
749896,180501,1,1,0
5940728,180502,1,0,1
293808,180503,1,0,1
6632568,180504,1,0,1
4416640,180505,1,0,1
8301920,180506,1,1,0
6526056,180507,1,0,1
7066120,180508,1,1,0
2425344,180509,1,1,0
248128,180510,1,1,0
5434192,180511,1,1,0
3958792,180512,1,0,1
5753408,180513,1,1,0
4226488,180514,1,0,1
2340344,180515,1,1,0
3010336,180516,1,0,1
110776,180517,1,1,0
2682072,180518,1,1,0
2648928,180519,1,1,0
201784,180520,1,0,1
1112680,180521,1,1,0
3015776,180522,1,1,0
7581040,180523,1,1,0
5548536,180524,1,1,0
3512048,180525,1,0,1
2925744,180526,1,0,1
4189584,180527,1,0,1
1724088,180528,1,1,0
4585672,180529,1,1,0
6501688,180530,1,1,0
2374080,180531,1,0,1
1110056,180532,1,0,1
5050752,180533,1,0,1
7616232,180534,1,0,1
8277160,180535,1,0,1
1838216,180536,1,1,0
1383944,180537,1,0,1
2838800,180538,1,0,1
233320,180539,1,1,0
1488320,180540,1,1,0
2314224,180541,1,1,0
5068064,180542,1,1,0
2857384,180543,1,0,1
1216344,180544,1,1,0
1945416,180545,1,0,1
2965448,180546,1,1,0
716088,180547,1,0,1
298280,180548,1,1,0
2662200,180549,1,1,0
1664920,180550,1,1,0
920672,180551,1,0,1
6471208,180552,1,0,1
731168,180553,1,1,0
6340104,180554,1,0,1
2717088,180555,1,0,1
1963928,180556,1,1,0
1225056,180557,1,0,1
688928,180558,1,0,1
581848,180559,1,1,0
3144064,180560,1,1,0
4180272,180561,1,0,1
1630088,180562,1,0,1
1020688,180563,1,1,0
3067576,180564,1,0,1
3962752,180565,1,0,1
2510416,180566,1,0,1
1558440,180567,1,1,0
5166448,180568,1,1,0
928088,180569,1,1,0
4929944,180570,1,0,1
5843896,180571,1,1,0
5326384,180572,1,1,0
2699608,180573,1,0,1
6300024,180574,1,1,0
2244264,180575,1,0,1
1996056,180576,1,0,1
935824,180577,1,1,0
4265168,180578,1,0,1
3291640,180579,1,1,0
1603592,180580,1,0,1
1318856,180581,1,0,1
3572848,180582,1,0,1
622672,180583,1,1,0
311800,180584,1,0,1
340480,180585,1,0,1
315440,180586,1,0,1
5466832,180587,1,1,0
1538632,180588,1,0,1
3854736,180589,1,0,1
287496,180590,1,1,0
1965224,180591,1,0,1
1202200,180592,1,0,1
3169208,180593,1,0,1
207208,180594,1,0,1
784832,180595,1,0,1
4273288,180596,1,1,0
1057312,180597,1,1,0
2061480,180598,1,1,0
2929512,180599,1,0,1
6122368,180600,1,1,0
2263928,180601,1,1,0
1728096,180602,1,0,1
4181928,180603,1,0,1
5241472,180604,1,0,1
6019808,180605,1,0,1
1891432,180606,1,1,0
5388744,180607,1,1,0
2877312,180608,1,0,1
515240,180609,1,0,1
506968,180610,1,1,0
4860040,180611,1,0,1
5613944,180612,1,0,1
620944,180613,1,0,1
3935520,180614,1,0,1
1688440,180615,1,0,1
1288520,180616,1,1,0
7698072,180617,1,1,0
1399960,180618,1,1,0
917480,180619,1,1,0
2413568,180620,1,0,1
1050800,180621,1,0,1
211272,180622,1,1,0
2774080,180623,1,0,1
1244232,180624,1,0,1
1595488,180625,1,0,1
483432,180626,1,1,0
3696360,180627,1,1,0
2067936,180628,1,1,0
871352,180629,1,0,1
382160,180630,1,1,0
857608,180631,1,0,1
2970808,180632,1,0,1
696680,180633,1,0,1
7249208,180634,1,1,0
1125280,180635,1,0,1
6924416,180636,1,1,0
617120,180637,1,1,0
803712,180638,1,0,1
3977112,180639,1,0,1
1092928,180640,1,1,0
416616,180641,1,0,1
7533328,180642,1,0,1
754648,180643,1,0,1
2839416,180644,1,0,1
3609496,180645,1,1,0
548224,180646,1,0,1
745744,180647,1,1,0
5015304,180648,1,1,0
1703464,180649,1,0,1
7112584,180650,1,1,0
1560904,180651,1,0,1
795472,180652,1,0,1
1991560,180653,1,0,1
7841648,180654,1,0,1
1437048,180655,1,0,1
4224168,180656,1,1,0
4569024,180657,1,0,1
457768,180658,1,1,0
3976312,180659,1,0,1
2294240,180660,1,1,0
1620072,180661,1,1,0
1125648,180662,1,0,1
563560,180663,1,0,1
4732696,180664,1,0,1
4196768,180665,1,1,0
4907504,180666,1,0,1
2869704,180667,1,1,0
990344,180668,1,1,0
3007360,180669,1,0,1
1342392,180670,1,1,0
221408,180671,1,0,1
933920,180672,1,0,1
2671936,180673,1,0,1
7652048,180674,1,0,1
4623576,180675,1,1,0
955264,180676,1,0,1
4244672,180677,1,0,1
2635688,180678,1,1,0
3729016,180679,1,1,0
222152,180680,1,0,1
1131752,180681,1,1,0
5406408,180682,1,0,1
327760,180683,1,0,1
6804160,180684,1,1,0
2378936,180685,1,0,1
1271096,180686,1,1,0
7765520,180687,1,0,1
964984,180688,1,1,0
4238520,180689,1,1,0
3885312,180690,1,1,0
6032264,180691,1,1,0
545008,180692,1,1,0
3776952,180693,1,0,1
87832,180694,1,0,1
1155344,180695,1,0,1
6792592,180696,1,1,0
7667448,180697,1,0,1
261504,180698,1,0,1
3728976,180699,1,0,1
2960576,180700,1,0,1
5632648,180701,1,0,1
7238160,180702,1,0,1
2060584,180703,1,0,1
320256,180704,1,1,0
3718400,180705,1,1,0
6681968,180706,1,0,1
5956544,180707,1,0,1
1708960,180708,1,0,1
833816,180709,1,1,0
1599264,180710,1,0,1
860240,180711,1,1,0
4035264,180712,1,1,0
5880440,180713,1,0,1
3375760,180714,1,0,1
8094952,180715,1,0,1
2024720,180716,1,1,0
5969200,180717,1,0,1
1676448,180718,1,1,0
6971072,180719,1,0,1
4655624,180720,1,1,0
7080296,180721,1,1,0
4477008,180722,1,1,0
461552,180723,1,0,1
6079272,180724,1,1,0
3767392,180725,1,0,1
673184,180726,1,1,0
3931640,180727,1,1,0
1424272,180728,1,1,0
1693912,180729,1,1,0
3959624,180730,1,0,1
2289496,180731,1,1,0
3841048,180732,1,0,1
2068136,180733,1,0,1
6980768,180734,1,1,0
1005504,180735,1,0,1
3901128,180736,1,0,1
1956432,180737,1,0,1
5414512,180738,1,1,0
2646848,180739,1,1,0
6192240,180740,1,0,1
5263008,180741,1,0,1
1166224,180742,1,1,0
1062280,180743,1,0,1
547264,180744,1,1,0
5875112,180745,1,0,1
3925408,180746,1,1,0
5823016,180747,1,1,0
6001160,180748,1,0,1
3662896,180749,1,0,1
466064,180750,1,0,1
1344488,180751,1,1,0
1171448,180752,1,1,0
459224,180753,1,0,1
1690488,180754,1,1,0
4979536,180755,1,0,1
3006312,180756,1,1,0
4501920,180757,1,0,1
2515544,180758,1,0,1
349984,180759,1,1,0
699112,180760,1,1,0
1598344,180761,1,1,0
5982936,180762,1,0,1
2263448,180763,1,1,0
4803224,180764,1,1,0
4174880,180765,1,1,0
467656,180766,1,0,1
3326152,180767,1,0,1
5962720,180768,1,1,0
1278328,180769,1,0,1
1328208,180770,1,1,0
988408,180771,1,0,1
4329032,180772,1,1,0
3761960,180773,1,0,1
7050120,180774,1,1,0
1183208,180775,1,1,0
3582944,180776,1,0,1
7740656,180777,1,0,1
4362408,180778,1,1,0
2216600,180779,1,0,1
1363440,180780,1,0,1
2136632,180781,1,1,0
5923544,180782,1,0,1
2955432,180783,1,1,0
1117672,180784,1,0,1
639928,180785,1,1,0
5989192,180786,1,1,0
2202128,180787,1,0,1
2110120,180788,1,1,0
3942312,180789,1,0,1
1720528,180790,1,0,1
5649776,180791,1,1,0
4013104,180792,1,1,0
2178448,180793,1,1,0
2628496,180794,1,0,1
3673032,180795,1,0,1
1924312,180796,1,1,0
3065824,180797,1,0,1
2156656,180798,1,0,1
3812872,180799,1,1,0
5200376,180800,1,0,1
6279520,180801,1,0,1
2237248,180802,1,0,1
3937392,180803,1,0,1
363008,180804,1,0,1
6332800,180805,1,0,1
1790512,180806,1,0,1
2336664,180807,1,0,1
434816,180808,1,0,1
2153080,180809,1,1,0
5369544,180810,1,1,0
2362808,180811,1,0,1
5846776,180812,1,1,0
1249992,180813,1,0,1
6933184,180814,1,0,1
6219368,180815,1,0,1
2772072,180816,1,1,0
2769512,180817,1,1,0
330760,180818,1,0,1
7508680,180819,1,1,0
2608976,180820,1,0,1
5918048,180821,1,0,1
415688,180822,1,1,0
2410840,180823,1,0,1
2430576,180824,1,0,1
995168,180825,1,0,1
2079424,180826,1,0,1
760816,180827,1,1,0
1762664,180828,1,0,1
350600,180829,1,0,1
1023944,180830,1,0,1
6211744,180831,1,1,0
3463008,180832,1,0,1
983384,180833,1,0,1
7833624,180834,1,1,0
4784840,180835,1,1,0
226016,180836,1,0,1
1359640,180837,1,1,0
4873984,180838,1,0,1
7474072,180839,1,1,0
582944,180840,1,1,0
1801064,180841,1,0,1
5260848,180842,1,1,0
782768,180843,1,0,1
1083392,180844,1,1,0
6473224,180845,1,1,0
452312,180846,1,1,0
3566904,180847,1,1,0
1096072,180848,1,1,0
4433768,180849,1,1,0
3294928,180850,1,0,1
342872,180851,1,1,0
6303040,180852,1,1,0
3895488,180853,1,0,1
407680,180854,1,0,1
3751864,180855,1,1,0
3374592,180856,1,1,0
874016,180857,1,1,0
1456928,180858,1,1,0
1495112,180859,1,1,0
105704,180860,1,1,0
1096352,180861,1,1,0
561352,180862,1,0,1
303008,180863,1,0,1
1501408,180864,1,1,0
99576,180865,1,1,0
1579264,180866,1,1,0
357072,180867,1,1,0
1267320,180868,1,1,0
4570552,180869,1,1,0
2485896,180870,1,0,1
8265544,180871,1,1,0
2614512,180872,1,1,0
5471592,180873,1,0,1
7826872,180874,1,1,0
2053808,180875,1,0,1
753384,180876,1,1,0
1819304,180877,1,0,1
3643776,180878,1,0,1
4209104,180879,1,1,0
1280992,180880,1,0,1
5470440,180881,1,0,1
7153704,180882,1,1,0
3773288,180883,1,0,1
7172224,180884,1,0,1
7100296,180885,1,0,1
189680,180886,1,0,1
2441104,180887,1,0,1
3916624,180888,1,1,0
2454520,180889,1,0,1
816656,180890,1,1,0
740360,180891,1,0,1
3325320,180892,1,0,1
2827960,180893,1,0,1
2668416,180894,1,1,0
2485600,180895,1,0,1
941568,180896,1,0,1
3594320,180897,1,1,0
8078320,180898,1,0,1
1828736,180899,1,0,1
6128976,180900,1,0,1
758928,180901,1,1,0
1024816,180902,1,1,0
6282816,180903,1,0,1
3362784,180904,1,0,1
839216,180905,1,1,0
5543264,180906,1,1,0
811592,180907,1,1,0
4938760,180908,1,0,1
4341608,180909,1,1,0
3953984,180910,1,0,1
3490976,180911,1,1,0
4674864,180912,1,1,0
7954936,180913,1,1,0
309104,180914,1,1,0
1253280,180915,1,1,0
1863592,180916,1,0,1
2557688,180917,1,0,1
2730360,180918,1,0,1
4085296,180919,1,0,1
2674944,180920,1,0,1
1102088,180921,1,1,0
2101424,180922,1,0,1
1024056,180923,1,1,0
721840,180924,1,0,1
6465760,180925,1,1,0
939248,180926,1,1,0
1008064,180927,1,1,0
725784,180928,1,1,0
750672,180929,1,1,0
5844752,180930,1,0,1
865184,180931,1,0,1
205832,180932,1,0,1
4137912,180933,1,1,0
4109880,180934,1,0,1
986520,180935,1,0,1
158936,180936,1,0,1
2274096,180937,1,1,0
3181384,180938,1,0,1
3177600,180939,1,1,0
821816,180940,1,1,0
3774480,180941,1,0,1
182320,180942,1,0,1
5545672,180943,1,1,0
6198408,180944,1,1,0
2448424,180945,1,1,0
4674632,180946,1,0,1
3252544,180947,1,0,1
1273992,180948,1,0,1
5491176,180949,1,0,1
3478656,180950,1,1,0
2171424,180951,1,1,0
1350728,180952,1,1,0
829464,180953,1,0,1
5716072,180954,1,0,1
1180472,180955,1,0,1
3747776,180956,1,0,1
2773232,180957,1,0,1
5861504,180958,1,1,0
3707464,180959,1,1,0
1638264,180960,1,1,0
616600,180961,1,1,0
7441216,180962,1,0,1
3138704,180963,1,0,1
6737432,180964,1,1,0
4680344,180965,1,1,0
7989496,180966,1,1,0
5944712,180967,1,0,1
6549320,180968,1,1,0
2751704,180969,1,0,1
2541960,180970,1,0,1
7370000,180971,1,1,0
4413800,180972,1,0,1
5873168,180973,1,1,0
2699136,180974,1,0,1
1056368,180975,1,0,1
1367024,180976,1,0,1
8311744,180977,1,0,1
5156824,180978,1,1,0
7172784,180979,1,0,1
4149656,180980,1,0,1
5530088,180981,1,1,0
5173288,180982,1,1,0
4184848,180983,1,1,0
530904,180984,1,1,0
489968,180985,1,1,0
3228728,180986,1,0,1
1704952,180987,1,0,1
1815344,180988,1,1,0
5648472,180989,1,0,1
1973792,180990,1,0,1
3581880,180991,1,0,1
1660208,180992,1,1,0
4921512,180993,1,0,1
946728,180994,1,0,1
6730664,180995,1,1,0
664120,180996,1,1,0
1572112,180997,1,0,1
4050096,180998,1,0,1
8309328,180999,1,1,0
954480,181000,1,0,1
3374880,181001,1,0,1
6991696,181002,1,1,0
1185696,181003,1,0,1
6751976,181004,1,1,0
1778512,181005,1,0,1
7493800,181006,1,1,0
4203312,181007,1,1,0
804104,181008,1,1,0
3789112,181009,1,0,1
445328,181010,1,1,0
3332648,181011,1,0,1
768856,181012,1,1,0
2304624,181013,1,0,1
7624016,181014,1,1,0
283896,181015,1,1,0
226160,181016,1,1,0
3032984,181017,1,0,1
4950504,181018,1,1,0
1467472,181019,1,0,1
5474344,181020,1,1,0
2515208,181021,1,0,1
1638904,181022,1,0,1
8268800,181023,1,1,0
2271000,181024,1,0,1
6585432,181025,1,1,0
1679624,181026,1,1,0
810952,181027,1,0,1
2318512,181028,1,1,0
5789744,181029,1,0,1
483240,181030,1,1,0
3298592,181031,1,0,1
929400,181032,1,0,1
5004432,181033,1,1,0
7753808,181034,1,0,1
793280,181035,1,1,0
2593240,181036,1,1,0
1274456,181037,1,0,1
604208,181038,1,0,1
4689568,181039,1,0,1
2055656,181040,1,1,0
2436264,181041,1,1,0
1969720,181042,1,1,0
5690192,181043,1,1,0
375616,181044,1,1,0
2267216,181045,1,1,0
5965488,181046,1,0,1
6725984,181047,1,1,0
920280,181048,1,0,1
630264,181049,1,0,1
3316856,181050,1,1,0
3435312,181051,1,0,1
2661584,181052,1,1,0
6743728,181053,1,1,0
5158504,181054,1,0,1
3442016,181055,1,1,0
2803416,181056,1,1,0
3075944,181057,1,0,1
443552,181058,1,1,0
212424,181059,1,1,0
4519424,181060,1,0,1
668560,181061,1,0,1
2729448,181062,1,1,0
4968656,181063,1,0,1
1330784,181064,1,1,0
5459160,181065,1,0,1
7280576,181066,1,1,0
567832,181067,1,1,0
623576,181068,1,0,1
3560616,181069,1,0,1
739376,181070,1,1,0
5704816,181071,1,0,1
5267912,181072,1,1,0
6316680,181073,1,0,1
3437024,181074,1,0,1
309800,181075,1,1,0
7210912,181076,1,1,0
1328112,181077,1,0,1
7503120,181078,1,1,0
2606656,181079,1,0,1
3151856,181080,1,0,1
4314456,181081,1,0,1
646864,181082,1,0,1
687088,181083,1,1,0
2589672,181084,1,1,0
2826928,181085,1,1,0
3072552,181086,1,1,0
2802376,181087,1,0,1
1080944,181088,1,1,0
347760,181089,1,1,0
895976,181090,1,0,1
411640,181091,1,1,0
1958872,181092,1,1,0
423896,181093,1,0,1
3294336,181094,1,0,1
5660392,181095,1,1,0
1653056,181096,1,0,1
2506360,181097,1,0,1
700296,181098,1,1,0
6298584,181099,1,1,0
4034248,181100,1,0,1
1564880,181101,1,1,0
5398232,181102,1,1,0
3037408,181103,1,1,0
2910408,181104,1,1,0
2282008,181105,1,1,0
7485720,181106,1,1,0
767696,181107,1,0,1
2344312,181108,1,1,0
362776,181109,1,1,0
7041144,181110,1,0,1
2503376,181111,1,1,0
3201224,181112,1,1,0
4507072,181113,1,1,0
656824,181114,1,0,1
4029152,181115,1,0,1
6767416,181116,1,1,0
4974176,181117,1,0,1
6898960,181118,1,0,1
3802264,181119,1,0,1
5291352,181120,1,0,1
7463224,181121,1,1,0
2467352,181122,1,0,1
1914504,181123,1,1,0
713880,181124,1,0,1
1835704,181125,1,0,1
1591432,181126,1,0,1
3096896,181127,1,0,1
5172152,181128,1,0,1
2938504,181129,1,0,1
3372344,181130,1,1,0
5181480,181131,1,0,1
5326656,181132,1,0,1
5810200,181133,1,1,0
6618496,181134,1,0,1
2622696,181135,1,1,0
2757288,181136,1,0,1
3642008,181137,1,0,1
2955920,181138,1,1,0
1073776,181139,1,0,1
708448,181140,1,1,0
8304264,181141,1,0,1
1344080,181142,1,1,0
3891432,181143,1,0,1
1705280,181144,1,1,0
3048936,181145,1,0,1
2837696,181146,1,0,1
3726736,181147,1,0,1
771048,181148,1,1,0
1605808,181149,1,1,0
6862696,181150,1,1,0
2326832,181151,1,1,0
2503888,181152,1,0,1
8295640,181153,1,1,0
113856,181154,1,0,1
2574776,181155,1,1,0
5420992,181156,1,1,0
7807632,181157,1,0,1
1220520,181158,1,1,0
2672152,181159,1,0,1
3910656,181160,1,0,1
1998520,181161,1,1,0
5610464,181162,1,0,1
6870480,181163,1,0,1
315960,181164,1,0,1
2578728,181165,1,1,0
3316760,181166,1,1,0
5487512,181167,1,0,1
796008,181168,1,0,1
1568240,181169,1,1,0
6153768,181170,1,0,1
4558232,181171,1,1,0
1163552,181172,1,0,1
4430048,181173,1,1,0
2632896,181174,1,1,0
4280976,181175,1,1,0
7433112,181176,1,0,1
3524168,181177,1,1,0
1723440,181178,1,1,0
1369808,181179,1,1,0
283968,181180,1,1,0
1029496,181181,1,1,0
1928680,181182,1,1,0
4898608,181183,1,1,0
5667968,181184,1,1,0
1700848,181185,1,0,1
711448,181186,1,0,1
1443824,181187,1,0,1
2891232,181188,1,1,0
4082424,181189,1,1,0
3901104,181190,1,0,1
1178008,181191,1,0,1
720544,181192,1,0,1
1066776,181193,1,1,0
458952,181194,1,1,0
2791200,181195,1,1,0
807264,181196,1,0,1
8141760,181197,1,0,1
330024,181198,1,0,1
5978176,181199,1,1,0
6535400,181200,1,0,1
498976,181201,1,1,0
4104760,181202,1,0,1
1250032,181203,1,0,1
1243160,181204,1,1,0
1457776,181205,1,1,0
6105616,181206,1,0,1
1450176,181207,1,0,1
1514160,181208,1,1,0
2477352,181209,1,1,0
2605000,181210,1,1,0
269320,181211,1,0,1
483560,181212,1,0,1
1608672,181213,1,1,0
1251240,181214,1,1,0
1546568,181215,1,1,0
4235544,181216,1,1,0
3761504,181217,1,1,0
2503424,181218,1,1,0
2679152,181219,1,0,1
3642016,181220,1,1,0
299048,181221,1,1,0
875256,181222,1,1,0
1013512,181223,1,0,1
2385600,181224,1,1,0
1187240,181225,1,1,0
1066016,181226,1,1,0
206712,181227,1,0,1
4679824,181228,1,1,0
4356016,181229,1,0,1
2327368,181230,1,0,1
8307472,181231,1,1,0
1877008,181232,1,0,1
1247704,181233,1,1,0
3495080,181234,1,0,1
2682640,181235,1,0,1
2435016,181236,1,0,1
5953256,181237,1,0,1
5535216,181238,1,1,0
1755184,181239,1,0,1
1631400,181240,1,1,0
3689336,181241,1,0,1
2110640,181242,1,1,0
1003144,181243,1,1,0
1293816,181244,1,1,0
1448416,181245,1,1,0
5753760,181246,1,0,1
3931856,181247,1,1,0
4640512,181248,1,0,1
1988968,181249,1,1,0
5215624,181250,1,0,1
2087800,181251,1,1,0
5292272,181252,1,0,1
6969016,181253,1,0,1
2392120,181254,1,0,1
6603008,181255,1,1,0
1504208,181256,1,1,0
419312,181257,1,1,0
2719304,181258,1,1,0
4196704,181259,1,0,1
525168,181260,1,0,1
8297248,181261,1,1,0
500264,181262,1,1,0
451504,181263,1,0,1
546136,181264,1,1,0
2895168,181265,1,1,0
6466056,181266,1,0,1
384160,181267,1,1,0
2004136,181268,1,1,0
4096472,181269,1,1,0
2857224,181270,1,1,0
1473728,181271,1,1,0
877968,181272,1,1,0
6878296,181273,1,0,1
6080912,181274,1,0,1
1404600,181275,1,1,0
1194320,181276,1,0,1
2333536,181277,1,0,1
2071480,181278,1,0,1
2742496,181279,1,1,0
1147880,181280,1,1,0
5824048,181281,1,1,0
3605224,181282,1,1,0
2170720,181283,1,1,0
4768728,181284,1,0,1
249440,181285,1,1,0
3554624,181286,1,1,0
333104,181287,1,0,1
1160656,181288,1,1,0
8168168,181289,1,1,0
1026632,181290,1,0,1
278808,181291,1,0,1
979040,181292,1,0,1
4428296,181293,1,0,1
2457568,181294,1,1,0
1420304,181295,1,0,1
6567064,181296,1,0,1
3503184,181297,1,0,1
2513296,181298,1,1,0
7290520,181299,1,1,0
536904,181300,1,1,0
3501304,181301,1,0,1
5705168,181302,1,0,1
254592,181303,1,0,1
3496576,181304,1,0,1
748144,181305,1,0,1
1130416,181306,1,0,1
4869320,181307,1,1,0
6721776,181308,1,1,0
6297568,181309,1,1,0
802680,181310,1,0,1
1672112,181311,1,1,0
2736496,181312,1,1,0
3789816,181313,1,0,1
7438872,181314,1,1,0
1909304,181315,1,0,1
6697928,181316,1,0,1
6643240,181317,1,1,0
4245224,181318,1,1,0
353896,181319,1,1,0
846024,181320,1,0,1
6453656,181321,1,0,1
3825760,181322,1,1,0
1115104,181323,1,1,0
5211528,181324,1,0,1
5019232,181325,1,1,0
151808,181326,1,0,1
7235648,181327,1,0,1
5000328,181328,1,0,1
2141664,181329,1,0,1
408600,181330,1,1,0
1779024,181331,1,1,0
3680920,181332,1,1,0
4983536,181333,1,0,1
592072,181334,1,0,1
1925792,181335,1,1,0
499752,181336,1,0,1
4498112,181337,1,0,1
7815920,181338,1,1,0
2998792,181339,1,0,1
1031296,181340,1,1,0
4928832,181341,1,1,0
1119928,181342,1,0,1
3839936,181343,1,0,1
1184264,181344,1,0,1
5946600,181345,1,0,1
4073488,181346,1,0,1
524768,181347,1,0,1
673712,181348,1,0,1
8040632,181349,1,1,0
1633336,181350,1,0,1
1264992,181351,1,1,0
685680,181352,1,0,1
2261024,181353,1,0,1
4834888,181354,1,1,0
4088408,181355,1,1,0
560432,181356,1,0,1
846432,181357,1,0,1
518424,181358,1,0,1
755736,181359,1,0,1
655680,181360,1,1,0
2790552,181361,1,1,0
800184,181362,1,0,1
2417392,181363,1,0,1
7540584,181364,1,1,0
4950552,181365,1,1,0
3553504,181366,1,0,1
215464,181367,1,0,1
131608,181368,1,0,1
551296,181369,1,0,1
1786496,181370,1,1,0
7180120,181371,1,1,0
2536152,181372,1,1,0
434272,181373,1,1,0
1281008,181374,1,0,1
6090448,181375,1,0,1
1328024,181376,1,1,0
790760,181377,1,1,0
1721656,181378,1,0,1
3712200,181379,1,0,1
919904,181380,1,0,1
2379648,181381,1,1,0
1793768,181382,1,0,1
3337016,181383,1,1,0
8018952,181384,1,0,1
1357920,181385,1,0,1
4070800,181386,1,0,1
2235336,181387,1,0,1
2814632,181388,1,1,0
922256,181389,1,0,1
72792,181390,1,1,0
6621592,181391,1,1,0
3843296,181392,1,0,1
1443584,181393,1,1,0
7917160,181394,1,0,1
3605104,181395,1,1,0
3222632,181396,1,0,1
7739856,181397,1,0,1
1736304,181398,1,1,0
8238720,181399,1,0,1
7020520,181400,1,1,0
1816528,181401,1,0,1
7382968,181402,1,0,1
7043072,181403,1,0,1
2755976,181404,1,1,0
237528,181405,1,0,1
1605504,181406,1,1,0
712672,181407,1,1,0
8095432,181408,1,0,1
351616,181409,1,0,1
626016,181410,1,1,0
6350848,181411,1,0,1
846456,181412,1,0,1
603600,181413,1,0,1
2785616,181414,1,1,0
1132152,181415,1,1,0
1376624,181416,1,1,0
4701704,181417,1,0,1
191608,181418,1,0,1
4852104,181419,1,0,1
2881288,181420,1,1,0
3394856,181421,1,1,0
2175472,181422,1,1,0
4810760,181423,1,1,0
2712632,181424,1,1,0
80104,181425,1,0,1
3253552,181426,1,1,0
1608416,181427,1,1,0
4136768,181428,1,1,0
7655456,181429,1,0,1
4969536,181430,1,1,0
6064632,181431,1,1,0
425240,181432,1,0,1
3890032,181433,1,1,0
2353704,181434,1,0,1
1960696,181435,1,1,0
1596896,181436,1,1,0
277888,181437,1,0,1
4571408,181438,1,1,0
1522280,181439,1,0,1
6705832,181440,1,1,0
1900040,181441,1,0,1
4088944,181442,1,0,1
5952064,181443,1,1,0
2097032,181444,1,0,1
2626904,181445,1,0,1
6789512,181446,1,0,1
1523936,181447,1,1,0
118048,181448,1,0,1
7083064,181449,1,0,1
1567816,181450,1,1,0
377384,181451,1,0,1
6346824,181452,1,0,1
1801520,181453,1,1,0
6083928,181454,1,1,0
5108520,181455,1,1,0
7045672,181456,1,0,1
1729752,181457,1,0,1
302744,181458,1,0,1
177560,181459,1,0,1
525216,181460,1,1,0
652256,181461,1,0,1
1745296,181462,1,0,1
1844992,181463,1,1,0
841376,181464,1,0,1
4151072,181465,1,0,1
7165656,181466,1,1,0
1201608,181467,1,0,1
683488,181468,1,1,0
4725368,181469,1,0,1
1431736,181470,1,1,0
3996736,181471,1,1,0
2028296,181472,1,1,0
6093280,181473,1,0,1
290432,181474,1,0,1
1337848,181475,1,0,1
3907624,181476,1,1,0
2172152,181477,1,0,1
946208,181478,1,1,0
5728176,181479,1,1,0
466920,181480,1,1,0
2176720,181481,1,0,1
319360,181482,1,1,0
7101320,181483,1,1,0
2533120,181484,1,1,0
2143752,181485,1,0,1
254472,181486,1,1,0
8241440,181487,1,1,0
1551240,181488,1,0,1
353256,181489,1,1,0
4630120,181490,1,1,0
1827272,181491,1,0,1
4334560,181492,1,0,1
7026416,181493,1,0,1
1217608,181494,1,1,0
3725536,181495,1,0,1
5845632,181496,1,1,0
482984,181497,1,0,1
299024,181498,1,1,0
1879912,181499,1,0,1
397760,181500,1,1,0
7861352,181501,1,1,0
3124608,181502,1,0,1
5283496,181503,1,1,0
5856184,181504,1,1,0
236944,181505,1,1,0
177552,181506,1,0,1
3021848,181507,1,0,1
4861096,181508,1,0,1
661824,181509,1,1,0
1263816,181510,1,1,0
1689808,181511,1,1,0
244168,181512,1,1,0
3766600,181513,1,1,0
1605304,181514,1,0,1
120832,181515,1,0,1
1993432,181516,1,1,0
4888704,181517,1,0,1
6064336,181518,1,0,1
171624,181519,1,1,0
4952320,181520,1,0,1
6144080,181521,1,1,0
7101944,181522,1,1,0
2188208,181523,1,1,0
2124816,181524,1,1,0
2010592,181525,1,0,1
5771624,181526,1,0,1
2298560,181527,1,1,0
898696,181528,1,1,0
1056480,181529,1,1,0
3804576,181530,1,1,0
2205784,181531,1,0,1
7351824,181532,1,1,0
1063160,181533,1,1,0
971368,181534,1,1,0
611504,181535,1,1,0
3415160,181536,1,1,0
684144,181537,1,1,0
304664,181538,1,0,1
3387520,181539,1,0,1
2664832,181540,1,0,1
665008,181541,1,0,1
5354112,181542,1,0,1
582576,181543,1,0,1
7815216,181544,1,0,1
595328,181545,1,1,0
4590840,181546,1,0,1
575024,181547,1,1,0
1528888,181548,1,1,0
1447136,181549,1,1,0
7105744,181550,1,1,0
4361360,181551,1,0,1
1157720,181552,1,0,1
4087832,181553,1,1,0
2086488,181554,1,0,1
4026184,181555,1,1,0
1783240,181556,1,1,0
7719408,181557,1,0,1
2721064,181558,1,0,1
1656024,181559,1,1,0
1071744,181560,1,0,1
1651032,181561,1,0,1
8005944,181562,1,1,0
4333344,181563,1,1,0
938424,181564,1,1,0
1143320,181565,1,0,1
112432,181566,1,0,1
3863920,181567,1,1,0
1641888,181568,1,1,0
936048,181569,1,1,0
4309384,181570,1,0,1
4103600,181571,1,0,1
3460296,181572,1,0,1
521880,181573,1,0,1
853200,181574,1,1,0
1390720,181575,1,1,0
638912,181576,1,1,0
202960,181577,1,1,0
3171320,181578,1,1,0
481840,181579,1,1,0
8024432,181580,1,1,0
2630360,181581,1,1,0
7195288,181582,1,0,1
4213768,181583,1,0,1
341368,181584,1,1,0
2377568,181585,1,1,0
1712032,181586,1,0,1
1063576,181587,1,0,1
2279480,181588,1,0,1
3297592,181589,1,0,1
2582568,181590,1,1,0
2495584,181591,1,1,0
2982816,181592,1,1,0
2989072,181593,1,1,0
5249760,181594,1,1,0
6418400,181595,1,1,0
4659808,181596,1,0,1
3685512,181597,1,0,1
6806392,181598,1,1,0
2709168,181599,1,0,1
8206712,181600,1,1,0
1458376,181601,1,1,0
3467784,181602,1,1,0
2415848,181603,1,1,0
2518680,181604,1,1,0
5012248,181605,1,0,1
4607872,181606,1,1,0
395416,181607,1,0,1
1073336,181608,1,0,1
3148440,181609,1,1,0
1472960,181610,1,0,1
5960704,181611,1,1,0
3377384,181612,1,1,0
619296,181613,1,0,1
2397560,181614,1,0,1
2301976,181615,1,0,1
3236256,181616,1,0,1
2804256,181617,1,0,1
1925544,181618,1,0,1
5971728,181619,1,0,1
3262056,181620,1,0,1
168800,181621,1,1,0
867056,181622,1,1,0
1858544,181623,1,1,0
1135384,181624,1,0,1
2497912,181625,1,1,0
2742456,181626,1,1,0
2328712,181627,1,0,1
712080,181628,1,1,0
1582312,181629,1,0,1
6355992,181630,1,0,1
4429568,181631,1,0,1
881256,181632,1,1,0
1563992,181633,1,0,1
5402344,181634,1,1,0
7217472,181635,1,0,1
5029592,181636,1,0,1
2317720,181637,1,0,1
1569376,181638,1,1,0
2200928,181639,1,0,1
4652320,181640,1,1,0
5174992,181641,1,0,1
1561936,181642,1,0,1
1769936,181643,1,0,1
962456,181644,1,0,1
4759472,181645,1,1,0
907936,181646,1,0,1
2592912,181647,1,0,1
2927696,181648,1,1,0
6146656,181649,1,0,1
1068376,181650,1,0,1
6041328,181651,1,0,1
2068664,181652,1,0,1
7406912,181653,1,0,1
2692632,181654,1,0,1
358248,181655,1,1,0
2016800,181656,1,0,1
1548064,181657,1,0,1
4502184,181658,1,1,0
1009568,181659,1,0,1
6401704,181660,1,1,0
1323000,181661,1,1,0
1385664,181662,1,0,1
627944,181663,1,0,1
619648,181664,1,0,1
2644712,181665,1,1,0
1364768,181666,1,0,1
4272544,181667,1,0,1
1019656,181668,1,0,1
872856,181669,1,0,1
7402776,181670,1,0,1
4211416,181671,1,0,1
4045368,181672,1,1,0
885296,181673,1,1,0
6452592,181674,1,0,1
1500904,181675,1,0,1
1353296,181676,1,0,1
7336248,181677,1,1,0
1685608,181678,1,0,1
8204480,181679,1,1,0
6847408,181680,1,0,1
6747960,181681,1,0,1
386040,181682,1,1,0
4275832,181683,1,1,0
1084456,181684,1,0,1
7804056,181685,1,0,1
3355768,181686,1,0,1
3228136,181687,1,1,0
551200,181688,1,0,1
2666024,181689,1,0,1
3678496,181690,1,1,0
1153104,181691,1,1,0
2612768,181692,1,0,1
474440,181693,1,1,0
1499800,181694,1,0,1
557408,181695,1,1,0
689928,181696,1,0,1
650696,181697,1,1,0
903488,181698,1,1,0
819120,181699,1,0,1
551304,181700,1,0,1
3317240,181701,1,0,1
2277208,181702,1,1,0
7573032,181703,1,1,0
670768,181704,1,0,1
310264,181705,1,1,0
8280296,181706,1,0,1
3434488,181707,1,0,1
812464,181708,1,0,1
2162960,181709,1,0,1
2033752,181710,1,0,1
5633800,181711,1,1,0
2942904,181712,1,1,0
2515904,181713,1,1,0
6015208,181714,1,1,0
6937056,181715,1,1,0
5183688,181716,1,0,1
3411224,181717,1,0,1
1866080,181718,1,0,1
581792,181719,1,1,0
7057816,181720,1,0,1
6496112,181721,1,0,1
3905296,181722,1,1,0
4103376,181723,1,0,1
4569936,181724,1,0,1
2145544,181725,1,0,1
6480144,181726,1,1,0
6825264,181727,1,0,1
7072296,181728,1,1,0
4312840,181729,1,1,0
3798968,181730,1,1,0
7565728,181731,1,1,0
4018672,181732,1,1,0
2241880,181733,1,0,1
8101064,181734,1,1,0
218760,181735,1,0,1
1626936,181736,1,0,1
2129464,181737,1,0,1
2836064,181738,1,0,1
2601824,181739,1,0,1
2897304,181740,1,1,0
5992232,181741,1,1,0
4840928,181742,1,0,1
4557200,181743,1,1,0
1669584,181744,1,1,0
3921416,181745,1,1,0
3031880,181746,1,1,0
1302360,181747,1,0,1
844296,181748,1,1,0
3933200,181749,1,1,0
588688,181750,1,0,1
270584,181751,1,0,1
167128,181752,1,0,1
6153128,181753,1,0,1
3962784,181754,1,1,0
431168,181755,1,1,0
4397872,181756,1,1,0
5390640,181757,1,1,0
853288,181758,1,0,1
4907608,181759,1,1,0
1642752,181760,1,0,1
2087536,181761,1,0,1
3765176,181762,1,0,1
3676800,181763,1,0,1
4746568,181764,1,1,0
2288752,181765,1,0,1
2677864,181766,1,1,0
4509088,181767,1,1,0
5819752,181768,1,1,0
5192808,181769,1,1,0
3235944,181770,1,1,0
3727000,181771,1,1,0
6911232,181772,1,0,1
5539960,181773,1,1,0
3022960,181774,1,0,1
584568,181775,1,0,1
3347384,181776,1,1,0
3619056,181777,1,1,0
2475392,181778,1,1,0
2045560,181779,1,0,1
1749168,181780,1,1,0
5954848,181781,1,1,0
200408,181782,1,1,0
2287832,181783,1,1,0
6386560,181784,1,0,1
4129712,181785,1,0,1
1087584,181786,1,0,1
300520,181787,1,0,1
1131664,181788,1,0,1
913240,181789,1,0,1
3800584,181790,1,0,1
7652792,181791,1,0,1
214504,181792,1,0,1
586320,181793,1,0,1
2327496,181794,1,1,0
879616,181795,1,0,1
5813528,181796,1,0,1
965632,181797,1,1,0
4706384,181798,1,0,1
4783360,181799,1,0,1
5504064,181800,1,1,0
4200272,181801,1,0,1
6172760,181802,1,0,1
678624,181803,1,0,1
4237176,181804,1,1,0
1237624,181805,1,0,1
8326536,181806,1,1,0
6264264,181807,1,1,0
707392,181808,1,0,1
563192,181809,1,1,0
4379720,181810,1,0,1
5119216,181811,1,0,1
2437968,181812,1,0,1
1615464,181813,1,1,0
6522888,181814,1,0,1
205144,181815,1,0,1
729920,181816,1,0,1
5297864,181817,1,0,1
2868600,181818,1,1,0
3695888,181819,1,1,0
5025768,181820,1,0,1
3949480,181821,1,1,0
1262752,181822,1,0,1
5377640,181823,1,1,0
684184,181824,1,0,1
1047616,181825,1,1,0
279400,181826,1,0,1
2985048,181827,1,1,0
2341680,181828,1,0,1
6021560,181829,1,0,1
6495976,181830,1,1,0
3161000,181831,1,1,0
4106352,181832,1,1,0
871216,181833,1,0,1
441160,181834,1,1,0
882288,181835,1,1,0
8133160,181836,1,0,1
4527648,181837,1,0,1
1269656,181838,1,0,1
5369528,181839,1,0,1
1401328,181840,1,0,1
2512856,181841,1,1,0
768880,181842,1,1,0
4100288,181843,1,0,1
2104584,181844,1,1,0
1877816,181845,1,0,1
1079176,181846,1,0,1
706248,181847,1,1,0
3272176,181848,1,1,0
7764480,181849,1,0,1
4464400,181850,1,1,0
7821904,181851,1,0,1
2854888,181852,1,0,1
4719184,181853,1,0,1
1392080,181854,1,1,0
1870384,181855,1,1,0
3454112,181856,1,1,0
2808912,181857,1,0,1
110352,181858,1,1,0
822936,181859,1,0,1
1428288,181860,1,1,0
6187920,181861,1,1,0
1049176,181862,1,1,0
2836936,181863,1,1,0
917992,181864,1,0,1
858784,181865,1,0,1
6429224,181866,1,1,0
6781832,181867,1,1,0
5175600,181868,1,0,1
386320,181869,1,0,1
8079120,181870,1,1,0
927384,181871,1,0,1
907168,181872,1,0,1
7390032,181873,1,0,1
3852464,181874,1,1,0
4591736,181875,1,1,0
2283128,181876,1,1,0
6515672,181877,1,1,0
1573736,181878,1,0,1
4490280,181879,1,0,1
1877216,181880,1,1,0
787360,181881,1,1,0
5382520,181882,1,0,1
1675424,181883,1,0,1
1748752,181884,1,0,1
561104,181885,1,1,0
1217928,181886,1,0,1
8214824,181887,1,0,1
1574056,181888,1,0,1
3307336,181889,1,1,0
1206984,181890,1,1,0
2219136,181891,1,0,1
2687632,181892,1,1,0
3921504,181893,1,1,0
4275352,181894,1,1,0
1330456,181895,1,1,0
2175960,181896,1,1,0
2850840,181897,1,1,0
1717456,181898,1,0,1
561984,181899,1,0,1
4162872,181900,1,0,1
4055920,181901,1,0,1
1585808,181902,1,0,1
2690344,181903,1,1,0
3426152,181904,1,0,1
305368,181905,1,0,1
3174912,181906,1,0,1
7269904,181907,1,0,1
1246040,181908,1,1,0
6806584,181909,1,1,0
2412704,181910,1,1,0
2294496,181911,1,0,1
4512968,181912,1,0,1
613304,181913,1,1,0
1005736,181914,1,0,1
3219272,181915,1,1,0
1346120,181916,1,0,1
488216,181917,1,0,1
5691224,181918,1,1,0
646024,181919,1,0,1
8087984,181920,1,1,0
5457800,181921,1,1,0
6499072,181922,1,0,1
5692616,181923,1,1,0
1545784,181924,1,0,1
665408,181925,1,1,0
886872,181926,1,0,1
7882912,181927,1,0,1
2611872,181928,1,0,1
895392,181929,1,0,1
1299680,181930,1,1,0
7067840,181931,1,0,1
451144,181932,1,1,0
173032,181933,1,0,1
248056,181934,1,0,1
445152,181935,1,1,0
384928,181936,1,1,0
7941992,181937,1,1,0
7491152,181938,1,1,0
181872,181939,1,1,0
1393808,181940,1,1,0
3446680,181941,1,0,1
580464,181942,1,0,1
5008344,181943,1,0,1
246760,181944,1,0,1
6793888,181945,1,1,0
4336520,181946,1,1,0
1983000,181947,1,0,1
768712,181948,1,1,0
7072016,181949,1,0,1
6452768,181950,1,0,1
8149888,181951,1,0,1
5539896,181952,1,1,0
868016,181953,1,0,1
3446632,181954,1,0,1
1168072,181955,1,0,1
1373072,181956,1,0,1
5382048,181957,1,0,1
517760,181958,1,1,0
8115696,181959,1,0,1
1020104,181960,1,1,0
824840,181961,1,1,0
845648,181962,1,1,0
3193200,181963,1,1,0
2731376,181964,1,0,1
1949688,181965,1,1,0
4069544,181966,1,0,1
861992,181967,1,0,1
2451680,181968,1,1,0
634608,181969,1,1,0
1832952,181970,1,1,0
5326680,181971,1,1,0
3861688,181972,1,1,0
3655920,181973,1,1,0
4816800,181974,1,1,0
2890144,181975,1,1,0
980672,181976,1,1,0
8230752,181977,1,1,0
775208,181978,1,0,1
804216,181979,1,1,0
1993160,181980,1,0,1
1281696,181981,1,0,1
3223648,181982,1,0,1
935736,181983,1,0,1
594416,181984,1,1,0
4470816,181985,1,0,1
7732936,181986,1,0,1
7235632,181987,1,0,1
1389664,181988,1,0,1
138888,181989,1,0,1
1299088,181990,1,0,1
460496,181991,1,1,0
4667024,181992,1,1,0
5931456,181993,1,1,0
5984664,181994,1,0,1
1940528,181995,1,0,1
6751752,181996,1,1,0
3624792,181997,1,1,0
2084856,181998,1,1,0
389464,181999,1,1,0
8187384,182000,1,1,0
2649160,182001,1,1,0
2178520,182002,1,0,1
5330320,182003,1,0,1
5516568,182004,1,1,0
1397872,182005,1,0,1
181312,182006,1,1,0
1144984,182007,1,0,1
7430280,182008,1,1,0
4561424,182009,1,0,1
1447728,182010,1,0,1
3917744,182011,1,1,0
3193736,182012,1,0,1
1227016,182013,1,0,1
2311472,182014,1,1,0
4212824,182015,1,1,0
1081384,182016,1,0,1
1055840,182017,1,1,0
7659168,182018,1,0,1
3344016,182019,1,0,1
640152,182020,1,1,0
799568,182021,1,0,1
403968,182022,1,1,0
745280,182023,1,1,0
3325352,182024,1,1,0
348488,182025,1,0,1
2087088,182026,1,1,0
5608224,182027,1,0,1
3524080,182028,1,0,1
3457360,182029,1,1,0
175600,182030,1,0,1
4298272,182031,1,0,1
374400,182032,1,1,0
4351048,182033,1,1,0
1216848,182034,1,0,1
6518168,182035,1,0,1
2025312,182036,1,1,0
446632,182037,1,0,1
5981200,182038,1,1,0
1804264,182039,1,0,1
1111656,182040,1,0,1
2906656,182041,1,1,0
7649984,182042,1,1,0
7556168,182043,1,0,1
2071848,182044,1,0,1
4032824,182045,1,1,0
7395984,182046,1,1,0
221712,182047,1,1,0
6029928,182048,1,0,1
84832,182049,1,1,0
2989504,182050,1,1,0
1522312,182051,1,0,1
856864,182052,1,0,1
4526328,182053,1,0,1
1865640,182054,1,0,1
4057384,182055,1,0,1
186816,182056,1,1,0
4868848,182057,1,1,0
2067888,182058,1,1,0
5566440,182059,1,1,0
2590944,182060,1,0,1
794072,182061,1,0,1
1372856,182062,1,0,1
6590424,182063,1,0,1
3770264,182064,1,1,0
2160432,182065,1,0,1
73008,182066,1,0,1
529800,182067,1,0,1
553152,182068,1,0,1
2616240,182069,1,1,0
308888,182070,1,0,1
6893480,182071,1,1,0
4665576,182072,1,1,0
4353056,182073,1,1,0
4133128,182074,1,0,1
6924776,182075,1,0,1
1798224,182076,1,1,0
1919336,182077,1,0,1
91456,182078,1,0,1
999360,182079,1,1,0
8385040,182080,1,0,1
380216,182081,1,1,0
2605200,182082,1,0,1
5948088,182083,1,0,1
4272032,182084,1,1,0
880040,182085,1,1,0
2655296,182086,1,1,0
1747560,182087,1,0,1
1217472,182088,1,0,1
4254296,182089,1,0,1
1617000,182090,1,0,1
4230664,182091,1,0,1
595480,182092,1,0,1
3739952,182093,1,1,0
2584656,182094,1,0,1
3546080,182095,1,1,0
4105568,182096,1,0,1
6780360,182097,1,1,0
473784,182098,1,1,0
4208040,182099,1,0,1
796912,182100,1,1,0
2604992,182101,1,0,1
1802392,182102,1,1,0
473824,182103,1,0,1
5895672,182104,1,0,1
4071920,182105,1,0,1
3918392,182106,1,1,0
6443288,182107,1,0,1
4238536,182108,1,0,1
5188824,182109,1,0,1
6859728,182110,1,1,0
970536,182111,1,0,1
1136656,182112,1,1,0
518408,182113,1,1,0
1835360,182114,1,0,1
3498848,182115,1,1,0
2359456,182116,1,1,0
352376,182117,1,1,0
2253872,182118,1,0,1
6127496,182119,1,1,0
4913968,182120,1,0,1
114584,182121,1,1,0
5865192,182122,1,0,1
3480296,182123,1,1,0
1257840,182124,1,1,0
592528,182125,1,1,0
7160376,182126,1,0,1
1278712,182127,1,1,0
603424,182128,1,1,0
3634472,182129,1,1,0
505008,182130,1,0,1
1128016,182131,1,1,0
2179536,182132,1,0,1
3135584,182133,1,0,1
887640,182134,1,1,0
4298320,182135,1,0,1
1396776,182136,1,0,1
2893872,182137,1,1,0
4235440,182138,1,1,0
2150304,182139,1,0,1
291120,182140,1,0,1
2632200,182141,1,1,0
7990752,182142,1,0,1
220832,182143,1,0,1
3576992,182144,1,0,1
1654152,182145,1,0,1
6059640,182146,1,1,0
2178608,182147,1,1,0
664448,182148,1,1,0
4830600,182149,1,0,1
4640984,182150,1,0,1
342208,182151,1,1,0
3821752,182152,1,1,0
6353264,182153,1,0,1
153984,182154,1,0,1
365376,182155,1,0,1
850344,182156,1,1,0
1351472,182157,1,1,0
7247760,182158,1,0,1
2757840,182159,1,0,1
2544112,182160,1,0,1
1472832,182161,1,0,1
376200,182162,1,0,1
364360,182163,1,1,0
3648376,182164,1,0,1
847816,182165,1,1,0
7179000,182166,1,0,1
3553320,182167,1,0,1
1798128,182168,1,1,0
8304040,182169,1,1,0
742984,182170,1,1,0
195608,182171,1,1,0
1409360,182172,1,1,0
897928,182173,1,0,1
3409400,182174,1,0,1
2458312,182175,1,1,0
1627088,182176,1,0,1
1509768,182177,1,1,0
5583976,182178,1,1,0
2078048,182179,1,1,0
542968,182180,1,1,0
587528,182181,1,1,0
5220264,182182,1,1,0
1317904,182183,1,1,0
6682048,182184,1,1,0
4571216,182185,1,0,1
1148312,182186,1,0,1
1087664,182187,1,0,1
1400872,182188,1,1,0
5992864,182189,1,0,1
1010312,182190,1,0,1
6559320,182191,1,1,0
2567320,182192,1,1,0
964104,182193,1,0,1
1857184,182194,1,1,0
827008,182195,1,0,1
5117688,182196,1,1,0
2550824,182197,1,1,0
487456,182198,1,1,0
1076032,182199,1,1,0
7832600,182200,1,0,1
715472,182201,1,1,0
6850456,182202,1,1,0
5491848,182203,1,1,0
2075224,182204,1,1,0
7818384,182205,1,1,0
5715952,182206,1,0,1
1667824,182207,1,0,1
504752,182208,1,1,0
5006096,182209,1,1,0
348256,182210,1,1,0
3439776,182211,1,1,0
3037360,182212,1,0,1
1593576,182213,1,1,0
1568560,182214,1,1,0
311240,182215,1,0,1
5037000,182216,1,0,1
5136464,182217,1,0,1
1053688,182218,1,0,1
2181344,182219,1,0,1
2567144,182220,1,1,0
1435216,182221,1,1,0
1999432,182222,1,1,0
184048,182223,1,0,1
2705392,182224,1,1,0
698864,182225,1,1,0
4807248,182226,1,1,0
4756280,182227,1,0,1
2246816,182228,1,1,0
695632,182229,1,0,1
2534120,182230,1,0,1
939064,182231,1,0,1
3010216,182232,1,0,1
3080600,182233,1,0,1
536256,182234,1,1,0
2357592,182235,1,0,1
834808,182236,1,1,0
7961312,182237,1,0,1
688136,182238,1,0,1
690416,182239,1,0,1
1773160,182240,1,1,0
2979816,182241,1,1,0
5253488,182242,1,1,0
1395528,182243,1,1,0
714384,182244,1,0,1
3728616,182245,1,1,0
161600,182246,1,1,0
3774728,182247,1,0,1
2153328,182248,1,0,1
3505168,182249,1,0,1
5410632,182250,1,0,1
1347624,182251,1,0,1
2353872,182252,1,1,0
2223808,182253,1,1,0
2877104,182254,1,1,0
4083416,182255,1,0,1
1673448,182256,1,1,0
128664,182257,1,0,1
6336744,182258,1,0,1
593160,182259,1,1,0
6685744,182260,1,1,0
7205000,182261,1,0,1
2777696,182262,1,0,1
2014840,182263,1,1,0
953672,182264,1,1,0
2070232,182265,1,1,0
3723384,182266,1,1,0
1873024,182267,1,1,0
892064,182268,1,0,1
2226808,182269,1,0,1
2074568,182270,1,0,1
7659032,182271,1,1,0
3403208,182272,1,1,0
557576,182273,1,1,0
2740728,182274,1,0,1
2460992,182275,1,1,0
5495408,182276,1,1,0
2515872,182277,1,0,1
2825976,182278,1,1,0
348016,182279,1,0,1
5546048,182280,1,1,0
648264,182281,1,1,0
3152504,182282,1,0,1
1002936,182283,1,1,0
1183480,182284,1,1,0
513424,182285,1,1,0
1691072,182286,1,1,0
495936,182287,1,1,0
5391288,182288,1,1,0
5110056,182289,1,0,1
7345568,182290,1,1,0
3772104,182291,1,1,0
1506048,182292,1,0,1
2396192,182293,1,0,1
1284568,182294,1,1,0
2637936,182295,1,0,1
434216,182296,1,0,1
4306272,182297,1,1,0
1363208,182298,1,0,1
355096,182299,1,0,1
3324864,182300,1,0,1
894048,182301,1,0,1
1500272,182302,1,1,0
6001696,182303,1,1,0
8372600,182304,1,1,0
535232,182305,1,0,1
5745408,182306,1,0,1
7672456,182307,1,0,1
8035736,182308,1,1,0
3283104,182309,1,1,0
1883232,182310,1,1,0
7519512,182311,1,1,0
3681104,182312,1,1,0
534560,182313,1,0,1
2943688,182314,1,0,1
556288,182315,1,1,0
5599400,182316,1,1,0
5150184,182317,1,1,0
5868112,182318,1,0,1
5167352,182319,1,0,1
578912,182320,1,1,0
6068104,182321,1,1,0
2759704,182322,1,0,1
2825016,182323,1,0,1
3625056,182324,1,0,1
3695000,182325,1,0,1
5608496,182326,1,0,1
7384928,182327,1,0,1
1695296,182328,1,1,0
3087600,182329,1,0,1
2278000,182330,1,0,1
1565712,182331,1,0,1
6340792,182332,1,0,1
1475584,182333,1,1,0
1023288,182334,1,0,1
959424,182335,1,0,1
735736,182336,1,1,0
1929840,182337,1,0,1
3028152,182338,1,1,0
2158264,182339,1,1,0
3127640,182340,1,0,1
3720600,182341,1,1,0
5630512,182342,1,1,0
1328712,182343,1,1,0
1082768,182344,1,0,1
4355872,182345,1,1,0
402008,182346,1,1,0
2527816,182347,1,0,1
4479656,182348,1,0,1
7215560,182349,1,1,0
422400,182350,1,1,0
2900944,182351,1,1,0
1087592,182352,1,1,0
2467632,182353,1,0,1
3248704,182354,1,0,1
452464,182355,1,0,1
2333712,182356,1,1,0
1653976,182357,1,1,0
3676720,182358,1,0,1
6174000,182359,1,1,0
4565664,182360,1,1,0
5011272,182361,1,1,0
81600,182362,1,0,1
2214168,182363,1,1,0
1049368,182364,1,0,1
1853944,182365,1,0,1
7068168,182366,1,0,1
2349232,182367,1,1,0
601072,182368,1,1,0
628664,182369,1,0,1
901600,182370,1,0,1
1764120,182371,1,0,1
646152,182372,1,1,0
3259928,182373,1,0,1
507136,182374,1,0,1
546096,182375,1,1,0
4502800,182376,1,0,1
1122064,182377,1,0,1
1034344,182378,1,0,1
893536,182379,1,1,0
4738328,182380,1,1,0
5148968,182381,1,1,0
633072,182382,1,1,0
1357560,182383,1,0,1
379064,182384,1,1,0
1098128,182385,1,1,0
2429440,182386,1,1,0
7204928,182387,1,0,1
6057936,182388,1,1,0
5413296,182389,1,1,0
1346264,182390,1,0,1
900168,182391,1,1,0
3431064,182392,1,0,1
3482264,182393,1,0,1
5997368,182394,1,0,1
2188536,182395,1,1,0
4940424,182396,1,0,1
1695944,182397,1,1,0
1152424,182398,1,0,1
2800368,182399,1,1,0
3565912,182400,1,0,1
875712,182401,1,0,1
1574672,182402,1,0,1
7245096,182403,1,0,1
6218792,182404,1,0,1
114608,182405,1,0,1
5645040,182406,1,1,0
390880,182407,1,0,1
5963520,182408,1,1,0
432496,182409,1,0,1
1608736,182410,1,0,1
6866048,182411,1,1,0
4053064,182412,1,1,0
4843304,182413,1,0,1
2745840,182414,1,1,0
480288,182415,1,0,1
1752384,182416,1,1,0
4210576,182417,1,0,1
6089336,182418,1,1,0
7757336,182419,1,1,0
6840008,182420,1,0,1
958968,182421,1,0,1
1718840,182422,1,0,1
3683640,182423,1,1,0
172744,182424,1,1,0
6231144,182425,1,1,0
2765840,182426,1,1,0
1987936,182427,1,0,1
274432,182428,1,0,1
2445240,182429,1,0,1
948992,182430,1,1,0
7787472,182431,1,1,0
3924928,182432,1,1,0
3027128,182433,1,0,1
219888,182434,1,1,0
4175976,182435,1,1,0
1331344,182436,1,0,1
1404152,182437,1,0,1
2907144,182438,1,1,0
3739776,182439,1,0,1
1438296,182440,1,0,1
4682704,182441,1,0,1
2100360,182442,1,1,0
3109088,182443,1,0,1
7393128,182444,1,1,0
1590064,182445,1,0,1
5286248,182446,1,0,1
5575672,182447,1,0,1
6457416,182448,1,1,0
6201504,182449,1,0,1
7329872,182450,1,1,0
1598912,182451,1,1,0
2018840,182452,1,1,0
7493848,182453,1,1,0
771464,182454,1,0,1
1068656,182455,1,1,0
817600,182456,1,1,0
1011920,182457,1,0,1
209240,182458,1,1,0
3653856,182459,1,0,1
2149720,182460,1,1,0
4061688,182461,1,0,1
415512,182462,1,1,0
290472,182463,1,0,1
6273024,182464,1,0,1
7827896,182465,1,0,1
2209000,182466,1,0,1
1794688,182467,1,1,0
3959568,182468,1,1,0
1408712,182469,1,1,0
7107544,182470,1,0,1
2301040,182471,1,0,1
4625544,182472,1,1,0
1007232,182473,1,1,0
1884768,182474,1,0,1
320064,182475,1,0,1
272272,182476,1,0,1
1385160,182477,1,1,0
5796824,182478,1,1,0
372816,182479,1,1,0
1338088,182480,1,0,1
6759064,182481,1,0,1
2888456,182482,1,1,0
2915336,182483,1,1,0
6568080,182484,1,1,0
453968,182485,1,1,0
1573288,182486,1,0,1
1747024,182487,1,1,0
6936776,182488,1,0,1
4998312,182489,1,1,0
1227128,182490,1,0,1
848720,182491,1,0,1
6161672,182492,1,0,1
8243616,182493,1,1,0
2896616,182494,1,0,1
2390424,182495,1,1,0
1071040,182496,1,0,1
797784,182497,1,0,1
5448600,182498,1,0,1
1087520,182499,1,0,1
2403408,182500,1,0,1
7213264,182501,1,1,0
78528,182502,1,1,0
3917968,182503,1,1,0
112000,182504,1,0,1
767872,182505,1,0,1
6390616,182506,1,0,1
433216,182507,1,1,0
1335336,182508,1,0,1
400128,182509,1,0,1
4039096,182510,1,0,1
7050888,182511,1,0,1
2325608,182512,1,1,0
1181248,182513,1,0,1
7833600,182514,1,1,0
1831216,182515,1,0,1
1226128,182516,1,0,1
3933968,182517,1,0,1
3834376,182518,1,1,0
1979312,182519,1,0,1
2558376,182520,1,1,0
2050608,182521,1,1,0
1498128,182522,1,1,0
252712,182523,1,1,0
1844528,182524,1,1,0
1754896,182525,1,1,0
4380128,182526,1,1,0
2261392,182527,1,0,1
636248,182528,1,0,1
1895064,182529,1,1,0
751024,182530,1,0,1
5830136,182531,1,1,0
1936640,182532,1,0,1
651880,182533,1,0,1
5701448,182534,1,1,0
51872,182535,1,1,0
2511192,182536,1,0,1
1039584,182537,1,1,0
2526960,182538,1,1,0
6139560,182539,1,0,1
1101704,182540,1,0,1
1886392,182541,1,1,0
2915032,182542,1,1,0
176560,182543,1,0,1
178944,182544,1,1,0
3059248,182545,1,0,1
350536,182546,1,1,0
1359512,182547,1,1,0
1448672,182548,1,0,1
2586672,182549,1,1,0
7977120,182550,1,1,0
2380856,182551,1,0,1
4550512,182552,1,0,1
3696272,182553,1,0,1
2633800,182554,1,0,1
5392048,182555,1,0,1
3641880,182556,1,0,1
1612864,182557,1,1,0
757592,182558,1,0,1
2933992,182559,1,0,1
4118416,182560,1,0,1
246032,182561,1,0,1
2818128,182562,1,1,0
3630952,182563,1,1,0
3562288,182564,1,1,0
6085456,182565,1,1,0
1127008,182566,1,1,0
4716280,182567,1,0,1
5062016,182568,1,0,1
284120,182569,1,1,0
1944736,182570,1,1,0
5479096,182571,1,0,1
2831088,182572,1,1,0
434040,182573,1,0,1
5511552,182574,1,0,1
2737016,182575,1,0,1
2657296,182576,1,1,0
620248,182577,1,0,1
7240528,182578,1,0,1
589416,182579,1,0,1
6150944,182580,1,0,1
4386592,182581,1,0,1
3964904,182582,1,1,0
1617200,182583,1,1,0
2267072,182584,1,0,1
8142152,182585,1,0,1
5044744,182586,1,0,1
857904,182587,1,0,1
855128,182588,1,1,0
4778168,182589,1,1,0
1425400,182590,1,0,1
2037328,182591,1,0,1
3403608,182592,1,1,0
752520,182593,1,1,0
447656,182594,1,0,1
3000240,182595,1,1,0
1048168,182596,1,1,0
4774248,182597,1,0,1
616368,182598,1,1,0
293320,182599,1,1,0
1718448,182600,1,1,0
1573768,182601,1,1,0
6973312,182602,1,0,1
4244856,182603,1,0,1
2689360,182604,1,1,0
2096056,182605,1,1,0
1056888,182606,1,1,0
830104,182607,1,0,1
1691024,182608,1,1,0
1059168,182609,1,1,0
5554800,182610,1,1,0
4996416,182611,1,0,1
5687208,182612,1,0,1
734880,182613,1,1,0
887976,182614,1,0,1
5979240,182615,1,1,0
534776,182616,1,1,0
1761264,182617,1,1,0
859064,182618,1,1,0
2512232,182619,1,1,0
605272,182620,1,0,1
5698288,182621,1,0,1
5991464,182622,1,0,1
2196984,182623,1,0,1
5903816,182624,1,0,1
6485920,182625,1,0,1
1451152,182626,1,1,0
398152,182627,1,0,1
6870904,182628,1,1,0
3324480,182629,1,0,1
527856,182630,1,1,0
1079504,182631,1,0,1
318904,182632,1,1,0
1714928,182633,1,0,1
3683280,182634,1,1,0
361176,182635,1,0,1
559056,182636,1,1,0
598696,182637,1,1,0
3331704,182638,1,0,1
169968,182639,1,1,0
775720,182640,1,0,1
8005104,182641,1,1,0
3463704,182642,1,0,1
1408656,182643,1,0,1
1855656,182644,1,0,1
3371016,182645,1,1,0
5005704,182646,1,1,0
4851968,182647,1,0,1
3377880,182648,1,0,1
3016552,182649,1,1,0
1179744,182650,1,1,0
4527136,182651,1,1,0
2258136,182652,1,1,0
3831472,182653,1,0,1
3888976,182654,1,0,1
2788912,182655,1,1,0
5160200,182656,1,0,1
1027944,182657,1,1,0
2906960,182658,1,0,1
1237752,182659,1,1,0
662992,182660,1,1,0
1062608,182661,1,1,0
151968,182662,1,1,0
1174200,182663,1,1,0
4765744,182664,1,1,0
1279960,182665,1,0,1
310184,182666,1,0,1
1218736,182667,1,0,1
318224,182668,1,0,1
1076456,182669,1,0,1
4085848,182670,1,0,1
2216816,182671,1,1,0
995944,182672,1,1,0
4971816,182673,1,1,0
229048,182674,1,1,0
3371672,182675,1,1,0
1210208,182676,1,1,0
894072,182677,1,0,1
8091672,182678,1,1,0
348912,182679,1,0,1
1919752,182680,1,1,0
1375432,182681,1,1,0
649728,182682,1,0,1
4128472,182683,1,0,1
5925424,182684,1,0,1
5304768,182685,1,1,0
159000,182686,1,1,0
6033760,182687,1,0,1
6620112,182688,1,0,1
497896,182689,1,1,0
5385288,182690,1,0,1
2718152,182691,1,1,0
1748856,182692,1,0,1
6820496,182693,1,0,1
5009120,182694,1,1,0
176152,182695,1,1,0
4827552,182696,1,0,1
1567360,182697,1,0,1
908920,182698,1,1,0
5110752,182699,1,0,1
2572480,182700,1,0,1
2008856,182701,1,0,1
3611536,182702,1,0,1
2969936,182703,1,1,0
3700176,182704,1,0,1
410896,182705,1,1,0
2595728,182706,1,0,1
2643848,182707,1,1,0
785152,182708,1,0,1
952888,182709,1,1,0
401360,182710,1,0,1
6265712,182711,1,1,0
2779080,182712,1,1,0
1327208,182713,1,0,1
1188344,182714,1,1,0
1756120,182715,1,0,1
6053024,182716,1,0,1
1211584,182717,1,1,0
1689272,182718,1,1,0
4501888,182719,1,1,0
1212496,182720,1,1,0
1178472,182721,1,0,1
1406016,182722,1,1,0
1000856,182723,1,1,0
1425040,182724,1,0,1
7043032,182725,1,0,1
963768,182726,1,1,0
3326552,182727,1,0,1
2651048,182728,1,0,1
3565136,182729,1,0,1
806640,182730,1,1,0
1554320,182731,1,1,0
1019280,182732,1,0,1
6842736,182733,1,1,0
1778872,182734,1,0,1
2167008,182735,1,1,0
1287112,182736,1,0,1
7259256,182737,1,0,1
540016,182738,1,1,0
783568,182739,1,0,1
626552,182740,1,0,1
6125232,182741,1,1,0
1097784,182742,1,1,0
8065712,182743,1,1,0
4181248,182744,1,1,0
2135784,182745,1,1,0
4247032,182746,1,1,0
321720,182747,1,1,0
5242664,182748,1,1,0
2065112,182749,1,0,1
5988464,182750,1,0,1
4021840,182751,1,0,1
4208256,182752,1,0,1
4529592,182753,1,0,1
1634384,182754,1,0,1
505120,182755,1,1,0
8081048,182756,1,0,1
2772888,182757,1,0,1
8006240,182758,1,1,0
7525280,182759,1,1,0
6333976,182760,1,0,1
224056,182761,1,0,1
4628280,182762,1,0,1
3669624,182763,1,1,0
3070640,182764,1,0,1
6141304,182765,1,0,1
8084616,182766,1,1,0
2344944,182767,1,1,0
2445248,182768,1,0,1
5961056,182769,1,0,1
1806432,182770,1,0,1
574200,182771,1,1,0
444760,182772,1,0,1
2576584,182773,1,0,1
8153200,182774,1,1,0
2228568,182775,1,1,0
2016128,182776,1,1,0
1755464,182777,1,1,0
4348232,182778,1,1,0
6699928,182779,1,0,1
2624096,182780,1,1,0
1567544,182781,1,0,1
1126264,182782,1,1,0
2893104,182783,1,0,1
981064,182784,1,0,1
7002960,182785,1,1,0
6751240,182786,1,1,0
4798344,182787,1,1,0
1454280,182788,1,1,0
2544168,182789,1,0,1
7500112,182790,1,1,0
2387888,182791,1,1,0
394592,182792,1,1,0
5476248,182793,1,1,0
2419920,182794,1,1,0
3616504,182795,1,1,0
4961376,182796,1,1,0
3256664,182797,1,1,0
2386576,182798,1,1,0
8160960,182799,1,1,0
1759608,182800,1,1,0
3316144,182801,1,1,0
1231936,182802,1,0,1
3055480,182803,1,0,1
982560,182804,1,0,1
2140272,182805,1,1,0
3505824,182806,1,0,1
4438080,182807,1,1,0
5852936,182808,1,0,1
1238864,182809,1,0,1
806296,182810,1,1,0
7309872,182811,1,1,0
2989688,182812,1,1,0
3474800,182813,1,1,0
2072360,182814,1,1,0
7396808,182815,1,1,0
442152,182816,1,0,1
6857504,182817,1,0,1
8353256,182818,1,1,0
994344,182819,1,1,0
2840104,182820,1,1,0
6412016,182821,1,0,1
4362424,182822,1,0,1
3163888,182823,1,1,0
2878768,182824,1,1,0
5304360,182825,1,0,1
290400,182826,1,1,0
840440,182827,1,1,0
2351400,182828,1,0,1
497160,182829,1,1,0
7339704,182830,1,1,0
5702224,182831,1,0,1
516904,182832,1,1,0
260672,182833,1,0,1
2765296,182834,1,0,1
6925528,182835,1,1,0
4871448,182836,1,0,1
2324408,182837,1,1,0
3023776,182838,1,1,0
2578968,182839,1,1,0
6953240,182840,1,0,1
1997280,182841,1,0,1
1548920,182842,1,0,1
3451208,182843,1,1,0
7366640,182844,1,0,1
487928,182845,1,0,1
5506120,182846,1,0,1
3210272,182847,1,0,1
3781728,182848,1,1,0
3797456,182849,1,0,1
3467520,182850,1,0,1
1353448,182851,1,1,0
941560,182852,1,1,0
2417968,182853,1,0,1
5912416,182854,1,1,0
7888296,182855,1,1,0
1440664,182856,1,0,1
283096,182857,1,1,0
5289520,182858,1,0,1
2235256,182859,1,1,0
3156832,182860,1,1,0
2213960,182861,1,0,1
142448,182862,1,0,1
1338592,182863,1,1,0
4215408,182864,1,1,0
3905384,182865,1,0,1
337040,182866,1,1,0
888672,182867,1,1,0
240424,182868,1,0,1
7874584,182869,1,1,0
2744592,182870,1,0,1
1677456,182871,1,0,1
1879192,182872,1,0,1
1364784,182873,1,0,1
1771416,182874,1,1,0
3072992,182875,1,1,0
446544,182876,1,0,1
4319720,182877,1,1,0
4126344,182878,1,1,0
1253968,182879,1,0,1
5305344,182880,1,1,0
315992,182881,1,0,1
1184472,182882,1,0,1
3452480,182883,1,1,0
1783528,182884,1,1,0
2149384,182885,1,0,1
7183456,182886,1,1,0
7829960,182887,1,1,0
3512672,182888,1,1,0
333488,182889,1,1,0
5078816,182890,1,1,0
1869144,182891,1,0,1
176136,182892,1,0,1
3467088,182893,1,0,1
5412064,182894,1,0,1
2345016,182895,1,1,0
5305248,182896,1,0,1
4379008,182897,1,0,1
5792608,182898,1,0,1
2076720,182899,1,0,1
667312,182900,1,1,0
5239280,182901,1,1,0
2263864,182902,1,1,0
909472,182903,1,0,1
4010248,182904,1,1,0
5544360,182905,1,1,0
501536,182906,1,1,0
521920,182907,1,0,1
338712,182908,1,1,0
2962368,182909,1,1,0
1043672,182910,1,1,0
828696,182911,1,1,0
579168,182912,1,1,0
716976,182913,1,1,0
5788224,182914,1,1,0
2386040,182915,1,1,0
5215464,182916,1,1,0
260968,182917,1,1,0
6666976,182918,1,1,0
1143728,182919,1,1,0
2400312,182920,1,1,0
2878488,182921,1,0,1
174792,182922,1,1,0
1780104,182923,1,0,1
6987840,182924,1,1,0
932136,182925,1,1,0
712304,182926,1,0,1
7740576,182927,1,1,0
5883816,182928,1,1,0
2206416,182929,1,1,0
7388072,182930,1,0,1
7107472,182931,1,1,0
1550304,182932,1,1,0
3654880,182933,1,1,0
941040,182934,1,1,0
196864,182935,1,1,0
770288,182936,1,1,0
1461232,182937,1,0,1
2811496,182938,1,1,0
6953200,182939,1,1,0
1784640,182940,1,0,1
840336,182941,1,0,1
6336576,182942,1,0,1
1328392,182943,1,1,0
3124256,182944,1,1,0
7484088,182945,1,0,1
602984,182946,1,1,0
2484080,182947,1,1,0
1622752,182948,1,0,1
1265280,182949,1,0,1
1101656,182950,1,0,1
2084224,182951,1,1,0
1808312,182952,1,0,1
792024,182953,1,1,0
7548872,182954,1,1,0
1761720,182955,1,0,1
4549592,182956,1,0,1
6175904,182957,1,0,1
672896,182958,1,0,1
4595944,182959,1,1,0
3243016,182960,1,1,0
301248,182961,1,1,0
2143584,182962,1,1,0
548152,182963,1,1,0
4945464,182964,1,0,1
687760,182965,1,0,1
730176,182966,1,0,1
336672,182967,1,0,1
2111480,182968,1,1,0
5371760,182969,1,0,1
7333856,182970,1,1,0
444496,182971,1,0,1
2210024,182972,1,1,0
3771848,182973,1,1,0
5690064,182974,1,0,1
534504,182975,1,1,0
380696,182976,1,1,0
5347808,182977,1,1,0
8315968,182978,1,0,1
1621808,182979,1,0,1
4686728,182980,1,0,1
8273704,182981,1,0,1
340360,182982,1,1,0
3561040,182983,1,0,1
5261400,182984,1,1,0
1896160,182985,1,1,0
1342888,182986,1,0,1
1080592,182987,1,1,0
7218600,182988,1,0,1
4732160,182989,1,1,0
2051464,182990,1,0,1
4383576,182991,1,0,1
2120160,182992,1,0,1
3772024,182993,1,1,0
2379336,182994,1,1,0
3307320,182995,1,0,1
7561848,182996,1,1,0
8027064,182997,1,1,0
2781936,182998,1,0,1
675720,182999,1,1,0
2836296,183000,1,1,0
1993520,183001,1,0,1
2636408,183002,1,0,1
6962664,183003,1,0,1
458816,183004,1,0,1
477304,183005,1,0,1
7365704,183006,1,1,0
7650520,183007,1,0,1
2532488,183008,1,0,1
2156968,183009,1,1,0
8223368,183010,1,0,1
2899512,183011,1,1,0
1223600,183012,1,1,0
1526856,183013,1,1,0
1149216,183014,1,0,1
259408,183015,1,0,1
4654696,183016,1,1,0
8361208,183017,1,1,0
3297720,183018,1,1,0
5283688,183019,1,1,0
1073712,183020,1,0,1
1613104,183021,1,1,0
2146952,183022,1,0,1
2478976,183023,1,1,0
2818280,183024,1,0,1
5995152,183025,1,0,1
786504,183026,1,1,0
4286472,183027,1,1,0
2441480,183028,1,1,0
200352,183029,1,1,0
5993944,183030,1,0,1
6715608,183031,1,1,0
1497704,183032,1,0,1
1165744,183033,1,1,0
6745888,183034,1,1,0
212200,183035,1,1,0
2878104,183036,1,0,1
523128,183037,1,1,0
2379880,183038,1,1,0
5342112,183039,1,1,0
714416,183040,1,0,1
5411512,183041,1,0,1
5353496,183042,1,1,0
507432,183043,1,0,1
1625504,183044,1,1,0
772816,183045,1,1,0
4123016,183046,1,0,1
4565704,183047,1,0,1
502368,183048,1,0,1
2147176,183049,1,1,0
7752096,183050,1,0,1
1585856,183051,1,1,0
2616784,183052,1,1,0
4836632,183053,1,1,0
7291192,183054,1,1,0
7968784,183055,1,1,0
1884616,183056,1,0,1
5883504,183057,1,1,0
5567656,183058,1,0,1
2864840,183059,1,1,0
3167672,183060,1,1,0
4215712,183061,1,0,1
407352,183062,1,1,0
615368,183063,1,1,0
5343760,183064,1,1,0
6716104,183065,1,1,0
4017256,183066,1,0,1
6115704,183067,1,1,0
2055192,183068,1,1,0
1234392,183069,1,1,0
1671552,183070,1,1,0
4579760,183071,1,1,0
624920,183072,1,1,0
2117088,183073,1,0,1
1527040,183074,1,1,0
7982200,183075,1,0,1
3532952,183076,1,1,0
7403096,183077,1,0,1
818112,183078,1,0,1
1954088,183079,1,1,0
2915960,183080,1,1,0
1464080,183081,1,1,0
2402648,183082,1,0,1
852464,183083,1,0,1
4132048,183084,1,1,0
4369928,183085,1,0,1
2547680,183086,1,1,0
1914592,183087,1,0,1
1088144,183088,1,0,1
498024,183089,1,1,0
333352,183090,1,0,1
2846632,183091,1,0,1
1739488,183092,1,1,0
4070936,183093,1,1,0
3097440,183094,1,0,1
994968,183095,1,1,0
2391640,183096,1,1,0
744848,183097,1,1,0
1285504,183098,1,0,1
7809184,183099,1,1,0
3536000,183100,1,1,0
3520672,183101,1,0,1
4858704,183102,1,0,1
597120,183103,1,0,1
1397944,183104,1,1,0
132472,183105,1,0,1
968256,183106,1,1,0
5909904,183107,1,1,0
1601192,183108,1,0,1
1558336,183109,1,1,0
6012160,183110,1,0,1
2705976,183111,1,0,1
1607336,183112,1,0,1
5615048,183113,1,1,0
3533944,183114,1,1,0
1725280,183115,1,0,1
583320,183116,1,0,1
4372824,183117,1,1,0
4860608,183118,1,1,0
2913768,183119,1,1,0
470184,183120,1,1,0
771776,183121,1,0,1
905600,183122,1,0,1
258128,183123,1,0,1
3008456,183124,1,1,0
1905376,183125,1,0,1
327752,183126,1,1,0
2404080,183127,1,0,1
8124728,183128,1,0,1
5912576,183129,1,1,0
697560,183130,1,0,1
2368032,183131,1,0,1
1092472,183132,1,0,1
7982560,183133,1,1,0
1524832,183134,1,0,1
4327376,183135,1,1,0
5484072,183136,1,0,1
5299008,183137,1,1,0
1679664,183138,1,1,0
1225568,183139,1,1,0
5909672,183140,1,1,0
894552,183141,1,0,1
6438640,183142,1,1,0
626848,183143,1,1,0
864000,183144,1,1,0
1004136,183145,1,0,1
646872,183146,1,0,1
7969544,183147,1,0,1
7026176,183148,1,1,0
5286024,183149,1,1,0
799344,183150,1,0,1
1497944,183151,1,1,0
1659680,183152,1,1,0
2544792,183153,1,1,0
3046456,183154,1,1,0
1147360,183155,1,1,0
7228024,183156,1,0,1
1617704,183157,1,1,0
2005312,183158,1,1,0
998656,183159,1,1,0
841824,183160,1,1,0
1570792,183161,1,0,1
426672,183162,1,1,0
6339600,183163,1,0,1
622880,183164,1,1,0
5839896,183165,1,0,1
3526312,183166,1,0,1
1657128,183167,1,0,1
424200,183168,1,0,1
8187992,183169,1,1,0
2441864,183170,1,0,1
8049520,183171,1,0,1
7999016,183172,1,0,1
6007544,183173,1,1,0
1251480,183174,1,1,0
7598840,183175,1,1,0
836464,183176,1,1,0
2501624,183177,1,1,0
7097632,183178,1,0,1
7681288,183179,1,1,0
2350704,183180,1,1,0
6184632,183181,1,1,0
4951136,183182,1,1,0
6880952,183183,1,1,0
5555256,183184,1,1,0
2453440,183185,1,0,1
754088,183186,1,1,0
4496600,183187,1,0,1
4420992,183188,1,0,1
2117408,183189,1,1,0
971768,183190,1,0,1
3411000,183191,1,1,0
993192,183192,1,0,1
1750656,183193,1,1,0
1051888,183194,1,1,0
4178544,183195,1,0,1
153784,183196,1,0,1
1199552,183197,1,0,1
2789912,183198,1,0,1
3605424,183199,1,0,1
6434160,183200,1,0,1
205096,183201,1,1,0
5786752,183202,1,0,1
6168480,183203,1,1,0
928128,183204,1,1,0
992840,183205,1,1,0
1733784,183206,1,1,0
342848,183207,1,1,0
521264,183208,1,0,1
3363008,183209,1,0,1
3309176,183210,1,1,0
505848,183211,1,0,1
961680,183212,1,1,0
603432,183213,1,0,1
2651976,183214,1,0,1
2220920,183215,1,1,0
4937528,183216,1,0,1
2323896,183217,1,1,0
2924136,183218,1,0,1
597664,183219,1,1,0
623416,183220,1,1,0
1663232,183221,1,0,1
3962808,183222,1,1,0
3144144,183223,1,1,0
798920,183224,1,0,1
6229840,183225,1,0,1
4509016,183226,1,1,0
1741472,183227,1,1,0
3482680,183228,1,1,0
5846560,183229,1,0,1
887336,183230,1,0,1
2932728,183231,1,0,1
524120,183232,1,0,1
1306400,183233,1,0,1
1312016,183234,1,1,0
839080,183235,1,1,0
5897624,183236,1,1,0
6962624,183237,1,1,0
4519936,183238,1,0,1
2956480,183239,1,0,1
2604416,183240,1,1,0
4007640,183241,1,0,1
4289968,183242,1,0,1
344376,183243,1,1,0
4708024,183244,1,0,1
3543960,183245,1,0,1
426576,183246,1,1,0
3941080,183247,1,1,0
3308792,183248,1,0,1
3563120,183249,1,0,1
3710824,183250,1,1,0
252840,183251,1,0,1
5226088,183252,1,1,0
428640,183253,1,0,1
704456,183254,1,1,0
7805408,183255,1,0,1
7200112,183256,1,0,1
1110616,183257,1,0,1
1871016,183258,1,0,1
5364776,183259,1,0,1
552448,183260,1,0,1
980728,183261,1,1,0
1507816,183262,1,1,0
525000,183263,1,1,0
1040928,183264,1,0,1
8054664,183265,1,1,0
1656128,183266,1,1,0
3800896,183267,1,1,0
2029976,183268,1,0,1
3025280,183269,1,1,0
2027480,183270,1,0,1
2933192,183271,1,0,1
5936544,183272,1,1,0
5406744,183273,1,1,0
1660200,183274,1,0,1
1784944,183275,1,1,0
7606040,183276,1,0,1
2133496,183277,1,0,1
1475944,183278,1,0,1
1635896,183279,1,1,0
879608,183280,1,0,1
4115008,183281,1,1,0
3699832,183282,1,0,1
1817072,183283,1,1,0
6075552,183284,1,0,1
6323208,183285,1,1,0
7677984,183286,1,1,0
6944792,183287,1,1,0
2338912,183288,1,1,0
273160,183289,1,1,0
2577592,183290,1,1,0
2163016,183291,1,0,1
1733736,183292,1,1,0
639960,183293,1,0,1
2375792,183294,1,1,0
4236024,183295,1,1,0
4127328,183296,1,0,1
4490128,183297,1,1,0
2517032,183298,1,1,0
4787408,183299,1,1,0
1504112,183300,1,0,1
1568864,183301,1,1,0
408408,183302,1,1,0
5442488,183303,1,0,1
179440,183304,1,1,0
3612704,183305,1,1,0
4524160,183306,1,0,1
1457992,183307,1,1,0
3852824,183308,1,1,0
1134520,183309,1,1,0
4788584,183310,1,0,1
108600,183311,1,0,1
800576,183312,1,1,0
2373656,183313,1,1,0
739336,183314,1,1,0
149920,183315,1,1,0
6936096,183316,1,0,1
7129456,183317,1,1,0
4577392,183318,1,1,0
5347192,183319,1,0,1
2098976,183320,1,1,0
2265520,183321,1,1,0
4735960,183322,1,1,0
1874024,183323,1,1,0
1605528,183324,1,0,1
813016,183325,1,1,0
669240,183326,1,1,0
1103960,183327,1,1,0
1347512,183328,1,1,0
8014000,183329,1,0,1
3292160,183330,1,0,1
4791464,183331,1,0,1
3297768,183332,1,0,1
711680,183333,1,0,1
6543712,183334,1,0,1
7418184,183335,1,0,1
2620048,183336,1,0,1
591152,183337,1,0,1
391544,183338,1,0,1
5883280,183339,1,0,1
4020760,183340,1,0,1
2379848,183341,1,1,0
6247432,183342,1,1,0
2710224,183343,1,0,1
857888,183344,1,1,0
1683088,183345,1,0,1
6216032,183346,1,0,1
4042632,183347,1,1,0
3459240,183348,1,0,1
230896,183349,1,1,0
1422384,183350,1,1,0
3316016,183351,1,1,0
1073176,183352,1,1,0
466088,183353,1,1,0
772960,183354,1,1,0
464480,183355,1,1,0
745248,183356,1,1,0
978864,183357,1,0,1
6782392,183358,1,1,0
224008,183359,1,0,1
7633672,183360,1,1,0
990208,183361,1,0,1
791272,183362,1,1,0
1947616,183363,1,1,0
2670328,183364,1,0,1
2798168,183365,1,1,0
7367592,183366,1,0,1
6908016,183367,1,0,1
450408,183368,1,0,1
307832,183369,1,0,1
6654208,183370,1,1,0
6152952,183371,1,0,1
748136,183372,1,1,0
2205112,183373,1,0,1
7795736,183374,1,0,1
4133600,183375,1,0,1
1381224,183376,1,0,1
958528,183377,1,0,1
980712,183378,1,0,1
1768744,183379,1,1,0
4082144,183380,1,0,1
290760,183381,1,1,0
363456,183382,1,0,1
2474096,183383,1,0,1
1794992,183384,1,1,0
1945216,183385,1,1,0
6376472,183386,1,1,0
1009272,183387,1,1,0
4829792,183388,1,1,0
461440,183389,1,1,0
223472,183390,1,0,1
3937880,183391,1,1,0
4436552,183392,1,1,0
2264272,183393,1,1,0
404864,183394,1,1,0
3855856,183395,1,1,0
4042416,183396,1,0,1
2147360,183397,1,1,0
758144,183398,1,1,0
2284544,183399,1,1,0
7025504,183400,1,1,0
4532960,183401,1,0,1
6943320,183402,1,1,0
8245608,183403,1,1,0
3299560,183404,1,1,0
3370000,183405,1,1,0
2812040,183406,1,1,0
1123472,183407,1,0,1
3735272,183408,1,1,0
1389216,183409,1,1,0
7314336,183410,1,0,1
641696,183411,1,1,0
606784,183412,1,1,0
612136,183413,1,0,1
3502536,183414,1,0,1
1349368,183415,1,1,0
504440,183416,1,1,0
2771440,183417,1,0,1
2722664,183418,1,0,1
1761976,183419,1,1,0
2149728,183420,1,0,1
3555608,183421,1,1,0
2530040,183422,1,1,0
863704,183423,1,1,0
3383616,183424,1,0,1
918944,183425,1,1,0
433624,183426,1,0,1
4735032,183427,1,0,1
1370240,183428,1,0,1
478144,183429,1,1,0
1669488,183430,1,0,1
1564264,183431,1,1,0
2732792,183432,1,0,1
2594840,183433,1,0,1
6612960,183434,1,0,1
270336,183435,1,0,1
3551400,183436,1,0,1
4137552,183437,1,0,1
593456,183438,1,0,1
7899544,183439,1,1,0
2017584,183440,1,0,1
2374024,183441,1,1,0
1341120,183442,1,0,1
2845472,183443,1,0,1
3605088,183444,1,0,1
2540384,183445,1,0,1
641984,183446,1,1,0
2630736,183447,1,1,0
3352320,183448,1,0,1
1404656,183449,1,1,0
1293656,183450,1,0,1
1634688,183451,1,1,0
455664,183452,1,0,1
8224568,183453,1,1,0
4716848,183454,1,0,1
1372616,183455,1,1,0
2879168,183456,1,0,1
4495536,183457,1,1,0
3953488,183458,1,1,0
2332520,183459,1,0,1
3283136,183460,1,1,0
1693984,183461,1,1,0
3852840,183462,1,1,0
426432,183463,1,1,0
845896,183464,1,1,0
2734624,183465,1,1,0
5713920,183466,1,0,1
84016,183467,1,0,1
1599624,183468,1,0,1
946968,183469,1,1,0
813512,183470,1,1,0
469272,183471,1,0,1
5158064,183472,1,0,1
1272016,183473,1,0,1
4576096,183474,1,1,0
1072008,183475,1,1,0
399152,183476,1,0,1
2074304,183477,1,1,0
461880,183478,1,0,1
1110816,183479,1,0,1
1514136,183480,1,1,0
909552,183481,1,1,0
98528,183482,1,1,0
4495576,183483,1,1,0
6104552,183484,1,1,0
1225992,183485,1,1,0
8129704,183486,1,1,0
2458064,183487,1,0,1
368248,183488,1,0,1
6589240,183489,1,1,0
3055512,183490,1,0,1
213976,183491,1,0,1
3556632,183492,1,0,1
740560,183493,1,0,1
4491376,183494,1,0,1
3361632,183495,1,1,0
549984,183496,1,1,0
454416,183497,1,1,0
287920,183498,1,1,0
1219808,183499,1,1,0
3448832,183500,1,0,1
8286920,183501,1,1,0
597032,183502,1,1,0
675792,183503,1,1,0
6902296,183504,1,0,1
211576,183505,1,1,0
716008,183506,1,0,1
1991248,183507,1,1,0
6564504,183508,1,0,1
1835456,183509,1,1,0
2036064,183510,1,1,0
2850232,183511,1,1,0
720744,183512,1,1,0
923400,183513,1,1,0
3019112,183514,1,1,0
6410184,183515,1,1,0
975688,183516,1,0,1
3713424,183517,1,1,0
1019352,183518,1,0,1
2700256,183519,1,1,0
5814536,183520,1,0,1
290584,183521,1,0,1
2256792,183522,1,1,0
6084240,183523,1,0,1
409992,183524,1,1,0
1131840,183525,1,1,0
5110360,183526,1,1,0
165560,183527,1,1,0
6838096,183528,1,0,1
1045272,183529,1,1,0
622784,183530,1,1,0
3032184,183531,1,1,0
3008512,183532,1,0,1
365576,183533,1,1,0
492656,183534,1,1,0
2845888,183535,1,1,0
274688,183536,1,1,0
7496984,183537,1,1,0
5984912,183538,1,0,1
584912,183539,1,1,0
4161656,183540,1,0,1
5333032,183541,1,0,1
1325120,183542,1,0,1
688528,183543,1,1,0
1319784,183544,1,0,1
169888,183545,1,1,0
2776624,183546,1,1,0
861008,183547,1,0,1
1069416,183548,1,1,0
1169264,183549,1,0,1
573232,183550,1,1,0
2806688,183551,1,0,1
773200,183552,1,0,1
2073440,183553,1,0,1
3375064,183554,1,0,1
1043008,183555,1,0,1
5619440,183556,1,1,0
4430880,183557,1,0,1
8070400,183558,1,1,0
1286464,183559,1,0,1
1017072,183560,1,1,0
717856,183561,1,1,0
247448,183562,1,1,0
2568648,183563,1,0,1
369576,183564,1,0,1
6601568,183565,1,1,0
7280248,183566,1,1,0
1766352,183567,1,1,0
1039040,183568,1,0,1
2784192,183569,1,1,0
8085832,183570,1,1,0
340712,183571,1,1,0
1725408,183572,1,1,0
474152,183573,1,1,0
1480648,183574,1,0,1
5855352,183575,1,0,1
5407752,183576,1,1,0
1467024,183577,1,1,0
6262384,183578,1,0,1
1763512,183579,1,1,0
231192,183580,1,0,1
3110368,183581,1,1,0
223176,183582,1,1,0
3581192,183583,1,1,0
6255072,183584,1,1,0
557680,183585,1,1,0
4629048,183586,1,1,0
4304928,183587,1,0,1
5922264,183588,1,1,0
1116872,183589,1,1,0
3497984,183590,1,0,1
4532200,183591,1,0,1
5287408,183592,1,0,1
1458888,183593,1,0,1
377960,183594,1,0,1
778992,183595,1,1,0
8163408,183596,1,0,1
2143824,183597,1,0,1
454224,183598,1,1,0
6408216,183599,1,1,0
3883776,183600,1,1,0
123088,183601,1,0,1
2216872,183602,1,1,0
5689824,183603,1,1,0
1995696,183604,1,0,1
4129344,183605,1,1,0
7075680,183606,1,1,0
3494648,183607,1,0,1
3565576,183608,1,1,0
2465608,183609,1,1,0
981160,183610,1,0,1
6908648,183611,1,0,1
442280,183612,1,1,0
4441032,183613,1,1,0
5105616,183614,1,1,0
2917912,183615,1,1,0
2950472,183616,1,0,1
3706960,183617,1,0,1
2979320,183618,1,1,0
3696984,183619,1,0,1
810128,183620,1,1,0
2344864,183621,1,1,0
3544744,183622,1,0,1
7824664,183623,1,0,1
4437232,183624,1,1,0
3238256,183625,1,0,1
1091768,183626,1,1,0
7741328,183627,1,0,1
6344632,183628,1,0,1
3022032,183629,1,0,1
1915984,183630,1,1,0
424712,183631,1,0,1
4554744,183632,1,1,0
2115408,183633,1,0,1
422072,183634,1,1,0
1780576,183635,1,0,1
3661200,183636,1,0,1
4843712,183637,1,0,1
5116768,183638,1,1,0
1555920,183639,1,0,1
5803160,183640,1,1,0
5710816,183641,1,0,1
6033256,183642,1,0,1
2146496,183643,1,1,0
7189656,183644,1,1,0
4963520,183645,1,1,0
2866576,183646,1,0,1
3086176,183647,1,0,1
1119288,183648,1,1,0
922184,183649,1,1,0
1505408,183650,1,1,0
2301520,183651,1,1,0
997688,183652,1,0,1
1696784,183653,1,1,0
5134528,183654,1,0,1
1152960,183655,1,0,1
622240,183656,1,0,1
4218440,183657,1,1,0
1206160,183658,1,0,1
1941656,183659,1,0,1
3741184,183660,1,0,1
4494168,183661,1,1,0
482408,183662,1,0,1
7677112,183663,1,1,0
548096,183664,1,0,1
1419296,183665,1,0,1
906488,183666,1,0,1
2665288,183667,1,1,0
5529496,183668,1,1,0
5464048,183669,1,1,0
7628448,183670,1,0,1
1220336,183671,1,0,1
719072,183672,1,0,1
548672,183673,1,0,1
3279776,183674,1,0,1
280048,183675,1,1,0
775432,183676,1,1,0
2921512,183677,1,0,1
4244296,183678,1,1,0
3518256,183679,1,1,0
1267032,183680,1,0,1
2222912,183681,1,1,0
1015728,183682,1,0,1
2631496,183683,1,0,1
4059464,183684,1,0,1
5809800,183685,1,0,1
5608808,183686,1,1,0
4073448,183687,1,0,1
5736576,183688,1,0,1
3172616,183689,1,1,0
6862872,183690,1,0,1
4548024,183691,1,0,1
3163456,183692,1,0,1
412568,183693,1,0,1
797936,183694,1,0,1
5485304,183695,1,1,0
1300320,183696,1,0,1
275632,183697,1,1,0
8058080,183698,1,0,1
2455976,183699,1,1,0
3858976,183700,1,0,1
719608,183701,1,1,0
1225136,183702,1,0,1
1948368,183703,1,0,1
93000,183704,1,0,1
1031216,183705,1,1,0
6159672,183706,1,1,0
953520,183707,1,0,1
2742712,183708,1,0,1
307520,183709,1,1,0
1044216,183710,1,0,1
447488,183711,1,0,1
2214688,183712,1,1,0
3239216,183713,1,0,1
981152,183714,1,1,0
2437808,183715,1,0,1
531888,183716,1,1,0
2720128,183717,1,1,0
539184,183718,1,1,0
831496,183719,1,1,0
2885968,183720,1,1,0
2378288,183721,1,0,1
1412216,183722,1,1,0
898040,183723,1,1,0
2785952,183724,1,1,0
572624,183725,1,1,0
4723664,183726,1,1,0
6436280,183727,1,1,0
1822744,183728,1,0,1
2793600,183729,1,1,0
4629352,183730,1,1,0
2064056,183731,1,0,1
158328,183732,1,1,0
3841064,183733,1,1,0
1002816,183734,1,0,1
2103768,183735,1,1,0
199104,183736,1,1,0
801432,183737,1,0,1
4972696,183738,1,0,1
2421920,183739,1,1,0
4806656,183740,1,1,0
1084728,183741,1,1,0
3084208,183742,1,0,1
901880,183743,1,1,0
531984,183744,1,0,1
3787296,183745,1,0,1
679072,183746,1,0,1
990416,183747,1,1,0
2209064,183748,1,1,0
421680,183749,1,1,0
6625344,183750,1,0,1
1637720,183751,1,1,0
264000,183752,1,1,0
787344,183753,1,1,0
356096,183754,1,1,0
1948160,183755,1,1,0
4011784,183756,1,1,0
5195136,183757,1,0,1
1075424,183758,1,0,1
640248,183759,1,0,1
3522760,183760,1,1,0
8088024,183761,1,1,0
337200,183762,1,1,0
5130280,183763,1,0,1
6802216,183764,1,1,0
4524600,183765,1,1,0
1241096,183766,1,1,0
361416,183767,1,0,1
4818448,183768,1,1,0
4359648,183769,1,0,1
498984,183770,1,0,1
2635096,183771,1,0,1
927536,183772,1,0,1
2135624,183773,1,0,1
341616,183774,1,0,1
1229176,183775,1,1,0
3682216,183776,1,0,1
1173792,183777,1,0,1
2090048,183778,1,0,1
6799888,183779,1,1,0
172400,183780,1,0,1
979376,183781,1,0,1
1628776,183782,1,0,1
3363744,183783,1,0,1
1305512,183784,1,0,1
1002120,183785,1,0,1
7877288,183786,1,0,1
6418568,183787,1,0,1
569344,183788,1,0,1
292392,183789,1,1,0
1212424,183790,1,1,0
4814360,183791,1,1,0
7006360,183792,1,0,1
4396896,183793,1,1,0
3153504,183794,1,1,0
3082648,183795,1,0,1
6905680,183796,1,1,0
3644248,183797,1,0,1
3506328,183798,1,0,1
886608,183799,1,1,0
903680,183800,1,1,0
2327992,183801,1,0,1
1487496,183802,1,1,0
1645768,183803,1,1,0
983448,183804,1,0,1
3952864,183805,1,1,0
405904,183806,1,1,0
6411816,183807,1,1,0
3106512,183808,1,0,1
3203112,183809,1,1,0
5458872,183810,1,0,1
7717992,183811,1,0,1
2561512,183812,1,0,1
176752,183813,1,1,0
7028832,183814,1,1,0
1115720,183815,1,0,1
2493296,183816,1,1,0
1615184,183817,1,0,1
2723480,183818,1,0,1
6984184,183819,1,0,1
2066368,183820,1,1,0
256544,183821,1,1,0
4507216,183822,1,0,1
1399336,183823,1,0,1
353552,183824,1,0,1
2517144,183825,1,0,1
438344,183826,1,0,1
4117384,183827,1,0,1
2933768,183828,1,0,1
2017432,183829,1,0,1
1545320,183830,1,0,1
5345400,183831,1,0,1
624040,183832,1,1,0
7302880,183833,1,1,0
806632,183834,1,1,0
333448,183835,1,1,0
1780848,183836,1,1,0
4600760,183837,1,1,0
4269240,183838,1,1,0
2719056,183839,1,0,1
2136312,183840,1,1,0
5833120,183841,1,1,0
3242392,183842,1,0,1
840528,183843,1,0,1
1174928,183844,1,0,1
635608,183845,1,0,1
5425992,183846,1,0,1
4623704,183847,1,0,1
4584504,183848,1,0,1
1651648,183849,1,1,0
432552,183850,1,0,1
7557776,183851,1,1,0
670072,183852,1,1,0
256352,183853,1,1,0
2580152,183854,1,0,1
2995824,183855,1,0,1
3748064,183856,1,1,0
1647816,183857,1,1,0
3466928,183858,1,0,1
3995096,183859,1,1,0
1148896,183860,1,1,0
1076344,183861,1,0,1
2083552,183862,1,1,0
4772080,183863,1,0,1
8271824,183864,1,1,0
506536,183865,1,0,1
3189304,183866,1,1,0
801352,183867,1,0,1
2286056,183868,1,0,1
7572240,183869,1,0,1
1371816,183870,1,0,1
627080,183871,1,0,1
700320,183872,1,1,0
3480048,183873,1,1,0
517856,183874,1,1,0
779984,183875,1,1,0
701608,183876,1,0,1
6065408,183877,1,1,0
189856,183878,1,1,0
2847496,183879,1,1,0
1161768,183880,1,1,0
975944,183881,1,1,0
5943168,183882,1,0,1
701192,183883,1,0,1
805552,183884,1,0,1
643800,183885,1,1,0
4172424,183886,1,0,1
8278960,183887,1,1,0
322376,183888,1,0,1
8293576,183889,1,1,0
2127808,183890,1,0,1
448720,183891,1,1,0
653504,183892,1,1,0
1595456,183893,1,0,1
4810664,183894,1,1,0
2418176,183895,1,1,0
3767664,183896,1,1,0
1765352,183897,1,0,1
517000,183898,1,0,1
3297616,183899,1,0,1
6471064,183900,1,1,0
703736,183901,1,0,1
8117656,183902,1,1,0
535824,183903,1,0,1
3258880,183904,1,1,0
480392,183905,1,0,1
1222056,183906,1,1,0
168488,183907,1,1,0
1426296,183908,1,1,0
4562120,183909,1,1,0
475704,183910,1,1,0
6727504,183911,1,1,0
712568,183912,1,1,0
1157696,183913,1,0,1
5454824,183914,1,0,1
1279016,183915,1,1,0
3007904,183916,1,1,0
1352768,183917,1,0,1
3456976,183918,1,1,0
985032,183919,1,0,1
1294416,183920,1,1,0
88992,183921,1,0,1
1379392,183922,1,1,0
5925624,183923,1,1,0
1299288,183924,1,1,0
1688816,183925,1,0,1
1924408,183926,1,0,1
2142264,183927,1,1,0
511424,183928,1,1,0
6833720,183929,1,1,0
5663200,183930,1,0,1
271600,183931,1,0,1
3819488,183932,1,0,1
6546632,183933,1,0,1
1240560,183934,1,0,1
5028464,183935,1,0,1
195224,183936,1,0,1
2426000,183937,1,0,1
1067624,183938,1,1,0
4761864,183939,1,0,1
1621136,183940,1,1,0
928312,183941,1,1,0
1314472,183942,1,1,0
367032,183943,1,0,1
608584,183944,1,1,0
5702864,183945,1,0,1
4516280,183946,1,0,1
596168,183947,1,1,0
1700056,183948,1,0,1
706928,183949,1,0,1
1331088,183950,1,1,0
917664,183951,1,0,1
4749584,183952,1,1,0
6387264,183953,1,1,0
2089912,183954,1,1,0
1475920,183955,1,1,0
2109896,183956,1,0,1
5178152,183957,1,1,0
171304,183958,1,0,1
8223312,183959,1,0,1
264528,183960,1,0,1
1521952,183961,1,0,1
7758904,183962,1,1,0
4556512,183963,1,0,1
2444200,183964,1,1,0
3151888,183965,1,1,0
3052192,183966,1,0,1
4254384,183967,1,1,0
8150280,183968,1,0,1
1515248,183969,1,0,1
1379680,183970,1,0,1
4449032,183971,1,0,1
1851008,183972,1,1,0
240736,183973,1,1,0
4784464,183974,1,0,1
2028336,183975,1,0,1
808216,183976,1,0,1
4733944,183977,1,1,0
3615616,183978,1,1,0
1915232,183979,1,1,0
2053320,183980,1,0,1
1628904,183981,1,0,1
3588352,183982,1,0,1
490584,183983,1,1,0
1109744,183984,1,1,0
1331200,183985,1,0,1
1157744,183986,1,1,0
1499528,183987,1,1,0
1404360,183988,1,1,0
5577536,183989,1,0,1
4350520,183990,1,1,0
6279120,183991,1,1,0
4411816,183992,1,0,1
3156456,183993,1,0,1
1907624,183994,1,1,0
3445688,183995,1,0,1
674104,183996,1,0,1
2940400,183997,1,0,1
1183680,183998,1,1,0
2408232,183999,1,1,0
3848520,184000,1,1,0
3421504,184001,1,1,0
178688,184002,1,0,1
8328160,184003,1,0,1
55432,184004,1,1,0
2556032,184005,1,0,1
1918792,184006,1,1,0
1678632,184007,1,1,0
3264480,184008,1,1,0
3436056,184009,1,1,0
785784,184010,1,0,1
3936656,184011,1,0,1
5644464,184012,1,1,0
4812464,184013,1,1,0
4791032,184014,1,0,1
401256,184015,1,0,1
3517256,184016,1,0,1
1155800,184017,1,0,1
3078160,184018,1,1,0
2328520,184019,1,0,1
7182952,184020,1,1,0
1738440,184021,1,0,1
6733200,184022,1,1,0
4262216,184023,1,0,1
1236288,184024,1,0,1
7485416,184025,1,1,0
1949536,184026,1,1,0
754936,184027,1,1,0
928784,184028,1,0,1
5711080,184029,1,1,0
5340208,184030,1,1,0
1420384,184031,1,1,0
743912,184032,1,1,0
1706896,184033,1,0,1
3762920,184034,1,1,0
716032,184035,1,0,1
288160,184036,1,0,1
3520896,184037,1,1,0
2667144,184038,1,0,1
3851896,184039,1,0,1
497192,184040,1,0,1
4616944,184041,1,0,1
718648,184042,1,1,0
5356568,184043,1,1,0
451480,184044,1,0,1
7309864,184045,1,1,0
496688,184046,1,1,0
239672,184047,1,0,1
661240,184048,1,0,1
1037656,184049,1,1,0
2321592,184050,1,0,1
960592,184051,1,0,1
4568408,184052,1,1,0
502760,184053,1,0,1
1232352,184054,1,0,1
1500184,184055,1,1,0
2176120,184056,1,1,0
7484200,184057,1,0,1
6190392,184058,1,1,0
5340480,184059,1,1,0
972168,184060,1,0,1
5238448,184061,1,1,0
643400,184062,1,1,0
712824,184063,1,0,1
632752,184064,1,0,1
3362864,184065,1,1,0
8226360,184066,1,1,0
1151920,184067,1,0,1
712448,184068,1,0,1
959840,184069,1,1,0
2012896,184070,1,1,0
1915544,184071,1,1,0
1410944,184072,1,1,0
5794784,184073,1,0,1
884200,184074,1,1,0
1778264,184075,1,0,1
6488616,184076,1,0,1
1891696,184077,1,1,0
572504,184078,1,1,0
378272,184079,1,0,1
6220800,184080,1,1,0
410568,184081,1,0,1
4106104,184082,1,0,1
7466256,184083,1,0,1
398296,184084,1,0,1
1976568,184085,1,0,1
1755560,184086,1,0,1
740000,184087,1,1,0
2441008,184088,1,1,0
5775080,184089,1,1,0
4889800,184090,1,0,1
6302808,184091,1,1,0
7204512,184092,1,0,1
3114136,184093,1,1,0
1335720,184094,1,1,0
520152,184095,1,0,1
1158480,184096,1,1,0
3030040,184097,1,0,1
423344,184098,1,0,1
3203064,184099,1,0,1
583944,184100,1,0,1
3268120,184101,1,1,0
7746536,184102,1,1,0
668024,184103,1,1,0
4422952,184104,1,0,1
3159608,184105,1,0,1
7746664,184106,1,0,1
495344,184107,1,1,0
2134280,184108,1,1,0
1820536,184109,1,1,0
3299528,184110,1,1,0
1931136,184111,1,1,0
2144352,184112,1,1,0
6177440,184113,1,1,0
2253528,184114,1,0,1
2505904,184115,1,0,1
2078160,184116,1,1,0
7022456,184117,1,0,1
4052856,184118,1,1,0
656424,184119,1,0,1
1628328,184120,1,0,1
559832,184121,1,0,1
322896,184122,1,1,0
4592960,184123,1,0,1
6936400,184124,1,0,1
466240,184125,1,1,0
4332608,184126,1,0,1
2032704,184127,1,0,1
612392,184128,1,0,1
2243824,184129,1,0,1
3054104,184130,1,0,1
7537984,184131,1,1,0
2361064,184132,1,0,1
6023976,184133,1,0,1
219944,184134,1,1,0
3392304,184135,1,0,1
8131608,184136,1,0,1
4768544,184137,1,1,0
140872,184138,1,1,0
6385040,184139,1,1,0
2971712,184140,1,0,1
1069000,184141,1,1,0
4496896,184142,1,1,0
710272,184143,1,0,1
2045360,184144,1,1,0
521944,184145,1,0,1
1908904,184146,1,0,1
575136,184147,1,1,0
2516904,184148,1,0,1
7681272,184149,1,1,0
237384,184150,1,0,1
4626208,184151,1,0,1
536608,184152,1,0,1
810392,184153,1,0,1
2983744,184154,1,0,1
441032,184155,1,0,1
2064216,184156,1,1,0
2846376,184157,1,0,1
7786520,184158,1,0,1
170776,184159,1,1,0
1257824,184160,1,0,1
2996880,184161,1,0,1
7673064,184162,1,1,0
2279840,184163,1,1,0
5787256,184164,1,1,0
1557304,184165,1,0,1
214800,184166,1,0,1
3895944,184167,1,0,1
2460904,184168,1,0,1
7767920,184169,1,1,0
689976,184170,1,1,0
1847320,184171,1,0,1
1099664,184172,1,1,0
4398200,184173,1,0,1
883296,184174,1,0,1
3284400,184175,1,0,1
1668472,184176,1,0,1
647760,184177,1,0,1
4185976,184178,1,1,0
5965728,184179,1,0,1
1854960,184180,1,1,0
5073504,184181,1,1,0
6140440,184182,1,1,0
1830872,184183,1,1,0
4085352,184184,1,1,0
4243944,184185,1,0,1
4931744,184186,1,1,0
615968,184187,1,0,1
689544,184188,1,0,1
1542288,184189,1,1,0
2764504,184190,1,0,1
345488,184191,1,1,0
2787576,184192,1,0,1
2074144,184193,1,0,1
727048,184194,1,0,1
126184,184195,1,1,0
901848,184196,1,1,0
6739960,184197,1,1,0
368808,184198,1,1,0
3491848,184199,1,1,0
7348928,184200,1,1,0
301648,184201,1,1,0
3178448,184202,1,0,1
101888,184203,1,0,1
4852008,184204,1,1,0
2387368,184205,1,0,1
2506392,184206,1,0,1
2786304,184207,1,0,1
2918096,184208,1,0,1
3508984,184209,1,1,0
597248,184210,1,0,1
1405224,184211,1,0,1
566024,184212,1,0,1
982480,184213,1,0,1
3273480,184214,1,0,1
1998272,184215,1,1,0
663704,184216,1,1,0
1452256,184217,1,1,0
6494272,184218,1,0,1
1830696,184219,1,1,0
1165248,184220,1,1,0
8087040,184221,1,1,0
1801144,184222,1,1,0
3552912,184223,1,1,0
4725496,184224,1,1,0
6452296,184225,1,0,1
2835320,184226,1,0,1
7426296,184227,1,0,1
312944,184228,1,0,1
3031488,184229,1,1,0
1270272,184230,1,0,1
1129984,184231,1,1,0
7692936,184232,1,1,0
697816,184233,1,0,1
1116304,184234,1,1,0
2111680,184235,1,0,1
3803392,184236,1,1,0
2982928,184237,1,0,1
5520912,184238,1,1,0
2422776,184239,1,1,0
7303736,184240,1,0,1
2411240,184241,1,0,1
5542864,184242,1,0,1
4022920,184243,1,0,1
2927376,184244,1,1,0
4484880,184245,1,1,0
1444408,184246,1,0,1
4185064,184247,1,1,0
1368552,184248,1,0,1
1696896,184249,1,0,1
8361960,184250,1,1,0
337400,184251,1,0,1
3778744,184252,1,1,0
7359984,184253,1,0,1
284160,184254,1,1,0
6034768,184255,1,1,0
2658184,184256,1,1,0
740096,184257,1,0,1
503784,184258,1,0,1
413352,184259,1,1,0
1376464,184260,1,0,1
851448,184261,1,1,0
1151048,184262,1,0,1
2478328,184263,1,0,1
1762000,184264,1,1,0
3797480,184265,1,0,1
4004944,184266,1,0,1
5742000,184267,1,0,1
1268992,184268,1,1,0
331368,184269,1,0,1
3311032,184270,1,1,0
4037536,184271,1,0,1
701056,184272,1,0,1
1196776,184273,1,0,1
6467704,184274,1,0,1
2573696,184275,1,0,1
746024,184276,1,0,1
138416,184277,1,0,1
760568,184278,1,0,1
180064,184279,1,1,0
4505456,184280,1,1,0
4484896,184281,1,1,0
1674312,184282,1,0,1
6858128,184283,1,1,0
1408432,184284,1,0,1
543896,184285,1,0,1
210200,184286,1,0,1
857048,184287,1,1,0
2446632,184288,1,0,1
2692400,184289,1,0,1
1273184,184290,1,1,0
5422032,184291,1,0,1
520072,184292,1,1,0
215200,184293,1,1,0
1288152,184294,1,0,1
4361664,184295,1,0,1
3433096,184296,1,1,0
485264,184297,1,1,0
550800,184298,1,0,1
648536,184299,1,0,1
1267904,184300,1,0,1
5194488,184301,1,0,1
1107512,184302,1,1,0
607128,184303,1,1,0
352448,184304,1,1,0
4973176,184305,1,1,0
803024,184306,1,1,0
442480,184307,1,1,0
1830464,184308,1,1,0
3654056,184309,1,0,1
2681928,184310,1,0,1
2519560,184311,1,1,0
2214368,184312,1,0,1
2244240,184313,1,0,1
276032,184314,1,0,1
4170800,184315,1,0,1
2047288,184316,1,1,0
1636424,184317,1,0,1
1160744,184318,1,0,1
2499440,184319,1,0,1
1090656,184320,1,0,1
6590544,184321,1,0,1
2008120,184322,1,0,1
914224,184323,1,0,1
4539632,184324,1,0,1
1411168,184325,1,0,1
431008,184326,1,0,1
777584,184327,1,1,0
883200,184328,1,0,1
2452048,184329,1,1,0
3090240,184330,1,1,0
814624,184331,1,1,0
4331768,184332,1,0,1
2854808,184333,1,1,0
1408888,184334,1,0,1
2195720,184335,1,1,0
956416,184336,1,0,1
909368,184337,1,1,0
1280960,184338,1,1,0
2453752,184339,1,0,1
608752,184340,1,0,1
2426592,184341,1,1,0
598448,184342,1,1,0
8046224,184343,1,1,0
4282336,184344,1,0,1
6722824,184345,1,1,0
786184,184346,1,1,0
3436200,184347,1,0,1
5738064,184348,1,0,1
2924040,184349,1,0,1
1582888,184350,1,0,1
1633624,184351,1,1,0
5907320,184352,1,1,0
5663864,184353,1,0,1
4908656,184354,1,1,0
1578664,184355,1,0,1
676712,184356,1,0,1
4259192,184357,1,0,1
2992816,184358,1,1,0
1727400,184359,1,0,1
1467368,184360,1,0,1
208864,184361,1,0,1
6128208,184362,1,1,0
2105856,184363,1,0,1
1697048,184364,1,0,1
843528,184365,1,0,1
356792,184366,1,1,0
3314696,184367,1,0,1
7831216,184368,1,1,0
4585176,184369,1,1,0
273152,184370,1,0,1
6887984,184371,1,1,0
507536,184372,1,0,1
881824,184373,1,1,0
392952,184374,1,0,1
4852048,184375,1,0,1
6958168,184376,1,1,0
1085936,184377,1,1,0
1991960,184378,1,1,0
436216,184379,1,1,0
301768,184380,1,0,1
3016168,184381,1,1,0
206424,184382,1,1,0
1426152,184383,1,1,0
3059992,184384,1,0,1
2710624,184385,1,0,1
3716872,184386,1,0,1
1877032,184387,1,0,1
406440,184388,1,1,0
1873056,184389,1,0,1
5606592,184390,1,1,0
3901744,184391,1,0,1
7800128,184392,1,0,1
8226888,184393,1,1,0
3091384,184394,1,0,1
774168,184395,1,0,1
4254736,184396,1,0,1
1744928,184397,1,1,0
4226728,184398,1,0,1
2322992,184399,1,0,1
5717256,184400,1,0,1
3935200,184401,1,0,1
6467168,184402,1,1,0
986072,184403,1,0,1
7926896,184404,1,1,0
2023312,184405,1,0,1
956600,184406,1,1,0
1822904,184407,1,1,0
4644592,184408,1,1,0
5180640,184409,1,0,1
4646480,184410,1,1,0
1401456,184411,1,1,0
515352,184412,1,1,0
2384304,184413,1,1,0
6906016,184414,1,1,0
442200,184415,1,0,1
4487800,184416,1,1,0
1050336,184417,1,1,0
267304,184418,1,1,0
193840,184419,1,0,1
261256,184420,1,1,0
1612640,184421,1,1,0
592168,184422,1,0,1
408248,184423,1,1,0
859848,184424,1,1,0
641032,184425,1,0,1
5834864,184426,1,0,1
252928,184427,1,1,0
1069248,184428,1,0,1
743080,184429,1,1,0
2315912,184430,1,0,1
4227640,184431,1,0,1
1139392,184432,1,0,1
3260288,184433,1,0,1
2505816,184434,1,0,1
80224,184435,1,1,0
516432,184436,1,1,0
831104,184437,1,0,1
4917248,184438,1,0,1
2362496,184439,1,0,1
4740696,184440,1,1,0
3157496,184441,1,0,1
5045760,184442,1,1,0
6080808,184443,1,0,1
3427704,184444,1,1,0
1333440,184445,1,0,1
7864992,184446,1,1,0
3469992,184447,1,1,0
1287624,184448,1,1,0
4410064,184449,1,1,0
1886264,184450,1,0,1
203088,184451,1,0,1
3284824,184452,1,0,1
387840,184453,1,1,0
156568,184454,1,0,1
2922664,184455,1,1,0
3490512,184456,1,0,1
1672968,184457,1,1,0
5598432,184458,1,1,0
3440136,184459,1,0,1
2739744,184460,1,1,0
263816,184461,1,1,0
2009520,184462,1,0,1
4984416,184463,1,1,0
4659800,184464,1,0,1
7958376,184465,1,0,1
631344,184466,1,1,0
1842376,184467,1,1,0
4065184,184468,1,1,0
1544496,184469,1,0,1
732976,184470,1,0,1
5952200,184471,1,0,1
6158144,184472,1,1,0
219440,184473,1,0,1
2166000,184474,1,1,0
3035648,184475,1,0,1
343624,184476,1,1,0
4284936,184477,1,0,1
4300984,184478,1,0,1
3458040,184479,1,1,0
666600,184480,1,0,1
5122432,184481,1,1,0
4906368,184482,1,1,0
1592560,184483,1,0,1
502976,184484,1,0,1
5842408,184485,1,0,1
2970952,184486,1,1,0
895744,184487,1,1,0
7149560,184488,1,0,1
5141920,184489,1,0,1
4332136,184490,1,1,0
6036016,184491,1,1,0
1205960,184492,1,1,0
2835312,184493,1,0,1
3815232,184494,1,1,0
1370328,184495,1,0,1
1051232,184496,1,1,0
6962648,184497,1,1,0
2343632,184498,1,0,1
507912,184499,1,1,0
659976,184500,1,0,1
1118096,184501,1,1,0
5012192,184502,1,0,1
2540096,184503,1,1,0
1888320,184504,1,1,0
8058952,184505,1,1,0
2073032,184506,1,1,0
2876112,184507,1,1,0
5459632,184508,1,0,1
1015512,184509,1,0,1
3868608,184510,1,0,1
7697568,184511,1,0,1
3395360,184512,1,1,0
6576464,184513,1,1,0
852992,184514,1,0,1
2228768,184515,1,1,0
2035816,184516,1,0,1
3036184,184517,1,1,0
1946720,184518,1,1,0
7135440,184519,1,0,1
462984,184520,1,1,0
2642832,184521,1,1,0
7114216,184522,1,1,0
1098256,184523,1,1,0
841072,184524,1,0,1
3121232,184525,1,1,0
7967176,184526,1,1,0
1623056,184527,1,1,0
515432,184528,1,0,1
991160,184529,1,1,0
792712,184530,1,1,0
450704,184531,1,1,0
824696,184532,1,1,0
768912,184533,1,1,0
599392,184534,1,0,1
6920712,184535,1,1,0
132336,184536,1,1,0
716296,184537,1,0,1
4455144,184538,1,1,0
767952,184539,1,0,1
5918816,184540,1,0,1
3059600,184541,1,0,1
736608,184542,1,0,1
168312,184543,1,1,0
3567168,184544,1,1,0
223128,184545,1,0,1
5250200,184546,1,0,1
816872,184547,1,0,1
887872,184548,1,1,0
4480600,184549,1,1,0
2016720,184550,1,1,0
230920,184551,1,0,1
908408,184552,1,0,1
6556808,184553,1,1,0
4779784,184554,1,1,0
1178888,184555,1,0,1
2336616,184556,1,1,0
2331848,184557,1,0,1
368440,184558,1,0,1
403504,184559,1,0,1
4228424,184560,1,0,1
2656008,184561,1,1,0
116048,184562,1,1,0
943800,184563,1,0,1
3044728,184564,1,0,1
1902464,184565,1,0,1
3968416,184566,1,1,0
1399584,184567,1,0,1
4982432,184568,1,0,1
1719672,184569,1,0,1
7660088,184570,1,1,0
7551664,184571,1,0,1
905024,184572,1,0,1
5434640,184573,1,1,0
4028776,184574,1,0,1
1387016,184575,1,0,1
1259704,184576,1,0,1
4164912,184577,1,1,0
875544,184578,1,1,0
1195320,184579,1,0,1
2441144,184580,1,1,0
5655432,184581,1,0,1
6650600,184582,1,0,1
1119384,184583,1,0,1
1344648,184584,1,0,1
3917992,184585,1,0,1
1506224,184586,1,1,0
2759752,184587,1,1,0
188344,184588,1,1,0
5368864,184589,1,0,1
534352,184590,1,0,1
4474520,184591,1,1,0
6297152,184592,1,0,1
2869416,184593,1,0,1
1871296,184594,1,0,1
1153336,184595,1,0,1
718168,184596,1,1,0
2235416,184597,1,1,0
810432,184598,1,0,1
2362000,184599,1,1,0
1438056,184600,1,0,1
1381936,184601,1,0,1
316760,184602,1,0,1
6089376,184603,1,1,0
1544920,184604,1,1,0
773904,184605,1,1,0
1134672,184606,1,1,0
308600,184607,1,1,0
745312,184608,1,1,0
5129488,184609,1,0,1
1264856,184610,1,0,1
398720,184611,1,1,0
5764352,184612,1,1,0
2191312,184613,1,0,1
292400,184614,1,0,1
7608800,184615,1,1,0
5238352,184616,1,0,1
4177016,184617,1,1,0
1063880,184618,1,1,0
5885360,184619,1,0,1
1973088,184620,1,1,0
130632,184621,1,1,0
2514304,184622,1,1,0
7987152,184623,1,1,0
3455456,184624,1,0,1
557904,184625,1,1,0
7672448,184626,1,0,1
5436024,184627,1,0,1
509000,184628,1,0,1
348560,184629,1,1,0
788880,184630,1,0,1
341688,184631,1,0,1
1615904,184632,1,0,1
2423368,184633,1,1,0
341576,184634,1,0,1
5129128,184635,1,1,0
1530712,184636,1,1,0
2411064,184637,1,0,1
4527632,184638,1,0,1
7876192,184639,1,1,0
7919968,184640,1,0,1
4401576,184641,1,1,0
489248,184642,1,0,1
7799264,184643,1,0,1
8073792,184644,1,0,1
4917184,184645,1,1,0
147496,184646,1,0,1
1835632,184647,1,1,0
272120,184648,1,0,1
293592,184649,1,1,0
958608,184650,1,0,1
3581296,184651,1,1,0
5089672,184652,1,1,0
534320,184653,1,1,0
4934920,184654,1,1,0
933664,184655,1,0,1
947192,184656,1,0,1
3784128,184657,1,0,1
885880,184658,1,0,1
7893920,184659,1,0,1
2157432,184660,1,1,0
8349520,184661,1,1,0
550624,184662,1,0,1
505040,184663,1,1,0
3591664,184664,1,0,1
1886504,184665,1,0,1
203568,184666,1,1,0
664192,184667,1,0,1
3609568,184668,1,1,0
5348768,184669,1,1,0
652040,184670,1,0,1
1143880,184671,1,0,1
5392720,184672,1,0,1
3893848,184673,1,0,1
3132104,184674,1,1,0
6360232,184675,1,1,0
2707552,184676,1,1,0
1763480,184677,1,0,1
3342800,184678,1,0,1
347072,184679,1,1,0
2672976,184680,1,0,1
720648,184681,1,1,0
340184,184682,1,0,1
5498048,184683,1,0,1
1078504,184684,1,0,1
3784328,184685,1,1,0
2687296,184686,1,0,1
1146904,184687,1,1,0
574104,184688,1,1,0
3590152,184689,1,1,0
315704,184690,1,1,0
2872952,184691,1,1,0
1551272,184692,1,1,0
5502272,184693,1,1,0
2829312,184694,1,0,1
2663592,184695,1,1,0
393296,184696,1,0,1
3879480,184697,1,1,0
5913520,184698,1,0,1
1351016,184699,1,0,1
854176,184700,1,1,0
1831480,184701,1,1,0
4197936,184702,1,0,1
2467864,184703,1,0,1
3170384,184704,1,0,1
4928120,184705,1,1,0
739016,184706,1,0,1
2427456,184707,1,1,0
985336,184708,1,0,1
4636272,184709,1,0,1
1096592,184710,1,1,0
5872864,184711,1,0,1
5688864,184712,1,1,0
1544664,184713,1,1,0
6409976,184714,1,1,0
1802760,184715,1,0,1
7691112,184716,1,0,1
934560,184717,1,0,1
887464,184718,1,1,0
1274512,184719,1,0,1
3592960,184720,1,0,1
266936,184721,1,1,0
5865640,184722,1,1,0
3502016,184723,1,0,1
287752,184724,1,0,1
8173416,184725,1,0,1
1922736,184726,1,1,0
542504,184727,1,1,0
4861168,184728,1,1,0
2246648,184729,1,1,0
7424664,184730,1,0,1
7578888,184731,1,0,1
4274248,184732,1,1,0
2020720,184733,1,1,0
2926048,184734,1,0,1
1773632,184735,1,0,1
6307912,184736,1,1,0
1370080,184737,1,1,0
4117104,184738,1,1,0
280376,184739,1,0,1
4155064,184740,1,0,1
2172800,184741,1,1,0
592624,184742,1,0,1
1672896,184743,1,0,1
3888552,184744,1,0,1
2815896,184745,1,0,1
2384296,184746,1,1,0
4938656,184747,1,0,1
371008,184748,1,1,0
430888,184749,1,1,0
5511000,184750,1,0,1
1366888,184751,1,1,0
4759296,184752,1,0,1
438152,184753,1,1,0
741184,184754,1,0,1
464576,184755,1,0,1
7554400,184756,1,0,1
3061592,184757,1,1,0
2020128,184758,1,0,1
8172736,184759,1,1,0
1299952,184760,1,0,1
4793912,184761,1,0,1
2462584,184762,1,0,1
1662872,184763,1,1,0
1986408,184764,1,0,1
1479304,184765,1,1,0
4071216,184766,1,0,1
887824,184767,1,0,1
5718616,184768,1,0,1
4134576,184769,1,0,1
2476960,184770,1,1,0
6515176,184771,1,1,0
7199448,184772,1,1,0
1756216,184773,1,0,1
7406400,184774,1,0,1
7834136,184775,1,1,0
3323640,184776,1,0,1
408648,184777,1,1,0
1087200,184778,1,1,0
1119008,184779,1,1,0
3952888,184780,1,1,0
6029480,184781,1,0,1
1294496,184782,1,1,0
4934952,184783,1,0,1
6409992,184784,1,0,1
4469224,184785,1,0,1
492680,184786,1,1,0
2293272,184787,1,1,0
7284912,184788,1,0,1
3152856,184789,1,1,0
1099008,184790,1,1,0
6635336,184791,1,0,1
7925848,184792,1,1,0
862368,184793,1,0,1
1059744,184794,1,0,1
527208,184795,1,1,0
3431200,184796,1,1,0
1472048,184797,1,1,0
228528,184798,1,1,0
6355416,184799,1,0,1
478664,184800,1,1,0
3982248,184801,1,1,0
1607464,184802,1,1,0
860976,184803,1,1,0
6326448,184804,1,0,1
1190584,184805,1,0,1
4065208,184806,1,0,1
3422224,184807,1,0,1
4628664,184808,1,0,1
5725760,184809,1,0,1
3579288,184810,1,1,0
2866104,184811,1,1,0
7724800,184812,1,0,1
3875912,184813,1,1,0
1735344,184814,1,0,1
1318552,184815,1,1,0
1986072,184816,1,0,1
4016000,184817,1,1,0
1489504,184818,1,0,1
401912,184819,1,0,1
261680,184820,1,1,0
6048536,184821,1,0,1
370152,184822,1,0,1
4972136,184823,1,1,0
2568208,184824,1,0,1
3496792,184825,1,1,0
5012064,184826,1,1,0
7205944,184827,1,0,1
919008,184828,1,1,0
716736,184829,1,1,0
1518168,184830,1,0,1
2027320,184831,1,1,0
683784,184832,1,0,1
4005960,184833,1,1,0
1759520,184834,1,1,0
3366744,184835,1,1,0
777096,184836,1,0,1
3344512,184837,1,0,1
6903552,184838,1,1,0
3521176,184839,1,1,0
1245952,184840,1,0,1
4960240,184841,1,1,0
6682728,184842,1,1,0
6165112,184843,1,1,0
2061312,184844,1,1,0
1386672,184845,1,0,1
1956208,184846,1,1,0
4098336,184847,1,0,1
1945440,184848,1,0,1
5424336,184849,1,0,1
4035232,184850,1,1,0
840224,184851,1,0,1
664744,184852,1,1,0
4030128,184853,1,0,1
319392,184854,1,1,0
864568,184855,1,0,1
7237120,184856,1,0,1
514080,184857,1,1,0
2634624,184858,1,1,0
3236792,184859,1,1,0
3233272,184860,1,0,1
4405072,184861,1,0,1
232656,184862,1,1,0
7062344,184863,1,0,1
6221944,184864,1,1,0
4187408,184865,1,0,1
276560,184866,1,1,0
3343312,184867,1,1,0
6635608,184868,1,0,1
5975728,184869,1,1,0
2193680,184870,1,1,0
1711320,184871,1,1,0
520648,184872,1,1,0
211192,184873,1,1,0
5218408,184874,1,1,0
6880096,184875,1,0,1
7395632,184876,1,1,0
8139240,184877,1,0,1
480912,184878,1,1,0
1003392,184879,1,0,1
4318976,184880,1,1,0
3041296,184881,1,0,1
754368,184882,1,0,1
7647336,184883,1,0,1
1837528,184884,1,0,1
520312,184885,1,1,0
1648880,184886,1,1,0
1282640,184887,1,0,1
194584,184888,1,0,1
2246808,184889,1,1,0
426296,184890,1,1,0
835384,184891,1,0,1
1680776,184892,1,0,1
6291208,184893,1,0,1
1112904,184894,1,1,0
2158752,184895,1,0,1
6605392,184896,1,1,0
1159536,184897,1,1,0
705736,184898,1,0,1
1457872,184899,1,1,0
711960,184900,1,0,1
8080240,184901,1,0,1
4592768,184902,1,1,0
1192952,184903,1,0,1
1458392,184904,1,0,1
5400984,184905,1,0,1
4400936,184906,1,1,0
1289632,184907,1,1,0
7168528,184908,1,1,0
2310784,184909,1,0,1
2765568,184910,1,1,0
1785264,184911,1,1,0
6927872,184912,1,1,0
5739480,184913,1,0,1
5199728,184914,1,0,1
4319424,184915,1,0,1
427224,184916,1,1,0
1681136,184917,1,0,1
1732168,184918,1,1,0
1996632,184919,1,1,0
6889880,184920,1,0,1
758232,184921,1,0,1
1126440,184922,1,0,1
6219336,184923,1,1,0
612504,184924,1,0,1
1270760,184925,1,1,0
7223832,184926,1,1,0
1705096,184927,1,1,0
719208,184928,1,1,0
4308888,184929,1,0,1
242064,184930,1,1,0
316368,184931,1,0,1
2487048,184932,1,1,0
274600,184933,1,1,0
4752928,184934,1,1,0
1090136,184935,1,0,1
1914672,184936,1,0,1
7835736,184937,1,1,0
2832280,184938,1,1,0
4482680,184939,1,1,0
1490728,184940,1,1,0
2447864,184941,1,1,0
5121024,184942,1,0,1
2444120,184943,1,1,0
1617576,184944,1,0,1
5528752,184945,1,1,0
2369752,184946,1,1,0
1306520,184947,1,1,0
605816,184948,1,0,1
869408,184949,1,1,0
6081336,184950,1,0,1
5203352,184951,1,0,1
1806944,184952,1,1,0
3083008,184953,1,0,1
1155560,184954,1,0,1
8249072,184955,1,1,0
1809744,184956,1,1,0
4106144,184957,1,0,1
2724672,184958,1,1,0
490424,184959,1,1,0
946472,184960,1,0,1
449752,184961,1,0,1
2775032,184962,1,0,1
397360,184963,1,0,1
3888616,184964,1,0,1
658072,184965,1,0,1
1163576,184966,1,1,0
4044080,184967,1,0,1
742240,184968,1,1,0
324432,184969,1,1,0
5098616,184970,1,1,0
7667744,184971,1,1,0
884248,184972,1,0,1
1718456,184973,1,0,1
1311368,184974,1,0,1
573400,184975,1,1,0
1268728,184976,1,0,1
3654920,184977,1,1,0
7481496,184978,1,1,0
3587592,184979,1,1,0
7289832,184980,1,1,0
1490632,184981,1,1,0
1039128,184982,1,1,0
316704,184983,1,1,0
3168224,184984,1,0,1
668512,184985,1,1,0
6298976,184986,1,0,1
1477304,184987,1,1,0
6565920,184988,1,0,1
1053632,184989,1,1,0
233072,184990,1,0,1
3432440,184991,1,0,1
4809808,184992,1,1,0
7024712,184993,1,1,0
373000,184994,1,1,0
420776,184995,1,1,0
2687600,184996,1,0,1
2231856,184997,1,0,1
253120,184998,1,1,0
2326632,184999,1,1,0
3779072,185000,1,1,0
683928,185001,1,0,1
4853792,185002,1,0,1
275896,185003,1,0,1
418784,185004,1,0,1
2873032,185005,1,0,1
415448,185006,1,0,1
2290248,185007,1,0,1
6271760,185008,1,0,1
2603104,185009,1,1,0
579528,185010,1,1,0
4186016,185011,1,0,1
2631096,185012,1,0,1
1063328,185013,1,0,1
1240320,185014,1,0,1
1023856,185015,1,1,0
886984,185016,1,1,0
2342432,185017,1,1,0
1546776,185018,1,1,0
8351360,185019,1,0,1
6948968,185020,1,0,1
1626720,185021,1,0,1
7704328,185022,1,0,1
1582200,185023,1,1,0
2858360,185024,1,0,1
3131192,185025,1,0,1
540208,185026,1,0,1
1343872,185027,1,1,0
1599552,185028,1,1,0
4091504,185029,1,1,0
716448,185030,1,0,1
4924840,185031,1,1,0
753976,185032,1,0,1
592280,185033,1,1,0
939960,185034,1,0,1
5698656,185035,1,1,0
3026968,185036,1,0,1
1492888,185037,1,1,0
6861720,185038,1,0,1
599856,185039,1,0,1
5044376,185040,1,0,1
2720824,185041,1,1,0
1317064,185042,1,1,0
4304840,185043,1,0,1
5109528,185044,1,1,0
2755160,185045,1,1,0
2653248,185046,1,1,0
2213792,185047,1,0,1
2060480,185048,1,1,0
4176856,185049,1,1,0
1428280,185050,1,0,1
5214032,185051,1,0,1
195528,185052,1,1,0
3739440,185053,1,0,1
2454872,185054,1,0,1
7620000,185055,1,1,0
1506840,185056,1,0,1
8243872,185057,1,1,0
6419064,185058,1,1,0
6454752,185059,1,0,1
1845296,185060,1,0,1
748920,185061,1,1,0
4874048,185062,1,1,0
4890712,185063,1,1,0
481304,185064,1,0,1
4994304,185065,1,1,0
3504432,185066,1,1,0
1471232,185067,1,1,0
880592,185068,1,1,0
616144,185069,1,1,0
2360168,185070,1,1,0
2212608,185071,1,1,0
793560,185072,1,0,1
1196496,185073,1,0,1
2465464,185074,1,0,1
2723864,185075,1,0,1
5075064,185076,1,0,1
6446808,185077,1,1,0
1232240,185078,1,1,0
332712,185079,1,1,0
885072,185080,1,0,1
514728,185081,1,0,1
366688,185082,1,0,1
398672,185083,1,0,1
4545024,185084,1,1,0
1841320,185085,1,0,1
1894168,185086,1,1,0
1155968,185087,1,0,1
1812376,185088,1,1,0
7474160,185089,1,1,0
529760,185090,1,0,1
2958600,185091,1,0,1
555168,185092,1,1,0
3677032,185093,1,0,1
1600784,185094,1,0,1
237504,185095,1,0,1
279088,185096,1,0,1
4577312,185097,1,1,0
1325976,185098,1,1,0
6244512,185099,1,0,1
6666832,185100,1,1,0
1978064,185101,1,1,0
1325616,185102,1,1,0
6782576,185103,1,0,1
5628504,185104,1,1,0
233800,185105,1,1,0
936352,185106,1,1,0
4573704,185107,1,0,1
325488,185108,1,0,1
7513816,185109,1,1,0
4474000,185110,1,0,1
368024,185111,1,0,1
740432,185112,1,1,0
696768,185113,1,1,0
333176,185114,1,1,0
4242912,185115,1,0,1
2131104,185116,1,0,1
334056,185117,1,0,1
407184,185118,1,1,0
2499056,185119,1,1,0
4472440,185120,1,1,0
138560,185121,1,0,1
2304904,185122,1,0,1
4273144,185123,1,1,0
670992,185124,1,0,1
2890480,185125,1,1,0
2343208,185126,1,1,0
320024,185127,1,1,0
3858984,185128,1,1,0
3730288,185129,1,1,0
391816,185130,1,0,1
651928,185131,1,1,0
2354152,185132,1,0,1
2810192,185133,1,1,0
6745776,185134,1,0,1
896584,185135,1,1,0
6735104,185136,1,1,0
3536608,185137,1,0,1
2088336,185138,1,0,1
2748040,185139,1,0,1
954848,185140,1,1,0
1835592,185141,1,1,0
4094416,185142,1,1,0
4580984,185143,1,1,0
5157536,185144,1,0,1
4330648,185145,1,0,1
252856,185146,1,0,1
364984,185147,1,1,0
5012384,185148,1,0,1
1048896,185149,1,0,1
2037792,185150,1,0,1
2874376,185151,1,1,0
423168,185152,1,0,1
1368792,185153,1,0,1
6115440,185154,1,1,0
3332440,185155,1,0,1
1553888,185156,1,1,0
4230920,185157,1,1,0
470912,185158,1,0,1
7662112,185159,1,1,0
7390472,185160,1,0,1
3262320,185161,1,1,0
1491480,185162,1,0,1
3137768,185163,1,1,0
3581552,185164,1,0,1
1491240,185165,1,1,0
709408,185166,1,0,1
132352,185167,1,0,1
1715432,185168,1,1,0
3416048,185169,1,1,0
868808,185170,1,1,0
3158032,185171,1,1,0
4936688,185172,1,1,0
1880144,185173,1,0,1
1658992,185174,1,0,1
4262552,185175,1,1,0
3235024,185176,1,0,1
4358448,185177,1,0,1
5289424,185178,1,0,1
8087272,185179,1,1,0
3138680,185180,1,1,0
3392072,185181,1,1,0
6232736,185182,1,1,0
226440,185183,1,1,0
442760,185184,1,1,0
777952,185185,1,1,0
462216,185186,1,0,1
7074288,185187,1,0,1
1358760,185188,1,0,1
1663208,185189,1,0,1
1960200,185190,1,1,0
377416,185191,1,1,0
3856512,185192,1,1,0
1397664,185193,1,1,0
2770560,185194,1,1,0
591552,185195,1,1,0
1278064,185196,1,0,1
4907728,185197,1,0,1
157952,185198,1,1,0
7032496,185199,1,1,0
7542448,185200,1,1,0
771584,185201,1,1,0
570600,185202,1,0,1
324136,185203,1,0,1
1765408,185204,1,1,0
993216,185205,1,0,1
433368,185206,1,1,0
1542952,185207,1,0,1
937048,185208,1,1,0
7588168,185209,1,0,1
5482104,185210,1,1,0
1379520,185211,1,0,1
3431008,185212,1,1,0
3506584,185213,1,1,0
1457296,185214,1,0,1
606584,185215,1,0,1
7598976,185216,1,1,0
490032,185217,1,0,1
4474416,185218,1,0,1
3484528,185219,1,0,1
5376576,185220,1,0,1
7540168,185221,1,0,1
6553488,185222,1,1,0
3019608,185223,1,1,0
4201176,185224,1,1,0
860984,185225,1,1,0
2362232,185226,1,0,1
328152,185227,1,0,1
5404352,185228,1,0,1
4909256,185229,1,0,1
183688,185230,1,0,1
1111552,185231,1,1,0
3461496,185232,1,0,1
5222152,185233,1,0,1
8014200,185234,1,1,0
984040,185235,1,1,0
2360408,185236,1,0,1
5150456,185237,1,1,0
368632,185238,1,0,1
7702912,185239,1,0,1
4527080,185240,1,0,1
547432,185241,1,1,0
4392704,185242,1,1,0
1127976,185243,1,1,0
688272,185244,1,0,1
2924480,185245,1,1,0
5548672,185246,1,0,1
4518496,185247,1,1,0
1822048,185248,1,1,0
1822064,185249,1,1,0
2200208,185250,1,1,0
1535688,185251,1,1,0
355304,185252,1,0,1
2671904,185253,1,1,0
2565384,185254,1,0,1
7850808,185255,1,1,0
261160,185256,1,1,0
390896,185257,1,1,0
126280,185258,1,1,0
2011072,185259,1,0,1
925856,185260,1,0,1
881208,185261,1,0,1
3923752,185262,1,0,1
6951472,185263,1,1,0
6648952,185264,1,1,0
8017584,185265,1,1,0
1209024,185266,1,0,1
1570840,185267,1,1,0
5109912,185268,1,0,1
1554192,185269,1,1,0
5746592,185270,1,0,1
4779752,185271,1,0,1
4056808,185272,1,0,1
223256,185273,1,0,1
1476704,185274,1,0,1
7671728,185275,1,0,1
4158856,185276,1,1,0
780264,185277,1,1,0
1619208,185278,1,0,1
1048640,185279,1,0,1
943808,185280,1,1,0
1678176,185281,1,0,1
3340976,185282,1,0,1
2519176,185283,1,0,1
2297576,185284,1,1,0
881072,185285,1,1,0
2467712,185286,1,1,0
7578600,185287,1,1,0
2112200,185288,1,0,1
5272184,185289,1,1,0
1798720,185290,1,1,0
2795472,185291,1,1,0
1058800,185292,1,0,1
2457176,185293,1,0,1
3238488,185294,1,1,0
1842272,185295,1,1,0
5972624,185296,1,0,1
1588432,185297,1,0,1
857912,185298,1,0,1
3667952,185299,1,1,0
2665824,185300,1,1,0
3916680,185301,1,0,1
4799112,185302,1,0,1
2201168,185303,1,1,0
1592936,185304,1,0,1
287776,185305,1,1,0
208832,185306,1,1,0
1619168,185307,1,0,1
2271440,185308,1,0,1
5316008,185309,1,0,1
1211000,185310,1,0,1
4595624,185311,1,0,1
6354976,185312,1,1,0
863456,185313,1,1,0
3554128,185314,1,1,0
2281360,185315,1,1,0
7063464,185316,1,0,1
309400,185317,1,0,1
4104104,185318,1,1,0
2123664,185319,1,1,0
5501456,185320,1,0,1
7024680,185321,1,1,0
2628224,185322,1,0,1
1489104,185323,1,1,0
2794800,185324,1,0,1
4825152,185325,1,1,0
3449408,185326,1,0,1
5355640,185327,1,1,0
3064240,185328,1,0,1
1237328,185329,1,0,1
965792,185330,1,1,0
5169176,185331,1,1,0
389632,185332,1,1,0
8169776,185333,1,0,1
6243544,185334,1,1,0
475968,185335,1,0,1
7069720,185336,1,0,1
1237288,185337,1,0,1
507384,185338,1,0,1
1797464,185339,1,0,1
689664,185340,1,1,0
6784808,185341,1,1,0
1907104,185342,1,0,1
3715944,185343,1,0,1
5656496,185344,1,1,0
593048,185345,1,0,1
532744,185346,1,1,0
384536,185347,1,0,1
6574960,185348,1,0,1
4145544,185349,1,0,1
3594480,185350,1,0,1
1146944,185351,1,1,0
6811392,185352,1,1,0
2283784,185353,1,1,0
954720,185354,1,0,1
6170888,185355,1,1,0
529040,185356,1,1,0
3929368,185357,1,1,0
6535208,185358,1,1,0
1059064,185359,1,1,0
6382480,185360,1,1,0
1451064,185361,1,0,1
5335608,185362,1,1,0
4160784,185363,1,1,0
5905536,185364,1,1,0
3820344,185365,1,0,1
6961776,185366,1,1,0
1325896,185367,1,1,0
6670416,185368,1,0,1
4436968,185369,1,1,0
2389312,185370,1,0,1
6883032,185371,1,0,1
4239400,185372,1,1,0
4251208,185373,1,1,0
4679504,185374,1,0,1
600472,185375,1,1,0
346760,185376,1,1,0
5529376,185377,1,1,0
4101024,185378,1,0,1
713408,185379,1,1,0
6014896,185380,1,1,0
3174512,185381,1,1,0
456328,185382,1,1,0
916312,185383,1,0,1
361680,185384,1,1,0
2225648,185385,1,1,0
3378536,185386,1,0,1
8086640,185387,1,0,1
4762944,185388,1,1,0
3381568,185389,1,0,1
655728,185390,1,0,1
3650576,185391,1,1,0
1972920,185392,1,0,1
4354800,185393,1,0,1
2005728,185394,1,0,1
990976,185395,1,1,0
771864,185396,1,0,1
2936656,185397,1,1,0
3960120,185398,1,1,0
8305920,185399,1,1,0
698664,185400,1,1,0
2452512,185401,1,1,0
6815760,185402,1,1,0
2245528,185403,1,0,1
8167128,185404,1,1,0
2553488,185405,1,0,1
1435184,185406,1,1,0
5909656,185407,1,0,1
2251680,185408,1,1,0
1061288,185409,1,1,0
2385048,185410,1,0,1
3156880,185411,1,1,0
2612776,185412,1,0,1
3148944,185413,1,0,1
843416,185414,1,1,0
6566568,185415,1,0,1
2832784,185416,1,0,1
2130024,185417,1,1,0
7574472,185418,1,1,0
1911048,185419,1,0,1
2213856,185420,1,0,1
1974304,185421,1,1,0
7105224,185422,1,1,0
574824,185423,1,0,1
4683568,185424,1,0,1
2824968,185425,1,1,0
5253904,185426,1,0,1
6589360,185427,1,1,0
1241976,185428,1,1,0
890168,185429,1,1,0
4438584,185430,1,1,0
5695112,185431,1,1,0
3079176,185432,1,0,1
7696640,185433,1,1,0
4634600,185434,1,0,1
5503328,185435,1,1,0
684560,185436,1,0,1
3563768,185437,1,0,1
95344,185438,1,0,1
7715904,185439,1,1,0
1825360,185440,1,1,0
2248456,185441,1,1,0
2626264,185442,1,1,0
6065304,185443,1,0,1
3555552,185444,1,0,1
2141168,185445,1,1,0
1556712,185446,1,0,1
540128,185447,1,0,1
354400,185448,1,0,1
5205664,185449,1,1,0
241808,185450,1,0,1
3551520,185451,1,1,0
5581944,185452,1,0,1
242480,185453,1,0,1
365160,185454,1,0,1
2341488,185455,1,1,0
3693368,185456,1,0,1
622184,185457,1,1,0
7807736,185458,1,1,0
663328,185459,1,0,1
3353904,185460,1,1,0
2177000,185461,1,0,1
1688584,185462,1,1,0
1267816,185463,1,1,0
2786488,185464,1,1,0
2764088,185465,1,0,1
471112,185466,1,1,0
495488,185467,1,1,0
2679816,185468,1,0,1
1155080,185469,1,1,0
3294672,185470,1,1,0
4210640,185471,1,1,0
4430632,185472,1,0,1
5912288,185473,1,0,1
2084688,185474,1,1,0
267632,185475,1,0,1
903616,185476,1,0,1
8093848,185477,1,0,1
113600,185478,1,0,1
6411760,185479,1,1,0
1881136,185480,1,1,0
366816,185481,1,1,0
1590480,185482,1,1,0
6295184,185483,1,1,0
199288,185484,1,0,1
5298224,185485,1,1,0
256616,185486,1,0,1
340608,185487,1,0,1
1994280,185488,1,1,0
1560704,185489,1,0,1
5699456,185490,1,1,0
5718152,185491,1,0,1
344096,185492,1,1,0
7035600,185493,1,0,1
1828384,185494,1,1,0
5873976,185495,1,0,1
6448704,185496,1,1,0
1656928,185497,1,0,1
4990056,185498,1,1,0
3451888,185499,1,1,0
724016,185500,1,0,1
1443552,185501,1,1,0
386432,185502,1,0,1
385328,185503,1,1,0
2356656,185504,1,1,0
3907864,185505,1,1,0
3331816,185506,1,1,0
2600712,185507,1,0,1
619208,185508,1,1,0
3770032,185509,1,1,0
3583096,185510,1,0,1
7251784,185511,1,1,0
7576912,185512,1,1,0
183472,185513,1,0,1
8283472,185514,1,0,1
4674200,185515,1,0,1
4770800,185516,1,0,1
550488,185517,1,0,1
4541496,185518,1,0,1
5249832,185519,1,1,0
1292368,185520,1,0,1
2188200,185521,1,0,1
1590208,185522,1,1,0
670120,185523,1,1,0
1616288,185524,1,0,1
7542928,185525,1,1,0
8271952,185526,1,0,1
3558496,185527,1,1,0
973304,185528,1,1,0
5188112,185529,1,0,1
974760,185530,1,1,0
1662280,185531,1,1,0
332904,185532,1,1,0
3908312,185533,1,1,0
2471744,185534,1,1,0
616064,185535,1,0,1
1769696,185536,1,1,0
3381016,185537,1,1,0
4755176,185538,1,1,0
2278136,185539,1,0,1
1622184,185540,1,0,1
1672720,185541,1,1,0
5043712,185542,1,0,1
885616,185543,1,0,1
163232,185544,1,0,1
706152,185545,1,1,0
4206912,185546,1,0,1
300112,185547,1,1,0
3210872,185548,1,1,0
6688168,185549,1,0,1
5892600,185550,1,0,1
3159544,185551,1,1,0
554280,185552,1,0,1
5343096,185553,1,1,0
7693024,185554,1,0,1
1007112,185555,1,0,1
1776600,185556,1,0,1
4745192,185557,1,0,1
1917240,185558,1,0,1
1376728,185559,1,0,1
4458760,185560,1,0,1
5190664,185561,1,0,1
4930216,185562,1,0,1
4288960,185563,1,0,1
2874416,185564,1,1,0
382032,185565,1,0,1
6721464,185566,1,1,0
3672360,185567,1,1,0
7005528,185568,1,0,1
1926200,185569,1,1,0
806144,185570,1,0,1
592904,185571,1,1,0
424272,185572,1,0,1
6463888,185573,1,0,1
2549672,185574,1,0,1
750512,185575,1,1,0
707024,185576,1,1,0
2057968,185577,1,1,0
534096,185578,1,0,1
2043896,185579,1,1,0
2053696,185580,1,0,1
601976,185581,1,0,1
2440800,185582,1,1,0
2272192,185583,1,0,1
4823584,185584,1,1,0
1277240,185585,1,1,0
944040,185586,1,1,0
3740720,185587,1,1,0
2876504,185588,1,1,0
871976,185589,1,1,0
1310280,185590,1,1,0
226528,185591,1,1,0
2502472,185592,1,1,0
1343264,185593,1,0,1
7147808,185594,1,0,1
1458752,185595,1,1,0
1030016,185596,1,1,0
1772008,185597,1,0,1
2184576,185598,1,0,1
6237648,185599,1,1,0
7068880,185600,1,0,1
2439536,185601,1,1,0
5275248,185602,1,1,0
800824,185603,1,0,1
5144712,185604,1,1,0
5339104,185605,1,1,0
2354304,185606,1,0,1
2014904,185607,1,1,0
1938904,185608,1,1,0
588712,185609,1,0,1
4431856,185610,1,1,0
5064456,185611,1,1,0
159192,185612,1,1,0
4464144,185613,1,1,0
7057584,185614,1,1,0
3339920,185615,1,1,0
1393480,185616,1,1,0
3147768,185617,1,0,1
2592712,185618,1,1,0
2499120,185619,1,1,0
1682240,185620,1,1,0
562400,185621,1,1,0
5575680,185622,1,1,0
7508488,185623,1,1,0
4122120,185624,1,1,0
2931848,185625,1,1,0
2035376,185626,1,1,0
2258128,185627,1,0,1
618968,185628,1,1,0
2024000,185629,1,1,0
6924744,185630,1,0,1
453040,185631,1,0,1
550480,185632,1,1,0
237360,185633,1,0,1
7382568,185634,1,0,1
5067280,185635,1,1,0
950728,185636,1,0,1
1759840,185637,1,1,0
6234736,185638,1,0,1
1653312,185639,1,0,1
415016,185640,1,1,0
1590304,185641,1,0,1
642784,185642,1,1,0
2161088,185643,1,1,0
2691288,185644,1,1,0
3863768,185645,1,0,1
154736,185646,1,1,0
1681264,185647,1,1,0
1268616,185648,1,1,0
3398920,185649,1,1,0
207304,185650,1,0,1
1097016,185651,1,0,1
3577776,185652,1,0,1
2648960,185653,1,1,0
811080,185654,1,1,0
1721736,185655,1,0,1
3701192,185656,1,0,1
763312,185657,1,1,0
1157864,185658,1,1,0
135072,185659,1,0,1
2245488,185660,1,0,1
977192,185661,1,0,1
6501352,185662,1,1,0
5808808,185663,1,1,0
6261024,185664,1,0,1
2414960,185665,1,1,0
775240,185666,1,1,0
5440136,185667,1,1,0
88512,185668,1,1,0
288544,185669,1,0,1
2009536,185670,1,0,1
8316768,185671,1,1,0
1722288,185672,1,0,1
4983840,185673,1,0,1
3614416,185674,1,0,1
2441000,185675,1,0,1
8184536,185676,1,1,0
5766488,185677,1,1,0
482016,185678,1,0,1
1425480,185679,1,0,1
182544,185680,1,1,0
8094040,185681,1,0,1
6542448,185682,1,1,0
1719824,185683,1,1,0
7796232,185684,1,0,1
306344,185685,1,0,1
1148576,185686,1,0,1
6105064,185687,1,0,1
6432016,185688,1,1,0
3279952,185689,1,0,1
625576,185690,1,1,0
2519296,185691,1,0,1
7031320,185692,1,1,0
1594416,185693,1,1,0
1478768,185694,1,0,1
7259144,185695,1,1,0
8119192,185696,1,0,1
5503264,185697,1,1,0
6329408,185698,1,1,0
1861832,185699,1,0,1
5453248,185700,1,1,0
743960,185701,1,0,1
76248,185702,1,1,0
1699216,185703,1,0,1
380600,185704,1,1,0
371696,185705,1,1,0
3366280,185706,1,0,1
3597488,185707,1,1,0
4243696,185708,1,1,0
1333288,185709,1,0,1
136536,185710,1,1,0
6595872,185711,1,0,1
7262344,185712,1,0,1
4396576,185713,1,0,1
4541656,185714,1,0,1
3340624,185715,1,0,1
2935944,185716,1,0,1
7922112,185717,1,0,1
1507424,185718,1,1,0
728168,185719,1,0,1
877768,185720,1,1,0
1665320,185721,1,1,0
1774040,185722,1,0,1
4366856,185723,1,1,0
659176,185724,1,0,1
4842168,185725,1,1,0
2850472,185726,1,0,1
737264,185727,1,1,0
6366696,185728,1,1,0
266136,185729,1,1,0
2179768,185730,1,0,1
572680,185731,1,0,1
6516744,185732,1,0,1
582928,185733,1,1,0
2187952,185734,1,1,0
3928552,185735,1,0,1
299384,185736,1,0,1
545208,185737,1,0,1
3016376,185738,1,0,1
875328,185739,1,1,0
1349496,185740,1,0,1
804072,185741,1,1,0
2523056,185742,1,1,0
5660000,185743,1,1,0
1376368,185744,1,0,1
5350784,185745,1,0,1
5814224,185746,1,0,1
4957808,185747,1,0,1
962128,185748,1,0,1
4909032,185749,1,0,1
2337920,185750,1,0,1
742808,185751,1,0,1
1101296,185752,1,0,1
4669656,185753,1,1,0
6877624,185754,1,1,0
110168,185755,1,1,0
2577216,185756,1,0,1
5389000,185757,1,0,1
3635888,185758,1,0,1
2675960,185759,1,1,0
7609528,185760,1,1,0
3506824,185761,1,1,0
668752,185762,1,1,0
1611512,185763,1,1,0
7623928,185764,1,0,1
1073504,185765,1,0,1
5607288,185766,1,0,1
5257024,185767,1,1,0
273768,185768,1,1,0
2816656,185769,1,1,0
3845992,185770,1,1,0
323984,185771,1,0,1
7660728,185772,1,1,0
757760,185773,1,1,0
5388152,185774,1,1,0
1224072,185775,1,0,1
354880,185776,1,0,1
6746544,185777,1,1,0
3205168,185778,1,0,1
288144,185779,1,1,0
913560,185780,1,1,0
1125848,185781,1,0,1
5875288,185782,1,1,0
4277648,185783,1,1,0
1214192,185784,1,0,1
3693416,185785,1,0,1
1823104,185786,1,1,0
4250896,185787,1,0,1
1867880,185788,1,0,1
3578392,185789,1,1,0
6288576,185790,1,1,0
498880,185791,1,0,1
1373904,185792,1,0,1
831760,185793,1,0,1
2162976,185794,1,0,1
8109216,185795,1,1,0
1307624,185796,1,0,1
3415120,185797,1,1,0
5430880,185798,1,1,0
5916624,185799,1,1,0
639064,185800,1,1,0
3205824,185801,1,0,1
3776376,185802,1,1,0
901064,185803,1,1,0
844480,185804,1,0,1
668208,185805,1,1,0
400152,185806,1,1,0
6504320,185807,1,1,0
425296,185808,1,0,1
1021376,185809,1,0,1
3887992,185810,1,1,0
1160624,185811,1,0,1
8352888,185812,1,0,1
2636272,185813,1,0,1
458144,185814,1,0,1
458912,185815,1,1,0
5508352,185816,1,0,1
1324800,185817,1,1,0
1109792,185818,1,1,0
1071080,185819,1,1,0
557728,185820,1,0,1
1668144,185821,1,1,0
394536,185822,1,0,1
5206632,185823,1,1,0
3341968,185824,1,0,1
4542024,185825,1,0,1
1621648,185826,1,1,0
3942088,185827,1,0,1
2108176,185828,1,1,0
857344,185829,1,1,0
3289424,185830,1,1,0
7889784,185831,1,0,1
2633400,185832,1,1,0
1555744,185833,1,1,0
223224,185834,1,1,0
7364896,185835,1,0,1
3911192,185836,1,0,1
474464,185837,1,1,0
263320,185838,1,0,1
793680,185839,1,1,0
1631184,185840,1,1,0
1432712,185841,1,1,0
1208536,185842,1,1,0
4070080,185843,1,1,0
1738072,185844,1,0,1
813624,185845,1,0,1
8060248,185846,1,0,1
1730184,185847,1,1,0
3376240,185848,1,0,1
1340080,185849,1,0,1
720864,185850,1,0,1
7517560,185851,1,0,1
2302472,185852,1,0,1
3162808,185853,1,0,1
1583864,185854,1,0,1
1215168,185855,1,0,1
1428976,185856,1,0,1
8103656,185857,1,1,0
7220880,185858,1,0,1
4398800,185859,1,1,0
699640,185860,1,0,1
3497016,185861,1,0,1
930336,185862,1,1,0
2035784,185863,1,1,0
3734968,185864,1,1,0
6366336,185865,1,1,0
6915384,185866,1,1,0
665720,185867,1,1,0
1174792,185868,1,0,1
2548432,185869,1,1,0
8155856,185870,1,0,1
2699472,185871,1,0,1
3689008,185872,1,1,0
1449096,185873,1,0,1
2384104,185874,1,1,0
748872,185875,1,0,1
6628688,185876,1,0,1
4434872,185877,1,0,1
668224,185878,1,0,1
1041200,185879,1,0,1
1037224,185880,1,1,0
6315608,185881,1,1,0
3603752,185882,1,1,0
8068176,185883,1,0,1
6074200,185884,1,0,1
5812024,185885,1,0,1
5447848,185886,1,1,0
1362784,185887,1,0,1
1200736,185888,1,1,0
5137680,185889,1,1,0
3575984,185890,1,0,1
2676904,185891,1,1,0
7552776,185892,1,0,1
1799816,185893,1,0,1
2806200,185894,1,0,1
4757600,185895,1,0,1
618176,185896,1,0,1
738000,185897,1,1,0
253080,185898,1,1,0
404504,185899,1,0,1
3701640,185900,1,1,0
218464,185901,1,0,1
969344,185902,1,0,1
4567280,185903,1,1,0
3862264,185904,1,1,0
1283256,185905,1,0,1
8067976,185906,1,0,1
7139232,185907,1,0,1
2957416,185908,1,0,1
3995280,185909,1,1,0
2200552,185910,1,1,0
336088,185911,1,1,0
5664984,185912,1,0,1
1728056,185913,1,0,1
691208,185914,1,0,1
7603856,185915,1,0,1
7780928,185916,1,0,1
1838400,185917,1,0,1
3810552,185918,1,1,0
2583584,185919,1,0,1
1185904,185920,1,1,0
375704,185921,1,1,0
2257360,185922,1,1,0
2760136,185923,1,0,1
2624080,185924,1,1,0
1738848,185925,1,1,0
5926704,185926,1,1,0
295704,185927,1,0,1
550360,185928,1,0,1
5299936,185929,1,0,1
1594776,185930,1,0,1
3921208,185931,1,0,1
5195600,185932,1,1,0
2717968,185933,1,0,1
1780320,185934,1,0,1
5273056,185935,1,1,0
2244184,185936,1,0,1
2414232,185937,1,0,1
3311856,185938,1,1,0
283768,185939,1,0,1
1220416,185940,1,0,1
900200,185941,1,1,0
4536336,185942,1,1,0
1487592,185943,1,1,0
4272984,185944,1,1,0
6904792,185945,1,0,1
274880,185946,1,0,1
4697664,185947,1,1,0
8318200,185948,1,0,1
1692600,185949,1,0,1
4521312,185950,1,0,1
960576,185951,1,1,0
976776,185952,1,1,0
2899272,185953,1,0,1
3411368,185954,1,0,1
5290304,185955,1,0,1
1282608,185956,1,1,0
1122768,185957,1,0,1
6295568,185958,1,1,0
3413040,185959,1,1,0
3833400,185960,1,0,1
2212936,185961,1,0,1
287024,185962,1,1,0
7194672,185963,1,1,0
6544488,185964,1,0,1
7071744,185965,1,0,1
1657960,185966,1,1,0
1357360,185967,1,1,0
1001936,185968,1,1,0
7928160,185969,1,1,0
6229736,185970,1,0,1
3700024,185971,1,1,0
2319576,185972,1,0,1
363832,185973,1,0,1
4050600,185974,1,0,1
2180536,185975,1,1,0
234704,185976,1,0,1
700760,185977,1,0,1
488032,185978,1,1,0
3082312,185979,1,1,0
6164072,185980,1,0,1
3510464,185981,1,1,0
3294008,185982,1,1,0
6025512,185983,1,0,1
6860736,185984,1,0,1
2726504,185985,1,0,1
4614400,185986,1,1,0
4581192,185987,1,1,0
4778416,185988,1,1,0
2720880,185989,1,1,0
681400,185990,1,1,0
4361024,185991,1,0,1
616760,185992,1,0,1
3580176,185993,1,1,0
5977520,185994,1,0,1
7120144,185995,1,0,1
633456,185996,1,1,0
4937080,185997,1,0,1
254672,185998,1,0,1
230432,185999,1,0,1
2154480,186000,1,0,1
3954224,186001,1,1,0
2826888,186002,1,1,0
652736,186003,1,1,0
5410312,186004,1,0,1
298176,186005,1,0,1
512944,186006,1,0,1
1765136,186007,1,0,1
1181032,186008,1,1,0
3284064,186009,1,0,1
529560,186010,1,1,0
381376,186011,1,1,0
2713984,186012,1,1,0
3101496,186013,1,1,0
1032016,186014,1,0,1
1223032,186015,1,0,1
1656672,186016,1,0,1
2622440,186017,1,0,1
519984,186018,1,1,0
4350984,186019,1,0,1
3331104,186020,1,1,0
5029168,186021,1,1,0
596080,186022,1,0,1
4546568,186023,1,1,0
3156192,186024,1,0,1
4132776,186025,1,0,1
3757600,186026,1,0,1
917088,186027,1,1,0
4340168,186028,1,0,1
2785848,186029,1,1,0
5034208,186030,1,1,0
2345632,186031,1,1,0
4410576,186032,1,1,0
726688,186033,1,1,0
784776,186034,1,1,0
574120,186035,1,1,0
1408352,186036,1,1,0
6704928,186037,1,0,1
322848,186038,1,1,0
200584,186039,1,0,1
1038216,186040,1,1,0
4261440,186041,1,0,1
2717792,186042,1,0,1
715776,186043,1,1,0
330784,186044,1,0,1
2096120,186045,1,0,1
6898120,186046,1,0,1
3576376,186047,1,1,0
2965744,186048,1,1,0
1685704,186049,1,0,1
5520440,186050,1,0,1
7347136,186051,1,1,0
6422704,186052,1,1,0
5672944,186053,1,0,1
1184104,186054,1,1,0
153264,186055,1,0,1
7765584,186056,1,0,1
5103448,186057,1,0,1
7887872,186058,1,1,0
4299128,186059,1,0,1
3189800,186060,1,0,1
3071072,186061,1,0,1
1666888,186062,1,0,1
193008,186063,1,1,0
597680,186064,1,0,1
5880128,186065,1,0,1
2970920,186066,1,1,0
5216776,186067,1,1,0
4337464,186068,1,1,0
601088,186069,1,0,1
7238920,186070,1,1,0
304104,186071,1,1,0
1054600,186072,1,1,0
120792,186073,1,0,1
7661536,186074,1,1,0
6821680,186075,1,1,0
3134376,186076,1,1,0
219032,186077,1,1,0
4821816,186078,1,1,0
7164384,186079,1,1,0
299128,186080,1,0,1
4236520,186081,1,0,1
8013464,186082,1,1,0
3293056,186083,1,0,1
3108832,186084,1,1,0
4167816,186085,1,0,1
1494728,186086,1,0,1
7565672,186087,1,1,0
6451608,186088,1,0,1
1918552,186089,1,1,0
1199776,186090,1,1,0
4215528,186091,1,0,1
2230416,186092,1,1,0
694192,186093,1,0,1
2074992,186094,1,1,0
5480392,186095,1,1,0
1540280,186096,1,1,0
1085720,186097,1,0,1
1533056,186098,1,0,1
5310128,186099,1,1,0
3107936,186100,1,1,0
6329360,186101,1,0,1
797024,186102,1,0,1
2303352,186103,1,1,0
1469560,186104,1,0,1
551928,186105,1,0,1
1286872,186106,1,0,1
3966656,186107,1,1,0
6981400,186108,1,0,1
173144,186109,1,1,0
1409904,186110,1,0,1
2699240,186111,1,0,1
735264,186112,1,1,0
5788152,186113,1,0,1
6762296,186114,1,1,0
307392,186115,1,0,1
2568216,186116,1,1,0
3925592,186117,1,0,1
1026568,186118,1,1,0
465456,186119,1,1,0
887584,186120,1,1,0
5914768,186121,1,1,0
3154536,186122,1,0,1
4634960,186123,1,1,0
5584040,186124,1,0,1
2886984,186125,1,1,0
360816,186126,1,1,0
922952,186127,1,1,0
973608,186128,1,0,1
7591400,186129,1,0,1
408720,186130,1,0,1
8009880,186131,1,0,1
207920,186132,1,0,1
4153600,186133,1,1,0
1079704,186134,1,0,1
147568,186135,1,0,1
5541160,186136,1,1,0
5539376,186137,1,0,1
4580952,186138,1,1,0
7689736,186139,1,1,0
1593168,186140,1,1,0
186624,186141,1,0,1
598456,186142,1,0,1
4594872,186143,1,0,1
1536800,186144,1,1,0
3028224,186145,1,0,1
4852560,186146,1,1,0
1740488,186147,1,0,1
4316016,186148,1,0,1
3501832,186149,1,1,0
2080480,186150,1,1,0
5853624,186151,1,1,0
7293272,186152,1,1,0
7958544,186153,1,0,1
456728,186154,1,0,1
531456,186155,1,1,0
997320,186156,1,0,1
1037128,186157,1,1,0
3917360,186158,1,1,0
5064216,186159,1,0,1
3752064,186160,1,1,0
443848,186161,1,1,0
3221224,186162,1,0,1
209736,186163,1,0,1
2377352,186164,1,0,1
1267200,186165,1,0,1
650432,186166,1,1,0
6342160,186167,1,0,1
196608,186168,1,0,1
1969448,186169,1,0,1
1825168,186170,1,0,1
1088304,186171,1,0,1
2450896,186172,1,1,0
6404880,186173,1,1,0
3957024,186174,1,1,0
4653592,186175,1,0,1
2340056,186176,1,1,0
2091032,186177,1,0,1
855304,186178,1,1,0
1588176,186179,1,0,1
1790880,186180,1,0,1
2751248,186181,1,0,1
3974464,186182,1,0,1
6083808,186183,1,0,1
2624176,186184,1,0,1
8378424,186185,1,1,0
7654624,186186,1,1,0
6593424,186187,1,0,1
4354984,186188,1,1,0
5424376,186189,1,1,0
1432144,186190,1,1,0
3466448,186191,1,1,0
1429040,186192,1,1,0
2383720,186193,1,0,1
1837320,186194,1,0,1
1884408,186195,1,0,1
8159056,186196,1,1,0
950168,186197,1,1,0
3832464,186198,1,0,1
2405840,186199,1,0,1
248752,186200,1,1,0
3421272,186201,1,1,0
480608,186202,1,1,0
4728904,186203,1,1,0
6433656,186204,1,0,1
1473160,186205,1,1,0
2513896,186206,1,1,0
3407968,186207,1,0,1
2492264,186208,1,1,0
1566960,186209,1,1,0
488744,186210,1,1,0
469424,186211,1,1,0
2662760,186212,1,1,0
3284472,186213,1,1,0
1469032,186214,1,1,0
3869672,186215,1,0,1
325024,186216,1,1,0
2202632,186217,1,0,1
1514640,186218,1,1,0
6777680,186219,1,0,1
6566048,186220,1,1,0
1211080,186221,1,0,1
6103728,186222,1,0,1
5796784,186223,1,1,0
3690112,186224,1,0,1
645816,186225,1,0,1
5201040,186226,1,0,1
4370592,186227,1,1,0
370248,186228,1,0,1
5051856,186229,1,0,1
1296576,186230,1,1,0
5755768,186231,1,0,1
1676760,186232,1,0,1
403856,186233,1,1,0
2563064,186234,1,1,0
685192,186235,1,0,1
2718472,186236,1,0,1
3897112,186237,1,0,1
2147152,186238,1,0,1
3272472,186239,1,1,0
3711408,186240,1,0,1
379384,186241,1,1,0
4984192,186242,1,0,1
1964480,186243,1,1,0
1907888,186244,1,0,1
6428600,186245,1,1,0
1134240,186246,1,0,1
1584896,186247,1,1,0
2175456,186248,1,0,1
988496,186249,1,1,0
4546464,186250,1,0,1
825040,186251,1,1,0
5445704,186252,1,0,1
1855928,186253,1,1,0
1424192,186254,1,0,1
1185704,186255,1,1,0
7161136,186256,1,1,0
4904272,186257,1,1,0
3066560,186258,1,1,0
1597096,186259,1,0,1
879400,186260,1,0,1
1767344,186261,1,0,1
216800,186262,1,1,0
308000,186263,1,0,1
6438656,186264,1,1,0
8105120,186265,1,1,0
6536808,186266,1,1,0
2061664,186267,1,0,1
8216184,186268,1,1,0
7968752,186269,1,0,1
2729824,186270,1,0,1
2926424,186271,1,0,1
1027576,186272,1,0,1
5414968,186273,1,1,0
370760,186274,1,0,1
5499784,186275,1,1,0
4272088,186276,1,0,1
4403824,186277,1,0,1
3542520,186278,1,1,0
560856,186279,1,1,0
1761112,186280,1,1,0
2094008,186281,1,1,0
8202848,186282,1,0,1
1752280,186283,1,1,0
1095288,186284,1,0,1
749824,186285,1,1,0
3375200,186286,1,1,0
200920,186287,1,1,0
5327552,186288,1,0,1
871264,186289,1,1,0
1773880,186290,1,0,1
1618984,186291,1,0,1
2770568,186292,1,0,1
1553672,186293,1,0,1
1358872,186294,1,0,1
672720,186295,1,0,1
1693920,186296,1,0,1
4282616,186297,1,1,0
752272,186298,1,1,0
378184,186299,1,1,0
5216336,186300,1,0,1
2257112,186301,1,1,0
5695192,186302,1,0,1
734368,186303,1,0,1
553416,186304,1,0,1
842784,186305,1,1,0
1662504,186306,1,0,1
7545552,186307,1,1,0
1029336,186308,1,0,1
4860648,186309,1,1,0
2679224,186310,1,0,1
1854664,186311,1,0,1
1266408,186312,1,0,1
1804576,186313,1,1,0
7569032,186314,1,1,0
7903344,186315,1,0,1
1306208,186316,1,0,1
918256,186317,1,0,1
7989744,186318,1,1,0
1410384,186319,1,0,1
1495128,186320,1,1,0
325560,186321,1,0,1
3387120,186322,1,0,1
1931240,186323,1,0,1
759040,186324,1,1,0
3478320,186325,1,0,1
2309928,186326,1,0,1
3298576,186327,1,0,1
361616,186328,1,1,0
506912,186329,1,1,0
6695256,186330,1,0,1
1034936,186331,1,1,0
3583776,186332,1,0,1
766224,186333,1,0,1
771688,186334,1,0,1
571984,186335,1,1,0
154088,186336,1,1,0
958256,186337,1,0,1
4635096,186338,1,1,0
2090136,186339,1,0,1
1113224,186340,1,0,1
8016104,186341,1,1,0
510912,186342,1,0,1
987896,186343,1,1,0
6687040,186344,1,1,0
1821384,186345,1,0,1
507416,186346,1,1,0
687448,186347,1,0,1
955744,186348,1,0,1
797800,186349,1,1,0
4899960,186350,1,1,0
3880000,186351,1,1,0
2221272,186352,1,1,0
1957752,186353,1,1,0
2127976,186354,1,0,1
1675432,186355,1,0,1
3598920,186356,1,1,0
1966784,186357,1,0,1
2756768,186358,1,1,0
7710744,186359,1,0,1
8201088,186360,1,1,0
3394416,186361,1,0,1
7053248,186362,1,0,1
2951280,186363,1,0,1
1657496,186364,1,1,0
1371312,186365,1,1,0
3656336,186366,1,1,0
599872,186367,1,0,1
3646320,186368,1,1,0
2166112,186369,1,1,0
2924656,186370,1,1,0
6466328,186371,1,0,1
1841488,186372,1,0,1
649336,186373,1,0,1
3850640,186374,1,1,0
180040,186375,1,1,0
272624,186376,1,0,1
4263504,186377,1,1,0
3203400,186378,1,1,0
4326544,186379,1,1,0
1277344,186380,1,0,1
5828552,186381,1,0,1
6482536,186382,1,1,0
3131640,186383,1,1,0
1200856,186384,1,1,0
1226216,186385,1,0,1
3543152,186386,1,1,0
4593632,186387,1,0,1
3835480,186388,1,1,0
5686592,186389,1,1,0
688176,186390,1,1,0
525376,186391,1,0,1
2572912,186392,1,0,1
3850840,186393,1,0,1
1028712,186394,1,0,1
2129240,186395,1,0,1
346328,186396,1,0,1
2563984,186397,1,1,0
1427824,186398,1,0,1
5237688,186399,1,0,1
199328,186400,1,0,1
428416,186401,1,1,0
1273328,186402,1,1,0
7129808,186403,1,1,0
159528,186404,1,1,0
3430752,186405,1,0,1
690592,186406,1,1,0
460520,186407,1,0,1
3158640,186408,1,1,0
845416,186409,1,0,1
6902768,186410,1,1,0
6221328,186411,1,1,0
5103944,186412,1,0,1
4284752,186413,1,1,0
7812816,186414,1,0,1
1224016,186415,1,1,0
1835320,186416,1,1,0
4216168,186417,1,0,1
524688,186418,1,1,0
2627400,186419,1,0,1
1243280,186420,1,0,1
1098352,186421,1,1,0
4081016,186422,1,0,1
528976,186423,1,0,1
8119080,186424,1,0,1
7373464,186425,1,1,0
2403184,186426,1,0,1
6479616,186427,1,0,1
1778632,186428,1,0,1
7436808,186429,1,1,0
818296,186430,1,1,0
8354672,186431,1,1,0
1178912,186432,1,0,1
2715368,186433,1,1,0
832576,186434,1,0,1
4456624,186435,1,0,1
3006752,186436,1,1,0
864840,186437,1,0,1
568608,186438,1,1,0
4530784,186439,1,1,0
602632,186440,1,0,1
4122440,186441,1,1,0
5944600,186442,1,0,1
1845816,186443,1,1,0
6301224,186444,1,0,1
612752,186445,1,1,0
4042624,186446,1,1,0
2285016,186447,1,1,0
164992,186448,1,1,0
2118136,186449,1,0,1
166152,186450,1,1,0
6959344,186451,1,1,0
4910224,186452,1,0,1
2562992,186453,1,0,1
4249784,186454,1,1,0
1075792,186455,1,0,1
1890328,186456,1,1,0
7374232,186457,1,1,0
259568,186458,1,1,0
1628824,186459,1,1,0
6113040,186460,1,0,1
157000,186461,1,1,0
813144,186462,1,1,0
874272,186463,1,1,0
7496712,186464,1,0,1
8065256,186465,1,0,1
4227680,186466,1,1,0
3935384,186467,1,0,1
4634544,186468,1,0,1
6396264,186469,1,0,1
852584,186470,1,1,0
1328528,186471,1,0,1
3618648,186472,1,0,1
1005592,186473,1,1,0
1786536,186474,1,0,1
404464,186475,1,1,0
7072928,186476,1,1,0
2343072,186477,1,1,0
5410424,186478,1,1,0
1717880,186479,1,0,1
2668128,186480,1,0,1
1533000,186481,1,0,1
1239520,186482,1,0,1
5033264,186483,1,0,1
6877288,186484,1,1,0
382744,186485,1,0,1
1394032,186486,1,1,0
594912,186487,1,0,1
6188592,186488,1,1,0
382272,186489,1,0,1
7163720,186490,1,1,0
338024,186491,1,1,0
1614096,186492,1,0,1
2660328,186493,1,0,1
328840,186494,1,0,1
436920,186495,1,0,1
2434048,186496,1,1,0
6683008,186497,1,1,0
4131216,186498,1,0,1
703024,186499,1,0,1
4179152,186500,1,1,0
4957408,186501,1,0,1
2281616,186502,1,1,0
1340432,186503,1,0,1
4094760,186504,1,0,1
690552,186505,1,0,1
374200,186506,1,0,1
3557560,186507,1,0,1
2794568,186508,1,0,1
5691120,186509,1,1,0
311440,186510,1,0,1
2998256,186511,1,1,0
7265000,186512,1,0,1
774656,186513,1,0,1
7413752,186514,1,0,1
4148448,186515,1,0,1
3827392,186516,1,1,0
278568,186517,1,0,1
8142200,186518,1,1,0
6072328,186519,1,1,0
236216,186520,1,0,1
2669192,186521,1,1,0
1580248,186522,1,1,0
2893536,186523,1,1,0
4946792,186524,1,0,1
7734496,186525,1,1,0
3738224,186526,1,1,0
3786344,186527,1,1,0
6082384,186528,1,1,0
2012464,186529,1,1,0
3831512,186530,1,1,0
1252408,186531,1,0,1
3039224,186532,1,0,1
1958584,186533,1,0,1
199744,186534,1,1,0
367168,186535,1,0,1
1106080,186536,1,1,0
1498392,186537,1,1,0
876112,186538,1,0,1
688240,186539,1,0,1
1109624,186540,1,1,0
5988384,186541,1,1,0
1464448,186542,1,0,1
739072,186543,1,0,1
240560,186544,1,0,1
5001232,186545,1,0,1
1276656,186546,1,1,0
729704,186547,1,0,1
783232,186548,1,0,1
2744680,186549,1,1,0
1259376,186550,1,1,0
1547864,186551,1,0,1
5102448,186552,1,1,0
3319720,186553,1,0,1
1385560,186554,1,0,1
1857144,186555,1,1,0
1421896,186556,1,0,1
4146064,186557,1,1,0
6116096,186558,1,1,0
1909336,186559,1,0,1
5236080,186560,1,0,1
1903448,186561,1,0,1
184720,186562,1,0,1
871520,186563,1,1,0
7958488,186564,1,1,0
849880,186565,1,0,1
7971304,186566,1,0,1
505984,186567,1,1,0
7067584,186568,1,1,0
3393072,186569,1,0,1
501440,186570,1,1,0
2391320,186571,1,0,1
756520,186572,1,0,1
5492344,186573,1,1,0
539072,186574,1,1,0
2633256,186575,1,0,1
3927840,186576,1,0,1
5934896,186577,1,0,1
1936032,186578,1,0,1
172456,186579,1,0,1
2999056,186580,1,1,0
991112,186581,1,0,1
334512,186582,1,0,1
8243584,186583,1,1,0
232280,186584,1,0,1
2719336,186585,1,1,0
5826536,186586,1,0,1
530288,186587,1,1,0
3295400,186588,1,1,0
6353560,186589,1,1,0
696496,186590,1,1,0
5023328,186591,1,0,1
309512,186592,1,0,1
316568,186593,1,0,1
6446552,186594,1,1,0
4138136,186595,1,1,0
1903664,186596,1,1,0
6527160,186597,1,0,1
1117344,186598,1,0,1
4381712,186599,1,1,0
2134000,186600,1,0,1
6319152,186601,1,0,1
7272904,186602,1,1,0
4202712,186603,1,0,1
2668472,186604,1,0,1
1045480,186605,1,1,0
319312,186606,1,1,0
6709288,186607,1,1,0
5166256,186608,1,1,0
3879520,186609,1,0,1
817856,186610,1,1,0
4883560,186611,1,1,0
6547656,186612,1,0,1
1438608,186613,1,1,0
2937064,186614,1,0,1
7994600,186615,1,0,1
2266520,186616,1,0,1
6363800,186617,1,0,1
1896720,186618,1,0,1
4793952,186619,1,1,0
5237840,186620,1,0,1
154224,186621,1,0,1
4063784,186622,1,0,1
1426176,186623,1,1,0
532008,186624,1,0,1
8195880,186625,1,0,1
5612776,186626,1,0,1
504464,186627,1,1,0
2028808,186628,1,0,1
6594888,186629,1,1,0
6037072,186630,1,0,1
1695120,186631,1,1,0
337936,186632,1,1,0
4877712,186633,1,1,0
1210416,186634,1,1,0
407784,186635,1,1,0
838832,186636,1,0,1
265504,186637,1,1,0
2084232,186638,1,1,0
865696,186639,1,0,1
2291248,186640,1,0,1
4104032,186641,1,1,0
1902896,186642,1,0,1
1424992,186643,1,1,0
1050296,186644,1,1,0
4102320,186645,1,1,0
5766600,186646,1,0,1
1283208,186647,1,0,1
2877480,186648,1,0,1
2737624,186649,1,1,0
4573648,186650,1,0,1
5000680,186651,1,1,0
1426560,186652,1,0,1
468408,186653,1,1,0
2701176,186654,1,0,1
8368520,186655,1,1,0
3751072,186656,1,1,0
1148248,186657,1,0,1
2175496,186658,1,1,0
2379904,186659,1,1,0
4025128,186660,1,0,1
7229344,186661,1,1,0
771576,186662,1,0,1
2290888,186663,1,1,0
1358616,186664,1,0,1
3429120,186665,1,0,1
5399032,186666,1,0,1
2242984,186667,1,1,0
4267856,186668,1,0,1
7559688,186669,1,1,0
5217704,186670,1,0,1
3771840,186671,1,0,1
8276352,186672,1,1,0
3448616,186673,1,1,0
333568,186674,1,1,0
6621672,186675,1,0,1
2757464,186676,1,0,1
420240,186677,1,0,1
4228328,186678,1,1,0
1391952,186679,1,0,1
2390224,186680,1,1,0
1070336,186681,1,0,1
1382432,186682,1,0,1
8228000,186683,1,0,1
4061608,186684,1,1,0
7431680,186685,1,1,0
342688,186686,1,0,1
8082872,186687,1,0,1
8135880,186688,1,1,0
1376432,186689,1,0,1
6743168,186690,1,1,0
3230944,186691,1,0,1
1144056,186692,1,1,0
1223392,186693,1,1,0
3886816,186694,1,1,0
317696,186695,1,0,1
1230568,186696,1,0,1
505816,186697,1,0,1
2822368,186698,1,0,1
4034432,186699,1,1,0
2227032,186700,1,1,0
467360,186701,1,1,0
3751376,186702,1,0,1
7431976,186703,1,1,0
257640,186704,1,1,0
1909520,186705,1,0,1
771448,186706,1,1,0
1179920,186707,1,1,0
2080840,186708,1,0,1
931536,186709,1,0,1
3780824,186710,1,0,1
3895656,186711,1,1,0
979864,186712,1,0,1
1167768,186713,1,0,1
3365000,186714,1,1,0
2474152,186715,1,1,0
1852264,186716,1,0,1
1131088,186717,1,1,0
1236384,186718,1,1,0
8055296,186719,1,1,0
6705368,186720,1,0,1
2828624,186721,1,1,0
7480872,186722,1,1,0
5927000,186723,1,1,0
7036488,186724,1,0,1
2726104,186725,1,1,0
6503216,186726,1,0,1
6076520,186727,1,1,0
180680,186728,1,0,1
5537816,186729,1,0,1
1176920,186730,1,0,1
604552,186731,1,1,0
2038728,186732,1,0,1
208792,186733,1,1,0
8009376,186734,1,1,0
2049488,186735,1,0,1
834512,186736,1,1,0
914912,186737,1,1,0
6151808,186738,1,0,1
2329376,186739,1,1,0
8224968,186740,1,1,0
3701448,186741,1,1,0
243224,186742,1,1,0
415048,186743,1,0,1
951152,186744,1,1,0
7644560,186745,1,1,0
897288,186746,1,1,0
1375944,186747,1,1,0
4071208,186748,1,0,1
4454960,186749,1,1,0
7296992,186750,1,0,1
1040800,186751,1,0,1
5930368,186752,1,1,0
576528,186753,1,0,1
4844376,186754,1,1,0
578144,186755,1,0,1
3045840,186756,1,1,0
1655560,186757,1,0,1
356232,186758,1,0,1
3512968,186759,1,0,1
915736,186760,1,1,0
3050888,186761,1,0,1
1366568,186762,1,0,1
214736,186763,1,0,1
476168,186764,1,0,1
6383552,186765,1,0,1
3458560,186766,1,0,1
1344832,186767,1,1,0
7994568,186768,1,0,1
3913736,186769,1,0,1
2966056,186770,1,0,1
127920,186771,1,1,0
3772424,186772,1,1,0
541144,186773,1,1,0
868408,186774,1,1,0
7878336,186775,1,1,0
940168,186776,1,1,0
4455704,186777,1,0,1
2292408,186778,1,0,1
587112,186779,1,0,1
1520584,186780,1,0,1
1711736,186781,1,1,0
278168,186782,1,0,1
1184488,186783,1,1,0
2011816,186784,1,0,1
1721040,186785,1,0,1
3871528,186786,1,0,1
797096,186787,1,1,0
6672064,186788,1,1,0
5722608,186789,1,0,1
2077280,186790,1,1,0
3261040,186791,1,0,1
1458696,186792,1,0,1
327448,186793,1,1,0
2279392,186794,1,1,0
919376,186795,1,0,1
2379872,186796,1,0,1
2900328,186797,1,1,0
125344,186798,1,0,1
6150256,186799,1,1,0
1380664,186800,1,1,0
6044304,186801,1,0,1
3041264,186802,1,0,1
5864240,186803,1,0,1
1746168,186804,1,0,1
409224,186805,1,1,0
1484488,186806,1,1,0
462520,186807,1,1,0
681888,186808,1,1,0
5233136,186809,1,1,0
1127056,186810,1,0,1
5433104,186811,1,1,0
1473024,186812,1,1,0
170664,186813,1,1,0
737440,186814,1,0,1
1194560,186815,1,0,1
4050360,186816,1,1,0
1120536,186817,1,1,0
4680688,186818,1,1,0
5631408,186819,1,1,0
1008600,186820,1,1,0
2541144,186821,1,1,0
7336952,186822,1,0,1
680136,186823,1,0,1
7616504,186824,1,0,1
1825520,186825,1,1,0
1282496,186826,1,0,1
3156224,186827,1,0,1
3397704,186828,1,0,1
676648,186829,1,1,0
5253128,186830,1,1,0
1290472,186831,1,0,1
3954664,186832,1,0,1
6059664,186833,1,1,0
418624,186834,1,1,0
1092880,186835,1,0,1
229448,186836,1,0,1
1368392,186837,1,0,1
86248,186838,1,1,0
2298944,186839,1,1,0
2615656,186840,1,1,0
3094880,186841,1,0,1
573272,186842,1,1,0
1777160,186843,1,1,0
4486096,186844,1,1,0
700256,186845,1,1,0
828808,186846,1,1,0
318888,186847,1,1,0
6929176,186848,1,0,1
1240280,186849,1,1,0
5308504,186850,1,1,0
3098920,186851,1,0,1
312960,186852,1,0,1
2664384,186853,1,0,1
2283584,186854,1,1,0
3487240,186855,1,1,0
7144696,186856,1,1,0
1526656,186857,1,1,0
2090024,186858,1,0,1
1525320,186859,1,1,0
3308416,186860,1,1,0
4346728,186861,1,0,1
7421480,186862,1,1,0
1911288,186863,1,0,1
3325688,186864,1,0,1
2016680,186865,1,1,0
933808,186866,1,0,1
7947176,186867,1,0,1
1509376,186868,1,1,0
8020064,186869,1,1,0
3897312,186870,1,0,1
2770392,186871,1,0,1
2025360,186872,1,0,1
3004576,186873,1,0,1
7270568,186874,1,0,1
8100120,186875,1,1,0
184616,186876,1,0,1
3889088,186877,1,1,0
439912,186878,1,1,0
294656,186879,1,0,1
8152568,186880,1,1,0
1732384,186881,1,0,1
2213072,186882,1,0,1
4508232,186883,1,0,1
2536248,186884,1,1,0
1853752,186885,1,0,1
546864,186886,1,1,0
5601536,186887,1,0,1
8293888,186888,1,1,0
222992,186889,1,0,1
2022000,186890,1,1,0
1172520,186891,1,0,1
7196616,186892,1,1,0
6346408,186893,1,1,0
1044416,186894,1,0,1
6836384,186895,1,1,0
406960,186896,1,1,0
850576,186897,1,0,1
461792,186898,1,0,1
2931760,186899,1,0,1
2603280,186900,1,0,1
433728,186901,1,0,1
4395408,186902,1,1,0
581216,186903,1,0,1
487376,186904,1,1,0
697680,186905,1,1,0
281512,186906,1,1,0
1602056,186907,1,0,1
318192,186908,1,1,0
1497160,186909,1,0,1
656560,186910,1,1,0
7072304,186911,1,1,0
627200,186912,1,1,0
497624,186913,1,0,1
558832,186914,1,0,1
1556928,186915,1,0,1
4851392,186916,1,1,0
7081600,186917,1,0,1
96832,186918,1,1,0
2387440,186919,1,1,0
2824096,186920,1,0,1
1813968,186921,1,0,1
830688,186922,1,0,1
963744,186923,1,0,1
334392,186924,1,1,0
7359264,186925,1,0,1
570944,186926,1,1,0
3598384,186927,1,1,0
4894800,186928,1,0,1
1499208,186929,1,1,0
456344,186930,1,1,0
1707464,186931,1,0,1
662352,186932,1,1,0
7090320,186933,1,0,1
3990320,186934,1,0,1
2884800,186935,1,0,1
749400,186936,1,0,1
3737888,186937,1,1,0
880184,186938,1,1,0
4058536,186939,1,0,1
2908616,186940,1,0,1
5955928,186941,1,1,0
6244248,186942,1,1,0
2025120,186943,1,1,0
267440,186944,1,0,1
2899760,186945,1,1,0
5090240,186946,1,1,0
5471880,186947,1,0,1
4639848,186948,1,0,1
891416,186949,1,0,1
1842088,186950,1,1,0
4486520,186951,1,1,0
3392576,186952,1,0,1
451080,186953,1,1,0
1884544,186954,1,0,1
796232,186955,1,0,1
1165912,186956,1,1,0
6366584,186957,1,1,0
221832,186958,1,0,1
7909736,186959,1,1,0
1916624,186960,1,0,1
6394032,186961,1,1,0
729184,186962,1,1,0
2292440,186963,1,1,0
1473384,186964,1,0,1
7952784,186965,1,1,0
655312,186966,1,1,0
1219704,186967,1,1,0
2082824,186968,1,1,0
2918320,186969,1,0,1
2727736,186970,1,0,1
1550856,186971,1,1,0
2681600,186972,1,0,1
2249416,186973,1,1,0
1487176,186974,1,0,1
4149936,186975,1,1,0
6805208,186976,1,1,0
7541632,186977,1,1,0
239128,186978,1,0,1
2627568,186979,1,1,0
1455016,186980,1,1,0
2839944,186981,1,0,1
6479936,186982,1,1,0
3463064,186983,1,1,0
3716368,186984,1,1,0
5597760,186985,1,0,1
6107168,186986,1,1,0
486112,186987,1,1,0
895920,186988,1,0,1
1565016,186989,1,1,0
3924752,186990,1,1,0
1314360,186991,1,0,1
215104,186992,1,0,1
1845688,186993,1,1,0
183936,186994,1,0,1
2470848,186995,1,1,0
3190000,186996,1,1,0
6075440,186997,1,0,1
4846872,186998,1,1,0
244688,186999,1,1,0
4376064,187000,1,1,0
699528,187001,1,1,0
2949528,187002,1,0,1
5254768,187003,1,1,0
3148368,187004,1,0,1
7585064,187005,1,0,1
2415576,187006,1,1,0
5322656,187007,1,1,0
4456704,187008,1,0,1
4871272,187009,1,0,1
5548152,187010,1,0,1
2115632,187011,1,0,1
3052712,187012,1,1,0
6199520,187013,1,1,0
310384,187014,1,1,0
2562104,187015,1,1,0
2021088,187016,1,1,0
6271856,187017,1,0,1
5269944,187018,1,0,1
1285536,187019,1,0,1
5110016,187020,1,1,0
1335040,187021,1,1,0
2579872,187022,1,1,0
3199160,187023,1,0,1
828416,187024,1,1,0
7409872,187025,1,1,0
4488920,187026,1,0,1
6103248,187027,1,1,0
1645168,187028,1,1,0
355320,187029,1,1,0
688376,187030,1,0,1
1431024,187031,1,0,1
1436304,187032,1,1,0
5181320,187033,1,0,1
1506272,187034,1,1,0
1227192,187035,1,1,0
3902872,187036,1,0,1
3433648,187037,1,1,0
1341240,187038,1,0,1
2671704,187039,1,1,0
1820208,187040,1,0,1
3854000,187041,1,0,1
844224,187042,1,1,0
6307016,187043,1,0,1
1151336,187044,1,1,0
2257600,187045,1,1,0
7964520,187046,1,0,1
3118512,187047,1,1,0
328632,187048,1,1,0
1645448,187049,1,1,0
254016,187050,1,1,0
805672,187051,1,1,0
4268416,187052,1,1,0
757432,187053,1,0,1
1105696,187054,1,1,0
1198800,187055,1,1,0
8222040,187056,1,1,0
5539472,187057,1,0,1
555520,187058,1,1,0
1396528,187059,1,0,1
2741344,187060,1,0,1
5032112,187061,1,1,0
7505408,187062,1,1,0
2350648,187063,1,1,0
1360680,187064,1,1,0
1394920,187065,1,0,1
1120320,187066,1,0,1
1613840,187067,1,0,1
96312,187068,1,0,1
3188216,187069,1,1,0
2650096,187070,1,0,1
1208376,187071,1,0,1
1030688,187072,1,0,1
253880,187073,1,0,1
3499920,187074,1,1,0
2669048,187075,1,0,1
5477544,187076,1,1,0
431216,187077,1,0,1
1792432,187078,1,0,1
1973552,187079,1,1,0
4419176,187080,1,1,0
3487512,187081,1,0,1
5358456,187082,1,0,1
2341264,187083,1,1,0
789064,187084,1,0,1
1654840,187085,1,1,0
5690056,187086,1,0,1
8343920,187087,1,0,1
1406008,187088,1,1,0
7111472,187089,1,0,1
5018944,187090,1,0,1
583264,187091,1,0,1
2667248,187092,1,0,1
4324600,187093,1,1,0
658960,187094,1,0,1
2795784,187095,1,0,1
3736616,187096,1,0,1
3028248,187097,1,0,1
1692824,187098,1,0,1
7742424,187099,1,0,1
4602248,187100,1,1,0
810760,187101,1,0,1
7636856,187102,1,0,1
886536,187103,1,0,1
1126192,187104,1,1,0
1361296,187105,1,0,1
481880,187106,1,0,1
3604648,187107,1,1,0
918176,187108,1,0,1
2564544,187109,1,0,1
2194256,187110,1,0,1
1220936,187111,1,0,1
5085688,187112,1,0,1
6383128,187113,1,1,0
6133800,187114,1,1,0
2483448,187115,1,0,1
1408480,187116,1,0,1
1517232,187117,1,1,0
1725368,187118,1,0,1
2201328,187119,1,1,0
4375480,187120,1,1,0
2653608,187121,1,0,1
4462400,187122,1,0,1
977576,187123,1,1,0
3156464,187124,1,1,0
164832,187125,1,1,0
4003184,187126,1,0,1
778568,187127,1,0,1
6018544,187128,1,0,1
769328,187129,1,1,0
2403256,187130,1,1,0
465792,187131,1,0,1
640000,187132,1,1,0
1279056,187133,1,0,1
5183896,187134,1,1,0
1970280,187135,1,0,1
2056336,187136,1,0,1
1320456,187137,1,1,0
1944888,187138,1,0,1
3218376,187139,1,0,1
1524376,187140,1,1,0
8020136,187141,1,1,0
320376,187142,1,0,1
3094008,187143,1,1,0
3339608,187144,1,1,0
571224,187145,1,0,1
5517472,187146,1,1,0
614208,187147,1,1,0
2464624,187148,1,1,0
902824,187149,1,1,0
8070088,187150,1,1,0
2872960,187151,1,0,1
186104,187152,1,1,0
3170520,187153,1,0,1
521600,187154,1,0,1
2585344,187155,1,0,1
801288,187156,1,0,1
5731144,187157,1,0,1
7803664,187158,1,1,0
4299384,187159,1,0,1
4893288,187160,1,0,1
2860168,187161,1,0,1
1421744,187162,1,1,0
2088384,187163,1,0,1
542832,187164,1,0,1
3727872,187165,1,1,0
1825736,187166,1,0,1
1209848,187167,1,0,1
724864,187168,1,1,0
3789704,187169,1,1,0
2209560,187170,1,1,0
415952,187171,1,0,1
214904,187172,1,1,0
5249784,187173,1,1,0
4165296,187174,1,1,0
1490784,187175,1,0,1
1772576,187176,1,0,1
1359848,187177,1,1,0
1153640,187178,1,0,1
1461160,187179,1,1,0
689080,187180,1,1,0
1956144,187181,1,1,0
6995992,187182,1,0,1
3094760,187183,1,1,0
832424,187184,1,1,0
2663048,187185,1,0,1
1997560,187186,1,0,1
3049976,187187,1,1,0
1173336,187188,1,1,0
5932568,187189,1,0,1
354328,187190,1,0,1
1433376,187191,1,1,0
741104,187192,1,1,0
1175864,187193,1,1,0
7962184,187194,1,1,0
3260440,187195,1,1,0
2766336,187196,1,1,0
7828600,187197,1,1,0
817224,187198,1,1,0
1773792,187199,1,1,0
3461680,187200,1,0,1
3761488,187201,1,0,1
680760,187202,1,0,1
3556504,187203,1,1,0
5657008,187204,1,1,0
2673920,187205,1,0,1
1605856,187206,1,0,1
643216,187207,1,1,0
449168,187208,1,0,1
1834192,187209,1,1,0
592184,187210,1,0,1
2601152,187211,1,1,0
2502792,187212,1,1,0
1125800,187213,1,1,0
1330240,187214,1,1,0
7695688,187215,1,1,0
2849640,187216,1,0,1
3037808,187217,1,0,1
3767000,187218,1,1,0
4559376,187219,1,0,1
4581184,187220,1,1,0
1324248,187221,1,1,0
460368,187222,1,1,0
1659936,187223,1,1,0
1912640,187224,1,1,0
941272,187225,1,0,1
615232,187226,1,0,1
7694520,187227,1,0,1
1608880,187228,1,1,0
3973920,187229,1,0,1
4370064,187230,1,1,0
979952,187231,1,1,0
5092424,187232,1,1,0
2414744,187233,1,1,0
8193384,187234,1,1,0
7158624,187235,1,1,0
7230568,187236,1,1,0
1150832,187237,1,1,0
3945584,187238,1,0,1
8190320,187239,1,1,0
4872312,187240,1,1,0
740680,187241,1,0,1
1433776,187242,1,0,1
5508536,187243,1,1,0
5420560,187244,1,1,0
1893664,187245,1,1,0
657928,187246,1,1,0
4708480,187247,1,1,0
4566856,187248,1,0,1
7152072,187249,1,0,1
3033968,187250,1,1,0
7406880,187251,1,0,1
2104000,187252,1,1,0
279640,187253,1,0,1
375672,187254,1,1,0
6935904,187255,1,1,0
1453344,187256,1,1,0
181784,187257,1,0,1
529096,187258,1,1,0
7593016,187259,1,0,1
3476496,187260,1,0,1
6384632,187261,1,0,1
1970984,187262,1,1,0
1385192,187263,1,0,1
1266608,187264,1,0,1
1137408,187265,1,1,0
762384,187266,1,0,1
6367216,187267,1,0,1
297872,187268,1,0,1
4452304,187269,1,1,0
5390880,187270,1,0,1
2660680,187271,1,1,0
495712,187272,1,1,0
420848,187273,1,0,1
7574728,187274,1,1,0
6102232,187275,1,1,0
844240,187276,1,0,1
895296,187277,1,1,0
656680,187278,1,0,1
7354072,187279,1,0,1
1075192,187280,1,0,1
7024792,187281,1,1,0
1744832,187282,1,0,1
1974344,187283,1,0,1
6211208,187284,1,0,1
3069104,187285,1,1,0
2166304,187286,1,0,1
1567248,187287,1,0,1
3825704,187288,1,0,1
247472,187289,1,0,1
8060488,187290,1,1,0
3382184,187291,1,0,1
5391328,187292,1,0,1
1013872,187293,1,1,0
5501064,187294,1,1,0
6961384,187295,1,0,1
5343152,187296,1,1,0
5323624,187297,1,1,0
5933752,187298,1,1,0
589584,187299,1,0,1
1907408,187300,1,1,0
3492136,187301,1,1,0
2445360,187302,1,0,1
981880,187303,1,1,0
5145464,187304,1,0,1
6173984,187305,1,1,0
5871696,187306,1,1,0
5023528,187307,1,0,1
2753208,187308,1,0,1
2009912,187309,1,1,0
3904896,187310,1,0,1
6276944,187311,1,1,0
1762104,187312,1,1,0
5620896,187313,1,0,1
1462640,187314,1,1,0
3408984,187315,1,1,0
8311840,187316,1,0,1
7423152,187317,1,1,0
6775368,187318,1,0,1
2151448,187319,1,0,1
879488,187320,1,1,0
1666848,187321,1,0,1
5554696,187322,1,1,0
5685512,187323,1,1,0
446464,187324,1,1,0
989992,187325,1,1,0
1225888,187326,1,0,1
225992,187327,1,0,1
2262856,187328,1,0,1
6653376,187329,1,0,1
425024,187330,1,0,1
4008104,187331,1,0,1
7782136,187332,1,0,1
2328536,187333,1,1,0
2468656,187334,1,1,0
427112,187335,1,1,0
3807184,187336,1,0,1
3807632,187337,1,0,1
1265408,187338,1,0,1
711568,187339,1,0,1
7632248,187340,1,1,0
585136,187341,1,0,1
675808,187342,1,1,0
954272,187343,1,1,0
638896,187344,1,1,0
460584,187345,1,0,1
7136920,187346,1,0,1
7278264,187347,1,0,1
233264,187348,1,0,1
269104,187349,1,0,1
1218456,187350,1,1,0
456888,187351,1,1,0
5782736,187352,1,0,1
1817464,187353,1,0,1
164744,187354,1,1,0
5358208,187355,1,0,1
4189232,187356,1,0,1
3325680,187357,1,1,0
6037448,187358,1,1,0
525320,187359,1,0,1
3104192,187360,1,0,1
2096520,187361,1,1,0
1885296,187362,1,1,0
3806336,187363,1,0,1
2134480,187364,1,0,1
857568,187365,1,0,1
789760,187366,1,0,1
4360480,187367,1,1,0
7027512,187368,1,1,0
8180984,187369,1,1,0
2049976,187370,1,0,1
4341264,187371,1,1,0
2568120,187372,1,0,1
4845984,187373,1,1,0
1339608,187374,1,1,0
1925248,187375,1,0,1
5915216,187376,1,0,1
97160,187377,1,1,0
7237760,187378,1,1,0
1656320,187379,1,1,0
7585224,187380,1,0,1
2459744,187381,1,0,1
3674416,187382,1,0,1
1614112,187383,1,1,0
4167216,187384,1,0,1
1217144,187385,1,0,1
447160,187386,1,0,1
1715752,187387,1,1,0
7438880,187388,1,0,1
562768,187389,1,0,1
4719696,187390,1,0,1
6723344,187391,1,1,0
560592,187392,1,1,0
6376800,187393,1,0,1
7417696,187394,1,1,0
786416,187395,1,1,0
837824,187396,1,0,1
339816,187397,1,1,0
788424,187398,1,1,0
1731504,187399,1,0,1
4863976,187400,1,1,0
1083992,187401,1,0,1
386032,187402,1,0,1
5411584,187403,1,1,0
913408,187404,1,0,1
7219872,187405,1,1,0
1523024,187406,1,1,0
326680,187407,1,0,1
620752,187408,1,1,0
1114760,187409,1,1,0
5871160,187410,1,1,0
7906816,187411,1,0,1
3123280,187412,1,1,0
3117776,187413,1,0,1
6447584,187414,1,0,1
778536,187415,1,1,0
1613952,187416,1,0,1
4151008,187417,1,1,0
1613976,187418,1,0,1
6818480,187419,1,1,0
4882392,187420,1,0,1
2168432,187421,1,0,1
3880488,187422,1,0,1
705048,187423,1,0,1
3238592,187424,1,0,1
1421104,187425,1,1,0
4900088,187426,1,1,0
1728448,187427,1,0,1
783624,187428,1,1,0
1086528,187429,1,0,1
1238496,187430,1,0,1
2334248,187431,1,1,0
3916960,187432,1,0,1
4155744,187433,1,1,0
262448,187434,1,0,1
1213424,187435,1,1,0
7204752,187436,1,1,0
1101392,187437,1,1,0
370576,187438,1,0,1
3559992,187439,1,1,0
474872,187440,1,1,0
1540360,187441,1,0,1
5303216,187442,1,0,1
2396448,187443,1,0,1
1110728,187444,1,0,1
2740144,187445,1,0,1
1464040,187446,1,0,1
6539960,187447,1,0,1
432512,187448,1,1,0
2478656,187449,1,0,1
4457816,187450,1,1,0
577616,187451,1,0,1
7506904,187452,1,1,0
3543440,187453,1,1,0
751816,187454,1,0,1
4650952,187455,1,0,1
312528,187456,1,0,1
2571504,187457,1,1,0
212616,187458,1,0,1
4190560,187459,1,1,0
7262864,187460,1,0,1
2218896,187461,1,0,1
1217264,187462,1,0,1
808440,187463,1,0,1
590368,187464,1,1,0
459416,187465,1,0,1
5338840,187466,1,1,0
346024,187467,1,1,0
1731496,187468,1,0,1
554448,187469,1,1,0
5452520,187470,1,0,1
224032,187471,1,1,0
251248,187472,1,0,1
1165584,187473,1,1,0
1683744,187474,1,1,0
3537976,187475,1,0,1
5398040,187476,1,0,1
1054088,187477,1,0,1
2394432,187478,1,1,0
5128072,187479,1,1,0
3422440,187480,1,1,0
5058144,187481,1,0,1
2195968,187482,1,0,1
8227288,187483,1,1,0
6190504,187484,1,0,1
938408,187485,1,1,0
279736,187486,1,1,0
687160,187487,1,0,1
3601400,187488,1,1,0
1452384,187489,1,1,0
669968,187490,1,0,1
4777088,187491,1,1,0
398848,187492,1,1,0
7886376,187493,1,0,1
7178688,187494,1,1,0
4670312,187495,1,0,1
616048,187496,1,0,1
6081592,187497,1,1,0
3918256,187498,1,0,1
786936,187499,1,0,1
1743128,187500,1,1,0
7534600,187501,1,1,0
4846344,187502,1,0,1
4550304,187503,1,1,0
6976200,187504,1,0,1
1318096,187505,1,0,1
7054216,187506,1,0,1
1837360,187507,1,0,1
3991064,187508,1,1,0
2249464,187509,1,1,0
1481360,187510,1,1,0
7581088,187511,1,1,0
4074120,187512,1,1,0
5046912,187513,1,1,0
7527328,187514,1,0,1
1627704,187515,1,0,1
1674944,187516,1,1,0
6102016,187517,1,1,0
101520,187518,1,1,0
2149000,187519,1,0,1
6973824,187520,1,0,1
1117792,187521,1,1,0
3158792,187522,1,1,0
2210360,187523,1,0,1
6580200,187524,1,1,0
2237272,187525,1,1,0
8086280,187526,1,0,1
3464632,187527,1,0,1
2491088,187528,1,0,1
2049472,187529,1,1,0
6871416,187530,1,1,0
6423816,187531,1,0,1
7361768,187532,1,1,0
5487704,187533,1,1,0
2117216,187534,1,1,0
1112104,187535,1,0,1
2498240,187536,1,0,1
1527288,187537,1,0,1
6608720,187538,1,1,0
4202736,187539,1,0,1
653016,187540,1,0,1
7613624,187541,1,0,1
2897064,187542,1,1,0
7239408,187543,1,1,0
3121144,187544,1,0,1
1852792,187545,1,1,0
710968,187546,1,0,1
8165464,187547,1,0,1
2719072,187548,1,1,0
645248,187549,1,1,0
563640,187550,1,1,0
6768112,187551,1,1,0
5970016,187552,1,1,0
2443032,187553,1,1,0
5368504,187554,1,1,0
2032528,187555,1,0,1
1450536,187556,1,1,0
1157152,187557,1,1,0
6953208,187558,1,0,1
2709808,187559,1,1,0
1830856,187560,1,0,1
678048,187561,1,0,1
872000,187562,1,0,1
5568128,187563,1,1,0
5326920,187564,1,0,1
7308664,187565,1,0,1
6798568,187566,1,0,1
4533032,187567,1,1,0
7684112,187568,1,0,1
7534128,187569,1,0,1
920432,187570,1,0,1
1818352,187571,1,1,0
737096,187572,1,0,1
666944,187573,1,1,0
2550192,187574,1,1,0
3212840,187575,1,0,1
2893728,187576,1,1,0
273328,187577,1,0,1
3615040,187578,1,0,1
851272,187579,1,0,1
1991440,187580,1,1,0
5727856,187581,1,1,0
2437656,187582,1,1,0
1682608,187583,1,1,0
3432424,187584,1,0,1
2647016,187585,1,0,1
715880,187586,1,1,0
7813256,187587,1,0,1
1427040,187588,1,0,1
7060288,187589,1,1,0
4387304,187590,1,0,1
1654568,187591,1,1,0
807200,187592,1,0,1
3632448,187593,1,0,1
3565088,187594,1,0,1
126128,187595,1,1,0
1306712,187596,1,1,0
1144952,187597,1,0,1
2065888,187598,1,1,0
566240,187599,1,0,1
1854464,187600,1,1,0
6542744,187601,1,1,0
6967152,187602,1,1,0
1099376,187603,1,0,1
459144,187604,1,1,0
1265536,187605,1,0,1
4935136,187606,1,0,1
4925872,187607,1,0,1
3527368,187608,1,1,0
980648,187609,1,0,1
303552,187610,1,1,0
6238608,187611,1,1,0
2660168,187612,1,0,1
979544,187613,1,0,1
2584144,187614,1,1,0
7512272,187615,1,0,1
6771448,187616,1,1,0
615240,187617,1,0,1
2103544,187618,1,1,0
6781768,187619,1,1,0
7866536,187620,1,0,1
7966464,187621,1,1,0
530432,187622,1,0,1
1612192,187623,1,0,1
4501144,187624,1,1,0
1402976,187625,1,1,0
6307512,187626,1,1,0
1267128,187627,1,1,0
3797576,187628,1,1,0
5323880,187629,1,0,1
5806920,187630,1,0,1
2450864,187631,1,0,1
1072912,187632,1,1,0
2923488,187633,1,0,1
8232920,187634,1,0,1
2313112,187635,1,1,0
1120672,187636,1,1,0
1421376,187637,1,0,1
3459608,187638,1,1,0
2575392,187639,1,1,0
5947112,187640,1,0,1
3277184,187641,1,1,0
5012480,187642,1,1,0
1845024,187643,1,0,1
7325376,187644,1,1,0
7598536,187645,1,1,0
246120,187646,1,1,0
3394112,187647,1,1,0
325200,187648,1,0,1
1294168,187649,1,0,1
6258328,187650,1,1,0
4020288,187651,1,0,1
130944,187652,1,1,0
5386744,187653,1,1,0
3993576,187654,1,0,1
3482320,187655,1,0,1
5367376,187656,1,0,1
1439448,187657,1,1,0
972424,187658,1,0,1
256328,187659,1,1,0
603344,187660,1,1,0
3437712,187661,1,1,0
1145552,187662,1,1,0
524968,187663,1,0,1
8046384,187664,1,0,1
5551360,187665,1,1,0
604752,187666,1,1,0
2547176,187667,1,1,0
649648,187668,1,0,1
245056,187669,1,1,0
2956208,187670,1,0,1
8002264,187671,1,0,1
2342392,187672,1,1,0
505776,187673,1,0,1
1239064,187674,1,0,1
7216256,187675,1,1,0
7110896,187676,1,1,0
356104,187677,1,0,1
5534168,187678,1,0,1
2448496,187679,1,0,1
3111000,187680,1,0,1
2471216,187681,1,1,0
1846912,187682,1,0,1
3458064,187683,1,0,1
992304,187684,1,0,1
5047712,187685,1,1,0
7120472,187686,1,1,0
2731024,187687,1,0,1
1931400,187688,1,1,0
5212256,187689,1,1,0
2077216,187690,1,1,0
5639528,187691,1,1,0
3791128,187692,1,0,1
356128,187693,1,1,0
6420504,187694,1,0,1
1793480,187695,1,1,0
4144800,187696,1,0,1
1835352,187697,1,1,0
2736352,187698,1,0,1
6678048,187699,1,0,1
4268248,187700,1,1,0
2177072,187701,1,0,1
4524816,187702,1,1,0
1576616,187703,1,1,0
703776,187704,1,1,0
2889520,187705,1,0,1
655040,187706,1,0,1
274504,187707,1,1,0
791000,187708,1,1,0
7821072,187709,1,1,0
7800672,187710,1,0,1
905272,187711,1,0,1
1953864,187712,1,1,0
7154960,187713,1,0,1
2337120,187714,1,0,1
4862856,187715,1,1,0
1338488,187716,1,1,0
756328,187717,1,1,0
309736,187718,1,1,0
6834640,187719,1,0,1
538304,187720,1,1,0
7563864,187721,1,1,0
1229840,187722,1,0,1
5626520,187723,1,0,1
1740616,187724,1,1,0
2209080,187725,1,0,1
5115528,187726,1,0,1
370120,187727,1,1,0
5718024,187728,1,1,0
1373928,187729,1,1,0
3903352,187730,1,0,1
2634232,187731,1,0,1
3047536,187732,1,1,0
3110976,187733,1,0,1
1890144,187734,1,0,1
355952,187735,1,0,1
1097000,187736,1,0,1
471352,187737,1,0,1
407304,187738,1,1,0
2718088,187739,1,0,1
992016,187740,1,0,1
313176,187741,1,0,1
1152056,187742,1,1,0
5297504,187743,1,1,0
4850088,187744,1,0,1
559488,187745,1,1,0
5150264,187746,1,1,0
6816872,187747,1,1,0
1313904,187748,1,1,0
530560,187749,1,1,0
2553104,187750,1,1,0
3736680,187751,1,1,0
7375488,187752,1,0,1
2314368,187753,1,1,0
1122208,187754,1,1,0
1520472,187755,1,0,1
788056,187756,1,0,1
6406264,187757,1,0,1
329376,187758,1,1,0
6472032,187759,1,0,1
6249304,187760,1,0,1
1296288,187761,1,1,0
710208,187762,1,0,1
1692616,187763,1,1,0
700664,187764,1,1,0
5606976,187765,1,1,0
5741200,187766,1,1,0
1176480,187767,1,1,0
1396224,187768,1,1,0
5574136,187769,1,0,1
5295840,187770,1,1,0
5692080,187771,1,0,1
543168,187772,1,0,1
1005544,187773,1,0,1
3916368,187774,1,0,1
3689040,187775,1,1,0
413712,187776,1,1,0
1654400,187777,1,1,0
5125240,187778,1,0,1
1992304,187779,1,1,0
2495768,187780,1,0,1
969992,187781,1,0,1
1887104,187782,1,0,1
2959904,187783,1,0,1
547696,187784,1,0,1
1411272,187785,1,1,0
4697320,187786,1,1,0
3374704,187787,1,0,1
2811440,187788,1,1,0
1670272,187789,1,1,0
2070296,187790,1,1,0
480864,187791,1,1,0
3066872,187792,1,0,1
1067040,187793,1,0,1
439560,187794,1,1,0
2217792,187795,1,1,0
3060680,187796,1,0,1
1482688,187797,1,1,0
7875024,187798,1,1,0
429840,187799,1,1,0
7085992,187800,1,0,1
567880,187801,1,1,0
894648,187802,1,0,1
2327704,187803,1,1,0
8154824,187804,1,0,1
146152,187805,1,1,0
2744456,187806,1,0,1
4581312,187807,1,1,0
2128480,187808,1,0,1
682400,187809,1,1,0
6431888,187810,1,1,0
2514032,187811,1,0,1
2260328,187812,1,0,1
524224,187813,1,0,1
4083904,187814,1,1,0
6116896,187815,1,0,1
1173416,187816,1,0,1
4509400,187817,1,1,0
1812608,187818,1,0,1
2029952,187819,1,1,0
5555408,187820,1,1,0
1290808,187821,1,0,1
3998120,187822,1,1,0
1173720,187823,1,0,1
1265136,187824,1,1,0
298312,187825,1,1,0
3926064,187826,1,0,1
3952272,187827,1,0,1
578112,187828,1,1,0
2937128,187829,1,1,0
2280144,187830,1,0,1
3088240,187831,1,0,1
7319200,187832,1,1,0
6102744,187833,1,1,0
543904,187834,1,1,0
1648416,187835,1,0,1
872424,187836,1,1,0
3557328,187837,1,1,0
6157512,187838,1,1,0
1370664,187839,1,0,1
269600,187840,1,1,0
2242728,187841,1,1,0
8284304,187842,1,0,1
1932176,187843,1,1,0
4289800,187844,1,0,1
1961952,187845,1,1,0
1423176,187846,1,1,0
1090088,187847,1,0,1
1941416,187848,1,0,1
3764352,187849,1,0,1
4837800,187850,1,0,1
572632,187851,1,0,1
5084592,187852,1,1,0
435272,187853,1,0,1
267688,187854,1,1,0
3351024,187855,1,0,1
259096,187856,1,0,1
1933264,187857,1,0,1
1226024,187858,1,1,0
711464,187859,1,0,1
1208472,187860,1,0,1
2708088,187861,1,1,0
2363120,187862,1,0,1
1442360,187863,1,0,1
316552,187864,1,1,0
1941216,187865,1,1,0
3072112,187866,1,0,1
8086752,187867,1,0,1
4756576,187868,1,0,1
317632,187869,1,1,0
3329240,187870,1,0,1
373656,187871,1,0,1
3302456,187872,1,1,0
504792,187873,1,0,1
2684848,187874,1,0,1
642656,187875,1,0,1
1240904,187876,1,0,1
447296,187877,1,0,1
6570744,187878,1,0,1
8131576,187879,1,0,1
2400048,187880,1,1,0
634024,187881,1,1,0
197544,187882,1,1,0
6219136,187883,1,0,1
5926856,187884,1,1,0
343784,187885,1,1,0
1009368,187886,1,0,1
541360,187887,1,0,1
986992,187888,1,0,1
926952,187889,1,0,1
3365472,187890,1,0,1
5863512,187891,1,1,0
1184344,187892,1,0,1
4276024,187893,1,1,0
1615032,187894,1,0,1
5720832,187895,1,1,0
395712,187896,1,1,0
330608,187897,1,1,0
1758712,187898,1,1,0
2345960,187899,1,0,1
4404272,187900,1,0,1
5108448,187901,1,1,0
1051872,187902,1,1,0
5120104,187903,1,0,1
201552,187904,1,1,0
1305448,187905,1,1,0
4488152,187906,1,1,0
6615960,187907,1,1,0
5238656,187908,1,1,0
1322456,187909,1,0,1
811128,187910,1,0,1
1913264,187911,1,1,0
739928,187912,1,1,0
1260752,187913,1,1,0
8082192,187914,1,1,0
4767952,187915,1,0,1
6029344,187916,1,1,0
6980728,187917,1,0,1
5866072,187918,1,1,0
1089904,187919,1,1,0
5777432,187920,1,0,1
3958856,187921,1,1,0
1399512,187922,1,0,1
6316640,187923,1,1,0
376520,187924,1,1,0
1008752,187925,1,0,1
2014744,187926,1,1,0
2236616,187927,1,1,0
3095544,187928,1,0,1
5396480,187929,1,0,1
3150024,187930,1,0,1
915296,187931,1,0,1
2102648,187932,1,0,1
6386200,187933,1,0,1
2689240,187934,1,0,1
1958840,187935,1,0,1
1757088,187936,1,1,0
672648,187937,1,0,1
523152,187938,1,1,0
369944,187939,1,1,0
1439752,187940,1,0,1
291488,187941,1,1,0
439224,187942,1,0,1
3644976,187943,1,1,0
7334608,187944,1,0,1
483584,187945,1,1,0
6994176,187946,1,1,0
4640968,187947,1,1,0
3515800,187948,1,1,0
3896304,187949,1,0,1
2043984,187950,1,1,0
419464,187951,1,0,1
1334744,187952,1,0,1
665784,187953,1,0,1
1712672,187954,1,1,0
6010648,187955,1,1,0
5260920,187956,1,1,0
5970448,187957,1,0,1
5700280,187958,1,1,0
7916016,187959,1,1,0
618368,187960,1,1,0
1034808,187961,1,0,1
778640,187962,1,1,0
1260664,187963,1,1,0
2575952,187964,1,0,1
1757784,187965,1,0,1
737632,187966,1,0,1
3446016,187967,1,1,0
1944808,187968,1,0,1
5933496,187969,1,1,0
2190744,187970,1,1,0
2203712,187971,1,0,1
1425616,187972,1,1,0
723208,187973,1,0,1
2097696,187974,1,1,0
1537384,187975,1,1,0
1598984,187976,1,0,1
2609872,187977,1,0,1
4572080,187978,1,1,0
3318960,187979,1,0,1
3773256,187980,1,1,0
504192,187981,1,1,0
1597232,187982,1,0,1
5333664,187983,1,1,0
2269312,187984,1,0,1
4503000,187985,1,0,1
3188616,187986,1,1,0
2748432,187987,1,1,0
8331536,187988,1,0,1
7923832,187989,1,0,1
2911824,187990,1,1,0
6360144,187991,1,1,0
3619848,187992,1,0,1
3210088,187993,1,0,1
2396040,187994,1,0,1
2248984,187995,1,1,0
1827192,187996,1,1,0
5329440,187997,1,1,0
2375296,187998,1,1,0
681800,187999,1,1,0
1593944,188000,1,1,0
2000984,188001,1,1,0
2717712,188002,1,1,0
1247288,188003,1,0,1
1278040,188004,1,0,1
1584568,188005,1,0,1
2557976,188006,1,0,1
4559656,188007,1,0,1
2901672,188008,1,0,1
491872,188009,1,0,1
832912,188010,1,0,1
7514680,188011,1,1,0
480128,188012,1,0,1
3860224,188013,1,1,0
1834800,188014,1,1,0
3143768,188015,1,1,0
1995512,188016,1,0,1
3671688,188017,1,0,1
8260400,188018,1,0,1
6442664,188019,1,0,1
1263120,188020,1,1,0
326096,188021,1,0,1
722240,188022,1,0,1
5368776,188023,1,1,0
1838832,188024,1,0,1
4712400,188025,1,1,0
4691280,188026,1,0,1
3554000,188027,1,0,1
2962704,188028,1,1,0
1881640,188029,1,0,1
115696,188030,1,0,1
615960,188031,1,1,0
1826024,188032,1,0,1
1767320,188033,1,0,1
221912,188034,1,0,1
2421776,188035,1,1,0
1948072,188036,1,0,1
2963504,188037,1,1,0
409280,188038,1,1,0
2656488,188039,1,0,1
5056048,188040,1,1,0
5260664,188041,1,0,1
1083552,188042,1,0,1
1746728,188043,1,1,0
3218704,188044,1,0,1
3846752,188045,1,1,0
596888,188046,1,0,1
543752,188047,1,1,0
8076680,188048,1,1,0
1817168,188049,1,0,1
1322800,188050,1,1,0
325736,188051,1,1,0
3786144,188052,1,1,0
5332944,188053,1,0,1
4577032,188054,1,0,1
2256912,188055,1,0,1
1434776,188056,1,0,1
819280,188057,1,0,1
3448704,188058,1,0,1
932976,188059,1,0,1
8222552,188060,1,1,0
5420344,188061,1,0,1
230528,188062,1,0,1
238072,188063,1,0,1
5325320,188064,1,0,1
4103912,188065,1,0,1
280304,188066,1,0,1
1260296,188067,1,0,1
599976,188068,1,1,0
406320,188069,1,0,1
3867840,188070,1,1,0
7611064,188071,1,0,1
2241040,188072,1,0,1
1582704,188073,1,1,0
652792,188074,1,0,1
5173424,188075,1,1,0
4405184,188076,1,0,1
2683824,188077,1,1,0
803288,188078,1,1,0
7634448,188079,1,0,1
536032,188080,1,1,0
1523816,188081,1,1,0
1480520,188082,1,1,0
1937856,188083,1,1,0
360424,188084,1,1,0
1197640,188085,1,1,0
574296,188086,1,0,1
4815488,188087,1,0,1
1107016,188088,1,1,0
1138576,188089,1,0,1
641312,188090,1,1,0
2313648,188091,1,0,1
558072,188092,1,0,1
287176,188093,1,0,1
474224,188094,1,0,1
5412464,188095,1,1,0
6044232,188096,1,0,1
796592,188097,1,1,0
4025312,188098,1,1,0
2338456,188099,1,0,1
772672,188100,1,1,0
800520,188101,1,1,0
457784,188102,1,0,1
2336752,188103,1,1,0
1440496,188104,1,0,1
2186920,188105,1,0,1
7095016,188106,1,1,0
7377760,188107,1,1,0
2475912,188108,1,0,1
5259832,188109,1,0,1
846280,188110,1,0,1
1232088,188111,1,0,1
3861144,188112,1,1,0
552104,188113,1,0,1
1938632,188114,1,0,1
5083888,188115,1,0,1
2507776,188116,1,1,0
7184280,188117,1,1,0
840472,188118,1,1,0
718712,188119,1,1,0
4564800,188120,1,1,0
214144,188121,1,1,0
1459328,188122,1,1,0
3600152,188123,1,0,1
655344,188124,1,0,1
279200,188125,1,1,0
4862800,188126,1,0,1
2104320,188127,1,1,0
2338528,188128,1,1,0
1780192,188129,1,1,0
2079776,188130,1,0,1
266336,188131,1,0,1
1303880,188132,1,0,1
1566312,188133,1,1,0
978760,188134,1,1,0
4997328,188135,1,0,1
959792,188136,1,0,1
3056224,188137,1,1,0
1211264,188138,1,1,0
4687664,188139,1,1,0
6079688,188140,1,0,1
459272,188141,1,1,0
438376,188142,1,1,0
4795440,188143,1,0,1
211944,188144,1,1,0
8264680,188145,1,1,0
3413312,188146,1,0,1
2914632,188147,1,1,0
1849040,188148,1,1,0
6707752,188149,1,1,0
1887712,188150,1,1,0
6567584,188151,1,1,0
4084312,188152,1,0,1
623568,188153,1,1,0
1370400,188154,1,0,1
2260256,188155,1,1,0
4274208,188156,1,1,0
1296352,188157,1,1,0
2555696,188158,1,0,1
3130472,188159,1,1,0
2969776,188160,1,0,1
4434608,188161,1,0,1
5393896,188162,1,0,1
7142888,188163,1,1,0
478848,188164,1,1,0
2870000,188165,1,0,1
3996104,188166,1,0,1
7912328,188167,1,0,1
5972280,188168,1,0,1
525592,188169,1,1,0
2381680,188170,1,1,0
3735112,188171,1,0,1
1820808,188172,1,1,0
4866656,188173,1,0,1
2262960,188174,1,1,0
5719144,188175,1,1,0
1306840,188176,1,1,0
688448,188177,1,1,0
2336928,188178,1,0,1
6476416,188179,1,1,0
760744,188180,1,0,1
7773640,188181,1,0,1
2116032,188182,1,0,1
2983896,188183,1,1,0
3015960,188184,1,1,0
3992568,188185,1,1,0
755504,188186,1,0,1
394416,188187,1,0,1
1416112,188188,1,0,1
376640,188189,1,1,0
478816,188190,1,1,0
59424,188191,1,1,0
588096,188192,1,1,0
6977736,188193,1,1,0
1135232,188194,1,1,0
184872,188195,1,1,0
6404688,188196,1,0,1
742608,188197,1,0,1
1644928,188198,1,0,1
689776,188199,1,0,1
614440,188200,1,1,0
4332008,188201,1,1,0
1497624,188202,1,1,0
3566720,188203,1,1,0
5503704,188204,1,1,0
1563696,188205,1,0,1
505792,188206,1,0,1
762368,188207,1,1,0
1057072,188208,1,1,0
6407896,188209,1,0,1
3721344,188210,1,1,0
851536,188211,1,0,1
974064,188212,1,0,1
4611136,188213,1,1,0
258376,188214,1,1,0
5512896,188215,1,0,1
6543776,188216,1,0,1
1789920,188217,1,1,0
3000992,188218,1,0,1
5911240,188219,1,0,1
7472288,188220,1,0,1
875400,188221,1,0,1
3830864,188222,1,1,0
5608600,188223,1,1,0
8305536,188224,1,0,1
5315040,188225,1,1,0
7938584,188226,1,0,1
3361112,188227,1,0,1
7818928,188228,1,1,0
3480976,188229,1,1,0
1439360,188230,1,0,1
3573904,188231,1,0,1
408704,188232,1,0,1
644104,188233,1,1,0
6667888,188234,1,1,0
4481880,188235,1,1,0
3463192,188236,1,1,0
2933024,188237,1,1,0
3882664,188238,1,0,1
1029576,188239,1,0,1
4183168,188240,1,1,0
539344,188241,1,1,0
863440,188242,1,1,0
6314592,188243,1,0,1
6159272,188244,1,0,1
4491512,188245,1,0,1
1408672,188246,1,0,1
2172600,188247,1,1,0
1203432,188248,1,0,1
6623688,188249,1,1,0
702824,188250,1,1,0
6009824,188251,1,0,1
3525456,188252,1,1,0
2417832,188253,1,1,0
1863128,188254,1,0,1
3702416,188255,1,0,1
2653880,188256,1,1,0
6735880,188257,1,0,1
5742760,188258,1,0,1
8144888,188259,1,1,0
7996216,188260,1,1,0
1388424,188261,1,0,1
2760664,188262,1,1,0
7804696,188263,1,1,0
2082576,188264,1,1,0
5558608,188265,1,1,0
1806480,188266,1,0,1
5956520,188267,1,1,0
4929776,188268,1,1,0
3070488,188269,1,0,1
1681936,188270,1,0,1
1328640,188271,1,0,1
6613544,188272,1,0,1
1372600,188273,1,0,1
1541456,188274,1,1,0
588920,188275,1,0,1
5005504,188276,1,1,0
2300344,188277,1,0,1
1277368,188278,1,0,1
1035616,188279,1,0,1
5695872,188280,1,0,1
638688,188281,1,1,0
218192,188282,1,0,1
1110688,188283,1,1,0
5795184,188284,1,0,1
5657000,188285,1,1,0
1311640,188286,1,0,1
7232904,188287,1,0,1
331416,188288,1,0,1
339392,188289,1,0,1
1819432,188290,1,1,0
2234432,188291,1,1,0
258600,188292,1,1,0
3171168,188293,1,1,0
8180176,188294,1,0,1
711776,188295,1,0,1
2512216,188296,1,1,0
5928000,188297,1,1,0
256528,188298,1,0,1
527128,188299,1,1,0
2133448,188300,1,0,1
1455896,188301,1,1,0
4545472,188302,1,0,1
1256064,188303,1,1,0
5255720,188304,1,0,1
375816,188305,1,0,1
1243408,188306,1,0,1
6899792,188307,1,0,1
2799416,188308,1,0,1
3517280,188309,1,1,0
7467848,188310,1,0,1
1894280,188311,1,0,1
3852480,188312,1,1,0
988824,188313,1,0,1
4942696,188314,1,1,0
2767440,188315,1,1,0
4615024,188316,1,1,0
1073384,188317,1,1,0
1711760,188318,1,0,1
3272136,188319,1,1,0
153880,188320,1,1,0
4471192,188321,1,0,1
3364968,188322,1,0,1
1701712,188323,1,0,1
818792,188324,1,1,0
3801624,188325,1,1,0
1849056,188326,1,0,1
1882688,188327,1,1,0
1188488,188328,1,1,0
1805184,188329,1,0,1
960784,188330,1,1,0
1276240,188331,1,1,0
3166032,188332,1,0,1
3584264,188333,1,0,1
7899568,188334,1,0,1
5341288,188335,1,1,0
5078424,188336,1,1,0
1708480,188337,1,1,0
609832,188338,1,0,1
5140152,188339,1,1,0
4594160,188340,1,1,0
2266304,188341,1,0,1
2950112,188342,1,1,0
4865728,188343,1,0,1
2800464,188344,1,1,0
387200,188345,1,1,0
3169832,188346,1,0,1
3503008,188347,1,1,0
1145576,188348,1,0,1
4180416,188349,1,1,0
7747312,188350,1,0,1
6926568,188351,1,1,0
2065248,188352,1,0,1
5030824,188353,1,1,0
1305832,188354,1,0,1
3014480,188355,1,0,1
6319112,188356,1,0,1
3716968,188357,1,1,0
1396592,188358,1,0,1
2239040,188359,1,0,1
1692080,188360,1,0,1
887936,188361,1,1,0
5403456,188362,1,0,1
2663608,188363,1,0,1
409136,188364,1,0,1
2382888,188365,1,0,1
2540184,188366,1,0,1
3968912,188367,1,1,0
550864,188368,1,0,1
8001992,188369,1,1,0
2831664,188370,1,1,0
8363736,188371,1,1,0
7502320,188372,1,0,1
4751632,188373,1,1,0
6887544,188374,1,1,0
2108184,188375,1,0,1
2947056,188376,1,1,0
3510944,188377,1,1,0
1260944,188378,1,1,0
3628384,188379,1,1,0
3513440,188380,1,0,1
1245080,188381,1,0,1
7198344,188382,1,1,0
8268376,188383,1,0,1
695456,188384,1,1,0
6808640,188385,1,1,0
2095144,188386,1,1,0
7967160,188387,1,0,1
443864,188388,1,1,0
2161560,188389,1,0,1
3370616,188390,1,0,1
1761896,188391,1,1,0
1182920,188392,1,1,0
2776816,188393,1,0,1
1979072,188394,1,0,1
1114272,188395,1,0,1
1084280,188396,1,1,0
3934432,188397,1,0,1
3857336,188398,1,0,1
2222792,188399,1,1,0
1453232,188400,1,1,0
593904,188401,1,1,0
7786640,188402,1,0,1
4287432,188403,1,1,0
801552,188404,1,1,0
3135992,188405,1,1,0
7632224,188406,1,0,1
345728,188407,1,1,0
5483856,188408,1,1,0
3705704,188409,1,1,0
1581792,188410,1,1,0
4771912,188411,1,1,0
1954176,188412,1,1,0
4172816,188413,1,0,1
303904,188414,1,0,1
2779248,188415,1,0,1
3087608,188416,1,1,0
3095520,188417,1,1,0
633712,188418,1,0,1
8215304,188419,1,0,1
7935608,188420,1,0,1
5681936,188421,1,1,0
7181704,188422,1,1,0
281752,188423,1,0,1
5312176,188424,1,0,1
1264912,188425,1,1,0
4109376,188426,1,1,0
764072,188427,1,0,1
1223752,188428,1,0,1
4350544,188429,1,0,1
1524696,188430,1,1,0
2208848,188431,1,1,0
6758096,188432,1,0,1
4587312,188433,1,0,1
327416,188434,1,0,1
1876456,188435,1,0,1
2313480,188436,1,0,1
1248504,188437,1,0,1
234544,188438,1,1,0
4348984,188439,1,1,0
717736,188440,1,0,1
4422288,188441,1,0,1
2154096,188442,1,1,0
3943752,188443,1,1,0
2649432,188444,1,0,1
6038976,188445,1,1,0
1210320,188446,1,0,1
221104,188447,1,0,1
6850344,188448,1,1,0
283568,188449,1,1,0
4628424,188450,1,1,0
868120,188451,1,0,1
7119136,188452,1,1,0
2272088,188453,1,1,0
1281520,188454,1,0,1
1750616,188455,1,1,0
3355520,188456,1,1,0
2491936,188457,1,0,1
3063448,188458,1,1,0
2607312,188459,1,0,1
3067728,188460,1,0,1
926304,188461,1,0,1
2159584,188462,1,1,0
359712,188463,1,0,1
6146072,188464,1,0,1
655896,188465,1,0,1
7106784,188466,1,0,1
382192,188467,1,0,1
1237760,188468,1,0,1
1784624,188469,1,0,1
3775824,188470,1,1,0
622264,188471,1,0,1
714760,188472,1,0,1
753544,188473,1,1,0
1284000,188474,1,1,0
2213296,188475,1,1,0
413496,188476,1,0,1
387272,188477,1,1,0
345960,188478,1,1,0
3808536,188479,1,0,1
416264,188480,1,0,1
1458920,188481,1,1,0
4830256,188482,1,0,1
555488,188483,1,1,0
6374072,188484,1,0,1
2016232,188485,1,0,1
2054352,188486,1,0,1
1723896,188487,1,1,0
4332160,188488,1,1,0
6789936,188489,1,1,0
782088,188490,1,1,0
6584608,188491,1,1,0
2777376,188492,1,0,1
2756232,188493,1,1,0
2011728,188494,1,0,1
3634312,188495,1,1,0
2858136,188496,1,1,0
6931688,188497,1,0,1
6455872,188498,1,0,1
7077232,188499,1,0,1
3560432,188500,1,0,1
727912,188501,1,1,0
1925288,188502,1,1,0
5458952,188503,1,0,1
1853152,188504,1,0,1
1208360,188505,1,1,0
5161584,188506,1,0,1
619088,188507,1,0,1
580960,188508,1,1,0
2936088,188509,1,1,0
3180416,188510,1,0,1
4688792,188511,1,0,1
2022984,188512,1,0,1
308488,188513,1,1,0
2097400,188514,1,0,1
8054088,188515,1,1,0
6463752,188516,1,1,0
7743104,188517,1,1,0
127768,188518,1,0,1
2586400,188519,1,0,1
169072,188520,1,1,0
1828048,188521,1,1,0
3894056,188522,1,0,1
843648,188523,1,0,1
814192,188524,1,1,0
7484728,188525,1,1,0
2188832,188526,1,0,1
6728664,188527,1,0,1
4736056,188528,1,0,1
650024,188529,1,0,1
8036064,188530,1,1,0
910968,188531,1,0,1
5909824,188532,1,1,0
458504,188533,1,0,1
3907488,188534,1,1,0
6265504,188535,1,0,1
6351616,188536,1,0,1
626424,188537,1,0,1
1988568,188538,1,1,0
1097760,188539,1,0,1
137640,188540,1,1,0
1976528,188541,1,0,1
6886032,188542,1,0,1
309248,188543,1,1,0
3869416,188544,1,1,0
1422680,188545,1,1,0
1119544,188546,1,1,0
2639000,188547,1,1,0
8144552,188548,1,0,1
987808,188549,1,1,0
8055888,188550,1,0,1
3380576,188551,1,0,1
3333888,188552,1,1,0
867408,188553,1,1,0
2889192,188554,1,1,0
5814192,188555,1,1,0
3279232,188556,1,0,1
7367648,188557,1,0,1
1919088,188558,1,1,0
688216,188559,1,1,0
7011160,188560,1,1,0
6601984,188561,1,1,0
6055920,188562,1,0,1
503776,188563,1,1,0
7581192,188564,1,1,0
1111272,188565,1,1,0
7388944,188566,1,0,1
2263168,188567,1,0,1
859080,188568,1,1,0
6001264,188569,1,0,1
4445624,188570,1,1,0
352488,188571,1,1,0
395232,188572,1,0,1
3542160,188573,1,0,1
236256,188574,1,1,0
342296,188575,1,0,1
2834120,188576,1,0,1
5552880,188577,1,0,1
5369056,188578,1,0,1
2864040,188579,1,1,0
7081344,188580,1,0,1
7559144,188581,1,1,0
272616,188582,1,1,0
888464,188583,1,0,1
2809064,188584,1,0,1
1504080,188585,1,0,1
1119360,188586,1,1,0
528224,188587,1,0,1
7009224,188588,1,0,1
468064,188589,1,0,1
3102792,188590,1,1,0
6570312,188591,1,0,1
1324440,188592,1,0,1
1105144,188593,1,0,1
814584,188594,1,0,1
2095968,188595,1,0,1
1018536,188596,1,0,1
1822768,188597,1,0,1
6751504,188598,1,1,0
3787232,188599,1,1,0
8049376,188600,1,1,0
3857208,188601,1,0,1
3956640,188602,1,1,0
4233336,188603,1,1,0
1124048,188604,1,1,0
2950024,188605,1,1,0
5531968,188606,1,1,0
1199656,188607,1,0,1
844328,188608,1,1,0
1829368,188609,1,1,0
2696752,188610,1,1,0
420944,188611,1,0,1
4530424,188612,1,0,1
555432,188613,1,0,1
689808,188614,1,1,0
606984,188615,1,0,1
7290688,188616,1,0,1
970944,188617,1,1,0
5788816,188618,1,0,1
614080,188619,1,0,1
6882968,188620,1,1,0
4673736,188621,1,0,1
528528,188622,1,0,1
4541128,188623,1,1,0
1295128,188624,1,1,0
2028128,188625,1,1,0
2328736,188626,1,1,0
2438144,188627,1,1,0
6232536,188628,1,1,0
7508144,188629,1,0,1
7701360,188630,1,0,1
1458456,188631,1,0,1
6306008,188632,1,1,0
8160040,188633,1,1,0
3161776,188634,1,1,0
2588128,188635,1,1,0
6307552,188636,1,0,1
7986944,188637,1,1,0
2676568,188638,1,1,0
5251656,188639,1,0,1
1850496,188640,1,1,0
2412584,188641,1,0,1
556920,188642,1,1,0
1610960,188643,1,1,0
6814112,188644,1,0,1
6518824,188645,1,1,0
1078256,188646,1,0,1
315376,188647,1,1,0
482368,188648,1,1,0
335728,188649,1,1,0
881352,188650,1,0,1
1911408,188651,1,1,0
3761496,188652,1,0,1
1252016,188653,1,1,0
1791344,188654,1,1,0
4934352,188655,1,1,0
8298824,188656,1,1,0
1279872,188657,1,0,1
5405936,188658,1,1,0
1677296,188659,1,1,0
4261168,188660,1,1,0
4484368,188661,1,1,0
1057064,188662,1,1,0
3788544,188663,1,1,0
2750336,188664,1,1,0
4684304,188665,1,0,1
1435040,188666,1,1,0
2606808,188667,1,0,1
2815376,188668,1,0,1
4430504,188669,1,1,0
2555512,188670,1,0,1
2108024,188671,1,1,0
729712,188672,1,0,1
4581640,188673,1,0,1
6175288,188674,1,0,1
6616728,188675,1,1,0
6551776,188676,1,0,1
142096,188677,1,0,1
2715480,188678,1,1,0
1475560,188679,1,0,1
1190864,188680,1,0,1
645096,188681,1,1,0
2880944,188682,1,0,1
2597808,188683,1,1,0
1504328,188684,1,0,1
3348352,188685,1,1,0
677256,188686,1,0,1
5646424,188687,1,0,1
6257432,188688,1,1,0
2352424,188689,1,1,0
637384,188690,1,1,0
4511496,188691,1,1,0
2743920,188692,1,1,0
676488,188693,1,1,0
1052296,188694,1,1,0
3474464,188695,1,0,1
1363856,188696,1,1,0
3871880,188697,1,1,0
2903904,188698,1,1,0
6265512,188699,1,1,0
870488,188700,1,1,0
5768208,188701,1,1,0
7073248,188702,1,0,1
1683064,188703,1,0,1
446288,188704,1,0,1
1301560,188705,1,0,1
160592,188706,1,0,1
1701320,188707,1,1,0
1850968,188708,1,1,0
1678704,188709,1,1,0
851568,188710,1,0,1
2808368,188711,1,1,0
3195048,188712,1,0,1
4245520,188713,1,0,1
1582424,188714,1,1,0
3328184,188715,1,1,0
2027952,188716,1,0,1
5228960,188717,1,0,1
2917536,188718,1,0,1
609792,188719,1,1,0
990728,188720,1,1,0
539776,188721,1,0,1
330672,188722,1,0,1
4017840,188723,1,0,1
1193688,188724,1,0,1
1261640,188725,1,0,1
2219160,188726,1,0,1
4201168,188727,1,1,0
621888,188728,1,0,1
2257672,188729,1,0,1
1151640,188730,1,0,1
2502760,188731,1,0,1
1881064,188732,1,0,1
7359296,188733,1,1,0
496840,188734,1,1,0
1320976,188735,1,1,0
634752,188736,1,0,1
586920,188737,1,1,0
8369304,188738,1,0,1
1961976,188739,1,1,0
3649136,188740,1,0,1
325608,188741,1,0,1
7992200,188742,1,0,1
4437064,188743,1,0,1
5850384,188744,1,0,1
1533336,188745,1,0,1
1870392,188746,1,1,0
2421880,188747,1,0,1
2955976,188748,1,1,0
299584,188749,1,1,0
975016,188750,1,1,0
3437288,188751,1,1,0
1767800,188752,1,1,0
7515552,188753,1,1,0
6466264,188754,1,1,0
1260576,188755,1,0,1
1420792,188756,1,1,0
3639056,188757,1,1,0
5280448,188758,1,1,0
4733248,188759,1,1,0
2719832,188760,1,1,0
2398032,188761,1,0,1
7955216,188762,1,1,0
5037416,188763,1,0,1
3156536,188764,1,1,0
2518016,188765,1,1,0
3223200,188766,1,0,1
1460192,188767,1,0,1
2647640,188768,1,0,1
220400,188769,1,1,0
3325720,188770,1,1,0
749672,188771,1,0,1
1503064,188772,1,1,0
226952,188773,1,0,1
3441488,188774,1,0,1
5670720,188775,1,0,1
1722248,188776,1,0,1
2452200,188777,1,1,0
608648,188778,1,0,1
7609184,188779,1,0,1
870544,188780,1,1,0
4289696,188781,1,1,0
6826904,188782,1,0,1
1436112,188783,1,1,0
5180848,188784,1,1,0
4626784,188785,1,0,1
4925376,188786,1,1,0
7021344,188787,1,1,0
5014496,188788,1,1,0
1075040,188789,1,1,0
2625496,188790,1,1,0
700440,188791,1,0,1
380024,188792,1,1,0
5975216,188793,1,1,0
585504,188794,1,1,0
820752,188795,1,1,0
502496,188796,1,1,0
7974504,188797,1,0,1
1563064,188798,1,1,0
4768568,188799,1,0,1
725912,188800,1,0,1
1650200,188801,1,0,1
1342416,188802,1,1,0
1063312,188803,1,1,0
806896,188804,1,1,0
2289136,188805,1,1,0
8223928,188806,1,0,1
297760,188807,1,0,1
345056,188808,1,1,0
5933720,188809,1,1,0
7935856,188810,1,1,0
1323032,188811,1,1,0
5676296,188812,1,1,0
8263432,188813,1,1,0
620608,188814,1,1,0
524888,188815,1,0,1
3093752,188816,1,1,0
2578448,188817,1,0,1
447128,188818,1,1,0
3549792,188819,1,1,0
1309912,188820,1,1,0
8037832,188821,1,0,1
2251488,188822,1,1,0
1584664,188823,1,0,1
375376,188824,1,0,1
1048128,188825,1,0,1
2690648,188826,1,1,0
2119384,188827,1,1,0
4358928,188828,1,0,1
4651776,188829,1,1,0
3254936,188830,1,0,1
2670128,188831,1,1,0
7286336,188832,1,0,1
4457512,188833,1,0,1
4419040,188834,1,1,0
4499560,188835,1,0,1
738784,188836,1,1,0
8222208,188837,1,0,1
4761648,188838,1,1,0
4338912,188839,1,1,0
776008,188840,1,1,0
2480872,188841,1,1,0
1711496,188842,1,0,1
1410024,188843,1,0,1
1000928,188844,1,0,1
2151384,188845,1,0,1
1911376,188846,1,1,0
3177896,188847,1,1,0
2280392,188848,1,1,0
2809928,188849,1,0,1
4085688,188850,1,1,0
1497888,188851,1,1,0
4739232,188852,1,0,1
883032,188853,1,0,1
2337624,188854,1,1,0
416624,188855,1,1,0
6346864,188856,1,0,1
7457504,188857,1,0,1
7123264,188858,1,1,0
1434864,188859,1,0,1
3227704,188860,1,0,1
366328,188861,1,0,1
6354256,188862,1,0,1
322168,188863,1,1,0
1287712,188864,1,0,1
1061936,188865,1,1,0
1876352,188866,1,0,1
2755536,188867,1,0,1
308288,188868,1,1,0
1676232,188869,1,1,0
402568,188870,1,0,1
3738528,188871,1,0,1
4297096,188872,1,0,1
151880,188873,1,0,1
3859800,188874,1,1,0
8035320,188875,1,0,1
7694600,188876,1,0,1
5093104,188877,1,1,0
517016,188878,1,1,0
344512,188879,1,1,0
7322560,188880,1,1,0
1433752,188881,1,1,0
6101960,188882,1,1,0
3042176,188883,1,0,1
1049872,188884,1,1,0
3498272,188885,1,1,0
256448,188886,1,0,1
2085880,188887,1,1,0
5830376,188888,1,1,0
1174176,188889,1,1,0
901984,188890,1,0,1
682392,188891,1,0,1
477472,188892,1,0,1
1905896,188893,1,0,1
1050728,188894,1,1,0
3242456,188895,1,0,1
266952,188896,1,1,0
3140824,188897,1,1,0
4626656,188898,1,1,0
2173624,188899,1,1,0
7312984,188900,1,0,1
1022120,188901,1,0,1
4971224,188902,1,0,1
1010648,188903,1,1,0
868672,188904,1,0,1
8113032,188905,1,0,1
1301776,188906,1,1,0
528960,188907,1,1,0
625344,188908,1,1,0
645472,188909,1,0,1
164072,188910,1,0,1
152488,188911,1,0,1
7220752,188912,1,1,0
6146248,188913,1,1,0
6836528,188914,1,1,0
7689816,188915,1,1,0
5460416,188916,1,0,1
7168016,188917,1,1,0
2247984,188918,1,0,1
1222112,188919,1,1,0
7885144,188920,1,0,1
553520,188921,1,0,1
762208,188922,1,1,0
89664,188923,1,1,0
1508392,188924,1,1,0
7518936,188925,1,0,1
640168,188926,1,1,0
582544,188927,1,1,0
3393512,188928,1,0,1
3192136,188929,1,0,1
4886648,188930,1,0,1
961472,188931,1,0,1
2464448,188932,1,1,0
1301088,188933,1,0,1
7270840,188934,1,1,0
715464,188935,1,0,1
7292064,188936,1,0,1
2997976,188937,1,1,0
546512,188938,1,0,1
1043392,188939,1,0,1
2589944,188940,1,1,0
685352,188941,1,0,1
5592592,188942,1,0,1
8388584,188943,1,1,0
477792,188944,1,0,1
7746816,188945,1,1,0
1580416,188946,1,0,1
3428376,188947,1,0,1
4818480,188948,1,0,1
237648,188949,1,1,0
979456,188950,1,0,1
6658448,188951,1,1,0
347608,188952,1,1,0
1210864,188953,1,1,0
2129136,188954,1,0,1
1711800,188955,1,1,0
512048,188956,1,0,1
1713408,188957,1,0,1
590856,188958,1,0,1
8239584,188959,1,0,1
378440,188960,1,1,0
1155584,188961,1,0,1
7752344,188962,1,0,1
3335208,188963,1,1,0
1566328,188964,1,1,0
1613200,188965,1,1,0
7532216,188966,1,0,1
7181408,188967,1,0,1
2399944,188968,1,1,0
1064184,188969,1,0,1
1167704,188970,1,0,1
4476320,188971,1,0,1
4398208,188972,1,1,0
5375464,188973,1,0,1
2573656,188974,1,1,0
1875600,188975,1,0,1
1510216,188976,1,1,0
2697240,188977,1,0,1
1223432,188978,1,0,1
6996968,188979,1,0,1
3089592,188980,1,0,1
2737920,188981,1,1,0
558880,188982,1,0,1
987456,188983,1,1,0
1349680,188984,1,0,1
2303888,188985,1,0,1
1692224,188986,1,1,0
1494736,188987,1,0,1
1845392,188988,1,0,1
7743424,188989,1,1,0
6682912,188990,1,0,1
624664,188991,1,1,0
4510704,188992,1,0,1
3371184,188993,1,0,1
2180176,188994,1,0,1
1572360,188995,1,0,1
4788080,188996,1,1,0
4236832,188997,1,1,0
3612384,188998,1,0,1
2388392,188999,1,0,1
494424,189000,1,0,1
485976,189001,1,1,0
2737168,189002,1,1,0
835120,189003,1,1,0
6035048,189004,1,1,0
174480,189005,1,1,0
3259000,189006,1,1,0
2673888,189007,1,1,0
2357200,189008,1,0,1
7908576,189009,1,1,0
3772600,189010,1,1,0
4214792,189011,1,1,0
5487280,189012,1,0,1
5374568,189013,1,1,0
780584,189014,1,1,0
515040,189015,1,0,1
6150456,189016,1,0,1
1954024,189017,1,0,1
7284032,189018,1,1,0
5315112,189019,1,0,1
1092712,189020,1,0,1
1938936,189021,1,1,0
3551864,189022,1,0,1
1933176,189023,1,0,1
3687128,189024,1,0,1
386296,189025,1,1,0
2115656,189026,1,0,1
2496840,189027,1,0,1
1953608,189028,1,0,1
1155264,189029,1,1,0
2345488,189030,1,0,1
2634184,189031,1,0,1
5174704,189032,1,0,1
5817184,189033,1,1,0
1487448,189034,1,1,0
2232016,189035,1,1,0
5264704,189036,1,1,0
1974936,189037,1,1,0
5868504,189038,1,1,0
1016912,189039,1,1,0
3779352,189040,1,0,1
3465904,189041,1,1,0
1529864,189042,1,0,1
7089288,189043,1,1,0
6488672,189044,1,1,0
5240400,189045,1,0,1
1917968,189046,1,1,0
4010688,189047,1,1,0
423448,189048,1,0,1
332800,189049,1,1,0
5325840,189050,1,0,1
3750904,189051,1,0,1
1125336,189052,1,1,0
475064,189053,1,1,0
4874872,189054,1,1,0
445064,189055,1,1,0
5447264,189056,1,1,0
2001616,189057,1,0,1
1682232,189058,1,0,1
459464,189059,1,0,1
493536,189060,1,0,1
565000,189061,1,0,1
297384,189062,1,1,0
5994088,189063,1,0,1
1389400,189064,1,0,1
5219528,189065,1,0,1
4501216,189066,1,1,0
5273656,189067,1,1,0
3247016,189068,1,1,0
2812136,189069,1,0,1
3505848,189070,1,0,1
3550800,189071,1,1,0
1530544,189072,1,1,0
7020552,189073,1,1,0
646648,189074,1,0,1
813384,189075,1,1,0
209280,189076,1,1,0
210280,189077,1,0,1
1857264,189078,1,0,1
4052712,189079,1,1,0
2757720,189080,1,1,0
3049728,189081,1,1,0
972872,189082,1,1,0
3361096,189083,1,1,0
2848920,189084,1,1,0
393056,189085,1,1,0
1276520,189086,1,1,0
1357296,189087,1,0,1
163944,189088,1,0,1
3768336,189089,1,1,0
7053304,189090,1,1,0
4962280,189091,1,1,0
1906160,189092,1,1,0
1745760,189093,1,0,1
5299792,189094,1,0,1
4346096,189095,1,0,1
834440,189096,1,1,0
986088,189097,1,1,0
702944,189098,1,1,0
7555624,189099,1,1,0
4891568,189100,1,0,1
5054496,189101,1,0,1
5919032,189102,1,0,1
3703304,189103,1,1,0
5446008,189104,1,0,1
2257088,189105,1,0,1
2628264,189106,1,0,1
1262024,189107,1,0,1
5820848,189108,1,1,0
413152,189109,1,1,0
2800480,189110,1,1,0
1475864,189111,1,1,0
2814040,189112,1,1,0
1659480,189113,1,1,0
337088,189114,1,0,1
2082416,189115,1,0,1
7897160,189116,1,0,1
782080,189117,1,1,0
1446464,189118,1,0,1
313896,189119,1,0,1
6607400,189120,1,1,0
7843832,189121,1,0,1
1344192,189122,1,0,1
309768,189123,1,1,0
3405928,189124,1,1,0
103328,189125,1,1,0
4349056,189126,1,1,0
413848,189127,1,1,0
534496,189128,1,0,1
2461256,189129,1,0,1
7684856,189130,1,0,1
206808,189131,1,0,1
2078744,189132,1,0,1
717560,189133,1,1,0
5265616,189134,1,0,1
6504728,189135,1,0,1
6418768,189136,1,1,0
2072920,189137,1,0,1
1149168,189138,1,1,0
1760800,189139,1,1,0
7679184,189140,1,0,1
2460120,189141,1,1,0
518440,189142,1,0,1
113520,189143,1,0,1
5342816,189144,1,0,1
1632384,189145,1,1,0
544232,189146,1,1,0
5741312,189147,1,1,0
7720344,189148,1,1,0
4510912,189149,1,1,0
5415672,189150,1,1,0
3684448,189151,1,0,1
4215944,189152,1,1,0
3783752,189153,1,1,0
2572584,189154,1,0,1
3352560,189155,1,0,1
3432600,189156,1,1,0
436224,189157,1,1,0
2658592,189158,1,0,1
421992,189159,1,1,0
2691840,189160,1,0,1
659448,189161,1,0,1
1604600,189162,1,0,1
793400,189163,1,1,0
1676088,189164,1,0,1
4039896,189165,1,1,0
2563536,189166,1,1,0
324128,189167,1,0,1
2957080,189168,1,0,1
749616,189169,1,1,0
4840104,189170,1,1,0
3024328,189171,1,0,1
6484632,189172,1,0,1
2352272,189173,1,0,1
2478400,189174,1,1,0
2089648,189175,1,0,1
613680,189176,1,1,0
529544,189177,1,0,1
2275912,189178,1,1,0
5786840,189179,1,0,1
4692856,189180,1,0,1
8268568,189181,1,0,1
7421320,189182,1,1,0
2183272,189183,1,1,0
6767304,189184,1,1,0
2778072,189185,1,0,1
1537896,189186,1,0,1
774968,189187,1,1,0
757768,189188,1,0,1
253848,189189,1,1,0
833960,189190,1,0,1
107512,189191,1,1,0
2514592,189192,1,0,1
6877216,189193,1,1,0
4791816,189194,1,0,1
2330576,189195,1,0,1
181552,189196,1,0,1
600136,189197,1,0,1
3361760,189198,1,0,1
2512648,189199,1,0,1
4680008,189200,1,0,1
5830568,189201,1,0,1
1161640,189202,1,1,0
4555840,189203,1,1,0
219632,189204,1,1,0
392920,189205,1,1,0
592648,189206,1,0,1
5040552,189207,1,1,0
8296208,189208,1,1,0
6953096,189209,1,0,1
662616,189210,1,0,1
2934472,189211,1,1,0
171096,189212,1,0,1
1955208,189213,1,0,1
3537840,189214,1,0,1
890504,189215,1,1,0
1107808,189216,1,1,0
431848,189217,1,1,0
1492896,189218,1,1,0
1345336,189219,1,1,0
2075352,189220,1,1,0
1522168,189221,1,1,0
6521800,189222,1,0,1
346008,189223,1,0,1
938072,189224,1,1,0
4631136,189225,1,0,1
1185520,189226,1,1,0
462560,189227,1,1,0
1678904,189228,1,0,1
7802816,189229,1,1,0
3381464,189230,1,0,1
3113528,189231,1,0,1
1838160,189232,1,1,0
975976,189233,1,0,1
850872,189234,1,0,1
659104,189235,1,1,0
2640696,189236,1,1,0
7877720,189237,1,0,1
669136,189238,1,1,0
1014512,189239,1,1,0
185680,189240,1,1,0
210328,189241,1,1,0
1737912,189242,1,1,0
3656264,189243,1,1,0
1223928,189244,1,1,0
7995936,189245,1,0,1
2771144,189246,1,1,0
5388184,189247,1,1,0
1042432,189248,1,1,0
929440,189249,1,1,0
1362128,189250,1,0,1
271472,189251,1,1,0
644448,189252,1,1,0
1459920,189253,1,0,1
3773336,189254,1,0,1
1161128,189255,1,1,0
3878432,189256,1,0,1
2545496,189257,1,1,0
1710984,189258,1,0,1
561832,189259,1,1,0
6432816,189260,1,0,1
2759200,189261,1,1,0
1605976,189262,1,0,1
1234792,189263,1,0,1
935784,189264,1,1,0
8082184,189265,1,1,0
1177384,189266,1,1,0
1307832,189267,1,0,1
4537864,189268,1,1,0
7613856,189269,1,0,1
5279320,189270,1,1,0
2721584,189271,1,1,0
385504,189272,1,0,1
292288,189273,1,0,1
4799368,189274,1,0,1
4783600,189275,1,1,0
1408216,189276,1,0,1
1044952,189277,1,1,0
3907696,189278,1,0,1
958984,189279,1,1,0
2335120,189280,1,0,1
3335576,189281,1,0,1
2754440,189282,1,1,0
877688,189283,1,1,0
606168,189284,1,0,1
972232,189285,1,1,0
4888672,189286,1,1,0
7159008,189287,1,0,1
1440976,189288,1,1,0
1579904,189289,1,0,1
1669696,189290,1,1,0
1823352,189291,1,1,0
1179072,189292,1,0,1
1381888,189293,1,1,0
1330888,189294,1,1,0
4491576,189295,1,0,1
433240,189296,1,1,0
4958760,189297,1,1,0
3576080,189298,1,1,0
739648,189299,1,0,1
3354088,189300,1,1,0
609184,189301,1,1,0
1581688,189302,1,0,1
4530688,189303,1,1,0
886136,189304,1,0,1
5259480,189305,1,1,0
6684880,189306,1,0,1
1053592,189307,1,0,1
1549624,189308,1,1,0
241992,189309,1,1,0
526520,189310,1,0,1
2004568,189311,1,0,1
2597768,189312,1,0,1
149408,189313,1,0,1
1592248,189314,1,0,1
2129856,189315,1,0,1
2600200,189316,1,1,0
3066632,189317,1,0,1
1786512,189318,1,1,0
3767912,189319,1,1,0
1112232,189320,1,1,0
3468344,189321,1,1,0
953576,189322,1,0,1
5701272,189323,1,1,0
8085928,189324,1,0,1
2582872,189325,1,0,1
382720,189326,1,1,0
657360,189327,1,1,0
7807696,189328,1,0,1
8336584,189329,1,1,0
5602520,189330,1,0,1
1065672,189331,1,0,1
6423864,189332,1,0,1
1025912,189333,1,1,0
2773432,189334,1,0,1
647744,189335,1,0,1
3672784,189336,1,0,1
436328,189337,1,0,1
8137648,189338,1,0,1
583640,189339,1,0,1
5237096,189340,1,0,1
3787792,189341,1,1,0
4280536,189342,1,0,1
4531640,189343,1,0,1
2628776,189344,1,0,1
1558288,189345,1,0,1
4794008,189346,1,0,1
4582640,189347,1,0,1
2984640,189348,1,1,0
386000,189349,1,0,1
850320,189350,1,1,0
5348032,189351,1,1,0
5418816,189352,1,1,0
305968,189353,1,1,0
3411648,189354,1,1,0
6472680,189355,1,1,0
2305608,189356,1,0,1
834232,189357,1,1,0
4713976,189358,1,0,1
1527928,189359,1,0,1
6473664,189360,1,1,0
1595608,189361,1,0,1
1214744,189362,1,1,0
978952,189363,1,0,1
4602536,189364,1,0,1
2041504,189365,1,0,1
2096792,189366,1,1,0
5507008,189367,1,1,0
3321160,189368,1,1,0
3370840,189369,1,1,0
4755840,189370,1,1,0
3133392,189371,1,0,1
97192,189372,1,1,0
2947376,189373,1,1,0
1278184,189374,1,1,0
5331056,189375,1,0,1
435712,189376,1,0,1
664784,189377,1,0,1
4350096,189378,1,0,1
6144008,189379,1,0,1
488944,189380,1,1,0
3907752,189381,1,0,1
289152,189382,1,0,1
3742440,189383,1,0,1
1076656,189384,1,0,1
1900896,189385,1,0,1
583696,189386,1,0,1
4788128,189387,1,1,0
1426056,189388,1,1,0
895568,189389,1,0,1
4704960,189390,1,1,0
705672,189391,1,0,1
6551496,189392,1,0,1
7083520,189393,1,0,1
3443632,189394,1,0,1
3926552,189395,1,1,0
3492792,189396,1,0,1
5091248,189397,1,0,1
1983040,189398,1,1,0
291048,189399,1,0,1
4663776,189400,1,0,1
2170776,189401,1,0,1
4153072,189402,1,0,1
324744,189403,1,1,0
3040424,189404,1,1,0
5731480,189405,1,1,0
4239776,189406,1,0,1
2394560,189407,1,0,1
5998736,189408,1,1,0
5494888,189409,1,1,0
341408,189410,1,1,0
1971304,189411,1,1,0
281272,189412,1,1,0
366416,189413,1,1,0
1227352,189414,1,0,1
2713272,189415,1,1,0
5574088,189416,1,1,0
1014768,189417,1,0,1
1017840,189418,1,1,0
1376056,189419,1,0,1
1695376,189420,1,0,1
2544832,189421,1,0,1
167832,189422,1,0,1
7328328,189423,1,1,0
5173008,189424,1,0,1
7527688,189425,1,0,1
318360,189426,1,0,1
1935432,189427,1,1,0
7941848,189428,1,0,1
7714480,189429,1,0,1
1274216,189430,1,1,0
864704,189431,1,1,0
3125944,189432,1,1,0
1579528,189433,1,1,0
800304,189434,1,0,1
686456,189435,1,1,0
2842056,189436,1,0,1
1872640,189437,1,0,1
7458640,189438,1,0,1
2255600,189439,1,0,1
6513088,189440,1,0,1
159992,189441,1,1,0
1565200,189442,1,0,1
2213576,189443,1,0,1
6112760,189444,1,0,1
2653688,189445,1,1,0
8127872,189446,1,0,1
1386960,189447,1,1,0
2175648,189448,1,0,1
439752,189449,1,1,0
1845224,189450,1,1,0
365152,189451,1,1,0
100128,189452,1,1,0
1801440,189453,1,0,1
3925880,189454,1,1,0
2269848,189455,1,1,0
4875480,189456,1,0,1
1816184,189457,1,0,1
1148176,189458,1,0,1
1181704,189459,1,1,0
1097952,189460,1,0,1
760096,189461,1,0,1
1985520,189462,1,1,0
7166384,189463,1,0,1
266296,189464,1,1,0
974248,189465,1,0,1
755800,189466,1,1,0
2997760,189467,1,0,1
1038072,189468,1,1,0
1751000,189469,1,1,0
7061744,189470,1,0,1
923552,189471,1,0,1
956544,189472,1,1,0
3150648,189473,1,1,0
2661504,189474,1,1,0
593000,189475,1,0,1
1103944,189476,1,0,1
1314368,189477,1,1,0
3599080,189478,1,0,1
816496,189479,1,0,1
2024440,189480,1,1,0
5442200,189481,1,0,1
7225304,189482,1,0,1
482272,189483,1,0,1
2543288,189484,1,0,1
838120,189485,1,0,1
320416,189486,1,1,0
4031688,189487,1,0,1
2620568,189488,1,0,1
4708600,189489,1,0,1
3434648,189490,1,1,0
2017216,189491,1,0,1
6805976,189492,1,1,0
1341088,189493,1,1,0
5677848,189494,1,0,1
3550664,189495,1,1,0
2988888,189496,1,0,1
3967344,189497,1,1,0
2751512,189498,1,1,0
6869256,189499,1,1,0
4621800,189500,1,1,0
1006992,189501,1,0,1
6551688,189502,1,0,1
4390768,189503,1,1,0
4763784,189504,1,0,1
4001040,189505,1,1,0
5766352,189506,1,1,0
3086960,189507,1,1,0
1955080,189508,1,1,0
341632,189509,1,0,1
439184,189510,1,0,1
1356072,189511,1,1,0
5078808,189512,1,0,1
7695664,189513,1,1,0
7225920,189514,1,0,1
5070136,189515,1,0,1
477120,189516,1,0,1
344080,189517,1,0,1
223680,189518,1,0,1
4881664,189519,1,1,0
1078280,189520,1,0,1
2668400,189521,1,0,1
1250104,189522,1,0,1
258160,189523,1,0,1
479032,189524,1,0,1
3399816,189525,1,0,1
3812248,189526,1,1,0
4818280,189527,1,0,1
2229584,189528,1,1,0
374984,189529,1,0,1
2442088,189530,1,1,0
7703288,189531,1,1,0
1789280,189532,1,0,1
471544,189533,1,0,1
3002984,189534,1,1,0
988592,189535,1,1,0
1083952,189536,1,1,0
5663704,189537,1,1,0
528600,189538,1,1,0
6030880,189539,1,1,0
4320624,189540,1,0,1
2993648,189541,1,1,0
3483232,189542,1,0,1
985184,189543,1,1,0
4563088,189544,1,0,1
327664,189545,1,1,0
361080,189546,1,1,0
281360,189547,1,1,0
917328,189548,1,0,1
2141872,189549,1,1,0
2849848,189550,1,1,0
1467080,189551,1,0,1
1075552,189552,1,0,1
1709160,189553,1,0,1
463856,189554,1,0,1
3632080,189555,1,1,0
314496,189556,1,1,0
1867928,189557,1,1,0
1548120,189558,1,1,0
2354864,189559,1,1,0
385688,189560,1,0,1
7250560,189561,1,1,0
7659776,189562,1,0,1
4781896,189563,1,0,1
998904,189564,1,0,1
4495720,189565,1,0,1
7144072,189566,1,1,0
1944168,189567,1,1,0
504000,189568,1,1,0
2277320,189569,1,0,1
1456552,189570,1,0,1
6012464,189571,1,1,0
704080,189572,1,0,1
8271120,189573,1,1,0
5678080,189574,1,0,1
5028928,189575,1,0,1
6394432,189576,1,0,1
440648,189577,1,1,0
6242864,189578,1,1,0
4235176,189579,1,1,0
503936,189580,1,0,1
334552,189581,1,1,0
2853680,189582,1,1,0
4623480,189583,1,1,0
4285792,189584,1,1,0
1596584,189585,1,1,0
7098560,189586,1,0,1
8095120,189587,1,1,0
193024,189588,1,0,1
6063656,189589,1,1,0
1055968,189590,1,1,0
643544,189591,1,1,0
129288,189592,1,1,0
5320616,189593,1,0,1
394528,189594,1,1,0
2296104,189595,1,0,1
4808472,189596,1,1,0
501056,189597,1,1,0
8090168,189598,1,1,0
1592088,189599,1,0,1
3991976,189600,1,1,0
7676048,189601,1,0,1
291456,189602,1,0,1
1536152,189603,1,1,0
7856848,189604,1,0,1
1408760,189605,1,1,0
3901224,189606,1,0,1
1909936,189607,1,1,0
580976,189608,1,1,0
2999840,189609,1,1,0
4084160,189610,1,1,0
806080,189611,1,1,0
653296,189612,1,0,1
443920,189613,1,1,0
5060376,189614,1,1,0
2310424,189615,1,0,1
2321392,189616,1,1,0
5810272,189617,1,1,0
4684536,189618,1,0,1
1528856,189619,1,1,0
2745008,189620,1,0,1
1155328,189621,1,0,1
1609688,189622,1,1,0
4819480,189623,1,0,1
2429960,189624,1,0,1
1080560,189625,1,0,1
428512,189626,1,1,0
4861496,189627,1,0,1
2888696,189628,1,0,1
262536,189629,1,0,1
177224,189630,1,0,1
1362608,189631,1,1,0
7800104,189632,1,1,0
4850960,189633,1,0,1
3790376,189634,1,0,1
2569264,189635,1,1,0
1036752,189636,1,1,0
1922088,189637,1,1,0
2816504,189638,1,1,0
4888936,189639,1,1,0
5176912,189640,1,1,0
970528,189641,1,1,0
1356432,189642,1,0,1
5202376,189643,1,0,1
577032,189644,1,0,1
4974288,189645,1,0,1
3633512,189646,1,0,1
2686416,189647,1,0,1
4124776,189648,1,0,1
6215808,189649,1,1,0
6525040,189650,1,1,0
297248,189651,1,1,0
286016,189652,1,0,1
5423656,189653,1,0,1
2958256,189654,1,1,0
3247768,189655,1,0,1
7248984,189656,1,1,0
379584,189657,1,0,1
8253824,189658,1,0,1
4221776,189659,1,1,0
4010864,189660,1,1,0
583392,189661,1,1,0
4663752,189662,1,1,0
600688,189663,1,1,0
7209264,189664,1,0,1
6719288,189665,1,0,1
1629272,189666,1,0,1
1957520,189667,1,1,0
2513224,189668,1,1,0
767768,189669,1,0,1
4561432,189670,1,0,1
7354328,189671,1,0,1
127176,189672,1,1,0
715376,189673,1,1,0
2565552,189674,1,0,1
7196600,189675,1,0,1
4342536,189676,1,0,1
7940224,189677,1,1,0
1231824,189678,1,0,1
3101008,189679,1,1,0
2315616,189680,1,1,0
6909192,189681,1,0,1
1000096,189682,1,1,0
4879296,189683,1,1,0
3840832,189684,1,1,0
267272,189685,1,1,0
4333680,189686,1,1,0
1137968,189687,1,0,1
314656,189688,1,1,0
1528296,189689,1,0,1
861392,189690,1,0,1
4052840,189691,1,1,0
823168,189692,1,0,1
7317536,189693,1,1,0
2259776,189694,1,0,1
4269216,189695,1,0,1
411928,189696,1,1,0
8269320,189697,1,1,0
5500936,189698,1,1,0
2497696,189699,1,0,1
1463136,189700,1,1,0
1853368,189701,1,1,0
941152,189702,1,1,0
1204896,189703,1,1,0
813584,189704,1,0,1
4438064,189705,1,1,0
1474088,189706,1,1,0
4469312,189707,1,0,1
5301552,189708,1,1,0
794112,189709,1,1,0
399544,189710,1,0,1
3839552,189711,1,0,1
3610656,189712,1,1,0
4544584,189713,1,0,1
3373504,189714,1,0,1
238752,189715,1,0,1
1011448,189716,1,0,1
1171744,189717,1,0,1
4004440,189718,1,0,1
3290688,189719,1,0,1
4194768,189720,1,0,1
463272,189721,1,0,1
2776184,189722,1,0,1
7528896,189723,1,1,0
1164128,189724,1,0,1
8295160,189725,1,0,1
7720720,189726,1,0,1
4272792,189727,1,0,1
286680,189728,1,0,1
5208472,189729,1,0,1
2076168,189730,1,0,1
1356008,189731,1,0,1
630128,189732,1,1,0
5390264,189733,1,0,1
2026264,189734,1,1,0
1643120,189735,1,1,0
1471968,189736,1,1,0
409832,189737,1,0,1
1504848,189738,1,0,1
3620080,189739,1,0,1
6480496,189740,1,1,0
444752,189741,1,1,0
7045912,189742,1,1,0
2222344,189743,1,1,0
386400,189744,1,0,1
880704,189745,1,0,1
3107896,189746,1,0,1
4373920,189747,1,1,0
3951168,189748,1,1,0
532192,189749,1,1,0
813544,189750,1,0,1
4876328,189751,1,1,0
4657744,189752,1,0,1
1104368,189753,1,1,0
1296064,189754,1,1,0
2342512,189755,1,1,0
4224472,189756,1,0,1
482560,189757,1,0,1
3913392,189758,1,0,1
7289144,189759,1,1,0
691808,189760,1,0,1
4158352,189761,1,1,0
4007712,189762,1,1,0
4856304,189763,1,0,1
7209104,189764,1,0,1
2003872,189765,1,0,1
7782744,189766,1,0,1
2441176,189767,1,1,0
6987816,189768,1,1,0
1090824,189769,1,0,1
2247880,189770,1,0,1
826160,189771,1,1,0
4819760,189772,1,1,0
3790320,189773,1,0,1
146608,189774,1,1,0
2944704,189775,1,1,0
7547544,189776,1,0,1
2611760,189777,1,1,0
2493584,189778,1,1,0
2382640,189779,1,1,0
1343824,189780,1,1,0
2530920,189781,1,0,1
3853936,189782,1,0,1
7532640,189783,1,0,1
1399696,189784,1,1,0
5857544,189785,1,1,0
331592,189786,1,0,1
3581208,189787,1,0,1
5314248,189788,1,1,0
1440272,189789,1,0,1
1394432,189790,1,0,1
314256,189791,1,0,1
943008,189792,1,0,1
2748720,189793,1,1,0
3573608,189794,1,0,1
618800,189795,1,0,1
2895040,189796,1,0,1
4107432,189797,1,1,0
2206288,189798,1,0,1
6432424,189799,1,1,0
3296624,189800,1,1,0
301432,189801,1,0,1
3155240,189802,1,1,0
2189664,189803,1,0,1
2279336,189804,1,0,1
1448808,189805,1,0,1
8182712,189806,1,0,1
6784784,189807,1,0,1
4154896,189808,1,1,0
1678336,189809,1,1,0
1344984,189810,1,0,1
3507912,189811,1,0,1
4640560,189812,1,0,1
543032,189813,1,0,1
6724736,189814,1,0,1
3689944,189815,1,0,1
857952,189816,1,1,0
1405808,189817,1,0,1
494528,189818,1,0,1
5119120,189819,1,1,0
4409464,189820,1,0,1
209512,189821,1,1,0
6789696,189822,1,0,1
5145864,189823,1,0,1
1333600,189824,1,0,1
6804264,189825,1,1,0
1079808,189826,1,0,1
466408,189827,1,1,0
8198864,189828,1,0,1
2121264,189829,1,1,0
804352,189830,1,0,1
1808064,189831,1,1,0
6221912,189832,1,1,0
1048184,189833,1,0,1
458536,189834,1,1,0
3496064,189835,1,0,1
7334016,189836,1,0,1
1392792,189837,1,1,0
1356280,189838,1,0,1
1560840,189839,1,1,0
1728888,189840,1,0,1
855056,189841,1,1,0
110832,189842,1,0,1
4974896,189843,1,0,1
676976,189844,1,1,0
615624,189845,1,1,0
1880648,189846,1,1,0
1341320,189847,1,1,0
1878216,189848,1,0,1
1703720,189849,1,1,0
3282312,189850,1,0,1
1240032,189851,1,1,0
303608,189852,1,0,1
3800256,189853,1,0,1
1413000,189854,1,0,1
8248584,189855,1,1,0
1952992,189856,1,0,1
349592,189857,1,0,1
1121424,189858,1,0,1
309640,189859,1,1,0
370640,189860,1,0,1
1430416,189861,1,0,1
7210952,189862,1,1,0
5496624,189863,1,1,0
6554520,189864,1,1,0
1918288,189865,1,0,1
7696312,189866,1,1,0
4175432,189867,1,0,1
7543672,189868,1,1,0
3682976,189869,1,0,1
2787624,189870,1,0,1
2502192,189871,1,0,1
7051040,189872,1,0,1
8191896,189873,1,1,0
2523240,189874,1,0,1
4750752,189875,1,1,0
1336832,189876,1,1,0
1724640,189877,1,0,1
2887624,189878,1,0,1
97632,189879,1,0,1
7624184,189880,1,0,1
973344,189881,1,1,0
2478920,189882,1,0,1
1239328,189883,1,0,1
737088,189884,1,1,0
5667192,189885,1,0,1
5755000,189886,1,0,1
243776,189887,1,1,0
3071928,189888,1,0,1
174472,189889,1,1,0
1079184,189890,1,1,0
2014992,189891,1,1,0
3244760,189892,1,1,0
4861632,189893,1,1,0
5236000,189894,1,0,1
1292880,189895,1,0,1
6385896,189896,1,0,1
5630216,189897,1,0,1
1045704,189898,1,1,0
1867120,189899,1,1,0
799960,189900,1,0,1
214728,189901,1,0,1
928528,189902,1,0,1
4290416,189903,1,0,1
1232904,189904,1,1,0
6160224,189905,1,1,0
7485200,189906,1,1,0
6650912,189907,1,1,0
1741032,189908,1,0,1
1826248,189909,1,1,0
8363672,189910,1,1,0
902968,189911,1,0,1
709432,189912,1,0,1
1111296,189913,1,0,1
2890696,189914,1,0,1
1045544,189915,1,0,1
327240,189916,1,1,0
250152,189917,1,1,0
299160,189918,1,1,0
4637264,189919,1,1,0
1612056,189920,1,0,1
585808,189921,1,0,1
1307552,189922,1,1,0
784056,189923,1,1,0
1442000,189924,1,0,1
4136384,189925,1,0,1
921848,189926,1,1,0
4349464,189927,1,0,1
3584744,189928,1,1,0
2222992,189929,1,0,1
4704624,189930,1,1,0
696840,189931,1,0,1
5612608,189932,1,1,0
3629672,189933,1,1,0
3355528,189934,1,1,0
4147952,189935,1,0,1
847536,189936,1,1,0
2027760,189937,1,1,0
836680,189938,1,1,0
426888,189939,1,1,0
1256528,189940,1,1,0
922936,189941,1,1,0
3714672,189942,1,1,0
1192928,189943,1,1,0
2022448,189944,1,1,0
2739480,189945,1,0,1
4737656,189946,1,1,0
2804720,189947,1,0,1
4725832,189948,1,0,1
7080304,189949,1,1,0
2211784,189950,1,1,0
282488,189951,1,1,0
2247776,189952,1,1,0
2654904,189953,1,0,1
5721320,189954,1,0,1
4402208,189955,1,1,0
702072,189956,1,1,0
6888392,189957,1,0,1
461136,189958,1,1,0
7302160,189959,1,1,0
1303592,189960,1,0,1
589520,189961,1,0,1
1519496,189962,1,1,0
5772224,189963,1,1,0
3909280,189964,1,1,0
3786864,189965,1,0,1
1286800,189966,1,1,0
1477544,189967,1,0,1
3938216,189968,1,0,1
6132872,189969,1,0,1
7724904,189970,1,1,0
391496,189971,1,0,1
2479720,189972,1,0,1
5266824,189973,1,1,0
4694768,189974,1,1,0
1328320,189975,1,0,1
3721648,189976,1,0,1
414432,189977,1,0,1
377544,189978,1,1,0
4574104,189979,1,0,1
2502576,189980,1,1,0
6981184,189981,1,0,1
3863504,189982,1,0,1
3520904,189983,1,0,1
3119888,189984,1,0,1
5061984,189985,1,1,0
1735408,189986,1,0,1
4804312,189987,1,0,1
3282192,189988,1,1,0
1288800,189989,1,1,0
1122136,189990,1,0,1
7228416,189991,1,1,0
1644632,189992,1,0,1
1787480,189993,1,1,0
2633088,189994,1,1,0
3626080,189995,1,0,1
5632768,189996,1,0,1
5778264,189997,1,0,1
5648376,189998,1,0,1
2299952,189999,1,0,1
1300064,190000,1,0,1
257696,190001,1,0,1
7106880,190002,1,0,1
1960280,190003,1,1,0
654752,190004,1,0,1
186520,190005,1,0,1
2457560,190006,1,1,0
615856,190007,1,0,1
2405880,190008,1,0,1
4903696,190009,1,1,0
1759880,190010,1,0,1
326192,190011,1,1,0
4185840,190012,1,0,1
414992,190013,1,1,0
7096416,190014,1,0,1
2856016,190015,1,0,1
1396912,190016,1,1,0
4202104,190017,1,1,0
7518336,190018,1,0,1
222936,190019,1,0,1
841864,190020,1,1,0
1800184,190021,1,0,1
6395808,190022,1,1,0
432712,190023,1,0,1
4220432,190024,1,1,0
1705760,190025,1,0,1
2690496,190026,1,0,1
959584,190027,1,1,0
1562000,190028,1,1,0
688016,190029,1,0,1
1530744,190030,1,0,1
900136,190031,1,1,0
1395696,190032,1,1,0
395424,190033,1,1,0
2245672,190034,1,1,0
2135336,190035,1,0,1
2168824,190036,1,1,0
5018040,190037,1,0,1
4876240,190038,1,1,0
2151392,190039,1,1,0
1162424,190040,1,0,1
3975768,190041,1,1,0
4655280,190042,1,1,0
4316496,190043,1,1,0
7922368,190044,1,0,1
1402376,190045,1,1,0
3011464,190046,1,0,1
1633808,190047,1,0,1
1935536,190048,1,0,1
5041680,190049,1,0,1
388816,190050,1,0,1
1317760,190051,1,0,1
3968496,190052,1,1,0
4842656,190053,1,0,1
1015648,190054,1,0,1
2304024,190055,1,0,1
2948048,190056,1,0,1
695144,190057,1,0,1
2234720,190058,1,1,0
5937016,190059,1,1,0
274064,190060,1,1,0
135792,190061,1,0,1
3614536,190062,1,1,0
5035056,190063,1,0,1
1367248,190064,1,1,0
770960,190065,1,1,0
2189960,190066,1,0,1
2393792,190067,1,1,0
462264,190068,1,0,1
584800,190069,1,0,1
1619680,190070,1,0,1
504088,190071,1,1,0
577408,190072,1,1,0
1906200,190073,1,1,0
7651904,190074,1,1,0
2665800,190075,1,1,0
8191848,190076,1,0,1
2731456,190077,1,1,0
2556600,190078,1,1,0
4263712,190079,1,1,0
6332584,190080,1,0,1
730560,190081,1,1,0
8203728,190082,1,0,1
6935984,190083,1,1,0
5830032,190084,1,0,1
8259864,190085,1,0,1
1997536,190086,1,1,0
5079944,190087,1,0,1
4901560,190088,1,1,0
5198168,190089,1,0,1
370896,190090,1,0,1
3861008,190091,1,0,1
3275312,190092,1,0,1
1364240,190093,1,0,1
7089368,190094,1,0,1
7922888,190095,1,1,0
965448,190096,1,1,0
2694400,190097,1,0,1
7496656,190098,1,1,0
4163880,190099,1,0,1
904032,190100,1,0,1
1959592,190101,1,0,1
1688424,190102,1,0,1
429216,190103,1,1,0
314864,190104,1,1,0
3772840,190105,1,1,0
2047424,190106,1,1,0
110064,190107,1,0,1
4929064,190108,1,0,1
390608,190109,1,0,1
5028840,190110,1,0,1
1566784,190111,1,0,1
1213672,190112,1,1,0
2628176,190113,1,0,1
6049624,190114,1,1,0
188808,190115,1,0,1
1175944,190116,1,1,0
5084704,190117,1,0,1
261672,190118,1,1,0
280168,190119,1,0,1
1833720,190120,1,1,0
1065488,190121,1,1,0
683440,190122,1,1,0
987624,190123,1,1,0
8228456,190124,1,0,1
726944,190125,1,1,0
618248,190126,1,0,1
3926752,190127,1,1,0
1471456,190128,1,0,1
3850248,190129,1,0,1
1436184,190130,1,0,1
344792,190131,1,0,1
485456,190132,1,1,0
6145888,190133,1,1,0
2605888,190134,1,0,1
398168,190135,1,1,0
3340840,190136,1,0,1
2927320,190137,1,1,0
2624232,190138,1,0,1
403288,190139,1,0,1
257576,190140,1,0,1
8180504,190141,1,1,0
5912248,190142,1,1,0
6123032,190143,1,1,0
3144408,190144,1,1,0
595704,190145,1,0,1
3255016,190146,1,1,0
1347952,190147,1,0,1
1415696,190148,1,0,1
134600,190149,1,0,1
3482632,190150,1,1,0
3209976,190151,1,1,0
4695760,190152,1,0,1
839768,190153,1,0,1
5727840,190154,1,1,0
396000,190155,1,0,1
1877560,190156,1,1,0
3862816,190157,1,0,1
3165848,190158,1,1,0
6993464,190159,1,0,1
4595784,190160,1,0,1
470992,190161,1,0,1
349640,190162,1,1,0
2184848,190163,1,1,0
3833840,190164,1,1,0
1352992,190165,1,1,0
578520,190166,1,0,1
2875688,190167,1,1,0
1357176,190168,1,1,0
5886336,190169,1,1,0
4537480,190170,1,1,0
607104,190171,1,0,1
2762504,190172,1,0,1
838360,190173,1,0,1
275032,190174,1,1,0
5763488,190175,1,1,0
1578752,190176,1,0,1
2418488,190177,1,1,0
390952,190178,1,0,1
2801056,190179,1,1,0
439400,190180,1,0,1
632288,190181,1,1,0
6506408,190182,1,1,0
1834448,190183,1,0,1
682624,190184,1,1,0
1891880,190185,1,0,1
2185488,190186,1,0,1
6851312,190187,1,0,1
1275160,190188,1,1,0
8230120,190189,1,0,1
1148352,190190,1,0,1
5809736,190191,1,0,1
7610240,190192,1,1,0
584352,190193,1,1,0
2263016,190194,1,1,0
3778888,190195,1,1,0
2744560,190196,1,0,1
715584,190197,1,0,1
